93,seq106,r_14_43_186,r_139_76_42,r_139_76_42,1.0,144,186,42,0
40,r_108_133_73,r_101_107_21,seq7,r_101_107_21,0.79,-1,20,21,0
92,seq104,r_54_129_140,seq28,r_54_129_140,0.54,3,143,140,0
8,r_93_42_100,seq113,seq148,r_93_42_100,0.99,5,105,100,0
48,r_95_46_30,r_90_18_193,seq15,r_95_46_30,1.0,0,30,30,0
3,r_84_60_136,r_112_145_29,r_121_74_26,r_84_60_136,0.55,-110,26,136,0
40,r_108_133_73,seq7,r_92_82_47,r_108_133_73,0.79,2,75,73,0
3,r_84_60_136,r_121_74_26,seq134,r_84_60_136,0.72,0,136,136,0
39,r_65_110_77,seq120,r_10_35_31,r_65_110_77,1.0,0,77,77,0
42,r_75_31_104,seq132,seq8,r_75_31_104,0.99,-8,96,104,0
80,seq64,r_6_109_188,r_122_27_147,r_122_27_147,0.88,43,190,147,0
7,r_92_82_47,r_12_4_176,r_108_133_73,r_92_82_47,0.87,129,176,47,0
45,r_13_86_66,r_75_31_104,r_118_83_51,r_75_31_104,0.74,-37,67,104,0
19,r_138_48_163,seq77,seq124,r_138_48_163,0.56,0,163,163,0
27,r_137_130_175,r_112_145_29,r_0_136_28,r_137_130_175,0.57,1,176,175,0
76,seq58,seq73,r_149_98_101,r_149_98_101,1.0,32,133,101,0
31,r_9_34_173,seq8,seq28,r_9_34_173,0.59,0,173,173,0
41,r_105_37_46,r_111_45_197,seq106,r_105_37_46,0.69,57,103,46,0
30,r_112_145_29,r_84_60_136,r_137_130_175,r_112_145_29,0.91,1,30,29,0
10,r_20_78_92,seq141,r_53_89_62,r_53_89_62,0.97,32,94,62,0
36,r_121_74_26,seq58,r_84_60_136,r_121_74_26,1.0,0,26,26,0
26,r_139_76_42,seq94,r_105_37_46,r_139_76_42,1.0,0,42,42,0
71,seq49,r_30_131_194,r_88_1_35,r_88_1_35,0.64,-1,34,35,0
1,r_146_96_54,seq52,r_121_74_26,r_146_96_54,1.0,-2,52,54,0
4,r_99_126_125,seq50,seq62,r_99_126_125,0.65,1,126,125,0
11,r_11_33_180,seq59,r_20_78_92,r_20_78_92,0.58,83,175,92,0
20,r_87_125_150,seq135,r_0_136_28,r_87_125_150,0.88,1,151,150,0
15,r_54_129_140,seq104,r_20_78_92,r_54_129_140,0.89,1,141,140,0
49,r_118_83_51,r_111_45_197,r_13_86_66,r_13_86_66,0.45,99,165,66,0
17,r_111_45_197,r_105_37_46,r_118_83_51,r_118_83_51,1.0,1,52,51,0
13,r_12_4_176,r_92_82_47,seq50,r_12_4_176,0.46,0,176,176,0
6,r_6_109_188,seq64,r_84_60_136,r_84_60_136,0.79,54,190,136,0
96,seq117,r_17_2_58,r_84_60_136,r_17_2_58,0.94,-8,50,58,0
36,r_121_74_26,r_84_60_136,r_146_96_54,r_121_74_26,0.99,110,136,26,0
12,r_0_136_28,r_146_96_54,seq7,r_0_136_28,1.0,0,28,28,0
30,r_112_145_29,r_137_130_175,r_95_46_30,r_112_145_29,0.54,147,176,29,0
95,seq116,r_127_68_165,r_71_55_32,r_71_55_32,0.82,0,32,32,0
25,r_88_1_35,seq148,seq49,r_88_1_35,0.82,-1,34,35,0
2,r_122_27_147,seq103,seq24,r_122_27_147,0.85,0,147,147,0
47,r_61_91_139,seq124,seq40,r_61_91_139,0.89,0,139,139,0
29,r_53_89_62,r_127_68_165,seq69,r_53_89_62,1.0,0,62,62,0
50,seq132,r_75_31_104,r_71_55_32,r_75_31_104,0.7,-10,94,104,0
70,seq135,r_80_143_171,r_10_35_31,r_10_35_31,0.98,139,170,31,0
34,r_149_98_101,seq120,seq58,r_149_98_101,1.0,0,101,101,0
64,seq28,seq62,r_9_34_173,r_9_34_173,0.6,0,173,173,0
27,r_137_130_175,seq23,r_112_145_29,r_112_145_29,0.98,7,36,29,0
14,r_17_2_58,seq117,seq134,r_17_2_58,1.0,0,58,58,0
0,r_101_107_21,r_108_133_73,seq123,r_101_107_21,0.99,0,21,21,0
46,r_71_55_32,seq40,seq116,r_71_55_32,0.96,-8,24,32,0
9,r_90_18_193,seq148,r_71_55_32,r_71_55_32,0.74,91,123,32,0
22,r_67_36_113,r_114_25_116,r_85_115_70,r_67_36_113,1.0,0,113,113,0
28,r_85_115_70,seq24,r_142_21_8,r_85_115_70,1.0,0,70,70,0
49,r_118_83_51,seq134,r_111_45_197,r_118_83_51,1.0,1,52,51,0
13,r_12_4_176,r_17_2_58,r_92_82_47,r_12_4_176,0.97,-129,47,176,0
77,seq59,r_71_55_32,seq40,r_71_55_32,0.79,11,43,32,0
44,r_41_119_81,seq28,r_90_18_193,r_41_119_81,0.95,1,82,81,0
23,r_14_43_186,seq106,r_142_21_8,r_14_43_186,0.51,0,186,186,0
82,seq69,seq117,r_53_89_62,r_53_89_62,1.0,21,83,62,0
35,r_10_35_31,r_127_68_165,seq135,r_10_35_31,1.0,0,31,31,0
7,r_92_82_47,r_114_25_116,r_12_4_176,r_92_82_47,1.0,-1,46,47,0
93,seq102,r_118_6_114,r_80_56_158,r_118_6_114,0.57,0,114,114,1
30,r_9_65_74,r_114_21_194,r_143_31_180,r_9_65_74,1.0,0,74,74,1
38,r_124_122_148,r_69_115_13,r_83_79_132,r_124_122_148,0.94,1,149,148,1
36,r_118_6_114,seq102,r_104_92_187,r_118_6_114,0.67,0,114,114,1
9,r_94_129_24,r_107_75_124,r_118_6_114,r_94_129_24,0.97,100,124,24,1
48,r_23_34_31,seq126,r_114_21_194,r_23_34_31,1.0,0,31,31,1
92,seq101,r_113_47_190,r_68_85_68,r_68_85_68,1.0,0,68,68,1
20,r_121_86_41,r_51_43_99,r_29_93_17,r_121_86_41,0.95,0,41,41,1
14,r_116_5_87,r_112_19_168,seq17,r_116_5_87,1.0,0,87,87,1
8,r_8_87_149,seq3,r_89_62_33,r_89_62_33,1.0,131,164,33,1
42,r_89_62_33,r_12_119_90,r_8_87_149,r_89_62_33,0.58,118,151,33,1
21,r_106_120_161,seq125,r_30_99_134,r_106_120_161,0.76,0,161,161,1
24,r_51_43_99,r_121_86_41,seq63,r_121_86_41,1.0,-11,30,41,1
5,r_68_85_68,seq46,seq101,r_68_85_68,1.0,0,68,68,1
16,r_107_75_124,r_104_92_187,r_94_129_24,r_94_129_24,1.0,0,24,24,1
24,r_51_43_99,seq63,seq39,r_51_43_99,1.0,0,99,99,1
19,r_20_72_162,r_104_92_187,r_14_137_26,r_104_92_187,0.77,-25,162,187,1
98,seq126,r_23_34_31,r_25_32_72,r_23_34_31,0.8,-1,30,31,1
34,r_50_7_27,r_53_18_139,r_83_79_132,r_50_7_27,0.98,0,27,27,1
46,r_24_13_20,r_104_92_187,seq111,r_24_13_20,0.99,0,20,20,1
39,r_103_38_126,r_89_62_33,r_69_115_13,r_103_38_126,0.89,0,126,126,1
3,r_37_74_91,seq3,seq36,r_37_74_91,1.0,1,92,91,1
10,r_12_119_90,seq144,seq63,r_12_119_90,0.97,0,90,90,1
9,r_94_129_24,seq1,r_107_75_124,r_94_129_24,1.0,0,24,24,1
16,r_107_75_124,r_94_129_24,seq136,r_107_75_124,1.0,0,124,124,1
0,r_48_15_110,seq36,r_104_92_187,r_48_15_110,0.93,0,110,110,1
37,r_142_81_52,seq136,seq3,r_142_81_52,1.0,-6,46,52,1
13,r_25_32_72,r_124_122_148,r_22_88_181,r_25_32_72,0.55,12,84,72,1
57,seq139,r_11_133_92,seq59,r_11_133_92,1.0,0,92,92,1
12,r_83_79_132,r_50_7_27,seq134,r_83_79_132,1.0,0,132,132,1
13,r_25_32_72,r_22_88_181,r_61_100_145,r_25_32_72,0.45,109,181,72,1
6,r_45_130_186,seq146,r_80_56_158,r_80_56_158,0.89,28,186,158,1
62,seq146,r_45_130_186,r_83_79_132,r_83_79_132,0.75,54,186,132,1
55,seq136,r_142_81_52,r_44_110_196,r_142_81_52,1.0,0,52,52,1
4,r_0_132_28,r_25_32_72,r_29_93_17,r_0_132_28,1.0,0,28,28,1
52,seq3,r_8_87_149,r_142_81_52,r_142_81_52,1.0,0,52,52,1
27,r_143_31_180,seq140,r_23_34_31,r_23_34_31,0.63,149,180,31,1
39,r_103_38_126,seq41,r_89_62_33,r_89_62_33,1.0,5,38,33,1
30,r_9_65_74,r_143_31_180,seq140,r_143_31_180,1.0,0,180,180,1
59,seq141,seq10,r_107_75_124,r_107_75_124,0.62,-103,21,124,1
2,r_112_19_168,seq134,r_61_100_145,r_112_19_168,0.35,0,168,168,1
59,seq141,r_107_75_124,r_57_64_107,r_107_75_124,0.87,-39,85,124,1
40,r_22_88_181,r_25_32_72,seq91,r_22_88_181,0.55,0,181,181,1
25,r_69_115_13,r_14_137_26,r_124_122_148,r_69_115_13,1.0,0,13,13,1
56,seq10,seq49,r_14_137_26,r_14_137_26,0.97,-2,24,26,1
29,r_11_133_92,seq139,r_37_74_91,r_11_133_92,0.99,-2,90,92,1
34,r_50_7_27,r_83_79_132,r_61_100_145,r_83_79_132,0.99,-4,128,132,1
33,r_27_55_113,seq17,seq126,r_27_55_113,0.99,0,113,113,1
58,seq140,r_143_31_180,r_9_65_74,r_9_65_74,1.0,106,180,74,1
53,seq4,r_57_64_107,r_29_93_17,r_29_93_17,0.98,13,30,17,1
42,r_89_62_33,r_103_38_126,r_12_119_90,r_12_119_90,0.63,36,126,90,1
32,r_30_99_134,seq36,seq91,r_30_99_134,0.98,0,134,134,1
38,r_124_122_148,r_25_32_72,r_69_115_13,r_124_122_148,0.5,-33,115,148,1
57,seq139,seq59,r_108_2_140,r_108_2_140,1.0,30,170,140,1
35,r_14_137_26,seq40,seq10,r_14_137_26,0.95,0,26,26,1
81,seq66,r_45_130_186,seq1,r_45_130_186,1.0,-104,82,186,1
17,r_53_18_139,seq91,r_145_123_135,r_53_18_139,0.91,0,139,139,1
25,r_69_115_13,r_124_122_148,r_103_38_126,r_69_115_13,0.74,120,133,13,1
93,seq102,r_80_56_158,r_84_117_119,r_80_56_158,0.83,-33,125,158,1
42,r_89_62_33,seq82,r_103_38_126,r_89_62_33,1.0,0,33,33,1
98,seq126,r_25_32_72,r_27_55_113,r_27_55_113,0.99,3,116,113,1
22,r_84_117_119,seq66,seq102,r_84_117_119,0.99,0,119,119,1
7,r_80_56_158,seq91,seq28,r_80_56_158,0.81,1,159,158,1
44,r_145_123_135,seq63,seq128,r_145_123_135,0.92,0,135,135,1
23,r_113_47_190,seq42,r_104_92_187,r_104_92_187,0.86,3,190,187,1
31,r_29_93_17,r_37_74_91,seq4,r_37_74_91,0.96,-75,16,91,1
12,r_83_79_132,r_90_77_179,r_50_7_27,r_83_79_132,0.58,-62,70,132,1
28,r_147_109_14,r_25_32_72,seq46,r_147_109_14,1.0,0,14,14,1
55,seq136,r_44_110_196,r_107_75_124,r_107_75_124,1.0,2,126,124,1
8,r_70_21_39,r_137_102_107,seq53,r_70_21_39,0.6,0,39,39,2
36,r_141_12_146,seq97,r_29_65_91,r_141_12_146,0.85,0,146,146,2
2,r_25_114_15,r_75_119_158,seq139,r_25_114_15,0.91,0,15,15,2
53,seq132,r_15_144_178,r_110_148_151,r_110_148_151,0.53,-1,150,151,2
43,r_0_91_109,r_48_98_114,r_68_33_67,r_0_91_109,0.95,2,111,109,2
5,r_118_42_12,r_137_102_107,seq30,r_118_42_12,0.8,0,12,12,2
54,seq5,r_29_65_91,r_18_89_64,r_18_89_64,1.0,43,107,64,2
37,r_7_138_75,seq36,seq94,r_7_138_75,0.71,0,75,75,2
10,r_67_122_51,r_75_119_158,r_120_121_32,r_67_122_51,1.0,1,52,51,2
16,r_92_66_153,seq28,r_26_31_106,r_26_31_106,0.84,47,153,106,2
21,r_64_93_90,r_29_65_91,seq113,r_64_93_90,0.65,2,92,90,2
1,r_109_99_115,r_75_119_158,r_49_133_163,r_109_99_115,0.65,4,119,115,2
42,r_105_19_148,seq63,r_69_143_17,r_105_19_148,0.79,0,148,148,2
45,r_69_143_17,r_29_65_91,seq28,r_69_143_17,0.72,5,22,17,2
39,r_134_23_54,r_79_117_3,seq36,r_134_23_54,0.99,0,54,54,2
19,r_125_107_72,r_27_128_77,seq11,r_125_107_72,0.61,-4,68,72,2
95,seq112,r_74_34_185,r_67_122_51,r_67_122_51,1.0,44,95,51,2
38,r_77_86_174,r_125_107_72,r_75_119_158,r_77_86_174,0.43,-17,157,174,2
31,r_26_31_106,seq80,r_124_61_82,r_26_31_106,0.83,4,110,106,2
41,r_58_90_61,seq53,seq95,r_58_90_61,1.0,-1,60,61,2
20,r_16_60_42,r_137_102_107,seq127,r_16_60_42,1.0,0,42,42,2
90,seq94,r_75_119_158,r_7_138_75,r_7_138_75,0.68,-1,74,75,2
28,r_84_115_18,r_48_98_114,r_108_76_27,r_48_98_114,0.61,-94,20,114,2
4,r_137_102_107,seq147,seq146,r_137_102_107,0.88,3,110,107,2
0,r_75_119_158,seq71,seq116,r_75_119_158,0.6,8,166,158,2
13,r_18_89_64,r_78_87_119,seq5,r_18_89_64,0.9,0,64,64,2
22,r_120_121_32,seq1,seq81,r_120_121_32,1.0,0,32,32,2
15,r_88_3_112,seq116,seq95,r_88_3_112,0.99,3,115,112,2
27,r_14_6_29,r_16_60_42,seq62,r_14_6_29,0.86,-3,26,29,2
6,r_48_98_114,seq62,seq1,r_48_98_114,0.97,0,114,114,2
62,seq147,r_137_102_107,r_68_33_67,r_137_102_107,0.94,3,110,107,2
9,r_46_51_66,seq123,r_27_128_77,r_27_128_77,0.99,7,84,77,2
33,r_49_133_163,r_109_99_115,seq20,r_49_133_163,0.83,3,166,163,2
47,r_68_33_67,seq20,seq147,r_68_33_67,0.73,7,74,67,2
40,r_124_61_82,seq62,seq5,r_124_61_82,0.67,-4,78,82,2
29,r_78_87_119,seq127,seq11,r_78_87_119,1.0,1,120,119,2
24,r_41_104_152,seq147,r_14_6_29,r_41_104_152,0.46,3,155,152,2
26,r_108_76_27,seq85,r_84_115_18,r_108_76_27,0.48,1,28,27,2
33,r_49_133_163,r_29_65_91,r_109_99_115,r_109_99_115,0.75,-6,109,115,2
14,r_39_126_16,r_13_17_88,r_92_66_153,r_39_126_16,0.77,14,30,16,2
32,r_103_54_187,seq85,r_109_99_115,r_109_99_115,0.7,73,188,115,2
38,r_77_86_174,r_0_91_109,r_125_107_72,r_77_86_174,0.47,-85,89,174,2
23,r_43_10_59,r_29_65_91,r_4_35_47,r_43_10_59,0.54,-1,58,59,2
34,r_22_145_76,r_105_19_148,seq2,r_22_145_76,1.0,0,76,76,2
1,r_109_99_115,r_49_133_163,r_124_61_82,r_49_133_163,0.53,14,177,163,2
48,r_4_35_47,seq52,seq57,r_4_35_47,0.95,-1,46,47,2
60,seq142,seq52,r_29_65_91,r_29_65_91,0.44,-3,88,91,2
81,seq62,r_124_61_82,seq11,r_124_61_82,0.95,-14,68,82,2
17,r_55_101_93,r_125_107_72,seq95,r_55_101_93,0.96,4,97,93,2
9,r_46_51_66,seq97,seq123,r_46_51_66,0.87,0,66,66,2
68,seq36,r_72_47_183,r_134_23_54,r_134_23_54,1.0,0,54,54,2
86,seq80,r_26_31_106,seq106,r_26_31_106,0.72,-68,38,106,2
46,r_79_117_3,r_134_23_54,seq62,r_134_23_54,0.8,0,54,54,2
49,r_130_149_164,seq106,r_67_122_51,r_67_122_51,0.95,113,164,51,2
7,r_13_17_88,seq131,seq71,r_13_17_88,0.88,1,89,88,2
79,seq57,r_74_34_185,r_67_122_51,r_67_122_51,1.0,137,188,51,2
12,r_27_128_77,r_55_101_93,r_46_51_66,r_27_128_77,1.0,1,78,77,2
36,r_124_17_128,seq36,seq128,r_124_17_128,0.99,1,129,128,3
6,r_20_123_51,r_13_122_62,seq40,r_20_123_51,1.0,1,52,51,3
14,r_83_126_138,r_94_9_24,r_84_16_77,r_84_16_77,0.89,14,91,77,3
8,r_145_108_115,seq127,seq112,r_145_108_115,0.93,0,115,115,3
37,r_129_97_142,seq79,seq18,r_129_97_142,0.84,0,142,142,3
86,seq88,r_11_119_158,r_70_106_114,r_11_119_158,0.48,-12,146,158,3
21,r_59_121_118,seq72,r_1_142_13,r_59_121_118,0.95,0,118,118,3
39,r_92_58_71,r_89_82_151,seq52,r_92_58_71,1.0,2,73,71,3
1,r_78_45_172,r_141_134_96,r_46_74_8,r_141_134_96,0.99,-3,93,96,3
16,r_8_99_78,r_3_110_145,seq135,r_8_99_78,0.54,-34,44,78,3
5,r_13_122_62,r_85_26_100,r_63_143_121,r_13_122_62,0.99,0,62,62,3
42,r_117_50_6,r_89_82_151,r_65_137_22,r_117_50_6,0.53,120,126,6,3
22,r_65_137_22,r_84_16_77,r_117_50_6,r_84_16_77,1.0,-4,73,77,3
32,r_6_105_53,r_38_103_190,r_70_106_114,r_70_106_114,0.98,0,114,114,3
10,r_94_9_24,seq30,r_70_106_114,r_94_9_24,0.74,-4,20,24,3
12,r_29_102_34,r_70_106_114,seq72,r_29_102_34,1.0,1,35,34,3
19,r_141_134_96,r_78_45_172,seq42,r_141_134_96,1.0,0,96,96,3
20,r_39_98_43,r_63_143_121,seq72,r_39_98_43,0.81,0,43,43,3
57,seq140,r_38_103_190,r_54_111_11,r_54_111_11,0.56,34,45,11,3
5,r_13_122_62,r_63_143_121,r_4_41_113,r_63_143_121,0.93,0,121,121,3
43,r_1_142_13,r_68_31_173,r_145_108_115,r_1_142_13,0.83,-1,12,13,3
30,r_70_106_114,r_29_102_34,r_94_9_24,r_70_106_114,0.88,-94,20,114,3
16,r_8_99_78,seq135,r_132_138_94,r_132_138_94,0.85,10,104,94,3
4,r_89_82_151,r_117_50_6,r_56_101_56,r_89_82_151,0.77,0,151,151,3
73,seq42,r_75_15_191,r_14_93_61,r_14_93_61,1.0,6,67,61,3
11,r_4_41_113,seq104,r_13_122_62,r_4_41_113,0.81,3,116,113,3
15,r_56_101_56,seq18,r_47_95_28,r_56_101_56,1.0,4,60,56,3
48,r_3_110_145,seq80,r_12_35_9,r_3_110_145,0.67,0,145,145,3
34,r_53_67_54,r_4_41_113,seq2,r_53_67_54,1.0,1,55,54,3
10,r_94_9_24,r_70_106_114,seq76,r_70_106_114,1.0,0,114,114,3
27,r_21_33_166,r_78_45_172,r_12_35_9,r_21_33_166,0.54,1,167,166,3
30,r_70_106_114,r_94_9_24,r_6_105_53,r_70_106_114,0.98,0,114,114,3
47,r_81_96_108,seq147,seq115,r_81_96_108,0.9,1,109,108,3
40,r_132_138_94,seq115,r_8_99_78,r_132_138_94,0.95,5,99,94,3
18,r_19_44_98,seq28,r_78_45_172,r_19_44_98,1.0,0,98,98,3
24,r_57_87_75,seq2,seq104,r_57_87_75,1.0,0,75,75,3
0,r_60_131_14,r_94_9_24,seq149,r_60_131_14,0.57,1,15,14,3
25,r_68_31_173,seq149,r_148_77_88,r_148_77_88,0.63,86,174,88,3
43,r_1_142_13,r_145_108_115,r_59_121_118,r_1_142_13,0.73,101,114,13,3
46,r_86_109_58,seq32,seq118,r_86_109_58,1.0,-1,57,58,3
88,seq100,r_85_26_100,seq37,r_85_26_100,1.0,5,105,100,3
50,seq0,seq5,r_63_143_121,r_63_143_121,0.98,15,136,121,3
70,seq36,r_124_17_128,r_12_35_9,r_124_17_128,1.0,1,129,128,3
61,seq147,r_81_96_108,seq55,r_81_96_108,1.0,-14,94,108,3
38,r_148_77_88,seq69,r_8_99_78,r_148_77_88,0.92,1,89,88,3
41,r_90_62_32,r_57_87_75,seq136,r_90_62_32,0.99,3,35,32,3
14,r_83_126_138,r_84_16_77,r_12_35_9,r_83_126_138,0.96,-3,135,138,3
32,r_6_105_53,r_4_41_113,r_38_103_190,r_6_105_53,0.99,0,53,53,3
17,r_14_93_61,r_4_41_113,seq42,r_14_93_61,0.98,1,62,61,3
94,seq115,r_132_138_94,seq0,r_132_138_94,0.67,0,94,94,3
9,r_84_16_77,r_65_137_22,r_86_109_58,r_84_16_77,0.97,1,78,77,3
96,seq118,seq73,r_84_16_77,r_84_16_77,1.0,64,141,77,3
49,r_47_95_28,r_19_44_98,seq80,r_47_95_28,0.92,1,29,28,3
28,r_27_25_167,seq149,r_7_43_165,r_27_25_167,0.56,2,169,167,3
94,seq115,seq0,r_81_96_108,r_81_96_108,0.8,6,114,108,3
7,r_11_119_158,seq130,seq133,r_11_119_158,0.8,0,158,158,3
44,r_85_26_100,seq100,seq149,r_85_26_100,1.0,5,105,100,3
23,r_63_143_121,seq127,r_13_122_62,r_13_122_62,0.99,14,76,62,3
35,r_49_71_154,seq149,r_12_35_9,r_49_71_154,0.64,0,154,154,3
22,r_65_137_22,r_14_93_61,r_84_16_77,r_65_137_22,0.77,-2,20,22,3
29,r_54_111_11,r_94_9_24,seq140,r_54_111_11,0.97,0,11,11,3
84,seq79,r_129_97_142,seq128,r_129_97_142,0.8,-22,120,142,3
23,r_63_143_121,r_13_122_62,seq0,r_63_143_121,1.0,0,121,121,3
30,r_12_11_144,seq124,seq58,r_12_11_144,0.78,1,145,144,4
36,r_21_0_172,seq116,r_146_6_151,r_146_6_151,0.93,25,176,151,4
25,r_82_36_17,r_76_63_19,seq92,r_82_36_17,0.98,1,18,17,4
28,r_104_113_15,r_14_145_116,seq80,r_104_113_15,0.97,0,15,15,4
43,r_71_128_141,seq28,r_96_42_38,r_71_128_141,0.84,3,144,141,4
7,r_84_106_36,r_8_105_74,r_82_36_17,r_8_105_74,0.94,1,75,74,4
83,seq83,r_50_110_161,r_93_55_111,r_93_55_111,0.48,51,162,111,4
37,r_108_41_110,r_96_42_38,r_147_67_41,r_147_67_41,0.81,44,85,41,4
16,r_93_55_111,r_53_47_192,seq83,r_93_55_111,0.88,0,111,111,4
21,r_5_123_96,seq136,seq28,r_5_123_96,0.99,0,96,96,4
97,seq124,r_12_11_144,seq148,r_12_11_144,0.98,1,145,144,4
5,r_114_27_109,seq16,r_137_62_14,r_114_27_109,0.94,2,111,109,4
42,r_50_110_161,seq83,r_15_43_198,r_50_110_161,0.57,1,162,161,4
46,r_49_66_35,seq78,seq127,r_49_66_35,1.0,0,35,35,4
19,r_19_131_177,seq9,r_146_6_151,r_146_6_151,0.99,26,177,151,4
15,r_13_117_184,seq141,seq46,r_13_117_184,0.99,-1,183,184,4
67,seq39,r_73_133_149,r_138_35_82,r_138_35_82,0.79,70,152,82,4
89,seq91,r_132_102_114,seq28,r_132_102_114,0.68,4,118,114,4
3,r_24_112_101,seq17,r_147_67_41,r_24_112_101,0.66,5,106,101,4
10,r_73_133_149,seq39,r_107_22_92,r_73_133_149,0.91,2,151,149,4
7,r_84_106_36,r_82_36_17,seq136,r_84_106_36,0.52,75,111,36,4
4,r_132_102_114,seq91,seq59,r_132_102_114,0.92,4,118,114,4
0,r_100_18_84,r_12_11_144,seq58,r_100_18_84,0.58,0,84,84,4
20,r_23_120_160,seq68,r_103_99_193,r_23_120_160,0.85,1,161,160,4
15,r_13_117_184,r_14_145_116,seq141,r_14_145_116,0.76,7,123,116,4
2,r_147_67_41,seq51,r_73_133_149,r_147_67_41,1.0,0,41,41,4
1,r_137_62_14,seq32,r_114_27_109,r_114_27_109,0.86,7,116,109,4
57,seq141,r_146_6_151,r_84_106_36,r_84_106_36,0.53,117,153,36,4
6,r_8_105_74,r_84_106_36,seq143,r_8_105_74,1.0,1,75,74,4
2,r_147_67_41,r_73_133_149,r_24_112_101,r_147_67_41,0.81,95,136,41,4
27,r_118_1_54,r_19_131_177,seq56,r_118_1_54,0.96,16,70,54,4
22,r_15_43_198,r_73_133_149,r_50_110_161,r_15_43_198,0.96,-42,156,198,4
47,r_61_126_183,seq125,r_49_66_35,r_49_66_35,0.81,149,184,35,4
14,r_33_60_27,seq92,r_25_26_16,r_33_60_27,0.9,0,27,27,4
18,r_65_4_157,r_23_120_160,r_146_6_151,r_65_4_157,0.87,0,157,157,4
24,r_53_47_192,r_93_55_111,r_138_35_82,r_53_47_192,0.94,-81,111,192,4
81,seq78,seq32,r_33_60_27,r_33_60_27,0.93,-3,24,27,4
6,r_8_105_74,r_14_145_116,r_84_106_36,r_84_106_36,0.97,3,39,36,4
72,seq51,r_147_67_41,seq32,r_147_67_41,0.99,2,43,41,4
32,r_3_44_63,r_65_4_157,r_129_72_3,r_3_44_63,0.66,14,77,63,4
38,r_138_35_82,seq54,r_147_67_41,r_138_35_82,0.87,1,83,82,4
26,r_96_42_38,r_93_55_111,seq46,r_96_42_38,0.73,0,38,38,4
1,r_137_62_14,r_49_66_35,r_82_36_17,r_137_62_14,0.63,21,35,14,4
37,r_108_41_110,r_147_67_41,r_129_72_3,r_108_41_110,0.82,0,110,110,4
99,seq127,seq75,r_49_66_35,r_49_66_35,1.0,11,46,35,4
1,r_137_62_14,r_114_27_109,r_49_66_35,r_137_62_14,0.95,0,14,14,4
17,r_111_52_159,r_21_0_172,seq51,r_111_52_159,0.63,1,160,159,4
41,r_76_63_19,r_132_102_114,seq48,r_76_63_19,0.77,5,24,19,4
9,r_14_145_116,r_13_117_184,seq58,r_14_145_116,0.98,2,118,116,4
22,r_15_43_198,r_96_42_38,r_73_133_149,r_96_42_38,0.62,47,85,38,4
7,r_84_106_36,r_86_7_97,r_8_105_74,r_84_106_36,1.0,0,36,36,4
29,r_115_121_24,seq58,seq135,r_115_121_24,0.71,0,24,24,4
49,r_107_22_92,r_71_128_141,seq40,r_107_22_92,0.82,1,93,92,4
23,r_149_81_90,r_21_0_172,seq16,r_149_81_90,0.54,4,94,90,4
35,r_57_38_64,r_149_81_90,seq31,r_57_38_64,1.0,0,64,64,4
12,r_97_70_81,seq31,seq40,r_97_70_81,0.99,0,81,81,4
45,r_25_26_16,r_50_110_161,r_33_60_27,r_25_26_16,0.81,2,18,16,4
44,r_142_24_92,r_25_48_8,r_141_86_34,r_142_24_92,0.97,0,92,92,5
38,r_141_86_34,seq108,r_137_128_103,r_141_86_34,0.99,0,34,34,5
26,r_11_70_10,r_4_34_52,r_105_77_43,r_11_70_10,0.99,42,52,10,5
36,r_21_134_68,r_94_38_79,r_141_86_34,r_21_134_68,1.0,3,71,68,5
5,r_95_68_45,seq0,seq89,r_95_68_45,1.0,0,45,45,5
0,r_143_9_55,r_75_61_144,seq125,r_143_9_55,1.0,0,55,55,5
44,r_142_24_92,r_64_31_180,r_25_48_8,r_25_48_8,0.7,6,14,8,5
31,r_131_22_40,r_135_27_191,r_59_102_17,r_131_22_40,0.93,0,40,40,5
1,r_93_53_172,seq130,r_57_99_88,r_57_99_88,0.98,89,177,88,5
97,seq125,seq97,r_143_9_55,r_143_9_55,1.0,23,78,55,5
45,r_119_6_101,seq35,seq65,r_119_6_101,1.0,0,101,101,5
16,r_92_85_24,r_64_31_180,seq41,r_92_85_24,1.0,0,24,24,5
19,r_57_99_88,r_115_104_171,seq124,r_57_99_88,0.84,0,88,88,5
30,r_56_29_50,seq148,seq7,r_56_29_50,1.0,0,50,50,5
21,r_47_120_93,r_145_44_162,r_132_5_12,r_47_120_93,0.68,-74,19,93,5
38,r_141_86_34,r_137_128_103,r_142_24_92,r_141_86_34,0.98,70,104,34,5
29,r_73_109_54,r_129_113_182,r_39_33_11,r_73_109_54,0.97,0,54,54,5
41,r_137_128_103,seq123,seq65,r_137_128_103,0.99,-1,102,103,5
3,r_94_38_79,r_59_102_17,seq50,r_94_38_79,1.0,0,79,79,5
18,r_4_34_52,seq76,r_129_113_182,r_4_34_52,1.0,0,52,52,5
63,seq35,r_119_6_101,seq15,r_119_6_101,1.0,0,101,101,5
11,r_64_31_180,seq82,r_59_102_17,r_64_31_180,0.82,0,180,180,5
46,r_105_77_43,seq10,r_11_70_10,r_105_77_43,1.0,0,43,43,5
13,r_75_61_144,r_146_106_159,r_21_134_68,r_75_61_144,0.75,0,144,144,5
48,r_63_14_123,r_59_102_17,r_133_18_73,r_63_14_123,0.63,2,125,123,5
62,seq30,seq62,r_37_140_85,r_37_140_85,0.7,80,165,85,5
21,r_47_120_93,r_132_5_12,r_32_96_26,r_47_120_93,1.0,0,93,93,5
2,r_23_116_148,r_39_33_11,r_25_48_8,r_23_116_148,0.91,0,148,148,5
27,r_146_106_159,r_75_61_144,r_84_12_41,r_146_106_159,0.55,-15,144,159,5
47,r_26_139_124,seq60,seq80,r_26_139_124,0.78,1,125,124,5
40,r_144_110_188,seq97,r_93_53_172,r_93_53_172,0.63,16,188,172,5
74,seq69,r_19_13_120,r_52_147_32,r_52_147_32,1.0,100,132,32,5
24,r_28_42_29,r_111_20_134,seq87,r_28_42_29,1.0,0,29,29,5
25,r_111_20_134,seq74,r_19_13_120,r_111_20_134,0.98,1,135,134,5
33,r_54_55_107,r_59_102_17,seq65,r_54_55_107,0.75,3,110,107,5
20,r_39_33_11,r_23_116_148,r_73_109_54,r_39_33_11,0.77,79,90,11,5
37,r_84_12_41,r_37_140_85,seq88,r_84_12_41,1.0,1,42,41,5
42,r_132_5_12,r_145_44_162,seq41,r_145_44_162,0.72,-1,161,162,5
42,r_132_5_12,r_47_120_93,r_145_44_162,r_47_120_93,0.99,0,93,93,5
52,seq130,r_93_53_172,r_133_18_73,r_133_18_73,0.91,103,176,73,5
4,r_129_113_182,r_73_109_54,r_4_34_52,r_129_113_182,0.86,-128,54,182,5
26,r_11_70_10,r_49_101_122,r_4_34_52,r_11_70_10,0.63,0,10,10,5
94,seq122,r_45_98_174,r_2_121_99,r_2_121_99,0.71,1,100,99,5
14,r_52_147_32,seq124,seq69,r_52_147_32,1.0,0,32,32,5
96,seq124,seq58,r_57_99_88,r_57_99_88,1.0,11,99,88,5
34,r_79_118_16,r_93_53_172,r_59_102_17,r_79_118_16,0.8,-4,12,16,5
28,r_2_121_99,seq65,seq122,r_2_121_99,0.97,1,100,99,5
49,r_37_140_85,r_137_128_103,seq62,r_37_140_85,0.56,3,88,85,5
23,r_115_104_171,r_57_99_88,r_32_96_26,r_57_99_88,0.95,0,88,88,5
17,r_25_48_8,r_142_24_92,r_114_43_71,r_25_48_8,1.0,84,92,8,5
82,seq87,r_75_61_144,r_28_42_29,r_28_42_29,0.57,46,75,29,5
35,r_114_43_71,r_2_121_99,seq82,r_114_43_71,1.0,0,71,71,5
42,r_132_5_12,r_21_134_68,r_47_120_93,r_132_5_12,0.87,0,12,12,5
12,r_133_18_73,seq3,seq130,r_133_18_73,0.93,2,75,73,5
23,r_115_104_171,r_32_96_26,r_75_61_144,r_115_104_171,0.86,0,171,171,5
36,r_94_139_118,r_44_93_141,r_102_123_14,r_94_139_118,0.73,0,118,118,6
16,r_57_66_149,r_60_84_27,r_102_123_14,r_57_66_149,0.94,-122,27,149,6
26,r_7_54_40,r_75_17_158,r_15_111_199,r_7_54_40,0.78,5,45,40,6
21,r_90_62_16,seq122,seq145,r_90_62_16,0.92,1,17,16,6
8,r_108_130_79,r_142_3_172,r_10_96_15,r_108_130_79,0.88,0,79,79,6
30,r_47_49_47,seq145,seq149,r_47_49_47,1.0,0,47,47,6
53,seq6,r_79_56_121,r_0_33_72,r_0_33_72,1.0,54,126,72,6
43,r_46_31_150,r_4_128_179,r_112_64_101,r_46_31_150,0.79,0,150,150,6
28,r_59_132_8,seq37,r_95_5_41,r_95_5_41,1.0,-1,40,41,6
45,r_60_84_27,r_57_66_149,r_90_62_16,r_60_84_27,0.99,0,27,27,6
39,r_11_18_138,seq24,seq32,r_11_18_138,0.74,0,138,138,6
1,r_20_23_185,seq135,r_144_74_33,r_144_74_33,0.74,152,185,33,6
46,r_115_101_106,seq53,r_95_5_41,r_115_101_106,1.0,1,107,106,6
29,r_144_74_33,r_147_107_180,seq87,r_144_74_33,1.0,0,33,33,6
18,r_13_127_45,r_120_77_110,r_90_62_16,r_13_127_45,0.96,0,45,45,6
3,r_22_39_65,r_44_93_141,seq122,r_44_93_141,1.0,-24,117,141,6
35,r_15_111_199,r_108_130_79,r_7_54_40,r_108_130_79,0.8,-33,46,79,6
10,r_102_123_14,r_65_68_139,r_4_128_179,r_102_123_14,0.99,3,17,14,6
3,r_22_39_65,seq106,r_44_93_141,r_22_39_65,1.0,2,67,65,6
72,seq52,r_29_131_176,r_120_77_110,r_120_77_110,1.0,48,158,110,6
16,r_57_66_149,r_102_123_14,seq38,r_102_123_14,0.54,135,149,14,6
4,r_28_137_127,seq86,r_115_101_106,r_28_137_127,0.88,1,128,127,6
78,seq78,r_19_50_173,r_29_131_176,r_19_50_173,0.9,1,174,173,6
0,r_112_64_101,seq55,seq98,r_112_64_101,0.65,0,101,101,6
20,r_4_128_179,r_143_58_95,r_102_123_14,r_143_58_95,0.89,0,95,95,6
13,r_140_8_105,seq2,seq88,r_140_8_105,0.95,0,105,105,6
48,r_16_134_107,r_46_31_150,seq24,r_16_134_107,0.98,1,108,107,6
6,r_109_116_120,r_91_104_168,r_85_119_44,r_109_116_120,0.74,0,120,120,6
85,seq88,r_91_104_168,r_140_8_105,r_140_8_105,0.86,63,168,105,6
10,r_102_123_14,r_4_128_179,r_94_139_118,r_94_139_118,0.65,61,179,118,6
27,r_142_3_172,r_15_111_199,r_109_116_120,r_15_111_199,0.49,-27,172,199,6
59,seq145,r_47_49_47,r_90_62_16,r_47_49_47,0.97,0,47,47,6
87,seq92,r_147_107_180,seq83,r_147_107_180,0.84,-114,66,180,6
37,r_85_119_44,seq83,seq148,r_85_119_44,1.0,0,44,44,6
2,r_143_58_95,r_4_128_179,r_95_5_41,r_143_58_95,0.96,0,95,95,6
40,r_120_77_110,seq136,seq53,r_120_77_110,1.0,1,111,110,6
24,r_138_105_77,r_65_68_139,seq9,r_138_105_77,1.0,0,77,77,6
25,r_21_1_63,seq80,seq125,r_21_1_63,0.95,1,64,63,6
33,r_44_93_141,r_94_139_118,r_16_134_107,r_44_93_141,0.69,-29,112,141,6
41,r_95_5_41,r_113_67_109,r_59_132_8,r_95_5_41,1.0,0,41,41,6
47,r_40_76_140,seq118,r_120_77_110,r_120_77_110,0.79,31,141,110,6
47,r_40_76_140,seq69,seq118,r_40_76_140,0.51,-109,31,140,6
20,r_4_128_179,r_102_123_14,seq51,r_4_128_179,0.8,0,179,179,6
32,r_147_107_180,seq9,r_29_131_176,r_147_107_180,0.41,1,181,180,6
38,r_10_96_15,r_79_56_121,r_108_130_79,r_108_130_79,0.94,17,96,79,6
9,r_41_61_50,seq135,r_102_123_14,r_41_61_50,0.96,0,50,50,6
34,r_75_17_158,r_26_14_143,r_7_54_40,r_26_14_143,1.0,-4,139,143,6
33,r_44_93_141,r_16_134_107,seq99,r_44_93_141,0.99,0,141,141,6
17,r_113_67_109,r_26_14_143,seq12,r_113_67_109,1.0,0,109,109,6
22,r_65_68_139,seq103,r_28_137_127,r_65_68_139,0.56,1,140,139,6
49,r_146_124_74,seq148,seq55,r_146_124_74,1.0,0,74,74,6
56,seq9,r_147_107_180,r_138_105_77,r_138_105_77,1.0,104,181,77,6
7,r_0_33_72,r_71_114_193,seq6,r_0_33_72,1.0,2,74,72,6
12,r_70_43_78,r_91_104_168,seq80,r_70_43_78,1.0,0,78,78,6
67,seq37,seq118,r_59_132_8,r_59_132_8,0.58,26,34,8,6
93,seq114,r_61_13_106,seq68,r_61_13_106,0.96,-1,105,106,7
36,r_28_56_118,r_101_26_183,seq19,r_28_56_118,0.99,0,118,118,7
40,r_33_131_46,r_133_130_63,r_100_120_38,r_133_130_63,0.52,-16,47,63,7
1,r_91_47_90,seq111,r_133_130_63,r_91_47_90,1.0,0,90,90,7
46,r_34_83_88,r_90_32_109,seq145,r_34_83_88,0.95,2,90,88,7
42,r_35_40_84,seq42,seq80,r_35_40_84,1.0,0,84,84,7
16,r_22_20_13,r_46_38_103,seq118,r_22_20_13,1.0,0,13,13,7
32,r_14_148_169,r_142_98_53,r_18_143_100,r_14_148_169,0.97,0,169,169,7
13,r_60_9_168,r_6_51_83,seq138,r_60_9_168,0.97,0,168,168,7
45,r_7_105_170,seq121,seq97,r_7_105_170,0.43,0,170,170,7
10,r_139_64_48,r_140_49_72,seq67,r_139_64_48,0.94,0,48,48,7
30,r_0_66_24,r_18_143_100,seq48,r_0_66_24,0.96,-2,22,24,7
38,r_149_74_31,r_139_64_48,seq132,r_149_74_31,0.78,0,31,31,7
26,r_86_87_167,r_102_136_96,r_90_32_109,r_86_87_167,1.0,3,170,167,7
31,r_30_57_156,r_102_136_96,r_78_41_50,r_30_57_156,0.94,-60,96,156,7
41,r_76_96_181,r_77_62_184,seq125,r_77_62_184,0.38,-3,181,184,7
3,r_50_141_68,r_133_130_63,r_127_36_57,r_133_130_63,1.0,5,68,63,7
0,r_84_93_29,r_60_9_168,seq88,r_84_93_29,1.0,1,30,29,7
26,r_86_87_167,r_2_106_134,r_102_136_96,r_102_136_96,1.0,15,111,96,7
4,r_102_136_96,r_30_57_156,r_86_87_167,r_102_136_96,0.99,0,96,96,7
97,seq124,seq97,r_24_134_80,r_24_134_80,1.0,0,80,80,7
2,r_100_120_38,seq67,r_12_71_8,r_100_120_38,1.0,0,38,38,7
11,r_90_32_109,r_75_69_125,seq114,r_90_32_109,0.58,1,110,109,7
13,r_60_9_168,r_72_116_135,r_6_51_83,r_6_51_83,1.0,49,132,83,7
15,r_72_116_135,r_60_9_168,seq80,r_72_116_135,0.84,2,137,135,7
5,r_142_98_53,r_14_148_169,r_2_106_134,r_142_98_53,0.86,95,148,53,7
27,r_61_13_106,seq114,seq103,r_61_13_106,0.49,-1,105,106,7
5,r_142_98_53,seq63,r_14_148_169,r_142_98_53,1.0,0,53,53,7
4,r_102_136_96,r_86_87_167,r_16_146_128,r_102_136_96,0.89,49,145,96,7
11,r_90_32_109,seq114,r_75_69_125,r_90_32_109,0.51,32,141,109,7
93,seq114,seq68,r_21_122_175,r_21_122_175,0.92,2,177,175,7
29,r_75_69_125,r_14_148_169,r_90_32_109,r_14_148_169,1.0,-44,125,169,7
24,r_16_146_128,seq82,r_102_136_96,r_16_146_128,0.8,1,129,128,7
33,r_81_73_149,seq19,r_46_38_103,r_81_73_149,0.95,0,149,149,7
21,r_119_94_39,seq124,r_0_66_24,r_119_94_39,1.0,0,39,39,7
39,r_79_27_196,seq55,r_95_112_58,r_95_112_58,0.77,1,59,58,7
65,seq39,r_77_62_184,seq135,r_77_62_184,0.94,0,184,184,7
61,seq25,r_6_51_83,seq128,r_6_51_83,1.0,0,83,83,7
32,r_14_148_169,r_75_69_125,r_142_98_53,r_142_98_53,0.66,20,73,53,7
23,r_95_112_58,seq68,r_79_27_196,r_95_112_58,0.99,0,58,58,7
75,seq65,r_101_26_183,seq128,r_101_26_183,0.54,2,185,183,7
97,seq124,r_119_94_39,seq97,r_119_94_39,1.0,0,39,39,7
43,r_78_41_50,r_24_134_80,seq44,r_78_41_50,1.0,0,50,50,7
9,r_18_143_100,r_15_147_194,r_84_93_29,r_15_147_194,0.55,-94,100,194,7
31,r_30_57_156,r_78_41_50,seq63,r_30_57_156,0.95,0,156,156,7
28,r_77_62_184,seq39,r_90_32_109,r_77_62_184,0.54,0,184,184,7
49,r_24_134_80,r_18_143_100,seq124,r_24_134_80,0.97,1,81,80,7
68,seq48,seq125,r_0_66_24,r_0_66_24,1.0,5,29,24,7
7,r_1_11_129,r_115_43_197,r_78_41_50,r_1_11_129,0.86,1,130,129,7
44,r_2_106_134,r_86_87_167,r_142_98_53,r_142_98_53,0.98,88,141,53,7
20,r_127_36_57,seq52,r_50_141_68,r_50_141_68,1.0,12,80,68,7
8,r_144_58_33,seq145,seq67,r_144_58_33,0.99,0,33,33,7
35,r_6_51_83,seq25,r_22_20_13,r_6_51_83,1.0,0,83,83,7
12,r_46_38_103,r_115_43_197,seq44,r_46_38_103,1.0,1,104,103,7
40,r_122_35_164,r_85_8_21,seq129,r_122_35_164,0.82,2,166,164,8
51,seq129,r_51_57_174,r_87_116_115,r_87_116_115,0.61,60,175,115,8
36,r_98_76_81,r_119_11_90,r_87_116_115,r_87_116_115,0.66,2,117,115,8
43,r_22_86_148,seq141,r_134_72_144,r_22_86_148,0.61,1,149,148,8
0,r_56_36_47,seq104,r_54_147_108,r_54_147_108,0.8,-1,107,108,8
37,r_100_30_80,seq105,seq10,r_100_30_80,0.94,0,80,80,8
55,seq5,seq13,r_89_149_42,r_89_149_42,0.99,29,71,42,8
16,r_95_88_179,seq131,seq108,r_95_88_179,0.55,0,179,179,8
21,r_53_91_175,r_51_57_174,r_134_72_144,r_51_57_174,0.46,1,175,174,8
39,r_135_117_74,r_94_39_107,r_74_18_61,r_135_117_74,0.99,19,93,74,8
30,r_85_8_21,seq78,r_87_116_115,r_85_8_21,0.93,2,23,21,8
1,r_101_46_147,r_114_140_23,seq6,r_101_46_147,0.47,1,148,147,8
42,r_73_127_136,r_110_97_111,seq0,r_110_97_111,0.68,1,112,111,8
11,r_34_52_33,r_17_111_187,seq60,r_17_111_187,0.59,-154,33,187,8
30,r_85_8_21,r_122_35_164,r_146_3_154,r_146_3_154,0.65,0,154,154,8
45,r_74_18_61,r_122_35_164,seq79,r_74_18_61,0.96,1,62,61,8
3,r_63_58_83,seq28,seq148,r_63_58_83,1.0,1,84,83,8
10,r_69_126_123,r_144_103_97,r_96_61_171,r_144_103_97,0.8,1,98,97,8
14,r_139_19_24,seq108,seq123,r_139_19_24,0.92,0,24,24,8
14,r_139_19_24,seq123,r_25_14_165,r_139_19_24,0.38,143,167,24,8
4,r_134_72_144,seq109,seq21,r_134_72_144,0.67,1,145,144,8
20,r_66_48_163,r_1_26_176,r_73_127_136,r_73_127_136,0.64,34,170,136,8
13,r_113_9_52,seq60,r_81_112_160,r_113_9_52,0.33,111,163,52,8
46,r_82_106_152,r_20_125_28,r_134_72_144,r_134_72_144,0.97,8,152,144,8
46,r_82_106_152,r_56_36_47,r_20_125_28,r_56_36_47,0.99,0,47,47,8
48,r_37_23_65,r_94_39_107,r_27_75_40,r_37_23_65,0.97,1,66,65,8
35,r_20_125_28,r_87_116_115,r_82_106_152,r_82_106_152,0.45,-113,39,152,8
6,r_65_138_110,seq102,seq141,r_65_138_110,0.99,0,110,110,8
26,r_87_116_115,r_20_125_28,r_85_8_21,r_85_8_21,0.75,9,30,21,8
27,r_110_97_111,r_73_127_136,seq62,r_110_97_111,0.67,1,112,111,8
12,r_89_149_42,r_27_75_40,seq5,r_89_149_42,0.7,1,43,42,8
30,r_85_8_21,r_87_116_115,r_122_35_164,r_87_116_115,0.88,-31,84,115,8
2,r_94_39_107,seq49,seq21,r_94_39_107,0.93,7,114,107,8
15,r_12_107_38,r_31_136_132,seq49,r_12_107_38,0.94,1,39,38,8
40,r_122_35_164,r_74_18_61,r_85_8_21,r_74_18_61,0.87,2,63,61,8
18,r_4_84_114,seq109,r_65_138_110,r_4_84_114,0.54,0,114,114,8
29,r_133_42_128,r_119_11_90,r_65_138_110,r_119_11_90,1.0,38,128,90,8
17,r_16_32_43,r_122_35_164,seq121,r_16_32_43,1.0,0,43,43,8
24,r_144_103_97,r_69_126_123,r_20_125_28,r_144_103_97,0.92,1,98,97,8
35,r_20_125_28,r_82_106_152,r_144_103_97,r_144_103_97,0.85,7,104,97,8
94,seq108,r_139_19_24,seq7,r_139_19_24,0.96,3,27,24,8
33,r_54_147_108,r_65_138_110,r_56_36_47,r_54_147_108,0.92,0,108,108,8
64,seq145,r_96_61_171,r_40_124_140,r_40_124_140,1.0,31,171,140,8
45,r_74_18_61,seq79,r_135_117_74,r_135_117_74,0.76,22,96,74,8
19,r_33_59_14,r_56_36_47,seq28,r_33_59_14,1.0,-1,13,14,8
32,r_146_3_154,seq2,r_85_8_21,r_146_3_154,0.9,0,154,154,8
38,r_40_124_140,seq50,seq145,r_40_124_140,0.95,0,140,140,8
5,r_27_75_40,r_89_149_42,r_33_59_14,r_27_75_40,1.0,1,41,40,8
9,r_51_57_174,seq129,seq2,r_51_57_174,0.77,1,175,174,8
26,r_87_116_115,r_85_8_21,r_98_76_81,r_87_116_115,0.86,0,115,115,8
42,r_73_127_136,seq0,seq131,r_73_127_136,0.62,0,136,136,8
22,r_25_14_165,seq15,r_139_19_24,r_25_14_165,0.74,0,165,165,8
28,r_130_128_70,seq121,seq137,r_130_128_70,1.0,0,70,70,8
0,r_56_36_47,r_82_106_152,seq104,r_56_36_47,0.91,1,48,47,8
7,r_96_61_171,r_69_126_123,seq145,r_96_61_171,0.66,-70,101,171,8
44,r_31_136_132,seq10,seq43,r_31_136_132,0.74,2,134,132,8
23,r_1_26_176,r_66_48_163,r_82_106_152,r_82_106_152,0.8,24,176,152,8
10,r_69_126_123,r_96_61_171,r_34_52_33,r_69_126_123,0.77,4,127,123,8
51,seq129,r_77_16_164,seq33,r_77_16_164,0.92,0,164,164,9
9,r_123_78_103,r_97_114_55,r_42_76_17,r_123_78_103,0.95,0,103,103,9
16,r_75_88_10,seq11,r_67_128_14,r_75_88_10,0.99,4,14,10,9
14,r_46_34_112,seq10,seq103,r_46_34_112,0.55,1,113,112,9
93,seq103,r_27_149_47,r_94_80_41,r_94_80_41,0.99,9,50,41,9
40,r_135_140_12,r_127_131_143,r_105_20_13,r_135_140_12,0.83,0,12,12,9
13,r_94_80_41,seq102,seq103,r_94_80_41,0.93,2,43,41,9
59,seq11,seq73,r_5_134_85,r_5_134_85,0.98,3,88,85,9
30,r_52_137_36,r_27_149_47,seq63,r_52_137_36,1.0,3,39,36,9
39,r_37_111_166,seq35,r_38_54_199,r_38_54_199,0.69,-29,170,199,9
32,r_61_66_110,r_55_148_73,r_67_128_14,r_67_128_14,1.0,2,16,14,9
5,r_109_98_99,r_143_87_94,r_67_128_14,r_109_98_99,0.99,0,99,99,9
42,r_8_59_116,seq57,r_123_78_103,r_123_78_103,0.9,13,116,103,9
35,r_42_76_17,r_97_114_55,seq2,r_42_76_17,0.8,1,18,17,9
80,seq57,r_8_59_116,r_120_124_53,r_120_124_53,0.78,62,115,53,9
32,r_61_66_110,r_67_128_14,seq89,r_67_128_14,0.57,97,111,14,9
45,r_53_41_185,seq14,r_32_17_44,r_32_17_44,0.99,142,186,44,9
19,r_81_141_92,r_62_115_169,seq0,r_81_141_92,0.99,1,93,92,9
43,r_64_45_22,seq71,seq63,r_64_45_22,0.97,-2,20,22,9
11,r_113_22_59,r_70_28_132,r_104_147_127,r_113_22_59,0.94,72,131,59,9
15,r_47_90_28,r_8_59_116,seq102,r_47_90_28,0.78,2,30,28,9
41,r_144_74_177,seq145,r_136_101_142,r_144_74_177,0.63,0,177,177,9
67,seq23,r_70_28_132,r_143_87_94,r_143_87_94,0.74,-1,93,94,9
78,seq51,r_138_106_157,seq71,r_138_106_157,0.91,-1,156,157,9
0,r_40_84_109,r_1_99_190,seq121,r_40_84_109,0.92,1,110,109,9
11,r_113_22_59,seq50,r_70_28_132,r_113_22_59,0.98,3,62,59,9
20,r_117_82_113,seq4,r_19_116_16,r_117_82_113,0.95,0,113,113,9
48,r_79_93_173,seq33,r_27_149_47,r_79_93_173,0.63,0,173,173,9
10,r_70_28_132,seq10,r_113_22_59,r_113_22_59,0.8,-1,58,59,9
17,r_32_17_44,r_37_111_166,seq4,r_32_17_44,1.0,0,44,44,9
21,r_67_128_14,seq58,r_75_88_10,r_67_128_14,0.99,0,14,14,9
10,r_70_28_132,r_113_22_59,r_19_116_16,r_70_28_132,1.0,0,132,132,9
2,r_30_146_114,r_62_115_169,seq13,r_30_146_114,0.54,2,116,114,9
18,r_62_115_169,seq132,seq21,r_62_115_169,0.58,1,170,169,9
29,r_39_65_98,r_40_84_109,seq31,r_40_84_109,0.9,-3,106,109,9
92,seq102,r_94_80_41,r_47_90_28,r_94_80_41,0.9,2,43,41,9
33,r_29_36_147,seq103,r_38_54_199,r_29_36_147,0.5,0,147,147,9
50,seq0,seq7,r_81_141_92,r_81_141_92,1.0,11,103,92,9
70,seq31,r_127_131_143,r_39_65_98,r_127_131_143,0.65,-30,113,143,9
37,r_120_124_53,seq21,seq57,r_120_124_53,1.0,1,54,53,9
61,seq13,r_1_99_190,r_32_17_44,r_32_17_44,1.0,146,190,44,9
38,r_127_131_143,seq31,seq35,r_127_131_143,0.9,-1,142,143,9
34,r_1_99_190,seq13,r_113_22_59,r_113_22_59,1.0,131,190,59,9
36,r_26_125_37,r_77_16_164,seq49,r_26_125_37,0.94,0,37,37,9
7,r_97_114_55,seq126,seq122,r_97_114_55,0.97,1,56,55,9
9,r_123_78_103,r_37_111_166,r_97_114_55,r_97_114_55,0.71,28,83,55,9
1,r_19_116_16,r_105_20_13,r_130_100_7,r_105_20_13,0.79,2,15,13,9
37,r_120_124_53,seq57,r_32_17_44,r_120_124_53,0.48,108,161,53,9
22,r_107_92_184,seq18,r_47_90_28,r_47_90_28,0.8,156,184,28,9
28,r_118_95_149,r_37_111_166,r_47_90_28,r_118_95_149,0.73,0,149,149,9
49,r_77_16_164,seq129,r_104_147_127,r_77_16_164,0.61,0,164,164,9
44,r_136_101_142,seq33,seq13,r_136_101_142,0.84,1,143,142,9
23,r_119_86_61,seq133,seq122,r_119_86_61,1.0,0,61,61,9
12,r_143_87_94,r_109_98_99,seq23,r_143_87_94,0.84,5,99,94,9
93,seq105,r_28_92_179,r_20_123_60,r_20_123_60,0.87,0,60,60,10
6,r_115_42_18,r_34_131_13,seq146,r_115_42_18,1.0,0,18,18,10
37,r_110_122_196,seq132,r_43_3_87,r_43_3_87,0.97,50,137,87,10
59,seq130,r_71_107_140,r_145_65_30,r_145_65_30,0.85,110,140,30,10
55,seq6,seq133,r_18_90_66,r_18_90_66,1.0,2,68,66,10
16,r_24_111_80,r_40_23_178,r_104_12_41,r_24_111_80,0.58,-39,41,80,10
1,r_37_48_102,r_120_56_148,seq49,r_37_48_102,1.0,2,104,102,10
5,r_28_92_179,seq105,r_95_62_10,r_95_62_10,0.5,171,181,10,10
46,r_74_17_166,seq75,r_27_82_68,r_27_82_68,1.0,100,168,68,10
42,r_4_69_93,r_102_119_131,seq31,r_4_69_93,1.0,0,93,93,10
12,r_145_65_30,r_28_92_179,seq130,r_145_65_30,1.0,0,30,30,10
62,seq16,r_9_47_42,seq33,r_9_47_42,1.0,0,42,42,10
85,seq78,r_93_67_167,r_129_148_5,r_129_148_5,0.97,6,11,5,10
19,r_22_36_115,seq53,r_21_83_83,r_22_36_115,0.85,0,115,115,10
75,seq51,r_96_87_45,r_102_119_131,r_102_119_131,0.79,2,133,131,10
95,seq117,r_59_124_134,seq143,r_59_124_134,0.95,4,138,134,10
43,r_60_135_46,seq31,seq132,r_60_135_46,1.0,-3,43,46,10
45,r_13_41_27,seq121,r_10_0_145,r_13_41_27,0.78,1,28,27,10
39,r_30_125_9,r_27_82_68,r_96_87_45,r_27_82_68,0.51,3,71,68,10
31,r_59_124_134,seq117,seq49,r_59_124_134,0.96,0,134,134,10
41,r_106_72_107,seq50,seq14,r_106_72_107,0.99,0,107,107,10
36,r_104_12_41,seq128,r_24_111_80,r_104_12_41,0.75,-9,32,41,10
89,seq94,r_28_92_179,r_38_147_58,r_38_147_58,0.77,4,62,58,10
10,r_40_23_178,seq58,r_136_8_95,r_136_8_95,1.0,83,178,95,10
90,seq97,r_142_85_129,seq84,r_142_85_129,1.0,1,130,129,10
72,seq45,r_71_107_140,r_145_65_30,r_145_65_30,0.58,118,148,30,10
48,r_120_56_148,seq1,seq75,r_120_56_148,0.67,1,149,148,10
4,r_142_85_129,seq97,seq58,r_142_85_129,1.0,1,130,129,10
73,seq49,r_34_131_13,r_59_124_134,r_59_124_134,1.0,4,138,134,10
11,r_21_83_83,r_10_0_145,seq146,r_21_83_83,0.99,0,83,83,10
13,r_89_73_165,r_46_86_139,r_71_107_140,r_46_86_139,0.62,27,166,139,10
15,r_102_119_131,r_71_107_140,seq51,r_102_119_131,0.89,2,133,131,10
48,r_120_56_148,r_37_48_102,seq1,r_37_48_102,0.99,-8,94,102,10
18,r_76_44_31,r_113_99_117,r_46_86_139,r_76_44_31,1.0,0,31,31,10
14,r_79_80_35,r_20_123_60,seq140,r_79_80_35,1.0,1,36,35,10
36,r_104_12_41,r_129_148_5,seq58,r_104_12_41,0.52,87,128,41,10
0,r_27_82_68,r_30_125_9,seq146,r_27_82_68,1.0,3,71,68,10
75,seq51,r_102_119_131,r_9_47_42,r_102_119_131,0.47,49,180,131,10
27,r_98_114_101,r_102_119_131,r_13_41_27,r_98_114_101,1.0,0,101,101,10
33,r_96_87_45,seq141,r_30_125_9,r_96_87_45,0.96,-5,40,45,10
47,r_71_107_140,r_102_119_131,r_145_65_30,r_71_107_140,0.96,-66,74,140,10
40,r_100_52_109,seq70,seq105,r_100_52_109,0.87,-1,108,109,10
29,r_7_35_174,seq14,r_13_41_27,r_7_35_174,0.75,0,174,174,10
35,r_10_0_145,r_13_41_27,r_145_65_30,r_10_0_145,0.88,0,145,145,10
25,r_88_66_138,seq63,seq128,r_88_66_138,0.69,2,140,138,10
47,r_71_107_140,r_145_65_30,r_89_73_165,r_71_107_140,0.79,23,163,140,10
44,r_9_47_42,seq16,seq53,r_9_47_42,1.0,3,45,42,10
16,r_24_111_80,r_104_12_41,r_115_42_18,r_24_111_80,0.97,0,80,80,10
32,r_55_81_157,seq33,r_46_86_139,r_55_81_157,0.47,2,159,157,10
38,r_113_99_117,seq51,seq143,r_113_99_117,1.0,0,117,117,10
52,seq2,r_137_19_155,r_26_112_187,r_137_19_155,0.87,0,155,155,10
34,r_137_19_155,seq2,seq127,r_137_19_155,0.72,0,155,155,10
75,seq51,r_113_99_117,r_96_87_45,r_96_87_45,0.66,72,117,45,10
60,seq14,r_7_35_174,r_106_72_107,r_106_72_107,0.98,41,148,107,10
45,r_13_41_27,r_10_0_145,r_98_114_101,r_13_41_27,0.96,118,145,27,10
9,r_136_8_95,r_74_17_166,r_109_139_2,r_136_8_95,1.0,1,96,95,10
36,r_104_12_41,r_24_111_80,r_129_148_5,r_104_12_41,0.9,39,80,41,10
22,r_77_68_181,seq146,r_96_87_45,r_96_87_45,1.0,136,181,45,10
35,r_10_0_145,r_21_83_83,r_13_41_27,r_10_0_145,0.9,-117,28,145,10
49,r_43_3_87,r_137_19_155,r_110_122_196,r_43_3_87,0.93,1,88,87,10
24,r_38_147_58,seq2,seq94,r_38_147_58,0.98,0,58,58,10
7,r_20_123_60,r_89_73_165,seq105,r_20_123_60,0.98,0,60,60,10
23,r_18_90_66,r_100_52_109,seq6,r_18_90_66,0.93,-4,62,66,10
79,seq58,r_40_23_178,r_142_85_129,r_142_85_129,0.97,49,178,129,10
2,r_95_62_10,r_27_82_68,seq149,r_95_62_10,0.8,1,11,10,10
84,seq75,r_74_17_166,r_120_56_148,r_74_17_166,0.61,2,168,166,10
30,r_71_139_28,seq141,seq46,r_71_139_28,0.77,-4,24,28,11
8,r_55_74_113,seq50,r_24_111_71,r_55_74_113,1.0,0,113,113,11
43,r_96_143_136,seq43,r_16_81_9,r_96_143_136,0.98,0,136,136,11
37,r_77_70_68,r_79_48_174,r_94_4_23,r_77_70_68,1.0,0,68,68,11
21,r_89_132_103,seq128,seq3,r_89_132_103,0.95,0,103,103,11
32,r_112_60_16,r_126_8_82,r_84_78_11,r_112_60_16,1.0,0,16,16,11
5,r_119_86_62,r_49_14_161,seq33,r_119_86_62,1.0,1,63,62,11
46,r_6_87_119,r_116_2_178,seq38,r_6_87_119,0.99,0,119,119,11
22,r_123_27_24,seq106,seq146,r_123_27_24,1.0,0,24,24,11
45,r_113_137_86,seq82,r_24_111_71,r_113_137_86,0.59,10,96,86,11
15,r_84_78_11,r_91_109_153,seq59,r_84_78_11,0.86,-1,10,11,11
24,r_136_121_12,r_89_132_103,seq21,r_89_132_103,0.94,0,103,103,11
23,r_34_85_44,r_23_88_45,seq61,r_34_85_44,1.0,0,44,44,11
14,r_67_37_37,seq64,r_114_95_32,r_67_37_37,0.92,0,37,37,11
76,seq53,r_49_14_161,r_125_102_154,r_49_14_161,0.98,-80,81,161,11
38,r_114_95_32,seq146,seq43,r_114_95_32,1.0,-1,31,32,11
41,r_92_145_69,seq140,seq82,r_92_145_69,0.76,0,69,69,11
10,r_99_83_100,r_79_48_174,r_134_127_4,r_99_83_100,1.0,0,100,100,11
80,seq61,seq101,r_34_85_44,r_34_85_44,0.73,2,46,44,11
6,r_32_72_185,r_36_65_188,seq128,r_32_72_185,0.92,0,185,185,11
26,r_49_14_161,seq107,r_80_54_42,r_80_54_42,1.0,119,161,42,11
14,r_67_37_37,r_114_95_32,seq98,r_67_37_37,0.59,109,146,37,11
0,r_44_100_184,seq64,r_9_42_84,r_9_42_84,1.0,0,84,84,11
11,r_148_103_73,seq59,seq105,r_148_103_73,0.97,0,73,73,11
20,r_126_8_82,seq1,r_149_129_35,r_126_8_82,1.0,1,83,82,11
48,r_108_5_173,r_13_52_131,r_92_145_69,r_108_5_173,0.82,1,174,173,11
6,r_32_72_185,seq47,r_119_86_62,r_119_86_62,1.0,25,87,62,11
0,r_44_100_184,r_9_42_84,r_84_78_11,r_9_42_84,0.67,100,184,84,11
31,r_28_62_14,seq101,seq12,r_28_62_14,0.56,-4,10,14,11
36,r_23_88_45,seq21,seq82,r_23_88_45,1.0,0,45,45,11
25,r_66_69_33,seq98,seq57,r_66_69_33,1.0,-2,31,33,11
39,r_9_42_84,r_44_100_184,seq97,r_44_100_184,0.85,0,184,184,11
39,r_9_42_84,seq128,r_44_100_184,r_9_42_84,0.91,0,84,84,11
34,r_56_10_7,r_113_137_86,r_11_31_85,r_56_10_7,0.5,82,89,7,11
6,r_32_72_185,r_119_86_62,r_36_65_188,r_119_86_62,0.69,91,153,62,11
65,seq35,r_147_122_65,seq144,r_147_122_65,0.65,2,67,65,11
81,seq64,r_67_37_37,r_44_100_184,r_67_37_37,1.0,-4,33,37,11
9,r_130_133_52,seq141,seq128,r_130_133_52,1.0,-2,50,52,11
24,r_136_121_12,r_114_95_32,r_89_132_103,r_136_121_12,0.98,0,12,12,11
17,r_15_26_88,seq50,seq106,r_15_26_88,0.98,0,88,88,11
94,seq106,seq98,r_15_26_88,r_15_26_88,0.99,4,92,88,11
35,r_75_124_130,seq3,r_63_104_8,r_75_124_130,0.99,0,130,130,11
12,r_24_111_71,seq46,r_113_137_86,r_24_111_71,0.62,33,104,71,11
3,r_80_54_42,r_119_86_62,seq144,r_80_54_42,0.98,0,42,42,11
93,seq109,r_18_102_168,r_78_95_75,r_78_95_75,1.0,28,103,75,12
40,r_3_28_20,seq64,r_131_11_1,r_3_28_20,0.99,0,20,20,12
14,r_48_68_152,seq35,r_37_147_128,r_48_68_152,0.48,0,152,152,12
8,r_90_94_82,seq146,seq65,r_90_94_82,0.99,0,82,82,12
37,r_33_41_162,seq56,r_10_148_99,r_33_41_162,0.8,0,162,162,12
13,r_31_83_45,r_73_40_180,r_130_67_66,r_31_83_45,0.91,0,45,45,12
18,r_72_15_51,r_138_139_181,seq39,r_72_15_51,1.0,5,56,51,12
55,seq13,r_8_106_170,r_135_66_93,r_135_66_93,0.88,34,127,93,12
16,r_77_71_102,seq29,seq38,r_77_71_102,0.65,4,106,102,12
21,r_10_148_99,r_18_102_168,seq29,r_10_148_99,0.79,0,99,99,12
42,r_19_85_129,r_74_149_192,r_10_148_99,r_19_85_129,0.77,0,129,129,12
39,r_88_7_29,r_76_12_87,seq126,r_76_12_87,1.0,0,87,87,12
0,r_114_134_40,seq136,r_4_60_17,r_114_134_40,0.63,-18,22,40,12
29,r_82_107_30,seq13,seq99,r_82_107_30,1.0,0,30,30,12
19,r_43_98_31,seq45,seq65,r_43_98_31,1.0,0,31,31,12
66,seq29,r_77_71_102,r_10_148_99,r_10_148_99,1.0,7,106,99,12
39,r_88_7_29,r_31_83_45,r_76_12_87,r_88_7_29,0.73,0,29,29,12
31,r_119_63_103,r_132_6_141,r_140_110_64,r_119_63_103,0.91,0,103,103,12
3,r_92_129_145,seq89,seq2,r_92_129_145,0.98,0,145,145,12
26,r_78_95_75,r_100_84_78,seq109,r_78_95_75,1.0,1,76,75,12
43,r_23_115_36,r_97_117_157,seq142,r_23_115_36,1.0,0,36,36,12
4,r_44_59_84,seq55,r_23_115_36,r_44_59_84,1.0,0,84,84,12
11,r_122_96_111,seq126,seq101,r_122_96_111,0.95,5,116,111,12
20,r_73_40_180,seq29,r_130_67_66,r_130_67_66,1.0,3,69,66,12
0,r_114_134_40,r_4_60_17,seq81,r_114_134_40,1.0,3,43,40,12
15,r_37_147_128,r_74_149_192,r_69_104_72,r_37_147_128,0.75,0,128,128,12
48,r_14_22_63,seq34,r_31_83_45,r_14_22_63,1.0,0,63,63,12
33,r_58_24_70,r_8_106_170,r_76_12_87,r_58_24_70,0.92,33,103,70,12
30,r_4_60_17,r_82_107_30,r_114_134_40,r_4_60_17,1.0,0,17,17,12
79,seq62,r_113_118_42,seq26,r_113_118_42,1.0,2,44,42,12
13,r_31_83_45,r_130_67_66,r_14_22_63,r_31_83_45,0.81,22,67,45,12
41,r_86_53_91,r_97_117_157,r_131_11_1,r_97_117_157,0.74,-28,129,157,12
2,r_135_66_93,seq141,seq13,r_135_66_93,0.99,0,93,93,12
24,r_124_46_126,r_33_41_162,r_44_59_84,r_124_46_126,0.91,0,126,126,12
34,r_130_67_66,r_73_40_180,r_10_148_99,r_10_148_99,0.56,75,174,99,12
36,r_76_12_87,seq126,r_88_7_29,r_88_7_29,1.0,2,31,29,12
33,r_58_24_70,r_135_66_93,r_8_106_170,r_58_24_70,0.78,1,71,70,12
30,r_4_60_17,r_114_134_40,r_57_123_12,r_114_134_40,0.91,6,46,40,12
49,r_21_42_54,seq146,r_113_118_42,r_113_118_42,1.0,0,42,42,12
20,r_73_40_180,r_130_67_66,r_90_94_82,r_90_94_82,0.6,98,180,82,12
1,r_0_120_56,r_138_139_181,seq64,r_0_120_56,1.0,0,56,56,12
32,r_8_106_170,seq91,r_57_123_12,r_8_106_170,0.78,1,171,170,12
47,r_113_118_42,seq62,r_21_42_54,r_113_118_42,1.0,0,42,42,12
77,seq56,r_33_41_162,r_140_110_64,r_140_110_64,1.0,98,162,64,12
34,r_130_67_66,seq5,r_73_40_180,r_130_67_66,0.95,1,67,66,12
17,r_75_47_105,r_131_11_1,r_44_59_84,r_75_47_105,1.0,0,105,105,12
46,r_51_32_23,seq38,seq80,r_51_32_23,1.0,0,23,23,12
94,seq111,r_140_110_64,seq65,r_140_110_64,1.0,0,64,64,12
9,r_97_117_157,r_54_50_164,r_48_68_152,r_48_68_152,0.66,5,157,152,12
22,r_100_84_78,r_77_71_102,r_57_123_12,r_100_84_78,0.76,1,79,78,12
35,r_70_1_28,r_33_41_162,seq45,r_70_1_28,0.99,0,28,28,12
56,seq142,r_49_108_178,r_23_115_36,r_23_115_36,1.0,37,73,36,12
7,r_30_93_117,r_74_149_192,r_44_59_84,r_30_93_117,0.91,2,119,117,12
12,r_140_110_64,r_33_41_162,r_119_63_103,r_119_63_103,0.67,5,108,103,12
44,r_112_27_189,seq65,r_57_123_12,r_112_27_189,0.33,0,189,189,12
23,r_132_6_141,seq145,r_51_32_23,r_132_6_141,0.87,0,141,141,12
36,r_76_12_87,r_88_7_29,r_58_24_70,r_76_12_87,1.0,0,87,87,12
12,r_140_110_64,seq111,r_33_41_162,r_140_110_64,0.98,0,64,64,12
89,seq99,seq136,r_82_107_30,r_82_107_30,1.0,4,34,30,12
30,r_64_26_62,seq38,r_91_17_148,r_64_26_62,1.0,2,64,62,13
42,r_94_101_31,r_64_26_62,seq34,r_64_26_62,0.9,-31,31,62,13
17,r_62_58_57,seq72,seq23,r_62_58_57,0.98,0,57,57,13
50,seq128,seq41,r_1_3_12,r_1_3_12,0.87,37,49,12,13
53,seq7,r_107_100_159,r_68_76_68,r_68_76_68,1.0,8,76,68,13
43,r_109_124_161,r_57_97_182,r_112_115_107,r_109_124_161,0.71,0,161,161,13
54,seq8,seq56,r_141_110_74,r_141_110_74,0.99,9,83,74,13
37,r_57_97_182,seq21,r_64_26_62,r_64_26_62,0.96,120,182,62,13
59,seq16,r_5_137_96,seq142,r_5_137_96,1.0,2,98,96,13
16,r_149_99_110,r_127_114_99,seq54,r_149_99_110,0.82,-2,108,110,13
39,r_95_6_172,seq22,r_15_81_145,r_95_6_172,0.41,2,174,172,13
1,r_10_51_153,r_146_65_127,r_104_45_154,r_146_65_127,0.88,7,134,127,13
5,r_71_108_155,r_40_29_144,r_94_101_31,r_94_101_31,0.72,115,146,31,13
46,r_119_143_158,seq9,r_141_110_74,r_119_143_158,0.78,0,158,158,13
15,r_43_129_50,seq111,seq142,r_43_129_50,1.0,0,50,50,13
19,r_1_3_12,r_91_17_148,seq128,r_1_3_12,0.96,0,12,12,13
31,r_104_45_154,r_42_50_109,r_149_99_110,r_104_45_154,0.76,4,158,154,13
41,r_0_93_175,seq33,r_133_14_86,r_0_93_175,0.52,0,175,175,13
14,r_139_96_56,seq37,seq47,r_139_96_56,1.0,0,56,56,13
3,r_107_100_159,seq7,r_75_82_91,r_75_82_91,0.97,69,160,91,13
10,r_135_25_123,seq140,r_132_148_49,r_135_25_123,0.98,0,123,123,13
28,r_69_90_20,r_131_86_198,seq130,r_69_90_20,0.99,0,20,20,13
26,r_40_29_144,seq54,r_68_76_68,r_68_76_68,0.52,77,145,68,13
4,r_127_114_99,r_149_99_110,seq23,r_127_114_99,0.9,9,108,99,13
78,seq54,r_40_29_144,r_149_99_110,r_149_99_110,0.79,35,145,110,13
0,r_73_92_187,seq142,r_1_3_12,r_1_3_12,0.8,178,190,12,13
20,r_68_76_68,r_42_50_109,seq7,r_68_76_68,0.93,3,71,68,13
13,r_75_82_91,r_89_35_129,seq66,r_75_82_91,0.99,0,91,91,13
8,r_123_126_51,seq11,r_12_24_8,r_123_126_51,1.0,1,52,51,13
57,seq140,r_135_25_123,r_91_17_148,r_135_25_123,0.96,0,123,123,13
6,r_146_65_127,r_10_51_153,seq130,r_146_65_127,0.71,7,134,127,13
7,r_144_80_24,r_94_101_31,seq20,r_144_80_24,0.73,0,24,24,13
27,r_5_137_96,seq16,r_123_126_51,r_5_137_96,1.0,2,98,96,13
51,seq130,r_69_90_20,r_146_65_127,r_146_65_127,0.82,-1,126,127,13
2,r_89_35_129,seq46,r_127_114_99,r_89_35_129,0.91,1,130,129,13
40,r_55_85_125,r_119_143_158,r_42_50_109,r_55_85_125,0.83,0,125,125,13
74,seq46,r_89_35_129,r_105_49_115,r_89_35_129,0.99,1,130,129,13
29,r_42_50_109,r_104_45_154,r_134_116_13,r_104_45_154,0.59,-93,61,154,13
25,r_112_115_107,seq36,seq11,r_112_115_107,1.0,0,107,107,13
33,r_133_14_86,r_131_86_198,seq28,r_133_14_86,1.0,0,86,86,13
47,r_132_148_49,seq121,seq38,r_132_148_49,0.88,2,51,49,13
65,seq23,r_146_65_127,r_127_114_99,r_127_114_99,0.72,35,134,99,13
68,seq33,r_0_93_175,r_112_115_107,r_112_115_107,0.89,33,140,107,13
38,r_145_31_130,seq72,r_105_49_115,r_145_31_130,0.96,4,134,130,13
95,seq111,r_43_129_50,seq46,r_43_129_50,1.0,0,50,50,13
34,r_138_30_59,r_1_3_12,seq38,r_138_30_59,0.92,-48,11,59,13
60,seq18,r_12_24_8,r_91_17_148,r_91_17_148,0.74,-31,117,148,13
9,r_52_67_80,r_75_82_91,seq122,r_75_82_91,1.0,-3,88,91,13
36,r_125_113_42,r_127_114_99,seq20,r_125_113_42,0.99,1,43,42,13
49,r_12_24_8,seq18,r_123_126_51,r_123_126_51,1.0,16,67,51,13
35,r_141_110_74,seq70,seq8,r_141_110_74,0.89,2,76,74,13
12,r_118_32_178,seq46,r_43_129_50,r_43_129_50,1.0,130,180,50,13
30,r_36_65_179,seq112,seq11,r_36_65_179,0.46,2,181,179,14
36,r_27_34_69,seq33,r_95_43_7,r_27_34_69,1.0,1,70,69,14
8,r_60_140_93,seq31,seq131,r_60_140_93,1.0,1,94,93,14
83,seq75,r_16_123_63,r_125_121_26,r_16_123_63,0.64,1,64,63,14
16,r_14_87_165,r_95_43_7,seq108,r_14_87_165,0.64,0,165,165,14
21,r_22_32_195,r_85_127_64,seq63,r_85_127_64,1.0,0,64,64,14
39,r_37_116_128,seq112,r_40_15_10,r_37_116_128,0.76,0,128,128,14
1,r_101_9_169,r_94_25_4,r_67_117_9,r_94_25_4,0.6,166,170,4,14
42,r_97_132_163,seq78,seq146,r_97_132_163,0.88,0,163,163,14
80,seq69,r_101_9_169,r_7_55_99,r_7_55_99,0.98,12,111,99,14
32,r_111_84_56,r_82_137_140,seq138,r_82_137_140,1.0,0,140,140,14
45,r_110_89_123,seq149,seq42,r_110_89_123,0.96,6,129,123,14
19,r_19_54_107,seq74,seq144,r_19_54_107,0.76,0,107,107,14
66,seq33,r_27_34_69,seq74,r_27_34_69,1.0,1,70,69,14
41,r_102_73_197,seq148,r_82_137_140,r_82_137_140,0.89,-1,139,140,14
3,r_68_58_119,seq144,seq1,r_68_58_119,0.92,1,120,119,14
10,r_106_105_92,seq17,seq107,r_106_105_92,1.0,0,92,92,14
25,r_6_109_45,r_102_73_197,seq112,r_6_109_45,0.97,0,45,45,14
4,r_71_98_180,seq144,r_101_9_169,r_71_98_180,0.69,1,181,180,14
0,r_130_135_121,seq92,seq148,r_130_135_121,0.99,0,121,121,14
63,seq23,r_7_55_99,seq112,r_7_55_99,1.0,0,99,99,14
11,r_119_21_162,seq112,seq78,r_119_21_162,0.56,1,163,162,14
5,r_41_141_43,r_8_12_139,seq51,r_41_141_43,0.73,4,47,43,14
13,r_26_18_72,seq11,seq50,r_26_18_72,1.0,0,72,72,14
48,r_57_143_137,seq147,r_145_53_151,r_57_143_137,0.95,3,140,137,14
57,seq144,r_71_98_180,r_19_54_107,r_19_54_107,0.92,0,107,107,14
12,r_82_137_140,r_111_84_56,r_102_73_197,r_82_137_140,0.99,0,140,140,14
6,r_7_55_99,seq23,seq69,r_7_55_99,1.0,0,99,99,14
9,r_44_13_37,r_41_141_43,r_94_25_4,r_44_13_37,0.99,0,37,37,14
47,r_100_64_167,seq131,r_97_132_163,r_100_64_167,0.82,0,167,167,14
40,r_95_43_7,r_14_87_165,r_27_34_69,r_27_34_69,1.0,54,123,69,14
18,r_129_29_135,seq107,seq112,r_129_29_135,0.99,5,140,135,14
46,r_88_113_27,r_26_18_72,r_94_25_4,r_26_18_72,0.49,-42,30,72,14
61,seq148,r_102_73_197,r_130_135_121,r_130_135_121,0.92,0,121,121,14
7,r_28_86_25,r_41_141_43,r_95_43_7,r_28_86_25,0.97,3,28,25,14
2,r_125_121_26,seq63,seq74,r_125_121_26,0.91,4,30,26,14
33,r_85_127_64,r_22_32_195,r_139_133_51,r_85_127_64,0.99,0,64,64,14
32,r_111_84_56,seq115,r_82_137_140,r_111_84_56,1.0,1,57,56,14
58,seq17,r_106_105_92,r_67_117_9,r_106_105_92,1.0,-5,87,92,14
61,seq148,r_70_0_58,r_102_73_197,r_70_0_58,0.91,-21,37,58,14
37,r_70_0_58,seq148,seq131,r_70_0_58,0.99,0,58,58,14
28,r_5_81_39,r_7_55_99,seq3,r_5_81_39,0.66,6,45,39,14
34,r_45_35_184,seq74,r_93_30_130,r_45_35_184,0.35,0,184,184,14
29,r_20_80_48,r_145_53_151,seq56,r_20_80_48,1.0,0,48,48,14
17,r_48_61_172,seq10,r_125_121_26,r_48_61_172,0.55,0,172,172,14
43,r_139_133_51,r_93_30_130,r_85_127_64,r_85_127_64,1.0,13,77,64,14
31,r_93_30_130,r_103_90_57,r_139_133_51,r_139_133_51,0.62,8,59,51,14
23,r_103_90_57,seq146,seq128,r_103_90_57,0.99,2,59,57,14
22,r_134_47_178,seq51,seq91,r_134_47_178,0.63,1,179,178,14
49,r_8_12_139,seq42,seq49,r_8_12_139,0.69,4,143,139,14
50,seq128,r_38_46_133,r_103_90_57,r_103_90_57,1.0,-2,55,57,14
44,r_16_123_63,seq75,seq144,r_16_123_63,1.0,1,64,63,14
20,r_40_15_10,r_6_109_45,seq10,r_40_15_10,1.0,0,10,10,14
43,r_139_133_51,r_129_29_135,r_93_30_130,r_139_133_51,0.98,0,51,51,14
82,seq74,r_45_35_184,r_125_121_26,r_125_121_26,0.98,111,137,26,14
12,r_82_137_140,seq138,r_111_84_56,r_111_84_56,1.0,14,70,56,14
84,seq76,r_96_4_190,r_26_18_72,r_26_18_72,1.0,118,190,72,14
14,r_17_67_173,r_32_59_197,r_81_103_94,r_17_67_173,0.64,4,177,173,15
8,r_55_132_74,r_60_147_91,r_110_124_50,r_55_132_74,0.86,4,78,74,15
43,r_90_62_67,r_81_103_94,seq24,r_90_62_67,0.93,2,69,67,15
37,r_73_87_104,seq23,r_146_119_46,r_73_87_104,0.92,0,104,104,15
54,seq9,r_17_67_173,r_37_116_126,r_37_116_126,0.58,2,128,126,15
71,seq48,r_82_106_161,r_127_51_57,r_82_106_161,0.73,0,161,161,15
86,seq94,r_4_117_97,r_26_131_78,r_26_131_78,0.95,21,99,78,15
21,r_32_59_197,r_17_67_173,r_47_72_51,r_47_72_51,1.0,15,66,51,15
39,r_129_19_86,r_52_139_98,seq99,r_129_19_86,1.0,0,86,86,15
1,r_37_116_126,seq96,seq9,r_37_116_126,0.59,-2,124,126,15
7,r_77_125_100,r_50_78_183,seq107,r_77_125_100,1.0,0,100,100,15
5,r_81_103_94,seq122,r_4_117_97,r_81_103_94,0.96,0,94,94,15
46,r_50_78_183,r_134_95_196,seq65,r_50_78_183,0.49,-122,61,183,15
90,seq102,r_146_119_46,r_140_46_23,r_140_46_23,1.0,0,23,23,15
44,r_140_46_23,r_63_58_83,seq102,r_140_46_23,0.87,0,23,23,15
19,r_53_30_148,r_5_114_150,r_129_19_86,r_129_19_86,0.98,62,148,86,15
8,r_55_132_74,r_110_124_50,seq70,r_110_124_50,0.54,62,112,50,15
20,r_133_0_21,r_141_105_56,seq122,r_133_0_21,0.86,0,21,21,15
27,r_47_72_51,r_146_119_46,r_32_59_197,r_47_72_51,1.0,0,51,51,15
38,r_138_84_31,r_104_123_73,seq56,r_138_84_31,0.99,0,31,31,15
31,r_26_131_78,seq96,r_104_123_73,r_26_131_78,1.0,0,78,78,15
89,seq99,r_43_145_143,r_129_19_86,r_129_19_86,1.0,57,143,86,15
26,r_63_58_83,seq121,r_41_85_66,r_63_58_83,1.0,0,83,83,15
4,r_142_98_124,seq22,r_146_119_46,r_142_98_124,0.79,0,124,124,15
0,r_27_64_129,r_134_95_196,r_36_101_77,r_134_95_196,0.76,-56,140,196,15
11,r_11_76_134,seq115,seq14,r_11_76_134,0.87,0,134,134,15
33,r_44_135_29,r_81_103_94,seq111,r_44_135_29,0.97,-4,25,29,15
98,seq122,r_81_103_94,seq86,r_81_103_94,1.0,0,94,94,15
18,r_71_109_34,r_28_42_141,seq40,r_71_109_34,0.56,2,36,34,15
46,r_50_78_183,seq65,seq12,r_50_78_183,0.88,1,184,183,15
48,r_75_13_128,r_5_114_150,seq107,r_75_13_128,0.93,1,129,128,15
7,r_77_125_100,r_134_95_196,r_50_78_183,r_77_125_100,0.78,-52,48,100,15
13,r_28_42_141,r_43_145_143,r_142_98_124,r_28_42_141,0.95,0,141,141,15
62,seq22,r_142_98_124,seq70,r_142_98_124,1.0,1,125,124,15
66,seq31,r_141_105_56,seq121,r_141_105_56,0.99,0,56,56,15
2,r_43_145_143,seq99,seq2,r_43_145_143,0.63,0,143,143,15
47,r_104_123_73,seq18,r_26_131_78,r_26_131_78,0.88,-4,74,78,15
70,seq45,r_33_108_180,r_110_124_50,r_110_124_50,1.0,0,50,50,15
24,r_127_51_57,r_39_137_185,seq79,r_127_51_57,0.61,6,63,57,15
13,r_28_42_141,r_71_109_34,r_43_145_143,r_71_109_34,0.77,1,35,34,15
42,r_74_100_12,r_81_103_94,r_112_130_179,r_74_100_12,0.9,-1,11,12,15
42,r_74_100_12,r_112_130_179,seq48,r_112_130_179,0.72,0,179,179,15
41,r_68_15_28,r_44_135_29,r_41_85_66,r_41_85_66,0.97,6,72,66,15
32,r_33_108_180,seq45,r_77_125_100,r_77_125_100,0.94,73,173,100,15
25,r_110_124_50,r_36_101_77,seq45,r_110_124_50,1.0,0,50,50,15
77,seq66,r_52_139_98,seq54,r_52_139_98,1.0,0,98,98,15
29,r_112_130_179,r_43_145_143,r_74_100_12,r_112_130_179,0.56,-167,12,179,15
41,r_68_15_28,r_47_72_51,r_44_135_29,r_68_15_28,0.94,0,28,28,15
34,r_5_114_150,r_53_30_148,r_149_136_102,r_5_114_150,0.42,-2,148,150,15
94,seq115,r_11_76_134,r_141_105_56,r_141_105_56,1.0,78,134,56,15
9,r_83_91_92,r_81_103_94,seq49,r_83_91_92,0.66,3,95,92,15
29,r_112_130_179,r_74_100_12,r_138_84_31,r_112_130_179,0.41,0,179,179,15
22,r_41_85_66,seq48,r_68_15_28,r_68_15_28,0.59,41,69,28,15
28,r_4_117_97,seq94,r_81_103_94,r_4_117_97,0.92,-1,96,97,15
23,r_141_105_56,seq31,seq115,r_141_105_56,1.0,0,56,56,15
49,r_82_106_161,seq48,seq31,r_82_106_161,0.7,0,161,161,15
35,r_36_101_77,seq94,seq49,r_36_101_77,0.88,2,79,77,15
12,r_52_139_98,seq66,seq25,r_52_139_98,1.0,0,98,98,15
23,r_26_132_38,seq22,r_148_114_140,r_26_132_38,0.97,0,38,38,16
36,r_9_112_146,seq14,r_127_69_197,r_9_112_146,0.96,0,146,146,16
21,r_94_92_121,r_87_117_96,seq85,r_87_117_96,0.95,0,96,96,16
39,r_31_52_101,r_133_67_119,r_140_38_39,r_31_52_101,1.0,0,101,101,16
1,r_118_71_60,r_145_7_178,r_79_45_153,r_118_71_60,0.93,1,61,60,16
46,r_37_41_137,seq51,seq6,r_37_41_137,0.88,0,137,137,16
42,r_87_117_96,r_94_92_121,seq51,r_87_117_96,1.0,0,96,96,16
80,seq74,r_123_134_129,seq24,r_123_134_129,0.95,1,130,129,16
26,r_133_67_119,r_126_88_174,seq90,r_126_88_174,0.92,0,174,174,16
48,r_140_38_39,seq40,seq129,r_140_38_39,1.0,-1,38,39,16
45,r_5_53_102,r_126_88_174,seq50,r_5_53_102,0.98,0,102,102,16
19,r_15_46_160,seq21,r_20_89_41,r_20_89_41,0.85,122,163,41,16
21,r_94_92_121,seq85,seq80,r_94_92_121,0.95,3,124,121,16
43,r_62_0_50,seq1,seq28,r_62_0_50,1.0,-1,49,50,16
1,r_118_71_60,r_79_45_153,r_39_108_79,r_118_71_60,0.85,24,84,60,16
27,r_145_7_178,r_20_89_41,seq139,r_20_89_41,0.64,138,179,41,16
26,r_133_67_119,r_31_52_101,r_20_89_41,r_20_89_41,0.77,15,56,41,16
31,r_19_143_85,seq90,seq128,r_19_143_85,0.92,15,100,85,16
3,r_97_4_143,seq36,seq128,r_97_4_143,0.86,1,144,143,16
10,r_147_109_71,seq6,r_8_142_29,r_147_109_71,1.0,0,71,71,16
4,r_103_72_116,r_84_137_194,seq85,r_103_72_116,0.99,0,116,116,16
0,r_65_25_123,seq18,seq54,r_65_25_123,0.91,1,124,123,16
11,r_100_98_74,r_111_110_122,seq124,r_100_98_74,1.0,0,74,74,16
98,seq125,r_84_137_194,r_26_132_38,r_26_132_38,0.99,122,160,38,16
2,r_20_89_41,r_100_98_74,r_16_44_33,r_16_44_33,0.85,7,40,33,16
14,r_68_2_37,seq17,seq51,r_68_2_37,0.99,-1,36,37,16
6,r_123_134_129,seq74,seq78,r_123_134_129,0.98,1,130,129,16
8,r_121_47_22,seq17,seq21,r_121_47_22,1.0,0,22,22,16
85,seq85,r_106_56_88,r_103_72_116,r_103_72_116,0.99,13,129,116,16
99,seq149,r_87_117_96,seq85,r_87_117_96,1.0,0,96,96,16
59,seq17,r_68_2_37,r_115_77_114,r_68_2_37,0.64,1,38,37,16
25,r_148_114_140,r_39_108_79,r_26_132_38,r_148_114_140,0.64,-102,38,140,16
51,seq1,r_84_137_194,r_100_98_74,r_100_98_74,0.59,64,138,74,16
69,seq40,seq119,r_65_25_123,r_65_25_123,0.68,48,171,123,16
74,seq54,seq119,r_65_25_123,r_65_25_123,0.97,-2,121,123,16
28,r_16_44_33,seq78,r_20_89_41,r_20_89_41,1.0,0,41,41,16
18,r_115_77_114,seq82,seq17,r_115_77_114,0.52,7,121,114,16
7,r_126_88_174,r_133_67_119,r_15_46_160,r_126_88_174,1.0,1,175,174,16
24,r_106_56_88,seq85,seq36,r_106_56_88,0.7,0,88,88,16
33,r_35_34_72,r_100_98_74,r_147_109_71,r_35_34_72,1.0,0,72,72,16
70,seq42,seq21,r_70_86_97,r_70_86_97,0.98,-5,92,97,16
49,r_95_3_17,r_118_71_60,seq101,r_95_3_17,1.0,0,17,17,16
32,r_79_45_153,r_59_131_186,r_147_109_71,r_147_109_71,0.72,90,161,71,16
38,r_59_131_186,r_79_45_153,seq144,r_79_45_153,0.64,0,153,153,16
41,r_8_142_29,r_146_29_189,seq14,r_8_142_29,1.0,-1,28,29,16
17,r_57_32_57,r_127_69_197,r_20_89_41,r_57_32_57,1.0,1,58,57,16
60,seq18,r_65_25_123,seq73,r_65_25_123,0.9,1,124,123,16
27,r_145_7_178,r_31_52_101,r_20_89_41,r_145_7_178,0.84,-138,40,178,16
25,r_148_114_140,r_26_132_38,seq17,r_148_114_140,0.96,1,141,140,16
26,r_133_67_119,r_20_89_41,r_126_88_174,r_133_67_119,0.96,1,120,119,16
22,r_111_110_122,r_37_41_137,r_103_72_116,r_103_72_116,0.84,6,122,116,16
51,seq1,r_62_0_50,r_84_137_194,r_62_0_50,1.0,-6,44,50,16
29,r_61_23_25,r_118_71_60,r_146_29_189,r_118_71_60,0.7,-36,24,60,16
38,r_59_131_186,seq144,seq135,r_59_131_186,0.89,0,186,186,16
7,r_126_88_174,r_5_53_102,seq93,r_126_88_174,0.58,-76,98,174,16
44,r_11_81_133,seq73,r_26_132_38,r_11_81_133,0.96,0,133,133,16
13,r_146_29_189,r_8_142_29,r_61_23_25,r_8_142_29,0.86,-1,28,29,16
16,r_48_122_53,r_65_25_123,seq24,r_48_122_53,1.0,-1,52,53,16
82,seq78,r_16_44_33,r_123_134_129,r_123_134_129,1.0,5,134,129,16
35,r_70_86_97,seq80,seq42,r_70_86_97,0.87,0,97,97,16
12,r_76_136_59,r_11_81_133,r_83_66_8,r_76_136_59,0.94,2,61,59,16
23,r_26_132_38,r_148_114_140,r_11_81_133,r_26_132_38,1.0,103,141,38,16
7,r_126_88_174,seq93,r_133_67_119,r_126_88_174,0.48,-54,120,174,16
93,seq110,r_133_67_96,r_118_59_136,r_133_67_96,0.93,-18,78,96,17
30,r_3_6_73,seq142,r_139_19_152,r_3_6_73,1.0,0,73,73,17
36,r_109_55_197,r_18_46_81,seq71,r_18_46_81,0.85,0,81,81,17
29,r_128_112_27,r_114_124_82,r_94_99_140,r_128_112_27,1.0,0,27,27,17
14,r_18_46_81,r_109_55_197,r_48_82_14,r_18_46_81,0.95,0,81,81,17
53,seq136,r_61_91_49,r_14_129_43,r_14_129_43,1.0,55,98,43,17
43,r_93_120_93,r_9_140_177,seq90,r_93_120_93,0.86,1,94,93,17
83,seq78,r_111_74_95,r_93_120_93,r_111_74_95,0.52,0,95,95,17
37,r_139_19_152,r_111_74_95,r_3_6_73,r_139_19_152,0.97,-71,81,152,17
40,r_68_147_47,r_79_13_24,seq30,r_68_147_47,0.97,0,47,47,17
26,r_101_23_40,r_61_91_49,r_0_62_198,r_101_23_40,1.0,0,40,40,17
13,r_14_129_43,r_81_146_89,seq84,r_14_129_43,1.0,2,45,43,17
21,r_114_124_82,seq26,seq53,r_114_124_82,0.99,2,84,82,17
1,r_65_15_76,seq84,r_1_58_150,r_1_58_150,0.99,13,163,150,17
1,r_65_15_76,seq134,seq84,r_65_15_76,1.0,-1,75,76,17
39,r_127_107_18,r_0_62_198,r_131_137_13,r_127_107_18,1.0,0,18,18,17
46,r_9_140_177,r_75_54_10,r_93_120_93,r_93_120_93,1.0,86,179,93,17
42,r_133_67_96,seq110,seq135,r_133_67_96,0.6,5,101,96,17
87,seq87,r_5_28_193,r_95_25_19,r_95_25_19,0.81,-4,15,19,17
45,r_104_80_131,seq47,seq64,r_104_80_131,0.98,0,131,131,17
95,seq115,seq98,r_97_123_113,r_97_123_113,1.0,57,170,113,17
67,seq37,seq35,r_8_108_25,r_8_108_25,0.99,59,84,25,17
3,r_70_44_105,seq98,seq142,r_70_44_105,1.0,0,105,105,17
90,seq98,seq115,r_89_77_133,r_89_77_133,0.98,9,142,133,17
4,r_111_74_95,seq78,seq84,r_111_74_95,0.99,0,95,95,17
0,r_12_16_174,seq41,r_114_124_82,r_114_124_82,0.88,100,182,82,17
20,r_21_105_92,seq57,r_48_82_14,r_21_105_92,1.0,0,92,92,17
48,r_48_82_14,seq30,r_21_105_92,r_21_105_92,1.0,0,92,92,17
57,seq144,r_17_27_9,r_114_124_82,r_114_124_82,0.96,68,150,82,17
6,r_7_24_102,seq57,seq116,r_7_24_102,1.0,-1,101,102,17
62,seq29,r_125_102_168,r_8_108_25,r_8_108_25,0.8,146,171,25,17
85,seq84,r_89_77_133,r_111_74_95,r_111_74_95,0.62,32,127,95,17
70,seq41,r_12_16_174,r_76_50_34,r_76_50_34,1.0,7,41,34,17
44,r_32_121_182,seq11,r_12_16_174,r_32_121_182,0.97,0,182,182,17
27,r_10_72_165,seq110,seq142,r_10_72_165,0.87,0,165,165,17
30,r_3_6_73,r_139_19_152,r_93_120_93,r_139_19_152,0.48,1,153,152,17
74,seq49,seq26,r_76_50_34,r_76_50_34,1.0,116,150,34,17
18,r_97_123_113,r_86_2_169,seq115,r_97_123_113,1.0,1,114,113,17
48,r_48_82_14,r_21_105_92,r_18_46_81,r_48_82_14,0.38,156,170,14,17
72,seq45,r_61_91_49,r_14_129_43,r_14_129_43,0.99,0,43,43,17
47,r_94_99_140,r_128_112_27,r_149_119_7,r_94_99_140,0.94,0,140,140,17
28,r_131_137_13,r_7_24_102,r_127_107_18,r_131_137_13,0.99,6,19,13,17
11,r_31_141_15,r_131_137_13,seq78,r_31_141_15,0.83,1,16,15,17
58,seq145,r_86_2_169,r_114_124_82,r_114_124_82,0.95,88,170,82,17
65,seq35,r_125_102_168,r_138_117_11,r_138_117_11,0.91,0,11,11,17
52,seq135,r_52_130_175,r_100_39_55,r_100_39_55,0.61,50,105,55,17
25,r_138_117_11,r_61_91_49,seq35,r_138_117_11,0.99,0,11,11,17
47,r_94_99_140,r_32_121_182,r_128_112_27,r_128_112_27,1.0,3,30,27,17
24,r_76_50_34,r_61_91_49,seq41,r_76_50_34,1.0,3,37,34,17
35,r_22_43_26,r_111_74_95,seq41,r_111_74_95,0.58,-69,26,95,17
81,seq64,seq57,r_14_129_43,r_14_129_43,1.0,58,101,43,17
41,r_95_25_19,r_14_129_43,seq87,r_95_25_19,0.97,5,24,19,17
9,r_73_69_138,seq106,seq135,r_73_69_138,0.59,0,138,138,17
37,r_139_19_152,r_3_6_73,r_131_137_13,r_139_19_152,0.84,1,153,152,17
29,r_128_112_27,r_94_99_140,seq103,r_94_99_140,1.0,0,140,140,17
22,r_81_146_89,r_52_130_175,r_17_27_9,r_81_146_89,0.99,1,90,89,17
5,r_61_91_49,seq136,seq51,r_61_91_49,0.76,9,58,49,17
49,r_89_77_133,seq84,seq98,r_89_77_133,0.87,0,133,133,17
10,r_8_108_25,r_114_124_82,seq37,r_8_108_25,1.0,0,25,25,17
7,r_118_59_136,seq71,seq110,r_118_59_136,0.48,0,136,136,17
44,r_32_121_182,r_94_99_140,seq11,r_94_99_140,0.88,0,140,140,17
31,r_100_39_55,r_48_82_14,seq135,r_100_39_55,0.83,2,57,55,17
12,r_33_88_118,seq63,seq126,r_33_88_118,0.9,0,118,118,17
36,r_140_32_154,seq51,r_125_135_111,r_140_32_154,0.78,0,154,154,18
23,r_35_109_28,r_57_73_123,r_75_63_159,r_35_109_28,1.0,0,28,28,18
92,seq106,r_30_18_162,seq70,r_30_18_162,0.92,3,165,162,18
14,r_29_138_87,r_75_63_159,seq148,r_29_138_87,0.99,0,87,87,18
8,r_119_43_141,seq16,seq15,r_119_43_141,0.99,0,141,141,18
53,seq131,r_5_9_189,r_46_65_50,r_46_65_50,1.0,140,190,50,18
1,r_76_128_43,r_87_89_90,r_94_14_11,r_76_128_43,0.96,7,50,43,18
3,r_141_130_170,seq122,r_96_120_76,r_141_130_170,0.77,2,172,170,18
59,seq139,r_44_118_104,r_126_137_65,r_126_137_65,1.0,40,105,65,18
2,r_20_54_33,r_5_9_189,r_35_109_28,r_20_54_33,0.63,0,33,33,18
21,r_75_63_159,r_29_138_87,r_20_54_33,r_75_63_159,0.97,-88,71,159,18
97,seq121,r_83_39_166,r_76_128_43,r_83_39_166,0.44,8,174,166,18
46,r_93_17_133,seq62,r_87_89_90,r_93_17_133,0.85,0,133,133,18
32,r_143_117_22,r_87_89_90,r_124_97_57,r_143_117_22,0.88,70,92,22,18
45,r_4_102_153,r_44_118_104,r_126_137_65,r_126_137_65,1.0,40,105,65,18
20,r_46_65_50,seq82,seq131,r_46_65_50,0.95,3,53,50,18
19,r_95_149_70,seq142,r_35_109_28,r_95_149_70,0.93,0,70,70,18
33,r_25_38_13,seq145,r_141_130_170,r_25_38_13,0.55,43,56,13,18
30,r_111_37_51,r_100_21_61,seq142,r_100_21_61,0.95,-2,59,61,18
95,seq113,r_31_90_127,seq15,r_31_90_127,1.0,0,127,127,18
86,seq82,r_71_147_160,r_29_138_87,r_29_138_87,0.97,5,92,87,18
41,r_100_21_61,seq50,r_20_54_33,r_100_21_61,0.8,1,62,61,18
33,r_25_38_13,r_141_130_170,r_101_105_95,r_25_38_13,0.79,86,99,13,18
10,r_30_18_162,seq106,r_20_54_33,r_30_18_162,0.56,1,163,162,18
32,r_143_117_22,r_81_12_26,r_87_89_90,r_87_89_90,1.0,-66,24,90,18
4,r_79_144_69,r_71_147_160,seq2,r_79_144_69,1.0,1,70,69,18
0,r_107_58_180,seq36,r_76_128_43,r_107_58_180,0.57,-2,178,180,18
15,r_86_40_113,r_7_1_176,seq148,r_7_1_176,0.77,-57,119,176,18
98,seq122,r_124_97_57,r_141_130_170,r_124_97_57,0.56,1,58,57,18
18,r_124_97_57,seq122,r_143_117_22,r_124_97_57,0.99,1,58,57,18
6,r_87_89_90,r_76_128_43,seq16,r_76_128_43,0.8,47,90,43,18
16,r_52_24_34,r_57_73_123,seq0,r_52_24_34,1.0,0,34,34,18
27,r_34_123_83,seq131,seq23,r_34_123_83,0.76,2,85,83,18
47,r_61_116_138,r_29_138_87,r_20_54_33,r_29_138_87,0.94,-16,71,87,18
40,r_115_112_122,seq134,seq91,r_115_112_122,1.0,0,122,122,18
24,r_96_120_76,seq139,seq114,r_96_120_76,0.99,0,76,76,18
34,r_126_137_65,r_4_102_153,seq139,r_4_102_153,0.99,0,153,153,18
25,r_57_73_123,seq48,seq127,r_57_73_123,0.98,1,124,123,18
42,r_77_33_21,seq16,seq142,r_77_33_21,0.86,1,22,21,18
65,seq148,seq16,r_29_138_87,r_29_138_87,0.9,-3,84,87,18
33,r_25_38_13,r_101_105_95,seq145,r_25_38_13,0.54,2,15,13,18
38,r_125_135_111,seq70,r_20_54_33,r_125_135_111,0.83,0,111,111,18
52,seq2,r_49_136_59,r_79_144_69,r_79_144_69,0.78,5,74,69,18
45,r_4_102_153,r_126_137_65,r_76_128_43,r_4_102_153,0.99,0,153,153,18
34,r_126_137_65,r_67_26_112,r_4_102_153,r_126_137_65,1.0,0,65,65,18
17,r_67_26_112,seq16,r_146_3_119,r_67_26_112,0.6,1,113,112,18
43,r_88_22_30,r_140_32_154,seq53,r_88_22_30,0.99,5,35,30,18
9,r_49_136_59,seq2,r_88_22_30,r_49_136_59,0.55,4,63,59,18
96,seq114,seq91,r_96_120_76,r_96_120_76,1.0,29,105,76,18
98,seq122,r_141_130_170,seq56,r_141_130_170,0.64,-14,156,170,18
22,r_104_99_100,r_67_26_112,r_49_136_59,r_104_99_100,0.86,0,100,100,18
28,r_31_90_127,seq113,seq23,r_31_90_127,1.0,0,127,127,18
39,r_81_12_26,seq91,seq51,r_81_12_26,0.99,0,26,26,18
7,r_7_1_176,r_45_60_193,r_146_3_119,r_45_60_193,0.45,-13,180,193,18
44,r_28_98_172,r_75_63_159,r_79_144_69,r_28_98_172,0.5,0,172,172,18
35,r_71_147_160,r_79_144_69,r_143_117_22,r_71_147_160,0.96,-117,43,160,18
82,seq70,r_125_135_111,seq106,r_125_135_111,1.0,0,111,111,18
60,seq142,seq133,r_77_33_21,r_77_33_21,0.96,11,32,21,18
12,r_44_118_104,r_4_102_153,r_20_54_33,r_20_54_33,0.6,72,105,33,18
29,r_94_14_11,r_4_102_153,r_76_128_43,r_94_14_11,0.99,0,11,11,18
93,seq103,seq97,r_50_57_110,r_50_57_110,1.0,0,110,110,19
36,r_130_128_133,r_126_105_14,seq16,r_126_105_14,0.4,119,133,14,19
18,r_116_99_54,seq147,r_51_120_37,r_116_99_54,0.98,-3,51,54,19
55,seq11,r_71_27_107,seq7,r_71_27_107,1.0,0,107,107,19
21,r_63_106_164,r_133_109_3,seq3,r_133_109_3,0.61,161,164,3,19
42,r_53_81_100,seq97,r_77_26_53,r_53_81_100,0.83,2,102,100,19
80,seq69,r_70_14_103,seq49,r_70_14_103,1.0,0,103,103,19
19,r_132_59_180,r_2_13_168,r_121_98_62,r_132_59_180,0.64,-22,158,180,19
66,seq32,seq25,r_78_29_145,r_78_29_145,0.74,3,148,145,19
14,r_51_120_37,seq62,r_80_44_105,r_51_120_37,1.0,0,37,37,19
76,seq58,r_131_37_113,r_135_40_116,r_135_40_116,0.93,10,126,116,19
39,r_9_82_15,r_89_43_102,seq147,r_89_43_102,0.86,-10,92,102,19
31,r_38_138_88,r_139_52_158,seq142,r_38_138_88,0.87,0,88,88,19
41,r_39_114_190,r_96_42_96,r_131_37_113,r_96_42_96,1.0,0,96,96,19
3,r_70_14_103,seq69,r_22_94_146,r_70_14_103,0.98,1,104,103,19
10,r_90_12_90,seq140,seq30,r_90_12_90,0.87,2,92,90,19
8,r_112_85_188,r_126_105_14,r_51_120_37,r_51_120_37,1.0,18,55,37,19
26,r_5_137_189,seq127,r_126_105_14,r_126_105_14,0.88,175,189,14,19
7,r_141_107_89,seq3,seq140,r_141_107_89,0.81,-32,57,89,19
14,r_51_120_37,r_80_44_105,r_116_99_54,r_80_44_105,1.0,0,105,105,19
4,r_68_67_135,r_79_146_56,seq84,r_79_146_56,0.81,4,60,56,19
78,seq64,r_129_19_128,r_102_76_109,r_129_19_128,0.49,3,131,128,19
63,seq28,r_78_29_145,seq7,r_78_29_145,0.48,0,145,145,19
11,r_144_111_123,seq86,seq41,r_144_111_123,0.97,0,123,123,19
13,r_80_44_105,r_112_85_188,seq124,r_80_44_105,0.92,0,105,105,19
48,r_71_27_107,seq11,seq140,r_71_27_107,0.95,0,107,107,19
4,r_68_67_135,seq84,r_51_120_37,r_68_67_135,0.82,1,136,135,19
6,r_139_52_158,seq117,seq25,r_139_52_158,0.41,3,161,158,19
2,r_121_98_62,r_132_59_180,seq1,r_121_98_62,0.71,121,183,62,19
99,seq127,r_5_137_189,r_144_111_123,r_144_111_123,1.0,66,189,123,19
27,r_2_13_168,r_132_59_180,seq91,r_132_59_180,0.49,-9,171,180,19
2,r_121_98_62,seq6,r_132_59_180,r_121_98_62,0.57,14,76,62,19
38,r_123_72_64,r_93_21_131,seq54,r_93_21_131,1.0,-7,124,131,19
41,r_39_114_190,r_131_37_113,r_121_98_62,r_39_114_190,0.42,0,190,190,19
47,r_96_42_96,r_39_114_190,seq104,r_96_42_96,0.94,3,99,96,19
40,r_93_21_131,seq124,r_123_72_64,r_123_72_64,1.0,9,73,64,19
29,r_50_57_110,seq11,seq103,r_50_57_110,1.0,0,110,110,19
24,r_148_143_142,seq46,r_96_42_96,r_148_143_142,0.72,3,145,142,19
25,r_133_109_3,r_63_106_164,r_68_67_135,r_133_109_3,0.65,161,164,3,19
33,r_135_40_116,r_139_52_158,seq147,r_139_52_158,0.69,-42,116,158,19
45,r_89_43_102,r_90_12_90,r_9_82_15,r_9_82_15,0.98,0,15,15,19
68,seq36,r_125_20_160,r_0_122_154,r_125_20_160,0.98,3,163,160,19
61,seq147,r_131_37_113,r_135_40_116,r_135_40_116,0.87,10,126,116,19
38,r_123_72_64,seq3,r_93_21_131,r_123_72_64,0.99,1,65,64,19
52,seq6,r_121_98_62,r_79_146_56,r_79_146_56,0.88,20,76,56,19
40,r_93_21_131,r_123_72_64,seq17,r_93_21_131,1.0,0,131,131,19
19,r_132_59_180,r_121_98_62,r_89_43_102,r_132_59_180,0.68,3,183,180,19
45,r_89_43_102,r_9_82_15,r_110_149_17,r_89_43_102,0.77,0,102,102,19
17,r_115_145_156,seq41,r_135_40_116,r_115_145_156,0.87,0,156,156,19
39,r_9_82_15,r_121_98_62,r_89_43_102,r_9_82_15,0.91,0,15,15,19
5,r_79_146_56,r_68_67_135,seq6,r_79_146_56,0.99,1,57,56,19
94,seq104,seq97,r_96_42_96,r_96_42_96,0.99,17,113,96,19
28,r_134_113_141,r_45_15_195,seq95,r_45_15_195,0.64,-54,141,195,19
49,r_131_37_113,seq147,r_136_23_124,r_131_37_113,0.31,10,123,113,19
56,seq140,r_90_12_90,r_141_107_89,r_90_12_90,0.95,2,92,90,19
44,r_24_34_121,r_130_128_133,r_87_108_8,r_24_34_121,0.63,0,121,121,19
35,r_60_4_198,seq104,r_121_98_62,r_60_4_198,0.37,-49,149,198,19
12,r_126_105_14,r_130_128_133,seq95,r_130_128_133,0.97,0,133,133,19
84,seq84,r_68_67_135,r_121_98_62,r_68_67_135,0.61,5,140,135,19
30,r_10_60_69,r_129_77_162,r_148_107_13,r_10_60_69,0.93,4,73,69,20
51,seq3,r_144_49_127,r_123_55_103,r_123_55_103,1.0,29,132,103,20
36,r_69_128_171,seq8,r_120_102_137,r_120_102_137,0.47,29,166,137,20
21,r_118_110_16,r_21_112_178,seq79,r_118_110_16,0.93,1,17,16,20
43,r_134_50_118,seq145,seq22,r_134_50_118,0.97,0,118,118,20
24,r_103_146_120,seq38,seq142,r_103_146_120,1.0,0,120,120,20
37,r_144_49_127,seq3,r_114_106_116,r_144_49_127,0.56,0,127,127,20
26,r_35_119_55,r_24_89_86,seq15,r_35_119_55,0.88,0,55,55,20
16,r_6_47_87,seq139,r_90_2_172,r_6_47_87,0.53,13,100,87,20
39,r_29_48_60,r_6_47_87,r_148_107_13,r_29_48_60,0.7,1,61,60,20
1,r_45_30_148,r_143_92_192,r_29_48_60,r_45_30_148,0.52,2,150,148,20
5,r_21_112_178,seq138,r_124_43_68,r_21_112_178,0.32,7,185,178,20
46,r_124_43_68,r_31_91_123,seq68,r_124_43_68,0.88,1,69,68,20
42,r_75_26_79,r_97_54_100,r_10_60_69,r_75_26_79,0.84,2,81,79,20
45,r_121_133_115,seq70,seq138,r_121_133_115,0.87,0,115,115,20
19,r_114_106_116,seq17,seq70,r_114_106_116,0.88,0,116,116,20
41,r_96_36_169,seq39,r_86_125_113,r_86_125_113,0.77,5,118,113,20
3,r_111_63_95,seq130,seq16,r_111_63_95,0.98,0,95,95,20
16,r_6_47_87,r_90_2_172,r_45_30_148,r_45_30_148,0.64,26,174,148,20
35,r_72_40_22,r_21_112_178,seq130,r_72_40_22,0.81,-5,17,22,20
4,r_23_137_121,seq15,seq38,r_23_137_121,0.92,2,123,121,20
78,seq70,seq28,r_114_106_116,r_114_106_116,0.71,23,139,116,20
0,r_57_56_177,r_97_54_100,seq15,r_57_56_177,0.49,-80,97,177,20
22,r_52_65_49,r_134_50_118,seq95,r_52_65_49,0.87,2,51,49,20
50,seq130,r_111_63_95,r_72_40_22,r_72_40_22,0.57,-5,17,22,20
98,seq115,seq51,r_24_89_86,r_24_89_86,1.0,20,106,86,20
48,r_31_91_123,seq8,seq73,r_31_91_123,0.64,1,124,123,20
85,seq85,r_33_34_126,seq145,r_33_34_126,1.0,5,131,126,20
0,r_57_56_177,seq15,r_10_60_69,r_57_56_177,0.57,1,178,177,20
27,r_122_5_109,seq105,seq95,r_122_5_109,0.95,0,109,109,20
8,r_0_37_28,r_97_54_100,r_72_40_22,r_72_40_22,0.71,6,28,22,20
49,r_148_107_13,r_21_112_178,seq28,r_148_107_13,0.77,0,13,13,20
2,r_44_84_88,r_103_146_120,seq68,r_44_84_88,1.0,0,88,88,20
47,r_129_77_162,r_10_60_69,r_0_37_28,r_10_60_69,0.59,17,86,69,20
40,r_61_113_173,seq138,r_120_102_137,r_61_113_173,0.7,0,173,173,20
18,r_90_2_172,seq3,r_6_47_87,r_6_47_87,0.39,12,99,87,20
29,r_33_34_126,seq85,r_58_32_80,r_33_34_126,1.0,0,126,126,20
24,r_103_146_120,r_44_84_88,seq38,r_44_84_88,1.0,0,88,88,20
25,r_7_126_76,seq28,r_59_117_7,r_7_126_76,0.73,2,78,76,20
33,r_123_55_103,seq51,seq3,r_123_55_103,0.99,0,103,103,20
47,r_129_77_162,r_0_37_28,r_101_132_143,r_129_77_162,0.6,0,162,162,20
58,seq14,r_71_4_144,seq138,r_71_4_144,0.69,2,146,144,20
68,seq39,r_96_36_169,r_86_125_113,r_86_125_113,0.61,60,173,113,20
31,r_66_99_30,r_52_65_49,seq51,r_66_99_30,1.0,0,30,30,20
12,r_86_125_113,r_96_36_169,seq39,r_96_36_169,0.94,4,173,169,20
61,seq17,r_114_106_116,seq131,r_114_106_116,1.0,0,116,116,20
41,r_96_36_169,r_86_125_113,seq147,r_96_36_169,0.83,4,173,169,20
32,r_101_132_143,seq142,r_123_55_103,r_101_132_143,0.95,0,143,143,20
38,r_58_32_80,r_114_106_116,seq74,r_58_32_80,0.98,3,83,80,20
34,r_76_18_153,seq67,r_31_91_123,r_31_91_123,0.48,28,151,123,20
17,r_83_1_93,seq67,seq145,r_83_1_93,1.0,1,94,93,20
9,r_120_102_137,seq8,seq140,r_120_102_137,0.57,0,137,137,20
66,seq28,r_121_133_115,r_148_107_13,r_148_107_13,0.9,0,13,13,20
13,r_81_11_47,seq94,seq8,r_81_11_47,1.0,0,47,47,20
7,r_24_89_86,seq130,seq115,r_24_89_86,1.0,1,87,86,20
18,r_90_2_172,r_6_47_87,r_111_63_95,r_90_2_172,0.53,-8,164,172,20
48,r_31_91_123,seq73,r_76_18_153,r_31_91_123,0.61,41,164,123,20
12,r_86_125_113,seq138,r_96_36_169,r_86_125_113,0.79,2,115,113,20
84,seq147,seq138,r_96_36_169,r_96_36_169,0.67,4,173,169,20
30,r_75_0_166,r_122_39_188,r_125_84_23,r_75_0_166,0.66,1,167,166,21
36,r_139_134_77,r_122_39_188,seq11,r_139_134_77,1.0,0,77,77,21
37,r_56_120_17,seq6,seq30,r_56_120_17,0.96,-1,16,17,21
8,r_21_96_75,r_132_45_96,r_125_84_23,r_21_96_75,1.0,1,76,75,21
12,r_116_81_189,seq83,r_27_106_6,r_27_106_6,1.0,8,14,6,21
43,r_37_8_71,r_94_19_95,seq66,r_37_8_71,1.0,1,72,71,21
54,seq135,seq128,r_140_77_101,r_140_77_101,0.65,1,102,101,21
5,r_119_60_61,r_41_38_51,seq137,r_119_60_61,0.66,-2,59,61,21
39,r_74_90_187,r_41_38_51,r_47_127_92,r_47_127_92,1.0,95,187,92,21
97,seq118,r_122_39_188,r_47_127_92,r_47_127_92,1.0,89,181,92,21
46,r_99_131_173,r_7_124_68,seq128,r_7_124_68,1.0,-7,61,68,21
42,r_3_102_65,r_122_39_188,seq85,r_3_102_65,0.95,0,65,65,21
45,r_133_62_157,r_9_100_160,r_130_12_135,r_133_62_157,0.9,0,157,157,21
19,r_91_29_85,seq126,r_3_102_65,r_91_29_85,0.97,0,85,85,21
22,r_48_36_19,seq2,seq118,r_48_36_19,1.0,0,19,19,21
1,r_114_107_55,seq118,seq135,r_114_107_55,1.0,0,55,55,21
31,r_80_121_167,seq52,r_9_100_160,r_80_121_167,0.52,0,167,167,21
41,r_115_148_89,seq33,seq85,r_115_148_89,0.98,0,89,89,21
14,r_64_42_83,seq128,r_114_107_55,r_114_107_55,0.92,1,56,55,21
42,r_3_102_65,seq85,r_91_29_85,r_3_102_65,0.52,31,96,65,21
26,r_7_124_68,r_99_131_173,r_130_12_135,r_7_124_68,1.0,1,69,68,21
0,r_104_142_136,seq138,r_15_146_88,r_104_142_136,0.95,0,136,136,21
20,r_53_72_103,seq143,r_48_36_19,r_53_72_103,0.77,0,103,103,21
15,r_15_146_88,seq33,seq23,r_15_146_88,0.99,0,88,88,21
48,r_76_109_122,r_122_39_188,seq17,r_76_109_122,0.62,1,123,122,21
4,r_27_106_6,r_9_100_160,seq83,r_9_100_160,0.93,1,161,160,21
95,seq112,r_108_55_190,r_69_87_29,r_69_87_29,0.92,-1,28,29,21
42,r_3_102_65,r_91_29_85,r_13_68_129,r_13_68_129,1.0,0,129,129,21
12,r_116_81_189,r_27_106_6,r_114_107_55,r_114_107_55,0.98,120,175,55,21
6,r_132_45_96,seq88,r_34_70_28,r_132_45_96,0.74,0,96,96,21
14,r_64_42_83,r_114_107_55,seq95,r_64_42_83,0.98,0,83,83,21
13,r_1_144_36,seq33,seq135,r_1_144_36,0.97,-3,33,36,21
21,r_69_87_29,r_9_100_160,seq112,r_69_87_29,0.67,-1,28,29,21
27,r_97_50_31,r_80_121_167,seq89,r_97_50_31,0.98,-2,29,31,21
49,r_54_14_16,r_108_55_190,seq79,r_54_14_16,0.96,0,16,16,21
86,seq83,r_119_60_61,r_27_106_6,r_27_106_6,0.74,7,13,6,21
17,r_34_70_28,r_108_55_190,r_130_12_135,r_34_70_28,0.99,0,28,28,21
10,r_130_12_135,seq6,r_34_70_28,r_34_70_28,1.0,1,29,28,21
40,r_140_77_101,seq51,seq135,r_140_77_101,0.9,3,104,101,21
29,r_129_44_113,seq95,seq73,r_129_44_113,1.0,0,113,113,21
24,r_4_22_107,seq143,seq123,r_4_22_107,0.79,5,112,107,21
25,r_13_68_129,seq143,r_3_102_65,r_13_68_129,0.88,1,130,129,21
33,r_122_39_188,seq118,r_130_12_135,r_130_12_135,0.85,54,189,135,21
88,seq88,r_132_45_96,seq103,r_132_45_96,1.0,-12,84,96,21
50,seq128,r_99_131_173,r_114_107_55,r_114_107_55,1.0,120,175,55,21
38,r_57_117_144,seq63,r_15_146_88,r_15_146_88,0.51,56,144,88,21
94,seq111,r_98_147_196,r_15_146_88,r_15_146_88,0.99,4,92,88,21
9,r_35_10_130,r_122_39_188,seq136,r_35_10_130,0.91,0,130,130,21
28,r_28_58_178,seq138,r_91_29_85,r_28_58_178,0.66,0,178,178,21
91,seq95,r_59_145_171,r_64_42_83,r_64_42_83,0.52,88,171,83,21
34,r_125_84_23,r_129_44_113,seq20,r_125_84_23,1.0,0,23,23,21
7,r_47_127_92,r_132_45_96,seq118,r_47_127_92,0.97,0,92,92,21
89,seq89,r_108_55_190,r_97_50_31,r_97_50_31,0.8,-4,27,31,21
35,r_94_19_95,seq85,seq31,r_94_19_95,1.0,0,95,95,21
23,r_9_100_160,r_27_106_6,r_97_50_31,r_9_100_160,0.57,1,161,160,21
30,r_30_148_190,r_146_4_163,r_67_73_73,r_67_73_73,0.99,91,164,73,22
51,seq128,seq65,r_47_79_86,r_47_79_86,1.0,15,101,86,22
12,r_105_112_57,seq128,seq132,r_105_112_57,1.0,0,57,57,22
36,r_47_79_86,seq140,seq128,r_47_79_86,1.0,0,86,86,22
14,r_15_19_64,seq143,r_20_39_47,r_15_19_64,1.0,-3,61,64,22
8,r_55_42_127,r_146_4_163,r_48_149_198,r_55_42_127,0.77,0,127,127,22
46,r_26_122_96,r_38_5_80,r_37_120_19,r_26_122_96,0.99,0,96,96,22
21,r_127_103_77,r_106_80_160,r_37_120_19,r_127_103_77,0.99,0,77,77,22
1,r_107_89_176,seq45,r_123_53_22,r_107_89_176,0.53,0,176,176,22
5,r_48_149_198,r_21_85_92,r_3_52_54,r_3_52_54,0.6,27,81,54,22
46,r_26_122_96,seq7,r_38_5_80,r_38_5_80,0.92,2,82,80,22
42,r_133_102_105,seq10,r_138_84_27,r_133_102_105,1.0,0,105,105,22
45,r_142_2_70,r_27_50_139,r_137_93_3,r_142_2_70,0.92,0,70,70,22
31,r_13_9_149,seq31,r_12_126_107,r_13_9_149,0.94,0,149,149,22
97,seq115,seq57,r_36_75_50,r_36_75_50,1.0,3,53,50,22
41,r_146_4_163,r_55_42_127,r_30_148_190,r_55_42_127,0.7,-64,63,127,22
3,r_117_69_136,seq10,seq64,r_117_69_136,0.86,1,137,136,22
10,r_18_125_117,seq6,r_25_40_115,r_18_125_117,0.7,0,117,117,22
0,r_59_139_123,r_12_126_107,seq78,r_12_126_107,0.81,-26,81,107,22
11,r_109_14_158,seq8,r_138_84_27,r_109_14_158,0.87,1,159,158,22
20,r_11_82_186,seq34,r_71_100_10,r_11_82_186,0.43,0,186,186,22
15,r_38_5_80,r_107_89_176,r_26_122_96,r_38_5_80,0.94,0,80,80,22
75,seq57,seq115,r_3_52_54,r_3_52_54,1.0,3,57,54,22
57,seq8,r_109_14_158,seq113,r_109_14_158,0.71,1,159,158,22
13,r_37_120_19,seq70,r_26_122_96,r_26_122_96,0.95,11,107,96,22
6,r_20_39_47,r_59_139_123,r_15_19_64,r_20_39_47,0.91,14,61,47,22
62,seq145,r_134_17_178,seq113,r_134_17_178,0.9,2,180,178,22
85,seq78,r_25_40_115,seq113,r_25_40_115,1.0,-25,90,115,22
47,r_12_126_107,seq64,r_13_9_149,r_13_9_149,0.98,2,151,149,22
27,r_25_40_115,seq78,seq130,r_25_40_115,1.0,0,115,115,22
15,r_38_5_80,r_26_122_96,seq22,r_38_5_80,0.46,17,97,80,22
41,r_146_4_163,r_30_148_190,r_106_80_160,r_146_4_163,0.96,1,164,163,22
47,r_12_126_107,r_59_139_123,seq64,r_12_126_107,0.91,0,107,107,22
40,r_106_80_160,seq68,seq99,r_106_80_160,0.93,0,160,160,22
53,seq131,r_13_9_149,r_56_51_44,r_56_51_44,0.87,3,47,44,22
18,r_44_61_89,seq96,seq141,r_44_61_89,0.99,0,89,89,22
29,r_67_73_73,r_107_89_176,r_30_148_190,r_67_73_73,0.99,0,73,73,22
34,r_92_144_170,r_20_39_47,r_105_112_57,r_20_39_47,0.76,128,175,47,22
64,seq22,r_27_50_139,r_97_58_58,r_97_58_58,1.0,87,145,58,22
13,r_37_120_19,r_28_32_148,seq70,r_37_120_19,0.97,0,19,19,22
8,r_55_42_127,r_48_149_198,seq129,r_55_42_127,0.61,38,165,127,22
37,r_3_52_54,r_11_82_186,seq57,r_3_52_54,1.0,0,54,54,22
25,r_97_58_58,r_28_32_148,seq7,r_97_58_58,1.0,0,58,58,22
68,seq34,r_11_82_186,r_110_116_28,r_110_116_28,0.99,158,186,28,22
58,seq10,r_117_69_136,r_71_100_10,r_71_100_10,0.65,1,11,10,22
28,r_56_51_44,seq113,seq131,r_56_51_44,1.0,1,45,44,22
34,r_92_144_170,seq113,r_20_39_47,r_20_39_47,0.61,17,64,47,22
45,r_142_2_70,r_137_93_3,r_66_35_143,r_66_35_143,0.96,1,144,143,22
17,r_21_85_92,r_48_149_198,seq140,r_21_85_92,0.64,-7,85,92,22
30,r_30_148_190,r_67_73_73,r_38_5_80,r_38_5_80,0.57,110,190,80,22
2,r_43_87_38,r_107_89_176,seq145,r_43_87_38,0.97,-1,37,38,22
24,r_71_100_10,seq141,seq10,r_71_100_10,0.99,0,10,10,22
9,r_66_35_143,seq65,r_142_2_70,r_66_35_143,0.66,0,143,143,22
15,r_38_5_80,seq22,seq108,r_38_5_80,0.36,90,170,80,22
29,r_67_73_73,r_30_148_190,r_44_61_89,r_44_61_89,0.69,101,190,89,22
49,r_16_94_131,r_11_82_186,seq68,r_16_94_131,0.95,0,131,131,22
26,r_138_84_27,r_48_149_198,seq23,r_138_84_27,0.87,2,29,27,22
56,seq7,r_27_50_139,r_97_58_58,r_97_58_58,1.0,16,74,58,22
39,r_123_53_22,r_28_32_148,seq143,r_123_53_22,0.99,0,22,22,22
32,r_104_63_23,r_105_112_57,seq99,r_104_63_23,0.99,0,23,23,22
23,r_27_50_139,r_106_80_160,r_59_139_123,r_27_50_139,0.83,5,144,139,22
19,r_36_75_50,r_109_14_158,seq115,r_36_75_50,0.99,-3,47,50,22
79,seq65,r_66_35_143,r_47_79_86,r_47_79_86,0.97,57,143,86,22
0,r_59_139_123,seq78,seq81,r_59_139_123,0.99,0,123,123,22
93,seq113,seq7,r_125_3_46,r_125_3_46,1.0,19,65,46,23
17,r_79_72_57,seq42,seq45,r_79_72_57,1.0,0,57,57,23
14,r_46_106_107,seq112,seq114,r_46_106_107,0.91,0,107,107,23
8,r_119_49_166,seq16,seq61,r_119_49_166,0.44,0,166,166,23
43,r_58_134_1,r_105_43_164,r_79_72_57,r_79_72_57,1.0,109,166,57,23
59,seq143,r_137_76_128,r_140_54_94,r_140_54_94,0.97,39,133,94,23
16,r_15_95_2,seq61,r_96_4_89,r_15_95_2,0.43,102,104,2,23
21,r_140_54_94,seq28,r_17_12_172,r_140_54_94,1.0,0,94,94,23
1,r_71_47_137,seq16,seq0,r_71_47_137,0.83,0,137,137,23
46,r_52_29_171,seq115,r_65_70_90,r_52_29_171,0.78,1,172,171,23
42,r_9_135_98,r_35_89_188,seq40,r_9_135_98,0.99,0,98,98,23
80,seq73,r_139_56_197,r_37_57_138,r_37_57_138,0.98,1,139,138,23
45,r_132_27_124,r_35_89_188,r_116_149_131,r_132_27_124,0.58,26,150,124,23
69,seq40,r_74_104_121,r_9_135_98,r_9_135_98,0.78,23,121,98,23
45,r_132_27_124,seq32,r_35_89_188,r_132_27_124,0.86,0,124,124,23
19,r_74_104_121,seq40,seq13,r_74_104_121,0.74,0,121,121,23
95,seq115,r_52_29_171,seq10,r_52_29_171,0.99,1,172,171,23
31,r_147_100_101,r_21_62_113,seq143,r_21_62_113,0.73,-4,109,113,23
41,r_8_138_84,seq42,seq84,r_8_138_84,0.94,1,85,84,23
35,r_1_90_52,seq19,seq136,r_1_90_52,1.0,0,52,52,23
44,r_31_117_54,seq41,r_15_95_2,r_31_117_54,1.0,0,54,54,23
28,r_22_126_151,seq146,r_63_6_7,r_22_126_151,0.63,-122,29,151,23
3,r_65_70_90,seq18,seq41,r_65_70_90,1.0,0,90,90,23
10,r_33_85_80,r_128_36_122,seq121,r_128_36_122,0.9,-38,84,122,23
12,r_44_25_12,r_71_47_137,seq142,r_44_25_12,1.0,-1,11,12,23
5,r_23_67_17,r_97_38_125,r_59_88_5,r_97_38_125,0.67,-108,17,125,23
0,r_17_12_172,r_137_76_128,r_140_54_94,r_140_54_94,0.95,39,133,94,23
11,r_129_133_162,seq30,r_55_51_116,r_129_133_162,0.83,0,162,162,23
20,r_137_76_128,seq143,r_46_106_107,r_46_106_107,0.7,26,133,107,23
98,seq122,seq61,r_21_62_113,r_21_62_113,0.93,23,136,113,23
15,r_78_5_82,seq130,r_23_67_17,r_23_67_17,0.53,67,84,17,23
54,seq136,seq84,r_1_90_52,r_1_90_52,0.93,0,52,52,23
6,r_21_62_113,r_147_100_101,r_31_117_54,r_31_117_54,0.97,59,113,54,23
21,r_140_54_94,r_17_12_172,seq143,r_17_12_172,0.89,1,173,172,23
5,r_23_67_17,r_59_88_5,r_78_5_82,r_78_5_82,1.0,0,82,82,23
36,r_35_89_188,r_14_64_189,r_17_12_172,r_17_12_172,0.77,16,188,172,23
30,r_94_101_49,seq112,seq16,r_94_101_49,0.48,8,57,49,23
2,r_116_149_131,seq11,r_132_27_124,r_116_149_131,0.48,1,132,131,23
47,r_24_77_140,seq61,r_44_25_12,r_44_25_12,0.97,121,133,12,23
40,r_105_43_164,r_58_134_1,r_26_81_143,r_26_81_143,0.89,23,166,143,23
29,r_128_36_122,r_33_85_80,r_59_88_5,r_128_36_122,0.78,-38,84,122,23
48,r_63_6_7,r_22_126_151,seq146,r_22_126_151,0.95,0,151,151,23
50,seq0,r_124_107_192,r_71_47_137,r_71_47_137,0.94,0,137,137,23
70,seq41,r_14_64_189,r_65_70_90,r_65_70_90,1.0,43,133,90,23
32,r_96_4_89,seq98,r_15_95_2,r_96_4_89,0.78,4,93,89,23
38,r_111_39_150,seq93,seq16,r_111_39_150,0.59,0,150,150,23
34,r_99_80_62,r_105_43_164,seq28,r_99_80_62,1.0,0,62,62,23
36,r_35_89_188,r_9_135_98,r_14_64_189,r_9_135_98,0.93,-51,47,98,23
60,seq16,r_71_47_137,r_119_49_166,r_71_47_137,0.78,0,137,137,23
27,r_127_86_40,r_99_80_62,seq112,r_127_86_40,0.94,0,40,40,23
25,r_59_88_5,seq61,r_78_5_82,r_78_5_82,0.92,37,119,82,23
29,r_128_36_122,r_59_88_5,r_127_86_40,r_128_36_122,0.68,0,122,122,23
28,r_22_126_151,r_63_6_7,r_99_80_62,r_22_126_151,0.86,0,151,151,23
22,r_97_38_125,r_52_29_171,r_79_72_57,r_97_38_125,0.86,0,125,125,23
0,r_17_12_172,r_140_54_94,seq2,r_17_12_172,0.9,1,173,172,23
7,r_55_51_116,r_71_47_137,seq32,r_55_51_116,0.85,0,116,116,23
39,r_82_92_44,seq7,seq18,r_82_92_44,0.94,4,48,44,23
23,r_37_57_138,seq110,seq73,r_37_57_138,0.94,0,138,138,23
61,seq18,r_65_70_90,r_82_92_44,r_65_70_90,0.65,-41,49,90,23
21,r_87_36_53,r_79_114_116,seq135,r_87_36_53,0.92,1,54,53,24
12,r_67_4_42,seq34,r_51_130_196,r_67_4_42,0.99,4,46,42,24
14,r_103_144_123,seq126,r_90_85_82,r_90_85_82,1.0,82,164,82,24
8,r_45_21_119,seq141,seq62,r_45_21_119,1.0,0,119,119,24
53,seq5,r_127_121_112,r_115_128_15,r_127_121_112,1.0,0,112,112,24
43,r_142_99_155,r_69_120_162,r_7_48_85,r_7_48_85,0.88,71,156,85,24
50,seq0,r_104_76_54,seq62,r_104_76_54,1.0,0,54,54,24
37,r_7_48_85,seq18,seq113,r_7_48_85,0.97,2,87,85,24
3,r_116_147_145,r_49_46_24,r_7_48_85,r_116_147_145,0.57,-26,119,145,24
39,r_60_39_198,seq113,r_49_46_24,r_49_46_24,0.98,44,68,24,24
26,r_30_38_43,seq16,r_9_134_51,r_30_38_43,0.97,7,50,43,24
17,r_101_28_25,seq3,seq18,r_101_28_25,0.7,54,79,25,24
46,r_20_107_152,r_44_132_4,r_101_28_25,r_101_28_25,0.62,127,152,25,24
19,r_72_143_191,r_1_66_106,seq29,r_1_66_106,1.0,1,107,106,24
95,seq119,r_22_84_63,seq29,r_22_84_63,0.75,0,63,63,24
76,seq50,r_12_54_177,r_90_85_82,r_90_85_82,0.99,72,154,82,24
3,r_116_147_145,r_7_48_85,r_82_117_62,r_116_147_145,1.0,2,147,145,24
31,r_127_121_112,seq5,seq18,r_127_121_112,0.99,0,112,112,24
41,r_69_120_162,r_35_146_179,seq73,r_35_146_179,0.48,-15,164,179,24
89,seq95,seq137,r_106_11_115,r_106_11_115,0.99,2,117,115,24
10,r_100_75_65,r_12_54_177,seq63,r_100_75_65,1.0,1,66,65,24
36,r_17_112_28,seq91,seq62,r_17_112_28,0.99,1,29,28,24
0,r_90_85_82,seq2,seq50,r_90_85_82,1.0,1,83,82,24
11,r_86_53_105,r_61_77_167,r_90_85_82,r_86_53_105,1.0,1,106,105,24
13,r_10_68_94,r_61_77_167,seq23,r_10_68_94,1.0,0,94,94,24
17,r_101_28_25,seq18,r_20_107_152,r_20_107_152,1.0,-6,146,152,24
15,r_133_56_125,seq135,seq52,r_133_56_125,0.92,0,125,125,24
48,r_58_110_186,seq63,r_97_78_50,r_97_78_50,0.94,137,187,50,24
6,r_82_117_62,seq137,r_67_4_42,r_82_117_62,1.0,1,63,62,24
99,seq126,r_57_80_127,r_105_27_192,r_57_80_127,0.94,1,128,127,24
27,r_106_11_115,seq124,seq95,r_106_11_115,0.96,0,115,115,24
87,seq92,r_35_146_179,r_22_84_63,r_22_84_63,1.0,42,105,63,24
30,r_97_78_50,r_116_147_145,seq31,r_97_78_50,0.97,1,51,50,24
74,seq42,seq123,r_47_81_133,r_47_81_133,0.96,9,142,133,24
18,r_1_66_106,r_72_143_191,r_129_6_18,r_72_143_191,0.66,-84,107,191,24
29,r_79_114_116,seq126,r_22_84_63,r_79_114_116,0.97,1,117,116,24
25,r_8_94_134,seq95,seq29,r_8_94_134,0.9,0,134,134,24
33,r_22_84_63,seq119,seq2,r_22_84_63,1.0,0,63,63,24
20,r_14_122_148,seq16,r_140_70_147,r_14_122_148,0.88,2,150,148,24
32,r_57_80_127,seq126,seq138,r_57_80_127,0.94,1,128,127,24
38,r_13_41_185,seq65,r_109_98_142,r_109_98_142,0.76,43,185,142,24
2,r_104_76_54,seq0,r_60_39_198,r_104_76_54,1.0,0,54,54,24
20,r_14_122_148,r_8_94_134,seq16,r_8_94_134,0.62,-107,27,134,24
81,seq65,r_13_41_185,r_111_148_124,r_111_148_124,0.72,60,184,124,24
95,seq119,seq29,r_7_48_85,r_7_48_85,0.57,19,104,85,24
9,r_115_128_15,r_22_84_63,seq5,r_22_84_63,0.59,-48,15,63,24
17,r_101_28_25,seq29,seq3,r_101_28_25,1.0,1,26,25,24
37,r_7_48_85,seq113,r_142_99_155,r_142_99_155,1.0,1,156,155,24
16,r_9_134_51,seq25,r_30_38_43,r_9_134_51,0.98,2,53,51,24
22,r_12_54_177,seq50,r_100_75_65,r_100_75_65,1.0,112,177,65,24
28,r_83_149_173,r_35_146_179,r_14_122_148,r_83_149_173,0.67,0,173,173,24
49,r_140_70_147,seq37,seq34,r_140_70_147,0.99,1,148,147,24
3,r_116_147_145,r_97_78_50,r_49_46_24,r_116_147_145,0.66,-89,56,145,24
56,seq137,r_82_117_62,seq95,r_82_117_62,0.99,4,66,62,24
7,r_47_81_133,r_61_77_167,seq42,r_47_81_133,0.76,1,134,133,24
23,r_111_148_124,seq138,r_115_128_15,r_111_148_124,0.68,4,128,124,24
5,r_59_139_49,r_104_76_54,seq37,r_59_139_49,1.0,0,49,49,24
71,seq34,r_67_4_42,seq135,r_67_4_42,0.98,8,50,42,24
35,r_44_132_4,r_20_107_152,r_14_122_148,r_44_132_4,0.6,148,152,4,24
44,r_55_118_26,r_17_112_28,seq26,r_55_118_26,1.0,2,28,26,24
94,seq113,r_60_39_198,r_49_46_24,r_49_46_24,1.0,6,30,24,24
93,seq111,r_14_18_135,r_19_125_56,r_19_125_56,0.79,18,74,56,25
30,r_128_29_147,r_50_56_164,r_80_17_10,r_128_29_147,0.77,0,147,147,25
8,r_90_10_110,r_138_97_142,seq147,r_90_10_110,0.96,0,110,110,25
43,r_148_20_120,seq79,seq11,r_148_20_120,0.93,0,120,120,25
59,seq21,seq109,r_67_73_173,r_67_73_173,0.62,2,175,173,25
86,seq92,seq118,r_47_16_82,r_47_16_82,1.0,33,115,82,25
16,r_117_83_143,seq42,seq68,r_117_83_143,0.72,1,144,143,25
21,r_61_121_5,seq7,r_44_54_32,r_44_54_32,0.85,82,114,32,25
39,r_134_40_95,r_94_76_192,r_103_52_18,r_134_40_95,1.0,2,97,95,25
1,r_67_73_173,seq85,seq21,r_67_73_173,0.49,0,173,173,25
24,r_19_125_56,r_39_6_184,seq111,r_19_125_56,1.0,1,57,56,25
46,r_39_6_184,seq23,r_131_65_81,r_131_65_81,1.0,7,88,81,25
32,r_103_52_18,r_67_73_173,r_134_40_95,r_134_40_95,0.63,24,119,95,25
45,r_84_98_145,seq22,seq72,r_84_98_145,0.97,0,145,145,25
48,r_87_93_39,r_94_76_192,seq24,r_87_93_39,1.0,0,39,39,25
3,r_50_56_164,r_120_43_132,r_61_121_5,r_50_56_164,0.77,0,164,164,25
35,r_142_58_22,r_130_69_150,seq34,r_142_58_22,1.0,0,22,22,25
31,r_138_97_142,seq34,seq22,r_138_97_142,0.96,0,142,142,25
41,r_41_48_151,seq0,seq102,r_41_48_151,0.76,0,151,151,25
3,r_50_56_164,r_128_29_147,r_120_43_132,r_120_43_132,0.55,15,147,132,25
22,r_44_54_32,seq129,r_130_69_150,r_44_54_32,0.71,2,34,32,25
44,r_89_91_17,r_41_48_151,r_26_12_96,r_89_91_17,0.93,4,21,17,25
26,r_86_145_91,r_124_27_165,seq144,r_86_145_91,0.47,2,93,91,25
0,r_45_133_166,seq135,r_103_52_18,r_103_52_18,0.47,148,166,18,25
11,r_112_57_73,r_116_37_139,r_149_32_194,r_112_57_73,1.0,2,75,73,25
20,r_124_27_165,seq132,r_90_10_110,r_124_27_165,0.53,0,165,165,25
13,r_31_100_61,seq51,seq88,r_31_100_61,0.99,0,61,61,25
46,r_39_6_184,r_131_65_81,r_99_53_178,r_131_65_81,0.5,103,184,81,25
32,r_103_52_18,r_127_63_190,r_67_73_173,r_103_52_18,0.98,0,18,18,25
15,r_13_104_108,r_124_27_165,r_59_66_87,r_13_104_108,0.99,1,109,108,25
57,seq144,r_131_65_81,r_141_123_102,r_131_65_81,0.99,0,81,81,25
47,r_120_43_132,r_50_56_164,r_131_65_81,r_50_56_164,0.81,0,164,164,25
6,r_47_16_82,r_67_73_173,seq92,r_47_16_82,0.97,0,82,82,25
57,seq144,r_141_123_102,r_86_145_91,r_141_123_102,0.64,23,125,102,25
8,r_90_10_110,seq147,r_124_27_165,r_124_27_165,0.94,-13,152,165,25
27,r_4_1_47,r_5_101_175,seq102,r_4_1_47,1.0,0,47,47,25
22,r_44_54_32,r_130_69_150,r_61_121_5,r_130_69_150,0.74,1,151,150,25
2,r_106_77_154,seq51,seq74,r_106_77_154,0.34,0,154,154,25
47,r_120_43_132,seq21,r_50_56_164,r_120_43_132,0.51,0,132,132,25
42,r_137_2_40,seq23,r_143_25_12,r_137_2_40,1.0,0,40,40,25
74,seq62,r_5_101_175,r_35_8_36,r_35_8_36,1.0,51,87,36,25
29,r_131_65_81,seq144,r_39_6_184,r_131_65_81,1.0,0,81,81,25
25,r_127_63_190,seq0,r_80_17_10,r_80_17_10,0.78,180,190,10,25
33,r_59_66_87,seq15,seq42,r_59_66_87,1.0,-1,86,87,25
88,seq102,r_116_37_139,r_41_48_151,r_41_48_151,0.86,0,151,151,25
65,seq34,r_138_97_142,seq118,r_138_97_142,1.0,0,142,142,25
75,seq139,r_33_140_117,r_80_17_10,r_33_140_117,0.97,-24,93,117,25
17,r_33_140_117,seq111,seq22,r_33_140_117,0.94,1,118,117,25
9,r_26_12_96,seq51,r_75_115_199,r_26_12_96,0.81,4,100,96,25
29,r_131_65_81,r_39_6_184,r_47_16_82,r_131_65_81,0.53,103,184,81,25
34,r_143_25_12,seq21,r_149_32_194,r_143_25_12,0.92,0,12,12,25
28,r_5_101_175,seq62,seq126,r_5_101_175,0.58,-1,174,175,25
49,r_35_8_36,seq92,seq62,r_35_8_36,0.83,0,36,36,25
56,seq15,r_59_66_87,r_44_54_32,r_59_66_87,0.94,1,88,87,25
23,r_149_32_194,r_143_25_12,r_112_57_73,r_112_57_73,1.0,3,76,73,25
34,r_143_25_12,r_149_32_194,r_137_2_40,r_137_2_40,1.0,14,54,40,25
12,r_130_69_150,seq7,r_44_54_32,r_44_54_32,0.75,71,103,32,25
84,seq85,r_67_73_173,seq105,r_67_73_173,0.87,0,173,173,25
12,r_130_69_150,r_44_54_32,seq51,r_130_69_150,0.55,1,151,150,25
36,r_49_9_102,r_88_16_164,r_124_59_73,r_124_59_73,0.99,33,106,73,26
8,r_26_19_88,seq10,seq3,r_26_19_88,0.54,0,88,88,26
4,r_75_55_18,r_124_59_73,r_149_31_150,r_124_59_73,0.79,0,73,73,26
37,r_141_6_149,r_94_14_124,r_95_7_38,r_95_7_38,0.96,86,124,38,26
30,r_95_7_38,r_122_127_41,seq109,r_95_7_38,0.94,1,39,38,26
55,seq10,r_26_19_88,seq114,r_26_19_88,0.99,0,88,88,26
16,r_46_143_128,seq42,r_21_48_171,r_46_143_128,0.69,0,128,128,26
39,r_145_4_140,r_88_16_164,r_26_19_88,r_145_4_140,0.76,0,140,140,26
1,r_113_86_119,seq138,r_121_62_70,r_113_86_119,0.96,0,119,119,26
42,r_77_79_185,r_18_58_138,r_104_44_106,r_18_58_138,0.58,2,140,138,26
18,r_80_128_26,r_88_16_164,r_13_8_117,r_80_128_26,0.99,0,26,26,26
32,r_13_8_117,r_80_128_26,seq12,r_13_8_117,0.89,1,118,117,26
69,seq35,r_36_123_180,r_5_40_141,r_5_40_141,0.62,39,180,141,26
32,r_13_8_117,r_1_32_114,r_80_128_26,r_80_128_26,1.0,7,33,26,26
43,r_67_106_50,r_46_143_128,seq138,r_46_143_128,0.97,-76,52,128,26
27,r_124_59_73,r_108_147_69,r_75_55_18,r_75_55_18,0.99,1,19,18,26
31,r_21_48_171,seq10,r_113_86_119,r_21_48_171,0.42,0,171,171,26
41,r_132_131_67,seq20,r_149_31_150,r_132_131_67,0.87,11,78,67,26
24,r_122_127_41,seq2,seq111,r_122_127_41,0.88,2,43,41,26
10,r_108_147_69,r_124_59_73,seq45,r_124_59_73,0.99,-5,68,73,26
26,r_88_16_164,r_145_4_140,r_27_34_35,r_88_16_164,0.77,-24,140,164,26
78,seq138,r_113_86_119,r_124_59_73,r_124_59_73,0.67,46,119,73,26
0,r_5_40_141,seq38,seq89,r_5_40_141,0.96,0,141,141,26
11,r_18_58_138,r_77_79_185,r_124_59_73,r_124_59_73,0.89,65,138,73,26
20,r_142_83_91,r_130_78_105,seq52,r_142_83_91,1.0,0,91,91,26
15,r_97_74_81,r_134_119_108,r_105_91_196,r_97_74_81,1.0,3,84,81,26
48,r_72_99_111,seq89,seq38,r_72_99_111,1.0,1,112,111,26
22,r_100_54_9,r_142_83_91,r_105_91_196,r_142_83_91,1.0,-30,61,91,26
6,r_66_56_72,r_113_86_119,seq10,r_66_56_72,1.0,1,73,72,26
63,seq22,r_1_32_114,r_80_128_26,r_80_128_26,0.76,21,47,26,26
27,r_124_59_73,r_75_55_18,seq138,r_124_59_73,1.0,0,73,73,26
4,r_75_55_18,seq22,r_124_59_73,r_75_55_18,0.97,1,19,18,26
87,seq87,r_23_116_133,seq35,r_23_116_133,0.73,-13,120,133,26
41,r_132_131_67,r_149_31_150,r_75_55_18,r_149_31_150,1.0,0,150,150,26
25,r_92_101_136,seq111,seq87,r_92_101_136,0.8,0,136,136,26
16,r_46_143_128,r_21_48_171,r_11_140_167,r_46_143_128,0.46,40,168,128,26
13,r_27_34_35,r_103_136_194,seq43,r_27_34_35,0.57,0,35,35,26
2,r_102_76_43,seq3,r_75_55_18,r_102_76_43,0.39,3,46,43,26
70,seq38,r_5_40_141,r_72_99_111,r_72_99_111,0.63,30,141,111,26
42,r_77_79_185,r_104_44_106,r_105_91_196,r_105_91_196,0.59,-11,185,196,26
38,r_130_78_105,seq42,seq135,r_130_78_105,1.0,1,106,105,26
77,seq52,seq57,r_142_83_91,r_142_83_91,1.0,11,102,91,26
34,r_23_116_133,seq87,r_113_86_119,r_23_116_133,0.96,0,133,133,26
37,r_141_6_149,r_95_7_38,seq125,r_141_6_149,0.48,0,149,149,26
7,r_25_98_56,r_26_19_88,r_105_91_196,r_25_98_56,1.0,0,56,56,26
17,r_121_62_70,seq28,r_117_126_158,r_121_62_70,1.0,1,71,70,26
9,r_104_44_106,r_47_84_10,r_75_55_18,r_104_44_106,0.66,4,110,106,26
63,seq22,r_80_128_26,r_94_14_124,r_94_14_124,0.71,4,128,124,26
14,r_37_64_17,r_25_98_56,seq45,r_37_64_17,0.54,14,31,17,26
4,r_75_55_18,r_149_31_150,r_104_44_106,r_149_31_150,0.59,-11,139,150,26
91,seq109,seq52,r_95_7_38,r_95_7_38,0.99,60,98,38,26
49,r_82_60_175,seq43,r_73_50_153,r_73_50_153,0.65,22,175,153,26
18,r_80_128_26,r_13_8_117,seq81,r_13_8_117,0.69,1,118,117,26
44,r_149_31_150,r_53_63_193,r_92_101_136,r_53_63_193,0.65,-43,150,193,26
23,r_117_126_158,seq118,seq110,r_117_126_158,0.87,0,158,158,26
17,r_121_62_70,r_117_126_158,r_113_86_119,r_121_62_70,0.99,64,134,70,26
79,seq57,r_141_6_149,r_142_83_91,r_142_83_91,0.75,58,149,91,26
35,r_11_140_167,seq29,r_46_143_128,r_46_143_128,0.71,39,167,128,26
36,r_115_105_157,r_48_68_195,r_109_133_51,r_109_133_51,1.0,110,161,51,27
20,r_57_29_31,r_32_42_130,r_98_82_143,r_57_29_31,0.74,55,86,31,27
14,r_145_38_150,r_48_68_195,r_58_147_158,r_48_68_195,0.59,-40,155,195,27
43,r_121_129_95,seq125,seq59,r_121_129_95,0.99,1,96,95,27
37,r_81_112_118,r_48_68_195,r_5_25_12,r_81_112_118,0.6,0,118,118,27
3,r_91_102_162,r_84_76_20,r_64_79_79,r_64_79_79,0.99,86,165,79,27
16,r_107_116_171,r_139_135_169,r_64_79_79,r_64_79_79,0.92,92,171,79,27
39,r_92_101_101,seq44,r_66_30_59,r_92_101_101,0.44,-32,69,101,27
1,r_141_149_149,seq12,seq140,r_141_149_149,0.88,0,149,149,27
46,r_3_35_144,seq95,seq44,r_3_35_144,0.51,0,144,144,27
3,r_91_102_162,r_48_68_195,r_84_76_20,r_84_76_20,0.92,4,24,20,27
45,r_24_46_23,r_41_20_174,seq108,r_24_46_23,1.0,0,23,23,27
66,seq33,seq90,r_88_130_57,r_88_130_57,1.0,37,94,57,27
76,seq63,r_62_93_99,r_60_74_61,r_62_93_99,0.74,-14,85,99,27
17,r_84_76_20,seq78,r_91_102_162,r_84_76_20,0.98,0,20,20,27
67,seq34,r_52_39_63,r_5_25_12,r_52_39_63,0.77,0,63,63,27
10,r_64_79_79,seq34,seq118,r_64_79_79,0.93,0,79,79,27
4,r_62_93_99,seq63,seq126,r_62_93_99,0.94,2,101,99,27
0,r_41_20_174,r_87_19_181,r_88_130_57,r_88_130_57,0.92,117,174,57,27
11,r_52_39_63,seq34,seq123,r_52_39_63,1.0,0,63,63,27
13,r_94_128_187,seq56,r_41_20_174,r_41_20_174,0.56,13,187,174,27
98,seq126,seq99,r_62_93_99,r_62_93_99,0.96,21,120,99,27
44,r_109_133_51,r_87_19_181,seq124,r_109_133_51,1.0,0,51,51,27
30,r_138_67_10,r_64_79_79,r_48_68_195,r_138_67_10,0.8,0,10,10,27
48,r_89_45_121,seq36,seq70,r_89_45_121,0.93,2,123,121,27
6,r_87_19_181,r_41_20_174,r_145_38_150,r_87_19_181,0.59,-6,175,181,27
39,r_92_101_101,r_66_30_59,seq125,r_92_101_101,0.99,0,101,101,27
21,r_69_7_58,r_144_146_134,r_4_6_147,r_69_7_58,0.97,90,148,58,27
49,r_5_25_12,r_85_119_192,seq34,r_5_25_12,0.99,0,12,12,27
27,r_110_131_115,seq99,seq125,r_110_131_115,0.91,0,115,115,27
29,r_10_117_19,r_40_86_94,seq8,r_10_117_19,0.99,0,19,19,27
30,r_138_67_10,r_48_68_195,r_142_15_109,r_142_15_109,1.0,19,128,109,27
31,r_49_113_15,r_91_102_162,seq28,r_49_113_15,1.0,-1,14,15,27
2,r_40_86_94,seq59,seq77,r_40_86_94,0.47,0,94,94,27
21,r_69_7_58,seq95,r_144_146_134,r_69_7_58,1.0,1,59,58,27
40,r_50_111_83,seq65,seq78,r_50_111_83,1.0,0,83,83,27
18,r_114_2_71,r_48_68_195,seq143,r_114_2_71,0.99,0,71,71,27
25,r_58_147_158,seq54,r_145_38_150,r_58_147_158,0.48,8,166,158,27
58,seq143,seq21,r_114_2_71,r_114_2_71,1.0,3,74,71,27
57,seq13,r_88_130_57,r_53_120_6,r_88_130_57,1.0,0,57,57,27
15,r_88_130_57,seq13,seq33,r_88_130_57,0.99,0,57,57,27
19,r_43_14_13,r_69_7_58,seq1,r_43_14_13,0.79,-3,10,13,27
38,r_98_82_143,seq59,r_110_131_115,r_98_82_143,0.85,1,144,143,27
34,r_139_135_169,seq9,r_32_42_130,r_32_42_130,1.0,43,173,130,27
26,r_37_80_39,seq44,seq125,r_37_80_39,1.0,0,39,39,27
81,seq77,r_83_97_194,r_40_86_94,r_40_86_94,0.99,16,110,94,27
20,r_57_29_31,r_98_82_143,seq51,r_98_82_143,0.87,-14,129,143,27
96,seq124,r_32_42_130,seq12,r_32_42_130,0.99,0,130,130,27
22,r_75_16_190,seq12,r_141_149_149,r_141_149_149,0.62,41,190,149,27
28,r_71_61_96,seq51,seq73,r_71_61_96,0.82,5,101,96,27
20,r_57_29_31,seq8,r_32_42_130,r_57_29_31,1.0,0,31,31,27
7,r_134_23_37,r_37_80_39,seq72,r_134_23_37,0.52,0,37,37,27
23,r_22_47_78,seq28,r_53_120_6,r_22_47_78,1.0,0,78,78,27
17,r_84_76_20,r_91_102_162,r_144_146_134,r_144_146_134,0.79,-1,133,134,27
82,seq78,seq95,r_50_111_83,r_50_111_83,1.0,10,93,83,27
35,r_142_15_109,seq0,r_138_67_10,r_142_15_109,1.0,0,109,109,27
12,r_144_146_134,r_58_147_158,r_84_76_20,r_144_146_134,0.85,3,137,134,27
69,seq44,r_37_80_39,r_66_30_59,r_37_80_39,1.0,0,39,39,27
53,seq9,seq87,r_77_42_91,r_77_42_91,1.0,20,111,91,28
37,r_139_17_86,r_27_137_172,seq6,r_139_17_86,1.0,-2,84,86,28
59,seq19,r_112_109_197,r_25_62_52,r_25_62_52,1.0,8,60,52,28
55,seq13,r_126_12_166,seq103,r_126_12_166,0.94,-39,127,166,28
16,r_116_36_161,r_57_120_168,seq65,r_116_36_161,0.7,0,161,161,28
39,r_127_131_180,seq23,r_141_90_61,r_127_131_180,0.63,0,180,180,28
5,r_128_71_120,seq54,seq49,r_128_71_120,0.97,0,120,120,28
33,r_85_108_41,seq31,seq23,r_85_108_41,0.93,1,42,41,28
1,r_136_37_34,seq87,seq125,r_136_37_34,1.0,0,34,34,28
31,r_98_104_186,r_4_46_184,seq145,r_98_104_186,0.23,0,186,186,28
41,r_77_42_91,seq83,seq9,r_77_42_91,1.0,0,91,91,28
12,r_58_74_27,r_78_14_157,seq43,r_58_74_27,1.0,0,27,27,28
89,seq102,r_4_46_184,r_66_41_153,r_66_41_153,0.99,24,177,153,28
3,r_80_92_105,r_126_12_166,r_25_62_52,r_80_92_105,0.49,13,118,105,28
10,r_75_68_185,r_35_5_127,r_78_14_157,r_35_5_127,0.98,0,127,127,28
0,r_76_81_167,seq84,r_80_92_105,r_80_92_105,0.56,62,167,105,28
26,r_123_110_35,r_66_41_153,r_143_118_31,r_66_41_153,0.81,-118,35,153,28
7,r_25_62_52,r_77_42_91,seq19,r_25_62_52,1.0,0,52,52,28
15,r_4_46_184,r_98_104_186,seq148,r_98_104_186,0.57,-2,184,186,28
48,r_1_10_177,seq53,r_141_90_61,r_1_10_177,0.47,0,177,177,28
57,seq16,r_94_97_95,r_21_33_111,r_21_33_111,1.0,-1,110,111,28
6,r_27_137_172,r_95_2_108,r_132_7_76,r_132_7_76,0.7,97,173,76,28
9,r_69_47_45,seq16,r_63_142_4,r_69_47_45,1.0,1,46,45,28
27,r_141_90_61,seq6,seq138,r_141_90_61,0.83,5,66,61,28
46,r_129_146_33,r_0_67_80,r_78_14_157,r_0_67_80,1.0,0,80,80,28
2,r_29_45_176,seq3,r_78_14_157,r_78_14_157,0.85,12,169,157,28
47,r_35_5_127,r_75_68_185,r_143_118_31,r_75_68_185,0.8,-58,127,185,28
24,r_73_121_17,r_85_108_41,seq79,r_73_121_17,1.0,0,17,17,28
29,r_82_89_114,r_116_36_161,r_143_118_31,r_143_118_31,0.74,83,114,31,28
46,r_129_146_33,seq31,r_0_67_80,r_129_146_33,0.99,0,33,33,28
25,r_57_120_168,r_116_36_161,r_66_41_153,r_57_120_168,0.88,-7,161,168,28
70,seq43,r_116_36_161,r_58_74_27,r_58_74_27,0.56,84,111,27,28
42,r_18_20_10,seq117,seq16,r_18_20_10,0.98,0,10,10,28
61,seq22,seq51,r_132_7_76,r_132_7_76,1.0,77,153,76,28
32,r_124_44_140,seq107,seq145,r_124_44_140,0.94,4,144,140,28
79,seq79,r_114_149_123,r_73_121_17,r_73_121_17,1.0,6,23,17,28
34,r_21_33_111,seq55,seq16,r_21_33_111,0.9,0,111,111,28
13,r_50_24_26,seq32,seq107,r_50_24_26,1.0,1,27,26,28
81,seq84,r_76_81_167,r_111_130_196,r_76_81_167,0.65,0,167,167,28
17,r_133_56_188,r_95_2_108,r_76_81_167,r_133_56_188,0.47,0,188,188,28
21,r_38_86_24,r_116_36_161,seq135,r_38_86_24,1.0,1,25,24,28
22,r_66_41_153,seq6,seq102,r_66_41_153,0.94,0,153,153,28
14,r_48_59_53,r_132_7_76,seq15,r_48_59_53,1.0,0,53,53,28
11,r_132_7_76,r_48_59_53,seq31,r_132_7_76,1.0,-20,56,76,28
28,r_0_67_80,r_75_68_185,seq83,r_0_67_80,1.0,0,80,80,28
49,r_26_88_146,seq51,r_0_67_80,r_0_67_80,1.0,67,147,80,28
44,r_140_115_104,r_127_131_180,r_78_14_157,r_140_115_104,1.0,0,104,104,28
23,r_94_97_95,seq16,r_132_7_76,r_132_7_76,1.0,18,94,76,28
40,r_78_14_157,r_58_74_27,seq135,r_58_74_27,0.93,0,27,27,28
36,r_100_61_23,seq84,seq93,r_100_61_23,0.97,0,23,23,28
10,r_75_68_185,r_78_14_157,r_85_108_41,r_75_68_185,1.0,0,185,185,28
58,seq145,r_80_92_105,r_34_60_152,r_34_60_152,0.77,-107,45,152,28
30,r_89_23_147,r_68_102_146,seq70,r_89_23_147,0.71,3,150,147,29
36,r_123_18_165,seq74,r_107_7_41,r_123_18_165,0.61,0,165,165,29
14,r_57_118_172,r_104_54_102,r_20_92_79,r_104_54_102,0.8,0,102,102,29
8,r_132_109_185,seq51,r_107_7_41,r_132_109_185,0.49,0,185,185,29
43,r_113_66_113,seq25,seq29,r_113_66_113,0.89,0,113,113,29
54,seq141,r_114_134_190,r_5_8_22,r_5_8_22,0.85,39,61,22,29
13,r_107_7_41,seq32,seq35,r_107_7_41,0.61,2,43,41,29
37,r_97_9_123,seq95,r_22_119_47,r_97_9_123,0.67,1,124,123,29
16,r_114_134_190,r_120_1_39,r_5_8_22,r_114_134_190,0.84,-169,21,190,29
59,seq148,r_60_103_100,r_98_15_103,r_98_15_103,0.5,19,122,103,29
40,r_22_119_47,r_60_103_100,seq72,r_22_119_47,0.98,0,47,47,29
55,seq14,r_122_69_152,r_53_110_148,r_53_110_148,0.5,4,152,148,29
21,r_98_15_103,r_144_149_121,seq126,r_98_15_103,0.96,0,103,103,29
5,r_104_54_102,seq72,seq80,r_104_54_102,0.99,0,102,102,29
46,r_49_84_186,r_60_103_100,r_98_15_103,r_98_15_103,0.86,19,122,103,29
42,r_39_36_158,seq140,r_53_110_148,r_39_36_158,0.53,0,158,158,29
19,r_60_103_100,seq148,seq117,r_60_103_100,0.87,0,100,100,29
6,r_131_42_52,r_82_87_61,r_46_121_4,r_131_42_52,0.62,1,53,52,29
31,r_122_69_152,seq14,r_144_149_121,r_122_69_152,0.75,0,152,152,29
67,seq35,r_68_102_146,r_107_7_41,r_68_102_146,0.89,-44,102,146,29
89,seq95,r_97_9_123,seq62,r_97_9_123,1.0,1,124,123,29
3,r_128_19_82,seq32,r_20_92_79,r_128_19_82,1.0,0,82,82,29
10,r_3_101_98,seq126,seq85,r_3_101_98,0.95,0,98,98,29
14,r_57_118_172,r_20_92_79,r_44_45_101,r_57_118_172,0.92,0,172,172,29
46,r_49_84_186,r_98_15_103,r_104_54_102,r_49_84_186,0.94,0,186,186,29
15,r_130_112_64,r_124_10_162,seq80,r_124_10_162,0.98,-16,146,162,29
48,r_65_21_126,seq33,seq133,r_65_21_126,0.53,2,128,126,29
4,r_120_1_39,seq146,r_82_87_61,r_82_87_61,0.88,10,71,61,29
62,seq29,seq55,r_113_66_113,r_113_66_113,1.0,15,128,113,29
26,r_4_13_59,r_68_102_146,r_5_8_22,r_4_13_59,0.99,0,59,59,29
41,r_47_91_46,seq30,r_120_1_39,r_47_91_46,1.0,0,46,46,29
65,seq32,r_107_7_41,r_17_76_25,r_17_76_25,0.99,0,25,25,29
27,r_129_2_75,r_128_19_82,r_5_8_22,r_129_2_75,1.0,0,75,75,29
4,r_120_1_39,r_114_134_190,seq146,r_120_1_39,0.94,0,39,39,29
20,r_37_64_16,seq147,r_144_149_121,r_37_64_16,0.75,-1,15,16,29
2,r_56_61_66,r_44_45_101,seq26,r_56_61_66,0.74,0,66,66,29
23,r_20_92_79,r_104_54_102,r_128_19_82,r_20_92_79,1.0,6,85,79,29
29,r_68_102_146,r_89_23_147,r_46_121_4,r_68_102_146,0.56,0,146,146,29
24,r_144_149_121,r_98_15_103,r_37_64_16,r_144_149_121,0.67,-18,103,121,29
25,r_82_87_61,r_131_42_52,r_120_1_39,r_82_87_61,1.0,0,61,61,29
33,r_6_71_128,r_53_110_148,seq25,r_6_71_128,0.85,0,128,128,29
20,r_37_64_16,r_144_149_121,r_56_61_66,r_37_64_16,0.97,105,121,16,29
24,r_144_149_121,r_37_64_16,seq72,r_144_149_121,0.55,0,121,121,29
23,r_20_92_79,r_50_135_63,r_104_54_102,r_50_135_63,0.76,-10,53,63,29
38,r_99_43_151,r_67_34_157,r_65_21_126,r_67_34_157,0.58,-4,153,157,29
34,r_50_135_63,r_20_92_79,seq74,r_50_135_63,0.79,0,63,63,29
9,r_124_10_162,r_130_112_64,r_98_15_103,r_130_112_64,0.45,98,162,64,29
22,r_44_45_101,seq133,seq11,r_44_45_101,0.89,2,103,101,29
28,r_143_16_159,seq32,seq81,r_143_16_159,0.75,0,159,159,29
35,r_5_8_22,seq72,r_114_134_190,r_5_8_22,0.78,6,28,22,29
7,r_138_28_187,seq11,r_77_100_149,r_77_100_149,0.94,41,190,149,29
44,r_77_100_149,seq116,seq62,r_77_100_149,0.59,1,150,149,29
17,r_17_76_25,r_138_28_187,seq32,r_17_76_25,0.99,0,25,25,29
12,r_78_137_107,r_132_109_185,seq25,r_78_137_107,0.93,2,109,107,29
26,r_107_62_27,r_42_118_143,seq43,r_107_62_27,0.94,0,27,27,30
30,r_103_86_132,seq101,r_32_97_62,r_103_86_132,0.62,0,132,132,30
14,r_46_75_188,seq40,r_22_146_16,r_46_75_188,0.41,0,188,188,30
8,r_88_74_60,seq58,r_44_48_173,r_88_74_60,1.0,0,60,60,30
54,seq128,r_55_85_74,r_29_111_36,r_55_85_74,0.82,2,76,74,30
37,r_71_121_121,seq112,r_122_50_50,r_71_121_121,0.96,0,121,121,30
22,r_94_13_17,r_127_57_108,seq106,r_94_13_17,0.94,0,17,17,30
17,r_22_146_16,seq27,seq92,r_22_146_16,0.83,7,23,16,30
24,r_39_145_58,seq38,r_108_28_1,r_39_145_58,0.93,1,59,58,30
16,r_55_85_74,seq128,r_130_123_137,r_55_85_74,0.97,2,76,74,30
21,r_116_73_102,r_127_57_108,seq40,r_116_73_102,0.65,1,103,102,30
39,r_9_89_155,seq109,r_130_123_137,r_130_123_137,0.95,19,156,137,30
1,r_32_97_62,r_34_45_192,r_135_26_28,r_32_97_62,1.0,3,65,62,30
28,r_149_110_7,seq23,r_46_75_188,r_46_75_188,0.59,-106,82,188,30
42,r_35_139_104,seq3,seq96,r_35_139_104,0.88,0,104,104,30
69,seq30,seq11,r_84_81_45,r_84_81_45,0.84,47,92,45,30
12,r_98_65_34,r_39_145_58,seq64,r_98_65_34,1.0,1,35,34,30
46,r_117_114_14,r_127_57_108,seq21,r_117_114_14,1.0,0,14,14,30
33,r_69_80_186,r_137_78_52,r_19_18_153,r_137_78_52,0.6,135,187,52,30
41,r_99_90_124,r_113_5_195,r_119_82_75,r_113_5_195,0.99,-71,124,195,30
3,r_113_5_195,r_99_90_124,r_107_62_27,r_113_5_195,0.97,-71,124,195,30
16,r_55_85_74,r_130_123_137,r_88_74_60,r_130_123_137,0.98,3,140,137,30
0,r_7_14_182,seq96,r_56_67_135,r_56_67_135,0.67,47,182,135,30
11,r_84_81_45,r_87_25_41,r_127_57_108,r_127_57_108,1.0,70,178,108,30
23,r_87_25_41,r_4_133_94,r_59_124_37,r_87_25_41,1.0,0,41,41,30
94,seq106,seq24,r_135_26_28,r_135_26_28,0.99,-5,23,28,30
20,r_4_133_94,r_69_80_186,r_108_28_1,r_4_133_94,1.0,1,95,94,30
36,r_29_111_36,r_39_145_58,seq1,r_29_111_36,0.93,0,36,36,30
13,r_119_82_75,seq143,seq70,r_119_82_75,0.97,0,75,75,30
66,seq23,r_84_81_45,r_127_57_108,r_127_57_108,1.0,4,112,108,30
68,seq27,seq23,r_84_81_45,r_84_81_45,0.99,8,53,45,30
82,seq64,seq10,r_98_65_34,r_98_65_34,0.99,13,47,34,30
27,r_83_147_82,r_69_80_186,seq11,r_83_147_82,0.99,0,82,82,30
19,r_59_124_37,r_46_75_188,r_87_25_41,r_59_124_37,0.97,5,42,37,30
43,r_137_78_52,r_130_123_137,seq112,r_137_78_52,0.81,1,53,52,30
47,r_132_76_99,seq128,seq101,r_132_76_99,0.96,3,102,99,30
18,r_130_123_137,seq142,r_55_85_74,r_55_85_74,1.0,26,100,74,30
29,r_141_36_78,seq11,seq96,r_141_36_78,1.0,0,78,78,30
33,r_69_80_186,r_83_147_82,r_137_78_52,r_69_80_186,0.98,-104,82,186,30
5,r_135_26_28,seq136,r_94_13_17,r_135_26_28,0.6,-5,23,28,30
18,r_130_123_137,r_55_85_74,seq92,r_130_123_137,0.99,1,138,137,30
32,r_42_118_143,seq3,r_141_36_78,r_42_118_143,0.78,1,144,143,30
25,r_122_50_50,r_130_123_137,seq138,r_122_50_50,1.0,0,50,50,30
17,r_22_146_16,r_35_139_104,r_130_123_137,r_22_146_16,0.55,123,139,16,30
28,r_149_110_7,r_46_75_188,seq27,r_149_110_7,0.41,147,154,7,30
7,r_19_18_153,seq96,r_119_82_75,r_19_18_153,0.66,1,154,153,30
44,r_95_12_66,seq79,r_108_28_1,r_95_12_66,1.0,2,68,66,30
17,r_22_146_16,seq92,r_35_139_104,r_35_139_104,0.49,25,129,104,30
35,r_49_6_177,r_46_75_188,r_137_78_52,r_137_78_52,0.71,124,176,52,30
27,r_68_51_89,r_11_135_115,r_16_27_43,r_68_51_89,0.74,-3,86,89,31
97,seq116,r_16_27_43,r_3_62_38,r_16_27_43,0.96,-1,42,43,31
51,seq128,seq110,r_26_21_93,r_26_21_93,1.0,41,134,93,31
36,r_8_4_100,seq43,r_26_21_93,r_8_4_100,0.96,0,100,100,31
47,r_148_104_125,r_115_40_28,r_95_37_109,r_148_104_125,1.0,0,125,125,31
14,r_59_131_84,seq13,seq108,r_59_131_84,0.69,4,88,84,31
8,r_57_118_104,seq123,seq18,r_57_118_104,0.99,0,104,104,31
30,r_90_56_116,r_146_46_56,seq64,r_146_46_56,1.0,0,56,56,31
54,seq134,r_126_83_139,r_92_84_98,r_92_84_98,1.0,27,125,98,31
37,r_140_70_132,r_45_67_156,r_77_6_119,r_77_6_119,0.71,13,132,119,31
41,r_22_1_19,r_2_41_34,r_19_61_94,r_22_1_19,0.84,-1,18,19,31
59,seq142,seq109,r_73_69_13,r_73_69_13,0.98,3,16,13,31
19,r_115_40_28,r_148_104_125,r_11_135_115,r_115_40_28,1.0,97,125,28,31
19,r_115_40_28,r_3_62_38,r_148_104_125,r_115_40_28,1.0,0,28,28,31
71,seq39,r_74_29_186,seq64,r_74_29_186,0.49,-28,158,186,31
16,r_102_87_141,seq48,seq144,r_102_87_141,0.91,0,141,141,31
39,r_81_14_162,r_112_23_183,r_99_49_136,r_99_49_136,0.61,27,163,136,31
1,r_32_47_145,seq149,r_73_69_13,r_32_47_145,0.91,0,145,145,31
5,r_86_121_7,seq93,r_22_1_19,r_22_1_19,0.37,113,132,19,31
46,r_65_12_131,r_99_49_136,r_90_56_116,r_65_12_131,0.99,5,136,131,31
42,r_38_80_72,r_54_117_140,seq143,r_38_80_72,0.66,0,72,72,31
43,r_16_27_43,seq43,r_68_51_89,r_68_51_89,0.87,11,100,89,31
49,r_19_61_94,r_22_1_19,r_45_67_156,r_19_61_94,0.91,3,97,94,31
38,r_44_106_67,r_45_67_156,seq48,r_44_106_67,0.96,1,68,67,31
31,r_139_60_24,r_115_40_28,seq141,r_139_60_24,0.91,-3,21,24,31
10,r_25_124_173,seq63,r_126_83_139,r_25_124_173,0.43,3,176,173,31
26,r_9_138_153,seq110,seq109,r_9_138_153,0.64,2,155,153,31
72,seq43,r_65_12_131,r_95_37_109,r_95_37_109,0.68,3,112,109,31
38,r_44_106_67,r_148_104_125,r_45_67_156,r_44_106_67,0.59,-53,14,67,31
4,r_112_23_183,r_101_33_192,r_2_41_34,r_112_23_183,0.43,1,184,183,31
78,seq63,r_95_37_109,seq20,r_95_37_109,0.82,3,112,109,31
73,seq48,r_122_42_135,r_44_106_67,r_44_106_67,0.98,73,140,67,31
11,r_122_42_135,seq48,seq0,r_122_42_135,0.63,5,140,135,31
13,r_95_37_109,seq63,seq43,r_95_37_109,0.74,3,112,109,31
15,r_26_21_93,r_45_67_156,r_8_4_100,r_26_21_93,0.72,0,93,93,31
25,r_146_46_56,r_90_56_116,seq136,r_146_46_56,1.0,0,56,56,31
45,r_66_15_167,r_19_61_94,r_86_121_7,r_66_15_167,0.85,-127,40,167,31
99,seq123,r_57_118_104,seq31,r_57_118_104,1.0,-8,96,104,31
43,r_16_27_43,seq116,seq43,r_16_27_43,1.0,-1,42,43,31
27,r_68_51_89,r_8_4_100,r_11_135_115,r_68_51_89,0.5,-13,76,89,31
30,r_90_56_116,seq64,r_65_12_131,r_90_56_116,1.0,3,119,116,31
35,r_73_69_13,r_76_78_107,seq142,r_73_69_13,0.95,-1,12,13,31
2,r_127_75_182,r_103_17_23,r_86_121_7,r_86_121_7,0.68,175,182,7,31
41,r_22_1_19,r_19_61_94,seq58,r_19_61_94,1.0,1,95,94,31
47,r_148_104_125,seq31,r_115_40_28,r_115_40_28,0.75,54,82,28,31
40,r_99_49_136,r_65_12_131,seq133,r_99_49_136,0.81,0,136,136,31
29,r_130_79_179,seq89,r_92_84_98,r_92_84_98,0.78,81,179,98,31
45,r_66_15_167,r_22_1_19,seq0,r_66_15_167,0.98,0,167,167,31
33,r_11_135_115,seq116,seq137,r_11_135_115,0.8,0,115,115,31
58,seq13,r_59_131_84,r_68_51_89,r_68_51_89,0.57,40,129,89,31
32,r_92_84_98,r_32_47_145,seq134,r_92_84_98,0.99,0,98,98,31
34,r_7_30_103,seq28,r_107_5_14,r_7_30_103,0.98,0,103,103,31
49,r_19_61_94,r_45_67_156,r_76_78_107,r_45_67_156,0.52,-30,126,156,31
60,seq143,seq97,r_38_80_72,r_38_80_72,1.0,71,143,72,31
21,r_3_62_38,seq91,seq116,r_3_62_38,0.7,-3,35,38,31
45,r_66_15_167,r_86_121_7,r_22_1_19,r_66_15_167,0.48,-60,107,167,31
49,r_19_61_94,r_66_15_167,r_22_1_19,r_19_61_94,0.69,-54,40,94,31
9,r_45_67_156,seq147,r_139_60_24,r_45_67_156,0.71,1,157,156,31
17,r_107_5_14,seq142,seq43,r_107_5_14,0.65,1,15,14,31
28,r_77_6_119,r_130_79_179,r_82_119_77,r_77_6_119,0.6,0,119,119,31
7,r_53_100_35,seq134,seq89,r_53_100_35,0.99,1,36,35,31
44,r_82_119_77,r_112_23_183,seq97,r_82_119_77,1.0,2,79,77,31
23,r_125_36_166,seq97,r_95_37_109,r_125_36_166,0.69,0,166,166,31
17,r_107_5_14,seq43,r_7_30_103,r_107_5_14,0.68,91,105,14,31
79,seq64,r_74_29_186,r_81_14_162,r_74_29_186,0.42,1,187,186,31
36,r_88_127_113,seq76,seq149,r_88_127_113,0.99,0,113,113,32
22,r_126_87_51,r_27_58_83,seq38,r_126_87_51,0.64,1,52,51,32
37,r_86_139_84,r_75_69_80,seq35,r_86_139_84,1.0,0,84,84,32
16,r_131_144_184,r_85_65_124,seq125,r_85_65_124,0.91,-61,63,124,32
1,r_106_4_75,r_81_147_190,r_18_7_197,r_106_4_75,0.7,1,76,75,32
5,r_30_23_57,r_120_64_179,seq35,r_30_23_57,1.0,3,60,57,32
46,r_105_97_173,r_95_16_176,r_88_127_113,r_105_97_173,0.84,0,173,173,32
42,r_72_9_192,r_95_16_176,r_131_144_184,r_95_16_176,0.57,0,176,176,32
48,r_40_29_36,r_94_32_193,r_19_21_171,r_40_29_36,0.95,0,36,36,32
45,r_114_148_63,seq135,seq107,r_114_148_63,0.99,3,66,63,32
19,r_89_116_150,r_36_11_147,seq12,r_89_116_150,0.86,-2,148,150,32
95,seq113,r_103_1_106,r_36_11_147,r_36_11_147,0.54,-67,80,147,32
76,seq62,r_81_147_190,r_2_146_133,r_2_146_133,1.0,36,169,133,32
31,r_2_146_133,r_72_9_192,seq62,r_2_146_133,0.97,0,133,133,32
41,r_121_10_77,r_94_32_193,seq96,r_121_10_77,0.74,0,77,77,32
27,r_104_138_15,r_77_5_189,seq107,r_104_138_15,0.94,2,17,15,32
30,r_132_108_20,seq60,seq135,r_132_108_20,1.0,0,20,20,32
3,r_115_53_97,seq125,seq28,r_115_53_97,1.0,0,97,97,32
26,r_102_15_167,seq49,seq43,r_102_15_167,0.62,2,169,167,32
16,r_131_144_184,seq125,r_123_25_89,r_123_25_89,0.53,90,179,89,32
0,r_123_25_89,seq0,r_75_69_80,r_123_25_89,1.0,0,89,89,32
11,r_95_16_176,r_72_9_192,r_103_1_106,r_95_16_176,0.63,0,176,176,32
7,r_27_58_83,r_126_87_51,seq43,r_126_87_51,0.98,1,52,51,32
98,seq124,seq91,r_51_42_45,r_51_42_45,0.96,32,77,45,32
40,r_84_37_43,r_122_136_139,r_132_108_20,r_84_37_43,0.55,1,44,43,32
7,r_27_58_83,seq43,seq22,r_27_58_83,0.92,3,86,83,32
2,r_103_1_106,r_99_20_2,seq45,r_103_1_106,0.29,-11,95,106,32
47,r_101_111_141,seq112,r_132_108_20,r_101_111_141,0.94,0,141,141,32
74,seq60,r_46_92_94,seq62,r_46_92_94,1.0,-29,65,94,32
18,r_122_136_139,seq130,r_83_128_140,r_122_136_139,0.92,0,139,139,32
29,r_80_119_143,r_73_71_71,seq8,r_80_119_143,0.43,-79,64,143,32
25,r_85_65_124,r_2_146_133,r_104_138_15,r_104_138_15,0.71,109,124,15,32
33,r_55_47_72,seq0,seq70,r_55_47_72,0.98,1,73,72,32
64,seq28,seq22,r_115_53_97,r_115_53_97,0.99,2,99,97,32
88,seq96,r_3_133_32,r_121_10_77,r_121_10_77,0.96,0,77,77,32
50,seq0,r_55_47_72,r_33_98_17,r_55_47_72,0.92,1,73,72,32
32,r_39_137_153,seq48,seq0,r_39_137_153,0.6,1,154,153,32
52,seq130,r_122_136_139,seq17,r_122_136_139,1.0,0,139,139,32
48,r_40_29_36,r_19_21_171,r_73_71_71,r_40_29_36,0.5,37,73,36,32
34,r_34_93_99,seq145,seq125,r_34_93_99,1.0,0,99,99,32
45,r_114_148_63,seq107,r_30_23_57,r_114_148_63,0.25,80,143,63,32
17,r_73_71_71,r_55_47_72,r_40_29_36,r_73_71_71,0.99,2,73,71,32
9,r_77_5_189,r_57_134_183,r_54_56_12,r_77_5_189,0.39,-69,120,189,32
96,seq117,r_120_64_179,r_126_87_51,r_126_87_51,0.61,128,179,51,32
29,r_80_119_143,seq8,seq38,r_80_119_143,0.96,0,143,143,32
13,r_33_98_17,r_95_16_176,seq0,r_33_98_17,0.98,0,17,17,32
44,r_83_128_140,seq38,r_122_136_139,r_83_128_140,0.59,0,140,140,32
23,r_36_11_147,r_89_116_150,seq113,r_36_11_147,0.59,1,148,147,32
8,r_54_56_12,r_142_41_24,seq26,r_54_56_12,0.68,0,12,12,32
82,seq76,r_88_127_113,seq129,r_88_127_113,1.0,1,114,113,32
35,r_24_44_60,seq26,r_94_32_193,r_24_44_60,1.0,0,60,60,32
12,r_46_92_94,seq60,r_54_56_12,r_46_92_94,1.0,0,94,94,32
21,r_51_42_45,r_114_148_63,seq124,r_51_42_45,0.95,-1,44,45,32
14,r_143_78_171,seq82,r_19_58_5,r_143_78_171,0.23,5,176,171,33
20,r_108_148_76,r_87_7_62,r_6_64_81,r_6_64_81,0.54,22,103,81,33
8,r_22_10_142,seq144,seq29,r_22_10_142,0.45,0,142,142,33
43,r_119_35_181,seq49,r_117_4_140,r_119_35_181,0.62,0,181,181,33
37,r_94_102_105,seq144,seq74,r_94_102_105,0.96,-1,104,105,33
91,seq110,r_8_96_128,r_50_141_4,r_8_96_128,0.72,-85,43,128,33
16,r_43_133_115,r_2_5_155,seq82,r_43_133_115,0.85,-4,111,115,33
1,r_147_71_137,r_19_58_5,r_88_44_96,r_19_58_5,0.52,132,137,5,33
46,r_128_131_121,seq26,seq107,r_128_131_121,0.59,1,122,121,33
53,seq135,r_40_15_113,r_76_51_13,r_76_51_13,0.59,0,13,13,33
18,r_72_11_45,r_8_96_128,seq46,r_72_11_45,1.0,0,45,45,33
24,r_66_106_174,r_111_61_130,r_92_30_50,r_66_106_174,0.7,1,175,174,33
30,r_76_51_13,r_147_71_137,seq135,r_76_51_13,0.87,0,13,13,33
33,r_2_5_155,r_72_11_45,seq79,r_2_5_155,0.99,0,155,155,33
31,r_103_36_126,seq82,seq107,r_103_36_126,0.99,1,127,126,33
41,r_118_45_116,seq82,r_87_7_62,r_118_45_116,0.72,6,122,116,33
3,r_87_7_62,seq33,r_6_64_81,r_6_64_81,1.0,20,101,81,33
90,seq109,seq29,r_105_14_150,r_105_14_150,1.0,9,159,150,33
26,r_9_97_125,r_66_106_174,r_132_62_85,r_132_62_85,0.81,40,125,85,33
0,r_132_62_85,seq107,seq23,r_132_62_85,0.88,0,85,85,33
20,r_108_148_76,seq26,r_87_7_62,r_108_148_76,0.82,0,76,76,33
13,r_80_90_183,seq49,r_117_4_140,r_80_90_183,0.45,0,183,183,33
29,r_18_112_26,r_56_145_192,seq98,r_18_112_26,1.0,0,26,26,33
15,r_40_15_113,seq138,seq149,r_40_15_113,0.94,0,113,113,33
48,r_88_44_96,seq29,seq68,r_88_44_96,0.99,0,96,96,33
57,seq13,r_24_42_175,seq121,r_24_42_175,0.93,1,176,175,33
42,r_137_1_42,seq107,r_76_51_13,r_137_1_42,1.0,1,43,42,33
45,r_92_30_50,r_67_113_53,seq16,r_92_30_50,1.0,-3,47,50,33
47,r_53_136_61,r_87_7_62,r_89_114_193,r_53_136_61,1.0,0,61,61,33
40,r_75_54_46,r_59_73_132,seq17,r_59_73_132,0.84,-57,75,132,33
24,r_66_106_174,r_9_97_125,r_111_61_130,r_9_97_125,0.91,-15,110,125,33
25,r_28_142_143,seq120,seq26,r_28_142_143,0.82,0,143,143,33
33,r_2_5_155,r_43_133_115,r_72_11_45,r_72_11_45,1.0,43,88,45,33
47,r_53_136_61,r_89_114_193,r_132_62_85,r_132_62_85,0.63,68,153,85,33
32,r_48_85_157,r_19_58_5,r_128_131_121,r_128_131_121,0.73,38,159,121,33
34,r_59_73_132,seq104,r_87_7_62,r_59_73_132,0.91,0,132,132,33
23,r_39_31_43,r_60_115_78,r_75_54_46,r_39_31_43,1.0,0,43,43,33
2,r_67_113_53,r_137_1_42,r_18_112_26,r_67_113_53,0.99,-14,39,53,33
9,r_140_100_10,seq16,seq144,r_140_100_10,0.97,0,10,10,33
22,r_24_42_175,seq13,r_117_4_140,r_24_42_175,0.56,1,176,175,33
28,r_89_114_193,seq135,r_53_136_61,r_53_136_61,1.0,3,64,61,33
49,r_86_27_161,seq82,r_67_113_53,r_86_27_161,0.83,0,161,161,33
7,r_117_4_140,seq99,r_50_141_4,r_117_4_140,0.96,0,140,140,33
44,r_8_96_128,seq79,seq20,r_8_96_128,0.81,0,128,128,33
5,r_70_63_49,seq12,r_57_125_44,r_70_63_49,0.99,0,49,49,33
38,r_65_127_32,r_24_42_175,seq98,r_65_127_32,0.99,1,33,32,33
35,r_60_115_78,seq139,seq13,r_60_115_78,0.99,1,79,78,33
12,r_19_58_5,r_48_85_157,seq33,r_19_58_5,0.34,154,159,5,33
21,r_57_125_44,seq21,r_95_34_159,r_57_125_44,0.71,0,44,44,33
36,r_85_5_127,seq134,seq10,r_85_5_127,0.68,0,127,127,34
2,r_14_80_121,r_47_90_39,r_63_56_16,r_14_80_121,0.98,-106,15,121,34
8,r_19_41_122,r_129_115_62,r_119_96_64,r_19_41_122,1.0,-60,62,122,34
7,r_63_56_16,r_110_82_34,r_14_80_121,r_14_80_121,0.91,-106,15,121,34
37,r_119_96_64,r_66_112_42,r_19_41_122,r_119_96_64,1.0,-3,61,64,34
59,seq10,r_121_124_76,r_108_130_1,r_121_124_76,0.62,1,77,76,34
86,seq89,r_94_53_187,r_63_56_16,r_63_56_16,1.0,174,190,16,34
16,r_4_43_73,r_143_144_139,seq59,r_4_43_73,1.0,0,73,73,34
1,r_104_1_173,seq51,seq145,r_104_1_173,0.75,-1,172,173,34
28,r_31_141_52,r_14_80_121,r_108_130_1,r_31_141_52,0.73,-1,51,52,34
5,r_108_130_1,seq0,r_31_141_52,r_31_141_52,0.92,92,144,52,34
32,r_107_6_57,r_93_83_59,r_75_62_134,r_75_62_134,1.0,3,137,134,34
7,r_63_56_16,r_14_80_121,seq44,r_14_80_121,1.0,0,121,121,34
45,r_15_137_109,r_118_50_155,r_46_78_71,r_118_50_155,0.51,-46,109,155,34
0,r_47_90_39,r_27_17_115,r_36_68_68,r_47_90_39,0.98,39,78,39,34
38,r_21_65_47,seq79,seq97,r_21_65_47,0.97,0,47,47,34
66,seq26,seq40,r_77_71_92,r_77_71_92,1.0,0,92,92,34
14,r_110_82_34,seq131,seq51,r_110_82_34,1.0,-1,33,34,34
31,r_27_17_115,r_37_136_170,seq39,r_27_17_115,0.93,3,118,115,34
3,r_129_115_62,r_19_41_122,seq7,r_129_115_62,0.99,0,62,62,34
10,r_149_60_70,seq40,seq117,r_149_60_70,0.77,1,71,70,34
26,r_121_124_76,seq10,seq142,r_121_124_76,0.98,1,77,76,34
8,r_19_41_122,r_119_96_64,r_98_30_89,r_19_41_122,1.0,1,123,122,34
20,r_135_29_49,r_143_144_139,seq101,r_135_29_49,1.0,0,49,49,34
4,r_118_50_155,seq127,r_21_65_47,r_21_65_47,0.73,109,156,47,34
22,r_11_70_53,r_92_2_99,seq132,r_11_70_53,1.0,0,53,53,34
19,r_88_86_31,seq142,seq39,r_88_86_31,0.94,-4,27,31,34
13,r_143_144_139,seq48,r_119_96_64,r_143_144_139,0.95,0,139,139,34
15,r_72_102_128,seq145,r_19_41_122,r_72_102_128,0.97,0,128,128,34
48,r_23_105_118,seq55,r_4_43_73,r_23_105_118,0.8,0,118,118,34
37,r_119_96_64,r_14_80_121,r_143_144_139,r_119_96_64,0.76,97,161,64,34
6,r_87_126_108,r_45_106_172,r_125_54_44,r_87_126_108,0.93,0,108,108,34
2,r_14_80_121,r_63_56_16,r_119_96_64,r_14_80_121,1.0,0,121,121,34
99,seq127,r_118_50_155,r_110_82_34,r_110_82_34,0.96,122,156,34,34
17,r_3_95_186,seq79,r_93_83_59,r_93_83_59,0.99,0,59,59,34
27,r_147_33_107,r_143_144_139,r_91_49_20,r_147_33_107,1.0,0,107,107,34
47,r_45_106_172,seq9,seq79,r_45_106_172,0.5,2,174,172,34
59,seq10,r_108_130_1,r_85_5_127,r_85_5_127,0.98,11,138,127,34
40,r_92_2_99,r_19_41_122,r_149_60_70,r_92_2_99,0.87,0,99,99,34
18,r_109_12_146,seq0,seq128,r_109_12_146,0.7,-2,144,146,34
29,r_75_62_134,seq64,r_107_6_57,r_107_6_57,0.91,77,134,57,34
25,r_13_20_131,seq103,seq22,r_13_20_131,0.88,0,131,131,34
43,r_93_83_59,r_107_6_57,r_19_41_122,r_19_41_122,1.0,15,137,122,34
33,r_84_74_98,r_140_123_199,seq64,r_140_123_199,0.65,-90,109,199,34
88,seq99,seq64,r_149_60_70,r_149_60_70,0.44,55,125,70,34
99,seq127,r_110_82_34,r_94_53_187,r_110_82_34,0.47,153,187,34,34
32,r_107_6_57,r_143_144_139,r_93_83_59,r_107_6_57,0.99,0,57,57,34
24,r_91_49_20,r_66_112_42,seq146,r_91_49_20,0.83,-1,19,20,34
61,seq142,seq38,r_121_124_76,r_121_124_76,1.0,6,82,76,34
0,r_47_90_39,r_14_80_121,r_27_17_115,r_47_90_39,1.0,0,39,39,34
34,r_52_116_133,seq22,r_66_112_42,r_52_116_133,0.85,1,134,133,34
43,r_93_83_59,seq146,r_107_6_57,r_93_83_59,1.0,0,59,59,34
9,r_138_25_100,seq64,r_88_86_31,r_138_25_100,1.0,0,100,100,34
37,r_119_96_64,r_19_41_122,r_14_80_121,r_119_96_64,1.0,57,121,64,34
46,r_73_16_28,r_93_83_59,seq128,r_73_16_28,0.97,0,28,28,34
49,r_46_78_71,r_92_2_99,seq32,r_46_78_71,1.0,1,72,71,34
56,seq7,seq64,r_149_60_70,r_149_60_70,0.52,55,125,70,34
44,r_37_136_170,r_140_123_199,r_121_124_76,r_140_123_199,0.64,-29,170,199,34
42,r_125_54_44,seq59,seq145,r_125_54_44,1.0,0,44,44,34
23,r_76_24_148,seq114,r_149_60_70,r_76_24_148,0.91,0,148,148,34
17,r_3_95_186,r_93_83_59,r_104_1_173,r_93_83_59,0.51,127,186,59,34
35,r_36_68_68,seq128,r_47_90_39,r_36_68_68,1.0,0,68,68,34
12,r_77_71_92,r_45_106_172,seq26,r_77_71_92,1.0,0,92,92,34
30,r_42_148_165,seq24,r_72_56_52,r_42_148_165,0.76,0,165,165,35
36,r_21_101_175,seq83,r_55_74_28,r_55_74_28,0.79,147,175,28,35
14,r_128_104_119,r_37_50_182,r_114_107_77,r_37_50_182,0.98,-63,119,182,35
12,r_135_99_42,seq36,r_121_136_9,r_135_99_42,0.47,40,82,42,35
43,r_76_77_65,r_44_32_180,r_41_149_32,r_76_77_65,1.0,2,67,65,35
4,r_43_54_53,r_37_50_182,seq36,r_43_54_53,1.0,0,53,53,35
71,seq46,r_4_117_120,seq81,r_4_117_120,0.97,7,127,120,35
12,r_135_99_42,seq67,seq36,r_135_99_42,0.83,0,42,42,35
21,r_96_60_125,seq34,r_78_58_137,r_78_58_137,0.62,-12,125,137,35
39,r_12_31_131,seq89,seq28,r_12_31_131,0.7,0,131,131,35
46,r_139_59_111,r_21_101_175,r_1_20_193,r_139_59_111,1.0,0,111,111,35
45,r_91_69_127,r_88_57_45,r_102_5_23,r_102_5_23,0.66,99,122,23,35
48,r_102_5_23,r_140_145_37,r_128_104_119,r_128_104_119,0.63,-95,24,119,35
38,r_41_149_32,seq66,seq130,r_41_149_32,1.0,0,32,32,35
66,seq29,r_118_17_166,r_114_107_77,r_114_107_77,1.0,5,82,77,35
76,seq64,r_62_86_151,r_16_30_101,r_16_30_101,0.99,32,133,101,35
31,r_51_6_44,r_82_33_150,seq39,r_82_33_150,0.93,0,150,150,35
41,r_114_107_77,seq47,seq29,r_114_107_77,1.0,0,77,77,35
67,seq34,r_96_60_125,seq68,r_96_60_125,0.99,0,125,125,35
44,r_18_87_185,r_95_23_38,r_55_74_28,r_18_87_185,0.95,0,185,185,35
25,r_78_58_137,r_96_60_125,seq61,r_96_60_125,0.79,12,137,125,35
3,r_119_63_142,seq116,r_43_54_53,r_119_63_142,0.66,0,142,142,35
8,r_125_92_55,r_62_86_151,seq3,r_125_92_55,1.0,0,55,55,35
72,seq47,r_114_107_77,seq7,r_114_107_77,1.0,0,77,77,35
16,r_88_57_45,r_91_69_127,seq68,r_91_69_127,0.54,46,173,127,35
15,r_25_38_36,seq61,seq52,r_25_38_36,0.99,0,36,36,35
11,r_82_33_150,r_51_6_44,r_95_23_38,r_82_33_150,0.93,0,150,150,35
98,seq116,r_119_63_142,seq28,r_119_63_142,0.99,0,142,142,35
6,r_37_50_182,r_128_104_119,r_102_5_23,r_128_104_119,0.54,-38,81,119,35
85,seq83,r_21_101_175,seq39,r_21_101_175,0.72,-30,145,175,35
99,seq124,seq103,r_115_71_93,r_115_71_93,1.0,20,113,93,35
0,r_72_56_52,r_44_32_180,r_42_148_165,r_42_148_165,0.95,15,180,165,35
2,r_16_30_101,r_96_60_125,seq64,r_16_30_101,1.0,0,101,101,35
47,r_137_48_158,seq89,r_72_56_52,r_72_56_52,0.95,106,158,52,35
74,seq53,r_44_32_180,r_72_56_52,r_72_56_52,1.0,128,180,52,35
18,r_10_90_157,seq7,seq67,r_10_90_157,0.73,0,157,157,35
29,r_4_117_120,seq46,seq143,r_4_117_120,0.96,1,121,120,35
24,r_115_71_93,seq130,seq124,r_115_71_93,1.0,0,93,93,35
25,r_78_58_137,seq79,r_96_60_125,r_78_58_137,0.43,-12,125,137,35
33,r_127_131_188,seq68,r_120_100_152,r_127_131_188,0.47,0,188,188,35
48,r_102_5_23,r_128_104_119,r_91_69_127,r_128_104_119,0.86,0,119,119,35
16,r_88_57_45,r_96_60_125,r_91_69_127,r_96_60_125,0.81,-77,48,125,35
6,r_37_50_182,r_102_5_23,r_13_8_78,r_37_50_182,0.65,0,182,182,35
68,seq36,seq29,r_43_54_53,r_43_54_53,0.99,7,60,53,35
32,r_44_32_180,seq53,seq39,r_44_32_180,0.42,0,180,180,35
0,r_72_56_52,r_12_31_131,r_44_32_180,r_72_56_52,1.0,0,52,52,35
34,r_65_49_130,seq26,r_16_30_101,r_65_49_130,0.75,0,130,130,35
17,r_118_17_166,seq29,r_13_8_78,r_118_17_166,0.53,4,170,166,35
9,r_123_35_154,r_21_101_175,seq80,r_123_35_154,0.68,0,154,154,35
75,seq61,r_25_38_36,seq146,r_25_38_36,0.99,0,36,36,35
7,r_95_23_38,r_120_100_152,seq7,r_95_23_38,1.0,0,38,38,35
28,r_120_100_152,r_44_32_180,seq89,r_44_32_180,0.55,-27,153,180,35
10,r_140_145_37,r_62_86_151,r_102_5_23,r_62_86_151,0.84,-114,37,151,35
44,r_18_87_185,seq7,r_95_23_38,r_95_23_38,1.0,108,146,38,35
13,r_55_74_28,seq67,seq66,r_55_74_28,0.99,0,28,28,35
23,r_11_109_123,r_62_86_151,seq7,r_11_109_123,0.96,1,124,123,35
75,seq61,seq146,r_78_58_137,r_78_58_137,0.99,33,170,137,35
79,seq68,r_127_131_188,seq19,r_127_131_188,0.84,0,188,188,35
35,r_40_27_92,seq129,seq147,r_40_27_92,0.45,-11,81,92,35
21,r_96_60_125,r_78_58_137,seq28,r_96_60_125,0.78,12,137,125,35
30,r_149_48_118,r_96_105_157,r_108_93_58,r_149_48_118,0.98,0,118,118,36
20,r_73_114_37,r_38_36_116,seq99,r_73_114_37,0.77,0,37,37,36
36,r_9_54_71,r_82_101_72,r_70_91_130,r_70_91_130,0.97,-59,71,130,36
48,r_20_63_31,r_4_67_63,r_15_27_4,r_20_63_31,1.0,0,31,31,36
47,r_84_95_98,r_34_81_44,seq29,r_84_95_98,0.98,4,102,98,36
92,seq145,r_57_16_163,r_104_117_65,r_104_117_65,0.98,99,164,65,36
8,r_69_140_104,seq144,seq14,r_69_140_104,1.0,0,104,104,36
36,r_9_54_71,r_70_91_130,r_18_135_121,r_18_135_121,0.94,4,125,121,36
54,seq7,r_96_105_157,seq102,r_96_105_157,1.0,-71,86,157,36
83,seq76,r_124_79_102,seq134,r_124_79_102,1.0,-10,92,102,36
37,r_123_125_147,seq115,seq23,r_123_125_147,0.56,0,147,147,36
86,seq89,seq146,r_104_117_65,r_104_117_65,1.0,4,69,65,36
16,r_45_56_184,r_75_138_92,r_108_93_58,r_45_56_184,1.0,-90,94,184,36
1,r_74_87_1,r_132_136_171,r_82_101_72,r_82_101_72,1.0,99,171,72,36
97,seq115,r_123_125_147,seq5,r_123_125_147,0.96,0,147,147,36
42,r_71_121_109,r_45_56_184,seq6,r_71_121_109,0.98,3,112,109,36
29,r_62_110_183,r_43_92_51,r_88_94_143,r_88_94_143,0.56,40,183,143,36
22,r_108_93_58,r_119_78_85,r_71_121_109,r_108_93_58,0.97,0,58,58,36
45,r_18_135_121,seq97,r_9_54_71,r_18_135_121,1.0,0,121,121,36
19,r_119_78_85,r_84_95_98,r_82_101_72,r_119_78_85,1.0,0,85,85,36
38,r_1_85_175,r_75_138_92,r_108_93_58,r_1_85_175,0.74,0,175,175,36
31,r_124_79_102,seq14,seq5,r_124_79_102,1.0,0,102,102,36
41,r_72_113_136,seq107,seq0,r_72_113_136,0.99,0,136,136,36
26,r_130_103_123,r_119_78_85,r_108_93_58,r_119_78_85,0.89,-4,81,85,36
16,r_45_56_184,r_108_93_58,r_104_117_65,r_45_56_184,0.87,0,184,184,36
4,r_19_3_119,seq137,r_116_42_111,r_19_3_119,1.0,0,119,119,36
11,r_82_101_72,r_9_54_71,r_119_78_85,r_119_78_85,0.63,1,86,85,36
15,r_96_105_157,r_149_48_118,r_10_60_12,r_96_105_157,0.68,-39,118,157,36
15,r_96_105_157,r_10_60_12,r_15_27_4,r_96_105_157,0.96,0,157,157,36
49,r_51_12_186,r_147_143_53,r_43_92_51,r_51_12_186,0.39,2,188,186,36
13,r_34_81_44,r_84_95_98,seq23,r_84_95_98,1.0,11,109,98,36
85,seq86,seq6,r_4_67_63,r_4_67_63,1.0,26,89,63,36
99,seq122,seq144,r_38_36_116,r_38_36_116,0.79,6,122,116,36
10,r_147_143_53,r_51_12_186,r_19_3_119,r_19_3_119,1.0,69,188,119,36
27,r_4_67_63,r_18_135_121,seq86,r_4_67_63,1.0,1,64,63,36
2,r_131_30_179,seq89,r_43_92_51,r_43_92_51,0.62,128,179,51,36
29,r_62_110_183,r_88_94_143,r_43_92_51,r_43_92_51,1.0,101,152,51,36
24,r_50_46_189,seq31,r_73_114_37,r_50_46_189,0.4,0,189,189,36
25,r_11_41_139,seq99,seq31,r_11_41_139,0.81,0,139,139,36
33,r_132_136_171,r_74_87_1,seq133,r_132_136_171,0.7,0,171,171,36
47,r_84_95_98,r_119_78_85,r_34_81_44,r_34_81_44,0.95,7,51,44,36
70,seq31,r_50_46_189,r_11_41_139,r_11_41_139,0.97,50,189,139,36
22,r_108_93_58,r_71_121_109,r_149_48_118,r_71_121_109,0.86,3,112,109,36
68,seq28,r_51_12_186,r_104_117_65,r_104_117_65,1.0,104,169,65,36
39,r_10_60_12,r_139_128_197,seq144,r_10_60_12,0.96,0,12,12,36
61,seq148,r_142_90_128,r_141_59_170,r_142_90_128,0.52,6,134,128,36
38,r_1_85_175,r_132_136_171,r_75_138_92,r_75_138_92,1.0,0,92,92,36
34,r_57_16_163,seq145,r_64_49_68,r_57_16_163,0.71,1,164,163,36
53,seq6,seq26,r_2_61_34,r_2_61_34,1.0,23,57,34,36
13,r_34_81_44,r_131_30_179,r_84_95_98,r_34_81_44,1.0,0,44,44,36
6,r_15_27_4,r_38_36_116,r_20_63_31,r_15_27_4,0.97,57,61,4,36
17,r_66_126_77,seq55,r_70_91_130,r_66_126_77,0.97,0,77,77,36
9,r_40_58_106,seq21,seq144,r_40_58_106,0.63,6,112,106,36
40,r_43_92_51,seq29,r_62_110_183,r_43_92_51,1.0,1,52,51,36
28,r_38_36_116,seq80,seq122,r_38_36_116,0.53,2,118,116,36
49,r_51_12_186,seq28,r_147_143_53,r_147_143_53,1.0,18,71,53,36
56,seq137,r_19_3_119,seq133,r_19_3_119,0.87,0,119,119,36
44,r_64_49_68,r_19_3_119,seq21,r_64_49_68,1.0,3,71,68,36
23,r_83_13_69,r_19_3_119,seq80,r_83_13_69,1.0,0,69,69,36
10,r_147_143_53,seq112,r_51_12_186,r_147_143_53,1.0,0,53,53,36
79,seq53,seq33,r_82_101_72,r_82_101_72,1.0,15,87,72,36
35,r_75_138_92,r_45_56_184,r_74_87_1,r_75_138_92,0.99,1,93,92,36
5,r_2_61_34,r_45_56_184,seq6,r_2_61_34,1.0,0,34,34,36
12,r_104_117_65,r_96_105_157,seq89,r_104_117_65,1.0,0,65,65,36
84,seq80,r_38_36_116,r_15_27_4,r_38_36_116,0.94,-55,61,116,36
30,r_146_61_135,r_35_91_150,r_127_124_73,r_146_61_135,0.79,1,136,135,37
9,r_149_11_27,r_111_75_128,seq99,r_111_75_128,1.0,-2,126,128,37
23,r_7_118_28,seq82,seq141,r_7_118_28,1.0,0,28,28,37
38,r_51_87_114,seq15,r_47_38_20,r_47_38_20,0.9,18,38,20,37
14,r_9_71_124,r_98_148_129,r_115_22_123,r_9_71_124,0.62,0,124,124,37
8,r_145_143_60,r_96_36_140,seq142,r_96_36_140,0.94,-78,62,140,37
53,seq8,r_81_85_157,r_17_52_54,r_17_52_54,1.0,104,158,54,37
37,r_126_128_94,r_6_69_194,seq129,r_126_128_94,1.0,0,94,94,37
71,seq49,r_51_87_114,r_116_70_59,r_116_70_59,0.96,13,72,59,37
16,r_134_74_198,r_115_22_123,r_127_124_73,r_134_74_198,0.75,-60,138,198,37
39,r_81_85_157,seq8,r_33_131_32,r_81_85_157,0.76,2,159,157,37
5,r_40_136_149,r_76_18_171,seq20,r_40_136_149,0.82,0,149,149,37
46,r_119_114_132,seq102,seq99,r_119_114_132,0.65,0,132,132,37
45,r_115_22_123,r_134_74_198,r_9_71_124,r_115_22_123,0.73,0,123,123,37
19,r_98_148_129,r_97_120_175,seq130,r_98_148_129,0.78,0,129,129,37
66,seq41,r_31_26_178,r_58_59_131,r_58_59_131,1.0,47,178,131,37
38,r_51_87_114,r_47_38_20,r_50_1_164,r_51_87_114,0.9,8,122,114,37
34,r_13_103_36,r_24_121_80,seq44,r_13_103_36,0.9,3,39,36,37
20,r_30_89_47,r_17_52_54,seq15,r_30_89_47,1.0,0,47,47,37
26,r_109_72_83,seq130,r_145_143_60,r_109_72_83,0.99,0,83,83,37
9,r_149_11_27,r_115_22_123,r_111_75_128,r_149_11_27,0.93,0,27,27,37
48,r_76_18_171,r_113_46_55,r_35_91_150,r_76_18_171,0.94,2,173,171,37
41,r_113_46_55,r_132_29_12,r_76_18_171,r_113_46_55,0.99,1,56,55,37
0,r_58_59_131,r_19_21_2,seq102,r_58_59_131,0.87,0,131,131,37
11,r_104_84_121,seq16,seq112,r_104_84_121,0.71,3,124,121,37
13,r_111_75_128,r_107_139_160,r_149_11_27,r_149_11_27,0.96,48,75,27,37
15,r_110_135_86,r_57_64_41,r_12_14_97,r_110_135_86,0.57,5,91,86,37
48,r_76_18_171,r_40_136_149,r_113_46_55,r_113_46_55,0.96,63,118,55,37
49,r_47_38_20,r_51_87_114,r_30_89_47,r_47_38_20,0.78,102,122,20,37
43,r_32_42_17,seq133,seq102,r_32_42_17,0.91,0,17,17,37
27,r_57_64_41,r_140_10_100,seq73,r_140_10_100,1.0,0,100,100,37
13,r_111_75_128,r_149_11_27,r_113_46_55,r_111_75_128,1.0,0,128,128,37
2,r_123_28_75,seq141,seq117,r_123_28_75,0.94,0,75,75,37
41,r_113_46_55,r_76_18_171,r_111_75_128,r_111_75_128,1.0,45,173,128,37
40,r_116_70_59,seq62,seq49,r_116_70_59,1.0,2,61,59,37
18,r_2_79_145,r_107_139_160,r_149_11_27,r_149_11_27,0.81,37,64,27,37
24,r_127_124_73,r_134_74_198,seq27,r_127_124_73,0.56,-13,60,73,37
25,r_0_3_90,seq82,r_30_89_47,r_0_3_90,1.0,0,90,90,37
33,r_24_121_80,r_93_4_187,seq48,r_24_121_80,0.92,0,80,80,37
50,seq129,r_96_36_140,seq99,r_96_36_140,0.98,0,140,140,37
58,seq16,r_104_84_121,seq141,r_104_84_121,0.79,3,124,121,37
68,seq44,seq90,r_9_71_124,r_9_71_124,0.81,3,127,124,37
21,r_33_131_32,r_132_29_12,seq82,r_33_131_32,0.97,1,33,32,37
6,r_137_68_50,seq48,seq108,r_137_68_50,1.0,1,51,50,37
81,seq77,r_35_91_150,r_92_34_163,r_92_34_163,0.76,1,164,163,37
17,r_140_10_100,r_57_64_41,seq62,r_140_10_100,0.9,0,100,100,37
10,r_17_52_54,seq138,seq129,r_17_52_54,1.0,1,55,54,37
49,r_47_38_20,r_35_91_150,r_51_87_114,r_47_38_20,0.88,-1,19,20,37
18,r_2_79_145,r_149_11_27,seq5,r_2_79_145,0.9,0,145,145,37
44,r_31_26_178,seq41,r_149_11_27,r_31_26_178,0.39,2,180,178,37
32,r_37_125_22,seq129,r_35_91_150,r_37_125_22,0.94,-1,21,22,37
35,r_12_14_97,r_35_91_150,r_110_135_86,r_12_14_97,0.96,0,97,97,37
12,r_105_66_72,r_96_36_140,seq141,r_105_66_72,0.98,0,72,72,37
36,r_100_56_23,seq45,seq62,r_100_56_23,1.0,0,23,23,37
93,seq109,r_121_31_184,seq110,r_121_31_184,0.44,1,185,184,38
30,r_98_65_160,r_75_47_129,r_23_140_120,r_98_65_160,0.85,-30,130,160,38
14,r_39_104_114,r_127_73_142,seq57,r_39_104_114,0.96,2,116,114,38
53,seq9,r_113_136_61,seq28,r_113_136_61,1.0,1,62,61,38
43,r_97_99_82,r_91_111_167,seq109,r_97_99_82,0.98,1,83,82,38
12,r_143_148_55,r_15_114_131,r_12_64_165,r_143_148_55,0.93,-1,54,55,38
37,r_106_29_94,seq24,r_108_115_44,r_106_29_94,0.94,1,95,94,38
86,seq142,seq45,r_113_136_61,r_113_136_61,1.0,5,66,61,38
16,r_33_95_96,r_127_73_142,seq133,r_33_95_96,0.79,0,96,96,38
21,r_75_47_129,r_98_65_160,seq133,r_75_47_129,0.65,1,130,129,38
39,r_94_116_132,seq17,seq146,r_94_116_132,0.95,1,133,132,38
5,r_121_31_184,seq109,r_59_126_177,r_59_126_177,0.6,7,184,177,38
46,r_2_42_63,r_94_116_132,seq34,r_2_42_63,0.98,1,64,63,38
42,r_59_126_177,r_129_61_161,seq35,r_59_126_177,0.61,-16,161,177,38
45,r_60_69_146,r_18_41_154,r_108_115_44,r_108_115_44,0.61,14,58,44,38
41,r_108_115_44,r_102_38_149,r_60_69_146,r_108_115_44,0.95,0,44,44,38
7,r_15_114_131,seq20,seq34,r_15_114_131,0.87,7,138,131,38
58,seq17,r_72_130_42,r_101_3_16,r_72_130_42,0.87,0,42,42,38
19,r_18_41_154,seq83,r_39_104_114,r_18_41_154,0.68,2,156,154,38
7,r_15_114_131,r_143_148_55,seq20,r_15_114_131,0.44,-77,54,131,38
31,r_135_105_116,r_129_61_161,seq8,r_135_105_116,0.73,0,116,116,38
10,r_76_0_67,seq52,seq110,r_76_0_67,0.99,0,67,67,38
26,r_129_61_161,r_59_126_177,r_33_95_96,r_59_126_177,0.44,-16,161,177,38
11,r_112_36_54,seq9,seq16,r_112_36_54,1.0,0,54,54,38
0,r_127_73_142,seq48,r_84_77_98,r_127_73_142,0.93,0,142,142,38
63,seq34,r_25_96_185,r_15_114_131,r_15_114_131,0.56,45,176,131,38
20,r_91_111_167,r_128_82_66,r_27_21_123,r_27_21_123,0.36,44,167,123,38
15,r_26_32_155,r_129_61_161,r_39_104_114,r_39_104_114,0.46,45,159,114,38
48,r_27_21_123,r_5_13_169,r_84_77_98,r_27_21_123,0.98,1,124,123,38
23,r_101_3_16,seq45,seq17,r_101_3_16,0.84,0,16,16,38
27,r_132_87_158,seq70,r_72_130_42,r_132_87_158,0.92,-4,154,158,38
53,seq9,seq28,r_102_38_149,r_102_38_149,1.0,0,149,149,38
2,r_23_140_120,seq123,r_98_65_160,r_23_140_120,0.66,0,120,120,38
41,r_108_115_44,r_60_69_146,r_106_29_94,r_108_115_44,0.82,66,110,44,38
47,r_63_122_168,seq67,r_19_7_157,r_63_122_168,0.7,2,170,168,38
40,r_113_136_61,seq9,seq142,r_113_136_61,1.0,1,62,61,38
74,seq53,r_144_49_104,seq119,r_144_49_104,1.0,1,105,104,38
18,r_128_82_66,r_85_68_88,r_139_43_199,r_85_68_88,1.0,-17,71,88,38
29,r_137_22_115,seq124,seq37,r_137_22_115,0.95,0,115,115,38
24,r_19_7_157,seq133,seq20,r_19_7_157,0.85,0,157,157,38
25,r_131_56_93,seq20,seq17,r_131_56_93,0.97,0,93,93,38
33,r_5_13_169,seq57,r_139_43_199,r_5_13_169,0.51,4,173,169,38
65,seq37,seq20,r_137_22_115,r_137_22_115,0.78,3,118,115,38
70,seq48,r_127_73_142,seq134,r_127_73_142,0.95,0,142,142,38
4,r_72_130_42,seq17,seq8,r_72_130_42,0.99,0,42,42,38
32,r_71_90_106,seq92,r_81_55_1,r_71_90_106,1.0,0,106,106,38
38,r_144_49_104,seq53,seq57,r_144_49_104,0.98,1,105,104,38
45,r_60_69_146,r_108_115_44,r_127_73_142,r_60_69_146,0.76,0,146,146,38
17,r_85_68_88,r_128_82_66,r_143_148_55,r_85_68_88,1.0,1,89,88,38
9,r_84_77_98,seq67,seq62,r_84_77_98,0.99,0,98,98,38
22,r_1_149_190,r_98_65_160,r_30_79_14,r_98_65_160,0.44,30,190,160,38
28,r_58_147_28,r_25_96_185,seq123,r_58_147_28,0.97,3,31,28,38
49,r_145_11_85,r_19_7_157,r_98_65_160,r_145_11_85,0.9,4,89,85,38
44,r_102_38_149,seq133,seq9,r_102_38_149,0.58,0,149,149,38
79,seq62,seq80,r_84_77_98,r_84_77_98,1.0,37,135,98,38
36,r_80_72_121,seq134,seq77,r_80_72_121,0.65,4,125,121,39
14,r_11_136_93,seq127,r_85_118_37,r_11_136_93,0.98,1,94,93,39
8,r_35_43_120,seq42,seq130,r_35_43_120,0.63,10,130,120,39
43,r_7_100_158,seq137,seq27,r_7_100_158,0.76,0,158,158,39
59,seq142,r_22_119_116,r_53_40_91,r_53_40_91,0.88,25,116,91,39
1,r_140_75_161,seq134,r_54_143_110,r_140_75_161,0.42,0,161,161,39
97,seq121,seq137,r_9_66_56,r_9_66_56,1.0,33,89,56,39
5,r_48_90_114,seq91,r_122_107_54,r_48_90_114,0.97,6,120,114,39
42,r_94_41_143,r_88_135_149,seq62,r_94_41_143,0.49,0,143,143,39
9,r_138_36_55,r_76_114_1,seq78,r_138_36_55,1.0,1,56,55,39
45,r_53_40_91,seq139,seq142,r_53_40_91,0.97,1,92,91,39
70,seq47,r_58_125_21,r_124_133_8,r_124_133_8,0.89,2,10,8,39
19,r_60_87_134,r_89_25_178,r_92_2_34,r_60_87_134,0.67,0,134,134,39
16,r_132_117_190,seq102,r_85_118_37,r_85_118_37,0.99,1,38,37,39
66,seq27,r_88_135_149,r_7_100_158,r_7_100_158,0.99,10,168,158,39
44,r_82_17_33,seq128,seq149,r_82_17_33,0.99,1,34,33,39
3,r_39_81_79,r_54_143_110,seq18,r_39_81_79,1.0,0,79,79,39
16,r_132_117_190,r_85_118_37,r_89_25_178,r_89_25_178,0.86,12,190,178,39
50,seq0,seq128,r_33_126_27,r_33_126_27,0.46,12,39,27,39
0,r_93_15_189,r_54_143_110,seq62,r_54_143_110,1.0,-3,107,110,39
73,seq62,r_93_15_189,r_94_41_143,r_94_41_143,0.99,46,189,143,39
46,r_85_118_37,r_132_117_190,r_11_136_93,r_11_136_93,1.0,97,190,93,39
10,r_9_66_56,r_29_30_67,seq121,r_9_66_56,1.0,0,56,56,39
30,r_50_26_23,r_24_96_76,seq63,r_24_96_76,0.86,-45,31,76,39
6,r_89_25_178,seq18,r_5_4_9,r_5_4_9,0.83,170,179,9,39
62,seq18,r_89_25_178,r_39_81_79,r_39_81_79,1.0,82,161,79,39
85,seq97,r_52_13_179,r_24_96_76,r_24_96_76,1.0,103,179,76,39
0,r_93_15_189,seq62,r_138_36_55,r_138_36_55,0.7,134,189,55,39
21,r_33_126_27,r_49_31_193,seq101,r_33_126_27,0.86,1,28,27,39
33,r_108_57_30,r_22_119_116,seq47,r_108_57_30,0.65,1,31,30,39
27,r_71_74_131,seq83,r_54_143_110,r_71_74_131,0.72,0,131,131,39
4,r_55_34_39,r_35_43_120,seq68,r_55_34_39,1.0,0,39,39,39
37,r_84_20_44,r_39_81_79,seq134,r_84_20_44,0.98,0,44,44,39
39,r_12_28_51,seq63,r_124_133_8,r_12_28_51,0.95,5,56,51,39
41,r_122_107_54,r_33_126_27,r_48_90_114,r_48_90_114,0.94,6,120,114,39
47,r_86_45_173,r_54_143_110,seq62,r_54_143_110,1.0,-3,107,110,39
40,r_146_120_109,r_48_90_114,seq128,r_146_120_109,0.69,0,109,109,39
46,r_85_118_37,r_54_143_110,r_132_117_190,r_85_118_37,0.51,0,37,37,39
74,seq63,r_140_75_161,r_50_26_23,r_140_75_161,0.78,-67,94,161,39
18,r_29_30_67,seq69,r_79_14_48,r_29_30_67,1.0,3,70,67,39
24,r_6_103_135,r_52_13_179,r_54_143_110,r_54_143_110,0.43,26,136,110,39
64,seq149,seq1,r_82_17_33,r_82_17_33,1.0,50,83,33,39
47,r_86_45_173,seq62,r_16_21_172,r_86_45_173,0.75,0,173,173,39
65,seq23,r_16_21_172,seq102,r_16_21_172,0.7,0,172,172,39
38,r_88_135_149,r_94_41_143,r_76_114_1,r_94_41_143,1.0,0,143,143,39
48,r_79_14_48,r_86_45_173,seq68,r_79_14_48,1.0,1,49,48,39
26,r_5_4_9,r_113_148_191,seq59,r_5_4_9,0.53,1,10,9,39
17,r_22_119_116,seq111,seq0,r_22_119_116,0.51,-4,112,116,39
25,r_92_2_34,r_49_31_193,seq68,r_92_2_34,0.93,1,35,34,39
50,seq0,r_33_126_27,r_22_119_116,r_22_119_116,0.95,-5,111,116,39
22,r_110_147_77,seq98,seq62,r_110_147_77,1.0,1,78,77,39
49,r_52_13_179,seq97,r_138_36_55,r_138_36_55,1.0,124,179,55,39
56,seq137,r_7_100_158,r_54_143_110,r_54_143_110,0.82,48,158,110,39
7,r_54_143_110,r_93_15_189,seq3,r_54_143_110,0.98,0,110,110,39
23,r_109_95_84,seq73,r_110_147_77,r_109_95_84,1.0,0,84,84,39
41,r_122_107_54,r_16_21_172,r_33_126_27,r_122_107_54,0.99,0,54,54,39
79,seq70,r_44_61_167,seq129,r_44_61_167,0.99,3,170,167,39
35,r_58_125_21,seq47,seq123,r_58_125_21,0.52,10,31,21,39
12,r_24_96_76,r_109_95_84,seq97,r_24_96_76,1.0,1,77,76,39
30,r_129_31_86,seq50,r_6_98_11,r_129_31_86,0.69,2,88,86,40
14,r_2_121_135,r_39_140_116,r_22_72_7,r_39_140_116,0.75,0,116,116,40
14,r_2_121_135,r_22_72_7,seq95,r_2_121_135,0.89,0,135,135,40
8,r_141_114_145,r_56_23_77,seq148,r_56_23_77,1.0,2,79,77,40
43,r_149_113_158,seq87,r_53_10_144,r_149_113_158,0.59,0,158,158,40
37,r_124_97_95,r_39_140_116,seq55,r_124_97_95,0.96,2,97,95,40
59,seq17,seq128,r_36_119_94,r_36_119_94,1.0,19,113,94,40
19,r_116_91_26,r_51_41_118,seq73,r_51_41_118,0.99,0,118,118,40
55,seq8,r_77_111_98,seq99,r_77_111_98,1.0,0,98,98,40
16,r_133_70_167,seq29,r_139_105_105,r_139_105_105,0.67,80,185,105,40
1,r_40_47_122,r_136_122_194,r_56_23_77,r_56_23_77,0.98,0,77,77,40
97,seq115,r_136_122_194,r_0_20_89,r_0_20_89,0.78,9,98,89,40
5,r_39_140_116,r_2_121_135,seq60,r_39_140_116,0.97,0,116,116,40
42,r_123_35_137,seq14,r_77_111_98,r_123_35_137,0.61,6,143,137,40
10,r_1_132_120,seq148,seq107,r_1_132_120,1.0,0,120,120,40
45,r_56_23_77,r_40_47_122,r_0_20_89,r_56_23_77,0.73,48,125,77,40
45,r_56_23_77,r_141_114_145,r_40_47_122,r_56_23_77,0.99,2,79,77,40
2,r_67_81_18,seq27,seq128,r_67_81_18,0.59,0,18,18,40
39,r_51_41_118,r_71_74_59,r_116_91_26,r_116_91_26,0.56,1,27,26,40
36,r_112_45_42,r_142_49_15,seq146,r_112_45_42,1.0,2,44,42,40
39,r_51_41_118,r_116_91_26,r_139_105_105,r_51_41_118,0.98,0,118,118,40
10,r_1_132_120,r_86_34_73,seq148,r_86_34_73,0.99,0,73,73,40
90,seq100,r_92_106_115,seq25,r_92_106_115,1.0,1,116,115,40
18,r_64_125_5,seq27,r_6_98_11,r_64_125_5,0.59,34,39,5,40
4,r_54_68_155,seq60,r_71_74_59,r_54_68_155,0.78,0,155,155,40
0,r_94_65_124,seq5,seq102,r_94_65_124,0.42,2,126,124,40
20,r_139_105_105,r_136_122_194,seq57,r_139_105_105,0.86,0,105,105,40
13,r_137_134_152,seq78,r_112_45_42,r_112_45_42,0.69,110,152,42,40
15,r_9_11_70,seq38,r_116_91_26,r_9_11_70,0.83,0,70,70,40
6,r_43_90_121,r_123_35_137,seq55,r_43_90_121,0.77,6,127,121,40
27,r_53_10_144,seq14,r_61_32_140,r_61_32_140,0.96,5,145,140,40
29,r_88_147_165,seq62,r_142_49_15,r_142_49_15,0.56,145,160,15,40
38,r_6_98_11,r_133_70_167,r_64_125_5,r_64_125_5,0.74,5,10,5,40
25,r_77_111_98,r_141_114_145,seq131,r_77_111_98,0.99,1,99,98,40
33,r_69_83_106,seq87,seq79,r_69_83_106,0.57,0,106,106,40
41,r_13_4_41,r_141_114_145,seq38,r_13_4_41,1.0,0,41,41,40
88,seq95,r_37_30_188,r_2_121_135,r_2_121_135,0.99,2,137,135,40
70,seq50,r_129_31_86,r_71_74_59,r_71_74_59,1.0,15,74,59,40
61,seq131,r_137_134_152,r_144_145_125,r_144_145_125,0.43,-37,88,125,40
34,r_86_34_73,r_1_132_120,r_112_45_42,r_86_34_73,1.0,0,73,73,40
58,seq16,seq27,r_44_104_20,r_44_104_20,0.75,9,29,20,40
19,r_116_91_26,seq102,r_51_41_118,r_116_91_26,0.98,0,26,26,40
81,seq78,r_137_134_152,r_77_111_98,r_77_111_98,0.6,54,152,98,40
17,r_12_42_172,r_46_26_196,r_9_11_70,r_9_11_70,0.98,102,172,70,40
9,r_19_66_130,seq146,r_138_108_97,r_19_66_130,0.9,0,130,130,40
32,r_44_104_20,seq128,seq16,r_44_104_20,0.85,0,20,20,40
28,r_84_127_16,r_118_21_133,seq103,r_84_127_16,0.47,120,136,16,40
40,r_71_74_59,r_51_41_118,seq50,r_71_74_59,0.97,0,59,59,40
49,r_36_119_94,seq85,seq17,r_36_119_94,1.0,0,94,94,40
1,r_40_47_122,r_56_23_77,seq62,r_40_47_122,0.79,0,122,122,40
7,r_138_108_97,r_12_42_172,seq148,r_138_108_97,0.94,0,97,97,40
44,r_92_106_115,seq100,r_120_80_31,r_92_106_115,0.99,0,115,115,40
23,r_144_145_125,seq89,r_67_81_18,r_144_145_125,0.99,0,125,125,40
7,r_138_108_97,seq148,r_19_66_130,r_19_66_130,1.0,10,140,130,40
35,r_61_32_140,seq148,r_53_10_144,r_61_32_140,0.69,0,140,140,40
12,r_118_21_133,r_84_127_16,r_53_10_144,r_118_21_133,0.46,3,136,133,40
28,r_84_127_16,r_43_90_121,r_118_21_133,r_118_21_133,0.63,-119,14,133,40
84,seq85,r_36_119_94,seq103,r_36_119_94,1.0,0,94,94,40
51,seq2,r_55_125_65,seq20,r_55_125_65,0.98,1,66,65,41
92,seq109,seq64,r_51_78_64,r_51_78_64,1.0,4,68,64,41
14,r_129_87_100,r_103_141_188,r_28_49_57,r_129_87_100,0.6,1,101,100,41
8,r_92_29_81,seq96,seq53,r_92_29_81,0.99,0,81,81,41
36,r_24_128_39,seq50,seq99,r_24_128_39,0.99,0,39,39,41
37,r_23_10_94,seq42,seq145,r_23_10_94,0.99,1,95,94,41
71,seq58,seq110,r_140_144_90,r_140_144_90,0.88,38,128,90,41
21,r_73_135_82,r_105_116_135,r_6_56_80,r_73_135_82,0.89,0,82,82,41
1,r_100_112_161,seq46,seq15,r_100_112_161,0.81,0,161,161,41
5,r_61_43_172,seq107,r_88_82_91,r_61_43_172,0.57,0,172,172,41
46,r_5_126_143,seq74,seq132,r_5_126_143,0.86,5,148,143,41
42,r_83_38_126,seq79,seq107,r_83_38_126,0.99,0,126,126,41
9,r_123_102_55,seq1,seq13,r_123_102_55,0.98,1,56,55,41
45,r_9_0_74,r_5_126_143,r_31_45_184,r_9_0_74,1.0,0,74,74,41
30,r_89_19_20,r_61_43_172,r_33_35_10,r_89_19_20,0.91,1,21,20,41
95,seq115,seq13,r_14_136_71,r_14_136_71,1.0,-2,69,71,41
66,seq46,r_100_112_161,seq90,r_100_112_161,1.0,0,161,161,41
31,r_105_116_135,seq63,r_68_95_118,r_105_116_135,0.84,1,136,135,41
15,r_134_133_59,seq4,r_65_139_5,r_134_133_59,0.99,0,59,59,41
41,r_6_56_80,seq143,r_73_135_82,r_6_56_80,1.0,3,83,80,41
3,r_11_119_193,r_75_41_146,r_134_133_59,r_11_119_193,0.81,-114,79,193,41
10,r_149_142_190,seq132,r_27_124_61,r_27_124_61,1.0,71,132,61,41
39,r_69_66_40,r_68_95_118,seq50,r_69_66_40,0.95,0,40,40,41
11,r_88_82_91,r_31_45_184,r_14_136_71,r_88_82_91,0.81,0,91,91,41
20,r_84_131_98,r_5_126_143,r_140_144_90,r_5_126_143,1.0,-45,98,143,41
13,r_31_45_184,r_88_82_91,r_9_0_74,r_31_45_184,1.0,-93,91,184,41
57,seq17,r_5_126_143,r_55_125_65,r_55_125_65,0.83,21,86,65,41
34,r_103_141_188,r_129_87_100,r_113_25_60,r_103_141_188,0.88,-132,56,188,41
13,r_31_45_184,r_9_0_74,r_83_38_126,r_31_45_184,0.63,0,184,184,41
43,r_7_120_42,seq12,seq79,r_7_120_42,0.88,0,42,42,41
6,r_147_72_45,r_94_26_76,r_22_39_4,r_147_72_45,0.91,0,45,45,41
27,r_37_114_170,seq132,seq21,r_37_114_170,0.47,0,170,170,41
2,r_70_137_108,seq79,r_51_78_64,r_70_137_108,0.91,2,110,108,41
47,r_65_139_5,r_22_39_4,r_134_133_59,r_134_133_59,1.0,11,70,59,41
40,r_8_16_133,seq99,seq20,r_8_16_133,0.96,0,133,133,41
74,seq63,r_105_116_135,r_94_26_76,r_94_26_76,0.78,60,136,76,41
18,r_108_71_137,r_40_36_181,r_9_0_74,r_40_36_181,0.93,-44,137,181,41
29,r_55_125_65,seq2,seq17,r_55_125_65,1.0,1,66,65,41
34,r_103_141_188,r_113_25_60,r_108_71_137,r_108_71_137,0.98,52,189,137,41
64,seq42,r_23_10_94,r_28_49_57,r_23_10_94,0.52,1,95,94,41
25,r_33_35_10,r_51_78_64,seq96,r_33_35_10,0.89,0,10,10,41
4,r_68_95_118,r_69_66_40,r_89_19_20,r_68_95_118,0.57,-76,42,118,41
32,r_113_25_60,r_40_36_181,r_103_141_188,r_113_25_60,1.0,4,64,60,41
38,r_75_41_146,r_11_119_193,r_108_71_137,r_11_119_193,0.92,-45,148,193,41
45,r_9_0_74,r_31_45_184,r_108_71_137,r_108_71_137,0.87,47,184,137,41
17,r_28_49_57,seq109,seq42,r_28_49_57,0.83,7,64,57,41
22,r_40_36_181,seq21,r_108_71_137,r_108_71_137,1.0,44,181,137,41
28,r_27_124_61,r_146_101_144,seq132,r_27_124_61,1.0,0,61,61,41
91,seq107,r_61_43_172,r_83_38_126,r_83_38_126,0.76,43,169,126,41
49,r_94_26_76,seq76,seq63,r_94_26_76,1.0,1,77,76,41
56,seq15,seq96,r_100_112_161,r_100_112_161,0.87,-2,159,161,41
7,r_54_52_124,r_31_45_184,r_94_26_76,r_94_26_76,0.49,48,124,76,41
23,r_85_117_110,seq47,r_140_144_90,r_85_117_110,0.49,2,112,110,41
35,r_67_93_31,seq132,seq80,r_67_93_31,0.98,0,31,31,41
12,r_51_78_64,seq20,seq109,r_51_78_64,1.0,0,64,64,41
10,r_149_142_190,r_27_124_61,r_68_95_118,r_149_142_190,0.93,0,190,190,41
36,r_26_48_186,seq74,r_109_10_121,r_109_10_121,1.0,11,132,121,42
14,r_137_135_155,seq95,r_63_64_16,r_137_135_155,0.69,2,157,155,42
8,r_139_118_137,seq39,r_134_71_1,r_139_118_137,0.94,0,137,137,42
35,r_126_75_20,r_133_144_153,seq147,r_126_75_20,1.0,0,20,20,42
83,seq90,r_108_65_189,r_45_11_116,r_45_11_116,1.0,60,176,116,42
29,r_142_128_50,r_130_20_174,seq81,r_142_128_50,0.99,1,51,50,42
45,r_21_79_93,r_109_10_121,r_82_30_79,r_21_79_93,0.43,80,173,93,42
1,r_58_25_73,seq147,seq120,r_58_25_73,1.0,4,77,73,42
97,seq120,seq24,r_58_25_73,r_58_25_73,1.0,10,83,73,42
46,r_136_34_75,seq56,r_50_12_62,r_136_34_75,1.0,0,75,75,42
64,seq39,seq62,r_50_12_62,r_50_12_62,0.83,-13,49,62,42
49,r_110_149_156,seq76,r_37_27_192,r_37_27_192,0.4,-136,56,192,42
7,r_32_127_29,r_109_10_121,r_63_64_16,r_109_10_121,0.75,0,121,121,42
3,r_114_73_34,seq67,seq61,r_114_73_34,0.98,0,34,34,42
45,r_21_79_93,seq39,r_16_8_124,r_21_79_93,0.68,0,93,93,42
43,r_2_125_53,seq17,seq33,r_2_125_53,0.98,5,58,53,42
39,r_4_104_49,seq49,seq138,r_4_104_49,0.69,-2,47,49,42
66,seq47,r_108_65_189,r_45_11_116,r_45_11_116,0.97,0,116,116,42
31,r_50_12_62,seq122,r_136_34_75,r_136_34_75,0.99,2,77,75,42
10,r_101_53_96,seq84,seq39,r_101_53_96,0.65,8,104,96,42
26,r_31_40_77,seq56,r_35_88_23,r_31_40_77,1.0,0,77,77,42
16,r_109_10_121,r_32_127_29,r_26_48_186,r_109_10_121,1.0,0,121,121,42
0,r_35_88_23,seq74,seq41,r_35_88_23,0.98,0,23,23,42
20,r_43_68_125,seq61,r_32_127_29,r_43_68_125,0.86,0,125,125,42
13,r_130_20_174,seq18,seq138,r_130_20_174,0.48,0,174,174,42
15,r_82_30_79,r_43_68_125,r_110_149_156,r_82_30_79,0.57,0,79,79,42
49,r_110_149_156,r_37_27_192,seq0,r_110_149_156,0.99,0,156,156,42
34,r_38_1_68,r_45_11_116,r_26_48_186,r_45_11_116,0.99,1,117,116,42
7,r_32_127_29,seq89,r_109_10_121,r_32_127_29,1.0,0,29,29,42
27,r_45_11_116,r_129_9_135,r_38_1_68,r_38_1_68,1.0,1,69,68,42
19,r_60_87_48,seq17,seq76,r_60_87_48,1.0,0,48,48,42
15,r_82_30_79,r_110_149_156,r_21_79_93,r_82_30_79,0.86,15,94,79,42
25,r_119_59_27,r_44_3_108,seq61,r_119_59_27,0.98,0,27,27,42
22,r_19_115_160,seq120,r_32_127_29,r_19_115_160,0.65,0,160,160,42
37,r_54_28_42,r_133_144_153,seq39,r_54_28_42,0.95,2,44,42,42
2,r_121_99_61,r_19_115_160,r_70_15_117,r_121_99_61,1.0,1,62,61,42
47,r_37_27_192,r_44_3_108,seq100,r_44_3_108,0.99,-22,86,108,42
40,r_83_80_99,seq90,seq78,r_83_80_99,0.97,1,100,99,42
18,r_129_9_135,r_131_36_193,r_35_88_23,r_129_9_135,0.66,0,135,135,42
24,r_57_42_138,r_46_5_176,seq78,r_57_42_138,0.88,1,139,138,42
44,r_145_105_33,r_63_64_16,seq49,r_145_105_33,0.99,0,33,33,42
47,r_37_27_192,seq100,r_102_93_179,r_37_27_192,0.49,-20,172,192,42
17,r_103_55_10,r_58_25_73,seq117,r_103_55_10,0.99,0,10,10,42
88,seq97,r_94_124_113,seq138,r_94_124_113,0.78,5,118,113,42
70,seq56,r_136_34_75,seq76,r_136_34_75,1.0,-2,73,75,42
65,seq41,r_70_15_117,r_16_8_124,r_16_8_124,1.0,11,135,124,42
32,r_131_36_193,r_129_9_135,r_38_1_68,r_38_1_68,0.5,67,135,68,42
38,r_44_3_108,seq56,seq33,r_44_3_108,1.0,0,108,108,42
34,r_38_1_68,seq120,r_45_11_116,r_38_1_68,0.95,0,68,68,42
7,r_32_127_29,r_63_64_16,r_43_68_125,r_32_127_29,0.64,110,139,29,42
68,seq51,seq106,r_13_7_43,r_13_7_43,1.0,3,46,43,42
30,r_13_7_43,seq62,seq51,r_13_7_43,1.0,0,43,43,42
27,r_45_11_116,r_38_1_68,seq84,r_45_11_116,1.0,0,116,116,42
9,r_70_15_117,seq41,r_121_99_61,r_121_99_61,1.0,12,73,61,42
22,r_19_115_160,r_121_99_61,seq120,r_121_99_61,1.0,1,62,61,42
45,r_21_79_93,r_16_8_124,r_109_10_121,r_21_79_93,0.82,31,124,93,42
23,r_16_8_124,r_21_79_93,seq41,r_16_8_124,0.99,0,124,124,42
23,r_16_8_124,r_94_124_113,r_21_79_93,r_21_79_93,0.77,0,93,93,42
16,r_109_10_121,r_145_105_33,r_32_127_29,r_109_10_121,1.0,-90,31,121,42
82,seq89,r_102_93_179,seq138,r_102_93_179,0.58,-54,125,179,42
12,r_94_124_113,seq97,r_109_10_121,r_94_124_113,0.63,12,125,113,42
93,seq103,r_127_93_135,seq128,r_127_93_135,0.96,1,136,135,43
36,r_74_147_112,r_10_97_151,seq52,r_74_147_112,0.69,23,135,112,43
6,r_23_47_45,seq11,r_141_123_129,r_23_47_45,0.95,1,46,45,43
43,r_92_50_62,r_41_98_113,r_43_46_16,r_41_98_113,0.89,-43,70,113,43
51,seq2,r_126_17_172,r_67_124_21,r_67_124_21,0.62,12,33,21,43
32,r_119_44_25,r_143_45_199,seq55,r_119_44_25,0.85,6,31,25,43
6,r_23_47_45,r_141_123_129,r_144_73_85,r_23_47_45,1.0,52,97,45,43
71,seq52,r_144_73_85,r_74_147_112,r_144_73_85,0.96,2,87,85,43
86,seq88,r_33_132_186,seq42,r_33_132_186,0.78,-8,178,186,43
16,r_84_108_128,r_148_21_168,seq9,r_148_21_168,0.55,-40,128,168,43
21,r_25_1_73,seq77,r_76_146_132,r_25_1_73,0.98,0,73,73,43
39,r_41_98_113,r_92_50_62,r_141_123_129,r_92_50_62,0.95,0,62,62,43
1,r_79_16_160,seq130,r_104_14_136,r_79_16_160,0.62,0,160,160,43
46,r_106_80_108,seq42,seq34,r_106_80_108,0.73,1,109,108,43
69,seq42,r_139_125_162,seq88,r_139_125_162,0.49,2,164,162,43
45,r_122_89_177,seq77,r_5_109_74,r_5_109_74,0.81,104,178,74,43
19,r_104_14_136,r_10_97_151,r_38_116_61,r_10_97_151,0.93,-15,136,151,43
33,r_120_39_36,r_31_30_165,r_68_86_87,r_68_86_87,1.0,78,165,87,43
95,seq112,seq29,r_76_146_132,r_76_146_132,0.95,7,139,132,43
73,seq55,seq49,r_119_44_25,r_119_44_25,0.96,6,31,25,43
39,r_41_98_113,r_141_123_129,seq36,r_41_98_113,0.99,0,113,113,43
33,r_120_39_36,r_7_37_153,r_31_30_165,r_120_39_36,1.0,0,36,36,43
31,r_27_118_52,r_141_123_129,r_149_78_41,r_27_118_52,1.0,9,61,52,43
3,r_140_0_93,seq13,r_114_101_64,r_140_0_93,0.61,3,96,93,43
8,r_31_30_165,r_120_39_36,r_137_85_15,r_137_85_15,0.71,150,165,15,43
72,seq54,r_122_89_177,r_114_101_64,r_114_101_64,0.73,47,111,64,43
15,r_48_105_195,seq90,r_69_87_32,r_69_87_32,1.0,4,36,32,43
4,r_141_123_129,r_27_118_52,r_23_47_45,r_23_47_45,0.96,16,61,45,43
78,seq62,seq75,r_120_39_36,r_120_39_36,0.93,64,100,36,43
0,r_127_93_135,seq103,r_27_118_52,r_127_93_135,0.95,0,135,135,43
20,r_66_20_182,seq121,r_5_109_74,r_5_109_74,0.98,110,184,74,43
13,r_148_21_168,r_84_108_128,r_43_46_16,r_84_108_128,0.55,-57,71,128,43
48,r_139_125_162,seq42,r_135_12_49,r_135_12_49,0.96,115,164,49,43
4,r_141_123_129,r_23_47_45,r_67_124_21,r_141_123_129,0.98,2,131,129,43
13,r_148_21_168,r_43_46_16,r_31_30_165,r_148_21_168,0.55,0,168,168,43
92,seq102,r_149_78_41,r_10_97_151,r_10_97_151,0.51,-93,58,151,43
91,seq100,r_10_97_151,seq52,r_10_97_151,0.84,-43,108,151,43
21,r_25_1_73,r_76_146_132,seq59,r_76_146_132,1.0,2,134,132,43
34,r_76_146_132,r_25_1_73,seq112,r_76_146_132,0.97,2,134,132,43
5,r_43_46_16,r_148_21_168,r_18_51_92,r_18_51_92,0.91,76,168,92,43
27,r_114_101_64,r_4_70_185,seq54,r_114_101_64,0.98,8,72,64,43
29,r_95_32_20,r_69_87_32,seq96,r_95_32_20,1.0,2,22,20,43
22,r_67_124_21,seq2,r_141_123_129,r_141_123_129,0.99,5,134,129,43
47,r_68_86_87,seq9,r_120_39_36,r_68_86_87,1.0,1,88,87,43
40,r_126_17_172,seq142,r_25_1_73,r_25_1_73,0.86,99,172,73,43
18,r_63_71_59,r_140_0_93,seq62,r_63_71_59,1.0,3,62,59,43
24,r_24_138_60,r_26_6_77,seq49,r_24_138_60,0.81,1,61,60,43
7,r_110_107_28,r_10_97_151,r_27_118_52,r_110_107_28,0.97,0,28,28,43
50,seq128,r_10_97_151,seq133,r_10_97_151,0.86,0,151,151,43
70,seq49,seq55,r_24_138_60,r_24_138_60,1.0,31,91,60,43
38,r_18_51_92,seq96,r_92_50_62,r_18_51_92,1.0,1,93,92,43
41,r_149_78_41,r_131_136_109,r_27_118_52,r_149_78_41,0.99,9,50,41,43
5,r_43_46_16,r_141_123_129,r_148_21_168,r_43_46_16,0.94,-3,13,16,43
34,r_76_146_132,r_131_136_109,r_25_1_73,r_25_1_73,1.0,7,80,73,43
14,r_135_12_49,seq100,seq56,r_135_12_49,0.92,2,51,49,43
52,seq3,r_126_17_172,r_122_89_177,r_122_89_177,0.62,-144,33,177,43
44,r_65_60_38,r_26_6_77,seq100,r_26_6_77,0.56,-1,76,77,43
9,r_26_6_77,r_24_138_60,seq3,r_26_6_77,0.89,-10,67,77,43
96,seq113,r_33_132_186,r_53_64_11,r_53_64_11,0.93,-1,10,11,43
28,r_129_8_178,r_92_50_62,seq42,r_129_8_178,0.82,0,178,178,43
28,r_129_8_178,r_148_21_168,r_92_50_62,r_92_50_62,0.85,29,91,62,43
49,r_7_37_153,seq130,r_104_14_136,r_7_37_153,0.72,0,153,153,43
8,r_31_30_165,r_65_60_38,r_120_39_36,r_31_30_165,0.98,-127,38,165,43
23,r_131_136_109,seq59,r_24_138_60,r_131_136_109,0.76,1,110,109,43
26,r_69_87_32,seq83,r_48_105_195,r_69_87_32,1.0,0,32,32,43
82,seq77,r_122_89_177,seq121,r_122_89_177,0.89,1,178,177,43
35,r_38_116_61,r_79_16_160,seq19,r_38_116_61,0.74,0,61,61,43
22,r_67_124_21,r_76_146_132,seq2,r_67_124_21,0.96,-1,20,21,43
44,r_65_60_38,r_31_30_165,r_26_6_77,r_65_60_38,0.98,0,38,38,43
30,r_49_99_156,r_35_45_191,seq20,r_49_99_156,0.82,1,157,156,44
8,r_97_44_98,r_75_11_47,r_8_59_7,r_75_11_47,0.96,1,48,47,44
36,r_111_148_104,seq60,seq114,r_111_148_104,0.66,1,105,104,44
14,r_41_72_66,seq83,seq20,r_41_72_66,1.0,2,68,66,44
43,r_96_140_136,seq48,r_75_11_47,r_96_140_136,0.98,0,136,136,44
55,seq135,seq123,r_77_90_71,r_77_90_71,1.0,3,74,71,44
39,r_16_143_130,r_5_138_70,r_75_11_47,r_16_143_130,0.83,2,132,130,44
4,r_47_92_59,seq135,r_54_68_184,r_47_92_59,1.0,0,59,59,44
15,r_69_145_41,seq147,seq144,r_69_145_41,1.0,1,42,41,44
21,r_23_106_32,r_10_71_106,r_30_118_164,r_23_106_32,0.77,0,32,32,44
19,r_40_62_135,seq52,r_17_12_52,r_17_12_52,1.0,83,135,52,44
5,r_17_12_52,r_54_68_184,seq34,r_17_12_52,1.0,0,52,52,44
31,r_82_149_177,seq105,r_8_59_7,r_82_149_177,0.47,1,178,177,44
41,r_29_102_179,r_100_33_110,r_54_68_184,r_100_33_110,0.78,3,113,110,44
3,r_77_90_71,seq76,seq135,r_77_90_71,1.0,0,71,71,44
72,seq38,r_96_140_136,r_23_106_32,r_96_140_136,0.77,0,136,136,44
16,r_30_118_164,r_23_106_32,r_96_140_136,r_23_106_32,0.83,132,164,32,44
11,r_122_66_25,r_69_145_41,seq13,r_122_66_25,0.98,1,26,25,44
48,r_50_103_28,seq123,seq74,r_50_103_28,0.95,0,28,28,44
81,seq76,seq126,r_97_44_98,r_97_44_98,1.0,4,102,98,44
0,r_121_39_151,seq52,r_80_56_119,r_121_39_151,0.93,0,151,151,44
46,r_36_129_40,seq78,seq126,r_36_129_40,0.69,3,43,40,44
20,r_100_33_110,r_29_102_179,seq74,r_100_33_110,0.7,5,115,110,44
13,r_27_64_124,r_93_7_154,seq126,r_27_64_124,0.9,1,125,124,44
46,r_36_129_40,seq126,r_80_56_119,r_80_56_119,1.0,29,148,119,44
16,r_30_118_164,seq48,r_23_106_32,r_23_106_32,0.94,0,32,32,44
62,seq141,seq136,r_95_86_153,r_95_86_153,0.84,9,162,153,44
21,r_23_106_32,r_30_118_164,r_54_68_184,r_30_118_164,0.89,0,164,164,44
8,r_97_44_98,r_8_59_7,seq76,r_97_44_98,0.84,0,98,98,44
85,seq142,r_29_102_179,seq70,r_29_102_179,0.25,-8,171,179,44
23,r_55_9_27,seq15,seq21,r_55_9_27,1.0,0,27,27,44
17,r_75_11_47,r_97_44_98,seq6,r_75_11_47,0.71,2,49,47,44
2,r_117_3_166,seq31,seq52,r_117_3_166,0.74,0,166,166,44
10,r_25_37_29,r_24_91_2,seq48,r_25_37_29,1.0,0,29,29,44
41,r_29_102_179,r_54_68_184,seq74,r_29_102_179,0.76,2,181,179,44
47,r_119_88_69,r_49_99_156,seq1,r_119_88_69,1.0,0,69,69,44
29,r_19_124_90,r_96_140_136,seq28,r_96_140_136,0.99,-45,91,136,44
24,r_10_71_106,seq74,r_2_112_20,r_10_71_106,0.56,1,107,106,44
32,r_93_7_154,r_27_64_124,seq38,r_27_64_124,0.45,1,125,124,44
45,r_73_81_37,r_54_68_184,seq136,r_73_81_37,0.89,1,38,37,44
32,r_93_7_154,seq38,r_96_140_136,r_93_7_154,0.86,1,155,154,44
34,r_18_125_105,seq123,seq83,r_18_125_105,0.8,5,110,105,44
75,seq52,r_121_39_151,r_77_90_71,r_77_90_71,1.0,80,151,71,44
81,seq76,r_77_90_71,seq126,r_77_90_71,1.0,0,71,71,44
9,r_94_132_143,r_4_128_196,seq137,r_94_132_143,0.89,0,143,143,44
33,r_43_63_45,seq137,seq131,r_43_63_45,1.0,2,47,45,44
49,r_26_65_111,r_100_33_110,r_55_9_27,r_26_65_111,0.7,1,112,111,44
44,r_95_86_153,seq13,seq141,r_95_86_153,0.79,-1,152,153,44
35,r_58_51_129,r_29_102_179,r_84_87_30,r_29_102_179,0.66,-50,129,179,44
12,r_80_56_119,r_82_149_177,r_36_129_40,r_82_149_177,0.76,-48,129,177,44
30,r_105_104_166,seq114,r_18_36_26,r_18_36_26,0.54,140,166,26,45
71,seq55,seq42,r_139_62_32,r_139_62_32,0.96,-9,23,32,45
14,r_137_136_97,r_29_4_199,seq145,r_137_136_97,1.0,0,97,97,45
8,r_121_143_77,seq130,r_97_63_145,r_121_143_77,0.99,0,77,77,45
20,r_9_57_143,seq120,r_50_58_38,r_50_58_38,1.0,1,39,38,45
9,r_80_118_33,r_139_62_32,seq130,r_80_118_33,1.0,1,34,33,45
17,r_35_81_14,r_8_64_10,seq77,r_35_81_14,0.97,0,14,14,45
21,r_140_142_185,seq141,r_121_143_77,r_121_143_77,0.94,108,185,77,45
39,r_0_76_187,r_32_12_149,seq100,r_32_12_149,0.9,1,150,149,45
97,seq120,r_9_57_143,seq93,r_9_57_143,0.65,-82,61,143,45
46,r_69_25_128,seq147,r_121_143_77,r_69_25_128,0.96,0,128,128,45
42,r_82_17_19,seq74,seq124,r_82_17_19,1.0,0,19,19,45
45,r_78_11_159,r_23_27_165,r_32_12_149,r_78_11_159,0.78,0,159,159,45
19,r_75_30_90,r_69_25_128,seq87,r_75_30_90,0.73,-5,85,90,45
66,seq42,r_53_83_92,r_139_62_32,r_53_83_92,0.9,1,93,92,45
26,r_101_148_55,seq109,seq85,r_101_148_55,1.0,1,56,55,45
31,r_52_128_182,seq74,r_96_46_29,r_96_46_29,1.0,-3,26,29,45
41,r_51_131_113,seq108,seq6,r_51_131_113,0.98,0,113,113,45
3,r_122_94_164,seq77,r_98_14_168,r_122_94_164,0.61,0,164,164,45
10,r_53_83_92,seq42,r_80_118_33,r_53_83_92,0.8,1,93,92,45
90,seq109,r_133_39_4,r_68_123_34,r_68_123_34,1.0,39,73,34,45
8,r_121_143_77,r_97_63_145,r_69_25_128,r_121_143_77,1.0,68,145,77,45
48,r_66_56_188,r_20_45_53,r_82_17_19,r_20_45_53,0.97,-1,52,53,45
13,r_18_36_26,seq124,seq107,r_18_36_26,1.0,-1,25,26,45
0,r_23_27_165,seq19,seq74,r_23_27_165,0.28,5,170,165,45
27,r_102_144_170,seq100,r_8_64_10,r_102_144_170,0.8,0,170,170,45
6,r_31_115_91,seq103,seq41,r_31_115_91,0.99,0,91,91,45
28,r_50_58_38,r_21_10_139,r_9_57_143,r_50_58_38,1.0,0,38,38,45
10,r_53_83_92,r_80_118_33,r_9_57_143,r_53_83_92,0.44,69,161,92,45
27,r_102_144_170,r_97_63_145,seq100,r_97_63_145,0.74,0,145,145,45
80,seq85,r_91_16_133,r_101_148_55,r_101_148_55,1.0,1,56,55,45
43,r_20_45_53,r_66_56_188,seq145,r_20_45_53,1.0,0,53,53,45
47,r_91_16_133,seq85,seq33,r_91_16_133,0.87,8,141,133,45
40,r_7_116_171,seq59,r_98_14_168,r_7_116_171,0.57,0,171,171,45
18,r_97_63_145,r_102_144_170,r_101_148_55,r_97_63_145,0.8,0,145,145,45
36,r_68_123_34,r_97_63_145,seq109,r_68_123_34,1.0,0,34,34,45
24,r_125_127_150,r_8_64_10,r_75_30_90,r_125_127_150,0.94,0,150,150,45
5,r_88_3_28,r_101_148_55,r_29_4_199,r_88_3_28,0.99,0,28,28,45
7,r_47_95_35,r_98_14_168,seq103,r_47_95_35,0.83,-7,28,35,45
25,r_96_46_29,seq13,r_52_128_182,r_52_128_182,0.76,-156,26,182,45
48,r_66_56_188,r_82_17_19,r_8_64_10,r_66_56_188,0.46,0,188,188,45
39,r_0_76_187,seq100,seq114,r_0_76_187,0.43,-15,172,187,45
50,seq1,seq138,r_146_71_56,r_146_71_56,1.0,12,68,56,45
20,r_9_57_143,r_50_58_38,r_53_83_92,r_53_83_92,0.76,56,148,92,45
2,r_139_62_32,r_80_118_33,seq55,r_139_62_32,0.78,-10,22,32,45
29,r_146_71_56,r_75_30_90,seq1,r_146_71_56,1.0,0,56,56,45
32,r_32_12_149,r_0_76_187,r_88_3_28,r_32_12_149,0.94,1,150,149,45
38,r_86_67_88,seq34,seq6,r_86_67_88,1.0,0,88,88,45
34,r_26_2_148,seq60,r_18_36_26,r_26_2_148,0.58,0,148,148,45
31,r_52_128_182,r_96_46_29,r_98_14_168,r_52_128_182,0.35,4,186,182,45
28,r_50_58_38,r_9_57_143,r_101_148_55,r_50_58_38,0.45,110,148,38,45
22,r_21_10_139,seq103,seq13,r_21_10_139,0.97,0,139,139,45
35,r_29_4_199,r_137_136_97,r_88_3_28,r_29_4_199,0.78,-171,28,199,45
44,r_79_38_169,seq59,r_18_36_26,r_79_38_169,0.79,0,169,169,45
23,r_149_84_154,seq145,r_72_54_21,r_149_84_154,0.89,2,156,154,45
79,seq141,r_140_142_185,r_90_73_105,r_90_73_105,0.97,83,188,105,45
12,r_113_28_134,r_78_11_159,seq49,r_113_28_134,0.94,0,134,134,45
84,seq93,seq120,r_137_136_97,r_137_136_97,1.0,48,145,97,45
36,r_25_83_125,r_43_34_112,seq41,r_25_83_125,0.98,0,125,125,46
14,r_20_89_90,r_47_64_146,r_86_17_89,r_20_89_90,0.83,0,90,90,46
8,r_129_38_55,seq62,r_85_51_19,r_129_38_55,0.95,7,62,55,46
43,r_18_149_62,seq92,r_88_108_52,r_18_149_62,1.0,0,62,62,46
26,r_67_103_37,r_128_141_87,r_10_97_191,r_67_103_37,0.9,0,37,37,46
3,r_85_51_19,seq46,r_0_101_92,r_0_101_92,1.0,23,115,92,46
16,r_0_101_92,seq32,r_129_38_55,r_0_101_92,0.99,0,92,92,46
21,r_31_57_78,seq52,seq19,r_31_57_78,0.82,1,79,78,46
39,r_78_147_149,r_10_97_191,r_72_111_196,r_78_147_149,0.97,0,149,149,46
1,r_43_34_112,r_25_83_125,r_70_29_50,r_43_34_112,0.96,3,115,112,46
45,r_86_17_89,r_28_112_64,r_136_87_157,r_28_112_64,1.0,0,64,64,46
66,seq32,r_0_101_92,r_59_96_58,r_0_101_92,0.92,0,92,92,46
31,r_76_4_177,r_10_97_191,r_113_60_144,r_113_60_144,0.93,35,179,144,46
41,r_126_27_163,seq71,r_116_24_13,r_126_27_163,0.65,0,163,163,46
10,r_44_63_172,seq49,r_0_101_92,r_0_101_92,1.0,81,173,92,46
8,r_129_38_55,r_85_51_19,r_0_101_92,r_0_101_92,0.95,36,128,92,46
4,r_22_84_169,seq74,seq5,r_22_84_169,0.71,0,169,169,46
0,r_128_141_87,seq62,seq21,r_128_141_87,1.0,0,87,87,46
73,seq46,r_90_98_184,r_120_12_147,r_120_12_147,0.78,37,184,147,46
46,r_70_29_50,r_113_60_144,seq61,r_70_29_50,0.99,2,52,50,46
44,r_59_96_58,r_56_9_150,seq32,r_56_9_150,0.4,-92,58,150,46
48,r_2_48_80,seq21,r_10_97_191,r_2_48_80,0.92,0,80,80,46
99,seq127,r_107_104_151,r_142_105_67,r_107_104_151,0.57,0,151,151,46
17,r_113_60_144,r_70_29_50,seq21,r_70_29_50,0.41,3,53,50,46
6,r_82_80_38,seq45,seq1,r_82_80_38,0.97,0,38,38,46
78,seq55,r_93_79_61,r_47_64_146,r_93_79_61,1.0,-7,54,61,46
2,r_93_79_61,r_107_104_151,seq62,r_93_79_61,1.0,0,61,61,46
40,r_102_115_94,r_44_63_172,seq140,r_102_115_94,1.0,0,94,94,46
18,r_7_58_79,seq3,seq134,r_7_58_79,1.0,0,79,79,46
25,r_145_36_91,seq66,r_142_105_67,r_145_36_91,1.0,0,91,91,46
82,seq66,seq1,r_56_9_150,r_56_9_150,1.0,18,168,150,46
58,seq140,r_86_17_89,r_102_115_94,r_102_115_94,0.9,0,94,94,46
19,r_94_50_14,seq138,r_11_30_173,r_94_50_14,1.0,0,14,14,46
61,seq19,r_0_101_92,r_31_57_78,r_0_101_92,0.97,-8,84,92,46
32,r_118_14_139,seq40,r_128_141_87,r_118_14_139,0.54,0,139,139,46
38,r_136_87_157,r_86_17_89,r_128_141_87,r_128_141_87,0.39,70,157,87,46
77,seq54,r_75_8_145,r_128_141_87,r_128_141_87,1.0,64,151,87,46
34,r_28_112_64,r_86_17_89,seq114,r_28_112_64,0.99,0,64,64,46
45,r_86_17_89,r_136_87_157,r_20_89_90,r_86_17_89,0.62,68,157,89,46
78,seq55,r_47_64_146,seq49,r_47_64_146,0.99,-38,108,146,46
22,r_56_9_150,seq41,seq66,r_56_9_150,0.91,0,150,150,46
28,r_88_108_52,r_90_98_184,r_18_149_62,r_88_108_52,0.66,10,62,52,46
49,r_146_137_114,seq114,seq66,r_146_137_114,1.0,1,115,114,46
3,r_85_51_19,r_128_141_87,seq46,r_85_51_19,0.92,0,19,19,46
7,r_73_133_158,r_11_30_173,r_110_68_120,r_73_133_158,0.59,0,158,158,46
20,r_125_37_29,r_93_79_61,r_10_97_191,r_125_37_29,0.99,0,29,29,46
23,r_142_105_67,r_107_104_151,r_145_36_91,r_145_36_91,1.0,10,101,91,46
17,r_113_60_144,seq21,r_146_137_114,r_113_60_144,0.91,-2,142,144,46
82,seq66,r_145_36_91,seq1,r_145_36_91,1.0,0,91,91,46
35,r_47_64_146,r_42_130_176,seq122,r_47_64_146,0.7,0,146,146,46
12,r_81_39_104,r_11_30_173,r_0_101_92,r_81_39_104,0.63,-3,101,104,46
93,seq99,r_132_69_95,r_15_142_182,r_132_69_95,0.87,-33,62,95,47
30,r_55_120_118,r_3_137_170,r_107_58_147,r_107_58_147,1.0,23,170,147,47
8,r_107_58_147,r_77_112_47,r_2_63_160,r_77_112_47,0.6,0,47,47,47
4,r_27_49_113,r_16_44_77,r_74_116_27,r_27_49_113,0.8,-84,29,113,47
36,r_132_69_95,r_138_73_163,r_25_10_5,r_138_73_163,0.58,-71,92,163,47
14,r_145_39_83,r_87_110_89,seq50,r_145_39_83,0.93,0,83,83,47
53,seq7,r_48_28_88,r_132_69_95,r_48_28_88,0.96,1,89,88,47
43,r_45_102_79,r_32_76_115,r_2_63_160,r_2_63_160,0.95,-80,80,160,47
16,r_30_147_135,seq128,r_42_93_101,r_42_93_101,0.98,34,135,101,47
21,r_123_134_130,r_2_63_160,seq114,r_123_134_130,0.9,1,131,130,47
39,r_16_44_77,r_27_49_113,r_92_67_16,r_16_44_77,0.99,3,80,77,47
1,r_82_26_21,seq35,seq130,r_82_26_21,0.56,102,123,21,47
5,r_15_142_182,r_87_110_89,r_124_111_58,r_15_142_182,0.96,-118,64,182,47
42,r_88_61_188,r_21_18_151,r_32_76_115,r_32_76_115,0.71,0,115,115,47
35,r_2_63_160,r_45_102_79,seq12,r_2_63_160,0.92,2,162,160,47
45,r_4_64_186,r_132_69_95,seq12,r_132_69_95,0.94,2,97,95,47
19,r_100_47_173,seq20,seq118,r_100_47_173,0.6,0,173,173,47
15,r_92_67_16,seq7,r_16_44_77,r_16_44_77,1.0,33,110,77,47
99,seq148,r_15_142_182,r_124_111_58,r_124_111_58,1.0,1,59,58,47
37,r_74_116_27,r_42_93_101,r_27_49_113,r_74_116_27,0.87,2,29,27,47
26,r_115_125_48,r_138_73_163,seq133,r_115_125_48,0.91,5,53,48,47
89,seq89,r_101_119_164,seq140,r_101_119_164,0.89,-80,84,164,47
31,r_80_127_22,r_65_38_175,seq128,r_80_127_22,0.92,-1,21,22,47
90,seq90,r_21_18_151,r_97_131_111,r_97_131_111,0.62,26,137,111,47
20,r_77_112_47,r_107_58_147,seq29,r_77_112_47,0.87,0,47,47,47
8,r_107_58_147,r_2_63_160,r_55_120_118,r_107_58_147,0.78,1,148,147,47
0,r_65_38_175,seq17,r_52_1_90,r_52_1_90,0.74,96,186,90,47
63,seq23,seq9,r_98_143_39,r_98_143_39,0.87,24,63,39,47
11,r_42_93_101,seq85,seq14,r_42_93_101,1.0,0,101,101,47
48,r_8_40_26,r_42_93_101,r_55_120_118,r_55_120_118,0.97,-92,26,118,47
13,r_124_111_58,seq66,seq148,r_124_111_58,1.0,2,60,58,47
4,r_27_49_113,r_74_116_27,seq9,r_27_49_113,1.0,0,113,113,47
6,r_31_96_136,r_21_18_151,r_136_113_50,r_31_96_136,0.95,0,136,136,47
15,r_92_67_16,seq84,seq7,r_92_67_16,0.98,-3,13,16,47
5,r_15_142_182,r_124_111_58,r_21_18_151,r_21_18_151,0.82,35,186,151,47
27,r_24_11_98,seq23,seq56,r_24_11_98,0.87,3,101,98,47
2,r_109_121_62,r_101_119_164,seq33,r_109_121_62,1.0,1,63,62,47
47,r_32_76_115,r_45_102_79,seq118,r_45_102_79,0.99,1,80,79,47
18,r_101_119_164,seq104,r_79_146_132,r_101_119_164,0.72,1,165,164,47
40,r_5_105_13,r_115_125_48,seq13,r_5_105_13,0.96,0,13,13,47
24,r_48_28_88,seq7,seq85,r_48_28_88,1.0,1,89,88,47
47,r_32_76_115,r_88_61_188,r_97_131_111,r_88_61_188,1.0,-6,182,188,47
25,r_54_51_112,seq35,r_97_131_111,r_54_51_112,0.98,2,114,112,47
43,r_45_102_79,r_2_63_160,r_97_131_111,r_45_102_79,0.95,83,162,79,47
33,r_136_113_50,r_126_106_139,r_31_96_136,r_136_113_50,0.99,89,139,50,47
64,seq29,r_30_147_135,r_77_112_47,r_77_112_47,1.0,13,60,47,47
42,r_88_61_188,r_32_76_115,r_27_49_113,r_88_61_188,0.83,0,188,188,47
32,r_87_110_89,r_132_69_95,r_45_102_79,r_87_110_89,1.0,2,91,89,47
47,r_32_76_115,seq118,r_88_61_188,r_32_76_115,1.0,0,115,115,47
52,seq133,seq71,r_115_125_48,r_115_125_48,0.89,21,69,48,47
44,r_98_143_39,r_6_149_190,seq9,r_98_143_39,0.84,3,42,39,47
34,r_0_75_80,seq144,r_74_116_27,r_0_75_80,1.0,1,81,80,47
45,r_4_64_186,seq12,seq140,r_4_64_186,0.73,0,186,186,47
17,r_126_106_139,seq57,r_42_93_101,r_126_106_139,0.75,0,139,139,47
94,seq104,r_101_119_164,seq140,r_101_119_164,0.88,1,165,164,47
1,r_82_26_21,r_3_137_170,seq35,r_82_26_21,0.87,0,21,21,47
9,r_21_18_151,seq90,seq14,r_21_18_151,0.95,0,151,151,47
37,r_74_116_27,r_27_49_113,r_0_75_80,r_74_116_27,0.98,86,113,27,47
22,r_3_137_170,r_55_120_118,r_109_121_62,r_3_137_170,0.46,0,170,170,47
28,r_79_146_132,seq71,seq33,r_79_146_132,0.94,1,133,132,47
56,seq12,r_4_64_186,r_2_63_160,r_2_63_160,0.76,10,170,160,47
7,r_122_95_167,r_6_149_190,seq140,r_122_95_167,0.77,0,167,167,47
35,r_2_63_160,r_123_134_130,r_45_102_79,r_45_102_79,0.99,52,131,79,47
30,r_64_127_185,seq112,seq142,r_64_127_185,0.52,1,186,185,48
42,r_59_123_120,r_141_13_57,r_137_134_149,r_59_123_120,0.68,34,154,120,48
36,r_109_89_87,r_41_138_178,seq115,r_109_89_87,1.0,2,89,87,48
92,seq106,r_59_123_120,r_16_74_80,r_16_74_80,0.95,2,82,80,48
8,r_20_103_160,seq71,r_101_113_97,r_101_113_97,0.97,65,162,97,48
43,r_125_44_72,r_37_110_161,r_80_130_17,r_125_44_72,1.0,0,72,72,48
54,seq5,seq50,r_140_56_135,r_140_56_135,0.96,2,137,135,48
37,r_114_17_141,seq81,r_59_123_120,r_59_123_120,0.86,2,122,120,48
5,r_21_91_46,seq104,seq116,r_21_91_46,0.76,0,46,46,48
16,r_88_143_107,r_15_78_143,seq33,r_88_143_107,0.95,1,108,107,48
21,r_16_74_80,seq104,seq106,r_16_74_80,1.0,0,80,80,48
1,r_147_6_184,seq48,r_75_9_9,r_75_9_9,0.82,176,185,9,48
42,r_59_123_120,seq106,r_141_13_57,r_141_13_57,0.99,72,129,57,48
7,r_41_138_178,seq149,seq31,r_41_138_178,0.77,1,179,178,48
45,r_0_19_74,seq52,seq112,r_0_19_74,1.0,0,74,74,48
19,r_135_69_67,seq107,seq30,r_135_69_67,0.75,-3,64,67,48
95,seq112,r_64_127_185,r_0_19_74,r_0_19_74,1.0,112,186,74,48
39,r_7_87_29,seq50,seq22,r_7_87_29,1.0,0,29,29,48
33,r_141_13_57,seq116,seq95,r_141_13_57,1.0,0,57,57,48
44,r_92_108_23,r_137_134_149,r_0_19_74,r_92_108_23,0.77,1,24,23,48
3,r_23_117_182,seq115,r_101_113_97,r_101_113_97,1.0,27,124,97,48
35,r_80_130_17,seq4,seq3,r_80_130_17,0.99,-3,14,17,48
26,r_137_134_149,seq142,r_59_123_120,r_137_134_149,0.94,0,149,149,48
14,r_119_122_24,seq2,seq18,r_119_122_24,0.99,0,24,24,48
63,seq27,seq73,r_86_14_129,r_86_14_129,0.78,0,129,129,48
73,seq55,r_37_110_161,r_49_25_76,r_49_25_76,0.97,-14,62,76,48
11,r_45_128_106,seq33,r_38_40_43,r_45_128_106,0.98,0,106,106,48
20,r_37_110_161,seq55,r_16_74_80,r_37_110_161,0.58,0,161,161,48
13,r_53_121_153,r_126_47_139,seq4,r_53_121_153,0.56,0,153,153,48
48,r_90_118_105,r_140_56_135,r_133_96_112,r_90_118_105,1.0,3,108,105,48
18,r_54_145_58,seq71,r_92_108_23,r_54_145_58,1.0,0,58,58,48
6,r_11_39_88,r_101_113_97,seq61,r_11_39_88,0.97,-4,84,88,48
27,r_140_56_135,r_97_136_193,seq5,r_140_56_135,0.89,-1,134,135,48
70,seq50,r_7_87_29,seq5,r_7_87_29,0.99,1,30,29,48
34,r_68_12_50,r_37_110_161,seq66,r_68_12_50,1.0,0,50,50,48
87,seq95,seq93,r_141_13_57,r_141_13_57,1.0,9,66,57,48
37,r_114_17_141,r_59_123_120,seq67,r_114_17_141,0.95,0,141,141,48
2,r_57_76_84,seq62,seq131,r_57_76_84,1.0,0,84,84,48
47,r_29_144_85,seq55,seq8,r_29_144_85,1.0,0,85,85,48
24,r_139_100_22,r_64_127_185,seq66,r_139_100_22,1.0,0,22,22,48
4,r_10_84_18,r_119_122_24,seq116,r_10_84_18,0.92,0,18,18,48
29,r_101_113_97,seq149,r_80_130_17,r_101_113_97,0.98,0,97,97,48
40,r_32_28_39,seq73,seq62,r_32_28_39,1.0,1,40,39,48
58,seq131,r_20_103_160,r_57_76_84,r_57_76_84,1.0,42,126,84,48
10,r_105_85_32,seq3,r_43_77_196,r_105_85_32,0.94,0,32,32,48
44,r_92_108_23,r_0_19_74,r_54_145_58,r_92_108_23,1.0,41,64,23,48
68,seq36,r_41_138_178,r_111_1_145,r_111_1_145,0.86,1,146,145,48
38,r_86_14_129,r_64_127_185,seq27,r_86_14_129,0.94,0,129,129,48
17,r_82_34_134,seq31,r_29_144_85,r_29_144_85,1.0,49,134,85,48
31,r_58_60_116,r_114_17_141,r_38_40_43,r_58_60_116,0.94,-16,100,116,48
9,r_111_1_145,seq66,seq36,r_111_1_145,0.9,1,146,145,48
31,r_58_60_116,r_37_110_161,r_114_17_141,r_58_60_116,0.61,-37,79,116,48
22,r_126_47_139,r_53_121_153,r_21_91_46,r_53_121_153,0.7,-13,140,153,48
28,r_49_25_76,seq95,seq55,r_49_25_76,0.87,-10,66,76,48
49,r_133_96_112,seq22,r_90_118_105,r_133_96_112,0.72,0,112,112,48
3,r_23_117_182,r_101_113_97,seq98,r_23_117_182,0.97,0,182,182,48
7,r_41_138_178,r_109_89_87,seq149,r_109_89_87,1.0,-9,78,87,48
41,r_43_77_196,r_42_24_133,r_105_85_32,r_105_85_32,0.96,0,32,32,48
31,r_58_60_116,seq81,r_37_110_161,r_58_60_116,0.59,-100,16,116,48
82,seq73,r_32_28_39,seq70,r_32_28_39,0.86,-3,36,39,48
12,r_42_24_133,r_43_77_196,r_57_76_84,r_57_76_84,1.0,52,136,84,48
57,seq18,r_26_63_1,r_119_122_24,r_119_122_24,0.99,10,34,24,48
30,r_2_49_65,r_25_139_191,seq69,r_2_49_65,1.0,0,65,65,49
44,r_65_76_58,seq138,seq53,r_65_76_58,1.0,1,59,58,49
8,r_34_118_172,seq58,r_29_132_116,r_29_132_116,0.64,56,172,116,49
54,seq5,seq32,r_79_3_84,r_79_3_84,1.0,15,99,84,49
83,seq77,seq130,r_121_134_76,r_121_134_76,1.0,13,89,76,49
37,r_111_133_111,seq143,seq127,r_111_133_111,0.99,1,112,111,49
86,seq82,seq130,r_100_93_171,r_100_93_171,0.55,-21,150,171,49
39,r_56_148_78,seq69,seq80,r_56_148_78,0.81,24,102,78,49
1,r_96_19_179,seq95,seq128,r_96_19_179,0.63,1,180,179,49
1,r_96_19_179,r_124_0_91,seq95,r_124_0_91,1.0,-11,80,91,49
11,r_142_84_50,seq36,r_7_102_193,r_142_84_50,1.0,0,50,50,49
45,r_11_122_77,r_111_133_111,r_85_41_68,r_11_122_77,1.0,0,77,77,49
19,r_14_90_175,seq81,r_113_50_178,r_113_50_178,0.85,-3,175,178,49
33,r_74_141_87,r_71_15_159,seq128,r_71_15_159,1.0,3,162,159,49
66,seq26,r_61_70_75,r_56_148_78,r_61_70_75,0.83,0,75,75,49
82,seq75,seq127,r_137_55_40,r_137_55_40,1.0,11,51,40,49
94,seq110,r_45_116_180,r_60_125_12,r_60_125_12,0.66,39,51,12,49
31,r_85_41_68,seq33,seq35,r_85_41_68,1.0,0,68,68,49
14,r_16_89_21,seq35,seq32,r_16_89_21,0.99,1,22,21,49
3,r_72_147_183,seq143,r_30_28_124,r_30_28_124,0.62,59,183,124,49
10,r_21_6_115,seq143,r_18_66_25,r_21_6_115,0.98,0,115,115,49
40,r_71_15_159,r_74_141_87,r_63_108_83,r_71_15_159,0.94,1,160,159,49
47,r_137_55_40,r_56_148_78,seq75,r_137_55_40,1.0,0,40,40,49
26,r_126_97_60,r_56_148_78,seq36,r_126_97_60,1.0,3,63,60,49
72,seq39,seq117,r_23_73_104,r_23_73_104,1.0,2,106,104,49
36,r_7_102_193,r_52_92_79,r_142_84_50,r_7_102_193,1.0,-144,49,193,49
78,seq53,seq130,r_65_76_58,r_65_76_58,1.0,3,61,58,49
16,r_105_13_49,seq81,seq101,r_105_13_49,1.0,2,51,49,49
0,r_54_1_125,seq51,r_79_3_84,r_79_3_84,0.94,43,127,84,49
20,r_57_94_166,r_34_118_172,r_79_3_84,r_57_94_166,0.43,-1,165,166,49
13,r_119_107_173,r_43_47_143,r_37_114_59,r_37_114_59,0.99,16,75,59,49
15,r_61_70_75,seq26,seq138,r_61_70_75,1.0,0,75,75,49
48,r_52_92_79,seq81,r_12_145_26,r_52_92_79,1.0,0,79,79,49
13,r_119_107_173,r_37_114_59,r_79_3_84,r_119_107_173,0.76,0,173,173,49
6,r_43_47_143,seq80,seq101,r_43_47_143,0.93,0,143,143,49
99,seq127,seq48,r_111_133_111,r_111_133_111,1.0,9,120,111,49
27,r_121_134_76,r_109_44_195,seq77,r_121_134_76,0.99,2,78,76,49
49,r_18_66_25,r_65_76_58,seq69,r_18_66_25,1.0,0,25,25,49
90,seq101,seq127,r_105_13_49,r_105_13_49,0.97,6,55,49,49
17,r_123_83_28,r_126_97_60,seq48,r_123_83_28,0.99,0,28,28,49
0,r_54_1_125,r_79_3_84,r_100_93_171,r_54_1_125,0.53,21,146,125,49
40,r_71_15_159,r_88_22_101,r_74_141_87,r_74_141_87,0.98,20,107,87,49
18,r_68_62_161,r_96_19_179,r_79_3_84,r_79_3_84,0.99,86,170,84,49
33,r_74_141_87,seq144,r_71_15_159,r_74_141_87,0.99,0,87,87,49
88,seq95,r_96_19_179,r_63_108_83,r_63_108_83,1.0,4,87,83,49
70,seq35,r_43_47_143,r_85_41_68,r_85_41_68,0.73,3,71,68,49
29,r_87_67_55,seq40,seq51,r_87_67_55,0.86,1,56,55,49
38,r_29_132_116,seq117,seq46,r_29_132_116,1.0,1,117,116,49
52,seq130,r_59_10_103,seq77,r_59_10_103,0.91,0,103,103,49
34,r_63_108_83,seq131,seq95,r_63_108_83,1.0,0,83,83,49
75,seq46,seq32,r_29_132_116,r_29_132_116,1.0,11,127,116,49
60,seq144,r_74_141_87,r_87_67_55,r_74_141_87,0.96,0,87,87,49
9,r_79_3_84,r_43_47_143,seq5,r_79_3_84,1.0,0,84,84,49
66,seq26,r_56_148_78,r_59_10_103,r_59_10_103,0.88,4,107,103,49
22,r_100_93_171,r_96_19_179,r_65_76_58,r_65_76_58,0.98,101,159,58,49
28,r_124_0_91,r_96_19_179,seq127,r_124_0_91,1.0,0,91,91,49
68,seq32,seq5,r_16_89_21,r_16_89_21,1.0,8,29,21,49
7,r_30_28_124,r_78_98_47,seq130,r_30_28_124,1.0,0,124,124,49
71,seq36,r_142_84_50,r_126_97_60,r_142_84_50,0.69,0,50,50,49
79,seq58,r_34_118_172,r_43_47_143,r_43_47_143,0.61,29,172,143,49
35,r_38_135_62,seq103,seq143,r_38_135_62,1.0,0,62,62,49
42,r_60_125_12,r_142_84_50,seq110,r_60_125_12,0.78,0,12,12,49
12,r_113_50_178,r_25_139_191,r_14_90_175,r_14_90_175,0.91,3,178,175,49
26,r_144_30_45,r_9_79_149,seq21,r_144_30_45,0.9,0,45,45,50
8,r_76_45_108,r_145_54_167,r_64_2_9,r_76_45_108,0.67,-12,96,108,50
53,seq3,r_41_95_126,r_104_140_64,r_104_140_64,0.96,50,114,64,50
43,r_19_102_153,seq72,r_66_53_66,r_19_102_153,0.89,1,154,153,50
30,r_33_136_53,seq67,seq119,r_33_136_53,1.0,0,53,53,50
45,r_86_109_17,r_29_96_112,seq10,r_86_109_17,0.98,2,19,17,50
71,seq52,r_4_25_100,seq137,r_4_25_100,0.98,58,158,100,50
21,r_62_65_79,seq148,seq11,r_62_65_79,0.99,0,79,79,50
39,r_74_114_122,seq24,seq10,r_74_114_122,0.98,0,122,122,50
80,seq80,r_120_94_104,r_138_141_38,r_138_141_38,0.87,74,112,38,50
5,r_29_96_112,seq61,seq71,r_29_96_112,0.99,0,112,112,50
46,r_4_25_100,seq52,r_66_53_66,r_4_25_100,0.92,0,100,100,50
42,r_134_1_54,seq10,r_16_128_29,r_134_1_54,0.98,1,55,54,50
32,r_115_32_26,seq3,r_104_140_64,r_104_140_64,0.92,28,92,64,50
14,r_135_89_15,r_113_124_21,seq21,r_135_89_15,0.99,0,15,15,50
10,r_69_42_43,r_29_96_112,r_135_89_15,r_69_42_43,1.0,3,46,43,50
1,r_63_46_33,r_120_94_104,seq61,r_63_46_33,1.0,1,34,33,50
80,seq80,r_15_23_23,r_120_94_104,r_15_23_23,0.7,0,23,23,50
22,r_66_53_66,r_9_79_149,r_4_25_100,r_66_53_66,1.0,48,114,66,50
31,r_8_99_63,r_145_54_167,seq81,r_8_99_63,1.0,0,63,63,50
41,r_132_87_143,r_9_79_149,r_120_94_104,r_132_87_143,0.92,1,144,143,50
40,r_18_105_103,seq143,r_134_1_54,r_18_105_103,0.96,-6,97,103,50
3,r_113_124_21,r_138_141_38,seq148,r_113_124_21,0.82,2,23,21,50
9,r_138_141_38,r_74_114_122,r_104_140_64,r_138_141_38,0.96,0,38,38,50
55,seq10,seq117,r_86_109_17,r_86_109_17,1.0,20,37,17,50
0,r_49_97_154,r_101_75_94,r_8_99_63,r_101_75_94,0.61,60,154,94,50
20,r_9_79_149,r_132_87_143,r_4_25_100,r_4_25_100,0.92,8,108,100,50
13,r_27_6_129,seq13,seq67,r_27_6_129,0.63,0,129,129,50
15,r_131_37_123,seq119,seq72,r_131_37_123,1.0,0,123,123,50
49,r_145_54_167,r_7_90_37,seq130,r_145_54_167,0.57,3,170,167,50
9,r_138_141_38,r_104_140_64,seq143,r_104_140_64,0.69,0,64,64,50
33,r_77_20_13,r_113_124_21,seq91,r_77_20_13,0.97,1,14,13,50
20,r_9_79_149,r_4_25_100,r_64_2_9,r_9_79_149,0.89,0,149,149,50
62,seq21,r_108_56_83,r_144_30_45,r_144_30_45,0.96,58,103,45,50
74,seq67,seq127,r_27_6_129,r_27_6_129,1.0,0,129,129,50
19,r_14_139_49,r_66_53_66,seq112,r_14_139_49,1.0,0,49,49,50
74,seq67,r_33_136_53,seq127,r_33_136_53,0.8,0,53,53,50
6,r_16_128_29,r_144_30_45,r_145_54_167,r_16_128_29,1.0,0,29,29,50
27,r_48_39_166,r_101_75_94,r_5_31_147,r_101_75_94,0.53,77,171,94,50
24,r_104_140_64,r_84_133_3,r_138_141_38,r_138_141_38,0.92,0,38,38,50
24,r_104_140_64,r_138_141_38,r_17_85_182,r_104_140_64,1.0,0,64,64,50
29,r_101_75_94,r_49_97_154,r_33_136_53,r_33_136_53,0.94,46,99,53,50
40,r_18_105_103,r_76_45_108,seq143,r_18_105_103,0.64,-63,40,103,50
7,r_15_23_23,seq80,seq61,r_15_23_23,1.0,0,23,23,50
18,r_7_90_37,r_108_56_83,r_16_128_29,r_7_90_37,0.87,0,37,37,50
6,r_16_128_29,r_145_54_167,r_14_139_49,r_16_128_29,0.89,99,128,29,50
61,seq148,r_62_65_79,r_113_124_21,r_62_65_79,0.89,0,79,79,50
34,r_41_95_126,seq3,r_113_124_21,r_113_124_21,0.5,105,126,21,50
32,r_115_32_26,seq118,seq3,r_115_32_26,0.86,2,28,26,50
17,r_17_85_182,r_98_147_78,r_104_140_64,r_17_85_182,1.0,-117,65,182,50
25,r_64_2_9,seq126,r_76_45_108,r_64_2_9,0.34,107,116,9,50
24,r_104_140_64,r_17_85_182,r_115_32_26,r_115_32_26,0.39,156,182,26,50
22,r_66_53_66,r_55_107_2,r_9_79_149,r_66_53_66,0.56,9,75,66,50
49,r_145_54_167,seq24,r_7_90_37,r_7_90_37,0.99,27,64,37,50
17,r_17_85_182,r_104_140_64,r_131_37_123,r_131_37_123,0.98,59,182,123,50
12,r_98_147_78,r_131_37_123,r_63_46_33,r_98_147_78,1.0,1,79,78,50
30,r_44_17_136,r_92_120_129,seq121,r_44_17_136,0.93,-7,129,136,51
8,r_96_50_116,seq46,r_97_28_32,r_96_50_116,0.96,0,116,116,51
43,r_66_129_160,r_18_54_175,seq74,r_66_129_160,0.49,1,161,160,51
37,r_7_3_79,seq126,seq6,r_7_3_79,0.62,1,80,79,51
71,seq52,r_75_123_4,seq122,r_75_123_4,0.77,78,82,4,51
16,r_65_8_69,r_92_120_129,seq63,r_65_8_69,1.0,2,71,69,51
21,r_148_93_71,r_75_123_4,r_87_116_31,r_148_93_71,1.0,0,71,71,51
39,r_99_105_158,r_48_119_95,r_117_146_55,r_99_105_158,0.78,0,158,158,51
1,r_21_32_104,seq95,seq127,r_21_32_104,1.0,0,104,104,51
97,seq122,r_75_123_4,seq52,r_75_123_4,0.81,78,82,4,51
24,r_11_138_28,r_47_149_195,seq10,r_11_138_28,1.0,0,28,28,51
46,r_76_35_91,seq15,seq109,r_76_35_91,0.69,12,103,91,51
10,r_87_116_31,r_14_94_13,r_148_93_71,r_148_93_71,0.99,8,79,71,51
45,r_131_60_83,seq74,seq16,r_131_60_83,0.87,0,83,83,51
40,r_84_102_27,r_4_124_46,seq13,r_84_102_27,0.66,-3,24,27,51
19,r_115_143_108,seq25,seq135,r_115_143_108,0.99,0,108,108,51
33,r_73_83_54,seq6,seq110,r_73_83_54,1.0,1,55,54,51
31,r_59_118_185,r_23_61_159,r_38_30_15,r_59_118_185,0.72,-76,109,185,51
41,r_18_54_175,r_104_130_197,r_22_19_110,r_18_54_175,0.59,1,176,175,51
4,r_48_119_95,r_99_105_158,seq98,r_48_119_95,0.81,4,99,95,51
26,r_36_49_34,seq135,seq109,r_36_49_34,0.85,1,35,34,51
42,r_4_124_46,r_114_107_85,r_14_94_13,r_4_124_46,0.79,0,46,46,51
11,r_1_106_161,r_40_85_61,seq103,r_40_85_61,0.97,0,61,61,51
23,r_117_146_55,seq46,seq25,r_117_146_55,0.94,2,57,55,51
36,r_111_133_36,r_59_118_185,seq147,r_111_133_36,1.0,0,36,36,51
15,r_45_9_132,seq42,seq147,r_45_9_132,0.99,0,132,132,51
57,seq142,seq25,r_117_146_55,r_117_146_55,1.0,118,173,55,51
6,r_69_139_174,seq56,r_23_61_159,r_69_139_174,0.61,0,174,174,51
99,seq127,r_75_123_4,r_21_32_104,r_21_32_104,0.94,0,104,104,51
5,r_38_30_15,r_59_118_185,r_96_50_116,r_96_50_116,1.0,69,185,116,51
27,r_144_67_87,seq113,seq80,r_144_67_87,1.0,0,87,87,51
87,seq95,r_21_32_104,r_48_119_95,r_21_32_104,1.0,0,104,104,51
47,r_2_91_180,r_86_100_101,r_57_41_140,r_86_100_101,1.0,0,101,101,51
18,r_112_53_105,seq128,seq6,r_112_53_105,0.97,0,105,105,51
29,r_43_12_178,seq42,seq24,r_43_12_178,0.61,0,178,178,51
25,r_104_130_197,r_18_54_175,r_114_107_85,r_114_107_85,0.52,92,177,85,51
48,r_97_28_32,r_59_118_185,r_96_50_116,r_96_50_116,1.0,1,117,116,51
47,r_2_91_180,r_57_41_140,r_27_33_8,r_2_91_180,0.56,0,180,180,51
88,seq98,seq103,r_48_119_95,r_48_119_95,0.94,0,95,95,51
50,seq128,r_112_53_105,r_27_33_8,r_112_53_105,0.98,0,105,105,51
10,r_87_116_31,r_73_83_54,r_14_94_13,r_87_116_31,0.98,1,32,31,51
32,r_86_100_101,r_2_91_180,r_64_29_93,r_86_100_101,0.93,0,101,101,51
12,r_70_137_86,r_5_125_199,seq88,r_70_137_86,1.0,0,86,86,51
38,r_145_89_45,r_114_107_85,seq135,r_114_107_85,1.0,-23,62,85,51
35,r_14_94_13,r_148_93_71,r_65_8_69,r_14_94_13,0.66,0,13,13,51
34,r_23_61_159,r_59_118_185,r_69_139_174,r_23_61_159,0.73,2,161,159,51
75,seq63,seq51,r_65_8_69,r_65_8_69,1.0,35,104,69,51
17,r_22_19_110,seq147,seq39,r_22_19_110,0.96,0,110,110,51
9,r_114_107_85,r_145_89_45,seq134,r_114_107_85,1.0,0,85,85,51
93,seq109,seq31,r_36_49_34,r_36_49_34,0.53,18,52,34,51
31,r_59_118_185,r_38_30_15,r_23_61_159,r_23_61_159,0.51,26,185,159,51
28,r_92_120_129,r_44_17_136,r_48_119_95,r_92_120_129,1.0,0,129,129,51
35,r_14_94_13,r_65_8_69,r_4_124_46,r_14_94_13,0.98,46,59,13,51
49,r_77_58_72,r_70_137_86,seq74,r_77_58_72,1.0,1,73,72,51
48,r_97_28_32,r_57_41_140,r_59_118_185,r_97_28_32,1.0,0,32,32,51
56,seq13,seq31,r_84_102_27,r_84_102_27,0.81,37,64,27,51
7,r_40_85_61,r_1_106_161,seq15,r_40_85_61,1.0,0,61,61,51
44,r_64_29_93,seq88,seq101,r_64_29_93,1.0,1,94,93,51
82,seq80,r_48_119_95,r_144_67_87,r_144_67_87,1.0,4,91,87,51
79,seq74,r_75_123_4,r_77_58_72,r_77_58_72,1.0,10,82,72,51
12,r_70_137_86,r_77_58_72,r_5_125_199,r_70_137_86,0.55,-13,73,86,51
5,r_38_30_15,r_69_139_174,r_59_118_185,r_69_139_174,0.45,-159,15,174,51
23,r_117_146_55,seq25,r_99_105_158,r_99_105_158,0.98,7,165,158,51
30,r_23_9_80,r_5_99_135,seq12,r_5_99_135,0.97,-71,64,135,52
18,r_124_108_56,seq122,seq46,r_124_108_56,0.98,3,59,56,52
36,r_6_123_70,seq32,r_61_110_14,r_6_123_70,0.63,30,100,70,52
14,r_5_99_135,seq81,r_137_11_10,r_5_99_135,0.66,0,135,135,52
43,r_135_132_142,seq70,seq46,r_135_132_142,0.88,-1,141,142,52
25,r_45_71_20,r_5_99_135,seq44,r_45_71_20,0.94,4,24,20,52
3,r_65_22_31,r_148_29_179,seq16,r_65_22_31,0.42,146,177,31,52
49,r_42_112_119,r_98_129_55,r_83_105_146,r_98_129_55,1.0,0,55,55,52
16,r_82_33_152,seq89,seq16,r_82_33_152,0.41,1,153,152,52
1,r_111_64_102,seq10,r_116_73_1,r_111_64_102,0.59,0,102,102,52
5,r_31_80_128,seq133,r_53_3_78,r_53_3_78,0.96,80,158,78,52
98,seq122,r_124_108_56,seq20,r_124_108_56,0.99,3,59,56,52
7,r_43_51_172,r_61_110_14,r_117_146_17,r_43_51_172,0.7,0,172,172,52
3,r_65_22_31,r_25_103_29,r_148_29_179,r_65_22_31,0.82,3,34,31,52
45,r_21_128_150,seq143,r_45_71_20,r_21_128_150,0.7,0,150,150,52
95,seq118,seq86,r_37_93_89,r_37_93_89,0.84,12,101,89,52
76,seq69,r_2_60_107,r_114_142_46,r_2_60_107,0.69,2,109,107,52
2,r_19_85_49,r_52_130_169,r_42_112_119,r_19_85_49,0.97,2,51,49,52
31,r_144_91_122,seq55,seq49,r_144_91_122,1.0,3,125,122,52
10,r_27_47_113,r_6_123_70,r_115_28_64,r_115_28_64,0.98,7,71,64,52
26,r_4_36_94,seq104,seq70,r_4_36_94,0.99,2,96,94,52
73,seq138,r_52_130_169,r_53_3_78,r_53_3_78,0.74,22,100,78,52
11,r_67_97_71,seq86,seq20,r_67_97_71,1.0,0,71,71,52
20,r_100_17_121,r_148_29_179,seq89,r_148_29_179,0.56,-56,123,179,52
13,r_115_28_64,seq46,r_27_47_113,r_115_28_64,1.0,1,65,64,52
15,r_121_54_133,r_25_103_29,r_40_90_132,r_121_54_133,0.95,2,135,133,52
48,r_13_95_5,r_121_54_133,r_114_142_46,r_13_95_5,0.8,104,109,5,52
49,r_42_112_119,r_83_105_146,r_18_96_110,r_42_112_119,0.62,1,120,119,52
13,r_115_28_64,r_27_47_113,r_7_56_88,r_7_56_88,0.95,61,149,88,52
6,r_53_3_78,r_107_134_174,seq138,r_53_3_78,0.91,0,78,78,52
21,r_61_110_14,r_43_51_172,r_6_123_70,r_43_51_172,0.82,0,172,172,52
2,r_19_85_49,r_42_112_119,seq35,r_42_112_119,0.52,1,120,119,52
21,r_61_110_14,r_59_41_139,r_43_51_172,r_61_110_14,0.98,-2,12,14,52
0,r_148_29_179,r_65_22_31,r_23_9_80,r_148_29_179,0.58,0,179,179,52
40,r_137_11_10,r_18_96_110,seq39,r_137_11_10,0.97,0,10,10,52
27,r_116_73_1,r_18_96_110,r_111_64_102,r_116_73_1,0.89,109,110,1,52
29,r_2_60_107,seq69,seq32,r_2_60_107,0.86,1,108,107,52
33,r_7_56_88,r_148_29_179,r_115_28_64,r_7_56_88,0.97,3,91,88,52
42,r_114_142_46,r_48_66_134,r_13_95_5,r_114_142_46,0.46,1,47,46,52
0,r_148_29_179,r_100_17_121,r_65_22_31,r_65_22_31,0.97,23,54,31,52
65,seq35,r_37_93_89,r_79_76_197,r_37_93_89,0.3,3,92,89,52
32,r_48_66_134,seq119,seq49,r_48_66_134,0.92,1,135,134,52
38,r_83_105_146,r_79_76_197,r_98_129_55,r_98_129_55,0.96,95,150,55,52
41,r_88_57_35,r_115_28_64,seq143,r_88_57_35,1.0,0,35,35,52
19,r_117_146_17,seq10,seq77,r_117_146_17,1.0,0,17,17,52
81,seq77,seq35,r_117_146_17,r_117_146_17,0.62,10,27,17,52
7,r_43_51_172,r_27_47_113,r_61_110_14,r_61_110_14,0.96,-2,12,14,52
17,r_40_90_132,seq74,seq89,r_40_90_132,0.71,0,132,132,52
9,r_0_92_137,r_82_33_152,r_114_142_46,r_0_92_137,0.84,2,139,137,52
28,r_18_96_110,r_116_73_1,r_42_112_119,r_18_96_110,0.94,8,118,110,52
44,r_79_76_197,r_83_105_146,seq35,r_83_105_146,0.75,9,155,146,52
35,r_50_126_143,seq84,seq87,r_50_126_143,0.92,0,143,143,52
12,r_59_41_139,seq106,r_111_64_102,r_59_41_139,0.87,0,139,139,52
30,r_118_103_164,seq52,seq72,r_118_103_164,0.47,0,164,164,53
80,seq61,r_104_14_193,r_39_77_133,r_39_77_133,0.97,0,133,133,53
36,r_9_67_61,r_127_92_191,seq56,r_9_67_61,1.0,0,61,61,53
33,r_43_95_171,r_33_17_113,seq35,r_43_95_171,0.99,0,171,171,53
14,r_25_107_92,seq61,seq124,r_25_107_92,1.0,0,92,92,53
53,seq5,r_39_77_133,r_84_139_104,r_39_77_133,0.78,-13,120,133,53
43,r_132_117_146,seq60,r_66_100_178,r_132_117_146,0.74,1,147,146,53
29,r_27_142_123,r_94_112_11,seq73,r_27_142_123,0.97,0,123,123,53
37,r_12_23_168,seq116,seq55,r_12_23_168,0.53,0,168,168,53
15,r_104_14_193,seq18,r_39_77_133,r_104_14_193,0.71,-47,146,193,53
1,r_110_119_116,r_69_6_74,seq72,r_69_6_74,0.99,3,77,74,53
42,r_33_17_113,r_104_14_193,seq45,r_33_17_113,0.99,0,113,113,53
80,seq61,r_25_107_92,r_104_14_193,r_25_107_92,0.97,0,92,92,53
35,r_68_129_50,r_39_77_133,r_126_134_117,r_68_129_50,1.0,0,50,50,53
45,r_99_8_140,seq133,r_82_7_45,r_99_8_140,0.82,0,140,140,53
12,r_101_148_31,r_57_4_125,r_47_90_194,r_101_148_31,1.0,0,31,31,53
49,r_31_146_172,r_84_139_104,r_80_29_10,r_80_29_10,0.95,1,11,10,53
31,r_128_149_129,seq40,r_108_91_56,r_128_149_129,0.97,0,129,129,53
3,r_78_41_151,r_70_74_145,seq56,r_70_74_145,0.98,0,145,145,53
10,r_71_138_141,seq38,r_27_142_123,r_71_138_141,0.91,0,141,141,53
26,r_84_139_104,r_27_142_123,seq5,r_27_142_123,0.84,-19,104,123,53
8,r_135_76_57,r_39_77_133,seq5,r_39_77_133,1.0,0,133,133,53
72,seq40,r_128_149_129,seq30,r_128_149_129,1.0,0,129,129,53
40,r_47_90_194,seq18,r_101_148_31,r_101_148_31,1.0,6,37,31,53
11,r_70_74_145,r_78_41_151,seq10,r_70_74_145,0.83,0,145,145,53
5,r_94_112_11,r_57_4_125,r_27_142_123,r_94_112_11,0.99,0,11,11,53
13,r_97_137_75,seq35,r_83_49_3,r_97_137_75,0.88,1,76,75,53
98,seq124,seq72,r_25_107_92,r_25_107_92,1.0,15,107,92,53
15,r_104_14_193,r_33_17_113,seq18,r_33_17_113,0.72,0,113,113,53
48,r_136_75_148,seq116,seq28,r_136_75_148,0.42,4,152,148,53
49,r_31_146_172,r_80_29_10,r_71_138_141,r_31_146_172,0.59,0,172,172,53
27,r_87_2_126,r_111_42_49,r_82_7_45,r_87_2_126,0.61,-71,55,126,53
1,r_110_119_116,seq72,seq102,r_110_119_116,0.9,-4,112,116,53
19,r_82_7_45,seq26,r_87_2_126,r_82_7_45,0.58,10,55,45,53
5,r_94_112_11,r_27_142_123,seq140,r_27_142_123,0.97,0,123,123,53
87,seq96,r_59_22_128,seq122,r_59_22_128,1.0,-5,123,128,53
9,r_58_50_52,seq34,r_83_49_3,r_58_50_52,0.97,1,53,52,53
2,r_57_4_125,seq3,r_111_42_49,r_57_4_125,0.73,1,126,125,53
41,r_80_29_10,r_31_146_172,r_94_112_11,r_80_29_10,0.61,162,172,10,53
29,r_27_142_123,r_84_139_104,r_94_112_11,r_27_142_123,0.55,-19,104,123,53
41,r_80_29_10,r_104_14_193,r_31_146_172,r_80_29_10,0.98,0,10,10,53
24,r_69_6_74,r_110_119_116,r_83_49_3,r_69_6_74,1.0,3,77,74,53
33,r_43_95_171,r_135_76_57,seq105,r_135_76_57,0.4,14,71,57,53
32,r_143_120_43,r_84_139_104,seq15,r_143_120_43,1.0,0,43,43,53
47,r_111_42_49,r_37_16_156,r_57_4_125,r_57_4_125,0.99,33,158,125,53
38,r_65_130_179,r_62_98_196,r_101_148_31,r_101_148_31,0.94,148,179,31,53
34,r_127_92_191,r_9_67_61,seq30,r_9_67_61,1.0,0,61,61,53
47,r_111_42_49,r_86_106_189,r_37_16_156,r_111_42_49,0.99,6,55,49,53
60,seq18,r_47_90_194,seq133,r_47_90_194,0.34,-24,170,194,53
8,r_135_76_57,r_43_95_171,r_39_77_133,r_135_76_57,0.85,1,58,57,53
33,r_43_95_171,seq105,r_33_17_113,r_33_17_113,1.0,5,118,113,53
28,r_39_77_133,r_135_76_57,seq61,r_39_77_133,1.0,0,133,133,53
7,r_83_49_3,r_47_90_194,r_97_137_75,r_83_49_3,0.45,50,53,3,53
28,r_39_77_133,seq5,r_135_76_57,r_135_76_57,0.83,6,63,57,53
74,seq45,seq105,r_111_42_49,r_111_42_49,0.89,0,49,49,53
44,r_126_134_117,r_62_98_196,r_68_129_50,r_68_129_50,1.0,76,126,50,53
23,r_108_91_56,r_66_100_178,seq3,r_108_91_56,0.96,16,72,56,53
30,r_127_87_126,r_1_119_146,r_7_111_34,r_1_119_146,0.66,-20,126,146,54
14,r_60_136_88,r_83_137_86,seq116,r_83_137_86,0.74,0,86,86,54
8,r_1_119_146,seq42,r_51_80_35,r_1_119_146,0.52,2,148,146,54
43,r_112_55_79,seq132,r_25_13_40,r_25_13_40,1.0,48,88,40,54
46,r_63_133_10,r_127_87_126,seq89,r_63_133_10,0.99,1,11,10,54
37,r_146_24_186,seq114,r_84_69_108,r_84_69_108,0.91,79,187,108,54
16,r_120_61_84,seq5,seq29,r_120_61_84,0.94,3,87,84,54
21,r_36_3_150,seq93,r_101_57_137,r_36_3_150,0.93,0,150,150,54
39,r_45_123_168,r_117_71_191,r_144_128_5,r_45_123_168,0.58,1,169,168,54
1,r_148_139_60,r_15_126_63,seq106,r_148_139_60,1.0,1,61,60,54
97,seq114,r_146_24_186,seq91,r_146_24_186,0.42,1,187,186,54
5,r_83_137_86,r_60_136_88,r_33_11_24,r_83_137_86,1.0,0,86,86,54
42,r_22_59_117,seq85,seq106,r_22_59_117,0.96,0,117,117,54
85,seq89,r_48_115_127,r_63_133_10,r_63_133_10,0.99,1,11,10,54
7,r_144_128_5,seq30,r_45_123_168,r_45_123_168,0.45,0,168,168,54
45,r_39_129_149,seq149,seq125,r_39_129_149,0.73,8,157,149,54
35,r_147_18_32,seq20,seq72,r_147_18_32,0.99,1,33,32,54
19,r_70_131_92,r_10_49_158,r_48_115_127,r_70_131_92,0.91,35,127,92,54
38,r_33_11_24,r_79_121_173,r_83_137_86,r_83_137_86,1.0,93,179,86,54
31,r_122_92_144,seq110,seq47,r_122_92_144,0.77,0,144,144,54
38,r_33_11_24,r_138_43_110,r_79_121_173,r_33_11_24,1.0,2,26,24,54
10,r_82_124_159,r_15_126_63,r_17_104_30,r_82_124_159,0.58,1,160,159,54
26,r_138_43_110,seq134,r_17_104_30,r_138_43_110,0.99,1,111,110,54
4,r_101_57_137,seq134,seq6,r_101_57_137,0.62,8,145,137,54
63,seq30,seq99,r_118_90_31,r_118_90_31,0.77,1,32,31,54
23,r_25_13_40,r_101_57_137,r_112_55_79,r_25_13_40,1.0,1,41,40,54
20,r_10_49_158,seq130,r_17_104_30,r_10_49_158,0.82,0,158,158,54
13,r_88_28_176,seq40,seq81,r_88_28_176,0.22,3,179,176,54
36,r_73_140_109,r_8_143_71,r_79_121_173,r_73_140_109,0.46,-89,20,109,54
48,r_15_126_63,seq31,r_21_98_95,r_21_98_95,0.88,-5,90,95,54
40,r_103_23_49,r_15_126_63,seq29,r_103_23_49,1.0,0,49,49,54
27,r_84_69_108,seq110,seq19,r_84_69_108,1.0,1,109,108,54
47,r_7_111_34,seq110,seq6,r_7_111_34,1.0,2,36,34,54
9,r_8_143_71,r_73_140_109,r_83_137_86,r_73_140_109,0.89,2,111,109,54
3,r_113_0_48,seq53,seq130,r_113_0_48,1.0,4,52,48,54
18,r_67_54_107,r_108_145_135,r_60_136_88,r_67_54_107,0.9,0,107,107,54
25,r_77_102_83,r_79_121_173,seq47,r_77_102_83,0.97,2,85,83,54
33,r_44_37_80,seq29,r_118_90_31,r_44_37_80,1.0,2,82,80,54
70,seq42,r_1_119_146,r_58_16_73,r_58_16_73,1.0,75,148,73,54
7,r_144_128_5,r_101_57_137,seq30,r_144_128_5,0.76,6,11,5,54
32,r_58_16_73,seq72,seq9,r_58_16_73,1.0,0,73,73,54
52,seq5,r_120_61_84,seq149,r_120_61_84,0.94,3,87,84,54
77,seq65,r_41_32_165,r_14_142_26,r_14_142_26,0.77,144,170,26,54
34,r_48_115_127,seq95,r_70_131_92,r_48_115_127,0.8,0,127,127,54
15,r_118_90_31,r_138_43_110,seq30,r_118_90_31,0.99,0,31,31,54
36,r_73_140_109,r_8_143_71,r_51_80_35,r_73_140_109,1.0,0,109,109,54
17,r_51_80_35,seq135,r_73_140_109,r_73_140_109,0.95,2,111,109,54
94,seq106,r_86_62_64,r_148_139_60,r_148_139_60,0.72,12,72,60,54
41,r_14_142_26,r_122_92_144,seq65,r_14_142_26,0.96,-2,24,26,54
9,r_8_143_71,seq100,r_73_140_109,r_8_143_71,0.72,2,73,71,54
0,r_17_104_30,r_120_61_84,seq135,r_17_104_30,0.95,2,32,30,54
22,r_41_32_165,seq65,r_103_23_49,r_103_23_49,1.0,121,170,49,54
28,r_78_96_143,r_45_123_168,r_118_90_31,r_78_96_143,0.65,0,143,143,54
49,r_56_27_125,r_51_80_35,seq20,r_56_27_125,0.94,0,125,125,54
2,r_79_121_173,r_77_102_83,r_33_11_24,r_77_102_83,0.8,-28,55,83,54
44,r_86_62_64,seq106,seq110,r_86_62_64,0.99,9,73,64,54
11,r_75_141_52,seq6,seq125,r_75_141_52,1.0,0,52,52,54
36,r_73_140_109,r_79_121_173,r_8_143_71,r_8_143_71,0.73,0,71,71,54
84,seq85,r_22_59_117,seq132,r_22_59_117,0.99,0,117,117,54
15,r_82_10_198,r_51_40_50,seq34,r_51_40_50,1.0,-1,49,50,55
30,r_32_119_66,r_128_78_116,r_18_81_87,r_32_119_66,0.9,0,66,66,55
40,r_11_129_58,r_122_12_152,seq124,r_11_129_58,0.58,-15,43,58,55
43,r_18_81_87,r_123_28_124,seq54,r_18_81_87,0.76,1,88,87,55
31,r_148_55_19,r_9_125_111,r_46_89_23,r_9_125_111,0.71,-66,45,111,55
38,r_21_44_22,r_25_115_123,r_62_132_25,r_21_44_22,1.0,3,25,22,55
48,r_120_59_12,r_117_110_41,seq27,r_120_59_12,0.99,0,12,12,55
37,r_53_52_64,r_8_57_143,seq93,r_53_52_64,1.0,1,65,64,55
93,seq105,r_9_125_111,r_31_69_76,r_9_125_111,0.99,-52,59,111,55
16,r_49_112_137,seq54,seq2,r_49_112_137,0.99,1,138,137,55
39,r_25_115_123,r_18_81_87,r_9_125_111,r_25_115_123,0.64,0,123,123,55
19,r_45_24_85,r_143_1_54,seq130,r_45_24_85,0.99,3,88,85,55
5,r_128_78_116,seq56,seq146,r_128_78_116,1.0,0,116,116,55
46,r_19_64_128,seq3,seq30,r_19_64_128,0.71,6,134,128,55
2,r_144_66_163,r_16_87_178,r_128_78_116,r_16_87_178,0.72,-1,177,178,55
14,r_51_40_50,r_82_10_198,r_117_110_41,r_51_40_50,0.99,0,50,50,55
11,r_123_28_124,r_18_81_87,r_8_57_143,r_18_81_87,0.57,-37,50,87,55
45,r_7_109_171,r_144_66_163,seq101,r_144_66_163,0.56,0,163,163,55
11,r_123_28_124,r_8_57_143,seq23,r_123_28_124,0.91,0,124,124,55
22,r_121_98_55,seq33,r_35_111_134,r_35_111_134,1.0,20,154,134,55
18,r_102_37_187,r_149_133_130,r_117_110_41,r_102_37_187,0.9,0,187,187,55
97,seq118,r_46_89_23,r_102_37_187,r_46_89_23,0.88,-4,19,23,55
97,seq118,r_102_37_187,r_9_125_111,r_9_125_111,0.76,4,115,111,55
26,r_0_94_119,seq26,r_113_91_196,r_0_94_119,0.84,0,119,119,55
8,r_47_13_17,r_126_6_98,r_31_69_76,r_47_13_17,0.59,81,98,17,55
0,r_46_89_23,seq118,seq145,r_46_89_23,0.99,0,23,23,55
8,r_47_13_17,r_84_65_42,r_126_6_98,r_47_13_17,1.0,-2,15,17,55
20,r_149_133_130,seq101,r_140_90_102,r_140_90_102,0.81,34,136,102,55
98,seq124,r_77_36_60,r_11_129_58,r_77_36_60,0.94,0,60,60,55
22,r_121_98_55,r_21_44_22,seq33,r_121_98_55,0.48,28,83,55,55
21,r_14_95_14,r_128_78_116,seq146,r_14_95_14,0.62,-2,12,14,55
27,r_77_36_60,seq124,seq99,r_77_36_60,1.0,4,64,60,55
30,r_32_119_66,r_18_81_87,seq43,r_18_81_87,0.62,1,88,87,55
18,r_102_37_187,seq4,r_149_133_130,r_102_37_187,0.3,-56,131,187,55
29,r_114_135_195,r_86_29_82,r_126_6_98,r_86_29_82,1.0,-5,77,82,55
23,r_143_1_54,seq96,r_45_24_85,r_143_1_54,0.93,1,55,54,55
24,r_104_15_147,seq134,seq42,r_104_15_147,0.41,7,154,147,55
25,r_122_12_152,seq2,r_45_24_85,r_122_12_152,0.92,0,152,152,55
33,r_50_68_168,r_16_87_178,r_143_1_54,r_143_1_54,1.0,115,169,54,55
44,r_62_132_25,r_84_65_42,r_21_44_22,r_62_132_25,1.0,0,25,25,55
32,r_126_6_98,r_9_125_111,r_114_135_195,r_9_125_111,1.0,-13,98,111,55
34,r_31_69_76,r_104_15_147,r_47_13_17,r_31_69_76,0.54,-2,74,76,55
9,r_9_125_111,r_126_6_98,seq118,r_9_125_111,0.69,0,111,111,55
96,seq116,seq4,r_86_29_82,r_86_29_82,1.0,1,83,82,55
22,r_121_98_55,seq93,r_21_44_22,r_121_98_55,0.88,0,55,55,55
28,r_17_48_175,seq20,r_84_65_42,r_17_48_175,0.76,1,176,175,55
91,seq101,r_149_133_130,seq92,r_149_133_130,0.55,6,136,130,55
76,seq56,r_140_90_102,r_8_57_143,r_8_57_143,0.83,2,145,143,55
49,r_117_110_41,seq130,seq145,r_117_110_41,0.88,-6,35,41,55
7,r_86_29_82,r_114_135_195,seq116,r_86_29_82,0.98,0,82,82,55
19,r_45_24_85,seq75,r_143_1_54,r_143_1_54,0.79,4,58,54,55
35,r_100_58_101,seq26,r_86_29_82,r_100_58_101,1.0,-1,100,101,55
31,r_148_55_19,r_144_66_163,r_9_125_111,r_148_55_19,0.93,0,19,19,55
12,r_140_90_102,r_80_67_11,seq4,r_140_90_102,1.0,0,102,102,55
23,r_143_1_54,r_45_24_85,r_50_68_168,r_45_24_85,0.53,84,169,85,55
30,r_78_15_106,seq85,seq9,r_78_15_106,0.94,-1,105,106,56
36,r_2_31_189,seq95,r_47_124_123,r_2_31_189,0.22,0,189,189,56
14,r_105_16_121,seq69,seq82,r_105_16_121,0.96,0,121,121,56
43,r_86_107_110,seq139,seq30,r_86_107_110,0.98,1,111,110,56
37,r_102_100_109,r_51_140_134,seq11,r_51_140_134,0.67,-17,117,134,56
46,r_84_34_65,r_51_140_134,seq94,r_84_34_65,0.66,0,65,65,56
42,r_118_21_80,seq69,r_62_35_22,r_118_21_80,0.96,10,90,80,56
45,r_60_4_21,seq117,seq14,r_60_4_21,0.99,1,22,21,56
15,r_143_44_10,r_114_113_111,seq98,r_143_44_10,0.87,0,10,10,56
13,r_62_35_22,seq76,seq10,r_62_35_22,1.0,0,22,22,56
11,r_20_26_59,seq10,r_33_75_13,r_33_75_13,0.46,158,171,13,56
76,seq65,r_134_41_99,r_55_131_45,r_134_41_99,0.96,0,99,99,56
1,r_38_146_30,r_86_107_110,r_60_4_21,r_38_146_30,0.89,0,30,30,56
31,r_59_3_147,r_57_141_151,r_88_29_7,r_59_3_147,0.55,0,147,147,56
41,r_88_29_7,seq69,r_106_81_76,r_106_81_76,1.0,24,100,76,56
9,r_128_93_48,seq12,seq73,r_128_93_48,0.69,10,58,48,56
10,r_50_130_100,seq18,seq133,r_50_130_100,0.82,1,101,100,56
26,r_109_24_146,seq45,seq11,r_109_24_146,0.81,0,146,146,56
4,r_134_41_99,seq65,seq9,r_134_41_99,0.97,0,99,99,56
78,seq69,r_105_16_121,r_88_29_7,r_105_16_121,1.0,-59,62,121,56
0,r_47_124_123,r_64_66_145,seq52,r_47_124_123,0.71,0,123,123,56
39,r_92_149_35,r_46_99_154,seq70,r_92_149_35,0.53,10,45,35,56
11,r_20_26_59,seq123,seq10,r_20_26_59,1.0,1,60,59,56
20,r_64_66_145,seq89,seq56,r_64_66_145,0.87,1,146,145,56
5,r_55_131_45,seq11,seq65,r_55_131_45,0.62,2,47,45,56
48,r_136_108_74,seq138,seq19,r_136_108_74,1.0,-1,73,74,56
56,seq14,seq85,r_60_4_21,r_60_4_21,1.0,1,22,21,56
6,r_132_67_62,seq135,seq10,r_132_67_62,0.98,0,62,62,56
85,seq85,seq14,r_57_141_151,r_57_141_151,0.92,6,157,151,56
23,r_77_27_44,r_57_141_151,seq53,r_77_27_44,1.0,1,45,44,56
16,r_32_1_32,seq120,r_143_44_10,r_32_1_32,1.0,2,34,32,56
27,r_49_22_89,seq25,seq144,r_49_22_89,1.0,0,89,89,56
47,r_8_122_68,r_37_119_126,r_147_91_12,r_8_122_68,0.99,1,69,68,56
29,r_7_6_75,r_50_130_100,seq83,r_7_6_75,0.96,1,76,75,56
40,r_33_75_13,seq76,seq120,r_33_75_13,1.0,0,13,13,56
24,r_57_141_151,r_59_3_147,seq85,r_57_141_151,0.74,0,151,151,56
25,r_145_148_63,r_47_124_123,seq56,r_145_148_63,0.99,2,65,63,56
19,r_147_91_12,r_132_67_62,seq117,r_147_91_12,0.98,-1,11,12,56
33,r_40_17_165,seq30,r_104_79_104,r_40_17_165,0.78,0,165,165,56
70,seq53,r_46_99_154,r_77_27_44,r_77_27_44,0.91,110,154,44,56
32,r_104_79_104,r_2_31_189,seq19,r_104_79_104,0.99,0,104,104,56
77,seq139,r_86_107_110,seq10,r_86_107_110,1.0,2,112,110,56
60,seq19,r_37_119_126,r_136_108_74,r_136_108_74,0.56,5,79,74,56
17,r_114_113_111,seq69,seq115,r_114_113_111,0.93,0,111,111,56
22,r_46_99_154,seq53,r_47_124_123,r_46_99_154,0.65,0,154,154,56
7,r_106_81_76,r_134_41_99,r_88_29_7,r_106_81_76,0.96,0,76,76,56
44,r_0_103_188,seq70,r_7_6_75,r_0_103_188,0.16,0,188,188,56
79,seq70,r_0_103_188,r_92_149_35,r_92_149_35,0.56,153,188,35,56
35,r_51_140_134,r_102_100_109,r_147_91_12,r_51_140_134,0.78,2,136,134,56
38,r_43_112_57,seq76,seq42,r_43_112_57,1.0,1,58,57,56
12,r_125_129_95,r_72_13_155,r_87_116_28,r_72_13_155,0.66,-58,97,155,56
84,seq83,r_90_23_77,r_7_6_75,r_7_6_75,0.62,-4,71,75,56
93,seq113,r_36_18_47,r_40_141_87,r_40_141_87,1.0,48,135,87,57
36,r_60_8_172,seq68,r_86_111_55,r_60_8_172,0.44,1,173,172,57
22,r_97_69_16,r_66_19_167,seq148,r_97_69_16,0.56,23,39,16,57
75,seq68,r_26_21_60,seq55,r_26_21_60,0.99,-5,55,60,57
8,r_33_12_156,r_56_64_136,seq81,r_56_64_136,0.53,1,137,136,57
43,r_126_138_75,r_61_98_117,r_91_143_189,r_126_138_75,1.0,0,75,75,57
31,r_96_29_37,r_88_41_80,seq112,r_96_29_37,1.0,-2,35,37,57
54,seq6,r_22_31_175,seq24,r_22_31_175,0.53,0,175,175,57
16,r_87_3_185,seq70,r_107_120_157,r_107_120_157,0.65,29,186,157,57
21,r_119_103_164,seq106,r_56_64_136,r_119_103_164,0.53,0,164,164,57
42,r_56_64_136,r_16_62_3,seq68,r_56_64_136,0.47,-9,127,136,57
46,r_71_32_18,r_100_85_188,seq109,r_71_32_18,0.87,-2,16,18,57
19,r_36_18_47,r_49_101_151,r_38_84_77,r_36_18_47,0.82,39,86,47,57
47,r_127_54_72,r_92_144_42,r_80_44_158,r_92_144_42,0.93,-1,41,42,57
4,r_110_108_30,r_49_101_151,seq134,r_110_108_30,0.99,0,30,30,57
41,r_51_25_69,seq68,seq130,r_51_25_69,0.93,-2,67,69,57
3,r_61_98_117,seq94,seq77,r_61_98_117,0.98,0,117,117,57
10,r_73_11_178,seq106,r_86_111_55,r_86_111_55,0.67,125,180,55,57
26,r_91_143_189,seq109,r_126_138_75,r_126_138_75,1.0,9,84,75,57
63,seq24,r_139_149_149,seq6,r_139_149_149,0.84,3,152,149,57
11,r_88_41_80,seq140,seq9,r_88_41_80,1.0,0,80,80,57
20,r_57_93_99,seq81,r_80_44_158,r_57_93_99,0.55,6,105,99,57
13,r_1_125_79,seq0,r_38_84_77,r_1_125_79,1.0,0,79,79,57
48,r_107_120_157,seq72,seq28,r_107_120_157,0.77,1,158,157,57
49,r_90_65_21,r_139_149_149,r_118_59_144,r_90_65_21,0.94,123,144,21,57
6,r_79_145_126,r_66_19_167,r_16_62_3,r_79_145_126,0.97,0,126,126,57
0,r_117_17_116,r_67_136_4,seq52,r_117_17_116,1.0,0,116,116,57
9,r_92_144_42,r_127_54_72,seq27,r_92_144_42,1.0,0,42,42,57
40,r_26_21_60,r_51_25_69,seq20,r_26_21_60,0.96,0,60,60,57
18,r_38_84_77,r_48_13_76,r_36_18_47,r_36_18_47,1.0,29,76,47,57
29,r_99_63_162,seq53,seq146,r_99_63_162,0.7,1,163,162,57
24,r_16_62_3,r_56_64_136,r_79_145_126,r_79_145_126,0.98,1,127,126,57
43,r_126_138_75,r_91_143_189,r_71_32_18,r_91_143_189,0.56,-38,151,189,57
91,seq109,r_66_19_167,r_71_32_18,r_71_32_18,0.52,-2,16,18,57
61,seq20,seq142,r_26_21_60,r_26_21_60,1.0,1,61,60,57
1,r_123_89_25,seq27,seq78,r_123_89_25,0.73,-1,24,25,57
32,r_66_19_167,seq109,r_61_98_117,r_66_19_167,0.92,0,167,167,57
34,r_139_149_149,seq24,seq124,r_139_149_149,0.85,3,152,149,57
49,r_90_65_21,r_39_121_171,r_139_149_149,r_90_65_21,1.0,0,21,21,57
8,r_33_12_156,seq81,seq129,r_33_12_156,0.67,2,158,156,57
26,r_91_143_189,r_126_138_75,r_92_144_42,r_92_144_42,0.57,147,189,42,57
23,r_49_101_151,r_1_125_79,r_118_59_144,r_49_101_151,0.96,0,151,151,57
37,r_67_136_4,r_117_17_116,seq133,r_117_17_116,1.0,0,116,116,57
28,r_7_34_90,seq52,r_15_30_49,r_7_34_90,0.95,0,90,90,57
33,r_15_30_49,r_42_10_198,seq27,r_15_30_49,0.98,0,49,49,57
44,r_58_37_154,seq142,r_15_30_49,r_58_37_154,0.62,3,157,154,57
23,r_49_101_151,r_36_18_47,r_1_125_79,r_1_125_79,1.0,56,135,79,57
35,r_74_132_132,seq142,r_86_111_55,r_74_132_132,0.92,1,133,132,57
47,r_127_54_72,r_80_44_158,seq115,r_127_54_72,0.78,2,74,72,57
12,r_131_82_104,r_61_98_117,seq5,r_131_82_104,0.94,1,105,104,57
30,r_127_147_132,seq92,seq104,r_127_147_132,0.95,0,132,132,58
51,seq130,r_63_6_133,r_10_36_142,r_10_36_142,0.41,-53,89,142,58
14,r_37_73_77,seq112,r_63_6_133,r_37_73_77,1.0,0,77,77,58
8,r_78_13_119,seq113,seq39,r_78_13_119,0.91,0,119,119,58
23,r_95_5_105,r_133_44_134,seq33,r_95_5_105,0.6,27,132,105,58
18,r_18_20_32,r_28_80_111,seq8,r_18_20_32,1.0,0,32,32,58
51,seq130,r_10_36_142,r_133_44_134,r_133_44_134,0.95,13,147,134,58
16,r_81_137_124,r_50_62_167,r_11_125_50,r_81_137_124,1.0,0,124,124,58
46,r_46_52_179,r_28_80_111,r_25_128_38,r_46_52_179,0.93,-68,111,179,58
42,r_117_61_104,seq88,r_60_3_27,r_117_61_104,0.91,0,104,104,58
7,r_135_136_92,r_28_80_111,r_0_64_52,r_0_64_52,1.0,3,55,52,58
28,r_47_32_58,r_103_68_110,r_28_80_111,r_47_32_58,0.65,53,111,58,58
45,r_133_44_134,r_41_79_74,seq129,r_41_79_74,1.0,0,74,74,58
87,seq99,seq49,r_35_17_21,r_35_17_21,0.99,1,22,21,58
15,r_110_144_172,seq114,seq113,r_110_144_172,1.0,0,172,172,58
31,r_94_109_141,r_1_85_174,seq141,r_1_85_174,0.83,-33,141,174,58
41,r_142_16_65,seq141,r_105_40_45,r_105_40_45,0.99,20,65,45,58
26,r_50_62_167,r_81_137_124,seq104,r_81_137_124,0.98,0,124,124,58
9,r_60_3_27,r_25_128_38,r_57_38_13,r_60_3_27,1.0,0,27,27,58
4,r_28_80_111,r_46_52_179,r_47_32_58,r_28_80_111,0.9,0,111,111,58
86,seq98,seq23,r_74_82_10,r_74_82_10,1.0,0,10,10,58
11,r_106_86_69,r_95_5_105,r_0_64_52,r_106_86_69,0.63,0,69,69,58
20,r_41_79_74,r_133_44_134,r_1_85_174,r_41_79_74,1.0,0,74,74,58
13,r_103_68_110,seq24,seq89,r_103_68_110,0.99,0,110,110,58
46,r_46_52_179,r_25_128_38,r_35_17_21,r_46_52_179,0.81,0,179,179,58
15,r_110_144_172,seq24,seq114,r_110_144_172,0.51,-63,109,172,58
48,r_35_17_21,r_148_22_93,seq99,r_35_17_21,0.86,0,21,21,58
26,r_50_62_167,seq104,r_42_108_178,r_42_108_178,0.61,3,181,178,58
27,r_1_85_174,r_94_109_141,r_41_79_74,r_41_79_74,1.0,55,129,74,58
7,r_135_136_92,r_0_64_52,r_121_21_73,r_135_136_92,0.93,0,92,92,58
5,r_0_64_52,r_81_137_124,r_135_136_92,r_0_64_52,0.97,1,53,52,58
29,r_2_134_157,r_71_76_166,r_100_48_61,r_2_134_157,0.5,0,157,157,58
38,r_74_82_10,r_110_144_172,seq98,r_74_82_10,0.99,0,10,10,58
25,r_121_21_73,seq33,seq84,r_121_21_73,1.0,0,73,73,58
43,r_42_108_178,r_105_40_45,r_50_62_167,r_42_108_178,0.5,0,178,178,58
33,r_67_45_99,r_54_101_125,r_131_149_4,r_67_45_99,0.91,3,102,99,58
43,r_42_108_178,r_11_125_50,r_105_40_45,r_42_108_178,1.0,-134,44,178,58
5,r_0_64_52,r_135_136_92,r_106_86_69,r_135_136_92,0.92,0,92,92,58
88,seq104,r_50_62_167,r_127_147_132,r_127_147_132,1.0,45,177,132,58
20,r_41_79_74,r_1_85_174,r_70_93_176,r_41_79_74,0.71,102,176,74,58
1,r_131_149_4,r_47_32_58,r_139_123_34,r_139_123_34,0.65,28,62,34,58
0,r_90_87_14,r_0_64_52,seq30,r_90_87_14,0.94,0,14,14,58
21,r_25_128_38,seq30,r_102_19_37,r_25_128_38,0.7,0,38,38,58
45,r_133_44_134,seq129,seq130,r_133_44_134,0.75,0,134,134,58
81,seq88,r_117_61_104,seq92,r_117_61_104,0.93,-5,99,104,58
17,r_100_48_61,r_110_144_172,seq30,r_100_48_61,0.66,9,70,61,58
27,r_1_85_174,r_41_79_74,r_71_76_166,r_41_79_74,1.0,100,174,74,58
22,r_11_125_50,r_42_108_178,seq91,r_11_125_50,1.0,0,50,50,58
2,r_102_19_37,r_106_86_69,r_25_128_38,r_25_128_38,0.99,-1,37,38,58
28,r_47_32_58,r_131_149_4,r_103_68_110,r_47_32_58,0.68,4,62,58,58
49,r_15_132_145,r_63_6_133,r_97_58_3,r_15_132_145,0.92,0,145,145,58
44,r_14_115_109,seq8,seq96,r_14_115_109,0.76,0,109,109,58
23,r_95_5_105,r_71_76_166,r_133_44_134,r_95_5_105,0.89,0,105,105,58
32,r_57_38_13,r_110_144_172,r_60_3_27,r_57_38_13,0.97,4,17,13,58
12,r_148_22_93,r_54_101_125,seq92,r_148_22_93,0.94,0,93,93,58
24,r_105_40_45,seq29,r_142_16_65,r_105_40_45,1.0,0,45,45,58
84,seq92,r_59_66_197,r_148_22_93,r_148_22_93,0.99,33,126,93,58
30,r_137_112_73,r_147_101_72,seq144,r_137_112_73,1.0,0,73,73,59
36,r_117_55_164,seq70,r_22_48_12,r_117_55_164,0.9,1,165,164,59
43,r_61_7_146,seq132,seq53,r_61_7_146,0.88,0,146,146,59
37,r_147_101_72,r_137_112_73,r_62_118_70,r_137_112_73,0.99,0,73,73,59
46,r_87_21_25,r_13_93_103,seq146,r_87_21_25,0.78,0,25,25,59
31,r_35_31_105,r_5_15_173,r_120_68_10,r_120_68_10,1.0,5,15,10,59
86,seq85,r_140_81_166,r_17_69_60,r_17_69_60,0.97,94,154,60,59
16,r_43_110_158,seq29,r_4_25_131,r_43_110_158,0.85,0,158,158,59
21,r_13_93_103,r_117_55_164,r_123_2_99,r_13_93_103,1.0,3,106,103,59
5,r_62_118_70,r_38_51_92,seq135,r_62_118_70,1.0,1,71,70,59
45,r_9_133_79,seq129,seq26,r_9_133_79,1.0,2,81,79,59
19,r_17_69_60,r_137_112_73,r_90_86_59,r_17_69_60,0.95,3,63,60,59
95,seq113,r_19_50_122,seq1,r_19_50_122,1.0,1,123,122,59
41,r_122_47_194,seq53,r_52_30_143,r_52_30_143,0.86,11,154,143,59
3,r_38_51_92,r_60_32_127,seq64,r_38_51_92,1.0,0,92,92,59
10,r_52_30_143,seq92,r_122_47_194,r_52_30_143,0.99,-1,142,143,59
90,seq102,r_60_32_127,seq59,r_60_32_127,1.0,0,127,127,59
11,r_60_32_127,seq102,r_42_78_78,r_60_32_127,0.56,0,127,127,59
13,r_76_103_96,seq46,r_42_78_78,r_76_103_96,0.94,0,96,96,59
15,r_65_24_128,seq1,r_120_68_10,r_65_24_128,0.93,0,128,128,59
48,r_104_3_144,r_23_88_175,r_4_25_131,r_104_3_144,0.97,1,145,144,59
57,seq139,r_90_86_59,r_148_39_192,r_90_86_59,1.0,4,63,59,59
6,r_72_49_61,seq27,r_84_12_30,r_72_49_61,1.0,0,61,61,59
9,r_90_86_59,seq139,r_17_69_60,r_90_86_59,0.9,0,59,59,59
34,r_11_80_3,r_36_108_57,r_97_6_54,r_11_80_3,1.0,56,59,3,59
12,r_67_100_17,r_9_133_79,seq70,r_67_100_17,0.83,1,18,17,59
20,r_22_48_12,r_38_51_92,seq141,r_22_48_12,0.96,2,14,12,59
27,r_19_50_122,seq113,r_120_68_10,r_19_50_122,0.95,1,123,122,59
35,r_82_20_84,seq130,seq46,r_82_20_84,0.8,-50,34,84,59
2,r_126_98_147,r_140_81_166,seq134,r_126_98_147,0.78,0,147,147,59
47,r_16_18_117,seq141,r_128_136_11,r_16_18_117,0.98,0,117,117,59
28,r_120_68_10,r_58_131_21,r_35_31_105,r_58_131_21,0.54,-10,11,21,59
40,r_23_88_175,seq121,seq27,r_23_88_175,0.43,0,175,175,59
74,seq53,r_96_89_138,r_61_7_146,r_61_7_146,0.99,0,146,146,59
92,seq106,r_123_2_99,r_84_12_30,r_84_12_30,0.93,2,32,30,59
25,r_4_25_131,seq34,seq149,r_4_25_131,0.86,1,132,131,59
33,r_140_81_166,seq85,r_43_110_158,r_43_110_158,0.66,9,167,158,59
0,r_97_6_54,r_142_8_129,r_11_80_3,r_97_6_54,1.0,0,54,54,59
58,seq141,r_16_18_117,r_22_48_12,r_16_18_117,0.67,0,117,117,59
68,seq37,r_5_15_173,r_65_24_128,r_65_24_128,1.0,48,176,128,59
42,r_123_2_99,r_58_131_21,r_62_118_70,r_62_118_70,0.76,29,99,70,59
61,seq149,r_143_109_113,seq75,r_143_109_113,0.83,-1,112,113,59
38,r_127_91_95,seq53,r_58_131_21,r_127_91_95,0.99,0,95,95,59
92,seq106,r_84_12_30,r_42_78_78,r_42_78_78,0.88,-2,76,78,59
75,seq54,r_137_112_73,r_128_136_11,r_137_112_73,0.96,-8,65,73,59
42,r_123_2_99,r_42_78_78,r_58_131_21,r_58_131_21,0.99,6,27,21,59
17,r_128_136_11,r_97_6_54,seq63,r_128_136_11,0.66,0,11,11,59
81,seq70,r_13_93_103,r_67_100_17,r_13_93_103,0.79,-27,76,103,59
22,r_79_115_50,r_38_51_92,r_58_131_21,r_79_115_50,1.0,0,50,50,59
18,r_58_131_21,seq27,r_123_2_99,r_58_131_21,1.0,0,21,21,59
31,r_35_31_105,r_120_68_10,seq132,r_35_31_105,0.86,30,135,105,59
28,r_120_68_10,r_35_31_105,r_65_24_128,r_65_24_128,0.97,7,135,128,59
49,r_56_124_171,seq135,r_90_86_59,r_56_124_171,0.78,0,171,171,59
7,r_5_15_173,seq37,r_97_6_54,r_97_6_54,0.85,119,173,54,59
18,r_58_131_21,r_123_2_99,r_79_115_50,r_58_131_21,0.99,78,99,21,59
44,r_14_73_115,seq102,seq83,r_14_73_115,1.0,2,117,115,59
23,r_143_109_113,seq149,seq26,r_143_109_113,1.0,0,113,113,59
61,seq149,seq75,r_4_25_131,r_4_25_131,1.0,2,133,131,59
24,r_84_12_30,seq130,seq106,r_84_12_30,0.65,1,31,30,59
14,r_36_108_57,seq149,seq138,r_36_108_57,1.0,-2,55,57,59
4,r_41_77_55,r_38_51_92,r_22_48_12,r_41_77_55,0.81,1,56,55,59
93,seq100,r_22_75_191,seq51,r_22_75_191,0.69,-105,86,191,60
30,r_49_141_78,r_60_46_198,seq148,r_49_141_78,0.96,-6,72,78,60
47,r_149_126_37,r_52_115_189,seq73,r_149_126_37,0.99,0,37,37,60
92,seq99,r_140_106_84,seq96,r_140_106_84,1.0,-10,74,84,60
43,r_16_42_87,seq94,r_34_48_35,r_16_42_87,0.98,0,87,87,60
19,r_52_115_189,seq96,r_91_88_103,r_52_115_189,0.99,0,189,189,60
21,r_89_86_98,r_69_77_11,seq0,r_89_86_98,0.97,0,98,98,60
5,r_131_103_178,r_63_8_196,r_17_110_72,r_17_110_72,1.0,60,132,72,60
46,r_28_11_76,seq94,r_43_61_32,r_28_11_76,0.83,0,76,76,60
42,r_4_95_113,r_105_98_172,seq31,r_4_95_113,0.86,1,114,113,60
86,seq81,r_116_12_58,seq99,r_116_12_58,1.0,0,58,58,60
37,r_101_137_29,r_28_11_76,r_45_108_17,r_28_11_76,0.6,-46,30,76,60
52,seq3,r_27_26_2,r_138_24_33,r_138_24_33,1.0,1,34,33,60
19,r_52_115_189,r_104_30_136,seq96,r_104_30_136,0.98,-8,128,136,60
15,r_36_127_40,seq134,seq139,r_36_127_40,1.0,1,41,40,60
13,r_27_26_2,r_2_15_118,r_114_123_6,r_114_123_6,0.94,15,21,6,60
1,r_34_48_35,r_17_110_72,seq139,r_34_48_35,0.93,0,35,35,60
31,r_2_15_118,seq128,r_138_24_33,r_138_24_33,0.99,51,84,33,60
41,r_113_9_105,seq57,r_87_119_42,r_113_9_105,0.92,0,105,105,60
67,seq31,r_2_15_118,r_4_95_113,r_4_95_113,0.74,6,119,113,60
14,r_71_122_25,r_34_48_35,seq32,r_71_122_25,1.0,1,26,25,60
10,r_44_84_83,r_54_70_159,r_27_26_2,r_44_84_83,0.59,-3,80,83,60
4,r_105_98_172,seq73,r_101_137_29,r_105_98_172,0.61,3,175,172,60
78,seq57,r_113_9_105,seq139,r_113_9_105,1.0,0,105,105,60
0,r_40_29_8,r_20_76_107,r_140_106_84,r_140_106_84,0.96,27,111,84,60
6,r_85_66_14,r_60_46_198,seq47,r_85_66_14,0.94,0,14,14,60
48,r_120_58_149,r_60_46_198,r_80_65_99,r_80_65_99,1.0,55,154,99,60
17,r_138_24_33,seq79,seq3,r_138_24_33,0.99,0,33,33,60
76,seq55,r_138_24_33,seq33,r_138_24_33,0.76,4,37,33,60
9,r_92_50_54,r_105_98_172,seq83,r_92_50_54,0.98,-1,53,54,60
2,r_143_90_147,seq82,seq99,r_143_90_147,0.96,0,147,147,60
12,r_87_119_42,r_44_84_83,r_35_93_49,r_87_119_42,1.0,-2,40,42,60
38,r_35_93_49,r_89_86_98,r_87_119_42,r_35_93_49,0.97,1,50,49,60
40,r_104_30_136,r_52_115_189,r_34_48_35,r_52_115_189,0.75,-52,137,189,60
29,r_20_76_107,r_40_29_8,r_43_61_32,r_43_61_32,0.66,79,111,32,60
88,seq83,r_60_46_198,r_92_50_54,r_92_50_54,1.0,-1,53,54,60
33,r_124_41_61,seq100,seq37,r_124_41_61,0.49,-1,60,61,60
92,seq99,seq96,r_143_90_147,r_143_90_147,1.0,10,157,147,60
1,r_34_48_35,seq139,r_16_42_87,r_16_42_87,1.0,1,88,87,60
32,r_136_107_71,r_104_30_136,seq14,r_136_107_71,0.98,1,72,71,60
34,r_140_106_84,seq99,seq56,r_140_106_84,1.0,0,84,84,60
27,r_45_108_17,r_40_29_8,r_101_137_29,r_45_108_17,0.56,47,64,17,60
75,seq51,seq100,r_53_142_30,r_53_142_30,0.96,111,141,30,60
18,r_91_88_103,seq132,r_101_137_29,r_101_137_29,0.94,1,30,29,60
68,seq32,seq7,r_71_122_25,r_71_122_25,1.0,0,25,25,60
27,r_45_108_17,r_124_41_61,r_40_29_8,r_45_108_17,1.0,5,22,17,60
86,seq81,seq99,r_133_5_116,r_133_5_116,1.0,1,117,116,60
28,r_54_70_159,seq82,r_80_65_99,r_54_70_159,0.86,-3,156,159,60
49,r_53_142_30,r_140_106_84,seq94,r_53_142_30,0.88,0,30,30,60
22,r_147_59_125,seq47,seq3,r_147_59_125,0.94,0,125,125,60
28,r_54_70_159,r_44_84_83,seq82,r_44_84_83,0.9,-19,64,83,60
24,r_116_12_58,seq81,seq56,r_116_12_58,1.0,0,58,58,60
7,r_18_130_114,seq94,seq129,r_18_130_114,0.88,0,114,114,60
18,r_91_88_103,r_101_137_29,seq82,r_101_137_29,0.54,79,108,29,60
44,r_43_61_32,r_101_137_29,r_28_11_76,r_28_11_76,0.64,5,81,76,60
23,r_17_110_72,r_125_64_158,r_149_126_37,r_17_110_72,0.98,0,72,72,60
82,seq73,r_105_98_172,r_131_103_178,r_105_98_172,1.0,3,175,172,60
79,seq62,r_38_112_184,r_131_103_178,r_38_112_184,0.89,3,187,184,60
35,r_125_64_158,seq129,seq144,r_125_64_158,0.91,0,158,158,60
89,seq94,r_60_46_198,r_53_142_30,r_53_142_30,1.0,0,30,30,60
30,r_62_73_144,seq14,r_122_113_43,r_122_113_43,0.53,101,144,43,61
36,r_32_9_102,r_138_115_129,r_123_136_30,r_32_9_102,0.97,0,102,102,61
19,r_144_29_101,r_122_113_43,r_22_137_107,r_122_113_43,1.0,1,44,43,61
92,seq102,r_104_130_161,r_122_113_43,r_122_113_43,0.97,71,114,43,61
14,r_138_115_129,seq48,seq60,r_138_115_129,0.82,0,129,129,61
7,r_15_120_31,r_45_63_153,seq7,r_15_120_31,1.0,0,31,31,61
21,r_100_71_15,seq23,seq8,r_100_71_15,1.0,0,15,15,61
31,r_64_16_16,r_17_84_110,seq121,r_64_16_16,0.97,2,18,16,61
83,seq77,seq14,r_131_20_182,r_131_20_182,0.89,-5,177,182,61
37,r_142_5_72,seq25,r_27_11_189,r_142_5_72,0.88,0,72,72,61
59,seq145,seq46,r_17_84_110,r_17_84_110,0.97,64,174,110,61
1,r_106_143_138,seq61,r_132_3_65,r_106_143_138,0.92,1,139,138,61
5,r_99_141_176,r_127_6_168,r_104_130_161,r_99_141_176,0.42,-13,163,176,61
42,r_116_47_106,seq96,r_72_148_27,r_116_47_106,1.0,0,106,106,61
46,r_42_91_33,r_56_10_184,r_72_148_27,r_42_91_33,0.92,2,35,33,61
45,r_27_11_189,r_37_54_152,r_142_5_72,r_27_11_189,0.73,-89,100,189,61
15,r_70_147_23,seq60,seq7,r_70_147_23,1.0,-2,21,23,61
3,r_53_95_156,r_38_124_99,seq36,r_53_95_156,0.98,0,156,156,61
27,r_72_148_27,r_76_93_7,r_17_84_110,r_72_148_27,1.0,0,27,27,61
27,r_72_148_27,r_17_84_110,seq134,r_17_84_110,0.88,1,111,110,61
66,seq34,r_21_49_68,seq140,r_21_49_68,1.0,3,71,68,61
76,seq61,r_106_143_138,seq89,r_106_143_138,1.0,-18,120,138,61
43,r_125_1_38,r_79_67_98,seq26,r_125_1_38,0.99,0,38,38,61
3,r_53_95_156,seq65,r_38_124_99,r_38_124_99,1.0,7,106,99,61
10,r_79_67_98,r_138_115_129,r_21_49_68,r_79_67_98,1.0,0,98,98,61
26,r_104_130_161,seq102,r_45_63_153,r_104_130_161,0.82,0,161,161,61
16,r_85_112_5,r_40_105_78,seq139,r_40_105_78,1.0,0,78,78,61
4,r_33_24_142,seq66,r_72_148_27,r_33_24_142,0.78,0,142,142,61
0,r_110_83_103,r_104_130_161,seq34,r_110_83_103,0.88,1,104,103,61
11,r_128_129_133,seq75,r_76_93_7,r_128_129_133,0.99,0,133,133,61
75,seq60,r_70_147_23,seq35,r_70_147_23,0.83,0,23,23,61
20,r_38_124_99,seq75,r_53_95_156,r_38_124_99,0.98,0,99,99,61
6,r_109_90_26,r_31_50_126,seq23,r_109_90_26,0.99,0,26,26,61
48,r_57_39_104,r_45_63_153,seq43,r_57_39_104,1.0,0,104,104,61
46,r_42_91_33,seq77,r_111_41_145,r_42_91_33,0.84,113,146,33,61
94,seq108,r_99_141_176,r_123_136_30,r_123_136_30,0.86,3,33,30,61
12,r_40_105_78,r_85_112_5,r_100_71_15,r_40_105_78,1.0,0,78,78,61
13,r_76_93_7,seq0,r_128_129_133,r_128_129_133,0.89,1,134,133,61
8,r_122_113_43,r_144_29_101,seq19,r_122_113_43,1.0,1,44,43,61
2,r_97_30_157,seq18,r_31_50_126,r_97_30_157,0.73,1,158,157,61
40,r_103_98_174,r_22_137_107,seq0,r_22_137_107,0.71,0,107,107,61
18,r_37_54_152,r_27_11_189,r_85_112_5,r_37_54_152,0.89,0,152,152,61
29,r_86_146_85,seq121,seq58,r_86_146_85,1.0,0,85,85,61
35,r_17_84_110,seq46,seq145,r_17_84_110,0.52,59,169,110,61
24,r_132_3_65,seq140,seq44,r_132_3_65,1.0,1,66,65,61
46,r_42_91_33,r_72_148_27,seq77,r_42_91_33,0.43,53,86,33,61
35,r_17_84_110,r_72_148_27,seq46,r_17_84_110,0.98,1,111,110,61
58,seq14,seq77,r_144_29_101,r_144_29_101,0.97,2,103,101,61
35,r_17_84_110,seq134,r_72_148_27,r_72_148_27,1.0,2,29,27,61
61,seq19,r_56_10_184,r_122_113_43,r_122_113_43,1.0,51,94,43,61
32,r_22_137_107,r_103_98_174,r_122_113_43,r_103_98_174,1.0,-67,107,174,61
38,r_21_49_68,seq34,r_85_112_5,r_21_49_68,1.0,4,72,68,61
47,r_123_136_30,r_132_3_65,seq108,r_123_136_30,0.9,3,33,30,61
20,r_38_124_99,r_53_95_156,seq44,r_53_95_156,1.0,0,156,156,61
13,r_76_93_7,r_72_148_27,seq0,r_76_93_7,0.5,20,27,7,61
45,r_27_11_189,r_142_5_72,r_17_84_110,r_142_5_72,0.77,117,189,72,61
17,r_133_28_134,seq101,r_59_92_97,r_59_92_97,0.85,46,143,97,61
9,r_31_50_126,r_131_20_182,r_85_112_5,r_31_50_126,0.78,1,127,126,61
37,r_142_5_72,r_27_11_189,r_52_12_9,r_27_11_189,0.68,0,189,189,61
22,r_117_51_121,seq74,r_15_120_31,r_117_51_121,0.77,1,122,121,61
34,r_94_88_37,r_38_124_99,seq121,r_94_88_37,1.0,0,37,37,61
28,r_45_63_153,seq44,r_64_16_16,r_45_63_153,0.8,0,153,153,61
91,seq101,r_133_28_134,r_122_113_43,r_122_113_43,0.98,92,135,43,61
49,r_59_92_97,r_33_24_142,seq118,r_59_92_97,0.99,1,98,97,61
44,r_127_6_168,r_99_141_176,r_133_28_134,r_133_28_134,0.53,35,169,134,61
23,r_111_41_145,seq65,r_42_91_33,r_111_41_145,0.6,1,146,145,61
75,seq60,seq35,r_138_115_129,r_138_115_129,0.73,5,134,129,61
19,r_144_29_101,r_22_137_107,seq14,r_144_29_101,1.0,2,103,101,61
5,r_99_141_176,r_104_130_161,seq149,r_99_141_176,0.89,3,179,176,61
30,r_106_134_145,seq54,r_127_3_170,r_106_134_145,0.54,4,149,145,62
55,seq137,r_79_129_84,r_14_99_16,r_14_99_16,0.58,0,16,16,62
36,r_20_32_144,seq44,seq98,r_20_32_144,0.95,0,144,144,62
26,r_41_40_42,seq138,seq51,r_41_40_42,1.0,2,44,42,62
14,r_42_57_128,r_133_11_57,r_47_50_177,r_133_11_57,0.74,8,65,57,62
8,r_120_115_169,seq70,r_106_134_145,r_120_115_169,0.59,0,169,169,62
32,r_2_108_14,seq15,seq31,r_2_108_14,0.92,0,14,14,62
43,r_59_102_120,seq51,seq117,r_59_102_120,0.96,0,120,120,62
45,r_111_45_12,r_66_62_103,r_83_94_123,r_111_45_12,0.73,2,14,12,62
91,seq107,r_9_84_55,seq97,r_9_84_55,0.94,2,57,55,62
14,r_42_57_128,r_66_62_103,seq135,r_42_57_128,0.87,0,128,128,62
28,r_47_50_177,r_42_57_128,seq16,r_47_50_177,0.53,-62,115,177,62
16,r_28_5_77,r_77_116_157,r_14_99_16,r_28_5_77,0.93,1,78,77,62
21,r_83_94_123,seq24,seq36,r_83_94_123,0.88,0,123,123,62
1,r_8_37_132,seq98,seq107,r_8_37_132,0.77,7,139,132,62
24,r_9_84_55,seq107,seq23,r_9_84_55,1.0,2,57,55,62
5,r_71_131_78,r_49_4_112,seq16,r_71_131_78,0.97,4,82,78,62
46,r_149_33_146,seq56,r_83_94_123,r_149_33_146,0.87,1,147,146,62
42,r_19_25_79,seq123,seq140,r_19_25_79,1.0,4,83,79,62
23,r_78_80_21,r_1_68_73,seq123,r_78_80_21,0.76,1,22,21,62
45,r_111_45_12,r_83_94_123,r_130_86_37,r_111_45_12,0.8,28,40,12,62
88,seq98,r_101_93_168,r_20_32_144,r_20_32_144,0.96,2,146,144,62
69,seq36,r_39_18_163,r_83_94_123,r_83_94_123,0.91,36,159,123,62
7,r_127_3_170,r_47_50_177,r_106_134_145,r_106_134_145,0.49,-4,141,145,62
76,seq56,r_95_52_138,seq136,r_95_52_138,1.0,0,138,138,62
3,r_66_62_103,seq16,r_42_57_128,r_66_62_103,0.53,1,104,103,62
10,r_35_109_93,r_20_32_144,r_9_84_55,r_35_109_93,0.86,0,93,93,62
72,seq44,r_20_32_144,seq60,r_20_32_144,0.99,0,144,144,62
35,r_124_65_17,r_79_129_84,seq123,r_124_65_17,0.84,0,17,17,62
4,r_114_73_110,seq140,r_10_75_6,r_114_73_110,0.98,0,110,110,62
78,seq70,r_120_115_169,seq85,r_120_115_169,0.81,0,169,169,62
11,r_13_126_96,seq136,seq97,r_13_126_96,1.0,0,96,96,62
20,r_61_142_88,seq98,seq117,r_61_142_88,1.0,1,89,88,62
13,r_95_52_138,seq56,seq21,r_95_52_138,0.99,0,138,138,62
15,r_58_89_63,seq147,seq51,r_58_89_63,1.0,0,63,63,62
6,r_1_68_73,r_127_3_170,seq136,r_1_68_73,1.0,1,74,73,62
62,seq17,r_27_96_167,r_100_110_69,r_100_110_69,1.0,68,137,69,62
99,seq125,r_39_18_163,r_79_129_84,r_79_129_84,0.63,3,87,84,62
31,r_130_86_37,r_47_50_177,r_111_45_12,r_130_86_37,1.0,0,37,37,62
27,r_39_18_163,seq36,r_7_81_39,r_39_18_163,0.51,0,163,163,62
39,r_7_81_39,seq98,seq128,r_7_81_39,0.98,2,41,39,62
22,r_22_118_27,r_83_94_123,r_133_11_57,r_22_118_27,1.0,96,123,27,62
3,r_66_62_103,r_42_57_128,r_28_5_77,r_42_57_128,0.67,0,128,128,62
2,r_69_30_65,r_13_126_96,seq24,r_69_30_65,1.0,1,66,65,62
30,r_106_134_145,r_127_3_170,r_120_115_169,r_106_134_145,0.94,26,171,145,62
18,r_34_82_91,r_27_96_167,seq36,r_34_82_91,0.82,9,100,91,62
29,r_79_129_84,seq137,seq125,r_79_129_84,0.97,1,85,84,62
33,r_133_11_57,r_42_57_128,r_22_118_27,r_22_118_27,0.83,34,61,27,62
58,seq12,seq146,r_130_86_37,r_130_86_37,1.0,119,156,37,62
0,r_55_38_19,r_101_93_168,seq44,r_55_38_19,1.0,0,19,19,62
14,r_42_57_128,r_47_50_177,r_66_62_103,r_42_57_128,0.4,-25,103,128,62
77,seq60,seq24,r_55_38_19,r_55_38_19,0.97,134,153,19,62
34,r_64_148_75,r_47_50_177,seq76,r_64_148_75,0.99,3,78,75,62
19,r_14_99_16,seq90,seq137,r_14_99_16,0.75,1,17,16,62
81,seq76,r_144_29_175,r_101_93_168,r_101_93_168,0.51,8,176,168,62
17,r_100_110_69,r_48_53_81,seq17,r_100_110_69,0.99,0,69,69,62
28,r_47_50_177,seq16,r_120_115_169,r_47_50_177,0.62,5,182,177,62
94,seq117,seq15,r_61_142_88,r_61_142_88,0.96,1,89,88,62
22,r_22_118_27,seq16,r_83_94_123,r_22_118_27,0.93,1,28,27,62
9,r_144_29_175,seq76,seq135,r_144_29_175,0.59,1,176,175,62
29,r_79_129_84,seq125,r_100_110_69,r_79_129_84,0.39,80,164,84,62
7,r_127_3_170,r_106_134_145,seq147,r_127_3_170,0.89,1,171,170,62
28,r_47_50_177,r_64_148_75,r_42_57_128,r_47_50_177,0.64,-99,78,177,62
49,r_27_96_167,seq17,seq147,r_27_96_167,0.39,0,167,167,62
7,r_127_3_170,r_1_68_73,r_26_113_8,r_1_68_73,0.74,4,77,73,62
44,r_48_53_81,seq141,r_7_81_39,r_48_53_81,0.94,3,84,81,62
7,r_127_3_170,r_26_113_8,r_47_50_177,r_26_113_8,0.47,102,110,8,62
82,seq85,r_27_96_167,seq70,r_27_96_167,0.58,-36,131,167,62
79,seq140,r_101_93_168,r_19_25_79,r_19_25_79,1.0,75,154,79,62
12,r_49_4_112,seq6,seq36,r_49_4_112,1.0,0,112,112,62
50,seq128,r_51_34_35,seq73,r_51_34_35,0.95,16,51,35,63
30,r_78_102_174,r_94_45_56,r_23_75_124,r_78_102_174,0.33,2,176,174,63
74,seq65,r_44_77_179,r_49_41_47,r_44_77_179,0.66,-88,91,179,63
36,r_74_122_97,r_18_119_141,seq24,r_74_122_97,0.93,2,99,97,63
11,r_49_41_47,seq86,seq66,r_49_41_47,1.0,0,47,47,63
38,r_85_20_38,r_18_119_141,r_91_81_190,r_85_20_38,0.89,0,38,38,63
8,r_0_17_157,seq107,r_58_40_11,r_0_17_157,0.57,2,159,157,63
53,seq4,r_118_87_69,r_72_130_7,r_118_87_69,0.98,-13,56,69,63
43,r_1_134_121,r_46_117_142,r_72_130_7,r_1_134_121,0.78,1,122,121,63
7,r_98_15_15,seq73,seq146,r_98_15_15,0.93,0,15,15,63
35,r_123_129_10,r_18_119_141,seq86,r_123_129_10,0.91,0,10,10,63
13,r_127_16_43,r_25_83_99,seq146,r_127_16_43,1.0,0,43,43,63
37,r_31_126_109,r_141_143_182,seq4,r_31_126_109,0.55,1,110,109,63
2,r_95_92_57,r_91_81_190,seq90,r_95_92_57,0.97,2,59,57,63
94,seq113,r_127_16_43,seq79,r_127_16_43,1.0,0,43,43,63
45,r_136_56_27,r_39_59_193,seq90,r_136_56_27,0.85,0,27,27,63
55,seq137,r_5_29_129,r_141_143_182,r_5_29_129,0.5,-52,77,129,63
39,r_12_105_70,r_54_60_80,seq14,r_12_105_70,0.68,0,70,70,63
1,r_124_147_185,seq53,r_61_48_102,r_124_147_185,0.35,2,187,185,63
5,r_18_119_141,r_94_45_56,r_1_134_121,r_18_119_141,0.91,0,141,141,63
55,seq137,r_139_69_135,seq10,r_139_69_135,0.94,35,170,135,63
84,seq86,r_49_41_47,r_135_55_16,r_49_41_47,0.9,0,47,47,63
19,r_54_60_80,r_118_87_69,r_124_147_185,r_118_87_69,0.56,-7,62,69,63
39,r_12_105_70,seq14,r_11_109_191,r_11_109_191,0.43,-45,146,191,63
31,r_91_81_190,r_96_22_120,r_85_20_38,r_91_81_190,0.97,-70,120,190,63
41,r_96_22_120,r_91_81_190,r_138_133_18,r_96_22_120,0.58,0,120,120,63
3,r_46_117_142,seq43,r_25_83_99,r_46_117_142,0.75,0,142,142,63
10,r_145_19_94,r_39_59_193,seq144,r_145_19_94,0.98,5,99,94,63
40,r_100_50_53,seq4,seq53,r_100_50_53,0.65,-8,45,53,63
63,seq24,r_141_143_182,r_74_122_97,r_74_122_97,1.0,86,183,97,63
20,r_23_75_124,r_118_87_69,r_72_130_7,r_118_87_69,0.77,0,69,69,63
27,r_7_32_181,seq120,r_135_55_16,r_7_32_181,0.9,0,181,181,63
15,r_37_35_122,seq27,r_58_40_11,r_58_40_11,0.54,109,120,11,63
48,r_9_52_114,r_124_147_185,seq93,r_9_52_114,0.96,1,115,114,63
19,r_54_60_80,r_124_147_185,r_135_55_16,r_54_60_80,0.98,1,81,80,63
6,r_13_76_138,seq121,seq80,r_13_76_138,0.82,0,138,138,63
27,r_7_32_181,r_21_97_127,seq120,r_21_97_127,0.99,1,128,127,63
12,r_58_40_11,r_124_147_185,seq99,r_58_40_11,0.94,-1,10,11,63
47,r_118_87_69,r_23_75_124,seq112,r_118_87_69,1.0,0,69,69,63
24,r_141_143_182,seq24,seq10,r_141_143_182,0.26,1,183,182,63
25,r_139_69_135,seq43,seq8,r_139_69_135,0.76,1,136,135,63
33,r_5_29_129,seq70,seq80,r_5_29_129,0.86,0,129,129,63
64,seq27,r_37_35_122,r_12_105_70,r_12_105_70,0.99,50,120,70,63
88,seq99,r_18_119_141,r_58_40_11,r_18_119_141,0.52,-68,73,141,63
70,seq53,r_124_147_185,r_6_108_156,r_124_147_185,0.64,2,187,185,63
32,r_21_97_127,r_7_32_181,r_98_15_15,r_21_97_127,0.91,1,128,127,63
34,r_25_83_99,seq86,seq112,r_25_83_99,1.0,0,99,99,63
55,seq137,r_141_143_182,r_139_69_135,r_139_69_135,0.92,-1,134,135,63
4,r_138_133_18,r_124_147_185,r_94_45_56,r_138_133_18,0.98,3,21,18,63
21,r_51_34_35,seq128,seq148,r_51_34_35,0.99,0,35,35,63
17,r_135_55_16,seq90,seq86,r_135_55_16,1.0,0,16,16,63
0,r_114_111_30,r_46_117_142,r_103_62_25,r_114_111_30,0.95,1,31,30,63
28,r_82_26_183,seq84,r_131_33_9,r_131_33_9,0.77,174,183,9,63
91,seq107,r_0_17_157,seq28,r_0_17_157,0.9,2,159,157,63
49,r_36_106_158,r_13_76_138,r_25_83_99,r_36_106_158,0.89,-35,123,158,63
56,seq10,seq8,r_141_143_182,r_141_143_182,0.43,-105,77,182,63
23,r_103_62_25,seq116,r_114_111_30,r_114_111_30,0.88,30,60,30,63
26,r_40_114_26,r_28_143_91,seq123,r_40_114_26,1.0,0,26,26,64
40,r_52_0_160,r_70_23_5,r_113_125_45,r_52_0_160,1.0,0,160,160,64
30,r_37_101_181,seq36,r_95_110_135,r_95_110_135,0.72,48,183,135,64
17,r_113_125_45,r_106_126_121,seq104,r_113_125_45,1.0,0,45,45,64
36,r_6_86_179,seq44,r_121_80_28,r_121_80_28,0.74,151,179,28,64
14,r_4_109_157,r_122_133_59,r_106_126_121,r_4_109_157,0.86,0,157,157,64
8,r_97_73_112,seq136,r_102_132_77,r_97_73_112,1.0,0,112,112,64
54,seq136,r_97_73_112,r_61_39_14,r_97_73_112,1.0,0,112,112,64
83,seq78,r_22_148_113,r_31_98_90,r_31_98_90,1.0,19,109,90,64
48,r_92_62_11,r_121_80_28,seq3,r_92_62_11,0.55,0,11,11,64
16,r_147_12_119,r_95_110_135,r_97_73_112,r_97_73_112,1.0,9,121,112,64
21,r_54_49_130,seq65,seq129,r_54_49_130,0.99,1,131,130,64
39,r_31_98_90,r_52_0_160,r_21_34_170,r_31_98_90,1.0,0,90,90,64
1,r_18_58_146,seq16,r_94_15_110,r_18_58_146,0.69,0,146,146,64
46,r_105_96_60,seq72,seq107,r_105_96_60,1.0,1,61,60,64
42,r_57_5_70,r_69_134_164,r_81_124_44,r_81_124_44,0.99,120,164,44,64
80,seq72,r_105_96_60,seq64,r_105_96_60,0.92,1,61,60,64
11,r_121_80_28,seq20,r_6_86_179,r_6_86_179,0.62,1,180,179,64
92,seq104,seq43,r_113_125_45,r_113_125_45,1.0,2,47,45,64
24,r_66_50_37,r_21_34_170,seq11,r_66_50_37,0.4,78,115,37,64
23,r_81_124_44,r_6_86_179,r_57_5_70,r_81_124_44,1.0,0,44,44,64
19,r_22_148_113,seq78,seq85,r_22_148_113,0.7,3,116,113,64
77,seq60,seq149,r_119_26_137,r_119_26_137,0.4,-26,111,137,64
11,r_121_80_28,r_92_62_11,seq20,r_121_80_28,0.48,89,117,28,64
66,seq30,r_57_5_70,r_42_67_47,r_42_67_47,1.0,25,72,47,64
31,r_106_126_121,r_6_86_179,seq20,r_106_126_121,0.73,0,121,121,64
41,r_28_143_91,seq14,seq149,r_28_143_91,1.0,0,91,91,64
3,r_56_84_85,seq36,seq59,r_56_84_85,0.55,1,86,85,64
10,r_71_17_61,seq3,seq88,r_71_17_61,1.0,1,62,61,64
43,r_7_142_24,r_18_58_146,r_122_133_59,r_7_142_24,1.0,0,24,24,64
38,r_61_39_14,r_19_89_34,seq136,r_19_89_34,0.66,-20,14,34,64
4,r_139_115_154,r_108_128_182,r_54_49_130,r_139_115_154,0.65,0,154,154,64
0,r_10_63_129,seq47,seq11,r_10_63_129,1.0,0,129,129,64
63,seq149,seq47,r_28_143_91,r_28_143_91,1.0,10,101,91,64
47,r_91_120_54,r_18_58_146,seq44,r_91_120_54,1.0,0,54,54,64
15,r_137_51_93,seq111,seq64,r_137_51_93,1.0,1,94,93,64
99,seq127,r_119_26_137,r_69_134_164,r_69_134_164,0.99,0,164,164,64
27,r_42_67_47,seq20,seq30,r_42_67_47,1.0,0,47,47,64
24,r_66_50_37,seq60,r_21_34_170,r_66_50_37,0.99,1,38,37,64
2,r_95_110_135,seq45,r_97_73_112,r_95_110_135,0.96,0,135,135,64
40,r_52_0_160,r_31_98_90,r_70_23_5,r_31_98_90,1.0,0,90,90,64
25,r_79_27_92,seq24,seq129,r_79_27_92,0.97,0,92,92,64
33,r_69_134_164,r_57_5_70,seq127,r_69_134_164,0.8,0,164,164,64
64,seq24,r_79_27_92,r_68_117_187,r_79_27_92,0.98,0,92,92,64
77,seq60,r_66_50_37,seq149,r_66_50_37,0.98,0,37,37,64
68,seq36,r_37_101_181,seq78,r_37_101_181,0.6,2,183,181,64
11,r_121_80_28,r_113_125_45,r_92_62_11,r_113_125_45,0.97,-17,28,45,64
32,r_94_15_110,r_69_134_164,seq14,r_69_134_164,0.89,-39,125,164,64
52,seq3,r_71_17_61,r_145_48_21,r_71_17_61,1.0,1,62,61,64
60,seq16,r_18_58_146,r_29_99_132,r_18_58_146,0.48,18,164,146,64
94,seq111,r_137_51_93,r_61_39_14,r_137_51_93,1.0,1,94,93,64
9,r_102_132_77,seq123,r_91_120_54,r_102_132_77,1.0,0,77,77,64
49,r_41_38_100,r_83_130_118,r_8_146_73,r_8_146_73,1.0,27,100,73,64
7,r_8_146_73,seq2,seq103,r_8_146_73,1.0,0,73,73,64
44,r_83_130_118,seq1,seq103,r_83_130_118,1.0,0,118,118,64
12,r_32_141_148,seq45,seq11,r_32_141_148,0.89,0,148,148,64
8,r_128_6_115,r_14_63_39,seq127,r_14_63_39,0.97,0,39,39,65
30,r_149_71_89,seq20,seq5,r_149_71_89,1.0,0,89,89,65
14,r_81_122_125,seq2,seq120,r_81_122_125,0.94,2,127,125,65
81,seq83,r_8_17_106,seq143,r_8_17_106,0.89,4,110,106,65
37,r_113_32_96,seq75,seq143,r_113_32_96,0.81,3,99,96,65
59,seq142,r_0_13_62,r_69_132_143,r_0_13_62,1.0,0,62,62,65
71,seq41,seq111,r_121_66_164,r_121_66_164,0.91,0,164,164,65
1,r_39_131_131,seq126,seq135,r_39_131_131,0.57,1,132,131,65
46,r_94_59_166,seq23,r_119_62_54,r_119_62_54,1.0,16,70,54,65
42,r_72_100_147,seq34,seq142,r_72_100_147,0.7,0,147,147,65
24,r_64_10_27,r_33_87_70,seq126,r_64_10_27,0.96,0,27,27,65
69,seq37,r_98_78_137,seq148,r_98_78_137,1.0,0,137,137,65
70,seq40,seq134,r_14_63_39,r_14_63_39,1.0,4,43,39,65
31,r_88_29_18,r_18_137_158,seq103,r_18_137_158,0.91,1,159,158,65
41,r_116_47_99,r_15_12_188,seq2,r_116_47_99,0.99,0,99,99,65
3,r_18_137_158,r_88_29_18,r_98_78_137,r_88_29_18,0.76,141,159,18,65
10,r_0_13_62,seq142,seq34,r_0_13_62,1.0,0,62,62,65
8,r_128_6_115,seq127,r_119_62_54,r_128_6_115,0.85,0,115,115,65
7,r_49_3_55,seq140,seq108,r_49_3_55,1.0,2,57,55,65
4,r_61_56_122,seq55,r_31_44_40,r_31_44_40,1.0,97,137,40,65
63,seq20,r_33_87_70,r_61_56_122,r_33_87_70,0.9,0,70,70,65
73,seq135,seq127,r_39_131_131,r_39_131_131,0.8,20,151,131,65
11,r_33_87_70,seq20,seq2,r_33_87_70,1.0,0,70,70,65
13,r_80_130_142,seq108,seq20,r_80_130_142,0.93,0,142,142,65
90,seq110,seq57,r_24_11_52,r_24_11_52,1.0,4,56,52,65
98,seq126,r_39_131_131,r_48_70_61,r_48_70_61,0.81,39,100,61,65
46,r_94_59_166,r_119_62_54,r_49_3_55,r_119_62_54,0.62,113,167,54,65
15,r_136_65_186,r_102_73_187,r_89_92_29,r_102_73_187,0.19,-1,186,187,65
48,r_54_105_86,r_113_32_96,r_28_26_5,r_28_26_5,0.59,82,87,5,65
5,r_16_117_36,r_102_73_187,r_128_6_115,r_128_6_115,1.0,73,188,115,65
27,r_69_132_143,seq142,r_45_22_17,r_69_132_143,0.71,0,143,143,65
38,r_45_22_17,r_8_17_106,r_68_53_33,r_45_22_17,0.83,2,19,17,65
49,r_14_63_39,r_128_6_115,seq40,r_14_63_39,1.0,0,39,39,65
35,r_125_147_48,seq86,seq134,r_125_147_48,1.0,0,48,48,65
12,r_31_44_40,r_49_3_55,r_61_56_122,r_31_44_40,1.0,1,41,40,65
2,r_121_66_164,r_102_73_187,seq41,r_102_73_187,0.77,-19,168,187,65
5,r_16_117_36,seq134,r_102_73_187,r_16_117_36,1.0,0,36,36,65
18,r_146_144_77,r_102_73_187,seq143,r_146_144_77,0.99,0,77,77,65
29,r_38_123_136,seq4,seq139,r_38_123_136,0.39,11,147,136,65
20,r_119_62_54,r_39_131_131,r_84_50_44,r_39_131_131,1.0,-76,55,131,65
36,r_107_9_57,r_80_130_142,seq60,r_107_9_57,1.0,0,57,57,65
35,r_125_147_48,seq134,r_48_70_61,r_125_147_48,0.49,100,148,48,65
25,r_104_58_75,r_39_131_131,r_14_63_39,r_104_58_75,0.89,4,79,75,65
33,r_90_35_140,seq37,seq7,r_90_35_140,0.48,0,140,140,65
38,r_45_22_17,r_1_36_189,r_69_132_143,r_45_22_17,0.58,128,145,17,65
68,seq34,seq106,r_0_13_62,r_0_13_62,1.0,29,91,62,65
32,r_76_82_90,seq111,seq118,r_76_82_90,1.0,0,90,90,65
34,r_1_36_189,seq139,r_39_131_131,r_1_36_189,0.33,0,189,189,65
16,r_8_17_106,r_24_11_52,seq83,r_24_11_52,0.89,7,59,52,65
45,r_24_11_52,r_8_17_106,seq110,r_24_11_52,1.0,0,52,52,65
17,r_98_78_137,seq37,seq106,r_98_78_137,0.94,0,137,137,65
81,seq83,r_49_3_55,r_8_17_106,r_49_3_55,0.61,-10,45,55,65
94,seq118,r_94_59_166,r_76_82_90,r_76_82_90,0.98,54,144,90,65
63,seq20,r_61_56_122,r_80_130_142,r_80_130_142,1.0,9,151,142,65
38,r_45_22_17,r_68_53_33,r_1_36_189,r_68_53_33,0.72,28,61,33,65
22,r_79_138_173,seq140,r_49_3_55,r_49_3_55,1.0,118,173,55,65
28,r_43_21_156,seq126,seq141,r_43_21_156,0.6,0,156,156,65
91,seq111,r_76_82_90,seq141,r_76_82_90,1.0,0,90,90,65
23,r_48_70_61,r_121_66_164,seq126,r_48_70_61,1.0,1,62,61,65
16,r_8_17_106,seq83,r_31_44_40,r_8_17_106,0.94,-1,105,106,65
0,r_68_53_33,r_45_22_17,seq75,r_68_53_33,0.98,0,33,33,65
30,r_86_4_101,r_81_37_104,seq5,r_86_4_101,0.94,0,101,101,66
33,r_12_67_189,r_47_124_134,r_96_17_52,r_12_67_189,0.99,0,189,189,66
20,r_47_124_134,r_12_67_189,r_9_34_75,r_12_67_189,1.0,0,189,189,66
43,r_144_110_143,seq133,r_74_107_1,r_144_110_143,0.58,0,143,143,66
5,r_95_106_12,r_14_6_67,seq115,r_95_106_12,1.0,0,12,12,66
14,r_130_70_128,r_21_32_80,r_143_116_9,r_21_32_80,1.0,-21,59,80,66
2,r_44_85_32,seq108,seq52,r_44_85_32,1.0,1,33,32,66
19,r_23_117_8,r_128_139_179,r_130_70_128,r_130_70_128,0.93,52,180,128,66
86,seq78,seq29,r_21_32_80,r_21_32_80,1.0,10,90,80,66
16,r_16_60_100,r_13_68_109,seq30,r_13_68_109,0.65,-14,95,109,66
42,r_138_20_125,r_7_55_193,r_43_114_119,r_138_20_125,0.99,0,125,125,66
80,seq65,seq136,r_31_1_49,r_31_1_49,1.0,135,184,49,66
25,r_84_48_46,r_9_34_75,r_12_67_189,r_12_67_189,0.96,-142,47,189,66
39,r_128_139_179,r_23_117_8,seq0,r_128_139_179,0.48,1,180,179,66
41,r_129_38_136,seq62,r_130_70_128,r_129_38_136,0.79,1,137,136,66
89,seq89,r_47_124_134,seq92,r_47_124_134,0.92,0,134,134,66
37,r_131_35_15,r_130_70_128,seq127,r_131_35_15,1.0,0,15,15,66
10,r_125_137_190,r_129_38_136,r_99_146_153,r_129_38_136,0.93,-19,117,136,66
90,seq90,seq25,r_96_17_52,r_96_17_52,1.0,41,93,52,66
9,r_99_146_153,r_125_137_190,r_43_114_119,r_125_137_190,0.89,0,190,190,66
14,r_130_70_128,r_143_116_9,seq134,r_130_70_128,1.0,0,128,128,66
4,r_120_104_59,seq140,seq66,r_120_104_59,0.93,1,60,59,66
0,r_75_3_170,r_99_146_153,r_102_93_31,r_102_93_31,0.19,139,170,31,66
11,r_101_22_162,seq133,r_74_107_1,r_74_107_1,0.62,162,163,1,66
20,r_47_124_134,seq89,r_12_67_189,r_47_124_134,0.92,0,134,134,66
13,r_43_114_119,seq45,r_14_6_67,r_43_114_119,0.96,0,119,119,66
15,r_14_6_67,r_57_26_68,r_121_118_51,r_121_118_51,0.73,14,65,51,66
66,seq29,r_16_60_100,r_42_71_21,r_42_71_21,0.98,2,23,21,66
48,r_80_59_38,r_43_114_119,seq134,r_80_59_38,0.7,-1,37,38,66
29,r_39_76_50,r_81_37_104,r_42_71_21,r_39_76_50,1.0,0,50,50,66
10,r_125_137_190,r_99_146_153,r_96_17_52,r_125_137_190,0.44,0,190,190,66
1,r_96_17_52,r_64_94_157,seq90,r_96_17_52,1.0,1,53,52,66
32,r_42_71_21,r_43_114_119,seq29,r_42_71_21,1.0,1,22,21,66
47,r_21_32_80,r_130_70_128,r_44_85_32,r_21_32_80,0.99,0,80,80,66
40,r_28_113_176,seq45,r_75_3_170,r_28_113_176,0.42,0,176,176,66
24,r_57_26_68,r_14_6_67,r_74_107_1,r_74_107_1,0.95,66,67,1,66
33,r_12_67_189,seq45,r_47_124_134,r_47_124_134,0.97,11,145,134,66
68,seq133,r_99_146_153,r_43_114_119,r_43_114_119,1.0,18,137,119,66
21,r_121_118_51,r_130_70_128,seq133,r_121_118_51,0.99,0,51,51,66
45,r_100_91_30,r_46_24_112,seq27,r_100_91_30,1.0,0,30,30,66
44,r_31_1_49,seq141,seq65,r_31_1_49,1.0,0,49,49,66
17,r_46_24_112,seq5,r_42_71_21,r_42_71_21,0.86,91,112,21,66
34,r_102_93_31,seq141,r_100_91_30,r_102_93_31,1.0,0,31,31,66
25,r_84_48_46,r_12_67_189,r_9_34_75,r_84_48_46,0.79,99,145,46,66
94,seq108,r_63_82_83,r_23_117_8,r_63_82_83,0.73,-9,74,83,66
22,r_13_68_109,seq29,r_74_107_1,r_13_68_109,1.0,0,109,109,66
28,r_148_51_172,seq142,r_9_34_75,r_148_51_172,0.54,0,172,172,66
49,r_81_37_104,seq11,r_23_117_8,r_81_37_104,1.0,0,104,104,66
7,r_64_94_157,seq134,r_21_32_80,r_64_94_157,0.8,0,157,157,66
23,r_88_112_61,r_50_2_77,seq62,r_88_112_61,0.98,0,61,61,66
3,r_103_122_37,seq140,seq66,r_103_122_37,1.0,0,37,37,66
57,seq140,r_103_122_37,seq89,r_103_122_37,0.88,0,37,37,66
93,seq117,r_91_25_167,r_40_61_5,r_91_25_167,0.81,-102,65,167,67
33,r_131_41_44,r_114_110_176,seq128,r_131_41_44,1.0,1,45,44,67
17,r_114_110_176,r_131_41_44,r_1_45_50,r_131_41_44,0.99,1,45,44,67
14,r_20_11_88,r_134_118_157,seq122,r_20_11_88,0.8,24,112,88,67
8,r_54_6_192,r_119_71_94,r_18_136_87,r_54_6_192,0.68,-98,94,192,67
53,seq133,r_18_136_87,r_99_16_11,r_18_136_87,0.99,0,87,87,67
43,r_55_3_159,seq113,seq36,r_55_3_159,0.86,0,159,159,67
83,seq82,r_17_94_189,r_52_57_53,r_52_57_53,0.92,25,78,53,67
55,seq12,r_109_100_174,r_2_65_122,r_2_65_122,0.95,52,174,122,67
71,seq56,r_103_105_101,r_95_83_83,r_103_105_101,0.47,1,102,101,67
39,r_119_71_94,r_54_6_192,seq130,r_119_71_94,0.57,0,94,94,67
42,r_103_105_101,seq56,seq148,r_103_105_101,0.96,1,102,101,67
45,r_4_72_91,r_91_25_167,seq115,r_4_72_91,1.0,0,91,91,67
15,r_53_68_58,seq130,seq84,r_53_68_58,0.99,0,58,58,67
27,r_18_136_87,r_91_25_167,r_107_87_147,r_18_136_87,0.64,66,153,87,67
31,r_30_112_137,r_47_86_153,r_19_49_54,r_30_112_137,0.98,0,137,137,67
3,r_107_87_147,seq128,r_95_83_83,r_95_83_83,0.73,61,144,83,67
26,r_40_61_5,r_27_145_42,seq117,r_27_145_42,0.92,0,42,42,67
4,r_140_24_2,r_101_143_182,r_60_77_70,r_60_77_70,0.71,112,182,70,67
78,seq70,r_114_110_176,seq38,r_114_110_176,0.47,-97,79,176,67
0,r_17_94_189,r_14_51_90,r_52_57_53,r_52_57_53,0.61,38,91,53,67
63,seq33,seq128,r_62_34_96,r_62_34_96,1.0,6,102,96,67
11,r_109_100_174,seq12,r_27_145_42,r_109_100_174,0.71,0,174,174,67
0,r_17_94_189,r_52_57_53,r_63_9_114,r_63_9_114,0.58,-5,109,114,67
13,r_101_143_182,r_140_24_2,r_108_88_64,r_108_88_64,0.94,118,182,64,67
5,r_108_88_64,seq59,seq64,r_108_88_64,1.0,0,64,64,67
48,r_75_13_177,r_111_7_1,r_107_87_147,r_75_13_177,0.41,2,179,177,67
16,r_23_132_47,r_30_112_137,r_98_29_32,r_23_132_47,0.98,0,47,47,67
36,r_1_45_50,r_62_34_96,r_114_110_176,r_62_34_96,0.8,-42,54,96,67
6,r_134_118_157,seq113,seq28,r_134_118_157,0.81,0,157,157,67
2,r_91_25_167,r_18_136_87,seq31,r_91_25_167,0.93,1,168,167,67
19,r_27_145_42,r_53_68_58,r_47_86_153,r_53_68_58,0.72,0,58,58,67
36,r_1_45_50,r_114_110_176,r_121_8_158,r_1_45_50,0.72,126,176,50,67
30,r_135_39_29,r_108_88_64,seq21,r_135_39_29,0.93,0,29,29,67
27,r_18_136_87,seq133,r_91_25_167,r_18_136_87,0.95,0,87,87,67
19,r_27_145_42,r_40_61_5,r_53_68_58,r_40_61_5,0.77,37,42,5,67
21,r_93_138_40,seq21,seq92,r_93_138_40,1.0,0,40,40,67
2,r_91_25_167,r_4_72_91,r_18_136_87,r_91_25_167,0.98,-76,91,167,67
0,r_17_94_189,r_63_9_114,r_107_87_147,r_63_9_114,0.35,75,189,114,67
40,r_14_51_90,r_17_94_189,seq76,r_14_51_90,1.0,1,91,90,67
74,seq64,r_95_83_83,r_108_88_64,r_108_88_64,0.86,23,87,64,67
18,r_2_65_122,r_101_143_182,seq12,r_2_65_122,0.99,2,124,122,67
25,r_52_57_53,r_27_145_42,seq142,r_52_57_53,0.72,-9,44,53,67
20,r_104_141_37,seq117,seq67,r_104_141_37,0.84,1,38,37,67
29,r_149_10_52,r_134_118_157,seq58,r_149_10_52,0.77,4,56,52,67
32,r_47_86_153,r_30_112_137,r_119_71_94,r_47_86_153,0.62,-26,127,153,67
38,r_0_26_154,seq42,r_107_87_147,r_0_26_154,0.49,1,155,154,67
86,seq90,r_50_97_142,r_19_49_54,r_19_49_54,0.81,2,56,54,67
47,r_98_29_32,seq69,seq78,r_98_29_32,1.0,1,33,32,67
32,r_47_86_153,r_119_71_94,r_48_81_143,r_48_81_143,0.9,14,157,143,67
34,r_62_34_96,seq89,seq33,r_62_34_96,0.99,0,96,96,67
46,r_124_85_38,r_63_9_114,r_135_39_29,r_124_85_38,1.0,0,38,38,67
25,r_52_57_53,seq142,r_47_86_153,r_52_57_53,0.25,113,166,53,67
9,r_63_9_114,seq130,r_17_94_189,r_63_9_114,0.51,-4,110,114,67
22,r_121_8_158,r_20_11_88,seq36,r_121_8_158,0.46,0,158,158,67
49,r_50_97_142,seq22,r_14_51_90,r_50_97_142,0.94,0,142,142,67
44,r_32_144_148,seq76,r_63_9_114,r_32_144_148,0.9,0,148,148,67
19,r_27_145_42,r_47_86_153,r_119_71_94,r_27_145_42,0.47,72,114,42,67
17,r_114_110_176,r_1_45_50,r_52_57_53,r_114_110_176,0.34,0,176,176,67
41,r_19_49_54,r_102_146_166,seq90,r_19_49_54,1.0,1,55,54,67
10,r_99_16_11,r_63_9_114,seq133,r_99_16_11,0.77,0,11,11,67
35,r_43_137_129,r_54_6_192,r_108_88_64,r_108_88_64,0.8,66,130,64,67
12,r_95_83_83,seq64,seq56,r_95_83_83,0.96,4,87,83,67
5,r_108_88_64,r_135_39_29,seq59,r_135_39_29,0.63,-14,15,29,67
42,r_12_138_31,r_10_32_107,seq25,r_12_138_31,1.0,0,31,31,68
14,r_133_2_179,seq34,r_78_45_75,r_78_45_75,0.6,102,177,75,68
54,seq137,r_75_92_173,r_49_7_43,r_49_7_43,0.97,94,137,43,68
37,r_116_111_103,r_88_60_199,seq149,r_88_60_199,0.69,-83,116,199,68
12,r_49_7_43,r_120_135_141,r_128_108_143,r_49_7_43,1.0,-1,42,43,68
45,r_17_86_118,seq11,seq149,r_17_86_118,0.61,4,122,118,68
19,r_35_113_10,seq62,r_31_94_186,r_31_94_186,0.5,-13,173,186,68
41,r_102_115_34,r_139_99_196,seq105,r_102_115_34,1.0,0,34,34,68
31,r_15_134_124,r_131_85_128,r_116_111_103,r_131_85_128,0.82,-5,123,128,68
44,r_123_127_60,seq121,seq5,r_123_127_60,1.0,-3,57,60,68
15,r_79_14_51,r_131_85_128,seq23,r_79_14_51,0.99,0,51,51,68
25,r_90_73_29,r_21_4_104,seq37,r_21_4_104,0.92,-59,45,104,68
26,r_31_94_186,seq76,r_96_51_54,r_96_51_54,0.95,136,190,54,68
16,r_120_135_141,seq25,seq81,r_120_135_141,1.0,0,141,141,68
4,r_98_72_155,seq5,r_90_73_29,r_98_72_155,0.78,1,156,155,68
0,r_24_28_95,r_80_9_111,r_71_52_84,r_24_28_95,0.99,-1,94,95,68
29,r_47_64_148,r_78_45_75,r_12_138_31,r_47_64_148,1.0,1,149,148,68
11,r_69_30_112,seq23,seq147,r_69_30_112,1.0,0,112,112,68
63,seq25,r_120_135_141,r_12_138_31,r_12_138_31,0.74,1,32,31,68
20,r_55_87_177,r_39_84_181,seq40,r_39_84_181,0.46,-90,91,181,68
98,seq119,r_104_16_168,seq76,r_104_16_168,0.99,0,168,168,68
48,r_71_52_84,seq121,seq8,r_71_52_84,1.0,0,84,84,68
10,r_117_129_40,seq40,r_142_126_69,r_117_129_40,0.82,28,68,40,68
62,seq23,r_69_30_112,seq19,r_69_30_112,0.96,0,112,112,68
32,r_0_146_52,r_15_134_124,seq41,r_0_146_52,0.86,-1,51,52,68
27,r_10_32_107,r_50_20_1,seq41,r_50_20_1,0.67,122,123,1,68
16,r_120_135_141,r_82_13_49,seq25,r_82_13_49,0.96,1,50,49,68
36,r_82_13_49,r_120_135_141,r_98_72_155,r_82_13_49,0.91,-4,45,49,68
2,r_22_26_93,r_39_84_181,seq77,r_22_26_93,0.96,0,93,93,68
47,r_39_84_181,r_22_26_93,r_55_87_177,r_22_26_93,1.0,1,94,93,68
40,r_83_61_157,seq140,seq29,r_83_61_157,0.86,0,157,157,68
10,r_117_129_40,r_142_126_69,r_21_4_104,r_21_4_104,0.99,3,107,104,68
18,r_104_16_168,seq119,seq147,r_104_16_168,0.8,0,168,168,68
29,r_47_64_148,r_10_32_107,r_78_45_75,r_47_64_148,0.48,-54,94,148,68
34,r_78_45_75,r_47_64_148,r_50_20_1,r_47_64_148,1.0,0,148,148,68
47,r_39_84_181,r_55_87_177,r_125_68_102,r_39_84_181,0.56,1,182,181,68
20,r_55_87_177,seq40,r_96_51_54,r_55_87_177,0.54,1,178,177,68
68,seq37,r_131_85_128,r_10_32_107,r_131_85_128,0.9,-5,123,128,68
38,r_97_42_77,seq147,r_124_143_11,r_97_42_77,1.0,0,77,77,68
21,r_80_9_111,r_24_28_95,seq25,r_80_9_111,0.75,-54,57,111,68
10,r_117_129_40,r_123_127_60,seq40,r_123_127_60,0.69,-18,42,60,68
34,r_78_45_75,r_75_92_173,r_47_64_148,r_78_45_75,0.68,-1,74,75,68
21,r_80_9_111,seq25,r_88_60_199,r_80_9_111,1.0,0,111,111,68
17,r_50_20_1,r_10_32_107,r_78_45_75,r_50_20_1,0.64,122,123,1,68
25,r_90_73_29,seq37,r_98_72_155,r_98_72_155,0.97,1,156,155,68
22,r_125_68_102,seq63,seq56,r_125_68_102,0.94,14,116,102,68
28,r_88_60_199,r_116_111_103,r_80_9_111,r_80_9_111,0.74,5,116,111,68
7,r_65_136_182,seq1,r_123_127_60,r_123_127_60,0.76,124,184,60,68
36,r_82_13_49,r_98_72_155,seq59,r_82_13_49,0.55,47,96,49,68
36,r_82_13_49,seq59,seq40,r_82_13_49,0.48,131,180,49,68
40,r_26_98_35,r_139_15_112,seq92,r_139_15_112,1.0,0,112,112,69
30,r_82_34_98,seq67,r_66_45_54,r_66_45_54,1.0,13,67,54,69
14,r_33_56_87,r_7_105_174,seq41,r_33_56_87,1.0,0,87,87,69
8,r_38_126_84,seq20,r_142_123_38,r_38_126_84,1.0,0,84,84,69
54,seq10,seq40,r_142_123_38,r_142_123_38,1.0,41,79,38,69
37,r_62_71_116,r_102_132_193,seq92,r_62_71_116,1.0,0,116,116,69
71,seq48,r_87_49_61,seq22,r_87_49_61,1.0,7,68,61,69
16,r_14_46_85,r_72_97_187,seq52,r_14_46_85,0.97,1,86,85,69
21,r_145_141_136,r_85_144_198,r_38_126_84,r_38_126_84,1.0,58,142,84,69
39,r_128_12_72,seq63,seq39,r_128_12_72,1.0,0,72,72,69
1,r_65_51_91,seq24,r_138_130_32,r_65_51_91,1.0,0,91,91,69
5,r_72_97_187,seq53,seq52,r_72_97_187,0.28,0,187,187,69
12,r_89_117_26,seq22,seq53,r_89_117_26,0.77,4,30,26,69
69,seq41,r_113_137_156,r_33_56_87,r_33_56_87,0.99,32,119,87,69
45,r_109_36_184,r_85_144_198,r_3_88_4,r_3_88_4,0.72,182,186,4,69
16,r_14_46_85,seq52,r_116_101_129,r_116_101_129,1.0,4,133,129,69
19,r_91_140_141,r_76_58_82,seq23,r_91_140_141,0.85,1,142,141,69
76,seq60,r_110_69_127,r_42_11_5,r_110_69_127,0.99,2,129,127,69
24,r_6_133_41,r_122_118_179,seq9,r_6_133_41,1.0,1,42,41,69
38,r_143_27_14,r_4_21_175,r_82_34_98,r_4_21_175,0.81,3,178,175,69
46,r_2_43_19,r_4_21_175,seq25,r_2_43_19,0.53,1,20,19,69
41,r_96_100_155,seq90,seq9,r_96_100_155,0.82,0,155,155,69
3,r_78_37_114,seq124,seq13,r_78_37_114,1.0,0,114,114,69
26,r_54_8_159,seq20,seq53,r_54_8_159,0.62,0,159,159,69
23,r_120_99_42,r_31_5_144,seq20,r_120_99_42,1.0,0,42,42,69
4,r_44_107_100,r_76_58_82,r_65_51_91,r_44_107_100,0.96,1,101,100,69
11,r_83_64_118,r_145_141_136,r_76_58_82,r_76_58_82,0.48,36,118,82,69
78,seq67,r_61_108_93,r_82_34_98,r_61_108_93,1.0,1,94,93,69
0,r_61_108_93,seq67,r_75_125_189,r_61_108_93,1.0,1,94,93,69
73,seq53,r_72_97_187,r_38_126_84,r_38_126_84,0.97,103,187,84,69
11,r_83_64_118,seq22,r_145_141_136,r_83_64_118,0.33,-16,102,118,69
13,r_102_132_193,r_62_71_116,seq127,r_62_71_116,0.99,-21,95,116,69
40,r_26_98_35,r_72_97_187,r_139_15_112,r_26_98_35,0.98,1,36,35,69
18,r_139_15_112,r_96_100_155,r_122_118_179,r_96_100_155,0.99,2,157,155,69
6,r_31_5_144,seq112,seq9,r_31_5_144,0.9,0,144,144,69
33,r_66_45_54,r_122_118_179,r_82_34_98,r_66_45_54,1.0,0,54,54,69
48,r_138_130_32,seq32,seq20,r_138_130_32,1.0,5,37,32,69
27,r_59_68_120,r_135_79_199,r_120_99_42,r_59_68_120,1.0,2,122,120,69
87,seq95,r_74_131_181,r_83_64_118,r_83_64_118,0.79,63,181,118,69
2,r_113_137_156,seq41,seq13,r_113_137_156,0.91,0,156,156,69
47,r_93_17_56,seq134,seq0,r_93_17_56,0.96,6,62,56,69
29,r_7_105_174,seq9,r_2_43_19,r_2_43_19,0.52,155,174,19,69
17,r_4_21_175,r_80_28_16,r_143_27_14,r_4_21_175,0.8,-158,17,175,69
34,r_75_125_189,r_61_108_93,r_74_131_181,r_75_125_189,0.51,0,189,189,69
36,r_129_50_57,seq41,seq148,r_129_50_57,1.0,0,57,57,69
25,r_87_49_61,seq48,r_120_99_42,r_87_49_61,1.0,0,61,61,69
48,r_138_130_32,seq20,r_65_51_91,r_65_51_91,1.0,13,104,91,69
77,seq63,seq52,r_116_101_129,r_116_101_129,1.0,4,133,129,69
71,seq48,seq22,r_74_131_181,r_74_131_181,0.75,2,183,181,69
18,r_139_15_112,r_59_68_120,r_26_98_35,r_26_98_35,0.99,11,46,35,69
34,r_75_125_189,seq146,r_61_108_93,r_61_108_93,0.96,4,97,93,69
43,r_114_115_21,seq25,seq127,r_114_115_21,0.68,2,23,21,69
38,r_143_27_14,r_113_137_156,r_4_21_175,r_143_27_14,0.9,1,15,14,69
22,r_110_69_127,seq60,seq23,r_110_69_127,0.97,0,127,127,69
49,r_135_79_199,r_59_68_120,r_62_71_116,r_135_79_199,0.97,-77,122,199,69
7,r_74_131_181,seq95,seq48,r_74_131_181,0.64,0,181,181,69
18,r_139_15_112,r_26_98_35,r_96_100_155,r_139_15_112,1.0,0,112,112,69
44,r_76_58_82,r_44_107_100,seq95,r_44_107_100,0.95,-18,82,100,69
17,r_4_21_175,r_143_27_14,r_85_144_198,r_4_21_175,0.82,3,178,175,69
32,r_80_28_16,r_4_21_175,seq92,r_80_28_16,0.99,1,17,16,69
35,r_81_1_149,seq19,r_62_71_116,r_81_1_149,0.89,0,149,149,69
30,r_42_45_186,r_39_103_151,r_100_60_31,r_100_60_31,1.0,125,156,31,70
51,seq1,seq84,r_72_62_51,r_72_62_51,0.78,21,72,51,70
36,r_3_24_70,seq5,seq66,r_3_24_70,0.8,0,70,70,70
92,seq147,r_127_94_128,r_52_119_115,r_52_119_115,0.52,13,128,115,70
14,r_79_101_74,r_20_33_97,seq125,r_79_101_74,0.98,1,75,74,70
43,r_15_35_103,seq82,seq125,r_15_35_103,0.98,0,103,103,70
54,seq5,r_3_24_70,seq120,r_3_24_70,0.99,0,70,70,70
10,r_100_60_31,r_127_94_128,seq143,r_100_60_31,1.0,0,31,31,70
71,seq49,r_76_14_187,r_43_28_183,r_76_14_187,0.31,2,189,187,70
16,r_121_106_184,r_127_94_128,r_107_75_60,r_121_106_184,0.42,-86,98,184,70
21,r_114_29_156,r_99_91_193,r_39_103_151,r_99_91_193,0.59,-37,156,193,70
1,r_96_40_62,r_126_149_117,seq124,r_96_40_62,1.0,0,62,62,70
5,r_136_63_2,seq38,r_16_53_100,r_16_53_100,0.42,59,159,100,70
46,r_127_94_128,seq147,seq81,r_127_94_128,0.78,0,128,128,70
42,r_148_50_141,seq125,r_17_140_47,r_148_50_141,0.94,0,141,141,70
45,r_83_22_23,r_127_94_128,seq87,r_83_22_23,0.99,-1,22,23,70
34,r_67_92_53,r_36_27_197,r_73_71_48,r_67_92_53,1.0,1,54,53,70
0,r_48_21_42,r_15_35_103,r_100_60_31,r_48_21_42,1.0,1,43,42,70
31,r_13_47_177,seq143,r_108_135_6,r_108_135_6,0.84,172,178,6,70
41,r_107_75_60,seq25,seq11,r_107_75_60,1.0,0,60,60,70
26,r_16_53_100,r_61_10_91,seq25,r_16_53_100,0.98,-4,96,100,70
16,r_121_106_184,r_107_75_60,seq102,r_121_106_184,0.58,0,184,184,70
4,r_139_88_133,r_115_68_122,r_138_104_114,r_139_88_133,0.66,0,133,133,70
37,r_144_112_34,seq130,seq6,r_144_112_34,1.0,0,34,34,70
20,r_37_111_161,seq102,r_20_33_97,r_20_33_97,0.94,65,162,97,70
98,seq124,seq141,r_96_40_62,r_96_40_62,1.0,0,62,62,70
57,seq9,r_89_129_153,seq32,r_89_129_153,0.89,0,153,153,70
27,r_138_104_114,seq125,r_97_59_106,r_138_104_114,1.0,0,114,114,70
35,r_126_149_117,r_96_40_62,r_73_71_48,r_96_40_62,1.0,-6,56,62,70
2,r_57_65_108,r_61_10_91,seq130,r_57_65_108,0.78,0,108,108,70
47,r_97_59_106,seq11,seq82,r_97_59_106,0.97,0,106,106,70
40,r_99_91_193,r_114_29_156,r_126_149_117,r_99_91_193,0.62,-38,155,193,70
29,r_89_129_153,seq9,r_139_88_133,r_89_129_153,0.72,0,153,153,70
24,r_73_71_48,r_13_47_177,r_67_92_53,r_67_92_53,1.0,7,60,53,70
35,r_126_149_117,r_73_71_48,r_43_28_183,r_126_149_117,1.0,0,117,117,70
25,r_39_103_151,r_42_45_186,r_114_29_156,r_42_45_186,0.43,-30,156,186,70
33,r_80_46_93,seq51,r_67_92_53,r_80_46_93,1.0,0,93,93,70
30,r_42_45_186,r_100_60_31,r_16_53_100,r_42_45_186,0.88,-1,185,186,70
32,r_131_54_199,r_31_77_189,r_48_21_42,r_131_54_199,0.64,-23,176,199,70
38,r_137_26_101,r_132_110_33,r_57_65_108,r_57_65_108,0.6,0,108,108,70
22,r_72_62_51,seq25,seq1,r_72_62_51,0.97,4,55,51,70
28,r_85_78_94,seq122,r_107_75_60,r_85_78_94,1.0,0,94,94,70
7,r_17_140_47,seq145,r_108_135_6,r_17_140_47,0.76,3,50,47,70
91,seq113,seq81,r_8_12_20,r_8_12_20,0.9,45,65,20,70
49,r_115_68_122,r_37_111_161,r_100_60_31,r_100_60_31,0.75,105,136,31,70
44,r_52_119_115,r_36_27_197,seq147,r_52_119_115,1.0,0,115,115,70
23,r_31_77_189,r_131_54_199,r_96_40_62,r_96_40_62,1.0,127,189,62,70
12,r_109_118_147,seq142,r_20_33_97,r_20_33_97,0.5,50,147,97,70
6,r_8_12_20,r_57_65_108,seq113,r_8_12_20,0.91,-1,19,20,70
19,r_86_23_21,r_85_78_94,seq130,r_86_23_21,0.87,0,21,21,70
51,seq129,r_134_7_74,r_113_116_52,r_113_116_52,0.98,21,73,52,71
36,r_54_136_93,seq109,seq83,r_54_136_93,0.89,0,93,93,71
72,seq146,r_113_116_52,seq53,r_113_116_52,1.0,0,52,52,71
8,r_43_69_71,seq108,r_88_14_30,r_43_69_71,1.0,0,71,71,71
43,r_77_61_68,seq75,seq58,r_77_61_68,1.0,1,69,68,71
20,r_92_95_26,r_54_136_93,seq108,r_92_95_26,1.0,0,26,26,71
16,r_137_5_19,r_57_42_42,r_11_76_4,r_137_5_19,1.0,0,19,19,71
21,r_9_72_92,r_114_4_63,seq128,r_114_4_63,1.0,5,68,63,71
46,r_99_30_165,seq132,seq26,r_99_30_165,0.55,1,166,165,71
42,r_39_70_148,seq18,seq6,r_39_70_148,0.84,0,148,148,71
27,r_88_14_30,r_121_22_5,r_43_69_71,r_43_69_71,1.0,65,136,71,71
76,seq48,seq146,r_44_73_137,r_44_73_137,1.0,4,141,137,71
7,r_45_71_60,r_0_41_98,r_8_142_41,r_45_71_60,1.0,-2,58,60,71
39,r_8_142_41,r_104_124_179,r_45_71_60,r_8_142_41,0.64,105,146,41,71
41,r_114_4_63,r_9_72_92,seq27,r_114_4_63,1.0,5,68,63,71
3,r_126_112_176,seq83,r_45_71_60,r_126_112_176,0.56,1,177,176,71
10,r_127_90_175,r_130_55_104,r_137_5_19,r_127_90_175,0.66,-71,104,175,71
26,r_12_96_132,seq149,seq20,r_12_96_132,0.99,0,132,132,71
32,r_103_102_23,seq26,seq78,r_103_102_23,1.0,1,24,23,71
4,r_51_118_159,seq19,seq10,r_51_118_159,0.51,2,161,159,71
0,r_35_111_134,r_104_124_179,r_9_72_92,r_35_111_134,0.76,0,134,134,71
29,r_91_62_58,r_37_110_182,r_8_142_41,r_91_62_58,1.0,1,59,58,71
73,seq40,r_33_34_185,r_66_144_78,r_66_144_78,1.0,27,105,78,71
11,r_0_41_98,r_31_64_184,seq145,r_0_41_98,0.99,1,99,98,71
13,r_82_17_95,seq49,r_123_29_16,r_82_17_95,0.99,3,98,95,71
15,r_15_106_89,r_85_2_94,seq146,r_15_106_89,0.62,0,89,89,71
48,r_134_7_74,seq129,r_137_5_19,r_134_7_74,0.57,-1,73,74,71
6,r_66_144_78,r_85_2_94,seq40,r_66_144_78,0.99,0,78,78,71
21,r_9_72_92,seq128,r_123_29_16,r_9_72_92,0.93,1,93,92,71
85,seq78,r_97_89_117,r_103_102_23,r_103_102_23,0.99,110,133,23,71
2,r_25_63_37,r_44_73_137,seq140,r_44_73_137,0.96,1,138,137,71
1,r_57_42_42,r_113_116_52,r_92_95_26,r_57_42_42,1.0,3,45,42,71
99,seq149,r_12_96_132,r_15_106_89,r_12_96_132,0.54,2,134,132,71
45,r_131_59_48,r_115_138_158,r_123_29_16,r_131_59_48,1.0,2,50,48,71
33,r_143_65_17,seq58,r_98_135_155,r_143_65_17,0.99,0,17,17,71
10,r_127_90_175,r_137_5_19,r_43_69_71,r_127_90_175,0.97,0,175,175,71
27,r_88_14_30,r_126_112_176,r_121_22_5,r_88_14_30,1.0,0,30,30,71
39,r_8_142_41,r_38_60_177,r_104_124_179,r_8_142_41,0.99,0,41,41,71
47,r_79_117_86,r_39_70_148,seq26,r_79_117_86,0.99,0,86,86,71
40,r_98_135_155,r_104_124_179,r_45_71_60,r_45_71_60,1.0,86,146,60,71
74,seq46,r_31_64_184,r_103_102_23,r_103_102_23,0.9,161,184,23,71
35,r_104_124_179,r_8_142_41,r_15_106_89,r_8_142_41,0.79,138,179,41,71
64,seq21,r_148_125_123,seq147,r_148_125_123,1.0,4,127,123,71
37,r_44_73_137,seq58,r_25_63_37,r_25_63_37,1.0,8,45,37,71
61,seq18,r_39_70_148,r_9_72_92,r_9_72_92,0.78,56,148,92,71
77,seq49,seq139,r_137_5_19,r_137_5_19,0.95,119,138,19,71
22,r_123_29_16,r_88_14_30,seq80,r_123_29_16,0.95,-2,14,16,71
34,r_130_55_104,r_127_90_175,seq146,r_130_55_104,0.98,0,104,104,71
60,seq145,seq24,r_0_41_98,r_0_41_98,1.0,-2,96,98,71
81,seq58,seq140,r_77_61_68,r_77_61_68,1.0,18,86,68,71
17,r_52_122_101,r_104_124_179,seq3,r_52_122_101,0.97,3,104,101,71
2,r_25_63_37,r_74_1_105,r_44_73_137,r_25_63_37,1.0,0,37,37,71
9,r_85_2_94,seq94,seq6,r_85_2_94,0.99,0,94,94,71
37,r_44_73_137,r_25_63_37,seq48,r_44_73_137,0.81,1,138,137,71
86,seq80,r_39_70_148,r_123_29_16,r_123_29_16,0.78,-2,14,16,71
25,r_113_116_52,seq146,seq129,r_113_116_52,1.0,0,52,52,71
44,r_74_1_105,r_126_112_176,r_8_142_41,r_74_1_105,0.98,0,105,105,71
84,seq75,r_77_61_68,r_121_22_5,r_77_61_68,1.0,-17,51,68,71
23,r_115_138_158,seq27,seq147,r_115_138_158,0.85,3,161,158,71
35,r_104_124_179,r_98_135_155,r_8_142_41,r_8_142_41,1.0,20,61,41,71
12,r_148_125_123,seq21,r_121_22_5,r_148_125_123,0.71,4,127,123,71
30,r_54_131_139,r_31_137_183,seq113,r_54_131_139,0.92,0,139,139,72
20,r_144_36_117,r_60_75_31,r_35_130_19,r_144_36_117,0.96,-82,35,117,72
36,r_10_56_148,r_7_139_171,r_149_67_35,r_10_56_148,0.54,0,148,148,72
8,r_29_147_109,r_61_133_102,r_89_30_133,r_61_133_102,0.57,-2,100,102,72
43,r_74_83_105,r_109_93_18,seq107,r_74_83_105,0.85,0,105,105,72
18,r_77_44_145,r_125_21_156,r_31_137_183,r_125_21_156,0.81,7,163,156,72
54,seq13,r_57_66_144,seq39,r_57_66_144,0.97,4,148,144,72
15,r_76_12_34,seq102,seq64,r_76_12_34,0.95,1,35,34,72
16,r_61_133_102,r_29_147_109,r_20_91_112,r_61_133_102,1.0,0,102,102,72
21,r_142_90_147,r_135_145_8,seq15,r_135_145_8,0.63,140,148,8,72
39,r_53_129_138,seq69,r_95_98_97,r_53_129_138,0.88,4,142,138,72
1,r_92_116_71,seq5,r_72_138_48,r_92_116_71,0.99,1,72,71,72
5,r_89_30_133,r_57_66_144,r_144_36_117,r_89_30_133,0.93,0,133,133,72
46,r_8_81_131,r_132_128_164,seq105,r_8_81_131,1.0,1,132,131,72
42,r_3_62_58,seq0,r_19_78_62,r_3_62_58,1.0,5,63,58,72
9,r_120_1_90,r_25_28_115,seq42,r_120_1_90,1.0,1,91,90,72
13,r_132_128_164,seq107,seq39,r_132_128_164,0.66,4,168,164,72
7,r_27_2_36,r_20_91_112,r_58_140_101,r_58_140_101,1.0,39,140,101,72
45,r_41_26_108,seq64,seq4,r_41_26_108,0.69,0,108,108,72
19,r_125_21_156,r_135_145_8,r_8_81_131,r_8_81_131,0.7,37,168,131,72
8,r_29_147_109,r_89_30_133,seq5,r_29_147_109,0.74,1,110,109,72
6,r_17_119_154,seq47,r_141_82_176,r_141_82_176,0.58,3,179,176,72
34,r_95_98_97,r_40_99_3,r_144_36_117,r_95_98_97,0.62,15,112,97,72
3,r_9_80_146,seq146,r_135_145_8,r_9_80_146,0.94,0,146,146,72
90,seq107,seq69,r_74_83_105,r_74_83_105,1.0,10,115,105,72
26,r_86_111_129,seq87,seq112,r_86_111_129,0.88,0,129,129,72
14,r_149_67_35,r_35_130_19,r_10_56_148,r_10_56_148,0.65,1,149,148,72
0,r_38_37_191,r_73_108_173,r_86_111_129,r_86_111_129,0.91,44,173,129,72
73,seq65,seq87,r_136_79_52,r_136_79_52,1.0,27,79,52,72
11,r_40_99_3,r_141_82_176,r_57_66_144,r_57_66_144,0.41,32,176,144,72
13,r_132_128_164,r_8_81_131,seq107,r_8_81_131,0.87,1,132,131,72
48,r_71_34_89,r_25_28_115,seq13,r_71_34_89,0.99,2,91,89,72
6,r_17_119_154,seq42,seq47,r_17_119_154,0.69,0,154,154,72
22,r_11_55_21,r_31_137_183,seq68,r_31_137_183,0.81,-161,22,183,72
27,r_25_28_115,seq63,seq18,r_25_28_115,0.72,0,115,115,72
2,r_51_117_73,r_142_90_147,r_123_122_49,r_51_117_73,1.0,0,73,73,72
47,r_73_108_173,r_38_37_191,r_8_81_131,r_38_37_191,0.48,-18,173,191,72
40,r_109_93_18,r_74_83_105,r_136_79_52,r_109_93_18,0.99,87,105,18,72
74,seq68,r_95_98_97,r_11_55_21,r_95_98_97,1.0,0,97,97,72
18,r_77_44_145,seq84,r_125_21_156,r_77_44_145,0.5,0,145,145,72
24,r_141_82_176,r_40_99_3,r_17_119_154,r_40_99_3,0.45,173,176,3,72
25,r_121_6_78,seq126,seq124,r_121_6_78,0.98,0,78,78,72
33,r_58_140_101,seq103,seq23,r_58_140_101,0.98,0,101,101,72
64,seq39,r_100_50_161,seq13,r_100_50_161,0.54,-6,155,161,72
65,seq42,r_17_119_154,r_120_1_90,r_120_1_90,0.93,10,100,90,72
10,r_60_75_31,r_144_36_117,seq94,r_144_36_117,0.65,-85,32,117,72
20,r_144_36_117,r_35_130_19,r_95_98_97,r_35_130_19,1.0,93,112,19,72
68,seq47,r_110_101_179,r_51_117_73,r_51_117_73,1.0,86,159,73,72
32,r_19_78_62,r_120_1_90,seq94,r_19_78_62,1.0,0,62,62,72
41,r_123_122_49,r_38_37_191,r_110_101_179,r_123_122_49,1.0,1,50,49,72
28,r_136_79_52,r_89_30_133,seq65,r_136_79_52,1.0,1,53,52,72
29,r_72_138_48,r_38_37_191,seq45,r_72_138_48,0.98,0,48,48,72
20,r_144_36_117,r_95_98_97,r_89_30_133,r_89_30_133,0.79,26,159,133,72
9,r_120_1_90,r_19_78_62,r_25_28_115,r_19_78_62,0.99,0,62,62,72
41,r_123_122_49,r_110_101_179,r_51_117_73,r_123_122_49,0.58,52,101,49,72
49,r_43_49_86,r_17_119_154,seq70,r_43_49_86,0.98,1,87,86,72
23,r_31_137_183,seq115,r_77_44_145,r_77_44_145,0.91,43,188,145,72
35,r_110_101_179,seq47,r_19_78_62,r_19_78_62,1.0,117,179,62,72
14,r_149_67_35,seq106,r_35_130_19,r_149_67_35,0.94,3,38,35,72
12,r_100_50_161,seq39,r_60_75_31,r_100_50_161,0.34,0,161,161,72
7,r_27_2_36,seq87,r_20_91_112,r_27_2_36,0.99,4,40,36,72
30,r_19_26_117,r_115_86_155,seq14,r_19_26_117,0.96,0,117,117,73
5,r_38_82_53,seq20,seq89,r_38_82_53,1.0,-2,51,53,73
14,r_44_136_71,seq45,r_62_47_30,r_44_136_71,0.96,2,73,71,73
43,r_52_131_115,r_78_116_161,r_115_86_155,r_78_116_161,0.56,-4,157,161,73
54,seq6,r_127_147_175,r_49_34_163,r_49_34_163,0.91,21,184,163,73
71,seq42,r_115_86_155,r_5_27_35,r_5_27_35,0.74,-2,33,35,73
37,r_107_61_80,r_12_128_86,r_120_145_42,r_107_61_80,0.99,-2,78,80,73
16,r_101_56_92,r_105_76_98,r_93_36_15,r_101_56_92,0.89,0,92,92,73
26,r_53_41_16,r_104_79_143,r_129_108_6,r_53_41_16,0.97,0,16,16,73
21,r_94_46_102,seq69,seq100,r_94_46_102,0.78,0,102,102,73
1,r_7_102_159,r_68_77_120,seq140,r_68_77_120,0.99,5,125,120,73
46,r_85_32_193,r_22_31_173,r_117_70_37,r_85_32_193,0.59,-23,170,193,73
42,r_74_84_130,seq123,r_138_132_77,r_74_84_130,0.91,2,132,130,73
4,r_8_126_60,seq14,seq146,r_8_126_60,0.98,-1,59,60,73
1,r_7_102_159,seq140,r_53_41_16,r_7_102_159,0.85,0,159,159,73
45,r_148_121_95,r_105_76_98,r_53_41_16,r_148_121_95,0.66,1,96,95,73
19,r_35_66_64,seq6,r_112_33_190,r_35_66_64,1.0,-1,63,64,73
95,seq113,r_0_64_182,r_87_59_89,r_87_59_89,0.98,94,183,89,73
39,r_129_108_6,seq13,r_53_41_16,r_53_41_16,1.0,21,37,16,73
31,r_141_23_113,seq89,seq28,r_141_23_113,0.89,1,114,113,73
41,r_115_86_155,r_49_34_163,r_52_131_115,r_115_86_155,0.61,0,155,155,73
67,seq28,seq4,r_141_23_113,r_141_23_113,1.0,6,119,113,73
18,r_9_81_25,r_107_61_80,seq63,r_9_81_25,0.6,-1,24,25,73
73,seq48,seq146,r_87_59_89,r_87_59_89,1.0,7,96,89,73
11,r_3_75_83,seq10,seq15,r_3_75_83,0.99,1,84,83,73
20,r_112_33_190,seq55,r_35_66_64,r_35_66_64,0.69,1,65,64,73
3,r_98_24_45,seq109,seq63,r_98_24_45,0.95,4,49,45,73
13,r_0_64_182,seq113,seq42,r_0_64_182,0.44,1,183,182,73
15,r_106_110_107,seq11,r_78_116_161,r_106_110_107,0.98,1,108,107,73
8,r_144_18_51,r_117_70_37,r_37_90_17,r_144_18_51,1.0,0,51,51,73
17,r_5_27_35,seq63,seq42,r_5_27_35,1.0,-2,33,35,73
62,seq15,r_78_116_161,r_3_75_83,r_3_75_83,1.0,21,104,83,73
2,r_49_34_163,r_12_128_86,seq6,r_49_34_163,0.99,3,166,163,73
7,r_62_47_30,r_101_56_92,seq69,r_62_47_30,0.86,-1,29,30,73
27,r_72_80_96,seq1,r_114_57_32,r_114_57_32,0.92,65,97,32,73
2,r_49_34_163,seq42,r_12_128_86,r_12_128_86,0.99,13,99,86,73
47,r_78_116_161,seq15,r_106_110_107,r_106_110_107,1.0,5,112,107,73
24,r_103_111_178,r_37_90_17,r_141_23_113,r_141_23_113,0.86,66,179,113,73
78,seq63,r_120_145_42,r_9_81_25,r_9_81_25,0.84,0,25,25,73
25,r_138_132_77,seq4,r_37_90_17,r_138_132_77,0.96,-4,73,77,73
6,r_43_51_38,r_44_136_71,seq123,r_43_51_38,0.99,1,39,38,73
15,r_106_110_107,r_78_116_161,r_3_75_83,r_78_116_161,1.0,0,161,161,73
20,r_112_33_190,r_35_66_64,seq55,r_35_66_64,0.37,124,188,64,73
32,r_127_147_175,seq6,r_138_132_77,r_138_132_77,0.86,107,184,77,73
29,r_93_36_15,r_106_110_107,seq10,r_93_36_15,0.87,-3,12,15,73
36,r_120_145_42,seq50,seq11,r_120_145_42,0.66,-5,37,42,73
94,seq109,seq6,r_68_77_120,r_68_77_120,1.0,28,148,120,73
9,r_104_79_143,seq25,r_101_56_92,r_104_79_143,0.78,0,143,143,73
49,r_16_30_29,r_138_132_77,seq97,r_16_30_29,0.99,0,29,29,73
22,r_105_76_98,r_54_17_75,seq139,r_105_76_98,0.49,6,104,98,73
10,r_37_90_17,r_44_136_71,r_144_18_51,r_37_90_17,0.9,34,51,17,73
40,r_149_83_59,r_148_121_95,seq123,r_149_83_59,1.0,0,59,59,73
47,r_78_116_161,r_106_110_107,seq130,r_78_116_161,0.98,0,161,161,73
0,r_117_70_37,r_144_18_51,seq39,r_144_18_51,0.97,0,51,51,73
44,r_12_128_86,seq146,r_5_27_35,r_12_128_86,0.99,0,86,86,73
23,r_22_31_173,r_85_32_193,r_43_51_38,r_22_31_173,0.72,0,173,173,73
38,r_114_57_32,seq140,seq137,r_114_57_32,0.98,1,33,32,73
35,r_143_95_147,seq42,r_54_17_75,r_54_17_75,0.9,74,149,75,73
37,r_24_147_47,r_1_42_83,seq79,r_24_147_47,1.0,0,47,47,74
30,r_143_31_148,r_27_35_164,r_146_122_70,r_27_35_164,0.88,-16,148,164,74
36,r_149_141_147,r_77_123_154,seq30,r_77_123_154,0.99,-5,149,154,74
8,r_54_7_139,r_143_31_148,r_5_65_48,r_54_7_139,0.99,0,139,139,74
43,r_25_37_63,r_113_131_127,seq126,r_25_37_63,1.0,1,64,63,74
22,r_3_127_54,seq91,seq51,r_3_127_54,1.0,0,54,54,74
83,seq91,seq41,r_77_123_154,r_77_123_154,1.0,19,173,154,74
3,r_142_55_141,r_50_53_34,seq48,r_142_55_141,0.95,0,141,141,74
55,seq138,r_71_105_180,seq99,r_71_105_180,0.28,-12,168,180,74
71,seq60,r_119_6_165,seq48,r_119_6_165,1.0,-41,124,165,74
16,r_45_115_120,r_17_76_140,r_94_120_100,r_45_115_120,0.83,10,130,120,74
39,r_62_109_118,seq75,seq140,r_62_109_118,0.9,0,118,118,74
12,r_70_67_33,r_56_87_84,seq145,r_70_67_33,1.0,1,34,33,74
45,r_36_85_182,seq14,r_77_123_154,r_36_85_182,0.47,1,183,182,74
19,r_69_84_150,seq145,r_56_87_84,r_69_84_150,0.82,1,151,150,74
70,seq51,seq15,r_3_127_54,r_3_127_54,1.0,-1,53,54,74
11,r_5_65_48,r_17_76_140,r_54_7_139,r_5_65_48,0.49,92,140,48,74
26,r_130_144_45,r_56_87_84,seq15,r_130_144_45,0.28,3,48,45,74
41,r_86_137_116,r_56_87_84,seq0,r_56_87_84,0.62,32,116,84,74
1,r_146_122_70,r_89_32_30,seq26,r_89_32_30,0.94,3,33,30,74
90,seq104,r_1_42_83,seq61,r_1_42_83,0.95,0,83,83,74
1,r_146_122_70,seq26,seq145,r_146_122_70,1.0,0,70,70,74
11,r_5_65_48,seq20,r_17_76_140,r_5_65_48,0.99,0,48,48,74
0,r_94_120_100,seq112,r_45_115_120,r_45_115_120,0.96,3,123,120,74
96,seq117,seq102,r_46_44_40,r_46_44_40,1.0,4,44,40,74
20,r_17_76_140,r_45_115_120,r_5_65_48,r_5_65_48,0.99,25,73,48,74
13,r_56_87_84,r_86_137_116,r_40_58_74,r_40_58_74,1.0,44,118,74,74
46,r_49_72_27,seq15,r_11_8_134,r_11_8_134,0.38,-3,131,134,74
15,r_77_123_154,r_149_141_147,seq91,r_77_123_154,0.59,-1,153,154,74
48,r_40_58_74,seq100,r_56_87_84,r_40_58_74,0.99,0,74,74,74
3,r_142_55_141,seq82,r_50_53_34,r_50_53_34,1.0,5,39,34,74
6,r_27_35_164,r_71_105_180,r_149_141_147,r_71_105_180,0.52,-12,168,180,74
85,seq98,seq66,r_83_107_105,r_83_107_105,1.0,11,116,105,74
2,r_2_106_169,r_39_103_28,r_23_28_98,r_23_28_98,0.61,72,170,98,74
99,seq126,seq116,r_25_37_63,r_25_37_63,1.0,27,90,63,74
5,r_39_103_28,r_2_106_169,r_114_139_37,r_39_103_28,0.74,76,104,28,74
42,r_50_53_34,r_146_122_70,r_142_55_141,r_50_53_34,0.97,2,36,34,74
27,r_64_43_81,seq140,seq63,r_64_43_81,0.99,0,81,81,74
87,seq100,r_40_58_74,seq29,r_40_58_74,0.99,0,74,74,74
2,r_2_106_169,seq29,r_39_103_28,r_39_103_28,1.0,33,61,28,74
40,r_81_16_144,seq91,r_25_37_63,r_25_37_63,0.93,86,149,63,74
18,r_108_47_79,r_17_76_140,seq128,r_108_47_79,0.94,0,79,79,74
29,r_19_118_132,seq88,r_94_120_100,r_19_118_132,0.95,1,133,132,74
24,r_12_124_159,seq145,seq140,r_12_124_159,0.55,0,159,159,74
5,r_39_103_28,seq128,r_2_106_169,r_39_103_28,1.0,0,28,28,74
25,r_1_42_83,seq104,seq14,r_1_42_83,1.0,0,83,83,74
64,seq29,r_132_22_174,r_39_103_28,r_39_103_28,1.0,126,154,28,74
58,seq14,r_36_85_182,r_146_122_70,r_146_122_70,1.0,113,183,70,74
20,r_17_76_140,r_5_65_48,r_146_122_70,r_17_76_140,1.0,0,140,140,74
23,r_89_32_30,r_146_122_70,seq88,r_89_32_30,1.0,3,33,30,74
42,r_50_53_34,r_142_55_141,seq82,r_142_55_141,1.0,0,141,141,74
38,r_71_105_180,r_27_35_164,seq128,r_71_105_180,0.36,-12,168,180,74
52,seq4,r_21_59_112,r_92_80_115,r_21_59_112,0.96,6,118,112,74
34,r_113_131_127,seq145,r_94_120_100,r_113_131_127,0.96,0,127,127,74
49,r_46_44_40,r_108_47_79,seq117,r_46_44_40,1.0,0,40,40,74
17,r_119_6_165,seq60,r_12_124_159,r_119_6_165,0.84,0,165,165,74
9,r_11_8_134,seq60,r_49_72_27,r_49_72_27,0.88,108,135,27,74
62,seq20,r_5_65_48,seq140,r_5_65_48,0.96,0,48,48,74
21,r_129_93_25,r_133_57_193,seq66,r_129_93_25,1.0,0,25,25,74
28,r_83_107_105,r_56_87_84,seq98,r_83_107_105,1.0,1,106,105,74
10,r_114_139_37,r_77_123_154,r_39_103_28,r_77_123_154,0.95,-117,37,154,74
56,seq140,r_64_43_81,seq20,r_64_43_81,0.97,-10,71,81,74
7,r_23_28_98,seq41,seq116,r_23_28_98,0.87,0,98,98,74
79,seq79,r_34_96_175,r_24_147_47,r_24_147_47,1.0,80,127,47,74
46,r_49_72_27,seq102,seq15,r_49_72_27,1.0,0,27,27,74
47,r_54_45_22,r_139_146_105,seq13,r_54_45_22,0.79,0,22,22,75
36,r_137_38_70,seq66,seq92,r_137_38_70,0.98,1,71,70,75
92,seq109,seq94,r_72_10_73,r_72_10_73,1.0,5,78,73,75
14,r_3_125_96,r_27_9_196,seq67,r_3_125_96,0.87,1,97,96,75
44,r_2_96_147,r_51_34_169,seq24,r_2_96_147,0.97,1,148,147,75
71,seq135,r_104_80_71,r_44_145_174,r_104_80_71,1.0,0,71,71,75
21,r_141_37_160,r_114_69_102,r_49_4_89,r_141_37_160,0.8,-56,104,160,75
39,r_123_20_167,seq105,r_6_52_10,r_123_20_167,0.4,2,169,167,75
30,r_33_117_23,r_17_112_76,seq41,r_33_117_23,0.95,0,23,23,75
1,r_17_112_76,seq75,r_70_15_3,r_17_112_76,0.52,0,76,76,75
5,r_57_91_137,r_86_115_25,seq19,r_57_91_137,0.45,0,137,137,75
46,r_43_83_34,seq113,r_70_15_3,r_43_83_34,0.33,94,128,34,75
16,r_53_1_13,r_57_91_137,seq90,r_53_1_13,0.84,0,13,13,75
45,r_79_21_113,seq68,seq5,r_79_21_113,0.8,5,118,113,75
21,r_141_37_160,r_49_4_89,seq134,r_141_37_160,0.93,0,160,160,75
34,r_6_52_10,r_97_144_163,r_127_56_109,r_6_52_10,0.93,0,10,10,75
15,r_30_46_136,r_104_80_71,r_138_89_17,r_30_46_136,1.0,0,136,136,75
0,r_14_84_42,r_70_15_3,seq106,r_14_84_42,1.0,1,43,42,75
31,r_42_98_198,seq73,r_132_108_128,r_132_108_128,0.94,2,130,128,75
41,r_97_144_163,seq24,r_6_52_10,r_97_144_163,0.56,0,163,163,75
49,r_86_115_25,r_60_131_141,r_57_91_137,r_86_115_25,0.72,8,33,25,75
10,r_139_146_105,seq92,r_93_29_1,r_139_146_105,0.97,1,106,105,75
26,r_130_0_101,seq74,r_61_64_56,r_61_64_56,0.76,62,118,56,75
4,r_51_34_169,seq116,seq105,r_51_34_169,0.55,1,170,169,75
20,r_132_108_128,seq124,r_42_98_198,r_132_108_128,0.94,0,128,128,75
13,r_104_80_71,seq135,seq67,r_104_80_71,1.0,0,71,71,75
15,r_30_46_136,r_136_77_79,r_104_80_71,r_30_46_136,1.0,-63,73,136,75
48,r_99_55_120,seq149,r_31_111_90,r_31_111_90,0.9,48,138,90,75
49,r_86_115_25,r_57_91_137,r_136_77_79,r_136_77_79,0.8,49,128,79,75
43,r_101_82_88,r_72_10_73,seq87,r_101_82_88,0.71,-41,47,88,75
40,r_23_62_122,seq22,seq135,r_23_62_122,0.98,0,122,122,75
18,r_49_4_89,seq75,r_141_37_160,r_49_4_89,0.86,3,92,89,75
29,r_76_40_118,r_2_96_147,seq126,r_76_40_118,0.55,9,127,118,75
34,r_6_52_10,r_127_56_109,r_101_82_88,r_101_82_88,0.99,16,104,88,75
88,seq95,r_16_100_119,r_6_52_10,r_16_100_119,0.7,0,119,119,75
32,r_136_77_79,r_30_46_136,r_86_115_25,r_136_77_79,0.98,2,81,79,75
77,seq67,r_30_46_136,r_104_80_71,r_104_80_71,0.94,14,85,71,75
71,seq135,r_44_145_174,r_23_62_122,r_23_62_122,1.0,10,132,122,75
75,seq65,r_58_129_164,seq22,r_58_129_164,0.75,0,164,164,75
60,seq149,r_99_55_120,r_148_140_103,r_148_140_103,0.58,35,138,103,75
81,seq74,r_130_0_101,r_48_120_135,r_48_120_135,0.73,1,136,135,75
17,r_128_18_104,r_119_81_130,r_6_52_10,r_128_18_104,0.5,3,107,104,75
28,r_119_81_130,seq13,r_48_120_135,r_119_81_130,0.66,6,136,130,75
7,r_31_111_90,seq142,r_99_55_120,r_31_111_90,0.89,2,92,90,75
18,r_49_4_89,r_141_37_160,seq50,r_141_37_160,1.0,0,160,160,75
44,r_2_96_147,r_76_40_118,r_51_34_169,r_2_96_147,0.55,-27,120,147,75
95,seq116,r_51_34_169,r_138_89_17,r_138_89_17,0.96,-3,14,17,75
12,r_72_10_73,seq134,seq109,r_72_10_73,1.0,0,73,73,75
43,r_101_82_88,seq87,r_6_52_10,r_101_82_88,0.97,4,92,88,75
44,r_23_134_26,r_62_73_178,r_46_47_52,r_46_47_52,0.64,126,178,52,76
36,r_111_54_165,r_56_8_65,seq20,r_56_8_65,1.0,0,65,65,76
9,r_62_73_178,r_23_134_26,r_59_138_139,r_59_138_139,0.72,39,178,139,76
8,r_65_52_129,r_0_147_153,r_46_47_52,r_65_52_129,0.8,0,129,129,76
71,seq48,seq84,r_43_113_76,r_43_113_76,1.0,69,145,76,76
39,r_66_37_120,r_59_138_139,seq30,r_66_37_120,0.98,0,120,120,76
1,r_93_71_108,r_2_72_104,seq141,r_93_71_108,0.96,1,109,108,76
42,r_116_60_180,seq89,seq12,r_116_60_180,0.36,0,180,180,76
18,r_35_115_40,r_62_73_178,seq5,r_35_115_40,0.73,-11,29,40,76
59,seq21,r_18_7_103,r_46_47_52,r_46_47_52,0.92,1,53,52,76
45,r_100_14_64,r_145_13_107,seq148,r_100_14_64,0.96,1,65,64,76
24,r_32_28_18,r_101_103_51,r_145_13_107,r_32_28_18,1.0,0,18,18,76
24,r_32_28_18,r_145_13_107,r_23_134_26,r_145_13_107,0.88,0,107,107,76
5,r_46_47_52,seq84,seq21,r_46_47_52,0.99,0,52,52,76
95,seq119,seq141,r_108_117_94,r_108_117_94,1.0,26,120,94,76
66,seq34,r_41_15_179,r_69_129_145,r_41_15_179,0.44,0,179,179,76
21,r_145_13_107,r_100_14_64,r_32_28_18,r_32_28_18,0.91,1,19,18,76
49,r_85_98_95,r_100_14_64,r_55_130_69,r_85_98_95,0.9,1,96,95,76
41,r_0_147_153,r_65_52_129,r_59_138_139,r_59_138_139,0.66,1,140,139,76
10,r_56_8_65,r_111_54_165,r_2_72_104,r_56_8_65,1.0,0,65,65,76
26,r_25_16_144,seq33,seq5,r_25_16_144,0.83,0,144,144,76
9,r_62_73_178,r_35_115_40,r_23_134_26,r_23_134_26,0.98,-1,25,26,76
4,r_77_109_130,r_25_16_144,seq58,r_77_109_130,0.9,0,130,130,76
0,r_49_79_63,seq74,seq89,r_49_79_63,1.0,-2,61,63,76
10,r_56_8_65,r_2_72_104,r_91_104_113,r_91_104_113,0.94,0,113,113,76
20,r_45_36_140,seq24,seq86,r_45_36_140,0.63,0,140,140,76
3,r_101_103_51,r_128_81_128,r_135_70_43,r_101_103_51,1.0,-2,49,51,76
13,r_108_117_94,seq12,seq119,r_108_117_94,0.96,0,94,94,76
48,r_132_63_78,r_45_36_140,r_111_54_165,r_132_63_78,1.0,0,78,78,76
94,seq114,r_27_118_193,r_59_138_139,r_59_138_139,0.58,9,148,139,76
21,r_145_13_107,r_32_28_18,r_111_54_165,r_145_13_107,0.99,0,107,107,76
99,seq149,r_122_39_132,r_51_50_96,r_122_39_132,0.97,3,135,132,76
36,r_111_54_165,seq20,r_145_13_107,r_145_13_107,1.0,69,176,107,76
91,seq105,r_62_73_178,seq5,r_62_73_178,0.62,-76,102,178,76
2,r_10_19_164,r_133_67_198,seq4,r_10_19_164,0.66,0,164,164,76
47,r_96_57_160,seq140,r_18_7_103,r_96_57_160,0.56,0,160,160,76
15,r_121_106_33,r_43_113_76,r_23_134_26,r_121_106_33,0.99,0,33,33,76
40,r_122_39_132,seq149,r_56_8_65,r_122_39_132,0.89,3,135,132,76
29,r_127_120_49,r_18_7_103,r_102_9_5,r_127_120_49,0.96,-2,47,49,76
11,r_135_70_43,seq125,seq99,r_135_70_43,0.99,0,43,43,76
25,r_126_123_116,seq114,r_133_67_198,r_126_123_116,0.89,0,116,116,76
33,r_133_67_198,r_10_19_164,r_126_123_116,r_126_123_116,0.82,48,164,116,76
64,seq31,r_85_98_95,seq148,r_85_98_95,0.98,-18,77,95,76
65,seq33,r_25_16_144,r_32_28_18,r_25_16_144,0.83,1,145,144,76
44,r_23_134_26,seq148,r_62_73_178,r_23_134_26,0.99,1,27,26,76
61,seq24,r_45_36_140,r_17_1_9,r_45_36_140,0.63,0,140,140,76
38,r_2_72_104,r_93_71_108,r_17_1_9,r_93_71_108,0.96,-2,106,108,76
46,r_102_9_5,r_101_103_51,r_127_120_49,r_127_120_49,0.99,1,50,49,76
79,seq74,r_49_79_63,seq44,r_49_79_63,1.0,-6,57,63,76
17,r_55_130_69,seq80,r_82_142_119,r_55_130_69,0.95,3,72,69,76
22,r_18_7_103,seq21,seq22,r_18_7_103,0.63,0,103,103,76
28,r_43_113_76,r_116_60_180,seq48,r_43_113_76,1.0,0,76,76,76
41,r_0_147_153,r_59_138_139,seq24,r_0_147_153,0.97,1,154,153,76
49,r_85_98_95,seq31,r_100_14_64,r_100_14_64,0.88,0,64,64,76
7,r_128_81_128,seq140,seq20,r_128_81_128,0.99,0,128,128,76
23,r_94_78_115,r_111_54_165,r_127_120_49,r_94_78_115,0.96,0,115,115,76
93,seq118,r_39_74_124,r_134_58_188,r_39_74_124,0.91,-1,123,124,77
30,r_14_90_78,r_120_93_87,r_148_104_177,r_14_90_78,0.92,5,83,78,77
36,r_59_105_183,seq61,r_32_29_95,r_32_29_95,1.0,20,115,95,77
92,seq117,r_73_10_114,r_113_53_46,r_73_10_114,0.77,9,123,114,77
14,r_36_63_174,r_91_13_151,seq95,r_36_63_174,0.47,0,174,174,77
8,r_142_9_136,r_42_75_186,r_100_30_118,r_142_9_136,0.97,1,137,136,77
43,r_140_18_147,r_17_66_195,seq87,r_140_18_147,0.84,0,147,147,77
45,r_110_137_140,r_42_75_186,r_133_70_119,r_42_75_186,0.72,3,189,186,77
39,r_32_29_95,seq76,r_59_105_183,r_32_29_95,0.98,0,95,95,77
1,r_5_136_131,seq86,seq147,r_5_136_131,0.98,1,132,131,77
23,r_43_79_19,seq80,seq121,r_43_79_19,1.0,0,19,19,77
5,r_45_111_137,seq78,seq81,r_45_111_137,0.94,0,137,137,77
46,r_91_13_151,r_36_63_174,r_134_58_188,r_134_58_188,0.49,-83,105,188,77
42,r_148_104_177,r_39_74_124,seq67,r_39_74_124,1.0,-29,95,124,77
45,r_110_137_140,r_98_135_125,seq78,r_110_137_140,0.44,-27,113,140,77
19,r_71_22_190,r_133_70_119,seq35,r_133_70_119,1.0,1,120,119,77
34,r_134_58_188,seq65,r_26_145_23,r_134_58_188,0.44,-166,22,188,77
31,r_109_108_75,r_5_136_131,r_28_82_61,r_109_108_75,1.0,0,75,75,77
3,r_49_64_141,seq121,r_6_23_49,r_49_64_141,0.96,0,141,141,77
10,r_52_144_178,seq46,seq4,r_52_144_178,0.64,2,180,178,77
26,r_124_20_17,r_143_139_18,seq114,r_124_20_17,1.0,0,17,17,77
2,r_126_84_29,r_49_64_141,r_96_128_13,r_126_84_29,1.0,0,29,29,77
4,r_146_55_132,r_71_22_190,seq121,r_146_55_132,0.91,0,132,132,77
78,seq78,r_45_111_137,seq46,r_45_111_137,1.0,-61,76,137,77
0,r_129_132_198,r_142_9_136,seq147,r_142_9_136,0.98,-28,108,136,77
11,r_42_75_186,r_142_9_136,r_110_137_140,r_42_75_186,0.97,-48,138,186,77
20,r_106_141_153,r_88_62_185,r_14_90_78,r_14_90_78,1.0,93,171,78,77
37,r_26_145_23,seq56,r_134_58_188,r_26_145_23,0.69,-1,22,23,77
13,r_133_70_119,r_71_22_190,r_59_105_183,r_133_70_119,0.97,4,123,119,77
30,r_14_90_78,r_148_104_177,r_91_13_151,r_148_104_177,0.65,-62,115,177,77
98,seq125,seq89,r_14_90_78,r_14_90_78,0.99,7,85,78,77
15,r_28_82_61,r_14_90_78,seq34,r_28_82_61,1.0,0,61,61,77
71,seq65,r_134_58_188,r_68_131_7,r_68_131_7,0.94,3,10,7,77
48,r_107_3_120,seq47,seq92,r_107_3_120,0.86,0,120,120,77
44,r_11_54_82,r_5_136_131,r_98_135_125,r_11_54_82,1.0,46,128,82,77
6,r_130_21_144,seq149,seq112,r_130_21_144,0.76,0,144,144,77
41,r_15_60_48,r_39_74_124,seq67,r_39_74_124,1.0,0,124,124,77
45,r_110_137_140,seq78,r_42_75_186,r_110_137_140,0.51,0,140,140,77
51,seq7,r_25_16_157,r_1_48_8,r_1_48_8,0.72,2,10,8,77
29,r_39_74_124,r_148_104_177,seq61,r_39_74_124,1.0,0,124,124,77
24,r_143_139_18,r_88_62_185,r_146_55_132,r_146_55_132,0.93,55,187,132,77
16,r_103_0_32,r_40_97_56,seq47,r_40_97_56,0.78,-19,37,56,77
25,r_88_62_185,r_143_139_18,r_133_70_119,r_88_62_185,0.29,2,187,185,77
88,seq102,r_146_55_132,seq35,r_146_55_132,0.99,-13,119,132,77
70,seq61,r_120_93_87,r_85_27_108,r_120_93_87,1.0,1,88,87,77
42,r_148_104_177,seq67,r_124_20_17,r_148_104_177,0.95,1,178,177,77
61,seq35,r_113_53_46,r_71_22_190,r_113_53_46,0.64,53,99,46,77
32,r_116_50_81,seq119,r_73_10_114,r_116_50_81,1.0,2,83,81,77
21,r_40_97_56,r_100_30_118,seq19,r_40_97_56,1.0,0,56,56,77
90,seq114,r_73_10_114,r_124_20_17,r_124_20_17,1.0,12,29,17,77
11,r_42_75_186,r_110_137_140,seq118,r_42_75_186,0.85,2,188,186,77
66,seq47,seq123,r_103_0_32,r_103_0_32,0.97,6,38,32,77
17,r_73_10_114,seq117,seq47,r_73_10_114,0.73,9,123,114,77
38,r_6_23_49,seq47,r_1_48_8,r_6_23_49,1.0,0,49,49,77
41,r_15_60_48,r_116_50_81,r_39_74_124,r_15_60_48,1.0,0,48,48,77
7,r_98_135_125,r_110_137_140,r_11_54_82,r_98_135_125,0.97,0,125,125,77
44,r_11_54_82,r_17_66_195,r_5_136_131,r_11_54_82,0.98,1,83,82,77
35,r_120_93_87,seq61,seq12,r_120_93_87,1.0,1,88,87,77
36,r_77_54_179,seq117,r_143_71_32,r_143_71_32,0.61,147,179,32,78
9,r_13_87_77,r_9_142_12,r_92_84_143,r_92_84_143,0.99,8,151,143,78
14,r_2_128_81,seq133,r_98_19_51,r_2_128_81,1.0,0,81,81,78
8,r_135_122_158,seq11,r_118_0_87,r_118_0_87,0.55,71,158,87,78
53,seq133,r_2_128_81,r_123_55_139,r_2_128_81,0.99,0,81,81,78
43,r_37_50_167,seq31,r_135_122_158,r_37_50_167,0.62,1,168,167,78
30,r_92_84_143,r_127_107_45,r_5_81_14,r_92_84_143,0.97,-125,18,143,78
16,r_12_72_125,r_37_50_167,seq90,r_12_72_125,0.99,3,128,125,78
21,r_96_137_182,seq95,r_52_20_65,r_52_20_65,0.56,117,182,65,78
5,r_56_138_107,r_111_47_198,r_65_91_105,r_56_138_107,0.91,1,108,107,78
18,r_127_107_45,r_58_139_111,seq117,r_127_107_45,1.0,0,45,45,78
19,r_111_47_198,r_56_138_107,seq90,r_56_138_107,0.54,1,108,107,78
4,r_98_19_51,r_112_68_169,r_28_61_199,r_98_19_51,1.0,0,51,51,78
11,r_21_7_43,r_136_8_108,r_69_145_68,r_136_8_108,0.65,0,108,108,78
31,r_24_79_135,seq26,seq133,r_24_79_135,0.53,1,136,135,78
10,r_52_20_65,r_65_91_105,r_5_81_14,r_52_20_65,0.99,1,66,65,78
26,r_65_91_105,r_77_54_179,seq102,r_65_91_105,0.99,0,105,105,78
72,seq43,r_32_39_127,r_10_119_55,r_10_119_55,0.97,35,90,55,78
47,r_5_81_14,r_12_72_125,r_92_84_143,r_12_72_125,0.76,-110,15,125,78
42,r_121_78_46,r_13_87_77,r_147_16_23,r_121_78_46,1.0,0,46,46,78
97,seq116,seq4,r_25_82_37,r_25_82_37,1.0,3,40,37,78
7,r_28_61_199,r_45_74_168,r_98_19_51,r_98_19_51,1.0,1,52,51,78
20,r_108_70_123,r_113_125_180,r_120_99_144,r_113_125_180,0.41,-32,148,180,78
13,r_113_125_180,seq15,r_143_71_32,r_143_71_32,0.71,151,183,32,78
15,r_112_68_169,seq27,seq60,r_112_68_169,0.68,0,169,169,78
48,r_69_145_68,seq133,r_114_17_69,r_69_145_68,1.0,1,69,68,78
6,r_67_97_161,seq41,r_127_107_45,r_127_107_45,1.0,123,168,45,78
45,r_58_139_111,r_127_107_45,seq30,r_127_107_45,0.87,0,45,45,78
30,r_92_84_143,r_5_81_14,r_13_87_77,r_13_87_77,1.0,70,147,77,78
17,r_10_119_55,seq60,seq43,r_10_119_55,0.99,0,55,55,78
29,r_35_149_197,seq22,r_86_51_92,r_86_51_92,1.0,19,111,92,78
11,r_21_7_43,r_9_142_12,r_136_8_108,r_21_7_43,0.99,0,43,43,78
25,r_124_46_129,r_123_55_139,r_69_145_68,r_123_55_139,0.92,-9,130,139,78
33,r_123_55_139,seq14,r_12_72_125,r_123_55_139,0.99,0,139,139,78
47,r_5_81_14,r_92_84_143,r_52_20_65,r_52_20_65,0.9,82,147,65,78
1,r_25_82_37,seq26,seq116,r_25_82_37,1.0,0,37,37,78
65,seq30,r_58_139_111,r_108_70_123,r_58_139_111,0.66,-6,105,111,78
32,r_40_115_166,r_35_149_197,r_69_145_68,r_40_115_166,0.63,0,166,166,78
45,r_58_139_111,seq30,seq14,r_58_139_111,1.0,0,111,111,78
9,r_13_87_77,seq48,r_9_142_12,r_13_87_77,1.0,0,77,77,78
96,seq110,r_23_93_153,seq95,r_23_93_153,0.92,-25,128,153,78
0,r_143_71_32,r_98_19_51,seq63,r_98_19_51,0.94,-19,32,51,78
22,r_45_74_168,r_28_61_199,r_21_7_43,r_21_7_43,0.51,125,168,43,78
28,r_114_17_69,r_96_137_182,r_69_145_68,r_114_17_69,0.98,0,69,69,78
66,seq31,r_12_72_125,r_147_16_23,r_147_16_23,0.65,5,28,23,78
49,r_38_64_146,seq33,r_18_89_5,r_38_64_146,0.9,0,146,146,78
34,r_147_16_23,r_123_55_139,seq31,r_147_16_23,1.0,0,23,23,78
44,r_86_51_92,r_29_132_188,r_35_149_197,r_86_51_92,1.0,2,94,92,78
12,r_136_8_108,seq59,r_32_39_127,r_136_8_108,0.87,0,108,108,78
93,seq109,r_59_95_93,seq34,r_59_95_93,0.63,14,107,93,79
36,r_76_68_139,r_55_128_196,r_72_86_133,r_76_68_139,0.91,0,139,139,79
43,r_6_78_73,seq8,seq80,r_6_78_73,1.0,0,73,73,79
83,seq83,r_89_13_86,r_96_123_178,r_89_13_86,0.67,39,125,86,79
37,r_50_14_70,r_49_35_177,r_131_110_13,r_50_14_70,0.99,0,70,70,79
59,seq141,seq85,r_133_149_87,r_133_149_87,1.0,2,89,87,79
19,r_82_10_176,r_144_3_114,r_89_13_86,r_82_10_176,0.72,0,176,176,79
55,seq8,r_6_78_73,seq34,r_6_78_73,1.0,0,73,73,79
16,r_25_74_63,seq5,seq117,r_25_74_63,1.0,0,63,63,79
21,r_47_69_108,seq90,seq1,r_47_69_108,0.9,0,108,108,79
5,r_18_52_72,r_127_115_152,r_124_63_143,r_18_52_72,0.94,1,73,72,79
46,r_140_60_103,r_82_10_176,r_55_128_196,r_140_60_103,1.0,0,103,103,79
11,r_118_29_50,r_27_16_181,seq103,r_118_29_50,0.98,0,50,50,79
45,r_49_35_177,seq117,seq19,r_49_35_177,0.68,0,177,177,79
19,r_82_10_176,r_140_60_103,r_144_3_114,r_140_60_103,1.0,-9,94,103,79
15,r_72_86_133,r_36_12_37,seq66,r_72_86_133,1.0,0,133,133,79
40,r_17_100_27,r_124_63_143,r_84_23_164,r_17_100_27,0.92,11,38,27,79
27,r_135_145_46,r_41_28_184,r_42_147_175,r_41_28_184,0.78,0,184,184,79
14,r_36_12_37,r_84_23_164,r_72_86_133,r_36_12_37,1.0,0,37,37,79
41,r_59_95_93,seq101,seq34,r_59_95_93,0.71,1,94,93,79
52,seq5,seq85,r_99_9_90,r_99_9_90,0.98,-1,89,90,79
3,r_22_67_79,seq19,seq56,r_22_67_79,1.0,0,79,79,79
10,r_32_81_97,r_144_3_114,seq102,r_32_81_97,0.87,0,97,97,79
90,seq101,r_59_95_93,r_118_29_50,r_118_29_50,1.0,57,107,50,79
26,r_0_65_92,r_41_28_184,seq26,r_0_65_92,1.0,0,92,92,79
8,r_27_16_181,seq51,seq129,r_27_16_181,0.38,-1,180,181,79
72,seq44,r_122_53_60,seq56,r_122_53_60,1.0,0,60,60,79
14,r_36_12_37,r_72_86_133,seq85,r_72_86_133,1.0,0,133,133,79
4,r_89_13_86,seq83,seq98,r_89_13_86,0.98,0,86,86,79
78,seq139,r_42_147_175,r_107_15_107,r_107_15_107,0.74,26,133,107,79
0,r_107_15_107,seq98,seq139,r_107_15_107,0.79,2,109,107,79
63,seq20,r_62_132_134,r_93_75_189,r_62_132_134,0.94,0,134,134,79
6,r_144_3_114,r_32_81_97,r_82_10_176,r_32_81_97,0.99,0,97,97,79
27,r_135_145_46,seq51,r_41_28_184,r_135_145_46,1.0,0,46,46,79
99,seq126,r_77_105_185,r_54_37_57,r_54_37_57,1.0,127,184,57,79
8,r_27_16_181,r_118_29_50,seq51,r_118_29_50,0.9,-5,45,50,79
17,r_4_71_31,seq26,seq137,r_4_71_31,1.0,0,31,31,79
47,r_106_45_115,r_124_63_143,r_107_15_107,r_106_45_115,0.66,-2,113,115,79
33,r_93_75_189,r_41_28_184,r_6_78_73,r_6_78_73,0.92,2,75,73,79
64,seq24,r_31_111_144,seq79,r_31_111_144,0.53,0,144,144,79
15,r_72_86_133,seq85,r_36_12_37,r_36_12_37,1.0,1,38,37,79
6,r_144_3_114,r_82_10_176,r_22_67_79,r_82_10_176,0.98,0,176,176,79
22,r_84_23_164,seq137,r_17_100_27,r_17_100_27,1.0,11,38,27,79
32,r_64_88_130,seq117,seq8,r_64_88_130,0.91,3,133,130,79
52,seq5,r_25_74_63,seq85,r_25_74_63,0.99,0,63,63,79
34,r_55_128_196,r_76_68_139,r_140_60_103,r_140_60_103,0.62,33,136,103,79
35,r_96_123_178,r_31_111_144,r_42_147_175,r_96_123_178,0.53,0,178,178,79
9,r_125_148_105,r_59_95_93,seq56,r_125_148_105,0.79,0,105,105,79
28,r_99_9_90,seq19,seq5,r_99_9_90,1.0,0,90,90,79
1,r_54_37_57,r_18_52_72,seq126,r_54_37_57,1.0,0,57,57,79
49,r_62_132_134,r_41_28_184,seq38,r_62_132_134,1.0,0,134,134,79
7,r_133_149_87,r_42_147_175,seq141,r_133_149_87,1.0,0,87,87,79
44,r_31_111_144,seq24,r_96_123_178,r_31_111_144,0.51,0,144,144,79
23,r_41_28_184,r_0_65_92,r_135_145_46,r_41_28_184,0.95,-92,92,184,79
82,seq80,r_41_28_184,r_6_78_73,r_6_78_73,0.88,2,75,73,79
35,r_96_123_178,seq83,r_31_111_144,r_31_111_144,0.94,8,152,144,79
12,r_122_53_60,seq44,seq11,r_122_53_60,1.0,0,60,60,79
23,r_41_28_184,r_135_145_46,r_49_35_177,r_135_145_46,0.97,138,184,46,79
24,r_104_91_39,seq102,r_131_110_13,r_104_91_39,1.0,0,39,39,79
9,r_141_114_12,r_132_120_94,seq110,r_141_114_12,1.0,0,12,12,80
92,seq110,r_22_73_127,r_91_12_131,r_22_73_127,0.96,0,127,127,80
14,r_103_55_148,r_124_9_193,r_142_17_23,r_103_55_148,0.68,-2,146,148,80
8,r_102_32_117,seq72,seq119,r_102_32_117,0.95,0,117,117,80
53,seq3,seq68,r_23_143_26,r_23_143_26,0.98,140,166,26,80
43,r_122_101_100,seq113,seq53,r_122_101_100,1.0,0,100,100,80
86,seq96,r_56_108_78,r_132_120_94,r_56_108_78,0.6,6,84,78,80
21,r_19_37_146,r_86_134_20,seq2,r_19_37_146,0.86,0,146,146,80
39,r_145_111_33,r_130_74_171,r_95_28_176,r_145_111_33,0.28,143,176,33,80
42,r_57_98_84,seq135,seq117,r_57_98_84,0.74,1,85,84,80
31,r_50_47_39,seq21,r_85_63_180,r_50_47_39,1.0,-1,38,39,80
66,seq33,seq7,r_51_0_165,r_51_0_165,0.46,7,172,165,80
67,seq36,seq46,r_19_37_146,r_19_37_146,0.99,15,161,146,80
3,r_60_25_136,r_59_136_150,r_87_11_120,r_59_136_150,0.84,-13,137,150,80
19,r_142_17_23,r_146_18_192,r_48_34_74,r_142_17_23,0.96,1,24,23,80
24,r_80_65_28,seq14,r_115_43_47,r_80_65_28,0.54,25,53,28,80
37,r_144_49_59,seq107,r_142_17_23,r_144_49_59,1.0,0,59,59,80
63,seq21,r_132_120_94,r_137_8_48,r_137_8_48,0.98,10,58,48,80
26,r_91_12_131,seq46,seq110,r_91_12_131,0.4,22,153,131,80
78,seq69,r_85_63_180,r_50_47_39,r_50_47_39,0.79,135,174,39,80
0,r_52_104_141,seq68,r_118_40_139,r_52_104_141,0.94,0,141,141,80
11,r_130_74_171,r_145_111_33,r_97_88_40,r_97_88_40,0.98,136,176,40,80
20,r_87_11_120,seq112,r_77_61_95,r_87_11_120,0.99,0,120,120,80
13,r_148_76_70,r_48_34_74,r_97_88_40,r_148_76_70,0.83,0,70,70,80
57,seq10,seq119,r_23_143_26,r_23_143_26,0.84,85,111,26,80
6,r_48_34_74,r_148_76_70,r_22_73_127,r_148_76_70,0.81,75,145,70,80
46,r_35_90_51,r_48_34_74,r_86_134_20,r_86_134_20,1.0,31,51,20,80
63,seq21,r_50_47_39,r_132_120_94,r_50_47_39,0.93,-8,31,39,80
55,seq5,r_137_8_48,seq33,r_137_8_48,0.8,0,48,48,80
27,r_126_138_65,r_85_63_180,seq53,r_126_138_65,1.0,1,66,65,80
41,r_51_0_165,r_142_17_23,seq33,r_51_0_165,0.62,0,165,165,80
74,seq53,r_132_120_94,r_122_101_100,r_122_101_100,1.0,-1,99,100,80
29,r_81_26_87,seq45,seq1,r_81_26_87,0.92,2,89,87,80
48,r_115_43_47,r_103_55_148,r_80_65_28,r_115_43_47,0.98,0,47,47,80
25,r_131_78_81,seq105,seq5,r_131_78_81,1.0,0,81,81,80
33,r_123_71_83,seq133,seq128,r_123_71_83,1.0,0,83,83,80
16,r_30_70_58,seq36,seq72,r_30_70_58,0.97,-10,48,58,80
64,seq27,seq53,r_48_34_74,r_48_34_74,0.99,29,103,74,80
68,seq39,r_132_120_94,r_59_136_150,r_59_136_150,0.59,2,152,150,80
61,seq16,r_77_61_95,r_56_108_78,r_77_61_95,0.98,0,95,95,80
32,r_129_62_13,r_118_40_139,seq100,r_129_62_13,0.55,131,144,13,80
38,r_77_61_95,seq16,r_123_71_83,r_77_61_95,1.0,0,95,95,80
34,r_56_108_78,seq96,seq53,r_56_108_78,0.41,6,84,78,80
15,r_23_143_26,seq33,seq10,r_23_143_26,0.98,0,26,26,80
40,r_137_8_48,seq5,seq21,r_137_8_48,1.0,0,48,48,80
45,r_31_67_57,r_29_149_175,r_142_17_23,r_31_67_57,1.0,-5,52,57,80
17,r_118_40_139,r_129_62_13,r_52_104_141,r_52_104_141,0.84,2,143,141,80
41,r_51_0_165,r_48_34_74,r_142_17_23,r_142_17_23,0.57,1,24,23,80
31,r_50_47_39,r_85_63_180,r_24_38_129,r_50_47_39,0.86,109,148,39,80
22,r_95_28_176,r_85_63_180,r_145_111_33,r_95_28_176,0.53,0,176,176,80
44,r_59_136_150,seq2,seq39,r_59_136_150,0.84,0,150,150,80
23,r_82_93_113,seq94,seq133,r_82_93_113,0.97,0,113,113,80
35,r_24_38_129,seq2,r_50_47_39,r_50_47_39,0.99,92,131,39,80
19,r_142_17_23,r_48_34_74,r_144_49_59,r_142_17_23,0.62,53,76,23,80
30,r_21_0_97,seq87,seq104,r_21_0_97,1.0,0,97,97,81
36,r_40_111_61,r_97_28_191,seq38,r_40_111_61,1.0,-1,60,61,81
14,r_23_147_95,seq77,seq49,r_23_147_95,0.99,1,96,95,81
8,r_82_98_80,r_46_2_160,r_80_7_8,r_82_98_80,1.0,-2,78,80,81
43,r_32_13_130,seq106,seq63,r_32_13_130,0.91,2,132,130,81
86,seq83,r_95_47_187,r_81_29_135,r_81_29_135,0.97,53,188,135,81
5,r_116_130_167,seq45,seq50,r_116_130_167,0.55,7,174,167,81
45,r_25_137_82,r_81_29_135,seq68,r_25_137_82,0.83,2,84,82,81
40,r_122_71_56,seq33,seq66,r_122_71_56,1.0,0,56,56,81
66,seq48,seq118,r_149_143_65,r_149_143_65,0.97,65,130,65,81
35,r_96_119_60,r_133_103_186,seq118,r_96_119_60,1.0,-2,58,60,81
31,r_92_148_114,r_32_13_130,seq76,r_92_148_114,1.0,1,115,114,81
56,seq144,seq51,r_80_7_8,r_80_7_8,0.82,20,28,8,81
3,r_59_3_120,r_81_29_135,r_15_55_81,r_59_3_120,0.96,0,120,120,81
10,r_128_1_146,seq60,r_100_56_178,r_100_56_178,0.6,-32,146,178,81
26,r_135_39_91,seq106,seq139,r_135_39_91,1.0,0,91,91,81
9,r_9_102_24,r_18_52_112,seq50,r_9_102_24,0.95,1,25,24,81
4,r_81_29_135,r_59_3_120,seq129,r_81_29_135,1.0,-1,134,135,81
0,r_109_43_121,seq33,seq60,r_109_43_121,0.97,1,122,121,81
48,r_85_142_122,seq27,r_21_0_97,r_21_0_97,0.98,31,128,97,81
6,r_8_22_101,r_32_13_130,seq70,r_8_22_101,0.94,0,101,101,81
11,r_42_120_49,r_58_132_195,seq104,r_42_120_49,1.0,0,49,49,81
32,r_67_90_51,r_58_132_195,seq70,r_67_90_51,1.0,0,51,51,81
27,r_88_113_173,seq27,r_46_2_160,r_88_113_173,0.62,3,176,173,81
51,seq4,seq87,r_94_145_170,r_94_145_170,0.72,3,173,170,81
16,r_73_20_28,r_99_16_153,seq106,r_73_20_28,0.95,0,28,28,81
2,r_15_55_81,seq146,seq121,r_15_55_81,1.0,0,81,81,81
47,r_17_11_180,seq105,r_109_43_121,r_109_43_121,0.97,62,183,121,81
10,r_128_1_146,r_100_56_178,seq19,r_100_56_178,0.89,2,180,178,81
18,r_18_52_112,seq19,r_58_132_195,r_18_52_112,0.83,2,114,112,81
96,seq118,seq48,r_96_119_60,r_96_119_60,0.96,-3,57,60,81
24,r_69_89_109,r_126_127_190,r_21_0_97,r_126_127_190,0.87,-81,109,190,81
34,r_46_2_160,r_94_145_170,r_122_71_56,r_122_71_56,0.52,104,160,56,81
25,r_140_37_102,seq10,r_149_143_65,r_140_37_102,0.99,2,104,102,81
19,r_6_84_11,seq129,seq51,r_6_84_11,0.9,0,11,11,81
64,seq38,r_18_52_112,r_40_111_61,r_40_111_61,0.74,4,65,61,81
70,seq53,r_126_127_190,r_122_71_56,r_122_71_56,1.0,134,190,56,81
38,r_44_101_89,r_32_13_130,r_107_74_3,r_44_101_89,0.9,2,91,89,81
34,r_46_2_160,r_82_98_80,r_94_145_170,r_82_98_80,1.0,-14,66,80,81
51,seq4,r_57_14_73,seq87,r_57_14_73,1.0,-23,50,73,81
60,seq27,r_88_113_173,r_149_143_65,r_149_143_65,0.84,111,176,65,81
17,r_149_143_65,seq104,seq27,r_149_143_65,1.0,-3,62,65,81
22,r_95_47_187,seq83,r_42_120_49,r_42_120_49,0.68,138,187,49,81
28,r_134_12_182,seq54,r_141_86_111,r_141_86_111,0.55,71,182,111,81
49,r_57_14_73,seq4,seq70,r_57_14_73,1.0,0,73,73,81
44,r_78_34_2,r_99_16_153,seq77,r_99_16_153,0.9,0,153,153,81
23,r_126_127_190,seq53,r_81_29_135,r_81_29_135,0.9,55,190,135,81
84,seq77,r_23_147_95,r_78_34_2,r_23_147_95,1.0,-6,89,95,81
36,r_75_134_132,r_127_118_141,seq27,r_127_118_141,0.61,-2,139,141,82
14,r_44_91_68,seq69,seq38,r_44_91_68,1.0,0,68,68,82
8,r_41_57_79,seq29,r_64_52_193,r_41_57_79,0.8,0,79,79,82
43,r_145_11_171,seq120,r_75_134_132,r_145_11_171,0.86,0,171,171,82
37,r_19_30_27,r_99_122_112,seq97,r_19_30_27,1.0,1,28,27,82
32,r_116_88_134,seq133,r_85_24_40,r_85_24_40,1.0,5,45,40,82
16,r_53_37_149,r_96_70_4,r_75_134_132,r_53_37_149,0.94,3,152,149,82
1,r_99_122_112,seq45,r_143_49_93,r_99_122_112,0.87,0,112,112,82
39,r_111_114_20,r_108_17_107,seq67,r_111_114_20,1.0,-2,18,20,82
5,r_144_14_166,seq117,r_115_98_80,r_144_14_166,0.94,0,166,166,82
80,seq63,r_101_121_78,r_15_137_174,r_101_121_78,0.63,0,78,78,82
32,r_116_88_134,r_85_24_40,seq129,r_116_88_134,0.94,7,141,134,82
45,r_106_40_65,r_141_3_95,seq66,r_106_40_65,1.0,1,66,65,82
33,r_85_24_40,r_116_88_134,seq142,r_116_88_134,0.81,7,141,134,82
13,r_86_126_26,r_64_52_193,seq12,r_86_126_26,0.97,0,26,26,82
31,r_127_118_141,seq76,r_96_70_4,r_127_118_141,0.94,3,144,141,82
41,r_143_49_93,seq34,seq6,r_143_49_93,1.0,0,93,93,82
11,r_81_39_34,seq2,seq36,r_81_39_34,1.0,0,34,34,82
26,r_100_147_87,r_124_71_24,seq63,r_100_147_87,0.9,0,87,87,82
4,r_96_70_4,r_53_37_149,r_127_118_141,r_96_70_4,0.85,148,152,4,82
0,r_15_137_174,seq123,r_81_39_34,r_15_137_174,0.8,0,174,174,82
98,seq123,r_15_137_174,r_90_60_67,r_90_60_67,1.0,107,174,67,82
80,seq63,r_15_137_174,r_100_147_87,r_15_137_174,0.63,-71,103,174,82
46,r_22_25_154,r_68_103_9,r_81_39_34,r_22_25_154,0.86,0,154,154,82
15,r_105_139_94,r_104_8_109,r_119_140_14,r_119_140_14,0.91,86,100,14,82
48,r_43_59_186,seq146,r_108_17_107,r_43_59_186,0.49,0,186,186,82
13,r_86_126_26,seq12,r_13_79_118,r_13_79_118,1.0,1,119,118,82
6,r_108_17_107,r_127_118_141,r_19_30_27,r_108_17_107,1.0,0,107,107,82
99,seq125,seq69,r_1_112_76,r_1_112_76,0.98,3,79,76,82
27,r_101_121_78,seq63,r_23_107_75,r_101_121_78,1.0,0,78,78,82
33,r_85_24_40,seq27,r_116_88_134,r_85_24_40,1.0,0,40,40,82
79,seq62,r_58_87_16,r_86_126_26,r_58_87_16,0.53,150,166,16,82
49,r_141_3_95,r_43_59_186,seq31,r_43_59_186,0.61,-76,110,186,82
47,r_104_8_109,r_94_9_195,r_131_113_60,r_131_113_60,1.0,58,118,60,82
40,r_131_113_60,seq50,r_104_8_109,r_131_113_60,1.0,0,60,60,82
18,r_130_77_73,r_149_84_184,seq83,r_130_77_73,1.0,0,73,73,82
29,r_26_128_116,seq129,seq136,r_26_128_116,1.0,1,117,116,82
24,r_13_79_118,seq83,r_86_126_26,r_13_79_118,1.0,0,118,118,82
25,r_90_60_67,r_22_25_154,seq123,r_90_60_67,1.0,-1,66,67,82
64,seq29,r_41_57_79,r_75_134_132,r_41_57_79,1.0,0,79,79,82
50,seq129,r_26_128_116,seq31,r_26_128_116,1.0,1,117,116,82
8,r_41_57_79,r_64_52_193,r_85_24_40,r_85_24_40,0.75,77,117,40,82
10,r_119_140_14,seq29,r_105_139_94,r_119_140_14,0.97,0,14,14,82
38,r_21_7_127,seq36,r_90_60_67,r_21_7_127,0.94,1,128,127,82
34,r_48_92_72,seq97,r_104_8_109,r_48_92_72,1.0,1,73,72,82
81,seq66,r_64_52_193,r_106_40_65,r_106_40_65,1.0,39,104,65,82
12,r_58_87_16,r_15_137_174,seq76,r_58_87_16,1.0,0,16,16,82
17,r_4_33_145,r_94_9_195,r_26_128_116,r_4_33_145,0.7,2,147,145,82
94,seq146,r_43_59_186,r_144_14_166,r_144_14_166,0.59,21,187,166,82
9,r_115_98_80,seq16,seq146,r_115_98_80,1.0,0,80,80,82
37,r_19_30_27,seq97,r_108_17_107,r_108_17_107,1.0,2,109,107,82
22,r_148_5_148,r_75_134_132,r_85_24_40,r_75_134_132,0.97,20,152,132,82
28,r_23_107_75,seq110,r_101_121_78,r_23_107_75,1.0,1,76,75,82
7,r_135_102_36,r_99_122_112,seq76,r_135_102_36,1.0,0,36,36,82
46,r_22_25_154,r_90_60_67,r_68_103_9,r_22_25_154,0.63,-126,28,154,82
49,r_141_3_95,r_106_40_65,r_43_59_186,r_106_40_65,0.99,1,66,65,82
44,r_1_112_76,r_108_17_107,seq125,r_1_112_76,0.96,0,76,76,82
8,r_41_57_79,r_85_24_40,r_106_40_65,r_41_57_79,0.55,82,161,79,82
79,seq62,r_144_14_166,r_58_87_16,r_58_87_16,0.46,65,81,16,82
35,r_0_32_74,r_115_98_80,seq110,r_0_32_74,1.0,1,75,74,82
23,r_68_103_9,r_22_25_154,seq28,r_22_25_154,1.0,0,154,154,82
23,r_125_19_37,seq93,seq42,r_125_19_37,1.0,1,38,37,83
8,r_14_24_109,r_20_119_136,seq80,r_14_24_109,0.8,0,109,109,83
43,r_127_121_77,seq91,r_110_51_6,r_127_121_77,0.97,2,79,77,83
54,seq6,r_108_65_75,r_116_30_62,r_116_30_62,1.0,10,72,62,83
37,r_36_16_139,seq69,seq1,r_36_16_139,0.82,0,139,139,83
26,r_144_45_17,r_131_56_90,seq107,r_144_45_17,0.93,-1,16,17,83
21,r_101_74_96,seq138,seq147,r_101_74_96,0.99,2,98,96,83
97,seq120,r_61_38_189,r_144_45_17,r_144_45_17,0.62,172,189,17,83
20,r_83_135_105,r_73_10_148,seq43,r_73_10_148,1.0,0,148,148,83
5,r_75_89_98,seq136,seq91,r_75_89_98,0.94,0,98,98,83
42,r_122_118_152,seq112,r_76_34_54,r_122_118_152,0.86,0,152,152,83
45,r_73_10_148,r_83_135_105,r_57_103_12,r_73_10_148,1.0,0,148,148,83
14,r_60_129_42,seq147,seq136,r_60_129_42,0.94,-1,41,42,83
24,r_72_88_149,r_144_45_17,seq44,r_72_88_149,0.57,0,149,149,83
64,seq147,r_60_129_42,r_71_32_5,r_60_129_42,0.99,-1,41,42,83
34,r_63_84_22,r_105_8_2,seq128,r_63_84_22,1.0,0,22,22,83
41,r_27_33_92,seq80,seq42,r_27_33_92,0.99,0,92,92,83
45,r_73_10_148,r_96_49_26,seq43,r_96_49_26,0.97,0,26,26,83
16,r_124_21_9,seq2,r_81_70_32,r_81_70_32,0.98,119,151,32,83
4,r_113_109_176,seq15,r_127_121_77,r_127_121_77,0.93,101,178,77,83
0,r_131_56_90,seq90,r_50_46_14,r_131_56_90,0.86,5,95,90,83
11,r_64_134_104,seq59,seq94,r_64_134_104,0.99,0,104,104,83
20,r_83_135_105,seq123,r_73_10_148,r_83_135_105,0.9,1,106,105,83
15,r_3_26_1,r_47_142_182,r_96_49_26,r_96_49_26,0.76,157,183,26,83
48,r_53_115_146,seq0,r_36_16_139,r_36_16_139,1.0,8,147,139,83
13,r_55_82_53,r_71_32_5,r_25_146_199,r_55_82_53,1.0,0,53,53,83
9,r_76_34_54,seq145,r_4_100_25,r_76_34_54,1.0,1,55,54,83
6,r_140_85_162,seq123,r_57_103_12,r_140_85_162,0.74,0,162,162,83
19,r_99_23_29,r_66_98_97,seq2,r_99_23_29,0.88,0,29,29,83
47,r_39_68_11,r_131_56_90,r_110_51_6,r_39_68_11,1.0,-1,10,11,83
27,r_149_22_81,r_67_12_155,seq91,r_149_22_81,0.9,0,81,81,83
1,r_71_32_5,r_55_82_53,seq97,r_55_82_53,1.0,0,53,53,83
2,r_116_30_62,r_67_12_155,seq6,r_116_30_62,1.0,0,62,62,83
40,r_108_65_75,r_4_100_25,seq90,r_108_65_75,0.73,-9,66,75,83
74,seq59,r_64_134_104,seq62,r_64_134_104,0.87,0,104,104,83
18,r_67_12_155,r_149_22_81,seq80,r_149_22_81,1.0,0,81,81,83
29,r_52_35_135,r_36_16_139,seq147,r_36_16_139,0.99,0,139,139,83
46,r_81_70_32,seq5,r_124_21_9,r_81_70_32,0.82,1,33,32,83
25,r_139_143_59,seq37,r_3_26_1,r_139_143_59,1.0,1,60,59,83
33,r_111_31_157,seq58,r_124_21_9,r_111_31_157,0.65,0,157,157,83
68,seq42,seq137,r_125_19_37,r_125_19_37,1.0,72,109,37,83
52,seq2,r_11_132_183,r_67_12_155,r_67_12_155,0.6,3,158,155,83
64,seq147,r_71_32_5,r_101_74_96,r_101_74_96,0.98,11,107,96,83
75,seq138,r_101_74_96,seq94,r_101_74_96,1.0,2,98,96,83
45,r_73_10_148,seq43,r_83_135_105,r_83_135_105,0.99,1,106,105,83
17,r_47_142_182,r_3_26_1,r_76_34_54,r_76_34_54,0.66,129,183,54,83
22,r_4_100_25,r_108_65_75,r_76_34_54,r_76_34_54,0.96,22,76,54,83
28,r_61_38_189,seq120,r_27_33_92,r_61_38_189,0.31,0,189,189,83
24,r_72_88_149,seq79,r_144_45_17,r_144_45_17,0.98,-2,15,17,83
49,r_25_146_199,r_101_74_96,r_55_82_53,r_25_146_199,1.0,-129,70,199,83
18,r_67_12_155,seq80,seq2,r_67_12_155,0.9,1,156,155,83
84,seq90,seq42,r_108_65_75,r_108_65_75,0.91,-24,51,75,83
82,seq86,r_20_119_136,seq44,r_20_119_136,1.0,0,136,136,83
10,r_96_49_26,r_73_10_148,seq93,r_96_49_26,1.0,-2,24,26,83
35,r_77_29_131,r_53_115_146,seq54,r_77_29_131,0.7,2,133,131,83
12,r_20_119_136,seq86,r_75_89_98,r_20_119_136,0.98,0,136,136,83
85,seq91,r_55_82_53,r_75_89_98,r_75_89_98,0.96,2,100,98,83
30,r_121_76_115,r_12_103_157,seq13,r_121_76_115,0.7,0,115,115,84
36,r_5_96_61,r_121_76_115,r_43_146_12,r_121_76_115,1.0,-35,80,115,84
8,r_94_81_119,seq23,seq131,r_94_81_119,0.96,0,119,119,84
53,seq131,r_92_34_164,r_63_115_126,r_92_34_164,1.0,-37,127,164,84
43,r_116_45_117,seq82,seq9,r_116_45_117,0.91,6,123,117,84
33,r_129_35_16,r_88_99_111,seq71,r_129_35_16,0.97,0,16,16,84
83,seq79,r_119_138_77,r_0_56_112,r_119_138_77,1.0,1,78,77,84
39,r_58_97_121,seq13,r_91_20_147,r_58_97_121,0.66,26,147,121,84
25,r_74_144_123,r_43_146_12,seq141,r_74_144_123,1.0,0,123,123,84
46,r_52_69_103,seq72,r_29_126_72,r_52_69_103,1.0,1,104,103,84
14,r_73_104_45,r_92_34_164,seq61,r_73_104_45,1.0,1,46,45,84
19,r_21_108_169,seq1,r_94_81_119,r_94_81_119,0.59,50,169,119,84
95,seq117,r_10_80_116,r_142_120_134,r_10_80_116,0.99,0,116,116,84
76,seq66,r_109_89_159,seq141,r_109_89_159,0.5,0,159,159,84
31,r_10_80_116,seq117,r_52_69_103,r_52_69_103,0.52,10,113,103,84
3,r_137_55_107,seq33,seq131,r_137_55_107,1.0,0,107,107,84
4,r_85_26_127,seq134,r_116_45_117,r_116_45_117,0.91,10,127,117,84
0,r_84_132_118,r_94_81_119,r_10_80_116,r_84_132_118,0.93,0,118,118,84
11,r_142_120_134,seq117,seq68,r_142_120_134,0.94,3,137,134,84
15,r_135_114_165,seq4,seq110,r_135_114_165,0.68,0,165,165,84
48,r_127_11_1,seq128,r_0_56_112,r_0_56_112,1.0,15,127,112,84
5,r_19_18_178,seq72,r_86_87_5,r_19_18_178,0.48,1,179,178,84
42,r_27_133_34,r_19_18_178,seq62,r_27_133_34,0.95,-2,32,34,84
27,r_0_56_112,seq79,r_127_11_1,r_0_56_112,1.0,0,112,112,84
2,r_107_51_105,r_64_57_196,seq30,r_107_51_105,0.95,2,107,105,84
41,r_101_17_15,r_91_20_147,r_46_48_76,r_46_48_76,0.83,71,147,76,84
47,r_106_78_98,r_130_28_101,seq53,r_130_28_101,0.98,-3,98,101,84
18,r_42_50_182,r_88_99_111,r_64_57_196,r_88_99_111,0.98,-26,85,111,84
1,r_145_149_22,r_142_120_134,seq112,r_145_149_22,1.0,0,22,22,84
24,r_36_67_67,seq110,seq82,r_36_67_67,1.0,0,67,67,84
25,r_74_144_123,r_130_28_101,r_43_146_12,r_130_28_101,0.98,-24,77,101,84
4,r_85_26_127,r_116_45_117,r_73_104_45,r_85_26_127,0.5,15,142,127,84
64,seq30,r_41_147_180,r_107_51_105,r_107_51_105,0.9,49,154,105,84
28,r_6_60_10,r_84_132_118,r_121_76_115,r_6_60_10,0.94,0,10,10,84
58,seq13,r_58_97_121,r_130_28_101,r_130_28_101,0.94,24,125,101,84
70,seq53,r_12_103_157,r_106_78_98,r_106_78_98,0.54,53,151,98,84
68,seq47,r_88_99_111,r_39_139_124,r_88_99_111,0.99,0,111,111,84
32,r_46_48_76,seq134,r_101_17_15,r_46_48_76,1.0,1,77,76,84
38,r_64_57_196,r_107_51_105,seq47,r_107_51_105,0.99,0,105,105,84
34,r_29_126_72,seq4,seq32,r_29_126_72,0.99,2,74,72,84
41,r_101_17_15,seq59,r_91_20_147,r_101_17_15,0.89,0,15,15,84
5,r_19_18_178,r_27_133_34,seq72,r_19_18_178,0.62,-140,38,178,84
17,r_130_28_101,r_74_144_123,seq13,r_130_28_101,0.99,2,103,101,84
94,seq113,r_25_83_148,r_119_138_77,r_119_138_77,1.0,0,77,77,84
9,r_92_34_164,seq131,seq70,r_92_34_164,0.9,0,164,164,84
21,r_148_136_18,seq61,seq98,r_148_136_18,0.72,7,25,18,84
28,r_6_60_10,r_121_76_115,r_106_78_98,r_121_76_115,0.93,0,115,115,84
29,r_91_20_147,r_101_17_15,r_58_97_121,r_91_20_147,0.78,0,147,147,84
49,r_14_143_130,seq1,seq141,r_14_143_130,0.83,0,130,130,84
18,r_42_50_182,r_64_57_196,r_73_104_45,r_64_57_196,0.54,-13,183,196,84
44,r_25_83_148,seq113,seq117,r_25_83_148,0.54,0,148,148,84
35,r_119_138_77,seq79,seq113,r_119_138_77,1.0,1,78,77,84
29,r_91_20_147,r_127_11_1,r_101_17_15,r_101_17_15,0.96,0,15,15,84
93,seq114,seq29,r_33_10_74,r_33_10_74,1.0,52,126,74,85
30,r_44_81_114,seq67,seq37,r_44_81_114,0.99,0,114,114,85
92,seq110,r_89_68_116,r_77_135_97,r_77_135_97,1.0,28,125,97,85
8,r_108_113_145,seq84,r_77_135_97,r_108_113_145,0.88,0,145,145,85
53,seq3,r_91_17_100,r_59_78_77,r_91_17_100,0.66,0,100,100,85
37,r_28_75_149,seq95,r_103_134_10,r_28_75_149,0.63,2,151,149,85
16,r_142_56_90,r_89_68_116,r_53_11_20,r_142_56_90,0.92,0,90,90,85
39,r_51_73_109,seq107,seq138,r_51_73_109,1.0,0,109,109,85
1,r_91_17_100,seq3,r_69_21_30,r_91_17_100,0.99,0,100,100,85
23,r_31_19_19,r_116_127_153,r_126_45_176,r_31_19_19,0.99,0,19,19,85
5,r_59_78_77,r_131_141_174,seq3,r_59_78_77,0.91,4,81,77,85
46,r_132_130_105,r_106_66_132,seq115,r_132_130_105,1.0,0,105,105,85
42,r_33_10_74,r_106_66_132,seq114,r_33_10_74,1.0,0,74,74,85
43,r_79_129_40,seq25,seq88,r_79_129_40,1.0,0,40,40,85
31,r_1_16_29,seq125,r_60_98_4,r_1_16_29,1.0,0,29,29,85
69,seq37,r_131_141_174,r_44_81_114,r_44_81_114,1.0,19,133,114,85
45,r_32_72_126,r_13_109_169,seq148,r_32_72_126,0.71,0,126,126,85
78,seq74,r_60_98_4,r_149_46_33,r_149_46_33,1.0,10,43,33,85
34,r_85_18_8,r_123_15_156,seq27,r_85_18_8,0.91,2,10,8,85
3,r_13_109_169,r_32_72_126,seq25,r_32_72_126,0.96,1,127,126,85
28,r_53_11_20,r_1_16_29,seq88,r_53_11_20,0.95,0,20,20,85
66,seq30,seq105,r_31_19_19,r_31_19_19,0.91,6,25,19,85
4,r_116_127_153,r_26_102_158,r_44_81_114,r_116_127_153,0.46,0,153,153,85
0,r_93_122_106,seq30,r_80_20_21,r_93_122_106,0.99,0,106,106,85
63,seq25,r_69_21_30,seq14,r_69_21_30,0.51,44,74,30,85
11,r_77_135_97,seq0,r_55_54_110,r_77_135_97,0.98,1,98,97,85
20,r_57_76_148,seq4,seq24,r_57_76_148,0.99,0,148,148,85
15,r_117_43_101,seq119,r_77_135_97,r_117_43_101,1.0,0,101,101,85
48,r_120_52_159,seq90,r_93_122_106,r_93_122_106,0.74,58,164,106,85
57,seq138,seq124,r_51_73_109,r_51_73_109,0.99,0,109,109,85
13,r_69_21_30,r_106_66_132,r_91_17_100,r_69_21_30,0.97,97,127,30,85
6,r_137_23_125,r_63_104_129,seq125,r_137_23_125,0.98,0,125,125,85
27,r_106_66_132,seq34,seq61,r_106_66_132,1.0,0,132,132,85
22,r_149_46_33,seq14,seq74,r_149_46_33,1.0,0,33,33,85
25,r_126_45_176,seq105,r_31_19_19,r_31_19_19,0.99,6,25,19,85
40,r_82_145_80,r_57_76_148,seq96,r_57_76_148,0.98,-70,78,148,85
74,seq61,r_93_122_106,r_126_45_176,r_93_122_106,0.86,-27,79,106,85
47,r_58_111_56,seq138,r_80_20_21,r_58_111_56,1.0,0,56,56,85
18,r_6_112_63,seq29,seq115,r_6_112_63,1.0,1,64,63,85
10,r_80_20_21,r_57_76_148,seq38,r_80_20_21,1.0,1,22,21,85
33,r_123_15_156,seq96,seq95,r_123_15_156,0.96,0,156,156,85
61,seq148,seq124,r_32_72_126,r_32_72_126,1.0,28,154,126,85
32,r_89_68_116,seq110,r_8_12_57,r_8_12_57,0.98,68,125,57,85
38,r_7_47_141,seq97,seq94,r_7_47_141,0.96,0,141,141,85
52,seq2,r_147_140_178,r_64_70_87,r_64_70_87,1.0,13,100,87,85
29,r_71_39_53,seq143,seq3,r_71_39_53,0.76,-1,52,53,85
21,r_8_12_57,seq27,seq83,r_8_12_57,0.96,0,57,57,85
17,r_131_141_174,r_59_78_77,seq37,r_59_78_77,0.92,4,81,77,85
25,r_126_45_176,r_31_19_19,r_142_56_90,r_126_45_176,0.66,0,176,176,85
94,seq115,r_5_48_167,r_6_112_63,r_6_112_63,0.96,105,168,63,85
91,seq107,r_51_73_109,seq24,r_51_73_109,1.0,2,111,109,85
49,r_55_54_110,seq29,r_77_135_97,r_77_135_97,1.0,16,113,97,85
7,r_99_36_151,seq118,r_8_12_57,r_99_36_151,0.95,1,152,151,85
82,seq90,r_120_52_159,seq100,r_120_52_159,0.78,15,174,159,85
35,r_64_70_87,seq101,seq2,r_64_70_87,1.0,0,87,87,85
12,r_63_104_129,r_137_23_125,r_77_135_97,r_63_104_129,0.99,-4,125,129,85
13,r_69_21_30,seq25,r_106_66_132,r_69_21_30,0.81,0,30,30,85
23,r_31_19_19,r_126_45_176,seq30,r_126_45_176,0.86,0,176,176,85
51,seq3,r_128_64_137,r_61_77_189,r_128_64_137,0.99,-23,114,137,86
18,r_4_98_104,r_92_16_109,r_29_145_24,r_4_98_104,0.59,-84,20,104,86
14,r_11_84_126,seq121,r_139_114_53,r_11_84_126,0.99,0,126,126,86
8,r_148_71_91,r_128_64_137,r_75_42_192,r_148_71_91,0.99,2,93,91,86
53,seq5,r_143_82_150,r_81_69_70,r_81_69_70,0.95,30,100,70,86
43,r_20_113_112,r_52_19_140,seq24,r_20_113_112,1.0,2,114,112,86
42,r_129_7_57,r_57_80_139,r_139_114_53,r_129_7_57,1.0,0,57,57,86
37,r_107_35_188,seq93,r_63_102_55,r_63_102_55,0.64,134,189,55,86
86,seq93,r_110_68_160,seq48,r_110_68_160,0.82,1,161,160,86
16,r_97_109_106,seq10,seq18,r_97_109_106,0.99,0,106,106,86
1,r_92_16_109,r_110_68_160,seq94,r_92_16_109,0.79,4,113,109,86
5,r_52_19_140,seq66,seq28,r_52_19_140,0.8,1,141,140,86
74,seq40,r_63_102_55,r_143_82_150,r_63_102_55,1.0,0,55,55,86
46,r_72_83_128,seq25,seq37,r_72_83_128,0.99,0,128,128,86
80,seq66,r_52_19_140,seq99,r_52_19_140,0.98,1,141,140,86
45,r_128_64_137,r_45_36_124,r_63_102_55,r_45_36_124,0.89,13,137,124,86
19,r_143_82_150,seq5,seq118,r_143_82_150,0.93,0,150,150,86
41,r_144_59_155,r_133_79_171,r_139_114_53,r_139_114_53,0.83,103,156,53,86
3,r_57_80_139,r_127_95_105,r_4_98_104,r_127_95_105,0.76,0,105,105,86
10,r_120_60_110,seq131,r_54_9_177,r_120_60_110,0.99,5,115,110,86
26,r_22_96_121,r_111_140_162,r_148_71_91,r_148_71_91,0.61,33,124,91,86
18,r_4_98_104,r_29_145_24,r_75_42_192,r_75_42_192,0.74,-134,58,192,86
0,r_46_119_152,seq137,seq106,r_46_119_152,0.48,6,158,152,86
30,r_47_50_11,r_46_119_152,seq76,r_47_50_11,0.88,0,11,11,86
57,seq137,r_46_119_152,seq94,r_46_119_152,0.81,6,158,152,86
6,r_75_42_192,r_32_125_180,r_117_12_1,r_32_125_180,0.8,-29,151,180,86
17,r_108_49_30,seq27,r_73_62_89,r_108_49_30,1.0,1,31,30,86
27,r_110_68_160,seq93,seq116,r_110_68_160,0.73,1,161,160,86
4,r_29_145_24,seq137,seq28,r_29_145_24,0.87,-1,23,24,86
47,r_45_36_124,r_8_43_69,r_128_64_137,r_8_43_69,1.0,0,69,69,86
40,r_15_74_85,r_147_17_71,r_55_44_86,r_15_74_85,0.7,0,85,85,86
24,r_56_39_50,seq66,seq24,r_56_39_50,1.0,0,50,50,86
25,r_86_21_158,r_67_138_81,r_139_114_53,r_86_21_158,0.96,-77,81,158,86
33,r_2_85_170,r_73_62_89,r_70_123_17,r_2_85_170,0.71,0,170,170,86
65,seq24,r_56_39_50,r_20_113_112,r_20_113_112,1.0,-1,111,112,86
47,r_45_36_124,r_128_64_137,r_148_71_91,r_128_64_137,0.74,-7,130,137,86
21,r_63_102_55,seq40,seq51,r_63_102_55,0.82,0,55,55,86
18,r_4_98_104,seq38,r_26_130_163,r_26_130_163,0.99,14,177,163,86
61,seq18,seq41,r_97_109_106,r_97_109_106,1.0,8,114,106,86
38,r_133_79_171,seq51,r_139_114_53,r_133_79_171,0.77,0,171,171,86
34,r_55_44_86,r_86_21_158,r_15_74_85,r_55_44_86,0.85,-2,84,86,86
75,seq41,r_88_13_184,r_1_104_148,r_1_104_148,0.74,38,186,148,86
18,r_4_98_104,r_75_42_192,seq38,r_4_98_104,1.0,-2,102,104,86
2,r_139_114_53,r_8_43_69,r_47_50_11,r_139_114_53,1.0,0,53,53,86
25,r_86_21_158,r_139_114_53,seq132,r_86_21_158,0.99,-8,150,158,86
65,seq24,seq106,r_56_39_50,r_56_39_50,0.98,0,50,50,86
96,seq121,r_11_84_126,r_8_43_69,r_8_43_69,0.63,15,84,69,86
3,r_57_80_139,r_4_98_104,seq94,r_57_80_139,0.98,2,141,139,86
22,r_26_130_163,r_75_42_192,r_4_98_104,r_26_130_163,0.69,0,163,163,86
91,seq106,seq136,r_46_119_152,r_46_119_152,0.66,-18,134,152,86
49,r_81_69_70,seq103,seq5,r_81_69_70,1.0,0,70,70,86
44,r_91_33_151,r_14_100_196,seq10,r_91_33_151,0.94,0,151,151,86
94,seq116,seq149,r_110_68_160,r_110_68_160,0.97,7,167,160,86
79,seq65,seq146,r_67_138_81,r_67_138_81,1.0,3,84,81,86
35,r_111_140_162,seq30,r_52_19_140,r_111_140_162,0.83,0,162,162,86
12,r_67_138_81,r_86_21_158,seq65,r_67_138_81,1.0,0,81,81,86
40,r_114_37_30,r_99_16_132,r_12_46_69,r_114_37_30,0.96,65,95,30,87
30,r_116_95_173,r_11_27_177,r_69_47_113,r_69_47_113,0.69,1,114,113,87
36,r_73_103_2,seq107,r_43_134_31,r_43_134_31,1.0,114,145,31,87
14,r_26_148_99,r_75_128_130,r_104_91_70,r_104_91_70,0.97,0,70,70,87
8,r_122_87_95,r_8_109_65,seq23,r_8_109_65,0.87,1,66,65,87
9,r_149_49_34,seq140,seq71,r_149_49_34,1.0,0,34,34,87
54,seq9,r_88_44_185,r_138_139_27,r_88_44_185,0.47,-94,91,185,87
3,r_146_34_101,seq9,seq131,r_146_34_101,1.0,0,101,101,87
16,r_12_46_69,r_81_63_156,r_114_37_30,r_12_46_69,0.85,0,69,69,87
21,r_94_76_144,r_69_47_113,r_77_136_55,r_77_136_55,1.0,59,114,55,87
97,seq120,r_62_38_187,seq65,r_62_38_187,0.95,-97,90,187,87
5,r_69_47_113,r_94_76_144,r_116_95_173,r_69_47_113,0.53,1,114,113,87
46,r_81_63_156,seq129,r_106_67_97,r_81_63_156,0.52,0,156,156,87
45,r_62_38_187,seq64,r_119_70_23,r_62_38_187,0.56,0,187,187,87
19,r_106_67_97,seq50,seq53,r_106_67_97,0.95,0,97,97,87
13,r_119_70_23,seq107,seq85,r_119_70_23,0.96,-1,22,23,87
1,r_43_134_31,r_116_95_173,r_143_141_19,r_43_134_31,0.82,3,34,31,87
21,r_94_76_144,r_77_136_55,r_12_46_69,r_94_76_144,0.99,0,144,144,87
76,seq54,r_13_51_106,seq145,r_13_51_106,0.97,0,106,106,87
39,r_102_133_47,r_116_95_173,seq7,r_116_95_173,0.93,-18,155,173,87
31,r_74_55_104,seq61,r_149_49_34,r_74_55_104,1.0,0,104,104,87
26,r_66_31_174,r_30_57_189,seq35,r_30_57_189,0.49,-15,174,189,87
15,r_143_141_19,r_102_133_47,seq107,r_143_141_19,0.67,0,19,19,87
11,r_92_125_15,r_102_133_47,seq21,r_92_125_15,0.86,11,26,15,87
4,r_41_97_112,r_11_27_177,r_88_44_185,r_41_97_112,0.97,0,112,112,87
32,r_117_59_87,r_8_109_65,seq137,r_8_109_65,0.74,-24,41,65,87
0,r_4_100_59,r_56_48_108,r_77_136_55,r_4_100_59,0.63,5,64,59,87
8,r_122_87_95,seq23,r_12_46_69,r_122_87_95,0.67,0,95,95,87
48,r_111_42_74,r_88_44_185,seq3,r_111_42_74,0.67,0,74,74,87
49,r_83_79_46,seq9,r_110_123_165,r_110_123_165,0.76,2,167,165,87
3,r_146_34_101,seq10,seq9,r_146_34_101,0.53,-62,39,101,87
43,r_60_0_67,seq3,r_119_70_23,r_60_0_67,1.0,0,67,67,87
5,r_69_47_113,r_116_95_173,seq7,r_116_95_173,1.0,2,175,173,87
28,r_88_44_185,r_41_97_112,r_69_47_113,r_88_44_185,0.61,0,185,185,87
15,r_143_141_19,seq107,r_43_134_31,r_43_134_31,1.0,5,36,31,87
30,r_116_95_173,r_69_47_113,r_13_51_106,r_116_95_173,0.53,5,178,173,87
27,r_22_2_28,seq21,r_119_70_23,r_22_2_28,1.0,1,29,28,87
87,seq86,r_99_16_132,r_12_46_69,r_12_46_69,0.98,26,95,69,87
47,r_45_6_171,seq78,r_106_67_97,r_106_67_97,0.99,85,182,97,87
18,r_8_109_65,r_122_87_95,r_5_112_93,r_8_109_65,0.95,1,66,65,87
29,r_98_101_127,seq36,seq107,r_98_101_127,0.99,1,128,127,87
25,r_1_130_109,seq33,r_119_70_23,r_1_130_109,0.71,0,109,109,87
43,r_60_0_67,r_105_126_32,seq3,r_105_126_32,0.95,2,34,32,87
92,seq107,r_143_141_19,r_98_101_127,r_98_101_127,1.0,13,140,127,87
20,r_105_126_32,r_60_0_67,seq115,r_105_126_32,0.75,0,32,32,87
70,seq36,r_98_101_127,seq35,r_98_101_127,1.0,1,128,127,87
20,r_105_126_32,seq115,r_56_48_108,r_56_48_108,0.96,5,113,108,87
39,r_102_133_47,seq84,r_116_95_173,r_102_133_47,0.92,10,57,47,87
34,r_75_128_130,seq53,seq28,r_75_128_130,0.86,2,132,130,87
40,r_114_37_30,r_43_134_31,r_99_16_132,r_114_37_30,1.0,0,30,30,87
86,seq85,r_83_79_46,r_119_70_23,r_119_70_23,0.84,-1,22,23,87
12,r_20_52_53,r_98_101_127,seq93,r_20_52_53,0.8,6,59,53,87
6,r_138_139_27,seq147,seq9,r_138_139_27,0.83,0,27,27,87
28,r_88_44_185,seq9,r_41_97_112,r_41_97_112,0.52,25,137,112,87
22,r_30_57_189,r_72_17_196,r_4_100_59,r_4_100_59,0.95,131,190,59,87
28,r_88_44_185,r_111_42_74,seq9,r_111_42_74,1.0,0,74,74,87
14,r_26_148_99,r_104_91_70,seq147,r_26_148_99,0.7,6,105,99,87
7,r_13_51_106,seq54,r_56_48_108,r_13_51_106,0.9,6,112,106,87
23,r_56_48_108,seq65,r_105_126_32,r_56_48_108,0.91,3,111,108,87
41,r_77_136_55,seq3,r_4_100_59,r_77_136_55,1.0,0,55,55,87
79,seq64,r_62_38_187,r_58_18_169,r_58_18_169,0.82,5,174,169,87
35,r_99_16_132,seq71,seq3,r_99_16_132,1.0,0,132,132,87
30,r_52_8_177,seq98,r_56_81_12,r_52_8_177,0.29,0,177,177,88
14,r_135_113_165,r_102_28_143,seq116,r_102_28_143,0.45,1,144,143,88
14,r_135_113_165,seq116,r_99_88_110,r_135_113_165,0.83,-2,163,165,88
59,seq16,seq62,r_83_41_152,r_83_41_152,0.83,7,159,152,88
71,seq54,r_25_89_161,seq40,r_25_89_161,0.91,1,162,161,88
39,r_60_66_95,r_110_26_159,seq86,r_60_66_95,0.48,-1,94,95,88
97,seq119,r_19_142_150,r_99_88_110,r_99_88_110,0.89,44,154,110,88
5,r_84_45_111,seq94,seq100,r_84_45_111,0.86,0,111,111,88
46,r_19_142_150,seq119,seq0,r_19_142_150,0.62,4,154,150,88
42,r_44_6_80,seq128,seq111,r_44_6_80,0.99,0,80,80,88
2,r_77_23_147,seq132,r_137_37_116,r_77_23_147,0.88,7,154,147,88
95,seq115,r_126_127_148,r_104_122_141,r_104_122_141,0.96,17,158,141,88
66,seq40,r_79_58_183,r_104_122_141,r_104_122_141,0.92,42,183,141,88
38,r_110_26_159,seq116,r_17_134_70,r_110_26_159,0.82,0,159,159,88
31,r_79_58_183,seq40,r_33_59_50,r_33_59_50,0.68,133,183,50,88
19,r_96_11_93,r_17_134_70,seq51,r_96_11_93,0.87,1,94,93,88
7,r_118_120_134,r_87_3_35,r_18_39_19,r_118_120_134,0.52,-100,34,134,88
10,r_93_29_112,r_19_142_150,seq132,r_93_29_112,0.49,3,115,112,88
15,r_48_7_16,seq62,seq20,r_48_7_16,0.76,-1,15,16,88
26,r_143_95_66,seq34,r_87_3_35,r_87_3_35,0.9,33,68,35,88
4,r_141_53_65,r_1_76_169,r_69_70_48,r_1_76_169,0.88,-103,66,169,88
48,r_126_127_148,seq115,r_118_120_134,r_126_127_148,0.6,10,158,148,88
74,seq61,r_56_81_12,r_74_90_106,r_74_90_106,1.0,2,108,106,88
85,seq94,r_84_45_111,seq46,r_84_45_111,0.96,3,114,111,88
99,seq125,r_38_146_180,r_102_28_143,r_102_28_143,0.98,42,185,143,88
87,seq98,r_52_8_177,seq55,r_52_8_177,0.55,0,177,177,88
2,r_77_23_147,seq62,seq132,r_77_23_147,0.55,-47,100,147,88
47,r_50_140_6,r_64_32_175,r_35_78_115,r_35_78_115,1.0,62,177,115,88
40,r_71_149_89,seq61,r_104_122_141,r_71_149_89,0.93,-1,88,89,88
18,r_83_41_152,r_139_103_15,seq16,r_83_41_152,0.54,-36,116,152,88
29,r_131_30_82,r_71_149_89,seq67,r_131_30_82,0.94,2,84,82,88
19,r_96_11_93,r_33_59_50,r_17_134_70,r_33_59_50,0.74,1,51,50,88
8,r_117_68_27,r_79_58_183,seq20,r_117_68_27,0.94,2,29,27,88
25,r_74_90_106,seq67,seq61,r_74_90_106,0.84,0,106,106,88
27,r_18_39_19,r_137_37_116,r_118_120_134,r_18_39_19,0.89,-1,18,19,88
32,r_25_89_161,seq54,r_84_45_111,r_25_89_161,0.46,1,162,161,88
38,r_110_26_159,r_60_66_95,seq116,r_60_66_95,0.99,-7,88,95,88
9,r_33_59_50,r_96_11_93,seq62,r_33_59_50,1.0,1,51,50,88
81,seq80,seq31,r_104_122_141,r_104_122_141,0.98,-2,139,141,88
45,r_87_3_35,seq147,seq119,r_87_3_35,1.0,-2,33,35,88
0,r_36_43_22,seq132,seq136,r_36_43_22,0.95,-1,21,22,88
40,r_71_149_89,r_104_122_141,r_15_109_139,r_71_149_89,0.98,55,144,89,88
96,seq116,r_110_26_159,r_44_6_80,r_44_6_80,0.72,72,152,80,88
22,r_102_28_143,r_135_113_165,seq125,r_102_28_143,0.9,1,144,143,88
62,seq21,seq16,r_44_6_80,r_44_6_80,0.52,103,183,80,88
28,r_15_109_139,seq62,r_71_149_89,r_15_109_139,0.79,3,142,139,88
44,r_64_32_175,r_50_140_6,r_84_45_111,r_84_45_111,0.99,66,177,111,88
23,r_145_75_164,seq20,r_99_88_110,r_145_75_164,0.71,1,165,164,88
12,r_99_88_110,r_52_8_177,r_87_3_35,r_99_88_110,0.94,0,110,110,88
40,r_98_77_31,seq133,seq99,r_98_77_31,0.98,0,31,31,89
36,r_3_8_189,seq78,r_143_92_83,r_3_8_189,0.36,0,189,189,89
19,r_83_117_30,seq22,seq84,r_83_117_30,0.98,6,36,30,89
8,r_80_23_61,seq50,r_142_88_86,r_80_23_61,0.96,1,62,61,89
43,r_29_14_119,seq79,seq81,r_29_14_119,0.93,0,119,119,89
37,r_90_130_165,seq9,r_125_45_38,r_90_130_165,0.38,0,165,165,89
16,r_55_73_67,seq76,seq81,r_55_73_67,1.0,0,67,67,89
1,r_89_37_100,r_63_93_158,r_70_10_47,r_89_37_100,1.0,3,103,100,89
5,r_31_68_188,seq49,r_11_132_150,r_11_132_150,0.83,38,188,150,89
80,seq79,r_29_14_119,r_144_66_96,r_29_14_119,0.96,1,120,119,89
42,r_142_88_86,r_56_62_27,seq113,r_56_62_27,0.91,1,28,27,89
47,r_69_53_34,r_129_33_145,seq99,r_69_53_34,1.0,0,34,34,89
15,r_140_118_1,r_125_45_38,r_24_148_21,r_140_118_1,0.49,20,21,1,89
13,r_141_114_121,r_94_126_17,r_112_59_152,r_112_59_152,0.85,0,152,152,89
39,r_48_42_9,r_65_40_146,r_125_45_38,r_48_42_9,0.69,136,145,9,89
31,r_95_137_70,r_144_66_96,seq84,r_95_137_70,1.0,1,71,70,89
42,r_142_88_86,r_80_23_61,r_145_136_78,r_142_88_86,0.99,0,86,86,89
10,r_129_33_145,seq76,seq113,r_129_33_145,0.48,8,153,145,89
39,r_48_42_9,r_134_107_180,r_65_40_146,r_48_42_9,0.75,1,10,9,89
26,r_36_34_88,seq87,r_143_92_83,r_36_34_88,0.97,1,89,88,89
4,r_32_52_120,seq20,seq0,r_32_52_120,0.84,0,120,120,89
45,r_109_60_24,r_13_54_140,seq43,r_109_60_24,0.81,0,24,24,89
78,seq76,r_129_33_145,r_80_23_61,r_80_23_61,1.0,92,153,61,89
0,r_144_66_96,r_11_132_150,seq82,r_11_132_150,0.68,-51,99,150,89
87,seq99,seq12,r_98_77_31,r_98_77_31,1.0,2,33,31,89
73,seq67,seq7,r_139_27_136,r_139_27_136,0.99,6,142,136,89
29,r_128_108_65,r_65_40_146,r_125_45_38,r_125_45_38,0.98,3,41,38,89
83,seq84,seq43,r_83_117_30,r_83_117_30,1.0,8,38,30,89
20,r_134_107_180,seq91,r_90_130_165,r_90_130_165,0.62,16,181,165,89
13,r_141_114_121,seq78,r_94_126_17,r_141_114_121,0.75,0,121,121,89
48,r_121_86_63,seq75,seq7,r_121_86_63,0.95,0,63,63,89
57,seq138,r_145_136_78,r_89_37_100,r_89_37_100,1.0,2,102,100,89
33,r_96_115_115,seq133,seq71,r_96_115_115,0.82,-1,114,115,89
6,r_26_100_90,seq47,seq91,r_26_100_90,0.97,1,91,90,89
21,r_65_40_146,r_48_42_9,seq9,r_48_42_9,0.82,137,146,9,89
7,r_15_58_175,seq124,r_56_62_27,r_56_62_27,1.0,2,29,27,89
3,r_146_6_52,r_26_100_90,seq71,r_146_6_52,0.55,5,57,52,89
22,r_104_39_25,seq106,r_85_120_48,r_85_120_48,0.9,61,109,48,89
2,r_145_136_78,seq138,r_142_88_86,r_142_88_86,1.0,1,87,86,89
18,r_143_92_83,seq84,seq7,r_143_92_83,0.9,0,83,83,89
24,r_139_27_136,seq111,seq67,r_139_27_136,0.99,0,136,136,89
8,r_80_23_61,r_142_88_86,seq76,r_142_88_86,0.91,0,86,86,89
21,r_65_40_146,r_24_148_21,r_48_42_9,r_65_40_146,0.78,-136,10,146,89
64,seq30,seq138,r_142_88_86,r_142_88_86,1.0,1,87,86,89
61,seq20,r_32_52_120,seq81,r_32_52_120,1.0,0,120,120,89
52,seq131,r_112_59_152,r_55_73_67,r_55_73_67,1.0,87,154,67,89
11,r_125_45_38,r_3_8_189,r_48_42_9,r_125_45_38,1.0,0,38,38,89
34,r_63_93_158,seq84,seq2,r_63_93_158,0.59,0,158,158,89
25,r_24_148_21,r_65_40_146,r_140_118_1,r_24_148_21,0.89,0,21,21,89
42,r_142_88_86,seq113,r_80_23_61,r_80_23_61,0.64,10,71,61,89
29,r_128_108_65,r_125_45_38,seq74,r_128_108_65,1.0,0,65,65,89
30,r_85_120_48,seq84,r_104_39_25,r_85_120_48,0.81,0,48,48,89
17,r_11_132_150,r_101_1_191,r_65_40_146,r_11_132_150,0.73,0,150,150,89
28,r_56_62_27,r_142_88_86,r_15_58_175,r_56_62_27,0.98,1,28,27,89
44,r_13_54_140,seq12,seq102,r_13_54_140,0.91,0,140,140,89
22,r_104_39_25,r_31_68_188,seq106,r_104_39_25,0.94,0,25,25,89
9,r_94_126_17,r_15_58_175,seq127,r_94_126_17,0.65,1,18,17,89
23,r_21_57_166,seq67,r_17_38_131,r_17_38_131,0.64,35,166,131,89
82,seq82,seq4,r_144_66_96,r_144_66_96,0.85,4,100,96,89
79,seq78,r_3_8_189,r_55_73_67,r_55_73_67,1.0,122,189,67,89
12,r_17_38_131,r_90_130_165,seq50,r_17_38_131,0.59,0,131,131,89
40,r_85_80_76,r_58_124_137,seq89,r_58_124_137,1.0,0,137,137,90
36,r_127_131_154,seq17,r_75_16_131,r_127_131_154,0.63,0,154,154,90
13,r_37_1_51,r_40_143_95,r_70_72_74,r_37_1_51,0.56,46,97,51,90
66,seq33,seq49,r_138_68_47,r_138_68_47,1.0,8,55,47,90
14,r_139_129_98,seq7,seq30,r_139_129_98,1.0,0,98,98,90
43,r_21_103_135,seq90,seq42,r_21_103_135,0.98,1,136,135,90
45,r_123_116_7,r_43_102_22,seq46,r_123_116_7,0.77,3,10,7,90
37,r_117_147_24,seq132,seq51,r_117_147_24,1.0,0,24,24,90
3,r_43_102_22,r_19_53_64,seq95,r_43_102_22,0.93,0,22,22,90
86,seq92,r_6_31_101,seq130,r_6_31_101,1.0,0,101,101,90
16,r_84_9_149,seq120,seq99,r_84_9_149,0.46,1,150,149,90
21,r_75_16_131,seq99,r_87_27_110,r_75_16_131,0.83,0,131,131,90
1,r_65_66_168,seq111,r_96_48_150,r_65_66_168,0.56,1,169,168,90
5,r_19_53_64,seq130,r_15_113_26,r_19_53_64,1.0,1,65,64,90
46,r_60_81_114,seq95,seq99,r_60_81_114,0.9,1,115,114,90
10,r_91_88_48,seq51,seq29,r_91_88_48,1.0,0,48,48,90
13,r_37_1_51,r_96_48_150,r_40_143_95,r_37_1_51,0.99,0,51,51,90
38,r_50_133_173,seq89,r_58_124_137,r_58_124_137,0.74,36,173,137,90
31,r_47_112_60,seq46,seq49,r_47_112_60,0.99,0,60,60,90
41,r_52_145_189,r_107_105_155,r_14_35_32,r_14_35_32,1.0,32,64,32,90
28,r_138_68_47,seq149,seq33,r_138_68_47,1.0,0,47,47,90
0,r_86_3_79,r_84_9_149,seq29,r_86_3_79,1.0,0,79,79,90
11,r_126_83_164,seq46,r_70_72_74,r_70_72_74,0.64,90,164,74,90
20,r_61_18_85,r_121_118_1,r_117_147_24,r_61_18_85,0.92,1,86,85,90
15,r_58_124_137,seq98,r_85_80_76,r_85_80_76,1.0,4,80,76,90
9,r_15_113_26,r_8_4_33,r_19_53_64,r_15_113_26,0.5,49,75,26,90
6,r_20_109_97,seq49,seq92,r_20_109_97,1.0,0,97,97,90
13,r_37_1_51,r_70_72_74,r_2_71_146,r_2_71_146,0.85,9,155,146,90
33,r_39_148_35,r_19_53_64,r_117_147_24,r_39_148_35,1.0,2,37,35,90
85,seq90,r_21_103_135,seq0,r_21_103_135,0.97,2,137,135,90
12,r_137_110_56,seq23,seq64,r_137_110_56,0.99,0,56,56,90
47,r_69_104_83,r_93_134_174,seq73,r_69_104_83,1.0,4,87,83,90
40,r_85_80_76,seq130,r_58_124_137,r_85_80_76,1.0,-1,75,76,90
18,r_107_105_155,r_52_145_189,r_47_112_60,r_47_112_60,0.99,98,158,60,90
29,r_82_146_175,r_121_118_1,seq132,r_82_146_175,0.44,0,175,175,90
27,r_14_35_32,seq10,r_52_145_189,r_14_35_32,1.0,0,32,32,90
24,r_79_106_159,seq13,seq120,r_79_106_159,0.83,-1,158,159,90
19,r_26_135_11,r_87_27_110,seq111,r_26_135_11,0.81,0,11,11,90
74,seq51,r_91_88_48,r_117_147_24,r_91_88_48,0.55,0,48,48,90
15,r_58_124_137,r_85_80_76,seq64,r_58_124_137,1.0,0,137,137,90
44,r_136_28_30,seq64,seq22,r_136_28_30,1.0,0,30,30,90
65,seq30,seq23,r_139_129_98,r_139_129_98,1.0,0,98,98,90
68,seq140,r_65_66_168,r_142_125_86,r_142_125_86,0.96,25,111,86,90
4,r_74_24_36,seq141,seq122,r_74_24_36,0.84,6,42,36,90
32,r_38_32_65,seq141,seq10,r_38_32_65,1.0,0,65,65,90
38,r_50_133_173,r_70_72_74,seq89,r_70_72_74,1.0,0,74,74,90
77,seq59,r_144_41_66,seq111,r_144_41_66,0.47,60,126,66,90
9,r_15_113_26,seq67,r_8_4_33,r_15_113_26,0.61,7,33,26,90
34,r_6_31_101,seq92,seq0,r_6_31_101,1.0,0,101,101,90
75,seq55,seq122,r_78_34_134,r_78_34_134,0.99,9,143,134,90
60,seq17,r_127_131_154,seq89,r_127_131_154,0.64,0,154,154,90
17,r_142_125_86,r_6_31_101,seq140,r_142_125_86,0.99,0,86,86,90
30,r_96_48_150,seq92,r_65_66_168,r_65_66_168,0.7,8,176,168,90
22,r_70_72_74,r_63_115_49,r_37_1_51,r_70_72_74,1.0,0,74,74,90
49,r_144_41_66,seq59,seq122,r_144_41_66,0.75,6,72,66,90
7,r_78_34_134,seq49,seq55,r_78_34_134,0.96,0,134,134,90
23,r_77_57_91,r_6_31_101,r_14_35_32,r_77_57_91,0.99,2,93,91,90
35,r_2_71_146,seq59,r_37_1_51,r_37_1_51,0.95,93,144,51,90
84,seq89,r_50_133_173,r_63_115_49,r_50_133_173,0.37,0,173,173,90
36,r_48_149_132,seq0,seq24,r_48_149_132,0.98,1,133,132,91
29,r_56_110_46,seq137,seq13,r_56_110_46,1.0,0,46,46,91
37,r_59_99_163,seq115,seq134,r_59_99_163,0.72,0,163,163,91
10,r_14_36_191,r_45_58_26,seq92,r_45_58_26,0.93,0,26,26,91
10,r_14_36_191,seq92,r_50_133_80,r_14_36_191,0.76,-110,81,191,91
55,seq8,r_50_133_80,r_49_29_27,r_50_133_80,0.74,1,81,80,91
16,r_28_87_83,seq24,r_96_86_50,r_28_87_83,0.95,0,83,83,91
21,r_140_5_118,seq24,seq114,r_140_5_118,0.81,0,118,118,91
39,r_68_144_85,seq52,r_96_86_50,r_68_144_85,0.62,10,95,85,91
1,r_22_130_129,r_2_111_154,seq89,r_22_130_129,0.59,0,129,129,91
5,r_37_70_176,r_96_86_50,r_109_60_16,r_37_70_176,0.56,0,176,176,91
32,r_55_16_12,r_19_112_43,r_135_122_20,r_19_112_43,0.78,-13,30,43,91
31,r_2_111_154,r_98_118_190,r_90_80_141,r_98_118_190,0.86,-34,156,190,91
24,r_19_112_43,r_143_116_68,r_96_86_50,r_19_112_43,1.0,0,43,43,91
3,r_15_126_82,seq63,seq142,r_15_126_82,0.71,-4,78,82,91
8,r_121_95_60,r_145_107_133,seq114,r_121_95_60,1.0,-5,55,60,91
26,r_78_108_84,r_26_17_110,r_40_76_39,r_78_108_84,0.96,0,84,84,91
14,r_109_60_16,r_26_17_110,r_97_71_89,r_109_60_16,0.99,95,111,16,91
15,r_6_132_40,seq21,r_98_118_190,r_6_132_40,0.98,0,40,40,91
11,r_125_34_158,r_100_73_17,r_38_113_7,r_38_113_7,0.38,156,163,7,91
13,r_7_46_165,seq115,r_6_132_40,r_7_46_165,0.56,0,165,165,91
27,r_45_58_26,r_14_36_191,r_55_16_12,r_45_58_26,0.96,0,26,26,91
6,r_41_85_95,r_59_99_163,r_98_118_190,r_41_85_95,0.99,0,95,95,91
62,seq147,r_129_72_96,r_96_86_50,r_129_72_96,1.0,0,96,96,91
14,r_109_60_16,r_145_107_133,r_26_17_110,r_145_107_133,0.78,-114,19,133,91
0,r_40_76_39,r_23_12_179,r_78_108_84,r_78_108_84,1.0,5,89,84,91
0,r_40_76_39,r_121_95_60,r_23_12_179,r_121_95_60,0.82,-20,40,60,91
40,r_43_47_19,r_41_85_95,seq13,r_43_47_19,0.7,0,19,19,91
42,r_135_122_20,r_37_70_176,r_55_16_12,r_135_122_20,0.99,0,20,20,91
32,r_55_16_12,r_28_87_83,r_19_112_43,r_19_112_43,0.72,-31,12,43,91
74,seq137,r_84_105_192,r_90_80_141,r_90_80_141,0.99,20,161,141,91
7,r_49_29_27,r_19_112_43,r_119_103_3,r_19_112_43,0.65,-15,28,43,91
25,r_97_71_89,seq146,seq9,r_97_71_89,0.98,0,89,89,91
65,seq24,seq131,r_48_149_132,r_48_149_132,1.0,9,141,132,91
65,seq24,r_28_87_83,seq131,r_28_87_83,0.85,-15,68,83,91
38,r_66_138_81,seq137,r_23_12_179,r_66_138_81,1.0,0,81,81,91
44,r_64_123_42,r_26_17_110,seq94,r_64_123_42,0.99,0,42,42,91
47,r_127_18_14,r_15_126_82,r_119_103_3,r_127_18_14,1.0,-1,13,14,91
45,r_26_17_110,r_78_108_84,r_109_60_16,r_26_17_110,0.77,-76,34,110,91
34,r_143_116_68,seq117,r_109_60_16,r_143_116_68,0.99,0,68,68,91
45,r_26_17_110,r_109_60_16,seq114,r_26_17_110,1.0,1,111,110,91
81,seq75,r_84_105_192,r_90_80_141,r_90_80_141,0.97,19,160,141,91
9,r_129_72_96,seq147,seq4,r_129_72_96,0.85,0,96,96,91
96,seq114,r_62_51_169,r_140_5_118,r_140_5_118,0.95,1,119,118,91
22,r_57_120_79,r_23_12_179,r_143_116_68,r_57_120_79,0.95,-2,77,79,91
28,r_30_27_92,r_96_86_50,seq134,r_30_27_92,1.0,2,94,92,91
49,r_50_133_80,seq8,r_14_36_191,r_50_133_80,1.0,1,81,80,91
35,r_90_80_141,seq44,seq137,r_90_80_141,0.89,1,142,141,91
12,r_3_33_131,seq141,r_22_130_129,r_3_33_131,0.78,0,131,131,91
30,r_65_136_95,seq51,seq145,r_65_136_95,1.0,1,96,95,92
36,r_71_1_137,r_75_89_5,r_106_46_84,r_75_89_5,0.6,141,146,5,92
9,r_129_59_103,r_106_46_84,seq91,r_106_46_84,0.45,-36,48,84,92
14,r_109_31_150,seq29,r_54_44_126,r_109_31_150,0.76,5,155,150,92
8,r_126_141_147,seq143,r_79_24_142,r_126_141_147,0.98,0,147,147,92
43,r_25_85_149,seq103,seq5,r_25_85_149,0.72,1,150,149,92
54,seq145,r_36_72_8,r_65_136_95,r_65_136_95,1.0,2,97,95,92
83,seq98,seq76,r_58_96_176,r_58_96_176,0.56,2,178,176,92
19,r_139_81_119,seq45,r_2_18_127,r_139_81_119,0.88,13,132,119,92
16,r_106_46_84,r_75_89_5,seq104,r_106_46_84,0.66,4,88,84,92
1,r_132_110_99,r_130_120_154,seq113,r_132_110_99,0.85,0,99,99,92
46,r_57_30_83,seq60,seq145,r_57_30_83,1.0,0,83,83,92
20,r_55_93_189,r_126_141_147,r_66_102_21,r_66_102_21,0.71,-1,20,21,92
19,r_139_81_119,r_90_0_64,seq45,r_90_0_64,0.99,0,64,64,92
95,seq122,r_79_24_142,seq7,r_79_24_142,0.99,0,142,142,92
66,seq41,r_94_133_131,r_75_89_5,r_94_133_131,0.73,2,133,131,92
76,seq74,r_3_14_188,r_67_128_36,r_67_128_36,1.0,152,188,36,92
27,r_97_70_39,r_117_53_101,seq149,r_97_70_39,0.89,6,45,39,92
31,r_78_35_136,seq116,seq29,r_78_35_136,0.94,0,136,136,92
50,seq131,r_26_47_153,r_112_69_184,r_112_69_184,0.62,-157,27,184,92
3,r_114_63_128,r_87_13_193,r_95_49_100,r_87_13_193,0.92,-63,130,193,92
10,r_8_140_123,seq42,seq100,r_8_140_123,0.58,1,124,123,92
26,r_117_53_101,seq21,r_90_0_64,r_90_0_64,1.0,3,67,64,92
40,r_86_121_37,r_139_81_119,seq60,r_86_121_37,1.0,0,37,37,92
4,r_26_47_153,seq64,seq41,r_26_47_153,0.63,0,153,153,92
11,r_16_43_167,seq118,r_114_63_128,r_16_43_167,0.73,0,167,167,92
13,r_79_24_142,seq122,r_126_141_147,r_79_24_142,0.84,0,142,142,92
48,r_9_32_145,r_75_89_5,seq143,r_9_32_145,0.96,0,145,145,92
9,r_129_59_103,seq91,r_80_33_75,r_80_33_75,0.52,-2,73,75,92
49,r_22_84_58,seq100,r_94_133_131,r_94_133_131,0.59,11,142,131,92
85,seq100,r_87_13_193,r_8_140_123,r_8_140_123,0.66,18,141,123,92
2,r_66_102_21,r_55_93_189,r_126_141_147,r_126_141_147,0.87,42,189,147,92
9,r_129_59_103,seq145,r_106_46_84,r_129_59_103,0.3,-75,28,103,92
45,r_148_138_20,r_3_14_188,r_67_128_36,r_67_128_36,1.0,0,36,36,92
5,r_67_128_36,r_87_13_193,r_148_138_20,r_67_128_36,1.0,0,36,36,92
24,r_112_69_184,seq113,r_119_83_121,r_112_69_184,0.58,0,184,184,92
44,r_10_6_41,seq103,seq4,r_10_6_41,1.0,0,41,41,92
25,r_54_44_126,seq142,seq82,r_54_44_126,0.76,0,126,126,92
88,seq104,r_130_120_154,r_2_18_127,r_2_18_127,0.97,29,156,127,92
26,r_117_53_101,r_90_0_64,r_39_50_54,r_117_53_101,0.92,0,101,101,92
20,r_55_93_189,r_66_102_21,r_114_63_128,r_66_102_21,0.27,168,189,21,92
2,r_66_102_21,r_79_24_142,r_55_93_189,r_66_102_21,0.92,1,22,21,92
35,r_34_40_29,r_80_33_75,seq82,r_80_33_75,0.5,-46,29,75,92
32,r_39_50_54,r_75_89_5,seq142,r_39_50_54,0.88,9,63,54,92
38,r_73_146_157,seq116,r_97_70_39,r_73_146_157,0.76,4,161,157,92
12,r_108_11_52,seq21,r_90_0_64,r_90_0_64,0.95,10,74,64,92
34,r_90_0_64,r_139_81_119,r_108_11_52,r_90_0_64,1.0,0,64,64,92
12,r_108_11_52,r_8_140_123,seq21,r_108_11_52,0.6,1,53,52,92
9,r_129_59_103,r_80_33_75,r_67_128_36,r_129_59_103,0.98,0,103,103,92
22,r_48_68_50,seq76,seq12,r_48_68_50,1.0,0,50,50,92
96,seq123,r_2_18_127,seq61,r_2_18_127,0.95,5,132,127,92
0,r_127_144_31,r_117_53_101,seq45,r_127_144_31,0.98,0,31,31,92
28,r_94_133_131,seq41,r_22_84_58,r_94_133_131,0.74,2,133,131,92
91,seq113,r_112_69_184,r_132_110_99,r_132_110_99,0.83,20,119,99,92
49,r_22_84_58,seq45,seq100,r_22_84_58,0.86,3,61,58,92
7,r_2_18_127,seq123,r_139_81_119,r_2_18_127,0.64,5,132,127,92
51,seq2,seq115,r_149_126_131,r_149_126_131,0.64,20,151,131,93
36,r_131_19_132,r_12_13_174,r_38_80_66,r_12_13_174,0.51,-41,133,174,93
14,r_37_28_100,seq112,seq136,r_37_28_100,0.98,0,100,100,93
8,r_32_92_188,r_9_68_95,r_104_111_90,r_32_92_188,0.97,-93,95,188,93
37,r_128_71_91,seq55,seq52,r_128_71_91,0.99,1,92,91,93
54,seq136,r_76_22_37,r_37_28_100,r_37_28_100,1.0,14,114,100,93
16,r_36_109_69,r_93_11_71,r_127_100_187,r_36_109_69,0.82,1,70,69,93
1,r_104_111_90,r_116_145_123,seq65,r_104_111_90,0.89,1,91,90,93
46,r_91_129_121,r_127_100_187,r_97_84_119,r_97_84_119,0.66,2,121,119,93
42,r_23_69_185,r_125_138_81,r_53_102_89,r_53_102_89,1.0,8,97,89,93
10,r_118_49_195,r_54_8_111,r_58_7_13,r_118_49_195,0.77,-177,18,195,93
11,r_149_126_131,r_38_80_66,seq2,r_149_126_131,0.94,0,131,131,93
54,seq136,r_137_135_193,r_76_22_37,r_76_22_37,0.92,2,39,37,93
21,r_76_22_37,r_41_67_93,seq136,r_41_67_93,0.88,0,93,93,93
95,seq115,r_116_145_123,seq2,r_116_145_123,0.97,0,123,123,93
39,r_119_25_29,r_35_15_49,r_60_16_1,r_119_25_29,0.77,0,29,29,93
41,r_139_96_128,r_60_16_1,r_41_67_93,r_41_67_93,0.95,35,128,93,93
3,r_86_105_101,seq85,seq141,r_86_105_101,0.99,0,101,101,93
90,seq98,seq147,r_9_68_95,r_9_68_95,1.0,8,103,95,93
11,r_149_126_131,r_125_138_81,r_38_80_66,r_149_126_131,0.53,-63,68,131,93
26,r_110_17_141,seq108,r_36_109_69,r_36_109_69,0.88,77,146,69,93
8,r_32_92_188,r_104_111_90,r_53_102_89,r_32_92_188,0.32,0,188,188,93
16,r_36_109_69,r_127_100_187,r_110_17_141,r_110_17_141,0.64,-1,140,141,93
27,r_60_16_1,r_139_96_128,r_48_70_38,r_60_16_1,0.81,51,52,1,93
25,r_45_113_54,seq85,seq31,r_45_113_54,0.7,0,54,54,93
0,r_53_102_89,seq40,r_23_69_185,r_53_102_89,0.94,0,89,89,93
63,seq132,r_47_29_146,seq52,r_47_29_146,0.68,1,147,146,93
31,r_35_15_49,seq90,seq57,r_35_15_49,0.99,4,53,49,93
20,r_127_100_187,r_91_129_121,r_36_109_69,r_36_109_69,0.99,52,121,69,93
13,r_137_135_193,r_146_114_176,seq141,r_146_114_176,0.99,0,176,176,93
48,r_142_3_143,seq124,r_77_73_55,r_142_3_143,0.95,0,143,143,93
4,r_144_88_6,seq59,r_148_82_52,r_148_82_52,1.0,32,84,52,93
6,r_78_122_105,seq74,seq130,r_78_122_105,0.98,0,105,105,93
0,r_53_102_89,r_23_69_185,r_139_96_128,r_53_102_89,0.49,97,186,89,93
49,r_41_67_93,seq136,r_76_22_37,r_76_22_37,0.9,0,37,37,93
2,r_95_101_65,r_128_71_91,seq27,r_95_101_65,0.98,1,66,65,93
76,seq59,r_77_73_55,r_144_88_6,r_77_73_55,1.0,0,55,55,93
18,r_93_11_71,seq132,r_123_106_26,r_93_11_71,1.0,1,72,71,93
29,r_47_29_146,seq132,seq51,r_47_29_146,0.56,1,147,146,93
38,r_79_143_30,seq120,seq24,r_79_143_30,0.92,0,30,30,93
24,r_146_114_176,r_137_135_193,r_45_113_54,r_146_114_176,0.58,0,176,176,93
32,r_58_7_13,r_104_111_90,r_118_49_195,r_58_7_13,0.9,0,13,13,93
33,r_43_50_112,r_32_92_188,r_125_138_81,r_43_50_112,0.98,0,112,112,93
66,seq31,r_95_101_65,r_45_113_54,r_95_101_65,0.85,-17,48,65,93
20,r_127_100_187,r_36_109_69,r_123_106_26,r_127_100_187,0.92,1,188,187,93
68,seq134,r_54_8_111,seq51,r_54_8_111,1.0,-11,100,111,93
21,r_76_22_37,seq52,r_41_67_93,r_76_22_37,1.0,0,37,37,93
42,r_23_69_185,r_53_102_89,r_123_106_26,r_23_69_185,0.48,-4,181,185,93
44,r_48_70_38,seq147,r_60_16_1,r_48_70_38,0.95,-1,37,38,93
81,seq74,r_78_122_105,seq120,r_78_122_105,1.0,1,106,105,93
17,r_9_68_95,r_32_92_188,seq98,r_9_68_95,1.0,0,95,95,93
94,seq112,r_37_28_100,seq117,r_37_28_100,1.0,0,100,100,93
28,r_38_80_66,r_149_126_131,r_131_19_132,r_38_80_66,0.74,68,134,66,93
22,r_125_138_81,seq108,seq24,r_125_138_81,0.85,17,98,81,93
40,r_148_82_52,r_36_109_69,r_144_88_6,r_148_82_52,1.0,0,52,52,93
28,r_38_80_66,seq51,r_149_126_131,r_38_80_66,1.0,0,66,66,93
21,r_76_22_37,r_137_135_193,r_37_28_100,r_137_135_193,0.82,-24,169,193,93
21,r_76_22_37,seq136,r_137_135_193,r_137_135_193,0.65,-63,130,193,93
7,r_64_0_75,r_125_138_81,seq85,r_64_0_75,0.86,5,80,75,93
23,r_44_34_109,seq40,r_123_106_26,r_44_34_109,1.0,0,109,109,93
35,r_97_84_119,seq10,r_91_129_121,r_97_84_119,1.0,2,121,119,93
11,r_149_126_131,seq27,r_125_138_81,r_149_126_131,0.48,-89,42,131,93
12,r_54_8_111,seq134,r_64_0_75,r_54_8_111,0.64,0,111,111,93
49,r_41_67_93,r_76_22_37,seq124,r_41_67_93,1.0,0,93,93,93
19,r_26_20_21,seq4,seq1,r_26_20_21,0.7,0,21,21,93
5,r_77_73_55,seq59,seq10,r_77_73_55,1.0,0,55,55,93
23,r_119_50_52,seq52,seq80,r_119_50_52,1.0,0,52,52,94
30,r_37_5_163,seq82,r_97_63_36,r_37_5_163,0.56,1,164,163,94
44,r_66_75_74,r_101_109_167,r_4_29_68,r_101_109_167,0.65,0,167,167,94
14,r_115_41_63,r_117_149_147,seq81,r_115_41_63,0.95,0,63,63,94
8,r_124_60_96,r_2_86_144,seq27,r_124_60_96,0.87,2,98,96,94
43,r_9_12_128,r_61_72_136,r_7_102_162,r_7_102_162,0.81,-34,128,162,94
2,r_97_63_36,seq27,seq59,r_97_63_36,0.99,-3,33,36,94
21,r_84_25_187,seq90,r_97_63_36,r_97_63_36,0.95,152,188,36,94
39,r_108_92_105,r_57_123_33,seq43,r_108_92_105,0.71,8,113,105,94
20,r_31_39_30,seq27,seq21,r_31_39_30,0.58,28,58,30,94
5,r_2_86_144,seq0,seq82,r_2_86_144,0.87,0,144,144,94
42,r_20_40_72,r_9_12_128,r_97_63_36,r_20_40_72,0.97,-2,70,72,94
32,r_46_91_53,r_15_89_155,r_32_26_86,r_46_91_53,0.89,103,156,53,94
19,r_117_149_147,r_84_25_187,seq148,r_117_149_147,0.69,6,153,147,94
41,r_61_72_136,r_9_12_128,seq45,r_61_72_136,0.87,-1,135,136,94
3,r_144_23_84,r_62_94_166,r_129_134_89,r_129_134_89,0.6,4,93,89,94
37,r_133_6_58,r_7_102_162,seq113,r_133_6_58,1.0,1,59,58,94
26,r_47_85_170,r_44_145_92,r_32_26_86,r_32_26_86,0.54,84,170,86,94
73,seq52,seq135,r_44_145_92,r_44_145_92,0.98,8,100,92,94
11,r_143_18_173,r_131_74_198,r_4_29_68,r_131_74_198,0.57,-24,174,198,94
40,r_100_99_59,r_37_5_163,seq82,r_37_5_163,0.68,-52,111,163,94
47,r_15_89_155,r_37_5_163,r_46_91_53,r_46_91_53,0.85,1,54,53,94
13,r_110_53_71,r_129_134_89,seq139,r_110_53_71,0.76,0,71,71,94
15,r_3_70_103,seq138,seq21,r_3_70_103,0.85,-4,99,103,94
48,r_19_68_159,r_84_25_187,r_124_60_96,r_124_60_96,0.64,64,160,96,94
6,r_101_109_167,seq52,r_66_75_74,r_66_75_74,0.99,12,86,74,94
85,seq87,seq113,r_30_136_67,r_30_136_67,1.0,2,69,67,94
27,r_8_76_174,seq42,r_101_109_167,r_8_76_174,0.7,0,174,174,94
16,r_73_78_47,seq125,r_144_23_84,r_73_78_47,0.99,-8,39,47,94
28,r_7_102_162,r_9_12_128,seq140,r_7_102_162,0.97,0,162,162,94
87,seq90,r_84_25_187,seq88,r_84_25_187,0.63,-6,181,187,94
18,r_17_54_76,seq21,r_143_18_173,r_17_54_76,0.97,2,78,76,94
29,r_121_22_125,r_36_24_172,r_115_41_63,r_36_24_172,0.99,-46,126,172,94
24,r_93_71_131,r_11_48_186,r_44_145_92,r_44_145_92,0.41,15,107,92,94
25,r_129_134_89,r_2_86_144,r_144_23_84,r_129_134_89,0.94,0,89,89,94
4,r_95_126_32,seq52,seq141,r_95_126_32,0.8,-1,31,32,94
47,r_15_89_155,r_46_91_53,seq34,r_15_89_155,0.98,1,156,155,94
6,r_101_109_167,r_66_75_74,r_17_54_76,r_66_75_74,0.69,93,167,74,94
43,r_9_12_128,r_7_102_162,r_3_70_103,r_7_102_162,0.79,-6,156,162,94
28,r_7_102_162,r_133_6_58,seq21,r_7_102_162,0.77,-103,59,162,94
20,r_31_39_30,seq21,r_83_96_137,r_83_96_137,0.87,2,139,137,94
32,r_46_91_53,seq52,r_15_89_155,r_46_91_53,1.0,0,53,53,94
81,seq79,r_35_132_113,r_44_145_92,r_35_132_113,0.92,-23,90,113,94
9,r_44_145_92,seq148,seq52,r_44_145_92,0.56,-15,77,92,94
28,r_7_102_162,seq21,r_9_12_128,r_9_12_128,0.96,-5,123,128,94
36,r_104_16_41,seq146,r_144_23_84,r_104_16_41,0.99,0,41,41,94
49,r_30_136_67,r_37_5_163,seq87,r_30_136_67,1.0,0,67,67,94
56,seq139,r_36_24_172,r_110_53_71,r_110_53_71,1.0,113,184,71,94
7,r_32_26_86,r_14_33_193,r_46_91_53,r_32_26_86,0.77,-1,85,86,94
18,r_17_54_76,r_143_18_173,r_101_109_167,r_143_18_173,0.57,-3,170,173,94
44,r_66_75_74,seq113,r_101_109_167,r_66_75_74,1.0,0,74,74,94
35,r_131_74_198,r_143_18_173,r_119_50_52,r_119_50_52,0.97,122,174,52,94
12,r_11_48_186,seq58,r_119_50_52,r_119_50_52,0.9,134,186,52,94
14,r_73_59_176,r_6_134_172,seq18,r_6_134_172,0.67,2,174,172,95
8,r_121_66_127,seq131,r_93_47_68,r_121_66_127,0.83,0,127,127,95
43,r_6_134_172,r_73_59_176,seq124,r_73_59_176,0.53,-4,172,176,95
44,r_43_114_117,r_145_133_145,r_25_119_139,r_43_114_117,0.89,28,145,117,95
37,r_34_141_123,r_39_42_196,r_9_14_13,r_34_141_123,0.97,0,123,123,95
48,r_110_96_20,seq20,seq16,r_110_96_20,0.98,0,20,20,95
74,seq56,seq105,r_107_144_6,r_107_144_6,0.91,26,32,6,95
10,r_113_12_10,r_102_88_182,seq115,r_113_12_10,0.76,0,10,10,95
21,r_75_3_107,seq70,seq74,r_75_3_107,1.0,0,107,107,95
39,r_1_35_142,seq82,seq87,r_1_35_142,0.95,1,143,142,95
46,r_29_4_88,r_7_142_191,r_90_55_86,r_29_4_88,0.98,0,88,88,95
42,r_61_89_124,seq51,seq148,r_61_89_124,0.99,0,124,124,95
45,r_145_133_145,r_43_114_117,r_113_12_10,r_145_133_145,0.96,0,145,145,95
28,r_60_0_113,r_113_12_10,r_136_125_125,r_136_125_125,0.89,9,134,125,95
31,r_90_55_86,seq23,seq16,r_90_55_86,1.0,3,89,86,95
67,seq40,r_76_80_110,seq50,r_76_80_110,1.0,0,110,110,95
96,seq118,r_103_104_51,r_123_45_27,r_103_104_51,0.94,-11,40,51,95
24,r_81_8_53,seq18,seq49,r_81_8_53,1.0,0,53,53,95
26,r_58_127_94,r_102_88_182,seq105,r_102_88_182,0.99,-88,94,182,95
23,r_99_122_154,r_121_66_127,r_79_137_7,r_121_66_127,0.54,50,177,127,95
4,r_5_95_126,seq70,r_57_19_181,r_5_95_126,0.9,1,127,126,95
78,seq70,r_75_3_107,r_93_47_68,r_75_3_107,0.98,0,107,107,95
11,r_136_125_125,r_25_119_139,r_60_0_113,r_136_125_125,0.97,0,125,125,95
13,r_10_111_72,r_39_42_196,r_48_15_3,r_10_111_72,1.0,0,72,72,95
98,seq148,seq87,r_61_89_124,r_61_89_124,0.99,0,124,124,95
57,seq17,r_126_64_111,seq50,r_126_64_111,1.0,1,112,111,95
45,r_145_133_145,r_139_62_56,seq124,r_139_62_56,1.0,0,56,56,95
81,seq74,r_139_62_56,r_75_3_107,r_75_3_107,0.94,4,111,107,95
6,r_76_80_110,seq40,seq92,r_76_80_110,1.0,0,110,110,95
0,r_139_62_56,r_145_133_145,r_26_85_62,r_139_62_56,1.0,0,56,56,95
85,seq87,seq148,r_1_35_142,r_1_35_142,0.97,10,152,142,95
87,seq92,r_39_42_196,r_76_80_110,r_76_80_110,1.0,10,120,110,95
2,r_126_64_111,seq17,seq131,r_126_64_111,1.0,1,112,111,95
18,r_26_85_62,seq41,r_139_62_56,r_26_85_62,1.0,1,63,62,95
29,r_135_140_144,seq105,r_58_127_94,r_58_127_94,0.42,-23,71,94,95
53,seq11,r_77_53_36,seq68,r_77_53_36,0.83,17,53,36,95
19,r_98_86_11,r_81_8_53,seq138,r_98_86_11,1.0,0,11,11,95
50,seq2,r_97_116_130,seq72,r_97_116_130,1.0,0,130,130,95
32,r_97_116_130,seq2,r_90_55_86,r_97_116_130,0.99,0,130,130,95
38,r_112_130_135,r_39_42_196,seq105,r_112_130_135,0.75,0,135,135,95
75,seq67,r_102_88_182,r_132_21_4,r_102_88_182,0.58,0,182,182,95
45,r_145_133_145,seq124,r_43_114_117,r_43_114_117,0.99,1,118,117,95
25,r_54_109_26,r_99_122_154,r_48_15_3,r_99_122_154,1.0,0,154,154,95
9,r_9_14_13,r_38_128_32,seq68,r_9_14_13,0.74,2,15,13,95
23,r_99_122_154,r_129_36_82,r_54_109_26,r_129_36_82,0.62,-23,59,82,95
29,r_135_140_144,r_58_127_94,seq74,r_135_140_144,0.93,0,144,144,95
22,r_132_21_4,seq67,r_93_47_68,r_93_47_68,0.45,42,110,68,95
28,r_60_0_113,seq27,r_113_12_10,r_60_0_113,0.6,0,113,113,95
49,r_22_31_148,r_58_127_94,seq117,r_58_127_94,0.88,46,140,94,95
25,r_54_109_26,r_60_0_113,r_99_122_154,r_54_109_26,0.94,0,26,26,95
44,r_43_114_117,seq37,r_145_133_145,r_43_114_117,0.74,0,117,117,95
71,seq49,r_121_66_127,r_81_8_53,r_81_8_53,0.6,5,58,53,95
79,seq71,r_76_80_110,seq20,r_76_80_110,0.77,-35,75,110,95
12,r_129_36_82,r_99_122_154,seq11,r_129_36_82,1.0,0,82,82,95
23,r_99_122_154,r_54_109_26,r_121_66_127,r_99_122_154,0.65,0,154,154,95
30,r_113_79_128,seq130,r_110_108_36,r_113_79_128,0.89,0,128,128,96
44,r_12_95_24,r_125_73_173,r_82_124_37,r_12_95_24,0.77,149,173,24,96
36,r_133_31_161,seq35,r_23_74_34,r_133_31_161,0.92,0,161,161,96
14,r_27_86_123,seq53,seq131,r_27_86_123,0.76,13,136,123,96
32,r_116_149_14,r_125_73_173,seq101,r_116_149_14,1.0,0,14,14,96
43,r_59_1_94,seq123,r_68_28_56,r_59_1_94,1.0,0,94,94,96
55,seq5,r_136_144_117,r_3_99_3,r_136_144_117,0.97,9,126,117,96
71,seq38,r_15_137_102,seq30,r_15_137_102,1.0,0,102,102,96
16,r_111_21_143,seq96,r_82_124_37,r_82_124_37,0.95,117,154,37,96
66,seq26,seq131,r_20_98_28,r_20_98_28,1.0,9,37,28,96
21,r_105_100_91,r_32_51_68,r_83_66_20,r_105_100_91,0.89,-29,62,91,96
39,r_117_9_109,seq129,seq4,r_117_9_109,0.84,2,111,109,96
1,r_15_137_102,seq38,seq146,r_15_137_102,0.95,0,102,102,96
46,r_77_63_98,r_81_141_196,seq60,r_77_63_98,0.98,0,98,98,96
42,r_126_39_131,seq6,r_142_89_103,r_126_39_131,0.74,0,131,131,96
45,r_42_7_58,r_15_137_102,seq129,r_42_7_58,0.99,0,58,58,96
44,r_12_95_24,r_17_91_96,r_125_73_173,r_12_95_24,0.99,-1,23,24,96
33,r_125_73_173,r_12_95_24,r_110_108_36,r_125_73_173,0.93,0,173,173,96
95,seq112,seq138,r_90_114_74,r_90_114_74,1.0,2,76,74,96
76,seq45,r_14_92_95,seq103,r_14_92_95,1.0,0,95,95,96
41,r_115_118_115,seq40,seq93,r_115_118_115,0.86,0,115,115,96
67,seq30,r_15_137_102,r_81_141_196,r_15_137_102,0.98,-7,95,102,96
3,r_62_102_183,seq0,seq138,r_62_102_183,0.45,0,183,183,96
10,r_132_72_180,seq24,r_13_69_70,r_132_72_180,0.52,0,180,180,96
12,r_110_108_36,r_147_18_144,seq55,r_110_108_36,1.0,0,36,36,96
37,r_11_80_19,r_115_118_115,seq55,r_11_80_19,1.0,0,19,19,96
4,r_33_109_80,seq47,seq85,r_33_109_80,0.95,0,80,80,96
72,seq40,seq64,r_54_148_136,r_54_148_136,0.61,3,139,136,96
0,r_14_92_95,seq45,seq129,r_14_92_95,0.94,0,95,95,96
11,r_147_18_144,r_111_21_143,r_19_36_156,r_147_18_144,0.6,2,146,144,96
20,r_81_141_196,r_77_63_98,seq30,r_77_63_98,1.0,1,99,98,96
15,r_65_61_83,r_104_48_165,r_29_56_76,r_104_48_165,0.88,-81,84,165,96
48,r_76_134_147,seq85,r_54_148_136,r_76_134_147,0.89,1,148,147,96
9,r_82_124_37,r_145_84_67,r_75_94_15,r_75_94_15,0.61,22,37,15,96
62,seq16,r_127_52_199,r_97_119_64,r_97_119_64,1.0,20,84,64,96
21,r_105_100_91,r_83_66_20,seq85,r_105_100_91,1.0,0,91,91,96
87,seq85,r_76_134_147,r_142_89_103,r_142_89_103,0.87,10,113,103,96
79,seq55,seq123,r_110_108_36,r_110_108_36,1.0,12,48,36,96
2,r_32_51_68,r_105_100_91,seq130,r_32_51_68,1.0,1,69,68,96
47,r_145_84_67,r_76_134_147,seq16,r_145_84_67,0.99,0,67,67,96
40,r_17_91_96,seq2,seq146,r_17_91_96,0.99,0,96,96,96
18,r_142_89_103,seq93,seq85,r_142_89_103,0.9,0,103,103,96
25,r_140_78_121,r_113_79_128,r_12_95_24,r_140_78_121,0.6,0,121,121,96
33,r_125_73_173,seq67,r_12_95_24,r_12_95_24,0.97,48,72,24,96
17,r_75_94_15,r_62_102_183,seq67,r_75_94_15,0.79,-5,10,15,96
38,r_54_148_136,seq146,r_76_134_147,r_54_148_136,0.55,15,151,136,96
71,seq38,seq30,r_104_48_165,r_104_48_165,0.66,0,165,165,96
34,r_136_144_117,seq5,seq107,r_136_144_117,0.73,1,118,117,96
60,seq130,r_113_79_128,r_32_51_68,r_32_51_68,0.82,60,128,68,96
81,seq60,seq41,r_77_63_98,r_77_63_98,1.0,1,99,98,96
5,r_83_66_20,r_15_137_102,seq4,r_83_66_20,1.0,0,20,20,96
7,r_23_74_34,r_65_61_83,seq96,r_65_61_83,0.74,-48,35,83,96
28,r_97_119_64,seq6,seq16,r_97_119_64,1.0,1,65,64,96
49,r_90_114_74,r_19_36_156,seq112,r_90_114_74,1.0,0,74,74,96
56,seq6,r_126_39_131,seq101,r_126_39_131,1.0,0,131,131,96
22,r_20_98_28,r_140_78_121,seq26,r_20_98_28,0.99,1,29,28,96
35,r_49_88_77,r_139_22_192,seq70,r_49_88_77,1.0,0,77,77,96
84,seq67,r_125_73_173,r_82_124_37,r_82_124_37,0.98,35,72,37,96
37,r_91_149_47,r_30_28_196,seq16,r_91_149_47,1.0,0,47,47,97
30,r_147_142_187,r_5_111_121,r_80_136_179,r_147_142_187,0.44,1,188,187,97
36,r_13_109_146,r_43_26_175,r_78_56_28,r_43_26_175,0.87,-29,146,175,97
92,seq107,r_96_121_87,seq45,r_96_121_87,0.84,0,87,87,97
43,r_43_26_175,r_13_109_146,seq90,r_13_109_146,0.92,0,146,146,97
19,r_80_136_179,r_27_65_80,r_102_125_44,r_80_136_179,0.72,0,179,179,97
26,r_10_3_52,r_112_123_107,seq120,r_10_3_52,0.99,0,52,52,97
16,r_140_46_101,r_13_109_146,r_14_101_83,r_140_46_101,0.49,0,101,101,97
39,r_95_76_90,r_112_123_107,r_69_84_19,r_95_76_90,1.0,0,90,90,97
1,r_48_81_112,r_73_39_141,r_24_33_45,r_24_33_45,1.0,82,127,45,97
97,seq124,r_15_0_139,r_48_81_112,r_15_0_139,0.63,5,144,139,97
46,r_108_85_73,r_60_87_133,r_132_66_69,r_60_87_133,0.51,-60,73,133,97
35,r_12_53_59,seq1,seq131,r_12_53_59,1.0,0,59,59,97
7,r_60_87_133,seq55,r_119_134_3,r_60_87_133,1.0,0,133,133,97
45,r_27_65_80,seq82,r_80_136_179,r_27_65_80,1.0,0,80,80,97
19,r_80_136_179,r_86_88_160,r_27_65_80,r_27_65_80,0.98,3,83,80,97
28,r_92_117_18,seq104,r_98_54_172,r_92_117_18,0.93,0,18,18,97
78,seq72,r_86_88_160,r_27_65_80,r_86_88_160,0.57,0,160,160,97
38,r_141_34_35,r_48_81_112,seq55,r_141_34_35,1.0,0,35,35,97
38,r_141_34_35,seq55,r_58_94_169,r_58_94_169,0.77,0,169,169,97
41,r_23_9_180,seq45,r_93_57_29,r_23_9_180,0.31,0,180,180,97
3,r_144_148_143,seq77,r_48_81_112,r_144_148_143,0.62,0,143,143,97
4,r_42_29_114,seq77,r_22_32_37,r_42_29_114,0.78,2,116,114,97
78,seq72,r_133_8_66,r_86_88_160,r_133_8_66,1.0,1,67,66,97
0,r_133_8_66,seq72,r_78_56_28,r_133_8_66,1.0,1,67,66,97
20,r_132_66_69,r_13_109_146,r_10_3_52,r_132_66_69,0.93,7,76,69,97
98,seq126,r_48_81_112,r_24_33_45,r_24_33_45,1.0,35,80,45,97
6,r_6_44_24,seq90,r_119_134_3,r_6_44_24,0.98,0,24,24,97
48,r_139_138_60,r_132_66_69,r_98_54_172,r_139_138_60,1.0,0,60,60,97
8,r_24_33_45,r_27_65_80,seq124,r_24_33_45,1.0,0,45,45,97
2,r_112_123_107,r_23_9_180,r_22_32_37,r_112_123_107,0.99,0,107,107,97
29,r_103_36_110,seq21,r_95_76_90,r_103_36_110,0.9,0,110,110,97
21,r_128_113_10,r_112_123_107,seq47,r_128_113_10,0.68,0,10,10,97
14,r_71_41_17,r_30_28_196,seq16,r_71_41_17,0.99,0,17,17,97
42,r_96_121_87,seq107,r_14_101_83,r_96_121_87,1.0,0,87,87,97
77,seq70,r_48_81_112,r_133_8_66,r_133_8_66,1.0,15,81,66,97
32,r_102_125_44,r_60_87_133,r_30_28_196,r_102_125_44,1.0,0,44,44,97
45,r_27_65_80,r_80_136_179,seq72,r_80_136_179,0.86,0,179,179,97
18,r_93_57_29,seq7,seq49,r_93_57_29,0.94,1,30,29,97
17,r_73_39_141,r_48_81_112,r_15_0_139,r_48_81_112,0.92,-6,106,112,97
27,r_63_129_16,r_48_81_112,seq50,r_63_129_16,0.88,0,16,16,97
25,r_69_84_19,seq145,r_95_76_90,r_95_76_90,1.0,2,92,90,97
9,r_146_25_150,seq120,r_91_149_47,r_146_25_150,0.96,1,151,150,97
22,r_22_32_37,r_146_25_150,seq61,r_22_32_37,0.95,0,37,37,97
49,r_58_94_169,r_23_9_180,r_141_34_35,r_141_34_35,0.55,134,169,35,97
7,r_60_87_133,r_108_85_73,seq55,r_108_85_73,0.96,0,73,73,97
44,r_86_88_160,seq72,r_14_101_83,r_86_88_160,0.62,0,160,160,97
23,r_30_28_196,r_31_116_165,r_102_125_44,r_102_125_44,1.0,121,165,44,97
34,r_115_64_33,r_30_28_196,seq75,r_115_64_33,1.0,3,36,33,97
25,r_69_84_19,r_93_57_29,seq145,r_69_84_19,1.0,0,19,19,97
30,r_72_60_153,r_74_52_196,seq45,r_72_60_153,0.69,2,155,153,98
36,r_10_32_139,r_84_120_116,seq92,r_10_32_139,0.54,0,139,139,98
43,r_85_19_152,r_47_145_133,r_3_21_99,r_3_21_99,0.87,34,133,99,98
32,r_80_75_167,r_140_54_57,r_62_135_28,r_80_75_167,0.96,-122,45,167,98
17,r_134_50_11,seq142,seq13,r_134_50_11,0.94,3,14,11,98
21,r_7_39_183,seq130,r_125_28_170,r_125_28_170,0.68,15,185,170,98
5,r_16_12_88,seq31,seq76,r_16_12_88,0.99,2,90,88,98
42,r_22_95_158,seq91,r_134_50_11,r_134_50_11,0.63,148,159,11,98
32,r_80_75_167,r_62_135_28,r_30_69_94,r_80_75_167,0.9,0,167,167,98
69,seq40,r_143_59_112,r_55_77_1,r_143_59_112,1.0,-16,96,112,98
13,r_57_109_51,r_2_9_198,seq76,r_57_109_51,1.0,0,51,51,98
19,r_111_1_162,r_5_89_184,r_3_21_99,r_111_1_162,0.61,1,163,162,98
31,r_27_82_100,r_65_122_58,r_86_87_40,r_27_82_100,0.9,1,101,100,98
41,r_67_133_143,seq102,r_118_51_111,r_67_133_143,0.76,0,143,143,98
50,seq0,r_30_69_94,r_61_58_171,r_61_58_171,0.47,-144,27,171,98
0,r_140_54_57,r_80_75_167,seq20,r_140_54_57,1.0,1,58,57,98
3,r_47_145_133,r_85_19_152,seq17,r_47_145_133,0.89,0,133,133,98
4,r_30_69_94,seq91,r_2_9_198,r_30_69_94,0.93,3,97,94,98
78,seq78,seq83,r_84_120_116,r_84_120_116,0.98,-1,115,116,98
11,r_103_37_115,seq90,r_48_138_10,r_103_37_115,1.0,0,115,115,98
20,r_84_120_116,r_10_32_139,seq44,r_84_120_116,0.99,0,116,116,98
15,r_123_71_106,seq33,seq131,r_123_71_106,0.98,5,111,106,98
48,r_3_21_99,seq81,r_16_12_88,r_3_21_99,0.97,0,99,99,98
62,seq23,r_105_56_187,r_61_58_171,r_61_58_171,0.84,16,187,171,98
40,r_137_98_52,seq114,r_24_29_20,r_137_98_52,1.0,1,53,52,98
1,r_110_96_47,seq36,seq70,r_110_96_47,0.98,-2,45,47,98
44,r_25_68_32,r_137_98_52,seq33,r_25_68_32,0.99,0,32,32,98
47,r_129_147_194,r_105_56_187,r_85_19_152,r_129_147_194,0.58,-102,92,194,98
6,r_2_9_198,r_110_96_47,r_30_69_94,r_30_69_94,0.55,4,98,94,98
18,r_63_144_141,seq146,r_103_37_115,r_63_144_141,0.79,2,143,141,98
38,r_48_138_10,r_16_12_88,seq121,r_48_138_10,0.89,0,10,10,98
24,r_126_99_189,seq23,r_55_77_1,r_55_77_1,0.52,188,189,1,98
45,r_86_87_40,r_123_71_106,r_61_58_171,r_86_87_40,0.85,-1,39,40,98
10,r_128_117_36,r_63_144_141,r_113_64_5,r_128_117_36,0.89,0,36,36,98
33,r_143_59_112,seq40,r_47_145_133,r_143_59_112,0.72,3,115,112,98
48,r_3_21_99,r_16_12_88,r_111_1_162,r_111_1_162,0.71,1,163,162,98
35,r_107_14_23,r_65_122_58,r_38_79_21,r_107_14_23,0.59,0,23,23,98
33,r_143_59_112,r_47_145_133,r_3_21_99,r_143_59_112,0.72,22,134,112,98
2,r_38_79_21,r_30_69_94,seq127,r_38_79_21,1.0,1,22,21,98
34,r_125_28_170,r_7_39_183,seq36,r_125_28_170,0.31,0,170,170,98
6,r_2_9_198,r_57_109_51,r_110_96_47,r_2_9_198,0.94,-147,51,198,98
47,r_129_147_194,r_126_99_189,seq36,r_126_99_189,0.59,-23,166,189,98
37,r_24_29_20,r_62_135_28,r_48_138_10,r_24_29_20,0.99,0,20,20,98
60,seq20,r_61_58_171,r_118_51_111,r_118_51_111,0.9,60,171,111,98
45,r_86_87_40,r_61_58_171,r_27_82_100,r_27_82_100,0.68,11,111,100,98
9,r_61_58_171,seq20,r_134_50_11,r_134_50_11,0.71,160,171,11,98
49,r_62_135_28,seq42,seq90,r_62_135_28,0.98,1,29,28,98
28,r_105_56_187,seq23,r_38_79_21,r_105_56_187,0.52,0,187,187,98
43,r_85_19_152,r_3_21_99,r_84_120_116,r_85_19_152,0.64,0,152,152,98
23,r_18_53_75,seq31,seq8,r_18_53_75,1.0,1,76,75,98
33,r_143_59_112,r_3_21_99,r_16_12_88,r_143_59_112,0.23,68,180,112,98
12,r_5_89_184,seq40,r_16_12_88,r_16_12_88,0.89,97,185,88,98
47,r_129_147_194,r_85_19_152,r_126_99_189,r_129_147_194,0.63,-52,142,194,98
84,seq92,seq81,r_10_32_139,r_10_32_139,1.0,14,153,139,98
36,r_120_93_117,seq12,seq72,r_120_93_117,0.92,1,118,117,99
53,seq6,r_80_30_95,r_55_114_85,r_55_114_85,0.58,-3,82,85,99
43,r_61_39_143,seq19,r_120_93_117,r_61_39_143,0.79,0,143,143,99
17,r_87_102_24,r_70_149_103,seq135,r_87_102_24,1.0,-1,23,24,99
15,r_44_33_29,r_70_149_103,seq73,r_44_33_29,0.99,0,29,29,99
16,r_65_143_100,seq109,seq15,r_65_143_100,1.0,0,100,100,99
21,r_58_0_89,r_124_13_181,r_131_10_131,r_58_0_89,0.99,0,89,89,99
39,r_122_90_154,seq117,r_8_147_105,r_8_147_105,0.6,1,106,105,99
1,r_9_123_175,seq52,r_120_93_117,r_9_123_175,0.77,0,175,175,99
37,r_23_63_23,r_70_149_103,seq12,r_23_63_23,1.0,0,23,23,99
46,r_113_148_139,seq42,r_85_91_144,r_113_148_139,0.43,8,147,139,99
80,seq75,seq40,r_94_62_194,r_94_62_194,0.46,-128,66,194,99
69,seq41,seq56,r_107_127_92,r_107_127_92,0.99,18,110,92,99
45,r_124_13_181,r_58_0_89,seq47,r_58_0_89,1.0,0,89,89,99
41,r_129_104_177,seq11,r_101_103_66,r_101_103_66,1.0,0,66,66,99
38,r_8_147_105,r_122_90_154,r_87_102_24,r_122_90_154,1.0,-4,150,154,99
27,r_14_139_43,seq2,seq11,r_14_139_43,1.0,0,43,43,99
10,r_98_31_160,seq115,r_126_136_83,r_126_136_83,0.75,78,161,83,99
90,seq97,r_126_136_83,seq89,r_126_136_83,0.99,0,83,83,99
26,r_69_78_60,seq11,seq92,r_69_78_60,1.0,0,60,60,99
4,r_105_111_151,seq141,seq11,r_105_111_151,0.84,2,153,151,99
73,seq47,r_1_20_179,r_65_143_100,r_65_143_100,0.89,79,179,100,99
11,r_18_21_86,seq117,seq52,r_18_21_86,0.54,0,86,86,99
98,seq117,r_18_21_86,r_122_90_154,r_18_21_86,0.87,0,86,86,99
48,r_74_57_98,seq2,r_99_51_42,r_74_57_98,1.0,0,98,98,99
57,seq141,r_105_111_151,r_60_79_17,r_105_111_151,0.82,2,153,151,99
6,r_131_10_131,r_48_26_165,r_71_54_159,r_131_10_131,0.61,36,167,131,99
0,r_67_4_56,r_138_16_65,seq100,r_138_16_65,0.81,-9,56,65,99
39,r_122_90_154,r_8_147_105,seq42,r_122_90_154,1.0,1,155,154,99
19,r_121_53_44,seq75,seq12,r_121_53_44,0.82,2,46,44,99
2,r_70_149_103,seq25,seq109,r_70_149_103,1.0,0,103,103,99
41,r_129_104_177,r_101_103_66,seq132,r_129_104_177,0.91,0,177,177,99
47,r_101_103_66,r_126_136_83,r_129_104_177,r_101_103_66,0.53,0,66,66,99
20,r_99_51_42,seq41,seq84,r_99_51_42,0.9,4,46,42,99
40,r_1_20_179,seq47,r_9_123_175,r_1_20_179,0.57,0,179,179,99
18,r_28_133_134,r_3_36_109,seq112,r_3_36_109,0.6,0,109,109,99
29,r_107_127_92,r_94_62_194,seq41,r_107_127_92,0.94,0,92,92,99
24,r_138_16_65,seq56,r_14_139_43,r_138_16_65,0.96,0,65,65,99
27,r_14_139_43,seq11,r_95_5_71,r_14_139_43,0.49,43,86,43,99
25,r_95_5_71,r_105_111_151,r_14_139_43,r_14_139_43,0.83,29,72,43,99
33,r_144_32_145,seq84,r_134_49_28,r_144_32_145,0.94,0,145,145,99
47,r_101_103_66,r_129_104_177,r_9_123_175,r_101_103_66,0.87,111,177,66,99
88,seq92,r_29_45_197,r_69_78_60,r_69_78_60,1.0,14,74,60,99
70,seq42,r_113_148_139,r_122_90_154,r_122_90_154,0.46,1,155,154,99
32,r_137_110_122,seq109,r_55_114_85,r_137_110_122,0.96,0,122,122,99
38,r_8_147_105,r_9_123_175,r_122_90_154,r_8_147_105,0.57,0,105,105,99
18,r_28_133_134,seq112,r_94_62_194,r_28_133_134,1.0,0,134,134,99
45,r_124_13_181,seq47,r_87_102_24,r_124_13_181,0.38,0,181,181,99
31,r_116_35_49,r_55_114_85,seq72,r_55_114_85,0.85,-26,59,85,99
9,r_94_62_194,r_107_127_92,seq40,r_107_127_92,0.86,0,92,92,99
98,seq117,r_122_90_154,r_87_102_24,r_122_90_154,1.0,1,155,154,99
71,seq135,seq117,r_87_102_24,r_87_102_24,0.99,6,30,24,99
22,r_119_43_124,r_105_111_151,r_107_127_92,r_119_43_124,0.89,3,127,124,99
28,r_126_136_83,seq97,seq75,r_126_136_83,1.0,0,83,83,99
49,r_118_130_130,r_48_26_165,seq42,r_118_130_130,0.47,0,130,130,99
7,r_55_114_85,seq128,seq6,r_55_114_85,0.97,0,85,85,99
44,r_48_26_165,r_131_10_131,seq19,r_48_26_165,0.73,2,167,165,99
13,r_134_49_28,seq6,seq2,r_134_49_28,1.0,0,28,28,99
23,r_71_54_159,r_98_31_160,r_138_16_65,r_138_16_65,0.83,99,164,65,99
35,r_3_36_109,r_28_133_134,seq52,r_3_36_109,0.86,0,109,109,99
12,r_80_30_95,seq106,r_23_63_23,r_23_63_23,0.78,72,95,23,99
9,r_94_62_194,seq40,r_28_133_134,r_94_62_194,0.47,-44,150,194,99
