93,seq107,r_108_147_173,r_130_57_111,r_130_57_111,0.9,33,144,111,0
40,r_24_56_26,r_54_21_166,r_31_53_112,r_31_53_112,0.84,54,166,112,0
51,seq2,r_6_10_107,r_133_1_194,r_133_1_194,0.58,0,194,194,0
92,seq144,r_146_78_144,r_123_145_66,r_123_145_66,0.74,47,113,66,0
42,r_54_21_166,seq51,r_24_56_26,r_24_56_26,1.0,0,26,26,0
9,r_139_114_59,r_121_135_167,r_5_137_18,r_121_135_167,0.7,-128,39,167,0
9,r_139_114_59,r_140_58_7,r_121_135_167,r_139_114_59,0.78,-45,14,59,0
21,r_104_76_136,seq102,seq75,r_104_76_136,0.59,1,137,136,0
30,r_111_32_122,r_110_39_51,seq115,r_110_39_51,0.99,-1,50,51,0
76,seq70,seq66,r_92_67_9,r_92_67_9,0.65,65,74,9,0
41,r_50_34_193,r_54_21_166,r_24_56_26,r_24_56_26,0.98,18,44,26,0
31,r_68_124_60,r_69_136_65,r_109_128_48,r_68_124_60,0.97,0,60,60,0
3,r_130_57_111,seq129,seq61,r_130_57_111,1.0,0,111,111,0
10,r_69_136_65,seq66,r_5_137_18,r_69_136_65,1.0,0,65,65,0
90,seq102,r_104_76_136,seq105,r_104_76_136,0.98,1,137,136,0
4,r_96_112_116,seq97,r_139_114_59,r_139_114_59,0.99,58,117,59,0
74,seq61,r_60_116_54,r_71_59_7,r_60_116_54,0.78,0,54,54,0
0,r_106_63_123,r_104_76_136,r_130_57_111,r_130_57_111,1.0,8,119,111,0
8,r_49_36_15,seq47,seq40,r_49_36_15,0.37,0,15,15,0
46,r_31_53_112,r_38_30_43,r_24_56_26,r_31_53_112,0.99,0,112,112,0
5,r_5_137_18,r_121_135_167,r_69_136_65,r_69_136_65,0.79,0,65,65,0
48,r_25_62_163,seq26,r_106_63_123,r_106_63_123,0.82,44,167,123,0
26,r_28_13_25,r_24_56_26,seq14,r_28_13_25,0.95,0,25,25,0
49,r_65_95_15,r_69_136_65,seq97,r_65_95_15,0.44,0,15,15,0
27,r_73_37_102,seq74,r_49_36_15,r_73_37_102,0.82,0,102,102,0
53,seq4,seq12,r_85_3_162,r_85_3_162,1.0,7,169,162,0
30,r_111_32_122,seq115,seq22,r_111_32_122,0.96,1,123,122,0
36,r_110_39_51,r_111_32_122,seq40,r_110_39_51,0.88,0,51,51,0
40,r_24_56_26,r_31_53_112,r_54_21_166,r_54_21_166,0.52,-140,26,166,0
29,r_141_90_97,seq142,seq88,r_141_90_97,0.98,0,97,97,0
11,r_38_30_43,seq40,seq29,r_38_30_43,1.0,0,43,43,0
25,r_103_35_186,seq102,r_111_32_122,r_111_32_122,0.9,64,186,122,0
20,r_42_9_50,seq40,seq11,r_42_9_50,1.0,0,50,50,0
16,r_109_128_48,r_119_79_190,seq122,r_109_128_48,1.0,0,48,48,0
47,r_41_48_137,r_82_43_44,seq47,r_41_48_137,0.5,0,137,137,0
50,seq129,r_130_57_111,seq131,r_130_57_111,0.96,0,111,111,0
37,r_60_116_54,seq61,seq115,r_60_116_54,0.54,0,54,54,0
42,r_54_21_166,r_24_56_26,r_7_17_9,r_54_21_166,0.82,0,166,166,0
32,r_120_8_126,r_119_79_190,r_42_9_50,r_119_79_190,0.87,-62,128,190,0
38,r_93_113_167,seq98,r_139_114_59,r_139_114_59,1.0,108,167,59,0
33,r_82_43_44,r_81_138_112,seq44,r_82_43_44,0.97,0,44,44,0
47,r_41_48_137,seq40,r_82_43_44,r_82_43_44,1.0,2,46,44,0
83,seq142,r_72_127_11,r_146_78_144,r_72_127_11,0.44,133,144,11,0
17,r_123_145_66,seq122,seq149,r_123_145_66,1.0,0,66,66,0
43,r_89_83_50,seq88,seq80,r_89_83_50,0.68,0,50,50,0
94,seq115,r_119_79_190,r_60_116_54,r_60_116_54,1.0,46,100,54,0
22,r_146_78_144,seq149,r_89_83_50,r_146_78_144,0.74,0,144,144,0
5,r_5_137_18,r_6_10_107,r_121_135_167,r_5_137_18,0.75,1,19,18,0
9,r_139_114_59,r_5_137_18,r_60_116_54,r_139_114_59,0.7,0,59,59,0
56,seq12,seq14,r_42_9_50,r_42_9_50,1.0,58,108,50,0
44,r_64_27_104,seq61,r_38_30_43,r_64_27_104,0.49,0,104,104,0
6,r_72_127_11,r_73_37_102,seq126,r_72_127_11,0.96,1,12,11,0
46,r_31_53_112,r_25_62_163,r_38_30_43,r_38_30_43,1.0,16,59,43,0
12,r_85_3_162,seq84,seq4,r_85_3_162,0.43,2,164,162,0
68,seq40,r_38_30_43,r_49_36_15,r_38_30_43,1.0,0,43,43,0
40,r_6_85_173,r_138_7_95,r_98_91_161,r_6_85_173,1.0,0,173,173,1
30,r_133_92_185,seq132,r_143_93_166,r_143_93_166,0.57,19,185,166,1
22,r_75_40_171,r_74_68_42,seq103,r_75_40_171,0.53,-129,42,171,1
14,r_10_147_138,r_11_0_75,r_8_111_151,r_11_0_75,0.94,0,75,75,1
43,r_63_53_64,r_65_56_93,seq48,r_63_53_64,0.97,0,64,64,1
37,r_144_129_95,r_143_93_166,seq139,r_144_129_95,0.84,0,95,95,1
48,r_142_112_20,seq141,seq114,r_142_112_20,0.99,0,20,20,1
55,seq139,r_138_7_95,seq137,r_138_7_95,1.0,0,95,95,1
21,r_127_16_169,r_128_78_131,r_131_126_79,r_127_16_169,0.61,-48,121,169,1
39,r_65_56_93,r_61_66_70,seq57,r_61_66_70,1.0,0,70,70,1
37,r_144_129_95,seq139,r_50_130_121,r_50_130_121,0.96,4,125,121,1
59,seq19,r_110_24_11,r_64_20_47,r_64_20_47,0.93,0,47,47,1
42,r_8_111_151,seq9,r_142_112_20,r_8_111_151,0.68,0,151,151,1
21,r_127_16_169,r_131_126_79,r_64_20_47,r_127_16_169,0.97,0,169,169,1
19,r_87_59_61,seq86,seq60,r_87_59_61,1.0,0,61,61,1
5,r_18_134_29,seq19,r_135_34_118,r_18_134_29,1.0,0,29,29,1
27,r_143_93_166,r_140_2_197,r_96_97_139,r_143_93_166,0.9,-2,164,166,1
31,r_52_28_107,seq48,seq30,r_52_28_107,0.65,0,107,107,1
41,r_61_66_70,r_65_56_93,r_74_68_42,r_61_66_70,1.0,0,70,70,1
89,seq103,seq107,r_94_104_153,r_94_104_153,0.63,9,162,153,1
3,r_4_124_132,seq5,r_131_126_79,r_4_124_132,1.0,0,132,132,1
72,seq55,r_54_15_113,r_65_56_93,r_54_15_113,0.99,0,113,113,1
15,r_110_24_11,r_100_12_28,seq27,r_110_24_11,0.62,0,11,11,1
14,r_10_147_138,r_8_111_151,r_145_148_44,r_10_147_138,1.0,1,139,138,1
4,r_76_26_143,seq79,seq27,r_76_26_143,0.94,0,143,143,1
0,r_11_0_75,r_10_147_138,seq3,r_10_147_138,0.89,-63,75,138,1
73,seq57,r_63_53_64,seq58,r_63_53_64,0.8,0,64,64,1
11,r_135_34_118,r_136_33_104,r_18_134_29,r_135_34_118,0.54,-14,104,118,1
20,r_42_118_172,r_44_39_147,seq117,r_42_118_172,0.66,0,172,172,1
39,r_65_56_93,r_87_59_61,seq55,r_87_59_61,0.32,99,160,61,1
6,r_131_126_79,r_135_34_118,r_127_16_169,r_135_34_118,0.76,-39,79,118,1
49,r_115_77_47,seq117,seq79,r_115_77_47,1.0,0,47,47,1
1,r_37_22_45,seq36,seq21,r_37_22_45,0.71,0,45,45,1
5,r_18_134_29,r_135_34_118,r_144_129_95,r_18_134_29,1.0,89,118,29,1
45,r_64_20_47,r_65_56_93,seq19,r_64_20_47,1.0,0,47,47,1
39,r_65_56_93,seq57,r_87_59_61,r_65_56_93,0.57,24,117,93,1
27,r_143_93_166,r_144_129_95,r_140_2_197,r_143_93_166,0.67,-71,95,166,1
16,r_100_12_28,r_98_91_161,seq14,r_100_12_28,1.0,0,28,28,1
2,r_50_130_121,seq51,r_144_129_95,r_50_130_121,0.93,0,121,121,1
47,r_80_62_128,r_76_26_143,r_87_59_61,r_76_26_143,0.75,-15,128,143,1
40,r_6_85_173,r_4_124_132,r_138_7_95,r_138_7_95,0.6,3,98,95,1
74,seq58,r_65_56_93,r_87_59_61,r_87_59_61,1.0,29,90,61,1
18,r_32_45_113,seq35,r_63_53_64,r_32_45_113,0.93,3,116,113,1
29,r_128_78_131,r_127_16_169,r_115_77_47,r_127_16_169,0.72,-38,131,169,1
24,r_71_113_187,seq72,r_142_112_20,r_142_112_20,0.76,167,187,20,1
34,r_138_7_95,r_6_85_173,seq5,r_6_85_173,1.0,0,173,173,1
26,r_17_43_28,r_18_134_29,r_44_39_147,r_17_43_28,1.0,0,28,28,1
33,r_69_25_166,r_71_113_187,r_37_22_45,r_69_25_166,0.61,0,166,166,1
64,seq30,seq38,r_47_29_113,r_47_29_113,0.96,0,113,113,1
6,r_131_126_79,r_127_16_169,r_4_124_132,r_131_126_79,0.76,63,142,79,1
38,r_108_81_58,seq107,seq82,r_108_81_58,0.95,6,64,58,1
52,seq132,r_133_92_185,r_50_130_121,r_50_130_121,1.0,67,188,121,1
34,r_138_7_95,seq139,r_6_85_173,r_138_7_95,1.0,2,97,95,1
75,seq60,r_63_53_64,r_87_59_61,r_87_59_61,0.73,1,62,61,1
10,r_88_116_35,r_87_59_61,seq117,r_88_116_35,0.99,0,35,35,1
17,r_98_91_161,seq99,seq86,r_98_91_161,0.3,0,161,161,1
9,r_47_29_113,seq48,seq30,r_47_29_113,0.83,0,113,113,1
62,seq137,r_144_129_95,r_18_134_29,r_18_134_29,0.48,149,178,29,1
28,r_140_2_197,seq141,seq1,r_140_2_197,0.4,0,197,197,1
11,r_135_34_118,r_18_134_29,r_136_33_104,r_135_34_118,0.69,0,118,118,1
44,r_121_125_164,r_122_146_190,r_4_124_132,r_4_124_132,0.98,37,169,132,1
23,r_122_146_190,seq123,r_145_148_44,r_145_148_44,0.75,146,190,44,1
79,seq82,seq83,r_108_81_58,r_108_81_58,0.99,65,123,58,1
35,r_54_15_113,seq55,seq14,r_54_15_113,1.0,0,113,113,1
32,r_74_68_42,r_75_40_171,r_49_73_9,r_74_68_42,1.0,0,42,42,1
59,seq19,r_18_134_29,r_110_24_11,r_18_134_29,0.82,0,29,29,1
30,r_2_99_67,r_7_9_65,r_122_107_45,r_2_99_67,0.9,0,67,67,2
92,seq101,r_103_141_84,seq100,r_103_141_84,1.0,0,84,84,2
43,r_26_140_145,seq27,r_103_141_84,r_26_140_145,0.93,0,145,145,2
71,seq45,r_46_123_120,seq42,r_46_123_120,0.97,0,120,120,2
16,r_124_52_160,seq126,r_148_51_9,r_124_52_160,0.78,0,160,160,2
21,r_49_86_135,seq45,r_116_48_25,r_116_48_25,0.81,49,74,25,2
1,r_90_135_91,seq84,r_32_133_30,r_90_135_91,1.0,0,91,91,2
24,r_47_64_28,r_46_123_120,seq61,r_47_64_28,0.62,0,28,28,2
41,r_1_77_14,seq0,seq73,r_1_77_14,0.98,0,14,14,2
7,r_32_133_30,r_136_142_175,r_33_134_159,r_33_134_159,0.94,7,166,159,2
10,r_25_18_56,r_26_140_145,seq17,r_25_18_56,0.99,1,57,56,2
3,r_117_76_59,r_125_98_64,r_1_77_14,r_117_76_59,0.98,0,59,59,2
31,r_46_123_120,seq45,seq126,r_46_123_120,0.96,0,120,120,2
6,r_96_36_58,seq97,seq35,r_96_36_58,1.0,0,58,58,2
14,r_116_48_25,seq45,r_120_50_142,r_120_50_142,0.9,2,144,142,2
4,r_38_6_66,seq37,r_92_5_34,r_38_6_66,0.9,0,66,66,2
0,r_103_141_84,seq101,seq143,r_103_141_84,0.97,0,84,84,2
19,r_138_128_45,r_139_8_134,seq127,r_139_8_134,0.48,-89,45,134,2
37,r_131_24_34,r_132_12_121,seq27,r_131_24_34,0.98,0,34,34,2
73,seq55,seq56,r_94_54_89,r_94_54_89,1.0,15,104,89,2
11,r_139_8_134,seq143,r_7_9_65,r_139_8_134,0.95,0,134,134,2
44,r_20_80_12,r_15_65_158,seq81,r_20_80_12,0.77,0,12,12,2
47,r_14_72_19,r_15_65_158,r_20_80_12,r_15_65_158,0.66,-138,20,158,2
57,seq17,r_16_88_169,r_25_18_56,r_25_18_56,1.0,113,169,56,2
62,seq27,r_26_140_145,r_131_24_34,r_131_24_34,0.76,114,148,34,2
21,r_49_86_135,r_116_48_25,r_4_83_3,r_49_86_135,1.0,0,135,135,2
34,r_132_12_121,r_131_24_34,r_32_133_30,r_132_12_121,0.97,-87,34,121,2
99,seq127,r_129_67_103,r_138_128_45,r_129_67_103,0.83,0,103,103,2
8,r_122_107_45,r_117_76_59,seq106,r_122_107_45,0.99,0,45,45,2
33,r_136_142_175,r_90_135_91,r_103_141_84,r_136_142_175,0.54,0,175,175,2
12,r_120_50_142,r_116_48_25,seq45,r_120_50_142,0.6,39,181,142,2
39,r_28_82_23,r_26_140_145,r_4_83_3,r_28_82_23,0.96,0,23,23,2
2,r_125_98_64,r_124_52_160,seq97,r_125_98_64,0.96,0,64,64,2
40,r_112_71_123,seq115,seq73,r_112_71_123,0.94,0,123,123,2
34,r_132_12_121,r_32_133_30,seq11,r_132_12_121,1.0,0,121,121,2
25,r_93_119_90,seq97,seq118,r_93_119_90,1.0,0,90,90,2
33,r_136_142_175,r_132_12_121,r_90_135_91,r_136_142_175,0.9,-54,121,175,2
14,r_116_48_25,r_117_76_59,seq45,r_116_48_25,0.82,0,25,25,2
20,r_129_67_103,seq127,seq66,r_129_67_103,0.98,0,103,103,2
32,r_105_95_65,r_108_130_104,r_125_98_64,r_105_95_65,0.98,0,65,65,2
26,r_102_109_36,r_103_141_84,seq106,r_103_141_84,0.97,-46,38,84,2
7,r_32_133_30,seq34,r_136_142_175,r_32_133_30,1.0,0,30,30,2
94,seq111,seq115,r_13_110_130,r_13_110_130,1.0,7,137,130,2
5,r_145_22_20,seq149,seq23,r_145_22_20,0.99,0,20,20,2
9,r_94_54_89,seq97,seq55,r_94_54_89,1.0,0,89,89,2
96,seq118,r_120_50_142,r_93_119_90,r_93_119_90,0.61,52,142,90,2
22,r_15_65_158,r_16_88_169,r_43_63_56,r_16_88_169,0.54,-11,158,169,2
28,r_69_62_151,seq70,r_43_63_56,r_69_62_151,0.42,0,151,151,2
18,r_104_29_25,r_108_130_104,seq30,r_104_29_25,0.98,0,25,25,2
23,r_68_113_100,seq66,r_78_114_4,r_68_113_100,1.0,0,100,100,2
82,seq70,r_69_62_151,r_112_71_123,r_112_71_123,0.75,24,147,123,2
79,seq61,seq57,r_47_64_28,r_47_64_28,0.73,71,99,28,2
35,r_13_110_130,seq11,seq111,r_13_110_130,0.92,0,130,130,2
3,r_117_76_59,r_122_107_45,r_125_98_64,r_122_107_45,0.69,-3,42,45,2
80,seq66,r_104_29_25,r_129_67_103,r_104_29_25,0.75,85,110,25,2
30,r_35_48_110,seq34,seq49,r_35_48_110,1.0,0,110,110,3
44,r_121_109_179,seq122,seq105,r_121_109_179,0.88,1,180,179,3
51,seq1,r_2_112_115,r_29_3_10,r_2_112_115,0.77,0,115,115,3
14,r_41_99_110,r_43_44_24,seq105,r_41_99_110,0.94,0,110,110,3
8,r_89_92_64,r_90_95_153,seq94,r_89_92_64,0.9,0,64,64,3
14,r_41_99_110,seq105,r_24_97_154,r_24_97_154,1.0,2,156,154,3
43,r_135_100_175,seq139,seq105,r_135_100_175,0.74,0,175,175,3
86,seq94,r_89_92_64,r_90_95_153,r_90_95_153,0.63,-1,152,153,3
3,r_12_55_26,r_10_136_128,seq58,r_12_55_26,0.91,0,26,26,3
97,seq122,r_121_109_179,r_2_112_115,r_2_112_115,1.0,59,174,115,3
5,r_124_76_150,r_123_28_131,seq122,r_123_28_131,0.79,0,131,131,3
46,r_43_44_24,r_42_93_143,r_66_40_61,r_66_40_61,0.95,38,99,61,3
42,r_23_5_124,r_26_59_175,r_6_69_180,r_23_5_124,0.85,0,124,124,3
72,seq58,r_56_72_62,r_88_57_29,r_88_57_29,0.97,7,36,29,3
2,r_29_3_10,r_41_99_110,r_2_112_115,r_29_3_10,0.51,0,10,10,3
45,r_4_16_97,r_2_112_115,r_14_20_76,r_4_16_97,0.99,0,97,97,3
50,seq0,r_10_136_128,seq1,r_10_136_128,0.66,-78,50,128,3
19,r_2_112_115,r_4_16_97,seq1,r_4_16_97,0.71,0,97,97,3
6,r_118_85_53,seq119,r_90_95_153,r_118_85_53,0.99,0,53,53,3
5,r_124_76_150,seq122,r_56_72_62,r_124_76_150,0.74,0,150,150,3
95,seq115,seq119,r_2_112_115,r_2_112_115,1.0,7,122,115,3
38,r_149_13_61,r_10_136_128,r_98_8_96,r_149_13_61,0.93,68,129,61,3
31,r_120_30_139,r_121_109_179,r_36_31_138,r_120_30_139,0.99,0,139,139,3
41,r_17_53_141,r_15_75_191,r_12_55_26,r_17_53_141,0.85,1,142,141,3
39,r_86_143_37,seq94,r_89_92_64,r_89_92_64,0.45,-47,17,64,3
17,r_81_51_40,seq80,seq46,r_81_51_40,1.0,0,40,40,3
10,r_54_65_66,r_56_72_62,seq64,r_54_65_66,0.72,-4,62,66,3
26,r_10_136_128,r_7_141_96,r_149_13_61,r_149_13_61,0.85,11,72,61,3
38,r_149_13_61,r_98_8_96,r_61_11_145,r_61_11_145,1.0,1,146,145,3
11,r_7_141_96,r_6_69_180,r_86_143_37,r_7_141_96,0.99,0,96,96,3
20,r_15_75_191,r_14_20_76,r_56_72_62,r_15_75_191,0.52,0,191,191,3
13,r_96_19_100,seq94,r_14_20_76,r_96_19_100,1.0,0,100,100,3
98,seq126,seq147,r_7_141_96,r_7_141_96,1.0,3,99,96,3
47,r_88_57_29,r_89_92_64,seq58,r_88_57_29,1.0,0,29,29,3
15,r_66_40_61,r_67_60_92,r_43_44_24,r_66_40_61,1.0,0,61,61,3
48,r_131_27_70,seq137,r_14_20_76,r_131_27_70,1.0,0,70,70,3
26,r_10_136_128,r_149_13_61,r_111_138_74,r_10_136_128,1.0,0,128,128,3
36,r_125_84_54,r_124_76_150,seq80,r_125_84_54,0.9,0,54,54,3
19,r_2_112_115,seq1,seq113,r_2_112_115,1.0,0,115,115,3
27,r_116_9_48,seq115,r_10_136_128,r_116_9_48,1.0,0,48,48,3
2,r_29_3_10,r_2_112_115,seq1,r_2_112_115,0.99,-7,108,115,3
16,r_111_138_74,seq115,seq139,r_111_138_74,0.88,0,74,74,3
40,r_26_59_175,seq22,r_12_55_26,r_26_59_175,0.45,0,175,175,3
18,r_78_25_120,seq77,r_96_19_100,r_78_25_120,0.82,1,121,120,3
29,r_98_8_96,seq107,r_116_9_48,r_98_8_96,0.69,0,96,96,3
25,r_123_28_131,r_124_76_150,seq34,r_123_28_131,0.86,0,131,131,3
6,r_118_85_53,r_90_95_153,r_32_87_138,r_32_87_138,0.89,-24,114,138,3
42,r_23_5_124,r_6_69_180,r_61_11_145,r_6_69_180,0.9,-4,176,180,3
32,r_42_93_143,r_43_44_24,seq94,r_42_93_143,0.73,0,143,143,3
38,r_149_13_61,seq147,r_10_136_128,r_149_13_61,0.98,0,61,61,3
81,seq77,r_78_25_120,seq79,r_78_25_120,1.0,1,121,120,3
27,r_116_9_48,r_10_136_128,r_98_8_96,r_116_9_48,0.98,45,93,48,3
9,r_108_37_125,seq107,seq38,r_108_37_125,0.98,0,125,125,3
28,r_6_69_180,seq1,seq70,r_6_69_180,0.9,0,180,180,3
28,r_6_69_180,r_7_141_96,seq1,r_7_141_96,0.72,0,96,96,3
49,r_32_87_138,seq33,r_118_85_53,r_32_87_138,0.9,0,138,138,3
7,r_61_11_145,seq62,r_149_13_61,r_61_11_145,0.98,0,145,145,3
44,r_121_109_179,r_120_30_139,seq122,r_121_109_179,0.61,-70,109,179,3
23,r_101_91_161,r_104_130_164,r_42_93_143,r_101_91_161,0.56,0,161,161,3
0,r_21_103_16,r_26_59_175,seq102,r_21_103_16,0.98,0,16,16,3
58,seq142,seq147,r_86_143_37,r_86_143_37,1.0,1,38,37,3
12,r_67_60_92,seq68,r_12_55_26,r_67_60_92,0.78,0,92,92,3
25,r_102_31_222,r_103_34_175,r_82_101_26,r_82_101_26,0.56,21,47,26,4
23,r_70_27_54,seq71,r_41_30_36,r_70_27_54,1.0,0,54,54,4
55,seq7,r_6_117_116,seq3,r_6_117_116,1.0,1,117,116,4
71,seq40,seq37,r_52_43_122,r_52_43_122,0.68,78,200,122,4
16,r_63_67_13,r_68_97_183,seq71,r_68_97_183,0.57,0,183,183,4
21,r_58_130_151,seq57,seq133,r_58_130_151,0.81,0,151,151,4
39,r_108_118_131,seq106,r_10_119_93,r_10_119_93,0.95,38,131,93,4
1,r_94_129_2,r_128_125_16,r_66_127_61,r_66_127_61,1.0,1,62,61,4
97,seq121,seq126,r_10_119_93,r_10_119_93,1.0,14,107,93,4
46,r_85_107_214,r_87_20_196,r_0_86_122,r_0_86_122,1.0,35,157,122,4
45,r_36_55_117,seq37,seq57,r_36_55_117,0.64,9,126,117,4
50,seq1,r_0_86_122,r_48_2_16,r_0_86_122,0.9,-72,50,122,4
19,r_5_21_84,seq4,r_91_17_81,r_91_17_81,0.96,3,84,81,4
37,r_75_105_25,seq71,seq106,r_75_105_25,0.99,0,25,25,4
38,r_120_47_35,r_114_51_184,r_41_30_36,r_41_30_36,0.78,3,39,36,4
31,r_114_51_184,seq115,seq53,r_114_51_184,0.6,0,184,184,4
41,r_68_97_183,r_63_67_13,r_89_98_185,r_89_98_185,0.57,11,196,185,4
65,seq149,seq147,r_35_148_25,r_35_148_25,1.0,3,28,25,4
10,r_69_45_62,r_63_67_13,r_120_47_35,r_69_45_62,1.0,0,62,62,4
5,r_41_30_36,r_15_25_4,r_70_27_54,r_70_27_54,0.98,26,80,54,4
93,seq146,r_132_46_40,seq149,r_132_46_40,0.96,-9,31,40,4
72,seq42,seq44,r_52_43_122,r_52_43_122,0.56,-19,103,122,4
74,seq136,r_74_135_2,r_104_137_46,r_104_137_46,0.92,8,54,46,4
63,seq18,seq12,r_110_19_71,r_110_19_71,1.0,35,106,71,4
73,seq44,seq42,r_120_47_35,r_120_47_35,0.67,30,65,35,4
11,r_66_127_61,r_69_45_62,r_94_129_2,r_66_127_61,0.96,0,61,61,4
38,r_120_47_35,r_41_30_36,r_132_46_40,r_132_46_40,0.89,8,48,40,4
13,r_91_17_81,r_89_98_185,r_110_19_71,r_89_98_185,0.57,-104,81,185,4
98,seq124,seq126,r_94_129_2,r_94_129_2,0.58,115,117,2,4
15,r_87_20_196,r_88_109_181,r_0_86_122,r_0_86_122,1.0,61,183,122,4
48,r_84_56_203,seq83,seq57,r_84_56_203,0.27,0,203,203,4
6,r_141_22_199,seq145,r_81_26_89,r_81_26_89,0.68,110,199,89,4
4,r_96_113_41,r_35_148_25,seq115,r_96_113_41,0.56,-7,34,41,4
27,r_0_86_122,seq1,seq83,r_0_86_122,0.98,0,122,122,4
15,r_87_20_196,r_0_86_122,r_81_26_89,r_87_20_196,0.69,0,196,196,4
2,r_81_26_89,r_80_60_84,r_70_27_54,r_81_26_89,0.65,-5,84,89,4
47,r_50_13_178,seq53,seq12,r_50_13_178,0.47,0,178,178,4
40,r_10_119_93,seq8,seq121,r_10_119_93,1.0,0,93,93,4
5,r_41_30_36,r_36_55_117,r_15_25_4,r_15_25_4,0.94,28,32,4,4
18,r_110_19_71,seq111,seq18,r_110_19_71,1.0,0,71,71,4
24,r_89_98_185,seq90,r_75_105_25,r_75_105_25,0.67,166,191,25,4
58,seq138,seq145,r_65_140_129,r_65_140_129,1.0,5,134,129,4
42,r_48_2_16,r_6_117_116,seq1,r_48_2_16,0.73,0,16,16,4
20,r_142_49_37,seq145,seq53,r_142_49_37,0.87,1,38,37,4
12,r_64_139_142,seq71,r_65_140_129,r_64_139_142,0.95,0,142,142,4
77,seq57,r_58_130_151,seq59,r_58_130_151,1.0,0,151,151,4
75,seq53,r_50_13_178,r_142_49_37,r_142_49_37,1.0,139,176,37,4
29,r_123_29_48,seq121,r_41_30_36,r_123_29_48,1.0,0,48,48,4
95,seq112,seq111,r_10_119_93,r_10_119_93,0.91,33,126,93,4
32,r_82_101_26,r_81_26_89,r_102_31_222,r_82_101_26,1.0,0,26,26,4
9,r_61_122_134,r_64_139_142,r_10_119_93,r_10_119_93,0.73,42,135,93,4
36,r_39_143_30,r_36_55_117,seq145,r_39_143_30,0.99,0,30,30,4
96,seq115,r_114_51_184,r_96_113_41,r_96_113_41,0.79,143,184,41,4
29,r_123_29_48,r_41_30_36,r_116_28_98,r_116_28_98,1.0,101,199,98,4
22,r_103_34_175,seq106,seq37,r_103_34_175,0.81,0,175,175,4
91,seq99,seq106,r_102_31_222,r_102_31_222,0.36,-98,124,222,4
43,r_104_137_46,r_103_34_175,seq136,r_103_34_175,0.68,-129,46,175,4
49,r_116_28_98,r_114_51_184,r_70_27_54,r_116_28_98,1.0,0,98,98,4
7,r_6_117_116,seq7,r_96_113_41,r_6_117_116,1.0,1,117,116,4
44,r_88_109_181,r_87_20_196,r_75_105_25,r_87_20_196,0.59,-15,181,196,4
66,seq23,r_15_25_4,r_70_27_54,r_70_27_54,0.99,21,75,54,4
35,r_52_43_122,seq53,seq42,r_52_43_122,0.59,7,129,122,4
12,r_64_139_142,r_65_140_129,seq71,r_65_140_129,0.76,0,129,129,4
23,r_70_27_54,r_41_30_36,r_81_26_89,r_81_26_89,1.0,83,172,89,4
93,seq146,r_144_65_192,r_64_147_145,r_64_147_145,0.98,28,173,145,5
44,r_121_39_87,r_40_142_150,r_90_38_102,r_40_142_150,1.0,0,150,150,5
28,r_137_81_36,r_134_131_89,r_73_136_16,r_137_81_36,0.58,-20,16,36,5
14,r_86_0_67,seq87,seq9,r_86_0_67,0.97,1,68,67,5
8,r_145_55_89,r_144_65_192,r_12_58_35,r_145_55_89,1.0,0,89,89,5
43,r_104_94_171,seq105,seq95,r_104_94_171,0.53,0,171,171,5
26,r_143_47_163,seq149,r_144_65_192,r_143_47_163,0.28,-121,42,163,5
84,seq74,r_79_60_138,r_26_71_32,r_26_71_32,0.62,3,35,32,5
37,r_82_76_45,r_79_60_138,r_11_77_59,r_82_76_45,0.54,54,99,45,5
16,r_4_75_145,seq6,r_114_78_113,r_4_75_145,0.62,0,145,145,5
21,r_135_30_112,r_134_131_89,seq31,r_135_30_112,0.7,1,113,112,5
46,r_64_147_145,seq63,seq146,r_64_147_145,0.93,0,145,145,5
42,r_118_123_180,r_114_78_113,seq120,r_114_78_113,1.0,0,113,113,5
32,r_35_3_33,seq37,seq2,r_35_3_33,0.98,0,33,33,5
75,seq37,r_36_106_20,r_35_3_33,r_36_106_20,0.59,-2,18,20,5
2,r_11_77_59,r_12_58_35,r_33_29_147,r_12_58_35,0.96,0,35,35,5
19,r_134_131_89,r_135_30_112,r_98_132_102,r_134_131_89,0.84,24,113,89,5
47,r_119_41_99,r_46_62_172,r_128_96_55,r_46_62_172,0.37,-55,117,172,5
48,r_141_99_60,r_98_132_102,seq95,r_98_132_102,1.0,0,102,102,5
31,r_97_111_96,r_98_132_102,seq113,r_97_111_96,0.95,2,98,96,5
40,r_26_71_32,seq24,seq74,r_26_71_32,0.96,0,32,32,5
3,r_117_100_78,r_116_88_194,r_124_101_120,r_116_88_194,0.81,-93,101,194,5
10,r_79_60_138,seq80,seq59,r_79_60_138,0.83,1,139,138,5
90,seq105,r_104_94_171,seq107,r_104_94_171,0.69,0,171,171,5
5,r_12_58_35,r_11_77_59,seq56,r_12_58_35,1.0,0,35,35,5
20,r_46_62_172,seq45,r_110_66_74,r_110_66_74,0.58,100,174,74,5
13,r_114_78_113,r_118_123_180,r_137_81_36,r_114_78_113,0.88,0,113,113,5
15,r_128_96_55,seq129,seq95,r_128_96_55,1.0,0,55,55,5
48,r_141_99_60,seq140,r_98_132_102,r_141_99_60,0.98,0,60,60,5
29,r_44_28_13,r_43_103_21,seq27,r_44_28_13,0.95,1,14,13,5
1,r_23_93_40,r_92_112_98,seq95,r_92_112_98,0.95,-3,95,98,5
96,seq122,r_109_20_189,seq126,r_109_20_189,0.5,-139,50,189,5
22,r_73_136_16,r_137_81_36,r_134_131_89,r_73_136_16,0.6,21,37,16,5
26,r_143_47_163,r_144_65_192,seq149,r_144_65_192,0.36,-128,64,192,5
27,r_90_38_102,r_91_48_162,r_121_39_87,r_90_38_102,0.98,0,102,102,5
4,r_36_106_20,seq37,seq108,r_36_106_20,0.68,-1,19,20,5
87,seq89,r_91_48_162,r_54_84_46,r_54_84_46,0.62,122,168,46,5
41,r_91_48_162,seq89,seq49,r_91_48_162,0.6,2,164,162,5
47,r_119_41_99,r_114_78_113,r_46_62_172,r_114_78_113,0.5,-15,98,113,5
47,r_119_41_99,r_128_96_55,r_90_38_102,r_128_96_55,0.53,126,181,55,5
45,r_54_84_46,r_61_115_98,seq87,r_54_84_46,0.9,0,46,46,5
33,r_67_72_149,r_70_51_194,r_26_71_32,r_67_72_149,0.64,0,149,149,5
22,r_73_136_16,seq74,r_137_81_36,r_73_136_16,0.55,0,16,16,5
2,r_11_77_59,r_33_29_147,r_82_76_45,r_11_77_59,0.93,0,59,59,5
38,r_1_68_109,seq2,seq63,r_1_68_109,1.0,0,109,109,5
22,r_73_136_16,r_134_131_89,r_109_20_189,r_134_131_89,0.37,-3,86,89,5
11,r_22_50_55,seq19,seq52,r_22_50_55,0.43,0,55,55,5
24,r_40_142_150,seq89,r_121_39_87,r_121_39_87,0.59,0,87,87,5
22,r_73_136_16,r_109_20_189,r_42_138_51,r_109_20_189,0.66,-66,123,189,5
49,r_85_83_32,r_86_0_67,seq89,r_86_0_67,0.88,-27,40,67,5
17,r_69_57_187,r_70_51_194,r_12_58_35,r_12_58_35,1.0,152,187,35,5
94,seq113,seq122,r_92_112_98,r_92_112_98,1.0,1,99,98,5
18,r_43_103_21,r_42_138_51,seq108,r_43_103_21,0.78,0,21,21,5
9,r_61_115_98,seq49,seq108,r_61_115_98,0.85,0,98,98,5
24,r_40_142_150,r_121_39_87,seq140,r_40_142_150,1.0,0,150,150,5
1,r_23_93_40,r_22_50_55,r_92_112_98,r_23_93_40,0.84,1,41,40,5
28,r_137_81_36,r_73_136_16,seq80,r_137_81_36,0.95,0,36,36,5
44,r_121_39_87,seq122,r_40_142_150,r_121_39_87,0.61,0,87,87,5
26,r_143_47_163,seq149,seq45,r_143_47_163,0.7,0,163,163,5
23,r_133_10_149,r_134_131_89,seq18,r_133_10_149,0.62,0,149,149,5
41,r_91_48_162,r_90_38_102,seq89,r_90_38_102,1.0,-48,54,102,5
35,r_110_66_74,r_109_20_189,r_70_51_194,r_110_66_74,0.98,0,74,74,5
75,seq37,r_35_3_33,r_44_28_13,r_35_3_33,0.6,0,33,33,5
8,r_61_4_175,r_64_7_149,seq62,r_64_7_149,0.62,-82,67,149,6
53,seq131,r_147_138_105,r_113_133_75,r_113_133_75,0.97,9,84,75,6
43,r_63_140_73,seq62,r_57_143_40,r_63_140_73,0.94,0,73,73,6
17,r_57_143_40,r_147_138_105,r_41_142_46,r_57_143_40,0.68,44,84,40,6
55,seq9,r_39_15_14,r_45_10_50,r_45_10_50,1.0,0,50,50,6
37,r_113_133_75,seq107,seq131,r_113_133_75,0.85,0,75,75,6
59,seq149,r_147_138_105,r_65_148_59,r_65_148_59,1.0,35,94,59,6
19,r_135_53_153,seq137,seq50,r_135_53_153,0.79,0,153,153,6
86,seq105,seq106,r_126_104_158,r_126_104_158,0.56,1,159,158,6
16,r_59_11_64,seq58,seq12,r_59_11_64,1.0,0,64,64,6
42,r_114_101_30,seq115,seq103,r_114_101_30,0.79,0,30,30,6
21,r_21_51_159,seq27,r_96_22_75,r_96_22_75,1.0,0,75,75,6
39,r_95_145_135,seq92,r_144_94_82,r_144_94_82,1.0,19,101,82,6
20,r_146_29_108,r_41_142_46,seq26,r_146_29_108,0.97,0,108,108,6
34,r_90_43_42,r_89_52_164,seq55,r_90_43_42,1.0,0,42,42,6
24,r_72_124_57,seq71,seq125,r_72_124_57,1.0,0,57,57,6
46,r_34_28_166,seq30,r_146_29_108,r_146_29_108,0.97,58,166,108,6
19,r_135_53_153,r_134_85_78,seq137,r_134_85_78,1.0,0,78,78,6
40,r_46_49_108,r_45_10_50,seq50,r_45_10_50,0.99,0,50,50,6
83,seq97,seq102,r_24_99_48,r_24_99_48,1.0,2,50,48,6
66,seq37,r_38_69_82,seq40,r_38_69_82,0.96,2,84,82,6
78,seq82,r_81_128_159,seq80,r_81_128_159,0.76,0,159,159,6
45,r_91_54_27,r_88_67_138,seq55,r_91_54_27,0.99,0,27,27,6
14,r_39_15_14,r_36_139_98,seq14,r_39_15_14,0.96,0,14,14,6
41,r_32_136_132,r_34_28_166,seq137,r_32_136_132,0.91,0,132,132,6
58,seq20,r_21_51_159,r_123_19_124,r_123_19_124,0.42,2,126,124,6
34,r_90_43_42,seq55,r_3_44_73,r_3_44_73,0.99,11,84,73,6
3,r_74_47_100,r_75_129_169,r_3_44_73,r_3_44_73,0.84,29,102,73,6
17,r_57_143_40,seq55,r_147_138_105,r_57_143_40,0.97,0,40,40,6
26,r_96_22_75,r_95_145_135,r_21_51_159,r_96_22_75,1.0,0,75,75,6
8,r_61_4_175,seq62,r_64_7_149,r_64_7_149,0.99,26,175,149,6
72,seq68,r_70_100_161,r_38_69_82,r_38_69_82,0.6,-8,74,82,6
35,r_23_120_42,r_24_99_48,seq121,r_23_120_42,0.68,0,42,42,6
4,r_31_132_117,r_32_136_132,r_113_133_75,r_113_133_75,0.89,42,117,75,6
11,r_81_128_159,seq82,r_36_139_98,r_81_128_159,0.34,0,159,159,6
20,r_146_29_108,r_144_94_82,r_41_142_46,r_41_142_46,0.69,36,82,46,6
98,seq125,r_126_104_158,r_72_124_57,r_72_124_57,1.0,101,158,57,6
39,r_95_145_135,r_144_94_82,r_41_142_46,r_95_145_135,0.91,1,136,135,6
15,r_147_138_105,seq149,r_41_142_46,r_41_142_46,1.0,59,105,46,6
48,r_134_85_78,r_135_53_153,r_42_84_12,r_134_85_78,1.0,1,79,78,6
6,r_88_67_138,r_95_145_135,seq73,r_95_145_135,0.46,3,138,135,6
21,r_21_51_159,r_96_22_75,r_135_53_153,r_21_51_159,0.75,0,159,159,6
99,seq127,r_126_104_158,r_57_143_40,r_57_143_40,1.0,25,65,40,6
5,r_18_16_160,seq20,r_6_17_114,r_18_16_160,0.71,0,160,160,6
9,r_41_142_46,seq40,r_57_143_40,r_41_142_46,0.75,0,46,46,6
74,seq73,r_75_129_169,seq77,r_75_129_169,0.54,-146,23,169,6
47,r_70_100_161,seq68,r_38_69_82,r_38_69_82,0.96,-3,79,82,6
18,r_6_17_114,seq5,seq12,r_6_17_114,0.51,0,114,114,6
29,r_3_44_73,seq2,r_90_43_42,r_3_44_73,0.99,0,73,73,6
27,r_45_10_50,r_46_49_108,seq9,r_45_10_50,1.0,0,50,50,6
33,r_123_19_124,seq116,seq20,r_123_19_124,0.94,0,124,124,6
47,r_70_100_161,r_38_69_82,r_24_99_48,r_70_100_161,0.79,0,161,161,6
58,seq20,seq27,r_21_51_159,r_21_51_159,0.47,-80,79,159,6
68,seq50,seq55,r_46_49_108,r_46_49_108,0.66,-11,97,108,6
32,r_48_109_76,seq55,seq108,r_48_109_76,1.0,1,77,76,6
10,r_24_99_48,seq25,seq97,r_24_99_48,1.0,1,49,48,6
60,seq137,r_135_53_153,r_32_136_132,r_32_136_132,0.47,21,153,132,6
81,seq92,r_89_52_164,r_126_104_158,r_89_52_164,0.27,0,164,164,6
26,r_96_22_75,r_21_51_159,r_146_29_108,r_96_22_75,0.69,86,161,75,6
73,seq71,r_72_124_57,seq77,r_72_124_57,1.0,0,57,57,6
13,r_112_60_22,r_113_133_75,seq58,r_112_60_22,0.98,1,23,22,6
92,seq115,r_123_19_124,r_41_142_46,r_41_142_46,0.67,7,53,46,6
49,r_98_56_41,seq97,seq55,r_98_56_41,1.0,0,41,41,6
22,r_87_8_62,r_88_67_138,r_39_15_14,r_87_8_62,0.99,0,62,62,6
28,r_144_94_82,r_146_29_108,seq93,r_144_94_82,1.0,0,82,82,6
12,r_42_84_12,r_36_139_98,seq83,r_42_84_12,0.91,0,12,12,6
7,r_66_130_105,r_64_7_149,seq127,r_66_130_105,0.97,0,105,105,6
44,r_64_7_149,r_61_4_175,seq5,r_64_7_149,0.4,0,149,149,6
23,r_38_69_82,seq37,r_70_100_161,r_38_69_82,0.9,2,84,82,6
31,r_13_122_33,seq14,seq116,r_13_122_33,1.0,0,33,33,6
92,seq115,r_114_101_30,r_123_19_124,r_114_101_30,0.55,-2,28,30,6
82,seq93,r_95_145_135,r_144_94_82,r_144_94_82,0.79,54,136,82,6
23,r_38_69_82,r_70_100_161,seq68,r_70_100_161,1.0,0,161,161,6
44,r_124_69_163,seq127,seq68,r_124_69_163,0.85,0,163,163,7
96,seq116,seq115,r_107_117_126,r_107_117_126,1.0,0,126,126,7
92,seq90,r_91_73_120,r_2_89_76,r_2_89_76,1.0,44,120,76,7
14,r_113_14_111,r_112_97_176,seq17,r_112_97_176,0.67,-65,111,176,7
8,r_62_37_117,r_63_15_148,seq39,r_63_15_148,1.0,-31,117,148,7
43,r_107_117_126,seq105,seq116,r_107_117_126,0.99,1,127,126,7
20,r_112_97_176,r_100_52_125,r_41_110_125,r_41_110_125,0.51,2,127,125,7
16,r_1_38_164,r_2_89_76,seq0,r_2_89_76,1.0,0,76,76,7
39,r_118_129_91,r_120_85_140,seq133,r_118_129_91,1.0,0,91,91,7
1,r_65_87_148,seq75,r_93_88_109,r_93_88_109,0.73,39,148,109,7
5,r_41_110_125,seq40,r_112_97_176,r_41_110_125,0.6,1,126,125,7
42,r_91_73_120,seq90,r_94_74_38,r_94_74_38,0.83,81,119,38,7
19,r_2_89_76,r_1_38_164,seq90,r_2_89_76,0.61,0,76,76,7
12,r_9_126_145,seq5,seq135,r_9_126_145,0.94,0,145,145,7
95,seq115,r_118_129_91,seq116,r_118_129_91,0.99,-8,83,91,7
41,r_63_15_148,r_65_87_148,r_113_14_111,r_63_15_148,0.74,0,148,148,7
10,r_36_128_184,r_35_46_36,r_19_33_86,r_19_33_86,0.99,1,87,86,7
90,seq82,r_80_147_146,r_61_64_132,r_80_147_146,0.96,0,146,146,7
25,r_79_34_45,seq78,r_36_128_184,r_79_34_45,0.69,0,45,45,7
26,r_99_101_4,r_102_57_67,r_100_52_125,r_102_57_67,0.82,0,67,67,7
40,r_103_92_110,seq40,r_108_96_97,r_108_96_97,0.62,56,153,97,7
28,r_98_95_136,r_66_84_14,r_93_88_109,r_98_95_136,0.72,-98,38,136,7
16,r_1_38_164,seq0,seq39,r_1_38_164,0.95,0,164,164,7
5,r_41_110_125,r_112_97_176,r_51_109_155,r_41_110_125,0.8,29,154,125,7
89,seq78,r_79_34_45,seq82,r_79_34_45,1.0,0,45,45,7
71,seq29,r_13_18_129,r_67_28_34,r_67_28_34,1.0,6,40,34,7
78,seq45,r_41_110_125,r_119_43_58,r_119_43_58,0.88,5,63,58,7
20,r_112_97_176,r_113_14_111,r_100_52_125,r_113_14_111,0.69,0,111,111,7
28,r_98_95_136,r_93_88_109,seq78,r_98_95_136,0.6,-66,70,136,7
21,r_93_88_109,r_98_95_136,r_2_89_76,r_93_88_109,0.7,0,109,109,7
27,r_100_52_125,r_99_101_4,seq53,r_100_52_125,0.84,0,125,125,7
14,r_113_14_111,seq17,r_63_15_148,r_63_15_148,1.0,15,163,148,7
28,r_98_95_136,seq78,r_108_96_97,r_98_95_136,0.7,-26,110,136,7
31,r_48_58_22,r_50_149_24,seq59,r_50_149_24,1.0,-1,23,24,7
47,r_120_85_140,r_118_129_91,seq116,r_118_129_91,1.0,0,91,91,7
46,r_31_71_38,seq30,r_94_74_38,r_31_71_38,1.0,-1,37,38,7
18,r_111_44_102,r_113_14_111,seq45,r_111_44_102,0.89,3,105,102,7
2,r_50_149_24,seq49,seq144,r_50_149_24,0.98,0,24,24,7
33,r_24_142_104,seq23,seq144,r_24_142_104,0.98,0,104,104,7
23,r_81_106_14,r_80_147_146,seq105,r_81_106_14,0.99,0,14,14,7
70,seq26,r_27_72_190,r_148_7_190,r_27_72_190,0.49,0,190,190,7
38,r_125_140_82,r_124_69_163,seq139,r_125_140_82,0.63,0,82,82,7
45,r_67_28_34,r_70_55_123,seq29,r_67_28_34,0.97,0,34,34,7
37,r_119_43_58,r_118_129_91,seq45,r_119_43_58,1.0,0,58,58,7
21,r_93_88_109,r_94_74_38,r_98_95_136,r_94_74_38,0.78,13,51,38,7
75,seq39,r_36_128_184,r_62_37_117,r_36_128_184,0.62,-37,147,184,7
20,r_112_97_176,r_41_110_125,r_130_86_38,r_112_97_176,0.78,1,177,176,7
0,r_130_86_38,seq131,r_66_84_14,r_130_86_38,1.0,0,38,38,7
17,r_108_96_97,r_107_117_126,r_98_95_136,r_108_96_97,0.87,2,99,97,7
25,r_79_34_45,r_36_128_184,r_19_33_86,r_19_33_86,1.0,44,130,86,7
26,r_99_101_4,r_100_52_125,r_16_104_9,r_99_101_4,0.69,121,125,4,7
9,r_8_10_113,r_9_126_145,seq11,r_9_126_145,0.75,-32,113,145,7
96,seq116,r_118_129_91,seq115,r_118_129_91,0.99,-18,73,91,7
47,r_120_85_140,seq116,r_130_86_38,r_120_85_140,1.0,0,140,140,7
49,r_102_57_67,r_99_101_4,seq59,r_102_57_67,1.0,0,67,67,7
26,r_99_101_4,r_16_104_9,r_48_58_22,r_16_104_9,0.74,153,162,9,7
7,r_19_33_86,seq20,r_79_34_45,r_19_33_86,0.98,0,86,86,7
44,r_124_69_163,r_125_140_82,seq127,r_125_140_82,0.48,0,82,82,7
3,r_94_74_38,r_93_88_109,r_31_71_38,r_31_71_38,1.0,-1,37,38,7
35,r_134_22_113,seq135,seq23,r_134_22_113,1.0,0,113,113,7
12,r_9_126_145,r_8_10_113,seq5,r_9_126_145,0.6,-32,113,145,7
28,r_98_95_136,r_94_74_38,r_66_84_14,r_66_84_14,0.46,-1,13,14,7
84,seq139,r_148_7_190,r_125_140_82,r_125_140_82,0.59,6,88,82,7
51,seq3,seq4,r_130_2_146,r_130_2_146,1.0,1,147,146,8
36,r_111_43_80,seq112,seq54,r_111_43_80,1.0,1,81,80,8
14,r_145_104_69,seq147,seq103,r_145_104_69,0.71,0,69,69,8
8,r_57_116_141,seq54,r_71_117_85,r_57_116_141,0.5,0,141,141,8
21,r_149_6_134,seq147,r_20_5_51,r_149_6_134,0.64,0,134,134,8
43,r_89_35_96,r_52_88_1,r_85_34_76,r_52_88_1,1.0,94,95,1,8
37,r_31_106_91,r_26_86_164,r_101_102_96,r_31_106_91,0.92,0,91,91,8
59,seq13,r_12_108_69,seq11,r_12_108_69,1.0,0,69,69,8
30,r_22_95_12,r_16_143_14,r_93_84_90,r_22_95_12,1.0,0,12,12,8
16,r_20_5_51,r_26_86_164,seq4,r_20_5_51,0.64,15,66,51,8
2,r_80_15_74,seq13,r_120_14_132,r_120_14_132,1.0,0,132,132,8
21,r_149_6_134,r_148_0_127,seq147,r_148_0_127,0.64,-9,118,127,8
1,r_46_121_70,seq49,seq119,r_46_121_70,1.0,0,70,70,8
27,r_107_81_59,r_111_43_80,seq91,r_107_81_59,0.99,0,59,59,8
46,r_133_55_160,r_130_2_146,seq131,r_130_2_146,0.53,-41,105,146,8
45,r_52_88_1,r_89_35_96,r_83_126_182,r_89_35_96,1.0,-31,65,96,8
19,r_68_146_155,seq70,seq147,r_68_146_155,0.76,1,156,155,8
95,seq119,r_120_14_132,r_46_121_70,r_46_121_70,0.93,62,132,70,8
31,r_134_110_129,r_130_2_146,r_12_108_69,r_12_108_69,0.81,60,129,69,8
26,r_85_34_76,r_83_126_182,seq33,r_85_34_76,1.0,0,76,76,8
16,r_20_5_51,seq4,r_149_6_134,r_149_6_134,1.0,2,136,134,8
0,r_87_30_79,r_52_88_1,r_31_106_91,r_87_30_79,0.58,0,79,79,8
6,r_16_143_14,r_26_86_164,r_148_0_127,r_16_143_14,0.91,0,14,14,8
20,r_12_108_69,seq13,r_101_102_96,r_12_108_69,1.0,0,69,69,8
13,r_71_117_85,seq72,seq113,r_71_117_85,1.0,0,85,85,8
6,r_16_143_14,r_148_0_127,r_139_144_41,r_16_143_14,0.81,30,44,14,8
48,r_61_96_154,seq63,r_22_95_12,r_61_96_154,0.72,0,154,154,8
15,r_129_45_45,r_134_110_129,r_62_44_123,r_129_45_45,1.0,0,45,45,8
40,r_83_126_182,r_107_81_59,r_93_84_90,r_107_81_59,0.55,35,94,59,8
30,r_22_95_12,r_93_84_90,r_25_94_64,r_25_94_64,1.0,11,75,64,8
42,r_82_128_41,r_80_15_74,seq127,r_82_128_41,1.0,0,41,41,8
0,r_87_30_79,r_32_122_136,r_67_29_122,r_67_29_122,0.82,1,123,122,8
40,r_83_126_182,r_85_34_76,r_107_81_59,r_107_81_59,0.47,17,76,59,8
24,r_123_27_123,seq124,r_77_18_38,r_123_27_123,1.0,0,123,123,8
25,r_32_122_136,seq33,r_46_121_70,r_32_122_136,0.54,0,136,136,8
47,r_58_142_51,seq63,r_139_144_41,r_58_142_51,0.97,0,51,51,8
64,seq33,r_32_122_136,r_85_34_76,r_85_34_76,1.0,60,136,76,8
50,seq1,seq3,r_148_0_127,r_148_0_127,1.0,4,131,127,8
65,seq39,r_40_92_69,seq42,r_40_92_69,1.0,1,70,69,8
38,r_21_19_161,r_26_86_164,r_77_18_38,r_77_18_38,0.86,89,127,38,8
52,seq4,seq3,r_20_5_51,r_20_5_51,0.89,62,113,51,8
77,seq66,r_67_29_122,seq63,r_67_29_122,1.0,-49,73,122,8
4,r_139_144_41,seq140,r_16_143_14,r_16_143_14,0.67,30,44,14,8
46,r_133_55_160,seq131,r_109_60_36,r_133_55_160,0.97,0,160,160,8
34,r_40_92_69,seq39,r_93_84_90,r_40_92_69,0.96,1,70,69,8
75,seq63,seq65,r_109_60_36,r_109_60_36,1.0,90,126,36,8
45,r_52_88_1,r_83_126_182,seq98,r_52_88_1,0.44,152,153,1,8
32,r_109_60_36,r_107_81_59,seq63,r_109_60_36,0.97,0,36,36,8
9,r_97_51_28,r_87_30_79,seq53,r_97_51_28,0.95,1,29,28,8
23,r_93_84_90,r_40_92_69,r_83_126_182,r_93_84_90,0.43,0,90,90,8
22,r_36_50_163,seq39,r_57_116_141,r_36_50_163,0.65,-73,90,163,8
28,r_120_14_132,seq119,r_80_15_74,r_120_14_132,0.88,0,132,132,8
49,r_25_94_64,r_26_86_164,r_22_95_12,r_25_94_64,0.99,0,64,64,8
34,r_40_92_69,r_93_84_90,r_25_94_64,r_93_84_90,0.58,0,90,90,8
7,r_26_86_164,r_21_19_161,r_93_84_90,r_26_86_164,0.7,0,164,164,8
44,r_7_17_174,seq8,r_77_18_38,r_77_18_38,1.0,136,174,38,8
11,r_37_141_32,seq41,seq140,r_37_141_32,0.91,0,32,32,8
23,r_93_84_90,r_87_30_79,r_40_92_69,r_40_92_69,0.94,5,74,69,8
17,r_79_38_25,r_78_47_146,seq39,r_79_38_25,0.97,0,25,25,8
35,r_67_29_122,seq66,r_87_30_79,r_67_29_122,0.98,0,122,122,8
12,r_62_44_123,seq65,r_129_45_45,r_129_45_45,1.0,85,130,45,8
0,r_87_30_79,r_31_106_91,r_32_122_136,r_31_106_91,0.99,0,91,91,8
3,r_77_18_38,r_78_47_146,r_21_19_161,r_77_18_38,0.99,0,38,38,8
36,r_72_117_175,r_73_110_180,r_65_112_131,r_65_112_131,0.64,44,175,131,9
33,r_140_61_161,seq137,seq60,r_140_61_161,0.96,1,162,161,9
14,r_128_134_121,seq129,r_114_133_85,r_114_133_85,0.77,36,121,85,9
43,r_146_91_92,r_143_94_99,seq93,r_146_91_92,0.92,0,92,92,9
54,seq137,r_140_61_161,r_17_139_132,r_17_139_132,0.67,1,133,132,9
37,r_3_106_176,seq6,r_76_102_133,r_76_102_133,0.73,43,176,133,9
77,seq62,seq60,r_35_68_22,r_35_68_22,0.87,36,58,22,9
21,r_41_119_72,seq49,seq120,r_41_119_72,1.0,1,73,72,9
1,r_5_149_174,seq6,seq147,r_5_149_174,0.4,0,174,174,9
97,seq121,seq120,r_0_123_65,r_0_123_65,1.0,60,125,65,9
42,r_143_94_99,seq141,seq97,r_143_94_99,1.0,2,101,99,9
88,seq97,seq98,r_143_94_99,r_143_94_99,1.0,0,99,99,9
27,r_46_33_51,seq49,seq40,r_46_33_51,0.49,0,51,51,9
76,seq60,r_65_112_131,seq62,r_65_112_131,0.98,-31,100,131,9
34,r_35_68_22,seq36,r_65_112_131,r_35_68_22,0.99,0,22,22,9
31,r_52_78_188,r_50_42_72,r_100_53_88,r_100_53_88,1.0,4,92,88,9
41,r_15_132_113,seq13,r_114_133_85,r_15_132_113,1.0,0,113,113,9
67,seq32,r_31_105_129,seq39,r_31_105_129,1.0,0,129,129,9
3,r_82_48_40,r_81_1_134,seq49,r_82_48_40,0.66,0,40,40,9
5,r_130_71_30,r_128_134_121,seq70,r_130_71_30,0.98,0,30,30,9
45,r_96_118_24,seq97,seq120,r_96_118_24,1.0,0,24,24,9
78,seq64,r_65_112_131,seq62,r_65_112_131,0.98,-19,112,131,9
0,r_50_42_72,r_52_78_188,r_58_43_97,r_52_78_188,0.84,-96,92,188,9
11,r_20_66_98,r_19_95_191,r_35_68_22,r_20_66_98,0.49,0,98,98,9
20,r_87_90_129,seq85,r_146_91_92,r_87_90_129,0.56,0,129,129,9
13,r_86_131_170,seq85,seq129,r_86_131_170,0.4,0,170,170,9
48,r_116_38_146,seq113,seq37,r_116_38_146,0.92,-2,144,146,9
16,r_47_84_47,r_46_33_51,seq85,r_47_84_47,0.98,0,47,47,9
85,seq88,r_89_34_89,seq93,r_89_34_89,0.99,-15,74,89,9
99,seq127,r_125_135_116,r_124_126_61,r_125_135_116,0.99,-39,77,116,9
79,seq70,seq60,r_130_71_30,r_130_71_30,1.0,-1,29,30,9
47,r_100_53_88,seq103,r_52_78_188,r_100_53_88,0.99,1,89,88,9
40,r_31_105_129,seq32,seq101,r_31_105_129,0.82,0,129,129,9
18,r_138_25_118,r_140_61_161,r_7_28_128,r_138_25_118,0.96,0,118,118,9
29,r_17_139_132,seq16,seq137,r_17_139_132,0.96,0,132,132,9
24,r_125_135_116,seq127,seq136,r_125_135_116,0.88,0,116,116,9
25,r_65_112_131,seq60,r_35_68_22,r_35_68_22,0.62,22,44,22,9
34,r_35_68_22,r_65_112_131,r_20_66_98,r_35_68_22,0.98,104,126,22,9
33,r_140_61_161,r_138_25_118,seq137,r_138_25_118,0.95,0,118,118,9
65,seq23,r_26_67_142,r_138_25_118,r_138_25_118,0.67,16,134,118,9
38,r_80_109_168,seq79,seq111,r_80_109_168,0.79,0,168,168,9
17,r_54_145_34,r_58_43_97,seq142,r_54_145_34,0.98,0,34,34,9
45,r_96_118_24,seq120,r_41_119_72,r_41_119_72,1.0,71,143,72,9
25,r_65_112_131,r_35_68_22,seq113,r_65_112_131,0.9,0,131,131,9
49,r_114_133_85,seq136,r_128_134_121,r_114_133_85,0.59,36,121,85,9
9,r_76_102_133,r_81_1_134,seq101,r_76_102_133,0.6,0,133,133,9
31,r_52_78_188,r_100_53_88,r_83_63_171,r_52_78_188,0.43,0,188,188,9
47,r_100_53_88,r_52_78_188,r_107_51_134,r_107_51_134,1.0,5,139,134,9
49,r_114_133_85,r_116_38_146,seq136,r_114_133_85,0.95,0,85,85,9
44,r_2_77_145,r_5_149_174,seq79,r_5_149_174,0.82,-29,145,174,9
23,r_144_45_96,r_143_94_99,r_82_48_40,r_144_45_96,0.93,0,96,96,9
94,seq111,seq121,r_80_109_168,r_80_109_168,0.76,1,169,168,9
35,r_73_110_180,r_72_117_175,seq60,r_72_117_175,0.54,-18,157,175,9
12,r_7_28_128,seq8,seq30,r_7_28_128,0.47,1,129,128,9
84,seq85,r_86_131_170,r_47_84_47,r_47_84_47,0.93,66,113,47,9
88,seq97,r_96_118_24,seq98,r_96_118_24,0.87,0,24,24,9
30,r_77_5_181,seq76,r_58_4_149,r_77_5_181,0.53,0,181,181,10
51,seq129,seq136,r_139_130_97,r_139_130_97,0.78,0,97,97,10
8,r_123_23_83,seq136,r_13_22_28,r_123_23_83,1.0,0,83,83,10
43,r_93_67_64,seq107,r_69_75_184,r_93_67_64,1.0,0,64,64,10
16,r_146_52_126,seq147,seq55,r_146_52_126,1.0,0,126,126,10
5,r_58_4_149,r_57_65_60,seq55,r_57_65_60,1.0,0,60,60,10
46,r_139_130_97,seq138,seq129,r_139_130_97,0.72,0,97,97,10
55,seq136,seq132,r_73_135_33,r_73_135_33,0.96,23,56,33,10
45,r_47_86_112,r_51_44_200,seq84,r_47_86_112,0.99,0,112,112,10
31,r_56_127_52,seq55,seq129,r_56_127_52,0.99,0,52,52,10
19,r_108_119_87,seq116,seq120,r_108_119_87,0.63,-21,66,87,10
1,r_45_95_34,r_43_60_168,seq96,r_45_95_34,1.0,0,34,34,10
15,r_13_22_28,r_26_124_161,r_123_23_83,r_123_23_83,1.0,36,119,83,10
66,seq27,r_28_115_180,r_34_35_56,r_28_115_180,0.98,0,180,180,10
14,r_109_85_158,r_113_11_179,r_140_110_11,r_140_110_11,1.0,22,33,11,10
41,r_145_99_156,seq144,r_2_102_25,r_145_99_156,0.65,0,156,156,10
89,seq144,r_145_99_156,seq147,r_145_99_156,0.82,0,156,156,10
28,r_7_149_39,r_8_118_105,r_87_148_30,r_7_149_39,0.93,0,39,39,10
3,r_87_148_30,r_88_79_16,seq147,r_87_148_30,0.84,0,30,30,10
26,r_38_17_123,r_32_31_165,r_64_15_55,r_64_15_55,0.79,71,126,55,10
14,r_109_85_158,r_140_110_11,r_47_86_112,r_109_85_158,0.61,0,158,158,10
0,r_43_60_168,r_51_44_200,seq59,r_43_60_168,0.9,0,168,168,10
11,r_50_41_167,seq49,r_34_35_56,r_50_41_167,0.58,9,176,167,10
20,r_113_11_179,seq116,r_142_114_64,r_142_114_64,0.98,2,66,64,10
12,r_48_74_50,r_56_127_52,seq76,r_48_74_50,0.86,0,50,50,10
13,r_39_112_174,r_32_31_165,r_142_114_64,r_39_112_174,0.5,0,174,174,10
48,r_69_75_184,r_68_21_172,r_93_67_64,r_93_67_64,1.0,108,172,64,10
79,seq72,seq70,r_101_71_42,r_101_71_42,1.0,12,54,42,10
5,r_58_4_149,seq55,seq3,r_58_4_149,0.93,0,149,149,10
4,r_64_15_55,seq63,seq12,r_64_15_55,1.0,0,55,55,10
39,r_88_79_16,r_87_148_30,r_42_80_9,r_88_79_16,0.91,7,23,16,10
47,r_8_118_105,seq3,r_109_85_158,r_8_118_105,0.49,0,105,105,10
47,r_8_118_105,r_109_85_158,r_108_119_87,r_109_85_158,0.81,-35,123,158,10
40,r_18_106_65,seq16,seq107,r_18_106_65,1.0,0,65,65,10
74,seq61,seq63,r_43_60_168,r_43_60_168,1.0,5,173,168,10
18,r_134_125_188,seq136,r_26_124_161,r_26_124_161,0.9,27,188,161,10
24,r_103_46_121,seq105,seq55,r_103_46_121,0.98,0,121,121,10
64,seq20,seq0,r_24_19_48,r_24_19_48,0.6,2,50,48,10
34,r_140_110_11,r_109_85_158,r_53_111_148,r_140_110_11,0.61,147,158,11,10
25,r_142_114_64,seq141,r_113_11_179,r_142_114_64,0.81,0,64,64,10
43,r_93_67_64,r_69_75_184,seq66,r_69_75_184,0.38,0,184,184,10
6,r_24_19_48,r_26_124_161,seq20,r_24_19_48,0.94,-9,39,48,10
58,seq12,seq16,r_64_15_55,r_64_15_55,1.0,51,106,55,10
70,seq49,r_50_41_167,r_146_52_126,r_146_52_126,0.95,51,177,126,10
65,seq25,r_26_124_161,r_123_23_83,r_123_23_83,0.66,77,160,83,10
20,r_113_11_179,r_142_114_64,r_64_15_55,r_142_114_64,0.56,115,179,64,10
61,seq138,r_139_130_97,seq137,r_139_130_97,1.0,0,97,97,10
77,seq66,r_68_21_172,r_93_67_64,r_93_67_64,0.96,6,70,64,10
29,r_78_143_44,r_77_5_181,seq141,r_78_143_44,0.89,0,44,44,10
15,r_13_22_28,seq12,r_26_124_161,r_13_22_28,0.8,0,28,28,10
34,r_140_110_11,seq141,r_109_85_158,r_140_110_11,0.73,0,11,11,10
22,r_26_124_161,r_56_127_52,r_134_125_188,r_134_125_188,0.62,1,189,188,10
17,r_104_82_82,r_103_46_121,r_42_80_9,r_104_82_82,0.86,0,82,82,10
25,r_142_114_64,r_113_11_179,r_53_111_148,r_142_114_64,0.87,115,179,64,10
94,seq147,r_146_52_126,r_87_148_30,r_146_52_126,0.64,0,126,126,10
9,r_57_65_60,r_58_4_149,seq63,r_57_65_60,1.0,0,60,60,10
42,r_73_135_33,seq72,seq136,r_73_135_33,0.98,2,35,33,10
49,r_128_9_98,seq129,r_37_6_77,r_128_9_98,1.0,0,98,98,10
10,r_2_102_25,r_7_149_39,seq100,r_2_102_25,0.77,0,25,25,10
7,r_53_111_148,seq54,r_140_110_11,r_53_111_148,0.88,0,148,148,10
23,r_68_21_172,r_69_75_184,r_123_23_83,r_68_21_172,0.8,0,172,172,10
38,r_126_97_27,seq132,seq98,r_126_97_27,0.85,0,27,27,10
30,r_36_30_92,r_37_18_130,r_81_32_69,r_81_32_69,0.97,24,93,69,11
36,r_66_38_194,seq67,r_52_35_176,r_52_35_176,0.69,16,192,176,11
8,r_125_5_141,seq126,seq6,r_125_5_141,0.91,0,141,141,11
43,r_74_17_129,r_71_43_160,r_110_20_59,r_74_17_129,0.64,0,129,129,11
4,r_48_9_36,seq10,seq14,r_48_9_36,0.54,54,90,36,11
54,seq8,seq14,r_84_7_54,r_84_7_54,1.0,8,62,54,11
15,r_92_83_137,seq97,r_68_95_58,r_68_95_58,0.99,2,60,58,11
21,r_40_11_199,r_39_59_187,r_52_35_176,r_52_35_176,0.8,9,185,176,11
39,r_57_16_162,seq60,seq28,r_57_16_162,0.58,0,162,162,11
65,seq31,r_29_80_100,r_26_131_178,r_29_80_100,0.44,-56,44,100,11
5,r_26_131_178,seq28,seq132,r_26_131_178,0.48,1,179,178,11
46,r_37_18_130,r_36_30_92,r_39_59_187,r_36_30_92,0.99,-1,91,92,11
42,r_64_49_164,seq60,r_76_63_105,r_76_63_105,0.81,0,105,105,11
80,seq70,r_71_43_160,r_41_72_136,r_41_72_136,0.61,24,160,136,11
88,seq104,r_100_33_144,r_103_102_61,r_100_33_144,0.99,-30,114,144,11
45,r_88_42_165,r_19_85_110,seq44,r_88_42_165,0.99,0,165,165,11
45,r_88_42_165,seq90,r_19_85_110,r_19_85_110,0.85,0,110,110,11
27,r_84_7_54,r_88_42_165,seq8,r_84_7_54,1.0,0,54,54,11
35,r_87_3_38,r_88_42_165,seq6,r_87_3_38,1.0,0,38,38,11
19,r_128_98_156,seq126,seq99,r_128_98_156,0.49,0,156,156,11
6,r_105_136_53,seq104,seq137,r_105_136_53,0.98,0,53,53,11
33,r_76_63_105,r_64_49_164,r_144_62_160,r_76_63_105,0.83,60,165,105,11
11,r_101_89_21,r_100_33_144,seq90,r_101_89_21,0.78,1,22,21,11
21,r_40_11_199,r_52_35_176,r_48_9_36,r_40_11_199,0.73,1,200,199,11
26,r_100_33_144,r_103_102_61,r_81_32_69,r_100_33_144,0.89,0,144,144,11
41,r_103_102_61,seq104,seq97,r_103_102_61,0.33,39,100,61,11
26,r_100_33_144,seq104,r_103_102_61,r_103_102_61,0.5,54,115,61,11
88,seq104,r_103_102_61,r_25_106_164,r_25_106_164,1.0,16,180,164,11
65,seq31,r_26_131_178,r_81_32_69,r_81_32_69,0.83,16,85,69,11
63,seq23,r_19_85_110,seq28,r_19_85_110,0.96,-5,105,110,11
20,r_39_59_187,r_40_11_199,r_79_61_181,r_79_61_181,0.67,6,187,181,11
13,r_41_72_136,seq44,seq70,r_41_72_136,0.75,0,136,136,11
48,r_27_117_119,seq28,r_24_112_17,r_27_117_119,0.6,0,119,119,11
88,seq104,r_105_136_53,r_100_33_144,r_105_136_53,0.86,-3,50,53,11
52,seq133,r_134_148_135,r_93_135_44,r_93_135_44,1.0,12,56,44,11
2,r_19_85_110,seq21,r_88_42_165,r_19_85_110,0.94,0,110,110,11
41,r_103_102_61,seq97,r_25_106_164,r_25_106_164,0.99,-1,163,164,11
40,r_52_35_176,seq53,r_40_11_199,r_52_35_176,0.66,0,176,176,11
46,r_37_18_130,r_39_59_187,r_110_20_59,r_37_18_130,0.91,0,130,130,11
25,r_93_135_44,r_92_83_137,seq133,r_93_135_44,1.0,0,44,44,11
14,r_24_112_17,r_19_85_110,seq116,r_24_112_17,0.98,0,17,17,11
33,r_76_63_105,seq75,r_64_49_164,r_64_49_164,0.51,-60,104,164,11
64,seq28,r_26_131_178,r_36_30_92,r_36_30_92,1.0,85,177,92,11
3,r_110_20_59,seq109,seq22,r_110_20_59,1.0,0,59,59,11
15,r_92_83_137,r_93_135_44,seq97,r_93_135_44,0.55,-6,38,44,11
17,r_68_95_58,r_92_83_137,seq99,r_92_83_137,0.97,-31,106,137,11
42,r_64_49_164,r_76_63_105,seq50,r_64_49_164,0.92,0,164,164,11
38,r_56_86_170,seq60,r_19_85_110,r_19_85_110,1.0,60,170,110,11
77,seq138,r_139_114_152,seq141,r_139_114_152,0.9,-23,129,152,11
17,r_68_95_58,seq69,r_92_83_137,r_68_95_58,0.94,0,58,58,11
29,r_78_82_126,seq69,r_92_83_137,r_78_82_126,0.73,29,155,126,11
4,r_48_9_36,seq51,seq10,r_48_9_36,0.99,0,36,36,11
9,r_144_62_160,seq142,r_76_63_105,r_144_62_160,0.82,0,160,160,11
15,r_92_83_137,r_68_95_58,r_78_82_126,r_92_83_137,0.94,0,137,137,11
1,r_55_0_44,r_52_35_176,seq1,r_55_0_44,0.65,0,44,44,11
28,r_91_94_171,seq90,r_2_96_159,r_2_96_159,0.55,12,171,159,11
49,r_29_80_100,seq31,seq70,r_29_80_100,0.92,0,100,100,11
10,r_73_115_23,r_78_82_126,r_24_112_17,r_73_115_23,0.99,2,25,23,11
7,r_71_43_160,seq70,seq45,r_71_43_160,0.8,0,160,160,11
23,r_25_106_164,seq28,r_103_102_61,r_25_106_164,0.79,0,164,164,11
12,r_81_32_69,r_66_38_194,seq31,r_81_32_69,1.0,1,70,69,11
84,seq142,r_144_62_160,seq145,r_144_62_160,0.66,0,160,160,11
44,r_95_136_45,r_142_122_185,r_116_137_113,r_116_137_113,0.96,52,165,113,12
36,r_70_43_133,r_69_67_120,r_54_41_102,r_69_67_120,0.93,16,136,120,12
14,r_116_137_113,r_115_121_143,r_95_136_45,r_95_136_45,0.82,68,113,45,12
18,r_49_75_39,r_54_41_102,seq80,r_49_75_39,0.88,0,39,39,12
8,r_85_144_139,seq82,seq143,r_85_144_139,0.75,0,139,139,12
43,r_111_8_178,seq107,r_89_6_15,r_111_8_178,0.39,0,178,178,12
83,seq90,r_91_7_83,seq88,r_91_7_83,1.0,0,83,83,12
44,r_95_136_45,seq94,r_142_122_185,r_95_136_45,1.0,0,45,45,12
71,seq44,r_38_35_115,r_78_40_44,r_78_40_44,0.67,20,64,44,12
21,r_77_84_130,seq76,seq82,r_77_84_130,0.84,0,130,130,12
1,r_54_41_102,seq50,r_78_40_44,r_54_41_102,0.82,0,102,102,12
42,r_145_58_65,seq143,r_57_86_184,r_145_58_65,1.0,0,65,65,12
80,seq80,r_79_73_165,r_49_75_39,r_49_75_39,0.57,126,165,39,12
45,r_48_19_107,r_46_100_165,r_47_22_62,r_46_100_165,1.0,-57,108,165,12
4,r_99_72_46,seq98,seq80,r_99_72_46,0.73,0,46,46,12
39,r_78_40_44,r_38_35_115,r_54_41_102,r_54_41_102,0.9,11,113,102,12
41,r_46_100_165,r_45_55_77,r_57_86_184,r_57_86_184,0.52,-108,76,184,12
10,r_57_86_184,r_71_65_61,r_145_58_65,r_145_58_65,1.0,8,73,65,12
26,r_79_73_165,seq80,r_99_72_46,r_99_72_46,0.98,119,165,46,12
95,seq120,r_119_31_128,r_115_121_143,r_119_31_128,0.99,-69,59,128,12
20,r_74_140_150,seq76,seq141,r_74_140_150,0.51,0,150,150,12
13,r_112_10_75,r_111_8_178,seq3,r_112_10_75,0.88,0,75,75,12
48,r_119_31_128,seq117,seq32,r_119_31_128,0.87,0,128,128,12
57,seq141,r_142_122_185,r_116_137_113,r_116_137_113,0.97,72,185,113,12
12,r_47_22_62,r_21_51_135,r_52_20_58,r_21_51_135,0.99,0,135,135,12
19,r_52_20_58,r_21_51_135,r_47_22_62,r_52_20_58,0.65,20,78,58,12
6,r_18_87_184,seq17,r_57_86_184,r_18_87_184,0.6,0,184,184,12
0,r_89_6_15,seq5,r_112_10_75,r_112_10_75,1.0,22,97,75,12
10,r_57_86_184,r_145_58_65,r_18_87_184,r_145_58_65,0.67,119,184,65,12
27,r_83_135_94,seq82,seq146,r_83_135_94,0.98,0,94,94,12
30,r_14_148_57,r_12_101_194,seq149,r_14_148_57,1.0,0,57,57,12
41,r_46_100_165,r_57_86_184,seq105,r_46_100_165,0.95,0,165,165,12
40,r_115_121_143,r_111_8_178,seq120,r_115_121_143,0.59,14,157,143,12
47,r_56_81_8,seq82,seq98,r_56_81_8,0.74,138,146,8,12
24,r_69_67_120,r_71_65_61,r_145_58_65,r_145_58_65,1.0,31,96,65,12
0,r_89_6_15,r_91_7_83,seq5,r_89_6_15,0.99,0,15,15,12
25,r_45_55_77,r_46_100_165,seq50,r_46_100_165,0.85,-88,77,165,12
33,r_114_13_116,r_115_121_143,seq15,r_114_13_116,0.95,0,116,116,12
47,r_56_81_8,seq88,r_106_113_24,r_56_81_8,0.7,69,77,8,12
58,seq15,r_12_101_194,r_114_13_116,r_114_13_116,0.99,64,180,116,12
70,seq39,r_38_35_115,r_54_41_102,r_54_41_102,0.87,13,115,102,12
42,r_145_58_65,r_57_86_184,seq59,r_57_86_184,0.94,0,184,184,12
32,r_26_4_173,r_23_25_4,r_89_6_15,r_26_4_173,0.47,0,173,173,12
34,r_91_7_83,seq90,r_112_10_75,r_91_7_83,0.75,0,83,83,12
62,seq149,seq146,r_14_148_57,r_14_148_57,1.0,8,65,57,12
81,seq82,r_85_144_139,r_77_84_130,r_77_84_130,0.7,9,139,130,12
2,r_131_108_52,seq132,seq107,r_131_108_52,0.95,1,53,52,12
47,r_56_81_8,r_106_113_24,seq82,r_56_81_8,0.51,94,102,8,12
39,r_78_40_44,r_77_84_130,r_38_35_115,r_78_40_44,0.85,0,44,44,12
56,seq11,r_12_101_194,seq15,r_12_101_194,0.57,-3,191,194,12
23,r_21_51_135,r_18_87_184,r_47_22_62,r_47_22_62,0.95,3,65,62,12
19,r_52_20_58,r_54_41_102,r_21_51_135,r_52_20_58,0.92,0,58,58,12
49,r_139_129_46,r_142_122_185,r_104_130_7,r_139_129_46,0.53,0,46,46,12
35,r_68_125_71,r_71_65_61,seq124,r_68_125_71,0.94,0,71,71,12
12,r_47_22_62,r_48_19_107,r_21_51_135,r_47_22_62,0.83,2,64,62,12
17,r_63_118_42,r_71_65_61,seq117,r_63_118_42,1.0,0,42,42,12
23,r_21_51_135,r_47_22_62,r_45_55_77,r_21_51_135,0.96,0,135,135,12
84,seq143,r_145_58_65,seq146,r_145_58_65,1.0,0,65,65,12
33,r_39_41_54,r_38_65_46,r_110_42_39,r_39_41_54,0.99,-9,45,54,13
30,r_98_58_96,r_102_108_202,seq63,r_98_58_96,0.98,0,96,96,13
14,r_130_149_94,r_131_44_163,seq148,r_130_149_94,0.99,0,94,94,13
8,r_34_69_3,seq71,r_139_68_69,r_139_68_69,1.0,32,101,69,13
5,r_38_65_46,r_39_41_54,seq67,r_38_65_46,1.0,0,46,46,13
16,r_121_146_156,seq123,seq140,r_121_146_156,0.83,0,156,156,13
37,r_8_56_11,r_55_136_67,seq49,r_55_136_67,1.0,-1,66,67,13
46,r_35_52_177,seq36,r_76_53_22,r_76_53_22,0.87,155,177,22,13
42,r_131_44_163,r_130_149_94,r_134_132_71,r_131_44_163,0.58,-68,95,163,13
18,r_87_3_29,r_88_19_122,r_79_7_29,r_88_19_122,0.86,-93,29,122,13
80,seq140,r_139_68_69,seq148,r_139_68_69,1.0,0,69,69,13
7,r_116_29_143,r_75_115_21,seq32,r_116_29_143,0.94,-1,142,143,13
39,r_18_54_32,r_4_37_124,r_55_136_67,r_18_54_32,0.88,0,32,32,13
13,r_76_53_22,r_73_119_37,seq48,r_76_53_22,0.95,0,22,22,13
21,r_110_42_39,r_40_51_58,r_83_43_66,r_110_42_39,0.71,27,66,39,13
15,r_59_94_30,seq60,seq95,r_59_94_30,1.0,0,30,30,13
77,seq67,seq71,r_38_65_46,r_38_65_46,0.97,0,46,46,13
67,seq36,r_35_52_177,r_4_37_124,r_4_37_124,0.91,39,163,124,13
3,r_46_62_62,seq47,seq63,r_46_62_62,0.52,0,62,62,13
10,r_77_124_62,seq71,seq122,r_77_124_62,1.0,1,63,62,13
26,r_104_22_105,seq105,seq20,r_104_22_105,1.0,1,106,105,13
4,r_137_127_176,seq138,seq125,r_137_127_176,0.68,0,176,176,13
78,seq71,seq72,r_147_70_134,r_147_70_134,1.0,9,143,134,13
0,r_4_37_124,seq15,seq36,r_4_37_124,0.76,0,124,124,13
11,r_83_43_66,seq84,r_110_42_39,r_83_43_66,1.0,0,66,66,13
39,r_18_54_32,r_55_136_67,seq49,r_55_136_67,1.0,-1,66,67,13
6,r_45_133_15,r_46_62_62,seq135,r_45_133_15,1.0,-1,14,15,13
20,r_120_113_94,seq118,seq114,r_120_113_94,0.99,0,94,94,13
13,r_76_53_22,seq48,r_40_51_58,r_40_51_58,1.0,29,87,58,13
85,seq89,r_90_66_180,r_59_94_30,r_59_94_30,0.97,155,185,30,13
36,r_75_115_21,r_116_29_143,r_106_117_129,r_116_29_143,0.67,2,145,143,13
27,r_90_66_180,seq89,seq67,r_90_66_180,0.35,0,180,180,13
25,r_81_25_140,r_82_14_58,seq71,r_82_14_58,0.99,-7,51,58,13
22,r_88_19_122,seq84,seq20,r_88_19_122,0.9,0,122,122,13
47,r_139_68_69,seq140,r_34_69_3,r_139_68_69,1.0,0,69,69,13
37,r_8_56_11,r_4_37_124,r_55_136_67,r_8_56_11,0.69,-1,10,11,13
87,seq95,r_92_13_153,r_59_94_30,r_59_94_30,0.88,9,39,30,13
74,seq138,r_137_127_176,r_55_136_67,r_55_136_67,1.0,84,151,67,13
17,r_106_117_129,r_98_58_96,r_5_107_8,r_98_58_96,0.6,-53,43,96,13
24,r_147_70_134,seq148,seq71,r_147_70_134,0.96,0,134,134,13
48,r_5_107_8,r_106_117_129,r_103_109_91,r_106_117_129,0.65,1,130,129,13
82,seq78,seq71,r_31_80_125,r_31_80_125,0.89,2,127,125,13
21,r_110_42_39,seq112,r_40_51_58,r_110_42_39,0.99,0,39,39,13
7,r_116_29_143,r_90_66_180,r_75_115_21,r_116_29_143,0.52,-126,17,143,13
68,seq135,r_134_132_71,r_45_133_15,r_134_132_71,0.79,0,71,71,13
42,r_131_44_163,r_134_132_71,seq47,r_131_44_163,0.92,0,163,163,13
61,seq20,r_21_28_189,r_11_16_112,r_11_16_112,0.76,74,186,112,13
38,r_134_132_71,seq135,r_131_44_163,r_134_132_71,1.0,0,71,71,13
52,seq2,r_4_37_124,seq0,r_4_37_124,0.89,-6,118,124,13
41,r_55_136_67,r_18_54_32,seq138,r_55_136_67,1.0,0,67,67,13
36,r_75_115_21,r_73_119_37,r_116_29_143,r_75_115_21,0.72,0,21,21,13
34,r_31_80_125,seq30,seq78,r_31_80_125,0.83,2,127,125,13
84,seq86,r_73_119_37,seq84,r_73_119_37,1.0,-1,36,37,13
25,r_81_25_140,seq71,seq26,r_81_25_140,0.99,0,140,140,13
2,r_73_119_37,seq71,seq118,r_73_119_37,0.96,0,37,37,13
28,r_23_96_16,seq105,r_74_97_81,r_74_97_81,1.0,2,83,81,13
49,r_141_61_134,seq142,r_46_62_62,r_141_61_134,0.95,0,134,134,13
23,r_74_97_81,seq71,r_23_96_16,r_74_97_81,0.93,0,81,81,13
17,r_106_117_129,r_5_107_8,r_75_115_21,r_106_117_129,0.84,1,130,129,13
41,r_55_136_67,r_50_144_54,r_18_54_32,r_55_136_67,0.82,-35,32,67,13
22,r_88_19_122,r_87_3_29,seq84,r_87_3_29,0.97,0,29,29,13
19,r_17_93_32,r_4_37_124,r_59_94_30,r_17_93_32,0.96,0,32,32,13
28,r_23_96_16,r_21_28_189,seq105,r_23_96_16,0.99,-2,14,16,13
82,seq78,r_79_7_29,seq71,r_79_7_29,1.0,1,30,29,13
43,r_140_67_68,r_145_13_149,seq70,r_140_67_68,1.0,2,70,68,14
35,r_28_119_20,r_27_101_82,r_8_118_16,r_28_119_20,0.78,0,20,20,14
37,r_48_142_35,r_45_16_121,r_143_141_89,r_48_142_35,0.99,0,35,35,14
1,r_82_46_168,r_84_133_143,r_92_83_73,r_92_83_73,1.0,75,148,73,14
97,seq123,seq110,r_93_128_43,r_93_128_43,0.81,62,105,43,14
5,r_31_43_98,seq32,seq42,r_31_43_98,1.0,1,99,98,14
46,r_126_108_134,seq127,r_8_118_16,r_8_118_16,0.76,118,134,16,14
42,r_75_30_157,seq76,seq32,r_75_30_157,0.86,0,157,157,14
45,r_65_113_58,seq64,seq110,r_65_113_58,0.99,0,58,58,14
6,r_9_49_42,seq11,seq50,r_9_49_42,1.0,0,42,42,14
69,seq47,r_45_16_121,seq44,r_45_16_121,1.0,0,121,121,14
10,r_8_118_16,r_9_49_42,seq117,r_8_118_16,0.98,-1,15,16,14
39,r_87_74_96,seq91,r_69_85_26,r_69_85_26,0.98,2,28,26,14
12,r_54_35_165,r_107_53_109,r_121_17_26,r_54_35_165,0.75,0,165,165,14
20,r_93_128_43,r_92_83_73,seq127,r_93_128_43,0.95,0,43,43,14
32,r_34_59_54,r_33_103_121,seq60,r_34_59_54,1.0,0,54,54,14
31,r_69_85_26,r_68_51_95,r_87_74_96,r_69_85_26,0.9,0,26,26,14
39,r_87_74_96,r_69_85_26,r_55_73_22,r_87_74_96,0.97,0,96,96,14
41,r_92_83_73,seq91,r_82_46_168,r_92_83_73,0.96,0,73,73,14
14,r_55_73_22,r_54_35_165,r_84_133_143,r_55_73_22,1.0,4,26,22,14
3,r_122_106_132,seq115,r_33_103_121,r_33_103_121,0.98,11,132,121,14
9,r_143_141_89,r_144_137_41,r_48_142_35,r_48_142_35,1.0,4,39,35,14
26,r_79_129_129,seq80,r_93_128_43,r_79_129_129,0.43,0,129,129,14
72,seq58,r_57_6_129,seq63,r_57_6_129,0.95,1,130,129,14
14,r_55_73_22,r_84_133_143,r_87_74_96,r_87_74_96,0.71,5,101,96,14
4,r_109_131_109,r_107_53_109,seq130,r_107_53_109,0.67,0,109,109,14
12,r_54_35_165,r_55_73_22,r_56_24_82,r_55_73_22,1.0,4,26,22,14
0,r_125_71_70,r_126_108_134,seq72,r_125_71_70,0.92,0,70,70,14
11,r_40_39_81,seq37,r_96_18_139,r_96_18_139,1.0,51,190,139,14
1,r_82_46_168,r_92_83_73,seq47,r_82_46_168,0.79,1,169,168,14
13,r_38_105_149,seq37,r_122_106_132,r_38_105_149,0.84,0,149,149,14
98,seq124,r_126_108_134,r_93_128_43,r_93_128_43,0.91,43,86,43,14
12,r_54_35_165,r_56_24_82,seq41,r_54_35_165,0.6,-79,86,165,14
99,seq127,r_126_108_134,r_93_128_43,r_93_128_43,0.99,91,134,43,14
30,r_26_138_49,r_48_142_35,r_144_137_41,r_26_138_49,0.46,90,139,49,14
27,r_139_15_30,r_140_67_68,seq22,r_139_15_30,1.0,0,30,30,14
22,r_107_53_109,r_54_35_165,r_68_51_95,r_107_53_109,0.51,55,164,109,14
2,r_96_18_139,seq98,r_121_17_26,r_121_17_26,0.5,113,139,26,14
41,r_92_83_73,r_82_46_168,seq76,r_92_83_73,0.52,73,146,73,14
18,r_29_86_61,r_31_43_98,r_69_85_26,r_29_86_61,1.0,0,61,61,14
29,r_145_13_149,seq147,r_121_17_26,r_121_17_26,0.16,125,151,26,14
24,r_135_62_148,seq136,r_34_59_54,r_135_62_148,0.31,0,148,148,14
25,r_84_133_143,r_82_46_168,r_109_131_109,r_82_46_168,0.55,-25,143,168,14
12,r_54_35_165,seq41,r_107_53_109,r_54_35_165,0.58,-55,110,165,14
30,r_26_138_49,r_29_86_61,r_48_142_35,r_48_142_35,1.0,16,51,35,14
65,seq37,r_38_105_149,r_40_39_81,r_38_105_149,0.87,0,149,149,14
20,r_93_128_43,seq127,r_79_129_129,r_79_129_129,1.0,13,142,129,14
31,r_69_85_26,r_87_74_96,r_29_86_61,r_29_86_61,0.81,1,62,61,14
38,r_19_10_95,seq20,seq11,r_19_10_95,0.36,6,101,95,14
34,r_61_95_133,seq63,r_122_106_132,r_61_95_133,0.82,0,133,133,14
8,r_121_17_26,r_122_106_132,seq22,r_121_17_26,0.95,0,26,26,14
40,r_21_112_23,r_31_43_98,seq110,r_21_112_23,0.92,0,23,23,14
60,seq147,r_145_13_149,r_143_141_89,r_145_13_149,0.98,0,149,149,14
17,r_27_101_82,r_31_43_98,seq102,r_27_101_82,0.99,0,82,82,14
22,r_107_53_109,r_109_131_109,r_54_35_165,r_107_53_109,0.94,1,110,109,14
28,r_33_103_121,seq32,seq104,r_33_103_121,0.96,0,121,121,14
33,r_149_88_43,seq148,r_69_85_26,r_149_88_43,0.42,0,43,43,14
7,r_36_14_202,seq32,r_40_39_81,r_40_39_81,0.42,35,116,81,14
44,r_57_6_129,seq58,seq5,r_57_6_129,0.99,1,130,129,14
23,r_68_51_95,seq70,seq52,r_68_51_95,1.0,0,95,95,14
84,seq91,r_92_83_73,r_94_89_6,r_92_83_73,1.0,0,73,73,14
93,seq107,seq104,r_147_106_125,r_147_106_125,0.95,7,132,125,15
64,seq32,r_45_136_72,r_67_54_83,r_67_54_83,0.47,-56,27,83,15
92,seq104,r_102_40_193,r_149_103_86,r_149_103_86,0.99,101,187,86,15
14,r_97_30_63,seq99,r_31_128_81,r_97_30_63,0.72,0,63,63,15
8,r_34_71_78,r_37_116_201,seq75,r_34_71_78,1.0,0,78,78,15
15,r_64_28_195,r_61_110_90,r_23_63_22,r_64_28_195,0.86,-173,22,195,15
43,r_72_114_27,seq75,seq113,r_72_114_27,0.99,0,27,27,15
5,r_122_55_109,r_124_78_170,r_117_56_56,r_124_78_170,1.0,-61,109,170,15
46,r_146_100_203,seq148,r_29_98_74,r_29_98_74,1.0,129,203,74,15
42,r_105_25_95,seq104,seq24,r_105_25_95,0.98,0,95,95,15
45,r_31_128_81,r_29_98_74,r_97_30_63,r_97_30_63,0.98,0,63,63,15
94,seq109,r_31_128_81,r_61_110_90,r_61_110_90,0.46,17,107,90,15
31,r_112_7_54,r_119_135_211,seq6,r_112_7_54,1.0,0,54,54,15
76,seq70,seq75,r_142_69_62,r_142_69_62,1.0,26,88,62,15
36,r_117_56_56,r_119_135_211,seq58,r_117_56_56,1.0,0,56,56,15
41,r_3_96_123,seq5,r_29_98_74,r_3_96_123,0.92,0,123,123,15
3,r_51_27_70,seq53,r_97_30_63,r_51_27_70,0.69,0,70,70,15
86,seq89,seq129,r_102_40_193,r_102_40_193,0.69,-112,81,193,15
34,r_49_4_153,r_37_116_201,seq5,r_49_4_153,0.95,0,153,153,15
86,seq89,r_102_40_193,seq138,r_102_40_193,0.44,-91,102,193,15
26,r_59_133_213,r_61_110_90,r_64_28_195,r_61_110_90,1.0,-2,88,90,15
99,seq127,r_125_81_213,r_94_126_12,r_94_126_12,0.72,0,12,12,15
4,r_67_54_83,seq66,r_117_56_56,r_117_56_56,1.0,27,83,56,15
47,r_8_62_60,seq53,r_13_60_91,r_13_60_91,0.58,13,104,91,15
13,r_125_81_213,seq120,r_144_80_50,r_144_80_50,0.87,164,214,50,15
64,seq32,r_37_116_201,r_48_33_125,r_48_33_125,0.87,6,131,125,15
57,seq14,r_13_60_91,r_18_15_194,r_13_60_91,1.0,0,91,91,15
45,r_31_128_81,r_97_30_63,seq129,r_31_128_81,0.85,0,81,81,15
6,r_147_106_125,r_146_100_203,seq107,r_147_106_125,0.7,0,125,125,15
38,r_61_110_90,r_8_62_60,seq109,r_61_110_90,0.93,0,90,90,15
74,seq66,r_64_28_195,r_76_65_152,r_76_65_152,1.0,12,164,152,15
63,seq24,r_51_27_70,r_105_25_95,r_105_25_95,1.0,0,95,95,15
29,r_144_80_50,seq143,r_50_83_9,r_144_80_50,0.88,0,50,50,15
10,r_23_63_22,seq58,r_13_60_91,r_13_60_91,1.0,26,117,91,15
47,r_8_62_60,seq6,seq53,r_8_62_60,1.0,1,61,60,15
40,r_102_40_193,seq104,r_47_39_75,r_47_39_75,0.65,118,193,75,15
24,r_149_103_86,r_146_100_203,seq104,r_149_103_86,0.92,0,86,86,15
10,r_23_63_22,seq24,seq58,r_23_63_22,0.93,0,22,22,15
21,r_57_74_26,seq58,seq73,r_57_74_26,1.0,0,26,26,15
88,seq148,r_146_100_203,r_134_130_104,r_134_130_104,0.78,102,206,104,15
86,seq89,r_146_100_203,r_144_80_50,r_144_80_50,0.53,152,202,50,15
50,seq129,seq127,r_31_128_81,r_31_128_81,1.0,18,99,81,15
14,r_97_30_63,r_31_128_81,r_51_27_70,r_31_128_81,1.0,0,81,81,15
32,r_76_65_152,seq75,r_13_60_91,r_76_65_152,0.71,0,152,152,15
48,r_19_132_139,r_44_38_189,seq21,r_44_38_189,0.64,-111,78,189,15
38,r_61_110_90,r_59_133_213,r_8_62_60,r_8_62_60,0.99,6,66,60,15
34,r_49_4_153,r_48_33_125,r_37_116_201,r_49_4_153,0.43,-26,127,153,15
14,r_97_30_63,r_51_27_70,r_90_26_107,r_90_26_107,0.99,13,120,107,15
17,r_142_69_62,r_141_16_63,seq70,r_142_69_62,0.99,0,62,62,15
87,seq92,r_95_108_175,seq101,r_95_108_175,0.86,1,176,175,15
9,r_45_136_72,seq46,r_134_130_104,r_45_136_72,1.0,0,72,72,15
26,r_59_133_213,r_64_28_195,r_13_60_91,r_59_133_213,0.42,-18,195,213,15
22,r_37_116_201,seq35,r_72_114_27,r_37_116_201,0.44,0,201,201,15
86,seq89,r_149_103_86,r_146_100_203,r_149_103_86,0.35,65,151,86,15
49,r_47_39_75,r_48_33_125,seq41,r_48_33_125,0.78,-50,75,125,15
7,r_134_130_104,r_131_140_158,r_45_136_72,r_45_136_72,1.0,6,78,72,15
44,r_118_93_200,r_119_135_211,r_1_91_191,r_118_93_200,0.27,0,200,200,15
23,r_124_78_170,r_122_55_109,seq120,r_122_55_109,0.99,0,109,109,15
35,r_141_16_63,r_142_69_62,r_18_15_194,r_141_16_63,1.0,-1,62,63,15
12,r_48_33_125,r_49_4_153,seq32,r_48_33_125,0.92,14,139,125,15
23,r_124_78_170,seq120,seq77,r_124_78_170,0.98,0,170,170,15
48,r_19_132_139,seq21,r_44_38_189,r_19_132_139,0.54,-88,51,139,15
87,seq92,r_90_26_107,r_95_108_175,r_90_26_107,1.0,-3,104,107,15
58,seq143,r_144_80_50,seq148,r_144_80_50,0.87,-10,40,50,15
93,seq105,r_106_51_97,seq138,r_106_51_97,0.86,-1,96,97,16
68,seq33,r_31_102_17,r_60_129_147,r_31_102_17,0.48,1,18,17,16
25,r_77_100_28,seq76,r_124_95_20,r_124_95_20,0.7,8,28,20,16
20,r_97_110_45,seq89,seq112,r_97_110_45,1.0,0,45,45,16
14,r_106_51_97,seq105,r_130_53_8,r_106_51_97,1.0,-1,96,97,16
53,seq8,r_12_46_67,seq11,r_12_46_67,1.0,0,67,67,16
52,seq6,r_0_32_133,r_48_7_25,r_48_7_25,0.98,0,25,25,16
18,r_145_135_17,r_143_66_74,seq137,r_145_135_17,1.0,-1,16,17,16
37,r_146_56_128,seq147,seq55,r_146_56_128,0.91,0,128,128,16
55,seq138,seq140,r_60_129_147,r_60_129_147,1.0,27,174,147,16
16,r_109_99_127,r_9_108_3,r_77_100_28,r_109_99_127,0.94,0,127,127,16
21,r_29_5_100,seq26,r_48_7_25,r_29_5_100,0.99,0,100,100,16
39,r_52_123_136,seq49,seq126,r_52_123_136,0.81,0,136,136,16
1,r_57_144_74,r_63_93_135,seq141,r_57_144_74,0.85,-1,73,74,16
5,r_84_34_151,r_82_27_141,r_18_83_119,r_18_83_119,0.85,22,141,119,16
46,r_18_83_119,seq20,r_136_80_16,r_18_83_119,0.81,0,119,119,16
45,r_119_65_182,r_120_94_141,r_21_118_24,r_21_118_24,0.82,114,138,24,16
91,seq103,r_97_110_45,r_31_102_17,r_97_110_45,0.86,-25,20,45,16
19,r_41_10_78,seq40,seq8,r_41_10_78,0.97,1,79,78,16
30,r_59_101_13,r_60_129_147,seq103,r_59_101_13,0.92,0,13,13,16
33,r_3_92_164,r_28_2_41,r_63_93_135,r_3_92_164,0.79,0,164,164,16
40,r_12_46_67,r_15_64_26,r_67_58_65,r_15_64_26,0.39,68,94,26,16
67,seq26,r_29_5_100,r_24_37_170,r_29_5_100,0.69,0,100,100,16
3,r_107_69_78,r_109_99_127,r_15_64_26,r_107_69_78,0.68,0,78,78,16
13,r_48_7_25,seq47,seq6,r_48_7_25,0.96,0,25,25,16
78,seq62,r_63_93_135,r_67_58_65,r_63_93_135,1.0,0,135,135,16
0,r_9_108_3,r_109_99_127,r_97_110_45,r_9_108_3,0.97,118,121,3,16
11,r_121_50_90,r_119_65_182,seq49,r_121_50_90,0.98,1,91,90,16
68,seq33,r_60_129_147,r_67_58_65,r_60_129_147,0.39,-75,72,147,16
15,r_63_93_135,seq62,r_109_99_127,r_109_99_127,0.89,8,135,127,16
2,r_85_17_88,r_18_83_119,r_86_16_85,r_18_83_119,0.87,0,119,119,16
4,r_19_128_50,seq131,r_122_115_56,r_122_115_56,0.49,101,157,56,16
57,seq140,seq138,r_113_139_162,r_113_139_162,0.84,12,174,162,16
6,r_0_32_133,seq6,seq33,r_0_32_133,0.86,0,133,133,16
26,r_124_95_20,r_125_88_121,seq96,r_124_95_20,0.54,0,20,20,16
67,seq26,r_24_37_170,r_82_27_141,r_82_27_141,0.47,13,154,141,16
43,r_31_102_17,seq33,seq103,r_31_102_17,0.87,0,17,17,16
68,seq33,r_67_58_65,r_0_32_133,r_0_32_133,0.87,3,136,133,16
42,r_21_118_24,r_19_128_50,r_119_65_182,r_21_118_24,0.51,0,24,24,16
45,r_119_65_182,r_21_118_24,r_67_58_65,r_119_65_182,0.99,0,182,182,16
4,r_19_128_50,seq20,seq131,r_19_128_50,0.95,0,50,50,16
31,r_134_45_23,seq133,seq44,r_134_45_23,1.0,0,23,23,16
2,r_85_17_88,r_82_27_141,r_18_83_119,r_85_17_88,0.9,0,88,88,16
53,seq8,seq11,r_41_10_78,r_41_10_78,0.94,19,97,78,16
40,r_12_46_67,seq14,r_15_64_26,r_12_46_67,0.86,0,67,67,16
29,r_39_61_81,seq38,r_67_58_65,r_39_61_81,0.5,0,81,81,16
24,r_125_88_121,seq126,seq87,r_125_88_121,0.83,0,121,121,16
8,r_67_58_65,r_57_144_74,r_15_64_26,r_67_58_65,1.0,-36,29,65,16
48,r_136_80_16,r_85_17_88,r_84_34_151,r_85_17_88,1.0,-1,87,88,16
48,r_136_80_16,r_84_34_151,r_18_83_119,r_136_80_16,0.89,136,152,16,16
42,r_21_118_24,r_119_65_182,r_122_115_56,r_119_65_182,0.91,0,182,182,16
61,seq147,r_146_56_128,seq148,r_146_56_128,1.0,-18,110,128,16
32,r_143_66_74,seq141,r_15_64_26,r_143_66_74,0.99,0,74,74,16
77,seq55,seq54,r_146_56_128,r_146_56_128,1.0,18,146,128,16
34,r_68_111_67,r_67_58_65,seq112,r_68_111_67,1.0,0,67,67,16
73,seq44,r_43_4_167,r_134_45_23,r_134_45_23,1.0,2,25,23,16
75,seq49,r_52_123_136,r_106_51_97,r_106_51_97,0.53,0,97,97,16
17,r_30_142_11,r_31_102_17,r_143_66_74,r_30_142_11,0.97,0,11,11,16
5,r_84_34_151,r_18_83_119,r_143_66_74,r_18_83_119,0.65,32,151,119,16
94,seq112,r_113_139_162,r_68_111_67,r_68_111_67,1.0,96,163,67,16
48,r_136_80_16,seq137,r_85_17_88,r_136_80_16,0.99,0,16,16,16
9,r_43_4_167,seq44,r_48_7_25,r_48_7_25,0.83,140,165,25,16
22,r_113_139_162,seq112,seq140,r_113_139_162,0.45,0,162,162,16
28,r_81_1_98,r_82_27_141,r_28_2_41,r_81_1_98,0.46,0,98,98,16
49,r_82_27_141,r_84_34_151,seq26,r_82_27_141,0.58,0,141,141,16
33,r_3_92_164,seq6,r_28_2_41,r_28_2_41,1.0,2,43,41,16
44,r_120_94_141,r_119_65_182,r_63_93_135,r_120_94_141,0.68,0,141,141,16
41,r_15_64_26,r_19_128_50,r_67_58_65,r_15_64_26,0.9,0,26,26,16
23,r_60_129_147,seq55,seq131,r_60_129_147,0.82,0,147,147,16
17,r_30_142_11,r_143_66_74,r_57_144_74,r_30_142_11,1.0,63,74,11,16
38,r_28_2_41,r_29_5_100,r_48_7_25,r_48_7_25,0.69,14,39,25,16
35,r_24_37_170,seq23,r_98_36_7,r_24_37_170,0.64,0,170,170,16
30,r_77_15_177,seq74,seq11,r_77_15_177,0.55,0,177,177,17
36,r_28_79_136,seq29,seq78,r_28_79_136,0.84,0,136,136,17
92,seq104,r_102_133_89,r_94_120_193,r_102_133_89,1.0,-29,60,89,17
43,r_148_149_146,r_147_143_211,seq142,r_147_143_211,0.39,-69,142,211,17
54,seq134,seq130,r_10_132_67,r_10_132_67,1.0,12,79,67,17
37,r_40_27_177,r_39_41_71,r_117_26_157,r_117_26_157,1.0,20,177,157,17
16,r_39_41_71,r_40_27_177,r_57_38_127,r_57_38_127,0.9,47,174,127,17
21,r_54_69_116,r_53_91_200,r_93_68_77,r_93_68_77,0.61,39,116,77,17
1,r_97_107_138,r_100_34_164,seq106,r_100_34_164,0.68,-17,147,164,17
5,r_67_87_108,seq70,r_93_68_77,r_93_68_77,0.92,0,77,77,17
46,r_147_143_211,r_148_149_146,seq142,r_147_143_211,0.34,0,211,211,17
42,r_18_113_115,seq19,r_117_26_157,r_18_113_115,0.82,0,115,115,17
49,r_116_140_56,r_117_26_157,seq141,r_116_140_56,1.0,0,56,56,17
53,seq3,r_4_101_13,seq1,r_4_101_13,0.88,0,13,13,17
7,r_20_112_82,r_117_26_157,r_18_113_115,r_20_112_82,0.98,75,157,82,17
45,r_59_2_90,seq58,seq3,r_59_2_90,1.0,0,90,90,17
19,r_57_38_127,seq58,r_39_41_71,r_57_38_127,0.85,0,127,127,17
51,seq1,r_0_137_21,seq3,r_0_137_21,0.97,0,21,21,17
31,r_100_34_164,r_96_80_189,r_123_36_103,r_123_36_103,1.0,61,164,103,17
41,r_63_118_103,r_67_87_108,r_64_82_178,r_67_87_108,0.71,-43,65,108,17
10,r_109_60_168,seq108,seq58,r_109_60_168,0.45,0,168,168,17
26,r_13_44_161,seq11,seq45,r_13_44_161,0.64,0,161,161,17
72,seq45,r_46_22_127,r_139_42_120,r_139_42_120,0.87,9,129,120,17
4,r_21_76_74,seq23,seq74,r_21_76_74,0.98,0,74,74,17
0,r_6_8_120,r_5_31_154,r_115_7_92,r_115_7_92,1.0,13,105,92,17
11,r_117_26_157,seq119,seq25,r_117_26_157,0.73,0,157,157,17
98,seq126,r_125_114_191,seq128,r_125_114_191,0.87,0,191,191,17
48,r_64_82_178,r_65_37_148,r_21_76_74,r_21_76_74,0.51,80,154,74,17
6,r_102_133_89,seq104,r_10_132_67,r_102_133_89,0.48,0,89,89,17
41,r_63_118_103,r_117_26_157,seq119,r_117_26_157,1.0,0,157,157,17
85,seq83,r_111_89_73,r_81_84_166,r_81_84_166,0.53,10,176,166,17
27,r_0_137_21,seq1,seq138,r_0_137_21,1.0,0,21,21,17
48,r_64_82_178,r_21_76_74,r_81_84_166,r_64_82_178,0.81,0,178,178,17
53,seq3,seq1,r_59_2_90,r_59_2_90,0.94,3,93,90,17
2,r_10_132_67,seq11,seq134,r_10_132_67,1.0,0,67,67,17
47,r_61_103_141,seq62,r_47_105_128,r_61_103_141,0.57,6,147,141,17
40,r_65_37_148,r_64_82_178,r_39_41_71,r_65_37_148,0.68,4,152,148,17
18,r_47_105_128,r_57_38_127,r_21_76_74,r_57_38_127,0.59,-61,66,127,17
29,r_139_42_120,seq141,seq45,r_139_42_120,0.91,4,124,120,17
24,r_144_99_167,seq142,r_4_101_13,r_144_99_167,0.67,0,167,167,17
25,r_14_9_86,r_13_44_161,r_115_7_92,r_115_7_92,0.88,-2,90,92,17
64,seq23,r_21_76_74,seq29,r_21_76_74,1.0,-10,64,74,17
92,seq104,r_94_120_193,r_47_105_128,r_47_105_128,0.68,18,146,128,17
70,seq35,r_21_76_74,r_43_92_125,r_21_76_74,0.97,-1,73,74,17
20,r_98_66_58,r_77_15_177,r_54_69_116,r_98_66_58,0.46,124,182,58,17
32,r_96_80_189,seq95,r_28_79_136,r_28_79_136,0.98,54,190,136,17
38,r_93_68_77,seq90,r_21_76_74,r_21_76_74,0.66,-1,73,74,17
5,r_67_87_108,r_93_68_77,r_111_89_73,r_67_87_108,0.59,0,108,108,17
38,r_93_68_77,r_21_76_74,r_54_69_116,r_93_68_77,0.53,43,120,77,17
34,r_125_114_191,seq126,r_33_121_160,r_125_114_191,0.36,0,191,191,17
39,r_4_101_13,seq3,seq90,r_4_101_13,0.69,0,13,13,17
64,seq23,seq29,r_46_22_127,r_46_22_127,0.32,13,140,127,17
42,r_18_113_115,r_117_26_157,r_20_112_82,r_117_26_157,1.0,0,157,157,17
57,seq138,seq141,r_0_137_21,r_0_137_21,1.0,1,22,21,17
41,r_63_118_103,r_64_82_178,r_117_26_157,r_63_118_103,1.0,0,103,103,17
17,r_5_31_154,r_6_8_120,seq30,r_5_31_154,0.28,0,154,154,17
9,r_43_92_125,seq45,seq95,r_43_92_125,0.89,-2,123,125,17
96,seq119,r_117_26_157,r_63_118_103,r_63_118_103,0.61,54,157,103,17
22,r_73_16_123,seq72,seq17,r_73_16_123,0.91,0,123,123,17
28,r_111_89_73,seq110,seq88,r_111_89_73,0.45,-3,70,73,17
7,r_20_112_82,seq23,r_117_26_157,r_20_112_82,1.0,0,82,82,17
23,r_115_7_92,r_117_26_157,r_6_8_120,r_115_7_92,0.98,0,92,92,17
20,r_98_66_58,r_97_107_138,r_77_15_177,r_98_66_58,0.93,0,58,58,17
35,r_123_36_103,seq122,seq35,r_123_36_103,0.97,0,103,103,17
12,r_94_120_193,seq95,r_33_121_160,r_33_121_160,0.91,34,194,160,17
30,r_35_15_91,seq33,r_107_16_33,r_35_15_91,1.0,1,92,91,18
4,r_8_119_13,r_25_75_153,seq121,r_8_119_13,1.0,0,13,13,18
8,r_132_144_169,r_134_94_70,r_147_140_176,r_134_94_70,0.98,3,73,70,18
14,r_64_129_166,r_62_28_170,seq63,r_64_129_166,0.35,-121,45,166,18
45,r_66_92_10,r_64_129_166,seq91,r_66_92_10,0.9,0,10,10,18
20,r_77_0_39,r_79_36_160,seq2,r_77_0_39,1.0,0,39,39,18
83,seq97,seq95,r_123_96_93,r_123_96_93,0.95,19,112,93,18
59,seq19,r_20_131_150,r_43_22_86,r_43_22_86,0.99,12,98,86,18
16,r_23_13_76,r_25_75_153,seq11,r_25_75_153,0.98,-79,74,153,18
21,r_20_131_150,seq19,r_82_128_58,r_20_131_150,0.46,0,150,150,18
1,r_122_72_92,r_123_96_93,r_73_76_119,r_122_72_92,0.66,0,92,92,18
0,r_73_76_119,r_122_72_92,seq78,r_73_76_119,0.59,6,125,119,18
46,r_146_100_181,seq148,r_17_99_18,r_17_99_18,0.87,165,183,18,18
35,r_30_106_18,seq31,seq103,r_30_106_18,0.67,0,18,18,18
11,r_135_26_11,r_134_94_70,seq27,r_135_26_11,1.0,0,11,11,18
1,r_122_72_92,r_73_76_119,r_145_71_102,r_122_72_92,0.68,34,126,92,18
23,r_130_136_59,r_134_94_70,r_137_133_88,r_137_133_88,0.6,-35,53,88,18
34,r_32_115_11,seq31,seq114,r_32_115_11,0.87,-1,10,11,18
37,r_68_60_149,r_18_67_115,r_108_59_129,r_68_60_149,0.93,0,149,149,18
19,r_101_86_19,r_102_46_152,seq84,r_101_86_19,0.97,0,19,19,18
66,seq41,r_42_44_120,seq53,r_42_44_120,0.82,23,143,120,18
41,r_107_16_33,seq109,r_20_131_150,r_107_16_33,1.0,1,34,33,18
31,r_123_96_93,r_122_72_92,seq97,r_122_72_92,0.72,1,93,92,18
67,seq45,r_61_47_8,r_42_44_120,r_61_47_8,0.46,135,143,8,18
23,r_130_136_59,r_137_133_88,seq138,r_130_136_59,0.71,29,88,59,18
26,r_52_10_64,seq53,seq9,r_52_10_64,1.0,0,64,64,18
8,r_132_144_169,r_147_140_176,r_149_142_128,r_149_142_128,0.78,40,168,128,18
14,r_64_129_166,seq63,r_20_131_150,r_20_131_150,0.67,16,166,150,18
0,r_73_76_119,r_87_51_192,r_122_72_92,r_122_72_92,0.97,4,96,92,18
13,r_82_128_58,seq83,r_113_141_51,r_82_128_58,0.75,2,60,58,18
48,r_61_47_8,seq45,r_40_48_111,r_40_48_111,0.37,8,119,111,18
6,r_134_94_70,r_132_144_169,seq95,r_134_94_70,1.0,0,70,70,18
81,seq91,r_73_76_119,r_66_92_10,r_66_92_10,0.96,0,10,10,18
27,r_93_38_154,seq91,seq37,r_93_38_154,0.69,0,154,154,18
13,r_82_128_58,r_79_36_160,r_20_131_150,r_82_128_58,0.99,93,151,58,18
65,seq37,seq31,r_93_38_154,r_93_38_154,0.53,4,158,154,18
41,r_107_16_33,r_20_131_150,r_35_15_91,r_35_15_91,0.95,15,106,91,18
47,r_40_48_111,r_58_57_186,r_61_47_8,r_40_48_111,0.25,1,112,111,18
40,r_62_28_170,seq56,r_135_26_11,r_62_28_170,0.78,0,170,170,18
74,seq78,r_79_36_160,r_73_76_119,r_79_36_160,0.87,-45,115,160,18
18,r_104_70_158,seq103,r_122_72_92,r_122_72_92,0.66,66,158,92,18
24,r_18_67_115,r_20_131_150,r_68_60_149,r_18_67_115,0.85,0,115,115,18
36,r_50_14_3,r_25_75_153,seq11,r_25_75_153,0.51,-96,57,153,18
25,r_43_22_86,r_42_44_120,seq19,r_43_22_86,1.0,0,86,86,18
37,r_68_60_149,r_69_54_32,r_87_51_192,r_69_54_32,0.98,0,32,32,18
64,seq33,r_34_21_186,r_79_36_160,r_79_36_160,0.71,29,189,160,18
65,seq37,r_39_65_117,seq31,r_39_65_117,0.73,1,118,117,18
10,r_69_54_32,r_68_60_149,seq56,r_69_54_32,0.97,0,32,32,18
32,r_145_71_102,seq143,r_122_72_92,r_145_71_102,1.0,0,102,102,18
38,r_79_36_160,seq78,seq33,r_79_36_160,0.54,0,160,160,18
24,r_18_67_115,r_68_60_149,r_122_72_92,r_68_60_149,0.9,0,149,149,18
33,r_17_99_18,r_25_75_153,seq111,r_17_99_18,1.0,0,18,18,18
9,r_149_142_128,r_147_140_176,r_113_141_51,r_113_141_51,0.9,77,128,51,18
37,r_68_60_149,r_87_51_192,r_18_67_115,r_18_67_115,0.91,4,119,115,18
28,r_137_133_88,seq139,seq138,r_137_133_88,0.5,0,88,88,18
13,r_82_128_58,r_113_141_51,r_79_36_160,r_82_128_58,0.83,19,77,58,18
49,r_90_110_86,seq91,seq111,r_90_110_86,1.0,0,86,86,18
7,r_102_46_152,seq111,r_40_48_111,r_102_46_152,0.75,0,152,152,18
43,r_113_141_51,seq112,seq143,r_113_141_51,0.99,0,51,51,18
82,seq95,seq97,r_134_94_70,r_134_94_70,1.0,44,114,70,18
12,r_39_65_117,seq37,seq63,r_39_65_117,0.94,0,117,117,18
40,r_77_57_4,seq59,r_34_56_76,r_34_56_76,1.0,36,112,76,19
30,r_130_32_93,r_134_133_20,seq33,r_130_32_93,1.0,1,94,93,19
44,r_96_21_166,r_80_95_42,r_107_18_115,r_107_18_115,0.53,51,166,115,19
18,r_147_79_12,r_146_109_133,r_83_145_153,r_147_79_12,0.91,3,15,12,19
36,r_112_123_139,seq114,r_135_124_90,r_135_124_90,0.98,54,144,90,19
14,r_34_56_76,seq33,r_77_57_4,r_34_56_76,0.99,0,76,76,19
43,r_2_30_103,seq3,seq29,r_2_30_103,0.99,0,103,103,19
15,r_4_142_137,r_68_10_47,seq140,r_4_142_137,0.97,-5,132,137,19
59,seq20,seq16,r_107_18_115,r_107_18_115,1.0,2,117,115,19
19,r_134_133_20,seq131,r_139_129_118,r_139_129_118,0.81,32,150,118,19
55,seq140,r_139_129_118,r_5_137_99,r_5_137_99,1.0,19,118,99,19
21,r_47_86_70,seq49,r_128_87_3,r_47_86_70,1.0,0,70,70,19
39,r_100_81_114,r_104_116_121,seq82,r_104_116_121,0.54,-7,114,121,19
1,r_45_54_59,seq49,r_71_55_73,r_45_54_59,1.0,2,61,59,19
5,r_102_94_90,r_104_116_121,r_80_95_42,r_104_116_121,0.57,-31,90,121,19
46,r_71_55_73,seq72,r_45_54_59,r_45_54_59,0.99,16,75,59,19
42,r_35_17_103,r_36_46_172,r_121_15_10,r_35_17_103,0.8,0,103,103,19
7,r_19_69_12,r_71_55_73,seq65,r_71_55_73,0.89,0,73,73,19
45,r_9_120_59,seq8,seq119,r_9_120_59,1.0,1,60,59,19
89,seq106,seq122,r_23_118_105,r_23_118_105,1.0,39,144,105,19
19,r_134_133_20,r_130_32_93,seq131,r_130_32_93,0.98,-7,86,93,19
9,r_136_75_75,r_76_89_132,r_111_74_88,r_76_89_132,0.97,-6,126,132,19
66,seq33,r_34_56_76,seq37,r_34_56_76,1.0,0,76,76,19
10,r_135_124_90,r_101_144_75,seq122,r_135_124_90,0.56,0,90,90,19
41,r_111_74_88,r_112_123_139,r_136_75_75,r_111_74_88,0.58,0,88,88,19
67,seq37,r_36_46_172,seq33,r_36_46_172,0.55,0,172,172,19
3,r_76_89_132,r_73_78_141,r_84_91_3,r_76_89_132,0.64,-59,73,132,19
10,r_135_124_90,r_136_75_75,r_101_144_75,r_135_124_90,0.56,-15,75,90,19
32,r_22_31_138,r_7_25_35,seq33,r_22_31_138,0.82,0,138,138,19
26,r_5_137_99,r_4_142_137,seq140,r_5_137_99,0.86,0,99,99,19
0,r_12_67_164,r_13_14_129,seq64,r_13_14_129,0.51,35,164,129,19
73,seq53,seq59,r_45_54_59,r_45_54_59,1.0,57,116,59,19
11,r_83_145_153,seq82,seq148,r_83_145_153,0.44,0,153,153,19
15,r_4_142_137,r_5_137_99,r_68_10_47,r_4_142_137,0.76,-38,99,137,19
48,r_104_116_121,seq103,r_23_118_105,r_23_118_105,1.0,18,123,105,19
35,r_99_110_153,r_102_94_90,seq113,r_99_110_153,0.79,1,154,153,19
20,r_42_141_154,r_38_1_42,r_138_41_7,r_42_141_154,0.89,-136,18,154,19
16,r_62_88_34,seq63,r_84_91_3,r_62_88_34,1.0,0,34,34,19
27,r_139_129_118,r_136_75_75,seq140,r_136_75_75,0.98,0,75,75,19
22,r_138_41_7,r_42_141_154,r_98_39_109,r_98_39_109,0.92,38,147,109,19
2,r_107_18_115,seq108,seq20,r_107_18_115,0.98,0,115,115,19
47,r_73_78_141,r_76_89_132,r_147_79_12,r_73_78_141,0.42,0,141,141,19
99,seq127,seq140,r_76_89_132,r_76_89_132,0.77,-128,4,132,19
29,r_23_118_105,r_22_31_138,seq115,r_23_118_105,0.9,0,105,105,19
24,r_101_144_75,r_102_94_90,seq149,r_101_144_75,0.95,0,75,75,19
27,r_139_129_118,seq140,r_117_132_98,r_117_132_98,0.74,17,115,98,19
25,r_98_39_109,r_99_110_153,r_138_41_7,r_98_39_109,0.84,0,109,109,19
33,r_117_132_98,seq122,seq131,r_117_132_98,0.82,0,98,98,19
58,seq131,r_134_133_20,r_117_132_98,r_117_132_98,0.98,3,101,98,19
44,r_96_21_166,seq97,r_80_95_42,r_80_95_42,0.66,13,55,42,19
20,r_42_141_154,r_138_41_7,r_4_142_137,r_138_41_7,0.93,147,154,7,19
4,r_38_1_42,r_42_141_154,seq0,r_38_1_42,1.0,0,42,42,19
61,seq24,r_23_118_105,r_7_25_35,r_23_118_105,1.0,-36,69,105,19
32,r_22_31_138,r_23_118_105,r_7_25_35,r_23_118_105,0.98,2,107,105,19
38,r_13_14_129,r_12_67_164,r_121_15_10,r_13_14_129,0.68,-14,115,129,19
28,r_7_25_35,seq8,seq24,r_7_25_35,0.8,0,35,35,19
34,r_80_95_42,r_96_21_166,r_76_89_132,r_96_21_166,0.83,0,166,166,19
68,seq43,r_42_141_154,seq49,r_42_141_154,0.64,-104,50,154,19
7,r_19_69_12,r_12_67_164,r_71_55_73,r_19_69_12,1.0,0,12,12,19
17,r_128_87_3,r_98_39_109,r_47_86_70,r_47_86_70,0.91,21,91,70,19
94,seq119,seq115,r_9_120_59,r_9_120_59,1.0,11,70,59,19
9,r_136_75_75,r_139_129_118,r_76_89_132,r_136_75_75,0.85,0,75,75,19
96,seq122,seq115,r_135_124_90,r_135_124_90,0.95,4,94,90,19
49,r_146_109_133,seq149,seq108,r_146_109_133,0.78,0,133,133,19
18,r_147_79_12,r_83_145_153,r_73_78_141,r_83_145_153,0.6,-8,145,153,19
23,r_68_10_47,r_66_40_101,seq8,r_68_10_47,1.0,0,47,47,19
35,r_99_110_153,r_98_39_109,r_102_94_90,r_99_110_153,0.64,-44,109,153,19
12,r_66_40_101,seq65,r_138_41_7,r_66_40_101,0.91,0,101,101,19
8,r_85_105_10,r_83_145_153,seq103,r_85_105_10,0.89,3,13,10,19
30,r_66_62_109,seq68,r_75_63_166,r_66_62_109,0.52,6,115,109,20
51,seq135,r_132_7_182,r_91_134_160,r_91_134_160,0.9,20,180,160,20
9,r_12_133_113,seq14,seq135,r_12_133_113,0.99,0,113,113,20
43,r_17_18_153,seq19,r_125_23_58,r_125_23_58,1.0,13,71,58,20
22,r_72_78_60,seq73,seq79,r_72_78_60,0.74,-6,54,60,20
67,seq46,seq54,r_25_44_154,r_25_44_154,0.92,5,159,154,20
4,r_29_33_131,seq37,r_99_34_100,r_99_34_100,0.82,-1,99,100,20
16,r_110_16_148,seq109,seq14,r_110_16_148,0.67,0,148,148,20
1,r_24_113_121,r_25_44_154,seq112,r_24_113_121,1.0,0,121,121,20
42,r_96_70_112,seq95,seq69,r_96_70_112,0.9,0,112,112,20
78,seq73,r_72_78_60,seq69,r_72_78_60,0.94,-20,40,60,20
98,seq122,r_11_139_4,r_89_124_174,r_89_124_174,0.84,3,177,174,20
15,r_131_8_10,r_132_7_182,seq9,r_131_8_10,0.79,0,10,10,20
19,r_132_7_182,seq135,r_131_8_10,r_132_7_182,0.61,0,182,182,20
31,r_89_124_174,seq87,seq122,r_89_124_174,0.78,0,174,174,20
41,r_99_34_100,r_105_3_174,r_145_35_1,r_99_34_100,0.91,0,100,100,20
67,seq46,r_47_127_103,seq54,r_47_127_103,1.0,0,103,103,20
87,seq95,r_97_76_73,r_6_92_54,r_6_92_54,0.97,0,54,54,20
25,r_118_4_17,r_116_103_88,seq9,r_118_4_17,0.98,0,17,17,20
89,seq142,r_141_147_174,r_10_140_13,r_10_140_13,0.99,161,174,13,20
3,r_146_80_69,seq143,seq81,r_146_80_69,1.0,0,69,69,20
46,r_1_98_17,r_2_39_57,seq95,r_2_39_57,0.6,-40,17,57,20
28,r_26_114_20,r_24_113_121,seq115,r_26_114_20,0.57,0,20,20,20
26,r_136_40_111,r_141_147_174,r_2_39_57,r_136_40_111,0.99,0,111,111,20
8,r_15_106_173,seq14,r_116_103_88,r_15_106_173,0.98,0,173,173,20
0,r_116_103_88,seq119,seq104,r_116_103_88,0.99,0,88,88,20
20,r_60_90_105,seq59,r_6_92_54,r_6_92_54,0.96,54,108,54,20
98,seq122,r_121_45_137,r_11_139_4,r_121_45_137,0.8,-3,134,137,20
57,seq19,r_25_44_154,r_17_18_153,r_25_44_154,1.0,-4,150,154,20
6,r_121_45_137,seq122,seq46,r_121_45_137,0.93,0,137,137,20
62,seq37,r_145_35_1,seq86,r_145_35_1,0.49,139,140,1,20
85,seq86,r_89_124_174,r_6_92_54,r_6_92_54,1.0,36,90,54,20
2,r_56_65_132,seq59,r_75_63_166,r_56_65_132,0.45,0,132,132,20
47,r_91_134_160,r_89_124_174,seq135,r_91_134_160,0.48,0,160,160,20
39,r_125_23_58,seq126,r_88_28_19,r_125_23_58,1.0,0,58,58,20
40,r_148_128_151,seq138,r_47_127_103,r_47_127_103,1.0,48,151,103,20
18,r_47_127_103,seq46,seq126,r_47_127_103,1.0,0,103,103,20
29,r_61_0_65,r_58_67_17,r_118_4_17,r_61_0_65,1.0,0,65,65,20
33,r_145_35_1,r_64_32_38,r_99_34_100,r_99_34_100,1.0,11,111,100,20
63,seq38,seq37,r_2_39_57,r_2_39_57,0.79,2,59,57,20
17,r_64_32_38,r_61_0_65,r_145_35_1,r_64_32_38,0.64,0,38,38,20
88,seq101,r_105_3_174,r_83_100_80,r_83_100_80,1.0,15,95,80,20
27,r_123_129_49,r_121_45_137,seq126,r_123_129_49,0.83,0,49,49,20
32,r_93_31_72,r_94_5_93,r_64_32_38,r_94_5_93,0.91,-21,72,93,20
48,r_88_28_19,r_89_124_174,seq27,r_88_28_19,0.99,0,19,19,20
34,r_25_44_154,seq27,seq46,r_25_44_154,0.77,0,154,154,20
75,seq59,r_60_90_105,seq57,r_60_90_105,1.0,-35,70,105,20
94,seq112,seq115,r_24_113_121,r_24_113_121,1.0,19,140,121,20
9,r_12_133_113,r_17_18_153,seq14,r_12_133_113,0.58,-98,15,113,20
12,r_108_49_45,seq109,seq50,r_108_49_45,1.0,0,45,45,20
49,r_105_3_174,seq104,r_118_4_17,r_105_3_174,0.51,0,174,174,20
44,r_83_100_80,seq84,seq101,r_83_100_80,0.95,0,80,80,20
43,r_17_18_153,r_125_23_58,r_131_8_10,r_17_18_153,0.52,-28,125,153,20
17,r_64_32_38,r_145_35_1,r_93_31_72,r_93_31_72,1.0,39,111,72,20
82,seq81,r_82_36_154,r_146_80_69,r_146_80_69,1.0,86,155,69,20
35,r_94_5_93,r_96_70_112,r_118_4_17,r_94_5_93,1.0,0,93,93,20
43,r_17_18_153,r_131_8_10,seq19,r_17_18_153,0.43,0,153,153,20
4,r_29_33_131,r_99_34_100,r_145_35_1,r_29_33_131,1.0,0,131,131,20
23,r_13_30_82,seq14,r_93_31_72,r_13_30_82,1.0,0,82,82,20
93,seq105,seq104,r_67_95_121,r_67_95_121,0.95,20,141,121,21
20,r_119_77_75,r_115_17_37,seq121,r_115_17_37,1.0,0,37,37,21
14,r_38_85_132,seq41,r_128_88_115,r_128_88_115,0.57,17,132,115,21
8,r_55_126_63,seq54,seq123,r_55_126_63,0.97,0,63,63,21
43,r_94_125_123,r_97_86_145,r_55_126_63,r_94_125_123,0.79,0,123,123,21
25,r_113_68_121,r_119_77_75,r_106_127_53,r_106_127_53,0.78,10,63,53,21
37,r_6_81_105,r_5_52_112,r_79_82_104,r_79_82_104,0.58,3,107,104,21
1,r_102_139_71,r_101_18_114,seq138,r_101_18_114,0.77,-43,71,114,21
46,r_110_143_68,r_137_103_117,r_59_144_76,r_59_144_76,0.77,2,78,76,21
42,r_33_66_88,r_34_84_65,seq30,r_34_84_65,1.0,0,65,65,21
50,seq1,r_4_124_129,seq22,r_4_124_129,0.57,-71,58,129,21
41,r_56_116_56,seq123,r_37_114_76,r_56_116_56,0.43,28,84,56,21
67,seq30,seq89,r_65_32_144,r_65_32_144,0.49,0,144,144,21
19,r_4_124_129,seq3,r_55_126_63,r_4_124_129,0.97,0,129,129,21
44,r_75_7_48,seq73,r_134_11_21,r_75_7_48,0.66,0,48,48,21
32,r_40_87_76,r_83_117_75,r_128_88_115,r_83_117_75,0.79,50,125,75,21
42,r_33_66_88,seq30,seq63,r_33_66_88,0.98,0,88,88,21
33,r_62_149_33,r_64_12_149,seq148,r_62_149_33,0.99,0,33,33,21
67,seq30,r_33_66_88,seq89,r_33_66_88,0.56,0,88,88,21
3,r_51_122_160,seq50,r_55_126_63,r_55_126_63,1.0,97,160,63,21
10,r_67_95_121,seq74,seq96,r_67_95_121,0.75,0,121,121,21
26,r_45_112_48,seq44,seq105,r_45_112_48,0.82,15,63,48,21
4,r_59_144_76,seq58,r_110_143_68,r_59_144_76,0.97,0,76,76,21
89,seq148,seq147,r_62_149_33,r_62_149_33,1.0,3,36,33,21
11,r_35_31_150,seq36,r_65_32_144,r_35_31_150,0.48,0,150,150,21
5,r_8_93_40,r_4_124_129,seq90,r_8_93_40,1.0,0,40,40,21
12,r_135_9_94,r_140_10_53,r_106_127_53,r_140_10_53,0.97,-3,50,53,21
13,r_34_84_65,r_33_66_88,r_83_117_75,r_34_84_65,0.79,0,65,65,21
98,seq121,r_120_43_96,r_29_142_36,r_29_142_36,0.94,57,93,36,21
15,r_60_118_128,r_61_42_154,r_83_117_75,r_61_42_154,0.59,-26,128,154,21
48,r_5_52_112,r_4_124_129,r_141_57_36,r_5_52_112,0.89,0,112,112,21
21,r_140_10_53,r_137_103_117,r_134_11_21,r_140_10_53,0.43,0,53,53,21
22,r_23_49_21,r_27_0_91,seq47,r_23_49_21,0.99,1,22,21,21
99,seq123,seq121,r_55_126_63,r_55_126_63,1.0,20,83,63,21
27,r_137_103_117,seq136,seq99,r_137_103_117,0.72,0,117,117,21
2,r_64_12_149,seq63,r_134_11_21,r_64_12_149,0.46,0,149,149,21
47,r_71_132_117,seq72,r_98_130_93,r_71_132_117,0.87,0,117,117,21
20,r_119_77_75,seq121,seq76,r_119_77_75,0.76,0,75,75,21
40,r_145_16_63,seq146,r_115_17_37,r_145_16_63,1.0,0,63,63,21
29,r_69_111_111,seq74,r_98_130_93,r_69_111_111,0.79,0,111,111,21
24,r_65_32_144,r_64_12_149,seq30,r_65_32_144,0.79,0,144,144,21
88,seq96,r_97_86_145,r_67_95_121,r_67_95_121,0.53,24,145,121,21
13,r_34_84_65,r_38_85_132,r_79_82_104,r_38_85_132,0.57,-31,101,132,21
38,r_97_86_145,seq96,r_38_85_132,r_97_86_145,0.41,0,145,145,21
52,seq3,r_4_124_129,seq2,r_4_124_129,1.0,0,129,129,21
77,seq63,r_64_12_149,r_33_66_88,r_33_66_88,1.0,61,149,88,21
49,r_29_142_36,r_119_77_75,r_110_143_68,r_29_142_36,0.89,34,70,36,21
17,r_61_42_154,r_60_118_128,seq74,r_60_118_128,0.55,-30,98,128,21
25,r_113_68_121,r_106_127_53,seq73,r_106_127_53,0.43,74,127,53,21
0,r_115_17_37,r_119_77_75,r_134_11_21,r_119_77_75,0.81,-38,37,75,21
9,r_79_82_104,seq80,r_34_84_65,r_34_84_65,1.0,39,104,65,21
50,seq1,seq22,r_115_17_37,r_115_17_37,0.75,148,185,37,21
28,r_83_117_75,seq76,r_56_116_56,r_83_117_75,0.68,-15,60,75,21
13,r_34_84_65,r_83_117_75,r_38_85_132,r_34_84_65,0.51,17,82,65,21
49,r_29_142_36,r_34_84_65,r_119_77_75,r_119_77_75,0.63,-39,36,75,21
12,r_135_9_94,r_106_127_53,r_75_7_48,r_135_9_94,1.0,0,94,94,21
23,r_128_88_115,seq129,r_40_87_76,r_40_87_76,0.98,39,115,76,21
34,r_141_57_36,r_140_10_53,seq54,r_141_57_36,0.6,0,36,36,21
82,seq76,seq73,r_119_77_75,r_119_77_75,1.0,21,96,75,21
85,seq89,seq90,r_8_93_40,r_8_93_40,1.0,18,58,40,21
30,r_26_91_125,seq28,r_55_92_80,r_26_91_125,0.72,0,125,125,22
23,r_149_70_38,r_148_57_169,seq72,r_149_70_38,0.99,0,38,38,22
36,r_112_96_110,seq113,r_55_92_80,r_112_96_110,1.0,0,110,110,22
14,r_82_8_152,seq81,seq9,r_82_8_152,0.79,0,152,152,22
8,r_10_77_138,seq9,r_90_86_119,r_10_77_138,0.94,0,138,138,22
48,r_69_27_177,seq102,r_55_92_80,r_69_27_177,0.53,-76,101,177,22
46,r_122_71_42,r_116_107_76,seq72,r_122_71_42,0.86,0,42,42,22
27,r_51_32_12,r_54_56_177,seq31,r_51_32_12,0.5,0,12,12,22
94,seq102,r_103_65_29,seq98,r_103_65_29,0.97,0,29,29,22
55,seq7,r_6_146_112,seq5,r_6_146_112,1.0,-14,98,112,22
16,r_36_118_126,r_35_109_159,r_114_117_25,r_36_118_126,0.91,0,126,126,22
39,r_78_95_149,seq83,r_144_97_116,r_144_97_116,0.95,33,149,116,22
1,r_129_63_118,seq128,seq66,r_129_63_118,0.93,1,119,118,22
42,r_74_79_107,seq76,r_136_80_75,r_136_80_75,1.0,33,108,75,22
48,r_69_27_177,r_90_86_119,seq49,r_90_86_119,0.71,-78,41,119,22
45,r_18_141_132,seq28,seq140,r_18_141_132,0.96,0,132,132,22
19,r_29_19_90,seq30,r_48_20_101,r_48_20_101,0.92,10,111,101,22
2,r_90_86_119,r_82_8_152,r_64_94_32,r_90_86_119,0.7,-77,42,119,22
5,r_48_20_101,r_47_58_28,seq46,r_48_20_101,0.47,-72,29,101,22
2,r_90_86_119,r_64_94_32,r_74_79_107,r_74_79_107,0.66,13,120,107,22
11,r_116_107_76,r_110_131_167,r_35_109_159,r_116_107_76,0.41,91,167,76,22
95,seq113,r_112_96_110,r_116_107_76,r_116_107_76,0.61,34,110,76,22
31,r_89_120_26,seq88,seq123,r_89_120_26,1.0,0,26,26,22
41,r_106_126_134,r_110_131_167,seq123,r_106_126_134,0.96,0,134,134,22
48,r_69_27_177,r_55_92_80,r_40_68_134,r_69_27_177,0.75,-46,131,177,22
13,r_35_109_159,r_36_118_126,r_52_34_8,r_52_34_8,0.92,3,11,8,22
10,r_136_80_75,seq137,seq83,r_136_80_75,1.0,0,75,75,22
26,r_105_50_135,r_110_131_167,seq49,r_105_50_135,0.53,0,135,135,22
48,r_69_27_177,r_40_68_134,r_48_20_101,r_69_27_177,0.67,0,177,177,22
63,seq16,r_15_61_136,r_48_20_101,r_48_20_101,0.59,36,137,101,22
11,r_116_107_76,seq125,r_110_131_167,r_116_107_76,1.0,0,76,76,22
20,r_110_131_167,r_112_96_110,r_116_107_76,r_116_107_76,0.82,7,83,76,22
15,r_40_68_134,seq41,r_69_27_177,r_40_68_134,0.57,0,134,134,22
57,seq128,r_129_63_118,r_130_133_147,r_129_63_118,1.0,1,119,118,22
0,r_73_14_45,r_74_79_107,seq13,r_73_14_45,1.0,0,45,45,22
13,r_35_109_159,r_52_34_8,r_124_108_119,r_35_109_159,0.57,0,159,159,22
21,r_148_57_169,seq147,r_129_63_118,r_129_63_118,1.0,50,168,118,22
18,r_119_45_22,r_116_107_76,seq43,r_119_45_22,1.0,0,22,22,22
85,seq72,seq76,r_122_71_42,r_122_71_42,1.0,22,64,42,22
5,r_48_20_101,seq46,r_29_19_90,r_48_20_101,1.0,0,101,101,22
47,r_64_94_32,r_90_86_119,r_55_92_80,r_55_92_80,0.94,3,83,80,22
6,r_103_65_29,seq102,r_47_58_28,r_103_65_29,1.0,0,29,29,22
28,r_138_104_71,r_106_126_134,r_116_107_76,r_106_126_134,0.91,-29,105,134,22
87,seq81,r_82_8_152,r_90_86_119,r_82_8_152,0.83,0,152,152,22
43,r_101_21_11,r_100_135_19,seq28,r_101_21_11,0.66,0,11,11,22
34,r_100_135_19,r_103_65_29,seq137,r_100_135_19,0.99,0,19,19,22
4,r_4_121_24,r_3_12_126,seq123,r_4_121_24,0.98,0,24,24,22
40,r_3_12_126,r_2_17_157,r_73_14_45,r_73_14_45,1.0,90,135,45,22
24,r_39_111_133,seq41,seq113,r_39_111_133,0.92,0,133,133,22
48,r_69_27_177,seq49,seq102,r_69_27_177,0.38,-99,78,177,22
35,r_52_34_8,r_35_109_159,r_67_37_25,r_52_34_8,0.88,151,159,8,22
25,r_6_146_112,seq7,seq147,r_6_146_112,1.0,0,112,112,22
44,r_114_117_25,seq113,seq123,r_114_117_25,1.0,0,25,25,22
65,seq147,r_148_57_169,r_6_146_112,r_6_146_112,0.99,55,167,112,22
20,r_110_131_167,r_116_107_76,r_130_133_147,r_110_131_167,0.59,0,167,167,22
32,r_144_97_116,seq145,r_112_96_110,r_144_97_116,0.97,0,116,116,22
38,r_15_61_136,seq16,seq60,r_15_61_136,0.73,0,136,136,22
77,seq49,seq59,r_105_50_135,r_105_50_135,0.87,1,136,135,22
80,seq59,r_64_94_32,r_47_58_28,r_64_94_32,1.0,-4,28,32,22
21,r_148_57_169,r_149_70_38,seq147,r_149_70_38,1.0,0,38,38,22
17,r_38_93_172,seq41,r_144_97_116,r_144_97_116,0.96,56,172,116,22
22,r_47_58_28,r_48_20_101,seq59,r_48_20_101,0.81,-73,28,101,22
33,r_67_37_25,r_64_94_32,r_52_34_8,r_67_37_25,0.85,-2,23,25,22
28,r_138_104_71,r_136_80_75,r_106_126_134,r_106_126_134,0.58,-62,72,134,22
49,r_2_17_157,r_3_12_126,r_101_21_11,r_101_21_11,0.89,152,163,11,22
56,seq9,r_10_77_138,seq11,r_10_77_138,1.0,0,138,138,22
12,r_25_87_81,seq24,seq88,r_25_87_81,1.0,0,81,81,22
30,r_14_147_187,seq13,r_41_149_86,r_41_149_86,1.0,101,187,86,23
25,r_19_0_1,r_4_59_88,r_28_3_26,r_19_0_1,0.9,27,28,1,23
8,r_148_105_114,r_134_76_170,r_41_149_86,r_41_149_86,0.99,14,100,86,23
43,r_24_54_75,seq26,seq55,r_24_54_75,0.48,0,75,75,23
71,seq50,r_47_71_174,r_5_49_35,r_5_49_35,0.94,47,82,35,23
16,r_102_12_144,seq101,seq13,r_102_12_144,0.94,0,144,144,23
5,r_42_18_192,r_44_37_87,r_82_48_87,r_82_48_87,0.97,0,87,87,23
14,r_4_59_88,r_28_3_26,seq58,r_4_59_88,0.92,0,88,88,23
19,r_44_37_87,r_100_33_49,r_141_36_127,r_141_36_127,1.0,7,134,127,23
45,r_88_90_65,seq87,r_92_132_180,r_88_90_65,1.0,0,65,65,23
7,r_100_33_49,seq101,seq30,r_100_33_49,1.0,0,49,49,23
21,r_15_64_34,seq16,seq61,r_15_64_34,0.91,-2,32,34,23
86,seq94,r_92_132_180,r_67_96_76,r_67_96_76,0.99,13,89,76,23
24,r_40_131_182,r_5_49_35,r_41_149_86,r_40_131_182,0.52,0,182,182,23
19,r_44_37_87,r_42_18_192,r_100_33_49,r_100_33_49,0.93,38,87,49,23
32,r_5_49_35,r_4_59_88,seq50,r_5_49_35,0.98,0,35,35,23
31,r_62_125_92,seq107,r_91_129_77,r_62_125_92,0.32,33,125,92,23
76,seq61,r_62_125_92,r_15_64_34,r_62_125_92,0.85,0,92,92,23
31,r_62_125_92,seq61,seq107,r_62_125_92,0.79,0,92,92,23
67,seq30,r_31_121_167,r_100_33_49,r_100_33_49,0.99,61,110,49,23
3,r_140_85_60,r_148_105_114,seq84,r_140_85_60,0.98,0,60,60,23
26,r_72_98_76,r_67_96_76,r_81_97_4,r_81_97_4,0.84,72,76,4,23
0,r_41_149_86,r_40_131_182,r_148_105_114,r_41_149_86,0.93,0,86,86,23
73,seq55,seq58,r_24_54_75,r_24_54_75,0.96,12,87,75,23
11,r_83_99_99,seq84,r_81_97_4,r_83_99_99,0.76,0,99,99,23
20,r_81_97_4,seq101,r_72_98_76,r_72_98_76,0.99,1,77,76,23
15,r_47_71_174,seq50,r_23_63_172,r_23_63_172,0.8,0,172,172,23
48,r_91_129_77,r_92_132_180,seq133,r_91_129_77,0.8,0,77,77,23
49,r_92_132_180,r_88_90_65,r_91_129_77,r_91_129_77,0.7,103,180,77,23
36,r_95_115_54,seq94,seq114,r_95_115_54,0.75,0,54,54,23
6,r_113_80_161,r_109_20_110,r_35_112_64,r_35_112_64,0.74,38,102,64,23
62,seq22,r_23_63_172,r_109_20_110,r_109_20_110,0.99,66,176,110,23
27,r_123_69_74,seq122,r_126_68_13,r_123_69_74,0.53,0,74,74,23
2,r_82_48_87,r_83_99_99,r_5_49_35,r_82_48_87,1.0,0,87,87,23
40,r_31_121_167,seq30,r_35_112_64,r_35_112_64,1.0,106,170,64,23
74,seq57,seq55,r_145_56_57,r_145_56_57,1.0,41,98,57,23
47,r_29_119_56,r_31_121_167,seq117,r_29_119_56,1.0,0,56,56,23
29,r_73_2_66,seq74,r_28_3_26,r_73_2_66,1.0,0,66,66,23
24,r_40_131_182,r_41_149_86,r_5_49_35,r_41_149_86,1.0,0,86,86,23
86,seq94,r_95_115_54,r_92_132_180,r_95_115_54,0.68,0,54,54,23
46,r_145_56_57,seq143,seq57,r_145_56_57,1.0,0,57,57,23
8,r_148_105_114,r_41_149_86,seq103,r_148_105_114,0.6,0,114,114,23
6,r_113_80_161,r_35_112_64,r_140_85_60,r_113_80_161,0.73,0,161,161,23
0,r_41_149_86,r_148_105_114,seq133,r_148_105_114,0.94,0,114,114,23
38,r_134_76_170,seq136,r_138_77_55,r_138_77_55,0.77,116,171,55,23
10,r_28_3_26,seq1,r_73_2_66,r_73_2_66,1.0,13,79,66,23
34,r_35_112_64,seq34,seq108,r_35_112_64,1.0,1,65,64,23
75,seq58,seq55,r_4_59_88,r_4_59_88,1.0,-1,87,88,23
45,r_88_90_65,r_92_132_180,r_83_99_99,r_83_99_99,0.7,82,181,99,23
17,r_45_32_177,r_47_71_174,r_100_33_49,r_100_33_49,1.0,127,176,49,23
9,r_109_20_110,seq110,seq22,r_109_20_110,0.92,0,110,110,23
18,r_126_68_13,r_127_38_26,r_70_124_186,r_70_124_186,0.78,-174,12,186,23
37,r_17_146_141,seq22,r_109_20_110,r_109_20_110,0.95,2,112,110,23
22,r_70_124_186,r_67_96_76,r_126_68_13,r_67_96_76,1.0,-10,66,76,23
49,r_92_132_180,r_91_129_77,r_88_90_65,r_92_132_180,0.94,-103,77,180,23
14,r_4_59_88,r_5_49_35,r_28_3_26,r_5_49_35,0.56,0,35,35,23
10,r_28_3_26,r_31_121_167,seq1,r_28_3_26,0.8,-1,25,26,23
18,r_126_68_13,r_70_124_186,r_23_63_172,r_70_124_186,0.41,-7,179,186,23
23,r_21_120_91,r_23_63_172,r_29_119_56,r_23_63_172,0.91,-80,92,172,23
63,seq137,r_138_77_55,seq139,r_138_77_55,1.0,0,55,55,23
35,r_141_36_127,seq143,r_44_37_87,r_141_36_127,0.97,0,127,127,23
37,r_17_146_141,r_109_20_110,r_91_129_77,r_17_146_141,0.97,0,141,141,23
12,r_86_93_126,seq87,r_67_96_76,r_86_93_126,0.61,0,126,126,23
1,r_127_38_26,r_140_85_60,seq39,r_127_38_26,0.99,0,26,26,23
5,r_10_91_45,r_13_62_51,seq90,r_10_91_45,0.98,0,45,45,24
8,r_95_143_176,r_94_140_120,r_52_87_32,r_95_143_176,0.64,-72,104,176,24
53,seq132,r_131_22_190,r_54_133_122,r_54_133_122,1.0,68,190,122,24
37,r_103_82_160,r_104_84_72,seq102,r_104_84_72,1.0,0,72,72,24
43,r_126_37_30,r_125_2_104,seq32,r_126_37_30,1.0,0,30,30,24
16,r_29_96_214,r_30_42_127,r_18_35_125,r_18_35_125,1.0,21,146,125,24
39,r_131_22_190,seq132,r_121_20_126,r_121_20_126,0.49,64,190,126,24
30,r_76_16_22,r_79_122_205,seq15,r_76_16_22,0.99,1,23,22,24
1,r_79_122_205,r_17_80_64,seq119,r_79_122_205,0.74,0,205,205,24
1,r_79_122_205,r_81_57_129,r_17_80_64,r_17_80_64,1.0,65,129,64,24
46,r_144_92_61,r_146_113_227,seq93,r_144_92_61,1.0,0,61,61,24
80,seq77,r_81_57_129,r_17_80_64,r_17_80_64,1.0,63,127,64,24
32,r_17_80_64,r_81_57_129,r_0_75_97,r_17_80_64,0.75,65,129,64,24
88,seq102,r_101_67_47,r_103_82_160,r_101_67_47,1.0,-4,43,47,24
45,r_148_6_83,seq147,r_59_7_39,r_148_6_83,1.0,0,83,83,24
19,r_100_78_164,seq99,r_17_80_64,r_17_80_64,0.89,101,165,64,24
49,r_55_4_157,r_65_53_38,r_125_2_104,r_55_4_157,0.97,0,157,157,24
31,r_81_57_129,r_79_122_205,seq58,r_81_57_129,0.85,0,129,129,24
44,r_3_98_135,r_23_5_96,seq99,r_3_98_135,0.94,0,135,135,24
89,seq107,r_106_117_142,seq111,r_106_117_142,0.98,0,142,142,24
3,r_129_73_125,seq130,seq72,r_129_73_125,0.98,0,125,125,24
17,r_52_87_32,r_54_133_122,seq90,r_52_87_32,0.83,0,32,32,24
10,r_110_114_150,seq107,seq115,r_110_114_150,0.42,0,150,150,24
26,r_63_33_123,r_61_108_128,r_126_37_30,r_63_33_123,0.95,0,123,123,24
8,r_95_143_176,r_52_87_32,r_74_145_10,r_95_143_176,1.0,0,176,176,24
16,r_29_96_214,r_18_35_125,r_104_84_72,r_29_96_214,0.84,0,214,214,24
14,r_13_62_51,r_63_33_123,seq58,r_63_33_123,1.0,0,123,123,24
4,r_94_140_120,seq93,seq139,r_94_140_120,1.0,0,120,120,24
20,r_23_5_96,seq1,r_125_2_104,r_125_2_104,0.94,14,118,104,24
11,r_21_36_195,seq19,r_126_37_30,r_21_36_195,0.45,1,196,195,24
67,seq32,r_29_96_214,r_126_37_30,r_126_37_30,0.99,26,56,30,24
20,r_23_5_96,r_18_35_125,seq1,r_23_5_96,0.64,0,96,96,24
13,r_104_84_72,r_103_82_160,seq86,r_104_84_72,1.0,0,72,72,24
98,seq124,r_125_2_104,seq118,r_125_2_104,1.0,-11,93,104,24
15,r_125_2_104,seq124,r_23_5_96,r_125_2_104,1.0,0,104,104,24
48,r_85_48_134,seq86,r_14_43_46,r_85_48_134,0.56,0,134,134,24
62,seq15,r_17_80_64,r_76_16_22,r_17_80_64,1.0,0,64,64,24
21,r_59_7_39,seq8,r_105_11_37,r_59_7_39,0.42,141,180,39,24
27,r_106_117_142,seq107,seq118,r_106_117_142,0.68,0,142,142,24
81,seq83,r_100_78_164,r_103_82_160,r_103_82_160,0.95,1,161,160,24
2,r_18_35_125,seq19,r_63_33_123,r_18_35_125,0.97,1,126,125,24
47,r_146_113_227,r_144_92_61,r_74_145_10,r_144_92_61,0.99,0,61,61,24
56,seq8,seq12,r_59_7_39,r_59_7_39,1.0,18,57,39,24
41,r_109_116_10,r_110_114_150,seq118,r_109_116_10,0.55,0,10,10,24
25,r_54_133_122,r_55_4_157,seq132,r_54_133_122,1.0,0,122,122,24
33,r_0_75_97,seq1,r_17_80_64,r_0_75_97,0.96,0,97,97,24
23,r_74_145_10,r_79_122_205,r_146_113_227,r_74_145_10,0.98,0,10,10,24
21,r_59_7_39,seq58,seq8,r_59_7_39,1.0,0,39,39,24
42,r_142_40_21,seq45,r_28_41_108,r_28_41_108,0.88,12,120,108,24
32,r_17_80_64,seq15,r_81_57_129,r_17_80_64,1.0,0,64,64,24
38,r_88_34_83,seq90,r_126_37_30,r_88_34_83,1.0,0,83,83,24
81,seq83,r_103_82_160,r_100_78_164,r_103_82_160,0.39,-40,120,160,24
77,seq147,r_148_6_83,r_74_145_10,r_148_6_83,0.99,0,83,83,24
18,r_65_53_38,seq66,r_55_4_157,r_65_53_38,0.82,0,38,38,24
34,r_28_41_108,seq27,r_142_40_21,r_28_41_108,0.99,0,108,108,24
36,r_101_67_47,seq102,seq66,r_101_67_47,0.99,0,47,47,24
14,r_13_62_51,seq12,r_63_33_123,r_13_62_51,0.99,0,51,51,24
37,r_103_82_160,seq102,seq83,r_103_82_160,0.61,0,160,160,24
22,r_30_42_127,r_29_96_214,r_14_43_46,r_14_43_46,1.0,100,146,46,24
28,r_47_50_139,seq45,r_39_51_136,r_39_51_136,0.45,77,213,136,24
42,r_142_40_21,seq138,seq45,r_142_40_21,0.98,0,21,21,24
49,r_55_4_157,r_54_133_122,r_65_53_38,r_55_4_157,0.83,-35,122,157,24
7,r_121_20_126,seq118,seq19,r_121_20_126,0.98,0,126,126,24
18,r_65_53_38,r_55_4_157,r_101_67_47,r_65_53_38,0.57,121,159,38,24
44,r_3_98_135,r_0_75_97,r_23_5_96,r_3_98_135,0.66,-39,96,135,24
17,r_52_87_32,seq90,r_104_84_72,r_104_84_72,0.97,143,215,72,24
35,r_149_38_60,r_148_6_83,r_142_40_21,r_149_38_60,0.96,0,60,60,24
12,r_70_56_126,seq71,seq58,r_70_56_126,0.61,0,126,126,24
23,r_74_145_10,r_146_113_227,r_95_143_176,r_95_143_176,1.0,51,227,176,24
37,r_0_94_112,r_93_46_132,r_16_95_119,r_0_94_112,0.65,20,132,112,25
36,r_82_3_87,seq83,seq8,r_82_3_87,1.0,1,88,87,25
14,r_137_125_145,seq136,r_25_120_89,r_25_120_89,0.99,56,145,89,25
46,r_4_75_22,seq8,seq77,r_4_75_22,1.0,0,22,22,25
8,r_48_2_100,seq47,r_82_3_87,r_48_2_100,1.0,1,101,100,25
37,r_0_94_112,seq8,r_93_46_132,r_0_94_112,0.69,0,112,112,25
21,r_74_50_156,seq79,r_20_49_72,r_74_50_156,0.63,0,156,156,25
2,r_133_109_28,r_135_32_148,seq110,r_133_109_28,0.94,0,28,28,25
97,seq121,r_119_28_153,r_25_120_89,r_25_120_89,1.0,55,144,89,25
42,r_35_61_183,seq37,r_116_58_53,r_35_61_183,0.77,0,183,183,25
38,r_104_89_63,r_85_36_149,seq90,r_85_36_149,0.91,-66,83,149,25
45,r_97_71_134,r_99_111_156,r_144_70_53,r_97_71_134,0.53,1,135,134,25
0,r_10_115_81,r_74_50_156,r_104_89_63,r_74_50_156,0.99,-18,138,156,25
19,r_88_34_175,seq90,r_119_28_153,r_88_34_175,0.56,0,175,175,25
1,r_123_72_34,r_119_28_153,seq73,r_123_72_34,0.98,0,34,34,25
49,r_116_58_53,seq117,seq59,r_116_58_53,1.0,0,53,53,25
66,seq37,r_35_61_183,r_85_36_149,r_85_36_149,0.6,34,183,149,25
31,r_27_1_180,seq30,r_48_2_100,r_48_2_100,1.0,80,180,100,25
41,r_138_132_18,r_135_32_148,seq141,r_135_32_148,0.99,0,148,148,25
67,seq42,seq47,r_68_44_118,r_68_44_118,1.0,30,148,118,25
28,r_57_41_29,seq56,r_35_61_183,r_57_41_29,0.98,0,29,29,25
3,r_119_28_153,seq121,seq21,r_119_28_153,0.67,0,153,153,25
16,r_22_102_11,r_101_64_141,seq100,r_101_64_141,1.0,0,141,141,25
4,r_135_32_148,r_138_132_18,r_128_33_31,r_138_132_18,0.91,130,148,18,25
33,r_108_55_48,r_104_89_63,seq54,r_108_55_48,0.87,0,48,48,25
0,r_10_115_81,r_12_45_181,r_74_50_156,r_10_115_81,0.83,0,81,81,25
73,seq67,r_65_40_210,r_101_64_141,r_101_64_141,0.97,46,187,141,25
13,r_96_127_110,r_93_46_132,r_18_129_57,r_96_127_110,0.94,0,110,110,25
10,r_101_64_141,seq100,r_22_102_11,r_22_102_11,0.99,17,28,11,25
15,r_142_76_180,r_143_24_185,r_4_75_22,r_4_75_22,0.63,155,177,22,25
48,r_93_46_132,r_96_127_110,r_99_111_156,r_93_46_132,0.44,-33,99,132,25
6,r_68_44_118,seq69,r_52_43_108,r_68_44_118,0.93,0,118,118,25
72,seq59,seq56,r_116_58_53,r_116_58_53,1.0,1,54,53,25
76,seq77,r_74_50_156,r_4_75_22,r_4_75_22,0.97,0,22,22,25
10,r_101_64_141,r_22_102_11,r_144_70_53,r_101_64_141,0.97,0,141,141,25
30,r_131_60_97,r_138_132_18,r_142_76_180,r_142_76_180,0.49,-150,30,180,25
30,r_131_60_97,r_142_76_180,r_116_58_53,r_131_60_97,0.64,0,97,97,25
48,r_93_46_132,r_99_111_156,seq47,r_93_46_132,0.99,0,132,132,25
22,r_124_5_94,r_97_71_134,seq8,r_124_5_94,1.0,0,94,94,25
40,r_134_6_92,r_135_32_148,r_124_5_94,r_135_32_148,0.86,-55,93,148,25
18,r_31_103_66,seq23,r_62_107_39,r_31_103_66,1.0,0,66,66,25
29,r_29_38_138,seq30,r_57_41_29,r_29_38_138,0.82,0,138,138,25
24,r_12_45_181,seq13,r_68_44_118,r_68_44_118,0.69,63,181,118,25
25,r_20_49_72,seq21,seq47,r_20_49_72,1.0,0,72,72,25
34,r_52_43_108,seq42,r_68_44_118,r_52_43_108,0.46,36,144,108,25
64,seq26,r_25_120_89,seq30,r_25_120_89,1.0,-27,62,89,25
88,seq98,r_99_111_156,seq100,r_99_111_156,0.6,-1,155,156,25
43,r_18_129_57,r_20_49_72,seq130,r_18_129_57,0.99,0,57,57,25
65,seq30,r_29_38_138,seq21,r_29_38_138,0.67,0,138,138,25
68,seq47,r_48_2_100,seq42,r_48_2_100,0.97,-20,80,100,25
32,r_113_53_91,seq114,seq54,r_113_53_91,0.79,0,91,91,25
38,r_104_89_63,seq110,r_85_36_149,r_104_89_63,0.64,0,63,63,25
68,seq47,seq42,r_93_46_132,r_93_46_132,0.62,23,155,132,25
34,r_52_43_108,seq54,seq42,r_52_43_108,0.95,-1,107,108,25
50,seq130,r_128_33_31,r_142_76_180,r_128_33_31,0.82,-1,30,31,25
11,r_144_70_53,seq145,seq69,r_144_70_53,1.0,0,53,53,25
17,r_17_9_179,seq15,r_124_5_94,r_124_5_94,0.94,85,179,94,25
25,r_20_49_72,seq47,r_74_50_156,r_74_50_156,1.0,6,162,156,25
9,r_85_36_149,seq86,seq37,r_85_36_149,0.83,0,149,149,25
16,r_22_102_11,r_25_120_89,r_101_64_141,r_101_64_141,0.76,-130,11,141,25
98,seq126,seq145,r_16_95_119,r_16_95_119,0.74,20,139,119,25
28,r_57_41_29,r_35_61_183,r_29_38_138,r_29_38_138,0.97,13,151,138,25
20,r_128_33_31,seq130,seq23,r_128_33_31,1.0,0,31,31,25
7,r_66_105_141,r_65_40_210,r_62_107_39,r_66_105_141,0.83,3,144,141,25
44,r_63_122_165,r_65_40_210,r_25_120_89,r_25_120_89,0.99,76,165,89,25
23,r_39_7_119,r_35_61_183,r_124_5_94,r_39_7_119,0.82,1,120,119,25
22,r_124_5_94,r_101_64_141,r_97_71_134,r_124_5_94,0.5,-71,23,94,25
35,r_16_95_119,r_17_9_179,r_0_94_112,r_16_95_119,0.92,0,119,119,25
12,r_25_120_89,seq26,seq121,r_25_120_89,1.0,0,89,89,25
84,seq87,r_85_36_149,seq86,r_85_36_149,0.97,0,149,149,25
30,r_67_16_159,r_74_69_169,r_136_2_83,r_67_16_159,0.84,0,159,159,26
8,r_29_48_86,seq28,r_46_26_148,r_29_48_86,0.99,0,86,86,26
43,r_79_60_181,seq78,r_75_61_69,r_79_60_181,0.54,0,181,181,26
81,seq81,seq78,r_62_82_75,r_62_82_75,1.0,8,83,75,26
16,r_11_85_133,r_15_96_175,r_41_10_42,r_41_10_42,1.0,53,95,42,26
1,r_18_38_169,seq20,r_17_40_79,r_17_40_79,1.0,89,168,79,26
5,r_92_86_108,seq93,r_32_88_43,r_32_88_43,1.0,66,109,43,26
46,r_4_72_86,seq3,seq71,r_4_72_86,1.0,0,86,86,26
42,r_98_0_146,seq99,seq13,r_98_0_146,0.83,1,147,146,26
80,seq78,r_79_60_181,r_120_80_99,r_120_80_99,0.96,82,181,99,26
32,r_24_49_115,r_70_30_41,seq50,r_24_49_115,0.99,0,115,115,26
16,r_11_85_133,r_41_10_42,r_32_88_43,r_11_85_133,0.96,0,133,133,26
48,r_137_87_182,r_136_2_83,r_33_138_21,r_137_87_182,0.96,-144,38,182,26
19,r_51_59_68,seq50,r_74_69_169,r_51_59_68,0.83,0,68,68,26
15,r_31_63_139,seq50,r_75_61_69,r_31_63_139,0.38,0,139,139,26
95,seq115,r_119_55_102,r_116_118_24,r_119_55_102,1.0,0,102,102,26
31,r_73_9_181,seq71,r_136_2_83,r_136_2_83,0.87,98,181,83,26
3,r_53_132_124,seq54,r_91_131_105,r_53_132_124,0.99,0,124,124,26
90,seq108,r_109_106_2,r_129_107_92,r_129_107_92,1.0,0,92,92,26
32,r_24_49_115,r_25_19_62,r_70_30_41,r_24_49_115,0.47,-66,49,115,26
26,r_129_107_92,seq128,seq108,r_129_107_92,0.99,0,92,92,26
8,r_29_48_86,r_46_26_148,r_17_40_79,r_46_26_148,1.0,2,150,148,26
4,r_120_80_99,r_119_55_102,seq78,r_120_80_99,0.89,0,99,99,26
45,r_116_118_24,r_120_80_99,r_119_55_102,r_119_55_102,0.49,-78,24,102,26
0,r_44_95_176,seq43,r_36_97_39,r_36_97_39,1.0,137,176,39,26
20,r_76_104_103,r_67_16_159,seq105,r_76_104_103,1.0,0,103,103,26
13,r_46_26_148,r_47_52_131,r_44_95_176,r_47_52_131,1.0,0,131,131,26
47,r_83_100_16,seq81,seq99,r_83_100_16,0.99,0,16,16,26
6,r_25_19_62,r_29_48_86,seq20,r_25_19_62,1.0,0,62,62,26
15,r_31_63_139,r_32_88_43,seq50,r_32_88_43,1.0,0,43,43,26
99,seq125,r_124_149_87,seq128,r_124_149_87,1.0,2,89,87,26
22,r_32_88_43,r_31_63_139,seq90,r_32_88_43,1.0,0,43,43,26
18,r_7_146_177,seq6,r_27_141_13,r_7_146_177,0.37,0,177,177,26
29,r_47_52_131,r_46_26_148,r_119_55_102,r_47_52_131,0.9,0,131,131,26
36,r_42_143_52,r_46_26_148,seq145,r_42_143_52,1.0,0,52,52,26
25,r_111_66_161,seq112,r_31_63_139,r_111_66_161,0.83,0,161,161,26
33,r_1_121_116,seq6,seq122,r_1_121_116,0.94,0,116,116,26
21,r_36_97_39,seq34,seq99,r_36_97_39,1.0,0,39,39,26
50,seq128,r_129_107_92,seq130,r_129_107_92,1.0,0,92,92,26
70,seq45,r_46_26_148,r_29_48_86,r_29_48_86,0.89,43,129,86,26
37,r_41_10_42,seq37,r_11_85_133,r_41_10_42,1.0,0,42,42,26
38,r_62_82_75,r_67_16_159,seq81,r_62_82_75,1.0,0,75,75,26
13,r_46_26_148,r_44_95_176,r_70_30_41,r_44_95_176,0.43,-24,152,176,26
34,r_119_55_102,r_120_80_99,seq54,r_119_55_102,0.96,-2,100,102,26
24,r_8_142_44,seq6,seq145,r_8_142_44,1.0,0,44,44,26
7,r_27_141_13,r_25_19_62,seq140,r_27_141_13,1.0,0,13,13,26
75,seq134,seq135,r_33_138_21,r_33_138_21,1.0,52,73,21,26
85,seq99,r_109_106_2,r_83_100_16,r_83_100_16,0.98,13,29,16,26
45,r_116_118_24,r_119_55_102,seq117,r_119_55_102,1.0,0,102,102,26
17,r_17_40_79,r_18_38_169,seq37,r_17_40_79,1.0,0,79,79,26
9,r_124_149_87,seq125,r_84_148_38,r_124_149_87,0.99,0,87,87,26
63,seq23,r_15_96_175,r_144_22_105,r_144_22_105,0.99,25,130,105,26
96,seq117,r_120_80_99,r_116_118_24,r_120_80_99,1.0,-27,72,99,26
37,r_41_10_42,r_11_85_133,seq13,r_11_85_133,1.0,0,133,133,26
10,r_33_138_21,r_46_26_148,r_137_87_182,r_33_138_21,1.0,0,21,21,26
28,r_136_2_83,r_137_87_182,seq3,r_136_2_83,1.0,0,83,83,26
91,seq110,r_111_66_161,seq112,r_111_66_161,0.96,-94,67,161,26
82,seq90,r_91_131_105,r_32_88_43,r_32_88_43,0.75,7,50,43,26
49,r_91_131_105,r_92_86_108,seq130,r_91_131_105,1.0,0,105,105,26
27,r_70_30_41,r_67_16_159,seq28,r_70_30_41,1.0,1,42,41,26
44,r_77_139_77,r_76_104_103,r_27_141_13,r_77_139_77,1.0,1,78,77,26
63,seq23,r_18_38_169,r_15_96_175,r_15_96_175,0.58,-127,48,175,26
79,seq140,seq145,r_27_141_13,r_27_141_13,0.98,62,75,13,26
35,r_127_89_153,r_126_39_158,r_32_88_43,r_127_89_153,0.93,0,153,153,26
14,r_84_148_38,r_91_131_105,seq147,r_84_148_38,0.84,0,38,38,26
12,r_144_22_105,seq145,seq23,r_144_22_105,0.78,0,105,105,26
93,seq113,r_114_104_131,seq124,r_114_104_131,0.73,0,131,131,27
37,r_115_72_56,r_114_104_131,seq73,r_115_72_56,1.0,0,56,56,27
44,r_14_34_197,r_77_15_23,r_120_33_31,r_120_33_31,0.66,166,197,31,27
51,seq1,r_3_56_82,seq0,r_3_56_82,1.0,0,82,82,27
36,r_21_75_77,r_17_64_106,r_101_74_50,r_21_75_77,1.0,0,77,77,27
92,seq111,r_112_61_73,seq113,r_112_61_73,1.0,0,73,73,27
14,r_112_61_73,seq111,seq62,r_112_61_73,0.94,0,73,73,27
8,r_132_66_87,r_133_78_173,seq67,r_132_66_87,1.0,0,87,87,27
43,r_22_116_136,seq19,seq117,r_22_116_136,0.87,0,136,136,27
1,r_91_97_32,r_95_54_146,r_103_41_131,r_91_97_32,0.85,0,32,32,27
55,seq137,r_135_16_136,r_6_136_93,r_6_136_93,0.85,4,97,93,27
16,r_135_16_136,seq137,r_77_15_23,r_135_16_136,0.91,0,136,136,27
21,r_114_104_131,seq113,r_91_97_32,r_114_104_131,0.49,0,131,131,27
5,r_28_59_144,seq30,r_3_56_82,r_3_56_82,0.77,63,145,82,27
42,r_3_56_82,seq1,seq57,r_3_56_82,1.0,0,82,82,27
1,r_91_97_32,r_103_41_131,r_127_98_51,r_91_97_32,0.89,20,52,32,27
64,seq26,seq30,r_39_27_47,r_39_27_47,1.0,2,49,47,27
39,r_101_74_50,r_81_55_161,r_21_75_77,r_21_75_77,1.0,2,79,77,27
7,r_4_43_145,r_83_5_62,r_103_41_131,r_4_43_145,0.82,0,145,145,27
69,seq40,r_44_32_194,r_4_43_145,r_4_43_145,0.99,3,148,145,27
24,r_105_106_164,r_91_97_32,r_123_108_148,r_123_108_148,0.75,4,152,148,27
19,r_76_12_20,r_126_11_40,r_77_15_23,r_76_12_20,0.61,149,169,20,27
23,r_126_11_40,r_127_98_51,seq10,r_126_11_40,0.93,0,40,40,27
45,r_2_37_26,r_3_56_82,seq38,r_2_37_26,0.96,0,26,26,27
3,r_49_69_95,r_52_143_132,r_132_66_87,r_49_69_95,0.99,1,96,95,27
26,r_17_64_106,seq19,seq63,r_17_64_106,0.94,-1,105,106,27
72,seq57,r_52_143_132,r_3_56_82,r_3_56_82,0.85,9,91,82,27
48,r_133_78_173,r_134_96_133,r_6_136_93,r_134_96_133,0.99,0,133,133,27
0,r_24_102_118,seq25,r_91_97_32,r_24_102_118,0.91,1,119,118,27
11,r_52_143_132,seq50,r_87_148_135,r_52_143_132,0.65,0,132,132,27
20,r_81_55_161,seq82,r_17_64_106,r_81_55_161,0.7,0,161,161,27
46,r_103_41_131,r_91_97_32,seq40,r_103_41_131,0.92,0,131,131,27
15,r_79_42_170,seq80,r_103_41_131,r_103_41_131,0.37,39,170,131,27
48,r_133_78_173,r_132_66_87,r_134_96_133,r_132_66_87,1.0,0,87,87,27
90,seq109,seq111,r_36_110_137,r_36_110_137,1.0,10,147,137,27
12,r_83_5_62,r_4_43_145,seq7,r_83_5_62,0.71,83,145,62,27
6,r_95_54_146,seq92,seq50,r_95_54_146,0.6,0,146,146,27
85,seq88,r_87_148_135,r_51_93_114,r_51_93_114,0.81,21,135,114,27
19,r_76_12_20,r_77_15_23,r_17_64_106,r_17_64_106,1.0,-86,20,106,27
27,r_107_118_85,r_105_106_164,seq119,r_107_118_85,0.92,0,85,85,27
4,r_77_15_23,r_68_46_103,seq19,r_77_15_23,0.99,0,23,23,27
2,r_149_140_161,seq142,r_52_143_132,r_52_143_132,1.0,25,157,132,27
41,r_9_48_10,seq57,seq62,r_9_48_10,0.56,63,73,10,27
47,r_134_96_133,r_133_78_173,r_51_93_114,r_134_96_133,0.68,0,133,133,27
40,r_123_108_148,seq124,r_105_106_164,r_123_108_148,0.61,2,150,148,27
19,r_76_12_20,r_17_64_106,r_126_11_40,r_76_12_20,0.91,45,65,20,27
29,r_58_146_95,seq57,seq142,r_58_146_95,0.98,0,95,95,27
41,r_9_48_10,r_6_136_93,seq57,r_9_48_10,0.87,0,10,10,27
24,r_105_106_164,r_107_118_85,r_91_97_32,r_105_106_164,0.69,-78,86,164,27
25,r_145_100_96,seq144,r_91_97_32,r_145_100_96,0.93,0,96,96,27
33,r_122_60_97,r_123_108_148,r_112_61_73,r_123_108_148,1.0,-49,99,148,27
41,r_9_48_10,seq62,r_68_46_103,r_68_46_103,1.0,2,105,103,27
34,r_127_98_51,r_13_128_5,r_91_97_32,r_127_98_51,0.7,0,51,51,27
38,r_44_32_194,seq40,r_120_33_31,r_120_33_31,0.83,163,194,31,27
46,r_103_41_131,r_101_74_50,r_91_97_32,r_103_41_131,0.6,-81,50,131,27
17,r_87_148_135,r_95_54_146,r_58_146_95,r_58_146_95,0.61,36,131,95,27
34,r_127_98_51,r_126_11_40,r_13_128_5,r_127_98_51,0.72,-11,40,51,27
10,r_39_27_47,seq38,seq26,r_39_27_47,1.0,0,47,47,27
9,r_6_136_93,seq8,seq137,r_6_136_93,1.0,0,93,93,27
31,r_120_33_31,seq35,r_14_34_197,r_14_34_197,0.6,3,200,197,27
32,r_99_18_30,r_101_74_50,seq19,r_99_18_30,1.0,0,30,30,27
22,r_84_20_149,seq85,r_77_15_23,r_84_20_149,0.77,0,149,149,27
14,r_112_61_73,seq62,r_122_60_97,r_122_60_97,0.99,4,101,97,27
28,r_51_93_114,r_52_143_132,seq94,r_51_93_114,0.93,0,114,114,27
49,r_68_46_103,seq67,r_9_48_10,r_68_46_103,0.96,0,103,103,27
31,r_120_33_31,seq117,seq35,r_120_33_31,1.0,0,31,31,27
7,r_4_43_145,r_17_64_106,r_83_5_62,r_83_5_62,0.93,1,63,62,27
44,r_14_34_197,r_21_75_77,r_77_15_23,r_21_75_77,0.64,0,77,77,27
82,seq82,r_81_55_161,r_115_72_56,r_115_72_56,1.0,108,164,56,27
35,r_36_110_137,seq35,seq109,r_36_110_137,0.86,0,137,137,27
12,r_83_5_62,r_81_55_161,r_4_43_145,r_83_5_62,1.0,1,63,62,27
39,r_101_74_50,r_103_41_131,r_81_55_161,r_101_74_50,0.98,0,50,50,27
30,r_133_128_117,seq132,r_63_130_81,r_63_130_81,0.97,38,119,81,28
36,r_85_147_69,seq84,r_14_149_18,r_85_147_69,1.0,0,69,69,28
19,r_61_42_188,r_120_67_38,r_17_62_108,r_17_62_108,1.0,0,108,108,28
8,r_100_52_100,r_71_101_50,seq57,r_100_52_100,0.78,0,100,100,28
53,seq6,r_5_81_77,r_102_11_1,r_5_81_77,1.0,0,77,77,28
43,r_73_25_176,r_74_46_148,r_142_76_113,r_142_76_113,0.97,35,148,113,28
22,r_7_124_54,seq6,seq122,r_7_124_54,1.0,0,54,54,28
54,seq129,seq127,r_63_130_81,r_63_130_81,1.0,3,84,81,28
3,r_50_20_88,r_19_29_177,r_95_23_1,r_19_29_177,0.85,0,177,177,28
5,r_32_114_59,r_31_34_202,seq115,r_32_114_59,1.0,0,59,59,28
16,r_121_144_79,r_125_105_169,seq143,r_121_144_79,0.88,0,79,79,28
21,r_94_98_111,seq92,r_71_101_50,r_94_98_111,0.94,0,111,111,28
1,r_70_43_145,seq72,r_119_40_44,r_70_43_145,0.62,0,145,145,28
46,r_36_16_87,r_35_145_161,r_0_15_66,r_36_16_87,0.47,0,87,87,28
42,r_5_81_77,seq6,seq80,r_5_81_77,0.98,0,77,77,28
80,seq80,r_79_103_154,r_5_81_77,r_5_81_77,0.8,25,102,77,28
33,r_74_46_148,r_78_48_60,r_73_25_176,r_78_48_60,0.85,-1,59,60,28
69,seq51,r_50_20_88,r_78_48_60,r_50_20_88,0.55,0,88,88,28
33,r_74_46_148,r_73_25_176,r_18_45_152,r_74_46_148,0.95,4,152,148,28
2,r_75_30_49,r_78_48_60,r_33_28_37,r_75_30_49,0.98,0,49,49,28
19,r_61_42_188,r_63_130_81,r_120_67_38,r_63_130_81,0.82,-4,77,81,28
28,r_119_40_44,r_113_39_66,seq41,r_119_40_44,1.0,0,44,44,28
38,r_17_62_108,r_61_42_188,r_2_59_96,r_61_42_188,0.87,0,188,188,28
41,r_142_76_113,seq143,r_74_46_148,r_142_76_113,0.89,0,113,113,28
3,r_50_20_88,seq51,r_19_29_177,r_50_20_88,0.99,0,88,88,28
10,r_126_110_104,seq127,seq108,r_126_110_104,0.84,0,104,104,28
0,r_77_138_17,r_75_30_49,seq139,r_77_138_17,0.99,0,17,17,28
4,r_31_34_202,r_33_28_37,r_90_37_1,r_33_28_37,0.32,165,202,37,28
13,r_2_59_96,r_10_118_93,seq9,r_10_118_93,0.65,-24,69,93,28
15,r_0_15_66,r_17_62_108,r_102_11_1,r_102_11_1,0.56,65,66,1,28
9,r_71_101_50,r_8_99_58,r_94_98_111,r_94_98_111,0.8,30,141,111,28
67,seq44,r_47_26_26,r_74_46_148,r_47_26_26,0.97,0,26,26,28
19,r_61_42_188,r_17_62_108,r_119_40_44,r_61_42_188,0.58,0,188,188,28
50,seq1,r_19_29_177,r_0_15_66,r_19_29_177,0.95,-36,141,177,28
99,seq127,r_126_110_104,r_63_130_81,r_63_130_81,1.0,22,103,81,28
15,r_0_15_66,r_102_11_1,r_36_16_87,r_36_16_87,1.0,9,96,87,28
31,r_146_89_37,r_142_76_113,seq86,r_146_89_37,1.0,0,37,37,28
27,r_134_148_248,seq136,r_77_138_17,r_77_138_17,0.96,229,246,17,28
6,r_120_67_38,r_125_105_169,seq69,r_120_67_38,1.0,0,38,38,28
47,r_113_39_66,seq112,seq38,r_113_39_66,1.0,0,66,66,28
18,r_63_130_81,r_61_42_188,seq129,r_63_130_81,1.0,0,81,81,28
29,r_10_118_93,seq9,seq112,r_10_118_93,0.95,0,93,93,28
24,r_19_29_177,r_18_45_152,r_50_20_88,r_50_20_88,1.0,36,124,88,28
34,r_35_145_161,r_90_37_1,r_121_144_79,r_35_145_161,1.0,0,161,161,28
25,r_33_28_37,r_31_34_202,r_75_30_49,r_75_30_49,1.0,49,98,49,28
13,r_2_59_96,seq9,seq60,r_2_59_96,0.99,0,96,96,28
43,r_73_25_176,r_142_76_113,r_47_26_26,r_73_25_176,0.98,0,176,176,28
50,seq1,r_17_62_108,r_19_29_177,r_17_62_108,1.0,-24,84,108,28
65,seq38,r_90_37_1,r_113_39_66,r_113_39_66,1.0,0,66,66,28
32,r_78_48_60,r_74_46_148,seq49,r_78_48_60,0.99,0,60,60,28
38,r_17_62_108,r_18_45_152,r_61_42_188,r_17_62_108,0.94,0,108,108,28
41,r_142_76_113,r_74_46_148,r_73_25_176,r_74_46_148,1.0,0,148,148,28
34,r_35_145_161,r_36_16_87,r_90_37_1,r_36_16_87,0.66,0,87,87,28
9,r_71_101_50,r_70_43_145,r_100_52_100,r_71_101_50,1.0,0,50,50,28
17,r_8_99_58,r_10_118_93,r_71_101_50,r_8_99_58,0.79,0,58,58,28
60,seq143,r_142_76_113,r_121_144_79,r_142_76_113,0.74,-11,102,113,28
41,r_142_76_113,r_73_25_176,r_120_67_38,r_73_25_176,0.92,0,176,176,28
94,seq112,r_113_39_66,seq111,r_113_39_66,1.0,2,68,66,28
57,seq139,seq137,r_77_138_17,r_77_138_17,1.0,1,18,17,28
24,r_19_29_177,r_50_20_88,r_75_30_49,r_19_29_177,0.73,0,177,177,28
26,r_14_149_18,r_13_3_93,seq143,r_14_149_18,0.9,0,18,18,28
29,r_10_118_93,seq112,r_56_117_192,r_56_117_192,1.0,0,192,192,28
49,r_87_4_185,seq86,r_0_15_66,r_87_4_185,0.61,0,185,185,28
39,r_47_26_26,seq44,seq27,r_47_26_26,1.0,0,26,26,28
56,seq9,r_10_118_93,seq6,r_10_118_93,1.0,0,93,93,28
23,r_56_117_192,seq57,r_10_118_93,r_56_117_192,0.48,0,192,192,28
9,r_71_101_50,r_100_52_100,r_8_99_58,r_100_52_100,1.0,0,100,100,28
35,r_18_45_152,r_19_29_177,r_74_46_148,r_18_45_152,0.98,0,152,152,28
88,seq104,r_113_39_66,seq132,r_113_39_66,1.0,-8,58,66,28
36,r_117_69_66,r_47_115_48,seq66,r_117_69_66,0.92,1,67,66,29
30,r_5_38_171,seq12,r_50_4_75,r_50_4_75,1.0,0,75,75,29
47,r_91_106_37,r_99_87_3,seq107,r_91_106_37,0.78,0,37,37,29
9,r_2_21_168,r_118_1_19,r_70_24_123,r_70_24_123,0.93,45,168,123,29
16,r_60_36_53,r_61_95_61,r_22_34_31,r_60_36_53,1.0,1,54,53,29
6,r_79_102_52,r_70_24_123,seq97,r_79_102_52,1.0,0,52,52,29
14,r_40_114_152,seq41,r_47_115_48,r_47_115_48,0.68,104,152,48,29
61,seq149,r_145_0_174,r_13_148_12,r_13_148_12,0.98,2,14,12,29
37,r_16_127_127,r_27_96_165,seq128,r_16_127_127,0.95,0,127,127,29
21,r_104_144_153,r_63_103_10,r_13_148_12,r_104_144_153,1.0,0,153,153,29
13,r_58_147_123,r_70_24_123,r_13_148_12,r_58_147_123,0.99,0,123,123,29
45,r_3_113_27,r_2_21_168,seq112,r_3_113_27,1.0,0,27,27,29
21,r_104_144_153,r_105_142_98,r_63_103_10,r_105_142_98,0.76,0,98,98,29
5,r_120_20_142,seq121,r_70_24_123,r_120_20_142,0.63,0,142,142,29
46,r_27_96_165,seq28,seq97,r_27_96_165,0.63,0,165,165,29
42,r_61_95_61,seq62,seq94,r_61_95_61,1.0,0,61,61,29
89,seq107,r_104_144_153,r_63_103_10,r_63_103_10,0.97,5,15,10,29
12,r_55_146_27,r_135_123_136,r_13_148_12,r_135_123_136,1.0,-14,122,136,29
19,r_137_54_96,seq138,seq56,r_137_54_96,1.0,1,97,96,29
22,r_22_34_31,r_23_14_73,r_46_15_40,r_23_14_73,0.87,-42,31,73,29
22,r_22_34_31,r_60_36_53,r_70_24_123,r_70_24_123,1.0,8,131,123,29
55,seq138,seq149,r_101_136_162,r_101_136_162,0.78,0,162,162,29
39,r_51_126_177,r_52_30_123,seq56,r_52_30_123,0.64,0,123,123,29
12,r_55_146_27,seq56,seq149,r_55_146_27,1.0,0,27,27,29
22,r_22_34_31,r_46_15_40,r_60_36_53,r_60_36_53,1.0,4,57,53,29
3,r_46_15_40,seq48,r_23_14_73,r_46_15_40,0.55,39,79,40,29
10,r_76_85_104,seq77,r_10_86_52,r_76_85_104,0.99,0,104,104,29
34,r_145_0_174,seq149,r_118_1_19,r_145_0_174,0.9,0,174,174,29
26,r_83_81_153,seq82,seq77,r_83_81_153,0.78,0,153,153,29
8,r_63_103_10,r_104_144_153,r_3_113_27,r_63_103_10,0.95,143,153,10,29
27,r_10_86_52,r_57_8_2,seq84,r_10_86_52,1.0,0,52,52,29
9,r_2_21_168,r_3_113_27,r_118_1_19,r_2_21_168,0.95,-143,25,168,29
78,seq74,r_75_9_117,seq78,r_75_9_117,1.0,1,118,117,29
63,seq28,r_27_96_165,r_68_29_135,r_68_29_135,0.92,30,165,135,29
73,seq62,r_61_95_61,seq73,r_61_95_61,1.0,0,61,61,29
11,r_44_19_88,r_35_45_37,r_143_25_55,r_143_25_55,1.0,33,88,55,29
7,r_116_93_52,r_117_69_66,r_63_103_10,r_117_69_66,0.67,-14,52,66,29
20,r_92_134_184,seq98,r_63_103_10,r_63_103_10,0.7,81,91,10,29
13,r_58_147_123,r_59_90_71,r_70_24_123,r_59_90_71,0.99,0,71,71,29
15,r_119_80_120,r_120_20_142,seq78,r_119_80_120,0.9,1,121,120,29
12,r_55_146_27,seq149,r_135_123_136,r_55_146_27,0.45,72,99,27,29
34,r_145_0_174,seq133,seq149,r_145_0_174,0.49,-31,143,174,29
62,seq26,r_27_96_165,r_68_29_135,r_68_29_135,0.91,3,138,135,29
85,seq94,r_104_144_153,r_61_95_61,r_61_95_61,1.0,21,82,61,29
29,r_118_1_19,r_117_69_66,r_2_21_168,r_118_1_19,1.0,0,19,19,29
35,r_13_148_12,r_57_8_2,seq149,r_13_148_12,0.98,0,12,12,29
2,r_75_9_117,seq74,seq6,r_75_9_117,1.0,1,118,117,29
40,r_50_4_75,r_51_126_177,r_5_38_171,r_50_4_75,0.99,0,75,75,29
18,r_57_8_2,seq6,r_72_7_82,r_72_7_82,1.0,0,82,82,29
24,r_68_29_135,seq71,seq28,r_68_29_135,0.62,0,135,135,29
8,r_63_103_10,r_70_24_123,r_104_144_153,r_63_103_10,1.0,0,10,10,29
25,r_52_30_123,r_51_126_177,seq28,r_52_30_123,1.0,0,123,123,29
43,r_47_115_48,seq124,r_40_114_152,r_40_114_152,0.9,2,154,152,29
33,r_72_7_82,seq77,r_57_8_2,r_72_7_82,1.0,0,82,82,29
20,r_92_134_184,r_63_103_10,r_104_144_153,r_104_144_153,0.73,40,193,153,29
38,r_101_136_162,seq98,seq138,r_101_136_162,0.77,0,162,162,29
34,r_145_0_174,seq149,seq133,r_145_0_174,0.34,-80,94,174,29
0,r_53_130_13,r_51_126_177,seq131,r_53_130_13,0.5,1,14,13,29
39,r_51_126_177,seq56,seq125,r_51_126_177,0.86,-44,133,177,29
81,seq82,r_83_81_153,r_63_103_10,r_83_81_153,0.53,0,153,153,29
28,r_135_123_136,seq138,seq124,r_135_123_136,0.91,0,136,136,29
41,r_139_129_58,r_137_54_96,seq131,r_139_129_58,0.99,0,58,58,29
39,r_51_126_177,r_50_4_75,r_52_30_123,r_50_4_75,1.0,-49,26,75,29
44,r_59_90_71,r_58_147_123,seq89,r_59_90_71,1.0,0,71,71,29
32,r_143_25_55,seq140,seq18,r_143_25_55,1.0,1,56,55,29
82,seq84,seq88,r_10_86_52,r_10_86_52,1.0,30,82,52,29
43,r_47_115_48,r_46_15_40,seq124,r_47_115_48,1.0,0,48,48,29
36,r_117_69_66,r_116_93_52,r_47_115_48,r_47_115_48,0.68,0,48,48,29
14,r_8_123_29,r_6_116_132,r_127_124_61,r_8_123_29,0.95,0,29,29,30
30,r_17_47_120,r_14_11_116,seq45,r_17_47_120,0.93,-1,119,120,30
36,r_29_136_90,seq28,r_96_137_31,r_29_136_90,1.0,0,90,90,30
46,r_70_130_22,r_69_94_184,r_128_16_185,r_70_130_22,0.95,0,22,22,30
8,r_43_86_125,seq45,seq87,r_43_86_125,0.98,0,125,125,30
43,r_114_31_84,seq115,r_0_33_12,r_114_31_84,1.0,0,84,84,30
48,r_7_36_33,r_6_116_132,seq37,r_7_36_33,0.56,0,33,33,30
71,seq50,r_48_57_176,r_88_49_137,r_88_49_137,0.93,0,137,137,30
97,seq115,seq113,r_6_116_132,r_6_116_132,1.0,13,145,132,30
42,r_64_132_178,seq63,seq133,r_64_132_178,0.58,0,178,178,30
21,r_9_112_45,r_10_42_54,seq113,r_9_112_45,0.99,0,45,45,30
19,r_84_122_102,r_82_19_158,r_8_123_29,r_84_122_102,1.0,0,102,102,30
44,r_75_15_34,seq74,seq18,r_75_15_34,1.0,0,34,34,30
31,r_126_139_99,r_129_135_129,seq140,r_126_139_99,0.35,0,99,99,30
41,r_147_85_192,seq149,r_43_86_125,r_147_85_192,0.5,0,192,192,30
35,r_121_60_52,r_117_148_105,r_59_58_102,r_121_60_52,1.0,0,52,52,30
3,r_72_12_204,seq74,r_80_73_102,r_72_12_204,0.25,-102,102,204,30
10,r_82_19_158,r_81_93_166,seq18,r_82_19_158,0.73,1,159,158,30
47,r_0_33_12,r_4_65_76,seq37,r_0_33_12,0.82,0,12,12,30
26,r_95_1_68,seq97,seq2,r_95_1_68,1.0,0,68,68,30
11,r_59_58_102,r_61_92_94,r_121_60_52,r_59_58_102,1.0,-48,54,102,30
78,seq67,r_66_108_183,r_4_65_76,r_4_65_76,1.0,108,184,76,30
27,r_39_30_154,r_88_49_137,r_79_32_41,r_79_32_41,0.62,140,181,41,30
20,r_110_78_109,seq111,r_83_131_213,r_110_78_109,1.0,1,110,109,30
13,r_80_73_102,r_82_19_158,r_72_12_204,r_82_19_158,0.97,-56,102,158,30
46,r_70_130_22,r_128_16_185,r_5_120_50,r_70_130_22,0.6,139,161,22,30
4,r_51_144_168,r_26_52_23,r_143_146_150,r_51_144_168,0.68,0,168,168,30
13,r_80_73_102,r_72_12_204,r_59_58_102,r_72_12_204,0.49,0,204,204,30
6,r_6_116_132,r_14_11_116,seq115,r_6_116_132,0.99,0,132,132,30
5,r_26_52_23,r_51_144_168,seq53,r_51_144_168,1.0,0,168,168,30
27,r_39_30_154,r_40_99_152,r_88_49_137,r_39_30_154,0.81,0,154,154,30
87,seq100,seq97,r_40_99_152,r_40_99_152,1.0,54,206,152,30
2,r_4_65_76,seq2,seq67,r_4_65_76,1.0,0,76,76,30
4,r_51_144_168,seq53,r_26_52_23,r_26_52_23,1.0,1,24,23,30
18,r_48_57_176,seq53,seq56,r_48_57_176,0.84,0,176,176,30
29,r_23_3_142,seq22,r_95_1_68,r_23_3_142,0.82,0,142,142,30
24,r_40_99_152,r_39_30_154,seq100,r_40_99_152,0.92,0,152,152,30
25,r_117_148_105,seq118,seq149,r_117_148_105,0.59,0,105,105,30
33,r_69_94_184,seq71,r_61_92_94,r_61_92_94,0.71,87,181,94,30
5,r_26_52_23,r_6_116_132,r_51_144_168,r_26_52_23,0.93,0,23,23,30
32,r_88_49_137,seq87,seq50,r_88_49_137,0.98,0,137,137,30
40,r_79_32_41,r_82_19_158,seq37,r_79_32_41,0.88,0,41,41,30
38,r_128_16_185,r_127_124_61,r_14_11_116,r_14_11_116,0.48,71,187,116,30
16,r_10_42_54,r_14_11_116,seq45,r_10_42_54,0.97,0,54,54,30
34,r_129_135_129,r_128_16_185,seq138,r_128_16_185,0.88,-56,129,185,30
15,r_96_137_31,seq97,seq138,r_96_137_31,0.98,0,31,31,30
75,seq56,seq55,r_48_57_176,r_48_57_176,1.0,27,203,176,30
28,r_5_120_50,r_4_65_76,seq118,r_5_120_50,1.0,0,50,50,30
45,r_76_119_52,seq77,r_5_120_50,r_76_119_52,1.0,0,52,52,30
17,r_61_92_94,r_59_58_102,seq97,r_61_92_94,0.97,1,95,94,30
9,r_89_102_91,seq90,seq103,r_89_102_91,0.51,2,93,91,30
91,seq105,seq106,r_89_102_91,r_89_102_91,1.0,118,209,91,30
49,r_83_131_213,r_82_19_158,r_110_78_109,r_83_131_213,0.95,-65,148,213,30
98,seq118,r_117_148_105,r_5_120_50,r_5_120_50,1.0,0,50,50,30
17,r_61_92_94,seq97,r_81_93_166,r_81_93_166,1.0,3,169,166,30
79,seq71,r_69_94_184,r_142_68_3,r_69_94_184,0.68,0,184,184,30
93,seq105,r_103_142_125,seq109,r_103_142_125,1.0,1,126,125,31
30,r_121_97_159,seq116,seq95,r_121_97_159,0.78,0,159,159,31
36,r_0_69_73,r_13_3_179,r_92_70_72,r_0_69_73,1.0,0,73,73,31
48,r_56_26_31,seq55,seq28,r_56_26_31,0.9,0,31,31,31
36,r_0_69_73,r_92_70_72,r_110_76_95,r_110_76_95,0.96,23,118,95,31
8,r_12_75_63,r_10_125_130,seq71,r_12_75_63,1.0,0,63,63,31
43,r_146_144_163,seq145,r_107_141_38,r_107_141_38,1.0,125,163,38,31
3,r_123_99_26,seq136,seq98,r_123_99_26,1.0,0,26,26,31
54,seq134,seq137,r_16_135_131,r_16_135_131,0.99,1,132,131,31
59,seq14,r_13_3_179,r_74_15_153,r_74_15_153,0.98,9,162,153,31
88,seq85,seq96,r_51_86_86,r_51_86_86,0.43,54,140,86,31
16,r_91_48_133,r_92_70_72,r_114_93_40,r_91_48_133,0.55,-61,72,133,31
42,r_45_126_187,r_41_53_84,r_133_46_6,r_133_46_6,0.86,24,30,6,31
21,r_16_135_131,r_20_18_168,seq134,r_16_135_131,0.88,0,131,131,31
1,r_133_46_6,r_45_126_187,r_129_43_77,r_129_43_77,1.0,79,156,77,31
5,r_111_132_83,seq113,seq137,r_111_132_83,0.92,0,83,83,31
46,r_42_90_96,r_41_53_84,r_114_93_40,r_42_90_96,0.8,0,96,96,31
42,r_45_126_187,r_31_44_132,r_10_125_130,r_45_126_187,0.89,0,187,187,31
19,r_79_122_192,r_100_78_8,r_52_124_155,r_52_124_155,0.96,41,196,155,31
24,r_11_61_38,seq55,r_104_59_93,r_104_59_93,0.8,3,96,93,31
27,r_115_138_129,seq113,seq139,r_115_138_129,0.9,0,129,129,31
94,seq109,seq105,r_73_108_174,r_73_108_174,0.49,2,176,174,31
95,seq113,r_111_132_83,r_121_97_159,r_111_132_83,0.99,0,83,83,31
31,r_33_72_93,r_31_44_132,seq71,r_33_72_93,0.99,0,93,93,31
41,r_31_44_132,seq32,r_45_126_187,r_31_44_132,0.72,0,132,132,31
89,seq89,r_87_119_184,r_51_86_86,r_51_86_86,0.8,61,147,86,31
26,r_64_131_104,seq62,seq130,r_64_131_104,0.92,0,104,104,31
72,seq37,r_36_112_145,seq32,r_36_112_145,1.0,1,146,145,31
16,r_91_48_133,r_114_93_40,r_102_49_43,r_91_48_133,1.0,0,133,133,31
0,r_60_35_23,seq66,seq28,r_60_35_23,0.98,0,23,23,31
73,seq38,r_31_44_132,seq23,r_31_44_132,0.9,-30,102,132,31
11,r_24_34_110,seq23,r_60_35_23,r_24_34_110,0.79,0,110,110,31
20,r_92_70_72,r_91_48_133,r_12_75_63,r_92_70_72,0.6,1,73,72,31
13,r_129_43_77,seq128,r_133_46_6,r_129_43_77,1.0,1,78,77,31
29,r_102_49_43,r_94_19_166,r_133_46_6,r_102_49_43,0.99,0,43,43,31
7,r_101_25_29,r_91_48_133,seq23,r_101_25_29,0.96,0,29,29,31
24,r_11_61_38,r_12_75_63,seq55,r_11_61_38,0.8,0,38,38,31
22,r_114_93_40,r_91_48_133,r_42_90_96,r_114_93_40,0.91,93,133,40,31
2,r_36_112_145,seq37,seq113,r_36_112_145,0.76,0,145,145,31
47,r_52_124_155,r_41_53_84,r_10_125_130,r_52_124_155,0.81,0,155,155,31
40,r_94_19_166,seq95,r_88_17_6,r_94_19_166,0.6,0,166,166,31
74,seq50,r_41_53_84,r_102_49_43,r_102_49_43,1.0,33,76,43,31
18,r_10_125_130,r_12_75_63,seq14,r_12_75_63,1.0,-1,62,63,31
14,r_110_76_95,seq116,r_47_83_74,r_110_76_95,0.89,-6,89,95,31
33,r_20_18_168,r_88_17_6,r_94_19_166,r_94_19_166,0.86,2,168,166,31
10,r_106_40_145,r_88_17_6,r_101_25_29,r_106_40_145,0.55,24,169,145,31
14,r_110_76_95,r_106_40_145,seq143,r_106_40_145,0.49,-119,26,145,31
22,r_114_93_40,r_115_138_129,r_91_48_133,r_114_93_40,1.0,0,40,40,31
65,seq23,r_24_34_110,r_101_25_29,r_101_25_29,0.85,80,109,29,31
18,r_10_125_130,seq136,r_52_124_155,r_52_124_155,0.7,12,167,155,31
14,r_110_76_95,seq143,seq116,r_110_76_95,0.37,-32,63,95,31
42,r_45_126_187,r_133_46_6,r_31_44_132,r_31_44_132,0.98,3,135,132,31
38,r_41_53_84,r_52_124_155,seq55,r_52_124_155,1.0,0,155,155,31
34,r_104_59_93,r_103_142_125,r_11_61_38,r_104_59_93,0.98,0,93,93,31
6,r_120_63_50,r_121_97_159,seq62,r_120_63_50,1.0,1,51,50,31
60,seq143,seq139,r_107_141_38,r_107_141_38,1.0,62,100,38,31
28,r_87_119_184,r_51_86_86,seq116,r_87_119_184,0.66,0,184,184,31
17,r_8_68_179,seq4,r_0_69_73,r_0_69_73,1.0,106,179,73,31
27,r_115_138_129,r_114_93_40,seq113,r_114_93_40,1.0,0,40,40,31
94,seq109,r_106_40_145,seq105,r_106_40_145,0.65,0,145,145,31
9,r_47_83_74,r_45_126_187,seq80,r_47_83_74,0.94,0,74,74,31
29,r_102_49_43,r_133_46_6,r_91_48_133,r_91_48_133,0.99,2,135,133,31
44,r_39_54_50,seq38,seq55,r_39_54_50,0.98,0,50,50,31
28,r_87_119_184,seq89,r_51_86_86,r_51_86_86,1.0,58,144,86,31
49,r_74_15_153,seq71,seq14,r_74_15_153,0.88,0,153,153,31
56,seq9,r_8_68_179,seq4,r_8_68_179,0.94,-79,100,179,31
18,r_10_125_130,seq14,seq136,r_10_125_130,0.94,0,130,130,31
23,r_51_86_86,r_41_53_84,r_87_119_184,r_51_86_86,0.88,0,86,86,31
32,r_140_7_21,seq136,seq4,r_140_7_21,1.0,0,21,21,31
82,seq71,r_73_108_174,r_33_72_93,r_33_72_93,0.94,11,104,93,31
12,r_107_141_38,seq109,seq145,r_107_141_38,0.73,0,38,38,31
36,r_0_69_73,r_110_76_95,r_8_68_179,r_8_68_179,0.97,12,191,179,31
88,seq85,r_103_142_125,seq96,r_103_142_125,0.99,-14,111,125,31
23,r_51_86_86,r_87_119_184,r_114_93_40,r_87_119_184,0.77,0,184,184,31
93,seq109,seq110,r_6_107_28,r_6_107_28,0.77,157,185,28,32
44,r_8_149_104,r_147_41_167,seq145,r_147_41_167,1.0,0,167,167,32
51,seq129,r_130_61_197,r_11_134_47,r_11_134_47,1.0,144,191,47,32
9,r_140_124_123,r_128_141_44,r_12_123_41,r_140_124_123,0.98,0,123,123,32
14,r_132_47_120,r_130_61_197,r_70_44_34,r_132_47_120,1.0,0,120,120,32
8,r_10_98_109,r_16_13_125,seq97,r_10_98_109,0.83,0,109,109,32
43,r_101_118_60,seq100,seq117,r_101_118_60,0.91,0,60,60,32
37,r_114_3_73,seq117,seq1,r_114_3_73,1.0,1,74,73,32
19,r_11_134_47,r_133_90_107,r_91_137_28,r_133_90_107,1.0,1,108,107,32
21,r_23_139_90,r_22_112_103,r_91_137_28,r_91_137_28,0.85,62,90,28,32
25,r_108_103_40,seq110,seq104,r_108_103_40,0.71,0,40,40,32
1,r_2_79_154,seq1,r_42_81_19,r_2_79_154,0.71,0,154,154,32
5,r_127_102_138,seq126,r_108_103_40,r_127_102_138,0.61,0,138,138,32
46,r_148_86_118,r_147_41_167,seq87,r_148_86_118,0.95,0,118,118,32
18,r_6_107_28,r_7_76_45,seq104,r_6_107_28,0.6,1,29,28,32
45,r_142_9_102,r_140_124_123,r_25_18_166,r_142_9_102,0.98,0,102,102,32
32,r_70_44_34,seq72,seq40,r_70_44_34,1.0,0,34,34,32
33,r_133_90_107,r_138_14_111,r_11_134_47,r_11_134_47,1.0,8,55,47,32
15,r_28_20_21,seq26,seq19,r_28_20_21,1.0,0,21,21,32
2,r_59_38_44,r_58_121_59,r_37_105_172,r_58_121_59,0.92,-10,49,59,32
22,r_42_81_19,r_37_105_172,seq82,r_42_81_19,0.94,0,19,19,32
27,r_7_76_45,r_8_149_104,seq85,r_7_76_45,0.57,0,45,45,32
41,r_29_106_147,seq30,r_6_107_28,r_29_106_147,0.85,1,148,147,32
36,r_24_65_53,r_25_18_166,seq66,r_24_65_53,1.0,0,53,53,32
38,r_89_111_68,r_91_137_28,seq92,r_89_111_68,0.54,-42,26,68,32
26,r_146_144_168,seq145,r_8_149_104,r_8_149_104,0.85,69,173,104,32
16,r_88_51_7,r_52_0_64,seq49,r_52_0_64,1.0,0,64,64,32
4,r_68_116_116,seq72,r_101_118_60,r_68_116_116,0.85,-8,108,116,32
0,r_5_71_87,r_4_136_90,seq72,r_5_71_87,0.87,0,87,87,32
11,r_56_119_158,seq57,r_58_121_59,r_58_121_59,0.66,101,160,59,32
23,r_12_123_41,r_10_98_109,seq117,r_12_123_41,0.97,0,41,41,32
20,r_52_0_64,r_48_78_102,seq1,r_52_0_64,0.99,0,64,64,32
48,r_135_62_109,r_138_14_111,r_4_136_90,r_4_136_90,0.78,0,90,90,32
6,r_22_112_103,r_25_18_166,r_89_111_68,r_22_112_103,1.0,0,103,103,32
7,r_147_41_167,r_8_149_104,r_70_44_34,r_147_41_167,1.0,0,167,167,32
2,r_59_38_44,r_37_105_172,r_147_41_167,r_59_38_44,0.74,128,172,44,32
33,r_133_90_107,r_11_134_47,seq94,r_133_90_107,0.97,2,109,107,32
10,r_138_14_111,r_91_137_28,r_83_15_55,r_138_14_111,1.0,0,111,111,32
19,r_11_134_47,r_16_13_125,r_133_90_107,r_11_134_47,1.0,1,48,47,32
30,r_125_143_137,r_12_123_41,r_4_136_90,r_125_143_137,0.49,-1,136,137,32
34,r_128_141_44,r_132_47_120,r_140_124_123,r_128_141_44,0.31,0,44,44,32
3,r_58_121_59,r_59_38_44,r_46_60_13,r_59_38_44,0.81,1,45,44,32
10,r_138_14_111,r_135_62_109,r_91_137_28,r_91_137_28,0.7,13,41,28,32
29,r_99_63_130,seq97,r_135_62_109,r_99_63_130,0.63,0,130,130,32
24,r_48_78_102,r_80_77_164,r_7_76_45,r_48_78_102,0.38,47,149,102,32
24,r_48_78_102,seq49,r_80_77_164,r_48_78_102,0.94,0,102,102,32
34,r_128_141_44,r_140_124_123,r_91_137_28,r_140_124_123,0.91,0,123,123,32
35,r_91_137_28,r_138_14_111,r_23_139_90,r_91_137_28,1.0,83,111,28,32
80,seq82,r_80_77_164,r_42_81_19,r_42_81_19,1.0,1,20,19,32
50,seq1,r_2_79_154,r_52_0_64,r_52_0_64,1.0,90,154,64,32
35,r_91_137_28,r_89_111_68,r_138_14_111,r_91_137_28,0.9,1,29,28,32
47,r_83_15_55,seq84,r_16_13_125,r_83_15_55,0.76,0,55,55,32
48,r_135_62_109,r_4_136_90,r_46_60_13,r_135_62_109,0.71,0,109,109,32
30,r_125_143_137,seq117,r_12_123_41,r_12_123_41,0.95,7,48,41,32
17,r_4_136_90,r_5_71_87,r_135_62_109,r_4_136_90,0.6,-3,87,90,32
94,seq110,seq109,r_89_111_68,r_89_111_68,1.0,19,87,68,32
9,r_140_124_123,r_142_9_102,r_128_141_44,r_142_9_102,0.74,-39,63,102,32
96,seq117,seq115,r_101_118_60,r_101_118_60,0.84,4,64,60,32
3,r_58_121_59,r_46_60_13,seq122,r_58_121_59,0.98,0,59,59,32
31,r_37_105_172,r_59_38_44,seq104,r_59_38_44,0.62,128,172,44,32
31,r_37_105_172,seq39,r_59_38_44,r_59_38_44,0.87,7,51,44,32
17,r_4_136_90,r_135_62_109,r_91_137_28,r_4_136_90,0.73,19,109,90,32
28,r_131_113_144,r_130_61_197,seq115,r_131_113_144,0.6,0,144,144,32
91,seq145,r_146_144_168,r_8_149_104,r_8_149_104,0.91,64,168,104,32
7,r_147_41_167,r_148_86_118,r_8_149_104,r_147_41_167,0.82,-49,118,167,32
44,r_8_149_104,r_10_98_109,r_147_41_167,r_8_149_104,0.81,0,104,104,32
42,r_46_60_13,r_58_121_59,seq53,r_58_121_59,0.9,0,59,59,32
75,seq69,r_68_116_116,seq67,r_68_116_116,1.0,-40,76,116,32
38,r_89_111_68,seq110,r_22_112_103,r_22_112_103,1.0,0,103,103,32
12,r_80_77_164,seq82,r_7_76_45,r_7_76_45,1.0,125,170,45,32
42,r_46_60_13,seq53,r_135_62_109,r_135_62_109,0.71,1,110,109,32
23,r_12_123_41,seq117,r_140_124_123,r_140_124_123,0.96,8,131,123,32
93,seq100,seq96,r_22_101_88,r_22_101_88,1.0,51,139,88,33
30,r_127_66_72,seq126,seq70,r_127_66_72,1.0,1,73,72,33
36,r_51_7_99,r_52_24_145,seq8,r_51_7_99,0.5,1,100,99,33
43,r_38_15_141,seq37,seq16,r_38_15_141,0.92,0,141,141,33
54,seq8,seq3,r_51_7_99,r_51_7_99,1.0,10,109,99,33
37,r_29_64_116,r_30_62_98,r_61_28_60,r_61_28_60,0.85,26,86,60,33
19,r_1_118_169,r_81_2_51,r_145_115_3,r_1_118_169,0.32,0,169,169,33
21,r_145_115_3,r_116_133_184,r_1_118_169,r_1_118_169,0.69,15,184,169,33
39,r_50_90_218,r_52_24_145,r_143_56_114,r_50_90_218,0.75,-75,143,218,33
37,r_29_64_116,r_61_28_60,r_30_62_98,r_29_64_116,0.69,0,116,116,33
1,r_61_28_60,seq57,r_134_27_44,r_61_28_60,1.0,0,60,60,33
5,r_67_130_80,seq70,r_131_107_129,r_67_130_80,0.98,0,80,80,33
46,r_92_68_94,r_91_122_155,seq70,r_92_68_94,0.82,0,94,94,33
80,seq73,r_72_48_103,seq71,r_72_48_103,1.0,0,103,103,33
7,r_91_122_155,r_69_93_61,r_137_120_58,r_91_122_155,0.93,0,155,155,33
74,seq53,seq65,r_143_56_114,r_143_56_114,0.68,10,124,114,33
45,r_108_147_167,seq109,r_25_140_40,r_108_147_167,0.67,1,168,167,33
29,r_131_107_129,r_143_56_114,r_12_128_29,r_12_128_29,0.92,1,30,29,33
89,seq95,r_94_32_129,seq97,r_94_32_129,1.0,0,129,129,33
3,r_43_60_56,seq44,seq59,r_43_60_56,0.98,0,56,56,33
5,r_67_130_80,r_131_107_129,r_111_129_122,r_67_130_80,0.82,52,132,80,33
47,r_0_139_18,r_1_118_169,r_104_141_10,r_0_139_18,0.92,0,18,18,33
26,r_94_32_129,seq95,seq33,r_94_32_129,0.88,0,129,129,33
95,seq105,seq102,r_75_103_58,r_75_103_58,1.0,1,59,58,33
4,r_40_6_183,seq37,r_51_7_99,r_40_6_183,0.47,3,186,183,33
11,r_72_48_103,seq73,r_46_47_201,r_72_48_103,0.96,0,103,103,33
20,r_117_99_84,r_116_133_184,seq100,r_117_99_84,0.99,0,84,84,33
13,r_10_55_186,r_11_9_145,r_49_14_3,r_49_14_3,0.76,136,139,3,33
98,seq114,r_113_106_120,seq112,r_113_106_120,0.49,-30,90,120,33
38,r_81_2_51,seq80,r_1_118_169,r_81_2_51,0.99,0,51,51,33
15,r_39_58_137,seq37,seq59,r_39_58_137,0.91,0,137,137,33
57,seq16,r_49_14_3,r_38_15_141,r_38_15_141,0.98,23,164,141,33
19,r_1_118_169,r_0_139_18,r_81_2_51,r_1_118_169,0.87,-151,18,169,33
6,r_22_101_88,seq19,seq100,r_22_101_88,1.0,0,88,88,33
27,r_21_123_46,seq19,seq126,r_21_123_46,1.0,0,46,46,33
8,r_134_27_44,seq135,r_29_64_116,r_134_27_44,1.0,0,44,44,33
87,seq85,r_84_124_157,r_22_101_88,r_22_101_88,0.73,71,159,88,33
76,seq59,seq57,r_43_60_56,r_43_60_56,1.0,0,56,56,33
40,r_84_124_157,seq85,seq126,r_84_124_157,0.79,0,157,157,33
18,r_110_88_142,r_111_129_122,r_125_82_190,r_111_129_122,0.51,0,122,122,33
88,seq87,r_89_86_190,r_110_88_142,r_110_88_142,1.0,48,190,142,33
2,r_121_149_46,r_119_144_152,seq148,r_121_149_46,0.98,0,46,46,33
22,r_25_140_40,seq26,r_104_141_10,r_25_140_40,0.99,0,40,40,33
25,r_137_120_58,seq136,seq112,r_137_120_58,1.0,0,58,58,33
42,r_12_128_29,r_131_107_129,r_67_130_80,r_12_128_29,0.73,100,129,29,33
61,seq148,seq146,r_25_140_40,r_25_140_40,1.0,52,92,40,33
32,r_143_56_114,seq146,seq53,r_143_56_114,0.98,0,114,114,33
13,r_10_55_186,r_49_14_3,r_143_56_114,r_10_55_186,0.98,1,187,186,33
8,r_134_27_44,r_29_64_116,seq26,r_29_64_116,1.0,-31,85,116,33
81,seq76,r_74_23_149,r_89_86_190,r_74_23_149,0.62,0,149,149,33
17,r_119_144_152,seq112,seq142,r_119_144_152,0.45,0,152,152,33
9,r_11_9_145,r_10_55_186,seq19,r_10_55_186,0.65,-43,143,186,33
29,r_131_107_129,r_12_128_29,r_67_130_80,r_67_130_80,0.97,14,94,80,33
28,r_111_129_122,r_110_88_142,r_67_130_80,r_111_129_122,0.99,0,122,122,33
49,r_69_93_61,r_67_130_80,seq96,r_69_93_61,0.48,0,61,61,33
24,r_75_103_58,seq76,seq105,r_75_103_58,1.0,0,58,58,33
7,r_91_122_155,r_92_68_94,r_69_93_61,r_91_122_155,0.77,-93,62,155,33
44,r_113_106_120,seq114,r_131_107_129,r_131_107_129,1.0,0,129,129,33
42,r_12_128_29,r_11_9_145,r_131_107_129,r_12_128_29,1.0,0,29,29,33
12,r_63_34_100,seq65,seq35,r_63_34_100,1.0,0,100,100,33
29,r_131_107_129,r_67_130_80,r_113_106_120,r_131_107_129,0.98,0,129,129,33
55,seq13,seq4,r_38_15_141,r_38_15_141,0.95,1,142,141,33
40,r_85_110_171,r_131_84_90,r_82_104_162,r_131_84_90,1.0,81,171,90,34
44,r_148_126_174,r_86_149_42,r_2_125_176,r_148_126_174,0.27,1,175,174,34
0,r_42_55_66,r_59_43_117,r_145_54_75,r_42_55_66,0.92,11,77,66,34
36,r_5_25_132,r_142_7_2,seq23,r_5_25_132,0.72,0,132,132,34
9,r_81_143_69,r_148_126_174,r_97_141_107,r_97_141_107,1.0,42,149,107,34
28,r_83_114_15,r_82_104_162,seq112,r_83_114_15,1.0,0,15,15,34
92,seq108,r_107_44_29,seq102,r_107_44_29,1.0,0,29,29,34
14,r_131_84_90,r_130_38_186,r_85_110_171,r_131_84_90,0.98,1,91,90,34
37,r_97_141_107,r_96_31_109,r_81_143_69,r_96_31_109,0.98,-2,107,109,34
3,r_86_149_42,r_148_126_174,r_121_147_173,r_86_149_42,0.28,133,175,42,34
16,r_47_103_66,seq48,r_91_105_42,r_47_103_66,0.98,0,66,66,34
39,r_58_136_84,r_59_43_117,r_17_133_79,r_58_136_84,1.0,1,85,84,34
1,r_2_125_176,seq0,r_140_128_157,r_2_125_176,0.18,0,176,176,34
69,seq32,seq34,r_96_31_109,r_96_31_109,1.0,26,135,109,34
8,r_40_6_54,r_42_55_66,r_142_7_2,r_40_6_54,1.0,0,54,54,34
15,r_61_76_9,r_74_68_79,r_73_78_129,r_74_68_79,0.89,0,79,79,34
33,r_73_78_129,r_61_76_9,r_87_79_107,r_73_78_129,0.99,-2,127,129,34
27,r_120_99_33,seq98,r_116_100_39,r_116_100_39,0.95,11,50,39,34
31,r_57_22_121,r_56_39_160,r_27_19_7,r_57_22_121,0.43,0,121,121,34
41,r_145_54_75,seq146,r_42_55_66,r_145_54_75,1.0,0,75,75,34
25,r_62_35_142,r_96_31_109,seq37,r_96_31_109,0.98,45,154,109,34
10,r_59_43_117,r_57_22_121,r_50_41_17,r_59_43_117,0.7,0,117,117,34
26,r_140_128_157,seq139,seq124,r_140_128_157,0.57,0,157,157,34
72,seq37,r_36_1_161,r_62_35_142,r_62_35_142,0.98,14,156,142,34
14,r_131_84_90,r_85_110_171,r_87_79_107,r_85_110_171,0.62,-3,168,171,34
4,r_82_104_162,r_85_110_171,r_47_103_66,r_47_103_66,0.66,96,162,66,34
49,r_74_68_79,r_61_76_9,seq66,r_74_68_79,1.0,0,79,79,34
89,seq98,seq102,r_120_99_33,r_120_99_33,1.0,3,36,33,34
0,r_42_55_66,seq34,r_59_43_117,r_42_55_66,0.78,0,66,66,34
15,r_61_76_9,r_73_78_129,r_135_75_111,r_61_76_9,0.99,102,111,9,34
20,r_135_75_111,seq134,r_61_76_9,r_135_75_111,1.0,1,112,111,34
7,r_50_41_17,r_40_6_54,seq34,r_40_6_54,1.0,-1,53,54,34
13,r_15_64_61,seq14,seq66,r_15_64_61,1.0,0,61,61,34
48,r_121_147_173,seq123,r_86_149_42,r_86_149_42,0.95,137,179,42,34
6,r_46_111_145,seq48,seq112,r_46_111_145,0.95,0,145,145,34
45,r_116_100_39,r_115_9_96,r_120_99_33,r_115_9_96,1.0,-56,40,96,34
27,r_120_99_33,seq118,seq98,r_120_99_33,0.98,0,33,33,34
30,r_107_44_29,seq108,seq45,r_107_44_29,1.0,0,29,29,34
19,r_91_105_42,r_89_18_56,seq106,r_91_105_42,1.0,0,42,42,34
94,seq112,r_115_9_96,r_83_114_15,r_83_114_15,0.53,4,19,15,34
34,r_88_101_49,r_85_110_171,seq102,r_88_101_49,0.76,0,49,49,34
40,r_85_110_171,r_82_104_162,r_131_84_90,r_131_84_90,0.99,7,97,90,34
74,seq48,r_46_111_145,seq45,r_46_111_145,1.0,0,145,145,34
47,r_89_18_56,seq93,r_27_19_7,r_89_18_56,1.0,0,56,56,34
18,r_115_9_96,seq117,seq8,r_115_9_96,0.98,0,96,96,34
29,r_17_133_79,seq20,seq134,r_17_133_79,1.0,0,79,79,34
24,r_56_39_160,r_57_22_121,r_42_55_66,r_42_55_66,0.94,56,122,66,34
25,r_62_35_142,r_71_65_130,r_96_31_109,r_96_31_109,0.79,33,142,109,34
33,r_73_78_129,r_74_68_79,r_61_76_9,r_74_68_79,0.96,-15,64,79,34
50,seq0,r_2_125_176,r_36_1_161,r_2_125_176,0.19,0,176,176,34
58,seq139,r_140_128_157,r_97_141_107,r_97_141_107,1.0,53,160,107,34
7,r_50_41_17,seq51,r_40_6_54,r_50_41_17,0.95,0,17,17,34
61,seq14,r_15_64_61,seq16,r_15_64_61,1.0,0,61,61,34
7,r_50_41_17,seq34,r_59_43_117,r_59_43_117,0.97,8,125,117,34
32,r_122_21_124,seq123,r_57_22_121,r_122_21_124,0.99,0,124,124,34
49,r_74_68_79,r_73_78_129,r_61_76_9,r_61_76_9,0.64,12,21,9,34
96,seq118,r_120_99_33,r_11_119_4,r_120_99_33,0.98,0,33,33,34
3,r_86_149_42,r_87_79_107,r_148_126_174,r_86_149_42,1.0,-1,41,42,34
2,r_70_90_52,seq66,seq92,r_70_90_52,1.0,0,52,52,34
17,r_80_63_152,r_81_143_69,r_82_104_162,r_81_143_69,1.0,0,69,69,34
38,r_77_113_59,r_85_110_171,r_83_114_15,r_77_113_59,0.97,0,59,59,34
9,r_81_143_69,r_80_63_152,r_148_126_174,r_81_143_69,1.0,0,69,69,34
90,seq102,seq106,r_88_101_49,r_88_101_49,1.0,17,66,49,34
22,r_28_144_169,seq24,r_81_143_69,r_81_143_69,0.41,104,173,69,34
91,seq106,seq102,r_91_105_42,r_91_105_42,1.0,19,61,42,34
5,r_142_7_2,r_5_25_132,r_40_6_54,r_40_6_54,0.47,4,58,54,34
44,r_148_126_174,r_140_128_157,r_86_149_42,r_86_149_42,1.0,2,44,42,34
0,r_42_55_66,r_40_6_54,seq34,r_40_6_54,0.71,-6,48,54,34
23,r_71_65_130,seq72,r_74_68_79,r_74_68_79,1.0,57,136,79,34
17,r_80_63_152,r_82_104_162,r_15_64_61,r_80_63_152,0.92,0,152,152,34
24,r_56_39_160,r_42_55_66,r_5_25_132,r_56_39_160,0.94,0,160,160,34
35,r_96_31_109,seq95,seq32,r_96_31_109,0.97,0,109,109,34
12,r_87_79_107,r_85_110_171,r_131_84_90,r_131_84_90,0.91,23,113,90,34
93,seq100,r_115_15_167,r_33_114_29,r_33_114_29,0.77,59,88,29,35
12,r_70_36_122,r_60_72_62,r_61_32_51,r_70_36_122,0.99,0,122,122,35
30,r_46_37_83,r_48_65_152,seq39,r_46_37_83,0.67,0,83,83,35
36,r_139_117_73,seq135,r_110_118_70,r_139_117_73,1.0,0,73,73,35
92,seq94,r_93_149_108,r_132_92_20,r_93_149_108,0.59,0,108,108,35
8,r_45_116_108,r_48_65_152,r_57_80_161,r_57_80_161,0.41,-76,85,161,35
17,r_25_51_63,r_11_96_155,seq50,r_25_51_63,0.73,3,66,63,35
55,seq129,r_121_123_187,r_67_130_137,r_67_130_137,0.96,0,137,137,35
49,r_95_7_55,r_98_5_151,seq8,r_95_7_55,0.9,0,55,55,35
16,r_119_17_114,r_115_15_167,r_142_20_76,r_119_17_114,0.82,0,114,114,35
21,r_85_103_78,r_136_83_8,seq102,r_85_103_78,0.91,1,79,78,35
1,r_13_68_111,seq16,seq69,r_13_68_111,0.93,0,111,111,35
5,r_93_149_108,seq94,seq146,r_93_149_108,0.98,0,108,108,35
46,r_113_47_153,r_115_15_167,seq49,r_113_47_153,0.49,0,153,153,35
42,r_101_59_138,r_115_15_167,seq62,r_101_59_138,0.75,1,139,138,35
32,r_58_6_24,seq3,r_98_5_151,r_98_5_151,0.99,21,172,151,35
69,seq39,seq41,r_64_38_50,r_64_38_50,1.0,44,94,50,35
50,seq1,seq2,r_55_0_56,r_55_0_56,1.0,2,58,56,35
15,r_24_30_48,r_25_51_63,seq29,r_24_30_48,0.82,0,48,48,35
66,seq29,seq31,r_24_30_48,r_24_30_48,0.95,40,88,48,35
7,r_90_145_51,r_91_18_184,r_144_122_95,r_90_145_51,0.97,0,51,51,35
31,r_76_87_25,seq74,seq88,r_76_87_25,0.89,0,25,25,35
45,r_33_114_29,seq29,seq111,r_33_114_29,0.99,0,29,29,35
41,r_143_105_149,seq141,r_85_103_78,r_143_105_149,0.85,0,149,149,35
3,r_11_96_155,seq12,r_132_92_20,r_11_96_155,0.85,0,155,155,35
10,r_142_20_76,r_143_105_149,r_99_22_6,r_142_20_76,0.98,0,76,76,35
18,r_132_92_20,r_124_66_49,seq94,r_132_92_20,0.72,4,24,20,35
72,seq43,seq50,r_128_44_77,r_128_44_77,0.94,0,77,77,35
32,r_58_6_24,r_57_80_161,seq3,r_58_6_24,1.0,0,24,24,35
4,r_109_71_123,r_115_15_167,r_60_72_62,r_109_71_123,0.98,0,123,123,35
0,r_138_81_167,seq137,r_11_96_155,r_11_96_155,0.66,18,173,155,35
2,r_55_0_56,r_57_80_161,seq1,r_55_0_56,1.0,0,56,56,35
17,r_25_51_63,r_24_30_48,r_11_96_155,r_25_51_63,0.58,-15,48,63,35
26,r_61_32_51,r_60_72_62,seq34,r_61_32_51,1.0,0,51,51,35
20,r_128_44_77,seq129,seq43,r_128_44_77,0.93,0,77,77,35
13,r_110_118_70,r_115_15_167,r_139_117_73,r_139_117_73,1.0,26,99,73,35
47,r_67_130_137,r_64_38_50,r_124_66_49,r_67_130_137,0.99,-87,50,137,35
6,r_35_28_117,r_40_106_149,r_61_32_51,r_61_32_51,0.79,66,117,51,35
62,seq146,r_147_82_178,r_93_149_108,r_93_149_108,1.0,69,177,108,35
71,seq42,r_35_28_117,r_61_32_51,r_61_32_51,0.35,24,75,51,35
27,r_21_127_81,seq16,r_144_122_95,r_21_127_81,1.0,0,81,81,35
40,r_107_10_104,seq104,seq12,r_107_10_104,1.0,0,104,104,35
74,seq50,seq34,r_25_51_63,r_25_51_63,0.91,6,69,63,35
29,r_60_72_62,seq63,r_70_36_122,r_60_72_62,0.72,0,62,62,35
8,r_45_116_108,r_57_80_161,r_139_117_73,r_45_116_108,0.99,0,108,108,35
33,r_98_5_151,seq88,r_58_6_24,r_98_5_151,0.66,0,151,151,35
47,r_67_130_137,r_124_66_49,seq129,r_67_130_137,0.97,0,137,137,35
58,seq12,r_11_96_155,r_142_20_76,r_142_20_76,1.0,80,156,76,35
7,r_90_145_51,r_144_122_95,seq146,r_144_122_95,0.8,14,109,95,35
34,r_89_97_147,seq88,r_132_92_20,r_132_92_20,0.98,128,148,20,35
43,r_64_38_50,r_67_130_137,seq39,r_64_38_50,1.0,0,50,50,35
25,r_99_22_6,r_21_127_81,r_142_20_76,r_99_22_6,1.0,75,81,6,35
96,seq111,r_115_15_167,r_140_112_132,r_140_112_132,0.83,35,167,132,35
28,r_124_66_49,r_126_108_179,r_67_130_137,r_124_66_49,1.0,0,49,49,35
28,r_124_66_49,r_67_130_137,r_13_68_111,r_124_66_49,0.83,88,137,49,35
29,r_60_72_62,r_70_36_122,r_109_71_123,r_60_72_62,0.98,61,123,62,35
22,r_91_18_184,seq94,r_142_20_76,r_142_20_76,0.7,109,185,76,35
77,seq54,r_55_0_56,seq56,r_55_0_56,1.0,-20,36,56,35
23,r_140_112_132,seq135,r_33_114_29,r_140_112_132,0.84,1,133,132,35
79,seq56,r_57_80_161,seq54,r_57_80_161,0.57,0,161,161,35
12,r_70_36_122,seq69,r_60_72_62,r_60_72_62,0.82,1,63,62,35
30,r_144_49_136,r_143_95_123,seq113,r_144_49_136,0.57,-11,125,136,36
36,r_147_105_74,seq148,seq104,r_147_105_74,0.91,0,74,74,36
5,r_38_15_45,seq36,seq18,r_38_15_45,0.99,0,45,45,36
14,r_129_146_178,seq123,seq148,r_129_146_178,0.73,0,178,178,36
92,seq104,seq101,r_147_105_74,r_147_105_74,1.0,0,74,74,36
14,r_129_146_178,r_130_42_163,seq123,r_129_146_178,0.4,-15,163,178,36
3,r_124_97_48,seq123,seq96,r_124_97_48,1.0,0,48,48,36
83,seq80,r_81_14_148,r_83_66_69,r_83_66_69,0.85,74,143,69,36
37,r_143_95_123,r_144_49_136,seq96,r_143_95_123,0.79,0,123,123,36
59,seq148,r_147_105_74,r_144_49_136,r_147_105_74,0.95,0,74,74,36
16,r_83_66_69,r_91_142_169,seq69,r_83_66_69,1.0,0,69,69,36
21,r_17_6_101,seq16,r_39_7_18,r_17_6_101,0.73,0,101,101,36
39,r_115_63_140,seq127,r_31_116_60,r_31_116_60,0.99,16,76,60,36
1,r_77_61_178,r_79_43_143,r_125_78_43,r_125_78_43,0.85,100,143,43,36
46,r_47_102_71,seq48,r_109_103_100,r_47_102_71,1.0,0,71,71,36
69,seq34,r_35_135_79,seq28,r_35_135_79,1.0,0,79,79,36
45,r_56_1_109,seq55,r_25_0_51,r_56_1_109,0.88,0,109,109,36
19,r_46_20_163,seq44,seq21,r_46_20_163,0.77,0,163,163,36
11,r_74_93_170,r_112_76_31,r_141_86_37,r_112_76_31,0.55,139,170,31,36
38,r_112_76_31,r_74_93_170,r_65_71_106,r_74_93_170,0.88,0,170,170,36
38,r_112_76_31,seq113,r_74_93_170,r_112_76_31,1.0,0,31,31,36
39,r_115_63_140,r_31_116_60,r_83_66_69,r_115_63_140,1.0,0,140,140,36
31,r_24_64_132,seq23,r_83_66_69,r_24_64_132,0.97,0,132,132,36
30,r_144_49_136,seq113,seq44,r_144_49_136,0.78,0,136,136,36
10,r_79_43_143,r_77_61_178,r_144_49_136,r_77_61_178,0.46,-35,143,178,36
47,r_75_136_12,r_77_61_178,r_138_134_106,r_75_136_12,0.95,0,12,12,36
22,r_2_139_49,r_138_134_106,r_75_136_12,r_2_139_49,0.39,47,96,49,36
23,r_57_94_34,r_56_1_109,seq96,r_57_94_34,0.99,0,34,34,36
6,r_125_78_43,r_77_61_178,r_65_71_106,r_77_61_178,0.7,0,178,178,36
4,r_109_103_100,seq110,r_47_102_71,r_47_102_71,1.0,30,101,71,36
78,seq54,r_53_98_174,r_73_52_94,r_73_52_94,0.69,80,174,94,36
63,seq132,r_138_134_106,r_128_131_117,r_128_131_117,0.73,-27,90,117,36
59,seq148,r_111_149_170,r_129_146_178,r_129_146_178,0.74,16,194,178,36
20,r_100_126_165,seq101,seq127,r_100_126_165,0.77,0,165,165,36
42,r_138_134_106,seq133,r_2_139_49,r_2_139_49,1.0,0,49,49,36
57,seq16,r_17_6_101,seq18,r_17_6_101,0.98,-4,97,101,36
28,r_141_86_37,r_124_97_48,seq92,r_141_86_37,0.86,0,37,37,36
62,seq23,r_24_64_132,seq22,r_24_64_132,1.0,-1,131,132,36
1,r_77_61_178,r_125_78_43,r_145_62_32,r_77_61_178,0.58,0,178,178,36
99,seq127,seq123,r_100_126_165,r_100_126_165,0.96,4,169,165,36
5,r_38_15_45,seq18,r_81_14_148,r_81_14_148,1.0,5,153,148,36
0,r_39_7_18,seq3,r_17_6_101,r_17_6_101,0.94,-8,93,101,36
8,r_145_62_32,r_144_49_136,seq60,r_145_62_32,0.83,0,32,32,36
0,r_39_7_18,seq40,seq3,r_39_7_18,1.0,0,18,18,36
59,seq148,r_144_49_136,seq123,r_144_49_136,0.75,-1,135,136,36
10,r_79_43_143,r_144_49_136,r_130_42_163,r_130_42_163,0.99,0,163,163,36
29,r_70_107_149,seq72,seq108,r_70_107_149,0.5,0,149,149,36
24,r_85_140_126,seq88,r_2_139_49,r_85_140_126,1.0,0,126,126,36
49,r_91_142_169,seq148,r_129_146_178,r_91_142_169,0.44,12,181,169,36
35,r_31_116_60,r_115_63_140,r_33_118_36,r_115_63_140,1.0,0,140,140,36
25,r_30_58_89,seq28,seq55,r_30_58_89,1.0,0,89,89,36
33,r_35_135_79,seq34,r_75_136_12,r_35_135_79,1.0,0,79,79,36
6,r_125_78_43,seq127,r_79_43_143,r_125_78_43,1.0,0,43,43,36
47,r_75_136_12,r_138_134_106,r_2_139_49,r_2_139_49,1.0,46,95,49,36
88,seq92,r_91_142_169,r_141_86_37,r_141_86_37,0.99,132,169,37,36
6,r_125_78_43,r_79_43_143,r_77_61_178,r_79_43_143,0.95,0,143,143,36
68,seq133,r_138_134_106,seq132,r_138_134_106,0.72,-15,91,106,36
42,r_138_134_106,r_2_139_49,r_35_135_79,r_35_135_79,1.0,46,125,79,36
61,seq22,seq21,r_137_12_14,r_137_12_14,0.85,174,188,14,36
32,r_130_42_163,r_129_146_178,r_79_43_143,r_129_146_178,0.56,-15,163,178,36
77,seq51,r_53_98_174,r_73_52_94,r_73_52_94,0.89,80,174,94,36
22,r_2_139_49,r_17_6_101,r_138_134_106,r_2_139_49,0.72,0,49,49,36
75,seq48,r_47_102_71,seq44,r_47_102_71,1.0,-8,63,71,36
26,r_25_0_51,seq21,seq34,r_25_0_51,0.7,0,51,51,36
60,seq21,seq22,r_46_20_163,r_46_20_163,0.89,21,184,163,36
81,seq69,r_67_41_189,r_83_66_69,r_83_66_69,1.0,60,129,69,36
17,r_73_52_94,seq72,seq54,r_73_52_94,0.83,0,94,94,36
56,seq13,seq11,r_137_12_14,r_137_12_14,1.0,15,29,14,36
96,seq113,r_112_76_31,r_111_149_170,r_112_76_31,0.98,0,31,31,36
7,r_68_114_104,r_67_41_189,seq121,r_68_114_104,1.0,0,104,104,36
44,r_53_98_174,seq54,r_124_97_48,r_124_97_48,0.69,126,174,48,36
11,r_74_93_170,r_77_61_178,r_112_76_31,r_112_76_31,1.0,1,32,31,36
26,r_25_0_51,seq34,r_56_1_109,r_56_1_109,1.0,3,112,109,36
82,seq72,r_73_52_94,r_65_71_106,r_73_52_94,0.77,-1,93,94,36
35,r_31_116_60,seq28,r_115_63_140,r_31_116_60,1.0,0,60,60,36
27,r_137_12_14,r_124_97_48,seq13,r_137_12_14,0.99,0,14,14,36
93,seq107,r_109_95_194,r_97_94_139,r_97_94_139,0.79,34,173,139,37
18,r_63_26_110,r_21_57_177,r_0_25_129,r_21_57_177,1.0,-13,164,177,37
36,r_76_131_78,r_77_7_162,seq128,r_76_131_78,0.93,0,78,78,37
53,seq4,r_5_123_160,r_91_10_54,r_91_10_54,1.0,106,160,54,37
43,r_28_82_138,seq30,seq83,r_28_82_138,0.69,0,138,138,37
37,r_47_36_106,seq54,seq37,r_47_36_106,0.74,0,106,106,37
55,seq8,r_6_135_192,r_93_9_100,r_93_9_100,1.0,12,112,100,37
21,r_77_7_162,r_79_78_36,r_71_115_167,r_71_115_167,0.68,-62,105,167,37
5,r_117_124_176,seq119,r_32_121_62,r_32_121_62,1.0,114,176,62,37
80,seq72,r_71_115_167,seq73,r_71_115_167,0.67,0,167,167,37
35,r_60_114_173,r_58_86_167,r_144_51_3,r_60_114_173,0.74,-115,58,173,37
19,r_93_9_100,seq92,seq8,r_93_9_100,0.99,0,100,100,37
95,seq119,r_117_124_176,r_71_115_167,r_71_115_167,0.99,10,177,167,37
45,r_118_99_13,r_117_124_176,r_97_94_139,r_118_99_13,0.79,0,13,13,37
38,r_81_148_7,r_149_68_95,r_90_145_1,r_149_68_95,1.0,-1,94,95,37
41,r_149_68_95,seq146,r_81_148_7,r_149_68_95,0.45,-61,34,95,37
87,seq92,r_91_10_54,seq89,r_91_10_54,1.0,0,54,54,37
8,r_42_45_22,seq62,r_11_44_73,r_11_44_73,0.86,0,73,73,37
10,r_0_25_129,r_14_74_194,r_63_26_110,r_63_26_110,0.88,20,130,110,37
34,r_56_50_36,r_58_86_167,seq54,r_58_86_167,0.78,-129,38,167,37
4,r_58_86_167,seq59,seq89,r_58_86_167,0.61,0,167,167,37
0,r_32_121_62,r_28_82_138,seq122,r_32_121_62,1.0,0,62,62,37
13,r_108_64_146,r_109_95_194,r_149_68_95,r_108_64_146,0.79,2,148,146,37
15,r_140_147_168,seq141,r_81_148_7,r_140_147_168,0.81,0,168,168,37
48,r_11_44_73,seq2,r_42_45_22,r_11_44_73,1.0,0,73,73,37
27,r_126_18_160,r_130_101_167,seq19,r_126_18_160,0.93,0,160,160,37
87,seq92,seq89,r_97_94_139,r_97_94_139,0.61,2,141,139,37
52,seq2,seq1,r_6_135_192,r_6_135_192,0.66,-165,27,192,37
3,r_39_27_57,r_41_43_112,r_12_31_7,r_39_27_57,1.0,0,57,57,37
25,r_23_55_34,r_21_57_177,seq54,r_23_55_34,0.99,0,34,34,37
2,r_97_94_139,seq96,seq92,r_97_94_139,0.17,0,139,139,37
41,r_149_68_95,r_81_148_7,r_69_65_32,r_149_68_95,0.95,0,95,95,37
40,r_5_123_160,seq4,seq122,r_5_123_160,0.63,0,160,160,37
18,r_63_26_110,seq70,r_21_57_177,r_63_26_110,0.87,0,110,110,37
35,r_60_114_173,r_144_51_3,r_71_115_167,r_60_114_173,0.73,-2,171,173,37
33,r_112_103_77,seq111,seq102,r_112_103_77,0.56,1,78,77,37
42,r_14_74_194,r_11_44_73,r_80_3_15,r_14_74_194,0.85,-147,47,194,37
88,seq96,r_97_94_139,r_85_98_84,r_85_98_84,0.86,55,139,84,37
83,seq83,r_85_98_84,seq89,r_85_98_84,0.72,-32,52,84,37
83,seq83,seq89,r_28_82_138,r_28_82_138,0.98,0,138,138,37
38,r_81_148_7,r_90_145_1,r_140_147_168,r_140_147_168,0.99,15,183,168,37
42,r_14_74_194,r_52_13_127,r_79_78_36,r_14_74_194,0.7,0,194,194,37
42,r_14_74_194,r_80_3_15,r_52_13_127,r_52_13_127,0.99,3,130,127,37
32,r_133_16_111,r_130_101_167,seq15,r_133_16_111,0.99,0,111,111,37
31,r_6_135_192,r_11_44_73,seq8,r_11_44_73,0.99,-26,47,73,37
45,r_118_99_13,r_97_94_139,r_85_98_84,r_85_98_84,0.71,55,139,84,37
21,r_77_7_162,r_71_115_167,seq4,r_77_7_162,0.99,0,162,162,37
17,r_91_10_54,seq92,seq2,r_91_10_54,1.0,0,54,54,37
1,r_80_3_15,seq83,seq4,r_80_3_15,0.91,0,15,15,37
22,r_53_20_107,seq54,seq22,r_53_20_107,1.0,0,107,107,37
28,r_52_13_127,seq54,r_14_74_194,r_52_13_127,0.92,0,127,127,37
44,r_85_98_84,seq87,r_118_99_13,r_85_98_84,0.79,0,84,84,37
23,r_79_78_36,r_77_7_162,seq73,r_77_7_162,0.79,-26,136,162,37
89,seq136,r_126_18_160,seq104,r_126_18_160,1.0,-16,144,160,37
12,r_130_101_167,seq128,r_112_103_77,r_112_103_77,0.67,90,167,77,37
89,seq136,seq104,r_6_135_192,r_6_135_192,0.95,1,193,192,37
30,r_123_118_137,seq119,r_6_114_129,r_6_114_129,0.68,8,137,129,38
36,r_95_89_73,seq99,r_90_67_177,r_90_67_177,0.59,-104,73,177,38
43,r_19_57_181,seq11,r_48_33_89,r_48_33_89,1.0,11,100,89,38
22,r_71_35_52,seq72,r_92_39_32,r_71_35_52,0.84,0,52,52,38
55,seq7,r_6_114_129,seq5,r_6_114_129,1.0,0,129,129,38
86,seq83,r_84_112_132,seq124,r_84_112_132,0.82,0,132,132,38
16,r_136_106_102,r_140_137_1,r_4_100_53,r_4_100_53,0.65,54,107,53,38
1,r_51_9_175,seq49,seq8,r_51_9_175,0.35,0,175,175,38
46,r_70_34_137,seq69,r_121_30_6,r_70_34_137,0.96,0,137,137,38
8,r_113_27_48,r_37_117_25,seq23,r_113_27_48,0.99,0,48,48,38
12,r_37_117_25,seq79,r_108_115_82,r_37_117_25,0.55,61,86,25,38
4,r_31_3_125,seq23,r_121_30_6,r_121_30_6,0.8,19,25,6,38
45,r_63_15_128,seq62,seq11,r_63_15_128,0.96,0,128,128,38
66,seq23,r_24_22_167,r_121_30_6,r_121_30_6,0.97,160,166,6,38
76,seq56,r_54_103_185,r_93_60_92,r_93_60_92,1.0,93,185,92,38
31,r_48_33_89,seq47,r_121_30_6,r_48_33_89,1.0,0,89,89,38
41,r_125_26_147,seq126,r_55_25_4,r_125_26_147,0.86,0,147,147,38
12,r_37_117_25,r_113_27_48,seq79,r_37_117_25,0.58,23,48,25,38
10,r_149_139_10,r_138_52_170,r_59_131_98,r_59_131_98,1.0,57,155,98,38
90,seq98,r_97_129_136,seq94,r_97_129_136,0.88,-9,127,136,38
48,r_50_32_55,r_51_9_175,r_121_30_6,r_50_32_55,1.0,0,55,55,38
0,r_6_114_129,seq7,r_108_115_82,r_6_114_129,0.91,0,129,129,38
11,r_93_60_92,seq94,seq58,r_93_60_92,0.99,3,95,92,38
20,r_20_77_147,r_24_22_167,r_130_78_51,r_20_77_147,0.65,1,148,147,38
98,seq126,r_125_26_147,seq124,r_125_26_147,1.0,0,147,147,38
15,r_10_66_128,seq8,r_101_68_50,r_10_66_128,0.92,0,128,128,38
4,r_31_3_125,r_121_30_6,seq2,r_31_3_125,0.94,0,125,125,38
6,r_108_115_82,r_107_40_116,r_37_117_25,r_108_115_82,0.86,0,82,82,38
29,r_146_74_42,r_145_135_89,seq75,r_146_74_42,0.95,0,42,42,38
2,r_121_30_6,r_31_3_125,r_50_32_55,r_50_32_55,0.94,70,125,55,38
52,seq2,r_4_100_53,r_6_114_129,r_4_100_53,0.95,0,53,53,38
3,r_101_68_50,seq102,seq69,r_101_68_50,0.98,0,50,50,38
36,r_95_89_73,r_90_67_177,seq94,r_90_67_177,0.8,0,177,177,38
39,r_4_100_53,seq2,seq104,r_4_100_53,1.0,0,53,53,38
8,r_113_27_48,r_108_115_82,r_37_117_25,r_37_117_25,0.99,0,25,25,38
26,r_29_120_41,r_24_22_167,seq119,r_29_120_41,1.0,0,41,41,38
47,r_46_122_138,seq47,r_29_120_41,r_46_122_138,0.94,0,138,138,38
74,seq49,r_51_9_175,r_111_65_91,r_111_65_91,0.59,80,171,91,38
18,r_90_67_177,r_91_116_160,r_95_89_73,r_90_67_177,0.7,-100,77,177,38
24,r_91_116_160,seq94,r_6_114_129,r_6_114_129,0.63,31,160,129,38
25,r_138_52_170,r_149_139_10,seq53,r_138_52_170,0.47,0,170,170,38
43,r_19_57_181,r_48_33_89,r_93_60_92,r_93_60_92,0.6,86,178,92,38
33,r_97_129_136,seq98,r_59_131_98,r_59_131_98,0.72,38,136,98,38
88,seq94,r_93_60_92,seq126,r_93_60_92,1.0,1,93,92,38
70,seq42,r_43_36_176,seq44,r_43_36_176,0.88,-60,116,176,38
68,seq38,r_43_36_176,r_92_39_32,r_92_39_32,1.0,3,35,32,38
34,r_107_40_116,r_108_115_82,r_125_26_147,r_125_26_147,0.67,-62,85,147,38
34,r_107_40_116,r_125_26_147,r_92_39_32,r_107_40_116,0.99,0,116,116,38
9,r_59_131_98,seq58,seq133,r_59_131_98,0.95,0,98,98,38
14,r_92_39_32,r_93_60_92,seq38,r_92_39_32,0.99,0,32,32,38
96,seq119,r_123_118_137,r_29_120_41,r_29_120_41,1.0,96,137,41,38
12,r_37_117_25,r_46_122_138,r_113_27_48,r_37_117_25,0.93,0,25,25,38
49,r_43_36_176,seq42,r_92_39_32,r_92_39_32,0.99,145,177,32,38
56,seq8,r_10_66_128,seq5,r_10_66_128,0.35,0,128,128,38
7,r_84_112_132,seq83,seq110,r_84_112_132,0.46,0,132,132,38
18,r_90_67_177,r_95_89_73,r_101_68_50,r_95_89_73,0.81,104,177,73,38
44,r_14_144_161,seq13,r_59_131_98,r_14_144_161,0.83,0,161,161,38
23,r_145_135_89,r_140_137_1,seq133,r_145_135_89,0.62,0,89,89,38
79,seq62,r_63_15_128,seq58,r_63_15_128,0.95,-57,71,128,38
35,r_73_134_119,seq75,seq133,r_73_134_119,0.8,1,120,119,38
93,seq109,r_113_4_162,r_2_110_41,r_2_110_41,0.89,85,126,41,39
30,r_128_25_172,r_127_143_158,r_144_131_120,r_128_25_172,0.37,-15,157,172,39
51,seq132,r_130_61_124,r_144_131_120,r_130_61_124,0.99,-1,123,124,39
36,r_111_124_102,r_113_4_162,seq122,r_111_124_102,0.92,0,102,102,39
14,r_6_108_127,seq7,seq107,r_6_108_127,0.99,0,127,127,39
8,r_95_149_163,r_93_50_85,seq96,r_95_149_163,0.42,-90,73,163,39
53,seq10,seq15,r_78_11_84,r_78_11_84,1.0,2,86,84,39
43,r_8_91_97,seq7,r_101_87_26,r_8_91_97,0.97,0,97,97,39
13,r_134_120_52,r_136_27_139,seq122,r_134_120_52,1.0,0,52,52,39
37,r_21_46_69,seq17,seq45,r_21_46_69,0.98,0,69,69,39
59,seq17,r_21_46_69,r_146_32_53,r_146_32_53,1.0,18,71,53,39
71,seq45,r_49_3_76,r_21_46_69,r_49_3_76,0.92,0,76,76,39
86,seq92,r_95_149_163,seq85,r_95_149_163,0.79,-11,152,163,39
16,r_147_102_141,seq139,seq100,r_147_102_141,0.87,0,141,141,39
39,r_5_97_124,seq1,r_49_3_76,r_49_3_76,1.0,3,79,76,39
1,r_69_67_130,r_73_116_137,r_80_66_103,r_80_66_103,0.23,27,130,103,39
5,r_127_143_158,r_128_25_172,seq142,r_127_143_158,0.61,0,158,158,39
42,r_9_148_72,seq15,r_147_102_141,r_9_148_72,1.0,0,72,72,39
70,seq44,r_94_28_14,r_65_39_80,r_65_39_80,0.62,-38,42,80,39
80,seq77,r_78_11_84,seq81,r_78_11_84,1.0,0,84,84,39
45,r_93_50_85,seq92,r_0_51_3,r_93_50_85,0.95,0,85,85,39
25,r_2_110_41,r_5_97_124,r_113_4_162,r_2_110_41,1.0,0,41,41,39
12,r_121_112_115,r_113_4_162,r_2_110_41,r_113_4_162,1.0,0,162,162,39
60,seq24,r_34_145_170,r_22_20_179,r_34_145_170,0.98,-147,23,170,39
31,r_55_133_113,r_59_19_174,seq132,r_55_133_113,0.97,0,113,113,39
41,r_57_56_118,r_59_19_174,r_69_67_130,r_69_67_130,0.58,46,176,130,39
10,r_113_4_162,seq109,r_121_112_115,r_121_112_115,0.97,10,125,115,39
99,seq126,r_138_83_176,r_127_143_158,r_138_83_176,0.3,-51,125,176,39
2,r_136_27_139,r_147_102_141,r_94_28_14,r_94_28_14,0.76,125,139,14,39
52,seq7,r_6_108_127,seq10,r_6_108_127,0.66,0,127,127,39
26,r_78_11_84,seq74,seq12,r_78_11_84,0.99,0,84,84,39
8,r_95_149_163,seq96,r_8_91_97,r_8_91_97,1.0,41,138,97,39
72,seq48,seq45,r_104_47_47,r_104_47_47,0.99,15,62,47,39
88,seq98,r_34_145_170,r_115_63_14,r_115_63_14,0.48,31,45,14,39
29,r_146_32_53,r_147_102_141,seq33,r_146_32_53,0.5,0,53,53,39
63,seq33,r_34_145_170,r_137_35_104,r_137_35_104,0.98,66,170,104,39
30,r_128_25_172,r_144_131_120,seq26,r_128_25_172,0.87,-3,169,172,39
11,r_73_116_137,r_72_23_184,r_64_119_107,r_73_116_137,0.71,0,137,137,39
99,seq126,r_137_35_104,r_138_83_176,r_137_35_104,0.8,-5,99,104,39
20,r_130_61_124,seq129,seq60,r_130_61_124,1.0,0,124,124,39
15,r_105_53_187,seq106,r_0_51_3,r_105_53_187,0.28,0,187,187,39
49,r_64_119_107,r_115_63_14,seq117,r_115_63_14,0.53,93,107,14,39
6,r_65_39_80,seq60,seq36,r_65_39_80,0.93,1,81,80,39
39,r_5_97_124,r_49_3_76,seq98,r_5_97_124,1.0,0,124,124,39
85,seq89,r_90_14_63,seq84,r_90_14_63,0.98,0,63,63,39
70,seq44,r_58_76_164,r_57_56_118,r_58_76_164,0.48,16,180,164,39
87,seq96,r_95_149_163,seq92,r_95_149_163,0.58,-5,158,163,39
2,r_136_27_139,seq132,r_147_102_141,r_147_102_141,0.32,-62,79,141,39
59,seq17,r_146_32_53,r_22_20_179,r_22_20_179,0.58,4,183,179,39
24,r_138_83_176,seq139,seq84,r_138_83_176,0.37,0,176,176,39
88,seq98,seq92,r_5_97_124,r_5_97_124,1.0,-1,123,124,39
48,r_104_47_47,r_105_53_187,seq48,r_104_47_47,0.73,0,47,47,39
8,r_95_149_163,r_8_91_97,r_9_148_72,r_95_149_163,0.96,0,163,163,39
70,seq44,r_65_39_80,r_58_76_164,r_58_76_164,0.51,-42,122,164,39
18,r_115_63_14,r_111_124_102,r_64_119_107,r_115_63_14,0.72,0,14,14,39
89,seq100,seq77,r_65_39_80,r_65_39_80,0.57,-33,47,80,39
85,seq89,seq84,r_38_88_126,r_38_88_126,0.84,8,134,126,39
58,seq15,seq12,r_90_14_63,r_90_14_63,1.0,1,64,63,39
34,r_49_3_76,r_5_97_124,seq1,r_5_97_124,1.0,0,124,124,39
42,r_9_148_72,r_147_102_141,seq142,r_147_102_141,1.0,0,141,141,39
52,seq7,r_8_91_97,r_6_108_127,r_8_91_97,0.99,0,97,97,39
77,seq129,r_130_61_124,r_144_131_120,r_130_61_124,0.88,0,124,124,39
19,r_18_16_50,r_21_46_69,seq17,r_21_46_69,1.0,-19,50,69,39
89,seq100,r_105_53_187,r_147_102_141,r_147_102_141,0.73,2,143,141,39
10,r_113_4_162,r_121_112_115,r_49_3_76,r_113_4_162,0.98,0,162,162,39
34,r_49_3_76,seq45,r_5_97_124,r_49_3_76,0.93,0,76,76,39
47,r_79_141_39,r_78_11_84,seq139,r_79_141_39,1.0,0,39,39,39
17,r_70_54_203,r_72_23_184,r_101_87_26,r_72_23_184,0.43,0,184,184,39
25,r_2_110_41,r_113_4_162,r_121_112_115,r_2_110_41,0.62,94,135,41,39
9,r_101_87_26,seq100,seq84,r_101_87_26,0.79,0,26,26,39
49,r_64_119_107,r_65_39_80,r_115_63_14,r_64_119_107,0.59,-66,41,107,39
22,r_90_14_63,seq89,seq15,r_90_14_63,1.0,0,63,63,39
28,r_29_135_170,seq26,r_144_131_120,r_29_135_170,0.76,0,170,170,39
91,seq106,r_105_53_187,r_121_112_115,r_121_112_115,0.99,69,184,115,39
7,r_58_76_164,r_59_19_174,seq77,r_58_76_164,0.47,0,164,164,39
18,r_115_63_14,r_64_119_107,seq60,r_64_119_107,1.0,0,107,107,39
44,r_71_62_171,r_72_23_184,r_130_61_124,r_130_61_124,0.97,46,170,124,39
23,r_38_88_126,seq40,seq89,r_38_88_126,0.85,0,126,126,39
35,r_80_66_103,seq81,seq60,r_80_66_103,0.88,0,103,103,39
12,r_121_112_115,seq122,r_113_4_162,r_121_112_115,0.86,1,116,115,39
39,r_29_5_142,r_1_3_187,r_51_6_149,r_51_6_149,0.93,11,160,149,40
51,seq130,r_129_82_81,seq128,r_129_82_81,1.0,0,81,81,40
8,r_96_104_181,seq93,r_54_100_3,r_54_100_3,0.54,180,183,3,40
16,r_4_122_139,r_1_3_187,r_63_124_49,r_4_122_139,0.59,0,139,139,40
21,r_140_85_72,r_142_106_186,seq80,r_140_85_72,0.97,0,72,72,40
39,r_29_5_142,seq31,r_1_3_187,r_29_5_142,0.6,0,142,142,40
5,r_131_43_115,seq135,r_32_44_29,r_131_43_115,0.92,0,115,115,40
46,r_133_24_95,seq135,r_97_23_31,r_133_24_95,0.94,0,95,95,40
14,r_143_28_15,r_142_106_186,seq31,r_143_28_15,0.96,0,15,15,40
69,seq40,r_42_26_132,seq36,r_42_26_132,0.94,-44,88,132,40
45,r_45_148_91,seq48,r_149_84_150,r_45_148_91,0.84,0,91,91,40
41,r_1_3_187,r_4_122_139,r_29_5_142,r_1_3_187,0.99,-46,141,187,40
45,r_45_148_91,r_149_84_150,seq130,r_149_84_150,0.66,0,150,150,40
95,seq113,r_112_30_136,r_147_111_82,r_147_111_82,0.62,54,136,82,40
11,r_72_138_12,r_63_124_49,seq139,r_72_138_12,0.91,1,13,12,40
41,r_1_3_187,r_2_27_109,r_4_122_139,r_2_27_109,0.99,0,109,109,40
3,r_129_82_81,seq130,r_140_85_72,r_129_82_81,0.99,0,81,81,40
10,r_118_137_183,r_105_120_114,r_72_138_12,r_72_138_12,0.52,171,183,12,40
61,seq19,seq21,r_50_18_44,r_50_18_44,1.0,0,44,44,40
43,r_32_44_29,seq31,r_42_26_132,r_32_44_29,0.96,0,29,29,40
32,r_63_124_49,seq64,r_105_120_114,r_63_124_49,1.0,0,49,49,40
26,r_105_120_114,seq109,r_63_124_49,r_63_124_49,1.0,67,116,49,40
4,r_54_100_3,r_105_120_114,r_119_110_50,r_54_100_3,0.64,151,154,3,40
0,r_101_99_104,r_105_120_114,seq93,r_101_99_104,0.61,0,104,104,40
63,seq25,seq31,r_97_23_31,r_97_23_31,0.97,1,32,31,40
73,seq57,r_55_11_186,r_95_56_42,r_95_56_42,0.99,8,50,42,40
13,r_149_84_150,r_147_111_82,seq130,r_147_111_82,0.56,-5,77,82,40
15,r_22_33_159,r_45_148_91,r_143_28_15,r_45_148_91,0.97,49,140,91,40
12,r_51_6_149,r_55_11_186,r_29_5_142,r_51_6_149,0.9,0,149,149,40
62,seq21,seq19,r_94_20_58,r_94_20_58,1.0,2,60,58,40
99,seq127,r_126_92_90,r_105_120_114,r_126_92_90,0.78,0,90,90,40
13,r_149_84_150,r_45_148_91,r_129_82_81,r_149_84_150,0.93,0,150,150,40
29,r_146_74_49,r_145_132_114,seq75,r_146_74_49,1.0,0,49,49,40
13,r_149_84_150,seq130,r_45_148_91,r_149_84_150,0.54,-64,86,150,40
22,r_42_26_132,r_32_44_29,r_97_23_31,r_42_26_132,0.79,0,132,132,40
2,r_142_106_186,seq141,r_54_100_3,r_54_100_3,0.93,185,188,3,40
12,r_51_6_149,r_50_18_44,r_55_11_186,r_50_18_44,0.99,-4,40,44,40
40,r_58_86_98,r_55_11_186,seq89,r_58_86_98,0.91,0,98,98,40
18,r_81_49_82,r_83_13_90,r_51_6_149,r_83_13_90,0.6,-8,82,90,40
24,r_126_92_90,seq127,seq90,r_126_92_90,0.89,0,90,90,40
43,r_32_44_29,r_42_26_132,r_131_43_115,r_131_43_115,0.77,17,132,115,40
6,r_102_10_7,r_12_87_151,r_108_15_21,r_102_10_7,0.47,146,153,7,40
20,r_50_18_44,r_51_6_149,seq19,r_50_18_44,1.0,0,44,44,40
45,r_45_148_91,seq130,r_47_66_111,r_47_66_111,0.44,63,174,111,40
22,r_42_26_132,r_41_46_14,r_32_44_29,r_32_44_29,0.89,1,30,29,40
38,r_78_61_153,seq76,seq62,r_78_61_153,0.59,0,153,153,40
34,r_2_27_109,r_1_3_187,seq25,r_2_27_109,1.0,0,109,109,40
9,r_112_30_136,seq113,r_143_28_15,r_112_30_136,0.79,0,136,136,40
28,r_98_73_186,seq93,r_101_99_104,r_101_99_104,0.46,27,131,104,40
91,seq93,r_96_104_181,r_101_99_104,r_101_99_104,0.6,59,163,104,40
44,r_95_56_42,r_96_104_181,seq57,r_95_56_42,1.0,2,44,42,40
31,r_97_23_31,r_96_104_181,seq25,r_97_23_31,1.0,0,31,31,40
7,r_52_7_85,seq53,seq8,r_52_7_85,0.98,0,85,85,40
19,r_94_20_58,r_96_104_181,seq21,r_94_20_58,0.99,0,58,58,40
17,r_12_87_151,r_102_10_7,r_58_86_98,r_12_87_151,0.69,0,151,151,40
82,seq71,seq64,r_47_66_111,r_47_66_111,0.95,1,112,111,40
35,r_83_13_90,seq80,r_108_15_21,r_83_13_90,0.87,0,90,90,40
23,r_108_15_21,r_101_99_104,seq14,r_108_15_21,1.0,0,21,21,40
56,seq139,r_142_106_186,r_72_138_12,r_72_138_12,0.77,18,30,12,40
18,r_81_49_82,r_51_6_149,seq62,r_51_6_149,0.99,-16,133,149,40
8,r_135_107_77,seq134,seq103,r_135_107_77,1.0,0,77,77,41
43,r_102_85_69,seq101,seq88,r_102_85_69,0.88,0,69,69,41
71,seq42,r_43_86_102,r_52_48_47,r_43_86_102,0.95,0,102,102,41
86,seq90,r_91_79_84,r_40_84_54,r_40_84_54,1.0,30,84,54,41
16,r_92_87_134,r_93_82_153,r_43_86_102,r_43_86_102,0.98,32,134,102,41
21,r_43_86_102,seq47,r_102_85_69,r_43_86_102,1.0,0,102,102,41
39,r_0_45_150,seq1,r_94_44_60,r_0_45_150,0.56,0,150,150,41
1,r_93_82_153,r_92_87_134,r_54_97_70,r_54_97_70,1.0,59,129,70,41
65,seq25,r_59_27_59,r_66_26_46,r_66_26_46,0.99,-1,45,46,41
5,r_54_97_70,seq55,r_148_95_32,r_54_97_70,1.0,0,70,70,41
9,r_6_50_30,seq5,seq49,r_6_50_30,1.0,1,31,30,41
80,seq65,seq67,r_37_64_55,r_37_64_55,1.0,38,93,55,41
69,seq38,r_41_143_129,r_36_39_99,r_41_143_129,1.0,0,129,129,41
45,r_83_138_123,seq90,r_109_141_80,r_83_138_123,0.47,0,123,123,41
24,r_8_137_14,seq140,r_109_141_80,r_109_141_80,1.0,37,117,80,41
11,r_31_69_61,r_72_16_158,r_81_70_155,r_31_69_61,0.82,91,152,61,41
26,r_80_2_22,r_81_70_155,seq1,r_80_2_22,1.0,1,23,22,41
31,r_109_141_80,r_111_104_131,r_8_137_14,r_109_141_80,0.99,0,80,80,41
14,r_116_53_14,r_108_149_129,seq55,r_116_53_14,0.86,0,14,14,41
41,r_111_104_131,seq112,seq103,r_111_104_131,0.56,0,131,131,41
3,r_129_62_63,seq130,r_31_69_61,r_129_62_63,0.66,1,64,63,41
37,r_59_27_59,seq58,r_66_26_46,r_66_26_46,0.69,13,59,46,41
34,r_52_48_47,r_54_97_70,seq47,r_54_97_70,0.97,-22,48,70,41
72,seq47,r_43_86_102,r_52_48_47,r_43_86_102,0.97,0,102,102,41
11,r_31_69_61,r_35_78_156,r_72_16_158,r_31_69_61,1.0,0,61,61,41
13,r_22_13_107,seq23,seq17,r_22_13_107,0.81,0,107,107,41
12,r_72_16_158,r_123_71_88,seq15,r_72_16_158,0.98,0,158,158,41
6,r_91_79_84,seq90,r_40_84_54,r_40_84_54,1.0,29,83,54,41
85,seq88,r_89_133_163,r_92_87_134,r_92_87_134,0.88,29,163,134,41
3,r_129_62_63,r_31_69_61,r_123_71_88,r_123_71_88,0.73,6,94,88,41
51,seq1,seq17,r_80_2_22,r_80_2_22,0.95,20,42,22,41
27,r_66_26_46,seq65,seq25,r_66_26_46,0.99,1,47,46,41
48,r_68_119_35,r_72_16_158,seq118,r_68_119_35,0.98,0,35,35,41
2,r_7_60_3,r_72_16_158,r_73_75_82,r_72_16_158,0.44,-27,131,158,41
47,r_14_61_162,seq15,r_7_60_3,r_14_61_162,0.32,0,162,162,41
40,r_94_44_60,r_93_82_153,r_52_48_47,r_94_44_60,1.0,0,60,60,41
18,r_144_106_153,seq146,r_111_104_131,r_111_104_131,0.64,21,152,131,41
54,seq5,r_6_50_30,r_139_3_3,r_6_50_30,0.92,1,31,30,41
33,r_9_142_95,seq18,r_109_141_80,r_9_142_95,0.96,0,95,95,41
64,seq23,r_22_13_107,r_32_21_46,r_32_21_46,1.0,59,105,46,41
7,r_105_99_22,seq103,seq101,r_105_99_22,0.89,1,23,22,41
88,seq100,seq101,r_105_99_22,r_105_99_22,0.94,101,123,22,41
0,r_40_84_54,r_41_143_129,seq90,r_40_84_54,1.0,0,54,54,41
58,seq11,r_12_122_73,seq10,r_12_122_73,1.0,0,73,73,41
68,seq33,r_35_78_156,seq30,r_35_78_156,0.86,-3,153,156,41
32,r_12_122_73,seq11,seq121,r_12_122_73,1.0,0,73,73,41
55,seq134,seq145,r_83_138_123,r_83_138_123,0.88,0,123,123,41
15,r_28_125_47,r_43_86_102,r_127_124_73,r_28_125_47,0.82,0,47,47,41
60,seq15,r_14_61_162,r_72_16_158,r_72_16_158,0.73,4,162,158,41
17,r_120_115_117,r_127_124_73,seq114,r_120_115_117,0.63,0,117,117,41
42,r_96_113_39,seq98,seq112,r_96_113_39,0.99,0,39,39,41
19,r_148_95_32,seq134,seq98,r_148_95_32,0.99,1,33,32,41
90,seq103,seq130,r_135_107_77,r_135_107_77,0.93,5,82,77,41
28,r_46_4_169,r_94_44_60,seq5,r_46_4_169,0.69,0,169,169,41
22,r_89_133_163,seq88,seq130,r_89_133_163,0.29,0,163,163,41
10,r_37_64_55,r_36_39_99,seq63,r_37_64_55,1.0,0,55,55,41
2,r_7_60_3,r_73_75_82,r_14_61_162,r_14_61_162,0.8,-1,161,162,41
28,r_46_4_169,r_43_86_102,r_94_44_60,r_46_4_169,0.58,-81,88,169,41
49,r_123_71_88,r_127_124_73,seq77,r_123_71_88,0.98,3,91,88,41
56,seq136,seq140,r_9_142_95,r_9_142_95,1.0,-1,94,95,41
23,r_108_149_129,r_111_104_131,seq146,r_108_149_129,0.9,1,130,129,41
35,r_81_70_155,seq90,r_31_69_61,r_81_70_155,0.34,1,156,155,41
12,r_72_16_158,seq74,r_123_71_88,r_123_71_88,1.0,7,95,88,41
46,r_32_21_46,r_31_69_61,seq23,r_32_21_46,1.0,0,46,46,41
30,r_95_32_189,r_113_74_107,r_114_36_153,r_113_74_107,0.38,-27,80,107,42
44,r_73_82_30,seq80,r_87_77_103,r_87_77_103,1.0,38,141,103,42
0,r_63_38_55,seq59,r_48_39_97,r_63_38_55,1.0,0,55,55,42
8,r_52_21_181,seq53,r_71_24_68,r_71_24_68,0.99,115,183,68,42
43,r_57_86_73,r_56_15_108,seq92,r_57_86_73,0.95,0,73,73,42
54,seq6,r_10_136_183,seq9,r_10_136_183,0.92,-109,74,183,42
37,r_10_136_183,seq11,r_105_144_130,r_10_136_183,0.29,0,183,183,42
87,seq85,seq92,r_115_84_17,r_115_84_17,0.75,31,48,17,42
59,seq143,seq141,r_105_144_130,r_105_144_130,0.58,3,133,130,42
30,r_95_32_189,r_114_36_153,r_106_7_198,r_114_36_153,0.46,-42,111,153,42
16,r_147_94_160,seq143,seq90,r_147_94_160,0.65,0,160,160,42
21,r_33_54_67,r_44_12_139,seq53,r_33_54_67,1.0,1,68,67,42
39,r_109_139_97,seq110,seq141,r_109_139_97,0.79,0,97,97,42
97,seq116,r_114_36_153,r_14_102_19,r_114_36_153,0.77,0,153,153,42
46,r_114_36_153,seq116,seq37,r_114_36_153,0.61,0,153,153,42
42,r_138_119_164,seq134,r_133_121_53,r_133_121_53,1.0,119,172,53,42
30,r_95_32_189,r_106_7_198,r_118_31_101,r_118_31_101,0.97,89,190,101,42
51,seq129,r_147_94_160,r_149_130_28,r_147_94_160,0.59,-37,123,160,42
69,seq43,r_42_108_152,seq46,r_42_108_152,1.0,0,152,152,42
11,r_149_130_28,r_147_94_160,seq143,r_147_94_160,0.46,-41,119,160,42
6,r_133_121_53,r_142_112_192,r_91_120_35,r_133_121_53,0.99,0,53,53,42
31,r_91_120_35,seq92,r_127_34_114,r_91_120_35,0.82,3,38,35,42
49,r_65_96_12,r_63_38_55,seq97,r_65_96_12,0.81,-1,11,12,42
38,r_14_102_19,r_101_122_174,r_42_108_152,r_14_102_19,0.68,155,174,19,42
51,seq129,r_149_130_28,r_109_139_97,r_149_130_28,0.46,117,145,28,42
10,r_29_1_135,r_44_12_139,r_55_4_3,r_29_1_135,0.79,0,135,135,42
40,r_56_15_108,seq53,seq9,r_56_15_108,0.97,0,108,108,42
17,r_118_31_101,r_133_121_53,r_103_30_13,r_118_31_101,0.98,1,102,101,42
26,r_104_146_188,r_101_122_174,r_106_7_198,r_101_122_174,0.54,-96,78,174,42
98,seq117,r_125_2_73,r_133_121_53,r_125_2_73,0.92,-1,72,73,42
15,r_125_2_73,seq126,seq3,r_125_2_73,1.0,0,73,73,42
40,r_56_15_108,seq9,seq16,r_56_15_108,0.5,60,168,108,42
48,r_145_27_10,r_133_121_53,seq26,r_145_27_10,0.64,0,10,10,42
31,r_91_120_35,r_127_34_114,r_133_121_53,r_91_120_35,0.81,24,59,35,42
17,r_118_31_101,r_125_2_73,r_133_121_53,r_118_31_101,0.89,-42,59,101,42
38,r_14_102_19,seq9,r_101_122_174,r_14_102_19,0.93,0,19,19,42
2,r_105_144_130,seq143,r_109_139_97,r_105_144_130,0.76,33,163,130,42
4,r_111_61_49,seq110,seq59,r_111_61_49,1.0,0,49,49,42
36,r_23_47_45,seq22,seq49,r_23_47_45,0.85,0,45,45,42
2,r_105_144_130,r_106_7_198,seq143,r_106_7_198,0.84,-68,130,198,42
47,r_35_81_207,r_44_12_139,r_127_34_114,r_127_34_114,0.99,28,142,114,42
20,r_58_13_47,seq59,seq6,r_58_13_47,1.0,-1,46,47,42
25,r_103_30_13,r_115_84_17,r_44_12_139,r_103_30_13,0.98,0,13,13,42
40,r_56_15_108,r_57_86_73,seq53,r_57_86_73,0.99,-18,55,73,42
18,r_44_12_139,r_42_108_152,r_58_13_47,r_44_12_139,1.0,0,139,139,42
24,r_0_20_58,seq3,r_145_27_10,r_0_20_58,1.0,5,63,58,42
33,r_48_39_97,r_50_8_166,r_63_38_55,r_63_38_55,1.0,50,105,55,42
27,r_123_64_18,r_118_31_101,seq59,r_123_64_18,1.0,0,18,18,42
88,seq89,r_88_124_175,seq90,r_88_124_175,0.94,0,175,175,42
70,seq46,r_44_12_139,seq43,r_44_12_139,1.0,-27,112,139,42
19,r_45_5_25,r_44_12_139,r_55_4_3,r_45_5_25,1.0,0,25,25,42
20,r_58_13_47,seq6,r_44_12_139,r_44_12_139,0.91,16,155,139,42
11,r_149_130_28,r_148_131_35,r_142_112_192,r_148_131_35,0.71,-7,28,35,42
32,r_42_108_152,seq43,seq107,r_42_108_152,0.79,0,152,152,42
14,r_148_131_35,r_149_130_28,seq132,r_148_131_35,0.53,-7,28,35,42
25,r_103_30_13,r_44_12_139,r_118_31_101,r_118_31_101,1.0,37,138,101,42
53,seq132,r_133_121_53,r_148_131_35,r_133_121_53,0.66,-16,37,53,42
9,r_93_83_63,seq85,r_115_84_17,r_115_84_17,0.56,46,63,17,42
26,r_104_146_188,r_106_7_198,r_105_144_130,r_105_144_130,0.99,55,185,130,42
11,r_149_130_28,r_142_112_192,r_147_94_160,r_149_130_28,0.4,11,39,28,42
22,r_50_8_166,seq49,seq9,r_50_8_166,0.66,0,166,166,42
28,r_88_124_175,seq89,r_133_121_53,r_88_124_175,0.51,0,175,175,42
91,seq97,seq98,r_65_96_12,r_65_96_12,1.0,-1,11,12,42
13,r_115_84_17,r_113_74_107,seq85,r_115_84_17,0.97,0,17,17,42
56,seq11,r_10_136_183,seq9,r_10_136_183,0.63,-45,138,183,42
7,r_87_77_103,seq89,seq76,r_87_77_103,0.93,0,103,103,42
23,r_101_122_174,r_104_146_188,r_14_102_19,r_14_102_19,0.95,45,64,19,42
11,r_149_130_28,seq143,seq141,r_149_130_28,0.58,116,144,28,42
35,r_113_74_107,r_114_36_153,r_87_77_103,r_113_74_107,0.91,0,107,107,42
12,r_71_24_68,seq69,r_145_27_10,r_71_24_68,0.99,0,68,68,42
29,r_135_60_12,r_133_121_53,seq59,r_135_60_12,0.83,-1,11,12,42
23,r_101_122_174,r_14_102_19,r_133_121_53,r_101_122_174,0.76,0,174,174,42
30,r_92_128_140,r_90_75_174,r_139_127_63,r_92_128_140,0.71,0,140,140,43
51,seq132,r_133_34_98,r_147_137_13,r_133_34_98,1.0,0,98,98,43
36,r_120_50_158,seq119,r_106_47_80,r_106_47_80,1.0,80,160,80,43
17,r_54_102_56,seq53,r_41_104_55,r_54_102_56,0.9,0,56,56,43
25,r_41_104_55,r_40_58_85,r_54_102_56,r_41_104_55,0.92,2,57,55,43
54,seq9,r_10_76_162,seq8,r_10_76_162,1.0,-1,161,162,43
37,r_133_34_98,seq132,seq33,r_133_34_98,0.95,0,98,98,43
3,r_7_42_89,r_12_6_21,r_106_47_80,r_7_42_89,0.9,2,91,89,43
3,r_7_42_89,r_106_47_80,seq132,r_106_47_80,0.51,78,158,80,43
31,r_87_28_13,r_83_67_172,seq37,r_83_67_172,0.68,-157,15,172,43
71,seq52,seq53,r_3_55_4,r_3_55_4,0.55,137,141,4,43
86,seq148,r_149_60_60,r_94_145_14,r_149_60_60,0.67,0,60,60,43
21,r_51_22_146,seq45,r_80_26_40,r_51_22_146,0.73,0,146,146,43
39,r_19_131_174,seq20,seq129,r_19_131_174,0.29,0,174,174,43
1,r_49_11_92,seq48,r_14_13_111,r_49_11_92,1.0,0,92,92,43
46,r_36_81_61,seq32,seq82,r_36_81_61,1.0,0,61,61,43
42,r_149_60_60,seq148,seq57,r_149_60_60,1.0,0,60,60,43
3,r_7_42_89,r_1_116_89,r_12_6_21,r_12_6_21,0.55,3,24,21,43
45,r_3_55_4,seq53,seq52,r_3_55_4,0.48,140,144,4,43
61,seq27,r_16_96_165,r_80_26_40,r_80_26_40,0.99,15,55,40,43
95,seq119,r_120_50_158,r_1_116_89,r_1_116_89,1.0,69,158,89,43
19,r_4_24_52,r_1_116_89,seq23,r_1_116_89,0.86,-37,52,89,43
14,r_94_145_14,r_105_56_133,seq148,r_94_145_14,0.75,0,14,14,43
10,r_130_59_121,seq129,r_149_60_60,r_130_59_121,0.89,0,121,121,43
5,r_68_43_33,seq65,seq45,r_68_43_33,1.0,0,33,33,43
33,r_44_70_13,r_49_11_92,seq74,r_44_70_13,0.9,0,13,13,43
63,seq33,seq32,r_133_34_98,r_133_34_98,1.0,7,105,98,43
73,seq57,seq61,r_149_60_60,r_149_60_60,1.0,17,77,60,43
11,r_105_56_133,r_106_47_80,seq107,r_106_47_80,1.0,0,80,80,43
28,r_29_5_105,r_31_142_33,r_87_28_13,r_29_5_105,0.69,-80,25,105,43
20,r_10_76_162,seq9,r_140_79_28,r_10_76_162,0.89,0,162,162,43
13,r_73_95_96,seq74,seq97,r_73_95_96,0.96,0,96,96,43
15,r_88_84_137,seq89,r_36_81_61,r_36_81_61,1.0,76,137,61,43
2,r_1_116_89,r_7_42_89,r_144_117_22,r_1_116_89,1.0,0,89,89,43
40,r_31_142_33,r_16_96_165,seq141,r_31_142_33,1.0,0,33,33,43
4,r_0_30_50,r_1_116_89,seq38,r_1_116_89,1.0,-37,52,89,43
6,r_140_79_28,seq141,seq77,r_140_79_28,0.99,0,28,28,43
0,r_35_100_18,r_36_81_61,seq101,r_35_100_18,0.94,0,18,18,43
8,r_72_134_28,r_73_95_96,seq135,r_72_134_28,1.0,0,28,28,43
47,r_113_126_114,r_120_50_158,r_139_127_63,r_113_126_114,0.83,0,114,114,43
74,seq61,seq65,r_115_63_86,r_115_63_86,1.0,15,101,86,43
18,r_139_127_63,seq135,seq124,r_139_127_63,0.97,0,63,63,43
29,r_115_63_86,seq114,seq61,r_115_63_86,1.0,1,87,86,43
24,r_14_13_111,r_16_96_165,r_49_11_92,r_49_11_92,0.57,0,92,92,43
34,r_12_6_21,r_7_42_89,r_29_5_105,r_7_42_89,0.48,2,91,89,43
88,seq101,r_103_25_156,r_54_102_56,r_54_102_56,1.0,100,156,56,43
38,r_106_47_80,r_105_56_133,seq48,r_106_47_80,0.98,0,80,80,43
2,r_1_116_89,r_4_24_52,r_7_42_89,r_4_24_52,0.93,0,52,52,43
94,seq114,r_115_63_86,r_144_117_22,r_115_63_86,0.94,1,87,86,43
9,r_40_58_85,seq39,r_149_60_60,r_40_58_85,1.0,0,85,85,43
96,seq121,seq123,r_54_102_56,r_54_102_56,1.0,105,161,56,43
11,r_105_56_133,seq107,r_40_58_85,r_105_56_133,0.99,0,133,133,43
34,r_12_6_21,r_16_96_165,r_7_42_89,r_12_6_21,0.75,0,21,21,43
28,r_29_5_105,r_87_28_13,r_12_6_21,r_29_5_105,0.6,0,105,105,43
22,r_125_64_86,seq124,r_115_63_86,r_125_64_86,1.0,0,86,86,43
35,r_80_26_40,r_83_67_172,seq27,r_80_26_40,1.0,0,40,40,43
7,r_16_96_165,seq17,r_143_98_6,r_16_96_165,0.75,0,165,165,43
12,r_147_137_13,seq136,r_72_134_28,r_72_134_28,1.0,79,107,28,43
30,r_119_44_126,seq120,r_64_43_111,r_119_44_126,0.77,0,126,126,44
52,seq2,r_3_130_30,seq1,r_3_130_30,1.0,1,31,30,44
47,r_49_4_19,r_47_41_169,seq6,r_49_4_19,0.99,0,19,19,44
14,r_25_103_180,seq28,seq105,r_25_103_180,0.25,0,180,180,44
8,r_24_84_161,seq22,r_145_89_83,r_24_84_161,0.79,0,161,161,44
43,r_131_5_66,r_135_116_80,seq6,r_131_5_66,1.0,0,66,66,44
42,r_70_86_125,seq63,r_91_87_122,r_91_87_122,0.53,3,125,122,44
29,r_23_0_26,r_9_114_61,seq1,r_9_114_61,1.0,-10,51,61,44
16,r_104_66_84,seq106,seq69,r_104_66_84,0.98,1,85,84,44
97,seq122,r_124_33_153,r_113_123_19,r_113_123_19,0.85,84,103,19,44
42,r_70_86_125,r_56_39_134,r_91_87_122,r_70_86_125,0.54,-46,79,125,44
42,r_70_86_125,r_3_130_30,seq63,r_3_130_30,0.36,81,111,30,44
32,r_100_11_76,r_13_59_174,r_134_7_33,r_134_7_33,0.41,140,173,33,44
19,r_47_41_169,seq48,r_64_43_111,r_64_43_111,0.94,56,167,111,44
21,r_3_130_30,seq2,r_131_5_66,r_3_130_30,0.98,0,30,30,44
27,r_113_123_19,r_104_66_84,r_124_33_153,r_113_123_19,0.92,0,19,19,44
27,r_113_123_19,r_124_33_153,seq122,r_113_123_19,0.55,126,145,19,44
39,r_124_33_153,seq122,r_113_123_19,r_113_123_19,1.0,10,29,19,44
39,r_124_33_153,r_113_123_19,r_132_32_46,r_124_33_153,0.65,0,153,153,44
31,r_145_89_83,r_143_142_3,seq90,r_145_89_83,0.95,0,83,83,44
41,r_62_27_86,r_58_83_137,seq28,r_62_27_86,1.0,0,86,86,44
21,r_3_130_30,r_131_5_66,r_75_129_66,r_3_130_30,0.97,36,66,30,44
3,r_58_83_137,r_61_88_165,r_80_77_40,r_58_83_137,0.55,0,137,137,44
10,r_51_112_135,seq52,seq110,r_51_112_135,0.53,1,136,135,44
26,r_146_60_135,seq148,seq63,r_146_60_135,0.69,0,135,135,44
99,seq127,seq125,r_144_126_168,r_144_126_168,0.8,9,177,168,44
20,r_143_142_3,r_144_126_168,r_109_141_13,r_143_142_3,0.55,94,97,3,44
13,r_98_55_74,r_100_11_76,seq57,r_100_11_76,0.71,-2,74,76,44
29,r_23_0_26,r_24_84_161,r_9_114_61,r_23_0_26,0.85,0,26,26,44
15,r_42_94_127,seq34,seq95,r_42_94_127,0.95,0,127,127,44
48,r_135_116_80,seq136,r_115_117_204,r_135_116_80,1.0,0,80,80,44
33,r_121_46_14,r_104_66_84,seq45,r_121_46_14,0.89,0,14,14,44
6,r_96_139_75,seq99,seq137,r_96_139_75,0.97,0,75,75,44
85,seq90,r_91_87_122,r_145_89_83,r_145_89_83,1.0,39,122,83,44
99,seq127,r_128_50_30,seq125,r_128_50_30,0.83,0,30,30,44
40,r_38_133_10,seq30,seq136,r_38_133_10,0.95,0,10,10,44
28,r_61_88_165,r_146_60_135,r_91_87_122,r_61_88_165,0.88,0,165,165,44
87,seq95,r_82_93_7,r_42_94_127,r_42_94_127,1.0,22,149,127,44
4,r_132_32_46,r_135_116_80,seq34,r_132_32_46,1.0,1,47,46,44
5,r_71_102_152,seq85,seq106,r_71_102_152,0.97,2,154,152,44
42,r_70_86_125,r_91_87_122,r_3_130_30,r_3_130_30,0.62,67,97,30,44
24,r_138_18_108,seq137,r_76_12_80,r_138_18_108,0.6,0,108,108,44
25,r_115_117_204,r_118_26_94,r_135_116_80,r_115_117_204,0.96,-110,94,204,44
88,seq99,seq106,r_10_97_84,r_10_97_84,1.0,0,84,84,44
70,seq48,r_47_41_169,seq52,r_47_41_169,0.69,0,169,169,44
61,seq22,r_24_84_161,r_62_27_86,r_62_27_86,1.0,76,162,86,44
32,r_100_11_76,seq106,r_13_59_174,r_100_11_76,1.0,0,76,76,44
38,r_118_26_94,r_115_117_204,r_62_27_86,r_115_117_204,0.66,-110,94,204,44
53,seq6,r_49_4_19,r_131_5_66,r_131_5_66,1.0,1,67,66,44
36,r_101_35_21,r_104_66_84,seq34,r_101_35_21,0.96,0,21,21,44
34,r_17_147_164,seq16,seq149,r_17_147_164,0.51,0,164,164,44
44,r_67_79_28,seq68,r_80_77_40,r_67_79_28,0.93,0,28,28,44
7,r_128_50_30,seq127,seq52,r_128_50_30,0.97,0,30,30,44
81,seq74,seq72,r_145_89_83,r_145_89_83,0.99,51,134,83,44
17,r_76_12_80,seq74,seq14,r_76_12_80,1.0,0,80,80,44
45,r_134_7_33,r_135_116_80,seq8,r_134_7_33,1.0,0,33,33,44
9,r_13_59_174,seq14,r_146_60_135,r_146_60_135,0.63,40,175,135,44
96,seq148,seq149,r_143_142_3,r_143_142_3,0.52,129,132,3,44
28,r_61_88_165,r_58_83_137,r_146_60_135,r_61_88_165,0.46,-28,137,165,44
49,r_144_126_168,r_143_142_3,r_113_123_19,r_144_126_168,0.39,0,168,168,44
53,seq6,seq20,r_49_4_19,r_49_4_19,0.92,4,23,19,44
23,r_75_129_66,r_76_12_80,r_3_130_30,r_75_129_66,1.0,0,66,66,44
35,r_19_54_168,seq20,seq53,r_19_54_168,0.55,0,168,168,44
12,r_10_97_84,seq8,seq99,r_10_97_84,1.0,1,85,84,44
30,r_80_2_136,r_78_39_166,r_65_3_122,r_78_39_166,1.0,-30,136,166,45
29,r_109_121_27,seq110,r_51_115_2,r_109_121_27,0.93,0,27,27,45
14,r_107_31_99,seq106,r_62_34_91,r_107_31_99,0.88,0,99,99,45
53,seq9,r_8_54_104,seq11,r_8_54_104,1.0,0,104,104,45
43,r_58_120_70,seq59,r_109_121_27,r_58_120_70,0.95,0,70,70,45
23,r_53_128_31,seq55,r_127_131_138,r_53_128_31,1.0,0,31,31,45
38,r_116_142_60,r_117_133_52,r_51_115_2,r_51_115_2,0.56,11,13,2,45
21,r_0_68_130,seq1,seq67,r_0_68_130,0.89,0,130,130,45
1,r_82_103_88,seq86,seq106,r_82_103_88,1.0,1,89,88,45
46,r_74_16_84,r_80_2_136,seq17,r_74_16_84,1.0,0,84,84,45
42,r_78_39_166,r_80_2_136,r_75_42_177,r_80_2_136,1.0,0,136,136,45
61,seq22,r_19_83_146,r_74_16_84,r_19_83_146,1.0,-4,142,146,45
27,r_111_66_123,r_82_103_88,seq64,r_111_66_123,0.93,0,123,123,45
31,r_21_118_112,seq22,r_51_115_2,r_21_118_112,0.96,0,112,112,45
41,r_8_54_104,seq9,seq55,r_8_54_104,1.0,0,104,104,45
89,seq90,r_89_70_142,r_15_88_57,r_15_88_57,1.0,83,140,57,45
10,r_10_130_139,seq11,r_127_131_138,r_10_130_139,0.71,0,139,139,45
26,r_57_92_101,seq56,seq91,r_57_92_101,0.57,1,102,101,45
0,r_20_41_41,r_19_83_146,r_60_40_37,r_20_41_41,1.0,0,41,41,45
2,r_94_149_16,seq56,r_148_81_170,r_94_149_16,0.97,0,16,16,45
4,r_126_105_162,seq125,r_82_103_88,r_82_103_88,0.85,74,162,88,45
78,seq56,r_57_92_101,seq59,r_57_92_101,0.56,2,103,101,45
20,r_89_70_142,seq90,r_0_68_130,r_0_68_130,0.58,12,142,130,45
3,r_122_26_69,r_117_133_52,r_109_121_27,r_109_121_27,0.53,18,45,27,45
15,r_93_7_128,seq91,seq11,r_93_7_128,0.79,0,128,128,45
12,r_148_81_170,r_94_149_16,seq71,r_148_81_170,0.52,0,170,170,45
13,r_127_131_138,r_53_128_31,r_114_136_53,r_114_136_53,0.57,83,136,53,45
6,r_19_83_146,seq22,r_79_84_5,r_19_83_146,0.56,0,146,146,45
62,seq23,seq36,r_104_43_61,r_104_43_61,1.0,15,76,61,45
2,r_94_149_16,r_148_81_170,r_46_147_41,r_46_147_41,0.89,129,170,41,45
27,r_111_66_123,r_126_105_162,r_82_103_88,r_82_103_88,0.57,9,97,88,45
22,r_132_95_136,r_114_136_53,r_79_84_5,r_132_95_136,0.88,0,136,136,45
47,r_87_99_65,r_89_70_142,seq97,r_87_99_65,1.0,0,65,65,45
40,r_101_123_114,seq102,r_63_124_14,r_101_123_114,0.93,0,114,114,45
24,r_73_112_150,seq72,r_5_145_100,r_73_112_150,0.64,0,150,150,45
13,r_127_131_138,r_148_81_170,r_53_128_31,r_53_128_31,1.0,0,31,31,45
3,r_122_26_69,r_109_121_27,seq25,r_122_26_69,0.99,0,69,69,45
42,r_78_39_166,r_75_42_177,r_62_34_91,r_78_39_166,0.92,0,166,166,45
33,r_5_145_100,seq6,seq143,r_5_145_100,1.0,0,100,100,45
50,seq1,r_0_68_130,seq4,r_0_68_130,0.97,0,130,130,45
61,seq22,r_21_118_112,r_19_83_146,r_21_118_112,1.0,0,112,112,45
49,r_65_3_122,seq4,r_80_2_136,r_80_2_136,1.0,3,139,136,45
32,r_44_108_163,seq45,seq110,r_44_108_163,0.56,0,163,163,45
52,seq6,r_5_145_100,seq4,r_5_145_100,1.0,-31,69,100,45
77,seq55,r_57_92_101,r_8_54_104,r_8_54_104,0.94,2,106,104,45
7,r_63_124_14,seq64,seq125,r_63_124_14,1.0,0,14,14,45
34,r_27_129_92,seq25,r_53_128_31,r_27_129_92,1.0,0,92,92,45
81,seq67,r_69_14_150,r_89_70_142,r_69_14_150,0.58,0,150,150,45
12,r_148_81_170,seq138,r_94_149_16,r_94_149_16,1.0,0,16,16,45
99,seq125,r_126_105_162,r_63_124_14,r_63_124_14,0.99,34,48,14,45
5,r_15_88_57,r_13_137_175,seq90,r_15_88_57,1.0,0,57,57,45
9,r_62_34_91,r_61_119_97,r_37_30_64,r_62_34_91,0.72,0,91,91,45
96,seq106,r_107_31_99,seq110,r_107_31_99,1.0,-2,97,99,45
29,r_109_121_27,r_51_115_2,r_58_120_70,r_58_120_70,1.0,32,102,70,45
22,r_132_95_136,seq140,r_114_136_53,r_132_95_136,0.51,-55,81,136,45
28,r_69_14_150,seq67,seq9,r_69_14_150,0.62,0,150,150,45
18,r_46_147_41,seq45,r_94_149_16,r_46_147_41,0.84,0,41,41,45
49,r_65_3_122,seq64,seq4,r_65_3_122,0.58,-1,121,122,45
44,r_135_85_62,seq134,r_79_84_5,r_135_85_62,1.0,0,62,62,45
38,r_116_142_60,r_51_115_2,seq143,r_116_142_60,0.98,0,60,60,45
25,r_114_136_53,seq113,seq134,r_114_136_53,1.0,-4,49,53,45
79,seq59,r_58_120_70,seq67,r_58_120_70,1.0,-10,60,70,45
37,r_141_146_139,seq143,r_46_147_41,r_141_146_139,0.86,0,139,139,45
23,r_53_128_31,r_127_131_138,r_27_129_92,r_27_129_92,1.0,46,138,92,45
45,r_60_40_37,r_62_34_91,r_20_41_41,r_60_40_37,0.69,0,37,37,45
30,r_26_58_154,seq27,r_110_60_144,r_26_58_154,0.85,1,155,154,46
14,r_91_40_130,r_92_70_152,r_147_39_59,r_147_39_59,0.92,72,131,59,46
39,r_75_73_68,r_76_88_159,r_131_71_47,r_131_71_47,1.0,103,150,47,46
1,r_72_35_72,r_76_88_159,seq34,r_72_35_72,0.86,0,72,72,46
5,r_52_78_157,seq53,r_17_98_60,r_17_98_60,1.0,97,157,60,46
42,r_102_38_169,seq100,r_147_39_59,r_147_39_59,0.98,113,172,59,46
80,seq69,r_68_80_165,r_92_70_152,r_68_80_165,0.57,-14,151,165,46
12,r_36_21_34,r_37_136_131,seq19,r_36_21_34,0.98,0,34,34,46
7,r_61_1_39,r_3_81_151,seq0,r_3_81_151,0.48,1,152,151,46
45,r_9_56_122,seq10,seq54,r_9_56_122,0.71,0,122,122,46
21,r_143_24_45,r_141_22_85,r_25_125_149,r_25_125_149,0.95,-104,45,149,46
24,r_111_134_86,r_51_140_50,r_37_136_131,r_37_136_131,0.99,17,148,131,46
19,r_141_22_85,seq142,r_62_20_52,r_141_22_85,0.92,0,85,85,46
32,r_44_87_46,r_51_140_50,seq84,r_51_140_50,0.71,-3,47,50,46
38,r_147_39_59,seq41,r_91_40_130,r_91_40_130,0.95,16,146,130,46
31,r_132_14_89,seq133,seq13,r_132_14_89,0.91,0,89,89,46
41,r_99_97_38,r_95_83_168,r_89_94_85,r_99_97_38,0.54,132,170,38,46
36,r_76_88_159,r_75_73_68,r_44_87_46,r_44_87_46,0.82,7,53,46,46
8,r_51_140_50,seq53,seq142,r_51_140_50,1.0,0,50,50,46
67,seq133,r_132_14_89,seq121,r_132_14_89,0.99,0,89,89,46
58,seq13,seq12,r_132_14_89,r_132_14_89,1.0,0,89,89,46
3,r_68_80_165,seq69,r_131_71_47,r_131_71_47,1.0,38,85,47,46
10,r_17_98_60,seq16,r_95_83_168,r_17_98_60,1.0,1,61,60,46
38,r_147_39_59,seq145,seq41,r_147_39_59,1.0,0,59,59,46
26,r_95_83_168,r_92_70_152,r_85_82_12,r_92_70_152,0.45,7,159,152,46
63,seq149,r_148_86_129,seq144,r_148_86_129,0.93,-3,126,129,46
11,r_43_29_123,seq42,seq28,r_43_29_123,0.56,0,123,123,46
17,r_25_125_149,r_17_98_60,r_143_24_45,r_25_125_149,0.91,-101,48,149,46
23,r_3_81_151,seq0,r_61_1_39,r_61_1_39,0.82,0,39,39,46
98,seq121,r_120_74_164,seq119,r_120_74_164,0.93,0,164,164,46
15,r_120_74_164,seq121,r_59_77_79,r_59_77_79,0.64,85,164,79,46
48,r_23_11_82,r_2_18_4,seq12,r_23_11_82,0.84,0,82,82,46
57,seq12,seq13,r_23_11_82,r_23_11_82,0.44,-26,56,82,46
21,r_143_24_45,r_25_125_149,r_62_20_52,r_25_125_149,0.57,1,150,149,46
4,r_62_20_52,seq63,seq19,r_62_20_52,1.0,0,52,52,46
37,r_139_15_87,r_62_20_52,seq27,r_139_15_87,0.53,36,123,87,46
0,r_131_71_47,r_68_80_165,r_17_98_60,r_17_98_60,0.98,113,173,60,46
2,r_129_46_17,r_127_33_136,r_146_45_8,r_129_46_17,0.79,0,17,17,46
7,r_61_1_39,r_62_20_52,r_3_81_151,r_61_1_39,1.0,0,39,39,46
27,r_65_31_143,r_68_80_165,r_72_35_72,r_68_80_165,0.56,-21,144,165,46
87,seq105,r_106_101_129,seq107,r_106_101_129,1.0,1,130,129,46
37,r_139_15_87,seq142,r_62_20_52,r_139_15_87,0.98,0,87,87,46
47,r_148_86_129,seq149,r_85_82_12,r_148_86_129,0.79,0,129,129,46
74,seq53,r_52_78_157,seq49,r_52_78_157,0.66,0,157,157,46
18,r_59_77_79,seq63,r_76_88_159,r_59_77_79,0.89,3,82,79,46
29,r_96_128_129,r_92_70_152,r_93_126_99,r_92_70_152,0.99,-23,129,152,46
24,r_111_134_86,r_115_122_193,r_51_140_50,r_51_140_50,0.78,35,85,50,46
37,r_139_15_87,r_138_47_46,seq142,r_138_47_46,1.0,-7,39,46,46
25,r_115_122_193,seq114,r_25_125_149,r_25_125_149,0.78,46,195,149,46
36,r_76_88_159,r_44_87_46,r_59_77_79,r_59_77_79,0.67,0,79,79,46
64,seq27,r_26_58_154,r_62_20_52,r_62_20_52,0.96,99,151,52,46
50,seq0,r_3_81_151,r_61_1_39,r_61_1_39,0.84,85,124,39,46
70,seq41,seq30,r_91_40_130,r_91_40_130,0.89,10,140,130,46
34,r_127_33_136,seq130,r_72_35_72,r_127_33_136,0.83,0,136,136,46
0,r_131_71_47,r_127_33_136,r_68_80_165,r_131_71_47,0.73,0,47,47,46
60,seq16,r_17_98_60,seq13,r_17_98_60,1.0,0,60,60,46
13,r_138_47_46,r_139_15_87,seq49,r_138_47_46,1.0,0,46,46,46
9,r_89_94_85,seq90,r_99_97_38,r_89_94_85,0.66,-12,73,85,46
22,r_135_67_93,seq137,seq69,r_135_67_93,0.96,0,93,93,46
49,r_93_126_99,r_92_70_152,seq130,r_93_126_99,1.0,1,100,99,46
56,seq10,r_9_56_122,seq8,r_9_56_122,1.0,-27,95,122,46
18,r_59_77_79,r_76_88_159,r_120_74_164,r_59_77_79,0.68,91,170,79,46
44,r_37_136_131,seq32,r_111_134_86,r_37_136_131,0.46,0,131,131,46
17,r_25_125_149,r_143_24_45,seq123,r_25_125_149,0.64,1,150,149,46
35,r_106_101_129,seq105,seq100,r_106_101_129,0.48,1,130,129,46
36,r_76_88_159,r_59_77_79,r_85_82_12,r_59_77_79,0.73,80,159,79,46
58,seq13,r_17_98_60,seq12,r_17_98_60,0.91,-12,48,60,46
23,r_3_81_151,r_61_1_39,r_85_82_12,r_3_81_151,0.78,0,151,151,46
84,seq100,r_102_38_169,r_131_71_47,r_131_71_47,1.0,130,177,47,46
30,r_67_3_19,r_65_132_140,r_59_6_30,r_65_132_140,1.0,-38,102,140,47
44,r_146_117_14,r_116_49_186,r_8_123_84,r_8_123_84,1.0,25,109,84,47
36,r_136_45_160,seq134,r_37_52_38,r_136_45_160,0.5,1,161,160,47
36,r_136_45_160,r_37_52_38,r_116_49_186,r_136_45_160,0.46,28,188,160,47
14,r_46_4_69,r_47_115_66,r_110_5_42,r_46_4_69,1.0,-3,66,69,47
8,r_124_84_182,seq128,seq83,r_124_84_182,0.35,0,182,182,47
43,r_50_131_56,seq51,r_136_45_160,r_50_131_56,1.0,1,57,56,47
13,r_13_7_213,r_12_74_107,r_10_9_164,r_12_74_107,0.99,-55,52,107,47
54,seq14,r_43_33_178,r_103_16_30,r_103_16_30,0.99,54,84,30,47
83,seq86,r_87_130_71,seq89,r_87_130_71,1.0,0,71,71,47
37,r_112_147_70,seq113,seq148,r_112_147_70,0.91,0,70,70,47
16,r_47_115_66,r_46_4_69,seq114,r_47_115_66,1.0,0,66,66,47
21,r_62_2_95,seq63,r_96_1_31,r_62_2_95,1.0,0,95,95,47
39,r_122_101_151,r_146_117_14,r_8_123_84,r_8_123_84,1.0,1,85,84,47
1,r_53_0_72,r_56_39_169,r_96_1_31,r_53_0_72,1.0,0,72,72,47
5,r_87_130_71,r_88_30_144,seq128,r_87_130_71,1.0,0,71,71,47
46,r_21_77_119,r_23_31_178,r_12_74_107,r_21_77_119,0.6,0,119,119,47
42,r_41_119_181,seq40,r_92_120_53,r_41_119_181,0.67,0,181,181,47
72,seq66,r_65_132_140,r_78_68_35,r_65_132_140,0.55,-93,47,140,47
41,r_103_16_30,r_99_19_159,seq14,r_103_16_30,1.0,0,30,30,47
15,r_110_5_42,r_109_55_89,r_59_6_30,r_110_5_42,1.0,0,42,42,47
33,r_71_137_79,r_145_141_145,r_112_147_70,r_145_141_145,0.36,11,156,145,47
22,r_29_126_15,seq20,seq127,r_29_126_15,0.84,0,15,15,47
85,seq91,r_92_120_53,seq86,r_92_120_53,0.8,1,54,53,47
39,r_122_101_151,r_8_123_84,seq100,r_122_101_151,1.0,0,151,151,47
31,r_116_49_186,r_146_117_14,r_8_123_84,r_8_123_84,1.0,34,118,84,47
44,r_146_117_14,seq148,r_116_49_186,r_116_49_186,0.47,-164,22,186,47
3,r_12_74_107,r_13_7_213,seq73,r_12_74_107,0.96,0,107,107,47
10,r_102_61_138,seq98,seq63,r_102_61_138,0.95,0,138,138,47
4,r_32_140_136,seq28,r_72_138_15,r_32_140_136,1.0,0,136,136,47
78,seq80,r_71_137_79,seq81,r_71_137_79,1.0,-3,76,79,47
0,r_99_19_159,seq100,r_23_31_178,r_99_19_159,0.6,1,160,159,47
20,r_23_31_178,r_21_77_119,seq24,r_21_77_119,1.0,0,119,119,47
12,r_8_123_84,r_122_101_151,r_146_117_14,r_122_101_151,1.0,0,151,151,47
13,r_13_7_213,r_10_9_164,seq35,r_13_7_213,0.65,-46,167,213,47
6,r_108_90_122,r_111_94_107,r_47_115_66,r_47_115_66,0.94,39,105,66,47
48,r_92_120_53,seq91,seq121,r_92_120_53,1.0,0,53,53,47
17,r_59_6_30,r_67_3_19,r_110_5_42,r_110_5_42,1.0,0,42,42,47
47,r_58_144_142,seq60,r_145_141_145,r_58_144_142,0.9,0,142,142,47
40,r_111_94_107,r_108_90_122,seq100,r_111_94_107,0.94,0,107,107,47
27,r_37_52_38,r_36_97_131,seq51,r_37_52_38,1.0,0,38,38,47
29,r_36_97_131,seq35,r_15_95_1,r_36_97_131,0.92,0,131,131,47
24,r_11_76_65,r_10_9_164,seq73,r_11_76_65,0.99,0,65,65,47
25,r_149_25_89,seq148,seq26,r_149_25_89,1.0,0,89,89,47
43,r_50_131_56,r_136_45_160,r_65_132_140,r_50_131_56,0.78,94,150,56,47
33,r_71_137_79,seq75,r_145_141_145,r_71_137_79,1.0,0,79,79,47
69,seq60,r_59_6_30,seq57,r_59_6_30,0.93,-10,20,30,47
18,r_78_68_35,seq75,seq66,r_78_68_35,0.77,12,47,35,47
6,r_108_90_122,r_47_115_66,seq91,r_47_115_66,0.55,53,119,66,47
68,seq57,r_56_39_169,r_109_55_89,r_109_55_89,0.98,80,169,89,47
17,r_59_6_30,seq60,r_67_3_19,r_59_6_30,0.79,0,30,30,47
38,r_109_55_89,r_108_90_122,seq57,r_109_55_89,1.0,0,89,89,47
34,r_88_30_144,seq89,seq35,r_88_30_144,0.94,0,144,144,47
53,seq139,r_145_141_145,r_72_138_15,r_72_138_15,1.0,27,42,15,47
31,r_116_49_186,r_8_123_84,seq48,r_116_49_186,0.97,0,186,186,47
28,r_18_27_167,seq28,seq24,r_18_27_167,0.95,-34,133,167,47
7,r_43_33_178,r_44_135_94,r_23_31_178,r_44_135_94,0.97,-1,93,94,47
19,r_96_1_31,r_99_19_159,r_53_0_72,r_96_1_31,0.99,-1,30,31,47
23,r_44_135_94,r_43_33_178,seq134,r_44_135_94,0.98,0,94,94,47
12,r_8_123_84,r_12_74_107,r_122_101_151,r_8_123_84,0.81,0,84,84,47
84,seq89,r_88_30_144,seq86,r_88_30_144,1.0,0,144,144,47
85,seq79,seq149,r_116_114_121,r_116_114_121,0.63,-47,74,121,48
30,r_3_103_102,r_6_44_120,r_115_101_20,r_3_103_102,0.99,0,102,102,48
44,r_105_97_56,r_51_96_8,r_68_98_135,r_68_98_135,1.0,33,168,135,48
36,r_124_25_138,seq123,seq28,r_124_25_138,0.98,0,138,138,48
14,r_93_111_168,seq92,r_116_114_121,r_93_111_168,0.53,0,168,168,48
0,r_68_98_135,r_13_62_19,r_82_69_53,r_82_69_53,1.0,2,55,53,48
16,r_54_41_10,r_48_136_105,r_42_4_137,r_54_41_10,0.79,0,10,10,48
37,r_89_130_82,r_88_125_94,r_95_132_37,r_89_130_82,0.6,0,82,82,48
55,seq12,seq5,r_143_14_58,r_143_14_58,1.0,117,175,58,48
21,r_140_131_158,seq139,r_49_134_141,r_49_134_141,0.8,15,156,141,48
1,r_87_9_76,seq85,seq8,r_87_9_76,1.0,0,76,76,48
46,r_73_11_103,seq75,r_143_14_58,r_73_11_103,0.48,0,103,103,48
42,r_71_86_58,r_68_98_135,seq85,r_71_86_58,0.8,0,58,58,48
7,r_117_1_47,seq5,r_27_2_111,r_27_2_111,0.97,46,157,111,48
45,r_116_114_121,seq118,r_112_99_89,r_112_99_89,0.62,39,128,89,48
95,seq118,r_116_114_121,seq121,r_116_114_121,0.65,2,123,121,48
76,seq50,r_49_134_141,seq46,r_49_134_141,0.98,1,142,141,48
38,r_72_60_133,r_128_78_62,seq61,r_72_60_133,0.96,0,133,133,48
27,r_66_109_17,r_64_113_180,seq110,r_66_109_17,0.99,0,17,17,48
44,r_105_97_56,seq107,r_51_96_8,r_105_97_56,0.93,1,57,56,48
3,r_100_77_97,seq107,r_112_99_89,r_100_77_97,0.41,-34,63,97,48
40,r_21_142_44,seq20,seq146,r_21_142_44,0.99,1,45,44,48
26,r_7_43_163,seq5,r_54_41_10,r_54_41_10,0.63,150,160,10,48
16,r_54_41_10,r_42_4_137,seq39,r_42_4_137,0.96,0,137,137,48
82,seq63,r_64_113_180,r_13_62_19,r_13_62_19,0.83,10,29,19,48
4,r_27_2_111,seq28,r_117_1_47,r_117_1_47,0.81,64,111,47,48
29,r_82_69_53,r_87_9_76,r_68_98_135,r_82_69_53,0.65,0,53,53,48
85,seq79,r_116_114_121,r_80_81_13,r_116_114_121,0.72,-26,95,121,48
11,r_34_104_139,seq35,r_3_103_102,r_34_104_139,0.56,0,139,139,48
17,r_84_26_48,r_87_9_76,seq28,r_84_26_48,0.84,0,48,48,48
20,r_49_134_141,seq50,seq133,r_49_134_141,0.51,0,141,141,48
85,seq79,r_80_81_13,r_51_96_8,r_80_81_13,0.5,103,116,13,48
6,r_137_145_78,seq133,seq146,r_137_145_78,0.96,1,79,78,48
99,seq127,r_128_78_62,r_95_132_37,r_128_78_62,0.88,-1,61,62,48
31,r_94_70_65,r_95_132_37,r_87_9_76,r_95_132_37,0.97,0,37,37,48
87,seq92,r_93_111_168,r_129_90_57,r_129_90_57,1.0,111,168,57,48
2,r_91_65_109,seq92,r_13_62_19,r_91_65_109,0.98,0,109,109,48
0,r_68_98_135,r_82_69_53,r_105_97_56,r_68_98_135,0.99,0,135,135,48
93,seq110,r_108_135_184,r_66_109_17,r_66_109_17,1.0,12,29,17,48
41,r_51_96_8,r_68_98_135,r_105_97_56,r_51_96_8,0.77,2,10,8,48
24,r_112_99_89,seq110,r_122_106_16,r_122_106_16,0.79,71,87,16,48
25,r_64_113_180,seq63,r_93_111_168,r_64_113_180,0.35,0,180,180,48
33,r_126_40_181,seq123,seq39,r_126_40_181,0.63,0,181,181,48
35,r_128_78_62,r_72_60_133,r_100_77_97,r_100_77_97,0.55,0,97,97,48
13,r_13_62_19,r_10_17_176,seq63,r_13_62_19,0.83,0,19,19,48
28,r_58_120_46,seq53,seq121,r_58_120_46,1.0,0,46,46,48
66,seq28,r_27_2_111,r_84_26_48,r_84_26_48,1.0,0,48,48,48
0,r_68_98_135,r_67_37_29,r_13_62_19,r_67_37_29,0.62,0,29,29,48
10,r_36_38_120,r_33_59_155,r_67_37_29,r_67_37_29,0.67,4,33,29,48
39,r_129_90_57,r_128_78_62,seq92,r_129_90_57,0.91,0,57,57,48
32,r_6_44_120,seq5,seq45,r_6_44_120,0.93,0,120,120,48
38,r_72_60_133,r_73_11_103,r_128_78_62,r_128_78_62,0.98,6,68,62,48
3,r_100_77_97,r_112_99_89,r_128_78_62,r_100_77_97,0.9,0,97,97,48
23,r_67_37_29,r_68_98_135,seq39,r_67_37_29,0.85,1,30,29,48
22,r_76_83_89,seq75,r_80_81_13,r_76_83_89,1.0,0,89,89,48
31,r_94_70_65,r_87_9_76,r_82_69_53,r_94_70_65,0.51,0,65,65,48
29,r_82_69_53,r_68_98_135,r_94_70_65,r_82_69_53,0.83,14,67,53,48
43,r_42_4_137,r_34_104_139,r_54_41_10,r_54_41_10,1.0,0,10,10,48
19,r_143_14_58,seq148,seq12,r_143_14_58,1.0,0,58,58,48
35,r_128_78_62,seq127,r_72_60_133,r_128_78_62,0.98,0,62,62,48
34,r_122_106_16,seq119,seq107,r_122_106_16,0.97,2,18,16,48
23,r_67_37_29,seq39,r_36_38_120,r_67_37_29,0.7,30,59,29,48
7,r_117_1_47,r_116_114_121,seq5,r_117_1_47,1.0,-1,46,47,48
97,seq121,seq119,r_58_120_46,r_58_120_46,1.0,0,46,46,48
51,seq1,r_0_4_5,r_42_2_79,r_42_2_79,1.0,0,79,79,49
40,r_82_6_20,seq79,r_0_4_5,r_82_6_20,1.0,0,20,20,49
36,r_119_77_121,r_120_102_134,seq79,r_119_77_121,0.75,0,121,121,49
14,r_120_102_134,r_119_77_121,seq122,r_119_77_121,0.77,-25,96,121,49
27,r_113_46_149,seq107,r_16_114_125,r_16_114_125,0.96,0,125,125,49
43,r_112_83_89,seq109,r_115_85_46,r_112_83_89,0.63,0,89,89,49
37,r_86_78_153,seq88,r_115_85_46,r_115_85_46,0.86,108,154,46,49
19,r_7_84_170,r_0_4_5,r_115_85_46,r_115_85_46,0.51,124,170,46,49
30,r_137_60_12,r_149_130_136,r_117_59_11,r_137_60_12,0.89,0,12,12,49
5,r_142_103_104,r_143_96_110,r_18_106_5,r_18_106_5,0.84,97,102,5,49
42,r_143_96_110,r_142_103_104,r_140_3_115,r_140_3_115,0.53,-27,88,115,49
13,r_131_26_53,seq132,seq25,r_131_26_53,1.0,-5,48,53,49
75,seq57,r_56_9_14,r_117_59_11,r_56_9_14,0.94,-1,13,14,49
1,r_41_55_33,r_47_30_164,seq54,r_41_55_33,0.65,1,34,33,49
66,seq32,seq25,r_90_34_136,r_90_34_136,0.98,1,137,136,49
8,r_56_9_14,r_58_145_17,seq11,r_56_9_14,0.98,0,14,14,49
27,r_113_46_149,r_16_114_125,r_148_50_91,r_113_46_149,0.77,0,149,149,49
44,r_76_99_57,r_75_48_115,seq97,r_76_99_57,0.93,0,57,57,49
41,r_16_114_125,r_113_46_149,r_116_100_92,r_16_114_125,0.69,24,149,125,49
10,r_47_30_164,seq44,r_13_36_149,r_13_36_149,0.76,14,163,149,49
46,r_75_48_115,r_69_91_124,r_148_50_91,r_75_48_115,0.73,1,116,115,49
26,r_61_110_154,seq62,seq107,r_61_110_154,0.34,0,154,154,49
0,r_0_4_5,r_5_17_52,r_82_6_20,r_0_4_5,0.99,18,23,5,49
4,r_42_2_79,seq43,seq1,r_42_2_79,1.0,0,79,79,49
78,seq66,r_68_89_165,r_108_65_24,r_108_65_24,1.0,141,165,24,49
69,seq43,r_42_2_79,seq44,r_42_2_79,1.0,-38,41,79,49
74,seq54,r_47_30_164,r_41_55_33,r_41_55_33,0.64,0,33,33,49
20,r_121_22_73,r_120_102_134,seq24,r_121_22_73,0.99,0,73,73,49
15,r_81_10_76,seq80,seq8,r_81_10_76,1.0,0,76,76,49
48,r_15_133_106,r_16_114_125,seq132,r_15_133_106,0.93,0,106,106,49
57,seq11,r_12_49_151,r_81_10_76,r_81_10_76,0.99,6,82,76,49
13,r_131_26_53,seq25,r_13_36_149,r_13_36_149,0.94,2,151,149,49
17,r_29_118_59,seq37,seq122,r_29_118_59,1.0,0,59,59,49
27,r_113_46_149,r_116_100_92,seq107,r_113_46_149,0.5,-56,93,149,49
49,r_5_17_52,r_0_4_5,seq19,r_5_17_52,1.0,0,52,52,49
47,r_147_35_180,r_149_130_136,r_73_144_117,r_147_35_180,0.46,-44,136,180,49
42,r_143_96_110,r_140_3_115,seq95,r_140_3_115,0.66,-6,109,115,49
18,r_140_3_115,r_141_136_135,r_0_4_5,r_140_3_115,0.92,1,116,115,49
46,r_75_48_115,r_74_63_89,r_69_91_124,r_74_63_89,0.57,0,89,89,49
24,r_67_139_164,r_68_89_165,seq138,r_68_89_165,0.36,-1,164,165,49
34,r_58_145_17,r_149_130_136,r_73_144_117,r_73_144_117,0.59,9,126,117,49
25,r_148_50_91,r_149_130_136,seq43,r_148_50_91,0.91,1,92,91,49
64,seq25,seq32,r_27_23_41,r_27_23_41,0.6,119,160,41,49
34,r_58_145_17,seq57,r_149_130_136,r_58_145_17,0.94,0,17,17,49
50,seq128,seq125,r_31_127_131,r_31_127_131,1.0,4,135,131,49
58,seq14,r_16_114_125,r_5_17_52,r_5_17_52,0.67,75,127,52,49
21,r_87_40_45,seq88,seq43,r_87_40_45,0.75,2,47,45,49
19,r_7_84_170,r_5_17_52,r_0_4_5,r_5_17_52,1.0,-42,10,52,49
68,seq39,seq43,r_52_38_95,r_52_38_95,0.31,1,96,95,49
14,r_120_102_134,seq122,seq101,r_120_102_134,0.75,0,134,134,49
46,r_75_48_115,r_76_99_57,r_74_63_89,r_76_99_57,0.69,-4,53,57,49
81,seq135,seq132,r_141_136_135,r_141_136_135,0.33,4,139,135,49
9,r_90_34_136,seq93,seq32,r_90_34_136,0.78,0,136,136,49
28,r_74_63_89,r_75_48_115,seq62,r_74_63_89,0.76,0,89,89,49
83,seq80,r_81_10_76,seq79,r_81_10_76,0.98,-37,39,76,49
56,seq138,r_141_136_135,r_15_133_106,r_15_133_106,0.98,24,130,106,49
7,r_12_49_151,seq11,r_148_50_91,r_12_49_151,0.67,0,151,151,49
23,r_116_100_92,r_113_46_149,seq101,r_113_46_149,0.72,-34,115,149,49
82,seq79,seq80,r_119_77_121,r_119_77_121,0.9,1,122,121,49
90,seq101,r_116_100_92,r_120_102_134,r_120_102_134,0.59,1,135,134,49
11,r_115_85_46,r_116_100_92,seq79,r_115_85_46,0.97,0,46,46,49
12,r_149_130_136,r_147_35_180,seq129,r_147_35_180,0.68,-44,136,180,49
93,seq114,r_115_16_112,r_61_116_10,r_115_16_112,1.0,0,112,112,50
40,r_115_16_112,r_83_17_29,r_128_5_90,r_115_16_112,0.4,77,189,112,50
51,seq2,r_3_38_106,seq1,r_3_38_106,1.0,-2,104,106,50
36,r_55_60_115,r_56_144_183,seq57,r_56_144_183,0.62,-58,125,183,50
13,r_23_32_24,r_22_147_112,r_31_112_140,r_23_32_24,0.89,0,24,24,50
92,seq109,seq108,r_51_110_135,r_51_110_135,0.83,2,137,135,50
14,r_80_73_77,seq81,r_113_74_17,r_80_73_77,0.81,1,78,77,50
8,r_128_5_90,seq126,r_15_8_127,r_128_5_90,1.0,0,90,90,50
53,seq9,r_7_145_137,r_15_8_127,r_7_145_137,1.0,0,137,137,50
43,r_22_147_112,seq24,r_58_149_70,r_22_147_112,1.0,0,112,112,50
3,r_31_112_140,seq34,r_23_32_24,r_31_112_140,0.63,-105,35,140,50
37,r_89_102_84,seq88,seq100,r_89_102_84,0.93,1,85,84,50
3,r_31_112_140,r_23_32_24,r_51_110_135,r_31_112_140,0.71,0,140,140,50
86,seq88,r_89_102_84,r_0_86_73,r_0_86_73,0.99,12,85,73,50
16,r_25_84_84,r_30_118_130,r_0_86_73,r_25_84_84,0.96,0,84,84,50
21,r_30_118_130,seq28,seq117,r_30_118_130,0.95,0,130,130,50
39,r_77_72_62,seq76,seq70,r_77_72_62,0.92,0,62,62,50
97,seq125,seq123,r_6_124_113,r_6_124_113,1.0,6,119,113,50
5,r_7_145_137,seq9,r_148_143_116,r_7_145_137,0.99,0,137,137,50
46,r_59_119_106,r_58_149_70,r_50_10_141,r_58_149_70,1.0,16,86,70,50
42,r_68_79_92,r_69_90_131,seq81,r_68_79_92,0.66,0,92,92,50
11,r_101_26_33,seq100,seq27,r_101_26_33,1.0,0,33,33,50
2,r_18_140_10,seq19,seq139,r_18_140_10,0.97,0,10,10,50
45,r_58_149_70,r_59_119_106,r_148_143_116,r_58_149_70,0.79,0,70,70,50
27,r_146_135_201,r_58_149_70,r_18_140_10,r_58_149_70,0.42,135,205,70,50
66,seq37,r_43_129_182,seq41,r_43_129_182,0.93,-1,181,182,50
22,r_69_90_131,r_77_72_62,r_0_86_73,r_0_86_73,0.44,58,131,73,50
31,r_141_85_151,seq139,r_0_86_73,r_0_86_73,0.95,80,153,73,50
41,r_148_143_116,seq123,r_58_149_70,r_58_149_70,0.96,4,74,70,50
46,r_59_119_106,r_50_10_141,seq120,r_59_119_106,0.95,0,106,106,50
26,r_40_94_134,r_39_111_200,r_134_96_60,r_40_94_134,0.94,0,134,134,50
4,r_3_38_106,seq2,r_43_129_182,r_3_38_106,0.94,0,106,106,50
0,r_134_96_60,seq131,r_99_121_154,r_134_96_60,0.96,0,60,60,50
41,r_148_143_116,r_18_140_10,r_7_145_137,r_7_145_137,1.0,0,137,137,50
48,r_66_53_152,seq62,seq52,r_66_53_152,0.7,0,152,152,50
4,r_3_38_106,r_43_129_182,seq41,r_43_129_182,1.0,-1,181,182,50
57,seq19,r_20_33_172,seq21,r_20_33_172,0.91,0,172,172,50
13,r_23_32_24,r_31_112_140,seq35,r_31_112_140,0.95,0,140,140,50
6,r_45_71_117,r_43_129_182,r_77_72_62,r_45_71_117,1.0,0,117,117,50
0,r_134_96_60,r_99_121_154,r_40_94_134,r_40_94_134,1.0,20,154,134,50
27,r_146_135_201,seq123,r_58_149_70,r_58_149_70,0.99,4,74,70,50
30,r_97_130_57,r_99_121_154,seq131,r_97_130_57,0.94,0,57,57,50
10,r_83_17_29,r_92_132_182,seq19,r_83_17_29,0.99,0,29,29,50
47,r_142_133_116,r_141_85_151,r_97_130_57,r_142_133_116,0.88,0,116,116,50
40,r_115_16_112,seq114,r_83_17_29,r_115_16_112,0.91,0,112,112,50
18,r_136_47_184,seq137,r_122_48_178,r_136_47_184,0.38,0,184,184,50
29,r_56_144_183,r_55_60_115,seq52,r_55_60_115,0.8,4,119,115,50
33,r_20_33_172,seq24,seq35,r_20_33_172,0.52,0,172,172,50
88,seq104,r_103_87_151,seq105,r_103_87_151,0.67,0,151,151,50
44,r_61_116_10,r_66_53_152,seq114,r_61_116_10,0.87,0,10,10,50
41,r_148_143_116,r_58_149_70,r_18_140_10,r_58_149_70,0.85,48,118,70,50
38,r_6_124_113,r_15_8_127,seq125,r_6_124_113,0.98,1,114,113,50
45,r_58_149_70,r_148_143_116,r_22_147_112,r_22_147_112,1.0,6,118,112,50
75,seq57,r_58_149_70,seq46,r_58_149_70,0.92,-5,65,70,50
28,r_98_93_43,r_99_121_154,seq88,r_98_93_43,0.5,13,56,43,50
17,r_99_121_154,r_98_93_43,r_134_96_60,r_134_96_60,0.67,11,71,60,50
94,seq117,seq120,r_30_118_130,r_30_118_130,1.0,26,156,130,50
9,r_0_86_73,r_3_38_106,seq88,r_0_86_73,1.0,0,73,73,50
15,r_75_13_54,r_77_72_62,r_15_8_127,r_75_13_54,1.0,0,54,54,50
29,r_56_144_183,seq52,r_7_145_137,r_56_144_183,1.0,0,183,183,50
22,r_69_90_131,r_68_79_92,r_77_72_62,r_69_90_131,0.6,-39,92,131,50
7,r_50_10_141,seq52,seq9,r_50_10_141,0.54,0,141,141,50
49,r_65_95_151,seq64,r_134_96_60,r_65_95_151,0.59,11,162,151,50
87,seq100,r_101_26_33,r_89_102_84,r_101_26_33,0.89,1,34,33,50
23,r_43_129_182,seq44,seq127,r_43_129_182,0.79,0,182,182,50
17,r_99_121_154,r_134_96_60,seq120,r_99_121_154,0.99,0,154,154,50
75,seq57,seq46,r_55_60_115,r_55_60_115,0.68,71,186,115,50
35,r_103_87_151,seq104,r_0_86_73,r_0_86_73,1.0,78,151,73,50
12,r_138_91_133,seq137,r_0_86_73,r_0_86_73,0.93,61,134,73,50
51,seq130,r_128_51_171,r_107_131_115,r_107_131_115,0.48,26,141,115,51
92,seq103,r_102_7_153,r_32_104_55,r_32_104_55,1.0,9,64,55,51
14,r_57_143_86,seq58,seq138,r_57_143_86,1.0,0,86,86,51
8,r_75_142_101,seq74,r_57_143_86,r_75_142_101,0.77,0,101,101,51
37,r_102_7_153,seq103,r_136_2_14,r_102_7_153,0.67,1,154,153,51
59,seq15,r_17_73_150,seq13,r_17_73_150,0.77,-5,145,150,51
98,seq126,r_125_48_20,seq121,r_125_48_20,0.94,-4,16,20,51
55,seq135,r_72_149_48,r_57_143_86,r_57_143_86,0.72,18,104,86,51
11,r_101_114_10,r_78_59_114,r_112_137_134,r_101_114_10,0.94,0,10,10,51
55,seq135,seq141,r_72_149_48,r_72_149_48,1.0,21,69,48,51
23,r_17_73_150,r_16_14_137,seq15,r_17_73_150,0.56,-13,137,150,51
16,r_36_144_134,seq31,seq146,r_36_144_134,0.68,0,134,134,51
21,r_44_27_174,r_42_49_195,seq21,r_44_27_174,0.38,0,174,174,51
46,r_16_14_137,r_17_73_150,seq13,r_16_14_137,0.49,0,137,137,51
43,r_6_29_29,r_0_119_165,seq21,r_6_29_29,1.0,3,32,29,51
19,r_83_28_68,seq82,r_6_29_29,r_83_28_68,1.0,0,68,68,51
70,seq41,seq39,r_116_40_6,r_116_40_6,0.8,47,53,6,51
11,r_101_114_10,r_112_137_134,r_115_113_83,r_112_137_134,0.99,-1,133,134,51
95,seq110,r_112_137_134,r_115_113_83,r_112_137_134,1.0,-1,133,134,51
76,seq62,r_61_132_162,r_89_56_65,r_89_56_65,1.0,36,101,65,51
36,r_32_104_55,seq31,seq103,r_32_104_55,1.0,0,55,55,51
41,r_43_129_83,r_44_27_174,seq127,r_43_129_83,1.0,0,83,83,51
30,r_125_48_20,seq126,seq47,r_125_48_20,1.0,0,20,20,51
3,r_0_119_165,seq1,seq117,r_0_119_165,0.4,0,165,165,51
97,seq121,seq126,r_9_122_29,r_9_122_29,1.0,3,32,29,51
4,r_115_113_83,r_120_34_159,r_101_114_10,r_115_113_83,0.88,0,83,83,51
5,r_111_124_187,r_112_137_134,r_101_114_10,r_111_124_187,0.93,-140,47,187,51
23,r_17_73_150,seq15,seq74,r_17_73_150,0.84,0,150,150,51
15,r_81_86_72,r_83_28_68,seq85,r_83_28_68,1.0,0,68,68,51
48,r_145_108_114,seq148,seq105,r_145_108_114,0.58,0,114,114,51
13,r_112_137_134,r_111_124_187,r_71_139_9,r_112_137_134,0.98,0,134,134,51
33,r_3_100_20,r_0_119_165,seq103,r_3_100_20,0.99,1,21,20,51
85,seq82,r_81_86_72,r_18_80_104,r_18_80_104,1.0,16,120,104,51
31,r_72_149_48,seq70,seq148,r_72_149_48,0.99,0,48,48,51
84,seq79,r_75_142_101,r_33_77_25,r_33_77_25,0.91,0,25,25,51
99,seq127,r_128_51_171,r_9_122_29,r_9_122_29,0.97,135,164,29,51
27,r_89_56_65,r_88_147_65,seq58,r_89_56_65,0.99,0,65,65,51
30,r_125_48_20,seq47,r_128_51_171,r_128_51_171,0.78,1,172,171,51
2,r_78_59_114,r_76_97_151,r_89_56_65,r_76_97_151,0.9,-37,114,151,51
74,seq53,r_55_123_152,r_89_56_65,r_89_56_65,1.0,87,152,65,51
18,r_95_91_75,seq96,seq90,r_95_91_75,0.69,33,108,75,51
29,r_61_132_162,seq62,seq134,r_61_132_162,0.24,0,162,162,51
24,r_42_49_195,r_44_27_174,seq45,r_44_27_174,0.66,1,175,174,51
25,r_93_118_127,seq90,seq117,r_93_118_127,0.97,0,127,127,51
58,seq13,seq12,r_16_14_137,r_16_14_137,0.68,22,159,137,51
1,r_9_122_29,r_0_119_165,seq121,r_9_122_29,1.0,0,29,29,51
20,r_52_38_38,r_55_123_152,seq37,r_52_38_38,1.0,0,38,38,51
42,r_30_92_106,r_6_29_29,r_95_91_75,r_30_92_106,0.95,0,106,106,51
10,r_54_140_14,r_57_143_86,r_71_139_9,r_54_140_14,0.57,0,14,14,51
38,r_18_80_104,r_17_73_150,seq82,r_18_80_104,0.95,0,104,104,51
34,r_107_131_115,seq109,seq130,r_107_131_115,0.8,0,115,115,51
82,seq70,r_72_149_48,seq90,r_72_149_48,0.97,0,48,48,51
9,r_35_63_63,seq37,seq66,r_35_63_63,1.0,1,64,63,51
68,seq37,r_36_144_134,r_52_38_38,r_52_38_38,0.54,16,54,38,51
22,r_50_87_141,seq47,r_95_91_75,r_50_87_141,0.62,0,141,141,51
28,r_25_106_71,r_23_26_183,seq105,r_25_106_71,1.0,0,71,71,51
91,seq98,r_99_60_162,r_76_97_151,r_76_97_151,0.85,11,162,151,51
49,r_67_11_145,seq65,r_8_10_187,r_67_11_145,0.61,0,145,145,51
7,r_88_147_65,r_89_56_65,r_72_149_48,r_89_56_65,1.0,0,65,65,51
44,r_55_123_152,seq53,r_9_122_29,r_9_122_29,0.94,120,149,29,51
23,r_17_73_150,r_18_80_104,r_16_14_137,r_18_80_104,1.0,-20,84,104,51
42,r_30_92_106,seq19,r_6_29_29,r_6_29_29,0.99,0,29,29,51
63,seq148,seq146,r_72_149_48,r_72_149_48,1.0,9,57,48,51
0,r_77_13_28,seq73,r_130_11_7,r_77_13_28,0.99,0,28,28,52
30,r_31_78_44,r_32_74_121,seq80,r_31_78_44,0.9,3,47,44,52
43,r_132_23_116,r_146_133_96,r_63_27_96,r_146_133_96,0.68,21,117,96,52
54,seq134,seq136,r_16_135_34,r_16_135_34,1.0,68,102,34,52
19,r_43_65_31,r_70_107_151,seq66,r_70_107_151,0.95,-22,129,151,52
55,seq7,seq4,r_126_6_87,r_126_6_87,1.0,60,147,87,52
5,r_46_100_58,seq47,r_101_37_86,r_46_100_58,0.86,1,59,58,52
16,r_49_149_83,r_55_57_187,seq147,r_49_149_83,0.94,0,83,83,52
21,r_71_99_82,seq72,r_46_100_58,r_71_99_82,0.97,0,82,82,52
39,r_22_138_96,r_59_26_8,r_137_144_73,r_22_138_96,0.75,0,96,96,52
1,r_2_90_6,r_91_28_130,seq86,r_91_28_130,1.0,0,130,130,52
46,r_17_42_146,seq15,seq44,r_17_42_146,0.89,0,146,146,52
25,r_63_27_96,r_59_26_8,r_91_28_130,r_91_28_130,0.98,6,136,130,52
47,r_1_111_86,r_112_98_118,seq147,r_112_98_118,0.97,-10,108,118,52
10,r_21_75_15,seq19,seq73,r_21_75_15,0.96,0,15,15,52
69,seq47,r_46_100_58,seq44,r_46_100_58,0.92,1,59,58,52
77,seq72,r_70_107_151,seq66,r_70_107_151,1.0,0,151,151,52
95,seq118,r_120_29_93,r_137_144_73,r_120_29_93,1.0,-12,81,93,52
68,seq44,r_43_65_31,seq47,r_43_65_31,0.88,11,42,31,52
31,r_55_57_187,seq54,r_124_56_157,r_124_56_157,0.96,27,184,157,52
89,seq105,r_104_24_145,seq103,r_104_24_145,0.99,-13,132,145,52
3,r_89_14_94,r_91_28_130,r_130_11_7,r_89_14_94,1.0,0,94,94,52
90,seq108,seq109,r_3_106_153,r_3_106_153,0.7,12,165,153,52
26,r_50_25_98,seq51,r_59_26_8,r_50_25_98,0.97,0,98,98,52
8,r_91_28_130,r_2_90_6,r_63_27_96,r_2_90_6,0.76,124,130,6,52
41,r_68_140_56,seq66,r_139_148_174,r_68_140_56,0.99,0,56,56,52
11,r_32_74_121,seq39,r_21_75_15,r_32_74_121,0.88,0,121,121,52
20,r_8_119_145,seq9,seq118,r_8_119_145,0.63,0,145,145,52
13,r_124_56_157,seq123,seq53,r_124_56_157,0.6,0,157,157,52
98,seq123,r_124_56_157,seq128,r_124_56_157,0.94,0,157,157,52
15,r_62_142_107,r_64_117_143,r_139_148_174,r_62_142_107,0.87,1,108,107,52
48,r_126_6_87,seq128,seq7,r_126_6_87,1.0,0,87,87,52
49,r_130_11_7,r_12_141_163,r_89_14_94,r_89_14_94,0.99,69,163,94,52
78,seq73,r_77_13_28,r_21_75_15,r_77_13_28,0.69,0,28,28,52
10,r_21_75_15,seq73,r_30_76_59,r_30_76_59,0.82,22,81,59,52
27,r_52_94_46,r_55_57_187,seq93,r_52_94_46,0.96,1,47,46,52
19,r_43_65_31,seq44,r_70_107_151,r_43_65_31,0.63,11,42,31,52
5,r_46_100_58,r_101_37_86,r_71_99_82,r_46_100_58,0.92,31,89,58,52
6,r_59_26_8,r_62_142_107,r_22_138_96,r_59_26_8,0.61,5,13,8,52
2,r_120_29_93,seq122,r_101_37_86,r_120_29_93,0.95,0,93,93,52
47,r_1_111_86,r_0_61_140,r_112_98_118,r_1_111_86,0.93,0,86,86,52
59,seq15,r_17_42_146,seq19,r_17_42_146,0.97,0,146,146,52
40,r_33_97_27,r_38_36_112,seq93,r_33_97_27,0.66,-1,26,27,52
24,r_102_84_79,r_101_37_86,seq82,r_102_84_79,0.97,-19,60,79,52
25,r_63_27_96,r_62_142_107,r_59_26_8,r_63_27_96,0.92,0,96,96,52
33,r_96_60_13,r_64_117_143,r_0_61_140,r_96_60_13,0.79,130,143,13,52
22,r_3_106_153,r_77_13_28,seq108,r_3_106_153,0.67,0,153,153,52
70,seq51,r_50_25_98,seq58,r_50_25_98,1.0,-1,97,98,52
6,r_59_26_8,r_22_138_96,r_50_25_98,r_59_26_8,0.85,89,97,8,52
59,seq15,r_16_135_34,r_17_42_146,r_16_135_34,1.0,-1,33,34,52
32,r_64_117_143,r_96_60_13,seq116,r_64_117_143,0.44,0,143,143,52
17,r_16_135_34,seq15,seq136,r_16_135_34,0.9,0,34,34,52
94,seq116,seq113,r_64_117_143,r_64_117_143,0.63,11,154,143,52
29,r_12_141_163,r_130_11_7,r_139_148_174,r_12_141_163,0.65,0,163,163,52
22,r_3_106_153,r_0_61_140,r_77_13_28,r_77_13_28,0.91,124,152,28,52
28,r_104_24_145,seq105,r_59_26_8,r_104_24_145,0.79,0,145,145,52
91,seq109,r_110_48_166,r_3_106_153,r_3_106_153,0.68,18,171,153,52
12,r_114_95_58,seq115,r_52_94_46,r_114_95_58,1.0,0,58,58,52
7,r_0_61_140,r_3_106_153,r_96_60_13,r_0_61_140,0.98,0,140,140,52
56,seq136,seq134,r_16_135_34,r_16_135_34,1.0,28,62,34,52
7,r_0_61_140,r_1_111_86,r_3_106_153,r_1_111_86,1.0,0,86,86,52
44,r_101_37_86,seq92,seq35,r_101_37_86,0.89,1,87,86,52
36,r_30_76_59,seq39,r_21_75_15,r_30_76_59,0.98,0,59,59,52
35,r_112_98_118,seq113,r_46_100_58,r_112_98_118,0.97,0,118,118,52
95,seq118,r_137_144_73,r_8_119_145,r_8_119_145,1.0,3,148,145,52
4,r_139_148_174,r_146_133_96,r_68_140_56,r_68_140_56,1.0,0,56,56,52
93,seq100,r_97_147_162,seq98,r_97_147_162,0.89,-67,95,162,53
30,r_1_106_174,r_2_7_150,r_61_104_73,r_2_7_150,0.46,24,174,150,53
36,r_55_37_115,r_53_68_154,r_142_36_34,r_53_68_154,0.7,-39,115,154,53
9,r_38_107_181,seq43,r_41_110_120,r_41_110_120,1.0,61,181,120,53
0,r_101_72_11,r_103_136_168,seq73,r_101_72_11,0.81,0,11,11,53
8,r_20_84_125,seq19,seq83,r_20_84_125,0.99,0,125,125,53
43,r_75_105_150,r_74_76_134,r_61_104_73,r_61_104_73,0.67,77,150,73,53
13,r_56_131_44,r_53_68_154,seq134,r_56_131_44,0.97,-1,43,44,53
37,r_74_76_134,r_75_105_150,r_127_77_138,r_74_76_134,0.89,0,134,134,53
19,r_9_125_11,r_121_96_116,r_39_123_65,r_39_123_65,0.79,11,76,65,53
21,r_0_22_93,r_2_7_150,r_23_5_170,r_0_22_93,0.74,4,97,93,53
39,r_47_89_190,seq48,r_64_91_92,r_64_91_92,1.0,98,190,92,53
1,r_23_5_170,r_0_22_93,r_2_7_150,r_23_5_170,0.63,0,170,170,53
1,r_23_5_170,seq18,r_0_22_93,r_0_22_93,0.51,6,99,93,53
20,r_60_50_101,r_35_58_19,seq48,r_60_50_101,0.53,11,112,101,53
5,r_41_110_120,seq43,seq109,r_41_110_120,0.83,0,120,120,53
42,r_118_141_117,r_119_129_85,seq120,r_119_129_85,0.63,-14,71,85,53
80,seq67,seq65,r_4_66_86,r_4_66_86,1.0,0,86,86,53
45,r_145_40_182,seq149,r_142_36_34,r_142_36_34,1.0,153,187,34,53
27,r_35_58_19,r_39_123_65,r_59_133_179,r_35_58_19,0.96,0,19,19,53
27,r_35_58_19,r_59_133_179,r_28_82_102,r_28_82_102,0.89,81,183,102,53
31,r_78_117_121,seq79,r_39_123_65,r_78_117_121,0.71,0,121,121,53
89,seq90,r_92_99_152,r_64_91_92,r_64_91_92,0.99,60,152,92,53
17,r_13_6_87,r_8_138_157,seq18,r_8_138_157,0.6,-111,46,157,53
3,r_61_104_73,r_60_50_101,seq114,r_61_104_73,1.0,0,73,73,53
10,r_119_129_85,r_118_141_117,r_126_130_81,r_119_129_85,0.84,0,85,85,53
73,seq46,r_47_89_190,r_112_45_52,r_112_45_52,0.77,1,53,52,53
26,r_126_130_81,seq128,r_119_129_85,r_119_129_85,0.97,4,89,85,53
16,r_142_36_34,seq43,r_55_37_115,r_55_37_115,1.0,14,129,115,53
4,r_31_21_107,seq32,r_0_22_93,r_31_21_107,0.99,0,107,107,53
78,seq63,r_64_91_92,seq69,r_64_91_92,1.0,-31,61,92,53
11,r_92_99_152,seq90,seq98,r_92_99_152,0.71,0,152,152,53
59,seq15,r_13_6_87,r_115_16_19,r_115_16_19,1.0,0,19,19,53
20,r_60_50_101,r_61_104_73,r_35_58_19,r_60_50_101,0.72,-31,70,101,53
15,r_2_7_150,r_1_106_174,r_85_11_142,r_85_11_142,0.96,7,149,142,53
42,r_118_141_117,seq120,seq139,r_118_141_117,0.9,0,117,117,53
6,r_39_123_65,r_38_107_181,r_9_125_11,r_39_123_65,1.0,0,65,65,53
62,seq19,r_20_84_125,r_0_22_93,r_20_84_125,0.88,0,125,125,53
21,r_0_22_93,r_23_5_170,r_31_21_107,r_0_22_93,0.52,77,170,93,53
99,seq120,r_121_96_116,r_39_123_65,r_39_123_65,0.8,37,102,65,53
16,r_142_36_34,seq143,seq43,r_142_36_34,0.98,0,34,34,53
48,r_30_14_22,r_31_21_107,r_115_16_19,r_30_14_22,0.8,0,22,22,53
2,r_28_82_102,seq27,r_42_81_100,r_28_82_102,0.99,0,102,102,53
47,r_122_88_52,r_121_96_116,seq87,r_122_88_52,1.0,1,53,52,53
40,r_71_144_99,seq70,seq143,r_71_144_99,0.75,0,99,99,53
74,seq48,r_47_89_190,r_112_45_52,r_112_45_52,0.72,77,129,52,53
18,r_121_96_116,seq120,seq98,r_121_96_116,0.94,0,116,116,53
24,r_62_44_81,r_64_91_92,seq43,r_62_44_81,0.93,0,81,81,53
88,seq87,seq86,r_122_88_52,r_122_88_52,0.97,4,56,52,53
25,r_127_77_138,r_126_130_81,r_74_76_134,r_127_77_138,0.89,0,138,138,53
19,r_9_125_11,seq10,r_121_96_116,r_9_125_11,0.97,0,11,11,53
9,r_38_107_181,r_39_123_65,seq43,r_39_123_65,1.0,-21,44,65,53
70,seq33,r_34_140_140,seq29,r_34_140_140,0.99,-1,139,140,53
90,seq143,r_142_36_34,seq146,r_142_36_34,1.0,-1,33,34,53
38,r_51_124_97,r_53_68_154,r_39_123_65,r_51_124_97,0.89,0,97,97,53
29,r_112_45_52,seq111,seq46,r_112_45_52,0.96,0,52,52,53
34,r_4_66_86,r_8_138_157,seq67,r_4_66_86,1.0,0,86,86,53
32,r_115_16_19,r_112_45_52,seq15,r_115_16_19,0.97,0,19,19,53
94,seq102,r_103_136_168,r_61_104_73,r_61_104_73,1.0,95,168,73,53
90,seq143,seq146,r_71_144_99,r_71_144_99,1.0,1,100,99,53
28,r_8_138_157,seq10,seq137,r_8_138_157,0.95,1,158,157,53
22,r_53_68_154,seq52,r_4_66_86,r_4_66_86,0.99,69,155,86,53
28,r_8_138_157,r_4_66_86,seq10,r_4_66_86,1.0,-3,83,86,53
49,r_85_11_142,seq86,seq10,r_85_11_142,0.6,0,142,142,53
56,seq10,r_8_138_157,seq18,r_8_138_157,0.72,-95,62,157,53
44,r_34_140_140,seq33,r_118_141_117,r_34_140_140,0.82,0,140,140,53
23,r_59_133_179,r_57_108_54,r_35_58_19,r_57_108_54,0.79,7,61,54,53
82,seq70,r_71_144_99,r_101_72_11,r_71_144_99,0.98,-1,98,99,53
35,r_42_81_100,seq43,seq79,r_42_81_100,0.98,0,100,100,53
12,r_64_91_92,seq63,seq90,r_64_91_92,1.0,0,92,92,53
23,r_59_133_179,r_35_58_19,seq134,r_59_133_179,0.57,0,179,179,53
30,r_65_23_166,seq64,r_143_22_130,r_143_22_130,0.63,36,166,130,54
44,r_137_135_89,r_136_117_144,r_142_148_70,r_136_117_144,0.98,0,144,144,54
36,r_96_115_141,r_97_18_174,r_132_114_69,r_96_115_141,0.88,0,141,141,54
14,r_76_125_120,seq77,r_83_122_1,r_76_125_120,0.97,0,120,120,54
43,r_81_15_69,r_79_32_115,seq13,r_81_15_69,1.0,0,69,69,54
27,r_67_106_138,seq63,r_8_103_20,r_67_106_138,0.73,0,138,138,54
37,r_72_9_94,r_76_125_120,r_149_11_97,r_72_9_94,0.99,1,95,94,54
16,r_127_107_21,r_128_108_96,r_5_110_14,r_127_107_21,1.0,0,21,21,54
39,r_45_12_103,r_47_123_125,r_72_9_94,r_47_123_125,0.64,-22,103,125,54
1,r_71_130_187,r_93_104_128,r_5_110_14,r_71_130_187,0.43,-106,81,187,54
46,r_79_32_115,r_76_125_120,seq31,r_79_32_115,1.0,0,115,115,54
42,r_52_121_61,seq51,seq120,r_52_121_61,1.0,0,61,61,54
93,seq111,seq109,r_5_110_14,r_5_110_14,1.0,1,15,14,54
32,r_10_3_164,r_72_9_94,seq4,r_10_3_164,0.98,0,164,164,54
66,seq37,r_85_40_7,r_26_102_177,r_85_40_7,0.57,46,53,7,54
45,r_149_11_97,seq139,r_72_9_94,r_149_11_97,0.99,0,97,97,54
19,r_33_98_98,r_34_29_109,seq89,r_33_98_98,0.98,2,100,98,54
95,seq113,seq119,r_132_114_69,r_132_114_69,0.92,43,112,69,54
76,seq64,r_65_23_166,seq63,r_65_23_166,0.62,0,166,166,54
27,r_67_106_138,r_66_57_64,r_70_92_93,r_70_92_93,0.52,-47,46,93,54
10,r_42_16_125,r_43_78_132,seq17,r_42_16_125,0.9,1,126,125,54
1,r_71_130_187,r_5_110_14,r_41_56_21,r_71_130_187,0.67,-50,137,187,54
26,r_66_57_64,r_67_106_138,r_41_56_21,r_66_57_64,0.79,0,64,64,54
8,r_25_7_12,r_10_3_164,r_42_16_125,r_42_16_125,0.64,35,160,125,54
72,seq54,seq46,r_116_53_106,r_116_53_106,1.0,17,123,106,54
16,r_127_107_21,r_5_110_14,r_128_108_96,r_128_108_96,1.0,20,116,96,54
4,r_41_56_21,r_65_23_166,r_66_57_64,r_66_57_64,0.84,50,114,64,54
0,r_26_102_177,r_30_134_180,r_8_103_20,r_8_103_20,0.53,157,177,20,54
11,r_132_114_69,seq133,seq113,r_132_114_69,0.87,0,69,69,54
68,seq46,r_44_82_24,r_146_48_16,r_146_48_16,0.91,0,16,16,54
13,r_47_123_125,seq46,r_76_125_120,r_47_123_125,0.59,0,125,125,54
48,r_97_18_174,seq94,r_42_16_125,r_42_16_125,0.7,49,174,125,54
66,seq37,r_1_80_164,r_85_40_7,r_1_80_164,0.5,-149,15,164,54
6,r_143_22_130,seq141,seq31,r_143_22_130,0.98,0,130,130,54
62,seq20,seq17,r_101_19_115,r_101_19_115,1.0,27,142,115,54
33,r_59_39_40,seq60,r_85_40_7,r_59_39_40,1.0,0,40,40,54
3,r_146_48_16,r_143_22_130,seq46,r_146_48_16,1.0,0,16,16,54
41,r_73_118_139,seq89,r_47_123_125,r_73_118_139,0.71,0,139,139,54
2,r_1_80_164,seq2,r_43_78_132,r_1_80_164,0.84,0,164,164,54
47,r_61_68_112,r_62_58_105,r_84_69_53,r_84_69_53,0.86,59,112,53,54
29,r_128_108_96,seq133,r_127_107_21,r_128_108_96,0.84,0,96,96,54
24,r_34_29_109,r_30_134_180,seq31,r_30_134_180,0.96,-68,112,180,54
1,r_71_130_187,r_41_56_21,r_33_98_98,r_41_56_21,0.52,156,177,21,54
25,r_43_78_132,r_42_16_125,seq75,r_42_16_125,0.63,1,126,125,54
64,seq31,r_30_134_180,r_143_22_130,r_143_22_130,1.0,50,180,130,54
34,r_85_40_7,seq38,r_59_39_40,r_59_39_40,1.0,1,41,40,54
65,seq35,seq38,r_0_36_68,r_0_36_68,0.8,7,75,68,54
32,r_10_3_164,seq13,r_72_9_94,r_72_9_94,1.0,4,98,94,54
38,r_62_58_105,r_61_68_112,seq60,r_62_58_105,0.65,0,105,105,54
91,seq105,r_96_115_141,r_8_103_20,r_8_103_20,0.62,11,31,20,54
40,r_5_110_14,seq4,seq111,r_5_110_14,0.88,0,14,14,54
66,seq37,r_26_102_177,r_0_36_68,r_0_36_68,0.95,0,68,68,54
17,r_70_92_93,r_67_106_138,seq91,r_70_92_93,0.7,-2,91,93,54
60,seq17,seq20,r_42_16_125,r_42_16_125,1.0,0,125,125,54
94,seq112,seq119,r_132_114_69,r_132_114_69,0.78,43,112,69,54
27,r_67_106_138,r_70_92_93,seq63,r_70_92_93,0.89,-2,91,93,54
5,r_44_82_24,r_47_123_125,seq87,r_44_82_24,0.74,-4,20,24,54
9,r_142_148_70,r_143_22_130,seq140,r_143_22_130,1.0,-60,70,130,54
18,r_84_69_53,seq87,r_70_92_93,r_70_92_93,0.71,-40,53,93,54
28,r_101_19_115,seq100,seq20,r_101_19_115,0.99,0,115,115,54
7,r_136_117_144,r_137_135_89,r_47_123_125,r_47_123_125,1.0,19,144,125,54
18,r_84_69_53,r_70_92_93,r_61_68_112,r_84_69_53,0.42,60,113,53,54
44,r_137_135_89,seq139,r_136_117_144,r_137_135_89,0.47,-14,75,89,54
65,seq35,r_0_36_68,r_85_40_7,r_85_40_7,0.45,86,93,7,54
8,r_25_7_12,r_26_102_177,r_10_3_164,r_10_3_164,0.63,-152,12,164,54
35,r_116_53_106,seq119,seq54,r_116_53_106,0.98,0,106,106,54
22,r_8_103_20,seq13,seq105,r_8_103_20,0.96,0,20,20,54
12,r_93_104_128,seq90,r_8_103_20,r_8_103_20,0.82,108,128,20,54
17,r_70_92_93,r_47_123_125,r_67_106_138,r_70_92_93,0.58,-57,36,93,54
47,r_26_93_19,r_27_0_111,seq101,r_26_93_19,0.99,0,19,19,55
36,r_140_21_64,seq141,seq23,r_140_21_64,1.0,0,64,64,55
14,r_7_38_141,r_8_22_153,r_82_39_33,r_7_38_141,0.87,1,142,141,55
8,r_138_46_194,seq141,seq45,r_138_46_194,0.58,0,194,194,55
83,seq88,seq92,r_26_93_19,r_26_93_19,0.94,80,99,19,55
37,r_108_86_224,seq104,r_29_99_183,r_29_99_183,0.81,45,228,183,55
1,r_132_144_46,seq134,seq149,r_132_144_46,0.65,0,46,46,55
10,r_135_80_10,r_132_144_46,r_24_84_2,r_135_80_10,0.94,0,10,10,55
16,r_36_114_161,seq43,r_79_113_80,r_36_114_161,0.96,0,161,161,55
39,r_47_73_193,seq43,seq74,r_47_73_193,0.49,0,193,193,55
43,r_77_142_27,r_76_50_174,seq141,r_77_142_27,0.99,0,27,27,55
97,seq120,r_119_68_218,r_64_118_3,r_64_118_3,0.91,217,220,3,55
5,r_40_121_107,seq43,seq122,r_40_121_107,0.98,0,107,107,55
46,r_147_25_52,r_27_0_111,seq31,r_27_0_111,1.0,0,111,111,55
45,r_115_83_121,seq116,r_24_84_2,r_115_83_121,0.8,0,121,121,55
62,seq23,seq45,r_95_35_18,r_95_35_18,0.91,11,29,18,55
33,r_27_0_111,r_147_25_52,seq1,r_27_0_111,1.0,0,111,111,55
41,r_44_2_12,r_40_121_107,seq3,r_44_2_12,1.0,0,12,12,55
27,r_148_37_5,seq43,r_7_38_141,r_7_38_141,1.0,25,166,141,55
95,seq116,r_115_83_121,seq117,r_115_83_121,0.99,-6,115,121,55
76,seq66,seq58,r_124_65_95,r_124_65_95,1.0,6,101,95,55
38,r_72_136_108,seq74,seq134,r_72_136_108,0.62,0,108,108,55
31,r_128_41_102,seq130,seq43,r_128_41_102,1.0,0,102,102,55
20,r_82_39_33,seq81,r_148_37_5,r_82_39_33,1.0,0,33,33,55
44,r_8_22_153,r_27_0_111,r_140_21_64,r_8_22_153,0.56,0,153,153,55
9,r_126_78_177,seq116,r_135_80_10,r_126_78_177,0.46,0,177,177,55
3,r_79_113_80,seq81,r_103_112_83,r_79_113_80,1.0,0,80,80,55
26,r_11_137_84,r_10_67_131,r_12_143_60,r_10_67_131,1.0,-47,84,131,55
4,r_90_139_153,seq91,r_12_143_60,r_12_143_60,0.98,93,153,60,55
33,r_27_0_111,r_29_99_183,r_147_25_52,r_147_25_52,1.0,0,52,52,55
11,r_109_62_141,seq110,r_63_16_186,r_109_62_141,0.73,0,141,141,55
46,r_147_25_52,r_140_21_64,r_27_0_111,r_147_25_52,0.68,0,52,52,55
98,seq122,r_125_105_165,r_40_121_107,r_40_121_107,0.96,-1,106,107,55
6,r_103_112_83,r_108_86_224,r_79_113_80,r_103_112_83,1.0,0,83,83,55
99,seq123,r_126_78_177,seq117,r_126_78_177,0.69,0,177,177,55
38,r_72_136_108,r_77_142_27,seq74,r_77_142_27,0.99,-7,20,27,55
69,seq45,r_47_73_193,seq43,r_47_73_193,0.92,-17,176,193,55
21,r_95_35_18,r_100_19_147,seq43,r_95_35_18,0.99,0,18,18,55
40,r_29_99_183,seq31,r_15_98_1,r_29_99_183,0.66,0,183,183,55
18,r_6_146_118,r_7_38_141,seq149,r_6_146_118,1.0,0,118,118,55
29,r_10_67_131,seq9,seq66,r_10_67_131,0.98,0,131,131,55
24,r_61_17_62,seq58,seq18,r_61_17_62,1.0,0,62,62,55
32,r_42_30_12,r_44_2_12,seq31,r_44_2_12,0.89,1,13,12,55
13,r_145_57_39,seq149,seq58,r_145_57_39,0.9,0,39,39,55
62,seq23,r_95_35_18,r_140_21_64,r_140_21_64,0.71,3,67,64,55
61,seq149,seq141,r_132_144_46,r_132_144_46,0.42,112,158,46,55
34,r_13_59_156,seq14,seq58,r_13_59_156,0.63,0,156,156,55
17,r_127_85_61,r_125_105_165,r_24_84_2,r_127_85_61,0.98,0,61,61,55
9,r_126_78_177,r_125_105_165,seq116,r_125_105_165,0.35,-1,164,165,55
28,r_76_50_174,r_24_84_2,seq49,r_76_50_174,0.85,0,174,174,55
22,r_102_69_127,r_100_19_147,seq70,r_102_69_127,0.81,0,127,127,55
28,r_76_50_174,seq75,r_24_84_2,r_24_84_2,0.76,102,104,2,55
49,r_63_16_186,seq66,r_109_62_141,r_109_62_141,0.6,5,146,141,55
0,r_12_143_60,r_10_67_131,r_77_142_27,r_12_143_60,1.0,-1,59,60,55
56,seq9,r_10_67_131,r_61_17_62,r_61_17_62,0.57,70,132,62,55
7,r_125_105_165,r_126_78_177,seq104,r_125_105_165,0.74,0,165,165,55
44,r_8_22_153,r_7_38_141,r_27_0_111,r_8_22_153,0.43,-10,143,153,55
11,r_109_62_141,r_63_16_186,r_145_57_39,r_63_16_186,0.52,1,187,186,55
35,r_124_65_95,r_125_105_165,seq66,r_124_65_95,0.99,0,95,95,55
12,r_119_68_218,seq120,r_145_57_39,r_145_57_39,0.98,177,216,39,55
42,r_96_54_51,seq97,seq55,r_96_54_51,1.0,0,51,51,55
30,r_113_19_99,r_111_141_152,seq21,r_113_19_99,0.99,-1,98,99,56
36,r_143_94_99,r_142_136_113,seq89,r_143_94_99,0.84,0,99,99,56
49,r_75_41_44,r_74_129_131,seq42,r_75_41_44,1.0,0,44,44,56
43,r_59_132_100,r_60_27_130,r_96_131_25,r_59_132_100,0.62,0,100,100,56
54,seq134,r_133_22_113,seq144,r_133_22_113,1.0,0,113,113,56
46,r_96_131_25,r_98_62_126,r_11_122_3,r_96_131_25,0.61,0,25,25,56
59,seq21,seq25,r_7_20_100,r_7_20_100,0.8,2,102,100,56
10,r_60_27_130,seq63,seq28,r_60_27_130,0.99,1,131,130,56
16,r_48_79_158,seq49,r_139_77_5,r_48_79_158,0.78,0,158,158,56
21,r_145_0_136,seq144,r_8_1_88,r_145_0_136,1.0,0,136,136,56
18,r_101_61_50,seq103,seq63,r_101_61_50,0.98,0,50,50,56
1,r_26_91_188,seq28,r_55_92_29,r_26_91_188,0.35,0,188,188,56
5,r_32_39_99,r_31_34_50,seq44,r_32_39_99,0.98,0,99,99,56
42,r_64_97_109,seq65,seq89,r_64_97_109,0.67,0,109,109,56
32,r_3_85_38,seq4,seq83,r_3_85_38,1.0,0,38,38,56
69,seq49,r_48_79_158,r_40_47_103,r_40_47_103,0.97,56,159,103,56
45,r_8_1_88,r_7_20_100,seq2,r_8_1_88,0.99,0,88,88,56
19,r_147_90_89,r_138_24_129,r_55_92_29,r_147_90_89,0.9,0,89,89,56
66,seq44,seq46,r_32_39_99,r_32_39_99,1.0,72,171,99,56
11,r_10_102_13,r_13_37_124,seq103,r_10_102_13,1.0,0,13,13,56
39,r_135_146_8,r_86_148_36,seq144,r_86_148_36,0.72,130,166,36,56
31,r_114_88_147,r_111_141_152,r_115_118_185,r_111_141_152,0.45,-77,75,152,56
35,r_52_29_197,seq53,r_60_27_130,r_60_27_130,1.0,67,197,130,56
3,r_115_118_185,r_114_88_147,r_9_112_141,r_9_112_141,1.0,6,147,141,56
10,r_60_27_130,r_59_132_100,seq63,r_60_27_130,0.8,-52,78,130,56
3,r_115_118_185,r_9_112_141,r_119_126_51,r_115_118_185,0.83,0,185,185,56
4,r_58_116_113,r_60_27_130,r_119_126_51,r_60_27_130,0.67,-17,113,130,56
0,r_137_84_135,r_135_146_8,r_3_85_38,r_3_85_38,0.49,97,135,38,56
13,r_142_136_113,r_145_0_136,seq144,r_145_0_136,1.0,-23,113,136,56
46,r_96_131_25,r_11_122_3,r_59_132_100,r_59_132_100,0.89,6,106,100,56
48,r_95_36_154,seq89,r_13_37_124,r_95_36_154,0.96,0,154,154,56
17,r_86_148_36,seq87,seq149,r_86_148_36,0.86,1,37,36,56
6,r_128_78_100,seq123,r_139_77_5,r_128_78_100,0.89,0,100,100,56
27,r_38_6_96,seq42,seq4,r_38_6_96,0.87,1,97,96,56
25,r_121_23_38,seq123,seq25,r_121_23_38,0.98,0,38,38,56
87,seq144,r_145_0_136,seq149,r_145_0_136,1.0,0,136,136,56
84,seq83,r_82_81_42,r_3_85_38,r_3_85_38,1.0,18,56,38,56
2,r_98_62_126,seq99,seq63,r_98_62_126,0.88,0,126,126,56
47,r_9_112_141,seq12,seq110,r_9_112_141,0.98,0,141,141,56
15,r_130_17_33,r_119_126_51,r_13_37_124,r_130_17_33,0.98,0,33,33,56
39,r_135_146_8,r_138_24_129,r_86_148_36,r_86_148_36,0.63,18,54,36,56
40,r_13_37_124,seq14,seq35,r_13_37_124,0.91,0,124,124,56
29,r_7_20_100,r_8_1_88,seq4,r_8_1_88,0.94,-1,87,88,56
33,r_138_24_129,r_135_146_8,seq25,r_138_24_129,0.94,0,129,129,56
37,r_125_30_11,seq124,r_32_39_99,r_125_30_11,0.99,0,11,11,56
15,r_130_17_33,r_13_37_124,r_70_18_59,r_130_17_33,0.99,37,70,33,56
85,seq87,seq99,r_114_88_147,r_114_88_147,0.63,5,152,147,56
61,seq28,r_26_91_188,r_60_27_130,r_60_27_130,1.0,58,188,130,56
34,r_50_54_113,seq49,seq53,r_50_54_113,1.0,0,113,113,56
25,r_121_23_38,seq25,r_133_22_113,r_133_22_113,1.0,28,141,113,56
94,seq110,r_111_141_152,r_9_112_141,r_9_112_141,0.94,-3,138,141,56
9,r_74_129_131,seq71,r_119_126_51,r_74_129_131,0.57,0,131,131,56
85,seq87,r_86_148_36,seq99,r_86_148_36,1.0,1,37,36,56
63,seq35,seq43,r_13_37_124,r_13_37_124,0.5,7,131,124,56
26,r_55_92_29,seq89,r_147_90_89,r_147_90_89,1.0,0,89,89,56
23,r_70_18_59,seq67,r_130_17_33,r_70_18_59,0.98,0,59,59,56
35,r_52_29_197,r_55_92_29,r_74_129_131,r_74_129_131,0.54,-105,26,131,56
31,r_114_88_147,r_115_118_185,seq87,r_114_88_147,0.89,0,147,147,56
37,r_125_30_11,r_32_39_99,seq33,r_32_39_99,0.99,-19,80,99,56
60,seq25,seq21,r_121_23_38,r_121_23_38,1.0,12,50,38,56
26,r_55_92_29,seq53,seq89,r_55_92_29,0.52,0,29,29,56
7,r_40_47_103,seq42,seq49,r_40_47_103,0.99,0,103,103,56
22,r_109_105_25,r_108_51_198,seq104,r_109_105_25,0.97,0,25,25,56
20,r_119_126_51,seq120,seq127,r_119_126_51,0.53,0,51,51,56
60,seq25,r_121_23_38,r_138_24_129,r_138_24_129,1.0,7,136,129,56
12,r_117_93_118,r_138_24_129,r_64_97_109,r_117_93_118,0.85,-1,117,118,56
93,seq108,r_109_22_164,seq105,r_109_22_164,0.62,0,164,164,57
51,seq129,r_126_99_127,r_93_128_69,r_93_128_69,0.79,51,120,69,57
14,r_66_31_166,seq69,seq32,r_66_31_166,0.39,0,166,166,57
43,r_40_27_148,r_41_115_158,seq28,r_40_27_148,0.61,0,148,148,57
19,r_106_6_60,r_5_78_91,r_4_138_160,r_5_78_91,0.86,1,92,91,57
3,r_4_138_160,r_106_6_60,r_118_141_157,r_4_138_160,0.74,0,160,160,57
18,r_1_70_56,seq0,seq69,r_1_70_56,1.0,0,56,56,57
16,r_124_3_65,r_126_99_127,seq0,r_124_3_65,1.0,0,65,65,57
97,seq119,r_118_141_157,r_76_117_151,r_76_117_151,0.56,3,154,151,57
5,r_67_25_99,r_66_31_166,r_127_24_15,r_67_25_99,0.9,0,99,99,57
42,r_93_128_69,r_92_111_88,seq129,r_93_128_69,1.0,0,69,69,57
80,seq69,r_66_31_166,r_1_70_56,r_1_70_56,1.0,64,120,56,57
37,r_26_120_14,seq28,seq122,r_26_120_14,1.0,0,14,14,57
24,r_7_89_34,r_92_111_88,seq87,r_92_111_88,0.64,-34,54,88,57
19,r_106_6_60,r_104_80_91,r_5_78_91,r_106_6_60,0.97,1,61,60,57
19,r_106_6_60,r_4_138_160,r_13_12_16,r_106_6_60,0.51,100,160,60,57
23,r_50_57_29,seq45,seq58,r_50_57_29,0.81,0,29,29,57
47,r_64_55_43,r_63_100_155,seq54,r_64_55_43,0.75,9,52,43,57
95,seq114,seq112,r_135_113_60,r_135_113_60,1.0,16,76,60,57
76,seq58,seq53,r_143_56_44,r_143_56_44,1.0,97,141,44,57
45,r_20_51_28,r_13_12_16,seq53,r_20_51_28,0.93,0,28,28,57
31,r_81_107_41,seq82,seq105,r_81_107_41,0.92,40,81,41,57
41,r_68_84_65,r_67_25_99,seq83,r_67_25_99,0.51,-34,65,99,57
89,seq98,r_104_80_91,seq101,r_104_80_91,1.0,-8,83,91,57
3,r_4_138_160,r_5_78_91,r_106_6_60,r_106_6_60,0.58,32,92,60,57
10,r_79_30_57,r_66_31_166,seq33,r_79_30_57,1.0,2,59,57,57
4,r_52_75_93,seq53,r_149_74_23,r_149_74_23,0.95,70,93,23,57
78,seq62,r_63_100_155,r_1_70_56,r_1_70_56,1.0,104,160,56,57
11,r_126_99_127,seq129,seq98,r_126_99_127,0.95,0,127,127,57
46,r_88_94_28,seq105,r_130_96_96,r_130_96_96,1.0,4,100,96,57
6,r_118_141_157,seq119,seq139,r_118_141_157,0.5,0,157,157,57
21,r_125_19_29,r_127_24_15,r_60_21_56,r_60_21_56,0.98,35,91,56,57
85,seq86,r_85_34_105,seq87,r_85_34_105,0.99,0,105,105,57
5,r_67_25_99,r_127_24_15,r_8_23_79,r_8_23_79,1.0,71,150,79,57
30,r_14_134_40,r_13_12_16,seq133,r_14_134_40,1.0,0,40,40,57
27,r_85_34_105,seq86,r_145_36_26,r_85_34_105,1.0,0,105,105,57
15,r_146_48_80,seq147,seq45,r_146_48_80,0.94,0,80,80,57
26,r_127_24_15,r_126_99_127,r_20_51_28,r_127_24_15,0.67,0,15,15,57
21,r_125_19_29,r_126_99_127,r_127_24_15,r_126_99_127,0.99,-98,29,127,57
12,r_60_21_56,seq61,r_125_19_29,r_60_21_56,1.0,0,56,56,57
15,r_146_48_80,r_143_56_44,seq147,r_143_56_44,1.0,-5,39,44,57
40,r_142_17_144,seq139,r_13_12_16,r_142_17_144,0.91,0,144,144,57
29,r_8_23_79,r_5_78_91,r_127_24_15,r_8_23_79,0.98,1,80,79,57
26,r_127_24_15,r_20_51_28,r_125_19_29,r_127_24_15,0.8,13,28,15,57
25,r_37_148_62,r_41_115_158,seq147,r_37_148_62,1.0,1,63,62,57
33,r_97_131_68,seq98,seq132,r_97_131_68,1.0,0,68,68,57
88,seq91,r_93_128_69,seq90,r_93_128_69,1.0,0,69,69,57
32,r_130_96_96,seq132,r_88_94_28,r_130_96_96,0.99,0,96,96,57
77,seq61,r_66_31_166,r_64_55_43,r_66_31_166,0.92,-54,112,166,57
34,r_140_123_105,r_142_17_144,r_93_128_69,r_140_123_105,0.79,0,105,105,57
2,r_145_36_26,r_144_44_97,seq35,r_145_36_26,0.99,-1,25,26,57
24,r_7_89_34,r_5_78_91,r_92_111_88,r_7_89_34,0.93,0,34,34,57
48,r_95_102_45,r_88_94_28,seq103,r_95_102_45,0.55,0,45,45,57
1,r_110_9_31,seq112,seq15,r_110_9_31,0.97,0,31,31,57
13,r_143_56_44,r_146_48_80,r_50_57_29,r_143_56_44,0.99,0,44,44,57
17,r_41_115_158,seq39,seq116,r_41_115_158,0.56,0,158,158,57
94,seq112,seq116,r_92_111_88,r_92_111_88,0.93,35,123,88,57
9,r_92_111_88,seq91,seq112,r_92_111_88,0.98,0,88,88,57
29,r_8_23_79,r_127_24_15,r_67_25_99,r_67_25_99,1.0,53,152,99,57
22,r_135_113_60,seq136,seq114,r_135_113_60,1.0,0,60,60,57
28,r_63_100_155,seq62,r_126_99_127,r_126_99_127,0.99,28,155,127,57
91,seq103,seq105,r_95_102_45,r_95_102_45,0.86,57,102,45,57
46,r_88_94_28,seq87,seq105,r_88_94_28,0.62,0,28,28,57
49,r_5_78_91,r_8_23_79,r_106_6_60,r_106_6_60,0.92,13,73,60,57
49,r_5_78_91,r_106_6_60,r_104_80_91,r_5_78_91,1.0,1,92,91,57
67,seq35,seq32,r_145_36_26,r_145_36_26,0.98,14,40,26,57
56,seq137,seq139,r_37_148_62,r_37_148_62,1.0,84,146,62,57
7,r_144_44_97,r_140_123_105,seq45,r_144_44_97,0.99,0,97,97,57
44,r_104_80_91,seq105,r_5_78_91,r_5_78_91,0.69,0,91,91,57
26,r_127_24_15,r_125_19_29,r_8_23_79,r_8_23_79,0.93,59,138,79,57
79,seq139,r_142_17_144,r_37_148_62,r_37_148_62,0.98,82,144,62,57
35,r_76_117_151,seq77,seq119,r_76_117_151,0.73,0,151,151,57
22,r_109_56_44,seq110,r_55_60_161,r_109_56_44,1.0,0,44,44,58
30,r_24_26_90,seq25,seq27,r_24_26_90,0.64,17,107,90,58
44,r_55_60_161,r_109_56_44,seq59,r_55_60_161,0.6,0,161,161,58
26,r_70_5_114,r_45_68_66,seq8,r_70_5_114,0.95,0,114,114,58
98,seq123,r_100_129_69,r_28_124_166,r_28_124_166,0.78,0,166,166,58
14,r_87_13_69,r_89_132_155,r_144_14_69,r_87_13_69,1.0,0,69,69,58
43,r_85_46_152,seq84,r_35_48_137,r_35_48_137,0.7,15,152,137,58
37,r_122_10_46,r_11_33_178,r_87_13_69,r_122_10_46,0.58,34,80,46,58
34,r_67_126_24,r_66_147_48,seq128,r_67_126_24,0.61,0,24,24,58
16,r_41_1_83,r_43_117_135,r_77_2_5,r_41_1_83,1.0,0,83,83,58
21,r_92_74_120,r_93_127_158,r_42_76_19,r_92_74_120,0.56,0,120,120,58
39,r_113_31_178,seq112,r_47_30_31,r_113_31_178,0.66,0,178,178,58
1,r_89_132_155,seq88,r_131_135_47,r_89_132_155,0.94,0,155,155,58
23,r_42_76_19,r_47_30_31,r_73_138_184,r_42_76_19,0.97,0,19,19,58
13,r_40_90_15,r_37_101_47,seq91,r_40_90_15,0.69,0,15,15,58
5,r_45_68_66,seq44,seq64,r_45_68_66,1.0,1,67,66,58
46,r_143_86_203,seq149,r_3_142_93,r_3_142_93,1.0,25,118,93,58
42,r_81_7_126,seq79,seq8,r_81_7_126,1.0,0,126,126,58
80,seq84,r_85_46_152,seq79,r_85_46_152,0.97,0,152,152,58
3,r_105_139_24,r_106_146_195,r_140_141_123,r_105_139_24,1.0,0,24,24,58
69,seq49,r_50_98_188,r_148_38_41,r_148_38_41,0.9,150,191,41,58
45,r_95_118_119,r_92_74_120,seq116,r_95_118_119,1.0,0,119,119,58
23,r_42_76_19,r_73_138_184,r_12_75_29,r_42_76_19,0.62,59,78,19,58
19,r_51_114_161,seq52,seq112,r_51_114_161,0.49,0,161,161,58
11,r_3_142_93,r_143_86_203,r_66_147_48,r_143_86_203,0.27,0,203,203,58
40,r_12_75_29,r_3_142_93,r_42_76_19,r_12_75_29,1.0,0,29,29,58
41,r_100_129_69,seq102,r_67_126_24,r_100_129_69,0.99,0,69,69,58
17,r_140_141_123,r_148_38_41,r_105_139_24,r_140_141_123,0.99,-91,32,123,58
10,r_104_54_164,r_106_146_195,r_109_56_44,r_106_146_195,0.55,-31,164,195,58
26,r_70_5_114,r_69_0_82,r_45_68_66,r_70_5_114,0.94,-32,82,114,58
72,seq59,seq62,r_55_60_161,r_55_60_161,0.9,2,163,161,58
73,seq62,r_57_71_125,seq59,r_57_71_125,0.58,-9,116,125,58
11,r_3_142_93,r_77_2_5,r_143_86_203,r_3_142_93,1.0,0,93,93,58
37,r_122_10_46,r_125_39_136,r_11_33_178,r_122_10_46,1.0,0,46,46,58
20,r_28_124_166,r_29_58_192,seq123,r_28_124_166,0.4,0,166,166,58
98,seq123,r_125_39_136,r_100_129_69,r_100_129_69,0.66,61,130,69,58
15,r_119_15_192,seq120,r_87_13_69,r_87_13_69,0.57,123,192,69,58
48,r_63_20_117,seq84,r_61_22_3,r_63_20_117,0.84,0,117,117,58
99,seq149,r_143_86_203,r_66_147_48,r_66_147_48,1.0,38,86,48,58
12,r_66_147_48,seq64,seq149,r_66_147_48,0.97,0,48,48,58
22,r_109_56_44,r_55_60_161,r_104_54_164,r_109_56_44,0.78,117,161,44,58
49,r_106_146_195,seq110,r_66_147_48,r_106_146_195,0.79,0,195,195,58
2,r_82_53_186,seq84,r_109_56_44,r_109_56_44,1.0,142,186,44,58
47,r_35_48_137,seq34,seq44,r_35_48_137,0.26,0,137,137,58
6,r_37_101_47,r_35_48_137,seq102,r_37_101_47,1.0,0,47,47,58
18,r_57_71_125,seq62,r_42_76_19,r_42_76_19,0.71,106,125,19,58
29,r_69_0_82,r_70_5_114,r_77_2_5,r_77_2_5,0.89,77,82,5,58
25,r_93_127_158,seq94,r_100_129_69,r_100_129_69,0.9,89,158,69,58
33,r_29_58_192,r_28_124_166,r_85_46_152,r_29_58_192,0.59,-26,166,192,58
4,r_47_30_31,r_45_68_66,seq36,r_45_68_66,0.98,-35,31,66,58
68,seq44,r_43_117_135,r_35_48_137,r_43_117_135,1.0,0,135,135,58
36,r_131_135_47,seq128,seq137,r_131_135_47,0.96,0,47,47,58
81,seq88,r_89_132_155,seq94,r_89_132_155,1.0,0,155,155,58
9,r_77_2_5,r_3_142_93,r_41_1_83,r_77_2_5,1.0,88,93,5,58
24,r_11_33_178,r_87_13_69,seq32,r_11_33_178,0.92,0,178,178,58
31,r_19_78_49,seq21,r_42_76_19,r_19_78_49,1.0,2,51,49,58
28,r_144_14_69,seq145,r_87_13_69,r_144_14_69,1.0,0,69,69,58
49,r_106_146_195,r_104_54_164,seq110,r_104_54_164,0.99,-18,146,164,58
7,r_73_138_184,seq72,r_131_135_47,r_73_138_184,0.68,0,184,184,58
44,r_55_60_161,seq52,r_109_56_44,r_109_56_44,1.0,20,64,44,58
26,r_70_5_114,seq8,r_121_4_161,r_121_4_161,0.99,24,185,161,58
35,r_121_4_161,seq120,r_70_5_114,r_121_4_161,0.98,0,161,161,58
24,r_129_75_36,r_131_57_125,seq77,r_129_75_36,0.98,0,36,36,59
40,r_9_20_16,r_18_5_162,r_81_21_137,r_81_21_137,0.88,0,137,137,59
30,r_82_31_60,r_87_74_86,seq29,r_82_31_60,1.0,0,60,60,59
4,r_43_137_13,r_40_99_186,seq135,r_43_137_13,1.0,0,13,13,59
36,r_107_132_195,r_108_142_117,seq96,r_108_142_117,0.79,-1,116,117,59
39,r_70_148_50,r_24_147_83,r_86_149_119,r_86_149_119,0.62,36,155,119,59
14,r_66_116_146,r_63_124_157,r_60_128_104,r_60_128_104,0.99,37,141,104,59
32,r_130_61_30,r_131_57_125,r_44_141_120,r_130_61_30,1.0,1,31,30,59
83,seq84,r_85_52_137,seq105,r_85_52_137,0.94,0,137,137,59
74,seq62,r_18_5_162,r_44_141_120,r_44_141_120,0.66,-87,33,120,59
19,r_81_21_137,r_80_12_181,r_9_20_16,r_81_21_137,0.82,0,137,137,59
55,seq11,r_10_114_176,r_18_5_162,r_10_114_176,0.66,0,176,176,59
16,r_138_22_109,seq135,seq29,r_138_22_109,1.0,1,110,109,59
1,r_7_95_165,seq4,seq96,r_7_95_165,0.7,0,165,165,59
46,r_1_41_101,r_2_92_129,seq42,r_1_41_101,0.8,0,101,101,59
42,r_16_37_109,seq15,r_26_35_33,r_16_37_109,0.82,0,109,109,59
36,r_107_132_195,seq96,seq106,r_107_132_195,0.63,-55,140,195,59
8,r_97_134_118,r_104_50_123,r_108_142_117,r_104_50_123,0.55,-44,79,123,59
32,r_130_61_30,r_44_141_120,seq62,r_44_141_120,1.0,-28,92,120,59
69,seq51,seq53,r_85_52_137,r_85_52_137,1.0,4,141,137,59
45,r_25_47_95,r_24_147_83,r_88_28_12,r_25_47_95,0.85,-12,83,95,59
35,r_131_57_125,r_129_75_36,seq133,r_129_75_36,1.0,0,36,36,59
59,seq145,r_70_148_50,r_24_147_83,r_24_147_83,1.0,0,83,83,59
11,r_18_5_162,r_9_20_16,r_117_3_118,r_117_3_118,0.88,44,162,118,59
95,seq118,r_117_3_118,seq119,r_117_3_118,1.0,0,118,118,59
38,r_80_12_181,r_81_21_137,seq105,r_80_12_181,0.4,-50,131,181,59
31,r_108_142_117,r_107_132_195,seq143,r_108_142_117,0.74,0,117,117,59
41,r_117_3_118,seq118,seq4,r_117_3_118,0.79,0,118,118,59
89,seq102,r_104_50_123,seq100,r_104_50_123,1.0,-1,122,123,59
10,r_90_56_100,seq91,seq53,r_90_56_100,0.98,0,100,100,59
90,seq105,r_90_56_100,seq96,r_90_56_100,1.0,1,101,100,59
38,r_80_12_181,seq105,seq11,r_80_12_181,1.0,0,181,181,59
74,seq62,seq51,r_81_21_137,r_81_21_137,0.82,45,182,137,59
40,r_9_20_16,r_10_114_176,r_18_5_162,r_9_20_16,0.89,1,17,16,59
86,seq93,seq96,r_101_94_12,r_101_94_12,0.75,-1,11,12,59
0,r_88_28_12,r_87_74_86,seq27,r_88_28_12,0.96,0,12,12,59
13,r_85_52_137,seq84,seq51,r_85_52_137,1.0,-1,136,137,59
15,r_2_92_129,r_1_41_101,seq0,r_1_41_101,0.96,-1,100,101,59
48,r_44_141_120,seq42,seq140,r_44_141_120,0.89,-1,119,120,59
6,r_110_125_169,seq111,r_63_124_157,r_63_124_157,0.48,12,169,157,59
74,seq62,r_44_141_120,seq51,r_44_141_120,1.0,-9,111,120,59
10,r_90_56_100,seq53,r_131_57_125,r_131_57_125,1.0,8,133,125,59
43,r_144_67_47,seq143,seq65,r_144_67_47,1.0,0,47,47,59
87,seq96,r_107_132_195,r_7_95_165,r_7_95_165,0.84,0,165,165,59
38,r_80_12_181,r_97_134_118,r_81_21_137,r_97_134_118,0.63,-99,19,118,59
87,seq96,r_90_56_100,r_107_132_195,r_90_56_100,1.0,-10,90,100,59
8,r_97_134_118,r_108_142_117,seq133,r_97_134_118,0.95,0,118,118,59
2,r_87_74_86,r_85_52_137,seq79,r_87_74_86,0.99,0,86,86,59
47,r_73_19_170,seq71,r_87_74_86,r_87_74_86,1.0,8,94,86,59
29,r_86_149_119,r_85_52_137,r_70_148_50,r_86_149_119,0.96,0,119,119,59
99,seq126,r_120_64_94,r_131_57_125,r_120_64_94,0.97,-36,58,94,59
35,r_131_57_125,seq133,r_90_56_100,r_131_57_125,1.0,0,125,125,59
25,r_40_99_186,seq42,r_7_95_165,r_40_99_186,0.31,0,186,186,59
33,r_120_64_94,r_121_39_97,seq65,r_120_64_94,0.87,0,94,94,59
47,r_73_19_170,r_87_74_86,r_81_21_137,r_73_19_170,0.84,0,170,170,59
11,r_18_5_162,r_16_37_109,r_9_20_16,r_9_20_16,0.68,42,58,16,59
50,seq0,r_2_92_129,seq11,r_2_92_129,0.81,0,129,129,59
58,seq15,r_16_37_109,seq13,r_16_37_109,0.98,-1,108,109,59
65,seq42,r_40_99_186,seq34,r_40_99_186,0.66,-26,160,186,59
61,seq29,r_30_14_195,r_90_56_100,r_90_56_100,1.0,92,192,100,59
39,r_70_148_50,seq145,r_24_147_83,r_24_147_83,0.99,13,96,83,59
34,r_121_39_97,seq119,seq42,r_121_39_97,1.0,0,97,97,59
75,seq65,r_66_116_146,r_144_67_47,r_144_67_47,0.99,99,146,47,59
60,seq27,r_26_35_33,r_88_28_12,r_88_28_12,0.97,2,14,12,59
52,seq133,r_129_75_36,r_120_64_94,r_129_75_36,0.49,-16,20,36,59
26,r_26_35_33,r_25_47_95,seq34,r_26_35_33,0.79,0,33,33,59
94,seq113,r_115_68_177,r_10_114_176,r_115_68_177,0.28,0,177,177,59
9,r_69_146_154,r_63_124_157,r_24_147_83,r_69_146_154,0.59,0,154,154,59
22,r_45_33_175,seq46,r_121_39_97,r_121_39_97,1.0,76,173,97,59
28,r_76_98_126,seq77,seq96,r_76_98_126,0.74,0,126,126,59
36,r_107_132_195,seq106,r_97_134_118,r_107_132_195,0.95,0,195,195,59
49,r_24_147_83,r_25_47_95,r_70_148_50,r_24_147_83,1.0,1,84,83,59
15,r_2_92_129,seq0,seq91,r_2_92_129,0.99,0,129,129,59
56,seq140,seq143,r_44_141_120,r_44_141_120,1.0,17,137,120,59
7,r_60_128_104,seq59,seq126,r_60_128_104,0.98,-1,103,104,59
44,r_104_50_123,seq102,r_25_47_95,r_104_50_123,0.89,0,123,123,59
79,seq143,seq140,r_108_142_117,r_108_142_117,0.9,17,134,117,59
8,r_97_134_118,seq105,r_104_50_123,r_97_134_118,0.51,-76,42,118,59
39,r_70_148_50,r_69_146_154,seq145,r_70_148_50,0.98,0,50,50,59
52,seq133,r_120_64_94,r_131_57_125,r_120_64_94,0.88,-56,38,94,59
23,r_103_23_39,r_104_50_123,r_88_28_12,r_103_23_39,0.72,0,39,39,59
27,r_11_38_209,r_143_10_96,r_93_39_194,r_11_38_209,0.57,0,209,209,60
30,r_6_116_61,r_11_38_209,r_137_117_50,r_6_116_61,1.0,0,61,61,60
36,r_113_122_53,seq110,r_68_121_125,r_68_121_125,0.97,13,138,125,60
14,r_102_20_96,seq100,seq18,r_102_20_96,1.0,0,96,96,60
53,seq133,r_135_5_193,r_27_128_97,r_27_128_97,1.0,102,199,97,60
26,r_109_73_95,r_134_71_32,r_120_72_141,r_120_72_141,0.92,-2,139,141,60
20,r_8_125_36,seq9,seq126,r_8_125_36,0.96,0,36,36,60
29,r_107_2_107,seq106,seq1,r_107_2_107,0.97,0,107,107,60
16,r_29_33_85,r_28_104_192,seq32,r_28_104_192,0.9,-107,85,192,60
21,r_123_22_127,r_124_55_88,r_113_122_53,r_124_55_88,1.0,-1,87,88,60
1,r_27_128_97,r_28_104_192,r_0_130_64,r_27_128_97,0.95,0,97,97,60
65,seq34,r_46_95_79,seq40,r_46_95_79,0.99,-35,44,79,60
42,r_16_81_144,r_17_108_175,r_114_82_54,r_16_81_144,0.63,0,144,144,60
43,r_141_86_32,seq139,seq84,r_141_86_32,0.97,0,32,32,60
80,seq69,r_70_31_123,r_127_67_8,r_127_67_8,0.58,76,84,8,60
24,r_120_72_141,r_137_117_50,r_109_73_95,r_120_72_141,0.76,0,141,141,60
15,r_134_71_32,r_70_31_123,seq69,r_70_31_123,1.0,0,123,123,60
78,seq59,r_64_74_173,r_105_60_57,r_105_60_57,1.0,0,57,57,60
96,seq106,r_107_2_107,seq126,r_107_2_107,1.0,0,107,107,60
66,seq36,seq40,r_136_37_172,r_136_37_172,1.0,7,179,172,60
99,seq126,r_137_117_50,seq131,r_137_117_50,0.44,-12,38,50,60
31,r_93_39_194,seq94,seq40,r_93_39_194,0.27,0,194,194,60
41,r_64_74_173,seq63,r_109_73_95,r_109_73_95,0.51,78,173,95,60
3,r_4_87_193,r_3_61_103,seq1,r_3_61_103,1.0,0,103,103,60
10,r_83_92_154,r_102_20_96,r_114_82_54,r_83_92_154,0.88,-74,80,154,60
18,r_105_60_57,seq106,seq59,r_105_60_57,1.0,0,57,57,60
96,seq106,r_65_115_42,r_17_108_175,r_17_108_175,0.88,0,175,175,60
26,r_109_73_95,r_107_2_107,r_134_71_32,r_107_2_107,0.67,-12,95,107,60
8,r_70_31_123,r_134_71_32,seq32,r_70_31_123,1.0,0,123,123,60
20,r_8_125_36,seq126,r_0_130_64,r_0_130_64,1.0,19,83,64,60
21,r_123_22_127,r_113_122_53,r_102_20_96,r_123_22_127,1.0,0,127,127,60
13,r_127_67_8,r_68_121_125,r_109_73_95,r_127_67_8,0.92,116,124,8,60
48,r_43_97_121,seq40,seq98,r_43_97_121,0.98,0,121,121,60
6,r_17_108_175,seq18,seq106,r_17_108_175,0.76,0,175,175,60
19,r_66_112_49,r_127_67_8,seq110,r_66_112_49,0.99,0,49,49,60
5,r_137_117_50,r_136_37_172,r_120_72_141,r_137_117_50,0.83,0,50,50,60
5,r_137_117_50,r_120_72_141,r_6_116_61,r_120_72_141,0.58,0,141,141,60
0,r_114_82_54,r_83_92_154,r_16_81_144,r_16_81_144,1.0,10,154,144,60
10,r_83_92_154,r_114_82_54,seq90,r_83_92_154,0.67,0,154,154,60
27,r_11_38_209,r_14_118_161,r_143_10_96,r_143_10_96,0.93,65,161,96,60
87,seq84,r_85_62_185,r_141_86_32,r_141_86_32,0.95,153,185,32,60
80,seq69,r_127_67_8,r_134_71_32,r_134_71_32,0.43,70,102,32,60
47,r_3_61_103,r_4_87_193,r_105_60_57,r_3_61_103,0.99,0,103,103,60
15,r_134_71_32,r_135_5_193,r_70_31_123,r_134_71_32,0.98,1,33,32,60
40,r_103_12_203,seq100,r_11_38_209,r_11_38_209,0.81,-10,199,209,60
96,seq106,r_105_60_57,r_107_2_107,r_105_60_57,1.0,0,57,57,60
29,r_107_2_107,r_109_73_95,seq106,r_109_73_95,0.84,-13,82,95,60
24,r_120_72_141,r_111_138_92,r_137_117_50,r_120_72_141,0.77,-78,63,141,60
25,r_14_118_161,r_11_38_209,r_6_116_61,r_6_116_61,0.8,100,161,61,60
34,r_54_140_49,seq53,seq139,r_54_140_49,1.0,0,49,49,60
33,r_111_138_92,seq110,seq139,r_111_138_92,0.98,0,92,92,60
88,seq88,r_89_99_176,r_83_92_154,r_83_92_154,0.64,18,172,154,60
50,seq1,r_4_87_193,r_107_2_107,r_107_2_107,1.0,86,193,107,60
0,r_114_82_54,r_111_138_92,r_83_92_154,r_114_82_54,0.97,0,54,54,60
70,seq45,r_46_95_79,seq44,r_46_95_79,1.0,0,79,79,60
46,r_24_49_52,seq25,seq50,r_24_49_52,1.0,1,53,52,60
38,r_124_55_88,r_123_22_127,seq53,r_124_55_88,0.95,0,88,88,60
60,seq148,r_149_79_179,seq145,r_149_79_179,0.77,0,179,179,60
17,r_0_130_64,seq7,seq131,r_0_130_64,1.0,0,64,64,60
9,r_46_95_79,seq45,seq94,r_46_95_79,1.0,0,79,79,60
11,r_35_23_12,r_46_95_79,seq18,r_35_23_12,0.96,0,12,12,60
37,r_52_142_120,seq53,r_111_138_92,r_52_142_120,0.98,0,120,120,60
22,r_19_30_165,r_17_108_175,r_70_31_123,r_19_30_165,0.68,1,166,165,60
28,r_89_99_176,seq88,r_46_95_79,r_46_95_79,1.0,97,176,79,60
7,r_149_79_179,seq148,seq80,r_149_79_179,0.47,0,179,179,60
44,r_15_13_149,r_17_108_175,r_143_10_96,r_15_13_149,0.63,0,149,149,60
23,r_42_57_64,r_43_97_121,seq58,r_42_57_64,1.0,0,64,64,60
99,seq126,seq131,r_0_130_64,r_0_130_64,1.0,25,89,64,60
8,r_70_31_123,seq69,r_134_71_32,r_134_71_32,1.0,1,33,32,60
79,seq63,r_64_74_173,r_105_60_57,r_105_60_57,0.99,116,173,57,60
35,r_68_121_125,r_127_67_8,r_113_122_53,r_68_121_125,0.94,0,125,125,60
12,r_143_10_96,r_135_5_193,r_11_38_209,r_143_10_96,0.95,0,96,96,60
36,r_54_83_77,r_53_72_79,seq85,r_54_83_77,0.69,0,77,77,61
14,r_53_72_79,r_54_83_77,r_74_76_61,r_53_72_79,0.78,0,79,79,61
43,r_130_50_118,seq133,seq51,r_130_50_118,0.63,0,118,118,61
37,r_117_90_144,r_116_142_151,r_32_88_57,r_32_88_57,0.88,87,144,57,61
45,r_62_47_19,r_61_99_19,r_123_46_17,r_62_47_19,0.93,0,19,19,61
55,seq7,r_5_95_164,r_84_6_51,r_84_6_51,1.0,90,141,51,61
16,r_82_94_134,r_81_134_140,r_69_93_10,r_82_94_134,0.76,-1,133,134,61
39,r_115_145_85,r_116_142_151,seq146,r_115_145_85,0.99,0,85,85,61
97,seq120,seq119,r_91_124_6,r_91_124_6,0.38,124,130,6,61
42,r_21_57_102,r_19_36_108,r_147_59_22,r_21_57_102,0.99,0,102,102,61
8,r_141_106_83,r_140_67_37,seq149,r_140_67_37,0.92,-13,24,37,61
32,r_92_35_158,r_69_93_10,r_24_37_82,r_24_37_82,0.87,76,158,82,61
2,r_69_93_10,r_63_87_22,r_92_35_158,r_92_35_158,0.53,-148,10,158,61
19,r_5_95_164,seq2,r_69_93_10,r_69_93_10,0.95,154,164,10,61
21,r_44_139_157,r_42_107_47,r_62_47_19,r_44_139_157,0.71,-138,19,157,61
76,seq146,seq149,r_115_145_85,r_115_145_85,0.99,37,122,85,61
41,r_33_136_106,seq27,seq128,r_33_136_106,0.98,0,106,106,61
3,r_81_134_140,seq80,r_71_137_47,r_81_134_140,0.35,0,140,140,61
10,r_0_23_141,r_1_41_180,r_66_25_7,r_66_25_7,0.55,134,141,7,61
8,r_141_106_83,seq149,r_42_107_47,r_141_106_83,1.0,0,83,83,61
4,r_42_107_47,seq119,r_141_106_83,r_141_106_83,1.0,1,84,83,61
73,seq51,r_53_72_79,seq56,r_53_72_79,0.99,0,79,79,61
78,seq70,r_68_135_114,r_140_67_37,r_140_67_37,0.84,8,45,37,61
20,r_68_135_114,seq70,r_33_136_106,r_68_135_114,0.6,0,114,114,61
5,r_71_137_47,seq73,seq133,r_71_137_47,0.97,0,47,47,61
13,r_39_78_104,seq40,seq85,r_39_78_104,0.9,0,104,104,61
38,r_30_34_9,r_39_78_104,r_24_37_82,r_39_78_104,0.98,-8,96,104,61
21,r_44_139_157,r_62_47_19,r_71_137_47,r_44_139_157,0.47,0,157,157,61
30,r_123_46_17,r_122_125_50,r_44_139_157,r_123_46_17,0.97,0,17,17,61
2,r_69_93_10,r_92_35_158,r_82_94_134,r_82_94_134,0.55,2,136,134,61
27,r_1_41_180,r_0_23_141,r_16_77_184,r_1_41_180,0.54,-28,152,180,61
48,r_63_87_22,seq65,seq89,r_63_87_22,0.95,0,22,22,61
9,r_61_99_19,r_62_47_19,seq98,r_62_47_19,0.79,0,19,19,61
4,r_42_107_47,r_43_108_168,seq119,r_42_107_47,0.96,0,47,47,61
38,r_30_34_9,r_33_136_106,r_39_78_104,r_39_78_104,0.5,-50,54,104,61
46,r_140_67_37,r_141_106_83,seq70,r_140_67_37,0.78,0,37,37,61
24,r_105_48_156,seq103,r_130_50_118,r_130_50_118,0.82,40,158,118,61
30,r_123_46_17,r_44_139_157,r_62_47_19,r_123_46_17,0.57,38,55,17,61
25,r_24_37_82,seq27,r_30_34_9,r_24_37_82,0.68,0,82,82,61
33,r_143_138_94,seq149,r_71_137_47,r_143_138_94,0.88,0,94,94,61
25,r_24_37_82,r_30_34_9,r_19_36_108,r_19_36_108,0.92,2,110,108,61
34,r_79_55_130,seq85,seq56,r_79_55_130,0.74,1,131,130,61
23,r_49_8_20,r_53_72_79,seq10,r_49_8_20,1.0,0,20,20,61
47,r_32_88_57,r_24_37_82,r_63_87_22,r_32_88_57,1.0,0,57,57,61
81,seq80,r_81_134_140,r_54_83_77,r_54_83_77,0.95,63,140,77,61
83,seq89,r_86_58_91,r_63_87_22,r_63_87_22,0.54,0,22,22,61
17,r_127_45_78,r_122_125_50,r_62_47_19,r_127_45_78,0.96,0,78,78,61
22,r_129_113_82,r_130_50_118,seq112,r_129_113_82,0.97,0,82,82,61
28,r_118_121_130,r_116_142_151,seq120,r_116_142_151,0.79,-22,129,151,61
49,r_52_28_35,r_53_72_79,seq27,r_52_28_35,1.0,0,35,35,61
0,r_84_6_51,seq85,seq7,r_84_6_51,1.0,0,51,51,61
82,seq85,r_81_134_140,r_54_83_77,r_54_83_77,0.77,5,82,77,61
35,r_86_58_91,seq89,r_147_59_22,r_86_58_91,0.76,0,91,91,61
40,r_5_95_101,seq111,r_37_98_36,r_5_95_101,0.32,67,168,101,62
51,seq136,r_135_104_123,seq137,r_135_104_123,1.0,-48,75,123,62
14,r_46_27_176,seq42,r_57_48_103,r_57_48_103,0.99,10,113,103,62
8,r_2_107_158,r_105_1_140,r_112_120_148,r_105_1_140,0.59,19,159,140,62
81,seq73,seq64,r_123_74_53,r_123_74_53,1.0,1,54,53,62
13,r_3_83_112,r_12_65_183,r_40_133_100,r_12_65_183,0.37,-140,43,183,62
37,r_148_41_172,seq147,r_94_45_106,r_94_45_106,0.37,66,172,106,62
59,seq18,seq17,r_125_19_42,r_125_19_42,1.0,49,91,42,62
87,seq87,r_86_56_52,r_80_103_140,r_86_56_52,0.99,0,52,52,62
21,r_128_7_192,r_127_93_179,r_101_129_167,r_101_129_167,0.69,12,179,167,62
46,r_13_47_181,seq14,r_57_48_103,r_57_48_103,0.98,74,177,103,62
42,r_40_133_100,seq42,r_140_132_71,r_40_133_100,1.0,0,100,100,62
12,r_115_78_39,seq76,r_66_75_75,r_115_78_39,0.56,119,158,39,62
18,r_108_52_29,seq109,r_20_54_3,r_108_52_29,1.0,0,29,29,62
45,r_140_132_71,seq141,r_128_7_192,r_140_132_71,1.0,0,71,71,62
19,r_121_92_88,seq122,r_79_91_57,r_121_92_88,0.88,0,88,88,62
30,r_94_45_106,seq90,r_79_91_57,r_79_91_57,1.0,1,58,57,62
21,r_128_7_192,r_101_129_167,seq6,r_128_7_192,0.82,0,192,192,62
1,r_106_35_30,r_105_1_140,seq36,r_106_35_30,0.99,0,30,30,62
31,r_61_100_170,seq63,r_37_98_36,r_61_100_170,0.61,0,170,170,62
24,r_139_28_43,seq137,seq30,r_139_28_43,0.99,0,43,43,62
89,seq96,r_97_124_149,r_37_98_36,r_37_98_36,0.94,116,152,36,62
90,seq102,r_101_129_167,r_37_98_36,r_37_98_36,1.0,81,117,36,62
14,r_46_27_176,r_57_48_103,seq24,r_46_27_176,0.82,0,176,176,62
11,r_66_75_75,seq64,seq76,r_66_75_75,0.87,0,75,75,62
20,r_4_44_180,seq11,r_125_19_42,r_125_19_42,0.79,21,63,42,62
48,r_105_1_140,seq96,r_5_95_101,r_5_95_101,0.56,1,102,101,62
12,r_115_78_39,r_80_103_140,seq76,r_80_103_140,0.81,-22,118,140,62
13,r_3_83_112,r_40_133_100,r_125_19_42,r_125_19_42,0.64,28,70,42,62
6,r_116_146_166,seq117,seq147,r_116_146_166,0.69,0,166,166,62
99,seq122,r_121_92_88,seq114,r_121_92_88,1.0,0,88,88,62
0,r_32_21_189,r_67_31_8,r_39_23_51,r_67_31_8,0.46,181,189,8,62
10,r_37_98_36,r_99_0_187,seq102,r_37_98_36,0.52,98,134,36,62
30,r_94_45_106,r_79_91_57,seq43,r_94_45_106,1.0,0,106,106,62
36,r_38_62_45,r_39_23_51,seq63,r_38_62_45,1.0,0,45,45,62
47,r_130_113_156,r_127_93_179,seq110,r_127_93_179,0.3,-22,157,179,62
12,r_115_78_39,r_125_19_42,r_80_103_140,r_115_78_39,0.99,1,40,39,62
40,r_5_95_101,seq6,seq111,r_5_95_101,0.96,0,101,101,62
29,r_135_104_123,seq136,seq102,r_135_104_123,0.98,0,123,123,62
48,r_105_1_140,r_112_120_148,r_2_107_158,r_105_1_140,0.87,0,140,140,62
35,r_80_103_140,r_79_91_57,seq87,r_79_91_57,1.0,0,57,57,62
34,r_67_31_8,r_32_21_189,r_106_35_30,r_106_35_30,0.78,157,187,30,62
35,r_80_103_140,seq87,r_135_104_123,r_80_103_140,0.95,0,140,140,62
10,r_37_98_36,seq50,r_99_0_187,r_37_98_36,0.99,0,36,36,62
33,r_144_72_95,seq145,seq73,r_144_72_95,1.0,0,95,95,62
9,r_79_91_57,r_80_103_140,r_94_45_106,r_79_91_57,1.0,0,57,57,62
13,r_3_83_112,r_125_19_42,seq81,r_3_83_112,0.99,0,112,112,62
92,seq109,r_108_52_29,seq110,r_108_52_29,1.0,-3,26,29,62
77,seq63,r_60_88_164,r_38_62_45,r_38_62_45,1.0,60,105,45,62
20,r_4_44_180,seq11,r_94_45_106,r_94_45_106,0.48,74,180,106,62
43,r_22_68_54,seq24,seq69,r_22_68_54,1.0,0,54,54,62
60,seq147,r_148_41_172,seq145,r_148_41_172,0.63,0,172,172,62
26,r_149_16_10,r_144_72_95,seq18,r_149_16_10,0.99,0,10,10,62
48,r_105_1_140,r_5_95_101,r_112_120_148,r_112_120_148,0.44,-25,123,148,62
94,seq111,r_112_120_148,seq110,r_112_120_148,0.75,0,148,148,62
15,r_39_23_51,seq25,r_126_15_10,r_39_23_51,0.47,131,182,51,62
5,r_125_19_42,r_116_146_166,seq18,r_125_19_42,1.0,0,42,42,62
15,r_39_23_51,r_40_133_100,r_149_16_10,r_39_23_51,0.97,3,54,51,62
22,r_101_129_167,seq102,r_140_132_71,r_140_132_71,1.0,95,166,71,62
28,r_131_9_173,r_127_93_179,seq11,r_131_9_173,0.35,0,173,173,62
91,seq145,r_144_72_95,seq147,r_144_72_95,1.0,0,95,95,62
49,r_60_88_164,seq63,seq87,r_60_88_164,0.41,0,164,164,62
56,seq14,r_13_47_181,seq11,r_13_47_181,0.61,0,181,181,62
7,r_112_120_148,seq111,seq114,r_112_120_148,0.31,0,148,148,62
23,r_99_0_187,seq102,r_105_1_140,r_105_1_140,0.59,40,180,140,62
16,r_86_56_52,seq87,seq55,r_86_56_52,1.0,0,52,52,62
48,r_105_1_140,r_2_107_158,r_99_0_187,r_105_1_140,0.92,22,162,140,62
82,seq76,r_86_56_52,r_89_77_27,r_89_77_27,0.51,13,40,27,62
9,r_79_91_57,r_94_45_106,r_121_92_88,r_94_45_106,0.99,0,106,106,62
44,r_123_74_53,r_116_146_166,seq73,r_123_74_53,1.0,0,53,53,62
30,r_122_20_121,seq123,seq17,r_122_20_121,1.0,0,121,121,63
42,r_130_70_47,r_74_26_165,r_3_69_62,r_130_70_47,0.61,25,72,47,63
36,r_129_149_178,seq131,seq147,r_129_149_178,0.17,0,178,178,63
14,r_120_84_74,r_119_103_159,r_83_63_140,r_83_63_140,0.58,-66,74,140,63
8,r_1_16_127,r_2_71_90,r_6_55_181,r_2_71_90,1.0,0,90,90,63
43,r_19_67_96,r_18_64_163,r_3_69_62,r_19_67_96,0.6,1,97,96,63
28,r_107_56_21,seq104,r_58_21_169,r_107_56_21,0.99,0,21,21,63
10,r_4_138_26,r_3_69_62,seq135,r_4_138_26,0.99,0,26,26,63
16,r_126_32_79,r_132_25_172,seq33,r_126_32_79,1.0,1,80,79,63
21,r_2_71_90,r_1_16_127,r_3_69_62,r_1_16_127,1.0,-37,90,127,63
39,r_24_91_163,seq23,r_87_110_195,r_24_91_163,0.75,0,163,163,63
1,r_41_65_37,seq60,r_83_63_140,r_83_63_140,1.0,15,155,140,63
5,r_13_80_110,seq12,r_68_81_11,r_13_80_110,1.0,0,110,110,63
72,seq51,r_49_141_36,seq60,r_49_141_36,0.95,0,36,36,63
8,r_1_16_127,r_6_55_181,seq17,r_1_16_127,0.97,0,127,127,63
45,r_134_0_115,seq135,r_52_10_21,r_134_0_115,0.68,0,115,115,63
28,r_107_56_21,r_58_21_169,r_5_54_59,r_5_54_59,0.75,7,66,59,63
37,r_66_121_31,r_120_84_74,r_146_114_9,r_66_121_31,0.73,21,52,31,63
66,seq36,seq31,r_85_35_139,r_85_35_139,1.0,50,189,139,63
38,r_72_27_22,r_24_91_163,r_86_28_85,r_86_28_85,0.95,-1,84,85,63
41,r_85_35_139,r_86_28_85,r_120_84_74,r_85_35_139,0.88,-55,84,139,63
46,r_68_81_11,r_85_35_139,seq82,r_68_81_11,0.69,23,34,11,63
48,r_9_96_52,seq8,seq93,r_9_96_52,1.0,0,52,52,63
4,r_87_110_195,r_89_118_187,r_24_91_163,r_24_91_163,0.78,24,187,163,63
78,seq73,r_74_26_165,r_3_69_62,r_3_69_62,1.0,104,166,62,63
0,r_95_101_99,seq93,seq102,r_95_101_99,0.8,0,99,99,63
73,seq57,r_58_21_169,seq60,r_58_21_169,0.73,-21,148,169,63
11,r_3_69_62,r_6_55_181,r_130_70_47,r_3_69_62,1.0,0,62,62,63
20,r_86_28_85,r_85_35_139,r_72_27_22,r_86_28_85,0.89,-1,84,85,63
13,r_46_47_133,seq45,r_78_44_75,r_78_44_75,1.0,54,129,75,63
46,r_68_81_11,seq82,r_13_80_110,r_13_80_110,0.99,-3,107,110,63
15,r_117_43_66,r_119_103_159,seq42,r_117_43_66,1.0,0,66,66,63
6,r_58_21_169,seq57,seq23,r_58_21_169,0.84,2,171,169,63
27,r_116_100_147,seq115,r_95_101_99,r_95_101_99,0.85,46,145,99,63
2,r_37_143_101,seq38,r_49_141_36,r_37_143_101,0.99,0,101,101,63
47,r_83_63_140,seq82,r_41_65_37,r_83_63_140,0.93,-1,139,140,63
38,r_72_27_22,r_74_26_165,r_24_91_163,r_72_27_22,0.94,0,22,22,63
18,r_75_125_70,r_74_26_165,r_88_128_44,r_75_125_70,0.99,0,70,70,63
24,r_99_94_92,seq102,seq93,r_99_94_92,0.73,0,92,92,63
25,r_88_128_44,r_87_110_195,seq131,r_88_128_44,1.0,0,44,44,63
35,r_119_103_159,r_66_121_31,r_95_101_99,r_119_103_159,0.44,2,161,159,63
33,r_78_44_75,seq79,seq45,r_78_44_75,0.99,1,76,75,63
42,r_130_70_47,r_132_25_172,r_74_26_165,r_130_70_47,1.0,0,47,47,63
69,seq42,r_41_65_37,r_24_91_163,r_41_65_37,1.0,0,37,37,63
64,seq33,seq31,r_126_32_79,r_126_32_79,1.0,32,111,79,63
88,seq102,seq98,r_95_101_99,r_95_101_99,0.97,10,109,99,63
1,r_41_65_37,seq42,seq60,r_41_65_37,0.97,0,37,37,63
70,seq45,r_46_47_133,r_78_44_75,r_78_44_75,1.0,58,133,75,63
41,r_85_35_139,r_120_84_74,seq36,r_85_35_139,0.99,0,139,139,63
32,r_18_64_163,seq17,r_83_63_140,r_18_64_163,0.5,0,163,163,63
14,r_120_84_74,r_83_63_140,r_68_81_11,r_83_63_140,1.0,-30,110,140,63
81,seq79,r_78_44_75,seq77,r_78_44_75,1.0,1,76,75,63
17,r_144_22_187,seq140,r_58_21_169,r_58_21_169,0.59,18,187,169,63
31,r_5_54_59,r_6_55_181,r_107_56_21,r_5_54_59,0.99,0,59,59,63
9,r_132_25_172,r_129_149_178,r_74_26_165,r_74_26_165,0.8,7,172,165,63
26,r_50_133_113,seq51,seq135,r_50_133_113,1.0,0,113,113,63
34,r_52_10_21,r_53_109_32,seq8,r_52_10_21,1.0,0,21,21,63
37,r_66_121_31,r_58_21_169,r_120_84_74,r_66_121_31,0.96,0,31,31,63
7,r_6_55_181,seq8,r_107_56_21,r_6_55_181,0.39,0,181,181,63
44,r_89_118_187,r_87_110_195,r_66_121_31,r_66_121_31,0.88,156,187,31,63
23,r_90_7_99,r_89_118_187,r_52_10_21,r_90_7_99,1.0,0,99,99,63
26,r_50_133_113,r_49_141_36,seq51,r_49_141_36,1.0,0,36,36,63
82,seq82,r_83_63_140,r_68_81_11,r_83_63_140,0.52,1,141,140,63
35,r_119_103_159,r_117_43_66,r_66_121_31,r_117_43_66,0.84,0,66,66,63
12,r_74_26_165,seq73,r_1_16_127,r_74_26_165,0.74,0,165,165,63
52,seq8,r_6_55_181,r_52_10_21,r_52_10_21,1.0,0,21,21,63
84,seq92,r_95_101_99,r_9_96_52,r_9_96_52,1.0,43,95,52,63
93,seq97,seq90,r_48_100_66,r_48_100_66,1.0,1,67,66,64
44,r_34_7_95,r_6_51_157,r_16_9_120,r_6_51_157,1.0,0,157,157,64
53,seq136,r_133_145_86,r_61_131_30,r_61_131_30,1.0,1,31,30,64
36,r_144_113_68,r_143_62_169,seq112,r_144_113_68,1.0,0,68,68,64
61,seq23,seq26,r_35_24_50,r_35_24_50,1.0,0,50,50,64
14,r_125_52_152,r_124_25_117,r_68_126_114,r_68_126_114,0.65,2,116,114,64
8,r_114_128_138,r_116_130_82,r_144_113_68,r_114_128_138,0.99,-56,82,138,64
43,r_10_21_6,r_19_0_184,r_132_20_181,r_132_20_181,0.82,3,184,181,64
23,r_95_115_134,r_105_92_8,r_144_113_68,r_95_115_134,0.9,0,134,134,64
0,r_2_121_130,r_6_51_157,r_77_122_52,r_2_121_130,1.0,0,130,130,64
54,seq138,r_137_89_132,seq136,r_137_89_132,0.99,0,132,132,64
37,r_118_69_164,seq119,seq64,r_118_69_164,0.59,0,164,164,64
30,r_110_99_53,r_108_5_167,seq97,r_108_5_167,0.83,-114,53,167,64
34,r_12_104_73,r_6_51_157,r_96_11_29,r_96_11_29,1.0,1,30,29,64
1,r_6_51_157,r_8_47_131,r_34_7_95,r_34_7_95,0.77,36,131,95,64
24,r_132_20_181,r_133_145_86,r_61_131_30,r_61_131_30,1.0,0,30,30,64
5,r_142_41_100,seq141,r_149_39_24,r_142_41_100,0.57,0,100,100,64
53,seq136,seq134,r_61_131_30,r_61_131_30,0.75,119,149,30,64
15,r_35_24_50,r_32_60_183,seq23,r_35_24_50,1.0,0,50,50,64
45,r_16_9_120,r_19_0_184,r_34_7_95,r_34_7_95,0.98,27,122,95,64
60,seq22,seq26,r_35_24_50,r_35_24_50,1.0,7,57,50,64
24,r_132_20_181,r_61_131_30,r_10_21_6,r_10_21_6,0.62,175,181,6,64
19,r_19_0_184,seq17,r_96_11_29,r_96_11_29,0.82,161,190,29,64
33,r_143_62_169,r_142_41_100,seq146,r_142_41_100,1.0,-3,97,100,64
46,r_63_83_29,r_61_131_30,r_82_13_134,r_63_83_29,0.87,0,29,29,64
39,r_77_122_52,r_125_52_152,r_2_121_130,r_77_122_52,0.66,86,138,52,64
31,r_36_98_146,r_32_60_183,r_48_100_66,r_32_60_183,0.78,-37,146,183,64
41,r_81_127_85,r_82_13_134,r_77_122_52,r_82_13_134,1.0,-49,85,134,64
9,r_117_102_58,r_116_130_82,seq103,r_117_102_58,1.0,0,58,58,64
89,seq85,seq97,r_105_92_8,r_105_92_8,0.4,88,96,8,64
1,r_6_51_157,r_34_7_95,r_125_52_152,r_6_51_157,0.95,0,157,157,64
3,r_79_38_77,seq74,r_149_39_24,r_79_38_77,0.99,0,77,77,64
26,r_14_33_136,r_15_101_107,r_19_0_184,r_15_101_107,1.0,-40,67,107,64
8,r_114_128_138,r_144_113_68,r_2_121_130,r_2_121_130,0.99,9,139,130,64
16,r_18_120_51,r_125_52_152,r_77_122_52,r_125_52_152,0.87,-38,114,152,64
4,r_48_100_66,seq44,r_110_99_53,r_48_100_66,1.0,0,66,66,64
16,r_18_120_51,r_19_0_184,r_125_52_152,r_18_120_51,1.0,0,51,51,64
0,r_2_121_130,r_1_78_91,r_6_51_157,r_1_78_91,1.0,1,92,91,64
63,seq27,seq26,r_124_25_117,r_124_25_117,1.0,62,179,117,64
11,r_108_5_167,seq107,seq4,r_108_5_167,0.85,0,167,167,64
20,r_82_13_134,seq80,seq17,r_82_13_134,0.85,0,134,134,64
13,r_72_86_132,seq73,seq85,r_72_86_132,0.82,0,132,132,64
49,r_28_129_34,seq26,r_142_41_100,r_28_129_34,0.93,0,34,34,64
46,r_63_83_29,r_82_13_134,seq80,r_82_13_134,1.0,0,134,134,64
48,r_68_126_114,r_67_53_180,r_77_122_52,r_68_126_114,0.73,0,114,114,64
17,r_123_139_33,r_124_25_117,seq141,r_123_139_33,1.0,0,33,33,64
6,r_15_101_107,r_14_33_136,r_48_100_66,r_15_101_107,0.99,0,107,107,64
99,seq119,r_118_69_164,r_144_113_68,r_144_113_68,0.67,94,162,68,64
42,r_37_91_19,r_32_60_183,r_105_92_8,r_37_91_19,0.96,1,20,19,64
27,r_96_11_29,r_105_92_8,r_12_104_73,r_96_11_29,0.94,0,29,29,64
22,r_61_131_30,r_132_20_181,seq134,r_132_20_181,0.57,-20,161,181,64
47,r_137_89_132,seq138,r_105_92_8,r_137_89_132,0.96,0,132,132,64
29,r_109_40_153,r_108_5_167,r_142_41_100,r_109_40_153,0.77,1,154,153,64
25,r_133_145_86,seq134,seq146,r_133_145_86,0.62,8,94,86,64
88,seq84,seq88,r_117_102_58,r_117_102_58,1.0,63,121,58,64
70,seq46,seq44,r_8_47_131,r_8_47_131,1.0,0,131,131,64
34,r_12_104_73,r_96_11_29,seq103,r_12_104_73,1.0,0,73,73,64
21,r_149_39_24,seq146,r_32_60_183,r_149_39_24,0.97,0,24,24,64
32,r_116_130_82,r_114_128_138,r_28_129_34,r_116_130_82,0.95,0,82,82,64
39,r_77_122_52,seq75,r_125_52_152,r_77_122_52,1.0,0,52,52,64
22,r_61_131_30,r_67_53_180,r_132_20_181,r_61_131_30,1.0,0,30,30,64
38,r_3_87_137,seq4,r_72_86_132,r_3_87_137,0.99,0,137,137,64
50,seq4,r_96_11_29,r_108_5_167,r_108_5_167,1.0,0,167,167,64
14,r_125_52_152,r_68_126_114,r_8_47_131,r_125_52_152,0.98,0,152,152,64
33,r_143_62_169,seq146,seq64,r_143_62_169,0.92,0,169,169,64
33,r_143_62_169,r_144_113_68,r_142_41_100,r_143_62_169,0.47,-145,24,169,64
21,r_149_39_24,r_32_60_183,r_79_38_77,r_79_38_77,1.0,1,78,77,64
94,seq103,seq107,r_12_104_73,r_12_104_73,1.0,2,75,73,64
26,r_14_33_136,r_19_0_184,seq30,r_14_33_136,0.99,0,136,136,64
96,seq107,r_109_40_153,seq106,r_109_40_153,0.87,1,154,153,64
18,r_31_94_53,r_32_60_183,seq93,r_31_94_53,1.0,0,53,53,64
27,r_96_11_29,r_12_104_73,seq4,r_12_104_73,1.0,0,73,73,64
7,r_1_78_91,r_2_121_130,seq74,r_1_78_91,0.99,0,91,91,64
44,r_34_7_95,r_32_60_183,r_6_51_157,r_34_7_95,1.0,0,95,95,64
23,r_95_115_134,seq97,r_105_92_8,r_95_115_134,0.63,-14,120,134,64
35,r_124_25_117,r_125_52_152,seq23,r_124_25_117,0.84,0,117,117,64
12,r_55_140_129,seq54,seq141,r_55_140_129,0.98,0,129,129,64
9,r_3_28_27,r_26_2_163,r_126_32_65,r_3_28_27,0.51,119,146,27,65
2,r_71_19_15,r_69_7_134,r_130_21_3,r_71_19_15,1.0,0,15,15,65
15,r_96_124_32,r_99_38_77,r_127_123_67,r_99_38_77,0.99,-45,32,77,65
56,seq142,r_143_67_142,r_140_84_161,r_140_84_161,0.56,-138,23,161,65
45,r_45_134_49,seq46,r_133_53_184,r_45_134_49,1.0,0,49,49,65
59,seq147,r_149_17_145,seq146,r_149_17_145,1.0,-1,144,145,65
16,r_130_21_3,r_18_23_108,r_118_20_108,r_118_20_108,1.0,2,110,108,65
39,r_138_85_83,seq146,r_79_83_206,r_138_85_83,0.88,0,83,83,65
43,r_29_40_49,r_27_72_27,r_3_28_27,r_3_28_27,0.6,0,27,27,65
1,r_141_135_106,r_140_84_161,r_45_134_49,r_45_134_49,1.0,57,106,49,65
46,r_89_78_175,seq86,r_8_132_91,r_8_132_91,0.98,75,166,91,65
42,r_22_139_105,r_130_21_3,seq146,r_22_139_105,0.63,0,105,105,65
80,seq68,r_69_7_134,r_12_70_61,r_12_70_61,0.52,73,134,61,65
69,seq46,r_43_0_145,r_50_42_72,r_43_0_145,1.0,0,145,145,65
19,r_126_32_65,r_127_123_67,seq31,r_126_32_65,1.0,0,65,65,65
76,seq60,seq58,r_16_61_130,r_16_61_130,1.0,23,153,130,65
31,r_12_70_61,seq13,seq68,r_12_70_61,0.99,0,61,61,65
41,r_149_17_145,seq147,r_71_19_15,r_149_17_145,0.76,0,145,145,65
89,seq101,seq104,r_6_114_46,r_6_114_46,1.0,144,190,46,65
3,r_57_108_180,seq56,r_6_114_46,r_57_108_180,0.5,0,180,180,65
10,r_30_93_107,seq31,seq94,r_30_93_107,1.0,0,107,107,65
26,r_43_0_145,seq46,seq1,r_43_0_145,0.75,0,145,145,65
72,seq54,seq51,r_128_52_48,r_128_52_48,1.0,123,171,48,65
18,r_128_52_48,r_126_32_65,seq54,r_128_52_48,1.0,0,48,48,65
4,r_133_53_184,seq137,r_45_134_49,r_45_134_49,1.0,19,68,49,65
0,r_122_105_102,seq119,seq107,r_122_105_102,0.47,0,102,102,65
43,r_29_40_49,r_3_28_27,seq41,r_29_40_49,0.81,0,49,49,65
22,r_10_80_53,seq9,r_79_83_206,r_10_80_53,1.0,0,53,53,65
13,r_91_136_75,r_90_66_200,seq137,r_91_136_75,0.89,0,75,75,65
48,r_143_67_142,seq142,r_12_70_61,r_143_67_142,0.82,1,143,142,65
4,r_133_53_184,r_45_134_49,r_50_42_72,r_45_134_49,0.62,135,184,49,65
6,r_118_20_108,seq117,r_130_21_3,r_118_20_108,1.0,0,108,108,65
85,seq94,r_90_66_200,r_30_93_107,r_30_93_107,1.0,70,177,107,65
5,r_63_76_32,seq75,r_16_61_130,r_16_61_130,0.98,57,187,130,65
9,r_3_28_27,r_6_114_46,r_26_2_163,r_3_28_27,0.99,1,28,27,65
83,seq82,r_79_83_206,r_24_81_33,r_24_81_33,1.0,8,41,33,65
47,r_18_23_108,r_22_139_105,r_71_19_15,r_18_23_108,0.91,-73,35,108,65
24,r_26_2_163,seq25,seq5,r_26_2_163,0.82,1,164,163,65
25,r_8_132_91,seq4,seq137,r_8_132_91,0.93,0,91,91,65
23,r_140_84_161,r_111_145_100,r_138_85_83,r_140_84_161,0.65,0,161,161,65
29,r_88_73_49,r_89_78_175,seq74,r_88_73_49,0.99,6,55,49,65
61,seq137,r_133_53_184,r_91_136_75,r_91_136_75,0.57,75,150,75,65
32,r_106_11_120,seq107,seq13,r_106_11_120,0.94,0,120,120,65
54,seq9,r_10_80_53,seq5,r_10_80_53,1.0,1,54,53,65
38,r_79_83_206,seq82,r_10_80_53,r_10_80_53,1.0,40,93,53,65
14,r_16_61_130,seq15,seq60,r_16_61_130,0.97,0,130,130,65
20,r_27_72_27,r_29_40_49,seq74,r_27_72_27,1.0,0,27,27,65
34,r_99_38_77,seq100,seq39,r_99_38_77,1.0,0,77,77,65
21,r_121_116_34,r_122_105_102,seq117,r_121_116_34,0.81,1,35,34,65
45,r_45_134_49,r_133_53_184,r_141_135_106,r_141_135_106,0.92,78,184,106,65
57,seq15,r_16_61_130,r_71_19_15,r_16_61_130,1.0,0,130,130,65
81,seq74,seq68,r_88_73_49,r_88_73_49,1.0,15,64,49,65
17,r_111_145_100,seq113,seq146,r_111_145_100,0.88,0,100,100,65
28,r_127_123_67,r_126_32_65,r_96_124_32,r_126_32_65,1.0,0,65,65,65
91,seq107,r_106_11_120,r_122_105_102,r_106_11_120,0.99,-8,112,120,65
49,r_90_66_200,seq94,r_12_70_61,r_12_70_61,0.81,139,200,61,65
7,r_50_42_72,r_49_14_186,seq46,r_49_14_186,0.78,-107,79,186,65
44,r_112_87_198,seq113,r_6_114_46,r_6_114_46,1.0,149,195,46,65
23,r_140_84_161,r_141_135_106,r_111_145_100,r_111_145_100,0.55,5,105,100,65
8,r_24_81_33,seq25,seq82,r_24_81_33,1.0,0,33,33,65
11,r_6_114_46,seq4,seq113,r_6_114_46,1.0,0,46,46,65
35,r_69_7_134,seq68,seq5,r_69_7_134,0.99,0,134,134,65
12,r_44_92_85,r_43_0_145,seq94,r_44_92_85,1.0,0,85,85,65
36,r_77_102_21,seq68,seq104,r_77_102_21,0.9,0,21,21,65
84,seq86,r_89_78_175,seq97,r_89_78_175,0.89,0,175,175,65
40,r_17_78_40,r_79_131_175,r_27_77_120,r_27_77_120,1.0,56,176,120,66
30,r_11_58_161,seq13,r_74_57_113,r_11_58_161,0.72,0,161,161,66
36,r_111_67_133,r_112_66_158,seq68,r_111_67_133,0.33,0,133,133,66
9,r_105_129_82,r_132_51_165,r_113_126_104,r_105_129_82,0.51,84,166,82,66
8,r_16_82_111,seq14,seq15,r_16_82_111,0.42,-42,69,111,66
7,r_48_116_31,r_49_89_123,r_117_115_95,r_48_116_31,0.91,0,31,31,66
34,r_80_12_116,r_109_75_159,r_85_83_143,r_109_75_159,0.42,-128,31,159,66
43,r_49_89_123,seq50,r_70_90_4,r_49_89_123,0.72,0,123,123,66
37,r_32_110_120,r_91_31_77,seq101,r_32_110_120,0.99,1,121,120,66
37,r_32_110_120,r_33_18_94,r_91_31_77,r_32_110_120,0.67,-25,95,120,66
59,seq13,r_11_58_161,r_80_12_116,r_80_12_116,0.72,45,161,116,66
8,r_16_82_111,r_44_81_69,r_85_83_143,r_85_83_143,0.88,0,143,143,66
16,r_27_77_120,seq28,r_17_78_40,r_27_77_120,0.95,0,120,120,66
21,r_44_81_69,seq46,r_80_12_116,r_44_81_69,0.99,0,69,69,66
39,r_109_75_159,r_111_67_133,seq108,r_111_67_133,0.78,-71,62,133,66
5,r_134_87_147,r_132_51_165,r_55_88_126,r_132_51_165,0.63,-18,147,165,66
46,r_33_18_94,r_32_110_120,r_136_19_42,r_33_18_94,0.98,1,95,94,66
32,r_121_144_153,r_137_119_21,r_133_145_134,r_137_119_21,0.89,132,153,21,66
11,r_117_115_95,r_114_73_115,r_48_116_31,r_117_115_95,0.93,-45,50,95,66
19,r_85_83_143,r_86_98_84,seq84,r_86_98_84,0.6,0,84,84,66
2,r_55_88_126,r_85_83_143,r_134_87_147,r_134_87_147,0.89,0,147,147,66
85,seq142,seq146,r_63_143_21,r_63_143_21,0.98,22,43,21,66
95,seq108,r_134_87_147,r_21_107_13,r_21_107_13,0.71,2,15,13,66
76,seq56,r_55_88_126,r_74_57_113,r_55_88_126,0.84,0,126,126,66
38,r_10_61_64,r_62_149_173,r_96_42_69,r_62_149_173,0.49,0,173,173,66
39,r_109_75_159,seq108,r_27_77_120,r_109_75_159,0.7,0,159,159,66
41,r_91_31_77,r_70_90_4,r_4_36_8,r_91_31_77,1.0,0,77,77,66
67,seq29,r_32_110_120,r_97_30_98,r_97_30_98,0.73,23,121,98,66
3,r_79_131_175,r_76_54_180,r_48_116_31,r_48_116_31,0.68,146,177,31,66
28,r_138_52_39,r_136_19_42,r_62_149_173,r_138_52_39,0.69,0,39,39,66
10,r_132_51_165,r_130_122_96,r_105_129_82,r_105_129_82,0.51,14,96,82,66
45,r_93_39_15,r_96_42_69,seq40,r_93_39_15,0.65,1,16,15,66
26,r_74_57_113,r_79_131_175,seq56,r_79_131_175,0.62,-62,113,175,66
4,r_47_147_70,seq46,seq146,r_47_147_70,0.99,1,71,70,66
0,r_86_98_84,r_85_83_143,seq99,r_86_98_84,1.0,0,84,84,66
73,seq43,r_79_131_175,r_96_42_69,r_96_42_69,0.7,5,74,69,66
17,r_70_90_4,seq94,r_49_89_123,r_49_89_123,0.97,12,135,123,66
13,r_114_73_115,r_117_115_95,r_17_78_40,r_114_73_115,0.87,1,116,115,66
47,r_141_22_16,seq142,seq23,r_141_22_16,0.9,0,16,16,66
57,seq139,seq140,r_133_145_134,r_133_145_134,0.83,26,160,134,66
20,r_53_118_24,seq68,r_137_119_21,r_53_118_24,0.96,0,24,24,66
31,r_21_107_13,r_17_78_40,seq108,r_21_107_13,0.79,0,13,13,66
1,r_9_64_38,seq68,r_127_65_68,r_127_65_68,0.82,24,92,68,66
99,seq125,r_132_51_165,r_113_126_104,r_132_51_165,0.56,-46,119,165,66
34,r_80_12_116,r_47_147_70,r_109_75_159,r_47_147_70,0.57,-53,17,70,66
34,r_80_12_116,r_44_81_69,seq13,r_80_12_116,1.0,0,116,116,66
8,r_16_82_111,seq15,r_44_81_69,r_16_82_111,0.96,0,111,111,66
10,r_132_51_165,r_105_129_82,r_138_52_39,r_132_51_165,0.79,1,166,165,66
27,r_76_54_180,r_79_131_175,r_109_75_159,r_79_131_175,0.3,-8,167,175,66
28,r_138_52_39,seq59,r_132_51_165,r_138_52_39,0.58,129,168,39,66
79,seq68,r_9_64_38,r_111_67_133,r_111_67_133,0.96,6,139,133,66
2,r_55_88_126,seq56,r_85_83_143,r_55_88_126,0.63,0,126,126,66
74,seq46,r_47_147_70,seq50,r_47_147_70,1.0,0,70,70,66
18,r_96_42_69,seq99,seq43,r_96_42_69,0.96,0,69,69,66
29,r_62_149_173,seq68,r_10_61_64,r_10_61_64,1.0,0,64,64,66
24,r_130_122_96,r_132_51_165,r_137_119_21,r_130_122_96,0.52,0,96,96,66
27,r_76_54_180,r_109_75_159,seq56,r_76_54_180,0.54,0,180,180,66
40,r_17_78_40,seq20,r_79_131_175,r_17_78_40,0.98,0,40,40,66
35,r_137_119_21,r_121_144_153,r_130_122_96,r_121_144_153,0.78,0,153,153,66
25,r_112_66_158,r_111_67_133,r_70_90_4,r_70_90_4,0.32,127,131,4,66
33,r_113_126_104,r_112_66_158,seq125,r_112_66_158,0.91,-54,104,158,66
6,r_136_19_42,r_138_52_39,seq20,r_136_19_42,1.0,-3,39,42,66
25,r_112_66_158,r_70_90_4,r_127_65_68,r_112_66_158,0.64,0,158,158,66
79,seq68,r_62_149_173,r_9_64_38,r_9_64_38,1.0,0,38,38,66
65,seq24,seq20,r_34_25_141,r_34_25_141,1.0,3,144,141,66
61,seq15,r_16_82_111,seq14,r_16_82_111,1.0,0,111,111,66
38,r_10_61_64,r_11_58_161,r_62_149_173,r_10_61_64,1.0,0,64,64,66
19,r_85_83_143,r_55_88_126,r_16_82_111,r_85_83_143,0.8,1,144,143,66
75,seq50,r_49_89_123,seq46,r_49_89_123,0.93,-12,111,123,66
34,r_80_12_116,r_85_83_143,r_44_81_69,r_44_81_69,0.74,3,72,69,66
1,r_9_64_38,r_5_120_185,seq68,r_9_64_38,0.98,0,38,38,66
60,seq14,r_16_82_111,seq15,r_16_82_111,1.0,-38,73,111,66
19,r_85_83_143,seq84,r_55_88_126,r_55_88_126,0.45,0,126,126,66
17,r_70_90_4,r_91_31_77,seq94,r_91_31_77,1.0,0,77,77,66
9,r_105_129_82,seq106,r_132_51_165,r_105_129_82,0.74,9,91,82,66
28,r_138_52_39,r_62_149_173,seq59,r_62_149_173,0.51,-44,129,173,66
29,r_62_149_173,r_10_61_64,r_133_145_134,r_62_149_173,0.7,0,173,173,66
22,r_97_30_98,seq99,r_4_36_8,r_97_30_98,1.0,0,98,98,66
42,r_63_143_21,r_62_149_173,seq142,r_63_143_21,1.0,0,21,21,66
49,r_127_65_68,r_132_51_165,r_9_64_38,r_127_65_68,0.94,0,68,68,66
21,r_44_81_69,r_80_12_116,r_16_82_111,r_44_81_69,0.89,47,116,69,66
44,r_1_45_172,seq2,seq46,r_1_45_172,0.6,0,172,172,66
32,r_121_144_153,r_134_87_147,r_137_119_21,r_137_119_21,0.85,2,23,21,66
23,r_34_25_141,seq35,seq24,r_34_25_141,0.74,0,141,141,66
12,r_133_145_134,r_132_51_165,seq142,r_133_145_134,0.43,0,134,134,66
35,r_137_119_21,r_138_52_39,r_121_144_153,r_137_119_21,0.73,0,21,21,66
84,seq84,r_85_83_143,r_55_88_126,r_55_88_126,0.89,4,130,126,66
93,seq115,r_113_41_165,r_146_114_129,r_146_114_129,0.67,13,142,129,67
45,r_85_58_102,r_83_9_158,r_52_56_33,r_85_58_102,0.46,0,102,102,67
51,seq1,r_2_139_78,seq0,r_2_139_78,1.0,0,78,78,67
36,r_133_138_9,seq135,r_2_139_78,r_2_139_78,1.0,2,80,78,67
92,seq112,r_113_41_165,r_69_109_81,r_69_109_81,1.0,84,165,81,67
14,r_57_65_114,r_55_147_123,r_120_72_60,r_120_72_60,0.96,57,117,60,67
8,r_125_31_85,seq123,seq25,r_125_31_85,0.97,0,85,85,67
53,seq132,r_144_137_39,r_97_142_56,r_97_142_56,1.0,26,82,56,67
14,r_57_65_114,r_120_72_60,r_111_63_153,r_111_63_153,1.0,7,160,153,67
43,r_96_53_95,seq95,r_62_51_72,r_96_53_95,1.0,0,95,95,67
37,r_27_68_164,seq26,r_57_65_114,r_27_68_164,0.4,0,164,164,67
59,seq143,r_140_149_53,r_97_142_56,r_97_142_56,1.0,5,61,56,67
21,r_28_104_110,r_27_68_164,seq106,r_28_104_110,1.0,0,110,110,67
39,r_38_32_170,seq33,r_30_37_67,r_30_37_67,0.87,5,72,67,67
1,r_2_139_78,seq1,r_133_138_9,r_2_139_78,1.0,0,78,78,67
5,r_48_13_48,seq47,seq12,r_48_13_48,0.99,0,48,48,67
35,r_64_99_100,r_39_59_28,seq95,r_64_99_100,1.0,0,100,100,67
32,r_146_114_129,r_140_149_53,r_69_109_81,r_146_114_129,0.97,0,129,129,67
45,r_85_58_102,r_84_29_91,r_83_9_158,r_84_29_91,0.72,0,91,91,67
19,r_43_77_86,r_42_121_93,seq80,r_43_77_86,1.0,0,86,86,67
41,r_129_54_186,seq127,r_62_51_72,r_62_51_72,0.69,116,188,72,67
30,r_5_108_33,r_4_102_149,seq110,r_5_108_33,0.88,0,33,33,67
15,r_128_11_20,r_126_148_82,seq12,r_128_11_20,0.99,0,20,20,67
26,r_111_63_153,r_113_41_165,r_57_65_114,r_57_65_114,0.6,39,153,114,67
4,r_126_148_82,r_129_54_186,r_140_149_53,r_126_148_82,0.86,0,82,82,67
78,seq80,r_79_10_162,r_24_78_118,r_24_78_118,0.98,45,163,118,67
0,r_140_149_53,r_146_114_129,r_126_148_82,r_140_149_53,0.68,28,81,53,67
20,r_107_17_74,r_113_41_165,r_116_16_37,r_107_17_74,1.0,0,74,74,67
10,r_97_142_56,r_98_3_128,seq143,r_97_142_56,1.0,0,56,56,67
48,r_24_78_118,seq23,seq80,r_24_78_118,1.0,0,118,118,67
9,r_144_137_39,r_146_114_129,r_133_138_9,r_146_114_129,0.87,-74,55,129,67
72,seq47,r_48_13_48,r_86_46_20,r_48_13_48,0.98,0,48,48,67
17,r_116_16_37,seq117,seq18,r_116_16_37,1.0,0,37,37,67
57,seq12,seq6,r_48_13_48,r_48_13_48,1.0,16,64,48,67
6,r_62_51_72,r_64_99_100,seq50,r_64_99_100,0.83,-30,70,100,67
85,seq94,r_92_15_149,r_73_93_107,r_73_93_107,0.75,14,121,107,67
27,r_84_29_91,r_85_58_102,r_125_31_85,r_84_29_91,1.0,0,91,91,67
42,r_86_46_20,seq87,seq47,r_86_46_20,0.7,0,20,20,67
16,r_39_59_28,r_36_141_62,seq61,r_39_59_28,1.0,0,28,28,67
2,r_79_10_162,seq80,r_48_13_48,r_48_13_48,0.67,116,164,48,67
47,r_60_145_151,seq61,r_140_149_53,r_60_145_151,0.54,0,151,151,67
40,r_73_93_107,seq74,seq94,r_73_93_107,1.0,0,107,107,67
74,seq50,seq49,r_62_51_72,r_62_51_72,0.85,4,76,72,67
18,r_69_109_81,seq71,seq110,r_69_109_81,1.0,0,81,81,67
29,r_100_131_93,r_113_41_165,seq132,r_100_131_93,0.99,0,93,93,67
24,r_70_82_136,seq71,seq81,r_70_82_136,0.61,0,136,136,67
25,r_113_41_165,seq112,seq40,r_113_41_165,0.48,0,165,165,67
33,r_52_56_33,r_55_147_123,r_85_58_102,r_52_56_33,0.87,90,123,33,67
64,seq23,r_24_78_118,seq22,r_24_78_118,1.0,0,118,118,67
32,r_146_114_129,r_144_137_39,r_140_149_53,r_146_114_129,0.56,-71,58,129,67
38,r_42_121_93,seq40,r_67_118_69,r_42_121_93,1.0,0,93,93,67
77,seq74,r_73_93_107,r_66_75_69,r_73_93_107,0.98,0,107,107,67
34,r_120_72_60,seq119,seq71,r_120_72_60,1.0,0,60,60,67
75,seq61,r_60_145_151,r_39_59_28,r_39_59_28,0.74,123,151,28,67
22,r_30_37_67,r_28_104_110,r_38_32_170,r_28_104_110,0.99,-40,70,110,67
28,r_36_141_62,r_38_32_170,r_97_142_56,r_36_141_62,1.0,0,62,62,67
49,r_21_76_65,seq14,r_66_75_69,r_21_76_65,1.0,0,65,65,67
7,r_98_3_128,seq95,seq0,r_98_3_128,0.92,0,128,128,67
44,r_66_75_69,r_67_118_69,r_21_76_65,r_66_75_69,1.0,0,69,69,67
23,r_67_118_69,r_66_75_69,seq119,r_67_118_69,1.0,0,69,69,67
35,r_64_99_100,r_66_75_69,r_39_59_28,r_39_59_28,0.98,39,67,28,67
12,r_55_147_123,r_52_56_33,r_140_149_53,r_55_147_123,0.96,0,123,123,67
84,seq91,seq95,r_73_93_107,r_73_93_107,1.0,51,158,107,67
30,r_10_113_112,r_9_118_136,r_7_116_23,r_9_118_136,0.98,-24,112,136,68
16,r_2_32_15,r_3_43_74,seq34,r_2_32_15,0.87,0,15,15,68
25,r_125_108_119,r_28_104_88,r_58_107_137,r_58_107_137,0.63,8,145,137,68
36,r_9_118_136,seq13,seq120,r_9_118_136,0.99,0,136,136,68
43,r_0_39_63,seq5,seq38,r_0_39_63,1.0,0,63,63,68
23,r_7_116_23,r_10_113_112,r_114_141_150,r_7_116_23,0.98,0,23,23,68
54,seq135,r_134_42_112,seq133,r_134_42_112,1.0,1,113,112,68
83,seq86,seq77,r_61_84_37,r_61_84_37,0.71,24,61,37,68
37,r_134_42_112,seq135,r_3_43_74,r_134_42_112,0.99,1,113,112,68
42,r_45_50_52,seq41,r_149_51_51,r_45_50_52,0.95,0,52,52,68
14,r_128_44_59,seq129,seq46,r_128_44_59,1.0,0,59,59,68
71,seq41,seq46,r_102_40_54,r_102_40_54,1.0,30,84,54,68
21,r_69_11_109,r_68_27_147,seq12,r_69_11_109,0.96,0,109,109,68
39,r_28_104_88,seq25,seq103,r_28_104_88,1.0,0,88,88,68
1,r_145_65_59,seq60,r_6_64_82,r_6_64_82,0.96,79,161,82,68
1,r_145_65_59,seq146,seq60,r_145_65_59,0.99,1,60,59,68
45,r_149_51_51,r_144_59_90,r_45_50_52,r_149_51_51,0.89,0,51,51,68
19,r_72_24_90,seq78,seq22,r_72_24_90,1.0,0,90,90,68
27,r_35_117_73,r_114_141_150,r_7_116_23,r_114_141_150,1.0,-3,147,150,68
48,r_114_141_150,r_35_117_73,r_1_142_55,r_114_141_150,0.54,0,150,150,68
95,seq109,r_110_71_155,seq112,r_110_71_155,0.78,0,155,155,68
40,r_98_83_34,r_96_85_149,r_80_17_192,r_98_83_34,0.75,0,34,34,68
97,seq120,seq130,r_9_118_136,r_9_118_136,0.57,-1,135,136,68
31,r_139_121_191,seq138,r_9_118_136,r_9_118_136,0.95,55,191,136,68
41,r_111_66_171,seq112,r_110_71_155,r_110_71_155,0.78,15,170,155,68
89,seq95,r_96_85_149,r_36_93_40,r_36_93_40,0.66,109,149,40,68
44,r_14_48_21,r_7_116_23,r_101_53_2,r_14_48_21,0.96,0,21,21,68
26,r_58_107_137,seq56,r_125_108_119,r_58_107_137,0.49,0,137,137,68
90,seq99,r_36_93_40,seq106,r_36_93_40,0.65,65,105,40,68
11,r_36_93_40,r_33_115_134,seq95,r_36_93_40,0.94,1,41,40,68
72,seq46,seq41,r_128_44_59,r_128_44_59,1.0,25,84,59,68
44,r_14_48_21,r_101_53_2,r_75_49_39,r_75_49_39,0.49,12,51,39,68
78,seq63,r_62_20_151,seq60,r_62_20_151,0.99,-15,136,151,68
0,r_62_20_151,seq63,seq21,r_62_20_151,0.78,0,151,151,68
73,seq47,r_75_49_39,r_14_48_21,r_14_48_21,0.97,13,34,21,68
5,r_102_40_54,seq100,seq41,r_102_40_54,0.99,0,54,54,68
13,r_33_115_134,seq34,r_7_116_23,r_33_115_134,0.96,0,134,134,68
98,seq124,r_123_94_166,r_52_136_134,r_52_136_134,0.63,30,164,134,68
15,r_68_27_147,seq70,seq25,r_68_27_147,0.89,0,147,147,68
48,r_114_141_150,r_7_116_23,r_35_117_73,r_35_117_73,1.0,20,93,73,68
8,r_147_82_51,r_144_59_90,r_98_83_34,r_147_82_51,0.68,0,51,51,68
6,r_92_31_95,r_96_85_149,seq34,r_92_31_95,0.98,1,96,95,68
99,seq126,r_125_108_119,seq129,r_125_108_119,1.0,0,119,119,68
27,r_35_117_73,seq34,r_114_141_150,r_35_117_73,1.0,0,73,73,68
2,r_80_17_192,seq77,r_98_83_34,r_80_17_192,0.48,-130,62,192,68
47,r_123_94_166,seq124,r_36_93_40,r_36_93_40,0.6,126,166,40,68
33,r_140_37_58,r_139_121_191,seq38,r_140_37_58,0.99,0,58,58,68
18,r_55_97_149,seq54,r_36_93_40,r_55_97_149,0.69,0,149,149,68
29,r_6_64_82,seq5,seq60,r_6_64_82,1.0,0,82,82,68
24,r_127_74_178,seq126,r_110_71_155,r_127_74_178,0.42,0,178,178,68
25,r_125_108_119,seq126,r_28_104_88,r_125_108_119,0.79,0,119,119,68
12,r_75_49_39,seq77,r_14_48_21,r_75_49_39,0.78,0,39,39,68
70,seq38,seq46,r_0_39_63,r_0_39_63,1.0,13,76,63,68
32,r_122_8_120,r_123_94_166,r_69_11_109,r_122_8_120,0.98,0,120,120,68
38,r_131_16_177,seq133,r_19_18_141,r_19_18_141,0.54,36,177,141,68
77,seq60,r_62_20_151,r_144_59_90,r_144_59_90,0.85,38,128,90,68
40,r_98_83_34,r_80_17_192,r_147_82_51,r_147_82_51,1.0,3,54,51,68
46,r_1_142_55,r_0_39_63,seq143,r_1_142_55,0.98,0,55,55,68
94,seq106,r_110_71_155,seq100,r_110_71_155,1.0,-40,115,155,68
9,r_23_81_172,seq22,r_147_82_51,r_23_81_172,0.52,0,172,172,68
96,seq112,r_111_66_171,seq109,r_111_66_171,0.54,0,171,171,68
90,seq99,r_92_31_95,r_36_93_40,r_36_93_40,0.57,26,66,40,68
34,r_61_84_37,r_62_20_151,seq86,r_62_20_151,0.95,-114,37,151,68
10,r_79_29_19,r_73_76_53,seq25,r_79_29_19,0.99,0,19,19,68
49,r_52_136_134,r_55_97_149,seq135,r_52_136_134,0.97,0,134,134,68
7,r_3_43_74,r_10_113_112,r_102_40_54,r_3_43_74,1.0,0,74,74,68
90,seq99,r_110_71_155,r_92_31_95,r_110_71_155,0.57,-142,13,155,68
79,seq70,r_68_27_147,r_119_67_1,r_68_27_147,1.0,-10,137,147,68
35,r_144_59_90,seq148,seq60,r_144_59_90,1.0,0,90,90,68
23,r_7_116_23,r_114_141_150,r_35_117_73,r_35_117_73,0.85,22,95,73,68
36,r_100_9_158,r_101_124_61,r_122_99_19,r_101_124_61,0.93,0,61,61,69
25,r_88_36_26,r_73_90_17,r_37_8_183,r_88_36_26,1.0,0,26,26,69
8,r_24_130_141,seq23,r_4_129_108,r_24_130_141,0.83,0,141,141,69
37,r_10_42_97,r_7_55_50,r_24_130_141,r_7_55_50,1.0,0,50,50,69
16,r_94_140_143,seq96,r_30_135_51,r_94_140_143,0.89,0,143,143,69
21,r_46_44_105,seq45,r_10_42_97,r_10_42_97,1.0,8,105,97,69
39,r_146_113_88,seq143,r_12_115_25,r_12_115_25,0.8,67,92,25,69
97,seq117,r_120_13_180,r_6_142_82,r_6_142_82,1.0,72,154,82,69
37,r_10_42_97,r_7_55_50,r_46_44_105,r_10_42_97,0.39,13,110,97,69
5,r_37_8_183,r_38_68_87,r_88_36_26,r_37_8_183,0.98,-140,43,183,69
52,seq5,r_4_129_108,r_1_29_184,r_4_129_108,0.97,0,108,108,69
29,r_2_98_38,r_1_29_184,r_106_97_148,r_2_98_38,1.0,0,38,38,69
52,seq5,r_1_29_184,seq23,r_1_29_184,0.39,-40,144,184,69
38,r_122_99_19,r_100_9_158,r_118_103_96,r_122_99_19,0.92,139,158,19,69
35,r_64_21_58,seq65,seq22,r_64_21_58,1.0,0,58,58,69
31,r_108_75_131,seq104,seq72,r_108_75_131,0.57,0,131,131,69
41,r_123_54_112,seq125,r_101_124_61,r_123_54_112,0.62,-50,62,112,69
40,r_87_63_17,seq59,r_16_61_162,r_16_61_162,0.97,0,162,162,69
42,r_12_115_25,r_15_148_84,seq112,r_12_115_25,0.81,0,25,25,69
10,r_38_68_87,seq39,r_84_71_27,r_38_68_87,0.93,0,87,87,69
40,r_87_63_17,seq66,r_70_127_155,r_87_63_17,0.69,31,48,17,69
26,r_118_103_96,r_120_13_180,seq104,r_120_13_180,0.57,-82,98,180,69
40,r_87_63_17,r_85_57_112,seq66,r_87_63_17,0.95,0,17,17,69
4,r_3_77_91,r_4_129_108,seq76,r_3_77_91,0.82,1,92,91,69
20,r_6_142_82,seq5,seq143,r_6_142_82,1.0,0,82,82,69
13,r_62_114_1,seq110,r_12_115_25,r_12_115_25,0.94,39,64,25,69
46,r_56_86_55,seq76,r_108_75_131,r_108_75_131,1.0,11,142,131,69
48,r_4_129_108,r_3_77_91,seq5,r_4_129_108,0.66,-16,92,108,69
17,r_95_60_37,r_94_140_143,seq59,r_95_60_37,0.75,0,37,37,69
57,seq145,r_144_137_131,r_15_148_84,r_15_148_84,1.0,46,130,84,69
37,r_10_42_97,r_24_130_141,r_7_55_50,r_10_42_97,0.8,-4,93,97,69
6,r_120_13_180,seq117,r_134_20_52,r_134_20_52,1.0,128,180,52,69
40,r_87_63_17,r_70_127_155,seq59,r_70_127_155,0.82,-29,126,155,69
85,seq76,seq81,r_3_77_91,r_3_77_91,1.0,40,131,91,69
43,r_105_14_47,r_108_75_131,seq19,r_105_14_47,1.0,0,47,47,69
5,r_37_8_183,r_88_36_26,r_100_9_158,r_88_36_26,0.42,158,184,26,69
36,r_100_9_158,r_122_99_19,r_134_20_52,r_100_9_158,0.99,1,159,158,69
49,r_27_11_184,seq32,seq28,r_27_11_184,0.11,-172,12,184,69
41,r_123_54_112,r_101_124_61,r_7_55_50,r_123_54_112,1.0,0,112,112,69
27,r_128_147_86,seq125,r_15_148_84,r_15_148_84,1.0,2,86,84,69
44,r_101_124_61,r_123_54_112,seq132,r_123_54_112,0.99,0,112,112,69
38,r_122_99_19,seq121,r_100_9_158,r_122_99_19,0.87,0,19,19,69
1,r_30_135_51,seq31,seq138,r_30_135_51,1.0,0,51,51,69
18,r_73_90_17,seq72,seq93,r_73_90_17,0.73,0,17,17,69
22,r_70_127_155,r_84_71_27,r_133_126_3,r_70_127_155,0.99,1,156,155,69
2,r_111_69_82,seq112,r_84_71_27,r_111_69_82,0.97,0,82,82,69
47,r_16_61_162,seq22,r_87_63_17,r_16_61_162,0.8,0,162,162,69
65,seq31,r_30_135_51,r_119_35_6,r_30_135_51,0.86,2,53,51,69
46,r_56_86_55,seq59,seq76,r_56_86_55,0.95,2,57,55,69
50,seq0,r_1_29_184,seq5,r_1_29_184,0.42,1,185,184,69
80,seq65,r_64_21_58,r_84_71_27,r_64_21_58,0.74,-17,41,58,69
42,r_12_115_25,seq112,r_83_116_102,r_83_116_102,1.0,12,114,102,69
32,r_107_18_94,r_108_75_131,r_134_20_52,r_108_75_131,0.99,-36,95,131,69
52,seq5,r_6_142_82,r_4_129_108,r_6_142_82,0.8,2,84,82,69
48,r_4_129_108,seq5,seq132,r_4_129_108,0.61,0,108,108,69
34,r_102_43_125,seq104,r_46_44_105,r_102_43_125,0.93,0,125,125,69
14,r_17_92_51,r_16_61_162,seq93,r_17_92_51,1.0,0,51,51,69
60,seq22,r_16_61_162,r_64_21_58,r_64_21_58,0.94,84,142,58,69
25,r_88_36_26,r_37_8_183,seq39,r_88_36_26,0.36,158,184,26,69
9,r_15_148_84,r_16_61_162,seq145,r_15_148_84,1.0,0,84,84,69
28,r_84_71_27,r_70_127_155,r_111_69_82,r_84_71_27,0.57,129,156,27,69
22,r_70_127_155,seq66,r_84_71_27,r_84_71_27,0.91,52,79,27,69
28,r_84_71_27,r_85_57_112,r_70_127_155,r_84_71_27,1.0,4,31,27,69
91,seq93,r_94_140_143,r_17_92_51,r_17_92_51,0.94,81,132,51,69
65,seq31,r_119_35_6,r_27_11_184,r_119_35_6,0.48,65,71,6,69
56,seq143,r_146_113_88,r_6_142_82,r_6_142_82,1.0,6,88,82,69
7,r_83_116_102,r_85_57_112,r_12_115_25,r_83_116_102,1.0,0,102,102,69
44,r_101_124_61,r_100_9_158,r_123_54_112,r_101_124_61,0.72,0,61,61,69
12,r_134_20_52,r_146_113_88,seq22,r_134_20_52,1.0,0,52,52,69
79,seq59,r_58_47_180,r_95_60_37,r_95_60_37,1.0,51,88,37,69
30,r_145_22_199,seq143,seq24,r_145_22_199,0.25,0,199,199,70
36,r_3_48_192,seq4,r_118_47_43,r_118_47_43,0.68,149,192,43,70
14,r_41_149_150,seq40,seq146,r_41_149_150,0.88,0,150,150,70
8,r_124_147_198,seq125,r_41_149_150,r_124_147_198,0.19,0,198,198,70
60,seq143,r_144_98_46,r_148_91_148,r_144_98_46,0.85,0,46,46,70
7,r_49_60_30,r_42_110_138,seq59,r_49_60_30,0.78,1,31,30,70
72,seq58,r_57_34_38,r_67_55_6,r_57_34_38,1.0,0,38,38,70
4,r_61_132_107,r_126_35_187,r_72_131_120,r_61_132_107,0.59,41,148,107,70
86,seq101,r_102_142_62,seq115,r_102_142_62,0.99,1,63,62,70
16,r_72_131_120,r_74_84_128,r_61_132_107,r_72_131_120,0.81,0,120,120,70
21,r_66_94_105,seq68,seq95,r_66_94_105,0.95,0,105,105,70
39,r_148_91_148,seq146,r_102_142_62,r_102_142_62,1.0,33,95,62,70
1,r_42_110_138,r_44_64_208,seq111,r_42_110_138,0.68,0,138,138,70
37,r_46_30_23,r_49_60_30,seq32,r_46_30_23,1.0,0,23,23,70
5,r_138_83_167,seq134,r_88_139_62,r_88_139_62,1.0,3,65,62,70
46,r_90_122_201,seq96,seq115,r_90_122_201,0.54,-97,104,201,70
69,seq40,r_41_149_150,r_25_39_56,r_25_39_56,0.78,89,145,56,70
45,r_73_129_62,r_74_84_128,seq130,r_73_129_62,1.0,-1,61,62,70
27,r_69_71_107,seq70,r_15_75_95,r_15_75_95,1.0,2,97,95,70
19,r_28_8_116,seq32,seq7,r_28_8_116,1.0,0,116,116,70
43,r_79_92_41,r_116_76_8,seq95,r_79_92_41,0.8,0,41,41,70
38,r_137_19_17,r_138_83_167,r_18_100_167,r_137_19_17,0.57,0,17,17,70
95,seq115,r_117_29_158,seq114,r_117_29_158,1.0,0,158,158,70
76,seq70,r_116_76_8,r_15_75_95,r_15_75_95,1.0,92,187,95,70
38,r_137_19_17,r_18_100_167,seq14,r_137_19_17,0.59,150,167,17,70
15,r_97_85_66,seq80,r_74_84_128,r_74_84_128,0.68,8,136,128,70
31,r_15_75_95,r_17_99_168,r_74_84_128,r_15_75_95,0.94,0,95,95,70
10,r_43_53_101,r_44_64_208,r_67_55_6,r_43_53_101,0.87,0,101,101,70
90,seq108,seq109,r_16_107_46,r_16_107_46,1.0,19,65,46,70
26,r_74_84_128,r_72_131_120,r_97_85_66,r_74_84_128,0.81,-6,122,128,70
4,r_61_132_107,seq59,r_126_35_187,r_61_132_107,0.69,0,107,107,70
73,seq59,r_61_132_107,r_49_60_30,r_61_132_107,0.98,0,107,107,70
13,r_88_139_62,seq89,r_138_83_167,r_88_139_62,1.0,0,62,62,70
98,seq125,r_124_147_198,r_103_128_152,r_103_128_152,1.0,35,187,152,70
46,r_90_122_201,seq115,r_103_128_152,r_103_128_152,0.85,49,201,152,70
15,r_97_85_66,seq96,seq70,r_97_85_66,0.78,0,66,66,70
48,r_20_65_190,r_21_87_126,seq70,r_21_87_126,0.54,0,126,126,70
49,r_9_51_193,seq7,r_31_50_20,r_31_50_20,0.99,173,193,20,70
39,r_148_91_148,r_102_142_62,r_79_92_41,r_148_91_148,0.99,1,149,148,70
13,r_88_139_62,r_138_83_167,r_6_136_163,r_88_139_62,0.92,105,167,62,70
6,r_21_87_126,r_20_65_190,r_90_122_201,r_21_87_126,0.68,0,126,126,70
65,seq32,r_28_8_116,r_46_30_23,r_46_30_23,0.84,0,23,23,70
99,seq127,r_126_35_187,r_73_129_62,r_73_129_62,1.0,82,144,62,70
5,r_138_83_167,r_88_139_62,r_97_85_66,r_138_83_167,0.72,0,167,167,70
41,r_16_107_46,r_17_99_168,seq108,r_16_107_46,0.98,0,46,46,70
27,r_69_71_107,r_116_76_8,seq70,r_116_76_8,0.36,52,60,8,70
22,r_126_35_187,r_73_129_62,r_133_33_182,r_126_35_187,0.84,0,187,187,70
2,r_118_47_43,r_117_29_158,seq45,r_118_47_43,0.98,1,44,43,70
0,r_133_33_182,seq135,r_117_29_158,r_133_33_182,0.53,0,182,182,70
40,r_18_100_167,r_17_99_168,r_144_98_46,r_144_98_46,1.0,121,167,46,70
74,seq62,r_63_112_122,r_49_60_30,r_63_112_122,0.76,0,122,122,70
29,r_117_29_158,seq115,r_46_30_23,r_117_29_158,0.68,0,158,158,70
24,r_102_142_62,seq101,seq143,r_102_142_62,1.0,0,62,62,70
50,seq0,seq1,r_15_75_95,r_15_75_95,0.5,-75,20,95,70
33,r_27_119_164,seq26,seq120,r_27_119_164,0.63,1,165,164,70
64,seq26,r_27_119_164,seq24,r_27_119_164,0.98,1,165,164,70
44,r_31_50_20,r_28_8_116,seq45,r_31_50_20,1.0,0,20,20,70
68,seq38,seq40,r_25_39_56,r_25_39_56,1.0,19,75,56,70
18,r_52_140_38,r_42_110_138,seq146,r_52_140_38,0.99,0,38,38,70
34,r_67_55_6,r_54_141_185,r_43_53_101,r_43_53_101,0.71,84,185,101,70
31,r_15_75_95,r_74_84_128,r_69_71_107,r_69_71_107,0.81,33,140,107,70
17,r_123_56_122,seq125,seq58,r_123_56_122,0.97,0,122,122,70
6,r_21_87_126,r_90_122_201,seq89,r_90_122_201,0.56,-47,154,201,70
25,r_144_98_46,seq143,seq96,r_144_98_46,1.0,0,46,46,70
50,seq0,r_15_75_95,seq11,r_15_75_95,1.0,42,137,95,70
59,seq14,r_18_100_167,r_137_19_17,r_137_19_17,0.66,5,22,17,70
22,r_126_35_187,seq127,r_73_129_62,r_73_129_62,1.0,50,112,62,70
49,r_9_51_193,r_6_136_163,seq7,r_6_136_163,0.75,-84,79,163,70
72,seq58,r_67_55_6,r_123_56_122,r_123_56_122,1.0,14,136,122,70
3,r_25_39_56,seq24,seq38,r_25_39_56,1.0,0,56,56,70
23,r_54_141_185,r_67_55_6,r_102_142_62,r_67_55_6,0.33,179,185,6,70
82,seq130,seq125,r_73_129_62,r_73_129_62,1.0,-1,61,62,70
47,r_57_34_38,seq58,r_46_30_23,r_57_34_38,0.88,0,38,38,70
35,r_6_136_163,seq5,r_88_139_62,r_6_136_163,0.78,0,163,163,70
12,r_63_112_122,seq62,seq113,r_63_112_122,0.93,0,122,122,70
9,r_15_124_135,r_52_16_5,r_10_125_83,r_15_124_135,0.99,0,135,135,71
6,r_35_80_31,seq33,r_62_79_4,r_35_80_31,1.0,1,32,31,71
36,r_139_18_58,seq137,seq17,r_139_18_58,1.0,0,58,58,71
14,r_87_27_135,r_89_113_110,r_65_101_99,r_89_113_110,0.23,1,111,110,71
83,seq81,r_83_36_188,r_89_113_110,r_89_113_110,0.51,64,174,110,71
57,seq11,r_14_56_58,seq22,r_14_56_58,0.69,-31,27,58,71
72,seq47,r_49_128_197,r_131_46_19,r_131_46_19,0.72,15,34,19,71
86,seq93,r_95_19_134,seq105,r_95_19_134,0.97,0,134,134,71
16,r_89_113_110,r_87_27_135,r_60_112_34,r_89_113_110,0.56,1,111,110,71
39,r_94_43_138,seq93,r_8_44_113,r_8_44_113,0.8,25,138,113,71
60,seq142,seq143,r_7_141_20,r_7_141_20,1.0,1,21,20,71
46,r_106_50_173,seq105,r_91_53_54,r_91_53_54,0.93,119,173,54,71
34,r_24_88_173,r_75_23_129,r_78_97_147,r_24_88_173,0.7,1,174,173,71
45,r_20_147_156,seq17,seq143,r_20_147_156,0.81,0,156,156,71
19,r_144_138_181,seq145,r_73_117_20,r_73_117_20,0.81,169,189,20,71
11,r_60_112_34,seq58,r_108_146_84,r_60_112_34,0.85,1,35,34,71
47,r_134_77_62,r_126_32_178,seq74,r_134_77_62,0.99,0,62,62,71
95,seq119,r_120_13_64,r_73_117_20,r_120_13_64,0.96,0,64,64,71
21,r_131_46_19,r_126_32_178,seq47,r_131_46_19,1.0,0,19,19,71
85,seq92,r_91_53_54,seq93,r_91_53_54,1.0,0,54,54,71
76,seq58,r_57_5_154,r_14_56_58,r_14_56_58,0.99,85,143,58,71
31,r_45_149_184,seq41,r_8_44_113,r_8_44_113,1.0,1,114,113,71
41,r_10_125_83,r_8_44_113,r_126_32_178,r_10_125_83,0.99,0,83,83,71
11,r_60_112_34,r_108_146_84,seq81,r_60_112_34,0.58,48,82,34,71
14,r_87_27_135,r_65_101_99,r_96_26_23,r_87_27_135,0.83,0,135,135,71
89,seq104,r_103_82_140,seq105,r_103_82_140,0.96,-6,134,140,71
10,r_78_97_147,seq76,seq93,r_78_97_147,0.52,0,147,147,71
38,r_38_133_117,r_31_114_90,seq136,r_31_114_90,0.51,65,155,90,71
16,r_89_113_110,r_60_112_34,r_78_97_147,r_60_112_34,0.71,143,177,34,71
4,r_8_44_113,r_9_30_93,r_4_72_178,r_9_30_93,0.84,1,94,93,71
78,seq64,r_66_102_183,r_55_67_20,r_55_67_20,0.99,166,186,20,71
0,r_4_72_178,r_3_98_182,seq70,r_4_72_178,0.15,0,178,178,71
20,r_110_21_109,seq109,seq17,r_110_21_109,0.92,0,109,109,71
4,r_8_44_113,r_4_72_178,r_45_149_184,r_8_44_113,0.99,0,113,113,71
98,seq123,r_126_32_178,seq122,r_126_32_178,0.92,-18,160,178,71
48,r_1_111_53,seq0,seq109,r_1_111_53,0.78,0,53,53,71
27,r_25_135_156,r_24_88_173,seq136,r_25_135_156,0.7,0,156,156,71
9,r_15_124_135,r_20_147_156,r_52_16_5,r_52_16_5,0.8,40,45,5,71
42,r_7_141_20,r_8_44_113,seq142,r_7_141_20,1.0,0,20,20,71
2,r_108_146_84,r_110_21_109,seq145,r_108_146_84,1.0,1,85,84,71
41,r_10_125_83,r_126_32_178,r_15_124_135,r_10_125_83,0.71,95,178,83,71
40,r_120_13_64,seq119,r_52_16_5,r_120_13_64,1.0,0,64,64,71
18,r_31_114_90,seq29,seq115,r_31_114_90,1.0,0,90,90,71
61,seq143,r_144_138_181,seq148,r_144_138_181,0.39,0,181,181,71
24,r_83_36_188,seq84,r_68_39_98,r_68_39_98,0.99,90,188,98,71
25,r_65_101_99,r_66_102_183,seq93,r_65_101_99,0.48,0,99,99,71
64,seq22,seq29,r_75_23_129,r_75_23_129,0.97,0,129,129,71
44,r_55_67_20,seq54,seq64,r_55_67_20,0.98,0,20,20,71
88,seq145,r_144_138_181,r_108_146_84,r_108_146_84,1.0,80,164,84,71
5,r_96_26_23,r_95_19_134,seq29,r_96_26_23,0.89,0,23,23,71
58,seq12,seq17,r_120_13_64,r_120_13_64,1.0,53,117,64,71
32,r_69_59_166,seq64,r_14_56_58,r_69_59_166,0.49,0,166,166,71
28,r_86_100_54,r_83_36_188,seq99,r_86_100_54,0.95,0,54,54,71
38,r_38_133_117,seq40,r_31_114_90,r_38_133_117,0.82,0,117,117,71
52,seq2,r_4_72_178,r_57_5_154,r_57_5_154,0.7,24,178,154,71
4,r_8_44_113,r_45_149_184,r_94_43_138,r_94_43_138,0.91,8,146,138,71
34,r_24_88_173,r_25_135_156,r_75_23_129,r_24_88_173,0.61,-17,156,173,71
75,seq54,seq58,r_14_56_58,r_14_56_58,1.0,5,63,58,71
8,r_14_56_58,seq17,seq54,r_14_56_58,1.0,0,58,58,71
30,r_85_28_32,r_83_36_188,seq29,r_85_28_32,0.91,0,32,32,71
17,r_68_39_98,r_69_59_166,seq40,r_68_39_98,1.0,0,98,98,71
80,seq140,seq143,r_7_141_20,r_7_141_20,0.46,53,73,20,71
1,r_62_79_4,r_83_36_188,r_35_80_31,r_35_80_31,0.46,9,40,31,71
37,r_52_16_5,r_15_124_135,r_110_21_109,r_52_16_5,0.94,130,135,5,71
22,r_57_5_154,seq58,seq2,r_57_5_154,0.86,0,154,154,71
49,r_3_98_182,r_4_72_178,r_78_97_147,r_78_97_147,0.61,32,179,147,71
3,r_73_117_20,r_75_23_129,seq119,r_73_117_20,0.93,-1,19,20,71
7,r_9_30_93,r_8_44_113,seq29,r_9_30_93,0.97,1,94,93,71
23,r_71_90_135,seq70,seq93,r_71_90_135,0.5,6,141,135,71
43,r_91_53_54,seq92,seq48,r_91_53_54,0.95,1,55,54,71
79,seq70,r_71_90_135,r_134_77_62,r_134_77_62,1.0,72,134,62,71
11,r_60_112_34,seq81,r_89_113_110,r_89_113_110,0.64,3,113,110,71
35,r_66_102_183,seq64,r_78_97_147,r_78_97_147,0.68,36,183,147,71
12,r_75_23_129,seq74,seq22,r_75_23_129,0.92,0,129,129,71
84,seq84,r_83_36_188,r_103_82_140,r_103_82_140,0.88,33,173,140,71
30,r_34_136_103,seq36,seq137,r_34_136_103,0.96,0,103,103,72
51,seq133,r_144_92_163,r_61_134_116,r_61_134_116,1.0,1,117,116,72
36,r_0_106_71,r_2_121_133,seq107,r_0_106_71,0.67,0,71,71,72
50,seq132,seq146,r_75_129_153,r_75_129_153,0.82,13,166,153,72
92,seq107,r_108_53_182,r_0_106_71,r_0_106_71,1.0,28,99,71,72
14,r_76_74_38,r_75_129_153,r_139_72_122,r_139_72_122,0.98,31,153,122,72
8,r_29_85_101,r_28_100_134,r_148_84_97,r_29_85_101,0.99,0,101,101,72
37,r_149_19_138,r_144_92_163,r_59_21_101,r_149_19_138,0.84,0,138,138,72
21,r_128_83_126,seq132,r_29_85_101,r_128_83_126,0.85,-2,124,126,72
89,seq95,seq93,r_18_98_103,r_18_98_103,0.98,6,109,103,72
5,r_82_65_75,seq79,r_120_66_56,r_120_66_56,1.0,24,80,56,72
46,r_40_20_178,seq38,r_149_19_138,r_149_19_138,1.0,46,184,138,72
45,r_28_100_134,seq27,seq101,r_28_100_134,0.91,0,134,134,72
69,seq36,r_118_45_19,r_99_35_141,r_99_35_141,0.99,0,141,141,72
39,r_4_88_54,r_2_121_133,r_130_110_41,r_4_88_54,1.0,0,54,54,72
19,r_43_97_131,r_42_102_174,seq95,r_43_97_131,0.96,0,131,131,72
31,r_30_91_91,seq31,seq95,r_30_91_91,0.97,1,92,91,72
41,r_5_86_99,seq6,seq87,r_5_86_99,1.0,0,99,99,72
89,seq95,r_96_73_96,seq93,r_96_73_96,0.98,-14,82,96,72
33,r_67_24_87,r_114_81_26,r_120_66_56,r_120_66_56,0.76,3,59,56,72
10,r_148_84_97,seq146,r_29_85_101,r_148_84_97,1.0,4,101,97,72
33,r_67_24_87,r_120_66_56,r_143_25_75,r_67_24_87,0.99,0,87,87,72
26,r_2_121_133,seq6,seq123,r_2_121_133,0.6,0,133,133,72
71,seq38,r_43_97_131,r_62_39_34,r_43_97_131,0.51,-97,34,131,72
0,r_60_117_51,r_115_104_184,r_61_134_116,r_61_134_116,0.9,42,158,116,72
38,r_59_21_101,r_67_24_87,r_149_19_138,r_149_19_138,0.99,7,145,138,72
12,r_90_3_24,seq93,seq6,r_90_3_24,0.97,0,24,24,72
11,r_108_53_182,r_147_109_7,r_23_54_5,r_23_54_5,1.0,177,182,5,72
20,r_144_92_163,seq145,r_130_110_41,r_130_110_41,0.76,127,168,41,72
33,r_67_24_87,r_68_16_47,r_114_81_26,r_67_24_87,0.81,-46,41,87,72
15,r_33_52_111,seq36,r_122_48_21,r_122_48_21,0.91,88,109,21,72
2,r_114_81_26,seq116,seq79,r_114_81_26,0.94,0,26,26,72
12,r_90_3_24,seq6,seq8,r_90_3_24,0.27,132,156,24,72
64,seq22,r_26_80_69,r_28_100_134,r_26_80_69,0.67,-23,46,69,72
85,seq79,seq77,r_26_80_69,r_26_80_69,1.0,15,84,69,72
43,r_68_16_47,r_67_24_87,seq17,r_68_16_47,0.89,0,47,47,72
27,r_143_25_75,r_144_92_163,r_28_100_134,r_143_25_75,0.91,0,75,75,72
24,r_120_66_56,r_127_105_177,r_82_65_75,r_120_66_56,0.99,0,56,56,72
47,r_50_103_122,seq47,seq101,r_50_103_122,0.9,0,122,122,72
18,r_69_46_179,seq70,r_122_48_21,r_122_48_21,0.58,158,179,21,72
74,seq44,r_33_52_111,r_118_45_19,r_118_45_19,0.86,9,28,19,72
13,r_118_45_19,seq119,seq44,r_118_45_19,1.0,0,19,19,72
50,seq132,r_128_83_126,seq146,r_128_83_126,0.78,-7,119,126,72
38,r_59_21_101,r_61_134_116,r_67_24_87,r_61_134_116,0.43,-10,106,116,72
64,seq22,r_28_100_134,r_59_21_101,r_28_100_134,0.99,-14,120,134,72
49,r_122_48_21,r_139_72_122,seq47,r_122_48_21,0.96,0,21,21,72
40,r_51_71_42,r_50_103_122,r_76_74_38,r_50_103_122,0.83,-80,42,122,72
17,r_96_73_96,seq95,r_26_80_69,r_96_73_96,1.0,0,96,96,72
27,r_143_25_75,r_28_100_134,r_67_24_87,r_28_100_134,1.0,-14,120,134,72
9,r_139_72_122,seq137,r_51_71_42,r_139_72_122,0.97,0,122,122,72
1,r_130_110_41,r_128_83_126,seq112,r_130_110_41,0.89,0,41,41,72
22,r_12_1_178,seq13,seq8,r_12_1_178,0.58,0,178,178,72
28,r_61_134_116,r_57_58_202,seq133,r_61_134_116,0.96,1,117,116,72
7,r_18_98_103,seq15,seq95,r_18_98_103,1.0,0,103,103,72
0,r_60_117_51,r_61_134_116,seq146,r_60_117_51,1.0,0,51,51,72
82,seq70,r_69_46_179,r_82_65_75,r_82_65_75,0.89,111,186,75,72
35,r_99_35_141,seq101,seq36,r_99_35_141,0.97,0,141,141,72
29,r_94_124_15,r_96_73_96,seq123,r_94_124_15,0.57,0,15,15,72
93,seq112,r_114_80_170,r_138_115_53,r_138_115_53,0.99,46,99,53,73
44,r_136_84_7,r_82_34_83,r_102_81_22,r_82_34_83,0.98,-12,71,83,73
51,seq3,seq2,r_23_4_111,r_23_4_111,0.79,42,153,111,73
56,seq10,seq9,r_144_11_46,r_144_11_46,1.0,0,46,46,73
8,r_71_110_74,r_73_69_3,r_111_29_113,r_71_110_74,0.87,0,74,74,73
54,seq8,r_5_18_177,r_87_14_115,r_87_14_115,0.87,65,180,115,73
21,r_93_95_92,seq92,seq94,r_93_95_92,0.75,-1,91,92,73
1,r_142_41_74,seq141,seq40,r_142_41_74,0.98,0,74,74,73
5,r_98_91_118,seq97,seq90,r_98_91_118,0.93,0,118,118,73
46,r_35_120_147,seq43,r_82_34_83,r_82_34_83,0.86,1,84,83,73
45,r_38_75_79,seq43,r_16_76_49,r_38_75_79,0.92,1,80,79,73
15,r_42_1_16,r_44_39_54,seq3,r_44_39_54,0.82,-38,16,54,73
30,r_144_11_46,seq141,seq10,r_144_11_46,1.0,0,46,46,73
41,r_72_125_12,r_71_110_74,r_126_20_73,r_72_125_12,0.92,0,12,12,73
27,r_82_34_83,r_102_81_22,r_35_120_147,r_82_34_83,1.0,0,83,83,73
99,seq124,r_126_20_73,r_72_125_12,r_126_20_73,0.57,-33,40,73,73
95,seq116,r_114_80_170,r_138_115_53,r_138_115_53,1.0,46,99,53,73
16,r_59_109_168,seq74,r_61_49_174,r_59_109_168,0.34,-138,30,168,73
39,r_111_29_113,seq104,r_71_110_74,r_71_110_74,0.99,2,76,74,73
26,r_22_100_123,r_126_20_73,seq97,r_22_100_123,0.75,0,123,123,73
10,r_28_0_67,seq32,r_42_1_16,r_28_0_67,0.88,0,67,67,73
0,r_126_20_73,r_123_129_26,r_72_125_12,r_72_125_12,0.96,5,17,12,73
90,seq104,r_99_60_163,r_101_86_189,r_99_60_163,0.88,-26,137,163,73
60,seq17,r_87_14_115,r_5_18_177,r_5_18_177,0.66,3,180,177,73
26,r_22_100_123,r_23_4_111,r_126_20_73,r_126_20_73,1.0,38,111,73,73
16,r_59_109_168,r_61_49_174,r_71_110_74,r_61_49_174,0.79,-9,165,174,73
31,r_138_115_53,seq141,seq116,r_138_115_53,1.0,0,53,53,73
11,r_68_103_164,r_73_69_3,seq104,r_68_103_164,0.59,0,164,164,73
12,r_102_81_22,r_101_86_189,r_136_84_7,r_102_81_22,0.87,-1,21,22,73
6,r_15_31_14,r_16_76_49,seq32,r_15_31_14,0.5,0,14,14,73
13,r_7_24_70,r_6_149_148,seq19,r_7_24_70,0.61,-2,68,70,73
46,r_35_120_147,r_82_34_83,seq117,r_35_120_147,0.99,0,147,147,73
98,seq122,seq132,r_13_143_20,r_13_143_20,0.94,4,24,20,73
27,r_82_34_83,r_35_120_147,r_142_41_74,r_35_120_147,1.0,10,157,147,73
12,r_102_81_22,r_136_84_7,r_77_83_92,r_77_83_92,0.97,27,119,92,73
85,seq90,seq85,r_98_91_118,r_98_91_118,0.99,22,140,118,73
40,r_16_76_49,seq17,seq78,r_16_76_49,0.93,0,49,49,73
47,r_88_147_115,r_123_129_26,r_13_143_20,r_123_129_26,0.5,127,153,26,73
9,r_53_47_20,r_52_70_80,r_121_46_5,r_53_47_20,0.83,0,20,20,73
0,r_126_20_73,r_72_125_12,seq19,r_126_20_73,1.0,0,73,73,73
87,seq94,r_96_25_128,r_93_95_92,r_96_25_128,0.71,0,128,128,73
2,r_6_149_148,seq8,seq148,r_6_149_148,0.87,1,149,148,73
41,r_72_125_12,r_126_20_73,seq124,r_126_20_73,1.0,0,73,73,73
74,seq55,seq56,r_142_41_74,r_142_41_74,0.98,83,157,74,73
18,r_73_69_3,r_68_103_164,r_52_70_80,r_52_70_80,0.79,71,151,80,73
29,r_128_33_118,r_127_130_6,seq32,r_128_33_118,0.95,0,118,118,73
24,r_87_14_115,seq85,seq12,r_87_14_115,0.89,0,115,115,73
7,r_13_143_20,seq12,seq141,r_13_143_20,0.91,0,20,20,73
64,seq137,r_134_48_142,seq133,r_134_48_142,0.97,2,144,142,73
88,seq97,r_99_60_163,r_22_100_123,r_99_60_163,0.57,0,163,163,73
63,seq148,r_88_147_115,r_6_149_148,r_6_149_148,0.67,-16,132,148,73
39,r_111_29_113,r_71_110_74,seq32,r_111_29_113,0.97,0,113,113,73
32,r_23_4_111,r_22_100_123,seq3,r_22_100_123,0.61,-12,111,123,73
38,r_96_25_128,seq94,r_7_24_70,r_96_25_128,0.95,0,128,128,73
8,r_71_110_74,r_138_115_53,r_59_109_168,r_59_109_168,0.83,5,173,168,73
63,seq148,r_72_125_12,r_88_147_115,r_72_125_12,0.51,106,118,12,73
8,r_71_110_74,r_111_29_113,r_138_115_53,r_111_29_113,0.79,0,113,113,73
33,r_145_45_12,r_144_11_46,seq40,r_145_45_12,0.81,0,12,12,73
17,r_52_70_80,seq54,r_73_69_3,r_52_70_80,0.99,0,80,80,73
75,seq56,seq55,r_106_57_48,r_106_57_48,0.98,2,50,48,73
94,seq113,r_114_80_170,r_138_115_53,r_138_115_53,1.0,116,169,53,73
27,r_82_34_83,r_88_147_115,r_102_81_22,r_102_81_22,0.85,0,22,22,73
92,seq108,r_107_62_95,seq105,r_107_62_95,1.0,-43,52,95,73
98,seq122,r_13_143_20,r_123_129_26,r_13_143_20,0.54,93,113,20,73
25,r_123_129_26,r_126_20_73,r_127_130_6,r_126_20_73,0.47,-47,26,73,73
23,r_77_83_92,seq78,r_102_81_22,r_77_83_92,1.0,0,92,92,73
14,r_44_39_54,seq40,r_89_36_5,r_89_36_5,0.74,51,56,5,73
82,seq78,r_77_83_92,seq66,r_77_83_92,0.96,0,92,92,73
90,seq104,r_101_86_189,r_68_103_164,r_101_86_189,0.81,0,189,189,73
60,seq17,r_21_30_195,r_87_14_115,r_87_14_115,0.72,7,122,115,73
35,r_107_62_95,seq108,seq63,r_107_62_95,0.94,0,95,95,73
43,r_106_57_48,seq104,seq56,r_106_57_48,1.0,0,48,48,73
15,r_42_1_16,seq3,r_28_0_67,r_28_0_67,1.0,0,67,67,73
84,seq85,r_87_14_115,seq90,r_87_14_115,1.0,0,115,115,73
17,r_9_128_130,r_19_107_110,r_2_8_44,r_9_128_130,0.93,-85,45,130,74
51,seq142,r_143_20_123,seq141,r_143_20_123,1.0,0,123,123,74
36,r_120_80_113,seq119,seq79,r_120_80_113,0.97,0,113,113,74
14,r_114_34_85,seq109,seq33,r_114_34_85,1.0,0,85,85,74
53,seq7,r_6_113_91,seq3,r_6_113_91,1.0,1,92,91,74
86,seq85,seq102,r_120_80_113,r_120_80_113,1.0,7,120,113,74
37,r_32_50_67,seq33,seq48,r_32_50_67,1.0,0,67,67,74
59,seq148,r_147_53_121,r_140_145_94,r_147_53_121,0.91,1,122,121,74
16,r_131_47_151,r_132_26_102,r_110_133_99,r_131_47_151,0.97,-47,104,151,74
39,r_18_17_17,r_16_59_164,r_87_21_6,r_18_17_17,0.79,79,96,17,74
1,r_96_117_89,r_118_52_176,r_89_93_15,r_118_52_176,0.65,0,176,176,74
1,r_96_117_89,r_98_108_128,r_118_52_176,r_96_117_89,1.0,0,89,89,74
42,r_67_88_96,seq66,r_6_113_91,r_6_113_91,0.81,5,96,91,74
50,seq3,seq7,r_28_1_38,r_28_1_38,0.51,141,179,38,74
80,seq66,r_67_88_96,seq64,r_67_88_96,0.97,-36,60,96,74
69,seq46,seq54,r_32_50_67,r_32_50_67,1.0,58,125,67,74
16,r_131_47_151,r_110_133_99,seq48,r_131_47_151,0.99,0,151,151,74
30,r_24_144_50,r_23_25_1,seq142,r_24_144_50,1.0,0,50,50,74
95,seq119,r_120_80_113,seq123,r_120_80_113,0.97,0,113,113,74
22,r_5_78_49,r_94_71_77,r_146_77_63,r_146_77_63,0.99,2,65,63,74
41,r_27_31_165,r_23_25_1,r_60_35_31,r_60_35_31,1.0,137,168,31,74
96,seq123,seq119,r_38_122_157,r_38_122_157,1.0,5,162,157,74
10,r_94_71_77,seq109,r_83_72_9,r_94_71_77,0.83,-2,75,77,74
0,r_23_25_1,r_27_31_165,r_132_26_102,r_132_26_102,1.0,62,164,102,74
9,r_110_133_99,r_131_47_151,seq134,r_110_133_99,0.91,52,151,99,74
20,r_73_12_76,r_74_11_140,r_2_8_44,r_73_12_76,0.99,0,76,76,74
13,r_4_44_126,seq3,seq45,r_4_44_126,0.76,0,126,126,74
48,r_55_136_60,r_67_88_96,r_138_81_178,r_55_136_60,1.0,0,60,60,74
26,r_60_35_31,seq61,seq37,r_60_35_31,1.0,0,31,31,74
12,r_28_1_38,seq7,seq3,r_28_1_38,0.46,135,173,38,74
31,r_2_8_44,r_9_128_130,r_73_12_76,r_2_8_44,0.97,86,130,44,74
6,r_6_113_91,seq7,r_121_115_54,r_6_113_91,1.0,1,92,91,74
8,r_149_106_28,r_146_77_63,r_98_108_128,r_98_108_128,1.0,-100,28,128,74
2,r_19_107_110,r_16_59_164,r_98_108_128,r_19_107_110,0.97,1,111,110,74
40,r_146_77_63,seq148,r_5_78_49,r_146_77_63,1.0,0,63,63,74
5,r_0_30_36,r_2_8_44,r_23_25_1,r_23_25_1,0.79,36,37,1,74
18,r_16_59_164,r_18_17_17,seq61,r_16_59_164,0.44,0,164,164,74
29,r_143_20_123,seq142,r_87_21_6,r_143_20_123,0.97,0,123,123,74
46,r_130_51_33,r_131_47_151,seq48,r_130_51_33,0.9,0,33,33,74
24,r_95_129_83,r_98_108_128,seq125,r_95_129_83,0.96,0,83,83,74
31,r_2_8_44,r_6_113_91,r_9_128_130,r_2_8_44,0.88,0,44,44,74
25,r_29_90_75,r_23_25_1,r_89_93_15,r_29_90_75,1.0,0,75,75,74
33,r_83_72_9,r_74_11_140,r_94_71_77,r_74_11_140,0.96,-63,77,140,74
48,r_55_136_60,r_138_81_178,r_24_144_50,r_138_81_178,0.55,6,184,178,74
23,r_75_22_10,r_89_93_15,r_87_21_6,r_75_22_10,0.86,0,10,10,74
50,seq3,r_4_44_126,seq7,r_4_44_126,0.74,1,127,126,74
58,seq141,r_140_145_94,seq142,r_140_145_94,0.68,8,102,94,74
20,r_73_12_76,r_2_8_44,r_74_11_140,r_74_11_140,1.0,3,143,140,74
68,seq45,r_43_76_69,seq39,r_43_76_69,1.0,-8,61,69,74
38,r_105_86_179,seq112,r_137_84_173,r_137_84_173,0.94,6,179,173,74
22,r_5_78_49,r_4_44_126,r_94_71_77,r_5_78_49,0.87,0,49,49,74
68,seq45,seq39,r_4_44_126,r_4_44_126,0.99,4,130,126,74
34,r_38_122_157,seq37,seq123,r_38_122_157,0.91,0,157,157,74
21,r_118_52_176,r_120_80_113,seq139,r_118_52_176,0.69,-135,41,176,74
21,r_118_52_176,r_96_117_89,r_130_51_33,r_118_52_176,0.52,0,176,176,74
9,r_110_133_99,seq134,seq125,r_110_133_99,0.66,79,178,99,74
9,r_110_133_99,seq109,r_131_47_151,r_110_133_99,0.94,0,99,99,74
96,seq123,r_124_97_61,seq119,r_124_97_61,1.0,0,61,61,74
24,r_95_129_83,seq125,r_9_128_130,r_9_128_130,0.71,4,134,130,74
21,r_118_52_176,seq139,r_96_117_89,r_118_52_176,0.89,-86,90,176,74
72,seq54,seq46,r_147_53_121,r_147_53_121,1.0,24,145,121,74
44,r_132_26_102,r_131_47_151,r_23_25_1,r_132_26_102,1.0,0,102,102,74
31,r_2_8_44,r_0_30_36,r_6_113_91,r_2_8_44,0.72,-11,33,44,74
17,r_9_128_130,r_2_8_44,r_95_129_83,r_9_128_130,1.0,0,130,130,74
12,r_28_1_38,r_23_25_1,seq7,r_28_1_38,0.95,0,38,38,74
51,seq128,r_129_88_140,r_116_130_4,r_129_88_140,0.98,0,140,140,75
36,r_95_32_123,r_94_58_189,r_121_33_109,r_95_32_123,0.96,1,124,123,75
92,seq100,seq96,r_1_93_31,r_1_93_31,0.99,131,162,31,75
29,r_108_86_69,r_113_18_143,seq87,r_108_86_69,0.82,0,69,69,75
8,r_55_65_83,r_44_60_200,seq67,r_55_65_83,1.0,0,83,83,75
75,seq64,r_55_65_83,r_101_5_150,r_55_65_83,0.49,80,163,83,75
43,r_38_14_133,seq34,seq11,r_38_14_133,0.96,0,133,133,75
37,r_10_56_175,seq11,r_90_54_13,r_90_54_13,0.47,162,175,13,75
75,seq64,r_4_123_147,r_55_65_83,r_4_123_147,0.59,-54,93,147,75
59,seq17,seq21,r_113_18_143,r_113_18_143,1.0,36,179,143,75
19,r_114_2_28,r_121_33_109,r_140_3_26,r_114_2_28,0.83,0,28,28,75
86,seq87,seq77,r_108_86_69,r_108_86_69,1.0,3,72,69,75
39,r_104_136_147,seq103,r_135_137_9,r_104_136_147,0.8,0,147,147,75
1,r_113_18_143,r_106_78_134,r_15_112_88,r_15_112_88,1.0,12,100,88,75
97,seq120,r_121_33_109,seq119,r_121_33_109,1.0,0,109,109,75
5,r_129_88_140,seq128,seq100,r_129_88_140,0.78,0,140,140,75
46,r_98_61_173,seq96,seq59,r_98_61_173,0.38,0,173,173,75
49,r_118_63_48,seq119,r_62_28_180,r_118_63_48,1.0,0,48,48,75
45,r_27_9_22,seq30,seq7,r_27_9_22,0.99,0,22,22,75
1,r_113_18_143,r_15_112_88,seq17,r_113_18_143,1.0,0,143,143,75
13,r_90_54_13,r_91_84_125,r_53_46_171,r_90_54_13,0.96,0,13,13,75
2,r_29_111_18,seq30,r_113_18_143,r_29_111_18,1.0,0,18,18,75
41,r_22_145_27,r_23_43_139,seq147,r_22_145_27,0.97,0,27,27,75
33,r_62_28_180,r_118_63_48,r_146_31_3,r_118_63_48,0.57,132,180,48,75
23,r_69_131_29,r_70_48_143,seq134,r_69_131_29,0.99,0,29,29,75
38,r_133_41_12,r_129_88_140,seq42,r_133_41_12,1.0,0,12,12,75
69,seq42,r_44_60_200,r_133_41_12,r_133_41_12,1.0,1,13,12,75
76,seq67,r_66_143_187,r_55_65_83,r_55_65_83,1.0,81,164,83,75
3,r_91_84_125,seq92,seq87,r_91_84_125,0.93,0,125,125,75
10,r_4_123_147,seq7,seq126,r_4_123_147,0.7,0,147,147,75
4,r_94_58_189,r_95_32_123,r_1_93_31,r_94_58_189,0.98,-65,124,189,75
11,r_70_48_143,seq71,seq47,r_70_48_143,0.69,0,143,143,75
29,r_108_86_69,r_109_50_57,r_113_18_143,r_109_50_57,0.98,0,57,57,75
15,r_132_97_179,seq134,r_129_88_140,r_129_88_140,0.89,42,182,140,75
49,r_118_63_48,r_62_28_180,seq59,r_118_63_48,0.47,132,180,48,75
4,r_94_58_189,r_1_93_31,r_109_50_57,r_94_58_189,0.87,1,190,189,75
90,seq144,seq141,r_105_142_38,r_105_142_38,0.93,1,39,38,75
13,r_90_54_13,r_53_46_171,r_10_56_175,r_53_46_171,0.2,12,183,171,75
2,r_29_111_18,r_113_18_143,r_57_110_138,r_29_111_18,0.99,125,143,18,75
75,seq64,r_66_143_187,r_146_31_3,r_66_143_187,0.56,-139,48,187,75
12,r_105_142_38,r_113_18_143,seq144,r_105_142_38,0.6,0,38,38,75
64,seq26,seq24,r_8_25_46,r_8_25_46,1.0,9,55,46,75
47,r_76_45_76,seq77,seq47,r_76_45_76,0.96,0,76,76,75
14,r_109_50_57,r_108_86_69,seq47,r_109_50_57,1.0,0,57,57,75
40,r_101_5_150,seq100,r_38_14_133,r_101_5_150,0.89,0,150,150,75
74,seq59,r_62_28_180,r_98_61_173,r_98_61_173,0.98,7,180,173,75
33,r_62_28_180,r_44_60_200,r_118_63_48,r_118_63_48,1.0,23,71,48,75
42,r_53_46_171,r_44_60_200,r_90_54_13,r_90_54_13,0.98,1,14,13,75
42,r_53_46_171,r_90_54_13,r_76_45_76,r_76_45_76,1.0,95,171,76,75
34,r_15_112_88,seq11,r_113_18_143,r_15_112_88,0.96,0,88,88,75
34,r_15_112_88,r_113_18_143,r_57_110_138,r_15_112_88,0.95,55,143,88,75
94,seq103,r_104_136_147,seq102,r_104_136_147,0.91,0,147,147,75
16,r_35_82_53,seq36,seq80,r_35_82_53,1.0,0,53,53,75
22,r_57_110_138,r_44_60_200,r_15_112_88,r_44_60_200,0.83,-64,136,200,75
28,r_121_33_109,r_122_39_121,r_146_31_3,r_146_31_3,0.95,106,109,3,75
20,r_1_93_31,seq0,r_94_58_189,r_1_93_31,1.0,0,31,31,75
0,r_8_25_46,r_4_123_147,seq26,r_8_25_46,1.0,0,46,46,75
25,r_140_3_26,r_135_137_9,seq11,r_140_3_26,1.0,0,26,26,75
44,r_107_149_125,r_106_78_134,r_115_148_2,r_107_149_125,0.62,0,125,125,75
35,r_122_39_121,r_121_33_109,seq119,r_121_33_109,0.5,0,109,109,75
75,seq64,r_146_31_3,r_4_123_147,r_4_123_147,0.68,-61,86,147,75
35,r_122_39_121,seq119,seq36,r_122_39_121,0.88,0,121,121,75
93,seq105,r_104_135_167,r_64_99_78,r_64_99_78,1.0,85,163,78,76
14,r_142_70_111,seq141,r_79_71_103,r_142_70_111,0.97,0,111,111,76
43,r_145_115_83,r_144_81_106,seq117,r_144_81_106,0.86,-16,90,106,76
83,seq75,r_76_22_51,seq59,r_76_22_51,0.89,13,64,51,76
37,r_85_93_125,seq86,seq95,r_85_93_125,0.98,0,125,125,76
3,r_73_47_102,r_27_52_29,r_7_46_132,r_73_47_102,0.57,37,139,102,76
16,r_102_119_122,r_101_122_163,seq100,r_101_122_163,0.69,-102,61,163,76
21,r_76_22_51,seq75,seq29,r_76_22_51,0.85,9,60,51,76
1,r_7_46_132,seq9,r_73_47_102,r_7_46_132,0.52,0,132,132,76
5,r_140_127_159,seq141,seq132,r_140_127_159,0.38,-8,151,159,76
46,r_77_53_180,seq78,r_4_54_51,r_77_53_180,0.46,0,180,180,76
42,r_123_148_39,r_129_121_157,r_140_127_159,r_123_148_39,1.0,70,109,39,76
24,r_87_92_100,r_83_21_54,seq89,r_87_92_100,0.5,-73,27,100,76
69,seq35,r_36_74_192,r_126_41_7,r_126_41_7,0.58,182,189,7,76
45,r_139_23_169,seq137,r_76_22_51,r_76_22_51,0.41,118,169,51,76
41,r_120_19_27,r_123_148_39,seq18,r_120_19_27,1.0,0,27,27,76
24,r_87_92_100,seq89,seq95,r_87_92_100,1.0,0,100,100,76
19,r_79_71_103,seq78,seq72,r_79_71_103,1.0,0,103,103,76
11,r_130_2_31,r_131_37_121,seq1,r_130_2_31,0.94,0,31,31,76
26,r_49_98_184,r_42_50_141,r_143_109_181,r_49_98_184,0.78,0,184,184,76
31,r_60_5_67,seq59,seq9,r_60_5_67,0.7,0,67,67,76
96,seq111,r_110_118_183,r_145_115_83,r_110_118_183,0.3,-11,172,183,76
3,r_73_47_102,seq72,r_27_52_29,r_73_47_102,0.46,0,102,102,76
10,r_94_12_107,seq95,seq11,r_94_12_107,1.0,0,107,107,76
62,seq18,r_20_28_160,r_120_19_27,r_120_19_27,0.96,30,57,27,76
26,r_49_98_184,r_48_106_154,r_42_50_141,r_49_98_184,0.77,-40,144,184,76
16,r_102_119_122,seq100,r_84_125_97,r_84_125_97,0.8,30,127,97,76
4,r_64_99_78,seq65,seq100,r_64_99_78,1.0,0,78,78,76
0,r_38_17_130,seq39,r_94_12_107,r_94_12_107,0.94,26,133,107,76
9,r_27_52_29,seq26,r_48_106_154,r_27_52_29,0.65,3,32,29,76
20,r_90_134_179,seq91,r_140_127_159,r_90_134_179,0.48,0,179,179,76
13,r_131_37_121,r_133_3_128,seq35,r_131_37_121,0.46,0,121,121,76
15,r_36_74_192,seq35,seq59,r_36_74_192,0.35,0,192,192,76
12,r_101_122_163,r_64_99_78,r_129_121_157,r_101_122_163,0.39,0,163,163,76
6,r_112_82_85,seq111,seq86,r_112_82_85,0.99,0,85,85,76
85,seq141,r_140_127_159,r_87_92_100,r_87_92_100,1.0,58,158,100,76
2,r_143_109_181,seq146,r_56_108_178,r_143_109_181,0.51,0,181,181,76
99,seq117,r_116_58_64,r_145_115_83,r_116_58_64,0.99,0,64,64,76
27,r_48_106_154,r_49_98_184,seq107,r_48_106_154,0.5,0,154,154,76
30,r_83_21_54,r_20_28_160,r_38_17_130,r_83_21_54,0.82,105,159,54,76
25,r_4_54_51,r_7_46_132,r_27_52_29,r_4_54_51,0.84,0,51,51,76
2,r_143_109_181,r_140_127_159,seq146,r_143_109_181,0.68,-74,107,181,76
47,r_144_81_106,r_140_127_159,r_112_82_85,r_140_127_159,0.99,-53,106,159,76
29,r_42_50_141,seq43,r_49_98_184,r_42_50_141,0.73,0,141,141,76
9,r_27_52_29,r_48_106_154,r_4_54_51,r_48_106_154,0.94,-77,77,154,76
39,r_149_44_115,r_94_12_107,r_129_121_157,r_129_121_157,0.32,-93,64,157,76
33,r_129_121_157,seq128,r_138_124_100,r_129_121_157,0.42,0,157,157,76
32,r_69_147_58,seq68,seq146,r_69_147_58,1.0,0,58,58,76
88,seq91,r_90_134_179,r_24_88_20,r_24_88_20,0.57,159,179,20,76
70,seq39,r_38_17_130,seq43,r_38_17_130,1.0,3,133,130,76
65,seq29,seq26,r_76_22_51,r_76_22_51,1.0,28,79,51,76
34,r_104_135_167,seq105,seq132,r_104_135_167,0.17,0,167,167,76
39,r_149_44_115,r_129_121_157,seq75,r_149_44_115,0.94,-2,113,115,76
75,seq57,r_56_108_178,r_116_58_64,r_116_58_64,1.0,58,122,64,76
17,r_116_58_64,seq117,seq57,r_116_58_64,1.0,0,64,64,76
96,seq111,r_112_82_85,r_110_118_183,r_112_82_85,1.0,0,85,85,76
44,r_45_30_139,r_149_44_115,r_76_22_51,r_76_22_51,0.57,85,136,51,76
28,r_103_6_122,r_104_135_167,r_60_5_67,r_103_6_122,0.99,1,123,122,76
49,r_84_125_97,r_85_93_125,r_138_124_100,r_84_125_97,0.51,0,97,97,76
30,r_83_21_54,r_84_125_97,r_20_28_160,r_83_21_54,1.0,0,54,54,76
23,r_56_108_178,seq57,r_48_106_154,r_48_106_154,0.5,25,179,154,76
94,seq107,seq137,r_48_106_154,r_48_106_154,1.0,14,168,154,76
82,seq72,r_73_47_102,r_79_71_103,r_79_71_103,1.0,0,103,103,76
79,seq65,r_64_99_78,r_67_63_142,r_64_99_78,1.0,0,78,78,76
35,r_138_124_100,r_139_23_169,r_84_125_97,r_84_125_97,0.99,12,109,97,76
22,r_24_88_20,r_38_17_130,seq89,r_24_88_20,1.0,0,20,20,76
12,r_101_122_163,r_102_119_122,r_64_99_78,r_64_99_78,1.0,22,100,78,76
29,r_42_50_141,r_49_98_184,r_73_47_102,r_49_98_184,0.99,0,184,184,76
84,seq78,r_79_71_103,r_77_53_180,r_79_71_103,0.99,0,103,103,76
30,r_31_42_155,r_32_22_171,seq43,r_31_42_155,0.93,0,155,155,77
36,r_110_83_125,r_111_112_132,r_85_80_89,r_110_83_125,0.67,0,125,125,77
25,r_100_99_163,seq104,r_141_102_37,r_141_102_37,0.95,8,45,37,77
14,r_68_6_169,seq67,r_53_11_48,r_53_11_48,1.0,117,165,48,77
82,seq74,r_73_58_146,r_121_75_58,r_121_75_58,1.0,0,58,58,77
48,r_108_78_26,r_111_112_132,seq79,r_108_78_26,1.0,0,26,26,77
2,r_134_13_33,r_135_60_141,r_14_36_125,r_134_13_33,0.98,0,33,33,77
55,seq8,seq9,r_68_6_169,r_68_6_169,0.8,8,177,169,77
16,r_122_98_126,r_120_105_124,seq95,r_120_105_124,0.56,-1,123,124,77
21,r_123_62_103,r_120_105_124,seq64,r_123_62_103,1.0,0,103,103,77
39,r_4_103_81,seq1,seq104,r_4_103_81,0.99,0,81,81,77
1,r_10_126_151,seq8,r_89_137_109,r_10_126_151,0.62,0,151,151,77
5,r_35_47_187,seq34,r_56_49_134,r_35_47_187,0.54,1,188,187,77
42,r_21_81_143,r_19_20_62,r_110_83_125,r_21_81_143,0.94,0,143,143,77
45,r_129_70_200,r_130_93_110,seq132,r_130_93_110,1.0,-17,93,110,77
10,r_25_146_18,seq24,r_63_149_10,r_25_146_18,1.0,2,20,18,77
34,r_63_149_10,r_68_6_169,seq124,r_63_149_10,0.96,0,10,10,77
19,r_101_115_31,r_100_99_163,seq116,r_101_115_31,0.85,0,31,31,77
27,r_66_84_82,r_85_80_89,seq87,r_85_80_89,0.42,63,152,89,77
66,seq34,r_35_47_187,r_14_36_125,r_14_36_125,0.78,61,186,125,77
7,r_121_75_58,r_120_105_124,seq74,r_121_75_58,1.0,0,58,58,77
68,seq43,r_85_80_89,seq57,r_85_80_89,0.67,13,102,89,77
41,r_85_80_89,r_89_137_109,r_66_84_82,r_85_80_89,0.87,20,109,89,77
26,r_54_133_155,r_55_27_97,seq57,r_55_27_97,1.0,0,97,97,77
0,r_97_114_157,seq95,seq124,r_97_114_157,0.49,0,157,157,77
11,r_120_105_124,r_122_98_126,seq106,r_120_105_124,0.78,0,124,124,77
20,r_19_20_62,r_21_81_143,r_86_23_22,r_19_20_62,0.7,81,143,62,77
15,r_14_36_125,seq15,seq34,r_14_36_125,0.83,0,125,125,77
35,r_144_77_37,seq145,r_108_78_26,r_144_77_37,0.77,0,37,37,77
2,r_134_13_33,seq24,r_14_36_125,r_134_13_33,0.61,152,185,33,77
41,r_85_80_89,r_66_84_82,r_21_81_143,r_21_81_143,1.0,0,143,143,77
85,seq87,r_89_137_109,seq92,r_89_137_109,0.98,-26,83,109,77
68,seq43,seq57,r_31_42_155,r_31_42_155,0.99,1,156,155,77
99,seq127,r_129_70_200,r_89_137_109,r_89_137_109,1.0,17,126,109,77
10,r_25_146_18,r_63_149_10,seq127,r_25_146_18,0.6,153,171,18,77
27,r_66_84_82,r_68_6_169,r_85_80_89,r_66_84_82,0.7,0,82,82,77
29,r_86_23_22,r_85_80_89,r_19_20_62,r_86_23_22,0.99,0,22,22,77
96,seq116,seq106,r_101_115_31,r_101_115_31,0.62,1,32,31,77
49,r_141_102_37,seq142,r_100_99_163,r_141_102_37,0.91,0,37,37,77
43,r_118_5_19,r_121_75_58,seq1,r_118_5_19,0.74,0,19,19,77
40,r_32_22_171,r_31_42_155,r_19_20_62,r_31_42_155,0.72,0,155,155,77
18,r_73_58_146,seq74,r_123_62_103,r_123_62_103,0.88,43,146,103,77
24,r_135_60_141,seq132,seq59,r_135_60_141,0.81,1,142,141,77
34,r_63_149_10,seq124,r_33_148_66,r_33_148_66,1.0,7,73,66,77
28,r_53_11_48,r_55_27_97,seq8,r_53_11_48,0.99,0,48,48,77
33,r_46_41_66,seq45,r_38_39_28,r_46_41_66,0.97,0,66,66,77
50,seq128,r_129_70_200,r_89_137_109,r_89_137_109,1.0,74,183,109,77
6,r_89_137_109,r_85_80_89,r_7_131_106,r_89_137_109,0.99,0,109,109,77
32,r_7_131_106,seq8,seq132,r_7_131_106,1.0,0,106,106,77
90,seq145,r_144_77_37,r_63_149_10,r_144_77_37,0.85,-4,33,37,77
38,r_38_39_28,r_40_147_82,r_46_41_66,r_38_39_28,0.92,56,84,28,77
8,r_96_88_40,r_97_114_157,seq94,r_96_88_40,1.0,0,40,40,77
2,r_134_13_33,seq37,seq24,r_134_13_33,0.51,108,141,33,77
17,r_130_93_110,r_129_70_200,seq92,r_130_93_110,0.98,0,110,110,77
9,r_33_148_66,r_31_42_155,r_63_149_10,r_33_148_66,1.0,0,66,66,77
26,r_54_133_155,seq57,r_89_137_109,r_54_133_155,0.91,0,155,155,77
6,r_89_137_109,seq91,r_85_80_89,r_85_80_89,0.53,-62,27,89,77
28,r_53_11_48,seq8,r_76_12_119,r_76_12_119,1.0,22,141,119,77
36,r_110_83_125,r_85_80_89,r_21_81_143,r_21_81_143,1.0,10,153,143,77
91,seq104,seq106,r_4_103_81,r_4_103_81,1.0,11,92,81,77
56,seq9,seq8,r_53_11_48,r_53_11_48,1.0,125,173,48,77
44,r_40_147_82,r_38_39_28,r_33_148_66,r_40_147_82,1.0,0,82,82,77
23,r_82_117_134,r_85_80_89,seq116,r_82_117_134,0.66,0,134,134,77
68,seq43,seq57,r_85_80_89,r_85_80_89,0.57,-26,63,89,77
12,r_55_27_97,r_54_133_155,seq26,r_55_27_97,1.0,0,97,97,77
84,seq79,r_73_58_146,r_108_78_26,r_108_78_26,0.69,45,71,26,77
40,r_19_4_118,r_11_17_20,r_53_3_46,r_19_4_118,0.9,0,118,118,78
36,r_67_87_92,seq69,seq88,r_67_87_92,0.86,0,92,92,78
9,r_32_23_105,r_5_36_8,seq22,r_32_23_105,0.6,0,105,105,78
92,seq108,seq103,r_78_107_56,r_78_107_56,0.99,15,71,56,78
14,r_82_112_128,r_39_83_6,r_148_110_118,r_148_110_118,0.7,10,128,118,78
43,r_46_143_99,seq47,r_142_16_147,r_46_143_99,0.66,0,99,99,78
38,r_15_118_193,r_142_16_147,r_148_110_118,r_15_118_193,0.91,0,193,193,78
16,r_66_95_128,seq69,seq94,r_66_95_128,0.75,0,128,128,78
39,r_85_122_128,seq86,r_42_126_101,r_85_122_128,0.8,0,128,128,78
49,r_142_16_147,r_46_143_99,r_15_118_193,r_142_16_147,1.0,0,147,147,78
49,r_142_16_147,r_15_118_193,r_139_8_19,r_15_118_193,0.93,0,193,193,78
69,seq47,r_46_143_99,r_90_45_23,r_46_143_99,0.91,0,99,99,78
13,r_78_107_56,r_79_7_94,seq108,r_78_107_56,0.58,0,56,56,78
48,r_79_7_94,r_39_83_6,r_139_8_19,r_79_7_94,1.0,0,94,94,78
32,r_80_147_54,r_78_107_56,r_148_110_118,r_80_147_54,0.95,0,54,54,78
41,r_2_105_108,seq6,seq104,r_2_105_108,0.58,0,108,108,78
67,seq41,r_42_126_101,seq40,r_42_126_101,0.94,0,101,101,78
27,r_14_75_43,r_15_118_193,seq74,r_14_75_43,1.0,0,43,43,78
10,r_92_73_191,seq91,r_14_75_43,r_14_75_43,0.93,148,191,43,78
40,r_19_4_118,r_21_0_81,r_11_17_20,r_19_4_118,0.71,-90,28,118,78
81,seq74,r_72_29_49,r_14_75_43,r_14_75_43,0.94,6,49,43,78
4,r_111_100_69,r_113_20_159,seq98,r_111_100_69,1.0,0,69,69,78
0,r_148_110_118,r_102_149_2,seq109,r_148_110_118,0.95,0,118,118,78
42,r_53_3_46,seq52,r_139_8_19,r_53_3_46,0.98,0,46,46,78
2,r_64_137_39,r_113_20_159,r_84_138_89,r_64_137_39,0.71,50,89,39,78
55,seq6,r_9_35_75,r_139_8_19,r_139_8_19,0.71,0,19,19,78
20,r_136_60_146,seq134,seq56,r_136_60_146,0.73,0,146,146,78
5,r_70_96_43,r_72_29_49,seq98,r_70_96_43,0.98,0,43,43,78
15,r_102_149_2,r_148_110_118,r_80_147_54,r_102_149_2,0.86,116,118,2,78
38,r_15_118_193,r_139_8_19,seq13,r_15_118_193,0.43,-74,119,193,78
46,r_97_18_51,seq98,r_11_17_20,r_97_18_51,0.97,0,51,51,78
30,r_77_106_36,seq81,seq108,r_77_106_36,0.77,4,40,36,78
43,r_46_143_99,seq146,r_117_76_53,r_46_143_99,0.4,76,175,99,78
38,r_15_118_193,seq13,r_139_8_19,r_139_8_19,0.46,56,75,19,78
11,r_117_76_53,r_79_7_94,seq81,r_79_7_94,1.0,-10,84,94,78
38,r_15_118_193,r_14_75_43,seq13,r_14_75_43,1.0,0,43,43,78
29,r_141_123_136,r_142_16_147,r_42_126_101,r_141_123_136,0.96,1,137,136,78
24,r_48_68_20,r_44_99_189,seq69,r_48_68_20,0.8,0,20,20,78
25,r_42_126_101,seq41,r_12_125_36,r_42_126_101,0.62,0,101,101,78
33,r_28_37_101,r_30_65_109,r_5_36_8,r_5_36_8,0.8,93,101,8,78
38,r_15_118_193,seq13,r_142_16_147,r_142_16_147,0.95,-1,146,147,78
44,r_11_17_20,r_12_125_36,r_19_4_118,r_11_17_20,0.67,0,20,20,78
18,r_63_132_37,r_57_10_210,seq131,r_63_132_37,0.98,0,37,37,78
58,seq144,seq146,r_80_147_54,r_80_147_54,0.99,95,149,54,78
6,r_139_8_19,seq6,r_79_7_94,r_79_7_94,1.0,17,111,94,78
68,seq43,r_44_99_189,r_90_45_23,r_90_45_23,0.88,167,190,23,78
61,seq24,seq22,r_113_20_159,r_113_20_159,0.98,11,170,159,78
1,r_90_45_23,r_92_73_191,seq47,r_90_45_23,0.87,1,24,23,78
60,seq22,seq24,r_32_23_105,r_32_23_105,0.67,3,108,105,78
22,r_72_29_49,seq74,seq27,r_72_29_49,0.81,0,49,49,78
57,seq13,r_15_118_193,r_139_8_19,r_15_118_193,0.47,1,194,193,78
34,r_39_83_6,r_82_112_128,seq81,r_82_112_128,0.56,0,128,128,78
48,r_79_7_94,r_78_107_56,r_39_83_6,r_78_107_56,0.69,0,56,56,78
44,r_11_17_20,r_19_4_118,r_97_18_51,r_11_17_20,0.58,52,72,20,78
60,seq22,r_21_0_81,seq24,r_21_0_81,0.92,1,82,81,78
11,r_117_76_53,seq116,r_79_7_94,r_117_76_53,0.82,0,53,53,78
17,r_9_35_75,seq6,seq34,r_9_35_75,1.0,1,76,75,78
43,r_46_143_99,r_142_16_147,seq146,r_142_16_147,0.65,2,149,147,78
28,r_5_36_8,r_32_23_105,r_28_37_101,r_28_37_101,0.7,4,105,101,78
49,r_142_16_147,r_141_123_136,r_46_143_99,r_46_143_99,0.99,2,101,99,78
56,seq140,seq109,r_64_137_39,r_64_137_39,0.89,30,69,39,78
7,r_84_138_89,r_82_112_128,r_64_137_39,r_84_138_89,0.57,0,89,89,78
26,r_12_125_36,seq13,seq124,r_12_125_36,0.98,0,36,36,78
82,seq81,r_84_138_89,r_39_83_6,r_84_138_89,0.93,-27,62,89,78
32,r_80_147_54,r_148_110_118,seq144,r_148_110_118,0.72,-25,93,118,78
35,r_127_31_155,seq128,r_28_37_101,r_28_37_101,0.83,54,155,101,78
12,r_30_65_109,r_25_26_99,r_48_68_20,r_30_65_109,0.87,0,109,109,78
6,r_139_8_19,seq140,seq6,r_139_8_19,0.99,0,19,19,78
2,r_64_137_39,r_67_87_92,r_113_20_159,r_64_137_39,0.99,4,43,39,78
57,seq13,r_12_125_36,r_15_118_193,r_12_125_36,1.0,1,37,36,78
42,r_7_24_33,r_5_126_159,r_26_84_111,r_7_24_33,0.74,-2,31,33,79
36,r_142_56_138,seq138,r_110_57_36,r_142_56_138,0.59,0,138,138,79
37,r_132_25_124,seq134,r_7_24_33,r_132_25_124,0.97,0,124,124,79
14,r_128_62_57,seq127,r_27_63_22,r_128_62_57,1.0,2,59,57,79
21,r_44_61_91,r_45_105_103,seq76,r_45_105_103,0.81,-12,91,103,79
97,seq122,r_123_129_159,seq120,r_123_129_159,0.42,-35,124,159,79
5,r_2_131_177,seq3,r_54_133_23,r_54_133_23,0.72,154,177,23,79
45,r_41_109_179,seq40,r_75_114_21,r_75_114_21,0.69,155,176,21,79
24,r_104_92_107,r_112_106_29,r_94_93_72,r_104_92_107,0.68,0,107,107,79
39,r_108_39_28,seq107,seq40,r_108_39_28,0.97,0,28,28,79
73,seq50,seq46,r_60_49_42,r_60_49_42,0.99,4,46,42,79
99,seq127,r_128_62_57,seq138,r_128_62_57,1.0,2,59,57,79
48,r_27_63_22,r_66_101_133,r_128_62_57,r_27_63_22,0.85,34,56,22,79
46,r_117_145_25,r_115_19_107,r_146_141_88,r_117_145_25,0.64,4,29,25,79
82,seq87,r_44_61_91,r_113_81_16,r_44_61_91,0.62,-28,63,91,79
30,r_112_106_29,seq111,r_104_92_107,r_112_106_29,0.97,4,33,29,79
20,r_60_49_42,r_59_23_75,seq50,r_59_23_75,0.51,-33,42,75,79
3,r_91_0_107,r_100_119_165,r_43_1_32,r_91_0_107,0.99,0,107,107,79
11,r_147_140_160,seq127,r_52_143_102,r_52_143_102,0.56,56,158,102,79
46,r_117_145_25,r_142_56_138,seq122,r_142_56_138,0.94,-7,131,138,79
19,r_139_82_45,r_128_62_57,r_113_81_16,r_139_82_45,0.82,0,45,45,79
9,r_43_1_32,r_38_70_100,seq3,r_43_1_32,1.0,0,32,32,79
98,seq125,r_124_135_114,r_146_141_88,r_146_141_88,0.86,47,135,88,79
46,r_117_145_25,r_146_141_88,r_142_56_138,r_142_56_138,0.85,-53,85,138,79
15,r_115_19_107,seq118,seq14,r_115_19_107,1.0,0,107,107,79
6,r_38_70_100,r_41_109_179,seq76,r_38_70_100,0.58,0,100,100,79
27,r_58_68_13,r_59_23_75,seq76,r_58_68_13,0.87,0,13,13,79
93,seq111,r_112_106_29,r_75_114_21,r_112_106_29,0.65,3,32,29,79
12,r_113_81_16,seq79,r_139_82_45,r_139_82_45,1.0,10,55,45,79
30,r_112_106_29,r_104_92_107,r_45_105_103,r_45_105_103,0.9,4,107,103,79
48,r_27_63_22,r_30_6_79,r_66_101_133,r_27_63_22,0.96,0,22,22,79
29,r_26_84_111,seq20,r_7_24_33,r_7_24_33,0.51,-11,22,33,79
42,r_7_24_33,r_71_28_13,r_132_25_124,r_132_25_124,0.56,2,126,124,79
52,seq3,r_2_131_177,r_43_1_32,r_43_1_32,1.0,25,57,32,79
4,r_54_133_23,r_95_55_5,seq134,r_54_133_23,0.97,0,23,23,79
2,r_15_32_78,seq12,seq33,r_15_32_78,0.98,0,78,78,79
47,r_123_129_159,seq122,r_54_133_23,r_54_133_23,0.98,136,159,23,79
40,r_5_126_159,seq4,r_147_140_160,r_5_126_159,0.74,0,159,159,79
74,seq53,r_52_143_102,seq46,r_52_143_102,0.99,2,104,102,79
18,r_48_86_75,seq46,seq87,r_48_86_75,0.87,0,75,75,79
33,r_74_47_124,r_69_72_2,seq46,r_74_47_124,0.83,0,124,124,79
42,r_7_24_33,r_26_84_111,r_71_28_13,r_26_84_111,0.89,3,114,111,79
32,r_66_101_133,seq64,seq102,r_66_101_133,0.87,0,133,133,79
38,r_29_116_143,seq31,seq118,r_29_116_143,0.88,0,143,143,79
23,r_110_57_36,seq111,r_95_55_5,r_110_57_36,0.83,0,36,36,79
8,r_59_23_75,r_58_68_13,seq22,r_59_23_75,1.0,0,75,75,79
25,r_75_114_21,seq76,seq111,r_75_114_21,0.93,0,21,21,79
24,r_104_92_107,r_100_119_165,r_112_106_29,r_112_106_29,1.0,5,34,29,79
12,r_113_81_16,r_112_106_29,seq79,r_113_81_16,0.87,0,16,16,79
17,r_73_10_74,r_74_47_124,r_13_9_48,r_73_10_74,1.0,0,74,74,79
94,seq118,r_115_19_107,r_123_129_159,r_115_19_107,1.0,0,107,107,79
82,seq87,r_113_81_16,r_48_86_75,r_48_86_75,0.81,-1,74,75,79
94,seq118,r_123_129_159,r_29_116_143,r_29_116_143,0.87,12,155,143,79
29,r_26_84_111,r_7_24_33,r_48_86_75,r_26_84_111,0.93,0,111,111,79
22,r_52_143_102,seq53,seq144,r_52_143_102,0.96,1,103,102,79
28,r_30_6_79,r_29_116_143,r_43_1_32,r_30_6_79,0.96,5,84,79,79
91,seq144,seq138,r_52_143_102,r_52_143_102,1.0,36,138,102,79
49,r_100_119_165,seq99,seq120,r_100_119_165,0.6,0,165,165,79
7,r_11_83_85,seq14,r_113_81_16,r_11_83_85,1.0,0,85,85,79
8,r_59_23_75,r_60_49_42,r_58_68_13,r_59_23_75,0.5,-33,42,75,79
23,r_110_57_36,r_95_55_5,r_142_56_138,r_142_56_138,0.99,13,151,138,79
93,seq146,r_147_115_118,seq148,r_147_115_118,1.0,0,118,118,80
28,r_65_59_43,seq68,seq58,r_65_59_43,0.99,0,43,43,80
30,r_96_37_74,seq79,r_39_77_171,r_96_37_74,1.0,0,74,74,80
44,r_3_127_8,r_129_11_153,r_62_128_64,r_62_128_64,0.93,89,153,64,80
8,r_57_111_164,seq58,r_24_112_91,r_24_112_91,0.6,73,164,91,80
43,r_80_0_95,r_81_28_128,seq9,r_80_0_95,0.94,0,95,95,80
37,r_62_128_64,seq61,r_3_127_8,r_62_128_64,1.0,0,64,64,80
21,r_24_112_91,r_26_43_149,seq113,r_24_112_91,1.0,0,91,91,80
39,r_90_138_70,seq91,seq139,r_90_138_70,0.97,0,70,70,80
1,r_42_86_141,seq41,r_83_85_32,r_42_86_141,0.72,0,141,141,80
42,r_39_77_171,seq40,r_96_37_74,r_96_37_74,1.0,15,89,74,80
32,r_114_122_40,seq119,r_99_118_87,r_99_118_87,1.0,57,144,87,80
69,seq44,r_47_6_171,r_26_43_149,r_26_43_149,0.57,5,154,149,80
45,r_51_27_95,r_48_74_99,r_26_43_149,r_51_27_95,0.96,0,95,95,80
34,r_47_6_171,r_135_46_144,r_67_7_27,r_47_6_171,0.84,0,171,171,80
46,r_63_30_29,seq68,r_31_34_54,r_63_30_29,1.0,0,29,29,80
41,r_52_2_65,r_48_74_99,seq9,r_52_2_65,1.0,0,65,65,80
26,r_129_11_153,r_130_64_157,seq14,r_130_64_157,0.61,-4,153,157,80
32,r_114_122_40,seq113,seq119,r_114_122_40,0.67,0,40,40,80
0,r_21_116_152,seq22,r_99_118_87,r_99_118_87,0.59,58,145,87,80
73,seq58,r_57_111_164,r_65_59_43,r_65_59_43,0.51,121,164,43,80
11,r_134_92_172,r_135_46_144,r_71_142_48,r_71_142_48,0.87,96,144,48,80
13,r_120_35_74,seq119,seq36,r_120_35_74,0.95,0,74,74,80
6,r_145_49_26,r_144_89_112,seq53,r_145_49_26,0.97,0,26,26,80
15,r_87_38_175,seq91,r_96_37_74,r_96_37_74,1.0,101,175,74,80
48,r_144_89_112,seq143,r_101_88_89,r_144_89_112,0.8,0,112,112,80
66,seq36,r_21_116_152,r_24_112_91,r_21_116_152,0.84,-142,10,152,80
99,seq126,r_129_11_153,r_62_128_64,r_62_128_64,1.0,89,153,64,80
27,r_136_107_161,seq141,r_110_106_183,r_136_107_161,0.67,0,161,161,80
30,r_96_37_74,r_39_77_171,seq40,r_39_77_171,1.0,0,171,171,80
66,seq36,seq32,r_120_35_74,r_120_35_74,1.0,0,74,74,80
2,r_48_74_99,seq53,seq75,r_48_74_99,0.96,0,99,99,80
47,r_20_95_132,seq18,r_101_88_89,r_20_95_132,0.98,0,132,132,80
40,r_125_137_60,r_129_11_153,seq141,r_125_137_60,0.99,0,60,60,80
18,r_66_50_140,seq69,r_145_49_26,r_66_50_140,0.5,0,140,140,80
24,r_1_70_78,seq5,seq69,r_1_70_78,1.0,0,78,78,80
10,r_71_142_48,seq75,seq143,r_71_142_48,1.0,1,49,48,80
22,r_109_19_45,seq108,seq18,r_109_19_45,0.99,0,45,45,80
35,r_94_133_35,r_134_92_172,r_71_142_48,r_94_133_35,0.71,139,174,35,80
19,r_26_43_149,r_51_27_95,r_135_46_144,r_26_43_149,0.81,1,150,149,80
33,r_135_46_144,r_134_92_172,seq40,r_135_46_144,0.88,0,144,144,80
20,r_84_23_19,r_71_142_48,seq22,r_84_23_19,1.0,0,19,19,80
50,seq131,seq146,r_29_149_13,r_29_149_13,0.78,105,118,13,80
70,seq45,r_47_6_171,r_135_46_144,r_135_46_144,0.63,13,157,144,80
45,r_51_27_95,r_26_43_149,r_12_25_93,r_26_43_149,1.0,1,150,149,80
68,seq41,r_42_86_141,seq40,r_42_86_141,1.0,0,141,141,80
42,r_39_77_171,r_96_37_74,r_48_74_99,r_39_77_171,0.86,0,171,171,80
61,seq18,r_21_116_152,r_109_19_45,r_109_19_45,0.91,17,62,45,80
63,seq22,r_21_116_152,r_84_23_19,r_84_23_19,0.59,23,42,19,80
38,r_101_88_89,seq102,seq91,r_101_88_89,0.76,0,89,89,80
94,seq113,r_114_122_40,r_120_35_74,r_120_35_74,0.71,-40,34,74,80
34,r_47_6_171,seq45,r_135_46_144,r_135_46_144,0.92,11,155,144,80
23,r_121_104_20,r_120_35_74,seq103,r_121_104_20,0.95,0,20,20,80
12,r_12_25_93,r_26_43_149,r_51_27_95,r_26_43_149,0.92,-26,123,149,80
95,seq119,r_114_122_40,r_99_118_87,r_99_118_87,0.69,18,105,87,80
11,r_134_92_172,r_71_142_48,r_42_86_141,r_134_92_172,0.7,0,172,172,80
17,r_81_28_128,seq79,r_12_25_93,r_81_28_128,1.0,0,128,128,80
62,seq148,seq146,r_29_149_13,r_29_149_13,0.62,28,41,13,80
9,r_99_118_87,r_100_10_184,seq119,r_99_118_87,0.93,0,87,87,80
90,seq103,seq102,r_121_104_20,r_121_104_20,0.99,18,38,20,80
35,r_94_133_35,r_83_85_32,r_134_92_172,r_94_133_35,1.0,0,35,35,80
5,r_67_7_27,r_66_50_140,seq9,r_67_7_27,1.0,0,27,27,80
49,r_132_97_136,seq141,r_101_88_89,r_132_97_136,0.71,0,136,136,80
7,r_147_115_118,seq146,r_24_112_91,r_24_112_91,0.7,30,121,91,80
12,r_12_25_93,seq13,r_26_43_149,r_12_25_93,0.68,0,93,93,80
36,r_62_15_128,seq63,seq16,r_62_15_128,0.99,0,128,128,81
9,r_2_147_50,r_148_49_121,seq135,r_2_147_50,0.57,71,121,50,81
8,r_93_65_74,seq92,r_149_57_44,r_93_65_74,0.98,0,74,74,81
43,r_104_34_179,seq105,r_11_17_165,r_11_17_165,0.77,13,178,165,81
30,r_90_116_12,seq91,seq114,r_90_116_12,0.93,6,18,12,81
37,r_72_86_136,r_71_89_223,r_19_87_18,r_19_87_18,0.84,118,136,18,81
59,seq141,seq132,r_110_138_136,r_110_138_136,0.95,3,139,136,81
16,r_53_29_59,r_54_142_199,seq18,r_53_29_59,1.0,1,60,59,81
5,r_73_37_87,seq75,seq38,r_73_37_87,0.99,-3,84,87,81
46,r_122_144_129,r_121_94_135,r_2_147_50,r_2_147_50,1.0,82,132,50,81
35,r_19_87_18,seq20,seq80,r_19_87_18,0.97,0,18,18,81
12,r_0_103_96,r_66_1_78,r_139_106_12,r_0_103_96,0.73,0,96,96,81
7,r_74_6_16,r_7_70_83,seq10,r_7_70_83,1.0,0,83,83,81
89,seq91,r_60_98_38,r_121_94_135,r_121_94_135,0.77,44,179,135,81
19,r_66_1_78,r_67_100_102,r_0_103_96,r_66_1_78,0.82,0,78,78,81
11,r_99_4_116,r_60_98_38,seq12,r_99_4_116,1.0,0,116,116,81
95,seq109,r_110_138_136,r_9_113_62,r_9_113_62,1.0,74,136,62,81
76,seq46,r_47_28_125,seq143,r_47_28_125,0.97,0,125,125,81
39,r_148_49_121,r_2_147_50,seq50,r_148_49_121,1.0,0,121,121,81
41,r_43_8_148,r_44_111_172,r_74_6_16,r_43_8_148,0.65,0,148,148,81
89,seq91,r_99_4_116,r_60_98_38,r_99_4_116,0.6,-38,78,116,81
10,r_13_42_113,seq14,r_88_41_55,r_13_42_113,0.96,0,113,113,81
90,seq92,r_93_65_74,seq96,r_93_65_74,0.98,0,74,74,81
51,seq3,r_2_147_50,seq18,r_2_147_50,0.99,-1,49,50,81
78,seq52,r_54_142_199,r_148_49_121,r_148_49_121,0.56,80,201,121,81
0,r_131_83_111,seq132,seq78,r_131_83_111,0.91,0,111,111,81
39,r_148_49_121,r_145_85_94,r_2_147_50,r_2_147_50,1.0,-1,49,50,81
13,r_64_82_144,seq58,r_131_83_111,r_64_82_144,0.75,0,144,144,81
11,r_99_4_116,r_81_35_56,r_60_98_38,r_99_4_116,0.69,-76,40,116,81
27,r_110_138_136,seq109,seq141,r_110_138_136,0.86,1,137,136,81
92,seq101,seq91,r_67_100_102,r_67_100_102,0.69,5,107,102,81
51,seq3,seq18,r_74_6_16,r_74_6_16,0.29,157,173,16,81
6,r_77_68_12,r_81_35_56,r_67_100_102,r_77_68_12,0.75,1,13,12,81
91,seq96,seq92,r_21_97_122,r_21_97_122,1.0,12,134,122,81
1,r_140_76_49,seq141,seq75,r_140_76_49,0.89,0,49,49,81
2,r_71_89_223,r_72_86_136,r_7_70_83,r_7_70_83,1.0,53,136,83,81
47,r_67_100_102,r_66_1_78,r_77_68_12,r_66_1_78,0.94,-3,75,78,81
40,r_126_112_209,seq124,r_9_113_62,r_9_113_62,1.0,147,209,62,81
18,r_21_97_122,seq22,seq96,r_21_97_122,0.98,0,122,122,81
29,r_47_28_125,seq46,seq27,r_47_28_125,0.89,0,125,125,81
24,r_107_129_176,r_139_106_12,r_51_128_44,r_51_128_44,0.81,132,176,44,81
19,r_66_1_78,r_0_103_96,seq18,r_0_103_96,0.53,0,96,96,81
96,seq114,r_117_118_65,r_90_116_12,r_90_116_12,1.0,1,13,12,81
35,r_19_87_18,seq80,r_72_86_136,r_72_86_136,0.76,3,139,136,81
25,r_145_85_94,r_148_49_121,seq78,r_145_85_94,0.84,1,95,94,81
7,r_74_6_16,r_73_37_87,r_7_70_83,r_74_6_16,1.0,0,16,16,81
17,r_7_70_83,seq10,r_74_6_16,r_74_6_16,1.0,2,18,16,81
6,r_77_68_12,r_67_100_102,seq63,r_67_100_102,0.98,1,103,102,81
20,r_117_118_65,seq114,r_95_119_31,r_95_119_31,0.99,13,44,31,81
28,r_95_119_31,seq96,r_117_118_65,r_95_119_31,0.83,3,34,31,81
7,r_74_6_16,seq10,r_43_8_148,r_43_8_148,1.0,5,153,148,81
38,r_61_146_183,seq58,r_2_147_50,r_2_147_50,1.0,133,183,50,81
76,seq46,seq143,r_134_48_185,r_134_48_185,0.88,12,197,185,81
45,r_60_98_38,r_62_15_128,r_99_4_116,r_60_98_38,0.95,0,38,38,81
9,r_2_147_50,seq3,r_148_49_121,r_2_147_50,1.0,0,50,50,81
34,r_127_45_104,seq130,r_88_41_55,r_127_45_104,0.86,0,104,104,81
45,r_60_98_38,r_99_4_116,seq91,r_99_4_116,1.0,0,116,116,81
94,seq105,r_104_34_179,r_0_103_96,r_0_103_96,1.0,83,179,96,81
47,r_67_100_102,r_77_68_12,seq101,r_67_100_102,0.94,1,103,102,81
9,r_2_147_50,seq135,r_122_144_129,r_2_147_50,0.68,83,133,50,81
90,seq92,seq96,r_121_94_135,r_121_94_135,0.69,35,170,135,81
44,r_44_111_172,seq40,r_9_113_62,r_44_111_172,0.83,0,172,172,81
42,r_149_57_44,r_148_49_121,seq58,r_148_49_121,0.76,-77,44,121,81
23,r_56_5_182,seq55,r_74_6_16,r_56_5_182,0.61,-1,181,182,81
17,r_7_70_83,r_74_6_16,r_71_89_223,r_7_70_83,1.0,0,83,83,81
82,seq63,r_62_15_128,seq58,r_62_15_128,1.0,0,128,128,81
12,r_0_103_96,seq16,r_66_1_78,r_66_1_78,0.72,6,84,78,81
21,r_51_128_44,r_53_29_59,seq132,r_53_29_59,0.99,-15,44,59,81
14,r_88_41_55,seq78,seq40,r_88_41_55,0.99,0,55,55,81
4,r_81_35_56,seq75,seq36,r_81_35_56,0.95,0,56,56,81
93,seq109,r_110_53_181,r_3_111_24,r_3_111_24,0.6,133,157,24,82
36,r_133_35_95,seq134,seq36,r_133_35_95,0.99,0,95,95,82
19,r_45_102_68,r_43_105_44,seq61,r_43_105_44,0.99,0,44,44,82
8,r_48_46_55,r_54_5_175,r_62_30_9,r_48_46_55,0.64,30,85,55,82
53,seq7,r_6_22_69,seq9,r_6_22_69,0.68,0,69,69,82
43,r_17_29_111,r_18_107_166,seq31,r_17_29_111,0.84,0,111,111,82
37,r_96_33_159,r_97_106_146,seq98,r_97_106_146,0.73,0,146,146,82
39,r_145_121_66,r_114_142_1,seq122,r_145_121_66,1.0,0,66,66,82
1,r_50_86_100,r_54_5_175,r_88_79_175,r_50_86_100,0.99,0,100,100,82
46,r_128_126_100,r_129_92_129,r_71_127_131,r_128_126_100,0.91,31,131,100,82
42,r_97_106_146,r_96_33_159,r_43_105_44,r_97_106_146,0.95,0,146,146,82
80,seq73,r_72_58_150,r_12_74_5,r_72_58_150,0.54,2,152,150,82
69,seq47,r_54_5_175,r_38_51_165,r_38_51_165,0.62,12,177,165,82
45,r_95_37_48,seq98,seq42,r_95_37_48,1.0,0,48,48,82
37,r_96_33_159,seq98,r_119_32_126,r_96_33_159,0.69,0,159,159,82
38,r_87_49_12,r_89_144_12,r_54_5_175,r_87_49_12,0.94,0,12,12,82
29,r_28_117_170,r_26_44_194,r_115_120_142,r_28_117_170,0.97,0,170,170,82
95,seq118,seq122,r_115_120_142,r_115_120_142,0.64,17,159,142,82
66,seq36,r_40_70_176,r_133_35_95,r_133_35_95,1.0,0,95,95,82
35,r_52_11_22,r_50_86_100,seq9,r_52_11_22,0.96,0,22,22,82
31,r_115_120_142,r_116_100_65,r_129_92_129,r_116_100_65,1.0,-2,63,65,82
67,seq42,r_40_70_176,r_8_39_106,r_8_39_106,0.74,71,177,106,82
3,r_15_16_18,r_18_107_166,seq7,r_18_107_166,0.86,-1,165,166,82
20,r_83_19_27,seq77,seq25,r_83_19_27,0.99,0,27,27,82
91,seq104,r_112_103_46,r_43_105_44,r_43_105_44,1.0,0,44,44,82
0,r_75_136_86,r_72_58_150,seq135,r_75_136_86,0.99,0,86,86,82
63,seq21,seq25,r_78_20_90,r_78_20_90,1.0,0,90,90,82
99,seq149,r_114_142_1,r_23_148_13,r_23_148_13,0.78,6,19,13,82
48,r_94_63_75,seq98,seq66,r_94_63_75,1.0,1,76,75,82
44,r_26_44_194,r_59_41_197,r_48_46_55,r_48_46_55,0.57,136,191,55,82
15,r_23_148_13,r_24_132_104,seq149,r_23_148_13,0.99,0,13,13,82
27,r_110_53_181,seq109,r_38_51_165,r_110_53_181,0.68,0,181,181,82
47,r_71_127_131,r_72_58_150,r_128_126_100,r_71_127_131,0.98,0,131,131,82
40,r_1_125_116,seq4,seq118,r_1_125_116,0.96,0,116,116,82
29,r_28_117_170,r_27_131_150,r_26_44_194,r_27_131_150,0.98,0,150,150,82
25,r_129_92_129,seq130,seq93,r_129_92_129,0.9,0,129,129,82
33,r_8_39_106,seq9,r_95_37_48,r_8_39_106,0.9,0,106,106,82
64,seq25,r_24_132_104,r_6_22_69,r_24_132_104,1.0,0,104,104,82
10,r_3_111_24,r_110_53_181,seq108,r_110_53_181,0.84,-99,82,181,82
22,r_34_69_21,seq36,seq68,r_34_69_21,0.79,0,21,21,82
20,r_83_19_27,seq25,r_78_20_90,r_78_20_90,1.0,33,123,90,82
32,r_24_132_104,seq25,r_75_136_86,r_24_132_104,1.0,0,104,104,82
10,r_3_111_24,r_1_125_116,r_110_53_181,r_3_111_24,1.0,-1,23,24,82
34,r_6_22_69,seq7,seq25,r_6_22_69,0.6,0,69,69,82
24,r_89_144_12,r_88_79_175,r_114_142_1,r_89_144_12,0.74,0,12,12,82
45,r_95_37_48,seq42,r_8_39_106,r_8_39_106,1.0,34,140,106,82
17,r_116_100_65,r_115_120_142,seq101,r_116_100_65,1.0,0,65,65,82
94,seq113,r_110_53_181,r_3_111_24,r_3_111_24,0.66,58,82,24,82
31,r_115_120_142,r_129_92_129,r_24_132_104,r_115_120_142,0.83,-17,125,142,82
28,r_72_58_150,seq73,seq57,r_72_58_150,0.58,0,150,150,82
49,r_18_107_166,r_15_16_18,r_3_111_24,r_3_111_24,0.69,146,170,24,82
56,seq139,r_138_85_150,seq140,r_138_85_150,1.0,0,150,150,82
7,r_54_5_175,seq47,r_78_20_90,r_78_20_90,0.96,87,177,90,82
18,r_12_74_5,r_75_136_86,seq73,r_75_136_86,1.0,0,86,86,82
44,r_26_44_194,r_28_117_170,r_59_41_197,r_28_117_170,0.47,0,170,170,82
23,r_13_141_164,r_18_107_166,seq140,r_13_141_164,0.58,0,164,164,82
11,r_112_103_46,r_110_53_181,r_43_105_44,r_43_105_44,0.92,3,47,44,82
12,r_38_51_165,seq42,r_87_49_12,r_87_49_12,0.93,152,164,12,82
19,r_45_102_68,seq61,r_43_105_44,r_45_102_68,0.98,0,68,68,82
30,r_70_144_169,seq71,r_120_69_73,r_120_69_73,1.0,4,77,73,83
36,r_91_85_80,seq93,r_125_76_32,r_91_85_80,0.86,0,80,80,83
92,seq98,seq90,r_56_96_66,r_56_96_66,1.0,51,117,66,83
14,r_77_99_87,r_82_18_141,r_15_106_44,r_82_18_141,0.73,-54,87,141,83
61,seq14,seq21,r_41_17_111,r_41_17_111,0.99,0,111,111,83
37,r_111_63_202,r_110_119_115,r_112_113_177,r_110_119_115,0.96,0,115,115,83
59,seq139,r_142_72_95,r_13_140_17,r_142_72_95,1.0,-15,80,95,83
65,seq21,r_20_89_27,seq14,r_20_89_27,0.93,0,27,27,83
16,r_130_95_175,seq131,r_127_97_164,r_130_95_175,0.67,0,175,175,83
21,r_45_73_126,seq46,r_142_72_95,r_45_73_126,0.75,0,126,126,83
39,r_41_17_111,r_38_134_160,seq14,r_41_17_111,0.69,0,111,111,83
1,r_39_94_194,r_118_37_17,r_130_95_175,r_39_94_194,0.5,1,195,194,83
1,r_39_94_194,r_38_134_160,r_118_37_17,r_39_94_194,0.84,-109,85,194,83
5,r_23_54_69,r_24_25_121,seq51,r_23_54_69,0.98,1,70,69,83
42,r_56_96_66,seq51,seq90,r_56_96_66,0.94,0,66,66,83
7,r_118_37_17,r_36_31_121,r_75_35_32,r_36_31_121,0.57,0,121,121,83
45,r_110_119_115,r_111_63_202,seq122,r_110_119_115,0.64,1,116,115,83
22,r_40_26_56,r_36_31_121,r_24_25_121,r_24_25_121,0.66,-65,56,121,83
11,r_50_128_59,r_132_129_87,seq131,r_50_128_59,0.48,131,190,59,83
13,r_75_35_32,r_84_141_55,r_118_37_17,r_75_35_32,0.89,2,34,32,83
67,seq34,r_33_22_88,seq44,r_33_22_88,1.0,0,88,88,83
25,r_13_140_17,r_11_101_173,seq139,r_13_140_17,0.83,0,17,17,83
20,r_5_114_42,r_6_123_187,seq115,r_5_114_42,1.0,0,42,42,83
3,r_127_97_164,seq126,r_56_96_66,r_127_97_164,0.61,0,164,164,83
17,r_125_76_32,seq124,seq79,r_125_76_32,0.94,0,32,32,83
10,r_62_49_60,seq61,seq48,r_62_49_60,1.0,0,60,60,83
26,r_16_135_62,seq14,seq136,r_16_135_62,1.0,0,62,62,83
4,r_120_69_73,r_121_78_63,seq122,r_121_78_63,0.92,0,63,63,83
0,r_11_101_173,r_8_100_183,r_53_102_73,r_11_101_173,0.22,0,173,173,83
63,seq131,r_130_95_175,r_50_128_59,r_50_128_59,0.99,116,175,59,83
73,seq48,seq42,r_62_49_60,r_62_49_60,0.89,5,65,60,83
19,r_20_89_27,seq21,seq88,r_20_89_27,0.81,0,27,27,83
15,r_105_107_64,seq103,r_15_106_44,r_15_106_44,1.0,16,60,44,83
48,r_116_29_192,seq115,r_32_27_123,r_116_29_192,0.27,0,192,192,83
67,seq34,seq44,r_62_49_60,r_62_49_60,0.64,67,127,60,83
2,r_149_74_8,r_70_144_169,r_67_81_40,r_70_144_169,0.89,-29,140,169,83
6,r_28_138_45,seq30,r_13_140_17,r_28_138_45,0.99,0,45,45,83
27,r_142_72_95,r_145_137_95,r_120_69_73,r_142_72_95,0.74,0,95,95,83
30,r_70_144_169,r_120_69_73,r_28_138_45,r_70_144_169,0.73,0,169,169,83
49,r_146_60_39,r_145_137_95,seq59,r_146_60_39,1.0,0,39,39,83
7,r_118_37_17,seq122,r_36_31_121,r_118_37_17,0.88,2,19,17,83
41,r_15_106_44,r_16_135_62,seq103,r_15_106_44,1.0,3,47,44,83
40,r_112_113_177,r_111_63_202,r_105_107_64,r_111_63_202,0.33,0,202,202,83
18,r_133_66_165,r_132_129_87,seq68,r_133_66_165,0.43,0,165,165,83
12,r_84_141_55,r_77_99_87,seq148,r_84_141_55,0.89,0,55,55,83
33,r_132_129_87,r_133_66_165,r_50_128_59,r_50_128_59,0.96,21,80,59,83
65,seq21,seq14,r_33_22_88,r_33_22_88,1.0,11,99,88,83
11,r_50_128_59,r_56_96_66,r_132_129_87,r_50_128_59,1.0,0,59,59,83
6,r_28_138_45,r_13_140_17,r_145_137_95,r_28_138_45,0.63,69,114,45,83
29,r_36_31_121,r_40_26_56,r_118_37_17,r_40_26_56,0.63,0,56,56,83
61,seq14,r_16_135_62,seq21,r_16_135_62,1.0,0,62,62,83
32,r_24_25_121,seq30,r_40_26_56,r_40_26_56,1.0,47,103,56,83
34,r_33_22_88,seq34,seq21,r_33_22_88,0.75,0,88,88,83
8,r_67_81_40,seq65,seq79,r_67_81_40,0.94,0,40,40,83
9,r_145_137_95,r_142_72_95,r_28_138_45,r_145_137_95,1.0,0,95,95,83
29,r_36_31_121,r_118_37_17,seq30,r_36_31_121,0.98,0,121,121,83
4,r_120_69_73,seq122,r_70_144_169,r_120_69_73,0.75,2,75,73,83
4,r_120_69_73,r_70_144_169,r_67_81_40,r_70_144_169,0.82,0,169,169,83
28,r_53_102_73,r_52_57_197,r_15_106_44,r_53_102_73,0.69,0,73,73,83
56,seq136,r_130_95_175,r_16_135_62,r_16_135_62,0.99,0,62,62,83
44,r_108_19_177,r_105_107_64,r_82_18_141,r_105_107_64,0.41,113,177,64,83
23,r_38_134_160,r_39_94_194,r_50_128_59,r_39_94_194,0.68,-33,161,194,83
79,seq64,seq65,r_146_60_39,r_146_60_39,1.0,127,166,39,83
51,seq1,r_2_73_114,seq4,r_2_73_114,1.0,0,114,114,84
36,r_78_82_77,seq75,seq84,r_78_82_77,0.85,0,77,77,84
0,r_110_124_158,r_111_40_15,r_129_109_9,r_110_124_158,0.58,-147,11,158,84
92,seq101,seq99,r_149_102_123,r_149_102_123,0.99,10,133,123,84
53,seq4,r_3_104_178,seq1,r_3_104_178,0.81,0,178,178,84
43,r_76_14_114,seq75,seq16,r_76_14_114,0.91,0,114,114,84
59,seq16,r_15_77_192,r_76_14_114,r_76_14_114,1.0,65,179,114,84
34,r_72_34_24,r_69_26_36,seq35,r_72_34_24,0.73,0,24,24,84
21,r_27_33_171,r_22_141_90,r_69_26_36,r_27_33_171,0.9,-128,43,171,84
16,r_120_17_136,seq119,seq18,r_120_17_136,0.96,0,136,136,84
1,r_69_26_36,r_27_33_171,r_79_24_54,r_69_26_36,0.73,88,124,36,84
97,seq148,r_147_41_106,seq146,r_147_41_106,1.0,0,106,106,84
46,r_63_48_105,seq61,r_47_42_172,r_63_48_105,0.72,0,105,105,84
26,r_115_107_9,r_105_32_58,seq95,r_105_32_58,1.0,1,59,58,84
1,r_69_26_36,r_79_24_54,r_27_33_171,r_27_33_171,1.0,-135,36,171,84
32,r_10_117_130,r_67_9_18,r_114_19_153,r_10_117_130,0.73,0,130,130,84
2,r_67_9_18,r_69_26_36,r_10_117_130,r_67_9_18,0.99,0,18,18,84
45,r_114_19_153,r_10_117_130,seq20,r_114_19_153,0.95,0,153,153,84
19,r_133_6_94,seq132,r_122_5_78,r_133_6_94,0.99,0,94,94,84
38,r_37_36_19,seq74,r_3_104_178,r_3_104_178,0.73,0,178,178,84
9,r_85_139_23,seq84,seq135,r_85_139_23,1.0,0,23,23,84
41,r_60_7_111,seq61,r_133_6_94,r_60_7_111,0.92,0,111,111,84
89,seq95,r_97_21_83,seq92,r_97_21_83,1.0,0,83,83,84
96,seq119,r_118_98_201,r_10_117_130,r_118_98_201,0.97,2,203,201,84
3,r_47_42_172,r_50_56_124,r_63_48_105,r_63_48_105,0.67,19,124,105,84
10,r_15_77_192,seq16,r_91_57_128,r_15_77_192,0.42,0,192,192,84
14,r_111_40_15,r_110_124_158,r_51_112_90,r_111_40_15,0.72,1,16,15,84
37,r_105_32_58,seq99,r_28_31_13,r_105_32_58,1.0,1,59,58,84
66,seq35,seq29,r_72_34_24,r_72_34_24,0.93,0,24,24,84
4,r_149_102_123,seq148,seq101,r_149_102_123,0.96,0,123,123,84
14,r_111_40_15,r_147_41_106,r_47_42_172,r_47_42_172,0.7,14,186,172,84
5,r_79_24_54,r_78_82_77,seq23,r_79_24_54,1.0,0,54,54,84
20,r_144_70_85,r_145_136_206,seq74,r_144_70_85,1.0,0,85,85,84
13,r_50_56_124,r_51_112_90,r_47_42_172,r_51_112_90,0.55,0,90,90,84
42,r_49_59_49,r_51_112_90,seq52,r_51_112_90,0.81,-41,49,90,84
46,r_63_48_105,r_47_42_172,seq43,r_47_42_172,0.76,0,172,172,84
15,r_147_41_106,seq148,r_111_40_15,r_147_41_106,0.92,0,106,106,84
32,r_10_117_130,r_114_19_153,seq119,r_114_19_153,0.69,0,153,153,84
6,r_51_112_90,r_50_56_124,r_129_109_9,r_51_112_90,1.0,0,90,90,84
62,seq23,r_27_33_171,r_79_24_54,r_79_24_54,1.0,17,71,54,84
21,r_27_33_171,r_69_26_36,seq35,r_27_33_171,0.33,0,171,171,84
98,seq123,r_133_6_94,seq142,r_133_6_94,0.69,-10,84,94,84
85,seq89,seq99,r_8_90_106,r_8_90_106,0.98,0,106,106,84
2,r_67_9_18,r_10_117_130,r_133_6_94,r_67_9_18,0.8,112,130,18,84
48,r_116_131_37,r_114_19_153,seq130,r_116_131_37,0.8,0,37,37,84
0,r_110_124_158,r_129_109_9,r_116_131_37,r_110_124_158,0.77,0,158,158,84
27,r_39_71_169,r_47_42_172,r_147_41_106,r_147_41_106,1.0,11,117,106,84
24,r_83_96_46,seq84,seq95,r_83_96_46,0.74,0,46,46,84
52,seq130,seq132,r_116_131_37,r_116_131_37,1.0,11,48,37,84
47,r_0_121_66,r_118_98_201,r_85_139_23,r_118_98_201,0.62,-92,109,201,84
14,r_111_40_15,r_51_112_90,r_47_42_172,r_47_42_172,0.32,-140,32,172,84
47,r_0_121_66,seq1,r_122_5_78,r_122_5_78,0.61,-12,66,78,84
40,r_8_90_106,r_10_117_130,seq89,r_8_90_106,0.96,1,107,106,84
18,r_2_73_114,seq1,seq74,r_2_73_114,1.0,0,114,114,84
29,r_55_86_84,r_54_106_176,r_78_82_77,r_54_106_176,0.89,-84,92,176,84
27,r_39_71_169,r_147_41_106,r_2_73_114,r_147_41_106,0.72,66,172,106,84
35,r_54_106_176,r_49_59_49,r_115_107_9,r_54_106_176,0.48,0,176,176,84
25,r_3_104_178,seq4,seq103,r_3_104_178,0.68,0,178,178,84
23,r_129_109_9,r_126_25_195,r_110_124_158,r_129_109_9,0.63,1,10,9,84
14,r_111_40_15,r_47_42_172,r_147_41_106,r_147_41_106,1.0,0,106,106,84
32,r_10_117_130,r_8_90_106,r_67_9_18,r_67_9_18,1.0,7,25,18,84
38,r_37_36_19,r_60_7_111,seq74,r_60_7_111,1.0,-43,68,111,84
28,r_125_108_35,r_126_25_195,r_129_109_9,r_125_108_35,0.97,0,35,35,84
3,r_47_42_172,r_63_48_105,r_111_40_15,r_47_42_172,0.43,0,172,172,84
45,r_114_19_153,r_120_17_136,r_10_117_130,r_114_19_153,0.86,-23,130,153,84
96,seq119,r_120_17_136,r_118_98_201,r_120_17_136,1.0,0,136,136,84
31,r_58_143_159,seq52,r_68_140_9,r_58_143_159,0.86,0,159,159,84
22,r_145_136_206,r_144_70_85,seq146,r_144_70_85,1.0,0,85,85,84
47,r_0_121_66,r_122_5_78,r_118_98_201,r_0_121_66,0.67,13,79,66,84
7,r_91_57_128,seq93,r_49_59_49,r_91_57_128,0.5,0,128,128,84
44,r_22_141_90,seq23,seq142,r_22_141_90,0.99,0,90,90,84
33,r_122_5_78,r_0_121_66,r_67_9_18,r_122_5_78,0.97,1,79,78,84
35,r_54_106_176,r_55_86_84,r_49_59_49,r_54_106_176,0.85,-84,92,176,84
13,r_50_56_124,r_47_42_172,r_49_59_49,r_47_42_172,0.88,-48,124,172,84
47,r_0_121_66,r_85_139_23,seq123,r_0_121_66,0.44,112,178,66,84
23,r_129_109_9,r_110_124_158,r_51_112_90,r_51_112_90,0.85,14,104,90,84
11,r_138_38_154,r_111_40_15,r_91_57_128,r_138_38_154,0.35,39,193,154,84
45,r_114_19_153,r_116_131_37,r_120_17_136,r_116_131_37,0.95,0,37,37,84
8,r_143_18_39,seq142,seq23,r_143_18_39,1.0,0,39,39,85
40,r_117_124_5,r_125_64_84,r_97_126_29,r_125_64_84,0.99,0,84,84,85
30,r_132_128_146,r_130_71_74,seq129,r_130_71_74,1.0,-1,73,74,85
36,r_136_74_131,seq135,seq77,r_136_74_131,0.99,0,131,131,85
35,r_120_16_115,r_36_37_91,seq19,r_36_37_91,0.63,46,137,91,85
25,r_33_3_18,r_34_25_83,seq4,r_33_3_18,0.96,0,18,18,85
32,r_86_11_14,r_87_91_157,seq12,r_86_11_14,0.99,0,14,14,85
43,r_76_121_108,seq77,seq123,r_76_121_108,1.0,1,109,108,85
29,r_39_102_157,r_104_113_173,r_45_101_121,r_39_102_157,0.47,16,173,157,85
19,r_125_64_84,r_117_124_5,r_130_71_74,r_117_124_5,1.0,79,84,5,85
86,seq79,r_80_118_205,r_65_78_73,r_65_78_73,1.0,19,92,73,85
16,r_45_101_121,seq47,r_104_113_173,r_45_101_121,0.95,0,121,121,85
39,r_105_22_161,r_104_113_173,r_143_18_39,r_104_113_173,0.83,-12,161,173,85
5,r_104_113_173,r_105_22_161,r_39_102_157,r_104_113_173,0.47,-15,158,173,85
46,r_68_43_65,r_67_17_61,seq46,r_68_43_65,0.94,-4,61,65,85
80,seq61,seq52,r_148_59_148,r_148_59_148,0.98,8,156,148,85
57,seq12,seq8,r_86_11_14,r_86_11_14,1.0,1,15,14,85
34,r_97_126_29,r_93_6_97,r_117_124_5,r_97_126_29,0.56,0,29,29,85
76,seq50,r_51_15_114,seq52,r_51_15_114,0.77,0,114,114,85
31,r_72_146_25,r_73_119_160,seq142,r_72_146_25,1.0,1,26,25,85
21,r_58_0_144,r_49_7_119,r_33_3_18,r_58_0_144,0.77,36,180,144,85
3,r_110_84_83,seq109,seq83,r_110_84_83,0.96,0,83,83,85
10,r_51_15_114,seq50,r_86_11_14,r_51_15_114,0.82,0,114,114,85
26,r_93_6_97,r_99_10_181,seq5,r_93_6_97,0.74,0,97,97,85
4,r_24_42_150,seq23,r_68_43_65,r_24_42_150,0.82,1,151,150,85
0,r_21_116_129,r_24_42_150,seq115,r_21_116_129,0.96,0,129,129,85
73,seq135,r_136_74_131,seq137,r_136_74_131,1.0,0,131,131,85
11,r_44_66_136,seq47,r_130_71_74,r_130_71_74,0.77,64,138,74,85
20,r_67_17_61,r_68_43_65,r_143_18_39,r_67_17_61,0.97,0,61,61,85
13,r_122_144_123,seq123,seq145,r_122_144_123,0.75,0,123,123,85
15,r_130_71_74,r_132_128_146,r_96_70_77,r_130_71_74,0.88,-1,73,74,85
17,r_26_38_119,r_34_25_83,r_36_37_91,r_26_38_119,0.9,0,119,119,85
9,r_87_91_157,r_93_6_97,r_54_90_13,r_87_91_157,0.76,-144,13,157,85
27,r_49_7_119,seq50,r_93_6_97,r_93_6_97,0.72,24,121,97,85
18,r_103_95_129,r_104_113_173,r_87_91_157,r_103_95_129,0.67,0,129,129,85
29,r_39_102_157,seq40,r_104_113_173,r_39_102_157,0.41,0,157,157,85
23,r_2_13_55,seq4,r_86_11_14,r_86_11_14,0.95,41,55,14,85
24,r_34_25_83,r_35_60_173,r_26_38_119,r_35_60_173,0.67,-90,83,173,85
33,r_96_70_77,r_93_6_97,r_130_71_74,r_96_70_77,1.0,0,77,77,85
16,r_45_101_121,r_104_113_173,seq106,r_45_101_121,0.55,48,169,121,85
17,r_26_38_119,r_35_60_173,r_34_25_83,r_35_60_173,0.76,-83,90,173,85
51,seq4,r_2_13_55,r_33_3_18,r_33_3_18,1.0,0,18,18,85
96,seq112,r_111_127_211,r_76_121_108,r_76_121_108,1.0,105,213,108,85
31,r_72_146_25,seq142,r_48_147_128,r_48_147_128,1.0,3,131,128,85
5,r_104_113_173,r_39_102_157,r_21_116_129,r_39_102_157,0.66,16,173,157,85
22,r_80_118_205,seq81,r_21_116_129,r_80_118_205,0.15,0,205,205,85
28,r_73_119_160,seq75,r_21_116_129,r_73_119_160,0.95,1,161,160,85
14,r_54_90_13,r_56_133_207,r_87_91_157,r_54_90_13,0.93,0,13,13,85
49,r_92_69_67,r_93_6_97,r_130_71_74,r_92_69_67,1.0,0,67,67,85
7,r_56_133_207,seq55,r_122_144_123,r_122_144_123,0.84,87,210,123,85
18,r_103_95_129,r_87_91_157,r_139_94_204,r_139_94_204,0.85,10,214,204,85
44,r_35_60_173,seq27,r_148_59_148,r_148_59_148,0.67,25,173,148,85
60,seq145,r_72_146_25,r_122_144_123,r_122_144_123,0.94,1,124,123,85
35,r_120_16_115,seq114,r_36_37_91,r_120_16_115,0.61,0,115,115,85
12,r_148_59_148,r_139_94_204,seq61,r_148_59_148,0.81,0,148,148,85
19,r_125_64_84,r_130_71_74,r_117_124_5,r_125_64_84,0.54,-63,21,84,85
59,seq14,seq8,r_86_11_14,r_86_11_14,1.0,1,15,14,85
30,r_108_96_68,seq107,seq103,r_108_96_68,0.65,0,68,68,86
34,r_115_62_173,r_119_118_101,r_59_63_66,r_115_62_173,0.78,0,173,173,86
36,r_104_58_120,r_106_6_124,seq56,r_104_58_120,0.87,0,120,120,86
8,r_59_63_66,r_61_50_158,seq65,r_59_63_66,0.71,12,78,66,86
43,r_64_147_149,seq65,seq148,r_64_147_149,0.92,0,149,149,86
14,r_116_40_45,seq113,r_39_34_178,r_116_40_45,1.0,0,45,45,86
39,r_99_143_21,seq97,seq144,r_99_143_21,0.9,0,21,21,86
59,seq144,r_145_26_75,r_99_143_21,r_145_26_75,1.0,0,75,75,86
56,seq9,r_13_8_187,seq18,r_13_8_187,0.4,-129,58,187,86
55,seq136,r_138_142_108,r_100_137_9,r_138_142_108,1.0,0,108,108,86
21,r_106_6_124,seq103,seq9,r_106_6_124,0.89,0,124,124,86
46,r_92_66_125,seq93,seq65,r_92_66_125,0.74,0,125,125,86
42,r_146_41_63,r_149_110_93,seq42,r_146_41_63,1.0,0,63,63,86
13,r_12_79_41,r_16_5_18,seq80,r_12_79_41,1.0,0,41,41,86
19,r_120_7_193,seq121,r_114_11_44,r_114_11_44,0.95,149,193,44,86
41,r_15_109_22,r_16_5_18,seq113,r_15_109_22,0.75,0,22,22,86
31,r_4_112_38,r_3_89_122,r_87_111_28,r_4_112_38,1.0,0,38,38,86
77,seq52,seq65,r_104_58_120,r_104_58_120,1.0,65,185,120,86
76,seq51,r_64_147_149,seq52,r_64_147_149,0.81,-11,138,149,86
89,seq93,r_92_66_125,seq94,r_92_66_125,0.97,-64,61,125,86
3,r_98_81_75,r_106_6_124,seq80,r_98_81_75,0.96,0,75,75,86
10,r_138_142_108,seq136,seq141,r_138_142_108,0.77,0,108,108,86
26,r_71_130_86,seq72,r_131_139_180,r_71_130_86,0.97,0,86,86,86
72,seq45,r_23_43_37,r_105_44_70,r_105_44_70,0.99,19,89,70,86
2,r_20_140_16,seq19,seq136,r_20_140_16,1.0,0,16,16,86
78,seq56,r_57_133_190,r_104_58_120,r_104_58_120,0.99,15,135,120,86
0,r_123_86_62,seq122,seq90,r_123_86_62,1.0,0,62,62,86
11,r_60_54_189,r_61_50_158,r_75_67_141,r_75_67_141,0.97,23,164,141,86
20,r_119_118_101,r_120_7_193,r_1_117_42,r_1_117_42,0.72,59,101,42,86
4,r_85_36_38,r_35_132_150,r_116_40_45,r_35_132_150,0.96,0,150,150,86
50,seq0,r_1_117_42,r_24_29_47,r_1_117_42,1.0,0,42,42,86
6,r_53_95_106,r_57_133_190,seq94,r_53_95_106,0.99,1,107,106,86
62,seq148,r_149_110_93,seq141,r_149_110_93,0.64,0,93,93,86
38,r_88_70_28,r_87_111_28,seq72,r_88_70_28,0.98,0,28,28,86
17,r_10_55_44,r_13_8_187,seq56,r_10_55_44,0.99,0,44,44,86
27,r_35_132_150,seq38,r_71_130_86,r_35_132_150,0.91,0,150,150,86
87,seq80,seq73,r_98_81_75,r_98_81_75,1.0,10,85,75,86
41,r_15_109_22,seq113,r_149_110_93,r_149_110_93,1.0,54,147,93,86
47,r_105_44_70,r_106_6_124,seq45,r_105_44_70,0.91,0,70,70,86
40,r_23_43_37,seq45,seq32,r_23_43_37,0.44,78,115,37,86
33,r_131_139_180,seq148,r_71_130_86,r_71_130_86,0.81,42,128,86,86
47,r_105_44_70,seq45,r_85_36_38,r_105_44_70,0.42,86,156,70,86
88,seq90,r_83_128_123,r_3_89_122,r_3_89_122,0.5,1,123,122,86
37,r_83_128_123,r_85_36_38,seq90,r_85_36_38,1.0,0,38,38,86
58,seq14,r_13_8_187,r_114_11_44,r_114_11_44,1.0,143,187,44,86
65,seq25,r_24_29_47,r_145_26_75,r_145_26_75,1.0,6,81,75,86
32,r_145_26_75,seq144,seq25,r_145_26_75,1.0,0,75,75,86
52,seq2,r_3_89_122,r_16_5_18,r_3_89_122,1.0,0,122,122,86
25,r_1_117_42,seq0,r_87_111_28,r_1_117_42,1.0,0,42,42,86
77,seq52,r_53_95_106,seq65,r_53_95_106,0.95,-21,85,106,86
34,r_115_62_173,seq113,r_119_118_101,r_119_118_101,0.98,19,120,101,86
4,r_85_36_38,r_83_128_123,r_35_132_150,r_85_36_38,0.97,0,38,38,86
25,r_1_117_42,r_87_111_28,r_119_118_101,r_119_118_101,1.0,10,111,101,86
94,seq107,r_108_96_68,r_4_112_38,r_4_112_38,0.96,25,63,38,86
22,r_87_111_28,r_88_70_28,r_15_109_22,r_87_111_28,0.96,0,28,28,86
9,r_61_50_158,r_60_54_189,seq49,r_61_50_158,0.5,6,164,158,86
26,r_71_130_86,r_131_139_180,r_138_142_108,r_71_130_86,0.49,95,181,86,86
50,seq0,r_24_29_47,r_106_6_124,r_106_6_124,0.97,1,125,124,86
1,r_16_5_18,r_12_79_41,seq2,r_12_79_41,1.0,0,41,41,86
37,r_83_128_123,seq90,seq129,r_83_128_123,0.8,0,123,123,86
28,r_17_74_133,r_13_8_187,seq73,r_17_74_133,0.91,0,133,133,86
23,r_27_91_129,seq25,seq93,r_27_91_129,0.91,0,129,129,86
62,seq148,seq141,r_64_147_149,r_64_147_149,1.0,2,151,149,86
35,r_3_89_122,seq2,seq90,r_3_89_122,0.96,0,122,122,86
12,r_149_110_93,seq148,r_4_112_38,r_149_110_93,0.73,0,93,93,86
4,r_16_87_22,r_11_110_87,r_54_86_28,r_16_87_22,0.99,0,22,22,87
93,seq102,r_105_23_137,r_108_103_74,r_105_23_137,1.0,-61,76,137,87
30,r_85_124_67,r_84_38_108,seq130,r_84_38_108,0.59,-43,65,108,87
16,r_96_114_27,r_97_55_167,seq112,r_97_55_167,0.71,-140,27,167,87
14,r_95_101_113,seq93,r_11_110_87,r_95_101_113,0.49,0,113,113,87
53,seq132,r_133_14_171,r_85_124_67,r_85_124_67,0.96,63,130,67,87
1,r_135_118_50,seq138,r_81_119_14,r_135_118_50,0.88,0,50,50,87
43,r_74_140_168,r_76_6_176,r_135_118_50,r_135_118_50,0.6,115,165,50,87
37,r_104_15_61,r_105_23_137,seq13,r_104_15_61,0.96,0,61,61,87
55,seq7,r_5_42_165,r_62_4_124,r_62_4_124,0.65,35,159,124,87
71,seq40,r_41_25_144,r_84_38_108,r_84_38_108,0.95,41,149,108,87
21,r_100_3_140,r_99_53_178,r_62_4_124,r_99_53_178,0.83,-38,140,178,87
39,r_148_107_71,seq149,r_125_111_39,r_148_107_71,0.93,0,71,71,87
18,r_28_126_153,r_11_110_87,seq17,r_11_110_87,0.56,-42,45,87,87
27,r_12_82_14,r_79_31_118,r_57_83_48,r_12_82_14,0.71,37,51,14,87
78,seq52,r_75_146_125,r_97_55_167,r_97_55_167,0.32,-60,107,167,87
31,r_32_72_159,seq34,r_71_69_52,r_71_69_52,0.84,107,159,52,87
41,r_108_103_74,r_109_2_168,seq102,r_109_2_168,0.86,-94,74,168,87
67,seq29,r_28_126_153,r_30_36_6,r_30_36_6,0.35,119,125,6,87
54,seq149,r_148_107_71,r_147_19_146,r_148_107_71,0.68,-22,49,71,87
10,r_105_23_137,seq102,seq22,r_105_23_137,0.79,0,137,137,87
42,r_57_83_48,seq58,r_12_82_14,r_57_83_48,0.79,0,48,48,87
26,r_5_42_165,seq7,seq43,r_5_42_165,0.66,0,165,165,87
0,r_62_4_124,seq63,seq7,r_62_4_124,0.7,0,124,124,87
11,r_11_110_87,seq8,r_125_111_39,r_11_110_87,1.0,0,87,87,87
15,r_76_6_176,seq77,r_62_4_124,r_62_4_124,0.58,52,176,124,87
13,r_109_2_168,r_125_111_39,r_62_4_124,r_62_4_124,0.93,50,174,124,87
45,r_125_111_39,r_122_141_137,r_109_2_168,r_125_111_39,0.67,1,40,39,87
13,r_109_2_168,r_105_23_137,r_125_111_39,r_109_2_168,0.53,-129,39,168,87
87,seq78,r_79_31_118,r_12_82_14,r_79_31_118,0.65,-8,110,118,87
25,r_84_38_108,r_85_124_67,r_16_87_22,r_16_87_22,0.65,12,34,22,87
47,r_75_146_125,r_76_6_176,seq149,r_75_146_125,0.86,0,125,125,87
40,r_33_37_103,r_32_72_159,seq39,r_33_37_103,0.91,0,103,103,87
29,r_41_25_144,seq40,r_105_23_137,r_41_25_144,0.86,0,144,144,87
33,r_136_20_70,seq138,seq17,r_136_20_70,0.99,0,70,70,87
78,seq52,r_62_4_124,r_75_146_125,r_75_146_125,0.33,-93,32,125,87
88,seq88,r_71_69_52,r_16_87_22,r_16_87_22,0.7,100,122,22,87
50,seq0,r_28_126_153,r_136_20_70,r_136_20_70,1.0,92,162,70,87
19,r_134_80_13,r_135_118_50,r_12_82_14,r_134_80_13,0.68,1,14,13,87
70,seq39,r_41_25_144,r_84_38_108,r_84_38_108,0.95,17,125,108,87
44,r_1_113_16,r_16_87_22,seq112,r_1_113_16,0.77,0,16,16,87
20,r_79_31_118,r_134_80_13,seq34,r_79_31_118,1.0,1,119,118,87
68,seq34,r_32_72_159,r_79_31_118,r_79_31_118,1.0,41,159,118,87
32,r_97_55_167,r_99_53_178,r_16_87_22,r_97_55_167,0.42,0,167,167,87
38,r_129_27_148,seq130,r_30_36_6,r_129_27_148,0.74,0,148,148,87
52,seq130,r_129_27_148,seq127,r_129_27_148,0.95,-69,79,148,87
3,r_81_119_14,r_117_48_173,r_135_118_50,r_81_119_14,0.56,58,72,14,87
34,r_70_49_88,r_71_69_52,seq50,r_70_49_88,0.98,0,88,88,87
75,seq46,seq50,r_70_49_88,r_70_49_88,1.0,0,88,88,87
45,r_125_111_39,r_109_2_168,r_11_110_87,r_11_110_87,1.0,34,121,87,87
78,seq52,r_97_55_167,r_106_64_1,r_106_64_1,0.75,134,135,1,87
17,r_133_14_171,r_137_73_174,r_104_15_61,r_104_15_61,1.0,111,172,61,87
25,r_84_38_108,r_16_87_22,seq39,r_84_38_108,1.0,0,108,108,87
94,seq145,seq142,r_92_144_79,r_92_144_79,1.0,6,85,79,87
48,r_47_131_17,seq46,seq130,r_47_131_17,0.98,-1,16,17,87
9,r_99_53_178,r_100_3_140,r_116_98_72,r_99_53_178,0.94,-38,140,178,87
3,r_81_119_14,r_79_31_118,r_117_48_173,r_79_31_118,0.97,-101,17,118,87
28,r_10_60_69,r_9_89_137,r_68_61_30,r_10_60_69,0.96,0,69,69,87
46,r_54_86_28,r_62_4_124,r_16_87_22,r_54_86_28,0.94,0,28,28,87
18,r_28_126_153,seq17,r_85_124_67,r_85_124_67,0.51,86,153,67,87
5,r_68_61_30,seq65,seq63,r_68_61_30,0.9,1,31,30,87
23,r_116_98_72,r_117_48_173,r_99_53_178,r_116_98_72,0.81,0,72,72,87
75,seq46,r_70_49_88,r_117_48_173,r_117_48_173,1.0,1,174,173,87
35,r_147_19_146,seq149,r_136_20_70,r_136_20_70,0.62,76,146,70,87
27,r_12_82_14,r_9_89_137,r_79_31_118,r_12_82_14,0.96,0,14,14,87
12,r_92_144_79,seq91,seq145,r_92_144_79,0.99,0,79,79,87
14,r_57_90_174,r_58_11_200,r_148_89_25,r_148_89_25,0.85,149,174,25,88
51,seq2,seq6,r_15_3_23,r_15_3_23,0.57,2,25,23,88
43,r_73_45_81,seq72,seq44,r_73_45_81,0.89,6,87,81,88
40,r_69_137_12,r_70_38_156,seq136,r_69_137_12,0.86,0,12,12,88
19,r_140_71_32,r_70_38_156,r_87_94_96,r_70_38_156,1.0,0,156,156,88
71,seq44,r_43_16_121,r_73_45_81,r_43_16_121,0.79,-34,87,121,88
16,r_105_49_198,r_108_26_157,r_98_107_72,r_105_49_198,0.73,-41,157,198,88
39,r_117_56_133,r_116_28_199,seq59,r_117_56_133,0.98,0,133,133,88
1,r_108_26_157,r_105_49_198,seq25,r_108_26_157,0.67,0,157,157,88
16,r_105_49_198,r_98_107_72,seq50,r_105_49_198,0.71,0,198,198,88
5,r_100_9_64,r_108_26_157,seq10,r_100_9_64,0.96,0,64,64,88
35,r_70_38_156,r_66_128_130,r_140_71_32,r_140_71_32,0.87,13,45,32,88
50,seq0,r_1_13_63,seq2,r_1_13_63,0.8,-5,58,63,88
45,r_1_13_63,seq0,seq10,r_1_13_63,0.98,0,63,63,88
37,r_15_3_23,r_14_22_138,seq2,r_15_3_23,0.77,2,25,23,88
31,r_116_28_199,r_117_56_133,seq119,r_117_56_133,1.0,0,133,133,88
41,r_77_127_63,r_73_45_81,r_80_129_10,r_77_127_63,1.0,0,63,63,88
13,r_80_129_10,r_93_133_12,seq126,r_80_129_10,0.59,1,11,10,88
3,r_24_42_157,seq25,seq41,r_24_42_157,0.32,0,157,157,88
10,r_20_55_201,r_19_63_102,r_100_9_64,r_100_9_64,0.89,37,101,64,88
63,seq25,r_24_42_157,r_108_26_157,r_108_26_157,0.85,0,157,157,88
73,seq50,seq54,r_60_124_183,r_60_124_183,0.41,-109,74,183,88
20,r_37_112_72,seq39,seq111,r_37_112_72,1.0,0,72,72,88
42,r_132_36_49,seq144,seq34,r_132_36_49,1.0,0,49,49,88
46,r_78_106_36,r_108_26_157,r_98_107_72,r_78_106_36,0.46,121,157,36,88
15,r_60_124_183,r_58_11_200,r_80_129_10,r_60_124_183,0.52,1,184,183,88
46,r_78_106_36,r_77_127_63,r_108_26_157,r_78_106_36,0.94,0,36,36,88
6,r_96_8_157,seq97,r_100_9_64,r_100_9_64,0.96,93,157,64,88
0,r_104_99_56,r_102_134_57,seq97,r_102_134_57,0.81,-1,56,57,88
48,r_40_146_18,seq39,seq145,r_40_146_18,0.98,0,18,18,88
99,seq126,seq125,r_80_129_10,r_80_129_10,0.98,53,63,10,88
10,r_20_55_201,r_43_16_121,r_57_90_174,r_57_90_174,0.87,29,203,174,88
36,r_148_89_25,seq144,seq88,r_148_89_25,0.98,0,25,25,88
53,seq6,seq4,r_27_5_163,r_27_5_163,0.96,6,169,163,88
30,r_102_134_57,seq103,seq135,r_102_134_57,1.0,0,57,57,88
54,seq7,r_14_22_138,r_15_3_23,r_15_3_23,0.4,76,99,23,88
47,r_33_92_176,seq35,r_148_89_25,r_33_92_176,0.79,0,176,176,88
18,r_14_22_138,seq10,r_132_36_49,r_132_36_49,0.97,87,136,49,88
10,r_20_55_201,r_100_9_64,r_43_16_121,r_43_16_121,0.97,2,123,121,88
70,seq135,r_142_21_189,r_93_133_12,r_93_133_12,0.83,6,18,12,88
35,r_70_38_156,r_140_71_32,seq39,r_70_38_156,0.82,0,156,156,88
33,r_43_16_121,seq44,r_1_13_63,r_43_16_121,0.93,0,121,121,88
88,seq88,r_87_94_96,r_148_89_25,r_148_89_25,1.0,77,102,25,88
58,seq12,r_14_22_138,r_1_13_63,r_1_13_63,0.97,49,112,63,88
32,r_98_107_72,seq97,r_78_106_36,r_78_106_36,0.96,36,72,36,88
77,seq59,r_58_11_200,r_105_49_198,r_105_49_198,0.99,4,202,198,88
34,r_46_109_68,seq48,seq113,r_46_109_68,0.85,0,68,68,88
45,r_1_13_63,seq10,r_43_16_121,r_43_16_121,1.0,2,123,121,88
8,r_141_53_58,r_142_21_189,seq54,r_141_53_58,1.0,0,58,58,88
81,seq72,r_73_45_81,seq75,r_73_45_81,0.73,10,91,81,88
17,r_115_130_198,seq113,r_80_129_10,r_80_129_10,0.92,188,198,10,88
9,r_110_17_157,seq111,r_43_16_121,r_110_17_157,0.92,0,157,157,88
31,r_116_28_199,seq119,r_108_26_157,r_108_26_157,0.58,39,196,157,88
11,r_93_133_12,seq52,seq135,r_93_133_12,1.0,0,12,12,88
28,r_23_131_62,seq139,r_40_146_18,r_23_131_62,0.55,120,182,62,88
22,r_66_128_130,r_68_62_64,r_80_129_10,r_66_128_130,0.87,0,130,130,88
28,r_23_131_62,seq25,seq139,r_23_131_62,1.0,0,62,62,88
49,r_19_63_102,r_20_55_201,r_68_62_64,r_19_63_102,0.99,0,102,102,88
55,seq136,seq144,r_69_137_12,r_69_137_12,0.81,10,22,12,88
56,seq10,r_14_22_138,r_100_9_64,r_100_9_64,1.0,6,70,64,88
7,r_142_21_189,seq149,r_14_22_138,r_142_21_189,0.6,0,189,189,88
44,r_87_94_96,r_91_114_165,seq95,r_87_94_96,0.7,0,96,96,88
19,r_140_71_32,seq144,r_70_38_156,r_140_71_32,0.81,0,32,32,88
27,r_143_79_14,r_142_21_189,seq74,r_143_79_14,0.91,0,14,14,88
12,r_91_114_165,seq88,r_37_112_72,r_37_112_72,0.82,93,165,72,88
40,r_15_86_162,r_61_9_66,r_143_85_141,r_15_86_162,1.0,0,162,162,89
51,seq3,r_5_106_144,r_61_9_66,r_61_9_66,0.78,77,143,66,89
38,r_138_139_26,r_137_118_95,seq140,r_138_139_26,0.6,8,34,26,89
2,r_13_20_162,r_132_21_35,r_61_9_66,r_13_20_162,0.59,-37,125,162,89
50,seq1,seq17,r_55_2_46,r_55_2_46,1.0,3,49,46,89
8,r_77_91_103,seq78,r_109_97_41,r_77_91_103,0.78,0,103,103,89
43,r_134_142_148,seq133,seq144,r_134_142_148,0.59,0,148,148,89
17,r_63_130_22,seq64,seq133,r_63_130_22,0.98,0,22,22,89
3,r_108_126_70,seq129,r_149_127_122,r_149_127_122,0.94,30,152,122,89
55,seq10,seq8,r_61_9_66,r_61_9_66,1.0,33,99,66,89
16,r_120_65_83,seq121,seq64,r_120_65_83,0.99,0,83,83,89
30,r_18_14_23,seq19,r_13_20_162,r_18_14_23,0.47,0,23,23,89
5,r_122_46_90,seq121,seq47,r_122_46_90,1.0,0,90,90,89
46,r_103_23_172,seq102,r_132_21_35,r_132_21_35,0.9,139,174,35,89
42,r_80_92_69,seq78,r_109_97_41,r_80_92_69,0.98,0,69,69,89
6,r_132_21_35,r_134_142_148,seq26,r_132_21_35,1.0,0,35,35,89
45,r_31_29_131,seq30,seq27,r_31_29_131,0.5,-37,94,131,89
12,r_147_57_35,r_146_128_108,seq58,r_147_57_35,0.81,0,35,35,89
66,seq37,r_36_115_112,r_51_42_59,r_36_115_112,1.0,0,112,112,89
97,seq121,r_122_46_90,seq140,r_122_46_90,0.74,1,91,90,89
31,r_98_81_170,r_103_23_172,r_87_82_149,r_103_23_172,0.49,-1,171,172,89
7,r_51_42_59,r_61_9_66,r_0_41_16,r_61_9_66,1.0,-7,59,66,89
14,r_137_118_95,r_138_139_26,r_134_142_148,r_137_118_95,0.68,-81,14,95,89
41,r_5_106_144,seq3,seq104,r_5_106_144,0.97,0,144,144,89
3,r_108_126_70,r_107_4_164,seq129,r_108_126_70,1.0,0,70,70,89
10,r_0_41_16,r_36_115_112,r_51_42_59,r_36_115_112,0.99,-53,59,112,89
26,r_84_12_145,r_83_136_70,r_109_97_41,r_83_136_70,0.86,0,70,70,89
14,r_137_118_95,r_134_142_148,seq117,r_137_118_95,1.0,0,95,95,89
4,r_96_44_136,r_98_81_170,r_122_46_90,r_96_44_136,0.83,1,137,136,89
0,r_146_128_108,r_149_127_122,seq129,r_146_128_108,0.57,1,109,108,89
63,seq27,r_28_100_166,r_132_21_35,r_132_21_35,0.83,131,166,35,89
13,r_112_34_99,seq111,r_147_57_35,r_112_34_99,0.64,0,99,99,89
15,r_28_100_166,seq27,r_77_91_103,r_77_91_103,0.71,63,166,103,89
48,r_35_79_62,r_36_115_112,seq78,r_35_79_62,1.0,2,64,62,89
9,r_55_2_46,r_51_42_59,seq1,r_55_2_46,1.0,0,46,46,89
11,r_109_97_41,r_114_59_51,seq102,r_109_97_41,0.9,3,44,41,89
27,r_141_125_175,seq140,r_149_127_122,r_149_127_122,0.75,55,177,122,89
30,r_18_14_23,r_13_20_162,r_61_9_66,r_61_9_66,1.0,34,100,66,89
36,r_114_59_51,r_116_110_178,r_147_57_35,r_114_59_51,0.66,0,51,51,89
49,r_87_82_149,r_88_11_154,r_98_81_170,r_88_11_154,1.0,-2,152,154,89
2,r_13_20_162,r_15_86_162,r_132_21_35,r_132_21_35,1.0,59,94,35,89
47,r_94_66_68,r_101_95_129,seq69,r_94_66_68,1.0,0,68,68,89
40,r_15_86_162,r_13_20_162,r_61_9_66,r_61_9_66,1.0,34,100,66,89
18,r_145_148_96,r_149_127_122,seq140,r_145_148_96,0.51,26,122,96,89
29,r_36_115_112,seq37,seq113,r_36_115_112,0.98,0,112,112,89
64,seq30,seq24,r_55_2_46,r_55_2_46,0.54,85,131,46,89
24,r_83_136_70,r_84_12_145,seq135,r_83_136_70,1.0,0,70,70,89
33,r_49_90_75,seq43,r_109_97_41,r_49_90_75,0.99,1,76,75,89
65,seq32,seq37,r_94_66_68,r_94_66_68,1.0,54,122,68,89
97,seq121,r_120_65_83,r_122_46_90,r_120_65_83,0.63,-70,13,83,89
25,r_38_25_10,r_36_115_112,seq24,r_38_25_10,0.95,0,10,10,89
52,seq133,r_134_142_148,r_63_130_22,r_63_130_22,0.89,126,148,22,89
77,seq64,seq75,r_120_65_83,r_120_65_83,1.0,20,103,83,89
34,r_45_16_172,seq47,r_18_14_23,r_18_14_23,0.28,149,172,23,89
94,seq111,r_112_34_99,seq113,r_112_34_99,0.99,0,99,99,89
98,seq123,r_134_142_148,seq124,r_134_142_148,0.71,-93,55,148,89
26,r_84_12_145,r_109_97_41,r_61_9_66,r_84_12_145,1.0,0,145,145,89
96,seq117,r_116_110_178,r_137_118_95,r_137_118_95,1.0,0,95,95,89
28,r_33_40_149,r_36_115_112,seq32,r_36_115_112,0.96,-41,71,112,89
49,r_87_82_149,r_84_12_145,r_88_11_154,r_84_12_145,0.48,-48,97,145,89
39,r_119_76_44,seq117,seq75,r_119_76_44,1.0,0,44,44,89
56,seq140,r_141_125_175,r_138_139_26,r_138_139_26,0.84,151,177,26,89
44,r_143_85_141,seq144,r_77_91_103,r_143_85_141,0.68,0,141,141,89
23,r_61_9_66,seq56,seq10,r_61_9_66,1.0,0,66,66,89
10,r_0_41_16,r_5_106_144,r_36_115_112,r_0_41_16,0.86,0,16,16,89
35,r_149_127_122,r_145_148_96,r_108_126_70,r_108_126_70,1.0,52,122,70,89
26,r_129_114_117,r_130_4_107,r_128_131_14,r_128_131_14,0.82,12,26,14,90
36,r_113_112_93,seq109,r_111_28_187,r_111_28_187,0.5,-94,93,187,90
14,r_104_50_122,seq105,seq52,r_104_50_122,0.86,0,122,122,90
37,r_19_9_77,r_24_29_77,seq8,r_19_9_77,0.96,0,77,77,90
24,r_72_49_59,seq71,seq52,r_72_49_59,0.99,0,59,59,90
71,seq52,r_51_74_86,r_55_35_156,r_51_74_86,1.0,0,86,86,90
16,r_76_5_90,seq79,r_7_121_133,r_76_5_90,0.94,0,90,90,90
21,r_13_64_94,seq14,seq65,r_13_64_94,1.0,0,94,94,90
39,r_111_28_187,seq109,r_113_112_93,r_111_28_187,0.4,-47,140,187,90
1,r_70_117_90,seq71,r_21_116_77,r_70_117_90,1.0,0,90,90,90
49,r_21_116_77,r_134_142_134,r_70_117_90,r_134_142_134,0.75,-32,102,134,90
5,r_51_74_86,seq52,seq75,r_51_74_86,0.96,0,86,86,90
45,r_110_80_143,seq109,r_73_77_41,r_110_80_143,0.99,0,143,143,90
26,r_129_114_117,r_115_62_165,r_7_121_133,r_115_62_165,1.0,1,166,165,90
47,r_47_146_34,r_46_100_148,r_149_33_209,r_47_146_34,1.0,0,34,34,90
19,r_133_53_143,r_134_142_134,r_20_132_49,r_20_132_49,1.0,71,120,49,90
95,seq105,r_104_50_122,seq96,r_104_50_122,0.99,0,122,122,90
76,seq65,seq58,r_13_64_94,r_13_64_94,1.0,7,101,94,90
41,r_102_61_152,seq101,r_90_59_87,r_90_59_87,0.78,65,152,87,90
6,r_56_91_55,r_60_122_98,seq93,r_56_91_55,1.0,0,55,55,90
30,r_27_120_33,r_69_26_5,r_37_126_9,r_27_120_33,0.97,0,33,33,90
3,r_24_29_77,seq18,r_69_26_5,r_24_29_77,0.88,0,77,77,90
10,r_7_121_133,seq1,r_124_127_136,r_7_121_133,0.9,0,133,133,90
84,seq81,seq75,r_6_82_15,r_6_82_15,0.96,0,15,15,90
9,r_20_132_49,r_24_29_77,r_128_131_14,r_20_132_49,1.0,0,49,49,90
4,r_86_139_129,r_89_31_188,seq138,r_86_139_129,0.98,0,129,129,90
0,r_55_35_156,seq58,r_97_36_112,r_55_35_156,0.85,0,156,156,90
63,seq32,seq34,r_89_31_188,r_89_31_188,0.84,0,188,188,90
11,r_92_108_87,seq93,seq109,r_92_108_87,0.77,1,88,87,90
62,seq30,r_45_148_148,r_2_39_27,r_45_148_148,1.0,-1,147,148,90
20,r_45_148_148,r_46_100_148,r_149_33_209,r_45_148_148,0.74,0,148,148,90
80,seq71,r_70_117_90,seq68,r_70_117_90,1.0,-64,26,90,90
13,r_134_142_134,r_133_53_143,seq141,r_134_142_134,0.96,0,134,134,90
15,r_0_85_124,seq1,seq88,r_0_85_124,0.99,0,124,124,90
48,r_94_78_79,r_92_108_87,r_73_77_41,r_94_78_79,1.0,0,79,79,90
57,seq16,seq18,r_103_17_103,r_103_17_103,1.0,23,126,103,90
62,seq30,r_46_100_148,seq34,r_46_100_148,0.33,-60,88,148,90
36,r_113_112_93,r_111_28_187,r_92_108_87,r_111_28_187,1.0,-14,173,187,90
40,r_15_25_18,r_24_29_77,r_69_26_5,r_69_26_5,0.6,14,19,5,90
27,r_130_4_107,r_129_114_117,r_76_5_90,r_130_4_107,0.94,0,107,107,90
42,r_73_77_41,seq79,r_94_78_79,r_94_78_79,1.0,13,92,79,90
34,r_149_33_209,r_147_107_174,r_47_146_34,r_47_146_34,1.0,16,50,34,90
31,r_128_131_14,r_124_127_136,r_129_114_117,r_129_114_117,0.96,-103,14,117,90
42,r_73_77_41,r_72_49_59,seq79,r_73_77_41,0.98,1,42,41,90
43,r_6_82_15,r_7_121_133,seq81,r_6_82_15,0.79,0,15,15,90
32,r_2_39_27,r_7_121_133,seq40,r_2_39_27,0.83,0,27,27,90
18,r_106_143_85,r_103_17_103,seq138,r_106_143_85,1.0,0,85,85,90
29,r_119_144_152,r_124_127_136,r_86_139_129,r_119_144_152,0.93,1,153,152,90
34,r_149_33_209,r_47_146_34,r_45_148_148,r_45_148_148,1.0,8,156,148,90
33,r_46_100_148,r_45_148_148,seq101,r_46_100_148,0.7,0,148,148,90
64,seq34,seq32,r_97_36_112,r_97_36_112,1.0,1,113,112,90
88,seq88,r_89_31_188,r_0_85_124,r_0_85_124,0.99,64,188,124,90
19,r_133_53_143,r_20_132_49,r_104_50_122,r_20_132_49,0.6,94,143,49,90
39,r_111_28_187,r_113_112_93,r_24_29_77,r_111_28_187,0.88,0,187,187,90
70,seq136,r_137_135_181,r_86_139_129,r_86_139_129,1.0,25,154,129,90
65,seq38,seq41,r_2_39_27,r_2_39_27,0.73,37,64,27,90
38,r_137_135_181,seq136,r_86_139_129,r_86_139_129,1.0,50,179,129,90
66,seq40,r_43_11_173,r_2_39_27,r_2_39_27,1.0,0,27,27,90
35,r_115_62_165,r_129_114_117,r_104_50_122,r_115_62_165,0.98,0,165,165,90
94,seq101,r_102_61_152,r_46_100_148,r_46_100_148,0.55,3,151,148,90
26,r_129_114_117,r_128_131_14,r_115_62_165,r_115_62_165,0.56,-48,117,165,90
31,r_128_131_14,r_129_114_117,r_20_132_49,r_20_132_49,0.97,72,121,49,90
22,r_103_17_103,seq105,seq16,r_103_17_103,1.0,0,103,103,90
28,r_90_59_87,r_86_139_129,seq58,r_90_59_87,1.0,0,87,87,90
49,r_21_116_77,r_24_29_77,r_134_142_134,r_21_116_77,0.97,0,77,77,90
56,seq14,r_13_64_94,seq8,r_13_64_94,1.0,0,94,94,90
7,r_97_36_112,seq98,seq34,r_97_36_112,1.0,1,113,112,90
23,r_60_122_98,seq58,r_124_127_136,r_60_122_98,1.0,0,98,98,90
16,r_76_5_90,r_7_121_133,r_130_4_107,r_7_121_133,0.92,0,133,133,90
17,r_57_48_42,r_45_148_148,r_2_39_27,r_45_148_148,0.95,1,149,148,90
82,seq75,seq79,r_51_74_86,r_51_74_86,0.99,28,114,86,90
35,r_115_62_165,r_133_53_143,r_129_114_117,r_129_114_117,0.58,1,118,117,90
12,r_147_107_174,r_149_33_209,r_113_112_93,r_147_107_174,0.71,0,174,174,90
17,r_57_48_42,r_55_35_156,r_45_148_148,r_57_48_42,1.0,0,42,42,90
37,r_149_52_56,seq148,seq51,r_149_52_56,1.0,0,56,56,91
51,seq129,r_127_45_115,r_147_128_98,r_127_45_115,0.87,-18,97,115,91
26,r_137_62_46,r_136_46_142,seq63,r_137_62_46,0.6,0,46,46,91
36,r_21_1_87,seq20,r_76_2_36,r_76_2_36,0.72,51,87,36,91
28,r_61_123_16,r_78_140_119,seq125,r_61_123_16,0.85,0,16,16,91
25,r_105_114_47,r_107_57_71,seq112,r_107_57_71,0.99,-23,48,71,91
5,r_110_28_16,r_108_11_62,seq27,r_110_28_16,0.97,0,16,16,91
19,r_59_79_194,r_88_60_31,r_95_98_25,r_59_79_194,0.36,0,194,194,91
30,r_82_96_37,r_85_17_105,r_95_98_25,r_82_96_37,0.88,0,37,37,91
55,seq7,r_8_50_183,r_139_10_114,r_139_10_114,0.99,69,183,114,91
1,r_30_65_68,r_32_93_204,seq74,r_30_65_68,0.98,0,68,68,91
46,r_107_57_71,r_105_114_47,r_13_55_30,r_107_57_71,1.0,0,71,71,91
44,r_122_133_16,seq121,seq132,r_122_133_16,0.83,1,17,16,91
92,seq112,r_108_11_62,r_105_114_47,r_108_11_62,1.0,-15,47,62,91
95,seq118,r_136_46_142,seq119,r_136_46_142,0.99,-2,140,142,91
15,r_13_55_30,seq14,seq54,r_13_55_30,1.0,0,30,30,91
41,r_8_50_183,seq7,r_13_55_30,r_13_55_30,0.77,153,183,30,91
3,r_108_11_62,seq112,seq12,r_108_11_62,1.0,0,62,62,91
14,r_120_126_23,r_127_45_115,r_147_128_98,r_127_45_115,1.0,0,115,115,91
4,r_35_130_168,r_36_15_70,r_72_37_58,r_35_130_168,1.0,-96,72,168,91
0,r_139_10_114,r_136_46_142,seq7,r_139_10_114,0.87,0,114,114,91
73,seq44,r_49_22_164,r_127_45_115,r_127_45_115,0.95,35,150,115,91
11,r_100_38_81,r_103_53_163,r_72_37_58,r_100_38_81,0.93,0,81,81,91
20,r_134_101_71,r_136_46_142,r_95_98_25,r_134_101_71,1.0,0,71,71,91
48,r_86_25_72,r_84_113_128,seq24,r_86_25_72,1.0,0,72,72,91
4,r_35_130_168,r_72_37_58,r_147_128_98,r_35_130_168,0.91,0,168,168,91
10,r_29_115_34,seq27,seq117,r_29_115_34,1.0,0,34,34,91
21,r_70_142_133,r_131_68_28,seq143,r_70_142_133,0.98,0,133,133,91
6,r_99_18_45,r_103_53_163,seq20,r_99_18_45,1.0,0,45,45,91
79,seq63,seq74,r_137_62_46,r_137_62_46,0.98,2,48,46,91
35,r_23_19_24,seq24,seq20,r_23_19_24,1.0,0,24,24,91
2,r_36_15_70,r_35_130_168,seq14,r_36_15_70,1.0,1,71,70,91
40,r_56_69_130,seq54,r_131_68_28,r_56_69_130,0.91,0,130,130,91
27,r_43_109_38,seq41,seq112,r_43_109_38,1.0,0,38,38,91
23,r_84_113_128,seq83,r_26_111_52,r_84_113_128,0.9,0,128,128,91
33,r_49_22_164,seq47,seq20,r_49_22_164,0.72,0,164,164,91
47,r_88_60_31,r_59_79_194,r_30_65_68,r_30_65_68,0.82,123,191,68,91
70,seq40,seq41,r_92_42_1,r_92_42_1,0.33,145,146,1,91
14,r_120_126_23,seq121,r_127_45_115,r_127_45_115,0.8,-92,23,115,91
32,r_136_46_142,seq135,seq48,r_136_46_142,0.95,0,142,142,91
47,r_88_60_31,seq89,r_59_79_194,r_88_60_31,0.92,2,33,31,91
21,r_70_142_133,seq71,r_131_68_28,r_131_68_28,1.0,23,51,28,91
97,seq121,r_120_126_23,r_61_123_16,r_61_123_16,0.97,1,17,16,91
31,r_72_37_58,seq71,r_35_130_168,r_72_37_58,1.0,0,58,58,91
96,seq119,seq125,r_144_146_143,r_144_146_143,0.49,-17,126,143,91
18,r_131_68_28,r_127_45_115,r_70_142_133,r_131_68_28,0.98,0,28,28,91
31,r_72_37_58,r_35_130_168,r_100_38_81,r_72_37_58,0.93,81,139,58,91
22,r_85_17_105,r_84_113_128,r_36_15_70,r_85_17_105,1.0,0,105,105,91
49,r_138_102_173,seq135,r_95_98_25,r_95_98_25,0.56,148,173,25,91
18,r_131_68_28,r_70_142_133,r_56_69_130,r_131_68_28,0.99,105,133,28,91
23,r_84_113_128,r_86_25_72,seq83,r_86_25_72,1.0,0,72,72,91
17,r_127_45_115,r_120_126_23,seq44,r_127_45_115,0.95,0,115,115,91
16,r_26_111_52,r_30_65_68,r_105_114_47,r_26_111_52,0.92,0,52,52,91
82,seq71,seq67,r_131_68_28,r_131_68_28,0.98,87,115,28,91
19,r_59_79_194,r_75_64_201,r_88_60_31,r_88_60_31,0.99,16,47,31,91
29,r_76_2_36,r_78_140_119,seq4,r_76_2_36,1.0,1,37,36,91
12,r_103_53_163,seq97,r_13_55_30,r_103_53_163,0.93,0,163,163,91
17,r_127_45_115,seq129,r_120_126_23,r_120_126_23,0.96,19,42,23,91
84,seq77,r_78_140_119,seq74,r_78_140_119,0.96,0,119,119,91
23,r_34_76_198,r_29_35_119,r_67_80_5,r_67_80_5,0.58,193,198,5,92
44,r_0_85_152,seq1,seq86,r_0_85_152,0.79,-74,78,152,92
42,r_6_110_34,seq10,r_112_109_66,r_6_110_34,0.89,0,34,34,92
36,r_18_132_110,seq21,seq134,r_18_132_110,0.98,0,110,110,92
17,r_9_72_56,seq10,seq73,r_9_72_56,1.0,1,57,56,92
20,r_137_142_41,seq139,seq141,r_137_142_41,0.74,0,41,41,92
54,seq10,r_9_72_56,r_11_8_52,r_9_72_56,1.0,1,57,56,92
8,r_29_35_119,seq22,r_34_76_198,r_29_35_119,0.68,0,119,119,92
43,r_36_37_90,r_34_76_198,seq39,r_34_76_198,0.54,-104,94,198,92
16,r_53_14_122,r_49_2_181,seq12,r_53_14_122,0.9,0,122,122,92
39,r_116_38_136,seq115,seq39,r_116_38_136,0.89,0,136,136,92
1,r_67_80_5,r_79_148_163,r_9_72_56,r_9_72_56,1.0,88,144,56,92
97,seq122,r_119_126_131,r_32_121_101,r_32_121_101,1.0,16,117,101,92
5,r_94_131_88,r_95_50_110,r_147_136_38,r_94_131_88,1.0,0,88,88,92
32,r_147_136_38,seq149,seq134,r_147_136_38,0.71,12,50,38,92
46,r_119_126_131,seq120,r_111_125_52,r_111_125_52,1.0,79,131,52,92
2,r_32_121_101,r_18_132_110,r_31_28_203,r_18_132_110,0.69,-24,86,110,92
3,r_114_88_24,r_112_109_66,seq65,r_114_88_24,0.99,0,24,24,92
42,r_6_110_34,r_112_109_66,r_116_38_136,r_112_109_66,0.7,0,66,66,92
23,r_34_76_198,r_45_135_148,r_29_35_119,r_34_76_198,0.82,-78,120,198,92
11,r_117_48_77,r_49_2_181,r_116_38_136,r_116_38_136,0.57,45,181,136,92
42,r_6_110_34,r_116_38_136,r_56_113_106,r_6_110_34,1.0,72,106,34,92
10,r_33_91_69,r_31_28_203,seq90,r_33_91_69,1.0,0,69,69,92
14,r_99_57_24,r_100_96_75,seq54,r_99_57_24,0.61,-3,21,24,92
26,r_127_123_79,seq128,r_111_125_52,r_111_125_52,1.0,27,79,52,92
78,seq62,r_63_108_92,seq58,r_63_108_92,0.92,1,93,92,92
11,r_117_48_77,seq118,r_49_2_181,r_117_48_77,0.99,0,77,77,92
2,r_32_121_101,r_31_28_203,seq122,r_32_121_101,0.99,0,101,101,92
99,seq149,seq146,r_79_148_163,r_79_148_163,0.85,0,163,163,92
13,r_66_107_66,r_71_78_135,r_63_108_92,r_71_78_135,0.9,-59,76,135,92
44,r_0_85_152,seq12,seq1,r_0_85_152,0.68,-140,12,152,92
15,r_105_130_154,seq102,seq128,r_105_130_154,0.8,0,154,154,92
48,r_13_4_147,seq12,seq1,r_13_4_147,0.56,0,147,147,92
99,seq149,r_147_136_38,seq146,r_147_136_38,0.61,28,66,38,92
37,r_111_125_52,r_112_109_66,seq124,r_111_125_52,1.0,0,52,52,92
27,r_7_98_103,seq10,seq92,r_7_98_103,1.0,0,103,103,92
51,seq1,r_11_8_52,r_13_4_147,r_13_4_147,0.77,1,148,147,92
91,seq102,r_104_30_145,r_63_108_92,r_104_30_145,0.74,5,150,145,92
2,r_32_121_101,r_33_91_69,r_18_132_110,r_32_121_101,0.57,-35,66,101,92
47,r_25_144_93,seq22,seq145,r_25_144_93,1.0,0,93,93,92
40,r_15_17_79,r_16_52_191,r_3_20_9,r_15_17_79,0.94,0,79,79,92
18,r_95_50_110,r_93_103_208,r_49_2_181,r_95_50_110,0.88,0,110,110,92
25,r_49_2_181,r_53_14_122,r_117_48_77,r_49_2_181,1.0,-60,121,181,92
33,r_79_148_163,r_67_80_5,seq149,r_79_148_163,0.66,0,163,163,92
59,seq145,r_137_142_41,r_25_144_93,r_25_144_93,1.0,0,93,93,92
88,seq90,seq89,r_33_91_69,r_33_91_69,1.0,0,69,69,92
38,r_11_8_52,r_16_52_191,seq10,r_11_8_52,0.74,16,68,52,92
34,r_56_113_106,seq54,r_6_110_34,r_56_113_106,0.79,0,106,106,92
60,seq146,seq149,r_94_131_88,r_94_131_88,0.98,42,130,88,92
6,r_51_81_33,r_53_14_122,seq83,r_51_81_33,0.98,0,33,33,92
25,r_49_2_181,r_117_48_77,seq1,r_49_2_181,0.97,0,181,181,92
9,r_97_5_102,r_100_96_75,r_11_8_52,r_97_5_102,0.62,0,102,102,92
96,seq120,r_119_126_131,r_32_121_101,r_32_121_101,1.0,30,131,101,92
31,r_112_109_66,r_6_110_34,seq115,r_112_109_66,0.53,60,126,66,92
31,r_112_109_66,r_111_125_52,r_6_110_34,r_111_125_52,0.87,-1,51,52,92
28,r_31_28_203,r_33_91_69,r_32_121_101,r_33_91_69,1.0,2,71,69,92
4,r_47_84_45,seq46,seq83,r_47_84_45,0.89,0,45,45,92
56,seq12,r_13_4_147,r_53_14_122,r_53_14_122,0.93,25,147,122,92
7,r_45_135_148,seq46,seq134,r_45_135_148,0.76,0,148,148,92
18,r_95_50_110,r_49_2_181,r_116_38_136,r_95_50_110,0.86,61,171,110,92
23,r_34_76_198,r_36_37_90,r_45_135_148,r_36_37_90,0.32,4,94,90,92
28,r_31_28_203,r_32_121_101,seq22,r_32_121_101,0.88,1,102,101,92
35,r_133_70_79,seq139,seq69,r_133_70_79,0.84,0,79,79,92
12,r_74_19_170,r_71_78_135,r_3_20_9,r_74_19_170,0.72,0,170,170,92
30,r_66_2_109,seq71,r_132_1_71,r_66_2_109,0.79,0,109,109,93
51,seq129,r_125_109_173,r_92_105_28,r_92_105_28,0.64,129,157,28,93
36,r_132_1_71,seq131,seq3,r_132_1_71,0.99,1,72,71,93
9,r_113_59_77,r_60_130_172,r_73_61_106,r_60_130_172,0.6,0,172,172,93
84,seq71,r_74_68_161,r_14_70_39,r_14_70_39,1.0,0,39,39,93
25,r_85_106_43,r_91_39_48,r_92_105_28,r_91_39_48,1.0,-5,43,48,93
44,r_7_23_1,seq33,r_64_21_85,r_64_21_85,0.96,9,94,85,93
53,seq5,seq3,r_96_6_105,r_96_6_105,1.0,10,115,105,93
43,r_124_13_95,r_125_109_173,seq16,r_124_13_95,1.0,1,96,95,93
82,seq65,r_52_89_186,seq71,r_52_89_186,0.8,-171,15,186,93
3,r_91_39_48,seq88,seq40,r_91_39_48,1.0,0,48,48,93
83,seq147,r_146_111_155,r_92_105_28,r_92_105_28,0.84,125,153,28,93
37,r_36_42_171,seq35,seq44,r_36_42_171,0.67,0,171,171,93
3,r_91_39_48,seq40,r_4_38_89,r_4_38_89,1.0,45,134,89,93
32,r_103_86_148,r_112_119_101,r_133_104_45,r_103_86_148,0.66,-103,45,148,93
86,seq80,r_78_98_100,seq81,r_78_98_100,0.93,0,100,100,93
21,r_149_20_134,r_146_111_155,seq26,r_149_20_134,0.64,1,135,134,93
1,r_74_68_161,seq75,r_79_67_74,r_79_67_74,1.0,87,161,74,93
36,r_132_1_71,seq3,r_66_2_109,r_66_2_109,1.0,4,113,109,93
5,r_62_144_173,r_60_130_172,r_146_111_155,r_60_130_172,0.28,1,173,172,93
80,seq57,r_58_99_161,seq63,r_58_99_161,0.5,0,161,161,93
32,r_103_86_148,r_133_104_45,r_122_93_61,r_133_104_45,0.59,103,148,45,93
7,r_87_8_40,r_9_141_178,r_124_13_95,r_124_13_95,0.79,103,198,95,93
48,r_9_141_178,r_11_24_187,r_87_8_40,r_87_8_40,1.0,1,41,40,93
45,r_64_21_85,seq63,r_7_23_1,r_64_21_85,0.85,0,85,85,93
95,seq110,r_112_119_101,seq108,r_112_119_101,0.9,-5,96,101,93
10,r_37_140_145,r_36_42_171,r_143_142_12,r_37_140_145,0.77,0,145,145,93
14,r_117_30_24,r_113_59_77,seq31,r_117_30_24,1.0,0,24,24,93
4,r_11_24_187,seq10,r_149_20_134,r_149_20_134,0.87,53,187,134,93
0,r_79_67_74,seq80,r_74_68_161,r_79_67_74,0.99,-1,73,74,93
42,r_136_90_39,seq129,seq94,r_136_90_39,0.91,7,46,39,93
11,r_76_54_81,r_74_68_161,seq53,r_76_54_81,0.63,0,81,81,93
20,r_73_61_106,r_74_68_161,r_113_59_77,r_113_59_77,0.98,29,106,77,93
19,r_148_83_27,r_146_111_155,seq81,r_148_83_27,0.79,0,27,27,93
46,r_133_104_45,r_103_86_148,r_92_105_28,r_103_86_148,0.93,0,148,148,93
15,r_56_138_94,seq55,seq137,r_56_138_94,0.81,0,94,94,93
21,r_149_20_134,seq26,r_7_23_1,r_7_23_1,0.72,163,164,1,93
62,seq26,r_25_123_164,r_118_32_131,r_25_123_164,0.54,-15,149,164,93
27,r_96_6_105,seq97,seq5,r_96_6_105,0.79,0,105,105,93
24,r_22_107_56,r_7_23_1,seq101,r_22_107_56,1.0,0,56,56,93
2,r_47_72_137,seq49,r_41_77_26,r_41_77_26,0.67,111,137,26,93
40,r_41_77_26,seq40,seq75,r_41_77_26,0.98,0,26,26,93
18,r_112_119_101,seq110,seq120,r_112_119_101,0.71,0,101,101,93
29,r_69_82_166,seq71,seq81,r_69_82_166,0.38,2,168,166,93
33,r_4_38_89,seq3,r_91_39_48,r_4_38_89,1.0,0,89,89,93
61,seq19,r_18_134_109,seq16,r_18_134_109,1.0,0,109,109,93
38,r_122_93_61,r_125_109_173,seq94,r_122_93_61,0.82,4,65,61,93
13,r_92_105_28,r_96_6_105,r_85_106_43,r_96_6_105,1.0,-27,78,105,93
70,seq40,seq34,r_91_39_48,r_91_39_48,1.0,1,49,48,93
85,seq75,r_74_68_161,r_41_77_26,r_41_77_26,1.0,3,29,26,93
47,r_14_70_39,seq12,seq71,r_14_70_39,0.92,0,39,39,93
9,r_113_59_77,r_114_102_165,r_60_130_172,r_113_59_77,0.96,0,77,77,93
96,seq115,r_118_32_131,seq120,r_118_32_131,1.0,-61,70,131,93
22,r_128_116_110,seq129,seq120,r_128_116_110,0.34,0,110,110,93
28,r_78_98_100,seq80,seq97,r_78_98_100,0.59,0,100,100,93
49,r_139_100_131,r_149_20_134,seq97,r_149_20_134,0.69,1,135,134,93
56,seq10,r_11_24_187,r_124_13_95,r_124_13_95,1.0,91,186,95,93
13,r_92_105_28,r_91_39_48,r_96_6_105,r_92_105_28,0.82,0,28,28,93
35,r_18_134_109,seq19,seq135,r_18_134_109,0.96,0,109,109,93
44,r_7_23_1,r_22_107_56,seq33,r_22_107_56,0.89,-3,53,56,93
12,r_118_32_131,r_114_102_165,r_117_30_24,r_114_102_165,0.97,-34,131,165,93
7,r_87_8_40,r_91_39_48,r_9_141_178,r_87_8_40,1.0,0,40,40,93
46,r_133_104_45,r_132_1_71,r_103_86_148,r_132_1_71,0.77,-25,46,71,93
30,r_115_80_127,seq116,seq81,r_115_80_127,0.54,0,127,127,94
92,seq110,r_109_144_107,seq117,r_109_144_107,1.0,0,107,107,94
14,r_130_108_73,seq131,seq119,r_130_108_73,1.0,0,73,73,94
8,r_15_55_74,r_14_89_120,seq53,r_15_55_74,0.97,0,74,74,94
59,seq16,seq21,r_124_18_58,r_124_18_58,1.0,8,66,58,94
34,r_74_95_22,r_70_40_140,seq97,r_74_95_22,0.88,0,22,22,94
19,r_99_36_120,r_32_101_35,r_111_38_38,r_99_36_120,0.95,0,120,120,94
71,seq46,seq49,r_82_69_140,r_82_69_140,0.67,27,167,140,94
16,r_134_9_75,seq132,r_73_6_51,r_134_9_75,1.0,0,75,75,94
1,r_129_88_135,seq128,r_14_89_120,r_129_88_135,0.98,0,135,135,94
97,seq121,r_122_79_158,seq123,r_122_79_158,0.87,0,158,158,94
42,r_24_86_120,seq16,r_35_85_97,r_24_86_120,0.82,0,120,120,94
49,r_100_125_48,r_99_36_120,seq128,r_100_125_48,0.99,0,48,48,94
45,r_60_23_74,seq59,seq26,r_60_23_74,0.73,0,74,74,94
31,r_1_141_73,seq31,seq139,r_1_141_73,0.95,1,74,73,94
5,r_50_25_29,seq51,seq16,r_50_25_29,0.96,0,29,29,94
11,r_14_89_120,r_24_86_120,r_129_88_135,r_129_88_135,1.0,4,139,135,94
66,seq30,seq31,r_70_40_140,r_70_40_140,1.0,4,144,140,94
33,r_3_17_171,r_4_33_31,seq7,r_4_33_31,0.94,2,33,31,94
9,r_27_133_58,seq16,seq132,r_27_133_58,1.0,0,58,58,94
67,seq31,seq30,r_111_38_38,r_111_38_38,0.97,104,142,38,94
17,r_107_0_79,r_124_18_58,seq117,r_124_18_58,0.81,-13,45,58,94
38,r_66_48_59,seq59,seq49,r_66_48_59,0.9,0,59,59,94
26,r_106_114_117,seq105,r_67_113_16,r_106_114_117,0.89,0,117,117,94
3,r_28_47_18,r_27_133_58,seq49,r_28_47_18,0.92,0,18,18,94
72,seq49,seq51,r_66_48_59,r_66_48_59,0.75,14,73,59,94
0,r_2_68_60,r_1_141_73,seq59,r_2_68_60,0.7,1,61,60,94
11,r_14_89_120,r_15_55_74,r_24_86_120,r_15_55_74,0.88,-1,73,74,94
46,r_4_33_31,r_111_38_38,r_99_36_120,r_99_36_120,0.89,17,137,120,94
20,r_10_140_83,seq11,r_1_141_73,r_10_140_83,0.7,0,83,83,94
46,r_4_33_31,r_35_85_97,r_111_38_38,r_35_85_97,0.75,1,98,97,94
17,r_107_0_79,r_3_17_171,r_20_29_119,r_107_0_79,0.38,56,135,79,94
15,r_112_90_8,r_92_118_120,seq97,r_92_118_120,0.68,0,120,120,94
48,r_41_44_79,seq42,r_93_43_14,r_93_43_14,0.92,64,78,14,94
98,seq123,r_124_18_58,seq117,r_124_18_58,1.0,0,58,58,94
6,r_70_40_140,seq71,r_111_38_38,r_70_40_140,0.46,1,141,140,94
62,seq148,r_149_8_104,seq147,r_149_8_104,1.0,0,104,104,94
21,r_67_113_16,seq117,r_106_114_117,r_67_113_16,0.55,101,117,16,94
85,seq87,r_98_146_116,seq97,r_98_146_116,1.0,-26,90,116,94
10,r_32_101_35,r_99_36_120,seq97,r_99_36_120,0.97,0,120,120,94
27,r_34_78_94,r_35_85_97,seq75,r_34_78_94,0.94,0,94,94,94
19,r_99_36_120,r_100_125_48,r_32_101_35,r_100_125_48,0.52,0,48,48,94
36,r_73_6_51,r_70_40_140,seq5,r_73_6_51,1.0,0,51,51,94
39,r_58_135_35,r_57_13_35,seq137,r_58_135_35,1.0,0,35,35,94
87,seq97,r_96_136_68,r_74_95_22,r_96_136_68,1.0,1,69,68,94
2,r_96_136_68,seq97,seq137,r_96_136_68,1.0,0,68,68,94
47,r_65_120_130,seq59,r_92_118_120,r_65_120_130,0.89,2,132,130,94
40,r_35_85_97,r_34_78_94,seq84,r_35_85_97,0.97,-3,94,97,94
29,r_143_62_82,seq139,seq59,r_143_62_82,1.0,1,83,82,94
13,r_37_126_31,r_34_78_94,seq128,r_37_126_31,0.99,0,31,31,94
25,r_92_118_120,r_112_90_8,seq117,r_112_90_8,0.74,112,120,8,94
46,r_4_33_31,r_3_17_171,r_35_85_97,r_4_33_31,0.96,1,32,31,94
17,r_107_0_79,seq117,r_3_17_171,r_107_0_79,0.34,-1,78,79,94
70,seq45,seq49,r_82_69_140,r_82_69_140,0.74,27,167,140,94
21,r_67_113_16,r_63_56_61,seq117,r_67_113_16,0.86,0,16,16,94
68,seq39,r_41_44_79,r_70_40_140,r_70_40_140,1.0,3,143,140,94
37,r_54_142_27,r_52_77_71,seq139,r_54_142_27,1.0,0,27,27,94
24,r_93_43_14,r_92_118_120,r_41_44_79,r_41_44_79,0.66,-65,14,79,94
4,r_111_38_38,r_124_18_58,seq39,r_111_38_38,0.66,0,38,38,94
10,r_32_101_35,seq31,r_99_36_120,r_32_101_35,0.96,0,35,35,94
31,r_1_141_73,r_2_68_60,seq31,r_1_141_73,0.68,-15,58,73,94
43,r_57_13_35,r_58_135_35,seq12,r_58_135_35,0.51,0,35,35,94
94,seq116,r_115_80_127,seq117,r_115_80_127,0.83,-10,117,127,94
28,r_82_69_140,seq81,seq71,r_82_69_140,0.52,1,141,140,94
91,seq105,r_106_114_117,seq104,r_106_114_117,0.96,-42,75,117,94
41,r_124_18_58,seq123,seq16,r_124_18_58,1.0,0,58,58,94
7,r_52_77_71,seq53,seq76,r_52_77_71,0.96,0,71,71,94
44,r_98_146_116,seq87,seq148,r_98_146_116,0.97,1,117,116,94
82,seq81,r_82_69_140,r_115_80_127,r_115_80_127,0.95,14,141,127,94
12,r_122_79_158,seq121,r_34_78_94,r_122_79_158,0.6,0,158,158,94
84,seq84,seq87,r_35_85_97,r_35_85_97,1.0,0,97,97,94
30,r_35_135_66,r_37_146_99,r_101_148_25,r_101_148_25,1.0,40,65,25,95
51,seq2,r_1_23_104,r_36_0_31,r_1_23_104,0.75,-28,76,104,95
14,r_17_53_154,r_28_9_168,r_32_127_188,r_17_53_154,0.39,-32,122,154,95
39,r_10_39_66,r_37_146_99,r_18_38_72,r_37_146_99,1.0,0,99,99,95
16,r_33_103_170,seq34,r_64_106_154,r_33_103_170,0.83,0,170,170,95
39,r_10_39_66,r_4_130_70,r_37_146_99,r_10_39_66,0.94,0,66,66,95
1,r_133_96_98,seq131,r_70_97_67,r_133_96_98,0.85,1,99,98,95
5,r_20_100_135,r_24_71_180,seq112,r_20_100_135,0.63,-2,133,135,95
42,r_18_38_72,seq31,r_10_39_66,r_10_39_66,0.91,6,72,66,95
24,r_28_9_168,seq31,r_22_8_42,r_28_9_168,0.66,0,168,168,95
89,seq112,seq102,r_94_111_162,r_94_111_162,0.65,1,163,162,95
19,r_41_58_30,seq42,r_123_54_30,r_41_58_30,0.9,1,31,30,95
33,r_3_136_149,r_22_8_42,r_35_135_66,r_3_136_149,0.99,0,149,149,95
41,r_141_6_92,seq142,r_22_8_42,r_141_6_92,1.0,0,92,92,95
3,r_70_97_67,seq72,r_89_98_31,r_70_97_67,0.93,0,67,67,95
46,r_47_124_52,r_20_100_135,r_4_130_70,r_47_124_52,0.54,93,145,52,95
8,r_94_111_162,r_21_93_52,seq112,r_21_93_52,0.81,110,162,52,95
0,r_44_73_143,r_43_50_189,r_92_76_82,r_44_73_143,0.71,1,144,143,95
46,r_47_124_52,r_46_62_148,r_147_5_146,r_47_124_52,0.94,0,52,52,95
46,r_47_124_52,r_147_5_146,r_20_100_135,r_20_100_135,0.75,-1,134,135,95
8,r_94_111_162,r_92_76_82,r_21_93_52,r_21_93_52,0.79,0,52,52,95
49,r_21_93_52,r_94_111_162,r_16_87_84,r_21_93_52,0.53,110,162,52,95
18,r_36_0_31,r_35_135_66,seq2,r_35_135_66,0.81,-35,31,66,95
14,r_17_53_154,r_32_127_188,r_123_54_30,r_17_53_154,0.96,0,154,154,95
2,r_129_25_145,r_4_130_70,seq26,r_129_25_145,0.93,0,145,145,95
63,seq42,r_41_58_30,seq59,r_41_58_30,0.96,1,31,30,95
27,r_138_110_96,r_139_140_137,seq105,r_138_110_96,0.67,0,96,96,95
26,r_56_7_40,seq52,r_22_8_42,r_56_7_40,1.0,1,41,40,95
35,r_37_146_99,r_10_39_66,r_101_148_25,r_37_146_99,1.0,0,99,99,95
45,r_101_148_25,seq102,seq142,r_101_148_25,0.92,0,25,25,95
2,r_129_25_145,r_132_99_84,r_4_130_70,r_4_130_70,0.59,1,71,70,95
47,r_30_137_53,seq31,r_101_148_25,r_30_137_53,1.0,0,53,53,95
40,r_65_75_123,seq66,r_92_76_82,r_92_76_82,0.48,41,123,82,95
36,r_40_79_34,seq85,r_11_80_38,r_40_79_34,0.47,35,69,34,95
29,r_132_99_84,seq131,r_89_98_31,r_132_99_84,0.92,0,84,84,95
36,r_40_79_34,r_35_135_66,seq85,r_40_79_34,1.0,0,34,34,95
25,r_78_57_195,seq82,seq77,r_78_57_195,0.32,-66,129,195,95
20,r_149_14_50,r_129_25_145,seq15,r_149_14_50,0.96,0,50,50,95
33,r_3_136_149,r_10_39_66,r_22_8_42,r_3_136_149,0.77,-83,66,149,95
70,seq61,seq59,r_69_60_46,r_69_60_46,1.0,2,48,46,95
34,r_113_19_175,seq115,r_129_25_145,r_129_25_145,0.75,32,177,145,95
75,seq72,seq67,r_92_76_82,r_92_76_82,0.77,3,85,82,95
60,seq26,r_24_71_180,r_129_25_145,r_129_25_145,0.93,8,153,145,95
17,r_4_130_70,r_1_23_104,r_101_148_25,r_4_130_70,1.0,0,70,70,95
25,r_78_57_195,seq77,r_104_51_134,r_104_51_134,0.66,67,201,134,95
9,r_29_86_71,r_28_9_168,r_11_80_38,r_29_86_71,0.86,0,71,71,95
32,r_89_98_31,seq88,seq95,r_89_98_31,0.5,-1,30,31,95
22,r_16_87_84,seq15,seq88,r_16_87_84,0.96,0,84,84,95
7,r_92_76_82,seq72,r_65_75_123,r_65_75_123,1.0,0,123,123,95
28,r_147_5_146,seq142,r_22_8_42,r_147_5_146,0.78,0,146,146,95
49,r_21_93_52,r_24_71_180,r_94_111_162,r_21_93_52,1.0,0,52,52,95
43,r_69_60_46,seq67,seq61,r_69_60_46,1.0,0,46,46,95
32,r_89_98_31,seq95,r_70_97_67,r_70_97_67,0.94,5,72,67,95
7,r_92_76_82,r_94_111_162,seq72,r_92_76_82,0.73,0,82,82,95
44,r_109_27_158,r_108_74_191,seq31,r_109_27_158,0.72,0,158,158,95
13,r_11_80_38,r_4_130_70,r_40_79_34,r_11_80_38,0.95,0,38,38,95
23,r_1_23_104,seq2,seq26,r_1_23_104,0.98,0,104,104,95
31,r_139_140_137,r_138_110_96,r_101_148_25,r_139_140_137,0.66,-80,57,137,95
35,r_37_146_99,r_35_135_66,r_10_39_66,r_37_146_99,0.96,-33,66,99,95
11,r_22_8_42,r_21_93_52,r_56_7_40,r_22_8_42,1.0,0,42,42,95
30,r_24_8_119,r_26_66_186,seq2,r_24_8_119,0.97,0,119,119,96
51,seq131,r_133_20_58,r_142_132_49,r_133_20_58,0.85,2,60,58,96
17,r_1_54_47,seq15,seq55,r_1_54_47,0.82,0,47,47,96
92,seq112,r_111_147_180,r_97_110_83,r_97_110_83,1.0,97,180,83,96
14,r_139_56_129,seq141,seq60,r_139_56_129,0.99,0,129,129,96
8,r_42_148_163,seq41,seq149,r_42_148_163,0.85,0,163,163,96
53,seq6,r_7_11_189,r_124_5_129,r_124_5_129,1.0,60,189,129,96
43,r_58_18_156,r_61_64_9,r_129_57_57,r_129_57_57,1.0,7,64,57,96
1,r_98_51_32,r_103_107_107,r_52_119_176,r_98_51_32,1.0,0,32,32,96
54,seq135,seq131,r_25_136_76,r_25_136_76,1.0,0,76,76,96
83,seq80,r_79_102_193,r_81_86_153,r_79_102_193,0.8,0,193,193,96
16,r_111_147_180,seq112,r_59_146_1,r_59_146_1,0.78,179,180,1,96
39,r_100_106_198,r_99_14_107,r_22_101_57,r_100_106_198,0.81,-91,107,198,96
1,r_98_51_32,r_52_119_176,seq47,r_52_119_176,0.99,0,176,176,96
5,r_49_72_124,r_52_119_176,seq77,r_49_72_124,0.86,5,129,124,96
42,r_26_66_186,r_24_8_119,r_73_27_112,r_26_66_186,0.95,-67,119,186,96
58,seq15,r_9_137_184,r_130_13_98,r_130_13_98,0.97,-1,97,98,96
80,seq70,r_58_18_156,r_95_71_111,r_95_71_111,0.99,6,117,111,96
32,r_52_119_176,r_98_51_32,r_10_121_21,r_52_119_176,0.92,0,176,176,96
45,r_9_137_184,seq2,r_24_8_119,r_24_8_119,0.99,24,143,119,96
19,r_99_14_107,r_100_106_198,seq15,r_99_14_107,1.0,0,107,107,96
33,r_25_136_76,r_113_134_35,seq135,r_113_134_35,0.56,96,131,35,96
11,r_88_31_30,r_52_119_176,r_3_32_132,r_3_32_132,0.84,0,132,132,96
38,r_23_143_163,r_133_20_58,r_122_145_3,r_23_143_163,0.97,0,163,163,96
39,r_100_106_198,r_22_101_57,r_103_107_107,r_100_106_198,0.48,0,198,198,96
31,r_28_75_187,seq19,r_94_74_72,r_94_74_72,0.99,115,187,72,96
41,r_97_110_83,r_99_14_107,seq112,r_97_110_83,0.98,0,83,83,96
3,r_95_71_111,seq96,seq70,r_95_71_111,1.0,0,111,111,96
10,r_83_39_62,seq84,r_104_40_3,r_83_39_62,0.99,0,62,62,96
78,seq67,r_68_37_166,seq69,r_68_37_166,0.54,0,166,166,96
15,r_130_13_98,r_128_125_98,seq15,r_130_13_98,0.97,0,98,98,96
48,r_46_78_171,seq47,seq77,r_46_78_171,0.55,0,171,171,96
6,r_126_105_117,r_128_125_98,r_103_107_107,r_103_107_107,0.59,9,116,107,96
4,r_65_44_52,r_61_64_9,seq36,r_65_44_52,0.98,0,52,52,96
36,r_129_57_57,r_58_18_156,seq60,r_58_18_156,1.0,0,156,156,96
29,r_73_27_112,seq62,seq76,r_73_27_112,0.28,-89,23,112,96
84,seq84,r_83_39_62,r_0_89_5,r_83_39_62,1.0,-12,50,62,96
2,r_103_107_107,r_99_14_107,r_126_105_117,r_103_107_107,0.88,0,107,107,96
47,r_124_5_129,seq123,seq2,r_124_5_129,0.94,0,129,129,96
40,r_94_74_72,seq93,seq77,r_94_74_72,1.0,0,72,72,96
74,seq55,seq53,r_1_54_47,r_1_54_47,1.0,13,60,47,96
18,r_12_116_67,seq15,seq118,r_12_116_67,1.0,0,67,67,96
24,r_45_50_162,r_46_78_171,r_65_44_52,r_65_44_52,0.49,110,162,52,96
34,r_133_20_58,r_23_143_163,r_30_21_141,r_23_143_163,1.0,0,163,163,96
36,r_129_57_57,r_130_13_98,r_58_18_156,r_129_57_57,1.0,0,57,57,96
25,r_68_37_166,seq67,r_65_44_52,r_65_44_52,0.97,114,166,52,96
43,r_58_18_156,r_129_57_57,r_30_21_141,r_58_18_156,0.96,0,156,156,96
33,r_25_136_76,r_26_66_186,r_113_134_35,r_25_136_76,0.95,0,76,76,96
9,r_22_101_57,r_23_143_163,r_100_106_198,r_22_101_57,1.0,0,57,57,96
50,seq2,r_3_32_132,r_124_5_129,r_124_5_129,0.58,3,132,129,96
58,seq15,r_12_116_67,r_9_137_184,r_12_116_67,0.98,0,67,67,96
22,r_10_121_21,r_1_54_47,seq123,r_10_121_21,1.0,0,21,21,96
21,r_113_134_35,seq135,r_25_136_76,r_25_136_76,1.0,-1,75,76,96
20,r_85_82_22,r_0_89_5,seq84,r_0_89_5,0.46,144,149,5,96
42,r_26_66_186,r_73_27_112,r_61_64_9,r_26_66_186,0.87,0,186,186,96
61,seq19,r_26_66_186,r_30_21_141,r_26_66_186,0.97,-42,144,186,96
32,r_52_119_176,r_49_72_124,r_98_51_32,r_52_119_176,0.79,-106,70,176,96
34,r_133_20_58,seq131,r_23_143_163,r_133_20_58,1.0,2,60,58,96
11,r_88_31_30,r_83_39_62,r_52_119_176,r_52_119_176,0.88,-146,30,176,96
45,r_9_137_184,r_24_8_119,r_25_136_76,r_9_137_184,0.88,0,184,184,96
13,r_142_132_49,seq144,seq131,r_142_132_49,0.96,0,49,49,96
28,r_108_87_74,r_0_89_5,seq84,r_108_87_74,0.53,72,146,74,96
29,r_73_27_112,seq76,r_26_66_186,r_73_27_112,0.58,0,112,112,96
28,r_108_87_74,seq109,r_0_89_5,r_108_87_74,0.89,0,74,74,96
49,r_79_102_193,seq80,r_22_101_57,r_22_101_57,0.89,136,193,57,96
20,r_85_82_22,r_83_39_62,r_0_89_5,r_83_39_62,0.96,-39,23,62,96
7,r_3_32_132,seq2,r_88_31_30,r_3_32_132,0.81,0,132,132,96
29,r_73_27_112,r_26_66_186,r_30_21_141,r_26_66_186,0.73,0,186,186,96
38,r_23_143_163,r_22_101_57,r_133_20_58,r_23_143_163,0.99,-105,58,163,96
12,r_81_86_153,seq80,seq84,r_81_86_153,0.23,0,153,153,96
30,r_134_74_165,seq137,r_133_75_124,r_133_75_124,0.63,41,165,124,97
51,seq2,r_7_113_84,seq3,r_7_113_84,0.98,-13,71,84,97
50,seq0,r_1_87_21,r_30_112_178,r_1_87_21,0.95,0,21,21,97
8,r_102_110_49,seq107,r_58_108_52,r_58_108_52,1.0,75,127,52,97
38,r_54_116_83,seq73,r_61_62_50,r_54_116_83,0.4,-20,63,83,97
37,r_71_145_106,seq72,r_127_144_32,r_71_145_106,0.91,0,106,106,97
55,seq6,r_7_113_84,seq5,r_7_113_84,1.0,0,84,84,97
71,seq44,r_41_125_147,seq45,r_41_125_147,0.82,0,147,147,97
16,r_43_16_91,seq44,r_28_15_43,r_43_16_91,1.0,0,91,91,97
39,r_126_106_171,r_128_80_173,r_123_111_77,r_123_111_77,1.0,96,173,77,97
1,r_149_32_82,r_36_77_176,r_29_35_48,r_36_77_176,0.8,-26,150,176,97
1,r_149_32_82,seq142,r_36_77_176,r_149_32_82,0.98,0,82,82,97
24,r_36_77_176,r_60_37_16,r_76_78_69,r_76_78_69,0.75,107,176,69,97
43,r_29_35_48,r_30_112_178,r_60_37_16,r_29_35_48,1.0,1,49,48,97
31,r_122_105_64,seq121,seq103,r_122_105_64,1.0,0,64,64,97
3,r_30_112_178,r_21_22_20,r_117_114_67,r_21_22_20,0.28,157,177,20,97
45,r_60_37_16,r_61_62_50,r_36_77_176,r_60_37_16,0.68,0,16,16,97
86,seq86,seq85,r_1_87_21,r_1_87_21,0.94,31,52,21,97
26,r_33_147_77,r_36_77_176,r_135_146_8,r_33_147_77,1.0,0,77,77,97
14,r_64_92_10,seq93,r_115_91_117,r_115_91_117,1.0,4,121,117,97
4,r_141_109_180,seq140,r_39_99_116,r_39_99_116,0.71,60,176,116,97
15,r_28_15_43,r_14_11_56,r_43_16_91,r_43_16_91,1.0,4,95,91,97
63,seq18,r_14_11_56,r_28_15_43,r_14_11_56,0.51,42,98,56,97
73,seq47,seq45,r_52_49_63,r_52_49_63,1.0,12,75,63,97
11,r_124_31_165,r_128_80_173,r_21_22_20,r_128_80_173,0.51,-8,165,173,97
46,r_58_108_52,r_61_62_50,seq103,r_58_108_52,1.0,0,52,52,97
20,r_50_65_122,seq51,seq63,r_50_65_122,0.87,0,122,122,97
13,r_10_129_166,r_57_8_41,r_55_130_5,r_10_129_166,0.73,0,166,166,97
6,r_52_49_63,r_53_139_160,seq47,r_52_49_63,1.0,0,63,63,97
15,r_28_15_43,r_30_112_178,r_14_11_56,r_28_15_43,0.32,2,45,43,97
99,seq121,r_128_80_173,seq136,r_128_80_173,0.72,0,173,173,97
87,seq88,r_101_9_175,r_39_99_116,r_39_99_116,0.63,59,175,116,97
91,seq97,seq100,r_42_98_22,r_42_98_22,1.0,0,22,22,97
27,r_133_75_124,seq132,seq73,r_133_75_124,0.89,1,125,124,97
2,r_117_114_67,r_115_91_117,r_54_116_83,r_54_116_83,0.59,34,117,83,97
47,r_76_78_69,seq73,seq79,r_76_78_69,0.81,2,71,69,97
74,seq51,r_50_65_122,r_53_139_160,r_50_65_122,0.54,0,122,122,97
18,r_17_90_149,seq18,seq89,r_17_90_149,0.98,0,149,149,97
24,r_36_77_176,r_33_147_77,r_60_37_16,r_36_77_176,0.5,-156,20,176,97
0,r_34_69_15,r_33_147_77,seq68,r_34_69_15,0.44,0,15,15,97
19,r_19_81_41,r_13_96_71,seq82,r_19_81_41,1.0,0,41,41,97
33,r_7_113_84,seq6,r_117_114_67,r_7_113_84,0.99,0,84,84,97
13,r_10_129_166,r_30_112_178,r_57_8_41,r_57_8_41,1.0,-1,40,41,97
88,seq89,seq93,r_64_92_10,r_64_92_10,0.84,113,123,10,97
70,seq40,r_39_99_116,seq44,r_39_99_116,0.66,0,116,116,97
35,r_42_98_22,r_41_125_147,seq97,r_42_98_22,1.0,1,23,22,97
65,seq20,r_30_112_178,r_28_15_43,r_28_15_43,0.72,144,187,43,97
42,r_84_46_8,r_101_9_175,seq47,r_84_46_8,0.94,2,10,8,97
14,r_64_92_10,r_61_62_50,seq93,r_64_92_10,0.92,0,10,10,97
32,r_41_125_147,seq44,seq120,r_41_125_147,0.75,0,147,147,97
40,r_57_8_41,r_61_62_50,r_10_129_166,r_57_8_41,1.0,0,41,41,97
77,seq63,r_61_62_50,r_50_65_122,r_50_65_122,0.87,0,122,122,97
34,r_95_148_109,seq93,r_33_147_77,r_95_148_109,0.91,0,109,109,97
45,r_60_37_16,r_36_77_176,r_29_35_48,r_29_35_48,1.0,128,176,48,97
81,seq72,seq73,r_119_70_21,r_119_70_21,0.99,43,64,21,97
7,r_1_87_21,seq0,seq86,r_1_87_21,1.0,0,21,21,97
17,r_13_96_71,r_17_90_149,seq93,r_13_96_71,0.91,0,71,71,97
21,r_119_70_21,seq73,seq72,r_119_70_21,0.5,44,65,21,97
9,r_101_9_175,r_102_110_49,r_57_8_41,r_57_8_41,0.57,135,176,41,97
21,r_119_70_21,r_124_31_165,seq73,r_119_70_21,0.94,0,21,21,97
50,seq0,r_30_112_178,seq4,r_30_112_178,0.64,-74,104,178,97
96,seq140,r_141_109_180,r_33_147_77,r_33_147_77,1.0,103,180,77,97
28,r_53_139_160,seq51,r_33_147_77,r_53_139_160,0.99,0,160,160,97
22,r_115_91_117,r_117_114_67,r_64_92_10,r_115_91_117,0.83,0,117,117,97
28,r_53_139_160,r_52_49_63,seq51,r_52_49_63,1.0,0,63,63,97
74,seq51,r_53_139_160,r_76_78_69,r_53_139_160,0.97,2,162,160,97
49,r_128_80_173,r_126_106_171,r_76_78_69,r_128_80_173,0.55,0,173,173,97
88,seq89,r_64_92_10,r_17_90_149,r_17_90_149,1.0,0,149,149,97
41,r_127_144_32,r_124_31_165,seq142,r_127_144_32,0.88,0,32,32,97
82,seq73,seq67,r_133_75_124,r_133_75_124,1.0,5,129,124,97
38,r_54_116_83,r_61_62_50,r_117_114_67,r_54_116_83,0.98,0,83,83,97
12,r_123_111_77,r_124_31_165,r_122_105_64,r_124_31_165,1.0,-88,77,165,97
84,seq82,r_83_48_164,r_19_81_41,r_19_81_41,0.99,123,164,41,97
11,r_0_109_168,r_7_2_92,seq110,r_0_109_168,0.97,0,168,168,98
14,r_103_10_187,seq102,r_4_11_202,r_4_11_202,0.83,-15,187,202,98
8,r_70_39_138,seq71,r_121_40_15,r_70_39_138,0.83,0,138,138,98
69,seq38,r_42_130_201,r_121_40_15,r_121_40_15,1.0,18,33,15,98
71,seq44,r_42_130_201,r_15_43_136,r_15_43_136,0.97,13,149,136,98
16,r_111_22_206,r_112_89_182,seq123,r_111_22_206,0.45,-134,72,206,98
5,r_99_34_115,r_91_55_174,r_121_40_15,r_99_34_115,0.89,0,115,115,98
45,r_75_148_58,r_74_100_192,seq147,r_75_148_58,0.99,0,58,58,98
24,r_63_138_27,seq62,seq139,r_63_138_27,0.98,0,27,27,98
80,seq69,r_67_65_108,seq71,r_67_65_108,0.61,0,108,108,98
32,r_66_96_30,r_99_34_115,r_30_98_67,r_66_96_30,0.99,81,111,30,98
19,r_144_46_157,seq146,r_56_53_41,r_144_46_157,0.91,0,157,157,98
15,r_142_35_138,r_86_143_25,r_36_118_184,r_142_35_138,1.0,0,138,138,98
38,r_13_58_171,r_127_12_11,r_51_64_175,r_13_58_171,0.65,0,171,171,98
39,r_7_2_92,r_0_109_168,r_4_11_202,r_0_109_168,0.98,2,170,168,98
31,r_131_21_84,seq133,seq20,r_131_21_84,1.0,0,84,84,98
41,r_47_80_127,seq48,seq83,r_47_80_127,0.98,1,128,127,98
26,r_127_12_11,r_121_40_15,r_13_58_171,r_13_58_171,0.85,-160,11,171,98
42,r_86_143_25,r_88_78_49,r_142_35_138,r_86_143_25,0.97,0,25,25,98
90,seq102,r_103_10_187,r_81_101_107,r_103_10_187,0.28,0,187,187,98
89,seq94,seq90,r_140_93_16,r_140_93_16,0.93,16,32,16,98
18,r_36_118_184,seq32,r_142_35_138,r_142_35_138,1.0,0,138,138,98
72,seq48,r_47_80_127,seq50,r_47_80_127,1.0,0,127,127,98
0,r_30_98_67,r_31_104_175,r_99_34_115,r_30_98_67,1.0,0,67,67,98
73,seq50,r_49_61_173,r_56_53_41,r_56_53_41,0.66,134,175,41,98
11,r_0_109_168,r_1_68_145,r_7_2_92,r_0_109_168,0.58,-23,145,168,98
96,seq147,r_149_141_7,r_142_35_138,r_149_141_7,0.5,37,44,7,98
13,r_8_95_90,seq9,r_66_96_30,r_8_95_90,1.0,0,90,90,98
15,r_142_35_138,r_144_46_157,r_86_143_25,r_86_143_25,0.52,44,69,25,98
48,r_1_68_145,r_0_109_168,seq69,r_1_68_145,0.9,0,145,145,98
6,r_15_43_136,seq16,seq44,r_15_43_136,0.62,0,136,136,98
62,seq20,seq19,r_131_21_84,r_131_21_84,1.0,9,93,84,98
15,r_142_35_138,r_36_118_184,r_99_34_115,r_36_118_184,1.0,0,184,184,98
0,r_30_98_67,r_99_34_115,r_66_96_30,r_99_34_115,1.0,0,115,115,98
85,seq83,r_82_106_136,r_88_78_49,r_82_106_136,1.0,0,136,136,98
36,r_84_117_27,r_120_18_180,r_145_119_126,r_145_119_126,0.92,4,130,126,98
27,r_97_115_61,r_99_34_115,seq126,r_97_115_61,1.0,1,62,61,98
23,r_79_5_46,r_88_78_49,seq6,r_79_5_46,1.0,0,46,46,98
36,r_84_117_27,r_88_78_49,r_120_18_180,r_84_117_27,0.99,0,27,27,98
40,r_137_124_76,seq139,seq125,r_137_124_76,0.96,0,76,76,98
18,r_36_118_184,r_42_130_201,seq32,r_36_118_184,0.2,-100,84,184,98
25,r_128_113_116,seq123,seq114,r_128_113_116,0.61,0,116,116,98
88,seq92,r_91_55_174,seq90,r_91_55_174,0.76,-96,78,174,98
33,r_23_59_53,seq24,seq60,r_23_59_53,1.0,0,53,53,98
2,r_56_53_41,seq62,seq52,r_56_53_41,0.33,7,48,41,98
42,r_86_143_25,r_142_35_138,seq146,r_142_35_138,0.99,0,138,138,98
18,r_36_118_184,r_142_35_138,r_84_117_27,r_36_118_184,0.65,0,184,184,98
47,r_87_28_27,r_88_78_49,seq33,r_87_28_27,0.94,0,27,27,98
34,r_74_100_192,seq73,r_81_101_107,r_81_101_107,0.56,85,192,107,98
17,r_31_104_175,r_30_98_67,seq32,r_30_98_67,1.0,0,67,67,98
9,r_3_45_119,r_4_11_202,seq48,r_3_45_119,0.97,0,119,119,98
1,r_29_122_21,r_36_118_184,seq126,r_29_122_21,0.97,-6,15,21,98
26,r_127_12_11,r_13_58_171,seq16,r_13_58_171,0.99,0,171,171,98
32,r_66_96_30,r_67_65_108,r_99_34_115,r_66_96_30,0.92,0,30,30,98
35,r_121_40_15,r_120_18_180,seq38,r_121_40_15,0.99,0,15,15,98
28,r_27_72_136,seq26,seq71,r_27_72_136,0.9,0,136,136,98
49,r_67_65_108,seq69,seq71,r_67_65_108,0.66,0,108,108,98
56,seq139,seq136,r_63_138_27,r_63_138_27,0.99,92,119,27,98
7,r_81_101_107,seq83,r_66_96_30,r_66_96_30,0.98,79,109,30,98
44,r_145_119_126,r_144_46_157,r_84_117_27,r_145_119_126,0.92,0,126,126,98
17,r_31_104_175,seq32,r_82_106_136,r_31_104_175,0.9,-1,174,175,98
82,seq73,r_74_100_192,seq76,r_74_100_192,0.71,0,192,192,98
10,r_140_93_16,seq132,seq94,r_140_93_16,0.61,0,16,16,98
38,r_13_58_171,seq16,r_127_12_11,r_127_12_11,0.6,30,41,11,98
12,r_82_106_136,seq83,seq107,r_82_106_136,0.97,0,136,136,98
30,r_80_12_66,r_81_42_128,seq13,r_80_12_66,0.99,0,66,66,99
44,r_81_42_128,r_19_78_8,r_23_41_37,r_81_42_128,0.64,0,128,128,99
8,r_36_5_150,seq37,seq4,r_36_5_150,0.52,0,150,150,99
43,r_51_140_66,seq50,seq149,r_51_140_66,0.95,0,66,66,99
94,seq109,r_110_44_27,r_105_112_46,r_110_44_27,1.0,-2,25,27,99
95,seq114,r_113_46_35,seq127,r_113_46_35,1.0,0,35,35,99
19,r_62_124_118,r_145_63_5,r_66_123_48,r_145_63_5,1.0,113,118,5,99
4,r_43_147_165,r_110_44_27,seq148,r_43_147_165,0.97,0,165,165,99
86,seq85,r_86_90_129,seq84,r_86_90_129,1.0,0,129,129,99
16,r_24_87_1,r_91_60_137,r_83_89_91,r_83_89_91,0.59,2,93,91,99
1,r_135_134_93,r_52_133_30,r_1_131_24,r_135_134_93,0.39,60,153,93,99
1,r_135_134_93,r_136_49_90,r_52_133_30,r_135_134_93,0.95,-2,91,93,99
28,r_111_56_154,seq109,r_105_112_46,r_105_112_46,0.56,5,51,46,99
24,r_47_100_150,r_113_46_35,r_146_106_99,r_47_100_150,0.96,0,150,150,99
0,r_113_46_35,seq114,r_47_100_150,r_113_46_35,1.0,0,35,35,99
43,r_51_140_66,seq149,r_62_124_118,r_51_140_66,0.49,51,117,66,99
5,r_58_26_30,seq57,seq9,r_58_26_30,0.98,0,30,30,99
72,seq40,r_43_147_165,r_81_42_128,r_81_42_128,0.72,4,132,128,99
35,r_145_63_5,r_136_49_90,r_91_60_137,r_91_60_137,0.98,5,142,137,99
2,r_91_60_137,r_92_108_151,r_24_87_1,r_92_108_151,0.4,-135,16,151,99
4,r_43_147_165,seq40,r_110_44_27,r_110_44_27,0.98,97,124,27,99
74,seq50,r_113_46_35,r_136_49_90,r_136_49_90,1.0,2,92,90,99
11,r_146_106_99,seq149,seq103,r_146_106_99,0.99,0,99,99,99
20,r_122_101_159,r_125_54_61,r_66_123_48,r_122_101_159,0.94,-98,61,159,99
12,r_139_98_50,r_137_102_140,seq99,r_139_98_50,1.0,0,50,50,99
13,r_14_61_147,seq17,r_91_60_137,r_14_61_147,0.75,0,147,147,99
15,r_1_131_24,seq0,r_135_134_93,r_1_131_24,0.96,0,24,24,99
6,r_128_71_70,seq127,seq77,r_128_71_70,1.0,0,70,70,99
85,seq84,r_83_89_91,r_86_90_129,r_83_89_91,1.0,0,91,91,99
27,r_107_35_33,seq109,seq34,r_107_35_33,1.0,0,33,33,99
2,r_91_60_137,r_24_87_1,r_145_63_5,r_91_60_137,0.94,0,137,137,99
99,seq127,r_128_71_70,r_15_129_7,r_128_71_70,1.0,0,70,70,99
49,r_132_72_78,r_52_133_30,r_128_71_70,r_52_133_30,0.97,48,78,30,99
0,r_113_46_35,r_47_100_150,seq48,r_47_100_150,1.0,-14,136,150,99
36,r_25_138_37,r_137_102_140,r_1_131_24,r_137_102_140,0.91,0,140,140,99
61,seq144,r_143_118_37,r_130_141_11,r_130_141_11,0.73,0,11,11,99
41,r_137_102_140,r_25_138_37,r_146_106_99,r_25_138_37,0.61,103,140,37,99
47,r_125_54_61,r_122_101_159,seq57,r_125_54_61,1.0,0,61,61,99
37,r_16_142_53,seq17,r_130_141_11,r_16_142_53,1.0,0,53,53,99
40,r_116_31_119,r_120_79_177,r_88_32_6,r_116_31_119,0.97,0,119,119,99
18,r_136_49_90,r_135_134_93,seq50,r_136_49_90,1.0,1,91,90,99
24,r_47_100_150,seq48,r_113_46_35,r_113_46_35,1.0,30,65,35,99
45,r_23_41_37,seq22,r_110_44_27,r_23_41_37,1.0,2,39,37,99
35,r_145_63_5,r_62_124_118,r_136_49_90,r_145_63_5,0.54,113,118,5,99
25,r_88_32_6,seq28,r_116_31_119,r_116_31_119,1.0,2,121,119,99
48,r_110_44_27,r_43_147_165,r_97_45_127,r_110_44_27,0.6,103,130,27,99
42,r_105_112_46,seq104,r_111_56_154,r_105_112_46,0.78,1,47,46,99
39,r_52_133_30,seq53,r_132_72_78,r_52_133_30,0.96,0,30,30,99
20,r_122_101_159,r_66_123_48,r_137_102_140,r_66_123_48,0.94,111,159,48,99
3,r_115_76_15,r_120_79_177,seq77,r_115_76_15,0.92,0,15,15,99
42,r_105_112_46,r_111_56_154,r_92_108_151,r_105_112_46,0.8,107,153,46,99
14,r_65_27_10,r_62_124_118,seq28,r_65_27_10,0.94,0,10,10,99
38,r_93_67_20,seq94,seq68,r_93_67_20,1.0,1,21,20,99
48,r_110_44_27,seq109,r_43_147_165,r_110_44_27,0.95,0,27,27,99
22,r_66_123_48,seq68,seq121,r_66_123_48,1.0,0,48,48,99
34,r_82_21_93,seq84,seq20,r_82_21_93,1.0,0,93,93,99
36,r_25_138_37,seq28,r_137_102_140,r_25_138_37,1.0,0,37,37,99
66,seq22,r_23_41_37,seq9,r_23_41_37,0.63,1,38,37,99
9,r_83_89_91,r_82_21_93,r_24_87_1,r_83_89_91,1.0,0,91,91,99
85,seq84,r_86_90_129,seq85,r_86_90_129,1.0,1,130,129,99
32,r_130_141_11,r_128_71_70,seq144,r_130_141_11,1.0,0,11,11,99
39,r_52_133_30,r_132_72_78,r_135_134_93,r_132_72_78,1.0,0,78,78,99
28,r_111_56_154,r_105_112_46,r_125_54_61,r_111_56_154,0.99,0,154,154,99
49,r_132_72_78,r_135_134_93,r_52_133_30,r_52_133_30,1.0,0,30,30,99
29,r_19_78_8,r_81_42_128,r_115_76_15,r_19_78_8,0.48,120,128,8,99
91,seq99,seq96,r_139_98_50,r_139_98_50,1.0,15,65,50,99
10,r_143_118_37,seq144,seq117,r_143_118_37,1.0,0,37,37,99
7,r_29_126_170,seq28,r_143_118_37,r_29_126_170,0.68,0,170,170,99
44,r_81_42_128,r_80_12_66,r_19_78_8,r_80_12_66,1.0,0,66,66,99
43,r_51_140_66,r_62_124_118,seq148,r_51_140_66,0.47,81,147,66,99
23,r_30_73_165,r_29_126_170,r_128_71_70,r_30_73_165,0.52,0,165,165,99
41,r_137_102_140,r_135_134_93,r_25_138_37,r_25_138_37,1.0,3,40,37,99
5,r_58_26_30,seq17,r_65_27_10,r_58_26_30,0.5,87,117,30,99
