47,r_61_81_19,r_60_4_146,seq83,r_61_81_19,0.87,0,19,19,0
25,r_149_87_84,seq147,r_39_148_7,r_39_148_7,0.98,11,18,7,0
14,r_24_58_153,seq23,seq56,r_24_58_153,0.89,0,153,153,0
5,r_89_1_26,r_100_42_61,seq2,r_89_1_26,1.0,0,26,26,0
8,r_9_17_119,r_7_68_178,seq21,r_9_17_119,0.81,0,119,119,0
71,seq55,seq35,r_73_53_11,r_73_53_11,0.7,137,148,11,0
16,r_0_141_95,seq2,r_124_142_50,r_0_141_95,1.0,0,95,95,0
42,r_106_65_99,seq105,seq63,r_106_65_99,0.97,0,99,99,0
30,r_15_125_8,r_104_50_171,r_64_135_102,r_104_50_171,0.72,-48,123,171,0
24,r_73_53_11,r_75_45_171,seq46,r_73_53_11,0.81,0,11,11,0
4,r_80_94_25,seq78,seq95,r_80_94_25,0.98,0,25,25,0
32,r_64_135_102,r_136_146_71,seq133,r_136_146_71,0.47,91,162,71,0
7,r_102_13_125,seq110,seq26,r_102_13_125,0.98,0,125,125,0
38,r_59_10_55,r_60_4_146,r_16_8_21,r_59_10_55,0.78,-1,54,55,0
66,seq44,seq46,r_100_42_61,r_100_42_61,1.0,5,66,61,0
36,r_121_137_11,r_124_142_50,r_70_138_91,r_70_138_91,0.62,0,91,91,0
39,r_145_19_142,r_43_144_8,r_9_17_119,r_145_19_142,0.97,0,142,142,0
31,r_69_119_95,seq83,seq118,r_69_119_95,0.97,0,95,95,0
3,r_75_45_171,r_76_74_28,r_73_53_11,r_73_53_11,0.39,160,171,11,0
20,r_107_131_28,r_104_50_171,seq128,r_107_131_28,0.99,0,28,28,0
26,r_134_115_175,seq133,r_69_119_95,r_134_115_175,0.49,2,177,175,0
30,r_15_125_8,r_121_137_11,r_104_50_171,r_15_125_8,0.66,13,21,8,0
11,r_27_40_166,seq26,seq35,r_27_40_166,0.75,0,166,166,0
15,r_70_138_91,seq71,r_121_137_11,r_70_138_91,1.0,0,91,91,0
48,r_129_77_92,seq128,r_76_74_28,r_129_77_92,1.0,0,92,92,0
44,r_54_88_8,seq44,seq91,r_54_88_8,0.9,3,11,8,0
6,r_60_4_146,seq57,seq5,r_60_4_146,0.96,0,146,146,0
36,r_121_137_11,r_149_87_84,r_124_142_50,r_124_142_50,0.69,34,84,50,0
7,r_102_13_125,r_103_123_93,seq110,r_102_13_125,0.34,-86,39,125,0
27,r_90_34_116,seq91,seq37,r_90_34_116,0.9,1,117,116,0
36,r_121_137_11,r_102_13_125,r_149_87_84,r_121_137_11,0.55,4,15,11,0
1,r_97_82_49,r_98_52_81,r_61_81_19,r_97_82_49,1.0,0,49,49,0
2,r_98_52_81,r_101_18_154,r_73_53_11,r_98_52_81,0.99,1,82,81,0
40,r_103_123_93,r_102_13_125,seq122,r_102_13_125,1.0,-23,102,125,0
29,r_101_18_154,seq91,r_145_19_142,r_101_18_154,0.43,0,154,154,0
34,r_39_148_7,r_149_87_84,seq147,r_149_87_84,1.0,0,84,84,0
88,seq105,r_104_50_171,seq109,r_104_50_171,1.0,0,171,171,0
74,seq139,r_39_148_7,r_124_142_50,r_124_142_50,0.88,14,64,50,0
32,r_64_135_102,seq63,r_136_146_71,r_64_135_102,0.98,0,102,102,0
21,r_96_12_38,r_97_82_49,seq11,r_96_12_38,1.0,0,38,38,0
17,r_22_72_86,seq21,seq71,r_22_72_86,1.0,0,86,86,0
25,r_149_87_84,r_39_148_7,seq91,r_149_87_84,1.0,0,84,84,0
46,r_20_143_23,r_22_72_86,r_43_144_8,r_20_143_23,1.0,1,24,23,0
9,r_28_93_96,r_27_40_166,r_80_94_25,r_28_93_96,1.0,0,96,96,0
22,r_76_74_28,r_75_45_171,r_129_77_92,r_129_77_92,1.0,71,163,92,0
28,r_132_62_70,r_134_115_175,seq63,r_132_62_70,1.0,0,70,70,0
56,seq21,r_22_72_86,seq23,r_22_72_86,0.88,0,86,86,0
18,r_43_144_8,r_145_19_142,r_20_143_23,r_43_144_8,0.96,134,142,8,0
23,r_104_50_171,seq105,seq49,r_104_50_171,0.73,0,171,171,0
47,r_61_81_19,seq83,r_97_82_49,r_97_82_49,0.78,28,77,49,0
10,r_124_142_50,seq120,seq139,r_124_142_50,1.0,3,53,50,0
74,seq139,r_145_19_142,r_39_148_7,r_39_148_7,0.94,4,11,7,0
35,r_111_140_158,seq112,seq139,r_111_140_158,0.77,0,158,158,0
12,r_100_42_61,r_101_18_154,seq44,r_100_42_61,1.0,0,61,61,0
23,r_54_70_82,r_56_116_38,seq149,r_54_70_82,0.73,-44,38,82,1
51,seq5,r_4_53_98,r_89_3_8,r_4_53_98,1.0,-1,97,98,1
14,r_35_72_165,seq34,r_54_70_82,r_35_72_165,0.53,1,166,165,1
8,r_40_140_163,r_42_52_110,r_92_45_45,r_92_45_45,0.43,61,106,45,1
43,r_118_141_129,seq119,r_12_139_94,r_118_141_129,0.8,1,130,129,1
99,seq149,r_137_93_103,seq147,r_137_93_103,1.0,-43,60,103,1
37,r_96_85_104,seq99,seq86,r_96_85_104,0.54,3,107,104,1
49,r_88_78_30,seq86,seq79,r_88_78_30,1.0,1,31,30,1
21,r_80_51_68,seq79,r_38_55_71,r_80_51_68,0.99,0,68,68,1
39,r_38_55_71,seq39,r_80_51_68,r_38_55_71,1.0,0,71,71,1
1,r_0_75_124,r_2_14_176,seq79,r_0_75_124,0.89,0,124,124,1
5,r_58_41_137,seq59,r_92_45_45,r_58_41_137,0.84,1,138,137,1
42,r_57_97_108,seq59,r_25_98_104,r_57_97_108,0.98,0,108,108,1
7,r_4_53_98,r_89_3_8,r_38_55_71,r_89_3_8,1.0,90,98,8,1
15,r_129_47_42,r_126_91_135,seq48,r_129_47_42,1.0,0,42,42,1
98,seq124,seq123,r_66_127_5,r_66_127_5,0.55,37,42,5,1
19,r_64_50_96,r_62_44_142,r_80_51_68,r_64_50_96,0.65,0,96,96,1
33,r_71_133_171,r_101_73_8,r_77_125_126,r_101_73_8,0.31,165,173,8,1
11,r_6_31_44,r_30_113_172,seq37,r_30_113_172,0.92,0,172,172,1
39,r_38_55_71,r_80_51_68,r_4_53_98,r_4_53_98,0.97,24,122,98,1
17,r_56_116_38,r_54_70_82,r_148_115_21,r_56_116_38,1.0,1,39,38,1
76,seq63,r_62_44_142,r_138_61_7,r_62_44_142,0.96,0,142,142,1
41,r_90_121_66,seq99,seq122,r_90_121_66,0.98,0,66,66,1
10,r_18_117_131,seq19,r_56_116_38,r_18_117_131,0.99,0,131,131,1
26,r_108_82_80,r_107_130_106,seq84,r_108_82_80,1.0,0,80,80,1
72,seq39,r_38_55_71,r_40_140_163,r_38_55_71,1.0,0,71,71,1
23,r_54_70_82,seq149,r_80_51_68,r_54_70_82,0.36,-27,55,82,1
9,r_1_132_25,r_2_14_176,seq131,r_1_132_25,1.0,0,25,25,1
0,r_25_98_104,seq24,seq99,r_25_98_104,0.99,0,104,104,1
13,r_12_139_94,seq13,seq144,r_12_139_94,1.0,1,95,94,1
54,seq9,r_7_128_27,seq15,r_7_128_27,0.93,0,27,27,1
85,seq99,r_96_85_104,r_25_98_104,r_25_98_104,1.0,3,107,104,1
27,r_2_14_176,seq5,r_95_32_34,r_95_32_34,0.69,141,175,34,1
11,r_6_31_44,seq5,r_30_113_172,r_6_31_44,0.76,0,44,44,1
27,r_2_14_176,r_0_75_124,seq5,r_0_75_124,0.95,0,124,124,1
30,r_11_69_7,r_71_133_171,r_54_70_82,r_54_70_82,1.0,70,152,82,1
97,seq123,seq124,r_66_127_5,r_66_127_5,0.4,47,52,5,1
36,r_7_128_27,seq9,r_66_127_5,r_7_128_27,1.0,0,27,27,1
2,r_43_94_124,seq48,r_137_93_103,r_43_94_124,0.97,0,124,124,1
47,r_16_49_128,seq17,r_129_47_42,r_129_47_42,1.0,86,128,42,1
46,r_67_142_37,seq68,seq144,r_67_142_37,1.0,0,37,37,1
33,r_71_133_171,r_58_41_137,r_101_73_8,r_101_73_8,0.57,3,11,8,1
29,r_120_36_127,seq122,seq37,r_120_36_127,0.9,0,127,127,1
35,r_148_115_21,r_118_141_129,r_56_116_38,r_148_115_21,0.86,28,49,21,1
24,r_137_93_103,r_143_145_20,r_25_98_104,r_137_93_103,0.89,0,103,103,1
48,r_30_113_172,r_35_72_165,r_6_31_44,r_6_31_44,0.65,5,49,44,1
25,r_29_46_164,r_35_72_165,r_129_47_42,r_129_47_42,0.92,122,164,42,1
48,r_30_113_172,r_6_31_44,r_18_117_131,r_6_31_44,0.79,130,174,44,1
38,r_62_44_142,seq63,r_92_45_45,r_62_44_142,0.74,0,142,142,1
52,seq134,r_135_8_189,r_77_125_126,r_77_125_126,0.98,43,169,126,1
34,r_107_130_106,seq109,r_66_127_5,r_107_130_106,0.45,0,106,106,1
99,seq149,r_148_115_21,r_137_93_103,r_148_115_21,0.74,1,22,21,1
45,r_89_3_8,r_4_53_98,seq5,r_4_53_98,1.0,0,98,98,1
21,r_80_51_68,r_38_55_71,r_42_52_110,r_42_52_110,1.0,12,122,110,1
31,r_101_73_8,r_71_133_171,r_35_72_165,r_35_72_165,0.93,0,165,165,1
98,seq124,r_66_127_5,r_77_125_126,r_77_125_126,1.0,7,133,126,1
50,seq131,seq123,r_1_132_25,r_1_132_25,0.99,10,35,25,1
12,r_92_45_45,r_96_85_104,r_129_47_42,r_96_85_104,0.67,-59,45,104,1
22,r_77_125_126,seq76,seq124,r_77_125_126,0.91,0,126,126,1
28,r_42_52_110,r_40_140_163,r_80_51_68,r_42_52_110,0.96,0,110,110,1
72,seq39,r_40_140_163,r_58_41_137,r_58_41_137,0.87,26,163,137,1
56,seq13,r_12_139_94,seq10,r_12_139_94,1.0,0,94,94,1
44,r_126_91_135,r_66_127_5,r_57_97_108,r_57_97_108,0.57,23,131,108,1
82,seq84,r_83_103_154,r_108_82_80,r_108_82_80,0.97,61,141,80,1
8,r_40_140_163,r_92_45_45,r_12_139_94,r_40_140_163,1.0,1,164,163,1
79,seq76,r_77_125_126,seq79,r_77_125_126,1.0,0,126,126,1
35,r_148_115_21,seq149,r_118_141_129,r_148_115_21,0.99,0,21,21,1
3,r_66_127_5,r_129_47_42,r_7_128_27,r_66_127_5,1.0,37,42,5,1
23,r_54_70_82,r_80_51_68,r_11_69_7,r_54_70_82,1.0,0,82,82,1
30,r_124_16_144,r_123_9_85,r_128_127_183,r_123_9_85,1.0,-3,82,85,2
20,r_115_73_35,seq114,r_74_84_188,r_115_73_35,1.0,0,35,35,2
36,r_47_35_140,seq48,seq29,r_47_35_140,0.66,1,141,140,2
43,r_2_62_171,seq0,r_83_63_35,r_2_62_171,0.74,0,171,171,2
37,r_144_108_101,seq143,seq110,r_144_108_101,0.98,0,101,101,2
26,r_75_37_40,r_74_84_188,seq39,r_75_37_40,1.0,0,40,40,2
16,r_130_53_124,r_128_127_183,r_46_129_76,r_46_129_76,1.0,7,83,76,2
39,r_46_129_76,r_47_35_140,r_130_53_124,r_46_129_76,0.93,0,76,76,2
1,r_81_23_100,seq82,seq22,r_81_23_100,1.0,0,100,100,2
16,r_130_53_124,r_46_129_76,seq54,r_130_53_124,1.0,0,124,124,2
5,r_69_118_112,seq68,seq119,r_69_118_112,0.98,0,112,112,2
45,r_24_11_122,seq27,seq8,r_24_11_122,0.97,1,123,122,2
9,r_138_49_17,r_142_79_173,seq51,r_138_49_17,1.0,0,17,17,2
77,seq59,r_83_63_35,r_26_60_134,r_26_60_134,1.0,-4,130,134,2
25,r_34_14_47,r_32_76_120,seq8,r_34_14_47,1.0,0,47,47,2
31,r_123_9_85,r_124_16_144,seq8,r_123_9_85,0.98,1,86,85,2
75,seq54,seq70,r_130_53_124,r_130_53_124,0.87,0,124,124,2
41,r_142_79_173,seq141,r_115_73_35,r_142_79_173,0.66,0,173,173,2
0,r_95_131_130,seq93,seq133,r_95_131_130,0.96,0,130,130,2
73,seq48,r_47_35_140,r_31_43_67,r_31_43_67,0.81,73,140,67,2
11,r_132_102_163,seq133,r_122_101_11,r_132_102_163,0.54,0,163,163,2
22,r_41_99_53,seq42,seq100,r_41_99_53,1.0,0,53,53,2
13,r_91_4_127,seq92,seq17,r_91_4_127,0.84,0,127,127,2
15,r_137_88_111,seq139,r_89_85_152,r_137_88_111,0.64,0,111,111,2
48,r_26_60_134,seq27,seq59,r_26_60_134,0.89,0,134,134,2
8,r_74_84_188,r_75_37_40,r_115_73_35,r_74_84_188,0.99,-153,35,188,2
27,r_1_121_166,r_2_62_171,r_69_118_112,r_1_121_166,0.83,0,166,166,2
30,r_124_16_144,r_128_127_183,seq17,r_124_16_144,1.0,0,144,144,2
2,r_55_106_97,seq54,seq110,r_55_106_97,1.0,0,97,97,2
21,r_18_136_59,seq22,seq140,r_18_136_59,1.0,0,59,59,2
18,r_78_61_94,r_81_23_100,r_83_63_35,r_78_61_94,0.64,-1,93,94,2
29,r_57_90_152,seq58,r_137_88_111,r_137_88_111,0.87,42,153,111,2
24,r_6_145_89,seq7,r_87_148_32,r_6_145_89,0.99,0,89,89,2
74,seq51,r_50_30_57,r_138_49_17,r_138_49_17,0.74,11,28,17,2
33,r_107_66_105,seq110,seq65,r_107_66_105,1.0,0,105,105,2
64,seq27,r_26_60_134,r_111_25_66,r_111_25_66,0.97,68,134,66,2
50,seq0,r_2_62_171,r_123_9_85,r_123_9_85,0.74,73,158,85,2
61,seq20,seq22,r_44_19_54,r_44_19_54,1.0,2,56,54,2
20,r_115_73_35,r_74_84_188,r_13_71_104,r_13_71_104,1.0,83,187,104,2
32,r_146_3_145,seq147,r_91_4_127,r_146_3_145,0.91,0,145,145,2
40,r_103_15_41,r_122_101_11,seq17,r_103_15_41,1.0,0,41,41,2
38,r_45_109_176,seq40,r_144_108_101,r_144_108_101,0.59,75,176,101,2
47,r_52_86_13,r_50_30_57,seq92,r_50_30_57,0.55,-44,13,57,2
34,r_32_76_120,seq29,seq77,r_32_76_120,0.94,0,120,120,2
75,seq54,r_55_106_97,seq70,r_55_106_97,0.85,0,97,97,2
17,r_31_43_67,r_32_76_120,seq42,r_31_43_67,1.0,0,67,67,2
39,r_46_129_76,r_130_53_124,seq133,r_130_53_124,1.0,0,124,124,2
69,seq39,seq36,r_75_37_40,r_75_37_40,1.0,17,57,40,2
46,r_44_19_54,seq40,seq20,r_44_19_54,1.0,0,54,54,2
42,r_67_104_21,seq65,seq100,r_67_104_21,0.97,0,21,21,2
77,seq59,seq65,r_83_63_35,r_83_63_35,0.5,1,36,35,2
49,r_111_25_66,seq110,seq27,r_111_25_66,1.0,0,66,66,2
79,seq65,r_56_33_171,r_107_66_105,r_107_66_105,0.68,17,122,105,2
13,r_91_4_127,seq17,r_146_3_145,r_146_3_145,0.6,11,156,145,2
23,r_13_71_104,r_12_38_151,seq70,r_13_71_104,0.99,0,104,104,2
79,seq65,seq59,r_56_33_171,r_56_33_171,0.54,-104,67,171,2
19,r_87_148_32,r_89_85_152,seq147,r_87_148_32,1.0,0,32,32,2
35,r_12_38_151,seq10,r_75_37_40,r_12_38_151,0.86,0,151,151,2
4,r_50_30_57,seq51,seq29,r_50_30_57,0.98,-1,56,57,2
37,r_13_49_47,seq42,r_3_50_65,r_3_50_65,1.0,2,67,65,3
37,r_13_49_47,seq11,seq42,r_13_49_47,0.86,0,47,47,3
30,r_130_15_102,seq133,r_119_14_73,r_130_15_102,0.83,0,102,102,3
38,r_93_85_45,seq90,seq87,r_93_85_45,1.0,1,46,45,3
36,r_65_1_123,r_66_26_166,seq4,r_65_1_123,0.91,0,123,123,3
14,r_146_105_97,seq144,seq103,r_146_105_97,0.81,0,97,97,3
8,r_86_104_70,r_88_73_77,seq103,r_86_104_70,1.0,0,70,70,3
43,r_126_84_163,seq125,r_93_85_45,r_126_84_163,0.68,0,163,163,3
2,r_112_2_157,r_98_116_140,r_65_1_123,r_112_2_157,0.64,0,157,157,3
83,seq67,r_69_43_161,seq70,r_69_43_161,0.66,-43,118,161,3
3,r_127_63_22,seq51,r_100_64_66,r_100_64_66,0.91,42,108,66,3
3,r_127_63_22,r_126_84_163,seq51,r_127_63_22,1.0,0,22,22,3
55,seq136,r_137_94_170,seq138,r_137_94_170,0.94,1,171,170,3
16,r_79_110_123,seq81,seq106,r_79_110_123,0.96,1,124,123,3
21,r_139_57_84,r_141_21_105,seq54,r_139_57_84,1.0,0,84,84,3
39,r_66_26_166,r_65_1_123,seq51,r_66_26_166,0.52,-90,76,166,3
1,r_122_101_119,seq121,seq99,r_122_101_119,1.0,0,119,119,3
97,seq121,r_122_101_119,r_86_104_70,r_86_104_70,0.77,44,114,70,3
5,r_141_21_105,seq140,r_18_19_63,r_141_21_105,1.0,0,105,105,3
46,r_39_115_180,seq36,r_55_102_64,r_55_102_64,0.9,117,181,64,3
42,r_25_124_110,seq24,seq123,r_25_124_110,1.0,0,110,110,3
32,r_62_68_170,seq54,seq67,r_62_68_170,0.56,0,170,170,3
45,r_88_73_77,seq87,seq74,r_88_73_77,1.0,0,77,77,3
35,r_35_89_36,r_39_115_180,r_98_116_140,r_35_89_36,0.95,0,36,36,3
24,r_97_76_77,r_78_113_181,r_80_75_76,r_78_113_181,0.97,0,181,181,3
19,r_69_43_161,seq70,r_3_50_65,r_69_43_161,0.56,0,161,161,3
22,r_78_113_181,r_97_76_77,r_55_102_64,r_97_76_77,0.8,104,181,77,3
39,r_66_26_166,seq51,r_0_23_46,r_66_26_166,0.99,0,166,166,3
31,r_80_75_76,seq81,r_97_76_77,r_97_76_77,1.0,0,77,77,3
61,seq144,r_146_105_97,r_37_143_28,r_37_143_28,0.82,7,35,28,3
41,r_100_64_66,seq99,r_127_63_22,r_100_64_66,1.0,-1,65,66,3
10,r_117_41_108,r_112_2_157,seq42,r_117_41_108,0.97,0,108,108,3
26,r_119_14_73,r_122_101_119,r_16_12_79,r_119_14_73,1.0,0,73,73,3
72,seq36,r_39_115_180,seq38,r_39_115_180,0.99,-62,118,180,3
4,r_114_95_147,r_112_2_157,seq96,r_114_95_147,0.86,0,147,147,3
0,r_28_58_173,seq29,seq59,r_28_58_173,0.5,0,173,173,3
73,seq38,r_39_115_180,seq36,r_39_115_180,1.0,-18,162,180,3
11,r_5_109_164,seq4,seq108,r_5_109_164,0.66,0,164,164,3
20,r_20_83_79,r_18_19_63,seq82,r_20_83_79,1.0,0,79,79,3
13,r_92_53_180,seq91,r_139_57_84,r_139_57_84,0.61,96,180,84,3
15,r_98_116_140,seq99,seq121,r_98_116_140,0.89,4,144,140,3
97,seq121,r_86_104_70,r_98_116_140,r_98_116_140,0.95,5,145,140,3
26,r_119_14_73,r_16_12_79,r_130_15_102,r_130_15_102,1.0,28,130,102,3
6,r_137_94_170,seq136,r_114_95_147,r_137_94_170,0.54,1,171,170,3
27,r_3_50_65,r_5_109_164,r_13_49_47,r_5_109_164,0.98,-99,65,164,3
2,r_112_2_157,r_114_95_147,r_98_116_140,r_98_116_140,0.63,7,147,140,3
47,r_72_40_176,seq71,seq38,r_72_40_176,0.42,0,176,176,3
40,r_77_132_61,r_78_113_181,seq133,r_77_132_61,1.0,0,61,61,3
29,r_0_23_46,r_3_50_65,seq24,r_0_23_46,0.93,1,47,46,3
74,seq42,seq44,r_117_41_108,r_117_41_108,1.0,16,124,108,3
24,r_97_76_77,seq96,r_78_113_181,r_97_76_77,1.0,0,77,77,3
35,r_35_89_36,r_98_116_140,seq91,r_98_116_140,0.84,-37,103,140,3
25,r_18_19_63,seq22,r_60_17_117,r_60_17_117,1.0,14,131,117,3
22,r_78_113_181,r_80_75_76,r_97_76_77,r_97_76_77,1.0,3,80,77,3
33,r_48_134_117,seq42,seq138,r_48_134_117,0.98,0,117,117,3
88,seq82,seq87,r_20_83_79,r_20_83_79,1.0,0,79,79,3
87,seq81,r_79_110_123,seq70,r_79_110_123,1.0,1,124,123,3
32,r_62_68_170,r_60_17_117,seq54,r_60_17_117,1.0,-45,72,117,3
83,seq67,seq70,r_62_68_170,r_62_68_170,0.57,1,171,170,3
34,r_47_118_121,seq46,seq121,r_47_118_121,1.0,0,121,121,3
94,seq103,r_107_120_182,r_86_104_70,r_86_104_70,1.0,2,72,70,3
17,r_131_145_26,r_130_15_102,seq144,r_131_145_26,0.73,0,26,26,3
22,r_78_113_181,r_77_132_61,r_80_75_76,r_77_132_61,0.92,-1,60,61,3
91,seq91,r_92_53_180,seq99,r_92_53_180,0.47,0,180,180,3
49,r_60_17_117,seq56,r_18_19_63,r_60_17_117,1.0,0,117,117,3
28,r_37_143_28,r_39_115_180,seq144,r_37_143_28,1.0,0,28,28,3
56,seq9,r_8_7_143,r_119_14_73,r_119_14_73,1.0,58,131,73,3
7,r_55_102_64,seq56,seq103,r_55_102_64,1.0,1,65,64,3
44,r_45_149_116,seq44,seq147,r_45_149_116,0.99,0,116,116,3
27,r_107_97_155,r_113_134_148,seq96,r_107_97_155,0.88,-7,148,155,4
30,r_144_124_135,r_146_30_174,seq125,r_144_124_135,0.94,0,135,135,4
23,r_11_49_38,r_9_84_187,r_29_48_21,r_11_49_38,0.91,0,38,38,4
36,r_42_109_154,seq41,r_46_106_102,r_46_106_102,0.7,52,154,102,4
14,r_6_128_108,seq3,seq127,r_6_128_108,1.0,0,108,108,4
8,r_132_94_172,seq135,r_107_97_155,r_132_94_172,0.47,1,173,172,4
7,r_146_30_174,seq148,r_71_31_39,r_146_30_174,0.95,0,174,174,4
37,r_99_68_98,seq96,seq65,r_99_68_98,0.94,0,98,98,4
55,seq12,r_9_84_187,r_67_2_176,r_67_2_176,0.74,14,190,176,4
16,r_139_5_117,seq141,r_105_4_100,r_139_5_117,0.87,0,117,117,4
21,r_50_17_124,seq51,r_115_15_44,r_50_17_124,0.96,0,124,124,4
1,r_129_149_157,seq130,seq148,r_129_149_157,0.49,0,157,157,4
57,seq14,r_35_23_102,r_82_13_22,r_82_13_22,1.0,2,24,22,4
57,seq14,r_82_13_22,r_115_15_44,r_115_15_44,1.0,4,48,44,4
31,r_98_85_54,r_99_68_98,seq86,r_98_85_54,0.98,0,54,54,4
0,r_76_91_58,seq75,seq90,r_76_91_58,0.99,0,58,58,4
29,r_82_13_22,seq83,seq14,r_82_13_22,0.99,-1,21,22,4
4,r_67_2_176,seq65,r_136_7_83,r_136_7_83,0.88,93,176,83,4
11,r_145_27_76,r_144_124_135,seq26,r_145_27_76,1.0,0,76,76,4
12,r_29_48_21,r_28_112_109,seq47,r_29_48_21,0.97,0,21,21,4
32,r_71_31_39,seq73,seq34,r_71_31_39,1.0,0,39,39,4
20,r_32_16_156,seq26,r_50_17_124,r_50_17_124,1.0,34,158,124,4
13,r_108_137_81,r_105_4_100,r_103_140_8,r_108_137_81,0.9,0,81,81,4
98,seq125,seq127,r_144_124_135,r_144_124_135,0.96,2,137,135,4
15,r_105_4_100,r_107_97_155,seq3,r_105_4_100,1.0,0,100,100,4
49,r_28_112_109,seq34,r_46_106_102,r_28_112_109,0.99,0,109,109,4
13,r_108_137_81,r_103_140_8,r_118_138_145,r_118_138_145,1.0,8,153,145,4
6,r_46_106_102,seq45,seq117,r_46_106_102,1.0,0,102,102,4
79,seq73,seq75,r_92_72_52,r_92_72_52,1.0,2,54,52,4
99,seq127,seq125,r_6_128_108,r_6_128_108,1.0,13,121,108,4
3,r_52_18_57,seq51,r_19_24_55,r_52_18_57,1.0,0,57,57,4
27,r_107_97_155,r_105_4_100,r_113_134_148,r_105_4_100,0.99,0,100,100,4
87,seq90,seq88,r_76_91_58,r_76_91_58,1.0,32,90,58,4
41,r_62_25_36,seq64,r_19_24_55,r_62_25_36,1.0,0,36,36,4
2,r_111_74_79,r_105_4_100,seq73,r_111_74_79,0.79,1,80,79,4
74,seq61,r_60_37_55,seq64,r_60_37_55,0.64,32,87,55,4
46,r_114_21_19,r_113_134_148,r_19_24_55,r_114_21_19,1.0,0,19,19,4
24,r_123_110_146,seq121,r_46_106_102,r_46_106_102,1.0,56,158,102,4
33,r_136_7_83,seq148,seq3,r_136_7_83,1.0,0,83,83,4
43,r_115_15_44,seq116,seq14,r_115_15_44,1.0,0,44,44,4
5,r_95_55_23,seq96,seq58,r_95_55_23,0.65,0,23,23,4
70,seq53,r_56_142_201,r_79_54_146,r_79_54_146,0.87,0,146,146,4
49,r_28_112_109,r_29_48_21,seq34,r_29_48_21,0.87,-4,17,21,4
39,r_10_143_12,r_6_128_108,r_103_140_8,r_10_143_12,1.0,0,12,12,4
56,seq141,seq148,r_10_143_12,r_10_143_12,0.91,23,35,12,4
34,r_79_54_146,r_78_80_103,seq53,r_79_54_146,0.81,0,146,146,4
75,seq64,r_62_25_36,seq61,r_62_25_36,0.89,0,36,36,4
18,r_93_36_25,r_92_72_52,seq39,r_93_36_25,0.98,0,25,25,4
28,r_60_37_55,seq61,seq43,r_60_37_55,0.94,0,55,55,4
7,r_146_30_174,r_144_124_135,seq148,r_144_124_135,0.84,0,135,135,4
44,r_147_63_65,seq148,seq64,r_147_63_65,0.79,0,65,65,4
17,r_92_72_52,r_93_36_25,r_98_85_54,r_93_36_25,0.82,0,25,25,4
35,r_113_134_148,r_107_97_155,seq135,r_113_134_148,0.45,0,148,148,4
30,r_38_110_155,seq37,seq112,r_38_110_155,0.81,0,155,155,5
18,r_134_47_170,r_24_131_105,seq48,r_134_47_170,0.93,0,170,170,5
36,r_59_22_106,seq60,seq25,r_59_22_106,0.73,0,106,106,5
14,r_86_85_13,r_88_6_191,r_132_82_145,r_132_82_145,0.9,37,182,145,5
8,r_30_138_75,seq29,seq139,r_30_138_75,1.0,0,75,75,5
37,r_99_106_132,seq101,r_57_108_115,r_57_108_115,0.85,17,132,115,5
59,seq142,r_141_144_71,r_58_143_57,r_58_143_57,1.0,14,71,57,5
21,r_10_26_114,seq1,seq25,r_10_26_114,0.72,0,114,114,5
1,r_89_102_81,r_86_85_13,seq101,r_89_102_81,1.0,0,81,81,5
97,seq118,r_119_23_164,r_35_120_6,r_119_23_164,0.96,1,165,164,5
42,r_87_77_168,r_88_6_191,r_125_75_15,r_87_77_168,0.44,0,168,168,5
19,r_117_122_60,seq116,r_35_120_6,r_117_122_60,0.75,0,60,60,5
15,r_35_120_6,r_121_46_89,r_117_122_60,r_121_46_89,0.8,-1,88,89,5
95,seq112,r_111_124_200,r_57_108_115,r_57_108_115,0.99,85,200,115,5
11,r_125_75_15,r_128_67_27,seq76,r_125_75_15,0.93,0,15,15,5
76,seq48,r_45_100_202,r_121_46_89,r_121_46_89,1.0,20,109,89,5
31,r_65_129_164,r_62_0_104,r_91_66_15,r_65_129_164,0.79,-89,75,164,5
49,r_53_9_22,r_50_135_29,seq1,r_50_135_29,0.97,-7,22,29,5
16,r_79_94_18,r_78_42_128,seq93,r_79_94_18,1.0,0,18,18,5
3,r_119_23_164,seq118,seq20,r_119_23_164,0.65,1,165,164,5
90,seq97,r_99_106_132,r_83_98_75,r_83_98_75,1.0,13,88,75,5
26,r_33_109_190,r_31_64_190,r_38_110_155,r_38_110_155,0.98,35,190,155,5
72,seq37,r_38_110_155,r_114_36_73,r_114_36_73,0.98,82,155,73,5
4,r_128_67_27,r_127_105_45,seq68,r_128_67_27,1.0,0,27,27,5
46,r_71_115_52,r_72_14_64,seq116,r_71_115_52,1.0,0,52,52,5
5,r_7_92_11,r_8_61_102,seq93,r_7_92_11,1.0,0,11,11,5
55,seq136,seq139,r_50_135_29,r_50_135_29,1.0,1,30,29,5
92,seq104,r_117_122_60,r_127_105_45,r_127_105_45,1.0,0,45,45,5
6,r_31_64_190,r_38_110_155,seq34,r_38_110_155,1.0,-28,127,155,5
70,seq29,seq13,r_31_64_190,r_31_64_190,0.42,-80,110,190,5
27,r_132_82_145,r_134_47_170,r_86_85_13,r_132_82_145,0.89,0,145,145,5
2,r_148_70_145,seq147,seq73,r_148_70_145,0.81,0,145,145,5
10,r_50_135_29,r_52_56_48,seq136,r_50_135_29,1.0,0,29,29,5
47,r_2_137_106,r_10_26_114,seq139,r_2_137_106,1.0,1,107,106,5
48,r_127_105_45,seq123,seq104,r_127_105_45,1.0,0,45,45,5
40,r_62_0_104,seq63,seq1,r_62_0_104,0.91,0,104,104,5
18,r_134_47_170,seq126,r_24_131_105,r_24_131_105,0.99,26,131,105,5
29,r_103_40_62,r_99_106_132,seq41,r_103_40_62,1.0,1,63,62,5
24,r_57_108_115,seq60,seq107,r_57_108_115,0.83,0,115,115,5
25,r_145_113_189,seq147,r_33_109_190,r_145_113_189,0.62,0,189,189,5
33,r_114_36_73,seq116,seq37,r_114_36_73,1.0,0,73,73,5
70,seq29,r_30_138_75,seq13,r_30_138_75,1.0,-1,74,75,5
32,r_141_144_71,seq142,seq147,r_141_144_71,0.83,0,71,71,5
38,r_72_14_64,seq74,seq15,r_72_14_64,1.0,0,64,64,5
34,r_84_19_81,r_89_102_81,seq18,r_84_19_81,0.9,0,81,81,5
96,seq116,r_117_122_60,r_71_115_52,r_71_115_52,1.0,8,60,52,5
31,r_65_129_164,r_91_66_15,seq130,r_65_129_164,0.9,0,164,164,5
28,r_78_42_128,r_80_133_132,r_103_40_62,r_78_42_128,0.96,0,128,128,5
91,seq101,r_99_106_132,r_89_102_81,r_89_102_81,1.0,50,131,81,5
13,r_58_143_57,r_57_108_115,seq142,r_58_143_57,1.0,0,57,57,5
44,r_121_46_89,r_35_120_6,seq48,r_121_46_89,1.0,0,89,89,5
39,r_81_39_22,r_83_98_75,seq37,r_81_39_22,0.71,0,22,22,5
77,seq49,r_52_56_48,r_95_51_15,r_95_51_15,0.77,18,33,15,5
23,r_24_131_105,seq25,r_134_47_170,r_24_131_105,0.99,0,105,105,5
88,seq93,seq96,r_79_94_18,r_79_94_18,1.0,5,23,18,5
41,r_52_56_48,seq63,seq55,r_52_56_48,0.6,7,55,48,5
82,seq139,seq136,r_30_138_75,r_30_138_75,1.0,0,75,75,5
12,r_8_61_102,r_2_137_106,seq60,r_8_61_102,0.67,0,102,102,5
87,seq76,r_83_98_75,r_125_75_15,r_83_98_75,0.75,-43,32,75,5
23,r_24_131_105,r_134_47_170,r_80_133_132,r_134_47_170,0.82,0,170,170,5
30,r_100_80_78,r_102_126_191,r_23_79_2,r_100_80_78,1.0,0,78,78,6
36,r_56_92_132,r_58_22_144,r_81_88_8,r_56_92_132,0.89,0,132,132,6
56,seq135,seq137,r_21_134_11,r_21_134_11,0.97,35,46,11,6
11,r_85_112_29,r_84_28_175,seq111,r_85_112_29,0.63,0,29,29,6
43,r_29_63_138,r_65_46_54,r_56_92_132,r_56_92_132,0.45,-44,88,132,6
26,r_17_116_55,r_8_50_101,seq114,r_17_116_55,1.0,0,55,55,6
21,r_138_64_76,r_139_61_170,seq68,r_138_64_76,1.0,0,76,76,6
5,r_146_69_155,r_144_47_115,r_18_147_34,r_146_69_155,0.96,-69,86,155,6
46,r_139_61_170,r_138_64_76,seq141,r_138_64_76,0.95,1,77,76,6
6,r_27_34_49,r_24_131_171,r_15_33_48,r_27_34_49,0.59,0,49,49,6
32,r_84_28_175,r_57_83_12,r_72_30_153,r_84_28_175,0.97,0,175,175,6
19,r_133_96_157,seq135,seq97,r_133_96_157,0.77,0,157,157,6
37,r_19_6_35,seq20,seq4,r_19_6_35,0.62,6,41,35,6
66,seq31,seq35,r_15_33_48,r_15_33_48,0.99,16,64,48,6
94,seq111,seq110,r_85_112_29,r_85_112_29,0.94,18,47,29,6
42,r_102_126_191,r_100_80_78,r_75_101_44,r_102_126_191,1.0,-138,53,191,6
35,r_143_38_46,r_146_69_155,r_115_36_11,r_143_38_46,1.0,0,46,46,6
41,r_62_49_1,seq68,r_93_52_46,r_93_52_46,1.0,36,82,46,6
12,r_123_71_161,r_127_122_56,seq70,r_123_71_161,0.92,0,161,161,6
15,r_58_22_144,r_53_59_182,seq25,r_58_22_144,0.71,1,145,144,6
10,r_149_14_63,r_146_69_155,seq10,r_149_14_63,1.0,0,63,63,6
8,r_127_122_56,r_123_71_161,r_145_129_7,r_127_122_56,0.56,105,161,56,6
14,r_57_83_12,r_84_28_175,r_133_96_157,r_57_83_12,0.62,164,176,12,6
0,r_78_9_77,seq77,seq10,r_78_9_77,0.8,0,77,77,6
45,r_99_86_30,r_100_80_78,r_81_88_8,r_100_80_78,0.46,-43,35,78,6
20,r_7_42_71,seq10,r_65_46_54,r_7_42_71,0.59,1,72,71,6
46,r_139_61_170,seq141,seq60,r_139_61_170,0.6,1,171,170,6
15,r_58_22_144,r_56_92_132,r_53_59_182,r_56_92_132,0.76,0,132,132,6
49,r_37_51_79,r_115_36_11,r_93_52_46,r_93_52_46,0.98,34,80,46,6
48,r_32_89_23,seq31,r_81_88_8,r_32_89_23,0.85,-2,21,23,6
13,r_145_129_7,seq124,r_82_130_93,r_82_130_93,1.0,1,94,93,6
14,r_57_83_12,r_75_101_44,r_84_28_175,r_84_28_175,0.58,-164,11,175,6
9,r_109_148_36,seq110,seq141,r_109_148_36,1.0,0,36,36,6
16,r_93_52_46,seq90,r_62_49_1,r_93_52_46,1.0,0,46,46,6
5,r_146_69_155,r_18_147_34,r_138_64_76,r_146_69_155,1.0,0,155,155,6
27,r_23_79_2,r_53_59_182,r_100_80_78,r_100_80_78,1.0,67,145,78,6
24,r_65_46_54,seq68,seq44,r_65_46_54,0.56,2,56,54,6
49,r_37_51_79,seq5,r_115_36_11,r_37_51_79,0.59,-66,13,79,6
25,r_18_147_34,r_17_116_55,r_146_69_155,r_18_147_34,0.97,0,34,34,6
47,r_144_47_115,r_146_69_155,seq44,r_144_47_115,0.52,0,115,115,6
28,r_115_36_11,r_113_67_119,r_37_51_79,r_115_36_11,0.88,0,11,11,6
40,r_24_131_171,seq25,r_82_130_93,r_82_130_93,0.48,78,171,93,6
33,r_43_106_103,seq44,seq108,r_43_106_103,0.96,2,105,103,6
12,r_123_71_161,r_145_129_7,r_127_122_56,r_127_122_56,0.84,2,58,56,6
65,seq25,r_24_131_171,seq20,r_24_131_171,0.81,0,171,171,6
61,seq140,r_146_69_155,r_109_148_36,r_109_148_36,0.51,34,70,36,6
32,r_84_28_175,r_82_130_93,r_57_83_12,r_82_130_93,1.0,0,93,93,6
38,r_113_67_119,seq114,r_125_73_44,r_113_67_119,0.93,0,119,119,6
34,r_82_130_93,r_84_28_175,r_145_129_7,r_82_130_93,0.94,0,93,93,6
17,r_12_142_162,seq13,r_109_148_36,r_12_142_162,0.64,0,162,162,6
18,r_15_33_48,r_12_142_162,seq31,r_15_33_48,0.8,0,48,48,6
25,r_18_147_34,r_146_69_155,r_109_148_36,r_146_69_155,1.0,0,155,155,6
43,r_29_63_138,r_56_92_132,r_138_64_76,r_56_92_132,0.98,2,134,132,6
1,r_75_101_44,r_74_119_182,r_102_126_191,r_75_101_44,1.0,0,44,44,6
28,r_115_36_11,r_37_51_79,r_143_38_46,r_143_38_46,0.99,34,80,46,6
8,r_127_122_56,seq128,r_123_71_161,r_127_122_56,0.97,0,56,56,6
39,r_125_73_44,seq124,seq68,r_125_73_44,1.0,0,44,44,6
7,r_8_50_101,seq10,r_93_52_46,r_8_50_101,0.99,0,101,101,6
23,r_120_66_158,seq121,r_146_69_155,r_146_69_155,0.55,4,159,155,6
2,r_21_134_11,r_27_34_49,seq135,r_21_134_11,0.72,0,11,11,6
36,r_42_116_94,r_41_13_181,seq113,r_42_116_94,0.99,0,94,94,7
3,r_66_126_32,r_129_17_47,r_46_128_44,r_66_126_32,0.8,15,47,32,7
19,r_46_128_44,r_45_90_178,r_66_126_32,r_46_128_44,1.0,0,44,44,7
92,seq99,seq98,r_103_100_40,r_103_100_40,1.0,22,62,40,7
8,r_117_7_91,seq118,seq9,r_117_7_91,1.0,0,91,91,7
37,r_23_124_145,r_29_21_125,seq25,r_23_124_145,0.47,-78,67,145,7
71,seq37,seq34,r_74_36_97,r_74_36_97,1.0,26,123,97,7
86,seq69,r_71_48_171,r_86_68_15,r_86_68_15,1.0,156,171,15,7
16,r_3_56_121,seq2,seq54,r_3_56_121,0.94,0,121,121,7
97,seq118,r_117_7_91,seq125,r_117_7_91,1.0,0,91,91,7
3,r_66_126_32,seq54,r_129_17_47,r_66_126_32,0.95,2,34,32,7
45,r_52_72_105,seq51,r_85_77_19,r_85_77_19,1.0,99,118,19,7
7,r_67_102_49,seq58,seq109,r_67_102_49,0.98,0,49,49,7
47,r_119_11_34,r_123_110_188,seq14,r_119_11_34,0.98,0,34,34,7
76,seq49,r_50_15_112,seq76,r_50_15_112,1.0,1,113,112,7
31,r_71_48_171,seq69,r_121_62_82,r_121_62_82,1.0,89,171,82,7
41,r_73_53_159,r_74_36_97,r_52_72_105,r_74_36_97,1.0,1,98,97,7
13,r_111_91_11,r_115_97_44,r_87_107_103,r_111_91_11,0.86,0,11,11,7
26,r_75_88_157,seq76,r_111_91_11,r_75_88_157,0.56,0,157,157,7
46,r_85_77_19,r_74_36_97,r_149_78_39,r_85_77_19,0.99,37,56,19,7
4,r_130_120_121,seq131,seq125,r_130_120_121,0.99,0,121,121,7
0,r_16_80_172,seq18,r_129_17_47,r_129_17_47,1.0,21,68,47,7
11,r_5_127_194,seq0,r_66_126_32,r_66_126_32,0.96,162,194,32,7
20,r_41_13_181,r_42_116_94,seq39,r_42_116_94,1.0,-1,93,94,7
48,r_50_15_112,seq49,seq14,r_50_15_112,0.99,0,112,112,7
57,seq9,r_8_138_87,seq0,r_8_138_87,1.0,0,87,87,7
13,r_111_91_11,r_87_107_103,r_19_89_18,r_87_107_103,1.0,-16,87,103,7
6,r_84_12_128,r_83_57_128,r_119_11_34,r_84_12_128,0.85,0,128,128,7
62,seq18,r_16_80_172,r_79_20_19,r_79_20_19,0.99,49,68,19,7
30,r_103_100_40,r_108_137_162,seq99,r_103_100_40,1.0,0,40,40,7
10,r_129_17_47,r_16_80_172,r_79_20_19,r_79_20_19,0.36,153,172,19,7
87,seq76,r_75_88_157,r_3_56_121,r_3_56_121,0.58,37,158,121,7
2,r_8_138_87,seq9,seq135,r_8_138_87,1.0,0,87,87,7
74,seq43,r_44_105_97,seq47,r_44_105_97,1.0,0,97,97,7
18,r_83_57_128,r_84_12_128,r_3_56_121,r_83_57_128,0.74,0,128,128,7
46,r_85_77_19,r_87_107_103,r_74_36_97,r_85_77_19,1.0,0,19,19,7
15,r_19_89_18,r_16_80_172,r_111_91_11,r_19_89_18,1.0,0,18,18,7
24,r_38_1_62,seq39,seq0,r_38_1_62,0.99,0,62,62,7
33,r_74_36_97,r_73_53_159,seq37,r_74_36_97,0.99,0,97,97,7
28,r_79_20_19,r_66_126_32,seq18,r_79_20_19,0.99,0,19,19,7
21,r_149_78_39,seq147,r_85_77_19,r_149_78_39,1.0,0,39,39,7
50,seq0,seq2,r_38_1_62,r_38_1_62,1.0,75,137,62,7
1,r_26_6_37,seq25,seq0,r_26_6_37,0.98,0,37,37,7
20,r_41_13_181,seq39,r_26_6_37,r_26_6_37,0.68,140,177,37,7
32,r_143_134_105,seq144,r_8_138_87,r_8_138_87,0.92,18,105,87,7
52,seq131,r_130_120_121,seq132,r_130_120_121,0.9,1,122,121,7
34,r_87_107_103,seq96,r_44_105_97,r_87_107_103,1.0,0,103,103,7
59,seq14,r_8_138_87,r_119_11_34,r_119_11_34,0.51,0,34,34,7
17,r_29_21_125,seq28,r_65_22_39,r_65_22_39,0.97,86,125,39,7
94,seq109,r_106_70_180,r_44_105_97,r_44_105_97,1.0,83,180,97,7
9,r_86_68_15,r_87_107_103,seq69,r_86_68_15,1.0,0,15,15,7
10,r_129_17_47,r_66_126_32,r_16_80_172,r_129_17_47,0.99,0,47,47,7
29,r_24_4_20,r_26_6_37,r_5_127_194,r_5_127_194,0.99,-174,20,194,7
37,r_23_124_145,seq25,r_130_120_121,r_23_124_145,0.79,0,145,145,7
22,r_108_137_162,r_106_70_180,r_8_138_87,r_108_137_162,0.65,0,162,162,7
49,r_140_33_118,seq141,r_32_35_169,r_140_33_118,0.95,0,118,118,7
10,r_129_17_47,r_143_134_105,r_66_126_32,r_129_17_47,0.88,-22,25,47,7
43,r_65_22_39,seq58,seq25,r_65_22_39,1.0,0,39,39,7
25,r_44_105_97,seq43,seq109,r_44_105_97,0.84,0,97,97,7
44,r_112_92_127,seq113,r_146_93_22,r_112_92_127,0.94,0,127,127,7
39,r_146_93_22,r_149_78_39,seq96,r_146_93_22,1.0,0,22,22,7
23,r_104_10_95,r_108_137_162,seq9,r_104_10_95,0.98,0,95,95,7
65,seq25,r_26_6_37,seq37,r_26_6_37,0.86,-1,36,37,7
35,r_82_139_126,r_73_53_159,seq141,r_82_139_126,0.84,0,126,126,7
12,r_121_62_82,seq122,seq60,r_121_62_82,1.0,0,82,82,7
44,r_39_23_36,r_24_81_105,r_54_26_97,r_39_23_36,1.0,69,105,36,8
9,r_129_31_83,seq43,r_44_48_36,r_129_31_83,0.79,22,105,83,8
51,seq128,r_127_8_164,seq132,r_127_8_164,1.0,-12,152,164,8
36,r_77_87_156,r_58_75_1,r_65_89_15,r_77_87_156,0.5,0,156,156,8
18,r_65_89_15,r_66_28_109,r_88_134_146,r_65_89_15,0.99,1,16,15,8
30,r_114_86_53,seq113,r_65_89_15,r_114_86_53,0.97,0,53,53,8
40,r_82_2_129,seq117,r_63_104_33,r_82_2_129,0.68,-83,46,129,8
16,r_107_21_126,r_102_92_114,r_63_104_33,r_63_104_33,1.0,66,99,33,8
21,r_73_61_80,seq74,seq57,r_73_61_80,0.92,0,80,80,8
39,r_122_135_81,seq126,seq130,r_122_135_81,0.58,0,81,81,8
9,r_129_31_83,r_44_48_36,r_70_30_145,r_70_30_145,0.96,0,145,145,8
42,r_42_101_76,seq40,r_63_104_33,r_42_101_76,1.0,0,76,76,8
5,r_44_48_36,r_42_101_76,seq49,r_42_101_76,0.94,-51,25,76,8
19,r_34_29_149,seq35,r_70_30_145,r_70_30_145,0.63,4,149,145,8
25,r_102_92_114,r_63_104_33,r_65_89_15,r_63_104_33,0.91,81,114,33,8
76,seq50,r_52_13_184,r_64_53_83,r_64_53_83,1.0,92,175,83,8
45,r_56_137_29,seq55,r_139_20_131,r_56_137_29,1.0,0,29,29,8
0,r_63_104_33,r_70_30_145,r_102_92_114,r_63_104_33,0.97,0,33,33,8
39,r_122_135_81,seq130,r_88_134_146,r_88_134_146,0.98,0,146,146,8
41,r_90_71_179,r_88_134_146,r_102_92_114,r_88_134_146,0.39,0,146,146,8
27,r_9_108_34,seq10,seq110,r_9_108_34,1.0,1,35,34,8
10,r_68_60_189,seq67,r_73_61_80,r_73_61_80,0.98,109,189,80,8
48,r_54_26_97,r_58_75_1,r_68_60_189,r_58_75_1,0.31,27,28,1,8
4,r_16_27_165,seq15,r_66_28_109,r_66_28_109,1.0,56,165,109,8
78,seq57,r_64_53_83,r_73_61_80,r_64_53_83,0.88,-3,80,83,8
11,r_78_103_109,r_77_87_156,r_63_104_33,r_78_103_109,0.87,0,109,109,8
20,r_143_1_148,r_142_105_171,r_82_2_129,r_142_105_171,0.86,-23,148,171,8
13,r_76_38_119,r_77_87_156,r_109_37_30,r_76_38_119,0.96,0,119,119,8
49,r_111_25_34,seq112,r_14_140_190,r_111_25_34,0.99,0,34,34,8
46,r_17_51_4,r_52_13_184,r_64_53_83,r_64_53_83,1.0,84,167,83,8
15,r_62_22_85,seq57,r_119_19_49,r_62_22_85,0.89,0,85,85,8
49,r_111_25_34,r_14_140_190,r_54_26_97,r_54_26_97,1.0,0,97,97,8
17,r_59_124_50,r_64_53_83,r_80_123_3,r_59_124_50,1.0,2,52,50,8
40,r_82_2_129,r_9_108_34,seq3,r_82_2_129,0.8,1,130,129,8
0,r_63_104_33,r_102_92_114,r_78_103_109,r_63_104_33,0.86,77,110,33,8
16,r_107_21_126,r_63_104_33,r_62_22_85,r_107_21_126,0.99,0,126,126,8
8,r_119_19_49,seq120,seq18,r_119_19_49,0.97,0,49,49,8
40,r_82_2_129,r_63_104_33,r_9_108_34,r_82_2_129,0.5,-71,58,129,8
2,r_88_134_146,r_90_71_179,r_122_135_81,r_90_71_179,0.55,-33,146,179,8
47,r_127_8_164,seq128,seq10,r_127_8_164,0.82,0,164,164,8
29,r_46_79_135,seq49,r_24_81_105,r_46_79_135,0.99,0,135,135,8
24,r_12_106_152,seq11,r_63_104_33,r_12_106_152,0.82,0,152,152,8
25,r_102_92_114,r_107_21_126,r_63_104_33,r_63_104_33,1.0,64,97,33,8
33,r_125_99_69,seq126,seq96,r_125_99_69,1.0,0,69,69,8
48,r_54_26_97,r_68_60_189,r_39_23_36,r_54_26_97,1.0,0,97,97,8
44,r_39_23_36,seq40,r_24_81_105,r_39_23_36,1.0,0,36,36,8
31,r_109_37_30,r_111_25_34,seq32,r_109_37_30,1.0,0,30,30,8
23,r_41_148_33,seq40,seq149,r_41_148_33,1.0,0,33,33,8
32,r_33_100_175,seq32,r_63_104_33,r_33_100_175,0.51,0,175,175,8
38,r_139_20_131,r_138_91_156,r_119_19_49,r_138_91_156,0.57,-25,131,156,8
26,r_7_95_12,r_12_106_152,r_93_94_97,r_7_95_12,1.0,0,12,12,8
34,r_141_69_97,r_142_105_171,seq67,r_141_69_97,1.0,0,97,97,8
43,r_24_81_105,seq74,r_46_79_135,r_46_79_135,0.99,16,151,135,8
60,seq15,r_16_27_165,r_66_28_109,r_66_28_109,1.0,53,162,109,8
45,r_56_137_29,r_139_20_131,seq144,r_139_20_131,1.0,-9,122,131,8
81,seq72,r_70_30_145,seq67,r_70_30_145,0.98,-39,106,145,8
41,r_90_71_179,r_102_92_114,r_141_69_97,r_90_71_179,0.81,0,179,179,8
35,r_138_91_156,r_56_137_29,r_102_92_114,r_138_91_156,0.97,1,157,156,8
9,r_129_31_83,r_127_8_164,seq43,r_129_31_83,0.97,1,84,83,8
43,r_24_81_105,seq18,r_39_23_36,r_39_23_36,1.0,20,56,36,8
26,r_7_95_12,r_93_94_97,r_125_99_69,r_125_99_69,1.0,64,133,69,8
31,r_109_37_30,seq32,r_76_38_119,r_76_38_119,1.0,1,120,119,8
22,r_64_53_83,seq57,seq50,r_64_53_83,1.0,0,83,83,8
43,r_24_81_105,r_39_23_36,seq74,r_24_81_105,0.98,0,105,105,8
7,r_66_28_109,r_68_60_189,r_54_26_97,r_68_60_189,0.99,-80,109,189,8
18,r_65_89_15,r_88_134_146,r_102_92_114,r_65_89_15,0.82,131,146,15,8
85,seq85,seq83,r_65_89_15,r_65_89_15,0.49,27,42,15,8
79,seq67,r_68_60_189,r_141_69_97,r_141_69_97,1.0,83,180,97,8
35,r_138_91_156,r_139_20_131,r_56_137_29,r_138_91_156,0.63,-25,131,156,8
93,seq101,r_102_114_172,r_103_108_52,r_102_114_172,0.63,0,172,172,9
36,r_107_3_74,r_110_145_151,seq2,r_107_3_74,1.0,0,74,74,9
14,r_15_7_190,seq14,r_46_13_50,r_46_13_50,1.0,136,186,50,9
8,r_57_56_116,seq58,r_149_59_49,r_149_59_49,1.0,105,154,49,9
43,r_127_96_184,seq128,r_103_108_52,r_127_96_184,0.39,0,184,184,9
21,r_132_115_102,seq134,r_135_116_32,r_132_115_102,0.83,0,102,102,9
39,r_67_47_93,seq68,seq45,r_67_47_93,0.96,0,93,93,9
1,r_104_35_106,r_110_145_151,r_50_36_73,r_104_35_106,1.0,0,106,106,9
13,r_22_121_15,r_19_55_102,seq120,r_22_121_15,1.0,0,15,15,9
61,seq148,r_149_59_49,seq146,r_149_59_49,1.0,-8,41,49,9
5,r_88_21_92,r_111_87_25,seq18,r_88_21_92,1.0,0,92,92,9
80,seq66,r_67_47_93,r_94_65_63,r_67_47_93,0.7,0,93,93,9
49,r_50_36_73,r_118_33_9,r_104_35_106,r_104_35_106,0.78,19,125,106,9
7,r_124_17_157,r_22_121_15,seq18,r_124_17_157,0.65,0,157,157,9
45,r_111_87_25,r_90_72_158,r_103_108_52,r_103_108_52,0.52,106,158,52,9
77,seq58,r_57_56_116,r_149_59_49,r_149_59_49,1.0,0,49,49,9
41,r_49_60_170,seq48,r_149_59_49,r_149_59_49,0.95,121,170,49,9
3,r_92_80_184,seq91,r_94_65_63,r_94_65_63,0.96,124,187,63,9
90,seq142,r_139_20_155,seq137,r_139_20_155,1.0,-26,129,155,9
26,r_109_97_187,r_110_145_151,r_103_108_52,r_110_145_151,0.93,-6,145,151,9
72,seq45,seq43,r_67_47_93,r_67_47_93,1.0,1,94,93,9
15,r_27_10_33,r_8_119_170,r_123_9_64,r_123_9_64,1.0,1,65,64,9
4,r_110_145_151,r_109_97_187,seq144,r_110_145_151,0.88,0,151,151,9
73,seq48,r_49_60_170,seq52,r_49_60_170,0.9,0,170,170,9
48,r_4_23_130,seq6,r_105_24_42,r_105_24_42,0.91,88,130,42,9
12,r_8_119_170,r_27_10_33,seq117,r_8_119_170,0.85,0,170,170,9
0,r_135_116_32,r_104_35_106,r_132_115_102,r_135_116_32,0.94,70,102,32,9
27,r_0_89_77,seq2,seq91,r_0_89_77,0.99,0,77,77,9
15,r_27_10_33,seq26,r_8_119_170,r_27_10_33,0.81,0,33,33,9
75,seq54,r_51_95_196,r_93_53_16,r_93_53_16,1.0,9,25,16,9
97,seq120,r_123_9_64,r_22_121_15,r_123_9_64,0.64,-9,55,64,9
12,r_8_119_170,r_4_23_130,r_27_10_33,r_8_119_170,0.73,-115,55,170,9
24,r_140_83_65,r_139_20_155,seq82,r_140_83_65,1.0,0,65,65,9
25,r_19_55_102,seq18,r_149_59_49,r_19_55_102,0.98,0,102,102,9
18,r_149_59_49,seq148,seq58,r_149_59_49,0.97,-2,47,49,9
50,seq128,r_127_96_184,seq125,r_127_96_184,0.57,0,184,184,9
44,r_93_53_16,r_94_65_63,seq54,r_93_53_16,0.95,0,16,16,9
37,r_139_20_155,r_140_83_65,r_86_138_58,r_139_20_155,0.98,-97,58,155,9
10,r_105_24_42,r_110_145_151,seq26,r_105_24_42,1.0,0,42,42,9
34,r_64_122_186,seq68,r_22_121_15,r_22_121_15,0.82,171,186,15,9
31,r_86_138_58,r_88_21_92,r_139_20_155,r_86_138_58,0.91,0,58,58,9
17,r_123_9_64,r_124_17_157,r_27_10_33,r_123_9_64,1.0,0,64,64,9
20,r_103_108_52,r_84_79_147,r_109_97_187,r_103_108_52,0.66,-18,34,52,9
9,r_94_65_63,r_103_108_52,seq66,r_94_65_63,0.92,-1,62,63,9
31,r_86_138_58,r_139_20_155,seq142,r_139_20_155,0.96,0,155,155,9
0,r_135_116_32,seq136,r_104_35_106,r_135_116_32,0.92,0,32,32,9
37,r_139_20_155,r_86_138_58,r_88_21_92,r_139_20_155,0.67,0,155,155,9
22,r_90_72_158,r_92_80_184,r_84_79_147,r_92_80_184,0.47,-26,158,184,9
28,r_70_112_160,seq71,r_103_108_52,r_103_108_52,0.65,108,160,52,9
91,seq91,r_92_80_184,r_103_108_52,r_92_80_184,0.31,0,184,184,9
49,r_50_36_73,r_49_60_170,r_118_33_9,r_118_33_9,0.47,64,73,9,9
7,r_124_17_157,r_123_9_64,r_22_121_15,r_123_9_64,0.92,0,64,64,9
23,r_84_79_147,r_103_108_52,r_140_83_65,r_140_83_65,0.93,80,145,65,9
42,r_46_13_50,seq45,seq14,r_46_13_50,1.0,0,50,50,9
19,r_78_40_37,seq76,seq39,r_78_40_37,0.87,0,37,37,9
35,r_73_143_145,seq74,seq144,r_73_143_145,0.77,1,146,145,9
14,r_13_90_152,r_12_127_184,r_89_46_207,r_13_90_152,0.83,0,152,152,10
8,r_31_116_163,seq30,r_6_112_42,r_6_112_42,0.67,120,162,42,10
30,r_45_59_115,r_57_33_187,seq60,r_45_59_115,0.36,-77,38,115,10
20,r_82_87_21,r_85_42_69,r_143_86_60,r_82_87_21,0.99,48,69,21,10
19,r_89_46_207,r_3_84_62,r_13_90_152,r_13_90_152,0.99,0,152,152,10
21,r_16_7_145,r_17_4_193,r_72_9_85,r_72_9_85,1.0,61,146,85,10
5,r_43_24_153,seq44,r_12_127_184,r_43_24_153,0.74,0,153,153,10
46,r_2_83_94,r_1_128_156,r_3_84_62,r_1_128_156,1.0,-62,94,156,10
42,r_100_131_78,seq101,r_62_130_5,r_100_131_78,1.0,0,78,78,10
14,r_13_90_152,r_89_46_207,r_2_83_94,r_89_46_207,0.95,-2,205,207,10
69,seq47,r_57_33_187,seq48,r_57_33_187,0.52,-119,68,187,10
45,r_121_94_95,seq120,seq109,r_121_94_95,0.73,0,95,95,10
33,r_147_19_42,r_148_138_126,r_11_10_23,r_147_19_42,1.0,0,42,42,10
32,r_6_112_42,r_118_37_174,r_31_116_163,r_6_112_42,0.94,132,174,42,10
19,r_89_46_207,r_88_66_63,r_3_84_62,r_89_46_207,0.87,-144,63,207,10
43,r_74_63_34,seq75,seq67,r_74_63_34,0.8,7,41,34,10
31,r_118_37_174,r_115_144_38,r_139_49_128,r_115_144_38,0.9,0,38,38,10
41,r_85_42_69,seq92,seq44,r_85_42_69,1.0,0,69,69,10
9,r_71_122_58,r_69_117_207,seq120,r_71_122_58,1.0,0,58,58,10
20,r_82_87_21,seq79,r_85_42_69,r_82_87_21,0.89,1,22,21,10
89,seq101,r_100_131_78,r_73_103_26,r_100_131_78,0.8,-8,70,78,10
44,r_73_103_26,r_72_9_85,seq101,r_73_103_26,0.97,-2,24,26,10
3,r_80_20_94,seq79,seq21,r_80_20_94,0.99,0,94,94,10
10,r_1_128_156,r_2_83_94,r_17_4_193,r_2_83_94,1.0,0,94,94,10
0,r_53_96_30,r_57_33_187,seq95,r_53_96_30,1.0,0,30,30,10
26,r_29_102_139,seq30,seq101,r_29_102_139,0.6,0,139,139,10
19,r_89_46_207,r_13_90_152,seq47,r_89_46_207,0.82,0,207,207,10
4,r_14_70_65,r_13_90_152,r_69_117_207,r_14_70_65,1.0,0,65,65,10
13,r_143_86_60,seq142,r_82_87_21,r_143_86_60,1.0,0,60,60,10
27,r_0_56_139,r_147_19_42,seq54,r_0_56_139,0.96,3,142,139,10
4,r_14_70_65,r_69_117_207,r_88_66_63,r_14_70_65,0.47,132,197,65,10
57,seq142,r_143_86_60,seq140,r_143_86_60,1.0,1,61,60,10
15,r_113_65_74,r_6_112_42,r_88_66_63,r_113_65_74,1.0,0,74,74,10
2,r_68_40_46,seq44,r_98_41_122,r_98_41_122,1.0,7,129,122,10
15,r_113_65_74,r_118_37_174,r_6_112_42,r_6_112_42,0.99,1,43,42,10
10,r_1_128_156,r_17_4_193,r_114_135_23,r_1_128_156,1.0,0,156,156,10
5,r_43_24_153,r_12_127_184,r_36_25_173,r_43_24_153,0.67,30,183,153,10
54,seq137,r_139_49_128,r_121_94_95,r_121_94_95,0.41,-60,35,95,10
11,r_124_18_57,seq134,seq15,r_124_18_57,1.0,0,57,57,10
40,r_3_84_62,r_1_128_156,r_143_86_60,r_3_84_62,1.0,0,62,62,10
18,r_39_99_72,seq35,seq97,r_39_99_72,1.0,0,72,72,10
32,r_6_112_42,r_113_65_74,r_118_37_174,r_113_65_74,0.98,0,74,74,10
24,r_64_27_149,seq67,r_125_26_135,r_64_27_149,0.91,-1,148,149,10
36,r_23_136_57,r_22_8_154,seq137,r_23_136_57,1.0,0,57,57,10
31,r_118_37_174,r_139_49_128,r_6_112_42,r_118_37_174,0.65,-125,49,174,10
64,seq32,seq38,r_57_33_187,r_57_33_187,0.53,0,187,187,10
2,r_68_40_46,r_69_117_207,seq44,r_68_40_46,0.98,0,46,46,10
58,seq15,r_16_7_145,r_124_18_57,r_124_18_57,1.0,89,146,57,10
6,r_22_8_154,r_124_18_57,r_72_9_85,r_72_9_85,1.0,69,154,85,10
38,r_125_26_135,r_12_127_184,r_64_27_149,r_12_127_184,0.59,-29,155,184,10
16,r_114_135_23,r_115_144_38,seq134,r_114_135_23,0.6,0,23,23,10
34,r_139_49_128,seq140,seq48,r_139_49_128,0.98,0,128,128,10
1,r_115_144_38,r_118_37_174,seq146,r_115_144_38,0.97,0,38,38,10
60,seq21,r_16_7_145,r_80_20_94,r_80_20_94,1.0,37,131,94,10
17,r_72_9_85,r_76_104_185,seq5,r_72_9_85,1.0,0,85,85,10
22,r_148_138_126,seq149,seq137,r_148_138_126,0.98,0,126,126,10
28,r_17_4_193,r_16_7_145,r_124_18_57,r_124_18_57,1.0,89,146,57,10
49,r_145_91_158,seq146,seq93,r_145_91_158,0.61,0,158,158,10
7,r_12_127_184,r_11_10_23,r_1_128_156,r_11_10_23,0.83,161,184,23,10
23,r_88_66_63,r_89_46_207,seq67,r_88_66_63,0.98,0,63,63,10
6,r_22_8_154,r_23_136_57,r_124_18_57,r_22_8_154,0.79,-97,57,154,10
35,r_11_10_23,r_12_127_184,r_124_18_57,r_124_18_57,1.0,127,184,57,10
32,r_6_112_42,seq5,r_113_65_74,r_6_112_42,1.0,0,42,42,10
44,r_128_1_4,r_4_66_192,r_35_2_33,r_128_1_4,0.68,77,81,4,11
1,r_87_44_133,r_131_88_55,seq42,r_87_44_133,0.8,0,133,133,11
14,r_72_89_161,seq70,r_131_88_55,r_131_88_55,1.0,106,161,55,11
8,r_103_124_66,seq102,seq125,r_103_124_66,0.99,0,66,66,11
43,r_147_18_122,seq149,r_60_16_122,r_147_18_122,0.93,0,122,122,11
26,r_24_20_53,seq23,r_5_51_181,r_5_51_181,0.83,-143,38,181,11
30,r_101_108_18,r_103_124_66,seq111,r_101_108_18,0.62,0,18,18,11
16,r_14_134_186,seq17,r_103_124_66,r_14_134_186,0.33,0,186,186,11
21,r_120_39_63,r_123_137_125,seq40,r_120_39_63,1.0,2,65,63,11
1,r_87_44_133,r_91_41_78,r_131_88_55,r_131_88_55,1.0,23,78,55,11
26,r_24_20_53,r_5_51_181,r_77_19_80,r_77_19_80,1.0,7,87,80,11
45,r_139_36_81,seq138,r_62_32_72,r_139_36_81,1.0,0,81,81,11
22,r_115_98_36,r_123_137_125,seq97,r_115_98_36,1.0,0,36,36,11
19,r_93_80_89,r_91_41_78,seq81,r_93_80_89,0.63,-11,78,89,11
11,r_131_88_55,r_87_44_133,seq86,r_131_88_55,0.51,78,133,55,11
27,r_33_61_45,r_60_16_122,r_93_80_89,r_60_16_122,1.0,0,122,122,11
27,r_33_61_45,r_34_46_90,r_60_16_122,r_33_61_45,0.9,0,45,45,11
39,r_121_47_9,seq42,r_107_45_69,r_107_45_69,1.0,39,108,69,11
31,r_118_15_181,seq130,r_60_16_122,r_60_16_122,0.76,59,181,122,11
41,r_9_3_105,r_10_48_192,r_60_16_122,r_60_16_122,1.0,2,124,122,11
49,r_35_2_33,r_34_46_90,r_128_1_4,r_35_2_33,0.91,0,33,33,11
89,seq102,r_103_124_66,seq105,r_103_124_66,0.9,0,66,66,11
24,r_60_16_122,r_33_61_45,r_9_3_105,r_60_16_122,0.95,0,122,122,11
3,r_68_6_95,r_67_26_178,r_30_13_35,r_68_6_95,0.94,0,95,95,11
10,r_67_26_178,r_68_6_95,r_93_80_89,r_68_6_95,1.0,0,95,95,11
11,r_131_88_55,seq132,r_87_44_133,r_131_88_55,1.0,0,55,55,11
4,r_107_45_69,seq105,r_121_47_9,r_107_45_69,1.0,1,70,69,11
78,seq65,r_64_0_152,r_25_63_132,r_25_63_132,0.65,20,152,132,11
0,r_25_63_132,seq27,seq65,r_25_63_132,0.83,1,133,132,11
63,seq22,seq23,r_71_21_63,r_71_21_63,1.0,29,92,63,11
20,r_94_113_63,seq95,seq112,r_94_113_63,1.0,0,63,63,11
12,r_148_53_50,seq149,seq55,r_148_53_50,1.0,0,50,50,11
13,r_34_46_90,seq31,r_107_45_69,r_107_45_69,1.0,22,91,69,11
15,r_109_122_100,seq110,seq129,r_109_122_100,0.57,0,100,100,11
57,seq141,r_139_36_81,r_52_140_18,r_139_36_81,0.77,0,81,81,11
6,r_76_8_60,r_77_19_80,r_30_13_35,r_30_13_35,0.99,25,60,35,11
23,r_143_106_45,seq142,seq105,r_143_106_45,0.6,0,45,45,11
10,r_67_26_178,r_93_80_89,r_71_21_63,r_67_26_178,0.81,0,178,178,11
29,r_52_140_18,r_34_46_90,seq141,r_52_140_18,0.99,0,18,18,11
2,r_90_74_49,r_91_41_78,seq73,r_90_74_49,0.69,16,65,49,11
47,r_91_41_78,r_93_80_89,r_120_39_63,r_120_39_63,0.99,15,78,63,11
5,r_30_13_35,r_49_85_17,r_99_11_3,r_30_13_35,0.69,1,36,35,11
24,r_60_16_122,r_62_32_72,r_33_61_45,r_60_16_122,0.92,-50,72,122,11
33,r_71_21_63,r_72_89_161,seq22,r_71_21_63,1.0,0,63,63,11
70,seq40,seq54,r_120_39_63,r_120_39_63,1.0,3,66,63,11
32,r_100_145_138,seq96,seq146,r_100_145_138,0.92,0,138,138,11
32,r_100_145_138,seq97,seq96,r_100_145_138,0.44,-35,103,138,11
38,r_77_19_80,seq73,r_24_20_53,r_77_19_80,1.0,0,80,80,11
36,r_83_127_21,r_82_37_159,seq130,r_83_127_21,1.0,0,21,21,11
60,seq17,r_14_134_186,r_68_6_95,r_68_6_95,1.0,92,187,95,11
40,r_117_12_42,r_123_137_125,r_30_13_35,r_117_12_42,1.0,0,42,42,11
17,r_123_137_125,r_118_15_181,seq136,r_123_137_125,0.66,0,125,125,11
94,seq112,r_109_122_100,r_94_113_63,r_94_113_63,1.0,5,68,63,11
39,r_121_47_9,r_123_137_125,seq42,r_121_47_9,1.0,2,11,9,11
28,r_5_51_181,r_10_48_192,r_148_53_50,r_148_53_50,0.57,131,181,50,11
88,seq97,r_100_145_138,r_115_98_36,r_115_98_36,0.87,0,36,36,11
56,seq138,r_139_36_81,seq136,r_139_36_81,1.0,0,81,81,11
7,r_62_32_72,r_60_16_122,seq31,r_60_16_122,0.94,-50,72,122,11
79,seq70,r_72_89_161,r_93_80_89,r_93_80_89,0.81,74,163,89,11
35,r_79_50_81,r_82_37_159,seq55,r_79_50_81,0.8,0,81,81,11
30,r_137_42_187,seq139,r_119_39_160,r_119_39_160,0.76,27,187,160,12
36,r_96_89_97,r_95_76_111,r_21_91_5,r_95_76_111,0.87,-1,110,111,12
39,r_78_51_61,r_93_77_36,r_47_52_5,r_78_51_61,1.0,0,61,61,12
14,r_130_2_73,r_111_74_128,seq4,r_130_2_73,1.0,0,73,73,12
8,r_105_135_100,seq104,seq136,r_105_135_100,0.93,0,100,100,12
53,seq10,r_8_106_190,r_87_5_179,r_87_5_179,0.65,9,188,179,12
43,r_38_72_106,seq40,r_93_77_36,r_38_72_106,1.0,0,106,106,12
54,seq139,r_137_42_187,r_141_138_125,r_141_138_125,0.87,2,127,125,12
10,r_54_50_10,r_55_84_62,seq49,r_54_50_10,0.9,0,10,10,12
25,r_122_65_175,r_119_39_160,r_114_102_95,r_119_39_160,0.71,-8,152,160,12
26,r_88_3_55,r_87_5_179,seq4,r_88_3_55,1.0,0,55,55,12
71,seq36,r_38_72_106,seq35,r_38_72_106,1.0,-35,71,106,12
16,r_15_100_130,seq16,r_67_97_12,r_15_100_130,0.98,0,130,130,12
5,r_18_128_108,seq20,r_73_126_25,r_18_128_108,0.94,1,109,108,12
45,r_80_17_167,seq81,r_57_19_144,r_80_17_167,0.82,0,167,167,12
25,r_122_65_175,r_114_102_95,r_120_63_100,r_122_65_175,0.86,0,175,175,12
31,r_148_13_140,r_149_101_169,seq12,r_148_13_140,0.96,0,140,140,12
41,r_46_59_159,seq49,r_1_45_33,r_1_45_33,1.0,55,88,33,12
11,r_93_77_36,r_78_51_61,seq70,r_78_51_61,0.99,1,62,61,12
1,r_121_98_13,r_120_63_100,r_67_97_12,r_121_98_13,0.92,0,13,13,12
11,r_93_77_36,seq70,r_38_72_106,r_38_72_106,1.0,1,107,106,12
4,r_87_5_179,seq86,r_130_2_73,r_130_2_73,0.81,106,179,73,12
63,seq132,r_134_68_127,r_131_133_126,r_134_68_127,1.0,0,127,127,12
39,r_78_51_61,r_75_31_31,r_93_77_36,r_78_51_61,1.0,-30,31,61,12
15,r_149_101_169,seq146,r_55_84_62,r_55_84_62,1.0,107,169,62,12
48,r_129_109_144,seq127,r_37_110_61,r_37_110_61,1.0,83,144,61,12
57,seq16,r_15_100_130,seq14,r_15_100_130,0.97,0,130,130,12
19,r_145_116_59,seq146,seq112,r_145_116_59,1.0,0,59,59,12
13,r_57_19_144,r_0_56_8,seq20,r_57_19_144,0.9,0,144,144,12
6,r_141_138_125,seq140,seq139,r_141_138_125,0.57,0,125,125,12
99,seq127,r_129_109_144,r_18_128_108,r_18_128_108,1.0,36,144,108,12
0,r_0_56_8,r_57_19_144,seq58,r_57_19_144,1.0,0,144,144,12
27,r_25_125_167,seq24,r_11_124_8,r_25_125_167,0.69,0,167,167,12
2,r_55_84_62,r_53_26_65,seq86,r_55_84_62,1.0,1,63,62,12
41,r_46_59_159,r_1_45_33,seq60,r_46_59_159,0.93,0,159,159,12
47,r_53_26_65,r_55_84_62,seq24,r_53_26_65,1.0,-2,63,65,12
29,r_131_133_126,r_134_68_127,seq132,r_134_68_127,1.0,0,127,127,12
25,r_122_65_175,r_120_63_100,r_119_39_160,r_120_63_100,0.97,1,101,100,12
46,r_9_32_30,r_8_106_190,r_75_31_31,r_9_32_30,1.0,1,31,30,12
33,r_111_74_128,seq104,r_93_77_36,r_111_74_128,0.82,0,128,128,12
13,r_57_19_144,seq58,r_0_56_8,r_0_56_8,0.98,2,10,8,12
88,seq86,r_87_5_179,seq81,r_87_5_179,0.44,0,179,179,12
38,r_117_48_108,r_114_102_95,r_54_50_10,r_117_48_108,1.0,0,108,108,12
52,seq136,seq139,r_105_135_100,r_105_135_100,0.98,12,112,100,12
34,r_79_6_161,seq81,seq4,r_79_6_161,0.68,0,161,161,12
28,r_119_39_160,r_18_128_108,seq35,r_119_39_160,0.98,0,160,160,12
24,r_73_126_25,r_75_31_31,seq127,r_73_126_25,0.84,0,25,25,12
79,seq66,seq69,r_43_64_20,r_43_64_20,0.66,6,26,20,12
60,seq20,r_18_128_108,r_53_26_65,r_53_26_65,0.84,43,108,65,12
17,r_37_110_61,r_38_72_106,r_111_74_128,r_37_110_61,1.0,0,61,61,12
42,r_1_45_33,seq4,r_54_50_10,r_1_45_33,1.0,0,33,33,12
9,r_134_68_127,seq132,seq71,r_134_68_127,0.86,0,127,127,12
28,r_119_39_160,r_122_65_175,r_18_128_108,r_18_128_108,1.0,41,149,108,12
11,r_93_77_36,seq90,r_78_51_61,r_93_77_36,0.9,0,36,36,12
12,r_67_97_12,seq66,r_21_91_5,r_67_97_12,0.98,0,12,12,12
7,r_120_63_100,r_122_65_175,r_43_64_20,r_120_63_100,0.93,0,100,100,12
17,r_37_110_61,r_111_74_128,r_22_108_28,r_111_74_128,1.0,0,128,128,12
82,seq71,seq70,r_134_68_127,r_134_68_127,1.0,21,148,127,12
49,r_44_99_20,r_43_64_20,r_67_97_12,r_44_99_20,0.98,0,20,20,12
60,seq20,r_53_26_65,r_57_19_144,r_57_19_144,0.98,28,172,144,12
35,r_95_76_111,r_96_89_97,r_93_77_36,r_96_89_97,1.0,14,111,97,12
22,r_43_64_20,seq49,seq66,r_43_64_20,1.0,0,20,20,12
44,r_22_108_28,r_25_125_167,seq104,r_22_108_28,1.0,0,28,28,12
40,r_57_48_6,seq43,r_13_40_107,r_13_40_107,1.0,30,137,107,13
30,r_35_124_98,seq36,r_145_121_46,r_35_124_98,1.0,0,98,98,13
12,r_145_121_46,r_149_12_102,seq132,r_145_121_46,0.63,1,47,46,13
36,r_7_101_192,r_10_103_140,r_58_14_106,r_7_101_192,0.6,-52,140,192,13
14,r_10_103_140,r_7_101_192,seq102,r_10_103_140,0.93,0,140,140,13
8,r_60_123_127,seq61,r_145_121_46,r_60_123_127,0.85,0,127,127,13
43,r_54_91_166,r_55_93_115,r_67_49_47,r_54_91_166,0.6,-51,115,166,13
54,seq6,r_1_51_149,seq4,r_1_51_149,1.0,-38,111,149,13
23,r_81_23_31,seq76,seq20,r_81_23_31,1.0,0,31,31,13
37,r_82_135_141,seq80,seq133,r_82_135_141,0.78,0,141,141,13
39,r_79_143_204,seq80,r_142_148_4,r_142_148_4,0.78,200,204,4,13
1,r_89_25_103,seq90,seq27,r_89_25_103,0.98,0,103,103,13
5,r_115_2_90,r_117_56_179,r_50_0_36,r_115_2_90,0.95,1,91,90,13
46,r_66_130_183,seq69,seq131,r_66_130_183,0.55,0,183,183,13
42,r_62_64_81,r_63_8_199,seq65,r_62_64_81,1.0,0,81,81,13
45,r_142_148_4,r_147_46_144,r_39_144_105,r_142_148_4,0.97,122,126,4,13
95,seq118,r_117_56_179,r_5_112_10,r_117_56_179,0.71,1,180,179,13
76,seq59,r_58_14_106,seq61,r_58_14_106,0.96,0,106,106,13
67,seq29,r_30_113_135,seq27,r_30_113_135,1.0,0,135,135,13
3,r_9_141_71,r_10_103_140,seq138,r_9_141_71,1.0,3,74,71,13
10,r_149_12_102,r_147_46_144,r_10_103_140,r_149_12_102,0.97,0,102,102,13
10,r_149_12_102,r_10_103_140,r_58_14_106,r_10_103_140,1.0,0,140,140,13
36,r_7_101_192,r_58_14_106,seq102,r_7_101_192,0.99,0,192,192,13
0,r_1_51_149,r_54_91_166,r_86_52_164,r_1_51_149,0.56,15,164,149,13
78,seq65,seq69,r_62_64_81,r_62_64_81,1.0,6,87,81,13
0,r_1_51_149,seq6,r_54_91_166,r_1_51_149,0.51,0,149,149,13
63,seq132,seq129,r_74_128_18,r_74_128_18,0.97,175,193,18,13
73,seq41,seq43,r_122_42_61,r_122_42_61,1.0,49,110,61,13
13,r_13_40_107,r_10_103_140,r_57_48_6,r_13_40_107,1.0,0,107,107,13
48,r_97_114_188,r_71_96_2,r_5_112_10,r_97_114_188,0.46,0,188,188,13
12,r_145_121_46,seq132,r_35_124_98,r_35_124_98,1.0,39,137,98,13
16,r_67_49_47,r_66_130_183,r_57_48_6,r_67_49_47,1.0,0,47,47,13
31,r_37_84_47,r_35_124_98,r_86_52_164,r_37_84_47,1.0,1,48,47,13
17,r_86_52_164,r_85_75_35,r_37_84_47,r_37_84_47,1.0,7,54,47,13
27,r_94_11_140,seq92,r_58_14_106,r_94_11_140,0.97,0,140,140,13
6,r_85_75_35,r_86_52_164,seq76,r_85_75_35,0.43,3,38,35,13
41,r_50_0_36,r_39_144_105,r_1_51_149,r_50_0_36,1.0,0,36,36,13
2,r_99_88_148,seq100,seq90,r_99_88_148,0.71,0,148,148,13
41,r_50_0_36,r_1_51_149,r_115_2_90,r_50_0_36,0.6,113,149,36,13
47,r_39_144_105,seq43,r_142_148_4,r_39_144_105,1.0,0,105,105,13
4,r_74_128_18,seq73,seq127,r_74_128_18,0.98,0,18,18,13
81,seq76,r_81_23_31,r_85_75_35,r_81_23_31,0.98,0,31,31,13
29,r_63_8_199,r_62_64_81,seq59,r_62_64_81,0.93,0,81,81,13
24,r_95_77_63,seq102,r_85_75_35,r_95_77_63,1.0,0,63,63,13
25,r_116_44_186,seq118,seq43,r_116_44_186,0.73,0,186,186,13
33,r_30_113_135,seq29,r_5_112_10,r_30_113_135,0.77,0,135,135,13
43,r_54_91_166,r_1_51_149,seq90,r_54_91_166,0.93,0,166,166,13
68,seq31,r_32_45_190,r_81_23_31,r_81_23_31,1.0,159,190,31,13
32,r_32_45_190,seq31,r_13_40_107,r_13_40_107,0.97,86,193,107,13
38,r_71_96_2,r_97_114_188,seq98,r_97_114_188,0.92,0,188,188,13
77,seq61,r_60_123_127,r_63_8_199,r_60_123_127,0.99,0,127,127,13
34,r_146_119_110,r_147_46_144,seq120,r_147_46_144,0.85,-34,110,144,13
75,seq47,seq43,r_147_46_144,r_147_46_144,1.0,5,149,144,13
94,seq111,r_110_3_124,r_5_112_10,r_110_3_124,0.92,0,124,124,13
31,r_37_84_47,r_55_93_115,r_21_83_182,r_37_84_47,0.5,135,182,47,13
9,r_58_14_106,seq59,r_149_12_102,r_58_14_106,0.95,0,106,106,13
96,seq120,seq132,r_146_119_110,r_146_119_110,0.6,15,125,110,13
31,r_37_84_47,r_86_52_164,r_55_93_115,r_55_93_115,0.89,46,161,115,13
18,r_5_112_10,r_35_124_98,seq111,r_5_112_10,1.0,0,10,10,13
22,r_33_140_150,r_32_45_190,r_9_141_71,r_32_45_190,0.98,-40,150,190,13
28,r_147_46_144,r_142_148_4,seq47,r_147_46_144,0.78,0,144,144,13
49,r_21_83_182,seq20,r_37_84_47,r_37_84_47,0.6,135,182,47,13
7,r_72_53_190,seq76,r_1_51_149,r_72_53_190,0.73,0,190,190,13
44,r_122_42_61,seq126,seq41,r_122_42_61,1.0,0,61,61,13
17,r_86_52_164,r_37_84_47,r_1_51_149,r_86_52_164,0.69,0,164,164,13
43,r_54_91_166,r_67_49_47,r_1_51_149,r_1_51_149,0.82,0,149,149,13
82,seq80,r_79_143_204,r_85_75_35,r_85_75_35,0.47,169,204,35,13
84,seq90,r_89_25_103,seq87,r_89_25_103,1.0,0,103,103,13
40,r_30_62_168,r_109_29_37,r_148_57_140,r_148_57_140,0.62,25,165,140,14
30,r_123_63_159,seq124,seq56,r_123_63_159,0.74,0,159,159,14
51,seq1,seq3,r_114_0_125,r_114_0_125,1.0,3,128,125,14
36,r_59_7_150,seq60,r_33_8_26,r_59_7_150,0.88,0,150,150,14
18,r_12_15_37,r_82_11_18,seq14,r_12_15_37,0.94,0,37,37,14
8,r_108_106_152,seq113,seq102,r_108_106_152,0.55,0,152,152,14
37,r_96_23_78,r_97_67_115,seq22,r_96_23_78,0.91,0,78,78,14
56,seq137,seq145,r_79_136_78,r_79_136_78,0.96,0,78,78,14
25,r_91_16_144,r_21_92_81,r_129_18_62,r_91_16_144,1.0,0,144,144,14
71,seq51,r_49_31_192,r_78_50_57,r_78_50_57,0.9,50,107,57,14
16,r_119_122_163,seq117,r_101_125_11,r_119_122_163,0.42,0,163,163,14
21,r_114_0_125,seq113,seq1,r_114_0_125,0.99,0,125,125,14
39,r_98_89_158,r_97_67_115,seq100,r_97_67_115,1.0,0,115,115,14
1,r_4_115_64,seq5,seq113,r_4_115_64,1.0,0,64,64,14
42,r_116_40_152,r_119_122_163,seq39,r_116_40_152,0.79,0,152,152,14
34,r_135_81_10,seq137,seq84,r_135_81_10,0.99,0,10,10,14
19,r_111_141_145,seq113,seq139,r_111_141_145,0.67,1,146,145,14
31,r_20_38_101,r_21_92_81,seq17,r_20_38_101,0.5,-63,38,101,14
41,r_109_29_37,r_119_122_163,r_30_62_168,r_109_29_37,0.97,0,37,37,14
26,r_54_32_53,seq53,seq34,r_54_32_53,1.0,0,53,53,14
9,r_138_110_58,seq139,seq113,r_138_110_58,1.0,0,58,58,14
14,r_33_8_26,seq27,seq5,r_33_8_26,0.98,0,26,26,14
3,r_94_43_101,seq93,seq42,r_94_43_101,0.99,0,101,101,14
13,r_36_44_17,r_49_31_192,r_72_46_53,r_72_46_53,0.8,7,60,53,14
47,r_131_88_95,r_129_18_62,seq133,r_129_18_62,0.94,-44,18,62,14
43,r_52_73_36,r_49_31_192,seq75,r_49_31_192,0.7,-156,36,192,14
15,r_101_125_11,r_104_66_35,seq124,r_101_125_11,0.98,0,11,11,14
4,r_140_48_64,r_149_142_22,seq47,r_140_48_64,1.0,0,64,64,14
20,r_97_67_115,r_98_89_158,r_10_68_39,r_97_67_115,1.0,0,115,115,14
98,seq126,r_131_88_95,seq128,r_131_88_95,1.0,-8,87,95,14
6,r_21_92_81,r_20_38_101,r_91_16_144,r_21_92_81,1.0,0,81,81,14
85,seq87,seq93,r_131_88_95,r_131_88_95,1.0,23,118,95,14
27,r_90_112_78,seq93,r_4_115_64,r_90_112_78,0.99,0,78,78,14
69,seq42,r_41_77_168,r_94_43_101,r_94_43_101,1.0,22,123,101,14
11,r_78_50_57,r_79_136_78,seq51,r_79_136_78,0.95,-21,57,78,14
2,r_149_142_22,r_148_57_140,seq139,r_148_57_140,0.98,-2,138,140,14
41,r_109_29_37,r_30_62_168,seq34,r_30_62_168,0.94,0,168,168,14
74,seq58,seq60,r_148_57_140,r_148_57_140,1.0,0,140,140,14
92,seq107,r_111_141_145,r_138_110_58,r_138_110_58,0.55,90,148,58,14
40,r_30_62_168,seq27,r_109_29_37,r_109_29_37,1.0,3,40,37,14
25,r_91_16_144,seq93,r_21_92_81,r_21_92_81,0.99,8,89,81,14
33,r_129_18_62,r_130_95_127,seq17,r_129_18_62,1.0,0,62,62,14
39,r_98_89_158,seq100,r_131_88_95,r_98_89_158,0.81,0,158,158,14
47,r_131_88_95,seq133,seq87,r_131_88_95,0.97,0,95,95,14
50,seq128,r_130_95_127,seq133,r_130_95_127,1.0,0,127,127,14
70,seq47,r_49_31_192,r_140_48_64,r_140_48_64,1.0,31,95,64,14
6,r_21_92_81,r_91_16_144,r_130_95_127,r_91_16_144,0.52,0,144,144,14
72,seq53,r_54_32_53,r_9_55_21,r_54_32_53,0.84,0,53,53,14
68,seq39,seq37,r_20_38_101,r_20_38_101,1.0,32,133,101,14
32,r_13_24_113,seq17,seq28,r_13_24_113,0.9,0,113,113,14
38,r_130_95_127,seq128,r_21_92_81,r_130_95_127,0.89,0,127,127,14
52,seq3,r_2_86_162,r_114_0_125,r_114_0_125,0.5,37,162,125,14
0,r_10_68_39,r_2_86_162,seq69,r_10_68_39,0.96,-1,38,39,14
60,seq17,seq14,r_129_18_62,r_129_18_62,1.0,9,71,62,14
10,r_104_66_35,seq103,seq69,r_104_66_35,1.0,0,35,35,14
17,r_41_77_168,seq42,r_135_81_10,r_41_77_168,0.31,1,169,168,14
96,seq121,r_131_88_95,seq133,r_131_88_95,1.0,-52,43,95,14
18,r_12_15_37,r_36_44_17,r_82_11_18,r_12_15_37,0.78,-26,11,37,14
31,r_20_38_101,seq17,seq39,r_20_38_101,1.0,0,101,101,14
29,r_82_11_18,r_12_15_37,r_129_18_62,r_129_18_62,0.98,103,165,62,14
22,r_120_19_134,seq134,r_12_15_37,r_120_19_134,0.95,0,134,134,14
28,r_72_46_53,r_78_50_57,r_36_44_17,r_36_44_17,1.0,43,60,17,14
13,r_36_44_17,seq37,r_49_31_192,r_36_44_17,0.89,0,17,17,14
49,r_143_80_148,seq144,seq84,r_143_80_148,0.75,0,148,148,14
7,r_74_65_66,seq75,seq64,r_74_65_66,0.88,0,66,66,14
66,seq34,seq27,r_54_32_53,r_54_32_53,0.98,1,54,53,14
23,r_79_136_78,seq83,seq137,r_79_136_78,1.0,0,78,78,14
35,r_61_35_180,seq60,r_109_29_37,r_109_29_37,0.92,143,180,37,14
12,r_148_57_140,seq146,seq58,r_148_57_140,0.57,0,140,140,14
29,r_82_11_18,r_74_65_66,r_12_15_37,r_82_11_18,0.49,-3,15,18,14
30,r_46_94_67,seq44,seq95,r_46_94_67,0.89,1,68,67,15
0,r_102_47_28,seq101,seq44,r_102_47_28,0.92,0,28,28,15
36,r_0_15_109,seq2,seq13,r_0_15_109,0.88,0,109,109,15
14,r_10_60_164,seq11,seq59,r_10_60_164,0.71,0,164,164,15
43,r_66_133_107,seq64,seq131,r_66_133_107,0.63,0,107,107,15
59,seq13,r_10_60_164,r_0_15_109,r_0_15_109,0.99,3,112,109,15
21,r_93_20_68,r_92_50_68,r_84_22_53,r_92_50_68,0.85,0,68,68,15
1,r_26_33_64,seq36,r_69_35_148,r_69_35_148,0.95,9,157,148,15
1,r_26_33_64,seq27,seq36,r_26_33_64,1.0,0,64,64,15
5,r_62_89_186,r_63_19_127,r_42_65_9,r_63_19_127,0.8,-20,107,127,15
46,r_83_107_80,r_82_145_101,seq111,r_83_107_80,0.99,0,80,80,15
42,r_9_7_19,r_10_60_164,seq4,r_9_7_19,1.0,0,19,19,15
61,seq16,r_110_17_1,r_118_25_124,r_118_25_124,0.63,24,148,124,15
33,r_23_34_148,r_110_17_1,r_84_22_53,r_84_22_53,1.0,2,55,53,15
34,r_24_88_184,seq29,seq27,r_24_88_184,0.4,-132,52,184,15
33,r_23_34_148,r_84_22_53,r_26_33_64,r_23_34_148,0.93,0,148,148,15
66,seq36,seq38,r_26_33_64,r_26_33_64,1.0,16,80,64,15
39,r_57_54_109,seq51,r_112_53_142,r_112_53_142,1.0,0,142,142,15
38,r_41_132_165,r_61_39_45,r_66_133_107,r_66_133_107,0.86,58,165,107,15
41,r_115_117_151,seq116,r_134_124_57,r_115_117_151,0.59,0,151,151,15
8,r_82_145_101,r_84_22_53,r_126_81_27,r_84_22_53,0.91,-3,50,53,15
89,seq98,r_97_37_182,r_79_96_118,r_79_96_118,0.63,58,176,118,15
3,r_110_17_1,r_23_34_148,r_93_20_68,r_93_20_68,0.95,81,149,68,15
10,r_43_123_87,r_41_132_165,r_134_124_57,r_43_123_87,1.0,0,87,87,15
20,r_143_31_59,r_147_85_96,seq32,r_143_31_59,1.0,0,59,59,15
63,seq27,r_26_33_64,r_24_88_184,r_26_33_64,1.0,0,64,64,15
31,r_126_81_27,r_127_104_129,r_82_145_101,r_126_81_27,0.95,0,27,27,15
13,r_128_99_160,seq129,r_77_100_60,r_128_99_160,0.53,0,160,160,15
15,r_146_30_149,seq149,r_143_31_59,r_143_31_59,0.87,90,149,59,15
48,r_92_50_68,r_93_20_68,seq56,r_93_20_68,0.99,0,68,68,15
76,seq59,r_42_65_9,r_10_60_164,r_10_60_164,1.0,2,166,164,15
57,seq11,r_10_60_164,r_58_12_54,r_58_12_54,1.0,110,164,54,15
6,r_127_104_129,r_128_99_160,seq103,r_127_104_129,0.55,0,129,129,15
40,r_138_139_3,r_87_137_70,r_82_145_101,r_82_145_101,0.68,43,144,101,15
19,r_21_121_22,r_23_34_148,r_125_122_5,r_21_121_22,0.99,0,22,22,15
97,seq119,r_43_123_87,r_21_121_22,r_43_123_87,0.33,71,158,87,15
17,r_84_22_53,r_82_145_101,r_23_34_148,r_84_22_53,1.0,0,53,53,15
27,r_63_19_127,r_62_89_186,r_148_18_111,r_63_19_127,0.5,0,127,127,15
9,r_61_39_45,r_66_133_107,seq40,r_61_39_45,0.99,0,45,45,15
29,r_109_74_23,r_108_45_170,seq75,r_109_74_23,0.9,0,23,23,15
49,r_58_12_54,r_57_54_109,seq8,r_58_12_54,1.0,0,54,54,15
47,r_91_68_110,seq90,seq70,r_91_68_110,0.59,11,121,110,15
18,r_87_137_70,r_79_96_118,r_138_139_3,r_87_137_70,0.91,1,71,70,15
24,r_112_53_142,r_113_3_160,r_57_54_109,r_112_53_142,0.63,0,142,142,15
8,r_82_145_101,r_126_81_27,r_144_141_3,r_82_145_101,0.87,1,102,101,15
25,r_69_35_148,seq70,r_26_33_64,r_69_35_148,0.99,0,148,148,15
88,seq95,r_93_20_68,r_46_94_67,r_93_20_68,0.99,0,68,68,15
70,seq44,r_46_94_67,r_102_47_28,r_46_94_67,0.71,1,68,67,15
31,r_126_81_27,r_109_74_23,r_6_80_160,r_6_80_160,1.0,1,161,160,15
32,r_134_124_57,seq135,seq120,r_134_124_57,0.87,0,57,57,15
38,r_41_132_165,r_43_123_87,r_61_39_45,r_41_132_165,0.99,-78,87,165,15
77,seq64,r_66_133_107,r_42_65_9,r_66_133_107,0.83,0,107,107,15
26,r_125_122_5,r_127_104_129,r_21_121_22,r_21_121_22,0.62,12,34,22,15
94,seq111,r_108_45_170,r_83_107_80,r_83_107_80,1.0,90,170,80,15
63,seq27,r_24_88_184,r_118_25_124,r_118_25_124,1.0,28,152,124,15
96,seq116,r_115_117_151,seq114,r_115_117_151,0.97,0,151,151,15
31,r_126_81_27,r_82_145_101,r_109_74_23,r_82_145_101,1.0,1,102,101,15
22,r_97_37_182,seq98,r_26_33_64,r_97_37_182,0.5,3,185,182,15
28,r_77_100_60,seq76,seq103,r_77_100_60,0.9,0,60,60,15
40,r_138_139_3,r_147_85_96,r_87_137_70,r_138_139_3,0.74,74,77,3,15
56,seq8,r_10_60_164,r_0_15_109,r_0_15_109,1.0,8,117,109,15
7,r_147_85_96,r_148_18_111,seq70,r_147_85_96,0.7,0,96,96,15
18,r_87_137_70,r_138_139_3,r_82_145_101,r_82_145_101,0.89,40,141,101,15
44,r_79_96_118,r_72_48_156,seq98,r_79_96_118,0.79,2,120,118,15
23,r_108_45_170,seq111,r_102_47_28,r_102_47_28,0.74,143,171,28,15
17,r_84_22_53,r_23_34_148,r_93_20_68,r_84_22_53,0.59,95,148,53,15
82,seq75,seq76,r_109_74_23,r_109_74_23,0.7,40,63,23,15
35,r_113_3_160,seq116,seq4,r_113_3_160,0.55,0,160,160,15
68,seq40,seq38,r_61_39_45,r_61_39_45,1.0,14,59,45,15
12,r_144_141_3,r_148_18_111,r_82_145_101,r_144_141_3,0.76,107,110,3,15
30,r_103_136_103,r_86_143_121,seq135,r_103_136_103,0.98,0,103,103,16
0,r_25_10_65,seq27,seq14,r_25_10_65,0.56,-10,55,65,16
25,r_9_120_43,seq8,seq122,r_9_120_43,0.97,0,43,43,16
78,seq59,r_60_140_24,seq61,r_60_140_24,0.97,-1,23,24,16
8,r_144_7_173,r_147_108_152,r_29_142_84,r_29_142_84,1.0,4,88,84,16
53,seq5,r_18_2_14,r_6_16_92,r_18_2_14,1.0,64,78,14,16
43,r_110_149_4,r_147_108_152,r_80_148_89,r_80_148_89,0.9,17,106,89,16
3,r_105_34_48,r_104_40_154,seq33,r_105_34_48,1.0,0,48,48,16
37,r_109_114_144,r_104_40_154,r_71_115_88,r_71_115_88,0.83,57,145,88,16
86,seq88,r_89_66_192,r_81_85_157,r_81_85_157,0.73,35,192,157,16
39,r_116_69_67,seq122,seq67,r_116_69_67,1.0,0,67,67,16
5,r_23_54_126,seq27,r_72_55_114,r_23_54_126,0.98,0,126,126,16
46,r_29_142_84,r_30_79_130,r_144_7_173,r_29_142_84,1.0,0,84,84,16
7,r_118_107_71,r_104_40_154,r_134_106_151,r_118_107_71,0.94,79,150,71,16
45,r_80_148_89,r_81_85_157,r_110_149_4,r_80_148_89,1.0,0,89,89,16
19,r_134_106_151,seq135,r_118_107_71,r_134_106_151,0.6,0,151,151,16
38,r_30_79_130,r_41_138_137,seq77,r_30_79_130,1.0,0,130,130,16
40,r_97_145_77,r_146_57_191,r_29_142_84,r_97_145_77,0.65,39,116,77,16
1,r_104_40_154,r_105_34_48,seq111,r_105_34_48,0.96,-1,47,48,16
67,seq33,r_32_84_70,seq37,r_32_84_70,1.0,-3,67,70,16
10,r_81_85_157,r_80_148_89,seq78,r_80_148_89,1.0,0,89,89,16
26,r_68_26_156,seq67,seq27,r_68_26_156,0.97,0,156,156,16
8,r_144_7_173,r_29_142_84,seq8,r_144_7_173,0.91,0,173,173,16
17,r_139_123_133,r_147_108_152,r_60_140_24,r_60_140_24,1.0,0,24,24,16
4,r_74_44_78,seq73,seq59,r_74_44_78,0.93,0,78,78,16
11,r_75_117_83,seq77,seq122,r_75_117_83,1.0,0,83,83,16
20,r_86_143_121,r_87_128_149,r_29_142_84,r_86_143_121,0.95,0,121,121,16
53,seq5,r_6_16_92,seq12,r_6_16_92,0.35,-12,80,92,16
46,r_29_142_84,r_144_7_173,r_58_141_149,r_58_141_149,0.68,24,173,149,16
15,r_95_82_80,seq88,r_76_83_78,r_76_83_78,1.0,68,146,78,16
48,r_87_128_149,r_89_66_192,seq130,r_87_128_149,0.72,0,149,149,16
1,r_104_40_154,r_118_107_71,r_45_39_43,r_104_40_154,0.52,0,154,154,16
6,r_53_133_162,seq49,r_126_132_100,r_53_133_162,0.72,0,162,162,16
62,seq20,seq8,r_24_21_100,r_24_21_100,0.5,-26,74,100,16
21,r_60_140_24,r_139_123_133,r_101_137_105,r_60_140_24,0.95,109,133,24,16
85,seq78,r_81_85_157,seq77,r_81_85_157,0.95,-8,149,157,16
10,r_81_85_157,seq78,seq88,r_81_85_157,0.99,1,158,157,16
27,r_101_137_105,seq99,r_60_140_24,r_101_137_105,0.99,1,106,105,16
36,r_17_1_9,r_0_102_27,seq11,r_0_102_27,1.0,0,27,27,16
2,r_71_115_88,r_72_55_114,seq111,r_71_115_88,0.98,0,88,88,16
41,r_70_131_39,r_134_106_151,r_126_132_100,r_70_131_39,0.75,67,106,39,16
47,r_72_55_114,r_71_115_88,r_81_85_157,r_71_115_88,1.0,-2,86,88,16
14,r_0_102_27,r_17_1_9,r_62_96_15,r_0_102_27,0.95,0,27,27,16
40,r_97_145_77,seq99,r_146_57_191,r_97_145_77,0.99,0,77,77,16
18,r_147_108_152,r_146_57_191,r_118_107_71,r_147_108_152,0.51,0,152,152,16
29,r_32_84_70,seq33,r_95_82_80,r_32_84_70,1.0,0,70,70,16
33,r_52_35_128,r_53_133_162,seq36,r_52_35_128,0.73,0,128,128,16
32,r_45_39_43,seq48,seq42,r_45_39_43,0.9,0,43,43,16
1,r_104_40_154,seq111,r_118_107_71,r_104_40_154,0.44,-83,71,154,16
21,r_60_140_24,seq59,r_139_123_133,r_60_140_24,1.0,0,24,24,16
38,r_30_79_130,r_29_142_84,r_41_138_137,r_29_142_84,0.81,0,84,84,16
77,seq56,r_58_141_149,seq46,r_58_141_149,0.82,1,150,149,16
34,r_92_119_188,seq93,r_9_120_43,r_9_120_43,1.0,142,185,43,16
41,r_70_131_39,seq67,r_134_106_151,r_70_131_39,1.0,0,39,39,16
42,r_62_96_15,seq61,seq99,r_62_96_15,0.92,0,15,15,16
81,seq64,r_65_50_139,seq63,r_65_50_139,0.95,-1,138,139,16
9,r_58_141_149,seq56,r_86_143_121,r_58_141_149,0.9,0,149,149,16
47,r_72_55_114,r_81_85_157,seq51,r_72_55_114,1.0,0,114,114,16
96,seq122,r_121_43_146,seq130,r_121_43_146,0.98,0,146,146,16
22,r_76_83_78,seq77,r_32_84_70,r_76_83_78,1.0,0,78,78,16
49,r_126_132_100,seq125,r_70_131_39,r_126_132_100,1.0,0,100,100,16
7,r_118_107_71,seq122,r_104_40_154,r_104_40_154,0.56,-82,72,154,16
44,r_65_50_139,seq64,seq51,r_65_50_139,0.93,0,139,139,16
23,r_121_43_146,seq122,r_45_39_43,r_121_43_146,0.56,0,146,146,16
17,r_139_123_133,r_60_140_24,seq124,r_139_123_133,0.68,0,133,133,16
82,seq67,r_68_26_156,r_116_69_67,r_116_69_67,0.75,88,155,67,16
35,r_146_57_191,r_147_108_152,r_29_142_84,r_29_142_84,0.99,24,108,84,16
12,r_41_138_137,seq42,r_60_140_24,r_41_138_137,0.86,1,138,137,16
84,seq77,r_76_83_78,seq78,r_76_83_78,1.0,-9,69,78,16
30,r_87_8_163,seq88,seq0,r_87_8_163,0.75,0,163,163,17
36,r_9_141_128,r_7_128_179,seq139,r_9_141_128,0.98,0,128,128,17
87,seq80,seq76,r_137_85_10,r_137_85_10,1.0,6,16,10,17
14,r_145_105_82,r_146_45_176,r_47_106_40,r_145_105_82,1.0,0,82,82,17
43,r_116_55_115,seq112,seq56,r_116_55_115,0.83,0,115,115,17
27,r_14_101_12,r_16_38_130,seq102,r_14_101_12,0.99,0,12,12,17
81,seq139,seq143,r_9_141_128,r_9_141_128,1.0,1,129,128,17
1,r_4_93_147,seq0,r_21_6_44,r_21_6_44,1.0,2,46,44,17
59,seq143,seq148,r_54_142_133,r_54_142_133,1.0,25,158,133,17
10,r_125_62_154,r_123_42_145,r_119_68_75,r_125_62_154,0.72,-9,145,154,17
34,r_147_130_25,seq148,r_81_129_2,r_147_130_25,0.99,0,25,25,17
71,seq39,r_37_5_151,r_29_40_99,r_37_5_151,1.0,-37,114,151,17
39,r_124_66_118,r_125_62_154,r_119_68_75,r_124_66_118,0.67,0,118,118,17
1,r_4_93_147,r_21_6_44,r_13_92_39,r_4_93_147,0.98,0,147,147,17
42,r_104_79_78,r_100_78_153,seq80,r_104_79_78,0.79,0,78,78,17
44,r_43_19_18,r_48_131_73,r_89_20_2,r_43_19_18,0.99,0,18,18,17
45,r_41_86_162,seq49,r_137_85_10,r_41_86_162,0.74,0,162,162,17
19,r_2_126_113,seq3,seq133,r_2_126_113,0.95,1,114,113,17
2,r_13_92_39,r_90_15_196,r_4_93_147,r_13_92_39,0.55,111,150,39,17
76,seq56,seq57,r_116_55_115,r_116_55_115,0.98,10,125,115,17
12,r_16_38_130,seq18,r_29_40_99,r_16_38_130,0.92,0,130,130,17
31,r_103_132_161,r_100_78_153,r_145_105_82,r_145_105_82,1.0,31,113,82,17
41,r_140_108_66,seq139,seq110,r_140_108_66,1.0,0,66,66,17
3,r_51_91_133,seq50,r_13_92_39,r_13_92_39,0.51,94,133,39,17
10,r_125_62_154,r_124_66_118,r_123_42_145,r_124_66_118,0.66,0,118,118,17
26,r_119_68_75,seq120,seq69,r_119_68_75,0.98,0,75,75,17
8,r_127_115_22,seq112,r_22_113_96,r_22_113_96,1.0,9,105,96,17
72,seq46,seq49,r_74_44_46,r_74_44_46,1.0,36,82,46,17
4,r_37_5_151,seq39,r_21_6_44,r_37_5_151,0.54,1,152,151,17
0,r_29_40_99,r_28_82_116,seq39,r_28_82_116,1.0,-12,104,116,17
73,seq49,r_48_131_73,seq46,r_48_131_73,1.0,0,73,73,17
11,r_89_20_2,r_22_113_96,r_43_19_18,r_22_113_96,0.76,1,97,96,17
86,seq76,seq80,r_137_85_10,r_137_85_10,0.98,24,34,10,17
20,r_17_114_99,r_16_38_130,r_22_113_96,r_16_38_130,1.0,-31,99,130,17
13,r_22_113_96,r_89_20_2,r_127_115_22,r_22_113_96,1.0,1,97,96,17
67,seq27,r_30_97_83,r_117_34_5,r_30_97_83,0.99,-24,59,83,17
31,r_103_132_161,r_145_105_82,seq133,r_103_132_161,0.98,0,161,161,17
48,r_123_42_145,r_125_62_154,r_74_44_46,r_125_62_154,0.55,-9,145,154,17
29,r_47_106_40,r_100_78_153,r_145_105_82,r_47_106_40,0.79,51,91,40,17
8,r_127_115_22,seq135,seq112,r_127_115_22,0.99,0,22,22,17
16,r_111_10_39,seq110,seq11,r_111_10_39,1.0,0,39,39,17
23,r_74_44_46,r_72_83_201,seq46,r_74_44_46,0.98,0,46,46,17
2,r_13_92_39,r_99_95_171,r_90_15_196,r_13_92_39,0.46,33,72,39,17
88,seq88,r_90_15_196,r_4_93_147,r_90_15_196,0.95,1,197,196,17
47,r_100_78_153,r_103_132_161,r_14_101_12,r_14_101_12,0.74,76,88,12,17
40,r_81_129_2,seq138,r_48_131_73,r_48_131_73,1.0,20,93,73,17
74,seq50,r_51_91_133,seq71,r_51_91_133,0.72,0,133,133,17
18,r_65_84_138,seq63,r_137_85_10,r_65_84_138,0.85,0,138,138,17
81,seq139,r_140_108_66,seq143,r_140_108_66,0.83,-10,56,66,17
35,r_21_6_44,r_4_93_147,seq0,r_4_93_147,1.0,0,147,147,17
25,r_48_131_73,seq49,r_147_130_25,r_48_131_73,1.0,0,73,73,17
33,r_121_36_74,r_119_68_75,seq35,r_121_36_74,1.0,0,74,74,17
47,r_100_78_153,r_14_101_12,r_137_85_10,r_100_78_153,0.98,0,153,153,17
70,seq35,seq33,r_121_36_74,r_121_36_74,1.0,2,76,74,17
68,seq31,r_28_82_116,r_12_32_104,r_28_82_116,0.65,0,116,116,17
32,r_67_77_182,seq69,r_137_85_10,r_67_77_182,0.38,0,182,182,17
35,r_21_6_44,r_22_113_96,r_4_93_147,r_21_6_44,0.93,0,44,44,17
75,seq53,r_54_142_133,r_59_58_190,r_54_142_133,1.0,0,133,133,17
2,r_13_92_39,r_22_113_96,r_99_95_171,r_13_92_39,0.97,0,39,39,17
17,r_28_82_116,r_29_40_99,r_104_79_78,r_28_82_116,0.99,-2,114,116,17
9,r_54_142_133,seq53,seq143,r_54_142_133,0.97,0,133,133,17
96,seq112,seq120,r_127_115_22,r_127_115_22,0.8,57,79,22,17
28,r_30_97_83,seq98,r_145_105_82,r_30_97_83,0.18,100,183,83,17
28,r_30_97_83,r_29_40_99,seq98,r_30_97_83,1.0,0,83,83,17
91,seq98,r_99_95_171,r_14_101_12,r_14_101_12,0.9,158,170,12,17
49,r_7_128_179,seq0,r_2_126_113,r_2_126_113,1.0,68,181,113,17
29,r_47_106_40,r_48_131_73,r_100_78_153,r_47_106_40,0.96,0,40,40,17
12,r_16_38_130,r_17_114_99,seq18,r_17_114_99,0.99,-4,95,99,17
30,r_43_14_147,seq50,seq15,r_43_14_147,0.85,0,147,147,18
51,seq130,r_132_64_186,r_75_128_109,r_75_128_109,1.0,77,186,109,18
92,seq114,r_113_116_88,r_36_108_47,r_36_108_47,1.0,42,89,47,18
14,r_132_64_186,seq130,r_40_61_107,r_132_64_186,0.33,0,186,186,18
43,r_71_48_179,seq69,r_35_44_164,r_35_44_164,0.64,15,179,164,18
59,seq23,r_24_88_194,r_84_22_173,r_84_22_173,0.8,21,194,173,18
5,r_140_90_185,r_145_103_91,r_34_141_16,r_34_141_16,1.0,0,16,16,18
18,r_126_62_56,seq127,seq63,r_126_62_56,1.0,0,56,56,18
71,seq63,r_66_68_135,r_40_61_107,r_40_61_107,1.0,33,140,107,18
21,r_113_116_88,seq114,seq119,r_113_116_88,0.84,11,99,88,18
39,r_136_21_193,seq135,r_84_22_173,r_136_21_193,0.51,0,193,193,18
46,r_112_91_135,seq114,r_131_92_127,r_112_91_135,0.68,0,135,135,18
42,r_146_46_186,seq147,r_35_44_164,r_35_44_164,0.56,22,186,164,18
45,r_75_128_109,r_81_83_6,seq130,r_75_128_109,1.0,0,109,109,18
23,r_144_58_44,r_145_103_91,seq60,r_144_58_44,0.94,0,44,44,18
19,r_145_103_91,seq143,seq100,r_145_103_91,0.94,0,91,91,18
10,r_28_85_46,r_27_89_151,seq78,r_28_85_46,0.98,0,46,46,18
40,r_39_125_50,r_40_61_107,seq123,r_39_125_50,1.0,0,50,50,18
31,r_101_4_176,seq100,r_76_1_167,r_101_4_176,0.83,0,176,176,18
41,r_131_92_127,r_132_64_186,seq95,r_131_92_127,0.63,0,127,127,18
8,r_36_108_47,r_35_44_164,r_117_106_9,r_36_108_47,1.0,3,50,47,18
3,r_18_82_105,seq19,r_81_83_6,r_18_82_105,1.0,1,106,105,18
11,r_117_106_9,r_113_116_88,r_36_108_47,r_36_108_47,1.0,1,48,47,18
4,r_93_33_140,seq94,seq31,r_93_33_140,0.81,0,140,140,18
78,seq77,r_76_1_167,r_16_79_110,r_16_79_110,0.52,57,167,110,18
0,r_35_44_164,seq37,r_11_45_28,r_11_45_28,0.72,141,169,28,18
98,seq123,seq122,r_65_124_116,r_65_124_116,1.0,45,161,116,18
15,r_84_22_173,r_81_83_6,seq23,r_84_22_173,0.46,0,173,173,18
48,r_13_10_143,r_12_2_185,r_87_6_33,r_87_6_33,1.0,111,144,33,18
35,r_34_141_16,r_28_85_46,r_140_90_185,r_34_141_16,1.0,0,16,16,18
6,r_133_25_70,r_136_21_193,seq26,r_133_25_70,1.0,0,70,70,18
5,r_140_90_185,r_34_141_16,r_27_89_151,r_140_90_185,0.46,1,186,185,18
12,r_11_45_28,r_16_79_110,seq50,r_11_45_28,1.0,0,28,28,18
22,r_87_6_33,r_81_83_6,r_16_79_110,r_87_6_33,0.99,0,33,33,18
2,r_38_49_189,seq41,seq31,r_38_49_189,0.35,-63,126,189,18
1,r_53_7_58,r_51_111_109,r_87_6_33,r_53_7_58,1.0,0,58,58,18
29,r_96_9_187,seq94,r_87_6_33,r_96_9_187,0.77,0,187,187,18
24,r_29_105_131,seq31,r_117_106_9,r_29_105_131,0.99,0,131,131,18
35,r_34_141_16,r_140_90_185,r_5_142_65,r_5_142_65,0.98,120,185,65,18
25,r_40_61_107,seq41,seq63,r_40_61_107,1.0,0,107,107,18
50,seq0,r_8_47_179,r_53_7_58,r_53_7_58,0.97,51,109,58,18
61,seq31,r_30_20_168,r_93_33_140,r_93_33_140,0.71,28,168,140,18
34,r_5_142_65,r_18_82_105,seq143,r_5_142_65,1.0,0,65,65,18
60,seq26,r_27_89_151,r_133_25_70,r_133_25_70,0.94,81,151,70,18
17,r_65_124_116,r_66_68_135,seq123,r_65_124_116,1.0,0,116,116,18
9,r_32_98_10,r_35_44_164,seq99,r_32_98_10,0.98,0,10,10,18
50,seq0,r_53_7_58,r_43_14_147,r_43_14_147,0.94,31,178,147,18
91,seq110,seq107,r_51_111_109,r_51_111_109,1.0,31,140,109,18
49,r_76_1_167,seq77,r_12_2_185,r_76_1_167,0.45,0,167,167,18
7,r_16_79_110,r_12_2_185,seq78,r_16_79_110,0.81,0,110,110,18
44,r_8_47_179,r_13_10_143,r_35_44_164,r_35_44_164,0.51,15,179,164,18
90,seq107,r_113_116_88,r_36_108_47,r_36_108_47,1.0,0,47,47,18
22,r_87_6_33,r_16_79_110,r_53_7_58,r_87_6_33,0.98,33,66,33,18
30,r_13_123_146,r_17_148_183,r_91_125_124,r_13_123_146,0.82,0,146,146,19
51,seq2,r_1_72_196,r_75_3_101,r_75_3_101,1.0,41,142,101,19
36,r_56_15_155,r_59_49_167,r_101_16_128,r_56_15_155,0.78,0,155,155,19
31,r_46_115_174,seq45,r_53_118_119,r_46_115_174,0.63,0,174,174,19
43,r_54_132_92,r_59_49_167,seq133,r_54_132_92,0.98,0,92,92,19
37,r_128_102_178,seq127,seq103,r_128_102_178,0.63,0,178,178,19
14,r_10_27_59,seq9,seq26,r_10_27_59,0.99,0,59,59,19
59,seq22,r_20_6_190,r_40_21_60,r_40_21_60,1.0,33,93,60,19
55,seq138,r_135_95_127,r_62_137_66,r_62_137_66,0.85,2,68,66,19
16,r_90_41_119,r_91_125_124,seq38,r_90_41_119,1.0,0,119,119,19
21,r_20_6_190,seq22,r_40_21_60,r_40_21_60,1.0,52,112,60,19
42,r_98_117_81,r_101_16_128,seq113,r_98_117_81,0.97,0,81,81,19
7,r_11_104_6,r_101_16_128,r_122_106_71,r_122_106_71,0.98,17,88,71,19
45,r_55_144_76,r_59_49_167,seq145,r_55_144_76,1.0,0,76,76,19
62,seq32,r_33_23_30,r_68_30_21,r_68_30_21,1.0,0,21,21,19
39,r_82_131_32,r_83_19_93,seq130,r_82_131_32,1.0,0,32,32,19
17,r_51_29_15,r_33_23_30,r_68_30_21,r_51_29_15,0.58,23,38,15,19
24,r_17_148_183,r_101_16_128,r_93_149_49,r_17_148_183,0.95,0,183,183,19
31,r_46_115_174,r_47_112_86,seq48,r_47_112_86,0.55,0,86,86,19
12,r_119_107_2,seq108,r_53_118_119,r_53_118_119,0.73,55,174,119,19
89,seq96,r_81_18_181,r_109_97_60,r_109_97_60,0.85,3,63,60,19
90,seq100,r_101_16_128,r_141_99_104,r_141_99_104,0.85,24,128,104,19
0,r_53_118_119,seq52,r_98_117_81,r_53_118_119,1.0,0,119,119,19
11,r_39_61_120,seq38,seq63,r_39_61_120,0.99,0,120,120,19
79,seq71,r_81_18_181,r_67_73_25,r_67_73_25,0.9,3,28,25,19
20,r_14_5_60,r_13_123_146,r_120_4_85,r_120_4_85,0.94,12,97,85,19
13,r_135_95_127,seq136,seq94,r_135_95_127,0.81,0,127,127,19
15,r_120_4_85,r_124_57_160,r_14_5_60,r_120_4_85,1.0,0,85,85,19
48,r_40_21_60,r_39_61_120,seq22,r_40_21_60,1.0,0,60,60,19
26,r_81_18_181,seq103,seq89,r_81_18_181,0.65,-156,25,181,19
12,r_119_107_2,seq113,seq108,r_119_107_2,0.55,97,99,2,19
21,r_20_6_190,r_40_21_60,r_120_4_85,r_20_6_190,0.44,0,190,190,19
99,seq127,r_128_102_178,seq130,r_128_102_178,0.54,0,178,178,19
10,r_93_149_49,r_146_139_196,r_17_148_183,r_17_148_183,0.63,3,186,183,19
38,r_7_69_13,r_10_27_59,r_85_70_13,r_7_69_13,0.92,0,13,13,19
27,r_75_3_101,seq78,seq2,r_75_3_101,0.94,1,102,101,19
12,r_119_107_2,r_81_18_181,seq113,r_81_18_181,0.53,-161,20,181,19
57,seq130,seq133,r_82_131_32,r_82_131_32,1.0,3,35,32,19
8,r_77_92_5,r_93_149_49,seq89,r_93_149_49,1.0,0,49,49,19
4,r_142_134_49,r_146_139_196,seq136,r_142_134_49,0.98,0,49,49,19
18,r_47_112_86,r_46_115_174,r_98_117_81,r_47_112_86,1.0,0,86,86,19
29,r_141_99_104,r_146_139_196,seq100,r_141_99_104,0.94,0,104,104,19
24,r_17_148_183,r_13_123_146,r_101_16_128,r_101_16_128,0.68,10,138,128,19
10,r_93_149_49,r_77_92_5,r_146_139_196,r_93_149_49,1.0,0,49,49,19
25,r_8_87_180,seq9,r_14_5_60,r_14_5_60,0.72,23,83,60,19
33,r_91_125_124,seq84,seq121,r_91_125_124,0.97,0,124,124,19
70,seq48,seq65,r_59_49_167,r_59_49_167,0.34,0,167,167,19
19,r_85_70_13,r_90_41_119,r_7_69_13,r_85_70_13,0.99,0,13,13,19
2,r_68_30_21,r_67_73_25,seq32,r_68_30_21,1.0,0,21,21,19
32,r_109_97_60,seq111,seq96,r_109_97_60,0.91,0,60,60,19
34,r_36_143_188,r_37_147_161,seq34,r_37_147_161,0.86,0,161,161,19
34,r_36_143_188,seq34,r_55_144_76,r_36_143_188,0.87,1,189,188,19
6,r_140_0_33,r_142_134_49,seq2,r_140_0_33,1.0,0,33,33,19
81,seq76,r_75_3_101,seq80,r_75_3_101,1.0,-14,87,101,19
47,r_67_73_25,seq66,seq71,r_67_73_25,1.0,0,25,25,19
25,r_8_87_180,r_14_5_60,seq84,r_8_87_180,0.82,0,180,180,19
9,r_62_137_66,seq64,seq138,r_62_137_66,1.0,0,66,66,19
26,r_81_18_181,seq89,r_83_19_93,r_83_19_93,1.0,89,182,93,19
17,r_51_29_15,r_53_118_119,r_33_23_30,r_51_29_15,0.81,0,15,15,19
22,r_37_147_161,r_36_143_188,r_93_149_49,r_37_147_161,0.41,0,161,161,19
28,r_83_19_93,r_90_41_119,r_120_4_85,r_83_19_93,1.0,0,93,93,19
49,r_122_106_71,r_124_57_160,r_11_104_6,r_122_106_71,1.0,0,71,71,19
44,r_101_16_128,seq100,r_120_4_85,r_101_16_128,0.58,0,128,128,19
23,r_59_49_167,seq58,seq48,r_59_49_167,0.33,0,167,167,19
35,r_124_57_160,seq121,seq60,r_124_57_160,0.74,0,160,160,19
41,r_47_28_45,seq40,r_87_29_21,r_47_28_45,1.0,0,45,45,20
36,r_127_53_168,r_83_126_2,r_106_54_111,r_83_126_2,0.76,166,168,2,20
14,r_34_147_174,seq33,seq144,r_34_147_174,0.78,0,174,174,20
9,r_0_9_186,r_4_7_71,r_139_10_50,r_139_10_50,0.41,136,186,50,20
8,r_92_89_104,r_93_26_112,seq86,r_93_26_112,0.99,-7,105,112,20
37,r_84_121_21,r_81_63_138,r_1_122_17,r_84_121_21,0.9,-4,17,21,20
16,r_87_29_21,seq86,seq30,r_87_29_21,1.0,0,21,21,20
55,seq11,r_12_133_81,r_2_13_12,r_12_133_81,1.0,5,86,81,20
5,r_57_50_67,r_58_35_117,seq49,r_57_50_67,0.99,-8,59,67,20
46,r_73_51_96,seq75,seq52,r_73_51_96,0.96,1,97,96,20
42,r_134_72_104,r_135_136_146,seq71,r_134_72_104,0.88,0,104,104,20
4,r_25_65_59,seq27,r_66_41_202,r_25_65_59,1.0,0,59,59,20
7,r_55_44_116,seq64,r_6_45_57,r_55_44_116,0.78,0,116,116,20
19,r_62_119_83,seq61,seq120,r_62_119_83,1.0,0,83,83,20
33,r_46_8_169,r_6_45_57,r_4_7_71,r_46_8_169,0.97,0,169,169,20
66,seq33,r_34_147_174,r_87_29_21,r_87_29_21,0.59,148,169,21,20
76,seq71,r_69_142_65,seq68,r_69_142_65,0.98,1,66,65,20
74,seq64,seq61,r_81_63_138,r_81_63_138,0.7,13,151,138,20
96,seq116,r_115_38_183,r_60_117_114,r_60_117_114,0.7,70,184,114,20
18,r_6_45_57,r_4_7_71,r_46_8_169,r_6_45_57,1.0,0,57,57,20
17,r_2_13_12,r_1_122_17,seq16,r_2_13_12,1.0,0,12,12,20
26,r_60_117_114,r_58_35_117,r_88_118_14,r_60_117_114,0.96,3,117,114,20
72,seq52,seq49,r_73_51_96,r_73_51_96,1.0,4,100,96,20
73,seq61,r_62_119_83,seq64,r_62_119_83,1.0,0,83,83,20
11,r_128_77_80,r_83_126_2,seq79,r_128_77_80,0.68,3,83,80,20
20,r_19_31_76,seq20,r_87_29_21,r_19_31_76,1.0,0,76,76,20
76,seq71,seq68,r_134_72_104,r_134_72_104,0.98,12,116,104,20
9,r_0_9_186,r_4_7_71,r_56_5_60,r_56_5_60,0.95,10,70,60,20
65,seq30,r_34_147_174,r_87_29_21,r_87_29_21,1.0,1,22,21,20
0,r_88_118_14,seq129,r_60_117_114,r_60_117_114,0.99,26,140,114,20
3,r_146_32_56,seq145,r_87_29_21,r_146_32_56,1.0,1,57,56,20
27,r_106_54_111,seq107,r_73_51_96,r_106_54_111,0.67,0,111,111,20
7,r_55_44_116,r_56_5_60,seq64,r_56_5_60,1.0,-19,41,60,20
96,seq116,seq120,r_115_38_183,r_115_38_183,0.54,-138,45,183,20
2,r_143_76_131,seq144,r_128_77_80,r_143_76_131,0.91,0,131,131,20
47,r_69_142_65,seq71,seq144,r_69_142_65,0.96,0,65,65,20
40,r_42_109_208,r_46_8_169,r_55_44_116,r_42_109_208,0.74,-82,126,208,20
51,seq130,r_135_136_146,r_124_131_15,r_124_131_15,0.94,-2,13,15,20
74,seq64,r_67_111_130,seq61,r_67_111_130,0.85,-7,123,130,20
29,r_93_26_112,seq91,seq27,r_93_26_112,1.0,0,112,112,20
24,r_67_111_130,r_66_41_202,seq110,r_67_111_130,0.76,0,130,130,20
0,r_88_118_14,r_87_29_21,seq129,r_88_118_14,0.77,1,15,14,20
25,r_125_15_83,r_128_77_80,seq16,r_125_15_83,1.0,1,84,83,20
33,r_46_8_169,r_42_109_208,r_6_45_57,r_6_45_57,1.0,14,71,57,20
28,r_90_74_29,r_92_89_104,seq75,r_90_74_29,0.94,1,30,29,20
70,seq40,r_46_8_169,r_6_45_57,r_6_45_57,1.0,39,96,57,20
15,r_58_35_117,r_57_50_67,seq64,r_58_35_117,0.6,-60,57,117,20
32,r_12_133_81,seq11,r_135_136_146,r_12_133_81,1.0,1,82,81,20
38,r_141_138_86,r_143_76_131,r_135_136_146,r_141_138_86,0.82,-4,82,86,20
34,r_123_59_69,seq120,r_25_65_59,r_123_59_69,0.93,2,71,69,20
44,r_48_85_52,seq49,seq97,r_48_85_52,0.93,0,52,52,20
6,r_124_131_15,r_128_77_80,seq130,r_124_131_15,0.94,0,15,15,20
39,r_43_108_35,r_42_109_208,seq110,r_43_108_35,0.99,-1,34,35,20
45,r_3_101_52,r_4_7_71,seq99,r_3_101_52,1.0,0,52,52,20
60,seq20,r_19_31_76,r_2_13_12,r_19_31_76,0.99,-1,75,76,20
11,r_128_77_80,seq79,r_143_76_131,r_143_76_131,0.78,2,133,131,20
81,seq86,r_105_18_200,r_92_89_104,r_105_18_200,0.5,-131,69,200,20
9,r_0_9_186,r_56_5_60,r_4_7_71,r_0_9_186,0.54,-97,89,186,20
49,r_56_5_60,r_55_44_116,r_4_7_71,r_56_5_60,1.0,0,60,60,20
13,r_4_7_71,r_6_45_57,r_56_5_60,r_4_7_71,1.0,-14,57,71,20
18,r_6_45_57,r_46_8_169,r_55_44_116,r_6_45_57,0.54,112,169,57,20
23,r_139_10_50,r_135_136_146,r_2_13_12,r_139_10_50,1.0,0,50,50,20
1,r_1_122_17,r_6_45_57,r_84_121_21,r_1_122_17,0.94,0,17,17,20
71,seq49,seq52,r_57_50_67,r_57_50_67,0.95,-8,59,67,20
12,r_66_41_202,r_67_111_130,r_25_65_59,r_25_65_59,1.0,71,130,59,20
30,r_85_76_124,seq86,r_59_77_28,r_59_77_28,0.63,96,124,28,21
44,r_146_18_89,r_19_110_191,r_64_21_148,r_64_21_148,1.0,43,191,148,21
9,r_132_58_10,r_57_88_91,r_98_56_62,r_132_58_10,0.88,81,91,10,21
23,r_59_77_28,r_61_46_108,seq101,r_59_77_28,0.73,0,28,28,21
18,r_74_68_36,seq75,seq67,r_74_68_36,0.67,-2,34,36,21
83,seq78,seq102,r_49_79_110,r_49_79_110,0.65,52,162,110,21
3,r_57_88_91,r_132_58_10,r_130_89_96,r_130_89_96,0.66,2,98,96,21
59,seq15,r_16_84_105,r_2_14_105,r_16_84_105,1.0,0,105,105,21
86,seq92,r_91_48_170,seq86,r_91_48_170,0.73,1,171,170,21
21,r_130_89_96,r_131_128_29,r_57_88_91,r_130_89_96,1.0,0,96,96,21
1,r_62_52_163,seq60,r_4_53_28,r_62_52_163,0.44,2,165,163,21
5,r_49_79_110,seq51,seq78,r_49_79_110,0.67,1,111,110,21
46,r_114_65_66,r_115_50_103,seq60,r_114_65_66,0.91,0,66,66,21
42,r_98_56_62,seq101,r_132_58_10,r_98_56_62,0.88,-2,60,62,21
31,r_47_54_57,r_49_79_110,r_4_53_28,r_4_53_28,1.0,1,29,28,21
9,r_132_58_10,r_123_83_65,r_57_88_91,r_132_58_10,0.9,1,11,10,21
19,r_137_143_63,seq139,seq144,r_137_143_63,0.8,0,63,63,21
78,seq134,seq139,r_40_133_51,r_40_133_51,1.0,2,53,51,21
95,seq117,r_115_50_103,r_55_113_26,r_115_50_103,0.55,-36,67,103,21
16,r_103_1_30,r_105_116_175,r_2_14_105,r_103_1_30,1.0,0,30,30,21
76,seq60,r_64_21_148,r_132_58_10,r_64_21_148,0.6,-3,145,148,21
39,r_112_0_107,seq117,r_103_1_30,r_112_0_107,1.0,0,107,107,21
41,r_22_94_176,r_19_110_191,r_95_93_78,r_95_93_78,0.81,98,176,78,21
10,r_123_83_65,seq126,r_96_82_43,r_123_83_65,1.0,0,65,65,21
0,r_20_44_30,r_17_81_114,seq45,r_20_44_30,0.83,0,30,30,21
26,r_95_93_78,r_96_82_43,seq80,r_95_93_78,0.43,1,79,78,21
16,r_103_1_30,r_2_14_105,r_112_0_107,r_112_0_107,0.97,3,110,107,21
14,r_2_14_105,r_103_1_30,seq15,r_2_14_105,0.66,0,105,105,21
4,r_115_50_103,seq117,r_4_53_28,r_115_50_103,0.78,0,103,103,21
63,seq23,r_22_94_176,r_111_25_87,r_111_25_87,1.0,16,103,87,21
13,r_87_63_74,r_85_76_124,r_114_65_66,r_87_63_74,0.91,0,74,74,21
15,r_91_48_170,seq92,r_62_52_163,r_91_48_170,0.51,5,175,170,21
48,r_69_9_128,seq75,seq10,r_69_9_128,0.99,0,128,128,21
74,seq45,r_49_79_110,r_20_44_30,r_20_44_30,0.99,0,30,30,21
6,r_100_127_134,seq99,r_131_128_29,r_100_127_134,0.85,0,134,134,21
62,seq149,seq140,r_24_147_26,r_24_147_26,0.46,65,91,26,21
85,seq86,r_85_76_124,seq92,r_85_76_124,0.74,-1,123,124,21
3,r_57_88_91,r_70_90_186,r_132_58_10,r_132_58_10,0.97,2,12,10,21
8,r_122_12_60,seq129,seq149,r_122_12_60,0.41,-16,44,60,21
27,r_61_46_108,seq60,r_4_53_28,r_61_46_108,0.8,0,108,108,21
87,seq99,r_100_127_134,r_123_83_65,r_123_83_65,0.81,69,134,65,21
45,r_55_113_26,r_57_88_91,seq117,r_55_113_26,0.68,-1,25,26,21
55,seq10,r_13_73_88,r_66_8_12,r_13_73_88,0.64,-57,31,88,21
47,r_34_27_75,seq35,seq30,r_34_27_75,0.98,0,75,75,21
29,r_7_148_166,seq6,seq149,r_7_148_166,0.46,-1,165,166,21
49,r_24_147_26,seq23,seq145,r_24_147_26,0.59,0,26,26,21
34,r_40_133_51,seq39,seq134,r_40_133_51,1.0,0,51,51,21
33,r_64_21_148,seq60,r_146_18_89,r_64_21_148,0.96,0,148,148,21
64,seq26,seq23,r_111_25_87,r_111_25_87,1.0,1,88,87,21
14,r_2_14_105,r_20_44_30,r_103_1_30,r_2_14_105,0.9,-75,30,105,21
8,r_122_12_60,seq149,r_66_8_12,r_122_12_60,1.0,0,60,60,21
32,r_19_110_191,r_17_81_114,r_146_18_89,r_19_110_191,0.96,-77,114,191,21
38,r_3_142_72,r_7_148_166,r_137_143_63,r_3_142_72,0.94,0,72,72,21
20,r_4_53_28,r_7_148_166,r_47_54_57,r_4_53_28,1.0,-1,27,28,21
24,r_66_8_12,r_57_88_91,seq10,r_66_8_12,0.73,0,12,12,21
60,seq144,seq140,r_137_143_63,r_137_143_63,0.81,8,71,63,21
17,r_96_82_43,r_95_93_78,r_123_83_65,r_123_83_65,1.0,0,65,65,21
22,r_17_81_114,r_19_110_191,r_123_83_65,r_17_81_114,0.85,0,114,114,21
28,r_16_84_105,seq15,seq86,r_16_84_105,0.98,0,105,105,21
44,r_146_18_89,seq145,r_19_110_191,r_146_18_89,0.88,0,89,89,21
36,r_118_125_35,r_115_50_103,r_131_128_29,r_118_125_35,1.0,0,35,35,21
7,r_97_38_33,r_96_82_43,seq39,r_97_38_33,1.0,0,33,33,21
12,r_13_73_88,seq10,seq72,r_13_73_88,0.97,0,88,88,21
39,r_112_0_107,r_111_25_87,seq117,r_111_25_87,0.79,-45,42,87,21
40,r_74_70_156,r_142_75_85,seq68,r_74_70_156,0.61,8,164,156,22
14,r_40_117_112,r_35_11_159,seq123,r_40_117_112,1.0,0,112,112,22
8,r_96_89_132,seq95,r_63_90_35,r_63_90_35,0.61,97,132,35,22
53,seq134,r_135_137_165,seq132,r_135_137_165,0.99,0,165,165,22
43,r_0_27_78,seq1,seq26,r_0_27_78,1.0,0,78,78,22
37,r_112_59_17,seq113,seq52,r_112_59_17,1.0,0,17,17,22
3,r_136_146_40,r_147_24_197,r_88_148_65,r_88_148_65,0.67,137,202,65,22
88,seq144,seq140,r_32_141_33,r_32_141_33,1.0,1,34,33,22
16,r_100_2_116,seq98,seq1,r_100_2_116,1.0,0,116,116,22
77,seq66,r_63_90_35,r_18_64_33,r_18_64_33,0.53,11,44,33,22
39,r_9_53_88,seq8,seq52,r_9_53_88,1.0,0,88,88,22
1,r_35_11_159,seq33,seq14,r_35_11_159,0.68,0,159,159,22
5,r_119_5_195,r_116_6_49,seq121,r_116_6_49,1.0,-1,48,49,22
42,r_13_92_55,seq14,seq95,r_13_92_55,0.99,0,55,55,22
6,r_63_90_35,seq66,seq87,r_63_90_35,0.69,7,42,35,22
19,r_17_7_79,seq21,seq8,r_17_7_79,1.0,0,79,79,22
7,r_23_125_54,seq16,seq126,r_23_125_54,1.0,0,54,54,22
55,seq8,r_17_7_79,r_46_10_111,r_46_10_111,0.74,6,117,111,22
31,r_99_97_87,r_100_2_116,seq95,r_100_2_116,1.0,-31,85,116,22
30,r_18_64_33,r_17_7_79,seq66,r_18_64_33,0.83,0,33,33,22
54,seq129,r_128_50_57,seq126,r_128_50_57,1.0,-8,49,57,22
26,r_133_65_143,seq132,seq66,r_133_65_143,0.98,1,144,143,22
18,r_88_148_65,r_147_24_197,r_32_141_33,r_88_148_65,0.48,34,99,65,22
78,seq68,r_67_39_147,r_74_70_156,r_67_39_147,0.9,-1,146,147,22
63,seq26,r_40_117_112,r_0_27_78,r_0_27_78,0.66,33,111,78,22
11,r_110_131_71,seq109,seq132,r_110_131_71,1.0,0,71,71,22
20,r_73_25_117,r_74_70_156,seq22,r_73_25_117,0.89,3,120,117,22
48,r_142_75_85,seq144,r_74_70_156,r_142_75_85,0.97,0,85,85,22
3,r_136_146_40,seq115,r_147_24_197,r_147_24_197,0.67,-158,39,197,22
21,r_114_104_83,r_119_5_195,seq102,r_114_104_83,1.0,0,83,83,22
94,seq113,r_112_59_17,seq129,r_112_59_17,0.89,0,17,17,22
27,r_60_69_169,seq61,r_74_70_156,r_60_69_169,0.52,0,169,169,22
2,r_85_34_119,seq109,seq33,r_85_34_119,0.89,0,119,119,22
40,r_74_70_156,r_73_25_117,r_142_75_85,r_142_75_85,0.94,16,101,85,22
18,r_88_148_65,seq87,r_147_24_197,r_88_148_65,0.97,0,65,65,22
29,r_46_10_111,seq47,seq8,r_46_10_111,1.0,0,111,111,22
24,r_43_76_85,r_45_37_185,seq77,r_43_76_85,0.84,0,85,85,22
36,r_128_50_57,seq129,seq44,r_128_50_57,1.0,0,57,57,22
25,r_45_37_185,seq44,r_85_34_119,r_45_37_185,0.29,0,185,185,22
33,r_135_137_165,seq134,r_36_143_135,r_135_137_165,0.73,1,166,165,22
48,r_142_75_85,r_74_70_156,r_118_81_3,r_142_75_85,0.49,79,164,85,22
0,r_147_24_197,seq140,r_136_146_40,r_136_146_40,0.81,-1,39,40,22
52,seq132,r_133_65_143,r_110_131_71,r_110_131_71,0.94,72,143,71,22
21,r_114_104_83,seq113,r_119_5_195,r_119_5_195,0.49,-139,56,195,22
34,r_57_120_75,seq58,seq121,r_57_120_75,1.0,-1,74,75,22
50,seq1,r_116_6_49,r_100_2_116,r_100_2_116,1.0,9,125,116,22
95,seq115,r_119_5_195,seq123,r_119_5_195,0.5,-99,96,195,22
17,r_86_19_188,seq109,seq87,r_86_19_188,0.29,-88,100,188,22
45,r_32_141_33,r_31_38_68,seq144,r_32_141_33,1.0,0,33,33,22
9,r_79_20_89,seq78,seq22,r_79_20_89,0.99,0,89,89,22
13,r_116_6_49,r_119_5_195,r_91_4_6,r_116_6_49,0.99,0,49,49,22
86,seq87,r_88_148_65,r_63_90_35,r_88_148_65,0.66,-37,28,65,22
28,r_127_106_188,seq129,r_114_104_83,r_114_104_83,0.89,106,189,83,22
49,r_101_51_143,seq109,seq55,r_101_51_143,0.68,0,143,143,22
12,r_105_111_134,r_40_117_112,r_23_125_54,r_40_117_112,0.73,85,197,112,22
44,r_42_94_80,r_45_37_185,seq95,r_42_94_80,0.8,0,80,80,22
94,seq113,seq129,r_40_117_112,r_40_117_112,0.92,1,113,112,22
17,r_86_19_188,seq87,r_79_20_89,r_86_19_188,0.6,0,188,188,22
79,seq72,r_71_56_151,r_42_94_80,r_42_94_80,0.9,75,155,80,22
35,r_36_143_135,r_35_11_159,seq144,r_36_143_135,0.99,0,135,135,22
30,r_53_66_138,r_45_100_150,r_144_34_64,r_144_34_64,0.96,3,67,64,23
6,r_102_118_73,r_120_110_196,r_101_114_117,r_102_118_73,0.44,98,171,73,23
14,r_78_26_66,r_82_36_155,seq25,r_78_26_66,0.95,0,66,66,23
8,r_93_20_158,r_92_104_142,r_17_27_175,r_17_27_175,0.8,-17,158,175,23
43,r_58_148_148,r_57_90_171,seq137,r_58_148_148,0.43,1,149,148,23
13,r_73_85_126,r_63_89_66,r_76_130_180,r_63_89_66,0.98,-23,43,66,23
37,r_134_21_168,r_135_35_177,r_93_20_158,r_135_35_177,0.71,-9,168,177,23
6,r_102_118_73,r_117_98_116,r_120_110_196,r_117_98_116,0.88,0,116,116,23
21,r_96_24_184,seq103,r_78_26_66,r_78_26_66,0.98,118,184,66,23
1,r_144_34_64,r_53_66_138,r_72_33_124,r_144_34_64,0.8,70,134,64,23
1,r_144_34_64,r_143_52_111,r_53_66_138,r_144_34_64,0.93,0,64,64,23
5,r_31_2_175,seq29,r_19_3_17,r_31_2_175,0.44,0,175,175,23
46,r_80_69_142,seq79,seq71,r_80_69_142,0.5,0,142,142,23
22,r_97_61_122,r_62_128_201,seq60,r_97_61_122,0.46,53,175,122,23
32,r_17_27_175,seq28,r_112_15_86,r_112_15_86,0.92,13,99,86,23
45,r_76_130_180,seq74,seq131,r_76_130_180,0.49,0,180,180,23
32,r_17_27_175,r_112_15_86,r_93_20_158,r_93_20_158,1.0,0,158,158,23
19,r_51_91_162,seq47,r_92_104_142,r_51_91_162,0.75,0,162,162,23
33,r_116_1_55,r_117_98_116,r_19_3_17,r_116_1_55,1.0,0,55,55,23
31,r_72_33_124,seq71,r_144_34_64,r_144_34_64,0.58,64,128,64,23
41,r_62_128_201,seq65,r_97_61_122,r_97_61_122,1.0,5,127,122,23
4,r_125_75_58,r_144_34_64,seq74,r_125_75_58,0.79,0,58,58,23
78,seq60,seq65,r_97_61_122,r_97_61_122,0.98,61,183,122,23
11,r_45_100_150,seq46,r_92_104_142,r_45_100_150,0.76,0,150,150,23
32,r_17_27_175,r_93_20_158,r_78_26_66,r_17_27_175,0.58,0,175,175,23
20,r_112_15_86,seq113,seq16,r_112_15_86,1.0,0,86,86,23
2,r_92_104_142,r_102_118_73,r_93_20_158,r_102_118_73,0.97,-32,41,73,23
57,seq10,seq14,r_56_11_50,r_56_11_50,1.0,47,97,50,23
6,r_102_118_73,r_101_114_117,r_117_98_116,r_101_114_117,0.5,-41,76,117,23
16,r_19_3_17,r_17_27_175,seq4,r_19_3_17,0.9,-5,12,17,23
2,r_92_104_142,r_93_20_158,r_45_100_150,r_92_104_142,0.98,12,154,142,23
30,r_53_66_138,r_144_34_64,r_97_61_122,r_97_61_122,0.73,16,138,122,23
39,r_48_59_18,r_45_100_150,seq60,r_48_59_18,0.97,5,23,18,23
47,r_83_132_116,seq84,seq133,r_83_132_116,0.91,0,116,116,23
40,r_106_50_137,seq107,seq47,r_106_50_137,0.95,0,137,137,23
24,r_38_13_161,r_39_67_166,r_112_15_86,r_38_13_161,0.74,0,161,161,23
32,r_17_27_175,r_19_3_17,seq28,r_17_27_175,0.72,-162,13,175,23
88,seq95,r_94_32_100,r_96_24_184,r_94_32_100,1.0,1,101,100,23
70,seq40,r_39_67_166,seq37,r_39_67_166,0.82,0,166,166,23
65,seq25,r_23_30_125,r_78_26_66,r_78_26_66,0.98,55,121,66,23
68,seq133,r_135_35_177,r_83_132_116,r_83_132_116,0.73,61,177,116,23
8,r_93_20_158,r_17_27_175,r_134_21_168,r_93_20_158,0.69,17,175,158,23
38,r_117_98_116,r_120_110_196,seq99,r_117_98_116,0.57,0,116,116,23
25,r_56_11_50,seq55,seq10,r_56_11_50,1.0,0,50,50,23
34,r_142_64_57,r_144_34_64,seq65,r_142_64_57,0.97,0,57,57,23
87,seq88,r_112_15_86,r_102_118_73,r_102_118_73,0.41,-31,42,73,23
81,seq71,r_72_33_124,r_80_69_142,r_80_69_142,0.6,0,142,142,23
27,r_68_81_36,r_70_12_117,seq79,r_68_81_36,1.0,0,36,36,23
17,r_41_9_78,r_45_100_150,seq16,r_41_9_78,0.97,0,78,78,23
94,seq113,r_112_15_86,seq105,r_112_15_86,0.97,-19,67,86,23
96,seq121,r_120_110_196,r_108_122_112,r_108_122_112,0.64,79,191,112,23
22,r_97_61_122,r_96_24_184,r_62_128_201,r_97_61_122,0.93,0,122,122,23
23,r_111_115_93,r_135_35_177,r_101_114_117,r_135_35_177,0.61,-59,118,177,23
28,r_70_12_117,r_72_33_124,r_56_11_50,r_72_33_124,0.83,-5,119,124,23
49,r_63_89_66,seq65,seq88,r_63_89_66,1.0,1,67,66,23
7,r_82_36_155,seq79,seq44,r_82_36_155,0.91,0,155,155,23
44,r_39_67_166,seq40,r_97_61_122,r_97_61_122,0.88,43,165,122,23
23,r_111_115_93,r_108_122_112,r_135_35_177,r_108_122_112,0.5,-20,92,112,23
82,seq74,r_76_130_180,r_125_75_58,r_125_75_58,1.0,122,180,58,23
35,r_57_90_171,seq55,r_51_91_162,r_57_90_171,0.64,1,172,171,23
12,r_135_35_177,seq133,r_72_33_124,r_135_35_177,0.56,0,177,177,23
84,seq79,r_80_69_142,seq87,r_80_69_142,1.0,0,142,142,23
36,r_85_54_188,seq86,r_11_29_141,r_85_54_188,0.16,0,188,188,24
14,r_21_124_95,seq17,seq125,r_21_124_95,1.0,0,95,95,24
43,r_66_49_182,seq68,r_106_48_139,r_106_48_139,0.96,43,182,139,24
30,r_19_83_18,r_21_124_95,seq86,r_19_83_18,0.94,0,18,18,24
46,r_5_134_107,r_21_124_95,r_53_6_10,r_5_134_107,0.51,-96,11,107,24
37,r_0_119_149,seq1,seq121,r_0_119_149,0.92,1,150,149,24
22,r_14_101_17,r_11_29_141,seq100,r_14_101_17,1.0,0,17,17,24
11,r_78_62_10,seq77,r_61_71_76,r_78_62_10,0.61,0,10,10,24
71,seq69,r_136_128_87,r_58_70_89,r_58_70_89,0.5,1,90,89,24
86,seq102,r_103_44_135,r_131_105_9,r_103_44_135,1.0,0,135,135,24
25,r_26_74_15,r_27_95_126,seq73,r_26_74_15,1.0,0,15,15,24
5,r_58_70_89,r_57_16_112,seq69,r_58_70_89,0.96,-1,88,89,24
42,r_36_60_182,r_35_34_125,r_149_37_78,r_149_37_78,1.0,7,85,78,24
35,r_147_43_82,seq51,r_39_7_6,r_39_7_6,0.43,103,109,6,24
69,seq63,r_66_49_182,r_145_59_58,r_145_59_58,0.91,101,159,58,24
45,r_39_7_6,r_8_10_164,r_53_6_10,r_8_10_164,0.47,0,164,164,24
11,r_78_62_10,seq56,r_147_43_82,r_78_62_10,0.52,135,145,10,24
29,r_145_59_58,seq146,seq56,r_145_59_58,1.0,0,58,58,24
19,r_41_2_97,seq42,seq1,r_41_2_97,0.6,5,102,97,24
11,r_78_62_10,r_61_71_76,seq56,r_61_71_76,1.0,0,76,76,24
38,r_61_71_76,r_21_124_95,r_78_62_10,r_78_62_10,0.89,2,12,10,24
66,seq51,r_50_9_109,seq52,r_50_9_109,0.96,0,109,109,24
49,r_47_92_51,r_45_144_24,r_41_2_97,r_47_92_51,0.72,-40,11,51,24
38,r_61_71_76,r_78_62_10,r_72_96_121,r_61_71_76,1.0,0,76,76,24
31,r_106_48_139,seq115,seq51,r_106_48_139,0.6,0,139,139,24
41,r_67_141_118,r_66_49_182,r_131_105_9,r_67_141_118,0.86,0,118,118,24
3,r_65_111_155,r_66_49_182,seq112,r_65_111_155,0.76,0,155,155,24
10,r_57_16_112,seq56,seq17,r_57_16_112,0.7,0,112,112,24
48,r_18_123_16,r_21_124_95,r_122_140_150,r_18_123_16,0.93,-1,15,16,24
61,seq146,r_145_59_58,r_45_144_24,r_145_59_58,0.5,-8,50,58,24
20,r_72_96_121,r_61_71_76,seq94,r_72_96_121,1.0,0,121,121,24
9,r_45_144_24,r_47_92_51,seq143,r_45_144_24,0.98,0,24,24,24
8,r_55_4_23,r_45_144_24,r_53_6_10,r_45_144_24,1.0,-1,23,24,24
26,r_30_108_123,seq28,r_22_107_1,r_30_108_123,0.99,0,123,123,24
4,r_127_80_102,seq125,seq79,r_127_80_102,0.98,0,102,102,24
20,r_72_96_121,seq73,r_61_71_76,r_61_71_76,1.0,0,76,76,24
13,r_136_128_87,seq132,seq125,r_136_128_87,0.74,0,87,87,24
46,r_5_134_107,r_53_6_10,seq137,r_5_134_107,1.0,0,107,107,24
41,r_67_141_118,r_131_105_9,r_122_140_150,r_122_140_150,0.71,0,150,150,24
6,r_149_37_78,r_147_43_82,r_36_60_182,r_36_60_182,1.0,-104,78,182,24
62,seq28,r_30_108_123,r_32_24_59,r_30_108_123,1.0,0,123,123,24
47,r_139_23_10,r_122_140_150,seq28,r_139_23_10,0.98,0,10,10,24
0,r_122_140_150,r_18_123_16,r_67_141_118,r_67_141_118,0.99,34,152,118,24
30,r_19_83_18,seq86,r_40_84_95,r_40_84_95,1.0,14,109,95,24
39,r_3_76_39,r_8_10_164,seq77,r_3_76_39,1.0,0,39,39,24
2,r_11_29_141,r_13_46_195,seq28,r_11_29_141,0.23,0,141,141,24
15,r_53_6_10,r_50_9_109,r_55_4_23,r_50_9_109,0.81,-76,33,109,24
24,r_27_95_126,r_25_81_181,r_72_96_121,r_27_95_126,0.95,0,126,126,24
48,r_18_123_16,r_122_140_150,r_131_105_9,r_122_140_150,0.79,2,152,150,24
82,seq94,seq91,r_72_96_121,r_72_96_121,0.94,44,165,121,24
50,seq1,r_0_119_149,r_41_2_97,r_0_119_149,0.79,1,150,149,24
70,seq68,r_66_49_182,r_89_64_54,r_89_64_54,1.0,128,182,54,24
6,r_149_37_78,r_36_60_182,r_55_4_23,r_55_4_23,0.94,158,181,23,24
65,seq42,r_41_2_97,r_147_43_82,r_147_43_82,1.0,29,111,82,24
68,seq56,r_57_16_112,r_145_59_58,r_145_59_58,0.99,47,105,58,24
32,r_50_9_109,seq51,seq12,r_50_9_109,0.74,0,109,109,24
28,r_25_81_181,r_32_24_59,r_40_84_95,r_25_81_181,0.97,0,181,181,24
34,r_135_82_188,seq132,r_40_84_95,r_40_84_95,0.96,93,188,95,24
23,r_31_114_20,r_32_24_59,seq115,r_31_114_20,0.84,0,20,20,24
75,seq79,seq86,r_127_80_102,r_127_80_102,1.0,6,108,102,24
38,r_61_71_76,r_72_96_121,seq75,r_72_96_121,0.99,0,121,121,24
49,r_47_92_51,r_41_2_97,seq91,r_47_92_51,1.0,0,51,51,24
40,r_89_64_54,seq86,seq68,r_89_64_54,1.0,0,54,54,24
28,r_25_81_181,r_27_95_126,r_32_24_59,r_27_95_126,0.98,0,126,126,24
7,r_40_84_95,seq38,r_19_83_18,r_40_84_95,0.95,0,95,95,24
44,r_8_10_164,r_39_7_6,r_50_9_109,r_50_9_109,0.62,56,165,109,24
0,r_122_140_150,r_136_128_87,r_18_123_16,r_18_123_16,0.94,0,16,16,24
35,r_147_43_82,seq143,seq51,r_147_43_82,0.97,0,82,82,24
12,r_35_34_125,r_36_60_182,seq28,r_36_60_182,0.62,-56,126,182,24
74,seq77,r_85_54_188,r_3_76_39,r_3_76_39,1.0,7,46,39,24
30,r_62_88_155,seq63,seq87,r_62_88_155,0.75,0,155,155,25
36,r_95_19_117,seq96,seq53,r_95_19_117,0.85,0,117,117,25
20,r_75_109_131,seq73,r_137_74_45,r_137_74_45,1.0,0,45,45,25
86,seq92,r_139_105_168,r_26_71_137,r_26_71_137,0.83,31,168,137,25
8,r_64_133_118,seq63,r_120_136_102,r_64_133_118,0.82,0,118,118,25
24,r_23_10_59,r_28_25_60,seq11,r_23_10_59,0.85,0,59,59,25
39,r_21_89_169,r_28_25_60,r_102_91_78,r_102_91_78,0.77,91,169,78,25
1,r_103_27_121,r_119_101_42,r_1_24_120,r_103_27_121,0.92,0,121,121,25
80,seq73,r_137_74_45,r_26_71_137,r_26_71_137,1.0,1,138,137,25
42,r_72_85_127,seq73,r_90_84_145,r_90_84_145,0.76,-18,127,145,25
62,seq22,r_26_71_137,r_21_89_169,r_26_71_137,0.42,-95,42,137,25
66,seq33,seq30,r_148_32_108,r_148_32_108,1.0,37,145,108,25
31,r_111_29_99,seq112,seq30,r_111_29_99,0.98,0,99,99,25
41,r_28_25_60,seq33,r_1_24_120,r_1_24_120,0.98,4,124,120,25
3,r_26_71_137,r_28_25_60,seq73,r_26_71_137,0.86,1,138,137,25
10,r_50_9_169,r_49_16_127,seq53,r_49_16_127,0.92,-1,126,127,25
90,seq100,seq115,r_70_99_64,r_70_99_64,1.0,20,84,64,25
10,r_50_9_169,seq53,r_23_10_59,r_50_9_169,0.96,0,169,169,25
26,r_76_121_67,seq77,seq115,r_76_121_67,1.0,0,67,67,25
4,r_107_18_75,seq108,r_7_17_51,r_107_18_75,1.0,0,75,75,25
29,r_42_94_41,seq43,seq96,r_42_94_41,1.0,0,41,41,25
11,r_44_3_80,seq43,seq0,r_44_3_80,1.0,1,81,80,25
37,r_51_35_14,seq37,r_61_34_44,r_61_34_44,1.0,2,46,44,25
47,r_86_68_20,r_90_84_145,r_69_122_150,r_86_68_20,1.0,0,20,20,25
15,r_1_24_120,seq0,r_28_25_60,r_1_24_120,0.91,0,120,120,25
17,r_39_124_51,r_40_67_159,seq100,r_39_124_51,1.0,0,51,51,25
21,r_69_122_150,r_86_68_20,r_66_117_132,r_86_68_20,1.0,130,150,20,25
76,seq57,seq56,r_14_58_30,r_14_58_30,1.0,0,30,30,25
27,r_102_91_78,r_103_27_121,r_90_84_145,r_102_91_78,1.0,0,78,78,25
19,r_2_144_48,seq0,seq140,r_2_144_48,1.0,0,48,48,25
18,r_38_65_110,seq37,seq63,r_38_65_110,0.98,0,110,110,25
38,r_14_58_30,r_15_54_148,seq57,r_14_58_30,0.97,0,30,30,25
34,r_52_138_40,r_139_105_168,r_120_136_102,r_120_136_102,0.66,66,168,102,25
25,r_40_67_159,seq41,r_86_68_20,r_40_67_159,0.55,0,159,159,25
21,r_69_122_150,r_66_117_132,r_86_68_20,r_86_68_20,1.0,6,26,20,25
33,r_66_117_132,r_69_122_150,r_119_101_42,r_119_101_42,0.97,90,132,42,25
5,r_135_12_43,r_139_105_168,r_7_17_51,r_135_12_43,1.0,1,44,43,25
47,r_86_68_20,r_69_122_150,seq63,r_69_122_150,0.84,0,150,150,25
20,r_75_109_131,r_137_74_45,r_125_110_18,r_75_109_131,0.81,0,131,131,25
68,seq41,r_40_67_159,seq37,r_40_67_159,0.9,0,159,159,25
32,r_118_8_142,seq116,r_23_10_59,r_118_8_142,0.52,0,142,142,25
12,r_61_34_44,seq60,r_51_35_14,r_61_34_44,1.0,0,44,44,25
34,r_52_138_40,seq55,r_139_105_168,r_52_138_40,1.0,0,40,40,25
9,r_7_17_51,r_5_48_132,r_107_18_75,r_107_18_75,0.98,1,76,75,25
22,r_5_48_132,seq4,seq47,r_5_48_132,0.99,1,133,132,25
28,r_148_32_108,seq146,seq33,r_148_32_108,1.0,0,108,108,25
80,seq73,r_75_109_131,r_137_74_45,r_137_74_45,0.99,5,50,45,25
43,r_137_74_45,r_139_105_168,seq73,r_137_74_45,0.91,1,46,45,25
49,r_36_113_101,seq37,seq108,r_36_113_101,1.0,0,101,101,25
44,r_49_16_127,r_50_9_169,r_107_18_75,r_49_16_127,0.77,0,127,127,25
23,r_120_136_102,seq115,r_52_138_40,r_52_138_40,0.97,62,102,40,25
13,r_13_80_30,r_14_58_30,seq81,r_13_80_30,1.0,0,30,30,25
2,r_139_105_168,r_137_74_45,r_52_138_40,r_139_105_168,0.82,-123,45,168,25
30,r_10_93_103,r_12_102_147,r_142_96_62,r_142_96_62,0.78,41,103,62,26
34,r_74_116_188,seq71,r_140_112_173,r_74_116_188,0.77,0,188,188,26
40,r_117_0_43,r_118_31_96,seq3,r_117_0_43,1.0,0,43,43,26
8,r_9_131_111,r_12_102_147,r_132_23_191,r_9_131_111,1.0,0,111,111,26
53,seq137,r_140_112_173,r_9_131_111,r_9_131_111,0.99,61,172,111,26
43,r_12_102_147,r_10_93_103,r_98_8_50,r_12_102_147,0.98,-44,103,147,26
83,seq81,r_85_66_153,r_42_82_104,r_42_82_104,0.88,49,153,104,26
86,seq91,seq89,r_75_90_45,r_75_90_45,0.84,23,68,45,26
16,r_83_148_68,seq81,r_26_149_4,r_83_148_68,0.99,0,68,68,26
21,r_72_37_131,r_74_116_188,r_22_39_78,r_72_37_131,0.68,-6,125,131,26
5,r_16_53_77,seq17,r_4_52_2,r_16_53_77,0.91,0,77,77,26
46,r_103_73_182,seq104,r_16_53_77,r_103_73_182,0.56,0,182,182,26
7,r_136_139_33,r_140_112_173,r_114_141_22,r_140_112_173,0.69,1,174,173,26
69,seq43,r_42_82_104,r_65_44_33,r_42_82_104,1.0,0,104,104,26
19,r_142_96_62,r_143_11_189,r_129_97_51,r_143_11_189,0.96,-127,62,189,26
11,r_133_55_154,r_132_23_191,r_16_53_77,r_133_55_154,0.99,0,154,154,26
39,r_86_79_25,r_85_66_153,seq78,r_86_79_25,0.88,0,25,25,26
42,r_56_29_48,r_58_77_179,r_54_30_33,r_58_77_179,0.99,-126,53,179,26
31,r_7_24_179,r_10_93_103,r_98_8_50,r_7_24_179,1.0,-116,63,179,26
3,r_132_23_191,r_133_55_154,r_9_131_111,r_9_131_111,0.86,42,153,111,26
10,r_94_68_186,r_95_59_92,r_142_96_62,r_94_68_186,1.0,-94,92,186,26
26,r_119_35_154,seq120,seq33,r_119_35_154,0.74,0,154,154,26
43,r_12_102_147,r_98_8_50,r_129_97_51,r_12_102_147,1.0,0,147,147,26
4,r_22_39_78,seq21,seq40,r_22_39_78,0.91,3,81,78,26
73,seq51,r_50_106_151,r_134_48_92,r_134_48_92,0.93,59,151,92,26
11,r_133_55_154,r_134_48_92,r_132_23_191,r_134_48_92,1.0,0,92,92,26
12,r_98_8_50,seq99,r_7_24_179,r_98_8_50,0.99,0,50,50,26
15,r_95_59_92,r_94_68_186,seq57,r_95_59_92,1.0,0,92,92,26
48,r_101_18_189,r_94_68_186,r_75_90_45,r_75_90_45,0.8,42,87,45,26
23,r_1_64_24,seq3,seq69,r_1_64_24,1.0,0,24,24,26
57,seq17,r_16_53_77,seq15,r_16_53_77,0.76,0,77,77,26
12,r_98_8_50,r_7_24_179,r_115_6_166,r_115_6_166,0.91,14,180,166,26
6,r_134_48_92,r_133_55_154,seq49,r_134_48_92,0.91,0,92,92,26
62,seq28,r_27_135_129,seq25,r_27_135_129,1.0,0,129,129,26
1,r_65_44_33,seq69,seq43,r_65_44_33,0.59,12,45,33,26
52,seq5,r_7_24_179,r_98_8_50,r_7_24_179,0.37,-21,158,179,26
27,r_45_84_119,seq43,seq81,r_45_84_119,0.91,0,119,119,26
2,r_41_107_127,seq40,seq105,r_41_107_127,1.0,0,127,127,26
74,seq57,r_58_77_179,r_95_59_92,r_95_59_92,1.0,53,145,92,26
18,r_113_138_60,r_118_31_96,r_114_141_22,r_113_138_60,0.78,1,61,60,26
29,r_146_88_91,seq145,r_75_90_45,r_146_88_91,0.93,2,93,91,26
24,r_130_123_149,seq128,seq122,r_130_123_149,0.62,0,149,149,26
45,r_75_90_45,seq76,seq91,r_75_90_45,0.65,1,46,45,26
35,r_115_6_166,r_2_110_52,r_98_8_50,r_115_6_166,0.87,0,166,166,26
25,r_4_52_2,seq49,r_16_53_77,r_4_52_2,0.41,88,90,2,26
7,r_136_139_33,r_134_48_92,r_140_112_173,r_134_48_92,0.56,-72,20,92,26
33,r_58_77_179,seq57,r_86_79_25,r_58_77_179,0.6,0,179,179,26
50,seq128,r_130_123_149,r_114_141_22,r_114_141_22,0.68,127,149,22,26
52,seq5,r_10_93_103,r_7_24_179,r_10_93_103,0.99,-27,76,103,26
34,r_74_116_188,r_72_37_131,seq71,r_72_37_131,0.82,1,132,131,26
37,r_140_112_173,seq137,r_136_139_33,r_136_139_33,0.73,-13,20,33,26
17,r_121_92_185,seq122,r_12_102_147,r_121_92_185,0.42,2,187,185,26
9,r_85_66_153,seq81,r_1_64_24,r_85_66_153,0.69,0,153,153,26
37,r_140_112_173,r_136_139_33,r_2_110_52,r_2_110_52,0.68,121,173,52,26
28,r_42_82_104,seq43,seq81,r_42_82_104,0.99,0,104,104,26
49,r_2_110_52,seq3,r_115_6_166,r_2_110_52,1.0,0,52,52,26
0,r_129_97_51,r_130_123_149,seq99,r_129_97_51,1.0,0,51,51,26
44,r_118_31_96,r_115_6_166,seq32,r_118_31_96,0.95,0,96,96,26
32,r_114_141_22,r_118_31_96,r_143_11_189,r_114_141_22,1.0,1,23,22,26
35,r_115_6_166,r_118_31_96,r_2_110_52,r_115_6_166,0.94,-69,97,166,26
22,r_143_11_189,r_142_96_62,r_114_141_22,r_143_11_189,0.98,-169,20,189,26
49,r_2_110_52,seq104,r_140_112_173,r_2_110_52,0.58,123,175,52,26
8,r_134_62_148,r_136_132_47,seq57,r_134_62_148,0.71,0,148,148,27
43,r_110_142_165,seq109,seq140,r_110_142_165,0.63,0,165,165,27
21,r_42_121_135,seq44,r_94_128_79,r_42_121_135,0.91,0,135,135,27
39,r_125_22_91,r_122_26_161,r_100_24_40,r_125_22_91,0.72,0,91,91,27
4,r_147_102_174,seq146,r_135_148_25,r_147_102_174,0.6,-126,48,174,27
86,seq70,seq68,r_85_71_54,r_85_71_54,1.0,4,58,54,27
45,r_104_138_90,seq107,r_136_132_47,r_104_138_90,0.99,0,90,90,27
27,r_135_148_25,r_136_132_47,r_147_102_174,r_135_148_25,0.92,0,25,25,27
19,r_123_137_131,r_122_26_161,r_136_132_47,r_123_137_131,0.89,0,131,131,27
76,seq45,seq44,r_114_46_51,r_114_46_51,1.0,18,69,51,27
31,r_80_149_69,r_78_28_192,r_135_148_25,r_80_149_69,0.99,0,69,69,27
41,r_126_101_118,r_122_26_161,r_86_99_4,r_126_101_118,0.97,0,118,118,27
89,seq76,r_77_124_147,seq72,r_77_124_147,0.98,-3,144,147,27
3,r_60_66_84,seq61,r_18_65_90,r_18_65_90,1.0,6,96,90,27
90,seq87,r_84_11_171,r_74_92_26,r_74_92_26,0.48,118,144,26,27
49,r_120_79_172,r_42_121_135,r_89_81_57,r_120_79_172,0.99,0,172,172,27
26,r_130_91_148,seq131,r_74_92_26,r_130_91_148,0.89,0,148,148,27
32,r_100_24_40,r_86_99_4,r_23_25_133,r_100_24_40,1.0,0,40,40,27
0,r_84_11_171,seq87,seq13,r_84_11_171,0.49,0,171,171,27
73,seq40,r_41_15_152,r_114_46_51,r_114_46_51,0.88,101,152,51,27
20,r_49_7_76,r_48_111_74,seq8,r_49_7_76,0.99,-2,74,76,27
13,r_5_113_102,seq6,seq112,r_5_113_102,0.96,0,102,102,27
42,r_59_96_49,r_60_66_84,r_141_98_2,r_59_96_49,0.98,0,49,49,27
98,seq112,seq109,r_5_113_102,r_5_113_102,1.0,15,117,102,27
15,r_143_4_134,seq144,seq0,r_143_4_134,0.96,0,134,134,27
35,r_21_139_16,r_12_54_124,r_136_132_47,r_21_139_16,0.99,0,16,16,27
4,r_147_102_174,r_135_148_25,r_86_99_4,r_86_99_4,0.67,171,175,4,27
6,r_48_111_74,r_49_7_76,seq109,r_48_111_74,1.0,0,74,74,27
62,seq146,r_147_102_174,r_135_148_25,r_135_148_25,0.82,54,79,25,27
30,r_95_31_82,r_88_33_77,r_117_30_168,r_117_30_168,1.0,1,169,168,27
14,r_105_14_17,seq34,r_100_24_40,r_105_14_17,0.57,52,69,17,27
2,r_86_99_4,r_100_24_40,seq93,r_100_24_40,1.0,88,128,40,27
38,r_88_33_77,r_84_11_171,r_95_31_82,r_88_33_77,0.5,-34,43,77,27
40,r_74_92_26,r_75_17_129,seq93,r_74_92_26,1.0,0,26,26,27
18,r_41_15_152,seq40,r_105_14_17,r_41_15_152,0.89,0,152,152,27
24,r_78_28_192,r_80_149_69,seq76,r_80_149_69,1.0,0,69,69,27
11,r_18_65_90,r_100_24_40,r_60_66_84,r_18_65_90,1.0,0,90,90,27
25,r_115_118_2,r_117_30_168,seq103,r_117_30_168,0.81,0,168,168,27
14,r_105_14_17,r_114_46_51,seq34,r_105_14_17,0.98,0,17,17,27
33,r_122_26_161,r_120_79_172,r_100_24_40,r_122_26_161,0.93,0,161,161,27
9,r_89_81_57,r_94_128_79,seq76,r_89_81_57,1.0,0,57,57,27
64,seq20,r_18_65_90,r_105_14_17,r_18_65_90,0.84,0,90,90,27
14,r_105_14_17,r_100_24_40,r_75_17_129,r_75_17_129,1.0,1,130,129,27
68,seq34,seq32,r_88_33_77,r_88_33_77,1.0,9,86,77,27
77,seq47,r_49_7_76,seq76,r_49_7_76,0.54,2,78,76,27
34,r_75_17_129,seq72,r_105_14_17,r_75_17_129,0.95,0,129,129,27
17,r_12_54_124,seq13,r_53_106_188,r_12_54_124,0.99,0,124,124,27
5,r_136_132_47,r_134_62_148,r_21_139_16,r_136_132_47,0.95,10,57,47,27
27,r_135_148_25,r_147_102_174,r_80_149_69,r_80_149_69,1.0,2,71,69,27
22,r_127_67_124,seq129,r_89_81_57,r_127_67_124,0.72,0,124,124,27
10,r_114_46_51,r_117_30_168,seq45,r_114_46_51,1.0,0,51,51,27
49,r_120_79_172,r_122_26_161,r_42_121_135,r_42_121_135,0.63,0,135,135,27
28,r_85_71_54,r_84_11_171,seq70,r_85_71_54,1.0,1,55,54,27
44,r_94_128_79,seq90,seq129,r_94_128_79,1.0,0,79,79,27
23,r_117_30_168,r_115_118_2,r_95_31_82,r_115_118_2,0.58,166,168,2,27
11,r_18_65_90,r_12_54_124,r_100_24_40,r_100_24_40,0.99,6,46,40,27
12,r_83_16_142,r_82_19_148,r_105_14_17,r_105_14_17,1.0,125,142,17,27
93,seq111,r_113_39_86,r_119_100_142,r_113_39_86,0.96,-8,78,86,28
13,r_147_106_18,r_149_54_30,seq110,r_147_106_18,1.0,0,18,18,28
92,seq110,r_109_79_126,r_66_108_48,r_66_108_48,0.84,78,126,48,28
25,r_135_14_48,seq134,seq15,r_135_14_48,1.0,0,48,48,28
14,r_122_137_167,seq116,r_29_138_137,r_29_138_137,0.67,32,169,137,28
37,r_2_46_180,seq1,r_113_39_86,r_113_39_86,1.0,94,180,86,28
55,seq139,r_140_47_150,seq136,r_140_47_150,1.0,0,150,150,28
21,r_95_31_127,seq94,seq27,r_95_31_127,0.95,0,127,127,28
26,r_75_0_50,r_87_34_155,seq1,r_75_0_50,1.0,0,50,50,28
5,r_60_125_75,seq62,seq124,r_60_125_75,1.0,0,75,75,28
45,r_50_112_100,seq57,seq111,r_50_112_100,0.99,0,100,100,28
1,r_28_16_59,r_29_138_137,seq15,r_28_16_59,0.97,0,59,59,28
6,r_102_114_108,r_123_88_137,seq116,r_123_88_137,1.0,-4,133,137,28
33,r_24_130_33,r_26_145_104,seq128,r_24_130_33,1.0,0,33,33,28
41,r_87_34_155,seq86,seq32,r_87_34_155,0.44,0,155,155,28
11,r_74_6_23,r_73_131_96,seq8,r_74_6_23,0.6,0,23,23,28
67,seq37,r_38_20_159,r_10_40_20,r_10_40_20,0.65,146,166,20,28
90,seq103,r_102_114_108,seq93,r_102_114_108,1.0,0,108,108,28
4,r_119_100_142,seq116,r_132_99_6,r_119_100_142,0.99,0,142,142,28
12,r_23_126_191,r_22_83_40,seq25,r_22_83_40,0.83,-16,24,40,28
63,seq25,r_26_145_104,seq27,r_26_145_104,1.0,-43,61,104,28
23,r_9_69_41,r_11_63_179,seq71,r_9_69_41,0.99,0,41,41,28
15,r_77_107_145,seq80,r_147_106_18,r_77_107_145,0.91,0,145,145,28
48,r_140_47_150,seq139,r_21_48_10,r_140_47_150,0.8,0,150,150,28
2,r_22_83_40,r_23_126_191,seq85,r_22_83_40,0.97,0,40,40,28
6,r_102_114_108,seq103,r_123_88_137,r_102_114_108,0.84,0,108,108,28
20,r_66_108_48,seq62,seq110,r_66_108_48,1.0,0,48,48,28
33,r_24_130_33,seq128,r_53_129_37,r_24_130_33,0.58,54,87,33,28
27,r_76_70_165,seq80,r_9_69_41,r_9_69_41,0.85,124,165,41,28
53,seq134,r_140_47_150,seq136,r_140_47_150,0.73,-11,139,150,28
42,r_10_40_20,r_11_63_179,r_51_41_16,r_10_40_20,0.94,-7,13,20,28
49,r_51_41_16,r_53_129_37,r_10_40_20,r_51_41_16,0.91,-3,13,16,28
36,r_21_48_10,r_22_83_40,seq62,r_21_48_10,0.87,0,10,10,28
18,r_73_131_96,seq71,seq133,r_73_131_96,1.0,0,96,96,28
29,r_113_39_86,seq111,r_38_20_159,r_113_39_86,1.0,0,86,86,28
24,r_109_79_126,seq110,r_72_78_47,r_109_79_126,0.94,0,126,126,28
43,r_53_129_37,r_50_112_100,r_24_130_33,r_53_129_37,1.0,0,37,37,28
59,seq15,seq19,r_28_16_59,r_28_16_59,1.0,0,59,59,28
31,r_149_54_30,seq141,r_5_52_9,r_149_54_30,1.0,0,30,30,28
32,r_123_88_137,r_122_137_167,seq86,r_123_88_137,0.58,0,137,137,28
38,r_35_44_165,seq33,r_36_42_53,r_36_42_53,0.45,113,166,53,28
34,r_115_105_108,r_122_137_167,r_104_30_193,r_115_105_108,0.92,0,108,108,28
40,r_72_78_47,r_73_131_96,seq80,r_73_131_96,0.94,-54,42,96,28
9,r_17_56_158,seq19,r_84_59_7,r_17_56_158,0.6,0,158,158,28
53,seq134,r_135_14_48,r_140_47_150,r_135_14_48,1.0,-6,42,48,28
29,r_113_39_86,r_38_20_159,seq37,r_38_20_159,0.84,7,166,159,28
22,r_7_101_151,seq8,r_119_100_142,r_119_100_142,0.89,9,151,142,28
28,r_26_145_104,seq25,seq144,r_26_145_104,1.0,0,104,104,28
47,r_4_65_177,r_11_63_179,r_74_6_23,r_74_6_23,0.99,21,44,23,28
7,r_90_13_172,seq89,r_28_16_59,r_28_16_59,0.8,114,173,59,28
35,r_29_138_137,seq27,seq136,r_29_138_137,0.96,0,137,137,28
36,r_21_48_10,r_84_59_7,r_140_47_150,r_140_47_150,1.0,1,151,150,28
30,r_66_99_187,seq68,r_87_102_105,r_87_102_105,0.68,81,186,105,29
51,seq2,seq0,r_128_3_91,r_128_3_91,1.0,65,156,91,29
40,r_73_108_20,r_69_20_154,seq110,r_73_108_20,1.0,0,20,20,29
43,r_125_82_147,r_126_100_197,r_141_84_99,r_125_82_147,0.8,1,148,147,29
22,r_65_36_109,r_78_38_112,r_147_74_21,r_147_74_21,0.96,8,29,21,29
21,r_105_42_15,r_109_17_87,seq41,r_105_42_15,0.73,0,15,15,29
98,seq120,seq118,r_37_119_57,r_37_119_57,1.0,0,57,57,29
17,r_90_101_98,r_103_44_171,r_50_104_119,r_90_101_98,0.88,50,148,98,29
55,seq135,seq134,r_62_136_109,r_62_136_109,1.0,3,112,109,29
86,seq81,r_80_144_173,r_141_84_99,r_141_84_99,0.96,20,119,99,29
39,r_114_7_85,seq117,seq9,r_114_7_85,1.0,0,85,85,29
46,r_122_61_88,seq123,seq59,r_122_61_88,1.0,0,88,88,29
45,r_142_89_191,seq143,r_141_84_99,r_141_84_99,1.0,92,191,99,29
19,r_31_60_166,seq35,r_122_61_88,r_31_60_166,0.62,0,166,166,29
66,seq25,r_26_148_187,r_93_23_48,r_93_23_48,1.0,139,187,48,29
6,r_147_74_21,r_140_131_56,r_77_91_192,r_147_74_21,1.0,0,21,21,29
41,r_49_72_104,r_50_104_119,seq70,r_49_72_104,1.0,0,104,104,29
37,r_93_23_48,r_92_86_150,seq25,r_93_23_48,0.99,0,48,48,29
11,r_5_48_34,seq4,seq47,r_5_48_34,1.0,0,34,34,29
10,r_24_79_1,r_78_38_112,r_77_91_192,r_78_38_112,1.0,1,113,112,29
26,r_92_86_150,seq95,seq88,r_92_86_150,0.48,0,150,150,29
4,r_141_84_99,r_142_89_191,seq81,r_141_84_99,0.99,1,100,99,29
0,r_78_38_112,r_24_79_1,seq35,r_78_38_112,0.97,0,112,112,29
16,r_37_119_57,r_31_60_166,seq120,r_37_119_57,0.98,0,57,57,29
2,r_140_131_56,r_145_15_162,seq130,r_140_131_56,0.96,0,56,56,29
20,r_26_148_187,seq25,r_80_144_173,r_80_144_173,0.78,12,185,173,29
13,r_103_44_171,seq110,r_87_102_105,r_87_102_105,0.91,10,115,105,29
15,r_80_144_173,seq81,r_75_149_97,r_80_144_173,0.77,0,173,173,29
48,r_109_17_87,seq110,seq16,r_109_17_87,1.0,0,87,87,29
85,seq76,r_75_149_97,r_77_91_192,r_75_149_97,1.0,0,97,97,29
29,r_27_30_48,r_28_124_163,seq29,r_27_30_48,0.55,2,50,48,29
87,seq88,seq81,r_92_86_150,r_92_86_150,0.83,1,151,150,29
87,seq88,r_90_101_98,seq81,r_90_101_98,1.0,-24,74,98,29
22,r_65_36_109,r_147_74_21,seq35,r_65_36_109,0.98,0,109,109,29
47,r_75_149_97,seq76,seq146,r_75_149_97,0.93,0,97,97,29
3,r_121_34_28,r_126_100_197,seq33,r_121_34_28,1.0,0,28,28,29
68,seq33,r_31_60_166,r_121_34_28,r_121_34_28,0.61,24,52,28,29
18,r_126_100_197,r_125_82_147,r_37_119_57,r_37_119_57,1.0,91,148,57,29
24,r_28_124_163,r_27_30_48,seq123,r_28_124_163,0.81,0,163,163,29
34,r_129_57_163,r_140_131_56,r_43_52_128,r_129_57_163,0.99,0,163,163,29
25,r_58_19_94,seq59,seq18,r_58_19_94,0.91,0,94,94,29
33,r_14_32_143,seq9,seq35,r_14_32_143,0.81,0,143,143,29
32,r_94_21_137,r_121_34_28,r_69_20_154,r_69_20_154,0.65,0,154,154,29
88,seq95,r_94_21_137,r_92_86_150,r_94_21_137,1.0,1,138,137,29
6,r_147_74_21,r_77_91_192,r_106_67_9,r_147_74_21,0.6,130,151,21,29
61,seq130,r_132_85_163,r_140_131_56,r_140_131_56,1.0,107,163,56,29
38,r_128_3_91,r_129_57_163,seq2,r_128_3_91,1.0,0,91,91,29
52,seq4,seq9,r_145_15_162,r_145_15_162,0.98,16,178,162,29
34,r_129_57_163,r_128_3_91,r_140_131_56,r_129_57_163,1.0,-72,91,163,29
13,r_103_44_171,r_87_102_105,r_43_52_128,r_103_44_171,1.0,0,171,171,29
17,r_90_101_98,seq88,r_103_44_171,r_90_101_98,0.65,0,98,98,29
91,seq146,r_145_15_162,r_75_149_97,r_75_149_97,0.48,65,162,97,29
49,r_62_136_109,seq64,seq135,r_62_136_109,0.92,0,109,109,29
7,r_50_104_119,seq51,r_90_101_98,r_50_104_119,0.97,0,119,119,29
44,r_132_85_163,seq130,r_92_86_150,r_132_85_163,0.45,0,163,163,29
35,r_97_1_103,seq96,seq0,r_97_1_103,1.0,0,103,103,29
12,r_69_20_154,seq70,r_94_21_137,r_69_20_154,0.67,0,154,154,29
71,seq43,seq49,r_3_44_102,r_3_44_102,1.0,4,106,102,30
2,r_9_134_15,r_3_44_102,seq133,r_9_134_15,1.0,0,15,15,30
27,r_141_92_103,seq143,r_25_140_20,r_25_140_20,1.0,0,20,20,30
92,seq109,seq105,r_57_111_86,r_57_111_86,1.0,40,126,86,30
38,r_45_65_51,r_47_97_74,r_67_102_179,r_47_97_74,0.89,-21,53,74,30
8,r_4_46_165,seq0,seq43,r_4_46_165,0.55,0,165,165,30
43,r_91_36_176,seq90,r_1_37_47,r_91_36_176,0.47,0,176,176,30
30,r_61_29_18,seq60,seq33,r_61_29_18,1.0,0,18,18,30
35,r_25_140_20,seq26,r_141_92_103,r_25_140_20,1.0,0,20,20,30
37,r_74_101_180,seq72,r_67_102_179,r_67_102_179,0.55,1,180,179,30
55,seq135,r_136_94_126,seq139,r_136_94_126,1.0,-16,110,126,30
71,seq43,r_42_10_69,seq49,r_42_10_69,0.95,0,69,69,30
86,seq90,r_91_36_176,r_141_92_103,r_141_92_103,1.0,73,176,103,30
16,r_3_44_102,r_4_46_165,seq43,r_3_44_102,0.84,0,102,102,30
21,r_145_96_80,seq147,r_47_97_74,r_145_96_80,0.99,0,80,80,30
97,seq120,r_121_6_162,r_125_129_141,r_121_6_162,0.72,2,164,162,30
5,r_87_131_132,r_88_66_67,seq100,r_88_66_67,1.0,1,68,67,30
46,r_93_123_127,seq95,seq128,r_93_123_127,0.72,0,127,127,30
14,r_110_41_46,seq112,r_38_64_99,r_110_41_46,1.0,0,46,46,30
19,r_122_138_125,seq132,seq139,r_122_138_125,0.98,0,125,125,30
23,r_77_127_87,r_121_6_162,r_85_62_107,r_121_6_162,0.39,-112,50,162,30
27,r_141_92_103,r_25_140_20,seq90,r_141_92_103,1.0,0,103,103,30
31,r_28_81_121,seq26,r_98_80_41,r_28_81_121,0.87,0,121,121,30
41,r_55_76_81,seq56,seq72,r_55_76_81,0.48,0,81,81,30
3,r_89_83_155,seq100,seq82,r_89_83_155,0.58,-3,152,155,30
26,r_38_64_99,seq60,r_23_40_58,r_23_40_58,0.8,0,58,58,30
6,r_23_40_58,seq24,r_110_41_46,r_23_40_58,1.0,0,58,58,30
4,r_67_102_179,r_71_59_196,r_19_116_117,r_71_59_196,0.3,-15,181,196,30
11,r_136_94_126,seq135,seq95,r_136_94_126,0.99,0,126,126,30
13,r_88_66_67,r_87_131_132,r_71_59_196,r_88_66_67,1.0,1,68,67,30
15,r_69_18_61,r_70_142_158,r_22_15_176,r_69_18_61,0.96,0,61,61,30
38,r_45_65_51,r_67_102_179,r_38_64_99,r_38_64_99,0.9,5,104,99,30
62,seq147,r_145_96_80,seq149,r_145_96_80,1.0,-5,75,80,30
99,seq126,r_125_129_141,r_77_127_87,r_77_127_87,0.98,10,97,87,30
5,r_87_131_132,seq100,seq128,r_87_131_132,0.71,0,132,132,30
70,seq35,seq34,r_1_37_47,r_1_37_47,0.96,12,59,47,30
45,r_1_37_47,r_3_44_102,seq35,r_3_44_102,0.7,-55,47,102,30
23,r_77_127_87,r_85_62_107,seq126,r_77_127_87,0.51,-6,81,87,30
78,seq60,r_69_18_61,seq49,r_69_18_61,1.0,-6,55,61,30
10,r_146_106_138,seq147,r_63_107_40,r_146_106_138,0.93,0,138,138,30
87,seq95,r_93_123_127,r_136_94_126,r_136_94_126,0.46,1,127,126,30
10,r_146_106_138,r_145_96_80,seq147,r_145_96_80,1.0,-21,59,80,30
42,r_98_80_41,r_99_144_78,seq78,r_98_80_41,1.0,1,42,41,30
47,r_42_10_69,seq43,seq8,r_42_10_69,1.0,0,69,69,30
40,r_99_144_78,seq100,seq143,r_99_144_78,1.0,0,78,78,30
14,r_110_41_46,r_38_64_99,r_23_40_58,r_110_41_46,0.7,49,95,46,30
18,r_57_111_86,r_53_58_18,r_7_115_81,r_57_111_86,0.99,-2,84,86,30
29,r_137_27_159,seq139,seq24,r_137_27_159,0.61,0,159,159,30
24,r_103_39_159,seq105,r_23_40_58,r_23_40_58,0.61,100,158,58,30
35,r_25_140_20,r_141_92_103,r_99_144_78,r_25_140_20,1.0,83,103,20,30
25,r_21_124_138,r_22_15_176,r_77_127_87,r_21_124_138,0.89,0,138,138,30
65,seq24,seq26,r_137_27_159,r_137_27_159,0.94,0,159,159,30
17,r_70_142_158,r_71_59_196,r_25_140_20,r_71_59_196,0.53,-38,158,196,30
34,r_63_107_40,r_69_18_61,seq108,r_63_107_40,0.98,0,40,40,30
22,r_85_62_107,seq86,r_38_64_99,r_85_62_107,1.0,0,107,107,30
7,r_19_116_117,seq20,r_48_113_16,r_19_116_117,0.96,-1,116,117,30
44,r_7_115_81,seq8,seq112,r_7_115_81,1.0,0,81,81,30
79,seq139,r_137_27_159,r_122_138_125,r_122_138_125,0.89,2,127,125,30
26,r_38_64_99,r_23_40_58,r_45_65_51,r_38_64_99,0.96,0,99,99,30
12,r_47_97_74,seq43,seq100,r_47_97_74,1.0,0,74,74,30
30,r_119_149_112,seq122,r_13_148_112,r_119_149_112,1.0,0,112,112,31
16,r_4_39_14,seq1,seq38,r_4_39_14,0.83,2,16,14,31
90,seq96,seq102,r_24_97_24,r_24_97_24,1.0,6,30,24,31
36,r_73_62_103,r_72_88_163,r_126_64_83,r_126_64_83,1.0,22,105,83,31
99,seq122,r_134_123_55,r_76_120_33,r_76_120_33,1.0,3,36,33,31
8,r_147_111_114,r_144_105_109,seq112,r_147_111_114,0.9,-3,111,114,31
62,seq23,r_19_43_86,seq25,r_19_43_86,0.94,-28,58,86,31
54,seq8,r_9_121_183,r_46_7_99,r_46_7_99,0.92,22,121,99,31
71,seq44,seq47,r_19_43_86,r_19_43_86,0.97,15,101,86,31
21,r_78_107_130,seq83,seq102,r_78_107_130,0.64,1,131,130,31
1,r_48_125_95,seq47,r_134_123_55,r_48_125_95,1.0,0,95,95,31
22,r_55_101_35,r_56_80_59,r_11_100_29,r_55_101_35,0.66,0,35,35,31
46,r_57_118_129,r_76_120_33,r_116_132_135,r_116_132_135,0.53,25,160,135,31
5,r_75_29_171,r_77_12_120,r_56_80_59,r_75_29_171,0.94,-52,119,171,31
46,r_57_118_129,seq59,r_76_120_33,r_57_118_129,0.88,0,129,129,31
42,r_40_145_73,seq38,seq139,r_40_145_73,1.0,0,73,73,31
76,seq60,r_72_88_163,r_54_61_24,r_54_61_24,1.0,0,24,24,31
45,r_77_12_120,r_75_29_171,seq15,r_77_12_120,0.56,0,120,120,31
95,seq109,seq106,r_21_110_11,r_21_110_11,0.76,66,77,11,31
37,r_19_43_86,r_20_2_29,seq25,r_20_2_29,0.95,0,29,29,31
4,r_124_17_12,r_134_123_55,seq18,r_124_17_12,1.0,0,12,12,31
15,r_56_80_59,seq59,seq83,r_56_80_59,1.0,0,59,59,31
41,r_116_132_135,seq117,seq133,r_116_132_135,0.78,0,135,135,31
67,seq33,r_35_37_104,seq32,r_35_37_104,0.98,2,106,104,31
89,seq93,r_94_140_165,seq90,r_94_140_165,0.99,0,165,165,31
3,r_9_121_183,seq8,r_48_125_95,r_48_125_95,0.7,88,183,95,31
5,r_75_29_171,r_56_80_59,r_103_28_68,r_75_29_171,0.99,0,171,171,31
49,r_95_113_113,r_11_100_29,r_41_115_37,r_95_113_113,0.93,0,113,113,31
43,r_24_97_24,seq25,seq96,r_24_97_24,1.0,0,24,24,31
11,r_26_63_99,r_19_43_86,r_103_28_68,r_103_28_68,1.0,5,73,68,31
20,r_126_64_83,r_119_149_112,r_54_61_24,r_126_64_83,1.0,0,83,83,31
17,r_127_0_41,r_126_64_83,seq3,r_127_0_41,0.99,0,41,41,31
13,r_34_86_185,r_35_37_104,seq32,r_35_37_104,0.87,1,105,104,31
10,r_134_123_55,r_131_58_147,r_74_128_12,r_134_123_55,0.95,1,56,55,31
48,r_131_58_147,seq133,seq59,r_131_58_147,0.8,0,147,147,31
13,r_34_86_185,seq32,r_22_85_5,r_34_86_185,0.88,0,185,185,31
27,r_76_120_33,r_75_29_171,seq122,r_76_120_33,1.0,0,33,33,31
37,r_19_43_86,seq25,seq44,r_19_43_86,0.96,0,86,86,31
23,r_74_128_12,r_75_29_171,seq122,r_74_128_12,0.99,0,12,12,31
63,seq25,r_24_97_24,r_26_63_99,r_24_97_24,1.0,0,24,24,31
2,r_94_140_165,seq93,seq139,r_94_140_165,0.74,0,165,165,31
47,r_69_98_120,r_72_88_163,r_16_99_112,r_16_99_112,0.97,8,120,112,31
39,r_143_84_58,seq142,seq87,r_143_84_58,1.0,0,58,58,31
40,r_35_37_104,r_34_86_185,r_4_39_14,r_35_37_104,0.9,2,106,104,31
29,r_13_148_112,seq14,r_119_149_112,r_13_148_112,0.8,0,112,112,31
25,r_144_105_109,seq139,seq106,r_144_105_109,0.93,0,109,109,31
35,r_20_2_29,r_19_43_86,seq1,r_20_2_29,0.95,0,29,29,31
61,seq18,r_16_99_112,r_124_17_12,r_16_99_112,0.83,0,112,112,31
32,r_46_7_99,seq47,seq8,r_46_7_99,0.94,-1,98,99,31
11,r_26_63_99,r_103_28_68,r_126_64_83,r_26_63_99,0.98,0,99,99,31
44,r_41_115_37,seq42,seq114,r_41_115_37,0.97,0,37,37,31
34,r_92_68_153,r_94_140_165,r_136_70_19,r_92_68_153,0.89,0,153,153,31
24,r_130_51_12,r_124_17_12,seq59,r_130_51_12,0.99,0,12,12,31
18,r_21_110_11,r_20_2_29,seq109,r_20_2_29,0.74,-18,11,29,31
9,r_103_28_68,seq106,seq25,r_103_28_68,1.0,0,68,68,31
96,seq112,r_116_132_135,r_147_111_114,r_147_111_114,0.51,21,135,114,31
0,r_11_100_29,r_16_99_112,r_55_101_35,r_55_101_35,0.97,-6,29,35,31
28,r_146_27_175,seq139,r_75_29_171,r_146_27_175,0.47,0,175,175,31
49,r_95_113_113,seq106,r_11_100_29,r_11_100_29,0.86,46,75,29,31
12,r_79_129_123,seq83,seq133,r_79_129_123,0.73,1,124,123,31
6,r_136_70_19,r_131_58_147,seq71,r_136_70_19,1.0,0,19,19,31
14,r_91_135_39,r_94_140_165,seq137,r_91_135_39,1.0,0,39,39,31
84,seq83,seq82,r_56_80_59,r_56_80_59,1.0,6,65,59,31
93,seq106,r_105_25_159,seq102,r_105_25_159,1.0,-57,102,159,32
36,r_24_78_62,r_23_114_190,r_146_88_40,r_24_78_62,1.0,1,63,62,32
92,seq102,r_101_123_100,seq106,r_101_123_100,0.95,0,100,100,32
86,seq86,r_96_80_190,r_146_88_40,r_146_88_40,1.0,0,40,40,32
43,r_87_31_194,seq86,r_146_88_40,r_146_88_40,1.0,42,82,40,32
37,r_2_37_63,r_1_100_181,seq38,r_2_37_63,1.0,0,63,63,32
3,r_77_118_177,r_67_115_208,r_147_119_139,r_147_119_139,0.77,39,178,139,32
31,r_61_104_200,r_117_62_137,seq102,r_61_104_200,0.93,0,200,200,32
59,seq143,seq141,r_40_144_20,r_40_144_20,0.98,47,67,20,32
16,r_138_92_120,seq137,seq94,r_138_92_120,0.98,0,120,120,32
21,r_35_4_149,r_34_93_153,seq5,r_34_93_153,0.97,-4,149,153,32
80,seq57,r_61_104_200,seq54,r_61_104_200,0.93,-8,192,200,32
42,r_23_114_190,seq21,r_110_111_145,r_23_114_190,0.35,0,190,190,32
80,seq57,r_58_72_62,r_61_104_200,r_58_72_62,1.0,0,62,62,32
36,r_24_78_62,r_146_88_40,r_56_79_88,r_24_78_62,0.85,37,99,62,32
7,r_146_88_40,r_87_31_194,r_135_85_189,r_146_88_40,0.32,154,194,40,32
35,r_29_36_107,r_35_4_149,r_91_22_51,r_29_36_107,0.68,42,149,107,32
19,r_16_90_93,r_17_44_188,seq94,r_16_90_93,1.0,0,93,93,32
33,r_13_74_141,r_35_4_149,seq18,r_35_4_149,0.9,-62,87,149,32
39,r_60_65_37,r_61_104_200,seq69,r_60_65_37,1.0,0,37,37,32
38,r_59_120_30,r_56_79_88,r_42_122_15,r_59_120_30,0.91,1,31,30,32
31,r_61_104_200,seq57,r_117_62_137,r_117_62_137,1.0,26,163,137,32
41,r_103_30_122,r_105_25_159,r_68_32_17,r_68_32_17,0.71,105,122,17,32
25,r_68_32_17,seq69,seq33,r_68_32_17,1.0,0,17,17,32
3,r_77_118_177,r_75_132_78,r_67_115_208,r_75_132_78,1.0,0,78,78,32
10,r_34_93_153,r_35_4_149,r_138_92_120,r_34_93_153,0.88,0,153,153,32
26,r_129_140_145,seq128,r_3_142_103,r_3_142_103,1.0,61,164,103,32
17,r_95_127_24,r_96_80_190,seq126,r_95_127_24,0.95,0,24,24,32
4,r_56_79_88,r_55_39_184,r_24_78_62,r_56_79_88,1.0,0,88,88,32
78,seq54,r_55_39_184,r_14_53_2,r_55_39_184,0.84,0,184,184,32
0,r_147_119_139,seq148,r_59_120_30,r_59_120_30,1.0,109,139,30,32
11,r_135_85_189,seq136,r_0_84_5,r_0_84_5,0.83,184,189,5,32
20,r_58_72_62,seq57,seq73,r_58_72_62,1.0,0,62,62,32
48,r_96_80_190,seq94,r_56_79_88,r_56_79_88,1.0,102,190,88,32
49,r_117_62_137,r_61_104_200,seq54,r_61_104_200,0.98,0,200,200,32
68,seq33,seq26,r_68_32_17,r_68_32_17,1.0,0,17,17,32
27,r_71_12_104,seq73,seq18,r_71_12_104,0.94,0,104,104,32
6,r_109_145_21,seq133,seq148,r_109_145_21,0.58,17,38,21,32
30,r_83_76_197,r_0_84_5,r_139_64_184,r_139_64_184,0.97,11,195,184,32
2,r_149_15_114,seq148,seq18,r_149_15_114,1.0,0,114,114,32
47,r_75_132_78,r_77_118_177,seq133,r_75_132_78,1.0,0,78,78,32
40,r_121_43_61,r_117_62_137,seq50,r_121_43_61,1.0,0,61,61,32
29,r_101_123_100,seq102,r_41_125_18,r_41_125_18,0.78,82,100,18,32
24,r_105_25_159,seq106,r_91_22_51,r_105_25_159,0.72,0,159,159,32
88,seq94,r_96_80_190,r_34_93_153,r_34_93_153,1.0,37,190,153,32
70,seq38,seq51,r_2_37_63,r_2_37_63,1.0,14,77,63,32
45,r_42_122_15,seq48,seq112,r_42_122_15,0.99,0,15,15,32
13,r_40_144_20,seq48,seq143,r_40_144_20,1.0,0,20,20,32
46,r_46_116_53,seq45,seq112,r_46_116_53,1.0,0,53,53,32
32,r_20_8_154,r_23_114_190,seq9,r_20_8_154,0.58,0,154,154,32
34,r_3_142_103,r_1_100_181,r_40_144_20,r_3_142_103,0.97,0,103,103,32
9,r_91_22_51,r_96_80_190,seq21,r_91_22_51,1.0,0,51,51,32
60,seq18,r_17_44_188,r_91_22_51,r_91_22_51,1.0,136,187,51,32
33,r_13_74_141,r_17_44_188,r_35_4_149,r_35_4_149,0.65,-131,18,149,32
33,r_13_74_141,seq18,r_58_72_62,r_13_74_141,1.0,-2,139,141,32
28,r_0_84_5,r_83_76_197,r_135_85_189,r_135_85_189,0.93,8,197,189,32
91,seq99,seq98,r_1_100_181,r_1_100_181,1.0,19,200,181,32
49,r_117_62_137,seq112,r_61_104_200,r_117_62_137,0.98,1,138,137,32
40,r_121_43_61,seq50,r_2_37_63,r_121_43_61,0.35,33,94,61,32
12,r_139_64_184,r_40_144_20,r_58_72_62,r_139_64_184,0.99,0,184,184,32
44,r_55_39_184,seq54,seq48,r_55_39_184,0.48,0,184,184,32
23,r_66_81_13,r_96_80_190,r_146_88_40,r_146_88_40,0.99,112,152,40,32
79,seq137,r_138_92_120,seq133,r_138_92_120,0.99,0,120,120,32
35,r_29_36_107,seq27,r_35_4_149,r_29_36_107,0.44,0,107,107,32
12,r_139_64_184,seq128,r_40_144_20,r_40_144_20,0.82,108,128,20,32
7,r_146_88_40,r_149_15_114,r_87_31_194,r_146_88_40,1.0,0,40,40,32
84,seq73,r_67_115_208,r_58_72_62,r_58_72_62,1.0,20,82,62,32
30,r_77_124_140,r_85_80_130,r_58_120_40,r_77_124_140,0.62,0,140,140,33
14,r_94_104_134,r_96_133_149,r_18_105_17,r_18_105_17,0.85,117,134,17,33
18,r_10_56_44,r_13_88_108,r_57_71_140,r_10_56_44,0.99,0,44,44,33
32,r_7_64_10,r_11_43_39,seq66,r_7_64_10,0.98,0,10,10,33
41,r_118_49_49,r_125_14_129,seq47,r_118_49_49,1.0,0,49,49,33
40,r_75_67_191,r_85_80_130,r_128_73_12,r_128_73_12,0.59,0,12,12,33
37,r_139_20_187,r_141_106_189,r_107_17_158,r_141_106_189,0.5,-2,187,189,33
16,r_60_89_124,r_59_103_142,r_13_88_108,r_60_89_124,0.96,2,126,124,33
39,r_110_76_105,seq111,r_85_80_130,r_110_76_105,0.99,0,105,105,33
1,r_140_42_141,r_139_20_187,r_11_43_39,r_11_43_39,0.53,102,141,39,33
42,r_25_3_147,seq19,seq4,r_25_3_147,0.67,0,147,147,33
48,r_13_88_108,r_87_12_137,r_60_89_124,r_13_88_108,0.75,21,129,108,33
45,r_26_114_135,seq27,seq112,r_26_114_135,0.99,0,135,135,33
19,r_147_68_61,r_148_146_200,r_136_69_24,r_147_68_61,0.67,0,61,61,33
33,r_87_12_137,r_96_133_149,r_125_14_129,r_87_12_137,0.99,0,137,137,33
11,r_11_43_39,r_48_65_189,r_140_42_141,r_140_42_141,1.0,0,141,141,33
38,r_113_142_116,r_141_106_189,seq149,r_113_142_116,0.7,73,189,116,33
94,seq112,seq134,r_26_114_135,r_26_114_135,1.0,2,137,135,33
36,r_29_144_44,r_26_114_135,r_145_24_101,r_29_144_44,1.0,0,44,44,33
43,r_128_73_12,r_136_69_24,r_75_67_191,r_75_67_191,0.72,-179,12,191,33
10,r_91_41_107,r_94_104_134,r_11_43_39,r_91_41_107,0.79,0,107,107,33
0,r_136_69_24,r_131_51_92,r_72_86_184,r_136_69_24,0.92,-1,23,24,33
20,r_131_51_92,seq132,seq52,r_131_51_92,1.0,0,92,92,33
15,r_107_17_158,seq108,seq15,r_107_17_158,0.71,0,158,158,33
48,r_13_88_108,seq5,r_87_12_137,r_87_12_137,0.57,-29,108,137,33
6,r_100_95_82,seq99,seq92,r_100_95_82,1.0,0,82,82,33
99,seq127,r_139_20_187,seq132,r_139_20_187,0.97,-72,115,187,33
46,r_123_121_45,seq122,r_58_120_40,r_58_120_40,1.0,0,40,40,33
0,r_136_69_24,r_72_86_184,r_147_68_61,r_147_68_61,1.0,63,124,61,33
81,seq66,r_85_80_130,r_7_64_10,r_7_64_10,0.96,0,10,10,33
27,r_138_9_104,r_139_20_187,seq8,r_138_9_104,1.0,0,104,104,33
2,r_57_71_140,r_50_21_165,r_136_69_24,r_57_71_140,0.86,0,140,140,33
25,r_137_126_153,r_139_20_187,r_58_120_40,r_58_120_40,0.99,113,153,40,33
36,r_29_144_44,r_145_24_101,seq149,r_145_24_101,1.0,0,101,101,33
33,r_87_12_137,r_91_41_107,r_96_133_149,r_91_41_107,1.0,-42,65,107,33
13,r_58_120_40,r_59_103_142,r_123_121_45,r_58_120_40,1.0,0,40,40,33
50,seq1,r_0_82_100,seq2,r_0_82_100,0.93,-3,97,100,33
38,r_113_142_116,seq112,r_141_106_189,r_113_142_116,0.37,0,116,116,33
26,r_70_143_38,r_85_80_130,seq135,r_70_143_38,0.95,0,38,38,33
34,r_141_106_189,r_139_20_187,r_18_105_17,r_18_105_17,0.57,172,189,17,33
17,r_72_86_184,r_85_80_130,r_136_69_24,r_136_69_24,1.0,40,64,24,33
4,r_18_105_17,r_29_144_44,seq108,r_18_105_17,0.62,0,17,17,33
26,r_70_143_38,seq135,r_148_146_200,r_148_146_200,0.47,-22,178,200,33
49,r_96_133_149,seq92,seq134,r_96_133_149,0.98,0,149,149,33
21,r_145_24_101,r_29_144_44,seq19,r_145_24_101,1.0,0,101,101,33
7,r_0_82_100,seq1,r_85_80_130,r_0_82_100,1.0,0,100,100,33
18,r_10_56_44,r_57_71_140,seq44,r_57_71_140,0.96,0,140,140,33
44,r_40_63_64,seq39,r_7_64_10,r_40_63_64,1.0,0,64,64,33
23,r_125_14_129,r_123_121_45,r_138_9_104,r_123_121_45,1.0,84,129,45,33
11,r_11_43_39,r_10_56_44,r_48_65_189,r_48_65_189,1.0,-150,39,189,33
17,r_72_86_184,r_136_69_24,r_100_95_82,r_72_86_184,0.31,0,184,184,33
35,r_115_54_105,seq119,seq53,r_115_54_105,0.96,0,105,105,33
31,r_93_84_19,r_94_104_134,r_85_80_130,r_94_104_134,0.73,-115,19,134,33
12,r_59_103_142,r_60_89_124,seq102,r_59_103_142,0.97,0,142,142,33
21,r_145_24_101,r_148_146_200,r_29_144_44,r_29_144_44,1.0,-1,43,44,33
40,r_112_107_190,r_124_114_109,r_137_105_66,r_137_105_66,0.79,125,191,66,34
30,r_48_109_64,seq46,seq96,r_48_109_64,0.99,0,64,64,34
51,seq2,r_4_0_183,r_78_1_114,r_78_1_114,1.0,3,117,114,34
8,r_31_18_75,r_36_79_93,seq16,r_36_79_93,0.97,-18,75,93,34
12,r_91_121_28,r_124_114_109,r_58_122_70,r_91_121_28,0.69,43,71,28,34
43,r_130_43_68,r_129_102_104,r_19_45_11,r_130_43_68,1.0,0,68,68,34
83,seq68,r_101_63_2,r_113_67_57,r_113_67_57,1.0,83,140,57,34
46,r_10_146_11,r_11_15_155,seq145,r_10_146_11,0.96,0,11,11,34
26,r_34_77_47,r_31_18_75,r_75_83_171,r_34_77_47,0.99,0,47,47,34
86,seq84,r_86_40_141,r_75_83_171,r_86_40_141,0.97,0,141,141,34
16,r_115_33_120,r_112_107_190,r_69_32_57,r_115_33_120,0.86,0,120,120,34
21,r_134_39_172,r_133_94_202,r_86_40_141,r_133_94_202,0.65,-31,171,202,34
39,r_23_20_39,seq24,r_31_18_75,r_31_18_75,0.3,81,156,75,34
1,r_125_127_143,seq123,seq128,r_125_127_143,0.61,0,143,143,34
24,r_69_32_57,seq70,seq25,r_69_32_57,1.0,0,57,57,34
5,r_87_111_129,seq88,seq95,r_87_111_129,0.54,0,129,129,34
42,r_61_82_164,r_101_63_2,seq84,r_101_63_2,0.7,162,164,2,34
79,seq59,r_136_72_148,r_93_60_100,r_93_60_100,0.69,0,100,100,34
32,r_41_110_189,r_65_14_48,r_137_105_66,r_65_14_48,0.48,143,191,48,34
45,r_93_60_100,seq95,seq59,r_93_60_100,0.96,0,100,100,34
33,r_126_119_82,seq120,r_137_105_66,r_137_105_66,0.54,122,188,66,34
12,r_91_121_28,seq92,r_124_114_109,r_91_121_28,0.7,3,31,28,34
31,r_133_94_202,r_134_39_172,r_10_146_11,r_133_94_202,0.55,-31,171,202,34
3,r_80_74_95,seq84,r_36_79_93,r_36_79_93,0.92,13,106,93,34
9,r_55_37_24,r_58_122_70,r_36_79_93,r_55_37_24,0.74,0,24,24,34
0,r_124_114_109,r_125_127_143,r_112_107_190,r_124_114_109,0.91,0,109,109,34
11,r_36_79_93,r_31_18_75,r_80_74_95,r_36_79_93,0.89,0,93,93,34
13,r_137_105_66,r_148_30_183,seq104,r_137_105_66,0.96,0,66,66,34
98,seq120,r_112_107_190,r_126_119_82,r_126_119_82,0.98,39,121,82,34
14,r_65_14_48,r_101_63_2,seq13,r_65_14_48,0.86,0,48,48,34
6,r_11_15_155,seq12,seq13,r_11_15_155,0.72,0,155,155,34
22,r_86_40_141,r_65_14_48,r_134_39_172,r_134_39_172,0.79,-1,171,172,34
61,seq13,seq16,r_65_14_48,r_65_14_48,0.88,10,58,48,34
79,seq59,r_136_72_148,r_101_63_2,r_136_72_148,0.5,-104,44,148,34
38,r_143_54_17,r_148_30_183,seq56,r_143_54_17,0.96,-4,13,17,34
27,r_117_100_23,seq118,seq98,r_117_100_23,0.89,6,29,23,34
37,r_89_35_49,r_87_111_129,seq25,r_89_35_49,0.96,0,49,49,34
9,r_55_37_24,r_36_79_93,r_21_38_83,r_36_79_93,1.0,-13,80,93,34
47,r_76_103_157,r_75_83_171,r_137_105_66,r_137_105_66,0.96,91,157,66,34
48,r_53_131_44,r_48_109_64,seq132,r_53_131_44,0.99,1,45,44,34
34,r_22_51_179,r_42_85_199,r_143_54_17,r_22_51_179,0.64,0,179,179,34
40,r_112_107_190,seq118,r_124_114_109,r_124_114_109,0.99,6,115,109,34
18,r_78_1_114,r_76_103_157,seq2,r_78_1_114,0.96,0,114,114,34
79,seq59,r_101_63_2,r_136_72_148,r_101_63_2,0.59,76,78,2,34
15,r_17_135_32,r_19_45_11,seq145,r_17_135_32,0.93,-14,18,32,34
36,r_113_67_57,r_115_33_120,seq68,r_113_67_57,1.0,0,57,57,34
25,r_58_122_70,seq46,r_91_121_28,r_58_122_70,0.99,0,70,70,34
50,seq128,r_129_102_104,r_148_30_183,r_129_102_104,0.48,-1,103,104,34
70,seq28,r_36_79_93,seq25,r_36_79_93,1.0,-13,80,93,34
53,seq132,r_148_30_183,r_53_131_44,r_53_131_44,0.76,4,48,44,34
32,r_41_110_189,r_36_79_93,r_65_14_48,r_41_110_189,0.62,-110,79,189,34
34,r_22_51_179,r_21_38_83,r_42_85_199,r_42_85_199,0.51,-68,131,199,34
17,r_75_83_171,r_76_103_157,r_80_74_95,r_80_74_95,0.67,62,157,95,34
49,r_129_102_104,seq128,seq95,r_129_102_104,0.98,0,104,104,34
26,r_34_77_47,r_75_83_171,r_36_79_93,r_36_79_93,1.0,78,171,93,34
84,seq70,r_69_32_57,seq64,r_69_32_57,0.78,0,57,57,34
49,r_129_102_104,r_130_43_68,seq128,r_130_43_68,0.99,0,68,68,34
17,r_75_83_171,r_80_74_95,seq84,r_75_83_171,0.68,0,171,171,34
7,r_136_72_148,r_148_30_183,r_36_79_93,r_148_30_183,0.49,-35,148,183,34
44,r_27_71_79,r_36_79_93,seq70,r_27_71_79,0.99,0,79,79,34
23,r_21_38_83,r_22_51_179,r_55_37_24,r_21_38_83,0.94,9,92,83,34
35,r_73_81_159,r_76_103_157,r_61_82_164,r_61_82_164,0.67,-2,162,164,34
51,seq2,r_1_141_143,seq5,r_1_141_143,0.85,0,143,143,35
36,r_95_66_100,r_93_94_157,seq65,r_95_66_100,0.95,0,100,100,35
37,r_49_111_92,seq50,r_9_110_82,r_49_111_92,1.0,0,92,92,35
85,seq87,seq85,r_74_86_16,r_74_86_16,0.9,0,16,16,35
45,r_44_146_49,seq46,seq148,r_44_146_49,1.0,0,49,49,35
17,r_91_77_23,r_88_53_83,seq75,r_91_77_23,0.99,0,23,23,35
71,seq40,r_67_101_145,r_59_43_4,r_67_101_145,0.59,-71,74,145,35
29,r_112_60_133,r_49_111_92,seq61,r_112_60_133,0.93,0,133,133,35
16,r_140_14_114,seq136,r_29_142_60,r_29_142_60,1.0,10,70,60,35
39,r_22_62_107,seq23,r_76_63_4,r_22_62_107,1.0,0,107,107,35
5,r_67_101_145,seq68,r_25_100_144,r_67_101_145,0.54,0,145,145,35
46,r_124_130_155,r_126_45_61,seq127,r_126_45_61,1.0,0,61,61,35
27,r_138_89_25,seq139,seq90,r_138_89_25,0.97,0,25,25,35
19,r_29_142_60,r_25_100_144,r_140_14_114,r_29_142_60,0.98,0,60,60,35
8,r_114_58_55,r_116_8_134,r_123_56_30,r_114_58_55,1.0,4,59,55,35
97,seq120,r_114_58_55,r_48_121_12,r_48_121_12,0.48,0,12,12,35
1,r_123_56_30,r_124_130_155,seq57,r_123_56_30,1.0,0,30,30,35
31,r_9_110_82,seq10,r_112_60_133,r_9_110_82,0.93,0,82,82,35
41,r_98_81_82,seq97,r_82_117_174,r_98_81_82,0.94,0,82,82,35
47,r_79_83_21,seq75,seq85,r_79_83_21,0.72,2,23,21,35
14,r_11_80_26,seq12,r_82_117_174,r_11_80_26,0.97,0,26,26,35
3,r_19_135_172,seq20,r_15_137_152,r_15_137_152,0.37,20,172,152,35
26,r_51_13_1,seq16,r_140_14_114,r_140_14_114,1.0,11,125,114,35
14,r_11_80_26,r_82_117_174,r_74_86_16,r_82_117_174,0.32,-10,164,174,35
16,r_140_14_114,r_29_142_60,r_51_13_1,r_140_14_114,1.0,0,114,114,35
78,seq57,r_67_101_145,r_123_56_30,r_123_56_30,0.53,30,60,30,35
11,r_88_53_83,seq90,seq50,r_88_53_83,1.0,0,83,83,35
20,r_93_94_157,r_95_66_100,r_33_92_66,r_93_94_157,0.99,-58,99,157,35
30,r_125_99_26,r_123_56_30,seq97,r_125_99_26,0.81,0,26,26,35
98,seq148,r_149_7_112,seq145,r_149_7_112,1.0,0,112,112,35
46,r_124_130_155,seq127,seq129,r_124_130_155,0.38,0,155,155,35
15,r_15_137_152,seq16,seq136,r_15_137_152,0.68,0,152,152,35
35,r_4_119_37,r_1_141_143,seq118,r_4_119_37,1.0,0,37,37,35
6,r_64_147_144,r_67_101_145,seq148,r_64_147_144,0.7,0,144,144,35
44,r_82_117_174,r_74_86_16,r_11_80_26,r_11_80_26,0.98,5,31,26,35
99,seq127,r_128_106_153,seq129,r_128_106_153,0.84,-15,138,153,35
33,r_48_121_12,seq120,r_3_122_19,r_3_122_19,0.66,21,40,19,35
12,r_131_69_56,seq129,seq71,r_131_69_56,1.0,0,56,56,35
41,r_98_81_82,r_82_117_174,r_11_80_26,r_82_117_174,0.44,1,175,174,35
40,r_26_103_81,r_25_100_144,seq104,r_26_103_81,0.97,0,81,81,35
18,r_34_0_104,seq31,seq2,r_34_0_104,0.76,13,117,104,35
29,r_112_60_133,seq102,r_49_111_92,r_49_111_92,0.98,16,108,92,35
24,r_72_41_98,r_73_84_150,seq42,r_73_84_150,0.56,-52,98,150,35
25,r_25_100_144,seq27,r_67_101_145,r_25_100_144,0.49,1,145,144,35
28,r_3_122_19,r_4_119_37,r_48_121_12,r_48_121_12,0.95,7,19,12,35
50,seq129,r_128_106_153,seq127,r_128_106_153,0.8,-18,135,153,35
58,seq143,r_144_78_151,seq145,r_144_78_151,0.8,0,151,151,35
21,r_30_134_11,r_34_0_104,seq133,r_30_134_11,0.78,0,11,11,35
19,r_29_142_60,r_140_14_114,seq139,r_140_14_114,1.0,0,114,114,35
32,r_33_92_66,r_34_0_104,r_93_94_157,r_33_92_66,0.93,0,66,66,35
44,r_82_117_174,r_11_80_26,r_98_81_82,r_98_81_82,0.97,1,83,82,35
42,r_39_32_91,seq40,seq31,r_39_32_91,0.97,3,94,91,35
31,r_9_110_82,r_112_60_133,r_49_111_92,r_112_60_133,1.0,0,133,133,35
33,r_48_121_12,r_52_132_159,seq120,r_48_121_12,0.8,0,12,12,35
48,r_128_106_153,seq127,seq104,r_128_106_153,1.0,0,153,153,35
22,r_116_8_134,seq115,seq10,r_116_8_134,0.84,0,134,134,35
34,r_74_86_16,seq75,seq87,r_74_86_16,0.55,-4,12,16,35
49,r_126_45_61,r_124_130_155,r_59_43_4,r_126_45_61,1.0,0,61,61,35
56,seq139,seq133,r_29_142_60,r_29_142_60,1.0,60,120,60,35
7,r_149_7_112,seq148,seq6,r_149_7_112,0.9,0,112,112,35
82,seq71,r_73_84_150,r_123_56_30,r_123_56_30,0.62,120,150,30,35
88,seq97,seq96,r_125_99_26,r_125_99_26,1.0,4,30,26,35
30,r_79_103_61,seq80,seq100,r_79_103_61,1.0,1,62,61,36
44,r_113_3_38,r_6_44_103,r_91_5_48,r_6_44_103,1.0,0,103,103,36
36,r_58_128_98,r_57_48_148,r_116_127_24,r_58_128_98,1.0,0,98,98,36
9,r_9_1_162,r_102_8_82,r_14_0_79,r_14_0_79,0.62,83,162,79,36
8,r_122_62_167,seq120,r_32_65_132,r_122_62_167,0.67,0,167,167,36
43,r_14_0_79,r_13_73_133,r_2_135_189,r_14_0_79,0.82,0,79,79,36
3,r_92_36_181,r_91_5_48,r_41_88_31,r_91_5_48,0.55,0,48,48,36
54,seq7,r_9_1_162,r_110_4_70,r_110_4_70,1.0,61,131,70,36
3,r_92_36_181,r_41_88_31,r_6_44_103,r_92_36_181,0.64,0,181,181,36
15,r_93_133_22,r_92_36_181,seq134,r_93_133_22,0.98,0,22,22,36
16,r_19_27_142,seq17,seq28,r_19_27_142,0.69,0,142,142,36
1,r_2_135_189,seq22,r_14_0_79,r_2_135_189,0.63,-110,79,189,36
46,r_129_101_80,r_116_127_24,r_79_103_61,r_129_101_80,1.0,0,80,80,36
42,r_32_65_132,seq31,seq64,r_32_65_132,0.79,0,132,132,36
49,r_91_5_48,r_92_36_181,r_6_44_103,r_91_5_48,1.0,0,48,48,36
45,r_40_123_97,seq45,seq121,r_40_123_97,1.0,0,97,97,36
39,r_96_143_54,r_92_36_181,r_38_144_1,r_96_143_54,0.98,0,54,54,36
95,seq114,r_113_3_38,seq130,r_113_3_38,0.6,0,38,38,36
76,seq54,r_57_48_148,seq64,r_57_48_148,0.79,-27,121,148,36
2,r_41_88_31,seq42,seq89,r_41_88_31,1.0,1,32,31,36
41,r_47_74_167,seq43,r_13_73_133,r_47_74_167,0.55,0,167,167,36
4,r_95_141_41,r_96_143_54,r_140_98_189,r_140_98_189,1.0,-148,41,189,36
49,r_91_5_48,r_6_44_103,r_113_3_38,r_6_44_103,1.0,0,103,103,36
95,seq114,seq130,r_52_112_71,r_52_112_71,0.86,1,72,71,36
20,r_110_4_70,r_111_24_193,r_91_5_48,r_110_4_70,0.77,2,72,70,36
13,r_147_25_161,seq146,seq23,r_147_25_161,0.81,0,161,161,36
48,r_116_127_24,r_122_62_167,r_58_128_98,r_58_128_98,0.99,1,99,98,36
22,r_75_61_105,r_68_59_159,r_118_76_10,r_118_76_10,0.97,0,10,10,36
4,r_95_141_41,r_140_98_189,r_53_142_86,r_53_142_86,1.0,103,189,86,36
6,r_102_8_82,seq100,r_9_1_162,r_102_8_82,1.0,0,82,82,36
27,r_21_126_117,seq23,seq121,r_21_126_117,1.0,0,117,117,36
17,r_6_44_103,r_9_1_162,r_91_5_48,r_91_5_48,1.0,0,48,48,36
22,r_75_61_105,r_118_76_10,seq64,r_75_61_105,0.95,0,105,105,36
37,r_118_76_10,r_122_62_167,r_75_61_105,r_118_76_10,0.92,0,10,10,36
40,r_105_70_1,seq67,r_119_69_16,r_119_69_16,0.97,82,98,16,36
74,seq49,r_51_60_189,seq50,r_51_60_189,0.36,0,189,189,36
29,r_51_60_189,seq49,r_122_62_167,r_122_62_167,0.95,22,189,167,36
5,r_26_86_28,seq28,seq87,r_26_86_28,0.99,0,28,28,36
25,r_85_35_102,seq87,seq37,r_85_35_102,0.96,0,102,102,36
43,r_14_0_79,r_2_135_189,r_9_1_162,r_9_1_162,0.68,25,187,162,36
33,r_68_59_159,seq67,r_32_65_132,r_68_59_159,0.72,0,159,159,36
7,r_84_12_16,r_79_103_61,seq20,r_84_12_16,0.99,0,16,16,36
47,r_117_90_46,r_116_127_24,seq89,r_117_90_46,1.0,0,46,46,36
54,seq7,r_110_4_70,r_147_25_161,r_147_25_161,0.95,10,171,161,36
6,r_102_8_82,r_9_1_162,seq7,r_9_1_162,0.67,-5,157,162,36
21,r_119_69_16,r_122_62_167,r_105_70_1,r_119_69_16,1.0,0,16,16,36
35,r_71_94_24,seq72,seq89,r_71_94_24,0.88,5,29,24,36
38,r_39_63_176,seq37,r_122_62_167,r_122_62_167,0.84,8,175,167,36
34,r_13_73_133,seq17,seq72,r_13_73_133,0.97,0,133,133,36
17,r_6_44_103,r_91_5_48,seq45,r_6_44_103,1.0,0,103,103,36
94,seq146,r_147_25_161,r_38_144_1,r_147_25_161,0.96,0,161,161,36
9,r_9_1_162,seq7,r_102_8_82,r_102_8_82,1.0,2,84,82,36
0,r_10_78_25,r_9_1_162,seq77,r_10_78_25,0.79,0,25,25,36
37,r_118_76_10,r_75_61_105,seq82,r_75_61_105,0.93,0,105,105,36
28,r_55_97_95,r_57_48_148,r_79_103_61,r_55_97_95,0.99,0,95,95,36
82,seq77,seq80,r_10_78_25,r_10_78_25,0.97,11,36,25,36
12,r_53_142_86,r_57_48_148,r_95_141_41,r_53_142_86,0.93,0,86,86,36
44,r_113_3_38,seq114,r_6_44_103,r_113_3_38,0.99,0,38,38,36
36,r_26_145_150,r_28_73_88,r_30_38_181,r_28_73_88,1.0,-14,74,88,37
16,r_12_130_27,seq14,seq129,r_12_130_27,0.99,0,27,27,37
14,r_72_59_131,r_70_17_150,r_11_60_119,r_72_59_131,0.89,0,131,131,37
43,r_20_135_71,r_22_84_88,seq133,r_20_135_71,0.98,0,71,71,37
37,r_89_123_173,r_95_138_123,r_28_73_88,r_28_73_88,0.87,21,109,88,37
21,r_45_13_78,seq47,seq14,r_45_13_78,1.0,0,78,78,37
39,r_29_71_75,r_30_38_181,r_72_59_131,r_29_71_75,0.88,0,75,75,37
39,r_29_71_75,r_72_59_131,r_28_73_88,r_29_71_75,0.91,27,102,75,37
4,r_97_142_48,r_99_3_49,seq144,r_97_142_48,1.0,0,48,48,37
5,r_82_105_181,seq78,r_147_83_56,r_147_83_56,1.0,2,58,56,37
69,seq47,r_45_13_78,r_51_49_208,r_45_13_78,1.0,1,79,78,37
8,r_118_86_54,seq119,r_23_85_27,r_118_86_54,1.0,0,54,54,37
66,seq41,r_40_134_159,r_67_39_114,r_67_39_114,1.0,30,144,114,37
26,r_147_83_56,seq148,r_82_105_181,r_147_83_56,1.0,0,56,56,37
46,r_31_92_165,seq32,seq41,r_31_92_165,0.33,-145,20,165,37
96,seq119,seq122,r_81_121_160,r_81_121_160,0.98,13,173,160,37
3,r_40_134_159,seq41,r_20_135_71,r_40_134_159,0.61,0,159,159,37
10,r_95_138_123,seq96,seq137,r_95_138_123,0.89,0,123,123,37
74,seq58,r_57_77_50,seq55,r_57_77_50,0.75,4,54,50,37
78,seq69,seq78,r_116_68_84,r_116_68_84,0.94,2,86,84,37
0,r_141_63_183,seq144,r_61_65_172,r_61_65_172,0.85,11,183,172,37
11,r_74_50_110,r_72_59_131,r_51_49_208,r_74_50_110,0.92,0,110,110,37
9,r_11_60_119,seq14,r_61_65_172,r_11_60_119,0.98,0,119,119,37
20,r_10_25_67,r_11_60_119,seq21,r_11_60_119,0.99,-26,93,119,37
19,r_23_85_27,r_22_84_88,r_82_105_181,r_23_85_27,0.97,0,27,27,37
13,r_30_38_181,r_29_71_75,r_26_145_150,r_29_71_75,1.0,0,75,75,37
98,seq124,r_126_131_138,seq122,r_126_131_138,0.89,0,138,138,37
6,r_140_93_24,seq139,seq94,r_140_93_24,1.0,0,24,24,37
5,r_82_105_181,r_147_83_56,seq106,r_82_105_181,0.51,0,181,181,37
36,r_26_145_150,r_30_38_181,r_97_142_48,r_26_145_150,1.0,0,150,150,37
87,seq101,r_100_33_116,seq106,r_100_33_116,0.99,0,116,116,37
13,r_30_38_181,r_109_27_127,r_112_37_73,r_30_38_181,0.99,0,181,181,37
31,r_56_127_23,r_95_138_123,seq137,r_56_127_23,0.93,0,23,23,37
2,r_126_131_138,seq124,r_12_130_27,r_12_130_27,0.77,112,139,27,37
41,r_8_146_101,seq14,seq148,r_8_146_101,1.0,0,101,101,37
47,r_5_125_155,seq4,seq124,r_5_125_155,0.93,0,155,155,37
30,r_57_77_50,seq58,seq75,r_57_77_50,0.98,1,51,50,37
40,r_114_76_199,seq115,r_57_77_50,r_57_77_50,0.96,149,199,50,37
19,r_23_85_27,r_82_105_181,r_118_86_54,r_118_86_54,0.97,-1,53,54,37
18,r_143_117_83,r_141_63_183,seq115,r_143_117_83,1.0,0,83,83,37
96,seq119,r_118_86_54,seq122,r_118_86_54,1.0,0,54,54,37
7,r_112_37_73,seq32,r_136_36_100,r_136_36_100,0.99,29,129,100,37
25,r_111_54_110,seq110,seq55,r_111_54_110,0.95,0,110,110,37
33,r_46_87_69,r_45_13_78,r_118_86_54,r_46_87_69,0.89,0,69,69,37
38,r_116_68_84,seq115,seq69,r_116_68_84,0.78,0,84,84,37
52,seq4,r_5_125_155,r_6_2_45,r_5_125_155,1.0,0,155,155,37
77,seq66,r_67_39_114,r_61_65_172,r_67_39_114,1.0,0,114,114,37
13,r_30_38_181,r_26_145_150,r_109_27_127,r_30_38_181,0.76,-62,119,181,37
24,r_120_42_23,seq119,seq44,r_120_42_23,0.98,0,23,23,37
64,seq32,seq35,r_132_34_42,r_132_34_42,1.0,10,52,42,37
17,r_67_39_114,seq66,seq41,r_67_39_114,0.95,0,114,114,37
9,r_11_60_119,r_10_25_67,seq14,r_10_25_67,0.56,0,67,67,37
22,r_109_27_127,r_30_38_181,r_1_9_162,r_30_38_181,0.97,0,181,181,37
9,r_11_60_119,r_61_65_172,r_72_59_131,r_72_59_131,0.66,1,132,131,37
26,r_147_83_56,r_82_105_181,r_118_86_54,r_82_105_181,0.66,0,181,181,37
28,r_99_3_49,seq96,seq4,r_99_3_49,0.99,0,49,49,37
37,r_89_123_173,r_28_73_88,r_5_125_155,r_89_123_173,0.97,0,173,173,37
22,r_109_27_127,seq108,r_30_38_181,r_109_27_127,0.74,0,127,127,37
49,r_0_80_188,r_6_2_45,r_57_77_50,r_0_80_188,0.31,0,188,188,37
7,r_112_37_73,seq108,seq32,r_112_37_73,1.0,0,73,73,37
23,r_1_9_162,r_0_80_188,seq21,r_1_9_162,0.54,0,162,162,37
79,seq75,seq78,r_29_71_75,r_29_71_75,1.0,11,86,75,37
55,seq139,r_140_93_24,r_141_63_183,r_140_93_24,0.58,0,24,24,37
12,r_28_73_88,r_30_38_181,r_29_71_75,r_30_38_181,1.0,-95,86,181,37
55,seq139,r_141_63_183,seq148,r_141_63_183,0.87,-54,129,183,37
4,r_30_73_13,r_28_8_141,seq62,r_30_73_13,0.77,0,13,13,38
92,seq108,r_107_58_162,seq110,r_107_58_162,0.92,0,162,162,38
14,r_139_72_88,seq138,r_30_73_13,r_139_72_88,1.0,0,88,88,38
8,r_26_84_177,seq27,r_132_83_2,r_26_84_177,0.55,0,177,177,38
16,r_128_24_43,seq129,r_26_84_177,r_128_24_43,0.93,0,43,43,38
23,r_75_61_123,r_7_77_13,r_109_60_108,r_75_61_123,0.96,0,123,123,38
59,seq141,r_142_100_115,seq138,r_142_100_115,1.0,0,115,115,38
86,seq91,r_90_6_198,r_114_92_64,r_114_92_64,1.0,134,198,64,38
21,r_89_55_61,seq91,seq56,r_89_55_61,1.0,0,61,61,38
1,r_122_52_93,seq123,seq51,r_122_52_93,0.99,0,93,93,38
80,seq69,r_66_70_47,r_47_67_37,r_47_67_37,1.0,94,131,37,38
36,r_53_18_69,r_140_36_3,seq17,r_53_18_69,0.98,0,69,69,38
45,r_96_98_200,seq101,r_142_100_115,r_142_100_115,1.0,15,130,115,38
30,r_119_147_47,r_113_149_183,r_32_148_38,r_32_148_38,0.78,7,45,38,38
19,r_107_58_162,seq108,r_89_55_61,r_107_58_162,0.53,0,162,162,38
48,r_25_78_14,r_22_144_14,r_7_77_13,r_25_78_14,0.98,0,14,14,38
89,seq101,r_102_41_172,r_2_104_54,r_2_104_54,0.68,118,172,54,38
15,r_0_131_20,r_3_124_189,seq134,r_0_131_20,0.94,0,20,20,38
10,r_113_149_183,r_111_1_183,r_119_147_47,r_119_147_47,0.98,136,183,47,38
16,r_128_24_43,r_26_84_177,r_117_23_131,r_117_23_131,0.64,2,133,131,38
38,r_22_144_14,r_25_78_14,seq143,r_22_144_14,0.97,0,14,14,38
0,r_15_34_188,r_14_19_138,r_140_36_3,r_15_34_188,0.45,0,188,188,38
13,r_3_124_189,seq4,r_112_125_161,r_112_125_161,0.89,29,190,161,38
98,seq123,r_122_52_93,seq133,r_122_52_93,0.99,0,93,93,38
46,r_80_65_34,r_66_70_47,r_47_67_37,r_47_67_37,0.71,84,121,37,38
4,r_30_73_13,seq62,r_139_72_88,r_139_72_88,1.0,3,91,88,38
6,r_48_99_87,r_46_126_95,r_96_98_200,r_48_99_87,0.99,0,87,87,38
99,seq127,seq129,r_46_126_95,r_46_126_95,1.0,5,100,95,38
27,r_46_126_95,seq50,seq127,r_46_126_95,1.0,0,95,95,38
47,r_142_100_115,seq141,r_96_98_200,r_142_100_115,0.7,0,115,115,38
40,r_117_23_131,r_121_16_154,r_128_24_43,r_121_16_154,0.95,-23,131,154,38
46,r_80_65_34,seq87,r_66_70_47,r_80_65_34,0.66,-15,19,34,38
25,r_40_97_92,seq44,r_96_98_200,r_40_97_92,1.0,0,92,92,38
33,r_28_8_141,seq29,seq11,r_28_8_141,0.66,1,142,141,38
42,r_32_148_38,r_28_8_141,r_119_147_47,r_32_148_38,0.97,0,38,38,38
37,r_2_104_54,r_5_13_108,seq105,r_2_104_54,1.0,0,54,54,38
61,seq17,r_15_34_188,r_53_18_69,r_53_18_69,1.0,3,72,69,38
32,r_109_60_108,seq108,r_89_55_61,r_109_60_108,0.47,0,108,108,38
52,seq4,r_3_124_189,r_145_20_121,r_145_20_121,0.98,68,189,121,38
77,seq56,seq54,r_89_55_61,r_89_55_61,1.0,1,62,61,38
36,r_53_18_69,r_40_97_92,r_140_36_3,r_140_36_3,0.65,31,34,3,38
34,r_10_76_193,seq11,r_7_77_13,r_7_77_13,0.87,180,193,13,38
2,r_7_77_13,r_10_76_193,r_25_78_14,r_7_77_13,0.7,1,14,13,38
24,r_47_67_37,r_48_99_87,seq69,r_47_67_37,1.0,0,37,37,38
17,r_114_92_64,r_113_149_183,seq91,r_114_92_64,1.0,0,64,64,38
94,seq115,r_113_149_183,seq116,r_113_149_183,0.79,0,183,183,38
9,r_33_79_82,seq35,r_7_77_13,r_33_79_82,1.0,0,82,82,38
31,r_71_85_8,r_86_38_189,r_114_92_64,r_114_92_64,1.0,125,189,64,38
22,r_14_19_138,r_15_34_188,r_145_20_121,r_145_20_121,1.0,18,139,121,38
28,r_102_41_172,seq101,seq42,r_102_41_172,0.84,0,172,172,38
49,r_112_125_161,r_113_149_183,seq123,r_112_125_161,0.39,0,161,161,38
32,r_109_60_108,r_89_55_61,r_75_61_123,r_75_61_123,0.98,-1,122,123,38
7,r_5_13_108,r_3_124_189,seq11,r_5_13_108,0.88,1,109,108,38
18,r_86_38_189,r_71_85_8,r_107_58_162,r_86_38_189,0.49,0,189,189,38
44,r_93_68_88,seq94,seq69,r_93_68_88,0.95,0,88,88,38
23,r_75_61_123,seq74,r_7_77_13,r_7_77_13,0.57,96,109,13,38
35,r_12_59_146,r_10_76_193,r_75_61_123,r_12_59_146,1.0,0,146,146,38
12,r_145_20_121,seq146,r_53_18_69,r_145_20_121,0.96,0,121,121,38
39,r_103_63_42,r_102_41_172,r_136_64_1,r_103_63_42,1.0,0,42,42,38
3,r_136_64_1,seq62,r_103_63_42,r_103_63_42,1.0,0,42,42,38
36,r_106_22_92,r_104_120_169,seq23,r_106_22_92,0.9,0,92,92,39
6,r_66_126_67,r_139_56_204,r_112_127_74,r_66_126_67,0.61,13,80,67,39
92,seq107,r_109_47_103,seq105,r_109_47_103,1.0,-11,92,103,39
14,r_91_149_78,r_92_28_156,r_142_143_45,r_91_149_78,0.97,2,80,78,39
53,seq11,r_12_44_174,r_9_10_54,r_12_44_174,0.29,1,175,174,39
43,r_128_97_185,r_130_69_151,r_35_131_23,r_128_97_185,0.86,-34,151,185,39
37,r_58_18_162,seq61,r_83_17_2,r_58_18_162,0.57,0,162,162,39
55,seq147,r_145_140_219,r_91_149_78,r_91_149_78,1.0,110,188,78,39
16,r_148_14_77,r_145_140_219,r_16_15_74,r_148_14_77,1.0,0,77,77,39
21,r_122_65_110,seq123,seq68,r_122_65_110,0.86,0,110,110,39
1,r_13_124_71,seq11,r_66_126_67,r_13_124_71,1.0,0,71,71,39
45,r_43_77_125,seq45,seq82,r_43_77_125,0.97,0,125,125,39
12,r_55_34_125,r_53_26_80,seq61,r_53_26_80,0.53,-57,23,80,39
18,r_41_133_18,r_42_30_138,seq134,r_41_133_18,1.0,0,18,18,39
4,r_57_67_15,r_58_18_162,seq68,r_57_67_15,0.63,0,15,15,39
66,seq54,r_53_26_80,seq63,r_53_26_80,1.0,-10,70,80,39
31,r_101_3_116,seq105,seq4,r_101_3_116,0.96,0,116,116,39
41,r_20_60_192,r_19_129_117,r_5_21_52,r_20_60_192,0.96,-128,64,192,39
56,seq23,r_53_26_80,r_115_24_138,r_115_24_138,1.0,0,138,138,39
38,r_52_90_45,r_51_114_66,r_59_89_18,r_52_90_45,0.99,0,45,45,39
8,r_51_114_66,seq68,seq113,r_51_114_66,0.9,0,66,66,39
10,r_139_56_204,r_142_143_45,r_8_141_50,r_8_141_50,1.0,37,87,50,39
0,r_35_131_23,seq36,r_130_69_151,r_35_131_23,1.0,0,23,23,39
46,r_72_0_26,seq71,seq6,r_72_0_26,1.0,0,26,26,39
98,seq123,r_122_65_110,seq117,r_122_65_110,0.98,-36,74,110,39
40,r_16_15_74,seq23,r_148_14_77,r_16_15_74,0.6,3,77,74,39
20,r_59_89_18,r_92_28_156,r_52_90_45,r_59_89_18,0.78,40,58,18,39
12,r_55_34_125,seq61,seq36,r_55_34_125,0.94,0,125,125,39
6,r_66_126_67,seq68,r_139_56_204,r_66_126_67,0.81,0,67,67,39
15,r_142_143_45,r_139_56_204,seq147,r_142_143_45,0.51,0,45,45,39
43,r_128_97_185,r_35_131_23,r_59_89_18,r_128_97_185,0.97,0,185,185,39
20,r_59_89_18,seq61,r_92_28_156,r_59_89_18,0.73,0,18,18,39
99,seq125,r_122_65_110,r_112_127_74,r_122_65_110,0.98,-29,81,110,39
5,r_8_141_50,r_9_10_54,r_139_56_204,r_8_141_50,1.0,0,50,50,39
8,r_51_114_66,r_52_90_45,seq68,r_51_114_66,0.92,-22,44,66,39
5,r_8_141_50,r_139_56_204,r_91_149_78,r_8_141_50,0.65,154,204,50,39
0,r_35_131_23,r_130_69_151,r_19_129_117,r_35_131_23,0.91,128,151,23,39
10,r_139_56_204,r_8_141_50,seq71,r_139_56_204,0.67,0,204,204,39
27,r_109_47_103,seq107,seq48,r_109_47_103,0.95,1,104,103,39
2,r_2_27_166,seq4,r_42_30_138,r_2_27_166,0.69,0,166,166,39
47,r_46_103_163,seq48,r_38_102_8,r_46_103_163,0.48,1,164,163,39
3,r_5_21_52,r_2_27_166,r_20_60_192,r_5_21_52,1.0,0,52,52,39
29,r_112_127_74,seq113,r_66_126_67,r_66_126_67,0.89,7,74,67,39
25,r_92_28_156,seq93,r_42_30_138,r_92_28_156,0.74,0,156,156,39
33,r_115_24_138,r_116_64_122,r_35_131_23,r_115_24_138,0.61,-16,122,138,39
64,seq45,r_43_77_125,seq39,r_43_77_125,0.99,0,125,125,39
65,seq48,r_50_49_90,r_109_47_103,r_109_47_103,1.0,46,149,103,39
26,r_83_17_2,r_5_21_52,r_58_18_162,r_83_17_2,0.55,161,163,2,39
32,r_116_64_122,r_115_24_138,seq71,r_116_64_122,0.85,0,122,122,39
34,r_19_129_117,r_20_60_192,r_35_131_23,r_19_129_117,0.75,1,118,117,39
17,r_118_132_186,seq119,r_35_131_23,r_35_131_23,1.0,163,186,23,39
39,r_146_80_12,r_139_56_204,seq78,r_146_80_12,0.71,-1,11,12,39
9,r_130_69_151,r_128_97_185,seq75,r_130_69_151,0.63,2,153,151,39
28,r_136_100_106,seq134,seq105,r_136_100_106,0.91,0,106,106,39
49,r_104_120_169,seq105,seq117,r_104_120_169,0.69,0,169,169,39
33,r_115_24_138,r_35_131_23,seq23,r_115_24_138,0.82,0,138,138,39
56,seq23,r_20_60_192,r_53_26_80,r_53_26_80,1.0,30,110,80,39
26,r_83_17_2,seq45,r_5_21_52,r_5_21_52,0.32,96,148,52,39
23,r_53_26_80,seq54,seq23,r_53_26_80,1.0,0,80,80,39
7,r_9_10_54,r_8_141_50,seq11,r_8_141_50,1.0,-5,45,50,39
44,r_46_63_166,r_6_45_63,r_94_58_17,r_46_63_166,0.64,0,166,166,40
51,seq4,r_18_12_162,seq5,r_18_12_162,0.48,-84,78,162,40
36,r_6_45_63,r_11_32_99,r_46_63_166,r_6_45_63,1.0,0,63,63,40
43,r_81_65_159,seq86,seq79,r_81_65_159,0.31,-61,98,159,40
19,r_120_69_22,seq73,r_51_68_155,r_51_68_155,0.59,8,163,155,40
71,seq55,r_54_128_132,r_43_111_172,r_54_128_132,0.79,-1,131,132,40
21,r_43_111_172,r_40_90_74,r_6_45_63,r_43_111_172,0.98,-101,71,172,40
39,r_132_107_4,seq110,seq118,r_132_107_4,0.72,113,117,4,40
1,r_44_78_72,r_40_90_74,seq79,r_44_78_72,1.0,0,72,72,40
75,seq73,r_72_113_137,r_103_66_7,r_103_66_7,0.92,10,17,7,40
42,r_59_93_91,seq57,r_92_82_141,r_59_93_91,0.95,0,91,91,40
37,r_41_64_30,r_40_90_74,seq62,r_41_64_30,0.96,0,30,30,40
45,r_70_114_81,seq73,r_52_108_8,r_70_114_81,1.0,0,81,81,40
40,r_56_3_51,r_59_93_91,seq1,r_56_3_51,1.0,0,51,51,40
11,r_103_66_7,seq73,r_81_65_159,r_81_65_159,1.0,4,163,159,40
27,r_149_60_5,r_59_93_91,r_94_58_17,r_59_93_91,0.99,0,91,91,40
95,seq116,r_117_0_173,seq118,r_117_0_173,0.68,-20,153,173,40
41,r_97_84_179,seq96,r_61_85_76,r_97_84_179,0.52,1,180,179,40
25,r_94_58_17,r_92_82_141,r_149_60_5,r_94_58_17,1.0,0,17,17,40
3,r_95_30_164,r_97_84_179,r_11_32_99,r_97_84_179,0.7,-14,165,179,40
10,r_40_90_74,r_43_111_172,seq91,r_40_90_74,1.0,0,74,74,40
0,r_23_101_23,r_24_122_44,seq100,r_23_101_23,0.53,0,23,23,40
4,r_129_83_101,seq121,r_61_85_76,r_129_83_101,1.0,0,101,101,40
73,seq138,r_139_36_103,r_106_127_20,r_139_36_103,0.7,0,103,103,40
7,r_89_53_182,r_48_27_202,r_8_39_93,r_48_27_202,0.82,0,202,202,40
21,r_43_111_172,r_6_45_63,r_8_39_93,r_8_39_93,0.99,18,111,93,40
20,r_143_109_116,seq144,r_52_108_8,r_143_109_116,0.9,0,116,116,40
15,r_2_71_108,seq1,seq73,r_2_71_108,1.0,0,108,108,40
6,r_139_36_103,seq138,seq37,r_139_36_103,0.98,0,103,103,40
62,seq19,seq17,r_123_20_116,r_123_20_116,1.0,56,172,116,40
19,r_120_69_22,r_129_83_101,seq73,r_120_69_22,0.73,0,22,22,40
36,r_6_45_63,r_46_63_166,r_8_39_93,r_6_45_63,0.98,103,166,63,40
42,r_59_93_91,r_92_82_141,r_40_90_74,r_92_82_141,1.0,0,141,141,40
51,seq4,seq5,r_95_30_164,r_95_30_164,0.81,2,166,164,40
47,r_50_42_144,r_51_68_155,r_8_39_93,r_8_39_93,0.74,51,144,93,40
74,seq62,r_61_85_76,r_41_64_30,r_61_85_76,0.94,0,76,76,40
18,r_131_21_183,seq134,r_123_20_116,r_123_20_116,1.0,67,183,116,40
29,r_92_82_141,seq91,r_59_93_91,r_59_93_91,1.0,8,99,91,40
35,r_8_39_93,r_43_111_172,r_50_42_144,r_8_39_93,0.82,79,172,93,40
43,r_81_65_159,seq79,r_103_66_7,r_81_65_159,1.0,0,159,159,40
33,r_13_75_112,seq14,seq74,r_13_75_112,0.99,0,112,112,40
70,seq37,r_48_27_202,r_139_36_103,r_139_36_103,0.99,0,103,103,40
29,r_92_82_141,r_59_93_91,r_129_83_101,r_92_82_141,0.99,0,141,141,40
61,seq17,r_18_12_162,r_140_22_33,r_140_22_33,1.0,128,161,33,40
32,r_11_32_99,r_8_39_93,seq28,r_8_39_93,1.0,-7,86,93,40
38,r_26_130_142,r_25_99_148,r_54_128_132,r_54_128_132,0.94,10,142,132,40
76,seq74,seq76,r_13_75_112,r_13_75_112,0.88,2,114,112,40
34,r_51_68_155,r_49_88_174,r_120_69_22,r_51_68_155,0.93,1,156,155,40
24,r_24_122_44,r_11_32_99,seq121,r_24_122_44,1.0,0,44,44,40
21,r_43_111_172,r_8_39_93,r_143_109_116,r_43_111_172,1.0,0,172,172,40
17,r_47_67_175,r_48_27_202,r_103_66_7,r_47_67_175,0.63,0,175,175,40
9,r_54_128_132,seq55,r_24_122_44,r_54_128_132,0.58,0,132,132,40
22,r_72_113_137,seq73,r_143_109_116,r_72_113_137,0.94,0,137,137,40
28,r_49_88_174,r_47_67_175,r_40_90_74,r_40_90_74,1.0,100,174,74,40
49,r_18_12_162,seq17,r_126_15_38,r_126_15_38,1.0,124,162,38,40
72,seq57,r_56_3_51,r_94_58_17,r_56_3_51,0.87,-2,49,51,40
44,r_46_63_166,r_40_90_74,r_6_45_63,r_46_63_166,1.0,-104,62,166,40
13,r_38_133_38,r_40_90_74,seq134,r_38_133_38,0.51,0,38,38,40
23,r_61_85_76,seq62,seq86,r_61_85_76,1.0,0,76,76,40
75,seq73,r_103_66_7,r_2_71_108,r_2_71_108,0.93,55,163,108,40
8,r_140_22_33,r_139_36_103,seq31,r_140_22_33,1.0,0,33,33,40
35,r_8_39_93,r_11_32_99,r_43_111_172,r_8_39_93,1.0,0,93,93,40
88,seq100,r_102_35_131,r_23_101_23,r_23_101_23,0.57,5,28,23,40
84,seq91,r_92_82_141,r_40_90_74,r_40_90_74,0.68,1,75,74,40
30,r_72_124_101,r_73_67_139,seq126,r_72_124_101,0.81,0,101,101,41
51,seq131,r_130_98_131,r_101_145_65,r_101_145_65,0.52,66,131,65,41
14,r_43_84_98,seq45,seq86,r_43_84_98,0.99,0,98,98,41
8,r_26_143_158,r_28_144_179,r_40_141_72,r_26_143_158,0.68,0,158,158,41
59,seq147,seq134,r_101_145_65,r_101_145_65,1.0,18,83,65,41
71,seq46,seq54,r_139_47_23,r_139_47_23,0.97,79,102,23,41
37,r_6_70_152,r_5_9_42,r_97_2_23,r_6_70_152,0.94,-101,51,152,41
16,r_19_10_60,seq21,r_11_61_129,r_19_10_60,1.0,0,60,60,41
39,r_73_67_139,r_72_124_101,seq76,r_72_124_101,0.93,-8,93,101,41
25,r_15_114_16,r_11_61_129,r_112_27_125,r_15_114_16,0.8,0,16,16,41
5,r_35_96_115,r_28_144_179,seq94,r_35_96_115,1.0,0,115,115,41
46,r_92_132_85,seq93,seq131,r_92_132_85,0.99,0,85,85,41
42,r_65_57_181,r_63_44_189,r_74_53_65,r_74_53_65,0.81,116,181,65,41
23,r_3_75_139,r_6_70_152,seq76,r_3_75_139,0.8,1,140,139,41
80,seq76,r_73_67_139,r_3_75_139,r_3_75_139,0.94,0,139,139,41
32,r_138_66_139,seq142,r_73_67_139,r_138_66_139,0.97,0,139,139,41
10,r_146_41_15,r_129_79_38,seq42,r_146_41_15,0.98,0,15,15,41
27,r_5_9_42,r_11_61_129,r_50_13_87,r_5_9_42,0.98,88,130,42,41
95,seq113,r_112_27_125,seq108,r_112_27_125,1.0,-1,124,125,41
54,seq8,r_15_114_16,r_33_7_9,r_15_114_16,0.61,-1,15,16,41
18,r_137_20_43,r_138_66_139,seq21,r_137_20_43,1.0,0,43,43,41
26,r_11_61_129,r_19_10_60,r_83_62_10,r_11_61_129,0.99,1,130,129,41
28,r_111_116_52,r_112_27_125,seq119,r_111_116_52,0.45,0,52,52,41
26,r_11_61_129,r_12_122_102,r_19_10_60,r_19_10_60,0.89,24,84,60,41
16,r_19_10_60,r_11_61_129,r_50_13_87,r_19_10_60,0.72,71,131,60,41
4,r_112_27_125,seq113,seq29,r_112_27_125,0.9,0,125,125,41
0,r_34_123_107,r_35_96_115,r_72_124_101,r_34_123_107,0.73,0,107,107,41
11,r_52_39_137,seq48,seq38,r_52_39_137,0.98,0,137,137,41
13,r_50_13_87,seq48,seq8,r_50_13_87,1.0,0,87,87,41
48,r_4_49_130,r_3_75_139,r_74_53_65,r_74_53_65,0.88,65,130,65,41
20,r_1_14_51,r_12_122_102,r_50_13_87,r_1_14_51,1.0,40,91,51,41
47,r_88_24_48,seq90,seq23,r_88_24_48,0.99,0,48,48,41
62,seq23,seq22,r_88_24_48,r_88_24_48,1.0,3,51,48,41
99,seq126,seq134,r_34_123_107,r_34_123_107,0.9,0,107,107,41
36,r_83_62_10,seq46,r_11_61_129,r_11_61_129,1.0,33,162,129,41
21,r_117_115_36,seq118,r_15_114_16,r_117_115_36,0.44,-8,28,36,41
6,r_129_79_38,r_136_103_64,seq80,r_129_79_38,1.0,0,38,38,41
2,r_12_122_102,seq8,seq118,r_12_122_102,0.98,0,102,102,41
36,r_83_62_10,seq85,seq46,r_83_62_10,0.9,0,10,10,41
24,r_121_51_92,seq119,r_74_53_65,r_121_51_92,1.0,0,92,92,41
69,seq42,seq85,r_146_41_15,r_146_41_15,0.67,0,15,15,41
49,r_33_7_9,r_34_123_107,seq8,r_33_7_9,0.8,1,10,9,41
33,r_130_98_131,seq131,seq99,r_130_98_131,0.74,0,131,131,41
58,seq17,seq16,r_107_18_129,r_107_18_129,1.0,27,156,129,41
70,seq45,r_43_84_98,seq69,r_43_84_98,0.66,0,98,98,41
27,r_5_9_42,r_6_70_152,r_11_61_129,r_5_9_42,0.83,7,49,42,41
72,seq48,r_50_13_87,seq60,r_50_13_87,1.0,-34,53,87,41
34,r_105_77_69,r_107_18_129,seq80,r_105_77_69,0.94,0,69,69,41
28,r_111_116_52,seq119,r_34_123_107,r_34_123_107,1.0,3,110,107,41
81,seq80,r_81_104_166,r_129_79_38,r_129_79_38,0.99,128,166,38,41
17,r_107_18_129,seq102,seq17,r_107_18_129,0.92,0,129,129,41
43,r_97_2_23,r_101_145_65,seq0,r_97_2_23,1.0,0,23,23,41
25,r_15_114_16,r_112_27_125,r_117_115_36,r_112_27_125,1.0,-42,83,125,41
70,seq45,seq69,r_3_75_139,r_3_75_139,0.83,11,150,139,41
9,r_40_141_72,seq38,seq142,r_40_141_72,1.0,0,72,72,41
39,r_73_67_139,seq76,r_138_66_139,r_73_67_139,0.63,0,139,139,41
37,r_6_70_152,r_97_2_23,seq69,r_6_70_152,0.84,0,152,152,41
22,r_106_82_85,r_107_18_129,seq80,r_106_82_85,0.95,0,85,85,41
31,r_133_55_11,r_130_98_131,seq54,r_133_55_11,1.0,0,11,11,41
7,r_71_148_117,seq69,r_32_149_81,r_32_149_81,0.72,34,115,81,41
44,r_136_103_64,seq147,seq108,r_136_103_64,0.86,0,64,64,41
20,r_1_14_51,seq0,r_12_122_102,r_1_14_51,0.89,0,51,51,41
23,r_3_75_139,r_4_49_130,r_6_70_152,r_4_49_130,0.65,0,130,130,41
35,r_101_145_65,seq100,seq147,r_101_145_65,1.0,0,65,65,41
12,r_74_53_65,r_73_67_139,seq48,r_74_53_65,0.92,0,65,65,41
32,r_138_66_139,r_137_20_43,seq142,r_137_20_43,1.0,-1,42,43,41
30,r_42_66_165,r_39_77_117,r_69_43_64,r_69_43_64,0.74,36,100,64,42
8,r_89_63_47,r_88_114_131,r_71_130_197,r_89_63_47,0.86,0,47,47,42
36,r_37_117_99,r_39_77_117,r_113_109_194,r_37_117_99,1.0,0,99,99,42
14,r_115_61_141,r_113_109_194,r_139_57_64,r_113_109_194,0.52,-53,141,194,42
3,r_123_4_43,r_5_0_29,r_33_3_101,r_33_3_101,0.99,3,104,101,42
59,seq18,r_19_41_121,r_53_17_93,r_53_17_93,0.76,45,138,93,42
1,r_110_27_107,r_113_109_194,seq28,r_110_27_107,0.97,0,107,107,42
46,r_60_90_118,seq58,r_137_95_40,r_137_95_40,0.82,78,118,40,42
42,r_74_35_99,seq79,seq34,r_74_35_99,0.72,0,99,99,42
80,seq70,r_62_73_107,r_105_72_64,r_105_72_64,1.0,32,96,64,42
45,r_81_78_119,r_80_107_198,seq79,r_81_78_119,0.57,-44,75,119,42
19,r_15_118_74,seq10,seq120,r_15_118_74,1.0,0,74,74,42
15,r_88_114_131,r_137_95_40,r_37_117_99,r_137_95_40,0.76,90,130,40,42
37,r_75_140_18,r_139_57_64,seq136,r_139_57_64,1.0,1,65,64,42
27,r_2_6_193,r_33_3_101,seq8,r_2_6_193,0.75,0,193,193,42
76,seq55,seq79,r_105_72_64,r_105_72_64,0.99,4,68,64,42
3,r_123_4_43,r_124_143_127,r_5_0_29,r_123_4_43,0.99,0,43,43,42
31,r_71_130_197,r_62_73_107,r_105_72_64,r_105_72_64,1.0,35,99,64,42
41,r_51_87_63,seq52,r_25_86_66,r_51_87_63,0.9,0,63,63,42
10,r_146_149_84,r_145_13_96,seq54,r_146_149_84,0.89,0,84,84,42
39,r_137_95_40,seq136,seq92,r_137_95_40,1.0,0,40,40,42
8,r_89_63_47,r_71_130_197,r_139_57_64,r_139_57_64,0.8,45,109,64,42
78,seq58,r_60_90_118,r_139_57_64,r_139_57_64,0.98,6,70,64,42
63,seq26,r_25_86_66,seq29,r_25_86_66,0.95,0,66,66,42
11,r_133_16_175,r_132_148_163,seq131,r_132_148_163,0.9,0,163,163,42
5,r_45_14_44,seq44,seq29,r_45_14_44,0.84,3,47,44,42
13,r_65_49_146,r_64_50_76,seq68,r_64_50_76,0.99,0,76,76,42
13,r_65_49_146,seq68,r_103_32_116,r_65_49_146,0.54,0,146,146,42
6,r_104_106_195,r_105_72_64,seq120,r_105_72_64,1.0,0,64,64,42
11,r_133_16_175,seq131,r_45_14_44,r_133_16_175,0.59,0,175,175,42
34,r_139_57_64,r_75_140_18,seq58,r_139_57_64,1.0,1,65,64,42
27,r_2_6_193,r_5_0_29,r_33_3_101,r_33_3_101,0.99,-1,100,101,42
30,r_42_66_165,r_69_43_64,r_105_72_64,r_42_66_165,0.67,0,165,165,42
2,r_64_50_76,r_65_49_146,seq52,r_64_50_76,0.68,0,76,76,42
47,r_39_77_117,seq38,r_98_76_123,r_39_77_117,0.88,-7,110,117,42
34,r_139_57_64,r_137_95_40,r_75_140_18,r_139_57_64,0.71,-45,19,64,42
40,r_53_17_93,seq54,seq18,r_53_17_93,0.88,0,93,93,42
63,seq26,seq29,r_116_24_99,r_116_24_99,0.99,11,110,99,42
18,r_100_97_187,seq99,r_110_27_107,r_100_97_187,0.45,0,187,187,42
33,r_30_7_99,r_33_3_101,seq8,r_30_7_99,0.97,0,99,99,42
48,r_98_76_123,r_137_95_40,r_39_77_117,r_39_77_117,0.68,-14,103,117,42
58,seq142,seq147,r_124_143_127,r_124_143_127,1.0,5,132,127,42
68,seq36,r_42_66_165,r_103_32_116,r_103_32_116,1.0,49,165,116,42
32,r_9_135_96,seq8,seq134,r_9_135_96,1.0,1,97,96,42
38,r_145_13_96,seq147,r_45_14_44,r_145_13_96,0.95,0,96,96,42
52,seq131,r_133_16_175,seq129,r_133_16_175,0.71,-63,112,175,42
15,r_88_114_131,r_89_63_47,r_137_95_40,r_137_95_40,0.96,6,46,40,42
17,r_62_73_107,r_71_130_197,seq82,r_71_130_197,0.68,-86,111,197,42
9,r_25_86_66,seq26,r_51_87_63,r_25_86_66,0.93,0,66,66,42
48,r_98_76_123,seq84,r_137_95_40,r_137_95_40,1.0,4,44,40,42
22,r_69_43_64,seq68,seq40,r_69_43_64,0.92,1,65,64,42
49,r_125_138_52,r_119_144_63,seq134,r_119_144_63,0.63,-11,52,63,42
7,r_103_32_116,r_100_97_187,seq31,r_103_32_116,0.96,1,117,116,42
44,r_33_3_101,seq34,r_123_4_43,r_33_3_101,0.97,0,101,101,42
26,r_141_12_36,r_146_149_84,seq29,r_141_12_36,0.97,0,36,36,42
16,r_23_21_49,r_25_86_66,seq22,r_23_21_49,0.61,3,52,49,42
35,r_105_72_64,r_104_106_195,r_71_130_197,r_105_72_64,1.0,0,64,64,42
12,r_119_144_63,seq120,seq147,r_119_144_63,1.0,0,63,63,42
37,r_75_140_18,r_51_87_63,r_139_57_64,r_75_140_18,0.98,0,18,18,42
30,r_72_137_66,seq73,seq138,r_72_137_66,1.0,0,66,66,43
50,seq0,seq1,r_103_21_1,r_103_21_1,0.45,39,40,1,43
38,r_65_41_89,r_99_67_57,seq42,r_65_41_89,0.98,0,89,89,43
14,r_128_119_167,r_122_129_32,r_53_118_64,r_53_118_64,1.0,106,170,64,43
8,r_139_29_173,seq141,r_103_21_1,r_103_21_1,0.52,172,173,1,43
17,r_134_50_50,seq133,r_51_13_181,r_134_50_50,1.0,0,50,50,43
53,seq4,seq2,r_16_3_60,r_16_3_60,1.0,0,60,60,43
43,r_89_27_72,seq90,r_63_25_9,r_89_27_72,0.89,0,72,72,43
83,seq83,r_84_85_97,r_125_82_89,r_125_82_89,1.0,39,128,89,43
37,r_8_78_121,seq9,r_59_79_82,r_8_78_121,0.97,1,122,121,43
21,r_123_14_140,r_126_30_149,r_62_15_39,r_123_14_140,0.62,0,140,140,43
12,r_26_143_49,r_103_21_1,seq146,r_26_143_49,0.96,0,49,49,43
46,r_54_127_161,seq58,r_109_111_112,r_109_111_112,0.81,49,161,112,43
80,seq141,seq140,r_36_142_91,r_36_142_91,1.0,5,96,91,43
11,r_51_13_181,r_134_50_50,r_62_15_39,r_51_13_181,0.54,1,182,181,43
31,r_108_49_92,r_109_111_112,r_134_50_50,r_109_111_112,0.99,-20,92,112,43
3,r_11_76_70,r_10_104_80,seq75,r_11_76_70,1.0,0,70,70,43
26,r_55_124_64,r_52_66_77,seq121,r_55_124_64,1.0,0,64,64,43
7,r_99_67_57,r_101_71_155,r_65_41_89,r_99_67_57,0.93,0,57,57,43
46,r_54_127_161,r_109_111_112,seq130,r_109_111_112,0.69,79,191,112,43
4,r_105_37_130,seq106,r_46_39_19,r_105_37_130,0.9,0,130,130,43
78,seq75,r_74_145_126,r_11_76_70,r_11_76_70,0.76,56,126,70,43
0,r_148_35_140,seq147,r_103_21_1,r_148_35_140,0.89,0,140,140,43
13,r_70_48_193,seq69,r_60_43_171,r_60_43_171,0.82,18,189,171,43
20,r_33_95_11,r_103_21_1,seq98,r_33_95_11,0.91,0,11,11,43
66,seq133,r_134_50_50,seq138,r_134_50_50,1.0,0,50,50,43
11,r_51_13_181,seq42,r_134_50_50,r_134_50_50,1.0,1,51,50,43
36,r_46_39_19,r_51_13_181,seq38,r_46_39_19,0.99,0,19,19,43
57,seq9,r_8_78_121,seq7,r_8_78_121,1.0,1,122,121,43
6,r_97_61_111,seq98,seq56,r_97_61_111,0.78,0,111,111,43
99,seq121,r_123_14_140,r_55_124_64,r_55_124_64,0.5,45,109,64,43
7,r_99_67_57,r_65_41_89,r_52_66_77,r_65_41_89,0.47,0,89,89,43
48,r_113_117_35,r_112_34_180,seq120,r_113_117_35,0.7,0,35,35,43
2,r_74_145_126,seq75,seq146,r_74_145_126,0.98,0,126,126,43
47,r_88_6_79,seq90,seq7,r_88_6_79,1.0,0,79,79,43
40,r_44_114_3,r_112_34_180,r_54_127_161,r_44_114_3,0.63,177,180,3,43
18,r_60_43_171,seq58,seq45,r_60_43_171,0.5,0,171,171,43
29,r_20_17_79,r_103_21_1,seq18,r_20_17_79,0.87,-18,61,79,43
24,r_101_71_155,seq100,seq73,r_101_71_155,0.67,0,155,155,43
25,r_52_66_77,r_54_127_161,r_99_67_57,r_52_66_77,0.96,0,77,77,43
38,r_65_41_89,seq42,r_64_40_118,r_64_40_118,1.0,49,167,118,43
32,r_36_142_91,seq38,seq141,r_36_142_91,0.95,0,91,91,43
38,r_65_41_89,seq81,r_99_67_57,r_99_67_57,0.91,6,63,57,43
77,seq73,r_72_137_66,seq75,r_72_137_66,1.0,0,66,66,43
34,r_59_79_82,r_60_43_171,seq83,r_59_79_82,0.83,0,82,82,43
9,r_10_104_80,r_8_78_121,seq106,r_10_104_80,1.0,0,80,80,43
28,r_16_3_60,seq18,seq4,r_16_3_60,0.98,0,60,60,43
91,seq100,r_101_71_155,r_10_104_80,r_10_104_80,0.74,71,151,80,43
49,r_149_22_131,r_148_35_140,r_103_21_1,r_103_21_1,1.0,130,131,1,43
44,r_125_82_89,r_126_30_149,seq83,r_125_82_89,1.0,0,89,89,43
23,r_112_34_180,r_113_117_35,r_44_114_3,r_113_117_35,0.62,41,76,35,43
17,r_134_50_50,r_51_13_181,r_60_43_171,r_134_50_50,0.71,131,181,50,43
35,r_109_111_112,seq107,seq110,r_109_111_112,0.63,7,119,112,43
23,r_112_34_180,r_44_114_3,r_103_21_1,r_112_34_180,0.73,0,180,180,43
84,seq87,r_86_115_162,r_84_85_97,r_86_115_162,0.97,-20,142,162,43
5,r_62_15_39,r_52_66_77,seq18,r_62_15_39,0.94,0,39,39,43
30,r_146_13_97,r_149_28_167,seq12,r_146_13_97,0.75,0,97,97,44
40,r_45_52_50,seq43,r_139_57_12,r_139_57_12,0.71,46,58,12,44
36,r_100_148_132,r_103_138_137,r_81_101_95,r_81_101_95,0.93,0,95,95,44
14,r_81_101_95,seq80,r_100_148_132,r_81_101_95,0.92,0,95,95,44
8,r_8_29_69,seq7,seq31,r_8_29_69,0.78,2,71,69,44
53,seq7,r_10_54_180,r_23_3_179,r_23_3_179,0.58,2,181,179,44
54,seq12,r_14_37_159,r_146_13_97,r_146_13_97,1.0,63,160,97,44
37,r_79_2_35,r_78_118_179,r_91_0_13,r_79_2_35,0.66,0,35,35,44
86,seq135,r_137_49_174,r_103_138_137,r_103_138_137,0.56,37,174,137,44
16,r_92_134_77,seq94,seq133,r_92_134_77,1.0,1,78,77,44
21,r_97_112_79,seq99,seq111,r_97_112_79,0.95,0,79,79,44
39,r_46_18_12,r_19_128_141,r_25_17_117,r_19_128_141,0.96,0,141,141,44
1,r_145_117_89,seq144,r_149_28_167,r_145_117_89,0.99,0,89,89,44
28,r_129_63_36,seq130,seq62,r_129_63_36,1.0,0,36,36,44
46,r_141_71_177,r_140_40_113,r_114_142_66,r_141_71_177,1.0,-111,66,177,44
18,r_96_106_35,r_97_112_79,seq107,r_96_106_35,0.91,0,35,35,44
45,r_102_90_88,r_103_138_137,r_58_93_27,r_102_90_88,1.0,0,88,88,44
19,r_74_1_176,r_78_118_179,r_91_0_13,r_78_118_179,0.32,-3,176,179,44
43,r_32_44_51,seq31,seq43,r_32_44_51,0.87,7,58,51,44
31,r_59_76_62,r_60_61_80,seq77,r_59_76_62,1.0,0,62,62,44
41,r_25_17_117,r_23_3_179,r_46_18_12,r_25_17_117,0.52,4,121,117,44
89,seq144,r_145_117_89,r_4_143_16,r_145_117_89,0.97,0,89,89,44
3,r_23_3_179,seq22,r_79_2_35,r_79_2_35,0.76,144,179,35,44
90,seq99,r_97_112_79,seq95,r_97_112_79,1.0,0,79,79,44
34,r_91_0_13,seq5,r_79_2_35,r_79_2_35,1.0,4,39,35,44
10,r_58_93_27,r_60_61_80,seq94,r_58_93_27,0.85,1,28,27,44
15,r_140_40_113,r_141_71_177,seq38,r_140_40_113,0.93,0,113,113,44
48,r_147_53_83,r_149_28_167,r_139_57_12,r_147_53_83,0.99,0,83,83,44
6,r_98_89_89,seq99,seq88,r_98_89_89,0.58,8,97,89,44
13,r_4_143_16,seq5,seq144,r_4_143_16,0.92,0,16,16,44
85,seq88,r_78_118_179,r_98_89_89,r_98_89_89,0.48,-21,68,89,44
2,r_149_28_167,seq144,r_46_18_12,r_149_28_167,0.79,0,167,167,44
27,r_105_108_88,r_103_138_137,r_136_109_78,r_105_108_88,1.0,1,89,88,44
2,r_149_28_167,r_146_13_97,seq144,r_146_13_97,1.0,-8,89,97,44
4,r_122_48_47,seq120,seq47,r_122_48_47,1.0,0,47,47,44
36,r_100_148_132,r_81_101_95,r_4_143_16,r_100_148_132,0.84,0,132,132,44
29,r_19_128_141,r_46_18_12,seq130,r_19_128_141,0.61,0,141,141,44
24,r_67_64_86,seq68,seq65,r_67_64_86,0.58,-18,68,86,44
67,seq43,r_45_52_50,r_32_44_51,r_32_44_51,0.74,7,58,51,44
33,r_11_55_131,r_10_54_180,r_139_57_12,r_11_55_131,0.81,0,131,131,44
50,seq130,r_131_119_83,seq124,r_131_119_83,0.55,0,83,83,44
68,seq47,r_45_52_50,r_122_48_47,r_122_48_47,1.0,68,115,47,44
14,r_81_101_95,r_100_148_132,seq107,r_100_148_132,1.0,1,133,132,44
61,seq133,seq130,r_92_134_77,r_92_134_77,1.0,4,81,77,44
38,r_103_138_137,r_102_90_88,r_100_148_132,r_102_90_88,0.9,0,88,88,44
26,r_139_57_12,r_140_40_113,r_45_52_50,r_45_52_50,0.59,-38,12,50,44
34,r_91_0_13,r_78_118_179,seq5,r_91_0_13,0.6,0,13,13,44
7,r_72_123_21,r_78_118_179,seq124,r_72_123_21,0.97,0,21,21,44
9,r_137_49_174,seq135,r_139_57_12,r_137_49_174,0.47,0,174,174,44
50,seq130,seq124,r_19_128_141,r_19_128_141,0.99,3,144,141,44
22,r_14_37_159,seq12,r_140_40_113,r_140_40_113,0.87,47,160,113,44
49,r_56_87_63,seq50,seq86,r_56_87_63,0.98,0,63,63,44
44,r_136_109_78,r_137_49_174,r_96_106_35,r_136_109_78,1.0,0,78,78,44
23,r_114_142_66,seq115,r_141_71_177,r_114_142_66,1.0,0,66,66,44
91,seq107,r_110_30_127,r_96_106_35,r_96_106_35,0.86,0,35,35,44
42,r_84_125_12,r_78_118_179,seq126,r_84_125_12,0.99,0,12,12,44
12,r_110_30_127,r_113_104_191,r_8_29_69,r_110_30_127,0.99,0,127,127,44
23,r_114_142_66,r_141_71_177,r_100_148_132,r_100_148_132,1.0,45,177,132,44
46,r_116_143_18,r_121_123_149,seq142,r_116_143_18,0.63,0,18,18,45
36,r_146_65_188,r_145_134_103,r_110_67_14,r_145_134_103,0.47,85,188,103,45
2,r_132_101_27,r_136_35_151,seq100,r_136_35_151,0.63,-124,27,151,45
14,r_23_73_156,r_22_28_111,r_21_53_178,r_23_73_156,0.41,-45,111,156,45
53,seq133,r_136_35_151,r_141_135_48,r_136_35_151,0.66,0,151,151,45
55,seq10,r_9_39_107,seq8,r_9_39_107,0.94,0,107,107,45
16,r_32_124_93,seq37,r_34_129_10,r_32_124_93,1.0,0,93,93,45
39,r_74_93_190,seq72,r_24_94_69,r_24_94_69,1.0,121,190,69,45
76,seq63,r_62_137_184,r_110_67_14,r_62_137_184,0.35,0,184,184,45
41,r_33_105_104,seq37,r_108_112_48,r_33_105_104,0.97,0,104,104,45
11,r_22_28_111,seq26,r_5_36_28,r_22_28_111,0.59,22,133,111,45
89,seq96,r_97_0_167,r_18_95_76,r_18_95_76,0.97,91,167,76,45
3,r_136_35_151,seq133,r_5_36_28,r_136_35_151,0.87,0,151,151,45
14,r_23_73_156,r_21_53_178,seq72,r_23_73_156,0.96,0,156,156,45
26,r_118_139_174,seq115,seq138,r_118_139_174,0.44,0,174,174,45
0,r_111_82_80,r_121_123_149,r_83_77_184,r_111_82_80,0.94,0,80,80,45
11,r_22_28_111,r_23_73_156,seq26,r_22_28_111,0.18,0,111,111,45
20,r_6_15_107,r_5_36_28,seq16,r_5_36_28,0.79,46,74,28,45
15,r_121_123_149,seq122,r_32_124_93,r_32_124_93,0.7,57,150,93,45
48,r_38_29_91,seq37,r_30_14_193,r_30_14_193,0.47,-92,101,193,45
5,r_21_53_178,seq20,seq54,r_21_53_178,0.53,0,178,178,45
8,r_5_36_28,r_6_15_107,seq37,r_5_36_28,0.71,4,32,28,45
27,r_64_1_47,r_62_137_184,seq2,r_64_1_47,1.0,0,47,47,45
31,r_34_129_10,r_33_105_104,seq128,r_34_129_10,0.96,0,10,10,45
47,r_119_13_126,seq120,r_6_15_107,r_119_13_126,0.98,0,126,126,45
40,r_61_127_147,r_62_137_184,r_32_124_93,r_32_124_93,0.58,55,148,93,45
29,r_45_41_166,seq46,r_136_35_151,r_45_41_166,0.62,0,166,166,45
4,r_125_106_43,seq128,seq109,r_125_106_43,0.98,0,43,43,45
24,r_145_134_103,seq138,r_141_135_48,r_145_134_103,0.28,25,128,103,45
44,r_4_87_41,seq3,seq86,r_4_87_41,1.0,0,41,41,45
25,r_42_85_188,seq43,r_83_77_184,r_83_77_184,0.37,4,188,184,45
65,seq43,r_42_85_188,r_79_48_137,r_79_48_137,0.99,52,189,137,45
38,r_149_59_143,r_148_31_124,seq140,r_148_31_124,1.0,0,124,124,45
71,seq54,r_7_52_7,r_21_53_178,r_21_53_178,0.83,5,183,178,45
34,r_99_19_133,seq100,seq20,r_99_19_133,0.85,0,133,133,45
60,seq20,seq12,r_99_19_133,r_99_19_133,0.82,1,134,133,45
86,seq86,seq84,r_4_87_41,r_4_87_41,1.0,10,51,41,45
12,r_110_67_14,r_111_82_80,seq68,r_110_67_14,0.75,2,16,14,45
17,r_24_94_69,r_22_28_111,seq91,r_24_94_69,0.98,1,70,69,45
21,r_80_11_46,r_79_48_137,seq12,r_80_11_46,1.0,0,46,46,45
9,r_147_102_120,r_149_59_143,r_132_101_27,r_149_59_143,0.99,-23,120,143,45
22,r_79_48_137,seq81,seq50,r_79_48_137,0.94,0,137,137,45
38,r_149_59_143,seq140,seq55,r_149_59_143,1.0,0,143,143,45
91,seq100,r_99_19_133,seq96,r_99_19_133,1.0,0,133,133,45
49,r_9_39_107,seq10,r_5_36_28,r_9_39_107,0.73,-16,91,107,45
7,r_148_31_124,r_149_59_143,r_30_14_193,r_148_31_124,1.0,0,124,124,45
78,seq68,seq69,r_110_67_14,r_110_67_14,1.0,2,16,14,45
23,r_18_95_76,seq20,seq96,r_18_95_76,1.0,0,76,76,45
43,r_117_60_55,r_121_123_149,seq63,r_117_60_55,1.0,0,55,55,45
52,seq3,r_4_87_41,seq2,r_4_87_41,1.0,0,41,41,45
35,r_89_27_155,seq91,seq26,r_89_27_155,0.73,0,155,155,45
37,r_130_98_18,r_125_106_43,seq100,r_125_106_43,0.63,-25,18,43,45
30,r_36_102_159,seq40,seq103,r_36_102_159,0.7,0,159,159,46
36,r_122_10_108,seq123,seq6,r_122_10_108,0.87,0,108,108,46
28,r_105_22_27,seq103,r_25_104_147,r_105_22_27,1.0,0,27,27,46
37,r_87_48_138,seq91,r_130_89_94,r_87_48_138,0.33,-43,95,138,46
21,r_114_131_115,seq113,r_132_29_164,r_114_131_115,0.39,5,120,115,46
1,r_77_84_171,r_78_12_182,r_110_83_114,r_78_12_182,0.49,-11,171,182,46
42,r_13_70_84,seq14,seq76,r_13_70_84,0.98,0,84,84,46
12,r_138_41_30,r_141_96_147,seq40,r_138_41_30,1.0,0,30,30,46
80,seq85,seq149,r_110_83_114,r_110_83_114,0.61,-1,113,114,46
69,seq45,r_46_11_160,r_50_47_35,r_46_11_160,0.9,-67,93,160,46
45,r_42_60_76,r_38_52_117,seq59,r_42_60_76,1.0,0,76,76,46
41,r_28_34_22,r_38_52_117,r_133_30_14,r_133_30_14,0.76,8,22,14,46
66,seq21,r_19_26_60,seq17,r_19_26_60,1.0,1,61,60,46
31,r_44_106_101,r_46_11_160,seq103,r_44_106_101,0.98,0,101,101,46
14,r_133_30_14,r_130_89_94,r_38_52_117,r_133_30_14,0.69,0,14,14,46
10,r_46_11_160,seq45,seq4,r_46_11_160,0.81,0,160,160,46
40,r_132_29_164,r_114_131_115,r_148_32_102,r_132_29_164,1.0,0,164,164,46
4,r_148_32_102,seq149,r_133_30_14,r_148_32_102,0.94,0,102,102,46
63,seq144,r_145_75_146,seq135,r_145_75_146,0.93,0,146,146,46
16,r_0_142_22,seq1,seq140,r_0_142_22,1.0,0,22,22,46
73,seq59,r_57_120_168,r_42_60_76,r_42_60_76,1.0,92,168,76,46
11,r_110_83_114,seq111,seq85,r_110_83_114,0.56,0,114,114,46
78,seq80,r_81_125_58,r_78_12_182,r_81_125_58,0.97,-10,48,58,46
20,r_136_24_112,seq137,r_105_22_27,r_136_24_112,0.88,0,112,112,46
15,r_78_12_182,seq76,r_46_11_160,r_46_11_160,0.7,21,181,160,46
37,r_87_48_138,r_130_89_94,r_50_47_35,r_87_48_138,0.99,0,138,138,46
49,r_143_7_32,r_141_96_147,seq8,r_143_7_32,1.0,0,32,32,46
32,r_16_115_15,seq15,seq116,r_16_115_15,0.97,0,15,15,46
27,r_19_26_60,seq21,r_105_22_27,r_19_26_60,1.0,0,60,60,46
47,r_43_63_36,r_46_11_160,seq64,r_43_63_36,1.0,0,36,36,46
79,seq82,r_81_125_58,seq80,r_81_125_58,0.99,-10,48,58,46
7,r_86_33_105,r_118_101_151,r_148_32_102,r_86_33_105,0.79,0,105,105,46
2,r_127_93_165,r_129_72_164,r_23_100_35,r_23_100_35,0.91,130,165,35,46
33,r_107_66_53,seq103,seq76,r_107_66_53,0.98,5,58,53,46
40,r_132_29_164,r_129_72_164,r_114_131_115,r_132_29_164,0.61,-44,120,164,46
18,r_130_89_94,r_132_29_164,r_87_48_138,r_130_89_94,0.54,-2,92,94,46
29,r_128_88_169,r_129_72_164,r_130_89_94,r_130_89_94,0.92,75,169,94,46
44,r_50_47_35,seq55,seq45,r_50_47_35,0.33,0,35,35,46
35,r_25_104_147,r_105_22_27,seq103,r_25_104_147,0.87,0,147,147,46
25,r_73_18_176,seq76,seq21,r_73_18_176,0.48,0,176,176,46
48,r_20_31_8,r_38_52_117,r_133_30_14,r_20_31_8,0.43,71,79,8,46
24,r_146_35_26,r_148_32_102,r_28_34_22,r_28_34_22,1.0,4,26,22,46
68,seq40,r_38_52_117,r_54_39_29,r_38_52_117,0.4,-1,116,117,46
14,r_133_30_14,r_38_52_117,r_146_35_26,r_133_30_14,0.93,38,52,14,46
62,seq15,r_9_68_141,seq4,r_9_68_141,0.96,-67,74,141,46
61,seq14,r_13_70_84,seq4,r_13_70_84,0.97,0,84,84,46
21,r_114_131_115,r_132_29_164,r_62_90_146,r_132_29_164,0.69,-6,158,164,46
34,r_62_90_146,seq64,seq91,r_62_90_146,0.54,5,151,146,46
18,r_130_89_94,r_87_48_138,seq91,r_87_48_138,1.0,0,138,138,46
75,seq69,r_67_124_133,seq76,r_67_124_133,0.89,-8,125,133,46
9,r_54_39_29,seq55,seq40,r_54_39_29,0.79,1,30,29,46
17,r_38_52_117,seq40,seq51,r_38_52_117,0.84,0,117,117,46
43,r_23_100_35,r_25_104_147,seq99,r_23_100_35,0.64,0,35,35,46
28,r_105_22_27,r_25_104_147,r_136_24_112,r_136_24_112,0.56,16,128,112,46
22,r_79_71_150,seq80,seq76,r_79_71_150,0.43,-90,60,150,46
91,seq111,r_110_83_114,seq116,r_110_83_114,0.99,0,114,114,46
35,r_25_104_147,r_23_100_35,r_105_22_27,r_25_104_147,0.99,-119,28,147,46
0,r_81_125_58,seq82,seq123,r_81_125_58,0.98,0,58,58,46
7,r_86_33_105,r_87_48_138,r_118_101_151,r_118_101_151,0.58,-53,98,151,46
23,r_129_72_164,r_128_88_169,r_9_68_141,r_9_68_141,0.7,25,166,141,46
62,seq15,r_16_115_15,r_9_68_141,r_16_115_15,0.74,0,15,15,46
93,seq144,r_149_64_118,seq146,r_149_64_118,0.99,-16,102,118,47
30,r_92_0_189,seq91,r_117_93_55,r_117_93_55,0.86,51,106,55,47
8,r_53_66_183,seq52,r_140_68_61,r_53_66_183,0.65,2,185,183,47
37,r_103_97_157,r_105_5_164,r_30_96_22,r_30_96_22,0.71,135,157,22,47
32,r_134_2_44,seq133,seq1,r_134_2_44,1.0,1,45,44,47
21,r_100_129_105,seq102,seq128,r_100_129_105,0.87,0,105,105,47
1,r_130_147_199,seq133,r_34_148_171,r_34_148_171,0.99,5,176,171,47
1,r_130_147_199,r_140_68_61,seq133,r_140_68_61,1.0,6,67,61,47
97,seq118,r_119_19_185,r_136_120_170,r_136_120_170,0.8,14,184,170,47
46,r_55_122_92,seq57,seq123,r_55_122_92,1.0,1,93,92,47
28,r_22_131_181,r_34_148_171,r_7_20_28,r_34_148_171,0.76,-69,102,171,47
39,r_126_75_32,r_127_90_103,seq77,r_126_75_32,1.0,0,32,32,47
19,r_108_114_92,r_112_24_151,r_28_107_108,r_28_107_108,0.76,40,148,108,47
27,r_73_33_99,r_34_148_171,r_27_15_141,r_34_148_171,0.61,0,171,171,47
38,r_35_145_181,r_36_54_16,r_34_148_171,r_36_54_16,0.99,-4,12,16,47
95,seq102,r_100_129_105,r_12_106_85,r_12_106_85,0.77,20,105,85,47
31,r_109_137_22,r_108_114_92,seq138,r_109_137_22,0.6,0,22,22,47
92,seq95,seq99,r_30_96_22,r_30_96_22,1.0,5,27,22,47
3,r_101_132_57,seq102,seq133,r_101_132_57,0.99,4,61,57,47
14,r_7_20_28,r_22_131_181,r_37_14_72,r_37_14_72,0.75,83,155,72,47
4,r_86_110_192,seq85,r_94_111_183,r_86_110_192,0.35,0,192,192,47
20,r_29_83_135,r_27_15_141,seq82,r_29_83_135,0.97,1,136,135,47
28,r_22_131_181,r_7_20_28,seq26,r_22_131_181,0.54,-26,155,181,47
12,r_12_106_85,r_105_5_164,r_28_107_108,r_105_5_164,0.52,0,164,164,47
16,r_88_49_47,seq89,seq51,r_88_49_47,1.0,0,47,47,47
13,r_135_63_16,seq61,r_149_64_118,r_149_64_118,0.79,9,127,118,47
6,r_44_10_131,seq45,r_84_11_69,r_44_10_131,0.91,0,131,131,47
56,seq138,r_136_120_170,r_109_137_22,r_109_137_22,0.81,15,37,22,47
11,r_125_40_21,r_127_90_103,seq39,r_125_40_21,1.0,0,21,21,47
13,r_135_63_16,r_136_120_170,seq61,r_135_63_16,0.86,0,16,16,47
27,r_73_33_99,seq77,r_34_148_171,r_73_33_99,0.94,0,99,99,47
30,r_92_0_189,r_117_93_55,r_134_2_44,r_134_2_44,0.49,145,189,44,47
87,seq82,seq87,r_29_83_135,r_29_83_135,1.0,3,138,135,47
48,r_13_115_179,r_12_106_85,seq8,r_12_106_85,1.0,-27,58,85,47
2,r_94_111_183,seq95,r_28_107_108,r_28_107_108,1.0,73,181,108,47
47,r_149_64_118,seq144,r_135_63_16,r_149_64_118,0.69,0,118,118,47
40,r_41_78_84,seq39,seq79,r_41_78_84,1.0,0,84,84,47
74,seq58,r_59_32_185,seq57,r_59_32_185,0.62,0,185,185,47
18,r_140_68_61,seq141,seq67,r_140_68_61,1.0,5,66,61,47
29,r_3_113_157,seq4,r_108_114_92,r_3_113_157,0.93,0,157,157,47
53,seq133,r_136_120_170,r_101_132_57,r_101_132_57,0.99,-3,54,57,47
43,r_104_74_31,r_103_97_157,seq77,r_104_74_31,0.99,0,31,31,47
25,r_28_107_108,r_29_83_135,r_12_106_85,r_29_83_135,0.91,-27,108,135,47
33,r_84_11_69,r_86_110_192,seq9,r_84_11_69,1.0,0,69,69,47
48,r_13_115_179,seq8,r_117_93_55,r_13_115_179,0.61,0,179,179,47
64,seq26,r_27_15_141,seq25,r_27_15_141,0.5,-1,140,141,47
88,seq85,r_86_110_192,seq87,r_86_110_192,0.65,0,192,192,47
61,seq146,r_149_64_118,seq133,r_149_64_118,0.82,0,118,118,47
28,r_22_131_181,seq26,r_34_148_171,r_22_131_181,0.45,-127,54,181,47
52,seq4,r_3_113_157,r_27_15_141,r_3_113_157,0.89,0,157,157,47
34,r_31_48_79,r_3_113_157,seq47,r_31_48_79,1.0,0,79,79,47
14,r_7_20_28,r_13_115_179,r_22_131_181,r_7_20_28,0.55,0,28,28,47
25,r_28_107_108,r_12_106_85,r_108_114_92,r_12_106_85,0.64,92,177,85,47
61,seq146,seq133,r_34_148_171,r_34_148_171,1.0,4,175,171,47
9,r_30_96_22,r_31_48_79,seq95,r_30_96_22,0.99,0,22,22,47
22,r_37_14_72,r_41_78_84,seq8,r_37_14_72,1.0,0,72,72,47
91,seq91,r_92_0_189,r_117_93_55,r_117_93_55,0.64,30,85,55,47
49,r_142_139_81,seq143,r_109_137_22,r_109_137_22,0.51,59,81,22,47
41,r_18_98_29,r_13_115_179,seq99,r_18_98_29,1.0,0,29,29,47
7,r_127_90_103,seq124,r_117_93_55,r_127_90_103,0.52,2,105,103,47
44,r_105_5_164,r_103_97_157,r_37_14_72,r_105_5_164,0.55,0,164,164,47
23,r_112_24_151,r_108_114_92,seq25,r_112_24_151,0.67,0,151,151,47
10,r_36_54_16,r_35_145_181,seq52,r_36_54_16,1.0,0,16,16,47
35,r_117_93_55,r_119_19_185,seq91,r_119_19_185,0.82,-124,61,185,47
28,r_22_131_181,seq26,r_101_132_57,r_22_131_181,0.83,0,181,181,47
12,r_12_106_85,r_13_115_179,r_105_5_164,r_12_106_85,0.99,0,85,85,47
94,seq99,seq95,r_18_98_29,r_18_98_29,1.0,1,30,29,47
30,r_118_74_174,seq117,seq75,r_118_74_174,0.52,0,174,174,48
51,seq132,r_133_99_153,seq131,r_133_99_153,1.0,-1,152,153,48
14,r_122_48_192,seq142,r_38_123_100,r_38_123_100,0.96,0,100,100,48
8,r_29_112_159,seq36,r_107_114_23,r_29_112_159,0.6,0,159,159,48
37,r_13_28_125,r_12_68_132,seq26,r_12_68_132,0.89,-7,125,132,48
44,r_1_55_161,seq0,seq54,r_1_55_161,0.97,0,161,161,48
16,r_37_71_69,r_29_112_159,seq73,r_37_71_69,1.0,-1,68,69,48
46,r_88_52_125,r_65_89_1,r_87_49_46,r_65_89_1,0.88,127,128,1,48
42,r_105_19_123,seq108,r_61_104_28,r_61_104_28,0.79,39,67,28,48
11,r_40_106_26,r_29_112_159,seq108,r_40_106_26,1.0,-1,25,26,48
42,r_105_19_123,r_61_104_28,seq16,r_105_19_123,1.0,1,124,123,48
9,r_42_84_17,r_44_57_190,r_65_89_1,r_65_89_1,0.58,10,11,1,48
19,r_66_140_71,seq64,r_94_138_12,r_66_140_71,0.99,0,71,71,48
39,r_110_129_28,r_107_114_23,r_94_138_12,r_110_129_28,0.99,0,28,28,48
0,r_147_101_43,r_148_43_160,r_98_124_175,r_147_101_43,1.0,0,43,43,48
20,r_56_20_139,seq54,seq21,r_56_20_139,0.73,0,139,139,48
15,r_15_83_134,r_12_68_132,r_42_84_17,r_42_84_17,0.98,126,143,17,48
6,r_113_60_126,r_107_114_23,seq62,r_113_60_126,0.5,3,129,126,48
99,seq149,r_148_43_160,r_17_128_52,r_17_128_52,0.61,108,160,52,48
0,r_147_101_43,r_98_124_175,r_133_99_153,r_147_101_43,0.67,112,155,43,48
22,r_92_23_171,r_121_91_9,r_56_20_139,r_121_91_9,0.88,157,166,9,48
2,r_85_115_92,r_65_89_1,seq116,r_85_115_92,1.0,0,92,92,48
47,r_3_32_142,r_1_55_161,seq35,r_1_55_161,0.56,-19,142,161,48
3,r_17_128_52,r_18_46_136,seq125,r_17_128_52,0.99,0,52,52,48
40,r_100_141_74,r_98_124_175,r_66_140_71,r_100_141_74,0.88,-1,73,74,48
18,r_148_43_160,seq149,seq45,r_148_43_160,0.71,0,160,160,48
29,r_12_68_132,r_15_83_134,r_2_69_73,r_15_83_134,0.39,-2,132,134,48
24,r_103_51_128,seq102,r_87_49_46,r_103_51_128,0.54,0,128,128,48
25,r_65_89_1,r_88_52_125,r_42_84_17,r_65_89_1,0.76,127,128,1,48
64,seq21,r_22_33_175,r_56_20_139,r_56_20_139,0.87,10,149,139,48
50,seq0,r_1_55_161,r_31_6_118,r_1_55_161,0.67,2,163,161,48
21,r_127_81_24,seq142,seq82,r_127_81_24,0.99,0,24,24,48
23,r_86_137_30,seq90,seq136,r_86_137_30,1.0,3,33,30,48
32,r_70_144_83,seq58,seq143,r_70_144_83,0.83,1,84,83,48
90,seq82,seq76,r_127_81_24,r_127_81_24,0.95,9,33,24,48
38,r_2_69_73,r_3_32_142,r_37_71_69,r_3_32_142,0.87,-69,73,142,48
34,r_94_138_12,r_93_11_142,seq142,r_94_138_12,1.0,-1,11,12,48
79,seq54,seq76,r_1_55_161,r_1_55_161,0.65,12,173,161,48
45,r_18_46_136,r_17_128_52,seq16,r_17_128_52,1.0,0,52,52,48
45,r_18_46_136,seq16,seq54,r_18_46_136,1.0,0,136,136,48
7,r_14_95_22,r_15_83_134,seq96,r_14_95_22,0.99,-1,21,22,48
17,r_98_124_175,r_100_141_74,r_147_101_43,r_98_124_175,0.98,-102,73,175,48
96,seq117,r_118_74_174,seq116,r_118_74_174,0.89,0,174,174,48
31,r_61_104_28,r_105_19_123,r_40_106_26,r_105_19_123,1.0,1,124,123,48
41,r_87_49_46,r_85_115_92,seq50,r_87_49_46,0.63,5,51,46,48
22,r_92_23_171,seq90,r_121_91_9,r_92_23_171,0.47,-108,63,171,48
28,r_38_123_100,seq36,r_66_140_71,r_38_123_100,0.7,0,100,100,48
31,r_61_104_28,seq58,r_105_19_123,r_61_104_28,0.84,3,31,28,48
44,r_1_55_161,r_3_32_142,seq0,r_3_32_142,0.61,-1,141,142,48
17,r_98_124_175,r_147_101_43,r_38_123_100,r_98_124_175,0.77,0,175,175,48
79,seq54,r_56_20_139,seq76,r_56_20_139,0.75,0,139,139,48
35,r_31_6_118,seq30,seq7,r_31_6_118,0.81,1,119,118,48
12,r_93_11_142,seq78,r_56_20_139,r_56_20_139,0.53,8,147,139,48
30,r_114_62_144,seq110,seq65,r_114_62_144,0.99,0,144,144,49
20,r_84_143_37,r_93_146_137,seq149,r_84_143_37,0.82,0,37,37,49
14,r_148_20_99,seq149,seq21,r_148_20_99,1.0,0,99,99,49
69,seq34,seq33,r_81_35_37,r_81_35_37,1.0,0,37,37,49
8,r_90_23_182,seq92,r_129_29_121,r_129_29_121,0.59,61,182,121,49
46,r_27_50_42,r_26_137_70,r_144_48_41,r_27_50_42,1.0,0,42,42,49
53,seq4,r_2_123_180,r_124_1_145,r_124_1_145,0.81,35,180,145,49
43,r_129_29_121,seq130,seq28,r_129_29_121,0.98,0,121,121,49
37,r_101_16_146,r_100_49_185,seq15,r_101_16_146,0.66,0,146,146,49
21,r_38_5_158,seq37,seq6,r_38_5_158,0.71,0,158,158,49
77,seq65,r_64_139_58,seq55,r_64_139_58,1.0,-14,44,58,49
39,r_43_83_183,r_45_63_169,r_147_52_150,r_147_52_150,1.0,19,169,150,49
1,r_147_52_150,seq149,seq51,r_147_52_150,0.71,0,150,150,49
97,seq122,r_124_1_145,r_82_3_192,r_124_1_145,0.86,0,145,145,49
45,r_59_24_115,seq60,seq28,r_59_24_115,0.75,0,115,115,49
25,r_144_48_41,r_148_20_99,seq47,r_144_48_41,0.98,0,41,41,49
38,r_135_95_122,r_17_138_27,r_0_88_84,r_135_95_122,1.0,0,122,122,49
77,seq65,seq55,r_114_62_144,r_114_62_144,1.0,2,146,144,49
49,r_17_138_27,seq18,r_135_95_122,r_17_138_27,0.87,0,27,27,49
49,r_17_138_27,r_135_95_122,r_64_139_58,r_64_139_58,0.55,-1,57,58,49
82,seq72,r_78_89_60,r_61_73_12,r_78_89_60,1.0,-48,12,60,49
3,r_93_146_137,r_90_23_182,seq149,r_93_146_137,0.99,0,137,137,49
10,r_99_71_88,r_100_49_185,seq68,r_99_71_88,1.0,0,88,88,49
17,r_61_73_12,r_59_24_115,seq72,r_59_24_115,1.0,-103,12,115,49
26,r_54_145_62,seq51,seq149,r_54_145_62,1.0,0,62,62,49
4,r_44_128_69,r_45_63_169,seq130,r_44_128_69,1.0,0,69,69,49
31,r_14_136_188,r_12_111_178,r_121_13_28,r_121_13_28,1.0,25,53,28,49
11,r_78_89_60,seq68,seq92,r_78_89_60,1.0,0,60,60,49
13,r_112_140_96,seq110,r_64_139_58,r_112_140_96,1.0,0,96,96,49
15,r_98_120_155,r_90_23_182,r_119_113_175,r_90_23_182,0.59,-22,160,182,49
48,r_80_53_99,seq79,seq51,r_80_53_99,1.0,0,99,99,49
99,seq127,seq130,r_44_128_69,r_44_128_69,1.0,72,141,69,49
42,r_126_36_34,r_125_57_51,r_81_35_37,r_126_36_34,0.49,2,36,34,49
27,r_94_134_118,r_93_146_137,r_112_140_96,r_93_146_137,0.99,-18,119,137,49
39,r_43_83_183,r_147_52_150,seq79,r_43_83_183,0.86,0,183,183,49
41,r_105_42_58,r_43_83_183,r_147_52_150,r_147_52_150,0.52,33,183,150,49
47,r_75_40_66,seq74,seq51,r_75_40_66,0.99,0,66,66,49
40,r_12_111_178,r_14_136_188,r_119_113_175,r_119_113_175,0.56,3,178,175,49
18,r_26_137_70,seq25,r_17_138_27,r_26_137_70,0.99,0,70,70,49
29,r_0_88_84,r_2_123_180,seq87,r_0_88_84,0.92,0,84,84,49
35,r_121_13_28,r_14_136_188,seq11,r_14_136_188,0.53,0,188,188,49
33,r_100_49_185,r_101_16_146,seq92,r_101_16_146,0.88,-56,90,146,49
97,seq122,r_82_3_192,r_2_123_180,r_2_123_180,0.85,7,187,180,49
32,r_9_19_109,seq8,seq28,r_9_19_109,1.0,0,109,109,49
38,r_135_95_122,seq132,r_17_138_27,r_17_138_27,0.96,59,86,27,49
6,r_125_57_51,r_124_1_145,seq56,r_125_57_51,1.0,0,51,51,49
94,seq110,r_112_140_96,seq109,r_112_140_96,1.0,-19,77,96,49
2,r_81_35_37,r_80_53_99,r_126_36_34,r_81_35_37,0.65,0,37,37,49
96,seq118,r_117_116_197,r_119_113_175,r_119_113_175,0.76,22,197,175,49
31,r_14_136_188,r_121_13_28,r_112_140_96,r_121_13_28,0.56,160,188,28,49
28,r_91_141_159,r_90_23_182,r_112_140_96,r_112_140_96,0.75,63,159,96,49
35,r_121_13_28,seq122,r_14_136_188,r_121_13_28,1.0,0,28,28,49
41,r_105_42_58,seq106,r_43_83_183,r_105_42_58,1.0,0,58,58,49
7,r_45_63_169,r_43_83_183,r_114_62_144,r_45_63_169,0.68,0,169,169,49
44,r_124_1_145,seq122,seq4,r_124_1_145,0.73,0,145,145,49
23,r_64_139_58,seq65,r_17_138_27,r_64_139_58,1.0,2,60,58,49
22,r_10_39_29,seq11,seq37,r_10_39_29,1.0,0,29,29,49
12,r_102_77_65,r_100_49_185,seq74,r_102_77_65,1.0,0,65,65,49
84,seq79,r_82_3_192,r_43_83_183,r_43_83_183,0.88,9,192,183,49
30,r_102_78_81,r_101_45_103,seq84,r_102_78_81,0.97,0,81,81,50
36,r_135_26_129,r_132_137_24,seq28,r_135_26_129,0.88,1,130,129,50
19,r_40_37_36,r_41_59_174,seq36,r_40_37_36,0.97,0,36,36,50
14,r_70_98_74,seq71,seq99,r_70_98_74,0.59,0,74,74,50
8,r_32_128_121,r_31_39_112,r_81_129_89,r_32_128_121,0.98,0,121,121,50
0,r_69_12_125,r_114_96_64,seq17,r_69_12_125,1.0,1,126,125,50
43,r_63_113_146,seq62,r_142_108_143,r_63_113_146,0.91,0,146,146,50
83,seq75,r_74_58_136,r_72_73_136,r_74_58_136,1.0,-1,135,136,50
37,r_110_138_126,r_145_111_2,r_132_137_24,r_110_138_126,0.99,0,126,126,50
48,r_95_123_20,seq97,seq126,r_95_123_20,0.99,0,20,20,50
16,r_74_58_136,seq75,seq60,r_74_58_136,0.98,0,136,136,50
39,r_50_23_155,seq49,seq22,r_50_23_155,0.75,0,155,155,50
42,r_119_82_191,r_120_47_122,r_95_123_20,r_119_82_191,0.87,-70,121,191,50
45,r_124_109_72,r_119_82_191,seq106,r_124_109_72,0.96,0,72,72,50
31,r_51_80_125,r_50_23_155,r_77_87_38,r_50_23_155,0.44,-30,125,155,50
41,r_44_15_97,seq42,seq17,r_44_15_97,0.74,0,97,97,50
67,seq25,r_24_146_74,seq28,r_24_146_74,1.0,1,75,74,50
90,seq94,seq99,r_30_93_33,r_30_93_33,1.0,96,129,33,50
26,r_134_14_111,r_135_26_129,r_44_15_97,r_134_14_111,1.0,0,111,111,50
4,r_101_45_103,r_102_78_81,r_110_138_126,r_102_78_81,0.79,0,81,81,50
0,r_69_12_125,r_68_144_99,r_114_96_64,r_114_96_64,0.78,35,99,64,50
73,seq49,r_51_80_125,r_52_54_178,r_51_80_125,1.0,0,125,125,50
11,r_41_59_174,seq42,r_107_57_112,r_41_59_174,0.62,0,174,174,50
2,r_8_103_42,seq9,seq106,r_8_103_42,1.0,0,42,42,50
28,r_7_136_26,r_8_103_42,r_132_137_24,r_7_136_26,1.0,0,26,26,50
20,r_27_122_138,seq28,r_95_123_20,r_27_122_138,0.94,0,138,138,50
98,seq126,r_119_82_191,r_86_127_141,r_86_127_141,0.54,9,150,141,50
25,r_30_93_33,r_31_39_112,seq92,r_30_93_33,0.99,0,33,33,50
15,r_86_127_141,r_77_87_38,seq126,r_86_127_141,0.95,0,141,141,50
85,seq84,seq83,r_112_85_38,r_112_85_38,1.0,47,85,38,50
2,r_8_103_42,seq106,r_142_108_143,r_142_108_143,1.0,6,149,143,50
99,seq149,r_148_125_149,r_24_146_74,r_24_146_74,0.95,75,149,74,50
13,r_100_6_33,r_102_78_81,seq10,r_100_6_33,1.0,0,33,33,50
27,r_148_125_149,seq149,r_95_123_20,r_148_125_149,0.91,0,149,149,50
4,r_101_45_103,r_110_138_126,seq42,r_101_45_103,1.0,1,104,103,50
34,r_121_116_43,r_119_82_191,seq117,r_119_82_191,0.71,-141,50,191,50
1,r_33_131_12,r_30_93_33,r_132_137_24,r_33_131_12,0.77,0,12,12,50
47,r_120_47_122,r_119_82_191,seq48,r_120_47_122,0.98,0,122,122,50
3,r_76_34_52,seq88,r_40_37_36,r_76_34_52,1.0,1,53,52,50
24,r_29_11_114,r_27_122_138,seq9,r_29_11_114,0.58,0,114,114,50
33,r_81_129_89,r_79_66_133,seq130,r_81_129_89,0.96,0,89,89,50
48,r_95_123_20,seq126,r_148_125_149,r_148_125_149,0.99,0,149,149,50
18,r_104_38_45,r_110_138_126,seq42,r_104_38_45,1.0,2,47,45,50
22,r_112_85_38,r_110_138_126,seq84,r_112_85_38,1.0,0,38,38,50
42,r_119_82_191,r_95_123_20,r_51_80_125,r_119_82_191,0.9,0,191,191,50
32,r_31_39_112,r_32_128_121,r_101_45_103,r_31_39_112,0.99,0,112,112,50
38,r_145_111_2,seq106,r_63_113_146,r_63_113_146,1.0,3,149,146,50
52,seq130,seq126,r_81_129_89,r_81_129_89,1.0,15,104,89,50
6,r_43_5_51,r_44_15_97,r_100_6_33,r_100_6_33,0.99,18,51,33,50
21,r_132_137_24,r_134_14_111,r_7_136_26,r_132_137_24,0.88,11,35,24,50
45,r_124_109_72,seq106,r_142_108_143,r_142_108_143,1.0,6,149,143,50
17,r_24_146_74,seq25,seq149,r_24_146_74,1.0,1,75,74,50
9,r_114_96_64,r_145_111_2,seq97,r_114_96_64,1.0,0,64,64,50
31,r_51_80_125,r_77_87_38,r_119_82_191,r_119_82_191,0.51,5,196,191,50
89,seq92,seq97,r_30_93_33,r_30_93_33,1.0,4,37,33,50
91,seq97,seq99,r_114_96_64,r_114_96_64,1.0,8,72,64,50
49,r_107_57_112,seq106,seq60,r_107_57_112,1.0,0,112,112,50
12,r_79_66_133,r_102_78_81,seq64,r_79_66_133,1.0,0,133,133,50
44,r_68_144_99,r_69_12_125,seq140,r_68_144_99,0.98,0,99,99,50
23,r_142_108_143,seq140,r_63_113_146,r_142_108_143,0.81,0,143,143,50
82,seq71,r_70_98_74,seq75,r_70_98_74,0.79,0,74,74,50
35,r_35_2_83,seq36,seq4,r_35_2_83,0.84,0,83,83,50
12,r_79_66_133,r_81_129_89,r_102_78_81,r_79_66_133,1.0,-44,89,133,50
14,r_26_58_120,seq25,r_57_4_178,r_26_58_120,0.73,0,120,120,51
8,r_71_20_167,seq73,r_97_18_68,r_97_18_68,0.58,99,167,68,51
31,r_90_46_43,r_97_18_68,seq49,r_97_18_68,0.66,-25,43,68,51
71,seq59,r_60_76_107,seq62,r_60_76_107,0.48,0,107,107,51
5,r_97_18_68,r_95_98_8,r_19_107_153,r_97_18_68,0.84,0,68,68,51
48,r_29_129_134,r_31_33_103,r_27_30_24,r_27_30_24,0.61,12,36,24,51
46,r_119_23_35,r_121_47_162,seq25,r_119_23_35,1.0,0,35,35,51
45,r_69_117_64,r_71_20_167,seq118,r_69_117_64,0.52,0,64,64,51
30,r_125_115_16,r_126_39_63,seq118,r_125_115_16,0.84,0,16,16,51
41,r_7_38_71,r_6_40_77,r_126_39_63,r_126_39_63,1.0,8,71,63,51
3,r_60_76_107,seq59,seq77,r_60_76_107,0.91,0,107,107,51
90,seq99,r_101_122_186,r_19_107_153,r_101_122_186,0.54,-1,185,186,51
35,r_27_30_24,r_26_58_120,r_31_33_103,r_27_30_24,0.67,-5,19,24,51
0,r_19_107_153,seq21,r_97_18_68,r_97_18_68,0.99,23,91,68,51
11,r_126_39_63,r_128_91_168,seq32,r_126_39_63,0.82,0,63,63,51
20,r_52_103_199,seq53,r_19_107_153,r_19_107_153,0.97,50,203,153,51
13,r_132_17_155,seq131,r_22_16_106,r_132_17_155,0.72,0,155,155,51
98,seq123,r_128_91_168,r_70_130_89,r_70_130_89,0.88,45,134,89,51
15,r_140_113_101,seq138,seq114,r_140_113_101,0.55,0,101,101,51
4,r_54_137_28,seq138,r_80_136_114,r_80_136_114,1.0,41,155,114,51
6,r_61_89_120,seq62,r_36_88_51,r_61_89_120,0.35,0,120,120,51
2,r_128_91_168,r_1_127_24,seq92,r_128_91_168,0.66,0,168,168,51
11,r_126_39_63,seq32,r_7_38_71,r_126_39_63,0.42,30,93,63,51
5,r_97_18_68,r_19_107_153,r_22_16_106,r_19_107_153,0.95,0,153,153,51
4,r_54_137_28,r_52_103_199,seq138,r_54_137_28,0.68,0,28,28,51
14,r_26_58_120,r_57_4_178,r_121_47_162,r_57_4_178,0.88,0,178,178,51
0,r_19_107_153,r_97_18_68,r_63_105_123,r_19_107_153,1.0,0,153,153,51
10,r_1_127_24,r_128_91_168,r_70_130_89,r_70_130_89,0.9,79,168,89,51
27,r_110_34_116,seq111,seq35,r_110_34_116,0.7,0,116,116,51
74,seq65,r_66_37_123,seq62,r_66_37_123,0.62,-1,122,123,51
1,r_100_79_53,r_102_42_58,seq78,r_100_79_53,0.88,0,53,53,51
40,r_70_130_89,r_71_20_167,r_1_127_24,r_70_130_89,0.94,0,89,89,51
74,seq65,r_61_89_120,r_66_37_123,r_61_89_120,0.62,-48,72,120,51
18,r_106_96_153,r_108_13_162,r_95_98_8,r_108_13_162,0.99,0,162,162,51
29,r_50_146_109,seq49,seq148,r_50_146_109,0.76,0,109,109,51
24,r_31_33_103,r_27_30_24,seq35,r_31_33_103,0.69,0,103,103,51
35,r_27_30_24,r_31_33_103,seq62,r_31_33_103,0.76,0,103,103,51
25,r_57_4_178,r_51_116_203,seq3,r_51_116_203,0.65,-25,178,203,51
33,r_142_87_79,seq141,r_36_88_51,r_142_87_79,0.91,0,79,79,51
48,r_29_129_134,r_27_30_24,r_70_130_89,r_29_129_134,0.9,-4,130,134,51
32,r_102_42_58,r_101_122_186,seq45,r_102_42_58,0.99,0,58,58,51
21,r_36_88_51,seq35,r_121_47_162,r_36_88_51,0.73,1,52,51,51
21,r_36_88_51,r_121_47_162,r_142_87_79,r_142_87_79,0.58,5,84,79,51
65,seq35,seq32,r_110_34_116,r_110_34_116,0.84,8,124,116,51
38,r_63_105_123,seq62,seq111,r_63_105_123,0.74,0,123,123,51
34,r_66_37_123,seq65,r_7_38_71,r_7_38_71,1.0,52,123,71,51
60,seq131,r_132_17_155,r_70_130_89,r_70_130_89,0.58,66,155,89,51
81,seq78,seq73,r_100_79_53,r_100_79_53,0.75,57,110,53,51
9,r_24_55_98,seq25,seq45,r_24_55_98,0.65,0,98,98,51
22,r_80_136_114,seq73,r_54_137_28,r_80_136_114,0.73,0,114,114,51
28,r_104_41_134,r_108_13_162,r_90_46_43,r_108_13_162,1.0,-26,136,162,51
7,r_22_16_106,seq21,r_132_17_155,r_132_17_155,0.96,18,173,155,51
44,r_101_122_186,seq99,r_1_127_24,r_1_127_24,0.79,162,186,24,51
54,seq138,r_135_133_69,r_54_137_28,r_54_137_28,0.95,1,29,28,51
10,r_1_127_24,seq3,r_128_91_168,r_1_127_24,1.0,0,24,24,51
79,seq75,seq73,r_60_76_107,r_60_76_107,0.89,3,110,107,51
12,r_56_8_142,r_51_116_203,seq12,r_56_8_142,0.92,0,142,142,51
2,r_128_91_168,r_126_39_63,r_1_127_24,r_128_91_168,0.94,-123,45,168,51
30,r_8_102_161,r_9_125_197,r_70_103_1,r_8_102_161,0.52,0,161,161,52
51,seq1,r_10_11_191,seq4,r_10_11_191,0.54,-36,155,191,52
8,r_113_92_72,seq114,seq93,r_113_92_72,1.0,0,72,72,52
36,r_133_43_39,r_134_53_159,seq44,r_133_43_39,1.0,0,39,39,52
37,r_18_112_170,r_20_68_90,r_117_22_7,r_20_68_90,0.99,0,90,90,52
59,seq144,r_139_132_195,r_56_145_85,r_56_145_85,1.0,50,135,85,52
25,r_123_83_53,seq131,seq84,r_123_83_53,0.65,1,54,53,52
49,r_36_24_111,r_27_116_144,r_140_26_137,r_36_24_111,0.84,36,147,111,52
21,r_143_121_125,seq142,seq128,r_143_121_125,0.93,0,125,125,52
1,r_86_12_26,r_14_141_141,r_19_13_40,r_14_141_141,1.0,0,141,141,52
97,seq114,r_113_92_72,r_120_59_180,r_113_92_72,1.0,0,72,72,52
46,r_115_111_99,seq114,seq110,r_115_111_99,1.0,0,99,99,52
42,r_107_105_185,r_108_0_177,r_70_103_1,r_108_0_177,0.72,0,177,177,52
80,seq77,r_76_75_2,r_55_73_27,r_55_73_27,0.96,79,106,27,52
7,r_14_141_141,r_86_12_26,seq142,r_14_141_141,0.99,0,141,141,52
45,r_97_38_87,seq99,seq42,r_97_38_87,1.0,0,87,87,52
15,r_25_7_71,r_9_125_197,seq4,r_9_125_197,0.43,-15,182,197,52
13,r_140_26_137,r_85_29_9,r_47_28_149,r_47_28_149,1.0,0,149,149,52
2,r_136_35_32,r_139_132_195,r_36_24_111,r_136_35_32,1.0,0,32,32,52
97,seq114,r_120_59_180,r_27_116_144,r_27_116_144,0.99,3,147,144,52
39,r_117_22_7,r_18_112_170,r_52_32_73,r_52_32_73,0.99,98,171,73,52
27,r_3_62_29,r_56_145_85,r_17_61_58,r_3_62_29,1.0,34,63,29,52
18,r_15_148_101,r_14_141_141,seq147,r_15_148_101,0.62,0,101,101,52
89,seq96,r_97_38_87,seq98,r_97_38_87,1.0,0,87,87,52
10,r_27_116_144,r_25_7_71,seq31,r_25_7_71,1.0,-7,64,71,52
21,r_143_121_125,seq128,r_41_122_184,r_41_122_184,0.77,0,184,184,52
17,r_30_57_24,r_16_94_82,seq54,r_30_57_24,0.91,0,24,24,52
4,r_108_0_177,r_107_105_185,seq1,r_107_105_185,0.46,-7,178,185,52
0,r_41_122_184,seq42,r_143_121_125,r_41_122_184,0.46,0,184,184,52
73,seq58,seq54,r_17_61_58,r_17_61_58,1.0,75,133,58,52
20,r_39_34_150,seq40,r_136_35_32,r_136_35_32,0.94,119,151,32,52
13,r_140_26_137,r_139_132_195,r_85_29_9,r_85_29_9,0.68,134,143,9,52
49,r_36_24_111,r_47_28_149,r_136_35_32,r_136_35_32,1.0,2,34,32,52
15,r_25_7_71,r_27_116_144,r_9_125_197,r_25_7_71,1.0,0,71,71,52
66,seq44,seq54,r_133_43_39,r_133_43_39,1.0,11,50,39,52
49,r_36_24_111,r_136_35_32,r_27_116_144,r_36_24_111,1.0,0,111,111,52
26,r_56_145_85,r_30_57_24,seq147,r_56_145_85,1.0,0,85,85,52
6,r_16_94_82,r_15_148_101,seq93,r_16_94_82,0.98,0,82,82,52
2,r_136_35_32,r_36_24_111,r_39_34_150,r_36_24_111,1.0,0,111,111,52
99,seq119,r_120_59_180,seq118,r_120_59_180,0.98,0,180,180,52
10,r_27_116_144,seq31,seq114,r_27_116_144,1.0,-3,141,144,52
27,r_3_62_29,seq6,r_56_145_85,r_3_62_29,1.0,0,29,29,52
47,r_120_59_180,seq119,r_104_60_173,r_120_59_180,0.57,0,180,180,52
28,r_19_13_40,r_20_68_90,r_86_12_26,r_19_13_40,0.91,0,40,40,52
40,r_63_80_136,seq67,seq79,r_63_80_136,0.89,0,136,136,52
18,r_15_148_101,r_16_94_82,r_14_141_141,r_16_94_82,0.87,0,82,82,52
29,r_9_125_197,r_8_102_161,r_25_7_71,r_25_7_71,1.0,90,161,71,52
24,r_66_37_165,seq64,r_97_38_87,r_97_38_87,1.0,78,165,87,52
26,r_56_145_85,r_55_73_27,r_30_57_24,r_56_145_85,0.97,-57,28,85,52
58,seq142,r_143_121_125,seq131,r_143_121_125,0.88,0,125,125,52
44,r_21_5_27,r_27_116_144,seq6,r_21_5_27,0.81,0,27,27,52
38,r_149_46_147,seq147,seq49,r_149_46_147,0.82,0,147,147,52
41,r_55_73_27,r_56_145_85,r_76_75_2,r_55_73_27,0.97,1,28,27,52
23,r_17_61_58,r_20_68_90,r_3_62_29,r_3_62_29,0.82,29,58,29,52
34,r_52_32_73,r_47_28_149,seq31,r_52_32_73,0.75,0,73,73,52
97,seq114,r_27_116_144,r_18_112_170,r_18_112_170,0.68,17,187,170,52
9,r_47_28_149,seq48,r_140_26_137,r_47_28_149,0.63,0,149,149,52
96,seq110,r_107_105_185,r_115_111_99,r_115_111_99,1.0,0,99,99,52
37,r_18_112_170,r_117_22_7,seq118,r_18_112_170,0.67,0,170,170,52
7,r_14_141_141,r_27_116_144,r_86_12_26,r_86_12_26,0.91,7,33,26,52
22,r_10_11_191,seq2,r_25_7_71,r_25_7_71,1.0,50,121,71,52
35,r_87_69_152,seq88,r_20_68_90,r_87_69_152,0.92,0,152,152,52
72,seq54,r_63_80_136,seq49,r_63_80_136,0.8,-90,46,136,52
12,r_20_68_90,r_18_112_170,seq71,r_20_68_90,0.97,0,90,90,52
1,r_86_12_26,r_87_69_152,r_14_141_141,r_86_12_26,1.0,0,26,26,52
22,r_147_101_44,r_149_127_146,seq102,r_147_101_44,1.0,0,44,44,53
30,r_17_138_106,seq18,seq139,r_17_138_106,1.0,0,106,106,53
4,r_50_23_188,r_43_56_151,r_13_49_17,r_13_49_17,0.93,12,29,17,53
36,r_51_25_102,r_52_8_85,r_34_82_115,r_52_8_85,0.49,0,85,85,53
14,r_145_38_123,r_149_127_146,r_16_39_72,r_145_38_123,0.93,0,123,123,53
41,r_20_144_168,r_120_19_137,r_133_141_137,r_20_144_168,0.79,0,168,168,53
8,r_104_40_87,r_90_98_87,seq41,r_104_40_87,1.0,0,87,87,53
53,seq5,r_9_44_183,r_118_4_166,r_118_4_166,0.68,11,177,166,53
43,r_67_78_72,seq70,seq77,r_67_78_72,1.0,0,72,72,53
54,seq134,r_133_141_137,r_63_135_133,r_63_135_133,1.0,5,138,133,53
37,r_24_103_192,seq26,r_51_25_102,r_51_25_102,1.0,2,104,102,53
16,r_132_126_85,seq139,seq128,r_132_126_85,0.61,5,90,85,53
39,r_61_79_86,seq62,seq80,r_61_79_86,1.0,5,91,86,53
1,r_120_19_137,seq124,r_137_22_76,r_120_19_137,0.72,0,137,137,53
80,seq77,r_76_45_159,r_67_78_72,r_67_78_72,0.98,1,73,72,53
23,r_87_57_138,r_118_4_166,r_147_101_44,r_147_101_44,0.32,73,117,44,53
69,seq41,r_50_23_188,r_104_40_87,r_104_40_87,1.0,0,87,87,53
45,r_43_56_151,r_50_23_188,r_87_57_138,r_87_57_138,0.99,14,152,138,53
19,r_129_140_109,seq128,seq139,r_129_140_109,0.82,0,109,109,53
15,r_28_29_166,seq33,r_104_40_87,r_104_40_87,0.9,53,140,87,53
41,r_20_144_168,seq18,r_120_19_137,r_120_19_137,0.75,5,142,137,53
31,r_123_48_21,seq122,r_13_49_17,r_123_48_21,1.0,0,21,21,53
46,r_13_49_17,seq11,r_50_23_188,r_13_49_17,0.98,0,17,17,53
26,r_142_125_77,seq143,seq128,r_142_125_77,0.74,1,78,77,53
3,r_58_2_19,seq55,seq1,r_58_2_19,0.89,-1,18,19,53
23,r_87_57_138,r_147_101_44,seq55,r_87_57_138,0.86,0,138,138,53
0,r_63_135_133,seq62,seq134,r_63_135_133,0.95,0,133,133,53
11,r_7_68_120,r_6_66_204,r_14_65_42,r_6_66_204,0.74,-84,120,204,53
20,r_52_8_85,r_51_25_102,r_6_66_204,r_6_66_204,0.57,-119,85,204,53
13,r_89_115_173,r_90_98_87,seq113,r_89_115_173,0.51,0,173,173,53
46,r_13_49_17,r_50_23_188,r_145_38_123,r_145_38_123,1.0,56,179,123,53
4,r_50_23_188,r_13_49_17,r_137_22_76,r_137_22_76,0.93,114,190,76,53
6,r_108_110_118,r_107_92_68,r_71_111_79,r_71_111_79,1.0,0,79,79,53
21,r_119_74_12,r_120_19_137,r_130_73_12,r_119_74_12,0.96,0,12,12,53
36,r_51_25_102,r_34_82_115,r_24_103_192,r_51_25_102,0.93,0,102,102,53
5,r_90_98_87,r_89_115_173,seq97,r_90_98_87,0.77,-34,53,87,53
49,r_85_91_54,r_86_54_74,seq93,r_85_91_54,0.99,0,54,54,53
2,r_34_82_115,seq36,seq84,r_34_82_115,1.0,0,115,115,53
47,r_16_39_72,seq15,r_43_56_151,r_16_39_72,0.97,0,72,72,53
18,r_118_4_166,seq117,r_52_8_85,r_118_4_166,0.82,0,166,166,53
24,r_131_53_5,seq62,seq64,r_131_53_5,0.49,48,53,5,53
25,r_146_88_111,r_149_127_146,seq93,r_146_88_111,0.98,1,112,111,53
33,r_99_46_156,seq100,seq47,r_99_46_156,0.93,0,156,156,53
70,seq47,r_50_23_188,r_99_46_156,r_99_46_156,0.94,13,169,156,53
61,seq148,r_149_127_146,seq136,r_149_127_146,0.57,0,146,146,53
32,r_95_112_166,seq94,seq113,r_95_112_166,0.56,0,166,166,53
85,seq93,r_90_98_87,r_107_92_68,r_107_92_68,0.86,-16,52,68,53
75,seq64,seq70,r_7_68_120,r_7_68_120,0.97,8,128,120,53
48,r_107_92_68,r_108_110_118,seq93,r_107_92_68,0.65,-18,50,68,53
47,r_16_39_72,r_43_56_151,r_145_38_123,r_145_38_123,0.9,3,126,123,53
17,r_76_45_159,seq77,r_99_46_156,r_76_45_159,0.87,0,159,159,53
9,r_9_44_183,r_6_66_204,r_76_45_159,r_76_45_159,0.88,24,183,159,53
24,r_131_53_5,seq64,r_145_38_123,r_145_38_123,1.0,11,134,123,53
96,seq117,r_118_4_166,seq122,r_118_4_166,0.99,0,166,166,53
34,r_130_73_12,r_132_126_85,r_119_74_12,r_130_73_12,1.0,0,12,12,53
28,r_6_66_204,r_7_68_120,r_52_8_85,r_6_66_204,0.9,-84,120,204,53
7,r_71_111_79,seq72,r_108_110_118,r_71_111_79,1.0,0,79,79,53
44,r_31_42_91,seq32,r_104_40_87,r_104_40_87,1.0,4,91,87,53
23,r_87_57_138,r_86_54_74,r_118_4_166,r_86_54_74,0.69,0,74,74,53
35,r_137_22_76,seq139,seq21,r_137_22_76,0.99,0,76,76,53
36,r_51_25_102,r_24_103_192,r_120_19_137,r_120_19_137,0.68,57,194,137,53
93,seq114,r_127_104_86,r_125_115_85,r_127_104_86,0.88,0,86,86,54
30,r_149_23_139,seq148,seq24,r_149_23_139,0.61,-1,138,139,54
36,r_41_138_114,seq39,r_5_140_3,r_41_138_114,0.79,0,114,114,54
14,r_15_137_139,seq16,r_5_140_3,r_5_140_3,0.59,137,140,3,54
8,r_35_54_85,seq34,r_6_58_11,r_6_58_11,0.51,91,102,11,54
54,seq7,r_2_81_183,r_92_11_96,r_92_11_96,1.0,86,182,96,54
59,seq16,r_15_137_139,r_119_14_96,r_119_14_96,0.97,44,140,96,54
16,r_29_47_182,seq30,r_4_59_112,r_4_59_112,0.96,72,184,112,54
39,r_95_50_113,r_96_100_132,r_43_9_178,r_95_50_113,0.88,0,113,113,54
1,r_108_40_137,r_84_107_32,seq39,r_108_40_137,1.0,0,137,137,54
46,r_93_73_63,r_92_11_96,seq72,r_92_11_96,1.0,-36,60,96,54
42,r_76_25_159,seq77,seq27,r_76_25_159,0.89,0,159,159,54
69,seq34,r_35_54_85,r_70_38_32,r_35_54_85,0.9,17,102,85,54
45,r_12_109_157,seq16,seq13,r_12_109_157,0.56,-90,67,157,54
1,r_108_40_137,seq106,r_84_107_32,r_108_40_137,0.68,-78,59,137,54
0,r_79_120_19,r_80_88_177,seq118,r_79_120_19,0.75,3,22,19,54
19,r_127_104_86,seq128,r_78_105_49,r_127_104_86,0.92,5,91,86,54
66,seq30,r_29_47_182,seq31,r_29_47_182,1.0,-65,117,182,54
43,r_42_90_38,r_43_9_178,r_87_85_188,r_42_90_38,1.0,0,38,38,54
39,r_95_50_113,r_43_9_178,r_63_69_166,r_95_50_113,0.6,65,178,113,54
26,r_78_105_49,r_76_25_159,seq106,r_78_105_49,0.71,0,49,49,54
3,r_4_59_112,seq7,seq60,r_4_59_112,0.99,0,112,112,54
90,seq106,r_108_40_137,r_84_107_32,r_108_40_137,0.59,0,137,137,54
63,seq24,seq20,r_149_23_139,r_149_23_139,1.0,3,142,139,54
11,r_96_100_132,r_95_50_113,r_98_49_173,r_95_50_113,0.98,-14,99,113,54
17,r_146_21_142,r_149_23_139,r_44_147_50,r_44_147_50,1.0,0,50,50,54
13,r_82_130_139,seq83,seq128,r_82_130_139,0.72,3,142,139,54
48,r_98_49_173,seq99,r_108_40_137,r_108_40_137,0.86,37,174,137,54
57,seq13,r_12_109_157,r_119_14_96,r_119_14_96,0.9,15,111,96,54
29,r_70_38_32,r_68_94_178,seq39,r_68_94_178,0.58,-135,43,178,54
92,seq111,seq110,r_36_113_57,r_36_113_57,1.0,0,57,57,54
10,r_36_113_57,r_35_54_85,r_134_112_58,r_36_113_57,1.0,1,58,57,54
51,seq1,r_15_137_139,seq26,r_15_137_139,0.37,-90,49,139,54
44,r_48_86_32,r_43_9_178,r_87_85_188,r_48_86_32,1.0,0,32,32,54
2,r_92_11_96,r_91_57_97,seq16,r_92_11_96,0.94,1,97,96,54
41,r_44_147_50,r_146_21_142,r_84_107_32,r_146_21_142,0.53,1,143,142,54
18,r_28_55_66,seq26,r_3_56_6,r_28_55_66,1.0,0,66,66,54
54,seq7,r_4_59_112,r_2_81_183,r_4_59_112,0.79,-81,31,112,54
34,r_134_112_58,r_133_45_190,r_36_113_57,r_36_113_57,1.0,1,58,57,54
11,r_96_100_132,r_98_49_173,seq101,r_98_49_173,0.99,-41,132,173,54
33,r_139_75_178,r_5_140_3,r_93_73_63,r_93_73_63,0.77,115,178,63,54
20,r_84_107_32,r_87_85_188,r_108_40_137,r_84_107_32,0.93,0,32,32,54
70,seq39,r_41_138_114,r_70_38_32,r_41_138_114,1.0,-2,112,114,54
20,r_84_107_32,r_108_40_137,seq106,r_108_40_137,0.98,0,137,137,54
32,r_91_57_97,r_92_11_96,r_28_55_66,r_91_57_97,1.0,0,97,97,54
38,r_125_115_85,seq124,r_32_117_79,r_32_117_79,0.99,6,85,79,54
25,r_43_9_178,r_44_147_50,seq33,r_44_147_50,1.0,0,50,50,54
73,seq60,r_68_94_178,r_6_58_11,r_6_58_11,1.0,-1,10,11,54
41,r_44_147_50,r_43_9_178,r_146_21_142,r_44_147_50,1.0,0,50,50,54
45,r_12_109_157,seq13,seq106,r_12_109_157,0.63,0,157,157,54
41,r_44_147_50,r_84_107_32,seq148,r_84_107_32,0.54,133,165,32,54
25,r_43_9_178,seq33,r_95_50_113,r_95_50_113,0.91,0,113,113,54
94,seq118,r_119_14_96,r_79_120_19,r_119_14_96,1.0,0,96,96,54
86,seq148,r_84_107_32,r_44_147_50,r_44_147_50,0.4,118,168,50,54
28,r_5_140_3,r_139_75_178,r_15_137_139,r_15_137_139,1.0,39,178,139,54
7,r_32_117_79,seq33,r_125_115_85,r_32_117_79,1.0,0,79,79,54
17,r_146_21_142,r_44_147_50,seq22,r_146_21_142,1.0,0,142,142,54
82,seq83,r_82_130_139,r_93_73_63,r_82_130_139,0.61,3,142,139,54
35,r_119_14_96,seq118,seq13,r_119_14_96,1.0,0,96,96,54
12,r_68_94_178,seq71,r_127_104_86,r_127_104_86,0.69,96,182,86,54
84,seq144,seq143,r_53_145_165,r_53_145_165,0.77,0,165,165,54
40,r_42_19_172,r_102_44_97,r_37_20_37,r_42_19_172,0.8,0,172,172,55
47,r_25_105_37,r_27_147_190,r_104_124_157,r_25_105_37,1.0,0,37,37,55
51,seq128,r_127_69_156,r_57_126_127,r_57_126_127,0.52,29,156,127,55
36,r_102_44_97,seq103,r_5_36_88,r_102_44_97,0.98,0,97,97,55
14,r_133_68_122,seq131,r_129_65_31,r_133_68_122,0.8,1,123,122,55
43,r_13_74_151,r_11_134_120,r_63_12_45,r_63_12_45,0.73,65,110,45,55
59,seq15,r_11_134_120,r_32_16_106,r_32_16_106,0.62,2,108,106,55
5,r_85_137_16,r_83_114_159,r_141_138_55,r_85_137_16,0.95,0,16,16,55
49,r_141_138_55,r_142_55_162,r_85_137_16,r_141_138_55,0.94,0,55,55,55
21,r_113_120_175,seq112,r_1_119_164,r_1_119_164,1.0,11,175,164,55
39,r_23_97_92,r_24_62_91,r_96_93_48,r_23_97_92,1.0,0,92,92,55
46,r_5_36_88,seq6,seq39,r_5_36_88,1.0,0,88,88,55
20,r_29_101_53,r_30_8_95,seq103,r_29_101_53,1.0,0,53,53,55
19,r_50_28_101,seq51,r_116_26_73,r_50_28_101,0.95,0,101,101,55
27,r_63_12_45,r_13_74_151,r_43_14_106,r_43_14_106,0.99,45,151,106,55
95,seq117,r_116_26_73,seq122,r_116_26_73,1.0,0,73,73,55
43,r_13_74_151,r_63_12_45,seq75,r_13_74_151,0.95,0,151,151,55
31,r_32_16_106,r_27_147_190,seq15,r_32_16_106,0.94,0,106,106,55
41,r_43_14_106,r_42_19_172,r_63_12_45,r_43_14_106,0.95,0,106,106,55
3,r_17_130_85,r_24_62_91,seq131,r_17_130_85,1.0,0,85,85,55
10,r_72_146_96,seq73,r_98_149_34,r_72_146_96,0.99,0,96,96,55
22,r_98_149_34,r_102_44_97,seq148,r_98_149_34,0.77,0,34,34,55
26,r_143_80_107,seq148,seq78,r_143_80_107,0.99,0,107,107,55
8,r_104_124_157,r_25_105_37,seq125,r_104_124_157,0.64,0,157,157,55
72,seq61,seq66,r_24_62_91,r_24_62_91,1.0,11,102,91,55
0,r_76_107_116,seq75,r_25_105_37,r_76_107_116,0.73,0,116,116,55
11,r_49_34_166,seq51,r_115_46_38,r_115_46_38,1.0,71,109,38,55
13,r_135_70_139,seq139,seq73,r_135_70_139,0.65,0,139,139,55
46,r_5_36_88,seq39,r_7_35_137,r_7_35_137,0.99,22,159,137,55
15,r_30_8_95,r_27_147_190,r_7_35_137,r_30_8_95,0.91,0,95,95,55
48,r_33_60_77,seq38,r_129_65_31,r_33_60_77,1.0,0,77,77,55
6,r_71_64_162,seq73,r_129_65_31,r_129_65_31,0.7,131,162,31,55
27,r_63_12_45,seq61,r_13_74_151,r_63_12_45,1.0,0,45,45,55
9,r_7_35_137,r_30_8_95,r_5_36_88,r_7_35_137,0.99,0,137,137,55
29,r_129_65_31,r_127_69_156,seq67,r_129_65_31,0.89,0,31,31,55
25,r_115_46_38,r_116_26_73,seq47,r_115_46_38,1.0,0,38,38,55
40,r_42_19_172,r_43_14_106,r_102_44_97,r_42_19_172,0.98,-66,106,172,55
68,seq47,seq51,r_21_48_33,r_21_48_33,1.0,19,52,33,55
18,r_57_126_127,seq58,seq128,r_57_126_127,0.93,0,127,127,55
16,r_37_20_37,r_43_14_106,r_11_134_120,r_37_20_37,0.99,0,37,37,55
64,seq31,r_27_147_190,r_116_26_73,r_116_26_73,1.0,48,121,73,55
47,r_25_105_37,r_104_124_157,r_76_107_116,r_76_107_116,0.92,39,155,116,55
88,seq99,r_100_18_135,r_29_101_53,r_29_101_53,0.67,82,135,53,55
58,seq140,r_142_55_162,r_56_136_59,r_56_136_59,0.98,68,127,59,55
70,seq53,r_54_3_154,seq58,r_54_3_154,0.97,0,154,154,55
32,r_116_26_73,seq117,seq31,r_116_26_73,0.97,0,73,73,55
38,r_11_134_120,r_13_74_151,r_56_136_59,r_11_134_120,0.68,0,120,120,55
52,seq2,r_1_119_164,r_54_3_154,r_54_3_154,0.86,8,162,154,55
34,r_59_87_92,seq61,seq86,r_59_87_92,0.98,0,92,92,55
8,r_104_124_157,r_113_120_175,r_25_105_37,r_25_105_37,1.0,0,37,37,55
16,r_37_20_37,r_11_134_120,seq22,r_11_134_120,0.85,-47,73,120,55
11,r_49_34_166,r_115_46_38,r_118_41_121,r_49_34_166,0.87,0,166,166,55
42,r_40_10_15,r_30_8_95,seq9,r_40_10_15,0.79,0,15,15,55
81,seq86,r_84_90_148,r_59_87_92,r_59_87_92,1.0,56,148,92,55
17,r_106_77_54,seq110,seq78,r_106_77_54,0.92,0,54,54,55
9,r_7_35_137,r_11_134_120,r_30_8_95,r_30_8_95,0.58,2,97,95,55
23,r_56_136_59,r_54_3_154,r_85_137_16,r_56_136_59,1.0,0,59,59,55
16,r_37_20_37,seq22,r_42_19_172,r_42_19_172,0.66,0,172,172,55
28,r_27_147_190,seq31,r_72_146_96,r_72_146_96,0.72,94,190,96,55
4,r_21_48_33,seq22,seq47,r_21_48_33,1.0,0,33,33,55
44,r_1_119_164,seq2,r_83_114_159,r_83_114_159,0.77,5,164,159,55
36,r_102_44_97,r_5_36_88,r_118_41_121,r_102_44_97,0.7,51,148,97,55
35,r_24_62_91,r_23_97_92,seq61,r_24_62_91,0.98,0,91,91,55
12,r_54_3_154,seq53,seq2,r_54_3_154,0.67,0,154,154,55
30,r_112_149_109,seq109,r_63_148_40,r_63_148_40,0.63,69,109,40,56
36,r_106_79_58,seq105,r_46_78_26,r_106_79_58,1.0,0,58,58,56
38,r_70_115_38,seq72,seq119,r_70_115_38,0.94,0,38,38,56
60,seq14,r_17_34_186,r_29_15_55,r_29_15_55,1.0,0,55,55,56
53,seq132,seq133,r_60_135_33,r_60_135_33,1.0,54,87,33,56
31,r_63_148_40,r_64_41_175,seq146,r_63_148_40,1.0,0,40,40,56
71,seq36,r_35_114_173,r_69_38_125,r_69_38_125,0.99,48,173,125,56
21,r_28_85_106,r_30_128_162,r_95_71_6,r_30_128_162,0.82,-55,107,162,56
1,r_64_41_175,seq65,r_32_45_56,r_32_45_56,1.0,117,173,56,56
46,r_82_44_67,r_83_120_111,r_40_42_123,r_82_44_67,0.98,0,67,67,56
80,seq138,r_140_103_138,seq143,r_140_103_138,0.89,1,139,138,56
69,seq133,r_136_123_160,r_51_134_100,r_51_134_100,1.0,10,110,100,56
45,r_37_127_70,r_35_114_173,r_124_126_170,r_37_127_70,0.99,1,71,70,56
15,r_84_97_58,r_82_44_67,r_147_98_1,r_84_97_58,0.88,0,58,58,56
37,r_46_78_26,seq43,seq80,r_46_78_26,1.0,0,26,26,56
41,r_53_81_118,seq55,r_106_79_58,r_53_81_118,0.81,0,118,118,56
10,r_22_16_129,r_26_54_192,r_29_15_55,r_29_15_55,1.0,70,125,55,56
14,r_56_108_21,seq55,seq109,r_56_108_21,0.98,0,21,21,56
8,r_29_15_55,r_28_85_106,seq14,r_29_15_55,1.0,0,55,55,56
72,seq146,r_140_103_138,r_96_145_99,r_96_145_99,0.84,4,103,99,56
11,r_4_88_97,seq6,r_144_87_32,r_4_88_97,1.0,0,97,97,56
20,r_89_101_95,r_90_100_111,r_147_98_1,r_89_101_95,0.6,-1,94,95,56
49,r_83_120_111,r_77_122_140,r_124_126_170,r_83_120_111,0.51,0,111,111,56
48,r_96_145_99,seq99,seq146,r_96_145_99,0.85,0,99,99,56
13,r_60_135_33,r_136_123_160,r_51_134_100,r_51_134_100,1.0,60,160,100,56
13,r_60_135_33,r_62_121_124,r_136_123_160,r_60_135_33,0.96,0,33,33,56
27,r_77_122_140,seq76,r_62_121_124,r_62_121_124,0.85,15,139,124,56
2,r_61_110_68,r_62_121_124,seq109,r_61_110_68,0.96,0,68,68,56
40,r_39_20_26,r_35_114_173,seq19,r_39_20_26,0.98,0,26,26,56
29,r_75_9_148,seq74,seq5,r_75_9_148,0.72,0,148,148,56
24,r_116_131_76,seq119,r_60_135_33,r_60_135_33,0.61,43,76,33,56
33,r_67_50_129,seq68,seq48,r_67_50_129,0.96,1,130,129,56
47,r_144_87_32,r_90_100_111,r_4_88_97,r_4_88_97,1.0,24,121,97,56
97,seq109,r_112_149_109,r_56_108_21,r_56_108_21,0.91,5,26,21,56
56,seq129,seq133,r_137_130_58,r_137_130_58,1.0,1,59,58,56
68,seq31,r_30_128_162,r_69_38_125,r_69_38_125,0.66,36,161,125,56
47,r_144_87_32,seq146,r_90_100_111,r_144_87_32,1.0,0,32,32,56
84,seq72,r_70_115_38,r_95_71_6,r_70_115_38,0.75,-21,17,38,56
17,r_69_38_125,seq68,seq36,r_69_38_125,0.91,0,125,125,56
9,r_3_111_92,r_4_88_97,r_61_110_68,r_61_110_68,1.0,24,92,68,56
32,r_58_117_11,seq59,seq119,r_58_117_11,0.89,0,11,11,56
42,r_86_141_142,r_67_50_129,r_124_126_170,r_67_50_129,0.64,-108,21,129,56
49,r_83_120_111,r_82_44_67,r_77_122_140,r_82_44_67,1.0,-7,60,67,56
7,r_62_121_124,seq59,r_124_126_170,r_62_121_124,0.66,0,124,124,56
44,r_40_42_123,seq43,r_32_45_56,r_32_45_56,1.0,49,105,56,56
16,r_32_45_56,seq31,r_40_42_123,r_32_45_56,1.0,0,56,56,56
23,r_136_123_160,seq133,r_60_135_33,r_60_135_33,1.0,32,65,33,56
19,r_137_130_58,r_140_103_138,seq129,r_137_130_58,0.73,0,58,58,56
1,r_64_41_175,r_63_148_40,seq65,r_63_148_40,1.0,-20,20,40,56
79,seq59,r_62_121_124,seq55,r_62_121_124,0.92,0,124,124,56
35,r_140_103_138,seq138,seq102,r_140_103_138,0.62,1,139,138,56
12,r_73_47_78,r_75_9_148,seq48,r_73_47_78,1.0,0,78,78,56
23,r_136_123_160,r_60_135_33,r_62_121_124,r_62_121_124,1.0,35,159,124,56
93,seq110,seq108,r_117_111_93,r_117_111_93,0.98,49,142,93,57
40,r_51_147_87,r_2_132_14,r_76_148_111,r_76_148_111,0.93,60,171,111,57
55,seq138,r_134_50_114,r_9_137_14,r_9_137_14,1.0,2,16,14,57
36,r_134_50_114,seq135,r_26_47_103,r_134_50_114,0.97,0,114,114,57
9,r_72_35_194,r_43_71_105,r_144_40_109,r_144_40_109,0.92,87,196,109,57
14,r_79_64_92,r_95_126_99,seq68,r_95_126_99,0.91,-8,91,99,57
8,r_133_61_121,seq131,seq62,r_133_61_121,0.98,1,122,121,57
16,r_43_71_105,seq42,r_72_35_194,r_43_71_105,0.88,0,105,105,57
21,r_115_119_140,r_114_25_159,r_67_118_86,r_67_118_86,0.98,54,140,86,57
39,r_127_92_78,r_128_107_97,r_44_93_18,r_127_92_78,1.0,0,78,78,57
5,r_76_148_111,seq75,r_51_147_87,r_76_148_111,0.98,0,111,111,57
46,r_23_58_126,r_22_140_174,seq59,r_23_58_126,0.91,0,126,126,57
45,r_31_80_173,r_37_33_23,r_124_30_85,r_124_30_85,1.0,8,93,85,57
13,r_142_90_42,r_144_40_109,seq89,r_142_90_42,1.0,0,42,42,57
23,r_149_7_89,r_70_136_8,seq6,r_149_7_89,0.98,0,89,89,57
27,r_124_30_85,r_31_80_173,r_109_29_47,r_31_80_173,0.67,-19,154,173,57
95,seq116,r_114_25_159,r_67_118_86,r_67_118_86,1.0,75,161,86,57
1,r_109_29_47,seq108,r_26_47_103,r_109_29_47,1.0,0,47,47,57
31,r_14_73_67,r_19_10_31,r_36_74_65,r_19_10_31,0.86,36,67,31,57
3,r_117_111_93,r_114_25_159,seq110,r_117_111_93,0.74,0,93,93,57
10,r_114_25_159,seq116,r_37_33_23,r_114_25_159,0.77,1,160,159,57
79,seq77,r_85_4_170,r_44_93_18,r_44_93_18,0.52,122,140,18,57
26,r_95_126_99,seq94,seq125,r_95_126_99,1.0,0,99,99,57
78,seq75,r_76_148_111,r_36_74_65,r_36_74_65,0.85,46,111,65,57
0,r_144_40_109,seq145,seq41,r_144_40_109,0.97,0,109,109,57
63,seq34,r_32_86_81,r_37_33_23,r_32_86_81,1.0,-5,76,81,57
99,seq125,seq122,r_102_130_64,r_102_130_64,0.98,43,107,64,57
23,r_149_7_89,r_146_103_75,r_70_136_8,r_149_7_89,0.84,-48,41,89,57
15,r_22_140_174,r_24_121_155,r_114_25_159,r_22_140_174,0.52,-19,155,174,57
48,r_53_46_90,seq54,seq48,r_53_46_90,1.0,0,90,90,57
29,r_9_137_14,r_19_10_31,seq135,r_9_137_14,0.96,0,14,14,57
87,seq94,r_95_126_99,r_44_93_18,r_44_93_18,0.88,0,18,18,57
43,r_82_5_42,seq83,seq3,r_82_5_42,0.99,0,42,42,57
7,r_112_12_29,r_109_29_47,r_16_17_95,r_16_17_95,0.87,-66,29,95,57
27,r_124_30_85,seq122,r_31_80_173,r_124_30_85,0.96,0,85,85,57
41,r_37_33_23,r_43_71_105,seq34,r_37_33_23,0.46,0,23,23,57
20,r_96_28_13,r_95_126_99,seq27,r_96_28_13,1.0,0,13,13,57
2,r_36_74_65,seq42,seq75,r_36_74_65,0.94,-1,64,65,57
47,r_24_121_155,r_22_140_174,seq122,r_22_140_174,0.53,-19,155,174,57
40,r_51_147_87,r_45_49_142,r_2_132_14,r_45_49_142,0.56,-55,87,142,57
18,r_0_60_135,seq1,r_133_61_121,r_0_60_135,0.8,0,135,135,57
24,r_26_47_103,seq27,r_53_46_90,r_53_46_90,1.0,9,99,90,57
25,r_85_4_170,seq83,r_149_7_89,r_149_7_89,0.91,81,170,89,57
33,r_146_103_75,r_149_7_89,seq101,r_146_103_75,0.95,0,75,75,57
42,r_2_132_14,seq6,seq131,r_2_132_14,0.98,0,14,14,57
50,seq1,r_0_60_135,r_112_12_29,r_0_60_135,0.63,0,135,135,57
68,seq135,r_134_50_114,r_70_136_8,r_134_50_114,1.0,0,114,114,57
32,r_102_130_64,seq101,seq129,r_102_130_64,1.0,0,64,64,57
38,r_57_98_132,seq54,r_44_93_18,r_57_98_132,0.77,0,132,132,57
77,seq68,r_67_118_86,r_72_35_194,r_67_118_86,1.0,0,86,86,57
45,r_31_80_173,r_124_30_85,r_32_86_81,r_31_80_173,0.51,1,174,173,57
17,r_87_21_137,seq89,seq20,r_87_21_137,0.55,0,137,137,57
9,r_72_35_194,seq75,r_43_71_105,r_43_71_105,1.0,12,117,105,57
96,seq120,r_144_40_109,seq122,r_144_40_109,0.73,-39,70,109,57
22,r_128_107_97,seq129,seq105,r_128_107_97,1.0,0,97,97,57
15,r_22_140_174,r_114_25_159,r_18_139_5,r_22_140_174,0.9,0,174,174,57
44,r_32_86_81,seq34,seq84,r_32_86_81,1.0,0,81,81,57
62,seq27,r_26_47_103,r_96_28_13,r_96_28_13,1.0,2,15,13,57
79,seq77,r_79_64_92,r_85_4_170,r_79_64_92,0.77,1,93,92,57
35,r_55_69_113,seq54,seq68,r_55_69_113,0.99,0,113,113,57
34,r_44_93_18,r_36_74_65,seq94,r_44_93_18,0.91,0,18,18,57
12,r_67_118_86,seq68,r_115_119_140,r_67_118_86,1.0,0,86,86,57
77,seq68,r_72_35_194,r_55_69_113,r_55_69_113,0.97,11,124,113,57
93,seq113,r_116_34_139,seq112,r_116_34_139,0.51,-19,120,139,58
30,r_28_85_99,seq27,seq83,r_28_85_99,0.73,0,99,99,58
36,r_13_69_148,seq3,r_94_68_107,r_13_69_148,0.68,2,150,148,58
9,r_102_107_115,r_54_101_24,seq110,r_102_107_115,0.64,0,115,115,58
25,r_24_48_163,r_22_73_16,seq31,r_22_73_16,0.71,2,18,16,58
2,r_61_77_15,r_74_11_47,r_78_90_200,r_61_77_15,0.91,0,15,15,58
14,r_145_104_78,seq143,r_54_101_24,r_145_104_78,0.82,0,78,78,58
71,seq50,r_49_32_154,seq47,r_49_32_154,0.99,0,154,154,58
16,r_137_140_92,r_136_129_184,seq148,r_137_140_92,0.92,1,93,92,58
39,r_72_20_199,r_71_23_106,seq70,r_71_23_106,1.0,0,106,106,58
1,r_79_5_157,r_78_90_200,r_103_12_9,r_79_5_157,0.81,0,157,157,58
5,r_116_34_139,seq113,r_7_36_5,r_116_34_139,0.76,0,139,139,58
42,r_37_51_115,seq40,seq52,r_37_51_115,0.84,1,116,115,58
9,r_102_107_115,r_106_146_90,r_54_101_24,r_102_107_115,0.81,-84,31,115,58
32,r_7_36_5,seq39,r_116_34_139,r_116_34_139,0.71,6,145,139,58
45,r_127_64_136,seq130,r_92_65_1,r_127_64_136,0.96,0,136,136,58
34,r_103_12_9,r_102_107_115,seq3,r_103_12_9,0.77,1,10,9,58
19,r_45_95_180,seq44,seq93,r_45_95_180,0.43,0,180,180,58
25,r_24_48_163,r_71_23_106,seq50,r_24_48_163,0.98,0,163,163,58
27,r_91_99_121,r_80_84_148,r_149_98_146,r_91_99_121,0.64,22,143,121,58
76,seq138,r_136_129_184,r_137_140_92,r_137_140_92,1.0,96,188,92,58
41,r_115_114_135,r_116_34_139,seq112,r_116_34_139,0.71,-3,136,139,58
80,seq75,r_74_11_47,r_66_76_48,r_74_11_47,1.0,2,49,47,58
43,r_54_101_24,seq55,r_102_107_115,r_54_101_24,0.93,0,24,24,58
26,r_18_141_157,seq16,seq142,r_18_141_157,0.75,0,157,157,58
72,seq52,r_53_42_188,r_37_51_115,r_37_51_115,0.74,4,119,115,58
6,r_78_90_200,r_79_5_157,r_61_77_15,r_61_77_15,0.91,2,17,15,58
0,r_4_38_152,seq3,seq39,r_4_38_152,0.77,0,152,152,58
63,seq29,seq31,r_97_30_78,r_97_30_78,1.0,2,80,78,58
73,seq55,r_53_42_188,r_144_60_14,r_144_60_14,0.96,172,186,14,58
20,r_71_23_106,r_72_20_199,r_24_48_163,r_71_23_106,0.55,0,106,106,58
13,r_136_129_184,seq138,r_133_125_76,r_136_129_184,0.16,0,184,184,58
15,r_106_146_90,seq110,seq148,r_106_146_90,0.98,0,90,90,58
62,seq27,r_28_85_99,seq26,r_28_85_99,1.0,0,99,99,58
48,r_22_73_16,r_24_48_163,r_72_20_199,r_22_73_16,0.87,2,18,16,58
46,r_66_76_48,r_92_65_1,seq75,r_66_76_48,0.66,0,48,48,58
21,r_144_60_14,r_145_104_78,seq58,r_144_60_14,0.99,0,14,14,58
47,r_2_59_78,seq1,seq58,r_2_59_78,1.0,0,78,78,58
10,r_41_124_41,r_45_95_180,seq130,r_41_124_41,1.0,0,41,41,58
3,r_139_62_28,r_136_129_184,seq63,r_139_62_28,1.0,0,28,28,58
29,r_120_134_171,seq119,seq135,r_120_134_171,0.65,0,171,171,58
43,r_54_101_24,r_102_107_115,r_145_104_78,r_145_104_78,0.97,37,115,78,58
33,r_133_125_76,seq131,seq126,r_133_125_76,0.66,0,76,76,58
48,r_22_73_16,r_72_20_199,r_94_68_107,r_94_68_107,0.97,19,126,107,58
58,seq16,r_18_141_157,r_87_17_51,r_87_17_51,0.99,106,157,51,58
77,seq63,seq70,r_139_62_28,r_139_62_28,1.0,9,37,28,58
37,r_132_0_54,r_133_125_76,seq1,r_132_0_54,1.0,0,54,54,58
38,r_8_35_148,seq9,r_116_34_139,r_8_35_148,0.76,0,148,148,58
27,r_91_99_121,r_149_98_146,r_19_100_161,r_91_99_121,0.55,57,178,121,58
20,r_71_23_106,r_24_48_163,r_105_21_170,r_71_23_106,0.89,57,163,106,58
75,seq58,seq57,r_144_60_14,r_144_60_14,0.81,73,87,14,58
25,r_24_48_163,seq31,r_71_23_106,r_71_23_106,0.85,13,119,106,58
31,r_87_17_51,seq88,seq16,r_87_17_51,1.0,0,51,51,58
44,r_94_68_107,seq93,seq67,r_94_68_107,0.88,0,107,107,58
11,r_46_109_32,r_49_32_154,seq110,r_46_109_32,1.0,0,32,32,58
23,r_128_108_134,r_127_64_136,r_102_107_115,r_128_108_134,0.77,0,134,134,58
35,r_97_30_78,seq96,seq29,r_97_30_78,0.93,0,78,78,58
22,r_74_11_47,seq75,seq3,r_74_11_47,1.0,0,47,47,58
12,r_19_100_161,r_24_48_163,r_91_99_121,r_24_48_163,0.5,-2,161,163,58
30,r_62_53_151,seq63,seq51,r_62_53_151,0.64,0,151,151,59
8,r_141_72_97,seq143,seq74,r_141_72_97,0.88,0,97,97,59
43,r_138_123_125,seq137,r_35_127_3,r_138_123_125,0.87,1,126,125,59
33,r_77_41_117,seq76,r_21_39_11,r_77_41_117,1.0,0,117,117,59
37,r_93_67_197,r_94_82_143,seq92,r_94_82_143,0.97,0,143,143,59
16,r_4_85_117,seq2,seq84,r_4_85_117,1.0,0,117,117,59
39,r_117_95_83,r_115_66_103,r_96_8_168,r_115_66_103,0.97,-20,83,103,59
46,r_49_17_95,seq48,r_7_15_40,r_49_17_95,0.7,0,95,95,59
44,r_118_81_15,r_119_111_42,seq78,r_118_81_15,0.98,0,15,15,59
24,r_96_8_168,r_117_95_83,seq3,r_96_8_168,1.0,0,168,168,59
19,r_73_9_92,seq74,r_25_5_62,r_73_9_92,0.99,0,92,92,59
11,r_32_132_142,r_135_36_17,seq134,r_32_132_142,1.0,0,142,142,59
61,seq16,seq14,r_7_15_40,r_7_15_40,1.0,7,47,40,59
39,r_117_95_83,r_96_8_168,seq97,r_96_8_168,1.0,0,168,168,59
3,r_11_131_180,seq12,r_52_130_174,r_11_131_180,0.59,0,180,180,59
10,r_147_146_45,seq145,r_99_148_134,r_99_148_134,0.41,11,145,134,59
31,r_28_101_16,r_117_95_83,seq103,r_117_95_83,0.67,-22,61,83,59
28,r_0_89_20,r_6_34_184,seq88,r_0_89_20,1.0,0,20,20,59
50,seq129,r_128_65_56,r_100_125_22,r_128_65_56,0.99,0,56,56,59
40,r_109_26_45,r_114_108_145,r_27_23_139,r_109_26_45,1.0,0,45,45,59
26,r_126_105_167,seq124,r_100_125_22,r_100_125_22,0.91,57,79,22,59
4,r_6_34_184,r_4_85_117,r_25_5_62,r_6_34_184,0.66,-80,104,184,59
0,r_1_71_159,seq2,seq68,r_1_71_159,0.79,0,159,159,59
20,r_79_113_143,seq78,seq112,r_79_113_143,0.77,0,143,143,59
49,r_25_5_62,r_6_34_184,r_73_9_92,r_25_5_62,0.79,122,184,62,59
4,r_6_34_184,r_25_5_62,r_135_36_17,r_6_34_184,0.93,0,184,184,59
13,r_135_36_17,r_32_132_142,r_110_33_109,r_135_36_17,0.9,124,141,17,59
6,r_31_106_189,seq30,r_114_108_145,r_31_106_189,0.45,0,189,189,59
45,r_7_15_40,r_4_85_117,seq16,r_7_15_40,1.0,0,40,40,59
99,seq124,r_126_105_167,r_100_125_22,r_100_125_22,0.53,113,135,22,59
5,r_128_65_56,seq63,r_115_66_103,r_115_66_103,1.0,16,119,103,59
27,r_115_66_103,r_114_108_145,r_128_65_56,r_114_108_145,0.89,-42,103,145,59
2,r_102_58_99,seq103,seq60,r_102_58_99,0.98,0,99,99,59
37,r_93_67_197,seq92,r_128_65_56,r_93_67_197,0.99,0,197,197,59
74,seq60,r_56_116_183,r_102_58_99,r_102_58_99,0.93,0,99,99,59
18,r_91_43_110,r_93_67_197,seq48,r_91_43_110,0.97,0,110,110,59
24,r_96_8_168,r_99_148_134,r_117_95_83,r_96_8_168,0.72,-72,96,168,59
48,r_35_127_3,seq129,r_138_123_125,r_138_123_125,0.78,42,167,125,59
21,r_59_139_55,seq60,r_46_142_7,r_59_139_55,0.97,0,55,55,59
42,r_136_38_10,seq145,r_21_39_11,r_136_38_10,0.9,1,11,10,59
1,r_18_55_56,r_25_5_62,seq57,r_25_5_62,0.98,-6,56,62,59
38,r_69_50_169,seq68,r_62_53_151,r_69_50_169,0.86,0,169,169,59
9,r_99_148_134,r_147_146_45,r_87_149_150,r_87_149_150,0.96,23,173,150,59
34,r_52_130_174,seq51,r_11_131_180,r_52_130_174,0.79,0,174,174,59
25,r_100_125_22,r_99_148_134,r_126_105_167,r_100_125_22,0.96,0,22,22,59
75,seq63,seq64,r_19_61_60,r_19_61_60,1.0,2,62,60,59
15,r_119_111_42,seq120,seq112,r_119_111_42,0.57,5,47,42,59
11,r_32_132_142,r_37_40_156,r_135_36_17,r_135_36_17,0.91,36,53,17,59
17,r_110_33_109,r_114_108_145,r_135_36_17,r_110_33_109,0.99,0,109,109,59
25,r_100_125_22,r_126_105_167,seq124,r_126_105_167,0.93,1,168,167,59
5,r_128_65_56,seq129,seq63,r_128_65_56,0.93,1,57,56,59
9,r_99_148_134,r_96_8_168,r_147_146_45,r_96_8_168,0.58,-37,131,168,59
26,r_126_105_167,r_100_125_22,seq104,r_126_105_167,0.48,0,167,167,59
96,seq112,r_110_33_109,r_119_111_42,r_110_33_109,0.98,-16,93,109,59
22,r_94_82_143,r_93_67_197,r_4_85_117,r_94_82_143,0.94,0,143,143,59
31,r_28_101_16,seq145,seq121,r_28_101_16,0.62,141,157,16,59
91,seq98,r_99_148_134,seq97,r_99_148_134,1.0,-6,128,134,59
13,r_135_36_17,r_141_72_97,r_32_132_142,r_135_36_17,0.99,0,17,17,59
49,r_25_5_62,seq22,r_6_34_184,r_25_5_62,1.0,0,62,62,59
7,r_19_61_60,seq20,seq63,r_19_61_60,1.0,1,61,60,59
31,r_28_101_16,r_18_55_56,r_117_95_83,r_28_101_16,0.77,0,16,16,59
35,r_42_75_92,r_49_17_95,seq76,r_42_75_92,0.99,0,92,92,59
12,r_114_108_145,r_110_33_109,seq107,r_110_33_109,1.0,0,109,109,59
51,seq1,r_2_105_62,seq5,r_2_105_62,0.99,0,62,62,60
36,r_15_86_182,seq14,r_115_85_78,r_115_85_78,0.8,104,182,78,60
9,r_13_11_177,r_15_86_182,seq18,r_13_11_177,0.67,5,182,177,60
1,r_112_31_11,r_115_85_78,r_28_136_125,r_112_31_11,0.99,0,11,11,60
14,r_134_117_75,seq135,seq121,r_134_117_75,0.9,0,75,75,60
8,r_16_0_114,seq17,seq1,r_16_0_114,1.0,0,114,114,60
53,seq3,r_4_114_123,r_132_7_9,r_4_114_123,0.58,1,124,123,60
43,r_143_139_94,seq144,r_71_137_42,r_143_139_94,0.94,1,95,94,60
37,r_10_108_185,r_47_94_139,seq59,r_47_94_139,0.73,-28,111,139,60
21,r_2_105_62,seq1,r_80_102_57,r_2_105_62,1.0,0,62,62,60
1,r_112_31_11,r_28_136_125,r_63_32_80,r_112_31_11,0.84,87,98,11,60
5,r_40_100_108,seq42,r_125_101_29,r_40_100_108,0.83,0,108,108,60
42,r_22_142_66,r_47_94_139,seq141,r_22_142_66,1.0,0,66,66,60
15,r_123_72_50,seq126,seq73,r_123_72_50,1.0,0,50,50,60
7,r_47_94_139,r_8_46_35,seq95,r_47_94_139,0.82,0,139,139,60
6,r_8_46_35,r_9_74_138,r_47_94_139,r_8_46_35,1.0,0,35,35,60
45,r_107_120_67,r_104_37_83,seq121,r_104_37_83,1.0,-16,67,83,60
78,seq66,r_67_39_17,r_64_34_161,r_67_39_17,0.79,0,17,17,60
51,seq1,seq5,r_16_0_114,r_16_0_114,0.69,0,114,114,60
4,r_97_76_51,seq98,seq77,r_97_76_51,1.0,0,51,51,60
11,r_75_49_91,r_51_48_132,r_54_50_140,r_51_48_132,0.44,35,167,132,60
41,r_51_48_132,r_57_89_178,seq58,r_57_89_178,0.97,-46,132,178,60
10,r_67_39_17,seq66,seq38,r_67_39_17,0.99,0,17,17,60
3,r_45_145_127,r_47_94_139,seq144,r_45_145_127,0.71,0,127,127,60
86,seq90,r_88_147_52,r_96_87_15,r_88_147_52,0.93,0,52,52,60
39,r_106_21_40,r_107_120_67,r_25_41_160,r_106_21_40,1.0,0,40,40,60
26,r_63_32_80,r_60_55_181,r_112_31_11,r_63_32_80,0.53,1,81,80,60
0,r_64_34_161,seq65,r_124_33_134,r_64_34_161,0.88,0,161,161,60
11,r_75_49_91,seq73,r_51_48_132,r_75_49_91,1.0,0,91,91,60
48,r_104_37_83,seq103,r_67_39_17,r_104_37_83,0.99,0,83,83,60
57,seq140,seq135,r_143_139_94,r_143_139_94,0.98,9,103,94,60
27,r_122_81_46,r_119_44_121,seq83,r_122_81_46,0.95,0,46,46,60
30,r_80_102_57,seq78,seq103,r_80_102_57,1.0,0,57,57,60
2,r_28_136_125,seq29,r_143_139_94,r_28_136_125,1.0,0,125,125,60
40,r_26_30_70,r_25_41_160,seq29,r_26_30_70,0.58,4,74,70,60
18,r_9_74_138,seq6,seq73,r_9_74_138,0.8,0,138,138,60
29,r_24_84_77,r_25_41_160,r_115_85_78,r_24_84_77,1.0,0,77,77,60
24,r_115_85_78,seq110,r_24_84_77,r_115_85_78,1.0,0,78,78,60
25,r_25_41_160,r_26_30_70,seq23,r_25_41_160,0.59,-86,74,160,60
33,r_4_114_123,seq3,seq113,r_4_114_123,0.97,0,123,123,60
50,seq128,r_131_61_170,r_71_137_42,r_71_137_42,0.99,117,159,42,60
58,seq141,seq144,r_22_142_66,r_22_142_66,1.0,0,66,66,60
69,seq38,r_40_100_108,r_67_39_17,r_67_39_17,0.73,2,19,17,60
6,r_8_46_35,r_47_94_139,r_67_39_17,r_47_94_139,0.96,0,139,139,60
61,seq17,r_16_0_114,seq18,r_16_0_114,1.0,0,114,114,60
32,r_35_91_145,seq42,seq98,r_35_91_145,0.75,0,145,145,60
77,seq65,r_64_34_161,seq66,r_64_34_161,0.69,0,161,161,60
47,r_20_129_30,r_40_100_108,seq130,r_20_129_30,0.93,0,30,30,60
34,r_12_138_112,r_13_11_177,r_71_137_42,r_12_138_112,0.96,1,113,112,60
75,seq59,r_60_55_181,r_53_62_152,r_60_55_181,0.33,0,181,181,60
60,seq144,seq148,r_45_145_127,r_45_145_127,0.91,13,140,127,60
25,r_25_41_160,seq23,seq42,r_25_41_160,0.51,-22,138,160,60
9,r_13_11_177,r_12_138_112,r_15_86_182,r_12_138_112,1.0,-46,66,112,60
37,r_10_108_185,seq59,r_134_117_75,r_134_117_75,0.62,110,185,75,60
22,r_53_62_152,r_54_50_140,seq59,r_54_50_140,0.57,12,152,140,60
28,r_119_44_121,seq121,seq42,r_119_44_121,0.97,0,121,121,60
56,seq135,r_134_117_75,seq140,r_134_117_75,0.93,-9,66,75,60
7,r_47_94_139,seq42,r_8_46_35,r_8_46_35,0.87,27,62,35,60
20,r_125_101_29,r_123_72_50,seq99,r_123_72_50,1.0,-21,29,50,60
78,seq66,r_64_34_161,r_127_79_17,r_64_34_161,0.71,-121,40,161,60
23,r_60_55_181,r_63_32_80,seq59,r_63_32_80,0.68,7,87,80,60
12,r_88_147_52,seq90,seq148,r_88_147_52,1.0,0,52,52,60
35,r_36_19_13,r_47_94_139,r_112_31_11,r_47_94_139,0.78,-26,113,139,60
17,r_71_137_42,seq70,seq140,r_71_137_42,1.0,0,42,42,60
23,r_60_55_181,seq59,r_54_50_140,r_60_55_181,0.34,0,181,181,60
40,r_64_37_21,r_35_67_156,r_20_36_121,r_20_36_121,0.82,35,156,121,61
30,r_20_36_121,r_21_100_126,r_64_37_21,r_20_36_121,0.7,0,121,121,61
51,seq1,seq0,r_97_2_4,r_97_2_4,0.94,74,78,4,61
42,r_127_113_54,r_133_23_129,r_122_11_160,r_133_23_129,0.63,-48,81,129,61
8,r_131_27_31,r_133_23_129,seq26,r_131_27_31,0.94,0,31,31,61
37,r_76_109_84,r_72_12_185,r_30_108_69,r_76_109_84,0.94,0,84,84,61
28,r_126_28_144,r_94_123_32,r_131_27_31,r_126_28_144,1.0,0,144,144,61
64,seq26,r_24_47_169,r_131_27_31,r_131_27_31,1.0,4,35,31,61
21,r_103_137_146,seq102,r_128_138_111,r_103_137_146,0.87,0,146,146,61
1,r_106_48_60,seq50,r_18_49_109,r_18_49_109,1.0,28,137,109,61
1,r_106_48_60,seq107,seq50,r_106_48_60,1.0,1,61,60,61
24,r_117_19_57,r_115_41_96,r_20_36_121,r_117_19_57,1.0,0,57,57,61
5,r_34_121_183,r_24_47_169,r_64_37_21,r_34_121_183,0.61,-105,78,183,61
46,r_135_144_100,seq141,r_130_145_64,r_130_145_64,0.59,36,100,64,61
7,r_57_111_93,seq142,r_140_112_147,r_57_111_93,0.32,58,151,93,61
69,seq50,seq53,r_106_48_60,r_106_48_60,1.0,2,62,60,61
45,r_85_69_166,seq84,seq68,r_85_69_166,0.87,0,166,166,61
24,r_117_19_57,r_20_36_121,seq17,r_20_36_121,1.0,-10,111,121,61
19,r_125_88_105,r_128_138_111,r_3_89_32,r_125_88_105,0.96,0,105,105,61
29,r_31_120_30,r_32_148_85,seq119,r_31_120_30,0.86,0,30,30,61
66,seq40,r_38_92_159,r_118_43_93,r_118_43_93,0.69,15,108,93,61
41,r_110_4_72,seq107,seq5,r_110_4_72,0.95,2,74,72,61
67,seq42,seq46,r_118_43_93,r_118_43_93,1.0,13,106,93,61
39,r_60_95_17,r_59_39_146,r_96_56_64,r_60_95_17,0.99,0,17,17,61
6,r_130_145_64,r_147_139_199,r_135_144_100,r_135_144_100,0.92,1,101,100,61
3,r_83_91_148,r_85_69_166,r_3_89_32,r_83_91_148,0.89,0,148,148,61
42,r_127_113_54,r_125_88_105,r_133_23_129,r_125_88_105,0.65,-51,54,105,61
26,r_18_49_109,seq15,r_106_48_60,r_18_49_109,0.98,0,109,109,61
44,r_96_56_64,r_60_95_17,seq55,r_96_56_64,0.89,0,64,64,61
72,seq58,r_59_39_146,seq62,r_59_39_146,0.83,-23,123,146,61
16,r_35_67_156,r_64_37_21,seq68,r_35_67_156,0.64,0,156,156,61
4,r_30_108_69,seq26,seq107,r_30_108_69,1.0,0,69,69,61
25,r_122_11_160,r_130_145_64,r_149_129_47,r_122_11_160,0.86,-106,54,160,61
0,r_32_148_85,r_24_47_169,seq146,r_32_148_85,1.0,0,85,85,61
11,r_115_41_96,seq114,seq42,r_115_41_96,1.0,0,96,96,61
22,r_94_123_32,r_96_56_64,r_33_124_19,r_94_123_32,1.0,0,32,32,61
15,r_22_29_105,r_34_121_183,r_131_27_31,r_131_27_31,0.99,74,105,31,61
48,r_72_12_185,seq73,r_45_13_50,r_45_13_50,1.0,135,185,50,61
27,r_128_138_111,seq141,r_103_137_146,r_103_137_146,0.97,4,150,146,61
6,r_130_145_64,r_125_88_105,r_147_139_199,r_130_145_64,0.7,6,70,64,61
20,r_149_129_47,r_147_139_199,r_33_124_19,r_149_129_47,0.56,1,48,47,61
43,r_44_93_47,seq42,r_60_95_17,r_44_93_47,0.99,0,47,47,61
99,seq119,r_118_43_93,seq114,r_118_43_93,1.0,0,93,93,61
5,r_34_121_183,r_64_37_21,r_31_120_30,r_31_120_30,0.61,152,182,30,61
27,r_128_138_111,r_126_28_144,seq141,r_128_138_111,0.81,1,112,111,61
47,r_52_8_163,seq53,r_45_13_50,r_45_13_50,1.0,115,165,50,61
18,r_118_43_93,seq119,seq42,r_118_43_93,0.99,0,93,93,61
88,seq84,r_85_69_166,seq78,r_85_69_166,0.81,0,166,166,61
58,seq141,r_140_112_147,r_86_136_132,r_86_136_132,0.69,15,147,132,61
39,r_60_95_17,r_96_56_64,r_44_93_47,r_60_95_17,0.75,47,64,17,61
70,seq53,r_52_8_163,r_115_41_96,r_115_41_96,1.0,69,165,96,61
68,seq46,r_38_92_159,seq42,r_38_92_159,1.0,-72,87,159,61
42,r_127_113_54,r_122_11_160,r_86_136_132,r_122_11_160,0.99,-3,157,160,61
12,r_140_112_147,r_122_11_160,r_57_111_93,r_140_112_147,0.55,11,158,147,61
49,r_33_124_19,r_130_145_64,r_94_123_32,r_33_124_19,0.65,33,52,19,61
34,r_86_136_132,seq87,seq141,r_86_136_132,0.92,0,132,132,61
44,r_96_56_64,r_94_123_32,r_60_95_17,r_60_95_17,0.81,12,29,17,61
14,r_45_13_50,seq46,seq9,r_45_13_50,1.0,0,50,50,61
13,r_3_89_32,seq0,seq87,r_3_89_32,0.99,0,32,32,61
25,r_122_11_160,r_149_129_47,r_45_13_50,r_122_11_160,0.87,0,160,160,61
16,r_35_67_156,r_24_47_169,r_64_37_21,r_64_37_21,0.96,14,35,21,61
28,r_126_28_144,r_128_138_111,r_94_123_32,r_126_28_144,0.74,-32,112,144,61
49,r_33_124_19,r_34_121_183,r_130_145_64,r_33_124_19,0.55,0,19,19,61
40,r_64_37_21,seq58,r_35_67_156,r_64_37_21,0.93,0,21,21,61
7,r_57_111_93,seq55,seq142,r_57_111_93,0.88,-1,92,93,61
23,r_24_47_169,seq26,seq46,r_24_47_169,0.45,0,169,169,61
35,r_82_25_83,r_83_91_148,r_131_27_31,r_82_25_83,1.0,0,83,83,61
12,r_140_112_147,seq141,r_122_11_160,r_122_11_160,0.72,-12,148,160,61
23,r_81_93_49,r_78_132_123,seq92,r_81_93_49,0.61,0,49,49,62
30,r_94_3_134,r_97_28_124,r_133_96_28,r_133_96_28,0.95,45,73,28,62
36,r_49_119_153,seq48,seq118,r_49_119_153,0.85,0,153,153,62
9,r_79_82_56,r_83_137_166,r_61_91_57,r_83_137_166,0.98,-21,145,166,62
17,r_61_91_57,r_57_25_160,seq90,r_61_91_57,0.96,0,57,57,62
92,seq103,r_99_105_19,r_74_102_146,r_99_105_19,0.22,130,149,19,62
14,r_57_25_160,seq52,r_124_23_154,r_124_23_154,0.89,6,160,154,62
8,r_39_116_99,r_41_42_94,seq118,r_39_116_99,0.95,4,103,99,62
3,r_37_95_121,r_133_96_28,r_147_98_2,r_147_98_2,1.0,186,188,2,62
16,r_74_102_146,r_73_55_122,r_120_71_62,r_120_71_62,0.99,60,122,62,62
21,r_83_137_166,r_84_20_70,r_79_82_56,r_84_20_70,1.0,-1,69,70,62
1,r_140_141_46,seq138,r_135_136_130,r_135_136_130,0.46,-54,76,130,62
97,seq118,r_117_9_166,r_49_119_153,r_49_119_153,0.57,6,159,153,62
5,r_135_136_130,seq138,r_140_141_46,r_135_136_130,0.5,27,157,130,62
42,r_146_127_78,seq145,seq129,r_146_127_78,1.0,0,78,78,62
45,r_131_29_75,seq130,r_88_30_45,r_131_29_75,1.0,1,76,75,62
16,r_74_102_146,r_120_71_62,seq103,r_74_102_146,0.93,0,146,146,62
22,r_33_27_57,r_37_95_121,r_88_30_45,r_33_27_57,0.95,-11,46,57,62
32,r_124_23_154,r_123_51_35,r_101_122_78,r_123_51_35,0.99,0,35,35,62
31,r_85_56_196,seq87,r_0_58_141,r_0_58_141,1.0,55,196,141,62
43,r_69_148_12,r_37_95_121,seq149,r_69_148_12,0.93,0,12,12,62
3,r_37_95_121,r_34_115_143,r_133_96_28,r_133_96_28,0.72,93,121,28,62
20,r_133_96_28,r_140_141_46,r_94_3_134,r_133_96_28,0.99,0,28,28,62
90,seq130,seq138,r_78_132_123,r_78_132_123,0.98,34,157,123,62
26,r_97_28_124,r_94_3_134,r_33_27_57,r_97_28_124,0.58,0,124,124,62
4,r_120_71_62,seq118,seq75,r_120_71_62,0.97,1,63,62,62
78,seq62,r_63_36_172,r_72_64_12,r_72_64_12,0.72,161,173,12,62
73,seq48,r_49_119_153,r_59_54_189,r_49_119_153,0.99,0,153,153,62
11,r_121_110_86,r_117_9_166,r_108_112_15,r_117_9_166,0.63,-66,100,166,62
13,r_104_68_85,seq106,seq70,r_104_68_85,0.62,0,85,85,62
15,r_147_98_2,r_97_28_124,r_37_95_121,r_147_98_2,0.76,122,124,2,62
48,r_4_139_72,seq5,seq138,r_4_139_72,1.0,0,72,72,62
21,r_83_137_166,r_79_82_56,r_4_139_72,r_83_137_166,0.95,0,166,166,62
85,seq80,r_78_132_123,seq77,r_78_132_123,1.0,0,123,123,62
2,r_101_122_78,r_117_9_166,r_34_115_143,r_101_122_78,0.72,67,145,78,62
32,r_124_23_154,r_101_122_78,seq125,r_124_23_154,0.42,-94,60,154,62
27,r_73_55_122,r_74_102_146,r_59_54_189,r_73_55_122,0.67,0,122,122,62
30,r_94_3_134,r_133_96_28,seq5,r_94_3_134,0.96,0,134,134,62
39,r_143_7_23,seq144,seq6,r_143_7_23,0.83,0,23,23,62
2,r_101_122_78,seq103,r_117_9_166,r_101_122_78,0.71,0,78,78,62
47,r_78_132_123,seq80,seq130,r_78_132_123,0.85,0,123,123,62
40,r_38_21_172,r_41_42_94,r_84_20_70,r_38_21_172,0.41,0,172,172,62
74,seq52,r_57_25_160,r_123_51_35,r_123_51_35,1.0,26,61,35,62
24,r_117_9_166,seq118,r_66_8_149,r_117_9_166,0.46,0,166,166,62
25,r_134_113_90,seq138,seq114,r_134_113_90,1.0,0,90,90,62
33,r_41_42_94,r_38_21_172,seq47,r_38_21_172,0.7,0,172,172,62
64,seq24,seq22,r_124_23_154,r_124_23_154,0.97,0,154,154,62
50,seq1,r_0_58_141,seq2,r_0_58_141,1.0,1,142,141,62
37,r_88_30_45,seq89,seq31,r_88_30_45,0.99,0,45,45,62
20,r_133_96_28,r_94_3_134,r_37_95_121,r_133_96_28,0.86,106,134,28,62
61,seq19,seq22,r_84_20_70,r_84_20_70,1.0,77,147,70,62
77,seq138,r_140_141_46,r_4_139_72,r_4_139_72,1.0,0,72,72,62
41,r_123_51_35,r_124_23_154,seq52,r_123_51_35,1.0,0,35,35,62
34,r_84_20_70,r_83_137_166,seq19,r_83_137_166,0.55,-96,70,166,62
81,seq70,seq67,r_104_68_85,r_104_68_85,0.88,3,88,85,62
9,r_79_82_56,r_78_132_123,r_83_137_166,r_78_132_123,0.89,-60,63,123,62
96,seq114,seq109,r_134_113_90,r_134_113_90,1.0,64,154,90,62
95,seq109,seq114,r_108_112_15,r_108_112_15,0.38,40,55,15,62
28,r_128_50_159,seq126,r_0_58_141,r_128_50_159,0.69,0,159,159,62
49,r_100_12_19,r_99_105_19,seq10,r_100_12_19,0.67,0,19,19,62
35,r_11_111_87,r_14_17_84,r_108_112_15,r_11_111_87,1.0,0,87,87,62
93,seq104,r_105_132_191,r_23_102_50,r_23_102_50,1.0,141,191,50,63
40,r_101_134_153,r_23_102_50,seq135,r_101_134_153,0.84,3,156,153,63
30,r_28_66_73,r_27_142_121,r_56_65_51,r_28_66_73,1.0,2,75,73,63
44,r_52_124_164,seq46,r_99_121_23,r_52_124_164,0.63,0,164,164,63
51,seq130,r_133_138_174,r_106_136_87,r_106_136_87,1.0,9,96,87,63
40,r_101_134_153,r_100_90_43,r_23_102_50,r_101_134_153,0.61,-95,58,153,63
36,r_27_142_121,seq29,r_20_143_11,r_27_142_121,0.46,0,121,121,63
5,r_56_65_51,r_54_30_64,seq63,r_54_30_64,0.77,-13,51,64,63
35,r_67_113_32,r_53_118_11,r_57_115_50,r_57_115_50,0.98,34,84,50,63
8,r_129_9_155,seq128,seq8,r_129_9_155,0.96,0,155,155,63
37,r_41_147_108,seq42,seq148,r_41_147_108,0.97,0,108,108,63
3,r_48_111_8,r_114_38_87,r_57_115_50,r_48_111_8,0.92,73,81,8,63
23,r_119_149_148,seq116,r_53_118_11,r_53_118_11,0.87,21,32,11,63
55,seq137,seq144,r_41_147_108,r_41_147_108,1.0,9,117,108,63
71,seq39,seq37,r_114_38_87,r_114_38_87,1.0,1,88,87,63
21,r_86_91_111,r_131_82_1,r_100_90_43,r_86_91_111,0.95,1,112,111,63
1,r_105_132_191,seq104,r_34_145_31,r_34_145_31,0.83,161,192,31,63
0,r_0_69_138,r_6_68_180,r_54_30_64,r_54_30_64,0.44,26,90,64,63
46,r_49_88_69,seq51,r_100_90_43,r_49_88_69,1.0,0,69,69,63
32,r_72_108_177,r_59_75_47,r_23_102_50,r_72_108_177,0.93,1,178,177,63
45,r_32_31_106,seq33,r_54_30_64,r_32_31_106,0.99,1,107,106,63
11,r_34_145_31,seq36,seq146,r_34_145_31,0.99,0,31,31,63
95,seq146,seq148,r_34_145_31,r_34_145_31,1.0,34,65,31,63
31,r_107_79_136,r_105_132_191,seq76,r_107_79_136,0.65,0,136,136,63
33,r_62_84_119,r_131_82_1,r_107_79_136,r_107_79_136,0.73,31,167,136,63
67,seq33,r_32_31_106,seq35,r_32_31_106,0.99,1,107,106,63
14,r_80_19_56,r_87_44_61,seq24,r_80_19_56,1.0,0,56,56,63
44,r_52_124_164,r_56_65_51,seq46,r_52_124_164,0.43,-140,24,164,63
10,r_125_85_178,seq120,r_110_77_172,r_125_85_178,0.56,0,178,178,63
78,seq55,r_54_30_64,seq51,r_54_30_64,1.0,0,64,64,63
0,r_0_69_138,r_10_17_148,r_6_68_180,r_0_69_138,0.52,-77,61,138,63
94,seq144,seq139,r_20_143_11,r_20_143_11,0.94,12,23,11,63
20,r_87_44_61,r_78_70_186,seq46,r_87_44_61,0.72,0,61,61,63
6,r_1_45_24,r_6_68_180,seq46,r_1_45_24,1.0,0,24,24,63
15,r_114_38_87,r_119_149_148,seq39,r_114_38_87,1.0,0,87,87,63
4,r_53_118_11,r_119_149_148,r_48_111_8,r_119_149_148,0.95,0,148,148,63
13,r_23_102_50,r_101_134_153,seq104,r_101_134_153,0.79,-27,126,153,63
27,r_71_112_110,r_72_108_177,r_48_111_8,r_71_112_110,1.0,0,110,110,63
87,seq135,r_133_138_174,r_101_134_153,r_101_134_153,1.0,21,174,153,63
38,r_73_58_17,r_71_112_110,seq60,r_73_58_17,0.96,3,20,17,63
2,r_140_3_68,seq139,seq7,r_140_3_68,0.96,0,68,68,63
7,r_59_75_47,seq60,r_86_91_111,r_59_75_47,0.51,0,47,47,63
25,r_99_121_23,seq98,seq123,r_99_121_23,0.99,2,25,23,63
18,r_110_77_172,r_101_134_153,r_105_132_191,r_101_134_153,0.79,-77,76,153,63
29,r_54_30_64,seq55,seq29,r_54_30_64,1.0,0,64,64,63
19,r_20_143_11,r_1_45_24,seq144,r_20_143_11,0.95,0,11,11,63
33,r_62_84_119,seq63,r_131_82_1,r_131_82_1,0.69,118,119,1,63
13,r_23_102_50,seq24,r_101_134_153,r_23_102_50,1.0,0,50,50,63
42,r_74_93_13,r_71_112_110,seq96,r_74_93_13,0.91,1,14,13,63
17,r_106_136_87,r_34_145_31,r_41_147_108,r_41_147_108,0.76,32,140,108,63
58,seq14,r_13_40_132,seq18,r_13_40_132,1.0,0,132,132,63
42,r_74_93_13,seq96,r_23_102_50,r_23_102_50,0.87,65,115,50,63
7,r_59_75_47,r_86_91_111,r_72_108_177,r_86_91_111,0.99,-16,95,111,63
61,seq148,seq146,r_41_147_108,r_41_147_108,1.0,6,114,108,63
7,r_59_75_47,r_72_108_177,r_110_77_172,r_59_75_47,0.77,130,177,47,63
32,r_72_108_177,r_71_112_110,r_59_75_47,r_72_108_177,0.72,-67,110,177,63
34,r_133_138_174,seq135,r_20_143_11,r_20_143_11,1.0,163,174,11,63
4,r_53_118_11,r_56_65_51,r_119_149_148,r_53_118_11,1.0,0,11,11,63
81,seq63,r_62_84_119,r_56_65_51,r_56_65_51,0.68,54,105,51,63
17,r_106_136_87,r_107_79_136,r_34_145_31,r_106_136_87,0.96,1,88,87,63
9,r_92_95_78,seq89,seq94,r_92_95_78,0.91,1,79,78,63
0,r_0_69_138,r_54_30_64,seq76,r_0_69_138,0.65,-2,136,138,63
22,r_109_126_62,r_110_77_172,seq120,r_109_126_62,1.0,1,63,62,63
49,r_13_40_132,seq14,r_114_38_87,r_13_40_132,0.99,0,132,132,63
24,r_100_90_43,r_101_134_153,seq89,r_101_134_153,0.75,-95,58,153,63
43,r_10_17_148,r_28_66_73,seq18,r_28_66_73,1.0,-34,39,73,63
35,r_67_113_32,seq63,r_53_118_11,r_67_113_32,0.87,0,32,32,63
18,r_110_77_172,r_105_132_191,r_107_79_136,r_105_132_191,0.71,-19,172,191,63
12,r_6_68_180,r_5_117_184,r_0_69_138,r_0_69_138,0.66,42,180,138,63
23,r_119_149_148,r_53_118_11,seq148,r_119_149_148,0.91,0,148,148,63
93,seq114,r_113_26_171,r_124_117_5,r_113_26_171,0.68,0,171,171,64
4,r_15_50_12,r_3_133_143,seq54,r_15_50_12,0.98,1,13,12,64
36,r_57_79_172,r_61_38_147,r_92_58_129,r_61_38_147,0.6,-13,134,147,64
25,r_59_16_43,r_61_38_147,seq10,r_59_16_43,0.97,0,43,43,64
37,r_32_21_125,seq34,seq20,r_32_21_125,0.97,0,125,125,64
1,r_111_132_78,r_110_131_166,r_143_136_27,r_111_132_78,0.85,0,78,78,64
49,r_6_142_122,r_59_16_43,seq141,r_6_142_122,1.0,0,122,122,64
46,r_89_148_120,r_92_58_129,r_116_147_154,r_92_58_129,0.99,-1,128,129,64
21,r_93_17_87,seq125,seq2,r_93_17_87,0.81,0,87,87,64
19,r_122_109_134,seq120,r_121_108_74,r_121_108_74,0.56,60,134,74,64
73,seq63,seq66,r_60_64_28,r_60_64_28,0.46,18,46,28,64
33,r_105_31_134,r_42_107_71,r_99_33_41,r_105_31_134,0.98,0,134,134,64
11,r_45_95_150,r_49_51_153,seq98,r_45_95_150,0.6,0,150,150,64
41,r_28_85_141,seq25,seq82,r_28_85_141,0.74,0,141,141,64
85,seq82,r_89_148_120,r_94_83_37,r_89_148_120,0.75,-63,57,120,64
78,seq130,r_140_23_206,r_110_131_166,r_110_131_166,0.55,9,175,166,64
0,r_139_39_150,r_140_23_206,r_5_30_75,r_5_30_75,0.98,75,150,75,64
6,r_115_1_94,r_46_7_83,r_27_0_143,r_115_1_94,0.56,50,144,94,64
15,r_42_107_71,seq44,r_52_104_27,r_42_107_71,0.89,1,72,71,64
4,r_15_50_12,seq54,r_49_51_153,r_15_50_12,0.53,146,158,12,64
62,seq20,seq22,r_32_21_125,r_32_21_125,1.0,5,130,125,64
24,r_74_71_35,r_76_84_182,seq72,r_74_71_35,0.96,0,35,35,64
39,r_94_83_37,r_93_17_87,seq82,r_93_17_87,0.98,-34,53,87,64
27,r_19_40_165,seq18,r_139_39_150,r_19_40_165,0.79,0,165,165,64
79,seq72,seq66,r_74_71_35,r_74_71_35,0.73,13,48,35,64
2,r_46_7_83,r_45_95_150,seq8,r_46_7_83,1.0,0,83,83,64
47,r_100_37_77,r_110_131_166,seq25,r_100_37_77,0.82,0,77,77,64
10,r_99_33_41,r_97_65_202,seq34,r_99_33_41,1.0,0,41,41,64
40,r_140_23_206,seq130,r_106_138_89,r_106_138_89,0.71,7,96,89,64
36,r_57_79_172,r_92_58_129,seq78,r_57_79_172,0.95,0,172,172,64
29,r_106_138_89,r_105_31_134,r_140_23_206,r_105_31_134,0.75,-45,89,134,64
33,r_105_31_134,r_106_138_89,r_42_107_71,r_42_107_71,0.81,18,89,71,64
21,r_93_17_87,r_94_83_37,seq125,r_94_83_37,0.57,2,39,37,64
20,r_52_104_27,r_110_131_166,r_42_107_71,r_42_107_71,0.58,59,130,71,64
61,seq18,r_19_40_165,r_93_17_87,r_93_17_87,0.76,79,166,87,64
21,r_93_17_87,seq2,seq18,r_93_17_87,0.6,24,111,87,64
32,r_134_12_178,seq135,seq10,r_134_12_178,0.62,0,178,178,64
38,r_9_88_115,seq10,r_149_91_4,r_9_88_115,1.0,0,115,115,64
52,seq2,r_3_133_143,r_62_4_127,r_62_4_127,0.5,19,146,127,64
20,r_52_104_27,seq53,r_110_131_166,r_52_104_27,0.64,0,27,27,64
34,r_76_84_182,seq78,r_28_85_141,r_28_85_141,0.73,42,183,141,64
84,seq81,r_89_148_120,seq80,r_89_148_120,0.73,-66,54,120,64
3,r_48_70_33,r_49_51_153,seq72,r_48_70_33,0.96,0,33,33,64
14,r_60_64_28,r_61_38_147,seq63,r_61_38_147,0.58,-119,28,147,64
17,r_49_51_153,r_45_95_150,r_15_50_12,r_49_51_153,0.97,-4,149,153,64
81,seq78,seq75,r_57_79_172,r_57_79_172,1.0,10,182,172,64
17,r_49_51_153,r_47_101_104,r_45_95_150,r_49_51_153,0.56,-49,104,153,64
9,r_121_108_74,r_122_109_134,seq112,r_121_108_74,0.72,1,75,74,64
29,r_106_138_89,r_140_23_206,r_111_132_78,r_106_138_89,0.38,102,191,89,64
22,r_3_133_143,seq2,r_111_132_78,r_3_133_143,0.86,0,143,143,64
49,r_6_142_122,r_5_30_75,r_59_16_43,r_6_142_122,0.98,-46,76,122,64
44,r_5_30_75,r_6_142_122,seq25,r_5_30_75,1.0,0,75,75,64
11,r_45_95_150,r_46_7_83,r_49_51_153,r_46_7_83,0.97,-31,52,83,64
82,seq141,seq130,r_6_142_122,r_6_142_122,0.99,0,122,122,64
35,r_47_101_104,r_49_51_153,r_42_107_71,r_49_51_153,0.87,-49,104,153,64
12,r_61_38_147,r_57_79_172,r_5_30_75,r_5_30_75,0.9,76,151,75,64
30,r_121_70_155,seq122,r_58_72_153,r_121_70_155,0.65,0,155,155,65
47,r_81_16_37,r_75_43_58,seq14,r_81_16_37,0.99,0,37,37,65
36,r_94_147_156,seq96,seq141,r_94_147_156,0.71,0,156,156,65
21,r_112_128_157,seq106,r_20_111_45,r_20_111_45,1.0,3,48,45,65
14,r_110_37_67,r_112_128_157,seq39,r_110_37_67,1.0,0,67,67,65
43,r_30_55_115,r_34_76_109,r_90_31_13,r_90_31_13,0.97,1,14,13,65
16,r_25_100_145,seq24,r_148_104_58,r_25_100_145,0.73,0,145,145,65
39,r_5_33_142,seq4,r_75_43_58,r_5_33_142,0.98,0,142,142,65
1,r_18_95_164,seq17,seq96,r_18_95_164,0.44,0,164,164,65
5,r_13_114_131,seq14,r_10_116_47,r_13_114_131,0.53,0,131,131,65
46,r_35_140_166,r_34_76_109,r_143_36_104,r_35_140_166,0.56,-59,107,166,65
42,r_149_131_17,seq126,r_88_132_3,r_88_132_3,0.47,95,98,3,65
24,r_77_79_143,r_34_76_109,seq78,r_77_79_143,0.59,17,160,143,65
46,r_35_140_166,r_143_36_104,seq138,r_35_140_166,1.0,0,166,166,65
45,r_113_93_63,r_117_47_64,seq96,r_113_93_63,1.0,0,63,63,65
33,r_103_51_47,r_58_72_153,r_11_52_124,r_103_51_47,0.98,86,133,47,65
38,r_148_104_58,r_101_56_140,seq98,r_101_56_140,0.56,0,140,140,65
31,r_32_102_152,r_34_76_109,r_50_65_154,r_34_76_109,0.65,0,109,109,65
29,r_99_9_16,seq98,seq12,r_99_9_16,0.98,0,16,16,65
89,seq96,r_94_147_156,r_113_93_63,r_113_93_63,1.0,93,156,63,65
3,r_34_76_109,r_32_102_152,r_77_79_143,r_34_76_109,0.99,0,109,109,65
31,r_32_102_152,r_50_65_154,r_148_104_58,r_32_102_152,0.61,0,152,152,65
40,r_143_36_104,r_35_140_166,r_5_33_142,r_143_36_104,0.78,54,158,104,65
26,r_91_133_155,seq92,seq122,r_91_133_155,0.68,0,155,155,65
4,r_53_48_48,r_58_72_153,r_117_47_64,r_117_47_64,0.67,1,65,64,65
0,r_3_134_100,seq0,r_130_136_121,r_3_134_100,1.0,0,100,100,65
63,seq19,seq21,r_81_16_37,r_81_16_37,1.0,97,134,37,65
11,r_58_72_153,seq59,seq69,r_58_72_153,0.93,0,153,153,65
20,r_119_83_99,r_137_120_1,seq84,r_119_83_99,0.99,0,99,99,65
44,r_75_43_58,r_73_22_68,seq39,r_75_43_58,0.82,0,58,58,65
48,r_117_47_64,r_119_83_99,r_53_48_48,r_117_47_64,1.0,1,65,64,65
12,r_90_31_13,r_30_55_115,r_49_28_37,r_90_31_13,0.54,102,115,13,65
6,r_86_54_113,seq84,r_30_55_115,r_86_54_113,0.91,2,115,113,65
21,r_112_128_157,r_20_111_45,seq129,r_112_128_157,0.95,0,157,157,65
0,r_3_134_100,r_130_136_121,seq122,r_3_134_100,0.54,64,164,100,65
27,r_74_144_98,seq82,seq142,r_74_144_98,0.94,0,98,98,65
2,r_88_132_3,r_130_136_121,r_146_127_38,r_146_127_38,0.66,34,72,38,65
7,r_10_116_47,r_11_52_124,r_137_120_1,r_10_116_47,1.0,0,47,47,65
59,seq141,seq142,r_94_147_156,r_94_147_156,0.83,11,167,156,65
40,r_143_36_104,seq142,r_35_140_166,r_143_36_104,0.99,1,105,104,65
12,r_90_31_13,r_89_60_127,r_30_55_115,r_90_31_13,1.0,0,13,13,65
18,r_101_56_140,seq98,r_124_57_8,r_101_56_140,0.74,0,140,140,65
24,r_77_79_143,seq82,r_34_76_109,r_34_76_109,0.99,11,120,109,65
43,r_30_55_115,r_90_31_13,r_86_54_113,r_86_54_113,0.83,2,115,113,65
38,r_148_104_58,seq98,r_32_102_152,r_32_102_152,0.73,0,152,152,65
88,seq92,r_91_133_155,seq87,r_91_133_155,0.88,0,155,155,65
37,r_20_111_45,seq21,r_112_128_157,r_20_111_45,1.0,0,45,45,65
55,seq7,seq6,r_80_8_12,r_80_8_12,0.96,39,51,12,65
34,r_11_52_124,seq12,r_103_51_47,r_11_52_124,1.0,0,124,124,65
17,r_135_26_148,seq138,seq24,r_135_26_148,0.92,0,148,148,65
33,r_103_51_47,r_101_56_140,r_58_72_153,r_103_51_47,1.0,0,47,47,65
37,r_20_111_45,r_112_128_157,r_45_108_43,r_112_128_157,0.95,0,157,157,65
22,r_29_115_162,seq27,r_10_116_47,r_10_116_47,0.47,115,162,47,65
28,r_137_120_1,r_119_83_99,seq118,r_119_83_99,0.99,0,99,99,65
64,seq21,r_20_111_45,seq19,r_20_111_45,1.0,0,45,45,65
49,r_73_22_68,r_74_144_98,seq24,r_73_22_68,1.0,1,69,68,65
13,r_146_127_38,r_143_36_104,seq126,r_143_36_104,0.89,-66,38,104,65
23,r_89_60_127,r_91_133_155,seq59,r_89_60_127,0.99,0,127,127,65
32,r_50_65_154,r_49_28_37,r_58_72_153,r_49_28_37,0.65,0,37,37,65
25,r_80_8_12,r_63_61_103,seq7,r_80_8_12,1.0,0,12,12,65
19,r_49_28_37,r_50_65_154,seq27,r_49_28_37,0.98,0,37,37,65
35,r_130_136_121,seq129,seq138,r_130_136_121,0.57,2,123,121,65
38,r_148_104_58,r_149_131_17,r_101_56_140,r_148_104_58,0.99,0,58,58,65
14,r_84_132_88,r_85_76_188,r_25_133_69,r_25_133_69,0.99,19,88,69,66
8,r_58_119_165,seq57,r_36_120_149,r_58_119_165,0.57,0,165,165,66
54,seq11,r_16_113_185,r_3_10_75,r_3_10_75,1.0,6,81,75,66
37,r_79_41_145,seq80,r_30_37_25,r_79_41_145,0.56,0,145,145,66
59,seq19,r_16_113_185,r_109_18_80,r_109_18_80,1.0,5,85,80,66
21,r_73_98_127,seq74,seq97,r_73_98_127,0.63,0,127,127,66
1,r_72_61_96,r_71_38_153,seq62,r_72_61_96,1.0,0,96,96,66
46,r_102_43_147,seq103,r_30_37_25,r_102_43_147,0.9,0,147,147,66
42,r_59_121_96,r_58_119_165,r_7_124_20,r_59_121_96,1.0,0,96,96,66
47,r_125_6_120,r_60_35_61,seq5,r_125_6_120,0.56,65,185,120,66
19,r_86_67_31,r_84_132_88,seq70,r_86_67_31,0.99,0,31,31,66
0,r_8_147_106,r_3_10_75,r_30_37_25,r_30_37_25,0.9,32,57,25,66
31,r_138_117_21,seq134,seq118,r_138_117_21,0.62,4,25,21,66
41,r_25_133_69,r_23_33_86,seq134,r_25_133_69,0.79,0,69,69,66
36,r_144_66_53,r_126_110_50,seq65,r_144_66_53,1.0,0,53,53,66
26,r_17_135_49,seq19,seq130,r_17_135_49,1.0,0,49,49,66
10,r_60_35_61,r_64_68_170,r_36_120_149,r_60_35_61,1.0,0,61,61,66
86,seq89,seq88,r_114_90_44,r_114_90_44,1.0,13,57,44,66
5,r_54_127_17,r_58_119_165,seq128,r_54_127_17,1.0,0,17,17,66
4,r_36_120_149,r_44_87_97,r_60_35_61,r_36_120_149,0.86,-87,62,149,66
11,r_137_15_77,seq130,seq14,r_137_15_77,1.0,0,77,77,66
2,r_126_110_50,r_144_66_53,seq108,r_144_66_53,1.0,-10,43,53,66
50,seq128,r_126_110_50,r_54_127_17,r_54_127_17,1.0,0,17,17,66
13,r_44_87_97,seq42,seq88,r_44_87_97,0.99,0,97,97,66
98,seq108,r_109_18_80,r_126_110_50,r_109_18_80,0.88,0,80,80,66
4,r_36_120_149,r_60_35_61,r_59_121_96,r_36_120_149,0.97,0,149,149,66
0,r_8_147_106,r_7_124_20,r_3_10_75,r_8_147_106,0.67,-86,20,106,66
30,r_49_146_31,r_44_87_97,r_142_145_148,r_49_146_31,0.96,0,31,31,66
49,r_123_1_32,r_122_129_130,seq2,r_123_1_32,1.0,0,32,32,66
85,seq88,seq95,r_44_87_97,r_44_87_97,1.0,3,100,97,66
10,r_60_35_61,r_36_120_149,r_30_37_25,r_36_120_149,0.94,0,149,149,66
27,r_64_68_170,seq62,r_86_67_31,r_86_67_31,1.0,139,170,31,66
9,r_112_81_51,r_149_116_1,seq80,r_112_81_51,1.0,2,53,51,66
22,r_7_124_20,r_122_129_130,r_59_121_96,r_59_121_96,1.0,8,104,96,66
47,r_125_6_120,seq130,seq5,r_125_6_120,0.34,2,122,120,66
43,r_91_32_90,r_114_90_44,r_23_33_86,r_91_32_90,1.0,0,90,90,66
97,seq107,r_109_18_80,r_4_106_4,r_109_18_80,0.59,-55,25,80,66
24,r_16_113_185,seq14,r_149_116_1,r_16_113_185,0.55,0,185,185,66
45,r_114_90_44,r_149_116_1,seq89,r_114_90_44,1.0,2,46,44,66
34,r_0_9_18,r_16_113_185,r_3_10_75,r_3_10_75,1.0,15,90,75,66
25,r_149_116_1,r_115_50_60,seq101,r_115_50_60,1.0,0,60,60,66
43,r_91_32_90,seq88,r_114_90_44,r_114_90_44,0.97,0,44,44,66
48,r_122_129_130,r_7_124_20,r_54_127_17,r_122_129_130,0.53,0,130,130,66
88,seq93,seq88,r_136_92_55,r_136_92_55,0.96,30,85,55,66
32,r_96_105_136,seq97,seq104,r_96_105_136,0.82,1,137,136,66
38,r_85_76_188,r_84_132_88,r_112_81_51,r_85_76_188,0.98,-100,88,188,66
52,seq5,r_3_10_75,seq2,r_3_10_75,0.92,0,75,75,66
39,r_136_92_55,r_137_15_77,seq93,r_137_15_77,0.56,-22,55,77,66
81,seq74,r_73_98_127,r_112_81_51,r_112_81_51,0.93,79,130,51,66
78,seq65,seq70,r_144_66_53,r_144_66_53,1.0,5,58,53,66
96,seq104,seq101,r_96_105_136,r_96_105_136,0.9,5,141,136,66
98,seq108,r_126_110_50,r_36_120_149,r_36_120_149,1.0,38,187,149,66
28,r_115_50_60,r_149_116_1,seq42,r_115_50_60,1.0,0,60,60,66
48,r_122_129_130,r_123_1_32,r_7_124_20,r_122_129_130,0.73,-98,32,130,66
7,r_3_10_75,seq5,seq11,r_3_10_75,0.99,0,75,75,66
44,r_23_33_86,seq21,r_91_32_90,r_91_32_90,1.0,29,119,90,66
0,r_8_147_106,r_30_37_25,r_84_132_88,r_8_147_106,0.86,0,106,106,66
23,r_109_18_80,seq108,seq19,r_109_18_80,1.0,0,80,80,66
3,r_30_37_25,r_28_24_142,seq39,r_30_37_25,0.59,0,25,25,66
79,seq139,r_140_82_139,r_142_145_148,r_140_82_139,0.79,0,139,139,66
22,r_7_124_20,r_8_147_106,r_122_129_130,r_7_124_20,0.95,0,20,20,66
34,r_0_9_18,seq2,r_16_113_185,r_0_9_18,1.0,0,18,18,66
12,r_71_38_153,seq74,r_30_37_25,r_71_38_153,0.75,0,153,153,66
92,seq109,r_120_122_88,seq128,r_120_122_88,0.37,-5,83,88,67
21,r_143_18_17,r_141_111_104,r_16_110_186,r_143_18_17,1.0,0,17,17,67
43,r_19_115_154,r_21_108_182,seq114,r_19_115_154,0.82,0,154,154,67
54,seq6,r_3_62_144,r_127_5_97,r_127_5_97,0.78,30,127,97,67
37,r_117_45_146,r_120_122_88,seq43,r_117_45_146,0.74,1,147,146,67
32,r_54_17_63,r_56_53_43,r_65_4_86,r_54_17_63,0.53,-18,45,63,67
71,seq50,r_51_98_171,seq52,r_51_98_171,0.64,-44,127,171,67
16,r_90_133_143,seq89,seq128,r_90_133_143,0.48,0,143,143,67
39,r_38_80_157,seq37,seq73,r_38_80_157,0.61,0,157,157,67
1,r_127_5_97,seq128,seq6,r_127_5_97,1.0,0,97,97,67
5,r_125_137_90,r_131_74_122,seq136,r_131_74_122,0.54,-31,91,122,67
46,r_35_22_103,seq34,r_103_23_109,r_103_23_109,1.0,12,121,109,67
42,r_140_9_62,r_141_111_104,seq7,r_140_9_62,1.0,0,62,62,67
24,r_47_2_11,r_39_15_43,seq0,r_47_2_11,1.0,0,11,11,67
80,seq77,r_81_58_49,r_91_76_69,r_91_76_69,0.97,0,69,69,67
45,r_78_95_75,r_81_58_49,r_68_100_31,r_78_95_75,0.78,1,76,75,67
30,r_81_58_49,r_82_70_44,seq59,r_81_58_49,0.56,-5,44,49,67
33,r_14_61_69,r_82_70_44,r_87_60_156,r_87_60_156,0.97,-1,155,156,67
92,seq109,seq92,r_21_108_182,r_21_108_182,0.59,-2,180,182,67
13,r_29_139_22,seq25,seq142,r_29_139_22,0.93,-1,21,22,67
4,r_135_118_51,seq134,r_138_119_4,r_135_118_51,0.68,0,51,51,67
32,r_54_17_63,r_65_4_86,r_39_15_43,r_54_17_63,0.99,0,63,63,67
67,seq41,r_40_86_191,r_117_45_146,r_117_45_146,0.97,45,191,146,67
10,r_131_74_122,seq130,seq73,r_131_74_122,0.87,0,122,122,67
79,seq73,r_20_71_47,r_131_74_122,r_131_74_122,1.0,6,128,122,67
8,r_103_23_109,r_64_104_38,r_35_22_103,r_103_23_109,1.0,0,109,109,67
14,r_64_104_38,r_103_23_109,seq106,r_103_23_109,0.99,0,109,109,67
35,r_16_110_186,r_14_61_69,r_143_18_17,r_14_61_69,1.0,-16,53,69,67
0,r_141_111_104,seq142,seq113,r_141_111_104,0.75,0,104,104,67
11,r_97_63_170,seq96,r_3_62_144,r_3_62_144,0.99,26,170,144,67
2,r_39_15_43,r_40_86_191,r_143_18_17,r_39_15_43,0.84,0,43,43,67
20,r_48_147_74,seq49,r_144_145_44,r_48_147_74,1.0,0,74,74,67
98,seq136,seq134,r_125_137_90,r_125_137_90,0.75,-23,67,90,67
48,r_36_32_139,r_38_80_157,r_12_33_98,r_36_32_139,0.84,1,140,139,67
27,r_72_42_107,r_20_71_47,seq43,r_72_42_107,1.0,0,107,107,67
49,r_123_94_142,seq142,seq93,r_123_94_142,0.91,0,142,142,67
6,r_124_107_190,r_120_122_88,seq128,r_120_122_88,0.54,-9,79,88,67
21,r_143_18_17,r_16_110_186,r_39_15_43,r_143_18_17,0.72,152,169,17,67
15,r_56_53_43,r_54_17_63,seq52,r_56_53_43,1.0,0,43,43,67
8,r_103_23_109,seq106,r_64_104_38,r_64_104_38,0.65,6,44,38,67
47,r_99_146_82,seq101,r_48_147_74,r_99_146_82,0.99,0,82,82,67
40,r_51_98_171,seq50,r_68_100_31,r_68_100_31,0.74,140,171,31,67
18,r_40_86_191,seq41,seq83,r_40_86_191,0.5,0,191,191,67
35,r_16_110_186,r_143_18_17,r_141_111_104,r_16_110_186,0.63,0,186,186,67
25,r_148_1_74,r_141_111_104,seq0,r_148_1_74,1.0,0,74,74,67
33,r_14_61_69,r_16_110_186,r_82_70_44,r_14_61_69,1.0,0,69,69,67
88,seq96,r_97_63_170,r_68_100_31,r_68_100_31,0.59,139,170,31,67
70,seq49,r_48_147_74,seq50,r_48_147_74,1.0,0,74,74,67
65,seq37,r_38_80_157,r_72_42_107,r_72_42_107,0.77,41,148,107,67
34,r_87_60_156,seq88,r_14_61_69,r_14_61_69,0.99,87,156,69,67
31,r_20_71_47,r_21_108_182,r_72_42_107,r_20_71_47,1.0,0,47,47,67
17,r_11_55_136,seq13,r_131_74_122,r_11_55_136,0.9,0,136,136,67
9,r_91_76_69,seq93,seq77,r_91_76_69,0.97,-2,67,69,67
27,r_72_42_107,seq73,r_20_71_47,r_20_71_47,1.0,10,57,47,67
31,r_20_71_47,r_72_42_107,r_91_76_69,r_72_42_107,1.0,0,107,107,67
28,r_68_100_31,seq67,seq96,r_68_100_31,0.97,0,31,31,67
7,r_65_4_86,seq66,seq6,r_65_4_86,1.0,0,86,86,67
72,seq52,seq50,r_56_53_43,r_56_53_43,1.0,1,44,43,67
23,r_12_33_98,seq13,seq34,r_12_33_98,0.97,0,98,98,67
79,seq73,seq57,r_20_71_47,r_20_71_47,0.99,35,82,47,67
14,r_64_104_38,r_65_4_86,r_103_23_109,r_64_104_38,0.91,0,38,38,67
36,r_77_14_122,seq78,seq13,r_77_14_122,0.94,0,122,122,68
53,seq136,r_137_126_189,r_32_139_104,r_32_139_104,1.0,0,104,104,68
73,seq67,r_1_49_47,r_94_66_144,r_94_66_144,0.88,-1,143,144,68
43,r_119_58_93,r_115_4_136,r_92_57_65,r_119_58_93,0.62,0,93,93,68
15,r_82_29_31,r_91_20_129,r_125_33_14,r_82_29_31,0.62,1,32,31,68
3,r_131_81_21,r_129_8_32,r_106_90_7,r_131_81_21,1.0,1,22,21,68
86,seq96,r_97_149_76,seq99,r_97_149_76,0.78,6,82,76,68
16,r_97_149_76,seq96,seq135,r_97_149_76,0.93,0,76,76,68
39,r_73_98_68,r_72_28_81,seq99,r_73_98_68,1.0,0,68,68,68
1,r_65_43_189,seq61,r_84_41_95,r_84_41_95,0.87,94,189,95,68
27,r_55_59_54,r_56_11_85,seq61,r_56_11_85,0.93,-26,59,85,68
46,r_3_103_183,seq2,r_133_102_60,r_3_103_183,0.63,0,183,183,68
42,r_111_113_118,seq112,seq114,r_111_113_118,0.45,27,145,118,68
69,seq51,r_65_43_189,r_55_59_54,r_55_59_54,0.69,53,107,54,68
45,r_86_105_77,seq85,r_133_102_60,r_86_105_77,1.0,1,78,77,68
8,r_110_45_16,r_44_87_71,seq47,r_44_87_71,0.85,0,71,71,68
19,r_104_53_151,seq101,seq52,r_104_53_151,0.68,0,151,151,68
66,seq37,seq34,r_84_41_95,r_84_41_95,1.0,5,100,95,68
38,r_74_23_35,r_72_28_81,r_18_17_18,r_74_23_35,0.75,0,35,35,68
1,r_65_43_189,r_63_39_92,seq61,r_63_39_92,1.0,-45,47,92,68
41,r_148_38_137,seq147,seq144,r_148_38_137,0.5,-65,72,137,68
11,r_115_4_136,r_5_42_177,seq2,r_5_42_177,0.85,1,178,177,68
4,r_79_22_104,seq80,r_74_23_35,r_79_22_104,0.62,0,104,104,68
78,seq75,r_72_28_81,seq68,r_72_28_81,1.0,1,82,81,68
97,seq120,r_133_102_60,seq144,r_133_102_60,0.75,-20,40,60,68
11,r_115_4_136,seq114,r_5_42_177,r_115_4_136,0.84,0,136,136,68
5,r_1_49_47,r_5_42_177,seq48,r_1_49_47,0.99,0,47,47,68
37,r_133_102_60,seq121,seq101,r_133_102_60,0.85,0,60,60,68
48,r_83_141_101,seq88,r_93_140_25,r_83_141_101,1.0,0,101,101,68
49,r_93_140_25,r_137_126_189,r_83_141_101,r_83_141_101,1.0,6,107,101,68
57,seq144,r_142_0_155,r_50_143_80,r_50_143_80,0.99,19,99,80,68
6,r_50_143_80,r_65_43_189,seq144,r_50_143_80,1.0,0,80,80,68
21,r_106_90_7,r_91_20_129,seq85,r_91_20_129,0.99,0,129,129,68
20,r_6_15_190,r_18_17_18,r_60_7_8,r_6_15_190,0.73,-176,14,190,68
8,r_110_45_16,seq109,r_44_87_71,r_110_45_16,0.65,0,16,16,68
14,r_145_26_189,r_146_16_41,seq144,r_146_16_41,1.0,1,42,41,68
87,seq99,r_97_149_76,r_73_98_68,r_73_98_68,1.0,5,73,68,68
49,r_93_140_25,r_92_57_65,r_137_126_189,r_93_140_25,0.99,0,25,25,68
22,r_46_130_47,seq121,r_24_132_109,r_24_132_109,1.0,25,134,109,68
40,r_56_11_85,r_55_59_54,seq52,r_56_11_85,0.44,-28,57,85,68
35,r_60_7_8,r_79_22_104,r_6_15_190,r_60_7_8,0.68,4,12,8,68
2,r_127_123_64,r_128_40_113,seq124,r_128_40_113,1.0,-49,64,113,68
41,r_148_38_137,seq144,r_63_39_92,r_148_38_137,1.0,0,137,137,68
47,r_24_132_109,seq19,r_46_130_47,r_24_132_109,0.75,-1,108,109,68
18,r_5_42_177,r_3_103_183,r_115_4_136,r_115_4_136,1.0,1,137,136,68
33,r_12_100_83,seq10,seq99,r_12_100_83,1.0,1,84,83,68
37,r_133_102_60,r_129_8_32,seq121,r_129_8_32,1.0,0,32,32,68
50,seq2,r_3_103_183,r_115_4_136,r_115_4_136,0.83,18,154,136,68
87,seq99,r_73_98_68,r_12_100_83,r_12_100_83,0.6,7,90,83,68
61,seq27,seq19,r_72_28_81,r_72_28_81,1.0,13,94,81,68
32,r_31_64_129,seq30,r_65_43_189,r_31_64_129,0.81,0,129,129,68
25,r_92_57_65,r_62_122_119,r_119_58_93,r_92_57_65,1.0,30,95,65,68
24,r_125_33_14,r_129_8_32,seq30,r_125_33_14,0.7,0,14,14,68
10,r_146_16_41,r_145_26_189,r_18_17_18,r_146_16_41,1.0,1,42,41,68
34,r_44_87_71,seq37,seq88,r_44_87_71,0.96,0,71,71,68
25,r_92_57_65,r_93_140_25,r_94_66_144,r_93_140_25,1.0,-2,23,25,68
17,r_84_41_95,seq88,r_63_39_92,r_84_41_95,0.87,0,95,95,68
9,r_63_39_92,r_65_43_189,r_84_41_95,r_63_39_92,0.83,12,104,92,68
0,r_129_8_32,r_133_102_60,r_60_7_8,r_129_8_32,1.0,0,32,32,68
29,r_91_20_129,r_106_90_7,r_146_16_41,r_91_20_129,0.97,0,129,129,68
28,r_32_139_104,r_31_64_129,r_83_141_101,r_32_139_104,0.71,0,104,104,68
40,r_56_11_85,seq52,seq9,r_56_11_85,1.0,0,85,85,68
7,r_72_28_81,seq75,seq27,r_72_28_81,1.0,1,82,81,68
44,r_62_122_119,r_65_43_189,seq124,r_62_122_119,1.0,0,119,119,68
23,r_128_40_113,r_127_123_64,r_84_41_95,r_128_40_113,0.91,0,113,113,68
82,seq85,r_86_105_77,seq88,r_86_105_77,1.0,1,78,77,68
25,r_92_57_65,r_94_66_144,r_62_122_119,r_92_57_65,0.81,0,65,65,68
22,r_46_130_47,seq48,seq121,r_46_130_47,0.99,0,47,47,68
12,r_94_66_144,seq95,seq67,r_94_66_144,0.94,0,144,144,68
18,r_5_42_177,r_115_4_136,r_84_41_95,r_5_42_177,0.79,1,178,177,68
93,seq107,r_108_111_178,r_47_109_144,r_47_109_144,0.97,34,178,144,69
36,r_123_40_157,r_126_139_173,r_136_41_19,r_123_40_157,0.76,0,157,157,69
8,r_77_68_108,seq75,seq69,r_77_68_108,0.72,0,108,108,69
83,seq79,r_80_116_185,r_110_82_186,r_110_82_186,0.82,-1,185,186,69
37,r_67_74_180,seq69,r_147_73_113,r_147_73_113,0.49,68,181,113,69
30,r_7_142_55,seq8,seq141,r_7_142_55,1.0,0,55,55,69
1,r_70_3_49,r_2_48_190,r_104_12_181,r_70_3_49,0.49,141,190,49,69
5,r_108_111_178,r_110_82_186,seq112,r_108_111_178,0.52,0,178,178,69
46,r_140_38_94,seq138,r_39_49_126,r_140_38_94,0.71,0,94,94,69
42,r_147_73_113,seq148,seq72,r_147_73_113,0.83,0,113,113,69
11,r_136_41_19,r_140_38_94,r_67_74_180,r_136_41_19,0.64,0,19,19,69
11,r_136_41_19,r_47_109_144,r_92_42_132,r_136_41_19,0.85,113,132,19,69
0,r_143_97_182,r_144_43_49,seq141,r_144_43_49,0.82,0,49,49,69
23,r_90_35_49,seq91,r_25_37_65,r_90_35_49,1.0,0,49,49,69
43,r_50_84_49,r_55_125_114,seq83,r_50_84_49,0.53,0,49,49,69
39,r_57_15_25,r_53_66_141,seq16,r_57_15_25,0.97,0,25,25,69
31,r_92_42_132,seq91,r_136_41_19,r_92_42_132,0.82,0,132,132,69
41,r_106_128_71,seq103,seq127,r_106_128_71,0.96,0,71,71,69
80,seq71,r_70_3_49,seq69,r_70_3_49,1.0,0,49,49,69
3,r_53_66_141,seq54,r_113_65_38,r_113_65_38,0.9,103,141,38,69
10,r_2_48_190,r_0_61_150,r_70_3_49,r_70_3_49,0.99,101,150,49,69
10,r_2_48_190,r_70_3_49,r_144_43_49,r_2_48_190,0.75,0,190,190,69
26,r_76_28_120,seq75,seq27,r_76_28_120,0.93,0,120,120,69
72,seq54,r_53_66_141,r_39_49_126,r_39_49_126,0.98,15,141,126,69
40,r_39_49_126,r_140_38_94,seq54,r_39_49_126,0.99,0,126,126,69
27,r_55_125_114,seq56,seq122,r_55_125_114,0.98,0,114,114,69
4,r_144_43_49,r_143_97_182,seq46,r_144_43_49,1.0,0,49,49,69
1,r_70_3_49,seq71,r_2_48_190,r_70_3_49,1.0,0,49,49,69
2,r_110_82_186,r_108_111_178,r_47_109_144,r_47_109_144,0.97,22,166,144,69
47,r_1_60_75,r_2_48_190,r_113_65_38,r_1_60_75,1.0,0,75,75,69
40,r_39_49_126,r_136_41_19,r_140_38_94,r_140_38_94,0.78,2,96,94,69
18,r_145_22_100,seq146,r_4_24_25,r_145_22_100,1.0,2,102,100,69
29,r_94_124_140,seq95,r_55_125_114,r_55_125_114,0.95,28,142,114,69
24,r_93_85_110,r_94_124_140,r_50_84_49,r_50_84_49,1.0,64,113,49,69
33,r_81_19_87,seq79,r_18_102_190,r_81_19_87,0.99,0,87,87,69
46,r_140_38_94,r_39_49_126,seq87,r_39_49_126,0.61,0,126,126,69
64,seq27,seq30,r_76_28_120,r_76_28_120,1.0,12,132,120,69
6,r_4_24_25,r_2_48_190,r_36_32_26,r_4_24_25,0.98,0,25,25,69
6,r_4_24_25,r_36_32_26,r_145_22_100,r_145_22_100,1.0,3,103,100,69
25,r_64_99_8,r_70_3_49,r_101_100_36,r_64_99_8,0.8,2,10,8,69
11,r_136_41_19,r_67_74_180,r_47_109_144,r_67_74_180,0.24,-137,43,180,69
34,r_33_10_85,r_36_32_26,seq11,r_33_10_85,1.0,0,85,85,69
21,r_113_65_38,seq114,seq62,r_113_65_38,0.94,0,38,38,69
60,seq146,r_145_22_100,seq131,r_145_22_100,0.93,2,102,100,69
17,r_14_134_88,seq16,seq133,r_14_134_88,0.99,0,88,88,69
9,r_120_20_66,r_121_129_112,seq27,r_120_20_66,0.96,0,66,66,69
96,seq115,seq114,r_55_125_114,r_55_125_114,0.98,23,137,114,69
22,r_18_102_190,r_36_32_26,r_81_19_87,r_81_19_87,0.94,4,91,87,69
28,r_0_61_150,r_2_48_190,r_53_66_141,r_0_61_150,0.7,0,150,150,69
2,r_110_82_186,r_47_109_144,seq79,r_47_109_144,0.52,42,186,144,69
49,r_121_129_112,r_123_40_157,r_106_128_71,r_123_40_157,0.99,-42,115,157,69
7,r_6_130_117,seq8,seq131,r_6_130_117,0.97,0,117,117,69
20,r_78_89_29,r_77_68_108,seq91,r_78_89_29,0.99,0,29,29,69
79,seq69,seq71,r_77_68_108,r_77_68_108,0.99,0,108,108,69
19,r_101_100_36,r_106_128_71,r_64_99_8,r_106_128_71,0.83,-31,40,71,69
35,r_47_109_144,seq46,seq107,r_47_109_144,0.75,0,144,144,69
12,r_45_21_175,seq44,r_4_24_25,r_4_24_25,0.75,150,175,25,69
84,seq141,r_143_97_182,r_7_142_55,r_7_142_55,1.0,9,64,55,69
8,r_94_37_80,r_92_98_171,r_121_33_47,r_92_98_171,0.99,-91,80,171,70
43,r_96_102_184,seq97,r_63_99_17,r_63_99_17,0.93,167,184,17,70
88,seq100,r_101_109_51,r_63_99_17,r_63_99_17,0.72,2,19,17,70
12,r_1_68_54,r_0_141_88,seq69,r_1_68_54,0.98,0,54,54,70
39,r_36_93_132,seq34,seq90,r_36_93_132,0.84,0,132,132,70
26,r_3_130_50,r_1_68_54,r_127_22_187,r_3_130_50,0.65,0,50,50,70
1,r_64_53_122,seq65,seq52,r_64_53_122,0.73,1,123,122,70
5,r_103_61_130,seq108,seq65,r_103_61_130,0.78,0,130,130,70
46,r_26_30_85,seq25,seq29,r_26_30_85,0.76,2,87,85,70
42,r_128_137_69,r_127_22_187,seq138,r_128_137_69,0.9,1,70,69,70
45,r_139_81_68,seq138,seq79,r_139_81_68,1.0,2,70,68,70
22,r_104_7_56,r_103_61_130,seq8,r_104_7_56,1.0,0,56,56,70
19,r_78_57_103,seq79,r_59_62_161,r_59_62_161,0.4,-58,103,161,70
33,r_76_89_87,r_92_98_171,r_1_68_54,r_76_89_87,0.4,79,166,87,70
48,r_0_141_88,seq10,r_140_35_189,r_0_141_88,1.0,0,88,88,70
44,r_121_33_47,r_112_114_164,seq34,r_121_33_47,1.0,1,48,47,70
66,seq29,seq28,r_26_30_85,r_26_30_85,0.49,-14,71,85,70
31,r_54_148_113,seq52,r_0_141_88,r_54_148_113,0.69,1,114,113,70
41,r_111_142_117,r_112_114_164,r_143_106_186,r_111_142_117,0.64,1,118,117,70
18,r_66_84_52,r_64_53_122,seq79,r_66_84_52,0.6,0,52,52,70
78,seq65,r_64_53_122,seq69,r_64_53_122,1.0,-23,99,122,70
11,r_56_129_83,r_58_27_107,r_3_130_50,r_56_129_83,1.0,0,83,83,70
20,r_58_27_107,r_56_129_83,r_64_53_122,r_58_27_107,0.36,-30,77,107,70
15,r_31_80_125,r_32_13_163,r_139_81_68,r_31_80_125,0.96,0,125,125,70
20,r_58_27_107,r_64_53_122,seq28,r_58_27_107,1.0,0,107,107,70
6,r_105_39_122,r_103_61_130,seq38,r_105_39_122,0.79,0,122,122,70
9,r_113_131_11,r_94_37_80,seq134,r_113_131_11,0.94,2,13,11,70
27,r_44_110_73,r_42_45_107,r_112_114_164,r_44_110_73,0.92,0,73,73,70
47,r_126_91_136,seq124,r_36_93_132,r_36_93_132,1.0,4,136,132,70
40,r_92_98_171,seq90,r_63_99_17,r_63_99_17,0.73,154,171,17,70
74,seq47,seq46,r_67_48_100,r_67_48_100,0.91,1,101,100,70
24,r_149_55_144,r_143_106_186,r_78_57_103,r_149_55_144,0.81,0,144,144,70
25,r_135_16_136,seq134,seq17,r_135_16_136,0.84,0,136,136,70
69,seq38,r_42_45_107,r_105_39_122,r_105_39_122,0.46,2,124,122,70
33,r_76_89_87,seq77,r_92_98_171,r_76_89_87,0.76,0,87,87,70
65,seq28,seq29,r_58_27_107,r_58_27_107,1.0,26,133,107,70
68,seq34,r_36_93_132,r_121_33_47,r_121_33_47,0.89,21,68,47,70
31,r_54_148_113,r_0_141_88,r_111_142_117,r_111_142_117,0.4,50,167,117,70
34,r_49_144_154,seq50,r_111_142_117,r_111_142_117,0.67,37,154,117,70
48,r_0_141_88,r_1_68_54,seq10,r_1_68_54,0.96,-8,46,54,70
19,r_78_57_103,r_59_62_161,r_149_55_144,r_149_55_144,0.77,1,145,144,70
17,r_127_22_187,r_128_137_69,r_3_130_50,r_3_130_50,0.71,20,70,50,70
4,r_63_99_17,r_64_53_122,seq100,r_63_99_17,0.7,0,17,17,70
28,r_95_73_120,r_96_102_184,r_70_74_121,r_95_73_120,0.75,0,120,120,70
35,r_32_13_163,r_94_37_80,r_136_14_9,r_32_13_163,0.78,0,163,163,70
49,r_140_35_189,seq145,r_0_141_88,r_0_141_88,1.0,19,107,88,70
26,r_3_130_50,r_127_22_187,r_56_129_83,r_56_129_83,1.0,3,86,83,70
23,r_101_109_51,seq100,seq108,r_101_109_51,0.78,13,64,51,70
17,r_127_22_187,r_3_130_50,r_58_27_107,r_58_27_107,0.73,82,189,107,70
35,r_32_13_163,r_31_80_125,r_94_37_80,r_94_37_80,0.84,45,125,80,70
79,seq69,r_64_53_122,r_1_68_54,r_1_68_54,1.0,1,55,54,70
8,r_100_42_140,r_1_101_108,r_49_40_25,r_100_42_140,0.96,1,141,140,71
30,r_69_71_168,seq75,r_26_68_152,r_26_68_152,0.97,16,168,152,71
26,r_118_94_152,seq122,r_87_120_43,r_87_120_43,0.81,3,46,43,71
36,r_35_46_67,seq36,seq45,r_35_46_67,1.0,0,67,67,71
71,seq47,r_49_40_25,seq45,r_49_40_25,0.78,0,25,25,71
8,r_100_42_140,r_99_138_128,r_1_101_108,r_1_101_108,0.88,21,129,108,71
43,r_129_19_171,seq131,r_82_16_78,r_129_19_171,0.47,0,171,171,71
37,r_139_84_87,seq136,r_85_78_201,r_139_84_87,1.0,0,87,87,71
96,seq117,r_118_94_152,r_5_116_56,r_5_116_56,0.76,3,59,56,71
55,seq141,r_142_113_112,r_145_146_101,r_142_113_112,0.98,0,112,112,71
39,r_114_3_138,seq108,seq7,r_114_3_138,0.95,1,139,138,71
5,r_80_134_70,r_82_16_78,r_65_135_33,r_80_134_70,1.0,0,70,70,71
46,r_20_64_111,seq17,seq66,r_20_64_111,0.9,1,112,111,71
45,r_70_48_171,seq75,r_57_50_126,r_57_50_126,0.61,48,174,126,71
1,r_49_40_25,seq47,seq36,r_49_40_25,1.0,0,25,25,71
2,r_32_130_57,seq31,seq131,r_32_130_57,0.99,0,57,57,71
20,r_87_120_43,seq86,r_133_119_21,r_87_120_43,1.0,0,43,43,71
41,r_18_11_78,seq17,r_88_13_2,r_18_11_78,0.96,0,78,78,71
14,r_5_116_56,r_1_101_108,seq117,r_5_116_56,1.0,0,56,56,71
3,r_55_95_84,seq56,seq96,r_55_95_84,1.0,0,84,84,71
10,r_142_113_112,seq141,seq112,r_142_113_112,1.0,0,112,112,71
72,seq136,r_139_84_87,seq143,r_139_84_87,1.0,0,87,87,71
13,r_104_123_147,r_106_6_196,r_32_130_57,r_104_123_147,0.81,0,147,147,71
98,seq122,r_118_94_152,seq121,r_118_94_152,0.85,0,152,152,71
48,r_23_38_184,seq24,r_49_40_25,r_49_40_25,1.0,159,184,25,71
57,seq17,r_18_11_78,r_82_16_78,r_82_16_78,0.82,0,78,78,71
6,r_93_137_108,seq96,seq136,r_93_137_108,0.99,1,109,108,71
27,r_76_132_80,r_67_148_170,seq131,r_76_132_80,1.0,0,80,80,71
22,r_110_14_40,r_15_39_184,seq28,r_15_39_184,0.79,-71,113,184,71
47,r_106_6_196,r_107_102_73,r_34_105_11,r_106_6_196,0.82,-123,73,196,71
55,seq141,r_145_146_101,r_128_140_135,r_128_140_135,0.63,-1,134,135,71
33,r_103_33_58,seq108,seq30,r_103_33_58,1.0,0,58,58,71
40,r_10_144_131,seq12,r_145_146_101,r_10_144_131,0.6,0,131,131,71
18,r_0_74_156,seq4,seq73,r_0_74_156,0.5,0,156,156,71
24,r_1_101_108,seq4,r_55_95_84,r_1_101_108,1.0,0,108,108,71
47,r_106_6_196,r_34_105_11,r_126_9_9,r_106_6_196,0.44,0,196,196,71
22,r_110_14_40,seq109,r_15_39_184,r_110_14_40,0.99,0,40,40,71
70,seq45,seq43,r_35_46_67,r_35_46_67,1.0,1,68,67,71
42,r_133_119_21,r_118_94_152,r_87_120_43,r_133_119_21,0.88,58,79,21,71
61,seq25,r_26_68_152,r_49_40_25,r_49_40_25,0.78,128,153,25,71
32,r_15_39_184,seq17,r_49_40_25,r_49_40_25,0.98,159,184,25,71
38,r_29_21_94,seq30,seq22,r_29_21_94,0.86,0,94,94,71
25,r_34_105_11,r_32_130_57,r_106_6_196,r_34_105_11,1.0,0,11,11,71
34,r_98_2_75,r_99_138_128,seq7,r_98_2_75,0.99,0,75,75,71
19,r_65_135_33,r_124_111_153,r_80_134_70,r_80_134_70,0.44,5,75,70,71
25,r_34_105_11,r_106_6_196,r_142_113_112,r_142_113_112,0.99,84,196,112,71
26,r_118_94_152,r_87_120_43,r_55_95_84,r_118_94_152,0.76,0,152,152,71
19,r_65_135_33,r_62_58_64,r_124_111_153,r_65_135_33,1.0,0,33,33,71
23,r_99_138_128,r_100_42_140,seq136,r_99_138_128,0.96,1,129,128,71
28,r_41_61_75,seq36,seq63,r_41_61_75,1.0,0,75,75,71
42,r_133_119_21,r_128_140_135,r_118_94_152,r_133_119_21,1.0,0,21,21,71
21,r_57_50_126,seq47,r_70_48_171,r_70_48_171,0.93,1,172,171,71
7,r_107_102_73,r_106_6_196,seq122,r_107_102_73,0.47,124,197,73,71
44,r_82_16_78,seq79,seq17,r_82_16_78,0.97,0,78,78,71
23,r_99_138_128,r_98_2_75,r_100_42_140,r_98_2_75,1.0,0,75,75,71
17,r_83_115_24,r_85_78_201,seq117,r_83_115_24,0.9,1,25,24,71
12,r_128_140_135,seq127,seq141,r_128_140_135,0.64,3,138,135,71
93,seq111,seq115,r_139_112_76,r_139_112_76,1.0,18,94,76,72
14,r_97_70_85,seq95,seq71,r_97_70_85,0.89,0,85,85,72
8,r_18_120_186,r_19_143_92,seq13,r_19_143_92,1.0,0,92,92,72
43,r_139_112_76,r_142_7_88,seq116,r_139_112_76,0.99,1,77,76,72
97,seq118,r_144_56_163,r_139_112_76,r_144_56_163,0.86,-18,145,163,72
17,r_12_110_56,seq13,seq105,r_12_110_56,0.99,0,56,56,72
37,r_67_133_152,r_21_66_3,r_108_130_74,r_108_130_74,0.84,78,152,74,72
30,r_75_114_55,seq76,seq115,r_75_114_55,1.0,0,55,55,72
31,r_25_131_43,r_26_16_101,seq132,r_25_131_43,1.0,0,43,43,72
1,r_101_34_69,seq104,seq33,r_101_34_69,0.77,1,70,69,72
6,r_123_36_136,r_35_121_191,r_101_34_69,r_35_121_191,1.0,0,191,191,72
19,r_142_7_88,r_139_112_76,r_144_56_163,r_139_112_76,0.74,0,76,76,72
33,r_65_82_114,r_83_137_191,r_85_88_60,r_83_137_191,0.71,0,191,191,72
76,seq64,r_63_15_117,seq59,r_63_15_117,0.98,-36,81,117,72
41,r_45_62_196,r_46_49_117,r_44_149_158,r_46_49_117,0.82,0,117,117,72
41,r_45_62_196,r_44_149_158,r_32_47_77,r_44_149_158,1.0,1,159,158,72
10,r_144_56_163,r_142_7_88,r_103_141_69,r_144_56_163,0.92,-74,89,163,72
26,r_10_20_80,seq11,r_135_28_49,r_135_28_49,0.71,31,80,49,72
18,r_135_28_49,seq132,seq27,r_135_28_49,0.99,0,49,49,72
4,r_102_22_65,r_103_141_69,r_60_23_54,r_103_141_69,0.84,-4,65,69,72
63,seq24,seq27,r_60_23_54,r_60_23_54,0.99,11,65,54,72
11,r_69_96_109,seq68,seq98,r_69_96_109,0.72,0,109,109,72
20,r_73_4_92,seq71,r_142_7_88,r_73_4_92,0.79,0,92,92,72
13,r_83_137_191,r_85_88_60,r_65_82_114,r_65_82_114,0.62,6,120,114,72
15,r_108_130_74,r_106_31_102,r_25_131_43,r_108_130_74,0.86,0,74,74,72
48,r_21_66_3,r_67_133_152,seq68,r_67_133_152,0.94,-10,142,152,72
2,r_55_80_23,r_54_58_153,seq81,r_55_80_23,0.73,3,26,23,72
12,r_32_47_77,r_86_50_61,r_46_49_117,r_46_49_117,0.8,70,187,117,72
6,r_123_36_136,seq126,r_35_121_191,r_123_36_136,0.81,0,136,136,72
94,seq115,seq116,r_75_114_55,r_75_114_55,1.0,0,55,55,72
81,seq78,r_35_121_191,seq77,r_35_121_191,0.67,-163,28,191,72
99,seq126,r_123_36_136,r_93_124_101,r_93_124_101,0.61,35,136,101,72
79,seq76,r_75_114_55,r_73_4_92,r_75_114_55,0.95,-11,44,55,72
10,r_144_56_163,r_103_141_69,seq59,r_144_56_163,0.95,3,166,163,72
27,r_63_15_117,seq64,r_26_16_101,r_63_15_117,0.97,0,117,117,72
41,r_45_62_196,r_32_47_77,r_97_70_85,r_97_70_85,0.38,108,193,85,72
19,r_142_7_88,r_144_56_163,r_140_8_5,r_142_7_88,0.99,0,88,88,72
47,r_103_141_69,seq104,r_144_56_163,r_103_141_69,1.0,0,69,69,72
40,r_57_52_100,seq59,r_84_53_58,r_84_53_58,0.83,32,90,58,72
24,r_17_72_175,seq14,r_97_70_85,r_17_72_175,0.49,0,175,175,72
34,r_26_16_101,seq27,seq14,r_26_16_101,0.91,0,101,101,72
25,r_19_143_92,r_18_120_186,r_103_141_69,r_19_143_92,0.71,0,92,92,72
43,r_139_112_76,seq116,seq117,r_139_112_76,0.59,76,152,76,72
33,r_65_82_114,seq64,r_83_137_191,r_65_82_114,0.8,1,115,114,72
64,seq27,seq24,r_135_28_49,r_135_28_49,1.0,12,61,49,72
47,r_103_141_69,r_144_56_163,r_19_143_92,r_103_141_69,0.67,96,165,69,72
32,r_99_5_112,seq104,r_142_7_88,r_142_7_88,0.58,24,112,88,72
38,r_93_124_101,seq94,seq126,r_93_124_101,0.99,0,101,101,72
79,seq76,r_73_4_92,r_122_74_49,r_73_4_92,0.81,-8,84,92,72
84,seq91,r_90_79_185,r_113_89_53,r_113_89_53,1.0,1,54,53,72
9,r_44_149_158,r_45_62_196,seq147,r_44_149_158,0.75,0,158,158,72
28,r_122_74_49,r_123_36_136,seq71,r_122_74_49,1.0,0,49,49,72
7,r_113_89_53,seq115,seq91,r_113_89_53,1.0,0,53,53,72
22,r_35_121_191,seq37,r_123_36_136,r_123_36_136,0.9,-14,122,136,72
91,seq107,r_106_31_102,seq105,r_106_31_102,1.0,1,103,102,72
49,r_127_92_94,seq126,seq98,r_127_92_94,0.99,0,94,94,72
34,r_26_16_101,r_25_131_43,seq27,r_25_131_43,1.0,-8,35,43,72
44,r_46_49_117,r_45_62_196,r_57_52_100,r_46_49_117,0.65,0,117,117,72
23,r_145_138_66,seq148,r_25_131_43,r_145_138_66,0.76,0,66,66,72
97,seq118,r_25_131_43,r_144_56_163,r_25_131_43,0.51,80,123,43,72
46,r_84_53_58,r_83_137_191,seq51,r_84_53_58,0.99,-2,56,58,72
12,r_32_47_77,seq33,r_86_50_61,r_32_47_77,0.7,1,78,77,72
45,r_60_23_54,r_57_52_100,seq24,r_60_23_54,0.98,0,54,54,72
30,r_27_94_136,r_28_76_177,seq96,r_27_94_136,1.0,0,136,136,73
19,r_134_23_80,r_28_76_177,r_32_24_129,r_134_23_80,0.78,57,137,80,73
92,seq115,r_113_18_144,r_51_114_39,r_51_114_39,0.71,40,79,39,73
8,r_139_121_102,seq138,r_91_123_49,r_139_121_102,0.87,1,103,102,73
37,r_142_128_105,r_144_39_119,seq127,r_144_39_119,0.93,-14,105,119,73
59,seq16,r_17_11_199,r_32_24_129,r_32_24_129,0.68,66,195,129,73
78,seq75,r_82_105_83,r_84_129_78,r_82_105_83,0.76,0,83,83,73
16,r_28_76_177,seq29,seq75,r_28_76_177,0.39,0,177,177,73
39,r_14_38_187,seq13,r_144_39_119,r_144_39_119,1.0,68,187,119,73
1,r_64_88_146,r_63_69_149,seq86,r_64_88_146,0.81,0,146,146,73
5,r_55_0_80,seq57,seq1,r_55_0_80,1.0,0,80,80,73
45,r_66_44_2,r_40_140_160,r_112_45_106,r_112_45_106,0.99,7,113,106,73
19,r_134_23_80,seq137,r_28_76_177,r_134_23_80,0.92,0,80,80,73
95,seq120,seq124,r_139_121_102,r_139_121_102,1.0,84,186,102,73
78,seq75,r_113_18_144,r_82_105_83,r_82_105_83,0.54,-54,29,83,73
17,r_149_10_39,seq148,r_93_12_23,r_149_10_39,1.0,0,39,39,73
97,seq124,seq120,r_91_123_49,r_91_123_49,1.0,4,53,49,73
41,r_9_46_106,seq8,r_79_47_76,r_9_46_106,1.0,0,106,106,73
78,seq75,r_84_129_78,seq86,r_84_129_78,0.77,40,118,78,73
58,seq13,seq2,r_93_12_23,r_93_12_23,1.0,1,24,23,73
3,r_82_105_83,seq83,seq104,r_82_105_83,0.92,1,84,83,73
10,r_40_140_160,seq36,seq138,r_40_140_160,0.8,0,160,160,73
26,r_116_65_113,r_107_22_164,r_141_62_32,r_116_65_113,0.91,0,113,113,73
72,seq54,r_40_140_160,seq42,r_40_140_160,0.94,-9,151,160,73
36,r_91_123_49,seq92,seq124,r_91_123_49,0.99,0,49,49,73
9,r_51_114_39,seq52,seq115,r_51_114_39,1.0,0,39,39,73
0,r_79_47_76,seq80,r_49_71_159,r_79_47_76,0.65,0,76,76,73
42,r_43_99_41,seq42,r_97_110_167,r_43_99_41,1.0,5,46,41,73
11,r_143_5_89,r_144_39_119,seq6,r_143_5_89,0.99,0,89,89,73
20,r_107_22_164,r_109_122_163,seq20,r_107_22_164,0.73,1,165,164,73
6,r_144_39_119,r_50_145_29,seq37,r_144_39_119,1.0,0,119,119,73
46,r_141_62_32,r_63_69_149,r_116_65_113,r_116_65_113,1.0,36,149,113,73
48,r_21_30_190,seq20,r_41_33_90,r_41_33_90,0.94,101,191,90,73
6,r_144_39_119,r_143_5_89,r_50_145_29,r_144_39_119,0.92,-30,89,119,73
62,seq20,r_21_30_190,r_113_18_144,r_113_18_144,1.0,13,157,144,73
43,r_81_111_186,seq86,r_82_105_83,r_81_111_186,0.53,0,186,186,73
99,seq127,seq132,r_142_128_105,r_142_128_105,0.96,14,119,105,73
27,r_48_98_143,r_49_71_159,r_43_99_41,r_49_71_159,0.79,-15,144,159,73
25,r_50_145_29,r_49_71_159,seq146,r_50_145_29,0.99,0,29,29,73
87,seq96,r_97_110_167,r_27_94_136,r_27_94_136,0.99,31,167,136,73
47,r_109_122_163,r_107_22_164,r_91_123_49,r_109_122_163,0.61,0,163,163,73
40,r_118_125_153,seq117,r_84_129_78,r_118_125_153,0.74,0,153,153,73
18,r_95_106_111,r_97_110_167,r_82_105_83,r_95_106_111,0.61,0,111,111,73
0,r_79_47_76,r_49_71_159,r_9_46_106,r_9_46_106,0.6,1,107,106,73
24,r_112_45_106,seq115,r_66_44_2,r_112_45_106,1.0,1,107,106,73
33,r_49_71_159,r_40_140_160,r_77_74_164,r_49_71_159,0.55,0,159,159,73
64,seq29,r_28_76_177,r_133_25_8,r_133_25_8,0.73,169,177,8,73
46,r_141_62_32,r_142_128_105,r_63_69_149,r_141_62_32,0.97,0,32,32,73
14,r_93_12_23,r_95_106_111,seq13,r_93_12_23,1.0,0,23,23,73
21,r_61_35_11,r_64_88_146,seq36,r_61_35_11,0.94,0,11,11,73
68,seq42,r_40_140_160,r_144_39_119,r_144_39_119,0.74,41,160,119,73
42,r_43_99_41,r_97_110_167,r_48_98_143,r_48_98_143,0.94,17,160,143,73
61,seq19,r_17_11_199,r_113_18_144,r_113_18_144,1.0,55,199,144,73
32,r_59_60_192,r_48_98_143,r_79_47_76,r_59_60_192,0.66,-46,146,192,73
75,seq147,seq148,r_50_145_29,r_50_145_29,0.99,138,167,29,73
66,seq36,seq37,r_61_35_11,r_61_35_11,1.0,2,13,11,73
38,r_15_103_49,r_14_38_187,seq104,r_15_103_49,0.99,0,49,49,73
22,r_108_7_59,r_107_22_164,seq8,r_108_7_59,1.0,1,60,59,73
28,r_100_135_102,r_107_22_164,seq137,r_100_135_102,0.94,0,102,102,73
7,r_32_24_129,r_90_34_1,r_134_23_80,r_32_24_129,0.54,0,129,129,73
44,r_63_69_149,r_64_88_146,r_68_67_191,r_64_88_146,0.91,0,146,146,73
23,r_84_129_78,seq85,seq127,r_84_129_78,1.0,0,78,78,73
79,seq78,r_77_74_164,seq80,r_77_74_164,0.63,0,164,164,73
35,r_97_110_167,seq96,r_51_114_39,r_51_114_39,0.98,129,168,39,73
12,r_41_33_90,r_40_140_160,r_90_34_1,r_40_140_160,0.67,-70,90,160,73
30,r_120_27_148,seq121,r_65_29_95,r_120_27_148,0.64,0,148,148,74
36,r_104_1_100,seq105,r_110_13_73,r_104_1_100,0.94,0,100,100,74
8,r_41_136_134,seq40,r_67_135_101,r_41_136_134,0.86,0,134,134,74
43,r_96_45_148,r_97_44_168,r_102_43_120,r_97_44_168,0.75,-20,148,168,74
54,seq142,r_139_12_165,r_32_141_105,r_32_141_105,1.0,35,140,105,74
37,r_138_42_147,r_139_12_165,r_102_43_120,r_138_42_147,0.93,0,147,147,74
16,r_134_75_101,seq133,seq76,r_134_75_101,0.98,1,102,101,74
21,r_5_26_92,r_4_2_135,r_87_23_80,r_5_26_92,0.91,0,92,92,74
5,r_143_14_163,r_139_12_165,r_8_126_16,r_8_126_16,0.97,117,133,16,74
46,r_139_12_165,seq142,r_80_10_143,r_139_12_165,0.47,0,165,165,74
42,r_67_135_101,r_49_64_3,seq133,r_67_135_101,0.96,0,101,101,74
2,r_8_126_16,r_7_93_77,seq125,r_8_126_16,1.0,2,18,16,74
6,r_18_48_11,seq20,seq47,r_18_48_11,0.83,-1,10,11,74
19,r_7_93_77,seq11,r_95_94_56,r_7_93_77,1.0,0,77,77,74
76,seq71,seq69,r_54_72_47,r_54_72_47,1.0,9,56,47,74
89,seq109,seq116,r_3_107_102,r_3_107_102,0.89,0,102,102,74
63,seq37,r_41_136_134,r_25_38_44,r_25_38_44,1.0,2,46,44,74
0,r_82_15_39,r_84_132_121,seq17,r_82_15_39,0.85,-4,35,39,74
31,r_33_9_149,r_34_74_173,r_80_10_143,r_33_9_149,0.86,0,149,149,74
41,r_36_62_149,r_34_74_173,r_39_66_95,r_36_62_149,0.62,0,149,149,74
67,seq52,r_60_147_138,r_49_64_3,r_60_147_138,1.0,-59,79,138,74
3,r_80_10_143,seq81,seq11,r_80_10_143,0.51,0,143,143,74
90,seq112,seq115,r_57_113_72,r_57_113_72,1.0,43,115,72,74
72,seq59,r_60_147_138,r_49_64_3,r_60_147_138,1.0,0,138,138,74
4,r_16_89_110,seq17,r_106_88_62,r_16_89_110,0.95,0,110,110,74
11,r_60_147_138,seq59,seq146,r_60_147_138,0.63,0,138,138,74
20,r_137_90_114,r_139_12_165,seq92,r_137_90_114,0.99,0,114,114,74
15,r_106_88_62,seq105,seq78,r_106_88_62,0.94,0,62,62,74
48,r_65_29_95,r_49_64_3,seq30,r_65_29_95,1.0,0,95,95,74
49,r_111_35_67,r_34_74_173,r_87_23_80,r_34_74_173,0.67,0,173,173,74
27,r_0_128_48,r_5_26_92,seq127,r_0_128_48,1.0,0,48,48,74
99,seq127,r_129_61_151,r_0_128_48,r_0_128_48,0.9,106,154,48,74
39,r_28_70_20,seq30,seq69,r_28_70_20,0.98,0,20,20,74
47,r_99_117_157,r_97_44_168,seq116,r_99_117_157,0.77,0,157,157,74
93,seq116,seq115,r_99_117_157,r_99_117_157,0.97,0,157,157,74
40,r_149_140_193,r_148_100_191,r_32_141_105,r_32_141_105,1.0,86,191,105,74
74,seq68,r_84_132_121,seq86,r_84_132_121,0.95,-4,117,121,74
18,r_148_100_191,r_149_140_193,seq98,r_148_100_191,0.42,0,191,191,74
29,r_34_74_173,r_36_62_149,r_111_35_67,r_111_35_67,1.0,82,149,67,74
64,seq40,r_41_136_134,r_102_43_120,r_102_43_120,0.48,13,133,120,74
15,r_106_88_62,seq78,r_16_89_110,r_16_89_110,0.97,5,115,110,74
88,seq105,r_104_1_100,r_95_94_56,r_104_1_100,0.98,-17,83,100,74
50,seq131,seq127,r_84_132_121,r_84_132_121,1.0,1,122,121,74
75,seq69,seq71,r_28_70_20,r_28_70_20,1.0,21,41,20,74
32,r_3_107_102,r_4_2_135,seq109,r_3_107_102,0.98,1,103,102,74
38,r_6_19_21,r_7_93_77,seq20,r_6_19_21,0.96,0,21,21,74
77,seq76,seq78,r_134_75_101,r_134_75_101,1.0,4,105,101,74
34,r_129_61_151,r_130_21_186,r_39_66_95,r_39_66_95,0.93,56,151,95,74
60,seq24,r_34_74_173,r_87_23_80,r_87_23_80,0.99,15,95,80,74
13,r_25_38_44,seq24,seq37,r_25_38_44,0.99,0,44,44,74
29,r_34_74_173,r_111_35_67,r_134_75_101,r_111_35_67,0.65,106,173,67,74
81,seq81,r_80_10_143,seq86,r_80_10_143,0.98,0,143,143,74
17,r_87_23_80,r_84_132_121,seq24,r_87_23_80,0.98,0,80,80,74
10,r_54_72_47,r_57_113_72,r_28_70_20,r_54_72_47,1.0,0,47,47,74
9,r_39_66_95,r_41_136_134,r_49_64_3,r_39_66_95,0.97,0,95,95,74
26,r_122_83_32,r_84_132_121,r_50_85_52,r_84_132_121,0.65,0,121,121,74
22,r_4_2_135,r_5_26_92,r_82_15_39,r_4_2_135,0.83,-43,92,135,74
14,r_50_85_52,seq46,r_122_83_32,r_50_85_52,0.83,0,52,52,74
28,r_32_141_105,r_34_74_173,seq142,r_32_141_105,0.97,0,105,105,74
49,r_111_35_67,seq112,r_34_74_173,r_111_35_67,1.0,0,67,67,74
7,r_57_113_72,seq58,seq112,r_57_113_72,1.0,0,72,72,74
23,r_84_132_121,seq86,seq131,r_84_132_121,0.88,0,121,121,74
26,r_122_83_32,seq121,r_84_132_121,r_122_83_32,0.99,0,32,32,74
24,r_51_73_176,seq52,r_49_64_3,r_51_73_176,0.52,-129,47,176,74
35,r_110_13_73,seq109,seq11,r_110_13_73,1.0,0,73,73,74
82,seq86,r_87_23_80,r_122_83_32,r_122_83_32,0.74,4,36,32,74
5,r_143_14_163,r_8_126_16,r_82_15_39,r_143_14_163,0.98,0,163,163,74
12,r_102_43_120,r_95_94_56,seq40,r_102_43_120,0.84,0,120,120,74
23,r_24_141_79,r_6_63_119,r_82_147_116,r_6_63_119,0.55,29,148,119,75
92,seq105,r_104_120_100,r_136_102_83,r_136_102_83,0.69,17,100,83,75
75,seq138,seq135,r_67_140_21,r_67_140_21,0.76,0,21,21,75
14,r_143_128_175,seq144,r_73_129_130,r_73_129_130,0.62,45,175,130,75
8,r_91_134_170,seq89,r_26_133_5,r_26_133_5,0.65,165,170,5,75
37,r_29_87_85,seq31,seq86,r_29_87_85,0.99,0,85,85,75
16,r_67_140_21,seq69,seq138,r_67_140_21,0.91,0,21,21,75
54,seq130,seq126,r_73_129_130,r_73_129_130,1.0,0,130,130,75
39,r_45_61_34,seq46,seq74,r_45_61_34,0.81,-13,21,34,75
21,r_12_47_111,r_8_146_133,seq46,r_12_47_111,0.95,0,111,111,75
41,r_65_71_93,r_62_137_44,r_45_61_34,r_62_137_44,0.99,0,44,44,75
69,seq46,r_49_33_146,r_12_47_111,r_12_47_111,0.67,34,145,111,75
45,r_8_146_133,r_5_72_152,r_82_147_116,r_8_146_133,0.81,0,133,133,75
40,r_131_101_51,seq130,seq105,r_131_101_51,1.0,0,51,51,75
91,seq98,r_99_4_35,r_104_120_100,r_99_4_35,0.96,0,35,35,75
95,seq111,r_113_76_131,r_116_112_115,r_113_76_131,0.97,0,131,131,75
39,r_45_61_34,seq74,r_0_66_131,r_0_66_131,1.0,22,153,131,75
31,r_26_133_5,r_132_1_129,r_73_129_130,r_132_1_129,0.51,0,129,129,75
10,r_56_41_138,seq57,seq43,r_56_41_138,0.8,0,138,138,75
35,r_30_11_14,seq31,seq10,r_30_11_14,1.0,0,14,14,75
26,r_3_100_77,r_8_146_133,r_131_101_51,r_3_100_77,1.0,1,78,77,75
16,r_67_140_21,seq138,r_25_139_143,r_25_139_143,0.81,1,144,143,75
4,r_82_147_116,seq77,seq149,r_82_147_116,0.97,0,116,116,75
78,seq74,r_73_129_130,seq68,r_73_129_130,1.0,0,130,130,75
0,r_49_33_146,seq46,seq27,r_49_33_146,0.83,-1,145,146,75
73,seq54,r_55_123_174,r_70_59_78,r_55_123_174,0.53,-7,167,174,75
20,r_5_72_152,seq7,seq68,r_5_72_152,0.94,0,152,152,75
30,r_23_40_26,seq21,r_37_19_163,r_23_40_26,0.89,0,26,26,75
15,r_119_93_90,r_117_48_102,seq94,r_117_48_102,0.64,-12,90,102,75
48,r_60_121_67,r_55_123_174,r_107_122_38,r_60_121_67,0.98,0,67,67,75
54,seq130,r_131_101_51,seq126,r_131_101_51,0.98,0,51,51,75
57,seq144,r_143_128_175,r_82_147_116,r_82_147_116,0.99,59,175,116,75
13,r_70_59_78,r_56_41_138,seq57,r_56_41_138,1.0,0,138,138,75
27,r_16_20_25,seq15,r_22_18_8,r_22_18_8,0.64,100,108,8,75
6,r_75_58_164,r_70_59_78,seq52,r_75_58_164,0.56,-126,38,164,75
2,r_62_137_44,r_65_71_93,seq135,r_62_137_44,1.0,0,44,44,75
47,r_32_50_175,seq35,r_0_66_131,r_32_50_175,0.53,0,175,175,75
60,seq21,r_23_40_26,seq31,r_23_40_26,0.49,0,26,26,75
74,seq57,r_56_41_138,r_70_59_78,r_56_41_138,0.88,0,138,138,75
6,r_75_58_164,r_113_76_131,r_70_59_78,r_70_59_78,0.93,90,168,78,75
23,r_24_141_79,seq149,r_6_63_119,r_6_63_119,0.78,3,122,119,75
24,r_136_102_83,seq135,r_3_100_77,r_136_102_83,0.85,0,83,83,75
94,seq110,r_113_76_131,r_116_112_115,r_113_76_131,0.74,-31,100,131,75
25,r_132_1_129,r_26_133_5,seq2,r_132_1_129,0.87,0,129,129,75
33,r_73_129_130,seq74,seq130,r_73_129_130,0.96,0,130,130,75
7,r_37_19_163,r_23_40_26,r_16_20_25,r_37_19_163,1.0,-6,157,163,75
29,r_99_4_35,seq98,seq7,r_99_4_35,1.0,0,35,35,75
19,r_103_142_14,r_106_118_37,seq144,r_103_142_14,0.99,0,14,14,75
70,seq51,r_75_58_164,seq68,r_75_58_164,0.35,-55,109,164,75
6,r_75_58_164,seq52,seq77,r_75_58_164,0.4,-62,102,164,75
38,r_92_17_98,r_91_134_170,seq14,r_92_17_98,1.0,0,98,98,75
34,r_95_9_57,seq94,seq10,r_95_9_57,1.0,0,57,57,75
17,r_83_96_101,r_82_147_116,seq98,r_83_96_101,0.93,1,102,101,75
6,r_75_58_164,seq77,r_113_76_131,r_113_76_131,0.98,0,131,131,75
9,r_113_76_131,seq111,r_75_58_164,r_113_76_131,0.57,0,131,131,75
22,r_42_97_152,seq43,seq98,r_42_97_152,0.7,1,153,152,75
28,r_117_48_102,seq125,seq46,r_117_48_102,0.81,0,102,102,75
5,r_84_109_27,seq85,seq108,r_84_109_27,0.91,0,27,27,75
49,r_104_120_100,seq105,r_106_118_37,r_104_120_100,0.58,0,100,100,75
7,r_37_19_163,r_38_64_104,r_23_40_26,r_37_19_163,0.73,-59,104,163,75
44,r_38_64_104,r_37_19_163,r_45_61_34,r_38_64_104,1.0,0,104,104,75
23,r_24_141_79,seq27,seq149,r_24_141_79,0.73,0,79,79,75
12,r_6_63_119,seq7,r_38_64_104,r_6_63_119,1.0,0,119,119,75
93,seq111,r_110_104_83,seq114,r_110_104_83,0.9,3,86,83,76
30,r_92_68_162,r_91_99_7,seq67,r_91_99_7,0.49,155,162,7,76
66,seq30,r_31_54_35,r_24_93_187,r_31_54_35,1.0,0,35,35,76
92,seq109,r_108_71_185,seq105,r_108_71_185,0.68,0,185,185,76
14,r_125_28_152,seq123,r_35_29_80,r_125_28_152,0.77,0,152,152,76
43,r_24_93_187,seq23,r_137_98_120,r_24_93_187,0.18,0,187,187,76
17,r_135_9_104,r_143_69_75,r_13_138_26,r_135_9_104,0.89,-48,56,104,76
54,seq8,r_7_144_186,r_135_9_104,r_135_9_104,0.78,82,186,104,76
27,r_85_38_98,r_74_25_186,seq37,r_85_38_98,0.78,0,98,98,76
37,r_143_69_75,seq142,r_74_25_186,r_143_69_75,0.98,0,75,75,76
37,r_143_69_75,r_74_25_186,seq67,r_74_25_186,0.9,-75,111,186,76
71,seq45,r_46_148_85,seq37,r_46_148_85,1.0,1,86,85,76
16,r_19_132_141,seq20,r_120_134_74,r_19_132_141,0.85,0,141,141,76
21,r_120_134_74,seq117,r_13_138_26,r_120_134_74,0.87,0,74,74,76
5,r_46_148_85,seq45,seq147,r_46_148_85,0.99,1,86,85,76
15,r_77_50_42,r_75_124_187,r_131_51_39,r_77_50_42,1.0,0,42,42,76
19,r_7_144_186,seq8,r_70_146_57,r_70_146_57,0.78,129,186,57,76
94,seq114,seq111,r_78_112_124,r_78_112_124,0.7,1,125,124,76
31,r_44_73_94,seq45,seq72,r_44_73_94,0.95,0,94,94,76
56,seq139,r_137_98_120,r_13_138_26,r_13_138_26,0.94,2,28,26,76
41,r_113_52_115,seq114,seq53,r_113_52_115,0.82,0,115,115,76
39,r_2_64_17,seq3,seq61,r_2_64_17,1.0,0,17,17,76
46,r_121_34_34,r_125_28_152,r_5_32_39,r_121_34_34,1.0,0,34,34,76
10,r_136_48_113,r_137_98_120,r_131_51_39,r_136_48_113,0.54,0,113,113,76
72,seq53,seq56,r_113_52_115,r_113_52_115,0.98,5,120,115,76
0,r_66_122_193,seq65,r_75_124_187,r_66_122_193,0.37,0,193,193,76
11,r_14_145_128,seq15,r_70_146_57,r_14_145_128,0.91,0,128,128,76
20,r_17_39_188,seq15,r_85_38_98,r_85_38_98,0.99,90,188,98,76
98,seq123,r_125_28_152,seq126,r_125_28_152,0.99,0,152,152,76
22,r_127_60_32,seq126,seq61,r_127_60_32,1.0,0,32,32,76
6,r_13_138_26,r_11_97_123,seq139,r_13_138_26,1.0,0,26,26,76
17,r_135_9_104,r_13_138_26,seq10,r_135_9_104,1.0,1,105,104,76
57,seq142,seq147,r_70_146_57,r_70_146_57,1.0,14,71,57,76
66,seq30,r_24_93_187,r_35_29_80,r_35_29_80,0.74,1,81,80,76
21,r_120_134_74,r_13_138_26,r_19_132_141,r_19_132_141,1.0,6,147,141,76
3,r_70_146_57,seq83,seq142,r_70_146_57,1.0,0,57,57,76
27,r_85_38_98,r_86_141_80,r_74_25_186,r_86_141_80,0.61,0,80,80,76
49,r_5_32_39,seq4,seq33,r_5_32_39,0.7,0,39,39,76
87,seq95,r_96_102_162,r_137_98_120,r_137_98_120,1.0,41,161,120,76
4,r_131_51_39,r_135_9_104,r_77_50_42,r_131_51_39,0.89,0,39,39,76
12,r_94_79_17,r_91_99_7,seq81,r_94_79_17,0.62,5,22,17,76
2,r_137_98_120,r_136_48_113,seq95,r_137_98_120,1.0,-7,113,120,76
40,r_78_112_124,seq81,seq114,r_78_112_124,0.89,0,124,124,76
18,r_91_99_7,r_92_68_162,seq95,r_92_68_162,0.66,-70,92,162,76
29,r_35_29_80,r_36_140_171,seq30,r_35_29_80,0.93,1,81,80,76
45,r_90_49_6,r_36_140_171,r_131_51_39,r_90_49_6,0.78,31,37,6,76
24,r_40_47_75,seq37,r_131_51_39,r_40_47_75,0.98,0,75,75,76
25,r_55_116_86,r_57_107_186,r_18_115_7,r_55_116_86,1.0,0,86,86,76
33,r_6_43_166,r_7_144_186,r_85_38_98,r_85_38_98,0.9,68,166,98,76
58,seq15,r_14_145_128,seq16,r_14_145_128,0.94,0,128,128,76
45,r_90_49_6,r_110_104_83,r_36_140_171,r_90_49_6,0.54,9,15,6,76
65,seq26,r_27_63_71,seq22,r_27_63_71,1.0,0,71,71,76
68,seq37,seq41,r_85_38_98,r_85_38_98,1.0,17,115,98,76
79,seq67,r_44_73_94,r_92_68_162,r_92_68_162,0.71,3,165,162,76
32,r_110_104_83,seq111,seq105,r_110_104_83,0.88,0,83,83,76
94,seq114,r_113_52_115,seq111,r_113_52_115,0.55,-3,112,115,76
9,r_11_97_123,seq10,r_137_98_120,r_11_97_123,0.93,0,123,123,76
42,r_31_54_35,seq30,seq56,r_31_54_35,1.0,0,35,35,76
7,r_86_141_80,r_85_38_98,seq147,r_86_141_80,1.0,0,80,80,76
44,r_27_63_71,seq26,seq61,r_27_63_71,1.0,0,71,71,76
23,r_80_87_188,seq81,r_130_88_6,r_130_88_6,0.7,182,188,6,76
79,seq67,r_75_124_187,r_44_73_94,r_44_73_94,1.0,9,103,94,76
35,r_149_133_176,seq147,r_19_132_141,r_19_132_141,0.91,35,176,141,76
30,r_6_133_111,r_5_58_147,r_108_135_54,r_6_133_111,1.0,0,111,111,77
51,seq130,r_129_27_159,r_35_124_43,r_35_124_43,0.98,116,159,43,77
26,r_126_53_177,r_35_124_43,r_113_54_99,r_126_53_177,0.77,0,177,177,77
4,r_107_64_66,r_62_78_115,seq60,r_62_78_115,1.0,3,118,115,77
14,r_49_32_107,seq50,r_61_33_50,r_61_33_50,0.99,57,107,50,77
8,r_45_74_71,r_44_147_189,seq75,r_45_74_71,0.98,0,71,71,77
53,seq134,seq137,r_108_135_54,r_108_135_54,1.0,11,65,54,77
43,r_141_41_125,seq140,r_73_40_96,r_141_41_125,0.79,0,125,125,77
35,r_117_145_20,seq118,r_144_121_77,r_117_145_20,0.86,0,20,20,77
83,seq70,r_71_30_158,seq67,r_71_30_158,0.98,0,158,158,77
37,r_69_128_182,r_71_30_158,seq68,r_71_30_158,0.76,0,158,158,77
23,r_98_149_167,r_103_96_26,r_63_99_7,r_63_99_7,0.89,44,51,7,77
16,r_103_96_26,r_98_149_167,r_46_100_101,r_46_100_101,0.98,63,164,101,77
39,r_71_30_158,r_69_128_182,r_123_31_71,r_123_31_71,0.54,87,158,71,77
1,r_9_116_69,seq10,seq114,r_9_116_69,1.0,0,69,69,77
5,r_90_143_160,seq93,r_6_133_111,r_6_133_111,1.0,48,159,111,77
42,r_44_147_189,r_45_74_71,seq48,r_45_74_71,1.0,0,71,71,77
80,seq65,r_71_30_158,r_148_66_117,r_148_66_117,0.75,-1,116,117,77
12,r_148_66_117,r_122_146_85,seq65,r_148_66_117,0.9,-1,116,117,77
19,r_46_100_101,seq50,r_63_99_7,r_46_100_101,1.0,0,101,101,77
33,r_35_124_43,r_126_53_177,seq127,r_126_53_177,0.62,0,177,177,77
38,r_108_135_54,seq109,seq134,r_108_135_54,0.96,0,54,54,77
46,r_16_47_29,r_15_1_72,seq50,r_16_47_29,0.88,0,29,29,77
31,r_92_83_108,seq93,seq82,r_92_83_108,0.8,1,109,108,77
41,r_95_115_133,r_94_28_126,r_9_116_69,r_9_116_69,0.66,56,125,69,77
3,r_132_56_92,seq131,seq60,r_132_56_92,0.99,1,93,92,77
10,r_3_2_74,seq0,r_15_1_72,r_15_1_72,1.0,30,102,72,77
12,r_148_66_117,r_132_56_92,r_122_146_85,r_132_56_92,0.98,-1,91,92,77
26,r_126_53_177,r_125_136_133,r_35_124_43,r_35_124_43,1.0,90,133,43,77
72,seq38,r_39_97_163,r_73_40_96,r_73_40_96,0.99,70,166,96,77
4,r_107_64_66,seq101,r_62_78_115,r_107_64_66,1.0,0,66,66,77
78,seq60,r_59_84_144,r_132_56_92,r_132_56_92,0.59,51,143,92,77
0,r_73_40_96,seq75,seq42,r_73_40_96,1.0,0,96,96,77
11,r_23_139_132,seq22,seq137,r_23_139_132,0.89,0,132,132,77
98,seq120,r_119_76_97,r_144_121_77,r_119_76_97,0.91,0,97,97,77
15,r_59_84_144,seq60,r_80_85_71,r_59_84_144,0.96,0,144,144,77
48,r_94_28_126,r_95_115_133,seq24,r_94_28_126,0.94,0,126,126,77
96,seq114,r_122_146_85,seq118,r_122_146_85,0.99,-44,41,85,77
21,r_55_77_189,seq60,r_132_56_92,r_132_56_92,0.84,64,156,92,77
85,seq79,r_80_85_71,r_62_78_115,r_62_78_115,0.99,59,174,115,77
99,seq127,r_126_53_177,r_35_124_43,r_35_124_43,1.0,134,177,43,77
45,r_61_33_50,seq60,seq34,r_61_33_50,1.0,0,50,50,77
27,r_62_78_115,r_59_84_144,r_107_64_66,r_107_64_66,1.0,4,70,66,77
17,r_29_12_19,r_23_139_132,seq13,r_29_12_19,0.98,0,19,19,77
2,r_72_4_173,seq75,r_3_2_74,r_72_4_173,0.57,0,173,173,77
47,r_113_54_99,seq112,seq52,r_113_54_99,1.0,0,99,99,77
18,r_119_76_97,seq120,seq75,r_119_76_97,1.0,0,97,97,77
29,r_39_97_163,seq38,r_103_96_26,r_39_97_163,0.3,0,163,163,77
32,r_125_136_133,r_126_53_177,r_6_133_111,r_6_133_111,0.96,22,133,111,77
52,seq131,r_132_56_92,r_108_135_54,r_132_56_92,0.68,0,92,92,77
54,seq8,seq14,r_105_7_36,r_105_7_36,1.0,1,37,36,77
34,r_110_142_132,seq111,r_6_133_111,r_6_133_111,0.9,21,132,111,77
6,r_51_88_51,seq50,seq93,r_51_88_51,1.0,0,51,51,77
35,r_117_145_20,r_144_121_77,r_108_135_54,r_117_145_20,0.85,55,75,20,77
24,r_144_121_77,r_117_145_20,seq120,r_144_121_77,0.95,0,77,77,77
94,seq111,r_110_142_132,seq112,r_110_142_132,0.74,1,133,132,77
9,r_5_58_147,r_6_133_111,seq0,r_6_133_111,0.65,4,115,111,77
3,r_132_56_92,seq60,r_5_58_147,r_5_58_147,0.99,0,147,147,77
22,r_129_27_159,seq130,seq22,r_129_27_159,0.89,0,159,159,77
9,r_5_58_147,seq0,r_132_56_92,r_5_58_147,0.99,0,147,147,77
28,r_15_1_72,seq14,r_3_2_74,r_15_1_72,0.85,0,72,72,77
7,r_105_7_36,r_103_96_26,seq8,r_105_7_36,1.0,0,36,36,77
27,r_62_78_115,r_107_64_66,seq79,r_62_78_115,1.0,0,115,115,77
33,r_35_124_43,seq34,r_126_53_177,r_35_124_43,1.0,0,43,43,77
44,r_123_31_71,r_119_76_97,r_61_33_50,r_123_31_71,1.0,0,71,71,77
82,seq68,r_71_30_158,seq67,r_71_30_158,0.96,-30,128,158,77
12,r_148_66_117,r_144_121_77,r_132_56_92,r_144_121_77,0.34,-2,75,77,77
23,r_98_149_167,r_63_99_7,r_90_143_160,r_98_149_167,0.6,0,167,167,77
24,r_144_121_77,r_148_66_117,r_117_145_20,r_144_121_77,0.47,-38,39,77,77
93,seq106,r_107_50_150,seq108,r_107_50_150,0.89,0,150,150,78
51,seq1,r_3_53_66,seq4,r_3_53_66,1.0,0,66,66,78
36,r_40_119_156,r_39_33_85,r_105_118_170,r_40_119_156,0.91,0,156,156,78
1,r_122_42_11,seq121,seq43,r_122_42_11,1.0,0,11,11,78
8,r_89_96_68,seq83,seq97,r_89_96_68,0.98,12,80,68,78
43,r_38_5_125,seq35,seq7,r_38_5_125,0.98,1,126,125,78
18,r_76_23_117,r_28_75_46,r_29_24_21,r_76_23_117,0.86,0,117,117,78
54,seq134,r_129_34_153,r_6_135_48,r_6_135_48,0.87,35,83,48,78
35,r_25_87_10,r_28_75_46,seq85,r_25_87_10,0.72,0,10,10,78
37,r_8_41_55,seq43,r_3_53_66,r_3_53_66,0.55,60,126,66,78
21,r_72_138_161,r_73_12_149,r_99_77_22,r_99_77_22,0.63,127,149,22,78
39,r_21_47_73,seq22,seq43,r_21_47_73,0.94,0,73,73,78
5,r_103_147_62,r_101_123_80,seq148,r_103_147_62,0.99,0,62,62,78
46,r_136_71_142,r_129_34_153,r_99_77_22,r_129_34_153,0.72,-11,142,153,78
45,r_142_20_101,seq144,r_29_24_21,r_142_20_101,1.0,0,101,101,78
24,r_99_77_22,r_78_60_99,r_37_79_3,r_78_60_99,1.0,0,99,99,78
15,r_69_46_33,r_45_61_157,r_21_47_73,r_69_46_33,0.91,126,159,33,78
30,r_10_32_16,seq11,seq35,r_10_32_16,0.75,0,16,16,78
38,r_14_143_12,seq11,seq144,r_14_143_12,1.0,0,12,12,78
95,seq110,r_111_124_178,seq106,r_111_124_178,0.93,0,178,178,78
20,r_29_24_21,r_28_75_46,seq22,r_29_24_21,0.85,0,21,21,78
31,r_45_61_157,seq48,r_69_46_33,r_69_46_33,1.0,36,69,33,78
67,seq26,r_27_116_93,r_39_33_85,r_27_116_93,1.0,0,93,93,78
3,r_117_56_150,r_120_16_65,r_89_96_68,r_117_56_150,0.73,-84,66,150,78
10,r_129_34_153,seq131,r_39_33_85,r_129_34_153,0.74,0,153,153,78
90,seq95,seq98,r_128_94_48,r_128_94_48,0.99,27,75,48,78
24,r_99_77_22,r_120_16_65,r_78_60_99,r_99_77_22,0.54,-1,21,22,78
4,r_133_86_137,seq134,r_25_87_10,r_133_86_137,0.48,0,137,137,78
78,seq63,seq58,r_31_62_32,r_31_62_32,1.0,34,66,32,78
11,r_44_100_75,r_45_61_157,seq113,r_44_100_75,1.0,0,75,75,78
7,r_101_123_80,r_30_91_36,r_104_125_55,r_101_123_80,0.89,2,82,80,78
13,r_78_60_99,r_76_23_117,r_31_62_32,r_78_60_99,1.0,0,99,99,78
42,r_128_94_48,r_127_126_59,seq95,r_128_94_48,0.84,1,49,48,78
3,r_117_56_150,r_89_96_68,r_27_116_93,r_27_116_93,1.0,0,93,93,78
14,r_30_91_36,r_28_75_46,r_92_90_130,r_30_91_36,0.88,0,36,36,78
6,r_73_12_149,r_72_138_161,seq13,r_73_12_149,0.78,0,149,149,78
49,r_109_81_47,r_111_124_178,seq82,r_109_81_47,0.86,0,47,47,78
40,r_141_55_49,seq140,seq54,r_141_55_49,1.0,0,49,49,78
3,r_117_56_150,r_27_116_93,r_74_57_100,r_117_56_150,1.0,0,150,150,78
19,r_2_93_42,r_3_53_66,seq95,r_2_93_42,1.0,0,42,42,78
51,seq1,seq4,r_38_5_125,r_38_5_125,0.97,43,168,125,78
2,r_3_53_66,seq1,r_141_55_49,r_3_53_66,1.0,0,66,66,78
47,r_112_145_190,seq113,r_64_146_154,r_112_145_190,0.53,0,190,190,78
15,r_69_46_33,seq68,r_45_61_157,r_69_46_33,1.0,0,33,33,78
9,r_6_135_48,seq7,seq134,r_6_135_48,0.98,-1,47,48,78
74,seq51,r_52_149_158,r_3_53_66,r_3_53_66,1.0,92,158,66,78
18,r_76_23_117,r_78_60_99,r_28_75_46,r_28_75_46,0.86,53,99,46,78
29,r_120_16_65,r_105_118_170,seq17,r_120_16_65,1.0,0,65,65,78
27,r_31_62_32,r_28_75_46,seq63,r_31_62_32,0.98,0,32,32,78
25,r_64_146_154,seq66,seq144,r_64_146_154,0.95,0,154,154,78
33,r_39_33_85,r_40_119_156,r_129_34_153,r_39_33_85,0.97,71,156,85,78
44,r_92_90_130,seq83,r_30_91_36,r_30_91_36,1.0,0,36,36,78
32,r_74_57_100,r_72_138_161,r_52_149_158,r_74_57_100,0.95,0,100,100,78
34,r_27_116_93,seq26,r_117_56_150,r_27_116_93,0.97,0,93,93,78
75,seq54,seq48,r_3_53_66,r_3_53_66,1.0,7,73,66,78
34,r_27_116_93,r_117_56_150,r_105_118_170,r_117_56_150,1.0,0,150,150,78
48,r_9_137_49,r_8_41_55,r_6_135_48,r_9_137_49,0.98,0,49,49,78
17,r_111_124_178,seq110,r_101_123_80,r_101_123_80,0.95,98,178,80,78
85,seq82,r_37_79_3,r_109_81_47,r_109_81_47,1.0,6,53,47,78
31,r_45_61_157,r_69_46_33,r_78_60_99,r_45_61_157,0.95,0,157,157,78
99,seq121,r_127_126_59,r_6_135_48,r_127_126_59,0.46,113,172,59,78
22,r_105_118_170,seq106,r_40_119_156,r_40_119_156,0.83,15,171,156,78
60,seq144,seq148,r_14_143_12,r_14_143_12,1.0,0,12,12,78
28,r_52_149_158,seq51,seq148,r_52_149_158,0.91,0,158,158,78
0,r_28_75_46,r_27_116_93,r_99_77_22,r_28_75_46,1.0,0,46,46,78
32,r_74_57_100,r_52_149_158,r_117_56_150,r_74_57_100,0.89,55,155,100,78
7,r_101_123_80,r_103_147_62,r_30_91_36,r_101_123_80,0.97,-18,62,80,78
99,seq121,r_107_50_150,r_136_71_142,r_136_71_142,0.73,-125,17,142,78
55,seq7,r_6_135_48,seq4,r_6_135_48,1.0,1,49,48,78
16,r_127_126_59,r_128_94_48,r_9_137_49,r_127_126_59,0.91,-10,49,59,78
82,seq68,r_69_46_33,r_99_77_22,r_69_46_33,0.88,1,34,33,78
21,r_72_138_161,r_99_77_22,r_9_137_49,r_72_138_161,0.97,0,161,161,78
55,seq7,seq4,r_38_5_125,r_38_5_125,0.95,17,142,125,78
36,r_135_139_71,r_137_119_75,r_138_41_189,r_135_139_71,0.77,0,71,71,79
16,r_144_61_27,r_142_62_162,r_74_66_87,r_144_61_27,0.99,0,27,27,79
14,r_10_11_136,seq9,seq13,r_10_11_136,0.34,0,136,136,79
8,r_36_114_94,r_37_45_141,seq115,r_36_114_94,1.0,-1,93,94,79
23,r_116_149_134,r_146_106_149,r_92_141_19,r_116_149_134,0.63,13,147,134,79
54,seq134,r_135_139_71,r_22_133_144,r_22_133_144,0.96,2,146,144,79
37,r_58_46_121,seq59,r_37_45_141,r_58_46_121,0.96,0,121,121,79
45,r_92_141_19,seq93,r_142_62_162,r_92_141_19,0.96,0,19,19,79
55,seq9,r_10_11_136,r_33_0_87,r_33_0_87,0.94,50,137,87,79
3,r_33_0_87,seq50,seq1,r_33_0_87,0.76,0,87,87,79
39,r_137_119_75,seq134,r_136_125_16,r_137_119_75,0.84,0,75,75,79
5,r_74_66_87,seq75,seq67,r_74_66_87,0.41,-1,86,87,79
17,r_145_4_183,r_92_141_19,r_96_3_72,r_145_4_183,0.8,2,185,183,79
69,seq38,r_37_45_141,seq35,r_37_45_141,0.64,8,149,141,79
24,r_142_62_162,r_92_141_19,r_144_61_27,r_142_62_162,0.77,0,162,162,79
19,r_37_45_141,seq38,r_58_46_121,r_58_46_121,0.84,28,149,121,79
95,seq108,r_109_27_162,r_36_114_94,r_36_114_94,0.92,67,161,94,79
45,r_92_141_19,r_142_62_162,r_116_149_134,r_92_141_19,0.61,139,158,19,79
31,r_63_105_83,r_78_97_118,seq107,r_63_105_83,0.95,0,83,83,79
41,r_39_8_163,seq42,seq9,r_39_8_163,0.43,0,163,163,79
10,r_110_65_125,r_116_149_134,r_74_66_87,r_110_65_125,0.95,1,126,125,79
26,r_140_40_86,r_138_41_189,seq42,r_140_40_86,1.0,0,86,86,79
16,r_144_61_27,r_74_66_87,r_142_62_162,r_142_62_162,0.99,3,165,162,79
4,r_77_117_142,seq75,r_36_114_94,r_77_117_142,0.53,0,142,142,79
2,r_123_80_19,r_124_122_60,seq75,r_123_80_19,0.97,0,19,19,79
0,r_78_97_118,seq75,seq98,r_78_97_118,1.0,0,118,118,79
11,r_24_82_135,r_22_133_144,r_70_84_102,r_24_82_135,0.76,0,135,135,79
33,r_148_30_53,r_142_62_162,r_146_106_149,r_142_62_162,0.7,-137,25,162,79
22,r_146_106_149,r_148_30_53,r_145_4_183,r_148_30_53,1.0,0,53,53,79
20,r_96_3_72,r_100_52_129,seq1,r_96_3_72,0.69,0,72,72,79
25,r_126_112_59,seq127,seq115,r_126_112_59,1.0,0,59,59,79
99,seq127,r_126_112_59,seq128,r_126_112_59,1.0,-4,55,59,79
48,r_7_90_128,seq9,seq86,r_7_90_128,0.98,1,129,128,79
3,r_33_0_87,r_32_43_54,seq50,r_33_0_87,0.28,-37,50,87,79
36,r_135_139_71,r_138_41_189,r_116_149_134,r_135_139_71,0.61,118,189,71,79
42,r_60_54_24,r_63_105_83,seq55,r_63_105_83,0.78,-59,24,83,79
17,r_145_4_183,r_148_30_53,r_146_106_149,r_148_30_53,1.0,0,53,53,79
27,r_100_52_129,r_101_68_156,seq51,r_100_52_129,0.93,0,129,129,79
6,r_113_47_38,seq115,seq55,r_113_47_38,0.97,0,38,38,79
33,r_148_30_53,r_146_106_149,seq28,r_148_30_53,1.0,0,53,53,79
30,r_79_16_58,r_78_97_118,seq15,r_79_16_58,1.0,0,58,58,79
22,r_146_106_149,r_145_4_183,seq107,r_146_106_149,0.97,0,149,149,79
47,r_118_72_17,r_73_143_191,r_123_80_19,r_118_72_17,0.6,175,192,17,79
40,r_88_64_63,seq87,seq67,r_88_64_63,1.0,0,63,63,79
18,r_130_111_115,seq132,r_36_114_94,r_130_111_115,0.68,1,116,115,79
29,r_44_26_71,r_36_114_94,r_148_30_53,r_44_26_71,1.0,1,72,71,79
53,seq132,r_130_111_115,r_6_131_8,r_130_111_115,1.0,-88,27,115,79
50,seq128,r_130_111_115,seq127,r_130_111_115,0.94,-1,114,115,79
58,seq15,seq14,r_79_16_58,r_79_16_58,1.0,30,88,58,79
74,seq55,seq53,r_60_54_24,r_60_54_24,0.97,33,57,24,79
34,r_138_41_189,r_140_40_86,r_135_139_71,r_140_40_86,1.0,-10,76,86,79
24,r_142_62_162,r_144_61_27,r_92_141_19,r_142_62_162,0.85,-137,25,162,79
1,r_73_143_191,r_71_49_161,r_118_72_17,r_118_72_17,0.98,11,28,17,79
94,seq107,r_63_105_83,r_146_106_149,r_146_106_149,1.0,17,166,149,79
45,r_92_141_19,r_142_62_162,seq128,r_92_141_19,0.7,44,63,19,79
96,seq115,r_116_149_134,r_36_114_94,r_36_114_94,0.51,33,127,94,79
94,seq107,r_110_65_125,r_63_105_83,r_63_105_83,0.54,3,86,83,79
15,r_32_43_54,r_33_0_87,seq42,r_32_43_54,0.83,0,54,54,79
28,r_18_12_182,seq20,r_10_11_136,r_18_12_182,0.3,1,183,182,79
91,seq98,r_101_68_156,r_78_97_118,r_78_97_118,0.87,38,156,118,79
49,r_71_49_161,r_73_143_191,r_60_54_24,r_73_143_191,0.7,-30,161,191,79
3,r_33_0_87,seq1,seq9,r_33_0_87,0.42,31,118,87,79
7,r_22_133_144,seq23,seq134,r_22_133_144,0.98,0,144,144,79
44,r_129_102_61,r_130_111_115,seq103,r_129_102_61,1.0,-1,60,61,79
23,r_116_149_134,seq115,r_146_106_149,r_146_106_149,0.79,-20,129,149,79
17,r_145_4_183,r_146_106_149,r_92_141_19,r_146_106_149,1.0,-16,133,149,79
79,seq69,seq67,r_101_68_156,r_101_68_156,0.99,15,171,156,79
40,r_115_84_11,r_85_32_119,r_71_86_132,r_115_84_11,0.85,107,118,11,80
30,r_124_16_59,r_128_123_3,seq14,r_124_16_59,1.0,1,60,59,80
51,seq132,r_134_57_98,seq131,r_134_57_98,0.99,0,98,98,80
36,r_74_66_90,seq73,seq69,r_74_66_90,0.65,4,94,90,80
14,r_47_89_167,r_48_45_196,r_39_93_40,r_39_93_40,0.8,130,170,40,80
8,r_137_80_111,r_139_83_140,r_115_84_11,r_137_80_111,0.67,0,111,111,80
53,seq135,r_136_141_133,seq131,r_136_141_133,0.48,-60,73,133,80
43,r_10_133_160,r_11_21_122,seq37,r_11_21_122,0.5,-34,88,122,80
40,r_115_84_11,r_117_148_179,r_85_32_119,r_115_84_11,0.93,1,12,11,80
35,r_4_107_20,r_8_97_37,r_109_110_139,r_109_110_139,1.0,-119,20,139,80
37,r_147_18_120,seq145,seq17,r_147_18_120,0.89,0,120,120,80
39,r_3_92_90,seq6,r_39_93_40,r_3_92_90,1.0,0,90,90,80
1,r_82_30_114,r_81_25_58,r_85_32_119,r_81_25_58,0.69,3,61,58,80
46,r_136_141_133,r_139_83_140,seq143,r_136_141_133,0.93,0,133,133,80
4,r_15_149_25,r_11_21_122,seq146,r_15_149_25,1.0,0,25,25,80
24,r_27_101_177,r_44_28_52,r_55_100_98,r_44_28_52,0.61,126,178,52,80
5,r_105_50_29,r_109_110_139,r_51_59_152,r_105_50_29,1.0,0,29,29,80
38,r_12_130_32,r_11_21_122,seq131,r_12_130_32,0.92,0,32,32,80
43,r_10_133_160,seq14,seq132,r_10_133_160,0.96,0,160,160,80
27,r_54_40_18,r_55_100_98,seq42,r_55_100_98,0.64,-81,17,98,80
89,seq98,r_99_31_188,r_8_97_37,r_8_97_37,1.0,151,188,37,80
3,r_142_56_178,seq143,r_79_52_35,r_142_56_178,0.45,0,178,178,80
10,r_71_86_132,seq67,r_115_84_11,r_71_86_132,0.56,1,133,132,80
90,seq103,seq104,r_55_100_98,r_55_100_98,1.0,67,165,98,80
11,r_117_148_179,seq118,r_15_149_25,r_117_148_179,0.42,0,179,179,80
48,r_85_32_119,r_81_25_58,r_115_84_11,r_85_32_119,0.88,-93,26,119,80
26,r_44_28_52,r_11_21_122,r_27_101_177,r_44_28_52,0.57,-1,51,52,80
20,r_11_21_122,seq14,r_81_25_58,r_11_21_122,0.4,0,122,122,80
13,r_108_58_74,r_109_110_139,seq64,r_108_58_74,1.0,0,74,74,80
15,r_70_126_99,seq67,seq125,r_70_126_99,0.96,0,99,99,80
13,r_108_58_74,seq64,r_51_59_152,r_51_59_152,0.56,3,155,152,80
6,r_88_1_169,seq87,r_129_7_67,r_88_1_169,0.41,0,169,169,80
21,r_65_102_82,seq64,seq98,r_65_102_82,1.0,0,82,82,80
93,seq113,seq111,r_55_100_98,r_55_100_98,0.99,23,121,98,80
85,seq87,r_88_1_169,r_39_93_40,r_39_93_40,0.97,130,170,40,80
5,r_105_50_29,r_51_59_152,r_134_57_98,r_134_57_98,0.99,53,151,98,80
42,r_112_29_36,seq113,r_27_101_177,r_112_29_36,0.98,0,36,36,80
19,r_0_63_48,r_2_13_150,seq62,r_0_63_48,0.97,0,48,48,80
51,seq132,seq131,r_10_133_160,r_10_133_160,0.98,1,161,160,80
25,r_51_59_152,r_55_100_98,r_105_50_29,r_51_59_152,0.63,-118,34,152,80
49,r_139_83_140,r_120_140_97,r_137_80_111,r_120_140_97,1.0,43,140,97,80
2,r_81_25_58,r_82_30_114,seq24,r_81_25_58,0.77,3,61,58,80
47,r_5_22_88,seq6,r_81_25_58,r_5_22_88,0.98,0,88,88,80
18,r_120_140_97,seq119,seq135,r_120_140_97,0.95,0,97,97,80
29,r_19_122_133,seq20,r_70_126_99,r_19_122_133,0.7,0,133,133,80
92,seq111,r_99_31_188,seq113,r_99_31_188,0.67,-19,169,188,80
48,r_85_32_119,r_115_84_11,r_82_30_114,r_115_84_11,0.77,106,117,11,80
70,seq46,r_47_89_167,r_134_57_98,r_134_57_98,0.97,66,164,98,80
65,seq35,seq42,r_91_36_64,r_91_36_64,1.0,1,65,64,80
32,r_2_13_150,seq6,seq14,r_2_13_150,0.8,0,150,150,80
28,r_79_52_35,seq72,seq53,r_79_52_35,0.79,0,35,35,80
24,r_27_101_177,r_19_122_133,r_44_28_52,r_27_101_177,0.74,-126,51,177,80
8,r_137_80_111,r_115_84_11,r_139_83_140,r_139_83_140,1.0,2,142,140,80
34,r_109_110_139,r_108_58_74,r_4_107_20,r_109_110_139,0.77,-65,74,139,80
42,r_112_29_36,r_27_101_177,r_44_28_52,r_112_29_36,0.45,29,65,36,80
31,r_91_36_64,r_138_90_5,seq35,r_91_36_64,1.0,0,64,64,80
25,r_51_59_152,r_105_50_29,r_108_58_74,r_108_58_74,0.85,78,152,74,80
94,seq114,r_128_123_3,r_49_116_5,r_128_123_3,0.58,108,111,3,80
0,r_8_97_37,r_3_92_90,seq95,r_8_97_37,0.98,0,37,37,80
9,r_99_31_188,seq98,r_85_32_119,r_99_31_188,0.39,0,188,188,80
26,r_44_28_52,r_27_101_177,seq20,r_27_101_177,0.69,-5,172,177,80
22,r_48_45_196,r_47_89_167,r_134_57_98,r_134_57_98,1.0,67,165,98,80
91,seq104,seq103,r_144_106_100,r_144_106_100,0.99,34,134,100,80
41,r_138_90_5,r_91_36_64,r_39_93_40,r_138_90_5,0.98,59,64,5,80
49,r_139_83_140,r_136_141_133,r_120_140_97,r_120_140_97,1.0,-1,96,97,80
56,seq14,r_11_21_122,r_124_16_59,r_124_16_59,1.0,16,75,59,80
43,r_10_133_160,seq37,seq14,r_10_133_160,0.44,-19,141,160,80
44,r_134_57_98,seq132,r_79_52_35,r_134_57_98,1.0,0,98,98,80
23,r_144_106_100,r_147_18_120,r_4_107_20,r_144_106_100,0.94,0,100,100,80
12,r_129_7_67,seq131,seq6,r_129_7_67,1.0,0,67,67,80
7,r_39_93_40,seq37,r_138_90_5,r_39_93_40,1.0,0,40,40,80
30,r_2_82_81,r_3_100_107,r_78_79_38,r_2_82_81,0.56,0,81,81,81
25,r_121_112_159,r_9_137_56,r_52_99_123,r_121_112_159,0.95,0,159,159,81
37,r_59_117_70,seq58,seq116,r_59_117_70,0.98,0,70,70,81
13,r_70_26_111,r_52_99_123,seq44,r_52_99_123,0.6,18,141,123,81
59,seq143,seq139,r_107_144_99,r_107_144_99,1.0,1,100,99,81
40,r_118_4_35,seq113,r_115_5_11,r_118_4_35,0.96,0,35,35,81
18,r_101_73_56,r_107_144_99,r_30_74_33,r_107_144_99,0.93,-43,56,99,81
16,r_68_35_162,r_67_57_117,r_130_77_26,r_130_77_26,0.97,91,117,26,81
21,r_85_39_40,r_86_31_39,seq36,r_85_39_40,0.62,32,72,40,81
1,r_16_60_183,seq18,r_87_55_124,r_16_60_183,0.27,0,183,183,81
49,r_136_76_48,r_134_102_107,r_130_77_26,r_136_76_48,0.49,0,48,48,81
12,r_98_28_30,r_101_73_56,seq29,r_98_28_30,0.69,0,30,30,81
80,seq65,r_67_57_117,r_24_80_116,r_24_80_116,0.81,6,122,116,81
1,r_16_60_183,r_17_21_39,seq18,r_17_21_39,1.0,0,39,39,81
69,seq36,r_38_66_164,r_85_39_40,r_85_39_40,0.74,124,164,40,81
45,r_69_129_104,r_70_26_111,r_48_133_86,r_69_129_104,0.78,0,104,104,81
77,seq58,r_62_53_66,r_67_57_117,r_67_57_117,0.98,3,120,117,81
15,r_72_84_27,r_78_79_38,r_64_83_136,r_64_83_136,0.69,10,146,136,81
68,seq33,seq36,r_105_32_149,r_105_32_149,0.55,2,151,149,81
39,r_130_77_26,r_134_102_107,r_78_79_38,r_78_79_38,0.68,-10,28,38,81
38,r_105_32_149,r_93_104_47,seq33,r_105_32_149,0.98,0,149,149,81
31,r_109_126_134,seq110,r_9_137_56,r_109_126_134,0.58,0,134,134,81
41,r_3_100_107,seq6,r_52_99_123,r_3_100_107,1.0,0,107,107,81
89,seq97,seq92,r_52_99_123,r_52_99_123,0.39,-22,101,123,81
4,r_37_142_93,r_38_66_164,seq143,r_37_142_93,1.0,0,93,93,81
78,seq61,r_62_53_66,seq63,r_62_53_66,0.6,50,116,66,81
73,seq46,seq47,r_25_45_78,r_25_45_78,0.99,26,104,78,81
11,r_24_80_116,r_25_45_78,r_130_77_26,r_130_77_26,0.99,46,72,26,81
20,r_134_102_107,r_131_75_168,r_123_103_28,r_131_75_168,0.72,-61,107,168,81
13,r_70_26_111,r_69_129_104,r_52_99_123,r_70_26_111,0.72,-7,104,111,81
6,r_62_53_66,seq61,seq58,r_62_53_66,0.64,15,81,66,81
14,r_115_5_11,r_98_28_30,seq6,r_115_5_11,0.99,0,11,11,81
9,r_81_10_36,r_78_79_38,seq12,r_81_10_36,1.0,0,36,36,81
34,r_54_91_100,r_56_41_29,seq58,r_56_41_29,0.74,5,34,29,81
30,r_2_82_81,r_78_79_38,r_24_80_116,r_24_80_116,0.82,10,126,116,81
27,r_25_45_78,r_24_80_116,seq46,r_25_45_78,0.83,0,78,78,81
11,r_24_80_116,r_130_77_26,r_2_82_81,r_2_82_81,0.66,35,116,81,81
7,r_30_74_33,r_68_35_162,r_101_73_56,r_101_73_56,0.62,0,56,56,81
2,r_43_119_83,seq44,seq120,r_43_119_83,1.0,0,83,83,81
47,r_67_57_117,r_68_35_162,seq58,r_67_57_117,0.66,3,120,117,81
3,r_123_103_28,r_136_76_48,r_93_104_47,r_93_104_47,0.94,-19,28,47,81
29,r_87_55_124,seq88,seq58,r_87_55_124,0.67,1,125,124,81
24,r_52_99_123,seq51,r_3_100_107,r_3_100_107,1.0,19,126,107,81
10,r_11_122_22,seq12,seq124,r_11_122_22,1.0,0,22,22,81
34,r_54_91_100,seq58,seq92,r_54_91_100,0.82,0,100,100,81
25,r_121_112_159,seq143,r_9_137_56,r_9_137_56,1.0,79,135,56,81
33,r_107_144_99,r_105_32_149,seq143,r_107_144_99,0.95,0,99,99,81
28,r_78_79_38,r_81_10_36,r_72_84_27,r_81_10_36,0.79,-6,30,36,81
67,seq29,r_43_119_83,r_98_28_30,r_43_119_83,0.87,-51,32,83,81
32,r_64_83_136,seq63,r_24_80_116,r_64_83_136,0.54,0,136,136,81
15,r_72_84_27,r_69_129_104,r_78_79_38,r_72_84_27,0.74,0,27,27,81
38,r_105_32_149,r_106_128_87,r_93_104_47,r_106_128_87,0.99,1,88,87,81
26,r_15_40_39,seq19,r_56_41_29,r_15_40_39,0.98,0,39,39,81
17,r_38_66_164,seq36,seq65,r_38_66_164,0.62,0,164,164,81
19,r_17_21_39,r_16_60_183,seq22,r_17_21_39,1.0,0,39,39,81
28,r_78_79_38,r_72_84_27,r_2_82_81,r_2_82_81,1.0,15,96,81,81
22,r_48_133_86,seq50,seq132,r_48_133_86,1.0,2,88,86,81
8,r_9_137_56,seq7,seq135,r_9_137_56,1.0,0,56,56,81
16,r_68_35_162,r_130_77_26,r_85_39_40,r_68_35_162,0.8,0,162,162,81
23,r_131_75_168,seq132,r_30_74_33,r_131_75_168,0.7,0,168,168,81
5,r_93_104_47,seq92,r_123_103_28,r_123_103_28,1.0,21,49,28,81
7,r_30_74_33,r_43_119_83,r_68_35_162,r_30_74_33,0.8,0,33,33,81
35,r_20_71_115,seq22,r_101_73_56,r_20_71_115,0.96,0,115,115,81
39,r_130_77_26,r_78_79_38,r_136_76_48,r_136_76_48,0.44,17,65,48,81
30,r_51_34_182,seq50,r_115_52_61,r_115_52_61,1.0,2,63,61,82
36,r_9_3_137,r_8_109_205,seq0,r_9_3_137,0.97,0,137,137,82
83,seq84,r_83_56_180,r_30_79_90,r_30_79_90,1.0,82,172,90,82
53,seq134,r_133_31_149,r_87_136_14,r_87_136_14,0.75,1,15,14,82
37,r_11_112_122,r_18_23_189,seq117,r_11_112_122,0.98,0,122,122,82
16,r_26_24_87,r_25_104_86,seq20,r_25_104_86,1.0,0,86,86,82
21,r_122_99_169,seq123,r_28_98_63,r_28_98_63,1.0,106,169,63,82
1,r_95_113_168,seq100,r_11_112_122,r_11_112_122,1.0,46,168,122,82
46,r_1_130_190,seq2,r_14_128_34,r_14_128_34,0.94,156,190,34,82
42,r_30_79_90,seq29,seq84,r_30_79_90,1.0,1,91,90,82
4,r_38_60_59,r_6_103_149,seq61,r_38_60_59,1.0,0,59,59,82
45,r_81_97_141,r_83_56_180,seq100,r_81_97_141,0.75,1,142,141,82
66,seq45,r_46_137_48,seq44,r_46_137_48,0.75,-33,15,48,82
19,r_125_35_58,r_114_10_56,r_147_36_148,r_147_36_148,1.0,11,159,148,82
9,r_43_119_48,seq40,r_120_105_93,r_43_119_48,0.95,0,48,48,82
19,r_125_35_58,r_8_109_205,r_114_10_56,r_125_35_58,0.51,53,111,58,82
5,r_80_15_29,r_81_97_141,r_18_23_189,r_80_15_29,1.0,0,29,29,82
31,r_68_106_1,seq92,r_120_105_93,r_120_105_93,0.43,-12,81,93,82
89,seq148,r_147_36_148,r_19_146_25,r_19_146_25,0.73,123,148,25,82
3,r_108_129_187,r_107_82_188,r_14_128_34,r_14_128_34,0.69,153,187,34,82
10,r_86_42_139,seq85,seq40,r_86_42_139,0.97,1,140,139,82
90,seq100,r_101_13_171,r_122_99_169,r_101_13_171,0.56,1,172,171,82
93,seq140,seq143,r_87_136_14,r_87_136_14,0.96,43,57,14,82
26,r_28_98_63,seq20,seq100,r_28_98_63,1.0,0,63,63,82
8,r_41_7_26,r_6_103_149,r_8_109_205,r_6_103_149,1.0,0,149,149,82
40,r_120_105_93,r_43_119_48,r_68_106_1,r_120_105_93,0.74,0,93,93,82
89,seq148,r_19_146_25,r_64_149_160,r_64_149_160,0.72,6,166,160,82
20,r_67_145_98,r_70_69_87,seq144,r_67_145_98,0.98,-1,97,98,82
13,r_96_116_69,r_95_113_168,seq117,r_96_116_69,0.82,-1,68,69,82
0,r_115_52_61,seq110,r_51_34_182,r_115_52_61,0.91,0,61,61,82
57,seq144,seq140,r_67_145_98,r_67_145_98,1.0,1,99,98,82
0,r_115_52_61,r_114_10_56,seq110,r_115_52_61,0.64,-21,40,61,82
15,r_46_137_48,seq45,r_87_136_14,r_46_137_48,1.0,-5,43,48,82
6,r_62_141_28,seq63,seq140,r_62_141_28,1.0,0,28,28,82
8,r_41_7_26,r_43_119_48,r_6_103_149,r_43_119_48,0.91,-20,28,48,82
30,r_51_34_182,r_115_52_61,r_125_35_58,r_51_34_182,0.68,0,182,182,82
34,r_39_71_33,r_43_119_48,r_70_69_87,r_39_71_33,1.0,0,33,33,82
64,seq40,r_114_10_56,r_86_42_139,r_86_42_139,0.76,1,140,139,82
38,r_114_10_56,r_115_52_61,r_80_15_29,r_114_10_56,1.0,0,56,56,82
47,r_139_88_94,seq140,seq85,r_139_88_94,0.99,0,94,94,82
0,r_115_52_61,r_51_34_182,seq44,r_51_34_182,0.63,0,182,182,82
40,r_120_105_93,seq121,r_43_119_48,r_43_119_48,1.0,14,62,48,82
29,r_91_27_124,seq89,seq29,r_91_27_124,1.0,0,124,124,82
24,r_64_149_160,r_70_69_87,seq148,r_70_69_87,0.6,73,160,87,82
9,r_43_119_48,r_120_105_93,seq121,r_120_105_93,0.74,0,93,93,82
25,r_25_104_86,r_26_24_87,r_68_106_1,r_25_104_86,1.0,0,86,86,82
33,r_8_109_205,r_9_3_137,r_41_7_26,r_9_3_137,0.75,-71,66,137,82
23,r_87_136_14,r_86_42_139,seq134,r_87_136_14,0.79,0,14,14,82
70,seq53,seq58,r_78_54_147,r_78_54_147,0.58,0,147,147,82
32,r_131_142_92,seq126,seq144,r_131_142_92,0.56,0,92,92,82
64,seq40,r_43_119_48,r_8_109_205,r_43_119_48,0.96,0,48,48,82
75,seq61,seq63,r_38_60_59,r_38_60_59,1.0,37,96,59,82
35,r_19_146_25,r_18_23_189,seq148,r_19_146_25,1.0,1,26,25,82
39,r_14_128_34,seq12,seq127,r_14_128_34,1.0,0,34,34,82
97,seq123,seq121,r_102_124_39,r_102_124_39,0.98,0,39,39,82
17,r_6_103_149,r_14_128_34,r_41_7_26,r_14_128_34,0.91,-8,26,34,82
22,r_5_37_188,seq2,r_125_35_58,r_125_35_58,0.84,131,189,58,82
28,r_107_82_188,r_108_129_187,r_30_79_90,r_107_82_188,0.49,0,188,188,82
19,r_125_35_58,r_131_142_92,r_8_109_205,r_125_35_58,1.0,0,58,58,82
17,r_6_103_149,r_41_7_26,seq92,r_41_7_26,0.55,123,149,26,82
14,r_102_124_39,seq92,seq123,r_102_124_39,0.89,0,39,39,82
30,r_125_58_91,r_124_12_161,seq60,r_125_58_91,1.0,0,91,91,83
2,r_140_16_15,r_149_64_148,seq15,r_140_16_15,0.99,0,15,15,83
34,r_138_87_85,r_149_64_148,seq86,r_138_87_85,1.0,0,85,85,83
8,r_149_64_148,seq147,r_107_148_106,r_107_148_106,0.97,0,106,106,83
3,r_3_83_22,seq5,r_84_82_135,r_3_83_22,0.94,0,22,22,83
55,seq145,r_144_40_172,r_19_146_77,r_19_146_77,1.0,13,90,77,83
5,r_99_127_178,seq102,r_101_132_115,r_101_132_115,1.0,66,181,115,83
46,r_109_8_103,r_112_66_175,seq11,r_109_8_103,0.99,0,103,103,83
42,r_93_79_97,r_91_95_142,r_122_77_90,r_93_79_97,1.0,0,97,97,83
13,r_30_22_41,r_26_115_151,seq20,r_30_22_41,0.94,0,41,41,83
80,seq67,seq74,r_121_68_83,r_121_68_83,1.0,3,86,83,83
45,r_144_40_172,seq147,r_38_39_51,r_38_39_51,0.72,121,172,51,83
19,r_80_128_63,r_84_82_135,r_130_57_186,r_80_128_63,0.98,3,66,63,83
11,r_126_55_139,r_80_128_63,r_7_53_12,r_126_55_139,1.0,0,139,139,83
95,seq108,r_107_148_106,seq105,r_107_148_106,0.93,0,106,106,83
33,r_107_148_106,r_149_64_148,r_19_146_77,r_149_64_148,0.99,0,148,148,83
49,r_7_53_12,seq2,seq60,r_7_53_12,0.88,-1,11,12,83
76,seq50,r_49_0_165,r_97_48_29,r_97_48_29,0.74,38,67,29,83
86,seq142,r_144_40_172,r_52_143_18,r_52_143_18,1.0,17,35,18,83
38,r_110_90_23,r_91_95_142,r_134_92_34,r_110_90_23,0.8,126,149,23,83
97,seq114,seq117,r_65_116_56,r_65_116_56,0.88,40,96,56,83
41,r_124_12_161,r_125_58_91,seq117,r_125_58_91,1.0,0,91,91,83
18,r_10_63_33,r_9_120_65,seq71,r_9_120_65,0.51,-32,33,65,83
10,r_130_57_186,r_126_55_139,r_34_129_128,r_130_57_186,0.59,-55,131,186,83
38,r_110_90_23,r_112_66_175,r_91_95_142,r_110_90_23,1.0,1,24,23,83
90,seq102,r_99_127_178,r_73_100_116,r_73_100_116,0.99,3,119,116,83
36,r_123_33_29,r_121_68_83,r_43_41_82,r_123_33_29,0.99,0,29,29,83
4,r_101_132_115,r_99_127_178,r_80_128_63,r_101_132_115,0.98,0,115,115,83
11,r_126_55_139,seq131,r_80_128_63,r_80_128_63,1.0,13,76,63,83
20,r_136_47_186,seq135,r_78_46_9,r_78_46_9,0.7,177,186,9,83
97,seq114,r_113_37_33,seq117,r_113_37_33,1.0,0,33,33,83
29,r_97_48_29,r_101_132_115,seq50,r_97_48_29,1.0,0,29,29,83
48,r_65_116_56,r_80_128_63,seq114,r_65_116_56,0.71,0,56,56,83
16,r_134_92_34,r_136_47_186,r_110_90_23,r_134_92_34,0.99,0,34,34,83
8,r_149_64_148,r_107_148_106,r_10_63_33,r_149_64_148,1.0,0,148,148,83
47,r_19_146_77,seq20,seq145,r_19_146_77,1.0,0,77,77,83
15,r_113_37_33,seq114,seq35,r_113_37_33,1.0,0,33,33,83
56,seq11,seq20,r_109_8_103,r_109_8_103,0.99,2,105,103,83
40,r_96_21_163,seq102,seq17,r_96_21_163,0.71,0,163,163,83
34,r_138_87_85,r_139_85_72,r_149_64_148,r_139_85_72,0.77,-14,58,72,83
25,r_112_66_175,seq111,r_121_68_83,r_121_68_83,0.92,95,178,83,83
21,r_119_51_26,seq117,r_7_53_12,r_119_51_26,1.0,0,26,26,83
33,r_107_148_106,seq108,r_149_64_148,r_107_148_106,0.84,0,106,106,83
32,r_91_95_142,seq89,r_73_100_116,r_73_100_116,0.99,33,149,116,83
1,r_62_4_38,r_80_128_63,seq5,r_62_4_38,0.83,0,38,38,83
10,r_130_57_186,r_34_129_128,r_126_55_139,r_130_57_186,0.93,1,187,186,83
81,seq69,r_70_25_158,r_121_68_83,r_121_68_83,0.98,81,164,83,83
17,r_44_98_91,seq45,seq102,r_44_98_91,1.0,0,91,91,83
9,r_34_129_128,seq35,r_130_57_186,r_34_129_128,0.97,2,130,128,83
22,r_139_85_72,r_138_87_85,r_3_83_22,r_139_85_72,1.0,0,72,72,83
28,r_84_82_135,r_80_128_63,r_3_83_22,r_80_128_63,0.94,2,65,63,83
56,seq11,r_9_120_65,seq20,r_9_120_65,1.0,0,65,65,83
7,r_9_120_65,seq11,seq117,r_9_120_65,1.0,0,65,65,83
18,r_10_63_33,seq71,r_149_64_148,r_149_64_148,0.59,0,148,148,83
44,r_70_25_158,seq69,seq24,r_70_25_158,0.5,0,158,158,83
23,r_72_1_80,seq71,seq2,r_72_1_80,0.54,5,85,80,83
35,r_73_100_116,seq71,seq102,r_73_100_116,0.99,0,116,116,83
37,r_52_143_18,r_61_137_193,seq142,r_52_143_18,1.0,0,18,18,83
23,r_72_1_80,seq2,r_49_0_165,r_49_0_165,0.89,1,166,165,83
59,seq15,seq14,r_140_16_15,r_140_16_15,1.0,0,15,15,83
44,r_126_17_53,r_18_124_166,seq26,r_18_124_166,0.99,0,166,166,84
36,r_141_77_119,r_140_47_143,seq78,r_141_77_119,0.8,0,119,119,84
14,r_136_0_195,seq135,r_48_8_19,r_136_0_195,0.31,0,195,195,84
8,r_53_34_129,r_50_52_3,seq35,r_53_34_129,0.93,0,129,129,84
53,seq7,r_6_130_60,r_46_5_2,r_6_130_60,1.0,0,60,60,84
37,r_111_129_153,seq113,r_37_127_71,r_111_129_153,0.71,0,153,153,84
3,r_142_41_11,r_141_77_119,seq43,r_142_41_11,0.66,0,11,11,84
19,r_18_124_166,r_126_17_53,r_81_123_158,r_18_124_166,0.99,0,166,166,84
86,seq86,r_85_14_80,r_83_119_177,r_85_14_80,1.0,-2,78,80,84
21,r_133_148_73,seq134,r_107_149_110,r_107_149_110,0.81,12,122,110,84
46,r_144_10_136,seq145,r_48_8_19,r_144_10_136,0.98,1,137,136,84
10,r_22_128_48,seq21,r_121_45_114,r_22_128_48,0.97,0,48,48,84
67,seq43,r_44_99_199,r_142_41_11,r_142_41_11,1.0,2,13,11,84
19,r_18_124_166,seq21,r_126_17_53,r_126_17_53,1.0,21,74,53,84
95,seq113,r_111_129_153,r_33_112_6,r_111_129_153,0.96,-19,134,153,84
66,seq39,r_40_12_118,r_76_38_18,r_40_12_118,0.84,-5,113,118,84
26,r_25_131_25,r_133_148_73,seq135,r_25_131_25,0.34,31,56,25,84
31,r_36_23_88,seq39,seq21,r_36_23_88,0.86,0,88,88,84
41,r_125_147_130,seq122,r_107_149_110,r_107_149_110,1.0,20,130,110,84
30,r_102_42_29,seq101,r_142_41_11,r_142_41_11,0.48,19,30,11,84
40,r_11_58_17,seq9,seq59,r_11_58_17,1.0,0,17,17,84
11,r_75_103_62,r_81_123_158,seq113,r_81_123_158,0.57,-96,62,158,84
20,r_51_68_143,r_53_34_129,r_108_73_46,r_53_34_129,0.44,-1,128,129,84
70,seq57,r_81_123_158,r_11_58_17,r_11_58_17,1.0,4,21,17,84
15,r_94_106_116,r_93_146_150,r_33_112_6,r_93_146_150,0.63,-34,116,150,84
48,r_140_47_143,r_141_77_119,seq145,r_141_77_119,0.76,-43,76,119,84
10,r_22_128_48,r_121_45_114,r_37_127_71,r_22_128_48,0.46,26,74,48,84
26,r_25_131_25,seq26,r_133_148_73,r_25_131_25,0.97,0,25,25,84
6,r_81_123_158,seq74,seq122,r_81_123_158,0.45,0,158,158,84
85,seq84,r_85_14_80,seq86,r_85_14_80,1.0,0,80,80,84
99,seq122,r_125_147_130,r_81_123_158,r_81_123_158,0.7,3,161,158,84
90,seq95,r_93_146_150,r_3_96_47,r_3_96_47,0.99,12,59,47,84
42,r_63_114_42,r_66_98_119,r_107_149_110,r_63_114_42,0.62,0,42,42,84
2,r_37_127_71,seq39,r_22_128_48,r_37_127_71,1.0,0,71,71,84
43,r_30_88_11,r_32_87_199,seq91,r_30_88_11,1.0,0,11,11,84
29,r_85_14_80,seq84,seq15,r_85_14_80,1.0,0,80,80,84
24,r_107_149_110,seq109,r_133_148_73,r_107_149_110,0.94,0,110,110,84
18,r_48_8_19,seq49,seq9,r_48_8_19,1.0,0,19,19,84
27,r_46_5_2,seq4,r_48_8_19,r_48_8_19,1.0,31,50,19,84
48,r_140_47_143,seq145,seq49,r_140_47_143,0.98,0,143,143,84
65,seq35,seq39,r_53_34_129,r_53_34_129,0.65,2,131,129,84
68,seq49,r_44_99_199,seq86,r_44_99_199,0.47,-129,70,199,84
38,r_105_19_141,seq109,r_36_23_88,r_105_19_141,0.97,0,141,141,84
77,seq69,r_70_56_127,r_108_73_46,r_108_73_46,0.68,81,127,46,84
22,r_13_31_55,r_46_5_2,seq27,r_13_31_55,0.7,-7,48,55,84
68,seq49,seq86,r_140_47_143,r_140_47_143,0.96,8,151,143,84
16,r_6_130_60,seq7,r_22_128_48,r_6_130_60,0.91,-1,59,60,84
5,r_76_38_18,r_81_123_158,seq39,r_76_38_18,0.98,0,18,18,84
75,seq65,r_66_98_119,r_2_60_110,r_2_60_110,1.0,27,137,110,84
81,seq135,r_136_0_195,r_104_137_61,r_104_137_61,1.0,6,67,61,84
25,r_108_73_46,r_107_149_110,seq71,r_108_73_46,0.68,0,46,46,84
9,r_104_137_61,seq109,seq135,r_104_137_61,1.0,1,62,61,84
28,r_66_98_119,seq65,r_20_97_59,r_20_97_59,1.0,73,132,59,84
45,r_20_97_59,seq21,seq101,r_20_97_59,1.0,0,59,59,84
7,r_93_146_150,seq91,seq145,r_93_146_150,0.67,1,151,150,84
23,r_121_45_114,r_125_147_130,r_44_99_199,r_121_45_114,0.91,0,114,114,84
42,r_63_114_42,r_107_149_110,seq116,r_107_149_110,0.97,-35,75,110,84
39,r_143_16_46,seq145,seq15,r_143_16_46,1.0,0,46,46,84
44,r_126_17_53,r_121_45_114,r_18_124_166,r_126_17_53,1.0,0,53,53,84
12,r_80_54_91,r_81_123_158,r_50_52_3,r_81_123_158,0.65,-67,91,158,84
93,seq115,r_109_20_172,r_92_117_82,r_92_117_82,0.94,3,85,82,85
40,r_134_31_22,r_29_7_194,r_147_18_114,r_147_18_114,1.0,34,148,114,85
30,r_72_34_119,seq70,seq38,r_72_34_119,0.98,0,119,119,85
19,r_43_110_43,r_48_28_132,seq111,r_43_110_43,1.0,0,43,43,85
92,seq114,seq115,r_43_110_43,r_43_110_43,1.0,143,186,43,85
8,r_19_116_129,seq22,r_92_117_82,r_19_116_129,0.95,0,129,129,85
53,seq6,r_2_98_159,r_35_3_129,r_35_3_129,0.77,30,159,129,85
83,seq80,r_79_124_176,r_44_86_31,r_44_86_31,0.61,145,176,31,85
37,r_48_28_132,r_46_102_142,r_147_18_114,r_48_28_132,0.64,-4,128,132,85
39,r_2_98_159,seq0,seq97,r_2_98_159,0.97,0,159,159,85
25,r_52_14_15,seq51,seq16,r_52_14_15,1.0,1,16,15,85
5,r_120_74_161,seq121,seq75,r_120_74_161,0.83,0,161,161,85
46,r_79_124_176,seq80,seq132,r_79_124_176,0.77,0,176,176,85
42,r_147_18_114,seq148,r_48_28_132,r_147_18_114,1.0,0,114,114,85
45,r_50_126_100,r_64_62_49,seq125,r_50_126_100,0.99,0,100,100,85
27,r_10_68_115,r_4_13_43,r_135_73_109,r_10_68_115,1.0,0,115,115,85
31,r_1_71_68,r_2_98_159,seq70,r_1_71_68,1.0,0,68,68,85
41,r_94_33_195,r_95_129_157,r_44_86_31,r_94_33_195,0.81,-38,157,195,85
89,seq108,r_109_20_172,r_32_107_121,r_32_107_121,0.97,12,133,121,85
3,r_32_107_121,r_36_83_189,r_25_106_80,r_36_83_189,1.0,-68,121,189,85
4,r_45_49_128,r_48_28_132,r_46_102_142,r_45_49_128,0.49,-87,41,128,85
26,r_131_53_66,seq132,r_81_54_63,r_131_53_66,1.0,0,66,66,85
14,r_99_101_47,r_89_100_1,r_113_103_25,r_113_103_25,1.0,-1,24,25,85
63,seq148,r_147_18_114,seq143,r_147_18_114,0.95,0,114,114,85
6,r_8_105_169,seq0,r_32_107_121,r_8_105_169,0.71,0,169,169,85
15,r_46_102_142,r_48_28_132,r_113_103_25,r_46_102_142,0.88,0,142,142,85
48,r_118_15_111,seq119,r_133_17_74,r_118_15_111,0.53,0,111,111,85
4,r_45_49_128,r_46_102_142,r_30_59_13,r_45_49_128,0.7,0,128,128,85
6,r_8_105_169,r_9_149_147,seq0,r_9_149_147,0.96,-28,119,147,85
2,r_36_83_189,r_72_34_119,r_44_86_31,r_36_83_189,1.0,0,189,189,85
0,r_4_13_43,r_10_68_115,r_78_11_100,r_4_13_43,1.0,72,115,43,85
0,r_4_13_43,r_2_98_159,r_10_68_115,r_4_13_43,1.0,1,44,43,85
10,r_67_41_49,r_46_102_142,seq39,r_46_102_142,0.81,-14,128,142,85
87,seq97,seq108,r_88_96_136,r_88_96_136,0.97,2,138,136,85
20,r_30_59_13,r_21_128_155,seq61,r_30_59_13,1.0,0,13,13,85
2,r_36_83_189,r_35_3_129,r_72_34_119,r_36_83_189,0.98,-60,129,189,85
47,r_78_11_100,seq75,r_4_13_43,r_78_11_100,1.0,0,100,100,85
29,r_9_149_147,r_8_105_169,seq148,r_9_149_147,0.95,0,147,147,85
24,r_35_3_129,r_36_83_189,seq0,r_35_3_129,1.0,0,129,129,85
43,r_44_86_31,r_43_110_43,seq87,r_44_86_31,0.99,0,31,31,85
10,r_67_41_49,seq66,r_46_102_142,r_67_41_49,1.0,0,49,49,85
33,r_37_91_187,seq38,r_44_86_31,r_44_86_31,1.0,155,186,31,85
50,seq0,r_2_98_159,r_35_3_129,r_35_3_129,0.66,25,154,129,85
68,seq38,r_37_91_187,r_72_34_119,r_72_34_119,1.0,68,187,119,85
1,r_5_65_24,r_4_13_43,r_30_59_13,r_5_65_24,1.0,0,24,24,85
32,r_133_17_74,r_135_73_109,seq16,r_133_17_74,1.0,0,74,74,85
38,r_109_20_172,seq108,r_67_41_49,r_109_20_172,0.51,0,172,172,85
52,seq132,r_133_17_74,seq130,r_133_17_74,1.0,-4,70,74,85
63,seq148,seq143,r_9_149_147,r_9_149_147,1.0,0,147,147,85
34,r_92_117_82,r_90_42_90,seq115,r_92_117_82,1.0,0,82,82,85
17,r_81_54_63,seq84,seq55,r_81_54_63,1.0,0,63,63,85
9,r_88_96_136,seq87,seq97,r_88_96_136,0.98,0,136,136,85
13,r_113_103_25,seq114,r_99_101_47,r_113_103_25,0.6,-2,23,25,85
22,r_95_129_157,r_94_33_195,seq130,r_95_129_157,0.87,0,157,157,85
60,seq16,r_10_68_115,r_52_14_15,r_52_14_15,1.0,9,24,15,85
49,r_82_57_95,seq84,seq51,r_82_57_95,0.93,0,95,95,85
7,r_135_73_109,seq132,seq70,r_135_73_109,0.92,2,111,109,85
44,r_139_58_176,seq140,r_81_54_63,r_139_58_176,0.27,0,176,176,85
40,r_134_31_22,r_135_73_109,r_29_7_194,r_134_31_22,1.0,0,22,22,85
23,r_90_42_90,r_93_136_171,r_67_41_49,r_90_42_90,0.93,0,90,90,85
27,r_10_68_115,r_12_47_22,r_4_13_43,r_4_13_43,1.0,1,44,43,85
60,seq16,r_52_14_15,r_133_17_74,r_133_17_74,1.0,15,89,74,85
35,r_26_104_93,seq22,seq108,r_26_104_93,1.0,0,93,93,85
25,r_116_89_180,r_23_114_3,r_5_91_125,r_116_89_180,0.97,0,180,180,86
14,r_67_103_153,seq69,seq101,r_67_103_153,0.6,0,153,153,86
8,r_44_66_119,seq45,r_41_68_24,r_41_68_24,0.58,101,125,24,86
54,seq140,r_139_142_96,r_104_145_127,r_139_142_96,0.71,28,124,96,86
56,seq14,seq10,r_59_12_16,r_59_12_16,0.97,7,23,16,86
4,r_86_117_147,r_36_96_83,seq118,r_86_117_147,1.0,0,147,147,86
40,r_48_92_42,seq46,seq93,r_48_92_42,0.95,5,47,42,86
28,r_41_68_24,seq38,seq69,r_41_68_24,0.97,0,24,24,86
55,seq141,r_147_146_92,r_139_142_96,r_139_142_96,0.56,1,97,96,86
16,r_23_114_3,r_116_89_180,r_113_122_150,r_113_122_150,0.79,31,181,150,86
1,r_16_55_100,seq21,seq52,r_16_55_100,0.83,0,100,100,86
5,r_87_18_92,r_86_117_147,seq19,r_87_18_92,0.61,0,92,92,86
42,r_104_145_127,seq105,r_139_142_96,r_104_145_127,0.98,0,127,127,86
19,r_26_108_136,seq35,r_120_106_1,r_26_108_136,0.4,0,136,136,86
11,r_88_97_7,r_120_106_1,seq90,r_88_97_7,0.62,87,94,7,86
31,r_84_125_134,r_81_37_151,seq124,r_84_125_134,0.99,0,134,134,86
10,r_0_98_67,r_1_132_136,r_100_2_144,r_0_98_67,0.98,0,67,67,86
72,seq52,seq51,r_16_55_100,r_16_55_100,1.0,47,147,100,86
12,r_85_6_34,r_84_125_134,r_110_8_11,r_85_6_34,0.98,2,36,34,86
4,r_86_117_147,r_87_18_92,r_36_96_83,r_86_117_147,0.64,-55,92,147,86
0,r_27_137_160,r_58_30_2,r_128_134_126,r_27_137_160,0.79,0,160,160,86
98,seq124,seq127,r_84_125_134,r_84_125_134,0.99,0,134,134,86
30,r_110_8_11,r_120_106_1,r_5_91_125,r_110_8_11,0.71,0,11,11,86
15,r_36_96_83,seq35,r_48_92_42,r_36_96_83,0.93,0,83,83,86
30,r_110_8_11,r_5_91_125,r_85_6_34,r_85_6_34,0.95,0,34,34,86
9,r_5_91_125,r_85_6_34,r_36_96_83,r_5_91_125,0.97,0,125,125,86
36,r_143_119_3,r_128_134_126,seq118,r_128_134_126,0.8,-72,54,126,86
6,r_42_107_123,r_34_43_2,r_120_106_1,r_42_107_123,0.56,0,123,123,86
3,r_133_17_12,r_139_142_96,seq19,r_133_17_12,0.98,0,12,12,86
10,r_0_98_67,r_100_2_144,seq101,r_100_2_144,0.99,0,144,144,86
27,r_73_71_60,r_81_37_151,seq72,r_81_37_151,0.57,-89,62,151,86
2,r_128_134_126,seq127,seq138,r_128_134_126,0.89,0,126,126,86
47,r_1_132_136,r_0_98_67,r_85_6_34,r_1_132_136,0.9,-69,67,136,86
18,r_100_2_144,r_99_4_75,r_0_98_67,r_100_2_144,1.0,-69,75,144,86
25,r_116_89_180,r_115_9_148,r_23_114_3,r_115_9_148,0.91,0,148,148,86
64,seq35,r_36_96_83,r_58_30_2,r_36_96_83,0.75,0,83,83,86
47,r_1_132_136,r_85_6_34,r_130_144_202,r_1_132_136,1.0,0,136,136,86
54,seq140,r_104_145_127,r_139_142_96,r_104_145_127,0.24,46,173,127,86
68,seq45,r_44_66_119,seq46,r_44_66_119,0.7,6,125,119,86
32,r_99_4_75,r_100_2_144,seq3,r_99_4_75,0.98,0,75,75,86
77,seq138,r_136_11_192,r_27_137_160,r_27_137_160,0.97,17,177,160,86
34,r_113_122_150,seq111,r_143_119_3,r_113_122_150,0.89,1,151,150,86
64,seq35,r_58_30_2,r_81_37_151,r_81_37_151,0.74,30,181,151,86
19,r_26_108_136,r_120_106_1,r_42_107_123,r_120_106_1,0.31,175,176,1,86
17,r_139_142_96,seq140,seq141,r_139_142_96,0.9,0,96,96,86
9,r_5_91_125,seq3,r_85_6_34,r_85_6_34,1.0,49,83,34,86
96,seq118,r_143_119_3,r_86_117_147,r_86_117_147,1.0,6,153,147,86
22,r_29_61_55,r_27_137_160,seq63,r_29_61_55,1.0,0,55,55,86
49,r_33_15_90,seq35,r_59_12_16,r_59_12_16,0.46,74,90,16,86
7,r_81_37_151,seq79,r_34_43_2,r_81_37_151,0.4,0,151,151,86
18,r_100_2_144,r_0_98_67,r_85_6_34,r_100_2_144,0.76,0,144,144,86
44,r_115_9_148,r_116_89_180,r_59_12_16,r_115_9_148,0.55,0,148,148,86
11,r_88_97_7,r_86_117_147,r_120_106_1,r_86_117_147,0.69,-115,32,147,86
45,r_148_126_20,r_147_146_92,seq127,r_148_126_20,1.0,0,20,20,86
23,r_135_78_158,r_136_11_192,r_50_74_125,r_50_74_125,0.92,34,159,125,86
63,seq31,r_36_96_83,r_121_32_45,r_121_32_45,0.95,10,55,45,86
43,r_121_32_45,r_143_119_3,seq31,r_121_32_45,1.0,0,45,45,86
30,r_31_142_169,seq28,r_106_146_39,r_31_142_169,0.45,0,169,169,87
14,r_120_57_92,seq119,seq56,r_120_57_92,1.0,0,92,92,87
8,r_18_85_91,seq17,seq86,r_18_85_91,0.97,3,94,91,87
46,r_99_43_187,r_98_59_42,r_88_5_146,r_98_59_42,1.0,0,42,42,87
43,r_91_49_177,r_90_19_149,seq94,r_90_19_149,0.91,-47,102,149,87
31,r_104_32_35,r_108_52_123,seq28,r_104_32_35,0.83,0,35,35,87
37,r_30_78_67,seq28,seq79,r_30_78_67,0.98,0,67,67,87
59,seq17,r_18_85_91,seq16,r_18_85_91,1.0,3,94,91,87
51,seq3,r_64_1_74,r_88_5_146,r_88_5_146,1.0,3,149,146,87
16,r_24_123_2,r_120_57_92,r_144_122_61,r_24_123_2,1.0,62,64,2,87
21,r_51_92_112,seq48,seq94,r_51_92_112,0.96,0,112,112,87
1,r_138_115_107,r_140_4_187,r_24_123_2,r_138_115_107,0.99,0,107,107,87
22,r_134_68_35,seq124,seq69,r_134_68_35,1.0,0,35,35,87
5,r_77_102_111,seq79,seq101,r_77_102_111,1.0,0,111,111,87
42,r_81_73_62,r_83_84_26,seq72,r_81_73_62,0.99,0,62,62,87
25,r_65_112_97,r_114_9_147,r_141_113_124,r_114_9_147,0.69,-7,140,147,87
93,seq110,r_114_9_147,r_70_109_57,r_70_109_57,0.78,0,57,57,87
33,r_61_103_53,seq107,r_27_105_138,r_27_105_138,1.0,1,139,138,87
89,seq95,r_91_49_177,seq94,r_91_49_177,0.86,-86,91,177,87
3,r_74_116_131,seq75,r_138_115_107,r_74_116_131,0.83,0,131,131,87
90,seq101,seq95,r_77_102_111,r_77_102_111,0.98,0,111,111,87
46,r_99_43_187,r_96_100_123,r_87_38_139,r_99_43_187,0.99,1,188,187,87
26,r_98_59_42,r_99_43_187,seq63,r_98_59_42,1.0,0,42,42,87
4,r_117_128_146,seq119,seq130,r_117_128_146,0.41,0,146,146,87
63,seq26,r_25_111_178,r_129_22_80,r_129_22_80,1.0,95,175,80,87
11,r_6_14_96,seq3,r_33_13_7,r_6_14_96,0.83,0,96,96,87
46,r_99_43_187,r_88_5_146,r_96_100_123,r_96_100_123,0.68,9,132,123,87
29,r_15_53_25,seq16,r_51_92_112,r_15_53_25,0.69,1,26,25,87
15,r_148_54_191,seq149,r_108_52_123,r_108_52_123,0.65,68,191,123,87
48,r_114_9_147,seq110,r_6_14_96,r_114_9_147,0.82,0,147,147,87
6,r_129_22_80,r_132_82_160,seq23,r_129_22_80,0.98,4,84,80,87
62,seq23,seq28,r_129_22_80,r_129_22_80,1.0,18,98,80,87
33,r_61_103_53,seq63,seq107,r_61_103_53,1.0,1,54,53,87
27,r_90_19_149,r_91_49_177,seq16,r_90_19_149,0.82,0,149,149,87
2,r_64_1_74,seq69,seq2,r_64_1_74,0.79,0,74,74,87
40,r_87_38_139,seq86,seq40,r_87_38_139,0.81,0,139,139,87
18,r_89_60_102,r_88_5_146,r_98_59_42,r_88_5_146,0.92,-42,104,146,87
24,r_132_82_160,seq131,r_83_84_26,r_132_82_160,0.67,0,160,160,87
25,r_65_112_97,seq66,r_114_9_147,r_65_112_97,0.93,0,97,97,87
43,r_91_49_177,seq94,r_108_52_123,r_91_49_177,0.83,0,177,177,87
36,r_141_113_124,seq135,r_65_112_97,r_141_113_124,0.84,0,124,124,87
88,seq94,r_91_49_177,r_51_92_112,r_51_92_112,0.83,65,177,112,87
38,r_96_100_123,seq95,r_99_43_187,r_96_100_123,0.9,0,123,123,87
38,r_96_100_123,r_99_43_187,r_77_102_111,r_99_43_187,1.0,1,188,187,87
20,r_133_36_180,seq130,r_71_37_39,r_133_36_180,0.79,0,180,180,87
32,r_88_5_146,r_89_60_102,seq95,r_89_60_102,1.0,2,104,102,87
38,r_96_100_123,r_97_50_64,seq95,r_97_50_64,1.0,2,66,64,87
77,seq56,seq55,r_120_57_92,r_120_57_92,1.0,1,93,92,87
7,r_62_121_14,seq63,r_24_123_2,r_62_121_14,0.99,0,14,14,87
34,r_27_105_138,seq28,r_61_103_53,r_27_105_138,0.65,0,138,138,87
41,r_106_146_39,r_108_52_123,seq149,r_106_146_39,1.0,0,39,39,87
17,r_97_50_64,r_96_100_123,r_15_53_25,r_97_50_64,1.0,0,64,64,87
9,r_20_76_116,seq28,r_25_111_178,r_20_76_116,0.81,-34,82,116,87
9,r_20_76_116,r_25_111_178,r_30_78_67,r_20_76_116,0.84,0,116,116,87
0,r_21_8_31,seq23,r_33_13_7,r_21_8_31,0.5,0,31,31,87
29,r_15_53_25,r_51_92_112,r_97_50_64,r_15_53_25,0.58,87,112,25,87
72,seq135,seq137,r_143_136_103,r_143_136_103,0.98,6,109,103,87
44,r_143_136_103,r_141_113_124,seq135,r_143_136_103,0.94,0,103,103,87
35,r_144_122_61,r_141_113_124,r_24_123_2,r_144_122_61,1.0,0,61,61,87
95,seq119,r_117_128_146,r_62_121_14,r_62_121_14,0.99,0,14,14,87
12,r_70_109_57,seq72,seq110,r_70_109_57,1.0,4,61,57,87
23,r_71_37_39,r_70_109_57,seq34,r_70_109_57,0.47,-18,39,57,87
32,r_88_5_146,seq95,seq3,r_88_5_146,0.99,-1,145,146,87
30,r_13_25_105,seq14,r_122_24_25,r_122_24_25,0.87,80,105,25,88
64,seq31,r_30_93_25,seq19,r_30_93_25,0.9,0,25,25,88
36,r_59_124_79,seq57,seq128,r_59_124_79,1.0,1,80,79,88
43,r_69_15_144,seq70,seq14,r_69_15_144,0.89,0,144,144,88
37,r_92_3_104,r_97_55_121,seq1,r_92_3_104,0.91,0,104,104,88
59,seq14,r_13_25_105,r_49_29_15,r_49_29_15,0.94,93,108,15,88
5,r_142_121_46,r_147_68_129,seq123,r_142_121_46,1.0,0,46,46,88
71,seq53,r_54_11_124,r_51_52_41,r_54_11_124,0.5,-18,106,124,88
21,r_144_50_135,seq143,seq48,r_144_50_135,0.61,0,135,135,88
97,seq118,r_119_42_179,r_140_115_18,r_140_115_18,0.89,139,157,18,88
46,r_2_28_100,seq1,r_49_29_15,r_2_28_100,0.88,0,100,100,88
55,seq6,r_7_8_31,r_137_5_9,r_137_5_9,1.0,5,14,9,88
19,r_114_43_147,seq116,r_51_52_41,r_114_43_147,0.63,2,149,147,88
66,seq33,r_37_4_92,seq48,r_37_4_92,0.99,-17,75,92,88
3,r_97_55_121,r_95_26_129,seq56,r_95_26_129,0.86,-9,120,129,88
10,r_104_72_98,r_102_65_172,r_74_78_162,r_104_72_98,0.94,0,98,98,88
26,r_95_26_129,r_97_55_121,r_122_24_25,r_95_26_129,0.66,0,129,129,88
8,r_71_0_11,seq1,r_92_3_104,r_92_3_104,1.0,0,104,104,88
72,seq56,r_59_124_79,r_51_52_41,r_59_124_79,1.0,-16,63,79,88
0,r_37_4_92,seq57,r_137_5_9,r_37_4_92,0.97,0,92,92,88
11,r_45_112_76,seq46,seq113,r_45_112_76,1.0,0,76,76,88
20,r_119_42_179,seq118,r_114_43_147,r_114_43_147,1.0,32,179,147,88
13,r_98_36_132,seq99,r_27_34_110,r_98_36_132,1.0,0,132,132,88
15,r_147_68_129,r_148_145_187,r_38_67_120,r_147_68_129,0.56,0,129,129,88
48,r_16_125_89,r_27_34_110,seq126,r_16_125_89,1.0,0,89,89,88
0,r_37_4_92,r_137_5_9,r_7_8_31,r_37_4_92,0.54,72,164,92,88
12,r_120_21_10,r_114_43_147,seq20,r_120_21_10,1.0,0,10,10,88
41,r_149_10_52,r_148_145_187,seq9,r_149_10_52,1.0,0,52,52,88
47,r_77_35_135,seq66,r_27_34_110,r_27_34_110,0.51,24,134,110,88
40,r_23_85_26,r_27_34_110,seq83,r_23_85_26,0.74,0,26,26,88
65,seq32,seq66,r_54_11_124,r_54_11_124,0.54,62,186,124,88
88,seq99,r_98_36_132,seq105,r_98_36_132,0.87,0,132,132,88
14,r_122_24_25,seq123,seq19,r_122_24_25,0.94,0,25,25,88
70,seq48,seq47,r_144_50_135,r_144_50_135,1.0,1,136,135,88
65,seq32,r_45_112_76,seq66,r_45_112_76,0.82,-7,69,76,88
32,r_109_18_94,r_110_87_187,r_49_29_15,r_109_18_94,1.0,0,94,94,88
25,r_41_136_150,seq33,seq48,r_41_136_150,0.48,-100,50,150,88
77,seq64,r_63_141_158,seq75,r_63_141_158,0.67,0,158,158,88
34,r_86_146_60,seq83,seq143,r_86_146_60,1.0,0,60,60,88
60,seq143,r_144_50_135,r_86_146_60,r_86_146_60,0.99,75,135,60,88
25,r_41_136_150,seq48,r_79_139_3,r_41_136_150,0.88,0,150,150,88
9,r_88_73_132,seq89,r_104_72_98,r_104_72_98,1.0,60,158,98,88
1,r_49_29_15,r_51_52_41,seq31,r_49_29_15,1.0,0,15,15,88
51,seq1,r_71_0_11,r_92_3_104,r_92_3_104,0.96,0,104,104,88
22,r_38_67_120,r_39_17_187,seq70,r_38_67_120,0.74,0,120,120,88
59,seq14,r_49_29_15,r_69_15_144,r_69_15_144,0.89,3,147,144,88
28,r_81_80_120,seq82,r_23_85_26,r_23_85_26,1.0,92,118,26,88
17,r_27_34_110,seq33,r_77_35_135,r_27_34_110,0.7,28,138,110,88
49,r_103_100_141,r_102_65_172,seq101,r_102_65_172,0.69,-7,165,172,88
72,seq56,r_51_52_41,r_97_55_121,r_97_55_121,1.0,51,172,121,88
4,r_51_52_41,seq48,seq53,r_51_52_41,0.79,4,45,41,88
7,r_102_65_172,r_103_100_141,r_88_73_132,r_102_65_172,0.67,0,172,172,88
44,r_148_145_187,r_147_68_129,r_86_146_60,r_86_146_60,1.0,69,129,60,88
8,r_71_0_11,r_88_73_132,seq1,r_71_0_11,0.86,1,12,11,88
98,seq123,r_122_24_25,seq133,r_122_24_25,0.95,0,25,25,88
33,r_30_93_25,seq31,r_95_26_129,r_30_93_25,0.99,1,26,25,88
98,seq123,seq133,r_142_121_46,r_142_121_46,0.99,16,62,46,88
30,r_44_140_91,seq40,seq146,r_44_140_91,0.98,0,91,91,89
51,seq128,r_130_99_118,seq129,r_130_99_118,0.89,-50,68,118,89
14,r_147_69_173,r_141_54_189,r_36_71_36,r_36_71_36,0.58,138,174,36,89
43,r_87_5_178,seq88,r_20_2_160,r_87_5_178,0.51,0,178,178,89
44,r_126_46_94,r_43_136_167,r_86_45_107,r_126_46_94,0.67,28,122,94,89
37,r_20_2_160,seq21,seq3,r_20_2_160,0.31,1,161,160,89
16,r_24_67_127,seq25,seq72,r_24_67_127,0.82,0,127,127,89
1,r_105_23_104,r_104_19_126,seq25,r_105_23_104,0.92,0,104,104,89
5,r_49_123_99,seq47,r_63_125_101,r_49_123_99,0.99,2,101,99,89
46,r_127_59_119,r_130_99_118,r_29_61_22,r_127_59_119,0.84,1,120,119,89
42,r_38_60_160,r_39_113_144,r_98_41_42,r_98_41_42,0.85,20,62,42,89
69,seq27,seq37,r_74_28_85,r_74_28_85,0.98,3,88,85,89
21,r_36_71_36,seq33,r_68_57_127,r_36_71_36,0.96,0,36,36,89
45,r_104_19_126,seq106,seq21,r_104_19_126,0.91,0,126,126,89
25,r_68_57_127,r_74_28_85,r_36_71_36,r_68_57_127,0.83,-86,41,127,89
42,r_38_60_160,r_74_28_85,r_29_61_22,r_38_60_160,0.85,0,160,160,89
19,r_18_9_99,seq17,seq10,r_18_9_99,0.45,0,99,99,89
49,r_50_89_53,r_49_123_99,seq88,r_50_89_53,0.97,0,53,53,89
41,r_137_31_191,seq148,r_16_138_78,r_16_138_78,1.0,27,105,78,89
67,seq21,r_20_2_160,r_104_19_126,r_104_19_126,0.98,1,127,126,89
89,seq101,r_100_81_199,r_130_99_118,r_130_99_118,1.0,35,153,118,89
3,r_56_30_8,r_32_1_161,r_55_34_3,r_56_30_8,0.72,153,161,8,89
10,r_39_113_144,seq40,r_112_110_170,r_39_113_144,0.65,0,144,144,89
26,r_86_45_107,r_92_26_167,r_98_41_42,r_86_45_107,0.84,0,107,107,89
72,seq40,r_43_136_167,r_98_41_42,r_98_41_42,1.0,111,153,42,89
4,r_141_54_189,seq142,r_68_57_127,r_68_57_127,0.92,63,190,127,89
0,r_63_125_101,seq62,r_49_123_99,r_63_125_101,0.99,0,101,101,89
63,seq17,r_18_9_99,seq21,r_18_9_99,0.81,0,99,99,89
20,r_16_138_78,r_18_9_99,seq146,r_16_138_78,1.0,0,78,78,89
35,r_139_90_38,r_141_54_189,seq91,r_139_90_38,0.88,1,39,38,89
13,r_103_108_28,r_118_70_192,r_94_107_136,r_94_107_136,0.66,12,148,136,89
62,seq14,r_13_79_159,r_18_9_99,r_13_79_159,0.99,0,159,159,89
21,r_36_71_36,r_68_57_127,seq72,r_68_57_127,0.97,-4,123,127,89
33,r_22_52_21,r_20_2_160,seq53,r_22_52_21,1.0,0,21,21,89
85,seq88,r_87_5_178,r_50_89_53,r_50_89_53,1.0,7,60,53,89
27,r_130_99_118,seq132,seq101,r_130_99_118,0.91,0,118,118,89
41,r_137_31_191,r_16_138_78,r_56_30_8,r_137_31_191,0.63,0,191,191,89
47,r_13_79_159,seq14,seq76,r_13_79_159,0.73,0,159,159,89
38,r_29_61_22,r_32_1_161,seq62,r_29_61_22,0.99,0,22,22,89
40,r_135_124_174,r_141_54_189,r_63_125_101,r_63_125_101,0.58,73,174,101,89
29,r_117_82_64,r_118_70_192,seq83,r_117_82_64,0.91,0,64,64,89
24,r_32_1_161,r_56_30_8,r_18_9_99,r_18_9_99,0.67,62,161,99,89
13,r_103_108_28,r_105_23_104,r_118_70_192,r_105_23_104,0.66,-54,50,104,89
64,seq146,r_143_120_172,r_16_138_78,r_16_138_78,1.0,94,172,78,89
42,r_38_60_160,r_98_41_42,r_74_28_85,r_74_28_85,0.8,57,142,85,89
32,r_92_26_167,seq91,seq27,r_92_26_167,0.77,0,167,167,89
77,seq64,r_66_109_199,r_147_69_173,r_147_69_173,0.98,23,196,173,89
18,r_7_95_38,seq3,seq97,r_7_95_38,1.0,0,38,38,89
34,r_74_28_85,seq75,seq27,r_74_28_85,1.0,0,85,85,89
25,r_68_57_127,r_36_71_36,seq53,r_68_57_127,1.0,0,127,127,89
9,r_78_85_128,seq76,r_139_90_38,r_139_90_38,0.99,135,173,38,89
44,r_126_46_94,seq111,r_43_136_167,r_126_46_94,0.84,0,94,94,89
23,r_118_70_192,seq119,r_36_71_36,r_36_71_36,0.98,156,192,36,89
11,r_98_41_42,r_94_107_136,seq40,r_98_41_42,1.0,0,42,42,89
12,r_35_80_87,r_55_34_3,seq76,r_35_80_87,0.98,0,87,87,89
93,seq113,seq120,r_128_115_30,r_128_115_30,1.0,81,111,30,90
30,r_46_97_166,r_45_18_102,seq50,r_45_18_102,0.93,0,102,102,90
30,r_46_97_166,seq50,r_68_44_136,r_68_44_136,0.94,0,136,136,90
37,r_43_106_139,seq42,r_74_104_112,r_43_106_139,0.97,0,139,139,90
6,r_82_96_124,r_74_104_112,r_46_97_166,r_46_97_166,0.7,1,167,166,90
16,r_78_99_165,seq77,r_48_100_94,r_78_99_165,0.71,0,165,165,90
21,r_57_81_136,seq56,seq80,r_57_81_136,0.6,0,136,136,90
39,r_63_49_106,seq62,seq56,r_63_49_106,0.98,0,106,106,90
1,r_132_138_128,seq133,r_137_40_181,r_137_40_181,0.52,-53,128,181,90
19,r_68_44_136,r_46_97_166,r_117_55_48,r_46_97_166,0.95,0,166,166,90
80,seq75,r_76_16_78,seq71,r_76_16_78,1.0,0,78,78,90
45,r_137_40_181,r_136_12_131,r_132_138_128,r_136_12_131,0.81,-2,129,131,90
15,r_9_135_16,seq8,seq133,r_9_135_16,0.99,0,16,16,90
41,r_128_115_30,r_134_73_182,seq113,r_128_115_30,0.99,0,30,30,90
19,r_68_44_136,seq69,r_46_97_166,r_68_44_136,0.56,0,136,136,90
36,r_28_11_94,seq10,r_136_12_131,r_136_12_131,1.0,34,165,131,90
33,r_67_20_39,seq21,seq24,r_67_20_39,0.62,42,81,39,90
42,r_126_34_52,seq122,seq36,r_126_34_52,1.0,1,53,52,90
55,seq10,r_29_15_4,r_28_11_94,r_28_11_94,1.0,0,94,94,90
20,r_47_146_42,r_46_97_166,seq148,r_47_146_42,0.85,0,42,42,90
3,r_98_41_114,seq101,r_126_34_52,r_98_41_114,0.99,0,114,114,90
10,r_93_13_75,seq94,r_31_14_72,r_93_13_75,0.81,0,75,75,90
1,r_132_138_128,r_137_40_181,r_58_145_57,r_137_40_181,1.0,-2,179,181,90
14,r_3_53_21,r_1_149_161,seq51,r_3_53_21,1.0,0,21,21,90
26,r_131_114_166,seq133,r_17_116_128,r_131_114_166,0.5,0,166,166,90
4,r_143_111_190,seq139,r_107_112_111,r_107_112_111,0.66,81,192,111,90
36,r_28_11_94,r_67_20_39,r_38_25_61,r_38_25_61,0.87,0,61,61,90
0,r_52_23_6,seq21,seq24,r_52_23_6,0.43,72,78,6,90
63,seq26,r_28_11_94,r_38_25_61,r_38_25_61,0.79,15,76,61,90
11,r_142_6_157,r_143_111_190,r_141_7_152,r_143_111_190,0.99,-33,157,190,90
33,r_67_20_39,r_64_61_56,seq21,r_67_20_39,0.98,0,39,39,90
46,r_29_15_4,r_17_116_128,r_76_16_78,r_76_16_78,0.77,52,130,78,90
36,r_28_11_94,r_38_25_61,seq10,r_28_11_94,0.99,0,94,94,90
48,r_31_14_72,seq32,r_29_15_4,r_31_14_72,1.0,0,72,72,90
43,r_119_66_17,r_117_55_48,seq65,r_119_66_17,0.97,0,17,17,90
8,r_58_145_57,r_63_49_106,seq139,r_58_145_57,1.0,0,57,57,90
27,r_124_70_132,seq125,seq71,r_124_70_132,0.97,0,132,132,90
87,seq91,r_92_130_185,r_19_90_89,r_19_90_89,1.0,96,185,89,90
2,r_92_130_185,seq91,r_132_138_128,r_92_130_185,0.37,0,185,185,90
29,r_76_16_78,seq75,r_29_15_4,r_76_16_78,1.0,0,78,78,90
24,r_17_116_128,r_29_15_4,r_128_115_30,r_17_116_128,0.58,0,128,128,90
25,r_1_149_161,seq0,seq147,r_1_149_161,0.84,0,161,161,90
7,r_129_54_23,r_134_73_182,r_3_53_21,r_129_54_23,0.78,0,23,23,90
32,r_38_25_61,r_43_106_139,seq26,r_38_25_61,1.0,0,61,61,90
77,seq69,r_68_44_136,seq88,r_68_44_136,0.99,-2,134,136,90
36,r_28_11_94,seq26,r_67_20_39,r_67_20_39,0.74,3,42,39,90
30,r_46_97_166,r_68_44_136,r_82_96_124,r_68_44_136,0.7,30,166,136,90
34,r_108_79_122,seq113,seq77,r_108_79_122,0.9,0,122,122,90
81,seq77,r_78_99_165,r_108_79_122,r_108_79_122,0.64,43,165,122,90
17,r_102_27_109,r_107_112_111,seq26,r_102_27_109,1.0,0,109,109,90
9,r_134_73_182,seq133,seq75,r_134_73_182,0.26,2,184,182,90
22,r_141_7_152,r_143_111_190,seq8,r_143_111_190,0.42,-38,152,190,90
28,r_107_112_111,seq105,r_128_115_30,r_107_112_111,0.94,0,111,111,90
49,r_140_87_145,r_143_111_190,seq88,r_140_87_145,0.84,0,145,145,90
44,r_136_12_131,r_137_40_181,r_28_11_94,r_137_40_181,0.48,-50,131,181,90
23,r_39_95_77,seq35,seq94,r_39_95_77,0.98,0,77,77,90
63,seq26,r_38_25_61,r_102_27_109,r_102_27_109,1.0,16,125,109,90
5,r_117_55_48,seq118,seq56,r_117_55_48,0.93,1,49,48,90
45,r_137_40_181,r_132_138_128,r_126_34_52,r_137_40_181,0.74,0,181,181,90
35,r_48_100_94,seq51,seq101,r_48_100_94,0.77,0,94,94,90
64,seq133,r_134_73_182,r_9_135_16,r_9_135_16,0.92,28,44,16,90
12,r_74_104_112,seq71,seq105,r_74_104_112,0.87,0,112,112,90
93,seq107,r_105_97_174,r_51_106_52,r_51_106_52,1.0,42,94,52,91
40,r_113_8_27,r_10_130_136,seq16,r_10_130_136,1.0,0,136,136,91
30,r_111_85_71,seq112,seq86,r_111_85_71,1.0,0,71,71,91
54,seq134,seq131,r_46_132_70,r_46_132_70,1.0,68,138,70,91
83,seq71,seq76,r_89_69_98,r_89_69_98,0.99,4,102,98,91
14,r_88_73_59,r_119_87_12,r_74_148_172,r_88_73_59,0.54,0,59,59,91
89,seq91,seq93,r_95_92_85,r_95_92_85,0.7,-40,45,85,91
16,r_60_129_128,r_66_116_149,r_17_136_28,r_17_136_28,0.46,98,126,28,91
46,r_138_96_64,seq139,seq99,r_138_96_64,1.0,0,64,64,91
7,r_34_0_25,r_2_145_96,seq1,r_2_145_96,1.0,-7,89,96,91
45,r_124_13_110,seq128,seq14,r_124_13_110,0.99,0,110,110,91
47,r_119_87_12,r_88_73_59,seq90,r_88_73_59,0.88,1,60,59,91
19,r_46_132_70,seq49,seq134,r_46_132_70,1.0,0,70,70,91
14,r_88_73_59,r_82_61_150,r_119_87_12,r_119_87_12,0.59,8,20,12,91
31,r_74_148_172,seq76,r_88_73_59,r_88_73_59,1.0,6,65,59,91
41,r_122_55_91,seq128,r_72_58_53,r_122_55_91,0.99,0,91,91,91
67,seq30,r_29_146_134,r_101_31_3,r_29_146_134,1.0,-11,123,134,91
3,r_10_130_136,seq14,r_113_8_27,r_113_8_27,0.97,74,101,27,91
47,r_119_87_12,seq117,r_88_73_59,r_119_87_12,0.94,0,12,12,91
72,seq42,r_43_57_163,r_133_38_102,r_133_38_102,1.0,62,164,102,91
4,r_2_145_96,seq3,r_15_144_59,r_2_145_96,0.78,0,96,96,91
0,r_105_97_174,seq107,seq99,r_105_97_174,0.52,0,174,174,91
13,r_45_77_162,r_43_57_163,r_127_75_17,r_127_75_17,0.51,147,164,17,91
10,r_17_136_28,r_19_26_90,seq135,r_17_136_28,0.98,0,28,28,91
15,r_27_70_176,seq28,r_89_69_98,r_27_70_176,0.62,1,177,176,91
8,r_72_58_53,seq71,seq56,r_72_58_53,0.86,0,53,53,91
49,r_126_110_6,seq108,r_104_109_78,r_104_109_78,0.84,20,98,78,91
57,seq139,r_138_96_64,seq137,r_138_96_64,1.0,0,64,64,91
6,r_78_81_99,r_79_7_176,r_88_73_59,r_78_81_99,0.54,2,101,99,91
21,r_80_98_114,r_74_148_172,seq99,r_80_98_114,1.0,1,115,114,91
7,r_34_0_25,r_29_146_134,r_2_145_96,r_34_0_25,0.8,0,25,25,91
43,r_50_123_26,r_43_57_163,seq128,r_50_123_26,0.96,0,26,26,91
28,r_94_118_38,seq93,seq117,r_94_118_38,0.99,0,38,38,91
37,r_51_106_52,seq52,seq107,r_51_106_52,1.0,0,52,52,91
27,r_95_92_85,seq99,seq91,r_95_92_85,0.76,0,85,85,91
87,seq86,r_82_61_150,r_111_85_71,r_111_85_71,1.0,37,108,71,91
3,r_10_130_136,r_113_8_27,r_60_129_128,r_10_130_136,0.8,0,136,136,91
61,seq18,r_133_38_102,r_37_24_58,r_133_38_102,0.78,38,140,102,91
2,r_133_38_102,seq134,r_12_39_32,r_133_38_102,0.98,0,102,102,91
29,r_11_115_47,r_10_130_136,seq114,r_11_115_47,1.0,0,47,47,91
24,r_9_32_59,r_10_130_136,r_101_31_3,r_9_32_59,1.0,1,60,59,91
25,r_82_61_150,seq83,seq62,r_82_61_150,0.57,0,150,150,91
20,r_149_44_50,seq135,seq49,r_149_44_50,1.0,0,50,50,91
33,r_6_142_120,seq16,r_5_143_93,r_6_142_120,0.75,0,120,120,91
64,seq21,r_22_140_179,r_37_24_58,r_37_24_58,1.0,119,177,58,91
88,seq90,r_89_69_98,r_119_87_12,r_89_69_98,0.54,0,98,98,91
14,r_88_73_59,r_74_148_172,r_127_75_17,r_74_148_172,0.97,0,172,172,91
68,seq33,r_29_146_134,r_101_31_3,r_29_146_134,1.0,-54,80,134,91
7,r_34_0_25,seq1,r_127_75_17,r_34_0_25,0.33,137,162,25,91
9,r_79_7_176,r_78_81_99,r_113_8_27,r_113_8_27,0.58,152,179,27,91
90,seq93,r_94_118_38,seq91,r_94_118_38,1.0,0,38,38,91
31,r_74_148_172,r_88_73_59,r_2_145_96,r_74_148_172,0.5,0,172,172,91
34,r_12_39_32,r_11_115_47,seq49,r_12_39_32,0.93,0,32,32,91
16,r_60_129_128,r_17_136_28,r_10_130_136,r_60_129_128,0.91,13,141,128,91
44,r_23_35_157,r_22_140_179,r_101_31_3,r_23_35_157,0.47,0,157,157,91
23,r_104_109_78,r_105_97_174,r_126_110_6,r_104_109_78,0.92,0,78,78,91
40,r_113_8_27,seq112,r_10_130_136,r_113_8_27,1.0,0,27,27,91
11,r_37_24_58,seq36,seq25,r_37_24_58,0.96,0,58,58,91
35,r_15_144_59,r_10_130_136,seq141,r_15_144_59,0.98,0,59,59,91
12,r_89_69_98,seq90,seq71,r_89_69_98,0.78,0,98,98,91
39,r_53_146_50,r_148_19_70,r_36_145_62,r_53_146_50,0.92,16,66,50,92
36,r_96_9_79,seq95,seq11,r_96_9_79,1.0,0,79,79,92
22,r_24_43_39,seq25,seq41,r_24_43_39,1.0,0,39,39,92
19,r_47_1_15,r_48_63_48,r_2_0_196,r_48_63_48,0.6,-33,15,48,92
25,r_141_34_43,r_138_129_154,r_37_118_156,r_141_34_43,0.91,0,43,43,92
14,r_17_76_113,seq15,r_103_77_16,r_17_76_113,1.0,0,113,113,92
8,r_36_145_62,r_37_118_156,r_53_146_50,r_36_145_62,1.0,0,62,62,92
43,r_80_144_80,seq82,r_125_130_166,r_80_144_80,1.0,0,80,80,92
83,seq87,r_86_99_139,r_85_83_183,r_86_99_139,0.9,0,139,139,92
37,r_138_129_154,seq139,r_29_132_89,r_29_132_89,1.0,66,155,89,92
59,seq20,seq21,r_148_19_70,r_148_19_70,1.0,8,78,70,92
16,r_117_30_69,seq114,r_81_27_19,r_117_30_69,1.0,0,69,69,92
21,r_28_51_77,r_29_132_89,seq52,r_28_51_77,1.0,0,77,77,92
1,r_123_46_140,seq120,r_59_45_31,r_123_46_140,0.97,-1,139,140,92
32,r_7_88_38,seq6,r_92_12_159,r_92_12_159,0.66,-121,38,159,92
15,r_84_93_133,seq100,r_101_143_181,r_84_93_133,0.46,-49,84,133,92
11,r_59_45_31,r_67_40_57,seq50,r_59_45_31,0.51,0,31,31,92
66,seq134,r_137_32_89,r_124_136_121,r_137_32_89,1.0,0,89,89,92
38,r_75_115_8,seq114,r_135_116_100,r_135_116_100,1.0,24,124,100,92
31,r_124_136_121,r_125_130_166,seq134,r_125_130_166,0.85,-58,108,166,92
41,r_56_65_56,r_57_23_172,r_48_63_48,r_56_65_56,0.63,18,74,56,92
18,r_101_143_181,seq114,r_80_144_80,r_101_143_181,0.85,0,181,181,92
67,seq38,r_37_118_156,seq41,r_37_118_156,1.0,1,157,156,92
7,r_33_44_34,r_37_118_156,seq50,r_33_44_34,1.0,0,34,34,92
26,r_135_116_100,seq134,r_75_115_8,r_135_116_100,0.99,0,100,100,92
72,seq55,r_57_23_172,r_127_66_35,r_127_66_35,0.96,69,104,35,92
73,seq58,r_57_23_172,r_127_66_35,r_127_66_35,0.94,137,172,35,92
20,r_148_19_70,seq149,seq20,r_148_19_70,1.0,0,70,70,92
13,r_98_89_75,seq100,r_109_90_51,r_98_89_75,0.78,0,75,75,92
48,r_57_23_172,seq58,seq22,r_57_23_172,0.61,0,172,172,92
15,r_84_93_133,r_109_90_51,seq100,r_84_93_133,0.65,-82,51,133,92
75,seq64,r_67_40_57,r_48_63_48,r_67_40_57,0.88,0,57,57,92
99,seq149,r_148_19_70,seq147,r_148_19_70,1.0,0,70,70,92
27,r_125_130_166,r_124_136_121,r_29_132_89,r_29_132_89,1.0,53,142,89,92
60,seq21,seq20,r_81_27_19,r_81_27_19,0.75,35,54,19,92
2,r_92_12_159,seq91,r_113_14_60,r_113_14_60,0.97,99,159,60,92
30,r_109_90_51,seq110,r_7_88_38,r_7_88_38,0.99,13,51,38,92
93,seq112,seq110,r_94_111_77,r_94_111_77,0.84,17,94,77,92
40,r_29_132_89,seq25,seq133,r_29_132_89,1.0,0,89,89,92
93,seq112,r_113_14_60,seq110,r_113_14_60,1.0,-31,29,60,92
29,r_137_32_89,r_135_116_100,seq31,r_137_32_89,1.0,0,89,89,92
25,r_141_34_43,r_37_118_156,r_131_35_65,r_131_35_65,0.97,0,65,65,92
24,r_10_13_176,seq11,r_92_12_159,r_92_12_159,0.88,17,176,159,92
43,r_80_144_80,r_125_130_166,r_101_143_181,r_80_144_80,0.5,101,181,80,92
33,r_74_16_193,r_73_121_183,seq68,r_74_16_193,0.42,-10,183,193,92
94,seq114,r_117_30_69,r_75_115_8,r_117_30_69,1.0,-17,52,69,92
65,seq133,r_131_35_65,r_123_46_140,r_131_35_65,0.9,0,65,65,92
3,r_97_39_15,r_94_111_77,seq42,r_97_39_15,0.95,0,15,15,92
61,seq22,seq21,r_81_27_19,r_81_27_19,0.97,40,59,19,92
52,seq6,seq5,r_47_1_15,r_47_1_15,0.93,122,137,15,92
15,r_84_93_133,seq147,r_109_90_51,r_84_93_133,0.38,-121,12,133,92
32,r_7_88_38,r_92_12_159,r_109_90_51,r_92_12_159,0.76,-106,53,159,92
71,seq52,r_33_44_34,r_28_51_77,r_28_51_77,0.76,22,99,77,92
17,r_127_66_35,seq126,seq64,r_127_66_35,1.0,0,35,35,92
81,seq79,r_78_105_194,r_103_77_16,r_103_77_16,0.94,55,71,16,92
9,r_3_18_111,seq5,r_148_19_70,r_3_18_111,0.81,0,111,111,92
6,r_103_77_16,r_117_30_69,seq79,r_103_77_16,1.0,0,16,16,92
28,r_113_14_60,seq112,seq15,r_113_14_60,1.0,0,60,60,92
5,r_81_27_19,seq82,seq25,r_81_27_19,0.9,0,19,19,92
23,r_48_63_48,r_54_49_31,seq64,r_48_63_48,0.65,0,48,48,92
44,r_60_71_82,seq62,seq70,r_60_71_82,1.0,1,83,82,92
82,seq82,r_80_144_80,r_103_77_16,r_80_144_80,0.97,0,80,80,92
0,r_67_40_57,seq64,seq41,r_67_40_57,1.0,0,57,57,92
35,r_61_128_77,seq62,seq133,r_61_128_77,1.0,0,77,77,92
12,r_94_111_77,seq95,seq112,r_94_111_77,0.74,1,78,77,92
39,r_53_146_50,seq52,r_148_19_70,r_53_146_50,0.99,0,50,50,92
93,seq116,r_115_127_100,seq114,r_115_127_100,0.53,40,140,100,93
60,seq148,r_143_129_178,r_8_147_108,r_8_147_108,1.0,6,114,108,93
14,r_95_44_90,seq100,seq43,r_95_44_90,1.0,0,90,90,93
43,r_89_59_94,seq90,seq63,r_89_59_94,0.99,0,94,94,93
37,r_8_147_108,seq7,seq148,r_8_147_108,1.0,0,108,108,93
16,r_110_15_123,r_143_129_178,r_51_139_6,r_51_139_6,0.44,94,100,6,93
21,r_14_140_78,r_11_64_130,r_51_139_6,r_14_140_78,1.0,0,78,78,93
1,r_6_66_173,seq4,r_46_74_120,r_46_74_120,0.71,53,173,120,93
42,r_105_25_128,r_131_31_67,seq123,r_131_31_67,0.98,-3,64,67,93
6,r_145_24_121,r_109_20_118,r_39_22_174,r_39_22_174,0.96,2,176,174,93
82,seq83,r_81_135_166,r_26_87_128,r_26_87_128,0.82,11,139,128,93
19,r_149_16_73,seq148,r_45_18_31,r_149_16_73,1.0,0,73,73,93
24,r_112_104_52,r_97_86_177,seq102,r_112_104_52,0.41,59,111,52,93
76,seq63,seq56,r_38_62_92,r_38_62_92,1.0,62,154,92,93
31,r_117_142_88,seq119,r_51_139_6,r_51_139_6,0.79,82,88,6,93
41,r_61_111_152,seq56,r_82_118_93,r_82_118_93,0.61,61,154,93,93
47,r_107_132_26,r_109_20_118,r_52_130_7,r_107_132_26,0.81,-3,23,26,93
10,r_85_49_83,seq83,seq50,r_85_49_83,1.0,1,84,83,93
90,seq108,r_109_20_118,seq114,r_109_20_118,0.63,0,118,118,93
4,r_46_74_120,seq33,r_69_73_129,r_46_74_120,0.99,0,120,120,93
0,r_81_135_166,r_82_118_93,seq83,r_82_118_93,0.93,0,93,93,93
11,r_126_71_70,seq125,seq65,r_126_71_70,1.0,0,70,70,93
15,r_136_19_123,seq138,r_45_18_31,r_136_19_123,1.0,0,123,123,93
26,r_45_18_31,r_46_74_120,r_17_55_136,r_45_18_31,1.0,0,31,31,93
62,seq30,r_46_74_120,r_131_31_67,r_131_31_67,0.86,24,91,67,93
0,r_81_135_166,seq83,r_107_132_26,r_81_135_166,0.79,0,166,166,93
27,r_58_93_125,seq56,seq92,r_58_93_125,0.95,0,125,125,93
30,r_17_55_136,r_45_18_31,r_60_54_12,r_17_55_136,0.93,0,136,136,93
24,r_112_104_52,seq114,r_97_86_177,r_112_104_52,0.99,0,52,52,93
2,r_35_91_73,seq32,seq90,r_35_91_73,1.0,0,73,73,93
18,r_72_23_189,r_69_73_129,r_145_24_121,r_69_73_129,0.28,59,188,129,93
29,r_38_62_92,r_39_22_174,seq63,r_38_62_92,0.99,0,92,92,93
33,r_97_86_177,seq92,r_26_87_128,r_26_87_128,1.0,53,181,128,93
16,r_110_15_123,r_51_139_6,seq13,r_110_15_123,1.0,0,123,123,93
59,seq144,r_145_24_121,r_67_146_27,r_67_146_27,0.99,1,28,27,93
20,r_109_20_118,r_145_24_121,r_121_12_139,r_121_12_139,0.84,50,189,139,93
42,r_105_25_128,seq123,seq27,r_105_25_128,1.0,1,129,128,93
32,r_82_118_93,r_81_135_166,seq119,r_82_118_93,0.87,0,93,93,93
38,r_39_22_174,seq37,r_145_24_121,r_145_24_121,0.61,53,174,121,93
77,seq65,r_70_84_192,r_11_64_130,r_11_64_130,1.0,51,181,130,93
45,r_42_88_31,r_46_74_120,seq90,r_42_88_31,1.0,0,31,31,93
60,seq148,r_149_16_73,r_143_129_178,r_149_16_73,1.0,-5,68,73,93
30,r_17_55_136,r_11_64_130,r_45_18_31,r_45_18_31,1.0,1,32,31,93
17,r_29_57_66,r_28_141_147,seq56,r_29_57_66,0.99,0,66,66,93
26,r_45_18_31,r_17_55_136,r_136_19_123,r_45_18_31,0.8,105,136,31,93
48,r_1_134_43,seq0,seq133,r_1_134_43,1.0,0,43,43,93
28,r_75_98_164,seq76,seq92,r_75_98_164,0.51,0,164,164,93
5,r_67_146_27,r_70_84_192,seq144,r_67_146_27,1.0,0,27,27,93
44,r_115_127_100,seq116,seq125,r_115_127_100,0.62,2,102,100,93
23,r_21_103_111,r_11_64_130,r_112_104_52,r_21_103_111,0.78,0,111,111,93
82,seq83,r_85_49_83,r_81_135_166,r_85_49_83,1.0,1,84,83,93
35,r_28_141_147,seq27,r_51_139_6,r_28_141_147,0.93,0,147,147,93
12,r_131_31_67,seq133,seq30,r_131_31_67,1.0,0,67,67,93
36,r_52_130_7,r_51_139_6,r_107_132_26,r_107_132_26,1.0,-3,23,26,93
40,r_147_9_8,r_7_133_134,r_17_60_181,r_147_9_8,0.78,126,134,8,94
30,r_131_123_105,seq132,seq124,r_131_123_105,0.96,0,105,105,94
14,r_73_105_84,r_74_21_144,seq104,r_73_105_84,1.0,0,84,84,94
99,seq124,r_63_122_37,r_131_123_105,r_131_123_105,0.75,0,105,105,94
54,seq135,seq139,r_7_133_134,r_7_133_134,1.0,0,134,134,94
45,r_23_95_27,r_24_119_100,seq97,r_23_95_27,1.0,0,27,27,94
86,seq99,r_110_54_123,r_73_105_84,r_73_105_84,0.72,31,115,84,94
1,r_37_67_151,seq38,seq68,r_37_67_151,0.42,1,152,151,94
20,r_140_26_89,r_28_89_123,r_30_10_175,r_28_89_123,1.0,0,123,123,94
5,r_58_134_181,r_62_61_21,r_7_133_134,r_7_133_134,0.72,47,181,134,94
46,r_143_116_159,seq141,r_75_142_105,r_75_142_105,1.0,6,111,105,94
75,seq72,seq77,r_29_70_50,r_29_70_50,1.0,0,50,50,94
33,r_13_42_145,r_121_14_31,seq41,r_121_14_31,0.7,114,145,31,94
22,r_121_14_31,r_120_137_64,r_13_42_145,r_121_14_31,1.0,0,31,31,94
46,r_143_116_159,r_75_142_105,r_127_118_103,r_143_116_159,0.98,0,159,159,94
66,seq38,r_37_67_151,seq36,r_37_67_151,0.78,1,152,151,94
16,r_62_61_21,r_63_122_37,r_32_57_6,r_63_122_37,0.99,-7,30,37,94
76,seq77,r_76_125_134,seq72,r_76_125_134,0.99,0,134,134,94
31,r_65_19_91,r_66_93_99,seq18,r_65_19_91,1.0,0,91,91,94
3,r_110_54_123,seq108,r_128_51_52,r_110_54_123,0.7,0,123,123,94
10,r_64_15_144,seq68,seq16,r_64_15_144,0.9,0,144,144,94
26,r_34_25_138,seq33,r_44_27_130,r_44_27_130,1.0,8,138,130,94
44,r_120_137_64,r_117_79_174,seq139,r_120_137_64,0.92,0,64,64,94
4,r_90_78_134,r_87_91_2,seq81,r_90_78_134,0.6,0,134,134,94
74,seq68,r_64_15_144,r_37_67_151,r_64_15_144,0.95,0,144,144,94
20,r_140_26_89,r_138_55_136,r_28_89_123,r_140_26_89,0.96,0,89,89,94
12,r_29_70_50,r_24_119_100,seq72,r_29_70_50,1.0,0,50,50,94
13,r_71_8_168,seq72,seq18,r_71_8_168,0.56,0,168,168,94
0,r_7_133_134,r_24_119_100,r_147_9_8,r_147_9_8,0.81,2,10,8,94
15,r_30_10_175,r_34_25_138,r_140_26_89,r_140_26_89,1.0,31,120,89,94
57,seq141,r_143_116_159,r_75_142_105,r_75_142_105,0.84,3,108,105,94
8,r_24_119_100,r_30_10_175,r_63_122_37,r_24_119_100,1.0,0,100,100,94
37,r_63_122_37,r_62_61_21,r_117_79_174,r_63_122_37,1.0,0,37,37,94
43,r_102_126_21,r_117_79_174,r_131_123_105,r_117_79_174,0.98,-2,172,174,94
99,seq124,r_127_118_103,r_63_122_37,r_63_122_37,0.98,26,63,37,94
0,r_7_133_134,r_147_9_8,seq135,r_7_133_134,0.97,0,134,134,94
33,r_13_42_145,seq16,r_121_14_31,r_121_14_31,1.0,0,31,31,94
77,seq81,r_80_0_46,seq82,r_80_0_46,1.0,-17,29,46,94
49,r_75_142_105,r_143_116_159,seq141,r_143_116_159,1.0,0,159,159,94
22,r_121_14_31,r_13_42_145,r_64_15_144,r_121_14_31,0.99,114,145,31,94
47,r_4_94_64,r_5_39_74,r_87_91_2,r_87_91_2,0.98,62,64,2,94
59,seq18,seq20,r_65_19_91,r_65_19_91,0.99,32,123,91,94
74,seq68,r_69_3_118,r_64_15_144,r_69_3_118,0.95,0,118,118,94
18,r_87_91_2,r_90_78_134,r_66_93_99,r_66_93_99,0.56,35,134,99,94
29,r_74_21_144,seq72,seq22,r_74_21_144,0.91,0,144,144,94
32,r_28_89_123,r_140_26_89,seq88,r_28_89_123,1.0,0,123,123,94
24,r_92_59_112,r_90_78_134,r_62_61_21,r_92_59_112,0.68,0,112,112,94
43,r_102_126_21,r_127_118_103,r_117_79_174,r_127_118_103,0.53,0,103,103,94
15,r_30_10_175,r_140_26_89,r_147_9_8,r_30_10_175,0.67,0,175,175,94
70,seq46,seq45,r_128_51_52,r_128_51_52,1.0,128,180,52,94
42,r_127_118_103,r_128_51_52,r_102_126_21,r_127_118_103,0.94,-81,22,103,94
68,seq41,r_44_27_130,seq81,r_44_27_130,0.66,-9,121,130,94
42,r_127_118_103,r_102_126_21,seq113,r_127_118_103,0.82,0,103,103,94
32,r_28_89_123,r_24_119_100,r_140_26_89,r_140_26_89,0.87,2,91,89,94
52,seq132,r_131_123_105,seq135,r_131_123_105,1.0,0,105,105,94
34,r_5_39_74,seq1,seq38,r_5_39_74,0.99,0,74,74,94
44,r_120_137_64,r_121_14_31,r_117_79_174,r_121_14_31,1.0,-2,29,31,94
43,r_102_126_21,r_110_54_123,r_127_118_103,r_102_126_21,1.0,0,21,21,94
48,r_80_0_46,seq81,seq1,r_80_0_46,0.99,0,46,46,94
60,seq144,r_143_116_159,seq148,r_143_116_159,0.88,-22,137,159,94
17,r_66_93_99,r_69_3_118,r_87_91_2,r_69_3_118,0.69,-16,102,118,94
25,r_17_60_181,seq16,r_128_51_52,r_17_60_181,0.73,0,181,181,94
9,r_44_27_130,seq41,r_140_26_89,r_44_27_130,0.91,0,130,130,94
37,r_63_122_37,r_117_79_174,r_24_119_100,r_24_119_100,1.0,3,103,100,94
40,r_147_9_8,r_17_60_181,r_30_10_175,r_17_60_181,0.64,-3,178,181,94
20,r_140_26_89,r_30_10_175,r_44_27_130,r_140_26_89,0.58,51,140,89,94
49,r_75_142_105,r_76_125_134,r_143_116_159,r_75_142_105,0.9,0,105,105,94
8,r_24_119_100,r_29_70_50,r_30_10_175,r_29_70_50,1.0,-4,46,50,94
35,r_76_125_134,seq77,seq124,r_76_125_134,0.83,0,134,134,94
27,r_103_31_14,r_110_54_123,r_100_35_1,r_103_31_14,0.99,0,14,14,94
68,seq41,seq81,r_13_42_145,r_13_42_145,0.6,0,145,145,94
6,r_43_145_48,r_44_27_130,seq148,r_43_145_48,1.0,0,48,48,94
38,r_130_96_37,seq144,r_23_95_27,r_23_95_27,0.63,6,33,27,94
30,r_14_25_134,seq17,seq29,r_14_25_134,0.43,2,136,134,95
51,seq1,r_2_145_175,r_41_5_151,r_2_145_175,0.76,0,175,175,95
8,r_112_35_100,r_117_113_12,seq36,r_112_35_100,1.0,0,100,100,95
43,r_27_26_64,r_28_110_88,seq29,r_28_110_88,1.0,-21,67,88,95
54,seq10,r_8_146_165,r_6_12_62,r_8_146_165,0.84,-96,69,165,95
37,r_59_86_117,seq56,seq88,r_59_86_117,1.0,0,117,117,95
21,r_41_5_151,r_72_40_19,seq3,r_41_5_151,0.95,0,151,151,95
55,seq142,r_141_96_161,r_30_143_68,r_30_143_68,1.0,5,73,68,95
71,seq62,r_61_140_75,seq63,r_61_140_75,1.0,0,75,75,95
16,r_99_31_61,seq100,seq29,r_99_31_61,0.99,0,61,61,95
21,r_41_5_151,r_42_54_174,r_72_40_19,r_72_40_19,1.0,76,95,19,95
1,r_33_37_83,seq36,r_72_40_19,r_33_37_83,0.85,0,83,83,95
5,r_61_140_75,seq62,seq142,r_61_140_75,1.0,0,75,75,95
46,r_0_39_137,r_2_145_175,r_72_40_19,r_0_39_137,0.97,0,137,137,95
10,r_131_47_18,r_130_91_126,r_16_48_11,r_131_47_18,1.0,0,18,18,95
45,r_38_127_103,r_42_54_174,seq126,r_38_127_103,1.0,0,103,103,95
19,r_13_44_67,r_8_146_165,seq43,r_8_146_165,0.77,-98,67,165,95
64,seq46,seq50,r_16_48_11,r_16_48_11,1.0,6,17,11,95
38,r_118_138_144,r_23_119_62,seq137,r_118_138_144,1.0,0,144,144,95
31,r_115_11_139,r_117_113_12,r_6_12_62,r_115_11_139,0.98,0,139,139,95
41,r_42_54_174,seq43,r_78_60_32,r_42_54_174,0.7,0,174,174,95
3,r_4_92_65,r_6_12_62,seq88,r_4_92_65,0.99,0,65,65,95
62,seq36,r_33_37_83,r_148_34_17,r_148_34_17,1.0,0,17,17,95
44,r_76_83_25,seq74,seq84,r_76_83_25,0.73,-3,22,25,95
26,r_117_113_12,r_115_11_139,r_7_122_22,r_117_113_12,0.98,127,139,12,95
4,r_28_110_88,r_27_26_64,seq111,r_28_110_88,1.0,0,88,88,95
20,r_133_79_120,r_130_91_126,seq75,r_133_79_120,0.5,0,120,120,95
98,seq126,seq128,r_95_125_31,r_95_125_31,0.87,34,65,31,95
13,r_8_146_165,r_114_9_5,seq147,r_114_9_5,0.68,162,167,5,95
17,r_95_125_31,seq94,seq126,r_95_125_31,0.96,0,31,31,95
49,r_16_48_11,r_14_25_134,r_131_47_18,r_16_48_11,0.76,1,12,11,95
15,r_53_20_8,seq17,r_64_19_35,r_64_19_35,1.0,3,38,35,95
27,r_30_143_68,seq29,seq142,r_30_143_68,1.0,0,68,68,95
47,r_85_102_85,seq84,seq106,r_85_102_85,1.0,0,85,85,95
40,r_105_45_150,seq106,r_131_47_18,r_105_45_150,0.95,0,150,150,95
23,r_148_34_17,r_141_96_161,seq36,r_148_34_17,1.0,0,17,17,95
12,r_65_70_38,seq66,seq71,r_65_70_38,0.89,0,38,38,95
28,r_72_40_19,seq71,seq43,r_72_40_19,0.98,0,19,19,95
29,r_64_19_35,seq63,r_53_20_8,r_64_19_35,0.99,0,35,35,95
65,seq50,r_49_82_174,seq46,r_49_82_174,0.94,-19,155,174,95
57,seq17,r_18_132_88,seq15,r_18_132_88,1.0,-65,23,88,95
42,r_114_9_5,r_8_146_165,r_41_5_151,r_8_146_165,0.81,2,167,165,95
38,r_118_138_144,seq116,r_23_119_62,r_23_119_62,1.0,3,65,62,95
24,r_80_87_200,r_85_102_85,seq98,r_85_102_85,1.0,-34,51,85,95
34,r_18_132_88,seq17,r_133_79_120,r_18_132_88,0.93,1,89,88,95
25,r_7_122_22,r_8_146_165,r_135_124_9,r_7_122_22,0.93,0,22,22,95
33,r_32_123_4,seq121,r_135_124_9,r_135_124_9,1.0,18,27,9,95
9,r_144_24_101,seq142,seq21,r_144_24_101,0.96,0,101,101,95
14,r_78_60_32,r_77_67_203,seq56,r_78_60_32,0.75,0,32,32,95
22,r_23_119_62,seq21,r_7_122_22,r_23_119_62,0.94,0,62,62,95
7,r_130_91_126,seq126,seq90,r_130_91_126,0.91,0,126,126,95
34,r_18_132_88,r_133_79_120,seq121,r_133_79_120,0.97,0,120,120,95
35,r_6_12_62,r_4_92_65,seq10,r_4_92_65,1.0,-1,64,65,95
44,r_136_112_177,r_65_137_36,seq118,r_136_112_177,0.47,0,177,177,96
51,seq4,r_3_35_169,r_142_2_158,r_142_2_158,0.82,11,169,158,96
36,r_38_110_123,r_39_138_187,r_42_104_101,r_39_138_187,0.99,-64,123,187,96
22,r_128_63_73,seq66,r_25_61_89,r_25_61_89,0.77,2,91,89,96
43,r_64_40_60,r_62_29_167,r_1_37_59,r_64_40_60,1.0,0,60,60,96
32,r_119_120_80,r_123_55_174,r_140_28_127,r_119_120_80,0.48,-49,31,80,96
27,r_133_33_86,r_32_102_175,r_76_31_119,r_133_33_86,0.77,46,132,86,96
21,r_32_102_175,r_76_31_119,r_97_108_162,r_32_102_175,0.99,0,175,175,96
54,seq145,seq149,r_0_147_108,r_0_147_108,0.99,16,124,108,96
16,r_107_122_110,seq103,r_123_55_174,r_107_122_110,0.94,0,110,110,96
1,r_140_28_127,seq141,r_39_138_187,r_140_28_127,0.93,0,127,127,96
42,r_142_2_158,seq141,seq4,r_142_2_158,0.6,0,158,158,96
30,r_58_26_33,r_39_138_187,r_3_35_169,r_3_35_169,0.74,2,171,169,96
1,r_140_28_127,r_39_138_187,r_62_29_167,r_62_29_167,0.55,3,170,167,96
69,seq48,seq51,r_30_47_29,r_30_47_29,0.87,52,81,29,96
45,r_9_59_126,seq11,r_128_63_73,r_9_59_126,0.98,0,126,126,96
44,r_136_112_177,r_127_53_132,r_65_137_36,r_136_112_177,0.63,-129,48,177,96
13,r_123_55_174,r_41_125_102,seq54,r_123_55_174,0.93,0,174,174,96
66,seq36,r_39_138_187,r_1_37_59,r_1_37_59,1.0,6,65,59,96
39,r_65_137_36,r_136_112_177,seq132,r_65_137_36,0.72,96,132,36,96
31,r_62_29_167,r_64_40_60,seq66,r_64_40_60,0.98,0,60,60,96
15,r_1_37_59,r_3_35_169,seq36,r_1_37_59,0.99,0,59,59,96
30,r_58_26_33,seq57,r_25_61_89,r_58_26_33,1.0,0,33,33,96
3,r_49_88_23,seq48,seq89,r_49_88_23,1.0,0,23,23,96
10,r_113_72_171,seq115,r_75_71_10,r_113_72_171,0.68,0,171,171,96
9,r_5_14_38,seq7,seq17,r_5_14_38,0.96,0,38,38,96
72,seq56,seq54,r_127_53_132,r_127_53_132,1.0,9,141,132,96
16,r_107_122_110,r_123_55_174,r_41_125_102,r_123_55_174,1.0,0,174,174,96
4,r_97_108_162,seq89,r_146_101_5,r_97_108_162,0.61,0,162,162,96
0,r_0_147_108,r_3_35_169,seq148,r_0_147_108,0.92,1,109,108,96
63,seq149,seq148,r_0_147_108,r_0_147_108,1.0,32,140,108,96
11,r_3_35_169,seq4,r_58_26_33,r_3_35_169,0.66,0,169,169,96
31,r_62_29_167,seq66,r_25_61_89,r_62_29_167,0.5,-76,91,167,96
5,r_86_13_46,r_87_45_171,r_60_15_47,r_86_13_46,0.96,1,47,46,96
13,r_123_55_174,seq121,r_41_125_102,r_41_125_102,0.96,31,133,102,96
49,r_39_138_187,r_1_37_59,r_65_137_36,r_39_138_187,0.74,0,187,187,96
31,r_62_29_167,r_25_61_89,r_140_28_127,r_62_29_167,0.96,0,167,167,96
41,r_73_131_18,seq74,seq132,r_73_131_18,0.97,2,20,18,96
6,r_34_50_68,r_32_102_175,r_30_47_29,r_32_102_175,0.47,-107,68,175,96
62,seq148,seq149,r_0_147_108,r_0_147_108,1.0,9,117,108,96
21,r_32_102_175,seq36,r_76_31_119,r_76_31_119,1.0,2,121,119,96
99,seq121,r_123_55_174,r_41_125_102,r_41_125_102,0.98,73,175,102,96
5,r_86_13_46,r_60_15_47,r_106_16_8,r_86_13_46,0.55,93,139,46,96
27,r_133_33_86,seq129,r_32_102_175,r_133_33_86,0.97,0,86,86,96
34,r_60_15_47,r_62_29_167,r_5_14_38,r_60_15_47,1.0,0,47,47,96
9,r_5_14_38,seq17,r_60_15_47,r_60_15_47,0.81,5,52,47,96
73,seq57,r_58_26_33,seq54,r_58_26_33,1.0,0,33,33,96
29,r_111_82_22,r_113_72_171,seq83,r_111_82_22,0.98,1,23,22,96
12,r_106_16_8,r_113_72_171,seq17,r_113_72_171,0.54,-161,10,171,96
2,r_87_45_171,seq85,r_124_46_101,r_87_45_171,0.42,0,171,171,96
47,r_27_130_84,r_25_61_89,seq129,r_27_130_84,1.0,0,84,84,96
40,r_124_46_101,seq121,seq44,r_124_46_101,0.99,0,101,101,96
53,seq7,r_5_14_38,r_52_6_7,r_5_14_38,0.74,-12,26,38,96
8,r_75_71_10,r_76_31_119,r_23_70_14,r_75_71_10,0.62,0,10,10,96
25,r_42_104_101,r_41_125_102,seq103,r_42_104_101,0.91,0,101,101,96
33,r_92_68_129,seq91,seq69,r_92_68_129,0.9,0,129,129,96
64,seq22,seq17,r_8_21_91,r_8_21_91,1.0,28,119,91,96
19,r_23_70_14,seq17,r_75_71_10,r_23_70_14,0.94,0,14,14,96
70,seq51,seq48,r_34_50_68,r_34_50_68,1.0,26,94,68,96
32,r_119_120_80,seq148,seq141,r_119_120_80,0.54,7,87,80,96
21,r_32_102_175,r_34_50_68,seq36,r_34_50_68,1.0,-11,57,68,96
20,r_25_61_89,r_62_29_167,r_128_63_73,r_62_29_167,1.0,0,167,167,96
30,r_58_26_33,r_25_61_89,r_39_138_187,r_25_61_89,0.98,0,89,89,96
17,r_41_125_102,r_42_104_101,r_123_55_174,r_41_125_102,0.51,0,102,102,96
22,r_128_63_73,r_133_33_86,seq66,r_128_63_73,0.77,0,73,73,96
49,r_39_138_187,r_38_110_123,r_1_37_59,r_1_37_59,0.73,64,123,59,96
28,r_139_93_28,r_136_112_177,seq94,r_139_93_28,0.98,0,28,28,96
7,r_76_31_119,r_77_19_164,r_133_33_86,r_76_31_119,0.96,0,119,119,96
23,r_127_53_132,seq129,seq56,r_127_53_132,0.95,0,132,132,96
17,r_41_125_102,r_123_55_174,seq121,r_123_55_174,0.97,0,174,174,96
82,seq84,r_87_45_171,seq78,r_87_45_171,0.68,-104,67,171,96
39,r_65_137_36,seq66,r_136_112_177,r_65_137_36,0.99,0,36,36,96
5,r_48_74_108,r_42_7_85,r_81_46_56,r_81_46_56,0.79,0,56,56,97
30,r_81_46_56,r_48_74_108,r_20_47_112,r_81_46_56,0.98,53,109,56,97
14,r_9_54_100,seq11,seq52,r_9_54_100,0.94,0,100,100,97
43,r_100_66_63,seq97,seq67,r_100_66_63,1.0,0,63,63,97
30,r_81_46_56,seq79,r_48_74_108,r_81_46_56,0.97,0,56,56,97
37,r_41_130_171,seq40,seq129,r_41_130_171,0.62,0,171,171,97
13,r_71_33_45,seq53,seq27,r_71_33_45,0.97,0,45,45,97
16,r_2_135_25,r_3_14_46,r_134_10_57,r_2_135_25,0.91,0,25,25,97
86,seq88,seq83,r_21_103_98,r_21_103_98,0.97,8,106,98,97
21,r_4_5_86,seq11,r_105_6_89,r_105_6_89,1.0,9,98,89,97
39,r_61_92_176,r_59_62_99,r_24_93_70,r_24_93_70,0.98,106,176,70,97
1,r_87_115_96,seq83,r_117_111_154,r_87_115_96,0.97,0,96,96,97
46,r_23_137_171,r_24_93_70,r_41_130_171,r_24_93_70,0.94,0,70,70,97
45,r_22_139_116,r_21_103_98,seq17,r_21_103_98,0.94,-10,88,98,97
29,r_44_72_30,r_59_62_99,r_98_69_51,r_98_69_51,0.87,2,53,51,97
11,r_51_35_27,r_34_39_160,seq27,r_34_39_160,0.51,0,160,160,97
92,seq109,seq106,r_84_110_37,r_84_110_37,1.0,-2,35,37,97
91,seq106,seq109,r_26_108_6,r_26_108_6,0.5,27,33,6,97
31,r_21_103_98,r_22_139_116,r_128_96_94,r_128_96_94,0.58,4,98,94,97
41,r_132_107_147,seq133,r_26_108_6,r_132_107_147,0.61,1,148,147,97
11,r_51_35_27,seq52,r_34_39_160,r_51_35_27,1.0,0,27,27,97
45,r_22_139_116,seq17,r_64_140_114,r_22_139_116,0.99,1,117,116,97
3,r_120_127_180,seq119,r_131_121_141,r_131_121_141,0.73,37,178,141,97
90,seq97,seq90,r_128_96_94,r_128_96_94,1.0,12,106,94,97
8,r_102_147_22,r_89_101_189,r_145_149_152,r_102_147_22,0.6,1,23,22,97
26,r_77_49_168,seq78,r_81_46_56,r_81_46_56,1.0,113,169,56,97
4,r_141_82_159,seq142,r_8_86_20,r_141_82_159,0.48,1,160,159,97
28,r_134_10_57,r_141_82_159,r_2_135_25,r_2_135_25,1.0,1,26,25,97
46,r_23_137_171,r_41_130_171,r_64_140_114,r_23_137_171,0.43,-7,164,171,97
15,r_118_57_106,r_120_127_180,seq60,r_118_57_106,0.99,1,107,106,97
28,r_134_10_57,r_2_135_25,r_99_12_48,r_134_10_57,0.99,0,57,57,97
27,r_99_12_48,r_100_66_63,seq13,r_99_12_48,1.0,0,48,48,97
19,r_38_95_29,r_41_130_171,seq94,r_38_95_29,0.99,0,29,29,97
49,r_98_69_51,seq97,r_44_72_30,r_98_69_51,1.0,0,51,51,97
48,r_84_110_37,seq83,seq109,r_84_110_37,1.0,0,37,37,97
42,r_45_104_24,r_44_72_30,seq97,r_45_104_24,1.0,0,24,24,97
22,r_34_39_160,r_51_35_27,seq40,r_34_39_160,0.33,2,162,160,97
2,r_128_96_94,seq129,seq97,r_128_96_94,0.95,0,94,94,97
17,r_19_126_27,seq17,seq125,r_19_126_27,1.0,0,27,27,97
5,r_48_74_108,r_81_46_56,r_148_75_39,r_48_74_108,1.0,1,109,108,97
18,r_25_0_172,seq40,r_76_1_33,r_76_1_33,0.91,140,173,33,97
24,r_80_70_142,seq79,r_44_72_30,r_80_70_142,0.77,0,142,142,97
25,r_64_140_114,seq63,seq142,r_64_140_114,0.99,0,114,114,97
16,r_2_135_25,r_134_10_57,seq144,r_134_10_57,0.8,0,57,57,97
6,r_136_85_127,seq142,r_2_135_25,r_2_135_25,1.0,28,53,25,97
6,r_136_85_127,r_2_135_25,seq83,r_136_85_127,1.0,0,127,127,97
32,r_42_7_85,seq43,r_99_12_48,r_42_7_85,1.0,0,85,85,97
38,r_28_112_129,seq29,r_16_113_108,r_28_112_129,0.71,1,130,129,97
36,r_76_1_33,seq78,seq18,r_76_1_33,1.0,0,33,33,97
22,r_34_39_160,seq29,r_51_35_27,r_51_35_27,1.0,23,50,27,97
34,r_105_6_89,seq97,r_4_5_86,r_105_6_89,1.0,0,89,89,97
0,r_148_75_39,r_145_149_152,seq78,r_148_75_39,0.97,-1,38,39,97
60,seq27,seq29,r_71_33_45,r_71_33_45,1.0,140,185,45,97
44,r_20_47_112,seq17,r_81_46_56,r_20_47_112,1.0,0,112,112,97
33,r_8_86_20,r_9_54_100,seq83,r_8_86_20,1.0,-1,19,20,97
35,r_16_113_108,seq17,r_87_115_96,r_16_113_108,0.99,0,108,108,97
12,r_24_93_70,r_23_137_171,seq97,r_24_93_70,1.0,0,70,70,97
89,seq94,seq90,r_38_95_29,r_38_95_29,1.0,1,30,29,97
36,r_118_14_161,seq124,r_76_16_13,r_118_14_161,0.87,1,162,161,98
44,r_76_16_13,r_75_96_62,r_45_19_6,r_76_16_13,0.99,0,13,13,98
14,r_74_101_141,seq72,r_75_96_62,r_75_96_62,0.69,79,141,62,98
43,r_80_12_77,r_81_84_108,seq11,r_80_12_77,1.0,0,77,77,98
9,r_66_114_34,seq68,r_121_115_30,r_66_114_34,0.98,0,34,34,98
54,seq9,r_8_50_88,r_45_19_6,r_8_50_88,1.0,0,88,88,98
37,r_81_84_108,seq79,seq86,r_81_84_108,0.68,0,108,108,98
3,r_82_23_11,seq85,seq24,r_82_23_11,0.85,0,11,11,98
26,r_126_111_11,r_123_128_22,r_121_115_30,r_123_128_22,0.96,24,46,22,98
39,r_94_145_80,seq93,r_146_148_195,r_94_145_80,1.0,0,80,80,98
1,r_106_15_169,r_126_111_11,r_45_19_6,r_106_15_169,0.82,0,169,169,98
97,seq116,r_113_100_101,r_121_115_30,r_113_100_101,0.99,-37,64,101,98
5,r_141_40_72,r_139_20_187,seq41,r_141_40_72,0.99,0,72,72,98
46,r_13_119_65,seq4,seq124,r_13_119_65,1.0,1,66,65,98
42,r_125_44_80,seq127,r_46_47_123,r_125_44_80,0.93,0,80,80,98
80,seq68,r_67_112_125,r_61_69_14,r_67_112_125,0.99,2,127,125,98
42,r_125_44_80,r_36_97_186,seq43,r_125_44_80,0.39,57,137,80,98
45,r_30_53_141,seq29,r_143_54_32,r_143_54_32,0.57,109,141,32,98
85,seq79,seq93,r_74_101_141,r_74_101_141,0.94,18,159,141,98
30,r_121_115_30,r_123_128_22,r_66_114_34,r_121_115_30,0.6,7,37,30,98
41,r_32_26_94,seq29,r_18_25_51,r_32_26_94,1.0,0,94,94,98
10,r_36_97_186,seq33,r_75_96_62,r_36_97_186,0.45,0,186,186,98
19,r_89_129_22,seq88,r_123_128_22,r_89_129_22,0.72,1,23,22,98
8,r_123_128_22,r_131_107_95,r_89_129_22,r_123_128_22,0.76,1,23,22,98
59,seq17,r_18_25_51,r_45_19_6,r_45_19_6,0.91,4,10,6,98
27,r_60_39_15,r_61_69_14,seq41,r_60_39_15,1.0,0,15,15,98
48,r_46_47_123,r_125_44_80,r_143_54_32,r_46_47_123,0.75,0,123,123,98
4,r_3_70_61,seq4,seq72,r_3_70_61,1.0,0,61,61,98
0,r_51_65_111,r_56_87_150,seq62,r_51_65_111,0.99,0,111,111,98
7,r_28_136_27,r_133_5_57,r_102_137_50,r_133_5_57,0.72,0,57,57,98
73,seq43,r_46_47_123,r_125_44_80,r_125_44_80,0.99,32,112,80,98
20,r_92_108_124,seq93,seq110,r_92_108_124,0.65,0,124,124,98
98,seq124,r_120_83_118,r_13_119_65,r_13_119_65,0.51,53,118,65,98
15,r_38_135_144,seq41,r_28_136_27,r_38_135_144,0.67,0,144,144,98
48,r_46_47_123,seq43,r_125_44_80,r_125_44_80,1.0,0,80,80,98
4,r_3_70_61,seq72,r_51_65_111,r_51_65_111,1.0,63,174,111,98
13,r_8_50_88,r_143_54_32,r_117_49_92,r_117_49_92,0.54,22,114,92,98
6,r_91_77_111,r_90_64_145,seq78,r_91_77_111,0.86,0,111,111,98
85,seq79,r_81_84_108,seq93,r_81_84_108,0.5,0,108,108,98
99,seq127,r_125_44_80,r_89_129_22,r_125_44_80,1.0,1,81,80,98
29,r_102_137_50,seq103,r_28_136_27,r_102_137_50,0.99,0,50,50,98
7,r_28_136_27,r_32_26_94,r_133_5_57,r_28_136_27,0.94,2,29,27,98
48,r_46_47_123,r_143_54_32,r_99_48_143,r_99_48_143,0.85,5,148,143,98
2,r_75_96_62,r_74_101_141,seq95,r_75_96_62,0.82,0,62,62,98
18,r_117_49_92,r_113_100_101,r_8_50_88,r_117_49_92,1.0,0,92,92,98
40,r_61_69_14,r_60_39_15,seq68,r_60_39_15,0.66,-2,13,15,98
24,r_113_100_101,seq116,seq103,r_113_100_101,0.87,0,101,101,98
33,r_99_48_143,seq98,r_46_47_123,r_99_48_143,0.89,0,143,143,98
12,r_143_54_32,seq142,r_2_55_5,r_143_54_32,1.0,0,32,32,98
74,seq134,r_133_5_57,r_28_136_27,r_133_5_57,0.69,0,57,57,98
38,r_122_147_108,seq124,seq149,r_122_147_108,0.91,0,108,108,98
47,r_133_5_57,seq134,seq6,r_133_5_57,1.0,0,57,57,98
42,r_125_44_80,r_46_47_123,r_36_97_186,r_125_44_80,0.46,43,123,80,98
60,seq21,r_22_52_98,r_82_23_11,r_22_52_98,0.77,0,98,98,98
31,r_18_25_51,seq17,seq24,r_18_25_51,0.78,7,58,51,98
17,r_131_107_95,r_130_7_177,seq110,r_130_7_177,0.96,-81,96,177,98
25,r_45_19_6,seq17,r_76_16_13,r_76_16_13,0.96,124,137,13,98
26,r_126_111_11,r_121_115_30,r_67_112_125,r_67_112_125,1.0,4,129,125,98
22,r_22_52_98,seq21,r_143_54_32,r_22_52_98,1.0,0,98,98,98
28,r_120_83_118,r_118_14_161,r_81_84_108,r_118_14_161,0.92,-43,118,161,98
56,seq11,seq4,r_80_12_77,r_80_12_77,1.0,0,77,77,98
23,r_140_138_3,r_139_20_187,r_122_147_108,r_122_147_108,0.98,79,187,108,98
60,seq21,r_82_23_11,r_139_20_187,r_139_20_187,0.88,0,187,187,98
35,r_56_87_150,seq57,r_81_84_108,r_56_87_150,0.94,0,150,150,98
4,r_19_74_22,r_15_133_111,seq75,r_19_74_22,1.0,0,22,22,99
33,r_97_59_170,r_95_10_45,r_134_98_33,r_97_59_170,1.0,-125,45,170,99
40,r_145_130_56,seq146,r_123_113_149,r_145_130_56,0.99,1,57,56,99
36,r_100_48_187,seq103,r_51_58_88,r_51_58_88,0.75,99,187,88,99
22,r_127_0_39,r_139_17_154,r_4_82_147,r_127_0_39,0.99,0,39,39,99
43,r_25_128_111,seq23,r_144_129_106,r_25_128_111,0.68,0,111,111,99
14,r_95_10_45,r_97_59_170,r_11_126_181,r_95_10_45,1.0,0,45,45,99
30,r_89_63_18,r_86_137_183,seq64,r_89_63_18,0.93,0,18,18,99
94,seq146,r_145_130_56,r_149_117_164,r_145_130_56,1.0,-15,41,56,99
9,r_91_56_163,r_86_137_183,r_134_98_33,r_86_137_183,0.45,-68,115,183,99
37,r_8_96_122,seq9,r_134_98_33,r_8_96_122,0.92,0,122,122,99
3,r_134_98_33,r_97_59_170,r_8_96_122,r_8_96_122,1.0,5,127,122,99
9,r_91_56_163,r_134_98_33,r_51_58_88,r_91_56_163,0.91,0,163,163,99
86,seq83,r_86_137_183,r_22_81_82,r_22_81_82,1.0,1,83,82,99
16,r_144_129_106,r_143_62_74,seq146,r_143_62_74,0.92,0,74,74,99
21,r_132_87_86,seq135,seq88,r_132_87_86,1.0,0,86,86,99
1,r_5_1_85,seq6,r_127_0_39,r_127_0_39,1.0,46,85,39,99
97,seq116,r_118_79_176,r_149_117_164,r_149_117_164,0.61,0,164,164,99
5,r_51_58_88,r_52_12_164,r_89_63_18,r_51_58_88,0.72,40,128,88,99
46,r_106_61_60,r_112_110_92,r_89_63_18,r_106_61_60,1.0,0,60,60,99
45,r_143_62_74,r_144_129_106,r_89_63_18,r_143_62_74,1.0,0,74,74,99
89,seq90,r_22_81_82,r_101_114_127,r_22_81_82,0.51,94,176,82,99
33,r_97_59_170,r_134_98_33,r_51_58_88,r_97_59_170,0.59,0,170,170,99
31,r_139_17_154,seq135,seq16,r_139_17_154,0.63,0,154,154,99
8,r_35_13_14,seq34,seq16,r_35_13_14,1.0,0,14,14,99
19,r_148_43_46,r_26_2_160,r_21_40_57,r_26_2_160,0.52,-71,89,160,99
89,seq90,seq93,r_22_81_82,r_22_81_82,0.98,22,104,82,99
26,r_26_2_160,r_39_38_89,seq27,r_39_38_89,0.77,-20,69,89,99
72,seq50,r_52_12_164,r_51_58_88,r_52_12_164,1.0,0,164,164,99
40,r_145_130_56,r_123_113_149,r_144_129_106,r_145_130_56,1.0,50,106,56,99
14,r_95_10_45,r_11_126_181,r_5_1_85,r_11_126_181,0.85,0,181,181,99
0,r_118_79_176,seq116,r_19_74_22,r_19_74_22,0.48,156,178,22,99
73,seq60,r_57_84_91,r_89_63_18,r_57_84_91,0.76,0,91,91,99
16,r_144_129_106,seq146,r_145_130_56,r_144_129_106,0.65,2,108,106,99
20,r_86_137_183,seq88,r_80_140_82,r_80_140_82,1.0,104,186,82,99
13,r_52_12_164,seq50,r_35_13_14,r_52_12_164,0.85,0,164,164,99
48,r_57_84_91,seq60,seq88,r_57_84_91,1.0,0,91,91,99
57,seq141,r_139_17_154,r_80_140_82,r_80_140_82,0.94,41,123,82,99
6,r_4_82_147,seq3,seq83,r_4_82_147,0.95,0,147,147,99
2,r_11_126_181,r_95_10_45,r_73_125_24,r_11_126_181,0.69,0,181,181,99
41,r_147_53_77,r_148_43_46,r_149_117_164,r_148_43_46,0.99,0,46,46,99
42,r_105_54_24,r_112_110_92,seq50,r_105_54_24,0.97,0,24,24,99
27,r_47_107_79,r_51_58_88,seq108,r_47_107_79,1.0,0,79,79,99
19,r_148_43_46,r_147_53_77,r_26_2_160,r_148_43_46,1.0,0,46,46,99
23,r_149_117_164,r_148_43_46,seq146,r_148_43_46,1.0,0,46,46,99
87,seq85,r_86_137_183,seq88,r_86_137_183,0.64,-4,179,183,99
22,r_127_0_39,r_4_82_147,r_5_1_85,r_4_82_147,1.0,-15,132,147,99
24,r_44_55_51,r_42_20_160,r_105_54_24,r_44_55_51,1.0,0,51,51,99
2,r_11_126_181,r_8_96_122,r_95_10_45,r_11_126_181,0.82,-99,82,181,99
18,r_36_124_123,seq37,r_73_125_24,r_36_124_123,0.97,0,123,123,99
29,r_80_140_82,seq75,seq138,r_80_140_82,1.0,0,82,82,99
35,r_73_125_24,seq136,r_11_126_181,r_11_126_181,0.95,2,183,181,99
25,r_21_40_57,r_22_81_82,r_39_38_89,r_22_81_82,0.96,-13,69,82,99
88,seq88,r_86_137_183,r_132_87_86,r_132_87_86,1.0,30,116,86,99
50,seq3,r_4_82_147,seq16,r_4_82_147,1.0,0,147,147,99
68,seq37,r_36_124_123,r_39_38_89,r_36_124_123,1.0,0,123,123,99
32,r_131_119_58,seq135,seq121,r_131_119_58,0.81,2,60,58,99
38,r_15_133_111,seq14,seq136,r_15_133_111,1.0,0,111,111,99
34,r_24_104_184,seq23,r_101_114_127,r_101_114_127,0.76,57,184,127,99
3,r_134_98_33,r_139_17_154,r_97_59_170,r_134_98_33,1.0,0,33,33,99
81,seq71,seq72,r_51_58_88,r_51_58_88,0.35,64,152,88,99
17,r_42_20_160,seq41,seq16,r_42_20_160,0.83,0,160,160,99
26,r_26_2_160,seq27,r_5_1_85,r_26_2_160,0.87,0,160,160,99
28,r_123_113_149,seq122,r_49_109_51,r_123_113_149,0.9,0,149,149,99
41,r_147_53_77,r_149_117_164,r_44_55_51,r_147_53_77,1.0,0,77,77,99
49,r_102_45_71,r_101_114_127,r_51_58_88,r_102_45_71,0.99,0,71,71,99
94,seq146,r_149_117_164,seq142,r_149_117_164,0.72,0,164,164,99
11,r_99_29_39,r_101_114_127,seq27,r_99_29_39,1.0,0,39,39,99
12,r_22_81_82,r_25_128_111,seq83,r_22_81_82,1.0,0,82,82,99
