40,r_64_55_206,r_108_63_102,r_76_50_194,r_108_63_102,0.69,104,206,102,0
36,r_27_135_75,seq28,seq136,r_27_135_75,1.0,0,75,75,0
14,r_9_54_172,seq10,r_84_60_111,r_84_60_111,0.91,61,172,111,0
8,r_89_41_113,seq92,r_68_43_87,r_89_41_113,1.0,0,113,113,0
81,seq72,r_100_74_36,r_78_71_75,r_78_71_75,0.96,108,183,75,0
44,r_114_3_47,r_115_51_186,seq5,r_114_3_47,1.0,0,47,47,0
16,r_138_86_80,seq141,seq85,r_138_86_80,0.9,0,80,80,0
39,r_25_88_159,r_26_29_68,seq28,r_26_29_68,0.49,10,78,68,0
42,r_6_133_185,r_4_120_123,seq7,r_4_120_123,0.66,-3,120,123,0
45,r_129_142_24,seq132,r_69_140_22,r_69_140_22,1.0,0,22,22,0
7,r_35_137_154,seq32,r_27_135_75,r_35_137_154,0.87,0,154,154,0
66,seq28,r_30_45_102,seq11,r_30_45_102,0.49,-25,77,102,0
21,r_69_140_22,r_68_43_87,seq141,r_69_140_22,1.0,0,22,22,0
19,r_126_131_176,seq125,r_35_137_154,r_35_137_154,0.76,22,176,154,0
49,r_26_29_68,r_30_45_102,seq28,r_30_45_102,0.67,0,102,102,0
89,seq95,r_96_90_125,r_18_101_91,r_18_101_91,1.0,33,124,91,0
0,r_76_50_194,seq66,r_84_60_111,r_76_50_194,0.53,3,197,194,0
90,seq99,r_96_90_125,r_18_101_91,r_18_101_91,1.0,47,138,91,0
41,r_14_24_104,r_26_29_68,r_73_21_45,r_26_29_68,0.22,121,189,68,0
26,r_78_71_75,r_80_1_113,r_100_74_36,r_78_71_75,1.0,0,75,75,0
81,seq72,r_64_55_206,r_100_74_36,r_100_74_36,1.0,-1,35,36,0
78,seq66,r_65_97_147,seq70,r_65_97_147,1.0,-23,124,147,0
0,r_76_50_194,r_64_55_206,r_39_75_34,r_39_75_34,0.91,69,103,34,0
65,seq20,r_23_22_57,r_73_21_45,r_73_21_45,1.0,0,45,45,0
11,r_115_51_186,r_117_116_12,r_84_60_111,r_117_116_12,0.46,174,186,12,0
20,r_108_63_102,seq105,r_64_55_206,r_108_63_102,0.96,0,102,102,0
13,r_121_46_178,seq122,r_58_47_165,r_121_46_178,0.49,1,179,178,0
98,seq125,r_126_131_176,r_16_102_67,r_16_102_67,1.0,105,172,67,0
15,r_117_116_12,r_115_51_186,r_118_112_95,r_117_116_12,0.6,174,186,12,0
48,r_17_139_155,r_18_101_91,seq15,r_18_101_91,1.0,0,91,91,0
57,seq10,r_9_54_172,seq11,r_9_54_172,0.56,0,172,172,0
6,r_68_43_87,seq67,seq44,r_68_43_87,0.55,0,87,87,0
27,r_73_21_45,r_64_55_206,seq20,r_73_21_45,0.99,1,46,45,0
10,r_39_75_34,r_76_50_194,seq70,r_76_50_194,0.45,3,197,194,0
51,seq2,seq28,r_80_1_113,r_80_1_113,0.98,0,113,113,0
2,r_84_60_111,r_83_0_146,seq59,r_84_60_111,0.73,0,111,111,0
47,r_65_97_147,seq66,r_18_101_91,r_65_97_147,0.68,0,147,147,0
37,r_80_1_113,r_78_71_75,seq77,r_78_71_75,1.0,-22,53,75,0
40,r_64_55_206,r_76_50_194,r_108_63_102,r_108_63_102,1.0,1,103,102,0
0,r_76_50_194,r_39_75_34,seq66,r_76_50_194,0.41,-48,146,194,0
1,r_144_62_58,r_149_103_191,seq61,r_144_62_58,0.99,0,58,58,0
29,r_36_113_82,r_35_137_154,r_117_116_12,r_36_113_82,1.0,0,82,82,0
24,r_19_148_108,seq20,seq145,r_19_148_108,0.98,0,108,108,0
25,r_4_120_123,seq5,seq125,r_4_120_123,0.94,0,123,123,0
33,r_30_45_102,r_26_29_68,r_68_43_87,r_68_43_87,0.63,15,102,87,0
48,r_17_139_155,seq15,r_19_148_108,r_17_139_155,0.92,1,156,155,0
28,r_118_112_95,r_121_46_178,r_117_116_12,r_118_112_95,0.43,-65,30,95,0
42,r_6_133_185,seq7,r_35_137_154,r_6_133_185,0.8,0,185,185,0
20,r_108_63_102,r_64_55_206,seq70,r_64_55_206,0.66,-8,198,206,0
67,seq32,r_34_107_147,r_87_33_48,r_87_33_48,0.98,0,48,48,0
61,seq15,r_14_24_104,r_17_139_155,r_14_24_104,0.95,0,104,104,0
41,r_14_24_104,r_25_88_159,r_26_29_68,r_25_88_159,0.99,0,159,159,0
38,r_18_101_91,r_17_139_155,seq99,r_18_101_91,0.9,0,91,91,0
7,r_35_137_154,r_36_113_82,seq32,r_35_137_154,0.33,-140,14,154,0
34,r_91_111_185,seq92,r_117_116_12,r_117_116_12,0.44,173,185,12,0
4,r_100_74_36,r_96_90_125,seq72,r_100_74_36,1.0,0,36,36,0
10,r_39_75_34,seq40,r_76_50_194,r_76_50_194,0.47,-159,35,194,0
17,r_83_0_146,r_31_82_1,seq2,r_83_0_146,0.84,0,146,146,0
18,r_87_33_48,r_84_60_111,seq32,r_87_33_48,0.88,0,48,48,0
9,r_56_143_173,seq52,r_69_140_22,r_56_143_173,0.85,0,173,173,0
81,seq72,r_78_71_75,r_100_74_36,r_100_74_36,0.97,136,172,36,0
26,r_78_71_75,r_100_74_36,seq66,r_100_74_36,0.71,120,156,36,0
39,r_25_88_159,seq28,r_14_24_104,r_25_88_159,0.5,-55,104,159,0
31,r_49_38_18,seq40,r_89_41_113,r_89_41_113,1.0,25,138,113,0
37,r_80_1_113,seq77,seq2,r_80_1_113,1.0,0,113,113,0
91,seq104,seq105,r_118_112_95,r_118_112_95,0.7,9,104,95,0
61,seq15,r_17_139_155,seq11,r_17_139_155,1.0,0,155,155,0
49,r_26_29_68,r_25_88_159,r_30_45_102,r_26_29_68,0.87,2,70,68,0
68,seq40,r_39_75_34,seq44,r_39_75_34,0.48,-5,29,34,0
23,r_119_79_100,r_121_46_178,seq77,r_119_79_100,1.0,1,101,100,0
39,r_25_88_159,r_14_24_104,r_31_82_1,r_25_88_159,1.0,0,159,159,0
8,r_93_32_39,r_96_24_143,seq33,r_93_32_39,0.92,0,39,39,1
30,r_128_59_223,seq130,r_132_60_88,r_132_60_88,1.0,130,218,88,1
44,r_85_106_138,r_39_88_13,r_82_87_90,r_82_87_90,0.99,36,126,90,1
44,r_85_106_138,r_82_87_90,r_126_107_112,r_85_106_138,0.89,0,138,138,1
14,r_132_60_88,r_128_59_223,seq58,r_132_60_88,1.0,1,89,88,1
43,r_22_92_180,seq23,seq100,r_22_92_180,0.35,0,180,180,1
37,r_103_91_82,seq102,r_62_89_31,r_103_91_82,0.88,0,82,82,1
59,seq130,r_128_59_223,r_41_133_175,r_41_133_175,0.94,21,196,175,1
86,seq78,r_81_53_94,seq76,r_81_53_94,1.0,0,94,94,1
21,r_61_90_132,seq66,r_103_91_82,r_61_90_132,0.64,0,132,132,1
39,r_13_70_178,seq12,r_139_74_62,r_13_70_178,0.32,0,178,178,1
1,r_6_104_109,seq7,seq102,r_6_104_109,0.75,0,109,109,1
5,r_126_107_112,seq124,r_108_17_185,r_126_107_112,0.97,0,112,112,1
46,r_131_72_207,r_128_59_223,r_139_74_62,r_139_74_62,1.0,145,207,62,1
42,r_42_9_108,r_41_133_175,r_129_11_78,r_129_11_78,1.0,46,124,78,1
31,r_39_88_13,r_85_106_138,r_62_89_31,r_62_89_31,0.98,-1,30,31,1
69,seq29,r_30_10_84,r_93_32_39,r_93_32_39,0.98,45,84,39,1
83,seq140,r_128_59_223,r_73_148_103,r_73_148_103,0.99,35,138,103,1
19,r_20_63_149,seq21,r_137_64_24,r_20_63_149,0.8,0,149,149,1
15,r_122_37_7,r_41_133_175,r_93_32_39,r_122_37_7,0.82,104,111,7,1
1,r_6_104_109,seq102,r_126_107_112,r_126_107_112,0.5,20,132,112,1
24,r_95_119_169,r_98_80_222,seq118,r_95_119_169,0.93,0,169,169,1
27,r_108_17_185,r_126_107_112,r_117_16_130,r_108_17_185,0.72,0,185,185,1
66,seq23,r_22_92_180,seq21,r_22_92_180,0.84,0,180,180,1
41,r_123_136_135,seq124,seq135,r_123_136_135,0.86,-41,94,135,1
3,r_137_64_24,r_129_11_78,seq66,r_137_64_24,0.97,-1,23,24,1
10,r_138_18_82,seq135,seq21,r_138_18_82,1.0,0,82,82,1
90,seq102,r_103_91_82,r_108_17_185,r_103_91_82,0.99,0,82,82,1
44,r_85_106_138,r_86_142_21,r_39_88_13,r_85_106_138,0.67,-116,22,138,1
26,r_68_113_95,seq66,seq112,r_68_113_95,0.91,0,95,95,1
4,r_38_55_153,r_41_133_175,seq54,r_41_133_175,0.93,-8,167,175,1
0,r_77_141_93,r_81_53_94,seq144,r_77_141_93,0.96,0,93,93,1
11,r_96_24_143,r_95_119_169,seq25,r_96_24_143,0.89,1,144,143,1
13,r_98_80_222,r_97_79_104,r_39_88_13,r_97_79_104,0.63,0,104,104,1
32,r_121_105_124,seq124,r_126_107_112,r_121_105_124,0.6,0,124,124,1
48,r_5_49_66,r_6_104_109,seq54,r_5_49_66,0.44,0,66,66,1
31,r_39_88_13,r_38_55_153,r_85_106_138,r_39_88_13,0.68,0,13,13,1
6,r_129_11_78,r_132_60_88,r_30_10_84,r_129_11_78,1.0,1,79,78,1
16,r_83_34_46,r_81_53_94,r_93_32_39,r_93_32_39,0.59,7,46,39,1
76,seq54,r_51_36_175,r_22_92_180,r_22_92_180,0.96,-143,37,180,1
5,r_126_107_112,r_108_17_185,r_121_105_124,r_108_17_185,0.85,0,185,185,1
27,r_108_17_185,seq102,r_126_107_112,r_126_107_112,1.0,6,118,112,1
12,r_86_142_21,r_85_106_138,seq149,r_86_142_21,0.64,1,22,21,1
40,r_82_87_90,r_81_53_94,r_39_88_13,r_82_87_90,0.94,0,90,90,1
18,r_117_16_130,seq120,seq15,r_117_16_130,0.88,0,130,130,1
29,r_41_133_175,seq45,seq130,r_41_133_175,0.8,0,175,175,1
24,r_95_119_169,r_96_24_143,r_98_80_222,r_96_24_143,0.92,1,144,143,1
25,r_73_148_103,seq69,seq149,r_73_148_103,1.0,0,103,103,1
33,r_30_10_84,seq29,r_129_11_78,r_129_11_78,1.0,6,84,78,1
17,r_110_52_10,r_117_16_130,seq50,r_110_52_10,0.88,0,10,10,1
58,seq12,r_13_70_178,r_129_11_78,r_129_11_78,1.0,100,178,78,1
68,seq28,r_27_48_158,r_96_24_143,r_96_24_143,1.0,20,163,143,1
38,r_27_48_158,seq28,seq50,r_27_48_158,0.49,5,163,158,1
9,r_101_143_92,seq102,seq144,r_101_143_92,0.99,1,93,92,1
22,r_139_74_62,r_138_18_82,seq69,r_139_74_62,1.0,0,62,62,1
28,r_97_79_104,r_98_80_222,seq78,r_97_79_104,0.97,0,104,104,1
20,r_62_89_31,seq65,r_39_88_13,r_62_89_31,0.86,0,31,31,1
7,r_81_53_94,r_82_87_90,r_110_52_10,r_81_53_94,0.99,-4,90,94,1
23,r_94_44_69,r_96_24_143,seq47,r_94_44_69,0.94,0,69,69,1
32,r_121_105_124,r_146_67_195,seq109,r_121_105_124,0.51,-103,21,124,1
79,seq58,seq56,r_132_60_88,r_132_60_88,1.0,0,88,88,1
40,r_127_72_155,r_125_117_161,r_25_74_122,r_127_72_155,0.58,1,156,155,2
49,r_103_45_18,r_113_97_84,seq44,r_103_45_18,0.57,0,18,18,2
9,r_92_104_75,seq114,r_138_105_165,r_138_105_165,0.91,11,176,165,2
36,r_106_48_58,r_112_86_159,r_91_49_8,r_106_48_58,0.95,0,58,58,2
28,r_58_20_199,r_56_43_84,r_35_57_27,r_58_20_199,0.84,-172,27,199,2
61,seq24,r_107_7_136,r_80_26_158,r_80_26_158,0.64,0,158,158,2
8,r_39_142_90,seq38,seq141,r_39_142_90,0.91,1,91,90,2
43,r_80_26_158,r_82_102_164,seq24,r_80_26_158,0.95,0,158,158,2
54,seq4,seq17,r_145_5_164,r_145_5_164,1.0,30,194,164,2
37,r_112_86_159,seq114,seq87,r_112_86_159,0.95,0,159,159,2
86,seq87,seq76,r_112_86_159,r_112_86_159,0.99,25,184,159,2
21,r_148_34_71,seq149,r_36_134_181,r_148_34_71,1.0,0,71,71,2
97,seq118,seq121,r_77_119_59,r_77_119_59,1.0,62,121,59,2
5,r_146_23_191,seq149,r_131_147_140,r_131_147_140,0.74,10,150,140,2
4,r_122_66_59,seq121,seq62,r_122_66_59,1.0,0,59,59,2
80,seq73,seq70,r_25_74_122,r_25_74_122,1.0,13,135,122,2
51,seq1,r_11_143_155,r_75_0_29,r_75_0_29,0.87,8,37,29,2
45,r_67_27_228,seq70,r_53_28_208,r_53_28_208,0.56,12,220,208,2
34,r_75_0_29,r_77_119_59,seq1,r_75_0_29,1.0,0,29,29,2
19,r_65_129_146,r_61_109_195,seq128,r_65_129_146,0.83,2,148,146,2
11,r_35_57_27,r_58_20_199,seq62,r_58_20_199,0.82,0,199,199,2
40,r_127_72_155,r_131_147_140,r_125_117_161,r_131_147_140,0.74,-102,38,140,2
76,seq62,r_61_109_195,seq63,r_61_109_195,1.0,0,195,195,2
39,r_81_120_49,seq121,r_77_119_59,r_77_119_59,0.74,62,121,59,2
31,r_137_130_100,r_138_105_165,seq128,r_137_130_100,0.89,0,100,100,2
41,r_64_30_187,r_61_109_195,seq31,r_64_30_187,0.84,0,187,187,2
67,seq38,r_39_142_90,seq41,r_39_142_90,1.0,1,91,90,2
11,r_35_57_27,r_36_134_181,r_58_20_199,r_35_57_27,1.0,0,27,27,2
3,r_107_7_136,r_112_86_159,r_16_14_61,r_107_7_136,0.97,0,136,136,2
10,r_82_102_164,seq83,r_94_100_136,r_82_102_164,0.86,0,164,164,2
90,seq93,r_92_104_75,r_94_100_136,r_92_104_75,0.45,8,83,75,2
26,r_15_42_170,seq17,r_56_43_84,r_15_42_170,0.85,0,170,170,2
18,r_36_134_181,seq29,r_148_34_71,r_148_34_71,0.98,0,71,71,2
14,r_94_100_136,r_22_95_25,seq99,r_22_95_25,0.53,112,137,25,2
39,r_81_120_49,r_82_102_164,seq121,r_81_120_49,0.99,0,49,49,2
18,r_36_134_181,r_35_57_27,seq29,r_35_57_27,0.76,0,27,27,2
13,r_131_147_140,seq128,r_146_23_191,r_146_23_191,0.41,-51,140,191,2
46,r_85_111_48,r_112_86_159,r_139_108_81,r_85_111_48,0.96,111,159,48,2
6,r_145_5_164,seq141,seq4,r_145_5_164,0.77,0,164,164,2
62,seq132,seq149,r_39_142_90,r_39_142_90,1.0,41,131,90,2
21,r_148_34_71,r_36_134_181,r_6_33_23,r_36_134_181,0.55,0,181,181,2
46,r_85_111_48,r_77_119_59,r_112_86_159,r_85_111_48,1.0,0,48,48,2
18,r_36_134_181,r_148_34_71,r_9_135_174,r_148_34_71,0.91,110,181,71,2
2,r_11_143_155,seq12,r_39_142_90,r_11_143_155,0.53,0,155,155,2
96,seq116,r_145_5_164,r_125_117_161,r_145_5_164,0.63,-107,57,164,2
29,r_56_43_84,r_58_20_199,seq38,r_56_43_84,0.98,0,84,84,2
24,r_13_69_65,r_9_135_174,seq70,r_13_69_65,1.0,0,65,65,2
33,r_25_74_122,seq24,seq73,r_25_74_122,0.99,0,122,122,2
58,seq141,r_145_5_164,r_39_142_90,r_39_142_90,1.0,0,90,90,2
68,seq41,seq38,r_144_40_78,r_144_40_78,1.0,73,151,78,2
61,seq24,r_25_74_122,r_21_55_142,r_25_74_122,0.75,1,123,122,2
32,r_140_51_60,r_145_5_164,seq50,r_140_51_60,1.0,0,60,60,2
5,r_146_23_191,r_131_147_140,r_80_26_158,r_146_23_191,0.92,0,191,191,2
38,r_91_49_8,seq46,r_106_48_58,r_106_48_58,1.0,4,62,58,2
47,r_22_95_25,r_25_74_122,r_94_100_136,r_22_95_25,0.91,0,25,25,2
17,r_9_135_174,seq8,seq133,r_9_135_174,0.46,0,174,174,2
9,r_92_104_75,seq93,seq114,r_92_104_75,0.73,-12,63,75,2
28,r_58_20_199,r_35_57_27,r_80_26_158,r_35_57_27,0.81,172,199,27,2
29,r_56_43_84,seq38,r_15_42_170,r_15_42_170,0.99,1,171,170,2
22,r_138_105_165,seq136,r_92_104_75,r_138_105_165,0.73,0,165,165,2
14,r_94_100_136,r_107_7_136,r_22_95_25,r_22_95_25,0.95,28,53,25,2
7,r_139_108_81,r_145_5_164,r_85_111_48,r_139_108_81,1.0,0,81,81,2
44,r_21_55_142,seq24,seq54,r_21_55_142,0.95,0,142,142,2
79,seq70,seq68,r_13_69_65,r_13_69_65,1.0,0,65,65,2
12,r_144_40_78,r_145_5_164,seq41,r_144_40_78,0.99,0,78,78,2
84,seq83,r_82_102_164,seq84,r_82_102_164,0.96,0,164,164,2
46,r_117_47_18,seq116,r_21_50_16,r_117_47_18,0.97,0,18,18,3
51,seq131,r_130_114_162,r_111_133_98,r_111_133_98,0.95,64,162,98,3
26,r_144_1_43,r_145_97_41,r_6_59_117,r_144_1_43,0.97,1,44,43,3
14,r_14_75_60,seq15,seq76,r_14_75_60,1.0,0,60,60,3
8,r_95_53_112,r_96_35_161,seq52,r_96_35_161,0.81,-46,115,161,3
53,seq137,r_138_27_62,r_148_115_183,r_138_27_62,1.0,0,62,62,3
3,r_0_56_116,seq10,seq57,r_0_56_116,0.98,0,116,116,3
42,r_6_59_117,r_5_23_52,r_147_3_39,r_6_59_117,0.75,-65,52,117,3
16,r_122_112_99,seq123,seq113,r_122_112_99,0.74,7,106,99,3
24,r_48_9_29,r_51_146_149,seq10,r_48_9_29,0.94,1,30,29,3
25,r_21_50_16,r_24_135_13,r_51_146_149,r_21_50_16,0.93,0,16,16,3
69,seq58,r_74_11_141,r_6_59_117,r_6_59_117,0.58,0,117,117,3
30,r_29_82_22,seq28,seq83,r_29_82_22,0.95,0,22,22,3
32,r_134_99_180,r_148_115_183,r_24_135_13,r_134_99_180,0.52,-65,115,180,3
19,r_108_2_67,seq107,r_144_1_43,r_108_2_67,0.92,1,68,67,3
43,r_145_97_41,r_144_1_43,seq100,r_145_97_41,0.98,0,41,41,3
15,r_24_135_13,r_134_99_180,r_73_141_112,r_73_141_112,0.87,35,147,112,3
5,r_51_146_149,r_48_9_29,r_21_50_16,r_51_146_149,0.96,-120,29,149,3
32,r_134_99_180,r_24_135_13,r_145_97_41,r_134_99_180,0.54,1,181,180,3
41,r_129_92_134,seq128,r_90_77_203,r_90_77_203,0.8,-69,134,203,3
67,seq55,r_54_37_151,r_0_56_116,r_0_56_116,0.67,35,151,116,3
36,r_65_85_32,seq61,r_86_121_158,r_65_85_32,0.68,0,32,32,3
13,r_18_105_136,r_136_25_4,r_81_109_125,r_18_105_136,0.82,0,136,136,3
26,r_144_1_43,r_6_59_117,r_108_2_67,r_144_1_43,0.89,24,67,43,3
15,r_24_135_13,r_18_105_136,r_134_99_180,r_24_135_13,0.98,6,19,13,3
4,r_130_114_162,seq131,seq116,r_130_114_162,0.54,0,162,162,3
78,seq76,r_74_11_141,r_14_75_60,r_14_75_60,1.0,81,141,60,3
66,seq52,r_19_93_10,r_95_53_112,r_95_53_112,0.77,17,129,112,3
20,r_73_141_112,seq72,seq142,r_73_141_112,0.97,0,112,112,3
13,r_18_105_136,r_20_44_111,r_136_25_4,r_20_44_111,0.66,0,111,111,3
48,r_94_41_96,r_95_53_112,r_13_40_8,r_94_41_96,0.94,0,96,96,3
6,r_86_121_158,seq83,r_66_120_19,r_66_120_19,0.38,139,158,19,3
62,seq34,r_45_89_201,r_30_36_92,r_30_36_92,0.98,4,96,92,3
5,r_51_146_149,r_21_50_16,r_148_115_183,r_51_146_149,0.68,0,149,149,3
36,r_65_85_32,r_86_121_158,r_140_87_6,r_86_121_158,0.91,0,158,158,3
7,r_147_3_39,r_148_115_183,r_84_8_1,r_147_3_39,1.0,0,39,39,3
27,r_90_77_203,r_91_7_91,r_145_97_41,r_90_77_203,0.88,-112,91,203,3
32,r_134_99_180,r_24_135_13,r_148_115_183,r_134_99_180,0.41,-135,45,180,3
9,r_66_120_19,r_65_85_32,seq123,r_66_120_19,0.96,0,19,19,3
47,r_138_27_62,seq137,r_71_26_46,r_138_27_62,1.0,0,62,62,3
40,r_80_49_102,r_81_109_125,r_117_47_18,r_80_49_102,0.83,0,102,102,3
29,r_148_115_183,r_149_22_161,r_51_146_149,r_51_146_149,0.73,12,161,149,3
27,r_90_77_203,r_145_97_41,r_129_92_134,r_129_92_134,1.0,0,134,134,3
33,r_38_64_62,seq34,seq61,r_38_64_62,1.0,0,62,62,3
64,seq43,r_42_101_200,r_20_44_111,r_20_44_111,1.0,81,192,111,3
17,r_19_93_10,r_0_56_116,seq98,r_19_93_10,0.87,0,10,10,3
58,seq16,r_18_105_136,r_136_25_4,r_18_105_136,0.73,-6,130,136,3
0,r_136_25_4,r_24_135_13,r_14_75_60,r_24_135_13,0.92,6,19,13,3
45,r_139_33_83,r_148_115_183,seq32,r_139_33_83,1.0,0,83,83,3
68,seq57,r_54_37_151,r_0_56_116,r_0_56_116,0.62,23,139,116,3
42,r_6_59_117,r_147_3_39,seq58,r_6_59_117,1.0,0,117,117,3
61,seq32,seq31,r_139_33_83,r_139_33_83,1.0,21,104,83,3
28,r_17_4_54,seq16,r_147_3_39,r_147_3_39,0.92,15,54,39,3
38,r_81_109_125,r_80_49_102,r_29_82_22,r_29_82_22,0.54,69,91,22,3
34,r_20_44_111,r_18_105_136,seq43,r_20_44_111,0.96,0,111,111,3
45,r_139_33_83,r_138_27_62,r_148_115_183,r_139_33_83,0.39,-53,30,83,3
44,r_5_23_52,r_6_59_117,r_136_25_4,r_5_23_52,1.0,0,52,52,3
0,r_136_25_4,r_14_75_60,r_5_23_52,r_136_25_4,0.62,50,54,4,3
32,r_134_99_180,r_138_27_62,r_24_135_13,r_24_135_13,0.94,6,19,13,3
66,seq52,r_147_3_39,r_19_93_10,r_147_3_39,0.87,-3,36,39,3
25,r_21_50_16,r_51_146_149,r_80_49_102,r_80_49_102,0.9,46,148,102,3
21,r_71_26_46,seq68,r_136_25_4,r_71_26_46,1.0,0,46,46,3
22,r_74_11_141,seq76,seq12,r_74_11_141,0.56,0,141,141,3
38,r_81_109_125,r_29_82_22,seq106,r_81_109_125,0.92,0,125,125,3
59,seq28,r_29_82_22,seq31,r_29_82_22,1.0,0,22,22,3
49,r_96_35_161,seq98,r_30_36_92,r_30_36_92,0.57,69,161,92,3
18,r_13_40_8,seq46,r_94_41_96,r_94_41_96,1.0,5,101,96,3
23,r_54_37_151,seq55,r_30_36_92,r_54_37_151,0.79,0,151,151,3
3,r_0_56_116,r_18_105_136,seq10,r_0_56_116,0.44,-79,37,116,3
29,r_148_115_183,r_51_146_149,r_130_114_162,r_130_114_162,0.6,21,183,162,3
35,r_91_7_91,r_90_77_203,r_17_4_54,r_91_7_91,0.75,0,91,91,3
12,r_111_133_98,seq110,seq131,r_111_133_98,0.95,0,98,98,3
93,seq116,seq128,r_123_140_94,r_123_140_94,0.4,2,96,94,4
14,r_98_86_29,seq97,r_6_87_20,r_6_87_20,1.0,9,29,20,4
79,seq74,r_98_86_29,seq84,r_98_86_29,0.54,100,129,29,4
30,r_43_56_224,seq42,r_9_44_140,r_9_44_140,0.9,-1,139,140,4
44,r_137_10_156,seq136,r_69_41_82,r_137_10_156,0.8,0,156,156,4
19,r_149_53_15,seq147,r_49_27_217,r_149_53_15,1.0,0,15,15,4
47,r_11_59_16,r_9_44_140,seq58,r_11_59_16,0.65,1,17,16,4
9,r_77_63_172,r_94_78_76,r_133_66_148,r_77_63_172,0.94,0,172,172,4
8,r_9_44_140,seq12,r_61_8_61,r_61_8_61,0.8,10,71,61,4
43,r_80_121_97,r_81_25_156,seq124,r_80_121_97,1.0,0,97,97,4
37,r_133_66_148,r_123_140_94,seq64,r_133_66_148,0.99,0,148,148,4
54,seq136,r_137_10_156,seq131,r_137_10_156,0.96,0,156,156,4
83,seq90,r_92_29_136,seq88,r_92_29_136,1.0,-35,101,136,4
37,r_133_66_148,seq135,r_123_140_94,r_123_140_94,0.85,20,114,94,4
3,r_142_96_20,seq90,r_57_95_57,r_57_95_57,1.0,88,145,57,4
19,r_149_53_15,r_49_27_217,r_139_52_141,r_139_52_141,0.99,76,217,141,4
71,seq48,r_49_27_217,r_82_47_45,r_82_47_45,1.0,20,65,45,4
16,r_113_101_148,seq110,seq102,r_113_101_148,0.94,0,148,148,4
39,r_75_122_131,r_77_63_172,r_98_86_29,r_75_122_131,0.22,-12,119,131,4
1,r_112_31_142,seq111,r_26_32_172,r_112_31_142,0.96,1,143,142,4
27,r_76_2_10,r_77_63_172,r_1_115_96,r_76_2_10,0.92,0,10,10,4
5,r_139_52_141,r_141_108_150,r_149_53_15,r_139_52_141,0.83,0,141,141,4
46,r_4_138_88,seq7,r_141_108_150,r_4_138_88,0.72,0,88,88,4
40,r_73_30_24,seq74,r_26_32_172,r_73_30_24,0.99,0,24,24,4
24,r_83_143_161,r_98_86_29,seq84,r_83_143_161,0.49,-15,146,161,4
27,r_76_2_10,r_1_115_96,r_33_3_87,r_76_2_10,0.99,86,96,10,4
66,seq28,r_26_32_172,r_92_29_136,r_92_29_136,1.0,5,141,136,4
44,r_137_10_156,r_139_52_141,seq136,r_137_10_156,0.45,-122,34,156,4
78,seq72,r_70_50_219,r_77_63_172,r_77_63_172,1.0,54,226,172,4
44,r_137_10_156,r_69_41_82,r_61_8_61,r_137_10_156,0.42,55,211,156,4
31,r_69_41_82,r_68_91_184,seq42,r_68_91_184,0.65,-102,82,184,4
18,r_45_22_83,r_57_95_57,r_105_46_47,r_45_22_83,0.85,-37,46,83,4
18,r_45_22_83,r_105_46_47,seq21,r_45_22_83,0.95,0,83,83,4
26,r_141_108_150,r_139_52_141,r_4_138_88,r_4_138_88,1.0,4,92,88,4
2,r_1_115_96,r_6_87_20,r_76_2_10,r_1_115_96,0.91,-80,16,96,4
4,r_123_140_94,seq117,r_4_138_88,r_4_138_88,0.87,6,94,88,4
78,seq72,r_71_144_96,r_70_50_219,r_71_144_96,1.0,0,96,96,4
63,seq21,seq15,r_45_22_83,r_45_22_83,1.0,48,131,83,4
24,r_83_143_161,seq84,r_71_144_96,r_83_143_161,0.69,1,162,161,4
7,r_33_3_87,seq7,r_76_2_10,r_33_3_87,0.57,47,134,87,4
79,seq74,r_73_30_24,r_77_63_172,r_73_30_24,0.59,0,24,24,4
20,r_71_144_96,seq72,seq147,r_71_144_96,1.0,0,96,96,4
13,r_81_25_156,r_80_121_97,r_94_78_76,r_81_25_156,0.58,-59,97,156,4
15,r_125_103_130,seq124,seq88,r_125_103_130,0.98,0,130,130,4
28,r_19_114_37,seq16,seq110,r_19_114_37,0.99,0,37,37,4
6,r_68_91_184,r_69_41_82,seq60,r_69_41_82,1.0,0,82,82,4
2,r_1_115_96,r_76_2_10,r_19_114_37,r_1_115_96,1.0,0,96,96,4
0,r_49_27_217,r_149_53_15,r_81_25_156,r_81_25_156,1.0,61,217,156,4
9,r_77_63_172,r_75_122_131,r_94_78_76,r_75_122_131,1.0,-24,107,131,4
38,r_6_87_20,r_4_138_88,seq85,r_6_87_20,0.94,0,20,20,4
45,r_14_129_25,r_38_39_119,seq128,r_14_129_25,0.72,0,25,25,4
42,r_82_47_45,r_81_25_156,seq48,r_82_47_45,0.88,0,45,45,4
13,r_81_25_156,r_94_78_76,seq24,r_81_25_156,0.77,0,156,156,4
74,seq60,r_61_8_61,seq64,r_61_8_61,0.98,0,61,61,4
24,r_83_143_161,r_81_25_156,r_98_86_29,r_98_86_29,0.47,35,64,29,4
35,r_61_8_61,r_9_44_140,r_137_10_156,r_137_10_156,0.7,44,200,156,4
25,r_94_78_76,r_92_29_136,r_109_79_44,r_94_78_76,1.0,2,78,76,4
46,r_4_138_88,r_141_108_150,r_123_140_94,r_4_138_88,0.61,17,105,88,4
79,seq74,r_77_63_172,r_98_86_29,r_98_86_29,0.85,38,67,29,4
49,r_34_106_42,r_38_39_119,seq107,r_34_106_42,1.0,0,42,42,4
6,r_68_91_184,seq60,r_57_95_57,r_68_91_184,0.96,0,184,184,4
65,seq24,r_26_32_172,r_81_25_156,r_81_25_156,1.0,15,171,156,4
52,seq131,seq135,r_123_140_94,r_123_140_94,0.52,14,108,94,4
41,r_105_46_47,r_45_22_83,r_149_53_15,r_45_22_83,0.91,0,83,83,4
81,seq85,seq97,r_6_87_20,r_6_87_20,0.99,5,25,20,4
72,seq55,r_57_95_57,r_149_53_15,r_57_95_57,0.55,1,58,57,4
8,r_9_44_140,r_43_56_224,r_69_41_82,r_43_56_224,0.82,0,224,224,4
29,r_109_79_44,r_112_31_142,r_81_25_156,r_109_79_44,0.98,0,44,44,4
34,r_57_95_57,seq55,r_142_96_20,r_57_95_57,1.0,0,57,57,4
17,r_26_32_172,seq24,r_112_31_142,r_112_31_142,0.99,29,171,142,4
94,seq117,r_123_140_94,seq127,r_123_140_94,0.79,0,94,94,4
26,r_141_108_150,r_4_138_88,seq107,r_141_108_150,0.64,0,150,150,4
9,r_77_63_172,r_80_121_97,r_75_122_131,r_80_121_97,0.67,-14,83,97,4
21,r_51_134_34,r_49_27_217,seq135,r_51_134_34,0.9,0,34,34,4
29,r_109_79_44,r_81_25_156,r_94_78_76,r_109_79_44,0.6,62,106,44,4
22,r_132_5_52,seq135,seq7,r_132_5_52,1.0,0,52,52,4
41,r_105_46_47,r_104_93_132,r_45_22_83,r_105_46_47,1.0,1,48,47,4
3,r_142_96_20,seq147,seq90,r_142_96_20,0.96,-1,19,20,4
7,r_33_3_87,seq24,seq7,r_33_3_87,0.83,0,87,87,4
23,r_92_29_136,seq90,seq28,r_92_29_136,0.99,0,136,136,4
8,r_9_44_140,r_61_8_61,r_43_56_224,r_9_44_140,0.53,0,140,140,4
0,r_49_27_217,r_51_134_34,r_149_53_15,r_49_27_217,1.0,-201,16,217,4
35,r_61_8_61,seq60,r_9_44_140,r_61_8_61,0.95,0,61,61,4
39,r_75_122_131,r_98_86_29,r_80_121_97,r_75_122_131,0.67,0,131,131,4
93,seq113,r_111_44_75,seq115,r_111_44_75,1.0,0,75,75,5
36,r_85_49_118,r_8_86_96,r_114_48_9,r_85_49_118,0.7,0,118,118,5
30,r_19_10_132,seq18,seq2,r_19_10_132,0.65,0,132,132,5
13,r_87_97_18,r_89_143_99,r_96_82_161,r_87_97_18,0.78,0,18,18,5
36,r_85_49_118,r_89_143_99,r_8_86_96,r_8_86_96,0.81,3,99,96,5
66,seq28,r_31_122_137,r_111_44_75,r_111_44_75,0.73,36,111,75,5
43,r_81_60_112,seq80,r_130_61_29,r_81_60_112,0.86,0,112,112,5
37,r_130_61_29,seq131,r_96_82_161,r_130_61_29,0.45,36,65,29,5
3,r_149_42_63,r_111_44_75,r_137_43_155,r_137_43_155,0.99,1,156,155,5
15,r_23_63_34,seq24,seq66,r_23_63_34,1.0,0,34,34,5
71,seq53,seq55,r_114_48_9,r_114_48_9,0.65,56,65,9,5
21,r_96_82_161,r_95_29_188,r_84_83_199,r_96_82_161,0.8,0,161,161,5
1,r_135_33_86,r_138_94_164,r_31_122_137,r_135_33_86,0.91,0,86,86,5
5,r_46_41_73,seq28,r_31_122_137,r_46_41_73,0.69,9,82,73,5
42,r_117_145_72,r_118_21_187,seq146,r_117_145_72,0.94,-6,66,72,5
32,r_32_4_92,seq7,r_30_3_144,r_30_3_144,0.96,16,160,144,5
7,r_84_83_199,r_8_86_96,r_96_82_161,r_84_83_199,0.45,-29,170,199,5
45,r_22_37_164,seq18,r_88_39_97,r_88_39_97,0.86,67,164,97,5
71,seq53,r_114_48_9,r_144_52_98,r_144_52_98,1.0,1,99,98,5
33,r_112_102_25,r_101_79_187,seq103,r_112_102_25,0.36,162,187,25,5
31,r_64_120_129,seq66,seq115,r_64_120_129,0.87,0,129,129,5
10,r_121_36_90,seq106,seq38,r_121_36_90,0.99,0,90,90,5
20,r_12_70_25,r_9_59_129,seq68,r_12_70_25,0.87,0,25,25,5
5,r_46_41_73,r_31_122_137,r_111_44_75,r_31_122_137,0.71,-63,74,137,5
14,r_114_48_9,seq51,r_85_49_118,r_85_49_118,1.0,27,145,118,5
11,r_119_50_55,r_118_21_187,seq51,r_119_50_55,0.99,0,55,55,5
4,r_137_43_155,r_138_94_164,r_149_42_63,r_149_42_63,0.59,92,155,63,5
66,seq28,r_111_44_75,r_95_29_188,r_95_29_188,1.0,1,189,188,5
13,r_87_97_18,r_96_82_161,seq93,r_96_82_161,0.93,0,161,161,5
6,r_138_94_164,r_137_43_155,seq93,r_137_43_155,0.53,-1,154,155,5
62,seq18,r_19_10_132,seq25,r_19_10_132,0.64,0,132,132,5
23,r_139_99_185,r_117_145_72,r_148_100_54,r_139_99_185,0.63,0,185,185,5
26,r_72_14_19,seq76,seq15,r_72_14_19,0.99,0,19,19,5
37,r_130_61_29,r_96_82_161,r_81_60_112,r_130_61_29,0.49,73,102,29,5
27,r_31_122_137,r_30_3_144,seq123,r_31_122_137,0.87,0,137,137,5
87,seq98,seq103,r_148_100_54,r_148_100_54,0.97,11,65,54,5
2,r_89_143_99,r_85_49_118,seq146,r_89_143_99,0.85,0,99,99,5
24,r_56_71_16,seq55,seq77,r_56_71_16,1.0,1,17,16,5
58,seq142,r_135_33_86,seq141,r_135_33_86,0.99,-60,26,86,5
18,r_88_39_97,r_89_143_99,seq38,r_88_39_97,0.68,0,97,97,5
29,r_27_54_17,seq28,seq55,r_27_54_17,1.0,0,17,17,5
78,seq68,r_69_11_191,r_12_70_25,r_12_70_25,0.94,0,25,25,5
25,r_136_132_93,r_138_94_164,seq133,r_138_94_164,0.76,-71,93,164,5
0,r_148_100_54,r_149_42_63,seq98,r_149_42_63,0.85,-9,54,63,5
70,seq51,seq55,r_119_50_55,r_119_50_55,0.98,6,61,55,5
68,seq38,r_35_26_144,r_88_39_97,r_88_39_97,0.86,22,119,97,5
32,r_32_4_92,r_31_122_137,seq7,r_32_4_92,0.97,0,92,92,5
9,r_144_52_98,seq146,seq53,r_144_52_98,1.0,0,98,98,5
22,r_0_5_138,seq1,seq7,r_0_5_138,0.5,0,138,138,5
28,r_9_59_129,seq13,r_81_60_112,r_9_59_129,0.97,0,129,129,5
1,r_135_33_86,r_31_122_137,seq34,r_31_122_137,1.0,-7,130,137,5
66,seq28,r_27_54_17,r_31_122_137,r_27_54_17,0.62,-5,12,17,5
56,seq7,r_8_86_96,seq2,r_8_86_96,1.0,1,97,96,5
7,r_84_83_199,seq90,r_8_86_96,r_8_86_96,0.98,0,96,96,5
44,r_8_86_96,seq7,seq91,r_8_86_96,1.0,1,97,96,5
23,r_139_99_185,r_138_94_164,r_117_145_72,r_117_145_72,0.84,94,166,72,5
17,r_58_78_12,seq80,seq77,r_58_78_12,0.51,102,114,12,5
33,r_112_102_25,seq113,r_101_79_187,r_112_102_25,0.82,1,26,25,5
35,r_125_6_196,seq127,r_0_5_138,r_0_5_138,0.61,58,196,138,5
12,r_140_75_113,r_138_94_164,r_57_74_37,r_140_75_113,0.62,0,113,113,5
30,r_128_47_157,seq129,r_142_49_54,r_142_49_54,0.79,103,157,54,6
36,r_106_79_105,r_107_96_134,seq80,r_106_79_105,0.98,0,105,105,6
14,r_30_73_84,r_29_103_93,seq72,r_30_73_84,0.84,6,90,84,6
43,r_95_102_101,seq97,r_43_98_20,r_43_98_20,0.89,42,62,20,6
37,r_104_39_141,seq105,r_125_38_86,r_104_39_141,0.45,0,141,141,6
31,r_90_0_40,seq91,r_16_11_167,r_90_0_40,0.6,0,40,40,6
16,r_1_23_46,r_8_63_125,seq21,r_1_23_46,1.0,-5,41,46,6
39,r_55_132_62,r_57_111_95,r_78_133_30,r_55_132_62,0.81,0,62,62,6
42,r_64_17_128,seq62,seq10,r_64_17_128,0.84,0,128,128,6
21,r_131_20_31,r_142_49_54,seq19,r_131_20_31,0.94,0,31,31,6
35,r_124_51_58,r_120_48_95,r_75_136_172,r_124_51_58,0.51,1,59,58,6
15,r_146_6_10,seq149,r_7_12_213,r_146_6_10,0.75,0,10,10,6
19,r_110_2_189,seq119,r_146_6_10,r_110_2_189,0.64,2,191,189,6
95,seq118,r_117_25_154,seq119,r_117_25_154,1.0,0,154,154,6
76,seq59,r_58_61_154,r_77_69_37,r_58_61_154,0.39,-2,152,154,6
41,r_87_135_79,seq84,seq140,r_87_135_79,1.0,0,79,79,6
26,r_120_48_95,seq119,r_142_49_54,r_120_48_95,0.9,0,95,95,6
11,r_107_96_134,r_108_92_104,seq121,r_108_92_104,0.96,0,104,104,6
5,r_142_49_54,seq144,r_114_50_21,r_142_49_54,1.0,0,54,54,6
20,r_122_93_83,seq121,seq91,r_122_93_83,0.79,0,83,83,6
13,r_145_45_145,seq140,seq46,r_145_45_145,0.83,0,145,145,6
8,r_60_113_53,seq59,seq119,r_60_113_53,1.0,0,53,53,6
0,r_115_83_56,r_117_25_154,seq80,r_115_83_56,1.0,0,56,56,6
74,seq46,r_142_49_54,r_145_45_145,r_145_45_145,1.0,21,166,145,6
11,r_107_96_134,seq121,seq105,r_107_96_134,0.62,0,134,134,6
27,r_125_38_86,r_123_82_155,seq40,r_125_38_86,0.99,0,86,86,6
47,r_42_81_99,seq40,seq80,r_42_81_99,0.66,1,100,99,6
18,r_66_139_111,r_67_33_147,seq130,r_66_139_111,1.0,0,111,111,6
29,r_67_33_147,seq68,r_125_38_86,r_125_38_86,1.0,62,148,86,6
24,r_116_52_154,r_117_25_154,r_124_51_58,r_124_51_58,0.96,96,154,58,6
7,r_114_50_21,r_44_100_78,r_142_49_54,r_114_50_21,0.96,35,56,21,6
35,r_124_51_58,r_75_136_172,r_116_52_154,r_116_52_154,0.99,6,160,154,6
25,r_123_82_155,seq119,r_42_81_99,r_123_82_155,0.49,0,155,155,6
33,r_29_103_93,r_30_73_84,r_44_100_78,r_30_73_84,1.0,9,93,84,6
58,seq144,r_145_45_145,r_71_143_8,r_145_45_145,0.89,-36,109,145,6
32,r_109_112_66,r_107_96_134,r_60_113_53,r_109_112_66,0.7,0,66,66,6
34,r_44_100_78,seq46,r_43_98_20,r_44_100_78,0.98,0,78,78,6
60,seq19,seq21,r_131_20_31,r_131_20_31,1.0,6,37,31,6
81,seq72,seq70,r_30_73_84,r_30_73_84,1.0,26,110,84,6
7,r_114_50_21,r_115_83_56,r_44_100_78,r_114_50_21,0.96,0,21,21,6
17,r_108_92_104,r_107_96_134,seq91,r_108_92_104,0.63,0,104,104,6
9,r_53_9_144,r_75_136_172,seq10,r_53_9_144,0.91,0,144,144,6
1,r_56_137_15,r_57_111_95,seq140,r_56_137_15,1.0,0,15,15,6
23,r_78_133_30,r_77_69_37,seq140,r_78_133_30,1.0,0,30,30,6
22,r_117_25_154,r_116_52_154,seq26,r_116_52_154,0.51,0,154,154,6
28,r_8_63_125,seq3,seq62,r_8_63_125,0.58,0,125,125,6
89,seq91,r_122_93_83,r_108_92_104,r_108_92_104,0.83,7,111,104,6
44,r_134_28_70,seq130,seq32,r_134_28_70,1.0,0,70,70,6
79,seq68,r_67_33_147,seq65,r_67_33_147,0.75,1,148,147,6
12,r_94_74_96,seq91,seq84,r_94_74_96,1.0,-1,95,96,6
55,seq10,seq14,r_16_11_167,r_16_11_167,0.65,8,175,167,6
22,r_78_53_44,r_80_77_43,r_43_45_215,r_78_53_44,0.77,0,44,44,7
30,r_101_58_121,seq95,r_60_59_33,r_101_58_121,1.0,0,121,121,7
36,r_140_30_144,r_142_114_156,seq28,r_140_30_144,0.81,0,144,144,7
17,r_19_133_57,seq20,r_109_130_4,r_19_133_57,1.0,0,57,57,7
8,r_71_102_125,r_68_97_174,seq103,r_71_102_125,0.76,0,125,125,7
43,r_129_74_144,r_131_38_196,seq75,r_131_38_196,0.54,-52,144,196,7
3,r_142_114_156,r_123_141_23,r_128_118_94,r_123_141_23,0.61,133,156,23,7
39,r_139_64_63,r_140_30_144,r_63_69_96,r_139_64_63,1.0,0,63,63,7
46,r_132_138_194,r_131_38_196,seq137,r_131_38_196,0.98,-2,194,196,7
44,r_49_83_17,r_43_45_215,seq84,r_49_83_17,0.73,1,18,17,7
69,seq34,r_35_146_73,seq36,r_35_146_73,1.0,0,73,73,7
19,r_16_33_205,seq20,r_1_32_160,r_16_33_205,0.5,0,205,205,7
33,r_117_9_155,r_128_118_94,seq7,r_117_9_155,0.94,0,155,155,7
38,r_108_21_112,r_90_107_10,r_100_17_95,r_90_107_10,1.0,102,112,10,7
31,r_18_55_79,r_16_33_205,seq56,r_18_55_79,1.0,0,79,79,7
41,r_100_17_95,r_101_58_121,seq20,r_100_17_95,1.0,0,95,95,7
3,r_142_114_156,r_140_30_144,r_123_141_23,r_123_141_23,0.97,0,23,23,7
26,r_27_67_69,seq26,r_92_61_18,r_27_67_69,1.0,1,70,69,7
15,r_92_61_18,seq93,r_63_69_96,r_92_61_18,0.86,1,19,18,7
35,r_124_113_53,seq122,r_115_10_160,r_124_113_53,0.97,0,53,53,7
78,seq51,seq47,r_62_50_78,r_62_50_78,0.87,12,90,78,7
11,r_127_120_186,r_128_118_94,r_112_143_65,r_127_120_186,0.86,-92,94,186,7
20,r_128_118_94,r_127_120_186,r_117_9_155,r_128_118_94,0.9,0,94,94,7
13,r_1_32_160,seq5,seq39,r_1_32_160,0.79,1,161,160,7
48,r_4_106_72,seq5,r_90_107_10,r_4_106_72,1.0,1,73,72,7
6,r_90_107_10,r_108_21_112,r_4_106_72,r_90_107_10,0.96,60,70,10,7
18,r_88_54_24,r_68_97_174,seq56,r_88_54_24,0.6,-2,22,24,7
27,r_131_38_196,r_132_138_194,r_1_32_160,r_131_38_196,0.89,-1,195,196,7
16,r_60_59_33,seq84,r_3_57_50,r_3_57_50,1.0,0,50,50,7
22,r_78_53_44,r_43_45_215,seq52,r_78_53_44,0.31,134,178,44,7
2,r_62_50_78,r_80_77_43,seq51,r_62_50_78,0.66,0,78,78,7
24,r_112_143_65,seq111,r_125_148_1,r_112_143_65,1.0,0,65,65,7
35,r_124_113_53,r_115_10_160,r_90_107_10,r_115_10_160,0.96,-2,158,160,7
33,r_117_9_155,r_116_2_91,r_128_118_94,r_117_9_155,0.78,-64,91,155,7
98,seq122,seq126,r_119_121_35,r_119_121_35,0.96,9,44,35,7
20,r_128_118_94,r_117_9_155,r_4_106_72,r_117_9_155,1.0,0,155,155,7
61,seq20,r_16_33_205,r_108_21_112,r_108_21_112,0.99,67,179,112,7
32,r_13_82_85,seq12,r_49_83_17,r_13_82_85,1.0,0,85,85,7
34,r_85_135_117,seq89,seq137,r_85_135_117,0.97,0,117,117,7
25,r_119_121_35,r_115_10_160,seq122,r_119_121_35,0.69,0,35,35,7
49,r_14_104_30,r_19_133_57,seq105,r_14_104_30,0.85,0,30,30,7
29,r_123_141_23,r_142_114_156,r_19_133_57,r_19_133_57,0.85,98,155,57,7
28,r_35_146_73,seq34,r_125_148_1,r_35_146_73,1.0,0,73,73,7
29,r_123_141_23,seq122,r_142_114_156,r_123_141_23,0.82,1,24,23,7
6,r_90_107_10,r_68_97_174,r_108_21_112,r_90_107_10,0.95,1,11,10,7
23,r_109_130_4,r_131_38_196,r_19_133_57,r_19_133_57,1.0,124,181,57,7
47,r_70_147_38,r_68_97_174,r_125_148_1,r_70_147_38,1.0,0,38,38,7
42,r_3_57_50,r_1_32_160,r_60_59_33,r_3_57_50,1.0,0,50,50,7
79,seq52,seq47,r_78_53_44,r_78_53_44,1.0,25,69,44,7
12,r_116_2_91,r_117_9_155,seq5,r_116_2_91,1.0,0,91,91,7
38,r_108_21_112,r_115_10_160,r_90_107_10,r_90_107_10,0.89,17,27,10,7
44,r_37_45_220,r_23_36_45,seq47,r_37_45_220,0.9,0,220,220,8
36,r_122_13_102,seq123,seq11,r_122_13_102,1.0,0,102,102,8
92,seq101,r_100_112_29,seq96,r_100_112_29,1.0,-5,24,29,8
16,r_4_104_27,r_9_147_135,r_71_103_1,r_4_104_27,1.0,0,27,27,8
20,r_23_36_45,r_26_121_49,r_37_45_220,r_23_36_45,1.0,0,45,45,8
14,r_9_147_135,seq6,r_34_146_123,r_9_147_135,0.99,1,136,135,8
8,r_43_120_154,r_46_24_226,r_26_121_49,r_43_120_154,1.0,-18,136,154,8
75,seq59,r_139_55_29,r_75_64_64,r_139_55_29,0.4,211,240,29,8
75,seq59,r_61_14_168,r_139_55_29,r_61_14_168,0.69,-25,143,168,8
21,r_42_29_239,seq41,r_149_19_147,r_42_29_239,0.57,0,239,239,8
1,r_135_79_173,seq136,seq77,r_135_79_173,0.71,1,174,173,8
39,r_117_3_18,r_116_124_34,r_12_2_129,r_117_3_18,1.0,0,18,18,8
5,r_87_68_167,seq85,seq67,r_87_68_167,0.29,0,167,167,8
46,r_58_138_163,r_56_86_134,r_139_55_29,r_139_55_29,1.0,84,113,29,8
42,r_82_99_114,r_83_130_223,seq101,r_82_99_114,0.5,1,115,114,8
45,r_48_52_140,seq50,r_139_55_29,r_139_55_29,0.99,111,140,29,8
47,r_148_18_194,r_9_147_135,r_149_19_147,r_148_18_194,1.0,0,194,194,8
30,r_76_72_54,r_83_130_223,seq73,r_83_130_223,0.54,-164,59,223,8
95,seq109,r_108_126_102,seq92,r_108_126_102,0.96,2,104,102,8
66,seq35,r_33_22_221,r_23_36_45,r_23_36_45,0.88,186,231,45,8
41,r_111_95_143,r_110_78_184,seq93,r_111_95_143,0.67,0,143,143,8
3,r_46_24_226,seq47,r_33_22_221,r_46_24_226,0.59,0,226,226,8
22,r_116_124_34,r_114_49_81,r_40_127_29,r_116_124_34,0.98,0,34,34,8
2,r_51_20_155,seq53,r_139_55_29,r_139_55_29,1.0,0,29,29,8
43,r_12_2_129,seq10,r_117_3_18,r_117_3_18,1.0,6,24,18,8
32,r_26_121_49,r_27_15_38,seq118,r_26_121_49,1.0,0,49,49,8
72,seq47,r_46_24_226,r_37_45_220,r_37_45_220,0.53,6,226,220,8
35,r_57_8_42,r_58_138_163,seq6,r_57_8_42,1.0,0,42,42,8
4,r_97_38_87,seq96,seq39,r_97_38_87,1.0,1,88,87,8
0,r_114_49_81,seq118,seq50,r_114_49_81,1.0,0,81,81,8
73,seq50,r_48_52_140,r_114_49_81,r_114_49_81,1.0,0,81,81,8
48,r_56_86_134,r_58_138_163,r_139_55_29,r_139_55_29,1.0,0,29,29,8
15,r_61_14_168,seq62,r_27_15_38,r_61_14_168,0.77,2,170,168,8
12,r_83_130_223,seq80,r_40_127_29,r_83_130_223,0.85,0,223,223,8
2,r_51_20_155,r_139_55_29,r_149_19_147,r_51_20_155,1.0,0,155,155,8
29,r_100_112_29,seq101,seq118,r_100_112_29,1.0,0,29,29,8
37,r_81_115_40,r_83_130_223,seq118,r_81_115_40,1.0,0,40,40,8
6,r_139_55_29,seq136,r_56_86_134,r_139_55_29,1.0,0,29,29,8
27,r_108_126_102,seq109,r_40_127_29,r_108_126_102,0.99,0,102,102,8
25,r_40_127_29,r_42_29_239,seq129,r_40_127_29,0.98,0,29,29,8
87,seq91,r_89_28_214,r_94_90_31,r_94_90_31,0.52,183,214,31,8
24,r_70_106_22,r_61_14_168,seq105,r_70_106_22,0.78,2,24,22,8
47,r_148_18_194,r_149_19_147,r_9_147_135,r_148_18_194,0.88,-47,147,194,8
94,seq105,r_71_103_1,r_70_106_22,r_70_106_22,0.99,-1,21,22,8
74,seq53,r_56_86_134,r_107_54_101,r_107_54_101,0.44,12,113,101,8
18,r_110_78_184,r_111_95_143,seq123,r_111_95_143,0.97,0,143,143,8
48,r_56_86_134,r_139_55_29,seq85,r_139_55_29,0.79,105,134,29,8
92,seq101,seq96,r_82_99_114,r_82_99_114,0.89,5,119,114,8
6,r_139_55_29,r_56_86_134,r_107_54_101,r_107_54_101,0.66,33,134,101,8
65,seq31,r_32_16_235,r_23_36_45,r_23_36_45,0.89,205,250,45,8
20,r_23_36_45,r_37_45_220,seq39,r_37_45_220,0.91,-7,213,220,8
68,seq39,r_33_22_221,r_97_38_87,r_97_38_87,0.88,35,122,87,8
38,r_32_16_235,seq31,r_149_19_147,r_32_16_235,0.64,1,236,235,8
95,seq109,r_107_54_101,r_111_95_143,r_107_54_101,0.76,143,244,101,8
46,r_58_138_163,r_139_55_29,r_145_137_17,r_58_138_163,0.94,0,163,163,8
9,r_89_28_214,seq91,r_149_19_147,r_149_19_147,0.67,67,214,147,8
28,r_88_21_23,r_89_28_214,seq25,r_88_21_23,0.98,0,23,23,8
31,r_84_128_199,seq85,r_40_127_29,r_84_128_199,0.71,0,199,199,8
13,r_145_137_17,r_149_19_147,seq136,r_145_137_17,1.0,0,17,17,8
56,seq11,seq10,r_122_13_102,r_122_13_102,1.0,62,164,102,8
44,r_37_45_220,r_33_22_221,r_23_36_45,r_23_36_45,1.0,76,121,45,8
23,r_34_146_123,seq35,r_148_18_194,r_34_146_123,0.99,0,123,123,8
95,seq109,r_139_55_29,r_82_99_114,r_82_99_114,0.94,43,157,114,8
55,seq10,r_12_2_129,r_117_3_18,r_117_3_18,1.0,6,24,18,8
12,r_83_130_223,r_82_99_114,seq80,r_82_99_114,1.0,1,115,114,8
18,r_110_78_184,seq123,r_135_79_173,r_110_78_184,0.99,0,184,184,8
23,r_34_146_123,r_148_18_194,r_9_147_135,r_148_18_194,0.74,0,194,194,8
93,seq104,r_126_25_71,seq107,r_126_25_71,1.0,-11,60,71,9
30,r_126_25_71,seq127,r_24_20_193,r_126_25_71,1.0,0,71,71,9
88,seq89,seq93,r_117_88_83,r_117_88_83,1.0,2,85,83,9
36,r_113_45_124,seq112,seq36,r_113_45_124,0.98,0,124,124,9
14,r_64_132_135,r_63_11_148,seq119,r_64_132_135,0.94,0,135,135,9
8,r_65_115_100,seq66,seq116,r_65_115_100,0.97,0,100,100,9
83,seq77,r_79_21_139,r_40_73_101,r_40_73_101,0.91,17,118,101,9
21,r_62_81_93,r_64_132_135,seq83,r_62_81_93,0.99,1,94,93,9
39,r_40_73_101,r_39_109_176,seq77,r_40_73_101,0.98,0,101,101,9
2,r_125_44_28,r_124_99_120,r_6_43_58,r_125_44_28,1.0,0,28,28,9
5,r_3_97_100,seq4,r_67_96_41,r_3_97_100,1.0,2,102,100,9
42,r_54_42_163,seq55,r_125_44_28,r_125_44_28,0.94,135,163,28,9
45,r_12_142_70,r_15_90_113,r_141_143_67,r_12_142_70,0.94,0,70,70,9
19,r_15_90_113,seq14,r_117_88_83,r_15_90_113,0.97,1,114,113,9
48,r_61_120_168,r_56_53_39,r_145_130_165,r_61_120_168,0.77,0,168,168,9
43,r_67_96_41,seq68,r_37_101_7,r_67_96_41,1.0,0,41,41,9
51,seq1,r_24_20_193,r_137_13_149,r_137_13_149,0.94,33,182,149,9
89,seq93,seq89,r_7_92_123,r_7_92_123,1.0,29,152,123,9
10,r_124_99_120,seq127,r_37_101_7,r_124_99_120,0.9,0,120,120,9
26,r_63_11_148,r_61_120_168,seq10,r_63_11_148,0.97,0,148,148,9
12,r_95_16_51,seq94,seq14,r_95_16_51,1.0,0,51,51,9
4,r_108_111_2,r_110_144_125,seq112,r_110_144_125,0.96,0,125,125,9
0,r_19_146_96,r_18_74_144,r_141_143_67,r_19_146_96,0.99,0,96,96,9
63,seq22,r_24_20_193,r_79_21_139,r_79_21_139,1.0,2,141,139,9
11,r_49_136_132,r_63_11_148,seq135,r_49_136_132,0.81,0,132,132,9
13,r_24_20_193,seq23,r_126_25_71,r_126_25_71,1.0,25,96,71,9
34,r_114_30_20,r_108_111_2,seq31,r_114_30_20,1.0,0,20,20,9
48,r_61_120_168,r_63_11_148,r_56_53_39,r_63_11_148,0.6,0,148,148,9
13,r_24_20_193,r_126_25_71,r_79_21_139,r_79_21_139,0.98,54,193,139,9
64,seq23,r_125_44_28,r_126_25_71,r_126_25_71,0.72,128,199,71,9
29,r_0_80_29,seq1,r_79_21_139,r_0_80_29,1.0,0,29,29,9
49,r_18_74_144,seq17,r_0_80_29,r_18_74_144,0.98,0,144,144,9
88,seq89,r_87_147_45,seq93,r_87_147_45,0.81,5,50,45,9
27,r_110_144_125,r_108_111_2,r_141_143_67,r_110_144_125,0.79,0,125,125,9
30,r_126_25_71,r_24_20_193,seq23,r_126_25_71,0.4,122,193,71,9
51,seq1,r_3_97_100,r_24_20_193,r_3_97_100,0.95,-11,89,100,9
37,r_87_147_45,seq89,r_141_143_67,r_87_147_45,1.0,4,49,45,9
41,r_79_21_139,r_0_80_29,seq22,r_79_21_139,0.88,0,139,139,9
47,r_32_123_186,seq31,r_145_130_165,r_145_130_165,0.66,21,186,165,9
18,r_5_59_164,r_7_92_123,seq10,r_7_92_123,0.92,1,124,123,9
25,r_9_122_143,seq10,seq127,r_9_122_143,0.97,1,144,143,9
33,r_117_88_83,r_118_98_173,seq89,r_117_88_83,0.97,0,83,83,9
50,seq128,seq127,r_50_129_84,r_50_129_84,1.0,18,102,84,9
94,seq107,r_108_111_2,r_75_105_23,r_75_105_23,0.75,11,34,23,9
70,seq36,seq38,r_8_41_78,r_8_41_78,0.61,33,111,78,9
80,seq68,r_67_96_41,seq66,r_67_96_41,1.0,0,41,41,9
16,r_76_46_23,r_79_21_139,seq47,r_76_46_23,0.64,0,23,23,9
38,r_103_34_156,seq104,seq36,r_103_34_156,0.97,1,157,156,9
24,r_75_105_23,r_76_46_23,seq107,r_75_105_23,0.77,0,23,23,9
17,r_6_43_58,r_7_92_123,r_125_44_28,r_6_43_58,1.0,0,58,58,9
31,r_35_33_42,seq36,r_114_30_20,r_114_30_20,0.89,25,45,20,9
81,seq69,r_70_72_151,seq71,r_70_72_151,0.61,-98,53,151,9
46,r_78_51_55,r_79_21_139,seq55,r_78_51_55,1.0,0,55,55,9
96,seq116,r_118_98_173,r_65_115_100,r_65_115_100,1.0,11,111,100,9
29,r_0_80_29,r_79_21_139,seq77,r_79_21_139,0.73,0,139,139,9
28,r_7_92_123,r_5_59_164,r_62_81_93,r_7_92_123,0.91,1,124,123,9
49,r_18_74_144,r_19_146_96,seq17,r_19_146_96,1.0,0,96,96,9
7,r_145_130_165,r_141_143_67,r_64_132_135,r_145_130_165,0.32,0,165,165,9
44,r_50_129_84,r_54_42_163,seq128,r_50_129_84,1.0,0,84,84,9
90,seq94,r_95_16_51,r_37_101_7,r_95_16_51,0.97,0,51,51,9
41,r_79_21_139,r_78_51_55,r_0_80_29,r_79_21_139,0.76,-84,55,139,9
79,seq66,r_65_115_100,seq68,r_65_115_100,1.0,0,100,100,9
35,r_82_57_142,seq83,seq58,r_82_57_142,0.38,1,143,142,9
30,r_114_104_121,r_108_22_100,r_45_112_87,r_114_104_121,0.51,-41,80,121,10
36,r_129_90_148,r_132_44_122,r_145_130_105,r_145_130_105,0.51,0,105,105,10
36,r_129_90_148,r_145_130_105,r_100_95_112,r_129_90_148,0.97,0,148,148,10
14,r_121_21_146,seq117,r_119_20_86,r_119_20_86,0.6,60,146,86,10
8,r_128_133_21,r_132_44_122,r_47_134_46,r_47_134_46,0.77,65,111,46,10
43,r_39_118_63,r_45_112_87,r_51_120_35,r_39_118_63,0.82,0,63,63,10
91,seq105,seq103,r_63_106_28,r_63_106_28,0.99,29,57,28,10
37,r_123_109_121,seq122,r_2_111_90,r_2_111_90,0.79,32,122,90,10
23,r_92_74_31,seq93,r_101_69_16,r_92_74_31,0.52,1,32,31,10
71,seq55,seq53,r_61_54_54,r_61_54_54,1.0,56,110,54,10
16,r_71_14_145,seq70,seq13,r_71_14_145,0.84,0,145,145,10
1,r_132_44_122,r_131_17_105,r_145_130_105,r_145_130_105,0.53,1,106,105,10
5,r_139_64_153,seq138,seq62,r_139_64_153,0.62,0,153,153,10
19,r_81_30_140,seq80,r_32_31_74,r_81_30_140,0.42,0,140,140,10
20,r_144_6_33,r_145_130_105,r_5_16_85,r_144_6_33,1.0,0,33,33,10
41,r_77_35_97,seq78,r_28_38_38,r_77_35_97,0.77,1,98,97,10
44,r_61_54_54,seq62,seq55,r_61_54_54,1.0,0,54,54,10
89,seq98,r_99_94_144,r_114_104_121,r_99_94_144,0.81,1,145,144,10
63,seq26,r_32_31_74,r_43_27_82,r_43_27_82,0.82,2,84,82,10
4,r_119_20_86,seq117,seq19,r_119_20_86,0.98,0,86,86,10
0,r_126_147_157,r_127_9_67,r_125_79_183,r_127_9_67,1.0,-1,66,67,10
26,r_51_120_35,r_50_68_132,seq117,r_51_120_35,1.0,0,35,35,10
63,seq26,r_29_82_69,r_32_31_74,r_29_82_69,0.97,0,69,69,10
30,r_114_104_121,r_45_112_87,r_97_102_35,r_97_102_35,0.79,78,113,35,10
13,r_140_8_65,seq141,r_136_7_10,r_140_8_65,1.0,0,65,65,10
60,seq149,seq146,r_40_148_42,r_40_148_42,0.89,16,58,42,10
21,r_47_134_46,r_128_133_21,r_34_135_133,r_34_135_133,1.0,5,138,133,10
24,r_145_130_105,r_129_90_148,r_34_135_133,r_129_90_148,0.57,0,148,148,10
99,seq124,r_126_147_157,seq122,r_126_147_157,0.72,-60,97,157,10
0,r_126_147_157,r_125_79_183,r_40_148_42,r_40_148_42,0.46,111,153,42,10
87,seq89,r_96_75_98,seq93,r_96_75_98,1.0,0,98,98,10
42,r_52_15_41,seq53,seq18,r_52_15_41,0.97,0,41,41,10
2,r_100_95_112,seq103,seq93,r_100_95_112,0.98,0,112,112,10
47,r_50_68_132,seq53,r_101_69_16,r_101_69_16,0.71,116,132,16,10
74,seq59,seq76,r_65_60_103,r_65_60_103,0.69,3,106,103,10
18,r_4_113_95,seq3,r_114_104_121,r_4_113_95,0.49,2,97,95,10
29,r_29_82_69,seq26,seq84,r_29_82_69,0.88,0,69,69,10
24,r_145_130_105,seq142,r_129_90_148,r_145_130_105,0.47,0,105,105,10
8,r_128_133_21,r_47_134_46,r_145_130_105,r_128_133_21,0.38,130,151,21,10
25,r_127_9_67,r_126_147_157,r_136_7_10,r_127_9_67,1.0,0,67,67,10
21,r_47_134_46,seq46,r_128_133_21,r_47_134_46,1.0,1,47,46,10
32,r_0_72_125,seq11,r_101_69_16,r_0_72_125,0.58,0,125,125,10
20,r_144_6_33,r_5_16_85,r_136_7_10,r_5_16_85,1.0,0,85,85,10
38,r_5_16_85,r_4_113_95,r_52_15_41,r_5_16_85,0.77,0,85,85,10
52,seq138,r_139_64_153,seq137,r_139_64_153,1.0,-6,147,153,10
1,r_132_44_122,r_145_130_105,r_91_49_5,r_132_44_122,0.86,0,122,122,10
15,r_63_106_28,r_61_54_54,seq105,r_63_106_28,0.94,0,28,28,10
40,r_40_148_42,r_39_118_63,seq149,r_40_148_42,0.94,0,42,42,10
81,seq80,r_81_30_140,r_29_82_69,r_29_82_69,0.98,71,140,69,10
17,r_108_22_100,seq107,seq24,r_108_22_100,0.92,3,103,100,10
75,seq62,r_61_54_54,seq76,r_61_54_54,0.85,-1,53,54,10
28,r_45_112_87,seq42,r_114_104_121,r_45_112_87,0.97,5,92,87,10
6,r_136_7_10,r_139_64_153,seq11,r_136_7_10,0.96,1,11,10,10
7,r_67_23_134,r_71_14_145,seq24,r_67_23_134,0.83,0,134,134,10
11,r_28_38_38,r_29_82_69,r_1_37_19,r_28_38_38,0.99,1,39,38,10
65,seq36,r_34_135_133,r_1_37_19,r_1_37_19,0.62,17,36,19,10
31,r_101_69_16,r_100_95_112,seq70,r_101_69_16,0.52,0,16,16,10
35,r_43_27_82,r_45_112_87,seq26,r_45_112_87,0.65,-5,82,87,10
12,r_131_17_105,r_132_44_122,seq18,r_131_17_105,0.95,0,105,105,10
87,seq98,seq112,r_141_99_79,r_141_99_79,0.86,1,80,79,11
30,r_40_28_121,seq41,r_122_27_9,r_122_27_9,0.81,112,121,9,11
8,r_92_1_47,seq90,r_2_91_146,r_92_1_47,1.0,0,47,47,11
36,r_114_119_78,seq113,seq118,r_114_119_78,1.0,0,78,78,11
17,r_32_117_47,r_29_4_111,seq118,r_32_117_47,1.0,0,47,47,11
27,r_102_93_20,seq104,seq90,r_102_93_20,1.0,0,20,20,11
83,seq83,r_82_69_135,r_13_80_128,r_13_80_128,0.98,26,154,128,11
37,r_13_80_128,seq10,seq79,r_13_80_128,0.96,0,128,128,11
86,seq95,r_94_110_156,seq88,r_94_110_156,0.75,-37,119,156,11
24,r_59_53_17,seq57,seq52,r_59_53_17,0.71,-1,16,17,11
16,r_141_99_79,seq142,seq98,r_141_99_79,0.96,1,80,79,11
23,r_29_4_111,seq5,r_35_6_79,r_35_6_79,0.99,78,157,79,11
21,r_139_24_60,seq138,seq22,r_139_24_60,0.99,0,60,60,11
5,r_44_51_126,seq41,r_86_49_65,r_86_49_65,1.0,66,131,65,11
42,r_146_36_73,r_141_99_79,seq37,r_146_36_73,1.0,0,73,73,11
39,r_147_74_36,seq68,r_143_75_65,r_143_75_65,0.99,1,66,65,11
45,r_143_75_65,r_144_14_65,r_147_74_36,r_144_14_65,0.72,0,65,65,11
19,r_86_49_65,r_87_48_65,r_111_50_55,r_111_50_55,1.0,10,65,55,11
66,seq37,r_35_6_79,r_146_36_73,r_146_36_73,0.99,6,79,73,11
39,r_147_74_36,r_141_99_79,seq68,r_147_74_36,0.99,1,37,36,11
0,r_108_137_33,seq109,seq138,r_108_137_33,1.0,0,33,33,11
67,seq38,r_39_66_163,r_146_36_73,r_146_36_73,1.0,29,102,73,11
14,r_105_107_181,r_108_137_33,r_43_106_15,r_105_107_181,0.93,-159,22,181,11
3,r_125_62_76,r_127_17_161,seq65,r_125_62_76,1.0,0,76,76,11
90,seq148,seq142,r_19_149_136,r_19_149_136,1.0,4,140,136,11
9,r_97_67_24,seq98,seq68,r_97_67_24,1.0,0,24,24,11
26,r_7_133_122,seq8,seq132,r_7_133_122,0.94,0,122,122,11
8,r_92_1_47,r_2_91_146,r_146_36_73,r_92_1_47,0.49,99,146,47,11
4,r_82_69_135,seq83,seq68,r_82_69_135,0.53,1,136,135,11
78,seq65,r_64_23_156,r_125_62_76,r_125_62_76,1.0,22,98,76,11
11,r_144_14_65,r_143_75_65,seq15,r_144_14_65,1.0,0,65,65,11
13,r_12_136_117,r_13_80_128,r_108_137_33,r_12_136_117,0.9,0,117,117,11
56,seq142,seq148,r_45_145_131,r_45_145_131,1.0,41,172,131,11
10,r_63_135_56,r_64_23_156,seq140,r_63_135_56,1.0,0,56,56,11
48,r_19_149_136,seq22,seq148,r_19_149_136,0.93,1,137,136,11
6,r_0_78_137,r_60_128_160,r_13_80_128,r_0_78_137,0.54,-59,78,137,11
2,r_2_91_146,r_92_1_47,r_102_93_20,r_2_91_146,0.72,0,146,146,11
99,seq126,r_127_17_161,r_7_133_122,r_7_133_122,0.71,41,163,122,11
32,r_47_96_90,r_87_48_65,r_141_99_79,r_47_96_90,0.54,0,90,90,11
91,seq109,seq112,r_94_110_156,r_94_110_156,1.0,6,162,156,11
72,seq138,seq140,r_108_137_33,r_108_137_33,1.0,9,42,33,11
47,r_39_66_163,seq38,r_146_36_73,r_146_36_73,1.0,25,98,73,11
39,r_147_74_36,r_143_75_65,r_120_76_132,r_120_76_132,1.0,0,132,132,11
40,r_18_77_102,r_19_149_136,seq79,r_18_77_102,1.0,0,102,102,11
18,r_127_17_161,seq126,r_144_14_65,r_144_14_65,1.0,97,162,65,11
29,r_35_6_79,seq37,seq8,r_35_6_79,0.74,0,79,79,11
25,r_3_33_97,seq5,seq30,r_3_33_97,0.76,0,97,97,11
91,seq109,r_111_50_55,seq112,r_111_50_55,1.0,0,55,55,11
47,r_39_66_163,r_146_36_73,r_125_62_76,r_39_66_163,0.78,0,163,163,11
16,r_141_99_79,seq98,r_47_96_90,r_47_96_90,0.71,29,119,90,11
87,seq98,r_97_67_24,seq112,r_97_67_24,0.74,0,24,24,11
65,seq34,r_29_4_111,seq37,r_29_4_111,0.62,-49,62,111,11
33,r_43_106_15,r_44_51_126,r_105_107_181,r_43_106_15,0.99,0,15,15,11
32,r_47_96_90,seq52,r_87_48_65,r_87_48_65,1.0,0,65,65,11
38,r_60_128_160,seq61,r_130_129_112,r_60_128_160,0.67,0,160,160,11
52,seq5,r_19_149_136,r_29_4_111,r_19_149_136,0.8,-21,115,136,11
77,seq61,r_60_128_160,seq57,r_60_128_160,0.78,0,160,160,11
34,r_81_85_74,seq79,r_11_84_79,r_11_84_79,1.0,17,96,79,11
2,r_2_91_146,seq5,r_92_1_47,r_92_1_47,1.0,0,47,47,11
96,seq118,r_32_117_47,r_114_119_78,r_114_119_78,1.0,10,88,78,11
22,r_9_54_65,r_12_136_117,r_59_53_17,r_9_54_65,1.0,0,65,65,11
56,seq142,r_141_99_79,seq148,r_141_99_79,1.0,0,79,79,11
7,r_89_134_186,seq88,r_7_133_122,r_7_133_122,0.98,73,195,122,11
44,r_94_110_156,seq95,seq109,r_94_110_156,0.92,0,156,156,11
71,seq52,r_47_96_90,r_59_53_17,r_47_96_90,0.95,-32,58,90,11
85,seq90,r_82_69_135,r_102_93_20,r_102_93_20,1.0,1,21,20,11
43,r_111_50_55,seq109,r_59_53_17,r_111_50_55,1.0,0,55,55,11
82,seq79,seq90,r_18_77_102,r_18_77_102,1.0,1,103,102,11
79,seq68,r_64_23_156,r_82_69_135,r_82_69_135,0.31,1,136,135,11
35,r_11_84_79,r_19_149_136,r_81_85_74,r_11_84_79,1.0,0,79,79,11
12,r_45_145_131,seq46,seq142,r_45_145_131,0.93,0,131,131,11
84,seq88,r_89_134_186,r_102_93_20,r_102_93_20,1.0,116,136,20,11
30,r_76_92_130,seq74,r_143_91_111,r_76_92_130,0.85,0,130,130,12
36,r_129_103_73,seq127,r_62_104_36,r_62_104_36,0.93,37,73,36,12
43,r_28_69_96,seq11,r_64_72_86,r_28_69_96,0.87,0,96,96,12
54,seq7,r_6_42_155,seq4,r_6_42_155,0.48,-39,116,155,12
37,r_64_72_86,seq63,r_125_73_41,r_125_73_41,0.8,45,86,41,12
39,r_125_73_41,r_70_101_74,r_64_72_86,r_70_101_74,0.96,0,74,74,12
44,r_143_91_111,r_124_90_21,r_76_92_130,r_76_92_130,0.99,0,130,130,12
97,seq123,r_118_26_78,r_95_122_75,r_118_26_78,0.96,-2,76,78,12
25,r_94_14_15,r_97_3_114,seq11,r_94_14_15,0.92,0,15,15,12
46,r_48_134_135,seq47,seq135,r_48_134_135,0.81,0,135,135,12
45,r_107_60_114,r_109_68_130,r_110_66_74,r_110_66_74,0.86,40,114,74,12
52,seq131,r_130_105_91,r_82_132_32,r_82_132_32,0.64,2,34,32,12
19,r_108_149_112,r_109_68_130,seq141,r_109_68_130,0.54,-16,114,130,12
24,r_70_101_74,r_125_73_41,seq100,r_70_101_74,0.99,0,74,74,12
31,r_93_138_67,r_97_3_114,r_120_140_59,r_97_3_114,0.87,-53,61,114,12
41,r_22_111_96,seq24,r_114_112_27,r_22_111_96,1.0,0,96,96,12
24,r_70_101_74,r_71_1_43,r_125_73_41,r_70_101_74,0.99,-31,43,74,12
27,r_89_8_177,r_84_13_160,r_124_90_21,r_124_90_21,0.91,10,31,21,12
1,r_139_83_32,r_136_137_10,seq85,r_139_83_32,0.85,1,33,32,12
26,r_97_3_114,seq98,r_71_1_43,r_97_3_114,0.96,0,114,114,12
4,r_114_112_27,seq116,r_22_111_96,r_22_111_96,1.0,41,137,96,12
0,r_109_68_130,r_108_149_112,r_110_66_74,r_108_149_112,0.8,19,131,112,12
11,r_130_105_91,seq131,r_62_104_36,r_62_104_36,0.94,56,92,36,12
3,r_62_104_36,r_64_72_86,seq102,r_62_104_36,1.0,0,36,36,12
20,r_57_44_107,r_53_46_108,seq45,r_57_44_107,0.8,0,107,107,12
15,r_118_26_78,seq119,seq27,r_118_26_78,0.98,0,78,78,12
48,r_95_122_75,seq100,seq123,r_95_122_75,0.62,0,75,75,12
13,r_78_17_37,seq77,seq18,r_78_17_37,0.99,0,37,37,12
51,seq2,seq0,r_71_1_43,r_71_1_43,1.0,4,47,43,12
6,r_113_147_83,r_114_112_27,seq141,r_113_147_83,0.62,31,114,83,12
40,r_82_132_32,r_84_13_160,seq131,r_82_132_32,0.93,1,33,32,12
85,seq77,seq81,r_15_79_88,r_15_79_88,1.0,48,136,88,12
42,r_71_1_43,r_70_101_74,seq2,r_71_1_43,1.0,0,43,43,12
10,r_124_90_21,r_89_8_177,r_76_92_130,r_76_92_130,0.91,3,133,130,12
87,seq85,r_84_13_160,r_139_83_32,r_139_83_32,1.0,128,160,32,12
39,r_125_73_41,seq126,r_70_101_74,r_125_73_41,0.97,0,41,41,12
47,r_34_19_81,seq32,seq21,r_34_19_81,0.82,-7,74,81,12
10,r_124_90_21,r_125_73_41,r_89_8_177,r_124_90_21,0.81,1,22,21,12
34,r_56_23_58,r_53_46_108,seq24,r_56_23_58,1.0,0,58,58,12
65,seq27,seq11,r_118_26_78,r_118_26_78,1.0,44,122,78,12
32,r_148_75_94,seq142,seq74,r_148_75_94,0.98,0,94,94,12
38,r_120_140_59,r_118_26_78,r_136_137_10,r_118_26_78,0.84,-18,60,78,12
98,seq126,r_125_73_41,r_128_121_17,r_125_73_41,0.95,-1,40,41,12
75,seq45,seq39,r_57_44_107,r_57_44_107,0.98,13,120,107,12
17,r_15_79_88,seq11,seq77,r_15_79_88,1.0,0,88,88,12
28,r_136_137_10,r_130_105_91,r_120_140_59,r_136_137_10,0.7,21,31,10,12
91,seq100,seq96,r_70_101_74,r_70_101_74,1.0,31,105,74,12
92,seq102,r_114_112_27,r_62_104_36,r_62_104_36,1.0,0,36,36,12
7,r_51_12_78,r_53_46_108,r_94_14_15,r_51_12_78,0.87,0,78,78,12
18,r_128_121_17,seq119,r_95_122_75,r_95_122_75,0.98,59,134,75,12
44,r_143_91_111,seq146,r_124_90_21,r_124_90_21,0.81,90,111,21,12
23,r_87_115_69,seq88,seq116,r_87_115_69,0.92,-1,68,69,12
35,r_99_144_87,seq100,seq146,r_99_144_87,0.84,0,87,87,12
12,r_25_61_140,seq27,r_110_66_74,r_110_66_74,0.66,67,141,74,12
19,r_69_147_41,seq70,seq146,r_69_147_41,1.0,2,43,41,13
14,r_96_24_64,r_97_12_148,r_11_132_141,r_96_24_64,1.0,0,64,64,13
8,r_100_141_84,seq101,seq140,r_100_141_84,0.99,0,84,84,13
53,seq3,r_5_13_19,r_80_6_69,r_80_6_69,0.95,27,96,69,13
43,r_117_113_49,seq119,seq114,r_117_113_49,0.68,19,68,49,13
21,r_80_6_69,seq84,seq16,r_80_6_69,0.92,-1,68,69,13
1,r_78_62_97,r_104_61_29,r_139_57_157,r_139_57_157,1.0,26,183,157,13
1,r_78_62_97,r_75_72_187,r_104_61_29,r_78_62_97,0.95,0,97,97,13
97,seq115,r_112_28_103,seq119,r_112_28_103,0.98,-39,64,103,13
5,r_91_82_113,r_133_93_1,r_64_85_76,r_91_82_113,0.38,0,113,113,13
46,r_116_81_61,r_112_28_103,seq84,r_116_81_61,1.0,0,61,61,13
42,r_137_37_69,seq136,seq40,r_137_37_69,1.0,0,69,69,13
9,r_4_105_35,seq3,r_106_27_66,r_4_105_35,0.92,-4,31,35,13
27,r_20_135_23,r_21_30_255,r_122_134_28,r_20_135_23,1.0,0,23,23,13
25,r_106_27_66,r_4_105_35,r_26_51_113,r_106_27_66,0.98,0,66,66,13
11,r_76_55_19,r_78_62_97,r_56_58_212,r_76_55_19,0.89,0,19,19,13
45,r_83_118_66,seq84,seq119,r_83_118_66,1.0,0,66,66,13
15,r_121_44_21,r_137_37_69,seq47,r_121_44_21,0.91,0,21,21,13
61,seq146,seq144,r_69_147_41,r_69_147_41,1.0,14,55,41,13
99,seq126,r_124_88_66,r_0_125_13,r_124_88_66,0.94,-7,59,66,13
25,r_106_27_66,r_26_51_113,r_112_28_103,r_106_27_66,0.99,32,98,66,13
11,r_76_55_19,r_56_58_212,seq53,r_76_55_19,0.39,193,212,19,13
78,seq59,r_104_61_29,r_95_60_143,r_95_60_143,1.0,17,160,143,13
39,r_0_125_13,seq126,r_25_123_137,r_25_123_137,1.0,11,148,137,13
31,r_25_123_137,r_26_51_113,r_106_27_66,r_106_27_66,0.87,17,83,66,13
41,r_14_98_118,seq17,r_111_92_2,r_14_98_118,0.8,0,118,118,13
89,seq144,r_145_29_162,r_69_147_41,r_69_147_41,0.99,111,152,41,13
3,r_107_15_129,seq109,seq16,r_107_15_129,0.89,0,129,129,13
10,r_26_51_113,r_25_123_137,seq52,r_26_51_113,0.98,0,113,113,13
36,r_104_61_29,r_100_141_84,seq59,r_104_61_29,0.93,0,29,29,13
18,r_73_94_48,seq71,r_111_92_2,r_73_94_48,1.0,1,49,48,13
4,r_79_1_99,r_75_72_187,seq2,r_79_1_99,0.99,0,99,99,13
7,r_10_143_52,seq7,r_69_147_41,r_10_143_52,0.94,0,52,52,13
20,r_87_108_98,seq86,seq109,r_87_108_98,0.78,0,98,98,13
98,seq119,r_117_113_49,r_83_118_66,r_83_118_66,1.0,2,68,66,13
48,r_149_8_77,seq148,seq9,r_149_8_77,1.0,0,77,77,13
23,r_39_74_21,seq40,r_75_72_187,r_39_74_21,0.74,3,24,21,13
6,r_130_63_151,r_122_134_28,r_64_85_76,r_64_85_76,0.78,91,167,76,13
21,r_80_6_69,seq16,r_21_30_255,r_80_6_69,0.78,26,95,69,13
85,seq84,r_83_118_66,r_64_85_76,r_83_118_66,0.88,0,66,66,13
29,r_56_58_212,seq50,r_76_55_19,r_76_55_19,0.98,31,50,19,13
36,r_104_61_29,seq59,r_139_57_157,r_139_57_157,1.0,38,195,157,13
2,r_75_72_187,r_77_33_191,seq68,r_77_33_191,0.49,0,191,191,13
47,r_127_31_68,seq128,seq32,r_127_31_68,1.0,0,68,68,13
9,r_4_105_35,r_106_27_66,seq115,r_106_27_66,1.0,1,67,66,13
40,r_124_88_66,seq126,seq86,r_124_88_66,0.99,1,67,66,13
24,r_131_42_131,r_130_63_151,seq43,r_131_42_131,0.64,0,131,131,13
33,r_46_38_171,seq45,seq40,r_46_38_171,0.46,0,171,171,13
58,seq140,r_139_57_157,r_100_141_84,r_100_141_84,1.0,4,88,84,13
70,seq45,r_46_38_171,seq47,r_46_38_171,0.83,0,171,171,13
14,r_96_24_64,r_11_132_141,r_106_27_66,r_11_132_141,0.99,-39,102,141,13
32,r_34_23_202,seq36,r_96_24_64,r_34_23_202,0.77,0,202,202,13
38,r_139_57_157,seq138,r_95_60_143,r_139_57_157,0.41,0,157,157,13
25,r_106_27_66,r_116_81_61,r_4_105_35,r_4_105_35,0.8,7,42,35,13
31,r_25_123_137,r_106_27_66,r_0_125_13,r_25_123_137,0.95,0,137,137,13
34,r_11_132_141,seq7,r_122_134_28,r_11_132_141,0.38,0,141,141,13
39,r_0_125_13,seq2,seq126,r_0_125_13,0.97,0,13,13,13
75,seq52,seq50,r_26_51_113,r_26_51_113,1.0,32,145,113,13
21,r_80_6_69,r_21_30_255,r_145_29_162,r_145_29_162,0.99,43,205,162,13
94,seq109,r_107_15_129,r_87_108_98,r_87_108_98,0.82,16,114,98,13
29,r_56_58_212,r_76_55_19,r_95_60_143,r_95_60_143,0.92,69,212,143,13
49,r_18_142_105,seq17,r_100_141_84,r_18_142_105,0.92,0,105,105,13
56,seq9,seq7,r_149_8_77,r_149_8_77,1.0,22,99,77,13
12,r_145_29_162,seq144,r_112_28_103,r_112_28_103,0.63,59,162,103,13
93,seq107,r_106_140_117,r_124_105_119,r_106_140_117,0.57,0,117,117,14
38,r_64_78_66,r_72_46_32,r_77_7_181,r_64_78_66,0.95,1,67,66,14
14,r_111_70_77,seq116,seq71,r_111_70_77,0.98,0,77,77,14
32,r_138_108_111,r_148_45_126,r_48_136_13,r_48_136_13,0.99,1,14,13,14
80,seq74,seq73,r_22_76_40,r_22_76_40,1.0,0,40,40,14
21,r_65_31_7,r_32_119_90,seq34,r_32_119_90,1.0,0,90,90,14
16,r_100_113_26,r_91_30_64,seq118,r_100_113_26,1.0,0,26,26,14
1,r_48_136_13,r_138_108_111,r_117_137_70,r_48_136_13,0.75,62,75,13,14
42,r_10_142_122,seq11,r_106_140_117,r_10_142_122,0.51,0,122,122,14
12,r_122_0_58,r_67_121_66,r_37_26_151,r_67_121_66,0.87,-16,50,66,14
43,r_22_76_40,seq20,seq74,r_22_76_40,1.0,0,40,40,14
32,r_138_108_111,r_48_136_13,r_124_105_119,r_48_136_13,0.84,98,111,13,14
66,seq29,seq27,r_91_30_64,r_91_30_64,1.0,0,64,64,14
78,seq71,seq69,r_111_70_77,r_111_70_77,0.95,32,109,77,14
76,seq66,r_67_121_66,seq69,r_67_121_66,1.0,1,67,66,14
17,r_61_145_20,r_52_135_88,r_148_45_126,r_61_145_20,0.97,0,20,20,14
41,r_80_127_63,seq79,seq125,r_80_127_63,0.99,0,63,63,14
12,r_122_0_58,r_37_26_151,r_103_12_1,r_122_0_58,0.6,75,133,58,14
67,seq34,r_35_8_82,r_65_31_7,r_35_8_82,1.0,0,82,82,14
12,r_122_0_58,seq24,r_143_14_15,r_122_0_58,0.41,128,186,58,14
3,r_117_137_70,seq118,r_48_136_13,r_48_136_13,0.89,61,74,13,14
26,r_141_53_86,r_148_45_126,r_2_55_55,r_2_55_55,0.69,31,86,55,14
47,r_110_51_58,seq109,r_2_55_55,r_110_51_58,1.0,0,58,58,14
1,r_48_136_13,seq44,r_138_108_111,r_48_136_13,0.87,0,13,13,14
4,r_75_15_90,seq74,seq16,r_75_15_90,0.91,0,90,90,14
0,r_67_121_66,seq66,r_100_113_26,r_67_121_66,0.96,0,66,66,14
20,r_124_105_119,seq128,seq107,r_124_105_119,0.55,1,120,119,14
15,r_2_55_55,seq5,seq54,r_2_55_55,1.0,0,55,55,14
35,r_36_92_37,r_37_26_151,seq87,r_36_92_37,0.95,0,37,37,14
57,seq16,r_13_33_177,r_143_14_15,r_143_14_15,1.0,-1,14,15,14
5,r_148_45_126,r_61_145_20,r_72_46_32,r_148_45_126,0.92,0,126,126,14
40,r_120_42_10,r_117_137_70,seq50,r_120_42_10,0.98,0,10,10,14
12,r_122_0_58,r_103_12_1,r_91_30_64,r_122_0_58,0.47,91,149,58,14
8,r_112_9_49,r_111_70_77,seq11,r_112_9_49,1.0,0,49,49,14
2,r_103_12_1,r_13_33_177,r_143_14_15,r_143_14_15,0.93,162,177,15,14
24,r_38_89_22,r_37_26_151,seq87,r_38_89_22,1.0,0,22,22,14
18,r_32_119_90,r_65_31_7,r_67_121_66,r_65_31_7,0.98,83,90,7,14
22,r_72_46_32,seq74,seq49,r_72_46_32,0.97,0,32,32,14
36,r_25_41_52,seq24,seq40,r_25_41_52,1.0,0,52,52,14
25,r_35_8_82,seq34,seq11,r_35_8_82,1.0,0,82,82,14
33,r_77_7_181,seq84,r_64_78_66,r_64_78_66,1.0,66,132,66,14
44,r_63_129_33,r_64_78_66,seq128,r_63_129_33,0.99,0,33,33,14
37,r_149_6_11,r_148_45_126,seq5,r_149_6_11,0.95,0,11,11,14
68,seq40,r_147_39_1,r_25_41_52,r_25_41_52,1.0,67,119,52,14
10,r_143_14_15,r_148_45_126,seq16,r_143_14_15,0.99,-1,14,15,14
63,seq24,r_25_41_52,r_1_23_24,r_25_41_52,0.69,0,52,52,14
34,r_114_43_101,r_100_113_26,r_120_42_10,r_114_43_101,1.0,0,101,101,14
69,seq44,seq49,r_120_42_10,r_120_42_10,1.0,35,45,10,14
9,r_91_30_64,seq87,seq29,r_91_30_64,1.0,0,64,64,14
11,r_1_23_24,r_2_55_55,seq24,r_1_23_24,0.82,0,24,24,14
12,r_122_0_58,r_91_30_64,seq24,r_91_30_64,0.44,107,171,64,14
19,r_68_146_39,seq66,r_61_145_20,r_68_146_39,0.85,0,39,39,14
28,r_56_83_91,seq54,seq84,r_56_83_91,0.95,0,91,91,14
34,r_114_43_101,r_115_58_45,r_100_113_26,r_115_58_45,0.69,1,46,45,14
49,r_85_144_121,seq84,r_61_145_20,r_85_144_121,0.43,0,121,121,14
12,r_122_0_58,r_138_108_111,r_67_121_66,r_122_0_58,0.8,0,58,58,14
56,seq11,r_10_142_122,r_35_8_82,r_35_8_82,0.79,40,122,82,14
94,seq109,r_110_51_58,seq107,r_110_51_58,1.0,0,58,58,14
23,r_52_135_88,r_56_83_91,r_117_137_70,r_52_135_88,0.79,0,88,88,14
39,r_62_139_33,r_52_135_88,r_48_136_13,r_62_139_33,0.81,0,33,33,14
94,seq109,seq107,r_124_105_119,r_124_105_119,1.0,8,127,119,14
17,r_61_145_20,r_148_45_126,r_68_146_39,r_61_145_20,0.76,106,126,20,14
38,r_64_78_66,r_63_129_33,r_72_46_32,r_64_78_66,0.6,-33,33,66,14
5,r_148_45_126,r_138_108_111,r_61_145_20,r_61_145_20,0.9,4,24,20,14
78,seq71,r_68_146_39,seq69,r_68_146_39,1.0,-5,34,39,14
84,seq84,seq81,r_56_83_91,r_56_83_91,1.0,2,93,91,14
93,seq105,r_106_17_76,r_88_104_88,r_106_17_76,0.94,2,78,76,15
30,r_37_74_107,r_39_140_138,seq75,r_37_74_107,1.0,0,107,107,15
44,r_130_56_52,r_57_10_140,seq60,r_57_10_140,0.98,0,140,140,15
86,seq86,r_88_104_88,seq91,r_88_104_88,1.0,-73,15,88,15
14,r_125_32_150,seq124,seq33,r_125_32_150,0.5,0,150,150,15
37,r_123_101_49,r_38_138_31,r_103_47_178,r_103_47_178,0.47,-94,84,178,15
37,r_123_101_49,r_103_47_178,seq115,r_103_47_178,0.87,-12,166,178,15
28,r_62_109_116,r_19_63_35,seq107,r_62_109_116,0.99,0,116,116,15
16,r_3_29_65,r_4_98_235,seq33,r_3_29_65,1.0,0,65,65,15
1,r_106_17_76,seq105,r_51_14_63,r_106_17_76,0.89,1,77,76,15
5,r_46_126_124,seq52,r_67_127_17,r_46_126_124,0.84,1,125,124,15
80,seq75,seq72,r_37_74_107,r_37_74_107,0.68,0,107,107,15
45,r_135_90_151,r_132_55_198,seq91,r_135_90_151,0.55,0,151,151,15
76,seq139,seq142,r_38_138_31,r_38_138_31,1.0,26,57,31,15
15,r_66_31_10,r_69_64_150,seq33,r_66_31_10,0.71,0,10,10,15
19,r_45_85_147,seq52,seq84,r_45_85_147,0.78,0,147,147,15
27,r_19_63_35,r_62_109_116,r_69_64_150,r_62_109_116,1.0,0,116,116,15
26,r_108_129_56,seq107,r_67_127_17,r_108_129_56,0.76,0,56,56,15
31,r_103_47_178,seq107,r_123_101_49,r_103_47_178,0.49,-69,109,178,15
27,r_19_63_35,r_20_2_54,r_62_109_116,r_19_63_35,0.97,0,35,35,15
25,r_67_127_17,r_69_64_150,seq124,r_67_127_17,0.96,0,17,17,15
10,r_59_148_165,r_58_53_98,seq149,r_58_53_98,0.68,67,165,98,15
11,r_100_96_41,seq99,seq91,r_100_96_41,0.95,0,41,41,15
0,r_69_64_150,seq68,r_19_63_35,r_19_63_35,0.78,115,150,35,15
73,seq52,r_50_48_15,r_102_49_9,r_102_49_9,0.93,75,84,9,15
13,r_97_36_87,seq95,r_3_29_65,r_97_36_87,1.0,0,87,87,15
48,r_113_73_127,r_114_92_66,seq115,r_114_92_66,0.9,0,66,66,15
49,r_78_27_47,seq26,r_30_28_58,r_78_27_47,0.68,72,119,47,15
4,r_9_16_191,seq8,r_106_17_76,r_106_17_76,1.0,115,191,76,15
49,r_78_27_47,seq77,seq26,r_78_27_47,0.99,0,47,47,15
99,seq124,r_125_32_150,r_67_127_17,r_125_32_150,0.88,-37,113,150,15
3,r_102_49_9,r_141_110_118,seq52,r_102_49_9,0.87,1,10,9,15
8,r_54_5_32,r_57_10_140,seq6,r_54_5_32,0.82,0,32,32,15
44,r_130_56_52,seq60,r_58_53_98,r_130_56_52,0.31,128,180,52,15
87,seq87,r_89_21_151,seq91,r_89_21_151,1.0,-12,139,151,15
92,seq99,r_100_96_41,r_38_138_31,r_38_138_31,0.9,-1,30,31,15
7,r_57_10_140,seq61,r_130_56_52,r_130_56_52,0.88,3,55,52,15
37,r_123_101_49,seq124,r_38_138_31,r_38_138_31,0.56,29,60,31,15
40,r_89_21_151,r_100_96_41,seq22,r_89_21_151,0.68,0,151,151,15
2,r_41_80_69,r_37_74_107,seq79,r_41_80_69,0.91,0,69,69,15
40,r_89_21_151,seq87,r_100_96_41,r_89_21_151,0.67,-12,139,151,15
74,seq60,r_58_53_98,seq61,r_58_53_98,0.26,70,168,98,15
18,r_146_23_178,seq147,seq26,r_146_23_178,0.71,0,178,178,15
29,r_51_14_63,r_50_48_15,seq15,r_51_14_63,1.0,0,63,63,15
24,r_24_119_131,seq26,r_35_120_78,r_24_119_131,1.0,0,131,131,15
33,r_133_121_60,r_132_55_198,seq124,r_132_55_198,0.99,-137,61,198,15
48,r_113_73_127,seq115,r_37_74_107,r_37_74_107,0.62,20,127,107,15
65,seq22,r_117_18_61,r_89_21_151,r_89_21_151,1.0,5,156,151,15
92,seq99,r_38_138_31,r_46_126_124,r_46_126_124,0.99,50,174,124,15
58,seq11,seq8,r_20_2_54,r_20_2_54,0.97,26,80,54,15
65,seq22,r_20_2_54,r_117_18_61,r_117_18_61,0.98,4,65,61,15
42,r_122_65_8,r_62_109_116,seq68,r_62_109_116,0.9,0,116,116,15
61,seq15,seq13,r_51_14_63,r_51_14_63,1.0,13,76,63,15
7,r_57_10_140,r_130_56_52,seq11,r_57_10_140,0.92,0,140,140,15
32,r_58_53_98,r_59_148_165,r_130_56_52,r_130_56_52,0.84,66,118,52,15
52,seq131,r_132_55_198,r_46_126_124,r_46_126_124,0.84,65,189,124,15
34,r_117_18_61,seq116,seq22,r_117_18_61,1.0,0,61,61,15
44,r_130_56_52,seq118,r_57_10_140,r_130_56_52,0.99,0,52,52,15
75,seq61,r_58_53_98,r_130_56_52,r_130_56_52,1.0,86,138,52,15
47,r_20_2_54,seq22,seq0,r_20_2_54,0.97,1,55,54,15
60,seq142,r_141_110_118,r_38_138_31,r_38_138_31,0.87,91,122,31,15
9,r_88_104_88,r_89_21_151,seq105,r_89_21_151,0.65,-63,88,151,15
31,r_103_47_178,r_123_101_49,r_102_49_9,r_103_47_178,0.93,0,178,178,15
22,r_141_110_118,seq142,r_12_111_1,r_141_110_118,0.77,4,122,118,15
28,r_62_109_116,r_69_64_150,r_19_63_35,r_19_63_35,0.64,35,70,35,15
91,seq95,r_97_36_87,r_100_96_41,r_97_36_87,0.92,-1,86,87,15
23,r_35_120_78,seq33,seq118,r_35_120_78,0.98,0,78,78,15
7,r_57_10_140,r_54_5_32,seq61,r_57_10_140,0.69,-108,32,140,15
82,seq79,seq77,r_41_80_69,r_41_80_69,1.0,14,83,69,15
79,seq72,seq71,r_143_70_5,r_143_70_5,0.52,70,75,5,15
38,r_30_28_58,seq33,r_78_27_47,r_30_28_58,1.0,0,58,58,15
12,r_114_92_66,r_113_73_127,seq91,r_114_92_66,0.96,0,66,66,15
55,seq8,r_9_16_191,seq11,r_9_16_191,0.77,-9,182,191,15
30,r_102_53_107,seq101,seq55,r_102_53_107,0.9,0,107,107,16
36,r_58_124_165,seq55,seq125,r_58_124_165,0.41,0,165,165,16
3,r_139_132_22,r_133_86_54,seq131,r_133_86_54,1.0,0,54,54,16
53,seq131,seq123,r_14_135_145,r_14_135_145,0.42,0,145,145,16
37,r_70_47_160,seq68,seq42,r_70_47_160,0.79,0,160,160,16
3,r_139_132_22,seq131,r_14_135_145,r_14_135_145,0.71,5,150,145,16
20,r_19_141_26,r_18_43_173,seq144,r_19_141_26,1.0,0,26,26,16
40,r_113_107_47,r_115_36_176,seq105,r_113_107_47,0.97,0,47,47,16
21,r_15_54_182,seq17,r_102_53_107,r_102_53_107,0.69,75,182,107,16
1,r_45_31_85,r_48_90_177,seq32,r_48_90_177,0.66,-92,85,177,16
97,seq122,r_118_99_121,r_65_121_50,r_65_121_50,0.61,30,80,50,16
46,r_128_27_119,r_129_148_145,r_95_26_62,r_128_27_119,0.93,0,119,119,16
42,r_79_126_74,seq78,r_50_130_9,r_79_126_74,1.0,0,74,74,16
15,r_65_121_50,r_64_134_141,seq122,r_65_121_50,0.99,0,50,50,16
69,seq46,r_48_90_177,r_70_47_160,r_70_47_160,0.96,17,177,160,16
10,r_35_103_20,r_45_31_85,seq100,r_35_103_20,0.99,0,20,20,16
95,seq116,r_117_33_196,seq114,r_117_33_196,0.81,-7,189,196,16
31,r_49_44_157,seq51,seq42,r_49_44_157,0.93,0,157,157,16
41,r_14_135_145,seq8,r_64_134_141,r_64_134_141,0.76,4,145,141,16
8,r_80_29_14,r_82_81_129,seq32,r_80_29_14,1.0,0,14,14,16
4,r_60_136_91,seq55,seq137,r_60_136_91,1.0,0,91,91,16
0,r_22_87_69,r_28_74_117,r_133_86_54,r_133_86_54,0.7,15,69,54,16
11,r_91_72_93,r_92_13_135,r_82_81_129,r_92_13_135,0.28,-50,85,135,16
13,r_28_74_117,seq25,r_149_76_66,r_28_74_117,0.91,0,117,117,16
48,r_64_134_141,seq68,r_14_135_145,r_64_134_141,0.69,0,141,141,16
57,seq137,seq138,r_60_136_91,r_60_136_91,1.0,32,123,91,16
6,r_52_143_110,seq51,r_96_142_82,r_52_143_110,0.99,0,110,110,16
85,seq98,seq100,r_118_99_121,r_118_99_121,1.0,5,126,121,16
34,r_104_77_55,r_102_53_107,seq78,r_102_53_107,0.98,-48,59,107,16
12,r_140_24_18,r_139_132_22,seq25,r_140_24_18,0.81,0,18,18,16
27,r_9_4_83,seq8,r_120_3_2,r_9_4_83,0.88,0,83,83,16
19,r_127_30_48,r_128_27_119,r_80_29_14,r_127_30_48,0.9,0,48,48,16
49,r_133_86_54,r_139_132_22,r_82_81_129,r_133_86_54,1.0,0,54,54,16
30,r_102_53_107,seq55,r_15_54_182,r_15_54_182,0.93,0,182,182,16
11,r_91_72_93,r_82_81_129,r_106_66_5,r_91_72_93,0.37,19,112,93,16
25,r_92_13_135,seq93,r_41_11_30,r_41_11_30,0.99,113,143,30,16
43,r_50_130_9,r_129_148_145,r_79_126_74,r_79_126_74,1.0,71,145,74,16
88,seq105,seq94,r_113_107_47,r_113_107_47,1.0,21,68,47,16
70,seq51,r_52_143_110,r_49_44_157,r_52_143_110,1.0,0,110,110,16
20,r_19_141_26,seq144,r_96_142_82,r_96_142_82,1.0,25,107,82,16
64,seq32,r_45_31_85,r_80_29_14,r_80_29_14,1.0,14,28,14,16
61,seq17,r_18_43_173,r_97_16_82,r_97_16_82,1.0,82,164,82,16
3,r_139_132_22,seq137,r_133_86_54,r_133_86_54,0.49,-33,21,54,16
60,seq144,seq138,r_96_142_82,r_96_142_82,1.0,33,115,82,16
47,r_40_67_59,r_45_31_85,r_106_66_5,r_40_67_59,1.0,0,59,59,16
17,r_96_142_82,r_97_16_82,r_19_141_26,r_96_142_82,1.0,0,82,82,16
94,seq114,r_115_36_176,seq112,r_115_36_176,1.0,0,176,176,16
9,r_95_26_62,r_96_142_82,r_140_24_18,r_95_26_62,1.0,0,62,62,16
29,r_129_148_145,r_50_130_9,r_145_146_1,r_129_148_145,0.66,0,145,145,16
49,r_133_86_54,r_129_148_145,r_139_132_22,r_133_86_54,0.58,-13,41,54,16
28,r_118_99_121,seq122,seq98,r_118_99_121,0.97,0,121,121,16
44,r_97_16_82,r_96_142_82,seq17,r_97_16_82,1.0,0,82,82,16
82,seq89,r_82_81_129,r_38_88_127,r_38_88_127,0.99,0,127,127,16
23,r_38_88_127,seq39,seq89,r_38_88_127,0.99,0,127,127,16
38,r_59_61_33,r_60_136_91,seq63,r_59_61_33,0.99,0,33,33,16
82,seq89,r_92_13_135,r_82_81_129,r_82_81_129,0.58,-27,102,129,16
79,seq78,r_79_126_74,r_104_77_55,r_79_126_74,0.96,0,74,74,16
35,r_149_76_66,r_56_147_1,seq73,r_149_76_66,1.0,0,66,66,16
65,seq34,seq42,r_80_29_14,r_80_29_14,0.92,25,39,14,16
51,seq130,r_129_7_149,r_13_134_57,r_13_134_57,0.78,111,168,57,17
38,r_12_111_33,r_9_74_125,seq110,r_12_111_33,0.63,1,34,33,17
36,r_108_29_88,seq107,seq25,r_108_29_88,1.0,0,88,88,17
9,r_83_24_2,seq16,r_126_23_161,r_126_23_161,0.98,5,166,161,17
14,r_51_138_175,r_54_81_168,r_59_50_116,r_59_50_116,0.98,27,143,116,17
8,r_116_87_100,seq118,r_131_88_54,r_131_88_54,0.97,46,100,54,17
43,r_104_124_128,r_105_132_174,seq122,r_105_132_174,0.32,-46,128,174,17
54,seq8,r_9_74_125,r_14_11_47,r_9_74_125,1.0,0,125,125,17
83,seq85,r_73_42_138,r_99_89_29,r_73_42_138,1.0,-37,101,138,17
37,r_115_79_143,seq118,r_135_75_43,r_135_75_43,0.78,100,143,43,17
20,r_133_109_77,r_13_134_57,seq107,r_133_109_77,0.65,0,77,77,17
19,r_86_41_158,r_131_88_54,r_65_40_6,r_86_41_158,0.99,0,158,158,17
71,seq48,r_47_19_71,r_65_40_6,r_47_19_71,0.95,0,71,71,17
21,r_33_94_81,seq34,r_10_96_10,r_33_94_81,1.0,0,81,81,17
5,r_9_74_125,seq8,r_141_71_89,r_9_74_125,1.0,2,127,125,17
46,r_54_81_168,r_51_138_175,r_135_75_43,r_54_81_168,0.68,0,168,168,17
24,r_126_23_161,r_104_124_128,r_83_24_2,r_126_23_161,0.94,0,161,161,17
30,r_128_144_113,r_117_140_60,r_142_100_113,r_117_140_60,0.77,40,100,60,17
32,r_131_88_54,r_86_41_158,r_116_87_100,r_131_88_54,0.49,70,124,54,17
55,seq137,r_148_125_155,r_90_139_25,r_90_139_25,0.49,0,25,25,17
1,r_90_139_25,seq82,seq137,r_90_139_25,1.0,0,25,25,17
32,r_131_88_54,r_129_7_149,r_86_41_158,r_131_88_54,1.0,0,54,54,17
15,r_47_19_71,seq21,r_63_18_105,r_63_18_105,1.0,15,120,105,17
41,r_66_119_181,seq61,seq120,r_66_119_181,0.55,0,181,181,17
67,seq43,seq45,r_73_42_138,r_73_42_138,1.0,27,165,138,17
30,r_128_144_113,seq46,r_117_140_60,r_128_144_113,0.58,-71,42,113,17
3,r_105_132_174,r_104_124_128,seq106,r_104_124_128,0.71,28,156,128,17
10,r_63_18_105,r_66_119_181,r_47_19_71,r_66_119_181,0.89,-76,105,181,17
26,r_142_100_113,r_141_71_89,r_117_140_60,r_142_100_113,0.56,-24,89,113,17
72,seq49,r_51_138_175,r_59_50_116,r_59_50_116,1.0,58,174,116,17
4,r_52_27_117,r_51_138_175,r_108_29_88,r_108_29_88,1.0,29,117,88,17
78,seq69,r_68_127_141,seq61,r_68_127_141,1.0,0,141,141,17
0,r_4_60_95,seq5,r_66_119_181,r_4_60_95,0.85,16,111,95,17
16,r_13_134_57,r_9_74_125,seq147,r_13_134_57,0.97,0,57,57,17
2,r_98_114_55,seq97,seq118,r_98_114_55,0.64,1,56,55,17
20,r_133_109_77,seq137,r_13_134_57,r_13_134_57,0.98,3,60,57,17
98,seq123,seq122,r_133_109_77,r_133_109_77,1.0,127,204,77,17
15,r_47_19_71,seq48,seq21,r_47_19_71,0.55,2,73,71,17
48,r_129_7_149,seq130,seq8,r_129_7_149,0.73,0,149,149,17
19,r_86_41_158,r_73_42_138,r_131_88_54,r_131_88_54,0.81,5,59,54,17
6,r_2_91_35,r_3_92_72,r_10_96_10,r_10_96_10,1.0,27,37,10,17
30,r_128_144_113,r_131_88_54,seq46,r_128_144_113,0.38,-82,31,113,17
62,seq25,r_28_20_108,r_108_29_88,r_108_29_88,1.0,21,109,88,17
14,r_51_138_175,r_59_50_116,r_90_139_25,r_51_138_175,0.81,0,175,175,17
99,seq149,r_148_125_155,seq147,r_148_125_155,0.54,-12,143,155,17
0,r_4_60_95,r_66_119_181,r_59_50_116,r_66_119_181,0.83,0,181,181,17
40,r_10_96_10,r_4_60_95,seq95,r_10_96_10,0.99,0,10,10,17
27,r_28_20_108,seq25,seq21,r_28_20_108,0.36,1,109,108,17
39,r_14_11_47,r_13_134_57,seq6,r_13_134_57,1.0,-1,56,57,17
43,r_104_124_128,seq122,r_148_125_155,r_148_125_155,1.0,8,163,155,17
47,r_59_50_116,seq58,seq49,r_59_50_116,0.85,0,116,116,17
18,r_80_62_151,seq76,seq61,r_80_62_151,0.99,0,151,151,17
29,r_117_140_60,r_116_87_100,r_142_100_113,r_117_140_60,1.0,0,60,60,17
24,r_126_23_161,seq118,r_104_124_128,r_104_124_128,0.41,3,131,128,17
7,r_141_71_89,r_3_92_72,r_32_72_132,r_32_72_132,0.95,13,145,132,17
25,r_145_15_120,seq146,seq5,r_145_15_120,1.0,0,120,120,17
33,r_17_64_145,seq16,seq61,r_17_64_145,0.81,0,145,145,17
64,seq34,r_9_74_125,r_83_24_2,r_9_74_125,0.99,-50,75,125,17
50,seq1,r_3_92_72,seq21,r_3_92_72,1.0,0,72,72,17
70,seq46,r_47_19_71,r_37_101_194,r_47_19_71,0.94,-7,64,71,17
26,r_142_100_113,r_117_140_60,seq102,r_142_100_113,0.93,0,113,113,17
52,seq5,r_4_60_95,r_14_11_47,r_4_60_95,0.99,0,95,95,17
34,r_32_72_132,seq25,r_141_71_89,r_32_72_132,0.99,0,132,132,17
17,r_37_101_194,seq39,seq102,r_37_101_194,0.53,0,194,194,17
96,seq120,r_121_26_211,r_133_109_77,r_133_109_77,1.0,127,204,77,17
49,r_135_75_43,seq136,seq76,r_135_75_43,0.99,0,43,43,17
28,r_73_42_138,r_2_91_35,seq43,r_73_42_138,1.0,0,138,138,17
22,r_38_31_143,r_37_101_194,seq30,r_38_31_143,0.67,0,143,143,17
28,r_73_42_138,r_80_62_151,r_2_91_35,r_2_91_35,1.0,34,69,35,17
50,seq1,r_0_70_151,seq5,r_0_70_151,0.96,-1,150,151,17
7,r_141_71_89,r_142_100_113,r_3_92_72,r_3_92_72,0.98,17,89,72,17
44,r_36_57_70,seq39,seq58,r_36_57_70,0.99,0,70,70,17
23,r_148_125_155,seq149,r_104_124_128,r_148_125_155,0.44,0,155,155,17
12,r_3_92_72,seq1,r_10_96_10,r_3_92_72,1.0,0,72,72,17
29,r_117_140_60,r_142_100_113,seq147,r_142_100_113,0.97,-10,103,113,17
42,r_99_89_29,r_98_114_55,r_10_96_10,r_10_96_10,0.57,27,37,10,17
84,seq93,r_99_89_29,r_3_92_72,r_3_92_72,1.0,11,83,72,17
9,r_62_140_183,r_127_64_81,r_67_139_75,r_67_139_75,0.69,108,183,75,18
16,r_117_6_55,seq118,r_91_1_51,r_117_6_55,0.79,0,55,55,18
69,seq36,r_46_26_122,r_25_35_19,r_25_35_19,0.64,16,35,19,18
92,seq110,r_109_72_190,r_143_104_91,r_143_104_91,1.0,111,202,91,18
37,r_52_68_75,r_51_33_115,r_34_69_43,r_52_68_75,0.99,0,75,75,18
59,seq141,seq128,r_108_142_91,r_108_142_91,1.0,21,112,91,18
86,seq92,seq96,r_85_93_143,r_85_93_143,0.59,1,144,143,18
21,r_78_63_175,seq77,r_127_64_81,r_78_63_175,0.49,0,175,175,18
1,r_54_57_16,r_56_22_112,seq65,r_56_22_112,0.98,1,113,112,18
97,seq120,r_119_48_129,r_7_121_90,r_7_121_90,0.82,29,119,90,18
4,r_55_59_40,r_56_22_112,seq61,r_55_59_40,0.98,0,40,40,18
5,r_19_147_92,seq20,r_75_148_8,r_19_147_92,0.82,0,92,92,18
42,r_109_72_190,seq110,r_116_97_187,r_116_97_187,0.83,13,200,187,18
80,seq77,r_78_63_175,r_131_76_147,r_131_76_147,0.56,17,164,147,18
88,seq99,r_109_72_190,r_111_98_119,r_111_98_119,0.98,-1,118,119,18
0,r_29_146_49,seq28,r_135_66_181,r_29_146_49,0.97,0,49,49,18
19,r_131_76_147,seq132,seq77,r_131_76_147,0.81,0,147,147,18
12,r_75_148_8,seq123,r_124_23_193,r_124_23_193,0.33,-129,64,193,18
7,r_91_1_51,r_144_88_3,r_3_138_85,r_3_138_85,0.63,-34,51,85,18
78,seq65,r_52_68_75,r_135_66_181,r_135_66_181,0.62,1,182,181,18
31,r_85_93_143,r_86_73_214,seq92,r_85_93_143,0.42,1,144,143,18
12,r_75_148_8,r_124_23_193,r_29_146_49,r_75_148_8,0.83,134,142,8,18
3,r_116_97_187,seq118,seq100,r_116_97_187,0.37,2,189,187,18
10,r_67_139_75,seq71,seq133,r_67_139_75,0.99,0,75,75,18
90,seq102,seq106,r_82_101_42,r_82_101_42,0.99,31,73,42,18
26,r_40_129_74,seq39,seq132,r_40_129_74,0.98,2,76,74,18
23,r_82_101_42,seq83,seq102,r_82_101_42,0.94,0,42,42,18
43,r_2_14_36,r_3_138_85,seq13,r_2_14_36,0.99,0,36,36,18
1,r_54_57_16,r_51_33_115,r_56_22_112,r_54_57_16,0.72,-3,13,16,18
14,r_74_149_162,seq92,r_75_148_8,r_74_149_162,0.78,-13,149,162,18
11,r_108_142_91,r_109_72_190,seq141,r_108_142_91,0.99,0,91,91,18
48,r_53_103_13,r_54_57_16,seq102,r_53_103_13,0.84,0,13,13,18
20,r_143_104_91,seq141,r_82_101_42,r_143_104_91,0.97,0,91,91,18
98,seq122,r_119_48_129,r_7_121_90,r_7_121_90,0.88,0,90,90,18
15,r_87_12_92,r_86_73_214,r_50_9_16,r_87_12_92,0.99,0,92,92,18
88,seq99,seq80,r_109_72_190,r_109_72_190,0.42,-180,10,190,18
6,r_60_94_70,seq61,seq96,r_60_94_70,0.94,0,70,70,18
2,r_86_73_214,seq89,r_109_72_190,r_109_72_190,0.4,29,219,190,18
7,r_91_1_51,r_3_138_85,r_117_6_55,r_3_138_85,1.0,0,85,85,18
93,seq112,r_116_97_187,seq128,r_116_97_187,0.38,-3,184,187,18
10,r_67_139_75,seq133,r_3_138_85,r_67_139_75,0.52,97,172,75,18
27,r_51_33_115,r_52_68_75,seq36,r_51_33_115,0.74,-48,67,115,18
30,r_56_22_112,r_54_57_16,r_50_9_16,r_56_22_112,0.98,0,112,112,18
87,seq96,seq92,r_60_94_70,r_60_94_70,0.99,6,76,70,18
8,r_16_90_49,seq13,seq89,r_16_90_49,1.0,0,49,49,18
2,r_86_73_214,r_87_12_92,seq89,r_87_12_92,1.0,0,92,92,18
47,r_125_137_171,r_126_84_93,r_67_139_75,r_125_137_171,0.9,-77,94,171,18
39,r_111_98_119,seq99,r_116_97_187,r_116_97_187,1.0,46,233,187,18
40,r_10_95_116,seq8,r_60_94_70,r_10_95_116,0.8,0,116,116,18
74,seq43,r_44_5_166,seq37,r_44_5_166,0.76,-19,147,166,18
18,r_46_26_122,seq37,seq28,r_46_26_122,0.99,0,122,122,18
24,r_45_145_60,r_46_26_122,r_29_146_49,r_45_145_60,1.0,0,60,60,18
42,r_109_72_190,r_116_97_187,r_86_73_214,r_109_72_190,0.39,30,220,190,18
33,r_126_84_93,r_125_137_171,seq83,r_126_84_93,0.73,0,93,93,18
65,seq28,seq30,r_46_26_122,r_46_26_122,1.0,0,122,122,18
32,r_127_64_81,r_126_84_93,r_62_140_183,r_127_64_81,0.88,0,81,81,18
38,r_119_48_129,seq120,seq37,r_119_48_129,0.84,0,129,129,18
52,seq132,r_131_76_147,r_40_129_74,r_40_129_74,0.64,72,146,74,18
34,r_7_121_90,r_10_95_116,seq122,r_7_121_90,0.98,0,90,90,18
99,seq123,r_124_23_193,r_125_137_171,r_125_137_171,0.66,-123,48,171,18
9,r_62_140_183,seq65,r_127_64_81,r_127_64_81,0.87,0,81,81,18
39,r_111_98_119,seq114,seq99,r_111_98_119,0.72,0,119,119,18
12,r_75_148_8,r_29_146_49,r_74_149_162,r_75_148_8,0.76,156,164,8,18
28,r_136_70_91,seq133,r_52_68_75,r_136_70_91,0.98,0,91,91,18
49,r_25_35_19,r_29_146_49,seq36,r_25_35_19,0.78,0,19,19,18
0,r_29_146_49,r_135_66_181,r_45_145_60,r_29_146_49,0.8,37,86,49,18
44,r_44_5_166,seq43,r_91_1_51,r_91_1_51,0.78,115,166,51,18
75,seq49,r_51_33_115,seq36,r_51_33_115,1.0,-7,108,115,18
25,r_50_9_16,r_54_57_16,seq8,r_50_9_16,0.89,3,19,16,18
35,r_3_138_85,r_4_105_88,r_67_139_75,r_3_138_85,0.98,0,85,85,18
14,r_74_149_162,r_82_101_42,r_109_72_190,r_109_72_190,0.82,-158,32,190,18
30,r_56_22_112,r_55_59_40,r_54_57_16,r_54_57_16,0.73,-2,14,16,18
84,seq83,r_144_88_3,r_126_84_93,r_126_84_93,0.93,10,103,93,18
93,seq110,r_112_146_117,r_115_68_176,r_112_146_117,0.65,1,118,117,19
30,r_33_93_176,r_36_67_198,seq94,r_33_93_176,0.5,1,177,176,19
51,seq4,r_5_103_165,seq16,r_5_103_165,0.85,0,165,165,19
36,r_52_92_195,r_55_81_110,r_39_118_171,r_55_81_110,0.57,-30,80,110,19
9,r_10_108_6,r_107_56_199,r_120_109_135,r_120_109_135,0.88,12,147,135,19
14,r_72_78_56,r_71_77_170,seq76,r_72_78_56,0.57,29,85,56,19
53,seq138,r_134_84_170,r_95_137_69,r_95_137_69,0.98,5,74,69,19
43,r_107_56_199,r_112_146_117,r_10_108_6,r_107_56_199,0.65,-139,60,199,19
37,r_129_28_213,seq133,r_35_130_124,r_35_130_124,1.0,1,125,124,19
86,seq94,seq125,r_33_93_176,r_33_93_176,0.84,7,183,176,19
37,r_129_28_213,r_35_130_124,r_50_30_141,r_129_28_213,0.5,0,213,213,19
37,r_129_28_213,r_131_135_83,seq133,r_131_135_83,0.71,32,115,83,19
59,seq20,r_21_148_64,seq22,r_21_148_64,1.0,2,66,64,19
86,seq94,r_95_137_69,seq125,r_95_137_69,0.68,38,107,69,19
21,r_0_113_104,seq2,seq110,r_0_113_104,0.9,0,104,104,19
39,r_149_17_100,seq145,seq16,r_149_17_100,1.0,0,100,100,19
1,r_39_118_171,seq38,seq116,r_39_118_171,0.7,0,171,171,19
5,r_112_146_117,seq110,r_19_147_43,r_19_147_43,0.98,75,118,43,19
42,r_64_54_122,seq65,r_6_53_30,r_6_53_30,0.57,91,121,30,19
80,seq75,r_73_29_63,r_140_74_17,r_73_29_63,1.0,0,63,63,19
32,r_134_84_170,r_131_135_83,seq85,r_131_135_83,0.67,87,170,83,19
45,r_95_137_69,seq94,seq138,r_95_137_69,0.93,2,71,69,19
38,r_131_135_83,r_134_84_170,r_95_137_69,r_134_84_170,1.0,0,170,170,19
31,r_14_59_65,r_18_144_114,seq58,r_14_59_65,0.93,0,65,65,19
49,r_127_27_49,seq125,seq25,r_127_27_49,1.0,0,49,49,19
16,r_6_53_30,r_55_81_110,r_3_57_17,r_55_81_110,1.0,0,110,110,19
22,r_55_81_110,r_6_53_30,seq82,r_55_81_110,1.0,0,110,110,19
14,r_72_78_56,seq76,r_140_74_17,r_72_78_56,0.34,114,170,56,19
36,r_52_92_195,r_39_118_171,r_6_53_30,r_39_118_171,0.89,-49,122,171,19
0,r_69_62_78,seq65,seq58,r_69_62_78,0.55,0,78,78,19
63,seq32,r_31_128_186,seq34,r_31_128_186,0.89,-4,182,186,19
73,seq49,r_50_30_141,r_3_57_17,r_50_30_141,0.84,0,141,141,19
15,r_47_142_104,seq40,seq141,r_47_142_104,0.66,0,104,104,19
48,r_71_77_170,r_72_78_56,seq76,r_72_78_56,0.49,26,82,56,19
6,r_136_143_122,seq138,r_19_147_43,r_19_147_43,1.0,68,111,43,19
62,seq25,r_26_48_201,r_50_30_141,r_50_30_141,1.0,31,172,141,19
85,seq90,r_86_7_177,r_37_89_68,r_37_89_68,1.0,-1,67,68,19
99,seq125,seq122,r_63_124_88,r_63_124_88,1.0,71,159,88,19
52,seq133,r_129_28_213,r_9_132_117,r_9_132_117,1.0,17,134,117,19
47,r_18_144_114,seq16,seq145,r_18_144_114,1.0,0,114,114,19
40,r_13_111_158,seq11,r_120_109_135,r_13_111_158,0.73,0,158,158,19
74,seq58,seq60,r_14_59_65,r_14_59_65,1.0,8,73,65,19
18,r_120_109_135,seq119,seq110,r_120_109_135,0.64,0,135,135,19
28,r_5_103_165,seq4,r_102_104_176,r_5_103_165,0.97,-1,164,165,19
35,r_35_130_124,r_129_28_213,r_9_132_117,r_129_28_213,0.86,0,213,213,19
33,r_114_79_169,r_115_68_176,r_72_78_56,r_115_68_176,0.45,-7,169,176,19
64,seq34,r_36_67_198,seq32,r_36_67_198,0.76,0,198,198,19
11,r_140_74_17,r_149_17_100,seq75,r_140_74_17,0.59,0,17,17,19
20,r_3_57_17,r_5_103_165,r_52_92_195,r_5_103_165,0.55,-146,19,165,19
65,seq38,r_39_118_171,seq40,r_39_118_171,0.85,-30,141,171,19
20,r_3_57_17,r_52_92_195,r_6_53_30,r_3_57_17,0.72,83,100,17,19
32,r_134_84_170,seq138,r_131_135_83,r_131_135_83,1.0,1,84,83,19
38,r_131_135_83,seq133,r_134_84_170,r_134_84_170,0.58,-87,83,170,19
81,seq76,seq75,r_72_78_56,r_72_78_56,0.5,63,119,56,19
17,r_37_89_68,seq40,seq90,r_37_89_68,0.86,0,68,68,19
96,seq119,r_120_109_135,seq116,r_120_109_135,0.94,0,135,135,19
22,r_55_81_110,r_52_92_195,r_6_53_30,r_55_81_110,0.75,-47,63,110,19
28,r_5_103_165,r_9_132_117,seq4,r_9_132_117,1.0,-8,109,117,19
81,seq76,r_72_78_56,r_71_77_170,r_71_77_170,0.54,-2,168,170,19
7,r_91_80_148,seq85,seq82,r_91_80_148,0.41,3,151,148,19
44,r_73_29_63,seq75,seq25,r_73_29_63,0.98,0,63,63,19
23,r_1_126_47,seq2,seq125,r_1_126_47,1.0,0,47,47,19
16,r_6_53_30,r_9_132_117,r_55_81_110,r_6_53_30,1.0,1,31,30,19
35,r_35_130_124,seq34,r_129_28_213,r_35_130_124,0.94,0,124,124,19
12,r_63_124_88,seq65,seq125,r_63_124_88,0.98,0,88,88,19
36,r_52_92_195,r_6_53_30,r_134_84_170,r_52_92_195,0.91,0,195,195,19
16,r_6_53_30,r_3_57_17,r_64_54_122,r_64_54_122,0.78,27,149,122,19
30,r_5_101_75,seq4,seq103,r_5_101_75,1.0,1,76,75,20
36,r_55_75_164,seq53,seq76,r_55_75_164,0.71,0,164,164,20
19,r_6_9_40,r_8_102_162,r_64_10_44,r_6_9_40,0.91,4,44,40,20
6,r_28_67_53,seq65,r_32_46_136,r_32_46_136,0.86,43,179,136,20
6,r_28_67_53,seq27,r_66_126_139,r_28_67_53,0.62,-1,52,53,20
38,r_41_61_105,r_38_121_141,r_78_43_24,r_78_43_24,1.0,12,36,24,20
8,r_100_16_98,seq99,r_31_17_42,r_100_16_98,1.0,0,98,98,20
37,r_125_116_166,seq124,r_66_126_139,r_66_126_139,0.98,12,151,139,20
21,r_38_121_141,r_39_96_141,seq120,r_38_121_141,0.91,0,141,141,20
2,r_72_127_161,r_71_2_29,seq74,r_71_2_29,0.98,-1,28,29,20
14,r_52_87_44,r_59_106_79,r_13_89_39,r_52_87_44,0.93,0,44,44,20
1,r_92_15_183,seq93,seq14,r_92_15_183,0.53,0,183,183,20
46,r_77_25_101,seq76,r_128_23_91,r_77_25_101,1.0,0,101,101,20
42,r_35_58_103,seq34,seq53,r_35_58_103,0.94,0,103,103,20
47,r_148_37_10,r_52_87_44,r_78_43_24,r_148_37_10,0.84,18,28,10,20
22,r_145_130_57,r_149_69_81,r_36_131_5,r_145_130_57,0.8,-1,56,57,20
31,r_64_10_44,r_66_126_139,r_6_9_40,r_64_10_44,0.98,0,44,44,20
48,r_13_89_39,seq14,r_85_104_102,r_13_89_39,0.66,0,39,39,20
27,r_42_21_7,r_22_51_184,r_128_23_91,r_128_23_91,1.0,93,184,91,20
66,seq34,r_35_58_103,seq33,r_35_58_103,1.0,0,103,103,20
78,seq76,r_20_81_22,r_55_75_164,r_55_75_164,0.99,14,178,164,20
76,seq70,r_72_127_161,r_149_69_81,r_149_69_81,0.92,0,81,81,20
45,r_71_2_29,r_72_127_161,seq4,r_71_2_29,0.98,0,29,29,20
38,r_41_61_105,r_78_43_24,r_35_58_103,r_41_61_105,0.76,0,105,105,20
41,r_66_126_139,seq65,r_28_67_53,r_28_67_53,0.98,18,71,53,20
71,seq49,r_52_87_44,r_118_48_13,r_52_87_44,0.56,-16,28,44,20
89,seq103,r_97_137_124,r_5_101_75,r_5_101_75,0.88,54,129,75,20
3,r_59_106_79,r_55_75_164,seq105,r_59_106_79,0.99,0,79,79,20
10,r_128_23_91,r_132_57_137,r_42_21_7,r_128_23_91,0.9,0,91,91,20
33,r_118_48_13,seq117,seq49,r_118_48_13,1.0,0,13,13,20
4,r_82_144_94,seq84,seq143,r_82_144_94,1.0,0,94,94,20
11,r_36_131_5,r_132_57_137,r_145_130_57,r_36_131_5,0.88,132,137,5,20
15,r_149_69_81,seq147,seq70,r_149_69_81,1.0,1,82,81,20
49,r_62_54_146,seq63,r_132_57_137,r_132_57_137,0.52,12,149,137,20
69,seq45,r_64_10_44,r_28_67_53,r_64_10_44,0.62,-10,34,44,20
26,r_115_146_21,seq117,seq147,r_115_146_21,0.84,-1,20,21,20
2,r_72_127_161,seq74,r_145_130_57,r_72_127_161,0.6,0,161,161,20
99,seq124,r_125_116_166,r_66_126_139,r_66_126_139,0.94,18,157,139,20
47,r_148_37_10,r_149_69_81,r_52_87_44,r_148_37_10,0.92,0,10,10,20
0,r_85_104_102,r_13_89_39,seq105,r_85_104_102,1.0,0,102,102,20
48,r_13_89_39,r_85_104_102,r_52_87_44,r_85_104_102,0.76,-35,67,102,20
24,r_78_43_24,r_82_144_94,seq40,r_78_43_24,1.0,0,24,24,20
41,r_66_126_139,r_28_67_53,r_125_116_166,r_66_126_139,0.98,0,139,139,20
40,r_119_129_85,r_122_44_140,r_145_130_57,r_119_129_85,0.79,1,86,85,20
74,seq63,r_62_54_146,r_28_67_53,r_28_67_53,0.44,90,143,53,20
18,r_110_24_130,seq111,r_77_25_101,r_110_24_130,0.99,0,130,130,20
29,r_97_137_124,seq98,r_83_133_57,r_97_137_124,0.92,0,124,124,20
69,seq45,r_41_61_105,r_32_46_136,r_41_61_105,0.72,36,141,105,20
12,r_31_17_42,r_30_60_186,seq14,r_31_17_42,0.98,-3,39,42,20
45,r_71_2_29,seq4,r_73_3_37,r_73_3_37,0.94,12,49,37,20
32,r_83_133_57,r_79_26_185,seq136,r_83_133_57,1.0,0,57,57,20
6,r_28_67_53,r_66_126_139,seq65,r_66_126_139,0.97,0,139,139,20
0,r_85_104_102,r_88_113_53,r_13_89_39,r_85_104_102,0.81,-63,39,102,20
34,r_79_26_185,seq80,r_110_24_130,r_79_26_185,0.6,0,185,185,20
25,r_132_57_137,r_128_23_91,r_36_131_5,r_132_57_137,0.65,-114,23,137,20
17,r_122_44_140,seq123,seq45,r_122_44_140,0.9,0,140,140,20
25,r_132_57_137,r_36_131_5,r_35_58_103,r_132_57_137,0.99,0,137,137,20
9,r_32_46_136,seq34,seq45,r_32_46_136,0.33,0,136,136,20
49,r_62_54_146,r_64_10_44,seq63,r_64_10_44,0.85,-8,36,44,20
7,r_8_102_162,seq7,seq103,r_8_102_162,0.6,0,162,162,20
44,r_140_109_106,seq138,seq108,r_140_109_106,0.89,0,106,106,20
43,r_20_81_22,r_28_67_53,seq80,r_20_81_22,1.0,0,22,22,20
23,r_114_86_77,seq117,r_13_89_39,r_114_86_77,1.0,0,77,77,20
35,r_39_96_141,r_38_121_141,seq91,r_39_96_141,0.96,0,141,141,20
69,seq45,r_28_67_53,r_38_121_141,r_28_67_53,0.59,47,100,53,20
41,r_66_126_139,r_125_116_166,r_134_139_24,r_134_139_24,0.64,137,161,24,20
84,seq93,r_92_15_183,seq91,r_92_15_183,0.53,0,183,183,20
38,r_35_24_53,r_34_80_107,seq27,r_34_80_107,0.93,-63,44,107,21
14,r_75_83_13,seq84,r_64_89_100,r_64_89_100,0.98,10,110,100,21
43,r_107_118_77,seq108,r_143_119_76,r_107_118_77,1.0,0,77,77,21
37,r_64_89_100,seq66,r_75_83_13,r_64_89_100,0.88,2,102,100,21
21,r_46_32_133,r_44_57_159,r_121_31_123,r_121_31_123,0.99,10,133,123,21
39,r_8_77_151,seq12,r_21_79_117,r_21_79_117,0.18,25,142,117,21
1,r_120_141_140,seq115,r_96_142_75,r_96_142_75,1.0,65,140,75,21
97,seq115,r_120_141_140,r_25_116_84,r_25_116_84,1.0,46,130,84,21
5,r_106_125_119,seq108,seq126,r_106_125_119,0.89,0,119,119,21
46,r_36_81_70,seq29,seq74,r_36_81_70,0.98,0,70,70,21
45,r_114_122_138,seq115,seq123,r_114_122_138,0.36,1,139,138,21
19,r_10_97_73,seq12,seq92,r_10_97_73,1.0,0,73,73,21
11,r_136_130_34,r_138_109_124,seq132,r_136_130_34,0.87,1,35,34,21
67,seq23,r_20_113_97,seq22,r_20_113_97,1.0,-31,66,97,21
3,r_58_140_83,seq59,r_96_142_75,r_58_140_83,0.97,0,83,83,21
40,r_143_119_76,seq147,seq115,r_143_119_76,0.56,-39,37,76,21
4,r_131_98_133,seq132,seq99,r_131_98_133,0.76,0,133,133,21
13,r_90_45_151,r_75_83_13,r_37_48_147,r_90_45_151,0.41,0,151,151,21
15,r_86_63_59,r_90_45_151,seq66,r_86_63_59,0.98,6,65,59,21
48,r_21_79_117,seq23,seq78,r_21_79_117,0.8,0,117,117,21
49,r_49_112_74,r_143_119_76,r_138_109_124,r_49_112_74,0.39,95,169,74,21
36,r_34_80_107,r_35_24_53,r_88_39_14,r_88_39_14,0.9,-3,11,14,21
6,r_56_91_82,seq54,seq92,r_56_91_82,1.0,0,82,82,21
26,r_40_33_59,r_44_57_159,r_88_39_14,r_88_39_14,0.63,39,53,14,21
24,r_69_70_159,r_86_63_59,seq71,r_69_70_159,0.43,1,160,159,21
10,r_96_142_75,r_58_140_83,r_120_141_140,r_120_141_140,1.0,13,153,140,21
36,r_34_80_107,r_88_39_14,r_36_81_70,r_88_39_14,0.98,87,101,14,21
87,seq84,r_85_11_105,r_75_83_13,r_85_11_105,0.99,1,106,105,21
24,r_69_70_159,r_68_47_117,r_86_63_59,r_69_70_159,0.49,-42,117,159,21
44,r_138_109_124,r_25_116_84,r_49_112_74,r_25_116_84,0.52,96,180,84,21
25,r_20_113_97,r_21_79_117,r_143_119_76,r_20_113_97,1.0,1,98,97,21
33,r_50_93_91,r_49_112_74,r_56_91_82,r_49_112_74,1.0,1,75,74,21
65,seq149,seq147,r_58_140_83,r_58_140_83,0.98,22,105,83,21
20,r_55_38_56,r_56_91_82,r_88_39_14,r_55_38_56,0.55,0,56,56,21
32,r_65_26_96,r_64_89_100,seq27,r_65_26_96,0.97,1,97,96,21
77,seq59,r_58_140_83,r_128_51_4,r_58_140_83,1.0,0,83,83,21
2,r_60_127_12,r_90_45_151,seq126,r_60_127_12,0.81,0,12,12,21
34,r_68_47_117,r_69_70_159,seq42,r_68_47_117,0.75,0,117,117,21
75,seq54,r_56_91_82,seq59,r_56_91_82,1.0,0,82,82,21
22,r_73_103_176,seq72,seq104,r_73_103_176,0.65,0,176,176,21
49,r_49_112_74,r_50_93_91,r_143_119_76,r_49_112_74,0.99,0,74,74,21
7,r_25_116_84,seq27,r_124_117_29,r_25_116_84,1.0,-1,83,84,21
0,r_4_14_49,seq5,seq13,r_4_14_49,0.99,2,51,49,21
44,r_138_109_124,seq139,r_25_116_84,r_25_116_84,0.97,50,134,84,21
23,r_110_16_134,seq115,seq17,r_110_16_134,0.43,1,135,134,21
82,seq72,r_73_103_176,seq71,r_73_103_176,0.99,0,176,176,21
35,r_85_11_105,seq84,seq9,r_85_11_105,0.84,1,106,105,21
27,r_88_39_14,r_90_45_151,seq29,r_88_39_14,0.92,-3,11,14,21
36,r_34_0_138,seq31,r_10_2_6,r_34_0_138,0.8,0,138,138,22
20,r_146_97_67,r_149_35_141,seq96,r_146_97_67,0.93,0,67,67,22
66,seq29,r_28_17_186,r_5_25_12,r_28_17_186,0.85,0,186,186,22
8,r_122_94_187,seq121,r_54_123_69,r_54_123_69,1.0,22,91,69,22
43,r_30_135_84,seq29,seq134,r_30_135_84,0.99,0,84,84,22
37,r_76_109_61,r_78_65_87,seq111,r_76_109_61,1.0,-4,57,61,22
54,seq139,seq140,r_43_137_92,r_43_137_92,1.0,38,130,92,22
83,seq75,r_67_46_139,r_116_74_60,r_116_74_60,1.0,6,66,60,22
3,r_124_33_160,r_54_123_69,seq31,r_124_33_160,0.99,0,160,160,22
30,r_5_25_12,r_11_82_93,seq24,r_5_25_12,0.92,0,12,12,22
86,seq91,r_92_8_136,seq89,r_92_8_136,0.82,0,136,136,22
21,r_90_125_84,r_92_8_136,r_30_135_84,r_90_125_84,0.95,1,85,84,22
5,r_149_35_141,seq148,r_84_36_44,r_84_36_44,0.66,97,141,44,22
46,r_54_123_69,seq53,seq121,r_54_123_69,1.0,0,69,69,22
41,r_84_36_44,r_85_87_174,seq31,r_84_36_44,1.0,0,44,44,22
7,r_127_13_112,seq128,r_117_3_83,r_127_13_112,0.68,0,112,112,22
45,r_116_74_60,r_117_3_83,seq75,r_116_74_60,0.65,0,60,60,22
31,r_114_44_52,seq115,r_45_142_134,r_114_44_52,0.99,0,52,52,22
24,r_38_48_18,r_45_142_134,r_136_47_106,r_38_48_18,0.69,96,114,18,22
19,r_92_8_136,seq91,r_117_3_83,r_117_3_83,0.89,53,136,83,22
1,r_9_132_10,seq133,r_120_131_49,r_120_131_49,1.0,7,56,49,22
11,r_77_58_13,r_57_80_117,seq60,r_57_80_117,1.0,0,117,117,22
66,seq29,r_30_135_84,r_28_17_186,r_30_135_84,1.0,0,84,84,22
11,r_77_58_13,r_78_65_87,r_57_80_117,r_57_80_117,0.87,-104,13,117,22
3,r_124_33_160,seq121,r_54_123_69,r_54_123_69,1.0,4,73,69,22
10,r_113_86_78,seq111,r_85_87_174,r_113_86_78,0.92,0,78,78,22
35,r_129_69_14,r_127_13_112,seq68,r_129_69_14,0.97,0,14,14,22
28,r_57_80_117,seq59,r_77_58_13,r_77_58_13,0.99,20,33,13,22
8,r_122_94_187,r_54_123_69,r_146_97_67,r_122_94_187,0.96,0,187,187,22
4,r_11_82_93,r_12_98_124,r_113_86_78,r_11_82_93,0.51,1,94,93,22
15,r_27_79_103,seq26,r_11_82_93,r_27_79_103,0.98,0,103,103,22
94,seq107,r_114_44_52,seq108,r_114_44_52,1.0,-8,44,52,22
48,r_136_47_106,seq140,r_38_48_18,r_136_47_106,1.0,0,106,106,22
13,r_45_142_134,r_54_123_69,r_114_44_52,r_45_142_134,0.98,-81,53,134,22
12,r_130_73_20,seq75,r_116_74_60,r_116_74_60,1.0,20,80,60,22
13,r_45_142_134,r_114_44_52,seq143,r_45_142_134,1.0,0,134,134,22
0,r_104_145_54,r_105_81_194,r_144_119_155,r_104_145_54,1.0,2,56,54,22
98,seq115,seq107,r_76_109_61,r_76_109_61,0.44,38,99,61,22
0,r_104_145_54,r_144_119_155,seq148,r_144_119_155,0.98,1,156,155,22
17,r_120_131_49,seq121,r_9_132_10,r_120_131_49,0.86,4,53,49,22
27,r_83_147_177,r_85_87_174,r_104_145_54,r_104_145_54,0.99,126,180,54,22
12,r_130_73_20,r_127_13_112,seq75,r_130_73_20,1.0,0,20,20,22
1,r_9_132_10,r_11_82_93,seq133,r_9_132_10,0.9,0,10,10,22
2,r_141_61_94,seq140,seq59,r_141_61_94,1.0,0,94,94,22
18,r_117_3_83,seq121,seq6,r_117_3_83,1.0,0,83,83,22
24,r_38_48_18,seq37,r_45_142_134,r_38_48_18,0.87,2,20,18,22
25,r_62_88_90,seq60,r_85_87_174,r_62_88_90,0.96,0,90,90,22
50,seq128,r_127_13_112,seq133,r_127_13_112,0.99,1,113,112,22
98,seq115,r_114_44_52,seq107,r_114_44_52,0.99,2,54,52,22
61,seq21,r_20_101_176,r_118_18_147,r_118_18_147,1.0,38,185,147,22
38,r_43_137_92,seq41,seq139,r_43_137_92,0.97,0,92,92,22
52,seq6,seq7,r_117_3_83,r_117_3_83,1.0,9,92,83,22
34,r_78_65_87,r_85_87_174,seq66,r_78_65_87,0.89,0,87,87,22
60,seq148,r_149_35_141,r_104_145_54,r_104_145_54,0.77,87,141,54,22
42,r_138_52_15,r_141_61_94,seq56,r_138_52_15,0.8,0,15,15,22
9,r_1_110_95,r_10_2_6,seq111,r_1_110_95,0.98,0,95,95,22
16,r_144_119_155,r_104_145_54,seq121,r_144_119_155,0.95,1,156,155,22
31,r_114_44_52,r_45_142_134,r_38_48_18,r_45_142_134,1.0,0,134,134,22
4,r_11_82_93,r_113_86_78,r_27_79_103,r_27_79_103,0.88,8,111,103,22
16,r_144_119_155,r_149_35_141,r_146_97_67,r_144_119_155,0.35,-120,35,155,22
28,r_57_80_117,r_77_58_13,r_11_82_93,r_57_80_117,0.85,0,117,117,22
22,r_12_98_124,r_10_2_6,r_146_97_67,r_12_98_124,0.72,0,124,124,22
7,r_127_13_112,r_126_4_68,seq128,r_126_4_68,1.0,-32,36,68,22
6,r_93_71_9,r_92_8_136,seq70,r_93_71_9,0.95,2,11,9,22
80,seq66,r_51_64_3,r_78_65_87,r_78_65_87,0.99,1,88,87,22
44,r_67_46_139,seq68,r_38_48_18,r_67_46_139,0.48,-1,138,139,22
20,r_146_97_67,r_144_119_155,r_149_35_141,r_149_35_141,0.53,-103,38,141,22
23,r_85_87_174,r_83_147_177,r_11_82_93,r_11_82_93,0.99,84,177,93,22
94,seq107,seq108,r_1_110_95,r_1_110_95,1.0,28,123,95,22
16,r_144_119_155,r_146_97_67,r_104_145_54,r_144_119_155,0.88,-100,55,155,22
40,r_66_75_121,r_17_67_40,r_51_77_107,r_17_67_40,0.95,81,121,40,23
30,r_68_111_111,r_69_95_137,r_104_109_102,r_104_109_102,0.82,9,111,102,23
2,r_57_38_32,r_36_140_78,r_44_39_40,r_36_140_78,0.85,-15,63,78,23
5,r_40_123_84,r_37_122_57,r_44_39_40,r_40_123_84,0.56,-28,56,84,23
43,r_46_25_103,seq49,seq26,r_46_25_103,0.98,0,103,103,23
37,r_24_42_68,seq26,seq49,r_24_42_68,0.95,0,68,68,23
31,r_136_94_34,r_98_134_12,r_71_92_40,r_136_94_34,0.7,6,40,34,23
14,r_105_99_45,seq106,r_71_92_40,r_105_99_45,0.54,14,59,45,23
59,seq141,seq142,r_36_140_78,r_36_140_78,1.0,0,78,78,23
91,seq101,r_100_61_43,seq147,r_100_61_43,1.0,0,43,43,23
21,r_13_124_62,r_22_81_154,r_37_122_57,r_13_124_62,0.59,0,62,62,23
39,r_0_102_124,seq2,r_121_107_73,r_0_102_124,0.56,0,124,124,23
25,r_71_92_40,r_69_95_137,r_136_94_34,r_71_92_40,0.84,0,40,40,23
46,r_50_126_77,seq49,r_108_130_2,r_50_126_77,1.0,0,77,77,23
10,r_36_140_78,r_37_122_57,r_57_38_32,r_37_122_57,0.85,0,57,57,23
33,r_17_67_40,r_18_35_73,r_66_75_121,r_17_67_40,0.93,2,42,40,23
40,r_66_75_121,r_65_29_168,r_17_67_40,r_17_67_40,0.96,11,51,40,23
15,r_69_95_137,r_68_111_111,r_136_94_34,r_69_95_137,0.89,-1,136,137,23
33,r_17_67_40,r_66_75_121,r_58_4_173,r_66_75_121,0.8,0,121,121,23
11,r_43_56_7,r_55_15_209,r_21_54_73,r_21_54_73,1.0,42,115,73,23
56,seq8,r_0_102_124,r_12_11_85,r_0_102_124,0.83,-58,66,124,23
26,r_3_14_23,r_0_102_124,r_97_19_9,r_3_14_23,0.99,0,23,23,23
2,r_57_38_32,r_55_15_209,r_36_140_78,r_57_38_32,0.96,0,32,32,23
41,r_51_77_107,r_55_15_209,seq76,r_51_77_107,0.92,0,107,107,23
67,seq27,r_30_70_145,r_80_28_66,r_80_28_66,1.0,10,76,66,23
8,r_44_39_40,r_57_38_32,r_18_35_73,r_18_35_73,0.98,45,118,73,23
16,r_45_117_4,r_116_145_83,seq125,r_116_145_83,0.76,13,96,83,23
5,r_40_123_84,r_44_39_40,r_37_122_57,r_40_123_84,1.0,0,84,84,23
4,r_80_28_66,seq79,seq27,r_80_28_66,1.0,0,66,66,23
0,r_65_29_168,seq64,r_80_28_66,r_65_29_168,0.62,0,168,168,23
33,r_17_67_40,r_58_4_173,r_62_63_71,r_58_4_173,0.99,0,173,173,23
20,r_21_54_73,r_22_81_154,r_43_56_7,r_21_54_73,0.97,0,73,73,23
13,r_120_34_79,seq118,r_18_35_73,r_120_34_79,1.0,0,79,79,23
48,r_121_107_73,seq118,seq106,r_121_107_73,0.78,0,73,73,23
36,r_23_60_102,r_24_42_68,r_30_70_145,r_24_42_68,0.99,-14,54,68,23
13,r_120_34_79,r_18_35_73,r_44_39_40,r_120_34_79,0.58,103,182,79,23
15,r_69_95_137,r_71_92_40,r_68_111_111,r_71_92_40,0.72,5,45,40,23
27,r_82_53_152,seq83,r_21_54_73,r_21_54_73,0.57,80,153,73,23
66,seq26,r_30_70_145,r_46_25_103,r_30_70_145,0.7,-20,125,145,23
47,r_98_134_12,r_135_146_80,seq106,r_135_146_80,0.42,5,85,80,23
74,seq138,r_139_112_122,seq137,r_139_112_122,0.8,0,122,122,23
29,r_93_48_67,r_136_94_34,seq47,r_93_48_67,1.0,0,67,67,23
36,r_23_60_102,r_30_70_145,r_100_61_43,r_23_60_102,1.0,0,102,102,23
6,r_100_61_43,seq101,seq59,r_100_61_43,1.0,0,43,43,23
10,r_36_140_78,r_57_38_32,seq141,r_36_140_78,0.94,0,78,78,23
8,r_44_39_40,r_46_25_103,r_57_38_32,r_44_39_40,0.59,0,40,40,23
81,seq79,r_80_28_66,seq83,r_80_28_66,1.0,0,66,66,23
32,r_41_5_36,r_44_39_40,seq2,r_41_5_36,0.98,0,36,36,23
56,seq8,r_9_128_32,r_0_102_124,r_9_128_32,1.0,0,32,32,23
94,seq110,seq103,r_68_111_111,r_68_111_111,1.0,8,119,111,23
9,r_116_145_83,seq115,r_135_146_80,r_116_145_83,0.78,2,85,83,23
22,r_18_35_73,seq16,r_44_39_40,r_18_35_73,0.99,0,73,73,23
1,r_37_122_57,r_36_140_78,seq118,r_37_122_57,0.54,0,57,57,23
7,r_30_70_145,r_17_67_40,r_116_145_83,r_17_67_40,0.87,21,61,40,23
89,seq96,r_93_48_67,r_116_145_83,r_93_48_67,0.55,-41,26,67,23
24,r_9_128_32,seq8,r_127_131_52,r_9_128_32,0.99,0,32,32,23
49,r_135_146_80,r_98_134_12,seq142,r_98_134_12,0.5,69,81,12,23
44,r_119_20_71,seq118,r_97_19_9,r_119_20_71,0.99,0,71,71,23
89,seq96,r_116_145_83,r_105_99_45,r_116_145_83,0.71,-19,64,83,23
12,r_22_81_154,seq16,r_86_87_142,r_22_81_154,0.37,0,154,154,23
30,r_20_139_95,seq18,seq142,r_20_139_95,0.7,0,95,95,24
36,r_135_54_94,r_120_127_11,seq53,r_135_54_94,0.99,0,94,94,24
92,seq111,r_113_5_171,r_99_119_65,r_99_119_65,1.0,59,124,65,24
58,seq18,r_89_26_75,r_14_19_170,r_14_19_170,0.89,1,171,170,24
55,seq15,r_14_19_170,r_56_13_115,r_56_13_115,0.98,55,170,115,24
23,r_70_130_19,r_120_127_11,r_81_131_34,r_81_131_34,0.96,38,72,34,24
86,seq101,r_102_68_101,seq104,r_102_68_101,0.96,-37,64,101,24
16,r_38_62_162,r_37_134_149,r_72_45_84,r_72_45_84,1.0,65,149,84,24
21,r_58_94_110,r_61_59_59,r_28_96_21,r_58_94_110,0.96,0,110,110,24
1,r_72_45_84,r_73_32_191,seq43,r_72_45_84,0.95,0,84,84,24
23,r_70_130_19,r_75_50_39,r_120_127_11,r_70_130_19,0.97,0,19,19,24
5,r_133_31_125,r_120_127_11,r_93_30_127,r_133_31_125,0.96,2,127,125,24
46,r_37_134_149,r_38_62_162,r_81_131_34,r_37_134_149,0.57,-1,148,149,24
42,r_147_8_19,seq148,r_6_129_163,r_147_8_19,0.79,0,19,19,24
3,r_81_131_34,r_85_137_85,r_70_130_19,r_81_131_34,0.93,0,34,34,24
45,r_73_32_191,seq74,r_133_31_125,r_73_32_191,0.45,0,191,191,24
19,r_46_55_112,r_44_106_159,r_135_54_94,r_46_55_112,0.99,0,112,112,24
44,r_84_4_39,r_85_137_85,seq3,r_84_4_39,1.0,0,39,39,24
8,r_28_96_21,r_29_1_27,r_98_40_58,r_28_96_21,0.51,0,21,21,24
95,seq116,r_118_82_157,seq115,r_118_82_157,0.81,0,157,157,24
41,r_126_100_151,r_120_127_11,seq101,r_126_100_151,0.6,0,151,151,24
50,seq3,seq12,r_84_4_39,r_84_4_39,1.0,2,41,39,24
10,r_102_68_101,seq103,r_24_65_71,r_102_68_101,0.78,0,101,101,24
49,r_57_23_152,r_46_55_112,r_89_26_75,r_57_23_152,1.0,0,152,152,24
11,r_140_52_41,r_138_132_105,seq51,r_140_52_41,1.0,0,41,41,24
4,r_145_69_133,seq146,r_102_68_101,r_145_69_133,0.76,1,134,133,24
0,r_85_137_85,seq86,seq136,r_85_137_85,0.99,1,86,85,24
22,r_112_49_32,r_113_5_171,r_38_62_162,r_112_49_32,1.0,0,32,32,24
25,r_125_0_7,r_11_10_198,r_29_1_27,r_29_1_27,0.6,1,28,27,24
48,r_56_13_115,r_57_23_152,seq15,r_56_13_115,0.62,0,115,115,24
12,r_89_26_75,r_128_22_62,r_57_23_152,r_57_23_152,1.0,43,195,152,24
6,r_41_83_78,r_44_106_159,seq86,r_41_83_78,1.0,0,78,78,24
62,seq34,seq18,r_141_36_11,r_141_36_11,0.88,98,109,11,24
5,r_133_31_125,r_93_30_127,r_73_32_191,r_73_32_191,1.0,33,224,191,24
2,r_2_42_17,r_125_0_7,seq43,r_2_42_17,0.65,0,17,17,24
13,r_120_127_11,r_133_31_125,r_70_130_19,r_70_130_19,0.5,17,36,19,24
27,r_108_7_134,r_109_107_137,r_147_8_19,r_108_7_134,0.86,0,134,134,24
73,seq67,r_73_32_191,r_25_66_45,r_25_66_45,0.99,0,45,45,24
29,r_6_129_163,seq3,r_147_8_19,r_147_8_19,0.7,0,19,19,24
22,r_112_49_32,r_38_62_162,seq48,r_38_62_162,1.0,-27,135,162,24
69,seq53,seq91,r_135_54_94,r_135_54_94,0.98,21,115,94,24
47,r_14_19_170,seq15,seq18,r_14_19_170,0.82,0,170,170,24
74,seq71,r_73_32_191,r_25_66_45,r_25_66_45,0.93,83,128,45,24
18,r_98_40_58,seq103,seq39,r_98_40_58,1.0,0,58,58,24
24,r_128_22_62,r_120_127_11,seq18,r_128_22_62,1.0,0,62,62,24
37,r_75_50_39,r_73_32_191,seq43,r_75_50_39,0.99,0,39,39,24
35,r_109_107_137,r_108_7_134,r_99_119_65,r_109_107_137,0.85,-6,131,137,24
33,r_118_82_157,seq116,r_41_83_78,r_118_82_157,0.54,0,157,157,24
42,r_147_8_19,r_6_129_163,r_108_7_134,r_108_7_134,0.91,10,144,134,24
32,r_24_65_71,seq18,seq67,r_24_65_71,0.99,0,71,71,24
20,r_29_1_27,seq27,r_125_0_7,r_125_0_7,0.6,20,27,7,24
34,r_110_21_98,r_109_107_137,seq18,r_110_21_98,1.0,0,98,98,24
51,seq136,r_110_21_98,r_126_100_151,r_110_21_98,0.87,-57,41,98,24
75,seq74,r_73_32_191,r_145_69_133,r_145_69_133,1.0,58,191,133,24
17,r_33_143_130,seq18,seq144,r_33_143_130,0.66,0,130,130,24
9,r_93_30_127,seq92,r_133_31_125,r_93_30_127,0.88,0,127,127,24
51,seq136,r_126_100_151,r_85_137_85,r_85_137_85,0.99,1,86,85,24
16,r_38_62_162,r_72_45_84,r_61_59_59,r_38_62_162,0.98,0,162,162,24
28,r_99_119_65,seq103,seq121,r_99_119_65,1.0,0,65,65,24
49,r_57_23_152,r_56_13_115,r_46_55_112,r_57_23_152,0.87,-37,115,152,24
35,r_109_107_137,r_110_21_98,r_108_7_134,r_110_21_98,0.87,-66,32,98,24
25,r_125_0_7,r_2_42_17,r_11_10_198,r_2_42_17,0.61,0,17,17,24
8,r_28_96_21,r_98_40_58,r_80_95_36,r_28_96_21,0.53,15,36,21,24
31,r_80_95_36,r_85_137_85,r_28_96_21,r_80_95_36,1.0,0,36,36,24
39,r_117_87_46,r_118_82_157,seq86,r_117_87_46,0.87,0,46,46,24
12,r_89_26_75,seq90,r_128_22_62,r_89_26_75,1.0,0,75,75,24
30,r_43_98_107,seq44,r_2_97_9,r_43_98_107,0.98,0,107,107,25
8,r_84_53_163,seq82,seq55,r_84_53_163,0.54,0,163,163,25
43,r_4_148_97,seq5,seq149,r_4_148_97,1.0,0,97,97,25
23,r_74_41_32,r_73_128_75,r_40_36_137,r_74_41_32,0.99,0,32,32,25
87,seq101,r_99_91_42,r_2_97_9,r_99_91_42,0.99,-4,38,42,25
71,seq47,seq50,r_70_49_71,r_70_49_71,1.0,19,90,71,25
16,r_30_139_83,r_31_57_115,seq138,r_30_139_83,0.99,0,83,83,25
21,r_22_116_80,seq23,seq115,r_22_116_80,1.0,0,80,80,25
39,r_85_48_95,seq87,r_70_49_71,r_85_48_95,0.58,0,95,95,25
46,r_123_124_76,seq132,r_131_130_65,r_123_124_76,0.57,0,76,76,25
45,r_62_100_112,seq61,seq101,r_62_100_112,0.98,0,112,112,25
56,seq143,r_141_146_67,r_42_142_18,r_42_142_18,0.89,8,26,18,25
41,r_15_147_74,r_11_106_126,seq149,r_15_147_74,1.0,0,74,74,25
3,r_20_125_136,seq17,r_123_124_76,r_20_125_136,0.66,0,136,136,25
42,r_102_121_54,seq108,seq122,r_102_121_54,0.99,0,54,54,25
10,r_134_107_60,r_131_130_65,seq108,r_134_107_60,1.0,0,60,60,25
26,r_37_120_17,seq35,seq119,r_37_120_17,1.0,0,17,17,25
78,seq61,r_62_100_112,r_126_58_4,r_62_100_112,1.0,-16,96,112,25
63,seq28,r_31_57_115,r_18_29_39,r_18_29_39,0.91,27,66,39,25
31,r_40_36_137,r_43_98_107,r_74_41_32,r_74_41_32,1.0,0,32,32,25
11,r_31_57_115,seq28,r_126_58_4,r_31_57_115,0.33,0,115,115,25
78,seq61,seq55,r_69_63_252,r_69_63_252,0.59,5,257,252,25
15,r_46_89_63,seq50,seq87,r_46_89_63,0.99,0,63,63,25
17,r_133_83_33,r_131_130_65,seq82,r_133_83_33,1.0,0,33,33,25
57,seq16,r_11_106_126,r_86_19_72,r_86_19_72,0.99,30,102,72,25
85,seq93,r_92_13_65,seq108,r_92_13_65,0.94,-1,64,65,25
99,seq122,r_141_146_67,r_102_121_54,r_102_121_54,1.0,2,56,54,25
47,r_64_76_218,r_32_79_7,r_56_77_242,r_56_77_242,1.0,1,243,242,25
4,r_18_29_39,r_20_125_136,seq28,r_18_29_39,0.96,0,39,39,25
47,r_64_76_218,seq67,r_32_79_7,r_64_76_218,0.69,0,218,218,25
40,r_68_25_91,seq71,seq26,r_68_25_91,0.84,0,91,91,25
29,r_92_13_65,seq93,seq16,r_92_13_65,1.0,0,65,65,25
24,r_70_49_71,r_69_63_252,seq47,r_70_49_71,1.0,0,71,71,25
25,r_110_10_116,seq111,r_90_1_94,r_110_10_116,0.89,0,116,116,25
33,r_11_106_126,seq16,r_134_107_60,r_11_106_126,0.9,0,126,126,25
5,r_88_96_44,r_86_19_72,seq101,r_88_96_44,1.0,0,44,44,25
20,r_114_21_32,seq112,seq23,r_114_21_32,1.0,0,32,32,25
70,seq44,r_43_98_107,seq35,r_43_98_107,0.85,0,107,107,25
32,r_90_1_94,seq87,seq7,r_90_1_94,0.87,0,94,94,25
38,r_140_54_98,seq138,seq55,r_140_54_98,1.0,0,98,98,25
36,r_99_91_42,seq101,seq87,r_99_91_42,0.99,0,42,42,25
27,r_9_127_58,seq17,r_131_130_65,r_9_127_58,1.0,0,58,58,25
34,r_65_12_102,r_64_76_218,r_136_14_87,r_65_12_102,0.98,0,102,102,25
75,seq55,r_56_77_242,r_140_54_98,r_140_54_98,1.0,144,242,98,25
28,r_56_77_242,seq55,r_64_76_218,r_64_76_218,0.79,24,242,218,25
49,r_73_128_75,seq71,r_131_130_65,r_73_128_75,1.0,1,76,75,25
7,r_136_14_87,seq138,r_92_13_65,r_136_14_87,0.99,0,87,87,25
1,r_6_105_17,r_4_148_97,seq104,r_6_105_17,0.98,0,17,17,25
0,r_137_45_57,r_140_54_98,seq50,r_137_45_57,1.0,0,57,57,25
6,r_94_27_23,seq93,seq28,r_94_27_23,1.0,0,23,23,25
35,r_86_19_72,r_85_48_95,seq17,r_86_19_72,0.96,0,72,72,25
36,r_99_91_42,r_32_79_7,r_46_89_63,r_46_89_63,0.54,207,270,63,25
37,r_42_142_18,r_43_98_107,seq143,r_42_142_18,0.97,0,18,18,25
83,seq82,r_84_53_163,r_133_83_33,r_133_83_33,0.93,1,34,33,25
23,r_74_41_32,r_40_36_137,r_70_49_71,r_70_49_71,1.0,54,125,71,25
84,seq87,r_85_48_95,r_46_89_63,r_46_89_63,0.82,32,95,63,25
36,r_34_8_101,seq35,r_61_11_31,r_61_11_31,0.6,70,101,31,26
58,seq14,r_7_102_162,r_98_15_16,r_98_15_16,1.0,3,19,16,26
54,seq137,seq143,r_138_147_94,r_138_147_94,0.46,51,145,94,26
37,r_127_79_138,seq125,seq88,r_127_79_138,0.99,0,138,138,26
55,seq10,r_7_102_162,r_61_11_31,r_61_11_31,1.0,40,71,31,26
39,r_90_110_105,seq89,seq111,r_90_110_105,1.0,0,105,105,26
1,r_145_135_127,seq148,r_80_136_47,r_80_136_47,1.0,87,134,47,26
97,seq121,r_123_33_88,r_80_136_47,r_80_136_47,0.99,36,83,47,26
5,r_107_126_77,r_108_6_105,seq125,r_107_126_77,0.96,0,77,77,26
46,r_32_16_123,seq35,r_98_15_16,r_32_16_123,0.53,0,123,123,26
42,r_118_22_98,r_116_75_179,seq37,r_118_22_98,0.69,0,98,98,26
52,seq4,seq3,r_23_5_17,r_23_5_17,0.97,10,27,17,26
24,r_2_106_41,r_1_55_64,seq105,r_2_106_41,0.99,0,41,41,26
69,seq40,r_41_91_155,r_114_45_155,r_41_91_155,0.73,0,155,155,26
15,r_98_15_16,r_100_132_167,seq14,r_98_15_16,1.0,0,16,16,26
27,r_128_68_155,r_134_144_38,r_103_130_70,r_103_130_70,0.89,8,78,70,26
31,r_100_132_167,r_99_73_98,r_90_110_105,r_100_132_167,1.0,-68,99,167,26
41,r_99_73_98,r_100_132_167,seq74,r_99_73_98,1.0,1,99,98,26
3,r_18_120_72,seq19,r_43_119_33,r_18_120_72,1.0,0,72,72,26
17,r_61_11_31,r_59_113_221,seq10,r_61_11_31,0.97,1,32,31,26
14,r_24_92_21,r_21_77_102,seq93,r_24_92_21,1.0,0,21,21,26
45,r_23_5_17,r_24_92_21,seq4,r_23_5_17,1.0,-1,16,17,26
26,r_112_142_214,seq115,r_134_144_38,r_134_144_38,0.84,176,214,38,26
16,r_43_119_33,r_118_22_98,r_18_120_72,r_43_119_33,0.66,65,98,33,26
27,r_128_68_155,seq133,r_38_67_146,r_128_68_155,0.99,0,155,155,26
4,r_103_130_70,r_107_126_77,r_128_68_155,r_128_68_155,0.98,-85,70,155,26
0,r_48_25_112,r_49_129_196,r_117_26_56,r_48_25_112,0.99,0,112,112,26
73,seq53,seq54,r_1_55_64,r_1_55_64,1.0,10,74,64,26
11,r_7_102_162,seq10,r_69_109_123,r_69_109_123,0.82,40,163,123,26
20,r_21_77_102,seq30,seq76,r_21_77_102,0.6,0,102,102,26
19,r_58_83_27,r_61_11_31,seq88,r_61_11_31,0.9,-4,27,31,26
48,r_78_39_122,seq76,seq37,r_78_39_122,0.54,0,122,122,26
4,r_103_130_70,r_128_68_155,r_80_136_47,r_128_68_155,1.0,-1,154,155,26
12,r_49_129_196,r_13_47_79,r_103_130_70,r_49_129_196,0.91,1,197,196,26
6,r_108_6_105,seq111,r_61_11_31,r_108_6_105,0.86,0,105,105,26
8,r_87_31_24,seq88,seq30,r_87_31_24,0.59,1,25,24,26
2,r_20_94_141,seq19,r_62_97_33,r_20_94_141,0.88,0,141,141,26
47,r_116_75_179,seq115,seq76,r_116_75_179,0.66,0,179,179,26
74,seq54,seq53,r_1_55_64,r_1_55_64,1.0,20,84,64,26
34,r_13_47_79,r_49_129_196,r_114_45_155,r_114_45_155,0.85,42,197,155,26
25,r_72_17_148,r_90_110_105,seq74,r_90_110_105,0.74,-41,64,105,26
33,r_66_146_171,seq70,r_138_147_94,r_66_146_171,0.65,0,171,171,26
44,r_62_97_33,r_59_113_221,seq95,r_62_97_33,1.0,0,33,33,26
28,r_117_26_56,r_32_16_123,r_48_25_112,r_48_25_112,0.92,3,115,112,26
70,seq44,r_49_129_196,seq40,r_49_129_196,0.61,-48,148,196,26
50,seq0,r_1_55_64,r_23_5_17,r_1_55_64,0.94,0,64,64,26
83,seq74,r_72_17_148,r_99_73_98,r_99_73_98,0.99,2,100,98,26
70,seq44,r_41_91_155,r_49_129_196,r_49_129_196,0.53,-130,66,196,26
68,seq37,r_38_67_146,r_118_22_98,r_118_22_98,0.92,33,131,98,26
38,r_123_33_88,seq121,seq35,r_123_33_88,0.71,0,88,88,26
34,r_13_47_79,seq12,r_49_129_196,r_13_47_79,0.94,0,79,79,26
60,seq19,r_20_94_141,r_108_6_105,r_108_6_105,0.72,43,148,105,26
28,r_117_26_56,r_112_142_214,r_32_16_123,r_117_26_56,1.0,0,56,56,26
25,r_72_17_148,seq74,r_32_16_123,r_72_17_148,0.79,0,148,148,26
9,r_69_109_123,seq70,seq104,r_69_109_123,0.97,0,123,123,26
96,seq115,r_116_75_179,r_18_120_72,r_18_120_72,0.98,107,179,72,26
31,r_100_132_167,r_90_110_105,seq131,r_100_132_167,0.72,0,167,167,26
97,seq121,seq133,r_107_126_77,r_107_126_77,0.64,105,182,77,26
16,r_43_119_33,r_41_91_155,r_118_22_98,r_43_119_33,1.0,0,33,33,26
13,r_80_136_47,r_90_110_105,r_145_135_127,r_80_136_47,1.0,0,47,47,26
49,r_1_55_64,seq0,seq53,r_1_55_64,1.0,0,64,64,26
91,seq131,seq133,r_100_132_167,r_100_132_167,1.0,11,178,167,26
7,r_114_45_155,r_116_75_179,r_13_47_79,r_114_45_155,0.56,1,156,155,26
23,r_82_9_99,r_90_110_105,r_61_11_31,r_90_110_105,1.0,-6,99,105,26
35,r_139_65_197,seq143,r_128_68_155,r_128_68_155,0.69,42,197,155,26
12,r_49_129_196,r_48_25_112,r_13_47_79,r_49_129_196,0.94,-84,112,196,26
27,r_128_68_155,r_127_79_138,r_134_144_38,r_134_144_38,0.67,-12,26,38,26
6,r_93_76_197,r_91_49_115,seq88,r_93_76_197,0.65,-175,22,197,27
36,r_57_46_174,r_58_87_97,r_62_139_186,r_58_87_97,0.48,0,97,97,27
9,r_20_108_162,r_75_13_26,r_133_106_6,r_20_108_162,0.89,0,162,162,27
26,r_91_49_115,r_48_0_155,r_23_47_145,r_91_49_115,0.52,39,154,115,27
76,seq61,r_57_46_174,r_133_106_6,r_57_46_174,0.88,-2,172,174,27
53,seq4,r_3_30_130,r_100_6_21,r_3_30_130,0.51,-18,112,130,27
4,r_75_13_26,r_85_73_4,seq17,r_75_13_26,0.88,0,26,26,27
43,r_38_2_103,r_40_147_199,r_100_6_21,r_38_2_103,0.78,0,103,103,27
22,r_22_136_59,r_20_108_162,seq143,r_22_136_59,1.0,0,59,59,27
37,r_3_30_130,seq4,r_31_29_16,r_3_30_130,0.69,0,130,130,27
48,r_92_67_10,r_93_76_197,r_66_122_187,r_92_67_10,0.78,1,11,10,27
21,r_145_127_110,r_146_77_135,seq128,r_145_127_110,0.98,0,110,110,27
39,r_97_27_207,seq101,r_31_29_16,r_97_27_207,0.42,0,207,207,27
1,r_21_134_105,r_20_108_162,seq144,r_21_134_105,0.94,0,105,105,27
42,r_112_81_212,seq113,r_93_76_197,r_93_76_197,1.0,15,212,197,27
80,seq71,r_85_73_4,r_102_72_104,r_102_72_104,1.0,13,117,104,27
3,r_48_0_155,r_54_36_167,r_91_49_115,r_48_0_155,0.82,-40,115,155,27
45,r_60_52_120,seq61,seq53,r_60_52_120,0.9,0,120,120,27
15,r_31_29_16,r_32_141_198,r_28_135_131,r_31_29_16,0.68,0,16,16,27
31,r_124_16_80,r_116_98_46,r_1_123_42,r_124_16_80,0.54,-38,42,80,27
5,r_133_106_6,seq110,r_65_105_48,r_65_105_48,0.96,9,57,48,27
30,r_100_6_21,r_103_107_85,r_7_137_203,r_100_6_21,0.78,0,21,21,27
19,r_103_107_85,r_102_72_104,r_133_106_6,r_103_107_85,0.73,16,101,85,27
15,r_31_29_16,r_28_135_131,r_3_30_130,r_28_135_131,0.41,0,131,131,27
67,seq33,r_32_141_198,r_114_45_93,r_114_45_93,1.0,92,185,93,27
10,r_62_139_186,seq63,seq140,r_62_139_186,0.52,0,186,186,27
26,r_91_49_115,r_93_76_197,r_48_0_155,r_48_0_155,0.54,-40,115,155,27
3,r_48_0_155,seq24,r_54_36_167,r_48_0_155,0.56,-78,77,155,27
11,r_114_45_93,seq117,seq42,r_114_45_93,0.98,0,93,93,27
20,r_84_39_74,seq82,seq42,r_84_39_74,0.66,0,74,74,27
13,r_15_115_196,seq14,r_75_13_26,r_75_13_26,0.89,37,63,26,27
46,r_66_122_187,r_92_67_10,r_1_123_42,r_66_122_187,0.68,0,187,187,27
49,r_35_78_85,seq63,r_146_77_135,r_146_77_135,1.0,30,165,135,27
13,r_15_115_196,r_75_13_26,seq117,r_75_13_26,0.66,170,196,26,27
17,r_1_123_42,seq125,r_66_122_187,r_66_122_187,1.0,0,187,187,27
85,seq86,seq82,r_58_87_97,r_58_87_97,1.0,6,103,97,27
16,r_116_98_46,r_121_26_52,seq101,r_116_98_46,0.57,0,46,46,27
9,r_20_108_162,r_22_136_59,r_75_13_26,r_22_136_59,0.98,0,59,59,27
27,r_50_25_168,seq51,r_121_26_52,r_121_26_52,1.0,116,168,52,27
30,r_100_6_21,r_7_137_203,r_38_2_103,r_38_2_103,0.91,109,212,103,27
41,r_121_26_52,r_112_81_212,r_31_29_16,r_121_26_52,1.0,0,52,52,27
47,r_126_19_140,seq128,seq17,r_126_19_140,0.92,0,140,140,27
40,r_7_137_203,r_5_70_135,r_100_6_21,r_5_70_135,0.76,0,135,135,27
18,r_58_87_97,r_57_46_174,seq86,r_58_87_97,0.98,0,97,97,27
29,r_130_64_179,seq131,r_85_73_4,r_85_73_4,0.86,170,174,4,27
24,r_146_77_135,seq144,r_35_78_85,r_146_77_135,0.96,0,135,135,27
25,r_102_72_104,r_97_27_207,seq71,r_102_72_104,0.85,0,104,104,27
33,r_5_70_135,seq4,r_85_73_4,r_5_70_135,0.66,1,136,135,27
48,r_92_67_10,r_66_122_187,r_85_73_4,r_66_122_187,0.95,0,187,187,27
6,r_93_76_197,seq88,r_146_77_135,r_146_77_135,0.93,61,196,135,27
65,seq24,r_23_47_145,r_31_29_16,r_23_47_145,0.57,0,145,145,27
61,seq17,seq18,r_75_13_26,r_75_13_26,1.0,123,149,26,27
32,r_109_44_177,seq110,r_84_39_74,r_84_39_74,0.86,103,177,74,27
77,seq63,r_62_139_186,r_130_64_179,r_130_64_179,0.48,7,186,179,27
34,r_99_41_181,seq101,r_84_39_74,r_84_39_74,0.93,107,181,74,27
46,r_66_122_187,r_75_13_26,r_92_67_10,r_66_122_187,0.85,-177,10,187,27
60,seq144,r_146_77_135,seq143,r_146_77_135,1.0,0,135,135,27
17,r_1_123_42,r_124_16_80,seq117,r_1_123_42,0.45,38,80,42,27
31,r_124_16_80,r_1_123_42,seq17,r_124_16_80,1.0,0,80,80,27
28,r_74_34_80,r_85_73_4,seq42,r_74_34_80,0.85,0,80,80,27
1,r_21_134_105,seq144,r_28_135_131,r_28_135_131,0.76,18,149,131,27
91,seq101,r_97_27_207,r_116_98_46,r_116_98_46,1.0,143,189,46,27
36,r_57_46_174,seq61,r_114_45_93,r_57_46_174,0.79,0,174,174,27
49,r_35_78_85,seq37,seq63,r_35_78_85,0.67,0,85,85,27
23,r_65_105_48,r_62_139_186,r_133_106_6,r_65_105_48,0.93,0,48,48,27
44,r_23_47_145,seq24,r_91_49_115,r_23_47_145,0.66,0,145,145,27
93,seq117,r_116_107_116,seq120,r_116_107_116,0.95,0,116,116,28
30,r_74_49_102,r_76_28_107,r_145_46_65,r_74_49_102,0.86,0,102,102,28
44,r_66_109_12,seq111,r_34_110_67,r_34_110_67,0.99,42,109,67,28
36,r_103_115_138,r_101_48_66,r_108_131_126,r_103_115_138,0.5,-72,66,138,28
64,seq24,r_11_86_93,r_141_21_31,r_11_86_93,0.79,-50,43,93,28
92,seq111,r_66_109_12,r_47_113_82,r_47_113_82,1.0,20,102,82,28
14,r_116_107_116,seq117,r_43_106_82,r_116_107_116,0.85,0,116,116,28
8,r_79_57_67,r_78_23_156,seq59,r_79_57_67,0.97,1,68,67,28
4,r_140_105_73,seq81,r_43_106_82,r_140_105_73,0.72,29,102,73,28
43,r_62_37_131,seq63,seq40,r_62_37_131,0.88,0,131,131,28
17,r_42_96_132,r_144_44_74,r_4_95_112,r_42_96_132,0.98,0,132,132,28
53,seq132,seq137,r_60_133_17,r_60_133_17,0.69,-2,15,17,28
55,seq137,r_135_143_86,r_108_131_126,r_135_143_86,0.48,44,130,86,28
16,r_77_102_150,r_78_23_156,r_9_104_154,r_78_23_156,0.47,0,156,156,28
21,r_9_104_154,seq14,r_77_102_150,r_9_104_154,0.31,0,154,154,28
1,r_34_110_67,seq36,r_66_109_12,r_34_110_67,1.0,0,67,67,28
5,r_32_67_61,seq31,seq68,r_32_67_61,1.0,0,61,61,28
69,seq36,r_34_110_67,r_7_35_13,r_34_110_67,0.96,-1,66,67,28
45,r_88_55_169,seq87,r_91_53_94,r_91_53_94,1.0,75,169,94,28
34,r_141_21_31,seq24,r_61_22_89,r_61_22_89,0.99,1,90,89,28
39,r_148_1_54,seq147,seq2,r_148_1_54,0.99,0,54,54,28
76,seq63,r_64_125_66,r_62_37_131,r_64_125_66,1.0,-13,53,66,28
10,r_60_133_17,r_61_22_89,seq132,r_60_133_17,0.8,-2,15,17,28
19,r_43_106_82,r_42_96_132,r_108_131_126,r_43_106_82,0.67,0,82,82,28
4,r_140_105_73,r_139_38_46,r_145_46_65,r_139_38_46,0.73,0,46,46,28
41,r_11_86_93,seq10,seq87,r_11_86_93,0.97,0,93,93,28
26,r_83_27_106,seq81,seq30,r_83_27_106,0.89,0,106,106,28
0,r_5_149_72,r_4_95_112,seq147,r_5_149_72,0.65,0,72,72,28
3,r_7_35_13,r_5_149_72,seq36,r_7_35_13,0.95,0,13,13,28
37,r_139_38_46,r_140_105_73,seq40,r_139_38_46,0.96,0,46,46,28
20,r_8_92_148,r_9_104_154,seq98,r_8_92_148,0.41,0,148,148,28
44,r_66_109_12,r_65_124_63,seq111,r_66_109_12,0.91,0,12,12,28
15,r_70_89_102,seq68,seq87,r_70_89_102,0.9,0,102,102,28
48,r_4_95_112,seq3,seq93,r_4_95_112,0.6,0,112,112,28
13,r_47_113_82,seq56,r_50_114_64,r_50_114_64,0.58,18,82,64,28
6,r_72_45_161,seq73,r_145_46_65,r_145_46_65,0.94,96,161,65,28
62,seq147,seq142,r_5_149_72,r_5_149_72,0.97,20,92,72,28
99,seq127,seq130,r_19_126_108,r_19_126_108,0.99,20,128,108,28
31,r_75_85_123,seq63,r_11_86_93,r_75_85_123,0.88,0,123,123,28
36,r_103_115_138,r_108_131_126,r_47_113_82,r_47_113_82,0.91,56,138,82,28
27,r_76_28_107,r_75_85_123,seq29,r_76_28_107,0.94,0,107,107,28
30,r_74_49_102,r_145_46_65,r_91_53_94,r_145_46_65,0.32,121,186,65,28
2,r_145_46_65,seq147,r_101_48_66,r_145_46_65,1.0,1,66,65,28
40,r_61_22_89,r_62_37_131,r_141_21_31,r_61_22_89,1.0,0,89,89,28
29,r_82_71_94,seq81,seq73,r_82_71_94,0.71,15,109,94,28
23,r_144_44_74,r_42_96_132,r_129_41_115,r_144_44_74,0.59,58,132,74,28
24,r_50_114_64,seq54,seq111,r_50_114_64,0.87,0,64,64,28
25,r_19_126_108,seq20,seq127,r_19_126_108,0.84,0,108,108,28
33,r_33_138_160,seq36,seq142,r_33_138_160,0.65,1,161,160,28
47,r_69_134_28,r_135_143_86,r_108_131_126,r_108_131_126,0.96,1,127,126,28
68,seq31,r_32_67_61,seq29,r_32_67_61,1.0,0,61,61,28
38,r_101_48_66,r_103_115_138,r_145_46_65,r_101_48_66,0.45,0,66,66,28
77,seq68,r_70_89_102,r_32_67_61,r_32_67_61,0.73,32,93,61,28
47,r_69_134_28,r_70_89_102,r_135_143_86,r_69_134_28,0.98,2,30,28,28
76,seq63,r_62_37_131,seq73,r_62_37_131,0.77,0,131,131,28
7,r_108_131_126,r_43_106_82,seq132,r_108_131_126,0.78,0,126,126,28
75,seq59,r_58_112_130,r_79_57_67,r_79_57_67,0.58,63,130,67,28
51,seq2,r_0_25_170,r_148_1_54,r_148_1_54,1.0,2,56,54,28
19,r_43_106_82,r_108_131_126,r_116_107_116,r_43_106_82,0.58,44,126,82,28
81,seq81,r_82_71_94,seq80,r_82_71_94,1.0,3,97,94,28
17,r_42_96_132,r_43_106_82,r_144_44_74,r_42_96_132,0.82,-50,82,132,28
34,r_141_21_31,r_144_44_74,seq24,r_144_44_74,0.85,-43,31,74,28
94,seq118,r_119_12_157,r_65_124_63,r_65_124_63,1.0,94,157,63,28
28,r_91_53_94,seq90,seq54,r_91_53_94,0.92,0,94,94,28
73,seq54,seq56,r_91_53_94,r_91_53_94,0.97,16,110,94,28
49,r_64_125_66,seq63,seq128,r_64_125_66,0.96,0,66,66,28
7,r_108_131_126,r_103_115_138,r_43_106_82,r_43_106_82,0.59,6,88,82,28
23,r_144_44_74,seq147,r_42_96_132,r_144_44_74,0.84,0,74,74,28
79,seq73,r_72_45_161,r_82_71_94,r_82_71_94,0.81,74,168,94,28
35,r_58_112_130,seq59,r_47_113_82,r_47_113_82,0.65,48,130,82,28
12,r_39_146_64,seq40,seq147,r_39_146_64,0.93,0,64,64,28
30,r_131_93_85,seq133,seq96,r_131_93_85,0.96,0,85,85,29
44,r_36_71_57,r_69_120_125,r_130_68_86,r_36_71_57,0.93,68,125,57,29
66,seq22,seq25,r_86_21_25,r_86_21_25,0.98,21,46,25,29
36,r_52_2_142,r_53_51_158,r_112_4_105,r_52_2_142,0.49,0,142,142,29
8,r_57_113_136,r_53_51_158,r_18_118_45,r_53_51_158,0.86,-10,148,158,29
40,r_103_12_47,r_106_78_76,seq13,r_103_12_47,1.0,0,47,47,29
16,r_126_100_102,seq123,r_23_102_1,r_126_100_102,0.74,0,102,102,29
21,r_74_30_67,seq73,r_15_31_22,r_74_30_67,1.0,0,67,67,29
39,r_119_95_87,r_127_115_112,seq96,r_119_95_87,0.99,0,87,87,29
1,r_92_50_100,seq98,r_43_48_88,r_92_50_100,0.96,0,100,100,29
13,r_87_107_15,r_86_21_25,r_108_38_119,r_86_21_25,0.85,-10,15,25,29
5,r_106_78_76,r_108_38_119,seq77,r_106_78_76,1.0,0,76,76,29
42,r_127_115_112,r_121_129_192,r_18_118_45,r_18_118_45,1.0,67,112,45,29
80,seq65,r_64_91_140,seq61,r_64_91_140,0.67,0,140,140,29
45,r_54_111_100,r_53_51_158,r_23_102_1,r_54_111_100,0.98,0,100,100,29
19,r_112_4_105,r_108_38_119,r_41_7_76,r_41_7_76,0.51,29,105,76,29
41,r_49_34_94,seq45,r_15_31_22,r_49_34_94,0.59,1,95,94,29
85,seq77,seq89,r_70_80_59,r_70_80_59,1.0,0,59,59,29
44,r_36_71_57,r_37_26_63,r_69_120_125,r_36_71_57,1.0,0,57,57,29
20,r_69_120_125,r_70_80_59,r_36_71_57,r_69_120_125,0.94,-66,59,125,29
26,r_14_58_84,seq19,r_63_60_16,r_14_58_84,0.75,0,84,84,29
0,r_117_39_125,seq116,r_41_7_76,r_41_7_76,0.69,29,105,76,29
11,r_41_7_76,r_44_114_80,seq9,r_44_114_80,0.89,-4,76,80,29
33,r_86_21_25,seq89,seq22,r_86_21_25,1.0,0,25,25,29
98,seq116,r_117_39_125,r_18_118_45,r_18_118_45,0.98,80,125,45,29
15,r_140_40_144,seq138,r_117_39_125,r_117_39_125,0.61,19,144,125,29
48,r_8_85_143,seq9,r_103_12_47,r_103_12_47,1.0,67,114,47,29
0,r_117_39_125,r_41_7_76,r_140_40_144,r_117_39_125,0.89,21,146,125,29
13,r_87_107_15,r_108_38_119,r_54_111_100,r_54_111_100,0.65,19,119,100,29
6,r_144_79_94,seq145,r_0_83_79,r_144_79_94,1.0,0,94,94,29
18,r_15_31_22,r_18_118_45,seq32,r_15_31_22,0.98,0,22,22,29
10,r_20_139_123,seq22,seq138,r_20_139_123,0.95,0,123,123,29
27,r_44_114_80,r_49_34_94,r_18_118_45,r_49_34_94,0.52,-14,80,94,29
25,r_64_91_140,seq65,r_131_93_85,r_64_91_140,0.78,1,141,140,29
31,r_42_88_48,r_41_7_76,seq89,r_42_88_48,1.0,1,49,48,29
20,r_69_120_125,r_36_71_57,r_104_122_12,r_69_120_125,0.87,0,125,125,29
48,r_8_85_143,r_103_12_47,r_125_84_2,r_8_85_143,0.65,0,143,143,29
32,r_53_51_158,seq55,r_43_48_88,r_43_48_88,0.55,64,152,88,29
99,seq123,r_126_100_102,r_104_122_12,r_104_122_12,0.94,1,13,12,29
29,r_104_122_12,r_106_78_76,seq123,r_104_122_12,0.98,0,12,12,29
34,r_105_33_115,r_108_38_119,r_49_34_94,r_105_33_115,0.76,0,115,115,29
43,r_70_80_59,r_69_120_125,seq81,r_70_80_59,1.0,0,59,59,29
51,seq133,r_6_124_2,r_69_120_125,r_69_120_125,0.49,41,166,125,29
94,seq145,r_144_79_94,seq142,r_144_79_94,1.0,0,94,94,29
9,r_130_68_86,r_131_93_85,r_36_71_57,r_130_68_86,1.0,0,86,86,29
47,r_149_28_21,seq148,seq27,r_149_28_21,1.0,0,21,21,29
17,r_108_38_119,r_106_78_76,r_87_107_15,r_108_38_119,0.66,-104,15,119,29
22,r_24_3_114,seq25,r_20_139_123,r_24_3_114,0.44,-51,63,114,29
28,r_0_83_79,r_1_10_115,r_70_80_59,r_0_83_79,1.0,0,79,79,29
49,r_137_97_72,seq136,seq98,r_137_97_72,0.94,0,72,72,29
56,seq138,r_140_40_144,r_20_139_123,r_20_139_123,0.99,21,144,123,29
7,r_67_72_120,seq66,seq89,r_67_72_120,0.98,0,120,120,29
17,r_108_38_119,r_87_107_15,r_86_21_25,r_108_38_119,0.88,0,119,119,29
22,r_24_3_114,r_20_139_123,r_112_4_105,r_24_3_114,0.96,-3,111,114,29
82,seq73,r_74_30_67,seq76,r_74_30_67,1.0,0,67,67,29
35,r_121_129_192,seq128,r_69_120_125,r_69_120_125,1.0,27,152,125,29
12,r_1_10_115,r_0_83_79,seq11,r_0_83_79,1.0,-17,62,79,29
24,r_18_118_45,seq19,seq116,r_18_118_45,1.0,0,45,45,29
38,r_37_26_63,r_36_71_57,seq25,r_36_71_57,0.97,0,57,57,29
36,r_13_14_97,r_12_105_73,r_121_24_32,r_13_14_97,0.82,-24,73,97,30
9,r_26_44_173,r_121_24_32,r_33_42_82,r_26_44_173,0.98,0,173,173,30
32,r_67_136_55,r_66_100_158,seq145,r_67_136_55,0.96,0,55,55,30
14,r_84_94_115,r_83_68_163,r_93_147_152,r_84_94_115,0.5,2,117,115,30
8,r_3_140_166,r_29_0_3,seq145,r_3_140_166,0.8,-2,164,166,30
37,r_16_88_148,r_17_79_180,r_56_90_126,r_56_90_126,0.74,22,148,126,30
59,seq148,r_149_72_92,r_57_146_13,r_149_72_92,0.77,-1,91,92,30
21,r_29_0_3,r_3_140_166,r_96_1_151,r_29_0_3,0.77,156,159,3,30
39,r_40_76_68,r_41_132_95,r_77_114_103,r_40_76_68,0.98,0,68,68,30
46,r_129_99_143,seq130,r_22_101_4,r_129_99_143,0.59,2,145,143,30
63,seq31,r_32_47_33,r_34_36_155,r_34_36_155,0.43,-122,33,155,30
13,r_57_146_13,r_56_90_126,seq145,r_57_146_13,0.76,0,13,13,30
69,seq48,r_46_95_161,r_32_47_33,r_32_47_33,0.87,60,93,33,30
45,r_91_51_98,r_93_147_152,seq49,r_91_51_98,0.99,0,98,98,30
19,r_149_72_92,seq148,seq71,r_149_72_92,0.97,0,92,92,30
38,r_102_23_32,r_96_1_151,seq19,r_102_23_32,0.99,0,32,32,30
66,seq38,seq43,r_15_39_34,r_15_39_34,1.0,104,138,34,30
35,r_137_103_58,seq139,r_22_101_4,r_137_103_58,1.0,0,58,58,30
31,r_8_75_90,seq5,r_40_76_68,r_8_75_90,0.84,0,90,90,30
41,r_92_35_120,r_93_147_152,r_34_36_155,r_92_35_120,0.89,0,120,120,30
3,r_144_78_102,seq145,r_8_75_90,r_144_78_102,1.0,0,102,102,30
10,r_52_4_195,seq49,r_29_0_3,r_52_4_195,0.42,0,195,195,30
26,r_126_64_175,seq127,r_134_65_70,r_134_65_70,0.86,115,185,70,30
4,r_18_143_200,seq21,r_3_140_166,r_18_143_200,0.39,0,200,200,30
78,seq71,r_66_100_158,r_149_72_92,r_149_72_92,1.0,66,158,92,30
0,r_12_105_73,r_13_14_97,seq106,r_12_105_73,0.99,0,73,73,30
11,r_112_97_82,r_111_54_76,r_22_101_4,r_111_54_76,0.77,0,76,76,30
20,r_93_147_152,r_92_35_120,r_84_94_115,r_92_35_120,0.53,-9,111,120,30
25,r_121_24_32,seq120,r_25_2_156,r_121_24_32,0.98,0,32,32,30
20,r_93_147_152,r_84_94_115,seq148,r_93_147_152,0.98,0,152,152,30
15,r_134_65_70,seq138,r_66_100_158,r_134_65_70,1.0,0,70,70,30
48,r_62_116_10,seq63,seq117,r_62_116_10,0.98,0,10,10,30
30,r_25_2_156,r_26_44_173,r_121_24_32,r_121_24_32,1.0,8,40,32,30
30,r_25_2_156,r_121_24_32,r_29_0_3,r_25_2_156,0.82,0,156,156,30
39,r_40_76_68,r_77_114_103,r_144_78_102,r_40_76_68,1.0,40,108,68,30
47,r_85_98_86,seq87,r_112_97_82,r_85_98_86,0.91,-1,85,86,30
59,seq148,r_57_146_13,r_93_147_152,r_93_147_152,1.0,8,160,152,30
15,r_134_65_70,r_135_123_39,seq138,r_135_123_39,0.96,0,39,39,30
40,r_22_101_4,r_96_1_151,r_12_105_73,r_12_105_73,0.95,78,151,73,30
74,seq59,r_60_20_186,r_134_65_70,r_134_65_70,0.99,118,188,70,30
29,r_110_141_162,r_109_9_131,r_22_101_4,r_110_141_162,0.82,-31,131,162,30
24,r_27_70_75,r_26_44_173,seq71,r_27_70_75,1.0,0,75,75,30
18,r_131_69_19,r_129_99_143,seq71,r_131_69_19,0.95,0,19,19,30
43,r_96_1_151,r_22_101_4,r_29_0_3,r_96_1_151,0.49,0,151,151,30
33,r_77_114_103,r_60_20_186,r_40_76_68,r_40_76_68,0.99,2,70,68,30
48,r_62_116_10,seq117,r_77_114_103,r_77_114_103,1.0,10,113,103,30
27,r_15_39_34,r_17_79_180,seq38,r_15_39_34,0.92,0,34,34,30
36,r_13_14_97,r_121_24_32,r_102_23_32,r_102_23_32,0.62,73,105,32,30
7,r_60_20_186,seq59,seq19,r_60_20_186,1.0,0,186,186,30
34,r_41_132_95,seq38,r_61_128_5,r_41_132_95,1.0,0,95,95,30
7,r_60_20_186,r_66_100_158,seq59,r_60_20_186,0.75,-66,120,186,30
2,r_135_123_39,r_134_65_70,seq124,r_134_65_70,0.82,-31,39,70,30
17,r_58_86_116,seq59,seq89,r_58_86_116,0.61,0,116,116,30
25,r_121_24_32,r_25_2_156,r_102_23_32,r_121_24_32,0.67,124,156,32,30
9,r_26_44_173,r_27_70_75,r_121_24_32,r_26_44_173,0.95,-98,75,173,30
15,r_134_65_70,r_66_100_158,r_83_68_163,r_66_100_158,0.36,0,158,158,30
33,r_77_114_103,r_40_76_68,seq115,r_77_114_103,1.0,0,103,103,30
22,r_17_79_180,r_16_88_148,r_13_14_97,r_17_79_180,0.87,-32,148,180,30
28,r_109_9_131,r_110_141_162,seq6,r_109_9_131,1.0,0,131,131,30
91,seq115,seq113,r_77_114_103,r_77_114_103,1.0,17,120,103,30
43,r_96_1_151,r_112_97_82,r_22_101_4,r_22_101_4,1.0,29,33,4,30
14,r_84_94_115,r_93_147_152,r_56_90_126,r_93_147_152,0.74,0,152,152,30
7,r_60_20_186,r_58_86_116,r_66_100_158,r_58_86_116,0.95,-14,102,116,30
44,r_111_54_76,r_112_97_82,seq53,r_111_54_76,0.99,0,76,76,30
23,r_83_68_163,r_84_94_115,r_134_65_70,r_83_68_163,0.35,0,163,163,30
12,r_33_42_82,r_34_36_155,seq43,r_33_42_82,0.29,0,82,82,30
22,r_17_79_180,r_13_14_97,r_144_78_102,r_17_79_180,0.91,1,181,180,30
30,r_103_142_102,r_105_72_154,r_46_141_83,r_103_142_102,1.0,0,102,102,31
51,seq129,seq133,r_122_130_112,r_122_130_112,1.0,13,125,112,31
38,r_75_125_34,r_74_76_167,seq120,r_75_125_34,0.98,0,34,34,31
66,seq23,r_27_132_162,seq26,r_27_132_162,0.98,-47,115,162,31
8,r_12_100_108,seq13,r_87_101_88,r_12_100_108,0.93,0,108,108,31
53,seq133,r_131_97_96,r_5_135_5,r_131_97_96,1.0,-18,78,96,31
43,r_114_108_86,r_115_49_148,seq113,r_114_108_86,0.98,0,86,86,31
36,r_56_90_39,seq57,seq95,r_56_90_39,0.98,0,39,39,31
16,r_30_4_175,r_31_58_196,seq13,r_30_4_175,0.55,1,176,175,31
21,r_47_38_248,seq44,r_89_35_6,r_89_35_6,0.92,243,249,6,31
39,r_31_58_196,r_30_4_175,r_89_35_6,r_31_58_196,0.71,-21,175,196,31
1,r_27_132_162,seq26,seq133,r_27_132_162,0.65,0,162,162,31
29,r_46_141_83,seq140,r_103_142_102,r_103_142_102,0.88,28,130,102,31
77,seq57,seq67,r_31_58_196,r_31_58_196,0.79,35,231,196,31
27,r_81_116_14,r_115_49_148,r_75_125_34,r_81_116_14,0.62,134,148,14,31
76,seq53,seq48,r_84_55_118,r_84_55_118,1.0,32,150,118,31
45,r_111_0_29,seq113,seq2,r_111_0_29,1.0,0,29,29,31
31,r_92_51_140,r_93_145_75,r_118_91_57,r_92_51_140,1.0,-72,68,140,31
41,r_28_20_209,seq26,r_60_21_44,r_60_21_44,0.99,165,209,44,31
10,r_131_97_96,seq133,r_40_96_40,r_131_97_96,1.0,0,96,96,31
90,seq94,r_92_51_140,r_40_96_40,r_40_96_40,0.75,101,141,40,31
40,r_60_21_44,r_61_110_96,seq22,r_60_21_44,1.0,1,45,44,31
26,r_122_130_112,seq123,seq129,r_122_130_112,0.99,0,112,112,31
4,r_134_24_59,r_131_97_96,seq26,r_134_24_59,1.0,0,59,59,31
0,r_61_110_96,r_59_99_156,seq113,r_61_110_96,0.96,1,97,96,31
11,r_143_138_116,r_144_25_146,seq140,r_143_138_116,0.61,16,132,116,31
20,r_87_101_88,seq86,r_29_102_89,r_29_102_89,0.72,0,89,89,31
37,r_115_49_148,r_119_126_9,r_81_116_14,r_81_116_14,1.0,8,22,14,31
46,r_118_91_57,r_92_51_140,r_40_96_40,r_92_51_140,0.99,1,141,140,31
52,seq2,seq6,r_111_0_29,r_111_0_29,0.97,6,35,29,31
48,r_29_102_89,r_27_132_162,r_87_101_88,r_29_102_89,1.0,0,89,89,31
15,r_68_16_33,r_69_146_187,seq17,r_68_16_33,0.78,4,37,33,31
2,r_40_96_40,r_42_3_73,seq95,r_40_96_40,0.99,0,40,40,31
35,r_8_19_16,r_7_78_19,seq15,r_8_19_16,0.6,0,16,16,31
13,r_1_80_14,seq2,seq79,r_1_80_14,0.95,0,14,14,31
52,seq2,r_111_0_29,r_42_3_73,r_42_3_73,1.0,47,120,73,31
9,r_7_78_19,seq6,seq77,r_7_78_19,0.85,0,19,19,31
12,r_54_70_41,seq53,seq67,r_54_70_41,0.71,0,41,41,31
5,r_62_52_32,seq63,seq50,r_62_52_32,0.84,4,36,32,31
18,r_144_25_146,r_143_138_116,seq26,r_144_25_146,0.83,0,146,146,31
29,r_46_141_83,r_47_38_248,seq140,r_46_141_83,0.96,0,83,83,31
24,r_36_18_212,seq34,r_8_19_16,r_36_18_212,0.32,0,212,212,31
35,r_8_19_16,seq15,r_36_18_212,r_36_18_212,0.69,-1,211,212,31
25,r_105_72_154,seq106,r_109_73_152,r_109_73_152,0.45,5,157,152,31
33,r_59_99_156,r_61_110_96,r_69_146_187,r_61_110_96,1.0,0,96,96,31
46,r_118_91_57,r_117_10_129,r_92_51_140,r_118_91_57,0.99,0,57,57,31
70,seq37,r_39_107_167,r_89_35_6,r_89_35_6,0.51,161,167,6,31
91,seq95,r_105_72_154,r_40_96_40,r_40_96_40,0.99,1,41,40,31
83,seq77,r_85_136_36,r_7_78_19,r_85_136_36,0.7,-9,27,36,31
6,r_85_136_36,r_87_101_88,r_5_135_5,r_85_136_36,1.0,0,36,36,31
34,r_117_10_129,seq123,seq11,r_117_10_129,0.97,0,129,129,31
32,r_109_73_152,r_74_76_167,r_105_72_154,r_74_76_167,0.38,0,167,167,31
77,seq57,r_56_90_39,seq67,r_56_90_39,1.0,0,39,39,31
17,r_42_3_73,seq43,seq2,r_42_3_73,0.99,0,73,73,31
94,seq113,seq95,r_32_112_106,r_32_112_106,1.0,16,122,106,31
31,r_92_51_140,r_118_91_57,seq50,r_92_51_140,0.98,1,141,140,31
39,r_31_58_196,r_89_35_6,r_54_70_41,r_31_58_196,0.86,0,196,196,31
37,r_115_49_148,r_81_116_14,r_92_51_140,r_92_51_140,0.73,8,148,140,31
22,r_32_112_106,r_39_107_167,seq113,r_32_112_106,0.81,0,106,106,31
28,r_137_41_98,seq140,seq43,r_137_41_98,1.0,0,98,98,31
14,r_71_98_35,seq67,seq104,r_71_98_35,0.96,0,35,35,31
56,seq11,seq6,r_117_10_129,r_117_10_129,0.99,19,148,129,31
3,r_5_135_5,r_134_24_59,r_85_136_36,r_5_135_5,0.77,54,59,5,31
44,r_93_145_75,r_92_51_140,r_143_138_116,r_93_145_75,1.0,0,75,75,31
19,r_84_55_118,seq86,seq48,r_84_55_118,1.0,0,118,118,31
60,seq15,seq17,r_8_19_16,r_8_19_16,0.98,25,41,16,31
61,seq17,seq15,r_68_16_33,r_68_16_33,0.99,0,33,33,31
27,r_81_116_14,r_85_136_36,r_115_49_148,r_81_116_14,0.97,0,14,14,31
92,seq114,r_115_74_152,seq112,r_115_74_152,0.9,-2,150,152,32
14,r_25_96_145,seq18,r_2_94_35,r_25_96_145,0.5,0,145,145,32
21,r_75_47_17,r_72_17_46,r_46_119_198,r_75_47_17,0.63,0,17,17,32
8,r_148_130_96,r_149_129_186,seq128,r_148_130_96,0.96,0,96,96,32
30,r_46_119_198,r_42_133_161,r_75_47_17,r_46_119_198,0.5,-159,39,198,32
5,r_120_8_128,seq122,seq6,r_120_8_128,0.95,0,128,128,32
46,r_103_5_184,seq102,r_134_4_7,r_134_4_7,0.85,178,185,7,32
42,r_35_106_75,seq36,r_98_107_60,r_35_106_75,1.0,0,75,75,32
69,seq43,r_42_133_161,r_71_45_55,r_71_45_55,1.0,73,128,55,32
19,r_29_132_136,seq30,r_148_130_96,r_29_132_136,0.99,0,136,136,32
95,seq122,r_121_9_122,seq118,r_121_9_122,1.0,-28,94,122,32
66,seq27,r_26_14_164,r_131_20_55,r_131_20_55,1.0,49,104,55,32
31,r_76_28_123,r_77_73_185,seq27,r_76_28_123,0.99,0,123,123,32
3,r_131_20_55,seq128,r_72_17_46,r_131_20_55,0.64,0,55,55,32
41,r_81_41_164,r_77_73_185,r_126_39_93,r_77_73_185,0.91,-21,164,185,32
67,seq30,r_32_69_112,r_44_33_109,r_32_69_112,0.99,0,112,112,32
10,r_37_90_206,r_38_40_184,r_44_33_109,r_37_90_206,0.17,-56,150,206,32
24,r_98_107_60,r_93_142_72,seq108,r_93_142_72,0.97,-19,53,72,32
90,seq111,r_110_64_71,seq112,r_110_64_71,0.99,0,71,71,32
83,seq85,seq86,r_97_89_82,r_97_89_82,0.8,8,90,82,32
26,r_109_15_212,seq112,r_131_20_55,r_131_20_55,1.0,158,213,55,32
16,r_91_135_209,r_51_92_32,seq136,r_51_92_32,0.14,177,209,32,32
4,r_116_62_120,seq112,r_32_69_112,r_116_62_120,0.58,0,120,120,32
73,seq55,r_57_143_186,r_61_56_37,r_57_143_186,0.92,0,186,186,32
11,r_50_59_150,seq52,seq60,r_50_59_150,0.8,0,150,150,32
20,r_121_9_122,seq122,seq11,r_121_9_122,1.0,1,123,122,32
13,r_38_40_184,r_37_90_206,r_126_39_93,r_126_39_93,1.0,91,184,93,32
98,seq125,r_126_39_93,seq127,r_126_39_93,1.0,0,93,93,32
17,r_126_39_93,r_46_119_198,r_81_41_164,r_81_41_164,1.0,3,167,164,32
36,r_97_89_82,r_99_95_14,r_91_135_209,r_91_135_209,0.53,-181,28,209,32
21,r_75_47_17,r_46_119_198,r_71_45_55,r_71_45_55,1.0,30,85,55,32
36,r_97_89_82,r_91_135_209,r_84_53_136,r_84_53_136,0.6,-54,82,136,32
7,r_113_79_37,r_115_74_152,r_117_83_13,r_113_79_37,0.68,2,39,37,32
48,r_93_142_72,seq100,r_91_135_209,r_93_142_72,0.62,-50,22,72,32
87,seq105,r_104_63_121,seq102,r_104_63_121,0.83,-5,116,121,32
49,r_99_95_14,r_98_107_60,r_2_94_35,r_2_94_35,1.0,2,37,35,32
2,r_44_33_109,r_42_133_161,seq30,r_42_133_161,0.79,-52,109,161,32
40,r_42_133_161,seq43,seq127,r_42_133_161,0.67,0,161,161,32
27,r_61_56_37,seq60,seq55,r_61_56_37,0.53,1,38,37,32
18,r_31_88_107,r_32_69_112,r_97_89_82,r_31_88_107,0.78,0,107,107,32
29,r_144_49_73,r_148_130_96,seq52,r_144_49_73,1.0,1,74,73,32
16,r_91_135_209,r_98_107_60,r_51_92_32,r_51_92_32,0.99,5,37,32,32
25,r_57_143_186,seq55,r_93_142_72,r_57_143_186,0.75,0,186,186,32
33,r_84_53_136,seq85,seq52,r_84_53_136,0.92,0,136,136,32
36,r_97_89_82,r_84_53_136,r_31_88_107,r_97_89_82,1.0,39,121,82,32
68,seq36,r_35_106_75,r_37_90_206,r_35_106_75,1.0,0,75,75,32
32,r_110_64_71,seq111,seq65,r_110_64_71,0.97,0,71,71,32
38,r_101_34_156,seq100,seq36,r_101_34_156,0.9,0,156,156,32
68,seq36,r_37_90_206,r_101_34_156,r_101_34_156,1.0,56,212,156,32
39,r_71_45_55,seq65,r_75_47_17,r_71_45_55,0.99,0,55,55,32
43,r_2_94_35,r_1_78_145,r_99_95_14,r_2_94_35,0.94,0,35,35,32
48,r_93_142_72,r_91_135_209,r_149_129_186,r_93_142_72,0.99,0,72,72,32
44,r_26_14_164,r_76_28_123,r_120_8_128,r_76_28_123,0.57,37,160,123,32
9,r_149_129_186,seq147,seq128,r_149_129_186,0.78,0,186,186,32
48,r_93_142_72,seq136,r_57_143_186,r_93_142_72,0.63,106,178,72,32
0,r_51_92_32,r_50_59_150,r_91_135_209,r_51_92_32,0.96,0,32,32,32
22,r_21_70_83,r_24_87_124,seq65,r_21_70_83,0.9,0,83,83,32
28,r_58_67_91,seq60,r_21_70_83,r_58_67_91,0.74,0,91,91,32
44,r_26_14_164,seq18,r_76_28_123,r_76_28_123,1.0,1,124,123,32
66,seq27,r_131_20_55,r_76_28_123,r_76_28_123,1.0,17,140,123,32
23,r_104_63_121,seq105,r_32_69_112,r_104_63_121,0.73,0,121,121,32
35,r_1_78_145,seq0,r_113_79_37,r_1_78_145,0.97,0,145,145,32
12,r_13_22_158,seq7,r_131_20_55,r_131_20_55,1.0,103,158,55,32
93,seq116,seq125,r_35_117_87,r_35_117_87,1.0,20,107,87,33
39,r_72_34_8,r_35_117_87,r_46_27_11,r_35_117_87,0.69,-62,25,87,33
30,r_39_33_99,r_42_0_193,r_72_34_8,r_39_33_99,0.99,0,99,99,33
36,r_31_83_136,seq28,seq81,r_31_83_136,0.7,0,136,136,33
43,r_17_142_136,seq18,seq143,r_17_142_136,0.94,0,136,136,33
59,seq18,r_17_142_136,seq21,r_17_142_136,1.0,0,136,136,33
10,r_52_145_25,seq53,seq146,r_52_145_25,1.0,1,26,25,33
37,r_42_0_193,r_40_55_73,r_79_44_61,r_79_44_61,0.86,0,61,61,33
71,seq58,r_59_25_151,r_11_62_1,r_59_25_151,0.87,0,151,151,33
16,r_4_41_91,r_8_60_97,r_75_45_70,r_75_45_70,0.97,21,91,70,33
5,r_147_54_70,seq146,r_40_55_73,r_147_54_70,1.0,0,70,70,33
46,r_96_107_121,r_95_108_122,r_106_105_18,r_95_108_122,0.49,-1,121,122,33
42,r_50_114_126,seq51,r_35_117_87,r_50_114_126,0.99,0,126,126,33
45,r_93_32_129,r_94_129_202,r_39_33_99,r_93_32_129,0.89,0,129,129,33
19,r_10_110_178,seq6,r_35_117_87,r_10_110_178,0.66,0,178,178,33
66,seq49,r_42_0_193,r_86_48_110,r_86_48_110,0.53,4,114,110,33
31,r_119_137_179,r_118_140_185,r_17_142_136,r_17_142_136,1.0,76,212,136,33
63,seq26,r_24_30_50,r_59_25_151,r_59_25_151,1.0,9,160,151,33
20,r_75_45_70,r_73_98_78,r_79_44_61,r_73_98_78,1.0,-8,70,78,33
48,r_23_69_194,seq26,r_19_76_33,r_19_76_33,0.49,147,180,33,33
17,r_19_76_33,r_17_142_136,seq74,r_19_76_33,1.0,0,33,33,33
13,r_29_47_29,r_31_83_136,seq49,r_29_47_29,0.48,0,29,29,33
27,r_40_55_73,r_39_33_99,seq56,r_39_33_99,1.0,-29,70,99,33
2,r_35_117_87,r_38_37_155,seq116,r_35_117_87,1.0,0,87,87,33
3,r_135_5_52,seq139,seq6,r_135_5_52,1.0,0,52,52,33
39,r_72_34_8,r_46_27_11,r_23_69_194,r_72_34_8,0.68,77,85,8,33
40,r_66_2_85,r_68_43_111,r_97_3_54,r_68_43_111,0.91,-16,95,111,33
18,r_86_48_110,r_91_92_174,seq49,r_86_48_110,0.64,0,110,110,33
29,r_144_122_178,seq148,r_35_117_87,r_35_117_87,0.93,91,178,87,33
24,r_120_20_84,seq125,seq21,r_120_20_84,1.0,-9,75,84,33
25,r_79_44_61,r_73_98_78,r_42_0_193,r_79_44_61,0.9,0,61,61,33
33,r_128_78_110,r_84_130_2,r_19_76_33,r_128_78_110,1.0,2,112,110,33
82,seq81,seq87,r_31_83_136,r_31_83_136,0.99,33,169,136,33
0,r_97_3_54,r_96_107_121,r_10_110_178,r_97_3_54,1.0,0,54,54,33
58,seq143,seq139,r_17_142_136,r_17_142_136,0.99,20,156,136,33
70,seq57,r_59_25_151,r_11_62_1,r_59_25_151,0.79,-61,90,151,33
7,r_1_85_11,r_8_60_97,seq87,r_1_85_11,0.63,0,11,11,33
39,r_72_34_8,r_23_69_194,r_39_33_99,r_72_34_8,0.54,90,98,8,33
38,r_84_130_2,r_128_78_110,seq133,r_128_78_110,1.0,2,112,110,33
34,r_15_9_171,seq22,seq6,r_15_9_171,0.89,0,171,171,33
82,seq81,r_82_99_79,seq87,r_82_99_79,0.48,-25,54,79,33
26,r_46_27_11,r_40_55_73,seq28,r_46_27_11,0.93,-1,10,11,33
25,r_79_44_61,r_42_0_193,r_4_41_91,r_4_41_91,0.92,89,180,91,33
41,r_102_134_185,seq101,r_131_132_169,r_102_134_185,0.99,0,185,185,33
37,r_42_0_193,r_79_44_61,r_135_5_52,r_135_5_52,0.86,172,224,52,33
22,r_94_129_202,r_95_108_122,r_73_98_78,r_94_129_202,1.0,-80,122,202,33
28,r_59_25_151,seq58,seq26,r_59_25_151,0.74,0,151,151,33
0,r_97_3_54,r_10_110_178,seq7,r_10_110_178,0.94,-75,103,178,33
44,r_103_104_139,r_102_134_185,r_106_105_18,r_103_104_139,0.5,6,145,139,33
23,r_95_108_122,r_96_107_121,seq112,r_95_108_122,0.96,1,123,122,33
12,r_8_60_97,seq6,r_11_62_1,r_8_60_97,1.0,0,97,97,33
37,r_2_96_50,seq0,seq97,r_2_96_50,0.86,6,56,50,34
30,r_113_82_88,seq117,seq84,r_113_82_88,0.83,0,88,88,34
44,r_64_110_46,seq111,r_8_109_175,r_8_109_175,1.0,8,183,175,34
20,r_136_66_12,r_134_133_67,seq67,r_136_66_12,0.96,0,12,12,34
36,r_100_79_150,r_101_59_88,r_22_99_40,r_100_79_150,0.83,-63,87,150,34
14,r_102_17_218,seq103,r_100_79_150,r_102_17_218,0.24,-101,117,218,34
16,r_101_59_88,r_100_79_150,seq55,r_101_59_88,0.64,0,88,88,34
21,r_89_49_195,seq90,r_87_48_79,r_87_48_79,0.77,115,194,79,34
15,r_107_76_16,seq108,seq84,r_107_76_16,0.89,1,17,16,34
5,r_62_56_220,r_65_135_154,r_19_63_116,r_19_63_116,1.0,28,144,116,34
80,seq71,r_70_122_196,r_136_66_12,r_136_66_12,0.93,173,185,12,34
45,r_83_125_128,seq81,seq124,r_83_125_128,0.96,0,128,128,34
89,seq97,r_2_96_50,r_105_98_114,r_105_98_114,0.98,9,123,114,34
95,seq117,r_116_73_75,r_113_82_88,r_113_82_88,0.36,-25,63,88,34
18,r_72_114_71,seq117,r_137_115_102,r_137_115_102,1.0,1,103,102,34
7,r_7_127_30,r_130_143_23,r_10_126_58,r_10_126_58,0.83,1,59,58,34
31,r_130_143_23,r_137_115_102,r_91_141_89,r_130_143_23,0.95,79,102,23,34
41,r_140_18_90,r_137_115_102,seq14,r_140_18_90,0.97,0,90,90,34
9,r_10_126_58,seq12,r_7_127_30,r_10_126_58,1.0,0,58,58,34
3,r_105_98_114,seq108,seq97,r_105_98_114,0.8,1,115,114,34
10,r_112_86_105,seq111,seq90,r_112_86_105,0.92,0,105,105,34
92,seq144,r_149_142_116,r_7_127_30,r_7_127_30,0.49,25,55,30,34
98,seq148,r_149_142_116,seq144,r_149_142_116,0.88,-2,114,116,34
48,r_137_115_102,seq138,r_72_114_71,r_137_115_102,0.97,0,102,102,34
0,r_22_99_40,seq25,r_100_79_150,r_22_99_40,0.83,0,40,40,34
19,r_88_132_49,r_87_48_79,seq131,r_88_132_49,0.94,0,49,49,34
99,seq124,seq118,r_83_125_128,r_83_125_128,1.0,10,138,128,34
5,r_62_56_220,r_19_63_116,r_101_59_88,r_19_63_116,0.59,97,213,116,34
0,r_22_99_40,r_100_79_150,seq103,r_100_79_150,0.89,0,150,150,34
93,seq108,r_105_98_114,r_121_106_20,r_121_106_20,0.87,18,38,20,34
33,r_92_3_29,seq93,r_54_5_7,r_92_3_29,0.89,2,31,29,34
2,r_41_47_222,r_40_4_230,r_146_53_1,r_41_47_222,0.42,4,226,222,34
40,r_119_61_86,seq118,seq60,r_119_61_86,0.98,0,86,86,34
18,r_72_114_71,seq74,seq117,r_72_114_71,0.8,1,72,71,34
29,r_87_48_79,seq90,seq42,r_87_48_79,0.87,0,79,79,34
24,r_116_73_75,seq117,seq74,r_116_73_75,0.93,0,75,75,34
35,r_19_63_116,r_62_56_220,r_136_66_12,r_62_56_220,0.8,0,220,220,34
14,r_102_17_218,seq103,r_140_18_90,r_102_17_218,0.77,0,218,218,34
32,r_69_26_191,r_70_122_196,seq25,r_69_26_191,0.41,0,191,191,34
38,r_39_80_221,r_41_47_222,seq81,r_41_47_222,0.6,-1,221,222,34
34,r_149_142_116,seq148,r_91_141_89,r_149_142_116,0.95,0,116,116,34
7,r_7_127_30,r_8_109_175,r_130_143_23,r_7_127_30,0.8,0,30,30,34
22,r_68_23_88,seq67,seq25,r_68_23_88,0.99,0,88,88,34
8,r_21_35_50,seq20,seq44,r_21_35_50,0.99,6,56,50,34
49,r_91_141_89,seq81,r_130_143_23,r_91_141_89,1.0,0,89,89,34
27,r_123_33_42,r_119_61_86,seq34,r_123_33_42,0.73,0,42,42,34
89,seq97,r_36_50_20,r_2_96_50,r_2_96_50,0.73,6,56,50,34
44,r_64_110_46,r_65_135_154,seq111,r_64_110_46,0.93,20,66,46,34
43,r_147_128_22,r_149_142_116,seq138,r_147_128_22,0.63,0,22,22,34
23,r_40_4_230,r_41_47_222,r_92_3_29,r_92_3_29,1.0,192,221,29,34
42,r_46_58_28,r_45_52_97,seq55,r_46_58_28,0.8,1,29,28,34
95,seq117,r_113_82_88,r_72_114_71,r_72_114_71,0.86,1,72,71,34
79,seq67,r_68_23_88,r_136_66_12,r_68_23_88,1.0,0,88,88,34
35,r_19_63_116,seq16,r_62_56_220,r_19_63_116,0.78,0,116,116,34
93,seq111,seq108,r_120_112_113,r_120_112_113,0.87,18,131,113,35
30,r_8_41_65,seq7,r_104_40_28,r_8_41_65,0.65,0,65,65,35
36,r_125_110_119,seq128,r_120_112_113,r_125_110_119,0.92,0,119,119,35
20,r_31_29_184,seq38,seq48,r_31_29_184,0.43,0,184,184,35
14,r_26_89_85,r_23_93_85,r_90_118_158,r_90_118_158,1.0,-69,89,158,35
8,r_80_33_9,r_83_137_109,seq34,r_80_33_9,0.99,2,11,9,35
86,seq88,r_86_61_108,r_91_56_182,r_86_61_108,0.95,-14,94,108,35
21,r_55_0_198,seq60,r_46_54_50,r_46_54_50,0.99,22,72,50,35
39,r_17_2_194,r_15_14_52,r_95_3_32,r_95_3_32,0.99,164,196,32,35
5,r_30_22_115,r_31_29_184,seq24,r_30_22_115,0.75,5,120,115,35
46,r_86_61_108,seq88,seq60,r_86_61_108,0.9,0,108,108,35
42,r_13_123_167,r_15_14_52,r_66_121_23,r_13_123_167,0.74,0,167,167,35
84,seq79,r_83_137_109,r_145_84_17,r_145_84_17,0.91,1,18,17,35
69,seq135,r_134_82_172,r_100_133_45,r_100_133_45,0.99,91,136,45,35
15,r_18_96_48,r_15_14_52,seq98,r_18_96_48,1.0,0,48,48,35
45,r_62_57_67,seq63,r_10_59_68,r_10_59_68,1.0,0,68,68,35
89,seq99,seq106,r_142_81_19,r_142_81_19,0.87,92,111,19,35
19,r_94_50_76,seq92,seq49,r_94_50_76,1.0,0,76,76,35
40,r_46_54_50,seq45,seq60,r_46_54_50,1.0,0,50,50,35
31,r_85_70_22,r_83_137_109,r_32_72_52,r_32_72_52,0.99,9,61,52,35
10,r_97_115_158,seq98,seq116,r_97_115_158,0.55,0,158,158,35
26,r_25_69_185,seq24,r_65_71_84,r_25_69_185,0.59,0,185,185,35
0,r_149_43_41,seq143,seq44,r_149_43_41,1.0,0,41,41,35
14,r_26_89_85,r_90_118_158,r_23_93_85,r_90_118_158,1.0,-2,156,158,35
89,seq99,r_100_133_45,seq106,r_100_133_45,0.86,0,45,45,35
4,r_83_137_109,r_73_78_2,seq138,r_83_137_109,0.94,0,109,109,35
16,r_66_121_23,r_65_71_84,seq122,r_66_121_23,0.99,-1,22,23,35
11,r_91_56_182,seq92,r_62_57_67,r_91_56_182,0.53,0,182,182,35
20,r_31_29_184,r_30_22_115,seq38,r_30_22_115,0.59,14,129,115,35
13,r_65_71_84,seq64,r_85_70_22,r_65_71_84,1.0,0,84,84,35
86,seq88,r_65_71_84,r_130_87_187,r_130_87_187,0.77,2,189,187,35
21,r_55_0_198,r_46_54_50,r_62_57_67,r_46_54_50,0.79,114,164,50,35
6,r_104_40_28,r_103_4_85,seq34,r_104_40_28,0.96,0,28,28,35
87,seq92,r_91_56_182,r_23_93_85,r_23_93_85,1.0,87,172,85,35
21,r_55_0_198,r_62_57_67,r_16_1_15,r_55_0_198,0.95,0,198,198,35
48,r_100_133_45,seq99,seq135,r_100_133_45,0.98,0,45,45,35
38,r_109_132_10,r_149_43_41,r_134_82_172,r_149_43_41,1.0,-17,24,41,35
74,seq49,seq48,r_94_50_76,r_94_50_76,1.0,125,201,76,35
29,r_27_75_70,r_28_141_99,seq76,r_27_75_70,1.0,0,70,70,35
38,r_109_132_10,r_119_101_137,r_149_43_41,r_109_132_10,0.74,0,10,10,35
35,r_90_118_158,r_26_89_85,seq108,r_90_118_158,0.81,3,161,158,35
24,r_120_112_113,seq124,seq111,r_120_112_113,0.42,-25,88,113,35
25,r_130_87_187,r_129_105_154,seq143,r_130_87_187,0.45,-33,154,187,35
6,r_104_40_28,seq34,r_8_41_65,r_8_41_65,0.65,9,74,65,35
88,seq98,r_97_115_158,r_18_96_48,r_18_96_48,0.97,110,158,48,35
1,r_16_1_15,seq21,r_30_22_115,r_16_1_15,0.41,98,113,15,35
27,r_131_126_49,r_129_105_154,seq128,r_131_126_49,0.96,0,49,49,35
61,seq21,r_12_6_83,r_68_20_86,r_68_20_86,1.0,1,87,86,35
78,seq60,r_10_59_68,r_86_61_108,r_86_61_108,0.99,0,108,108,35
32,r_68_20_86,seq92,seq21,r_68_20_86,1.0,-11,75,86,35
34,r_12_6_83,seq11,seq7,r_12_6_83,0.7,2,85,83,35
45,r_62_57_67,r_10_59_68,r_91_56_182,r_91_56_182,0.97,7,189,182,35
38,r_109_132_10,r_134_82_172,r_100_133_45,r_100_133_45,0.85,15,60,45,35
17,r_28_141_99,r_31_29_184,seq143,r_28_141_99,0.91,0,99,99,35
22,r_103_4_85,r_104_40_28,seq106,r_104_40_28,0.96,0,28,28,35
9,r_119_101_137,seq122,seq99,r_119_101_137,0.93,0,137,137,35
22,r_103_4_85,seq106,r_95_3_32,r_103_4_85,1.0,0,85,85,35
1,r_16_1_15,r_18_96_48,r_36_58_126,r_16_1_15,0.83,0,15,15,35
91,seq106,seq102,r_129_105_154,r_129_105_154,0.99,0,154,154,35
49,r_32_72_52,r_31_29_184,r_85_70_22,r_32_72_52,1.0,0,52,52,35
18,r_107_127_42,seq108,seq128,r_107_127_42,0.98,0,42,42,35
1,r_16_1_15,r_30_22_115,r_55_0_198,r_55_0_198,0.88,4,202,198,35
7,r_95_3_32,r_97_115_158,seq5,r_95_3_32,1.0,0,32,32,35
35,r_90_118_158,seq92,r_26_89_85,r_26_89_85,1.0,48,133,85,35
12,r_129_105_154,r_130_87_187,seq106,r_129_105_154,0.85,0,154,154,35
23,r_10_59_68,r_46_54_50,r_36_58_126,r_36_58_126,1.0,2,128,126,35
93,seq111,r_109_98_153,r_43_107_135,r_43_107_135,0.89,40,175,135,36
9,r_64_80_84,r_74_13_192,r_37_79_170,r_37_79_170,0.89,10,180,170,36
14,r_103_138_151,r_100_44_152,r_78_142_89,r_78_142_89,0.89,62,151,89,36
53,seq5,r_4_53_78,seq2,r_4_53_78,1.0,-5,73,78,36
4,r_96_147_53,r_99_116_127,seq148,r_96_147_53,1.0,0,53,53,36
0,r_110_71_27,r_108_120_97,r_31_69_25,r_110_71_27,1.0,0,27,27,36
18,r_91_25_34,r_96_147_53,seq24,r_91_25_34,0.98,0,34,34,36
37,r_133_144_124,r_132_0_103,seq143,r_132_0_103,0.46,0,103,103,36
19,r_47_57_184,seq52,r_3_55_120,r_47_57_184,0.55,0,184,184,36
55,seq8,r_6_51_179,r_122_9_68,r_122_9_68,1.0,0,68,68,36
71,seq36,r_34_86_128,seq39,r_34_86_128,1.0,0,128,128,36
16,r_43_107_135,r_42_30_120,r_14_49_96,r_14_49_96,0.99,15,111,96,36
21,r_37_79_170,seq39,r_64_80_84,r_64_80_84,0.59,86,170,84,36
39,r_109_98_153,seq111,r_62_101_132,r_62_101_132,0.72,21,153,132,36
1,r_78_142_89,seq77,seq140,r_78_142_89,1.0,0,89,89,36
5,r_126_84_152,seq125,seq82,r_126_84_152,0.94,0,152,152,36
46,r_108_120_97,seq111,r_23_119_52,r_108_120_97,0.65,0,97,97,36
42,r_46_66_163,r_47_57_184,r_139_65_89,r_46_66_163,0.58,0,163,163,36
23,r_18_121_114,r_135_127_73,r_146_123_164,r_18_121_114,0.59,59,173,114,36
19,r_47_57_184,r_46_66_163,seq52,r_46_66_163,0.86,-51,112,163,36
66,seq24,seq26,r_91_25_34,r_91_25_34,1.0,56,90,34,36
41,r_146_123_164,r_81_145_2,r_18_121_114,r_18_121_114,1.0,44,158,114,36
89,seq94,r_103_138_151,r_75_92_146,r_103_138_151,0.44,-4,147,151,36
3,r_68_67_54,r_62_101_132,r_139_65_89,r_68_67_54,0.91,36,90,54,36
26,r_134_19_141,seq141,r_95_21_29,r_134_19_141,0.76,0,141,141,36
72,seq39,r_37_79_170,r_58_40_160,r_58_40_160,0.9,10,170,160,36
36,r_23_119_52,seq22,r_126_84_152,r_23_119_52,1.0,-3,49,52,36
82,seq70,r_72_93_149,r_110_71_27,r_110_71_27,1.0,2,29,27,36
78,seq56,r_58_40_160,r_3_55_120,r_3_55_120,1.0,40,160,120,36
11,r_14_49_96,r_6_51_179,seq52,r_14_49_96,0.94,0,96,96,36
20,r_122_9_68,r_134_19_141,seq8,r_122_9_68,1.0,0,68,68,36
13,r_38_48_116,r_37_79_170,r_14_49_96,r_14_49_96,0.59,20,116,96,36
15,r_132_0_103,r_146_123_164,seq1,r_132_0_103,1.0,0,103,103,36
48,r_128_29_83,r_126_84_152,seq27,r_128_29_83,0.99,0,83,83,36
6,r_62_101_132,r_63_73_202,r_35_97_18,r_62_101_132,0.95,0,132,132,36
62,seq17,r_18_121_114,seq16,r_18_121_114,1.0,0,114,114,36
87,seq89,r_110_71_27,r_10_87_138,r_10_87_138,1.0,0,138,138,36
10,r_95_21_29,seq22,r_112_20_118,r_112_20_118,1.0,3,121,118,36
27,r_10_87_138,seq12,seq89,r_10_87_138,1.0,0,138,138,36
30,r_88_113_7,r_112_20_118,seq114,r_112_20_118,1.0,0,118,118,36
16,r_43_107_135,r_14_49_96,seq111,r_43_107_135,0.81,0,135,135,36
87,seq89,seq82,r_110_71_27,r_110_71_27,1.0,37,64,27,36
79,seq59,r_110_71_27,r_68_67_54,r_110_71_27,0.61,115,142,27,36
2,r_58_40_160,seq56,seq36,r_58_40_160,0.63,0,160,160,36
10,r_95_21_29,r_96_147_53,seq22,r_95_21_29,0.98,0,29,29,36
47,r_83_41_132,seq82,r_14_49_96,r_83_41_132,0.47,0,132,132,36
40,r_4_53_78,seq5,seq54,r_4_53_78,1.0,0,78,78,36
24,r_100_44_152,r_103_138_151,r_83_41_132,r_103_138_151,0.63,2,153,151,36
25,r_74_13_192,seq77,seq5,r_74_13_192,0.89,0,192,192,36
33,r_63_73_202,r_62_101_132,r_139_65_89,r_63_73_202,0.66,-70,132,202,36
44,r_31_69_25,seq32,seq70,r_31_69_25,0.98,0,25,25,36
68,seq27,r_28_85_168,r_128_29_83,r_128_29_83,1.0,1,84,83,36
61,seq16,r_15_7_137,seq17,r_15_7_137,0.59,0,137,137,36
32,r_6_51_179,seq8,r_14_49_96,r_14_49_96,1.0,83,179,96,36
38,r_3_55_120,seq2,seq56,r_3_55_120,0.99,0,120,120,36
45,r_35_97_18,r_100_44_152,r_62_101_132,r_62_101_132,0.82,20,152,132,36
17,r_15_7_137,seq16,r_122_9_68,r_122_9_68,1.0,69,137,68,36
9,r_64_80_84,r_62_101_132,r_74_13_192,r_62_101_132,0.6,-48,84,132,36
29,r_112_20_118,r_88_113_7,r_95_21_29,r_112_20_118,0.57,0,118,118,36
22,r_139_65_89,seq141,r_68_67_54,r_139_65_89,1.0,0,89,89,36
47,r_83_41_132,r_14_49_96,r_100_44_152,r_83_41_132,0.77,26,158,132,36
28,r_75_92_146,r_74_13_192,seq94,r_75_92_146,0.6,0,146,146,36
49,r_34_86_128,seq36,seq89,r_34_86_128,1.0,0,128,128,36
7,r_42_30_120,r_43_107_135,seq32,r_42_30_120,0.79,0,120,120,36
12,r_81_145_2,r_133_144_124,r_96_147_53,r_133_144_124,0.72,85,209,124,36
23,r_18_121_114,seq17,r_135_127_73,r_18_121_114,0.97,0,114,114,36
36,r_23_119_52,r_126_84_152,r_108_120_97,r_23_119_52,0.96,48,100,52,36
79,seq59,r_68_67_54,r_110_71_27,r_110_71_27,1.0,39,66,27,36
35,r_102_76_117,r_99_116_127,r_64_80_84,r_102_76_117,0.91,0,117,117,36
12,r_81_145_2,r_146_123_164,r_133_144_124,r_81_145_2,0.42,163,165,2,36
45,r_35_97_18,r_38_48_116,r_100_44_152,r_35_97_18,1.0,0,18,18,36
84,seq77,r_78_142_89,r_64_80_84,r_78_142_89,0.99,-6,83,89,36
40,r_98_12_154,seq119,r_132_9_95,r_98_12_154,0.95,0,154,154,37
30,r_109_124_216,r_100_108_39,r_130_111_94,r_130_111_94,1.0,63,157,94,37
36,r_112_13_99,r_115_117_46,r_53_4_26,r_112_13_99,0.95,0,99,99,37
9,r_38_60_128,r_2_39_39,seq57,r_38_60_128,0.87,1,129,128,37
26,r_89_63_45,seq90,seq64,r_89_63_45,1.0,0,45,45,37
14,r_130_111_94,r_132_9_95,r_139_107_76,r_132_9_95,0.7,-1,94,95,37
8,r_66_49_49,r_75_72_102,r_110_56_15,r_66_49_49,0.68,0,49,49,37
86,seq81,r_80_54_75,seq71,r_80_54_75,0.73,0,75,75,37
21,r_137_133_253,r_135_44_152,r_140_23_165,r_137_133_253,0.34,-171,82,253,37
1,r_131_136_196,r_59_148_84,r_137_133_253,r_131_136_196,0.49,0,196,196,37
1,r_131_136_196,r_132_9_95,r_59_148_84,r_131_136_196,1.0,-101,95,196,37
5,r_77_46_140,seq71,seq45,r_77_46_140,0.42,0,140,140,37
46,r_146_101_180,seq145,seq103,r_146_101_180,0.67,0,180,180,37
38,r_10_84_127,r_2_39_39,r_51_11_34,r_10_84_127,0.78,-88,39,127,37
30,r_109_124_216,r_130_111_94,seq126,r_109_124_216,0.95,0,216,216,37
9,r_38_60_128,r_27_29_55,r_2_39_39,r_2_39_39,1.0,1,40,39,37
31,r_100_108_39,r_102_26_98,r_109_124_216,r_102_26_98,0.67,-60,38,98,37
16,r_113_24_57,r_14_22_54,r_140_23_165,r_140_23_165,0.84,0,165,165,37
38,r_10_84_127,r_51_11_34,r_40_86_7,r_10_84_127,1.0,0,127,127,37
39,r_51_11_34,r_10_84_127,r_132_9_95,r_51_11_34,0.98,93,127,34,37
41,r_92_149_164,seq93,r_59_148_84,r_92_149_164,0.91,0,164,164,37
76,seq55,r_50_32_125,r_110_56_15,r_110_56_15,0.99,2,17,15,37
3,r_143_96_79,seq144,seq93,r_143_96_79,0.98,0,79,79,37
16,r_113_24_57,r_53_4_26,r_14_22_54,r_14_22_54,0.47,61,115,54,37
4,r_121_87_103,r_112_13_99,seq90,r_121_87_103,0.99,-4,99,103,37
18,r_28_134_52,r_27_29_55,r_135_44_152,r_28_134_52,1.0,0,52,52,37
0,r_94_65_78,seq95,seq64,r_94_65_78,0.85,0,78,78,37
16,r_113_24_57,r_112_13_99,r_53_4_26,r_113_24_57,0.73,0,57,57,37
11,r_139_107_76,seq138,r_100_108_39,r_139_107_76,1.0,0,76,76,37
44,r_114_76_56,r_115_117_46,seq71,r_114_76_56,0.98,0,56,56,37
20,r_50_32_125,seq52,r_99_34_29,r_99_34_29,0.85,96,125,29,37
13,r_59_148_84,seq58,seq144,r_59_148_84,1.0,0,84,84,37
98,seq119,r_115_117_46,r_16_120_115,r_16_120_115,1.0,33,148,115,37
15,r_102_26_98,r_106_118_228,r_48_25_6,r_102_26_98,0.82,0,98,98,37
45,r_135_44_152,r_137_133_253,r_28_134_52,r_28_134_52,1.0,4,56,52,37
35,r_2_39_39,seq0,r_38_60_128,r_2_39_39,0.98,0,39,39,37
6,r_127_42_66,r_125_19_136,seq43,r_127_42_66,1.0,0,66,66,37
32,r_110_56_15,r_109_124_216,seq55,r_110_56_15,0.89,0,15,15,37
2,r_16_120_115,seq17,seq119,r_16_120_115,0.97,0,115,115,37
10,r_99_34_29,r_102_26_98,seq30,r_99_34_29,0.73,0,29,29,37
47,r_91_122_123,r_106_118_228,r_115_117_46,r_91_122_123,0.74,0,123,123,37
43,r_20_36_14,r_16_120_115,seq37,r_20_36_14,0.97,1,15,14,37
40,r_98_12_154,r_106_118_228,seq119,r_106_118_228,0.59,-163,65,228,37
36,r_112_13_99,r_53_4_26,r_125_19_136,r_125_19_136,0.66,3,139,136,37
29,r_132_9_95,r_131_136_196,r_51_11_34,r_132_9_95,1.0,0,95,95,37
35,r_2_39_39,r_38_60_128,r_99_34_29,r_38_60_128,0.83,-3,125,128,37
25,r_140_23_165,seq141,r_113_24_57,r_113_24_57,0.41,108,165,57,37
31,r_100_108_39,r_109_124_216,r_139_107_76,r_139_107_76,1.0,8,84,76,37
34,r_125_19_136,seq126,seq17,r_125_19_136,0.67,0,136,136,37
75,seq138,r_139_107_76,r_137_133_253,r_139_107_76,1.0,0,76,76,37
39,r_51_11_34,r_50_32_125,r_10_84_127,r_51_11_34,0.85,0,34,34,37
45,r_135_44_152,r_28_134_52,r_77_46_140,r_135_44_152,0.68,0,152,152,37
22,r_68_41_105,seq69,seq45,r_68_41_105,0.77,0,105,105,37
49,r_80_54_75,seq81,r_110_56_15,r_80_54_75,1.0,0,75,75,37
18,r_28_134_52,r_135_44_152,r_137_133_253,r_135_44_152,0.5,0,152,152,37
23,r_123_31_126,seq128,r_99_34_29,r_123_31_126,0.89,0,126,126,37
17,r_48_25_6,seq0,r_113_24_57,r_113_24_57,0.94,55,112,57,37
33,r_53_4_26,r_50_32_125,seq1,r_53_4_26,0.67,0,26,26,37
75,seq138,r_137_133_253,r_59_148_84,r_59_148_84,0.56,100,184,84,37
17,r_48_25_6,r_113_24_57,r_102_26_98,r_102_26_98,0.87,2,100,98,37
21,r_137_133_253,r_140_23_165,r_28_134_52,r_140_23_165,0.61,-48,117,165,37
30,r_114_142_134,seq115,seq140,r_114_142_134,0.77,0,134,134,38
32,r_73_29_43,seq74,r_34_0_85,r_73_29_43,1.0,3,46,43,38
28,r_69_32_24,r_58_67_31,seq31,r_69_32_24,1.0,3,27,24,38
20,r_143_80_41,seq140,seq79,r_143_80_41,1.0,0,41,41,38
8,r_95_30_85,r_92_21_95,r_73_29_43,r_95_30_85,0.85,0,85,85,38
43,r_20_131_154,r_19_112_109,seq17,r_19_112_109,0.76,0,109,109,38
37,r_78_75_92,seq79,seq77,r_78_75_92,0.83,0,92,92,38
3,r_38_6_152,r_25_39_87,r_138_4_29,r_38_6_152,1.0,0,152,152,38
39,r_57_144_105,seq53,seq140,r_57_144_105,0.61,0,105,105,38
1,r_8_81_86,r_11_55_169,seq79,r_8_81_86,0.86,0,86,86,38
42,r_106_23_152,seq109,r_92_21_95,r_92_21_95,0.65,57,152,95,38
6,r_41_62_49,seq40,r_65_66_112,r_41_62_49,1.0,0,49,49,38
80,seq79,r_78_75_92,r_8_81_86,r_8_81_86,1.0,6,92,86,38
69,seq36,seq33,r_95_30_85,r_95_30_85,1.0,-1,84,85,38
45,r_110_93_78,r_111_100_75,seq91,r_110_93_78,1.0,0,78,78,38
78,seq74,r_73_29_43,seq77,r_73_29_43,1.0,1,44,43,38
95,seq122,seq125,r_101_123_114,r_101_123_114,0.94,0,114,114,38
16,r_138_4_29,r_139_60_94,seq5,r_138_4_29,1.0,0,29,29,38
21,r_76_12_40,r_9_15_162,r_85_10_174,r_85_10_174,1.0,13,187,174,38
55,seq140,r_141_83_75,r_146_52_142,r_141_83_75,0.96,-8,67,75,38
11,r_118_105_26,seq119,seq99,r_118_105_26,0.68,1,27,26,38
10,r_85_10_174,seq84,r_76_12_40,r_76_12_40,0.73,135,175,40,38
41,r_37_59_56,r_38_6_152,seq56,r_37_59_56,0.97,0,56,56,38
4,r_90_145_116,seq91,seq147,r_90_145_116,0.97,1,117,116,38
0,r_92_21_95,seq91,seq22,r_92_21_95,1.0,0,95,95,38
19,r_87_117_26,r_89_51_53,seq119,r_87_117_26,0.96,1,27,26,38
13,r_101_123_114,seq99,seq122,r_101_123_114,0.83,0,114,114,38
48,r_72_14_120,seq44,r_13_54_198,r_72_14_120,0.98,1,121,120,38
55,seq140,r_143_80_41,r_141_83_75,r_143_80_41,1.0,0,41,41,38
62,seq22,seq26,r_92_21_95,r_92_21_95,1.0,1,96,95,38
21,r_76_12_40,r_11_55_169,r_9_15_162,r_11_55_169,0.86,0,169,169,38
83,seq88,r_89_51_53,seq79,r_89_51_53,0.53,6,59,53,38
27,r_3_61_120,seq2,r_41_62_49,r_3_61_120,0.93,1,121,120,38
22,r_25_39_87,r_38_6_152,seq40,r_38_6_152,1.0,0,152,152,38
79,seq77,r_76_12_40,seq74,r_76_12_40,1.0,1,41,40,38
47,r_89_51_53,seq88,seq44,r_89_51_53,0.64,0,53,53,38
40,r_13_54_198,seq16,r_72_14_120,r_72_14_120,1.0,35,155,120,38
18,r_34_0_85,seq33,seq1,r_34_0_85,0.99,0,85,85,38
29,r_47_130_94,seq48,seq129,r_47_130_94,1.0,0,94,94,38
53,seq5,seq16,r_138_4_29,r_138_4_29,1.0,2,31,29,38
24,r_108_134_50,r_107_43_119,seq133,r_108_134_50,1.0,0,50,50,38
25,r_111_100_75,seq109,seq99,r_111_100_75,0.41,31,106,75,38
33,r_46_137_143,seq44,r_108_134_50,r_46_137_143,0.84,0,143,143,38
65,seq28,r_73_29_43,r_70_24_123,r_70_24_123,1.0,17,140,123,38
79,seq77,seq74,r_78_75_92,r_78_75_92,0.47,-1,91,92,38
3,r_38_6_152,r_37_59_56,seq40,r_37_59_56,0.98,3,59,56,38
31,r_11_55_169,r_9_15_162,r_76_12_40,r_76_12_40,1.0,6,46,40,38
38,r_9_15_162,r_11_55_169,seq16,r_9_15_162,0.55,4,166,162,38
52,seq132,r_128_63_188,r_108_134_50,r_108_134_50,1.0,55,105,50,38
77,seq129,r_128_63_188,r_47_130_94,r_47_130_94,1.0,5,99,94,38
34,r_135_35_126,seq132,seq28,r_135_35_126,0.68,1,127,126,38
21,r_76_12_40,seq77,r_11_55_169,r_76_12_40,1.0,1,41,40,38
44,r_70_24_123,r_58_67_31,r_104_71_26,r_104_71_26,1.0,3,29,26,38
70,seq40,r_41_62_49,r_38_6_152,r_41_62_49,0.95,0,49,49,38
9,r_136_86_65,r_135_35_126,seq84,r_136_86_65,0.97,0,65,65,38
17,r_104_71_26,r_101_123_114,r_70_24_123,r_104_71_26,0.98,0,26,26,38
31,r_11_55_169,r_76_12_40,r_146_52_142,r_11_55_169,0.84,0,169,169,38
3,r_38_6_152,seq40,r_25_39_87,r_25_39_87,1.0,4,91,87,38
22,r_25_39_87,seq26,r_38_6_152,r_25_39_87,0.9,0,87,87,38
49,r_146_52_142,seq147,seq53,r_146_52_142,0.52,0,142,142,38
56,seq16,r_13_54_198,r_9_15_162,r_9_15_162,0.53,12,174,162,38
7,r_107_43_119,seq109,r_65_66_112,r_107_43_119,0.98,0,119,119,38
23,r_19_112_109,r_20_131_154,seq115,r_19_112_109,0.91,0,109,109,38
17,r_104_71_26,r_70_24_123,seq74,r_70_24_123,0.63,0,123,123,38
82,seq84,r_85_10_174,r_8_81_86,r_8_81_86,1.0,89,175,86,38
32,r_73_29_43,r_34_0_85,r_95_30_85,r_73_29_43,0.88,42,85,43,38
44,r_70_24_123,r_104_71_26,r_92_21_95,r_104_71_26,0.97,104,130,26,38
35,r_139_60_94,r_135_35_126,r_65_66_112,r_139_60_94,0.88,0,94,94,38
43,r_20_131_154,seq17,r_108_134_50,r_20_131_154,0.94,0,154,154,38
30,r_48_109_106,r_49_106_71,seq54,r_48_109_106,0.76,-33,73,106,39
14,r_41_59_150,r_40_65_120,seq36,r_40_65_120,0.94,-9,111,120,39
8,r_0_39_135,seq5,seq36,r_0_39_135,0.74,0,135,135,39
93,seq102,r_101_67_50,seq104,r_101_67_50,1.0,0,50,50,39
37,r_101_67_50,seq102,r_118_62_23,r_101_67_50,0.81,0,50,50,39
71,seq36,r_38_57_131,r_41_59_150,r_38_57_131,0.87,-24,107,131,39
39,r_89_105_181,seq87,r_49_106_71,r_89_105_181,0.34,0,181,181,39
1,r_52_45_224,seq53,r_95_46_142,r_95_46_142,1.0,82,224,142,39
97,seq123,r_122_35_179,seq125,r_122_35_179,0.97,-23,156,179,39
23,r_100_70_19,r_101_67_50,seq69,r_100_70_19,0.93,0,19,19,39
5,r_93_2_75,r_95_46_142,seq5,r_93_2_75,0.98,0,75,75,39
46,r_20_7_188,seq22,r_94_8_71,r_20_7_188,0.79,0,188,188,39
42,r_49_106_71,r_48_109_106,seq104,r_49_106_71,0.82,0,71,71,39
45,r_127_43_142,seq129,seq44,r_127_43_142,0.61,0,142,142,39
41,r_142_99_27,seq143,seq98,r_142_99_27,1.0,0,27,27,39
19,r_38_57_131,seq36,seq56,r_38_57_131,0.69,0,131,131,39
27,r_66_149_152,r_101_67_50,r_90_148_146,r_101_67_50,0.83,102,152,50,39
95,seq114,r_115_19_107,r_26_116_60,r_26_116_60,0.58,47,107,60,39
66,seq132,seq133,r_72_136_99,r_72_136_99,1.0,18,117,99,39
78,seq61,r_101_67_50,r_38_57_131,r_38_57_131,0.83,26,157,131,39
3,r_77_74_44,seq76,seq73,r_77_74_44,0.97,0,44,44,39
21,r_32_12_27,seq33,seq14,r_32_12_27,0.68,0,27,27,39
11,r_40_65_120,r_41_59_150,r_118_62_23,r_118_62_23,0.91,97,120,23,39
10,r_134_111_83,seq132,r_112_28_182,r_134_111_83,0.73,0,83,83,39
26,r_122_35_179,seq123,r_88_34_153,r_122_35_179,0.7,0,179,179,39
0,r_118_62_23,seq120,r_63_97_163,r_118_62_23,1.0,0,23,23,39
40,r_147_16_17,r_142_99_27,r_17_21_206,r_147_16_17,0.75,0,17,17,39
15,r_94_8_71,r_10_75_128,r_24_6_112,r_94_8_71,0.97,55,126,71,39
30,r_48_109_106,seq54,r_134_111_83,r_48_109_106,1.0,0,106,106,39
20,r_90_148_146,r_88_34_153,seq141,r_88_34_153,0.35,-7,146,153,39
13,r_24_6_112,seq23,r_93_2_75,r_24_6_112,0.76,0,112,112,39
15,r_94_8_71,r_93_2_75,r_10_75_128,r_10_75_128,1.0,-57,71,128,39
4,r_63_97_163,r_118_62_23,seq96,r_63_97_163,0.9,0,163,163,39
13,r_24_6_112,r_93_2_75,r_94_8_71,r_24_6_112,0.39,26,138,112,39
6,r_86_11_149,seq85,r_80_9_3,r_86_11_149,0.83,0,149,149,39
2,r_26_116_60,r_115_19_107,r_121_117_105,r_26_116_60,0.56,47,107,60,39
0,r_118_62_23,r_63_97_163,r_40_65_120,r_118_62_23,0.87,140,163,23,39
44,r_80_9_3,r_24_6_112,r_86_11_149,r_80_9_3,0.79,162,165,3,39
33,r_112_28_182,r_134_111_83,seq29,r_112_28_182,0.65,0,182,182,39
10,r_134_111_83,r_112_28_182,r_48_109_106,r_48_109_106,0.69,64,170,106,39
27,r_66_149_152,seq64,r_101_67_50,r_101_67_50,0.99,27,77,50,39
7,r_27_18_154,seq29,r_115_19_107,r_27_18_154,0.92,0,154,154,39
4,r_63_97_163,r_42_113_175,r_118_62_23,r_118_62_23,0.96,0,23,23,39
2,r_26_116_60,r_27_18_154,r_115_19_107,r_26_116_60,0.87,0,60,60,39
47,r_115_19_107,seq114,seq22,r_115_19_107,0.99,1,108,107,39
18,r_95_46_142,seq96,seq44,r_95_46_142,0.82,0,142,142,39
29,r_15_37_186,r_17_21_206,r_0_39_135,r_17_21_206,0.42,-20,186,206,39
24,r_88_34_153,r_89_105_181,seq33,r_89_105_181,0.48,-28,153,181,39
96,seq120,r_118_62_23,r_121_117_105,r_118_62_23,0.91,-3,20,23,39
34,r_17_21_206,r_147_16_17,r_27_18_154,r_27_18_154,1.0,52,206,154,39
25,r_110_131_151,r_112_28_182,seq130,r_110_131_151,0.52,0,151,151,39
33,r_112_28_182,r_110_131_151,r_134_111_83,r_134_111_83,0.71,68,151,83,39
64,seq22,r_20_7_188,r_27_18_154,r_27_18_154,0.68,34,188,154,39
92,seq98,r_142_99_27,r_139_103_93,r_139_103_93,0.99,111,204,93,39
70,seq33,r_27_18_154,r_88_34_153,r_27_18_154,0.59,0,154,154,39
38,r_68_108_136,seq73,r_134_111_83,r_68_108_136,0.96,0,136,136,39
34,r_17_21_206,r_15_37_186,r_147_16_17,r_17_21_206,0.76,-109,97,206,39
92,seq98,r_139_103_93,r_142_99_27,r_142_99_27,0.88,148,175,27,39
75,seq54,seq56,r_101_67_50,r_101_67_50,0.71,35,85,50,39
17,r_139_103_93,r_140_47_155,r_49_106_71,r_139_103_93,1.0,0,93,93,39
94,seq104,seq102,r_49_106_71,r_49_106_71,1.0,13,84,71,39
9,r_72_136_99,seq69,seq132,r_72_136_99,1.0,0,99,99,39
91,seq96,seq92,r_63_97_163,r_63_97_163,0.64,14,177,163,39
15,r_94_8_71,r_24_6_112,r_80_9_3,r_80_9_3,0.25,183,186,3,39
22,r_13_81_147,seq14,seq82,r_13_81_147,0.81,0,147,147,39
28,r_42_113_175,seq44,seq114,r_42_113_175,0.66,0,175,175,39
91,seq96,r_95_46_142,seq92,r_95_46_142,0.68,0,142,142,39
49,r_58_107_172,r_60_25_179,r_26_116_60,r_60_25_179,0.8,-6,173,179,39
44,r_80_9_3,r_10_75_128,r_24_6_112,r_24_6_112,0.56,19,131,112,39
75,seq54,r_101_67_50,r_38_57_131,r_38_57_131,0.95,16,147,131,39
35,r_1_124_122,r_0_39_135,seq125,r_1_124_122,1.0,0,122,122,39
12,r_121_117_105,r_122_35_179,r_26_116_60,r_121_117_105,0.86,0,105,105,39
96,seq120,r_121_117_105,r_30_119_45,r_30_119_45,0.99,2,47,45,39
84,seq79,r_78_135_149,seq76,r_78_135_149,1.0,0,149,149,39
93,seq113,r_117_1_135,r_106_101_59,r_117_1_135,0.8,-60,75,135,40
30,r_69_139_165,seq68,seq140,r_69_139_165,0.5,0,165,165,40
87,seq94,r_85_37_82,r_46_97_11,r_85_37_82,0.5,-51,31,82,40
14,r_106_101_59,r_105_79_102,seq113,r_105_79_102,0.6,-2,100,102,40
71,seq51,r_62_53_10,r_107_52_143,r_107_52_143,1.0,1,144,143,40
37,r_74_102_184,seq75,r_34_110_69,r_34_110_69,1.0,115,184,69,40
42,r_45_48_52,r_38_67_57,seq50,r_45_48_52,0.7,0,52,52,40
59,seq16,seq18,r_92_21_115,r_92_21_115,0.61,30,145,115,40
19,r_62_53_10,r_54_41_85,seq51,r_54_41_85,0.74,1,86,85,40
71,seq51,r_54_41_85,r_62_53_10,r_62_53_10,0.49,76,86,10,40
21,r_84_119_160,seq83,r_5_122_127,r_5_122_127,1.0,33,160,127,40
39,r_56_29_87,seq55,r_28_30_148,r_56_29_87,0.87,0,87,87,40
1,r_54_41_85,r_62_53_10,r_85_37_82,r_85_37_82,1.0,4,86,82,40
46,r_89_93_8,r_92_21_115,seq86,r_92_21_115,1.0,0,115,115,40
69,seq136,r_129_132_183,r_96_137_81,r_96_137_81,1.0,2,83,81,40
33,r_123_24_115,r_44_121_6,seq25,r_123_24_115,0.98,1,116,115,40
31,r_92_21_115,r_89_93_8,r_144_20_17,r_92_21_115,0.98,0,115,115,40
41,r_47_60_157,seq50,r_10_65_108,r_10_65_108,0.79,48,156,108,40
67,seq39,seq42,r_85_37_82,r_85_37_82,1.0,7,89,82,40
3,r_11_135_126,r_9_49_110,r_111_12_28,r_11_135_126,0.79,-27,99,126,40
18,r_31_27_56,seq33,r_28_30_148,r_31_27_56,0.98,1,57,56,40
26,r_116_120_99,r_117_1_135,r_44_121_6,r_116_120_99,0.63,0,99,99,40
16,r_0_17_44,seq18,r_92_21_115,r_92_21_115,0.99,16,131,115,40
4,r_100_95_61,r_116_120_99,seq94,r_100_95_61,0.51,0,61,61,40
0,r_85_37_82,r_84_119_160,seq39,r_85_37_82,1.0,0,82,82,40
11,r_28_30_148,seq23,r_56_29_87,r_56_29_87,1.0,6,93,87,40
20,r_130_138_116,seq131,r_59_146_43,r_59_146_43,0.84,77,120,43,40
15,r_34_110_69,seq39,seq108,r_34_110_69,1.0,1,70,69,40
33,r_123_24_115,r_116_120_99,r_44_121_6,r_123_24_115,0.48,-101,14,115,40
3,r_11_135_126,r_111_12_28,r_96_137_81,r_11_135_126,0.87,0,126,126,40
6,r_5_122_127,seq2,r_40_15_65,r_40_15_65,0.89,1,66,65,40
43,r_144_20_17,r_147_145_158,seq18,r_144_20_17,0.97,0,17,17,40
10,r_44_121_6,r_123_24_115,r_116_120_99,r_123_24_115,0.94,-11,104,115,40
1,r_54_41_85,r_56_29_87,r_62_53_10,r_62_53_10,0.9,0,10,10,40
34,r_14_72_108,r_40_15_65,r_112_70_26,r_14_72_108,0.99,1,109,108,40
2,r_9_49_110,r_11_135_126,r_45_48_52,r_9_49_110,1.0,0,110,110,40
48,r_59_146_43,seq61,r_147_145_158,r_59_146_43,1.0,2,45,43,40
29,r_40_15_65,seq39,r_14_72_108,r_40_15_65,0.99,0,65,65,40
24,r_73_109_111,seq80,r_34_110_69,r_34_110_69,0.98,42,111,69,40
20,r_130_138_116,r_59_146_43,r_11_135_126,r_130_138_116,0.41,37,153,116,40
43,r_144_20_17,seq18,r_28_30_148,r_144_20_17,0.4,103,120,17,40
64,seq23,r_28_30_148,r_3_22_60,r_3_22_60,0.96,9,69,60,40
29,r_40_15_65,r_14_72_108,r_111_12_28,r_14_72_108,0.99,1,109,108,40
6,r_5_122_127,r_40_15_65,r_44_121_6,r_5_122_127,0.69,0,127,127,40
65,seq25,seq23,r_123_24_115,r_123_24_115,1.0,0,115,115,40
19,r_62_53_10,r_63_7_58,r_54_41_85,r_62_53_10,0.57,0,10,10,40
92,seq108,r_116_120_99,r_34_110_69,r_34_110_69,0.96,12,81,69,40
38,r_117_1_135,seq115,seq2,r_117_1_135,0.81,0,135,135,40
52,seq4,r_3_22_60,seq2,r_3_22_60,1.0,0,60,60,40
47,r_111_12_28,r_112_70_26,r_11_135_126,r_111_12_28,0.99,-1,27,28,40
34,r_14_72_108,r_9_49_110,r_40_15_65,r_40_15_65,1.0,1,66,65,40
8,r_112_70_26,r_111_12_28,seq75,r_112_70_26,0.94,0,26,26,40
75,seq68,r_69_139_165,r_38_67_57,r_38_67_57,0.87,108,165,57,40
32,r_71_26_48,r_73_109_111,r_28_30_148,r_71_26_48,1.0,0,48,48,40
17,r_10_65_108,r_9_49_110,r_43_66_101,r_10_65_108,0.93,0,108,108,40
9,r_127_88_113,seq126,seq90,r_127_88_113,0.95,0,113,113,40
22,r_143_35_80,seq140,seq33,r_143_35_80,1.0,0,80,80,40
5,r_63_7_58,seq61,seq8,r_63_7_58,0.85,0,58,58,40
49,r_13_128_82,r_9_49_110,seq133,r_13_128_82,1.0,0,82,82,40
12,r_38_67_57,r_40_15_65,seq68,r_38_67_57,0.96,1,58,57,40
7,r_3_22_60,seq4,seq23,r_3_22_60,0.93,0,60,60,40
44,r_96_137_81,seq94,seq136,r_96_137_81,0.99,0,81,81,40
23,r_105_79_102,seq103,seq80,r_105_79_102,0.86,0,102,102,40
92,seq108,r_111_12_28,r_116_120_99,r_111_12_28,0.95,0,28,28,40
35,r_107_52_143,seq108,seq51,r_107_52_143,0.76,1,144,143,40
40,r_138_45_31,r_141_128_42,seq42,r_138_45_31,0.72,0,31,31,41
30,r_111_67_71,seq104,seq69,r_111_67_71,0.82,0,71,71,41
14,r_101_106_98,seq100,seq104,r_101_106_98,0.49,0,98,98,41
45,r_77_2_101,r_85_75_139,r_34_76_15,r_34_76_15,0.7,12,27,15,41
16,r_71_87_61,r_70_35_133,seq88,r_71_87_61,0.7,0,61,61,41
39,r_113_143_110,seq110,seq149,r_113_143_110,0.74,0,110,110,41
1,r_118_92_134,seq119,r_107_96_77,r_107_96_77,0.59,60,137,77,41
46,r_147_93_101,seq149,seq97,r_147_93_101,0.75,0,101,101,41
33,r_49_23_88,r_26_98_153,r_74_25_108,r_74_25_108,0.82,45,153,108,41
5,r_114_16_29,r_111_67_71,seq15,r_114_16_29,0.97,0,29,29,41
95,seq119,r_118_92_134,seq104,r_118_92_134,0.81,3,137,134,41
3,r_70_35_133,seq69,r_24_32_72,r_24_32_72,0.77,61,133,72,41
10,r_31_22_96,seq30,seq20,r_31_22_96,0.92,0,96,96,41
90,seq100,r_101_106_98,seq97,r_101_106_98,0.89,0,98,98,41
26,r_117_140_61,r_118_92_134,seq149,r_117_140_61,1.0,0,61,61,41
0,r_120_57_41,r_118_92_134,seq55,r_120_57_41,0.96,0,41,41,41
47,r_34_76_15,r_33_29_82,r_77_2_101,r_34_76_15,0.83,0,15,15,41
4,r_91_95_128,seq90,r_107_96_77,r_91_95_128,0.27,0,128,128,41
13,r_64_139_69,r_70_35_133,r_117_140_61,r_70_35_133,0.46,-64,69,133,41
25,r_0_137_59,seq1,r_141_128_42,r_0_137_59,1.0,0,59,59,41
15,r_24_32_72,r_26_98_153,r_120_57_41,r_120_57_41,0.87,46,87,41,41
57,seq9,seq6,r_66_10_68,r_66_10_68,1.0,3,71,68,41
6,r_26_98_153,r_24_32_72,r_49_23_88,r_24_32_72,0.9,16,88,72,41
93,seq110,r_113_143_110,r_59_108_89,r_113_143_110,0.68,1,111,110,41
36,r_11_61_7,r_59_108_89,r_121_60_80,r_11_61_7,0.95,84,91,7,41
31,r_59_108_89,seq36,r_11_61_7,r_59_108_89,0.66,-52,37,89,41
27,r_18_112_123,seq15,r_59_108_89,r_18_112_123,0.6,0,123,123,41
8,r_78_102_7,r_101_106_98,r_84_103_124,r_84_103_124,0.56,8,132,124,41
2,r_58_123_90,seq55,r_136_122_13,r_58_123_90,0.99,0,90,90,41
28,r_121_60_80,r_146_80_29,seq129,r_146_80_29,0.65,-18,11,29,41
74,seq48,r_47_131_115,seq50,r_47_131_115,0.37,0,115,115,41
29,r_107_96_77,seq104,seq97,r_107_96_77,0.8,0,77,77,41
33,r_49_23_88,r_47_131_115,r_26_98_153,r_47_131_115,0.88,-27,88,115,41
64,seq30,r_31_22_96,r_33_29_82,r_31_22_96,0.93,0,96,96,41
47,r_34_76_15,r_77_2_101,r_85_75_139,r_77_2_101,1.0,0,101,101,41
58,seq14,seq15,r_79_13_144,r_79_13_144,1.0,0,144,144,41
21,r_56_12_47,seq55,seq5,r_56_12_47,0.92,0,47,47,41
20,r_146_80_29,r_79_13_144,seq81,r_79_13_144,0.96,0,144,144,41
37,r_141_128_42,r_145_124_138,r_65_130_8,r_141_128_42,1.0,0,42,42,41
31,r_59_108_89,r_11_61_7,seq116,r_59_108_89,1.0,2,91,89,41
34,r_84_103_124,r_85_75_139,r_78_102_7,r_85_75_139,0.6,-15,124,139,41
43,r_73_44_59,r_70_35_133,r_138_45_31,r_73_44_59,0.99,0,59,59,41
45,r_77_2_101,r_34_76_15,seq1,r_77_2_101,0.94,0,101,101,41
94,seq116,r_115_37_104,seq119,r_115_37_104,1.0,0,104,104,41
9,r_66_10_68,r_70_35_133,seq9,r_66_10_68,1.0,0,68,68,41
17,r_136_122_13,seq132,seq129,r_136_122_13,0.89,0,13,13,41
28,r_121_60_80,seq129,r_11_61_7,r_121_60_80,1.0,0,80,80,41
91,seq104,seq105,r_78_102_7,r_78_102_7,0.97,137,144,7,41
44,r_33_29_82,seq38,seq30,r_33_29_82,0.75,7,89,82,41
20,r_146_80_29,r_141_128_42,r_79_13_144,r_146_80_29,0.95,0,29,29,41
23,r_79_13_144,r_85_75_139,r_146_80_29,r_146_80_29,0.97,32,61,29,41
17,r_136_122_13,seq129,r_58_123_90,r_58_123_90,1.0,-2,88,90,41
35,r_74_25_108,r_70_35_133,r_49_23_88,r_49_23_88,0.75,20,108,88,41
23,r_79_13_144,r_146_80_29,seq14,r_79_13_144,0.95,0,144,144,41
24,r_4_19_34,seq5,seq20,r_4_19_34,0.86,0,34,34,41
42,r_109_17_37,r_111_67_71,r_114_16_29,r_111_67_71,0.88,-34,37,71,41
76,seq52,r_47_131_115,r_63_53_18,r_63_53_18,0.98,10,28,18,41
30,r_50_34_35,r_33_112_145,r_69_37_9,r_69_37_9,0.2,136,145,9,42
36,r_120_43_118,seq119,seq47,r_120_43_118,0.75,0,118,118,42
44,r_122_140_59,seq117,r_51_136_20,r_122_140_59,0.97,0,59,59,42
14,r_59_57_13,r_58_107_143,r_108_56_104,r_59_57_13,0.64,130,143,13,42
29,r_8_42_46,r_12_85_166,seq47,r_8_42_46,0.97,0,46,46,42
8,r_87_94_101,r_86_20_166,r_95_76_147,r_87_94_101,0.62,0,101,101,42
43,r_10_137_170,seq17,r_32_11_78,r_32_11_78,1.0,20,98,78,42
8,r_87_94_101,r_95_76_147,r_115_116_176,r_87_94_101,0.65,46,147,101,42
83,seq77,seq79,r_1_78_55,r_1_78_55,1.0,13,68,55,42
19,r_141_64_134,r_51_136_20,r_46_66_11,r_51_136_20,0.57,114,134,20,42
37,r_68_104_51,seq67,seq105,r_68_104_51,0.99,-1,50,51,42
16,r_58_107_143,r_59_57_13,r_74_106_82,r_58_107_143,0.68,0,143,143,42
1,r_96_73_94,r_97_131_127,r_75_121_146,r_96_73_94,0.92,0,94,94,42
5,r_75_121_146,r_74_106_82,r_96_73_94,r_75_121_146,0.89,-50,96,146,42
45,r_133_65_174,r_132_9_58,r_51_136_20,r_132_9_58,0.96,0,58,58,42
33,r_97_131_127,r_95_76_147,r_133_65_174,r_97_131_127,0.94,0,127,127,42
28,r_95_76_147,r_87_94_101,r_83_82_28,r_95_76_147,0.64,0,147,147,42
42,r_132_9_58,r_133_65_174,r_130_24_12,r_132_9_58,0.96,0,58,58,42
66,seq25,seq17,r_130_24_12,r_130_24_12,0.88,121,133,12,42
18,r_114_138_14,r_139_36_45,r_51_136_20,r_139_36_45,0.8,0,45,45,42
3,r_49_14_128,seq47,seq13,r_49_14_128,0.86,0,128,128,42
10,r_32_11_78,seq40,r_10_137_170,r_32_11_78,0.94,0,78,78,42
40,r_139_36_45,r_141_64_134,r_69_37_9,r_139_36_45,0.93,0,45,45,42
35,r_99_127_42,r_103_80_66,seq129,r_99_127_42,1.0,0,42,42,42
11,r_1_78_55,seq2,seq77,r_1_78_55,1.0,0,55,55,42
78,seq53,r_52_71_150,seq54,r_52_71_150,0.63,0,150,150,42
20,r_86_20_166,r_87_94_101,seq77,r_86_20_166,0.57,-65,101,166,42
13,r_84_18_109,r_83_82_28,seq17,r_84_18_109,0.95,0,109,109,42
47,r_88_93_20,seq89,seq90,r_88_93_20,0.66,0,20,20,42
15,r_108_56_104,seq109,r_59_57_13,r_108_56_104,0.96,0,104,104,42
57,seq13,r_12_85_166,r_49_14_128,r_49_14_128,0.99,36,164,128,42
25,r_51_136_20,r_52_71_150,r_114_138_14,r_51_136_20,0.88,0,20,20,42
6,r_38_126_111,seq40,r_99_127_42,r_38_126_111,0.64,0,111,111,42
85,seq89,r_88_93_20,r_74_106_82,r_74_106_82,0.63,0,82,82,42
51,seq129,r_128_26_120,r_99_127_42,r_99_127_42,1.0,6,48,42,42
10,r_32_11_78,r_10_137_170,r_62_19_157,r_32_11_78,0.7,92,170,78,42
1,r_96_73_94,r_75_121_146,r_52_71_150,r_96_73_94,0.59,52,146,94,42
26,r_134_123_41,r_133_65_174,seq124,r_134_123_41,0.97,0,41,41,42
34,r_130_24_12,seq25,seq23,r_130_24_12,0.37,111,123,12,42
43,r_10_137_170,r_32_11_78,r_114_138_14,r_10_137_170,0.76,0,170,170,42
33,r_97_131_127,r_96_73_94,r_95_76_147,r_96_73_94,0.99,0,94,94,42
18,r_114_138_14,r_108_56_104,r_139_36_45,r_114_138_14,0.91,0,14,14,42
65,seq23,seq25,r_130_24_12,r_130_24_12,0.82,111,123,12,42
17,r_148_81_69,r_103_80_66,r_83_82_28,r_148_81_69,0.35,48,117,69,42
20,r_86_20_166,seq77,r_62_19_157,r_62_19_157,0.52,9,166,157,42
32,r_74_106_82,r_75_121_146,r_68_104_51,r_74_106_82,0.76,1,83,82,42
38,r_83_82_28,r_84_18_109,r_148_81_69,r_83_82_28,0.97,81,109,28,42
33,r_97_131_127,r_133_65_174,r_114_138_14,r_133_65_174,0.73,0,174,174,42
34,r_130_24_12,r_134_123_41,seq25,r_130_24_12,0.98,1,13,12,42
0,r_63_91_38,r_62_19_157,r_88_93_20,r_63_91_38,0.84,0,38,38,42
45,r_133_65_174,r_51_136_20,r_97_131_127,r_133_65_174,0.48,-47,127,174,42
7,r_72_145_30,r_75_121_146,seq146,r_72_145_30,1.0,0,30,30,42
17,r_148_81_69,seq143,r_103_80_66,r_148_81_69,0.99,0,69,69,42
9,r_52_71_150,seq53,r_96_73_94,r_52_71_150,0.41,0,150,150,42
31,r_46_66_11,seq70,r_141_64_134,r_141_64_134,0.65,4,138,134,42
85,seq89,r_103_80_66,r_87_94_101,r_87_94_101,0.72,60,161,101,42
22,r_110_100_81,seq109,seq101,r_110_100_81,0.6,17,98,81,42
28,r_95_76_147,r_97_131_127,r_87_94_101,r_87_94_101,0.48,25,126,101,42
41,r_113_15_48,r_115_116_176,seq17,r_113_15_48,1.0,0,48,48,42
49,r_103_80_66,seq102,seq79,r_103_80_66,0.84,0,66,66,42
56,seq7,r_6_147_148,seq25,r_6_147_148,0.93,0,148,148,42
45,r_133_65_174,r_97_131_127,r_141_64_134,r_133_65_174,0.78,0,174,174,42
12,r_39_55_60,r_38_126_111,seq53,r_39_55_60,0.98,0,60,60,42
19,r_141_64_134,r_139_36_45,r_51_136_20,r_141_64_134,0.9,-113,21,134,42
15,r_116_64_49,r_113_130_148,seq61,r_113_130_148,0.54,-99,49,148,43
30,r_53_137_129,seq54,r_128_136_84,r_53_137_129,0.76,0,129,129,43
51,seq4,seq5,r_66_3_100,r_66_3_100,0.98,3,103,100,43
36,r_117_127_63,r_113_130_148,seq126,r_117_127_63,1.0,1,64,63,43
6,r_47_19_46,r_48_28_84,r_39_25_6,r_39_25_6,0.87,40,46,6,43
19,r_107_114_19,r_104_101_91,seq112,r_104_101_91,0.62,-76,15,91,43
8,r_124_80_72,seq120,r_12_81_74,r_124_80_72,0.93,1,73,72,43
83,seq82,seq85,r_12_81_74,r_12_81_74,1.0,21,95,74,43
37,r_128_136_84,r_131_13_143,seq134,r_128_136_84,0.89,0,84,84,43
59,seq144,r_145_129_78,r_37_140_15,r_145_129_78,0.82,-18,60,78,43
86,seq143,r_145_129_78,r_37_140_15,r_145_129_78,0.83,-14,64,78,43
21,r_20_103_133,seq22,seq108,r_20_103_133,0.44,1,134,133,43
39,r_88_60_100,seq89,seq61,r_88_60_100,0.82,0,100,100,43
1,r_131_13_143,r_145_129_78,seq15,r_131_13_143,0.87,0,143,143,43
1,r_131_13_143,r_128_136_84,r_145_129_78,r_131_13_143,0.98,-65,78,143,43
46,r_142_65_120,seq143,r_32_63_57,r_142_65_120,0.69,0,120,120,43
45,r_18_141_159,seq22,r_37_140_15,r_37_140_15,0.55,144,159,15,43
52,seq5,seq2,r_94_6_17,r_94_6_17,0.92,5,22,17,43
31,r_133_72_58,seq132,seq82,r_133_72_58,0.99,3,61,58,43
41,r_12_81_74,seq15,r_124_80_72,r_12_81_74,0.56,0,74,74,43
89,seq102,r_67_98_122,r_124_80_72,r_124_80_72,1.0,0,72,72,43
3,r_95_42_76,r_84_96_25,r_118_44_4,r_84_96_25,0.54,51,76,25,43
10,r_40_122_169,seq41,r_117_127_63,r_117_127_63,0.99,106,169,63,43
4,r_30_149_91,r_40_122_169,seq148,r_30_149_91,0.75,0,91,91,43
0,r_48_28_84,r_49_14_161,r_23_29_1,r_48_28_84,0.59,0,84,84,43
13,r_16_87_62,seq15,seq89,r_16_87_62,0.96,-1,61,62,43
64,seq132,r_133_72_58,seq134,r_133_72_58,1.0,-5,53,58,43
48,r_34_26_95,seq35,seq27,r_34_26_95,0.66,0,95,95,43
58,seq15,seq110,r_131_13_143,r_131_13_143,0.72,22,165,143,43
57,seq11,r_10_93_96,seq5,r_10_93_96,1.0,0,96,96,43
85,seq89,r_88_60_100,r_16_87_62,r_16_87_62,0.89,38,100,62,43
9,r_86_100_36,r_88_60_100,r_84_96_25,r_86_100_36,0.7,6,42,36,43
27,r_1_111_125,seq2,seq112,r_1_111_125,0.48,0,125,125,43
2,r_104_101_91,seq105,seq102,r_104_101_91,0.68,0,91,91,43
40,r_83_125_68,seq82,r_117_127_63,r_83_125_68,0.76,0,68,68,43
18,r_31_51_117,r_40_122_169,r_90_52_39,r_90_52_39,0.46,72,111,39,43
29,r_118_44_4,seq50,r_95_42_76,r_95_42_76,0.57,74,150,76,43
20,r_32_63_57,seq33,seq61,r_32_63_57,0.86,0,57,57,43
24,r_17_91_60,r_23_29_1,r_86_100_36,r_17_91_60,0.67,0,60,60,43
43,r_94_6_17,r_95_42_76,seq5,r_94_6_17,0.98,1,18,17,43
25,r_99_56_177,seq92,r_79_57_146,r_79_57_146,0.66,31,177,146,43
33,r_69_7_136,seq70,r_94_6_17,r_94_6_17,0.49,119,136,17,43
58,seq15,r_16_87_62,seq112,r_16_87_62,0.52,0,62,62,43
70,seq45,seq50,r_115_46_42,r_115_46_42,0.81,65,107,42,43
38,r_38_62_105,r_40_122_169,r_32_63_57,r_38_62_105,0.66,0,105,105,43
34,r_67_98_122,seq68,r_86_100_36,r_67_98_122,0.61,0,122,122,43
75,seq68,r_67_98_122,seq70,r_67_98_122,0.66,0,122,122,43
17,r_139_59_170,seq138,seq58,r_139_59_170,0.27,1,171,170,43
49,r_74_123_72,seq73,seq120,r_74_123_72,0.96,0,72,72,43
56,seq138,r_139_59_170,r_30_149_91,r_30_149_91,0.71,56,147,91,43
7,r_66_3_100,seq58,seq4,r_66_3_100,0.9,0,100,100,43
44,r_10_93_96,seq11,seq92,r_10_93_96,0.98,0,96,96,43
35,r_145_129_78,seq143,r_83_125_68,r_145_129_78,0.96,0,78,78,43
12,r_135_0_113,seq134,seq2,r_135_0_113,0.8,0,113,113,43
84,seq85,seq89,r_124_80_72,r_124_80_72,1.0,56,128,72,43
30,r_9_81_150,seq6,r_15_80_57,r_15_80_57,0.61,102,159,57,44
39,r_131_46_156,r_149_134_127,r_90_47_147,r_131_46_156,0.96,0,156,156,44
6,r_138_30_46,r_130_112_136,r_93_29_18,r_138_30_46,1.0,0,46,46,44
14,r_141_83_121,seq143,seq84,r_141_83_121,0.96,0,121,121,44
8,r_34_147_89,r_35_27_132,r_149_134_127,r_149_134_127,0.49,-38,89,127,44
43,r_122_3_83,seq121,seq1,r_122_3_83,1.0,0,83,83,44
83,seq84,r_86_66_168,r_141_83_121,r_141_83_121,0.99,47,168,121,44
37,r_12_60_106,seq11,seq61,r_12_60_106,0.97,0,106,106,44
3,r_127_10_180,r_42_126_50,r_85_8_74,r_127_10_180,0.31,0,180,180,44
16,r_85_8_74,r_86_66_168,seq6,r_85_8_74,1.0,0,74,74,44
39,r_131_46_156,r_130_112_136,r_149_134_127,r_130_112_136,0.78,0,136,136,44
18,r_42_126_50,r_48_0_96,r_127_10_180,r_42_126_50,1.0,0,50,50,44
97,seq115,seq113,r_129_116_119,r_129_116_119,1.0,36,155,119,44
5,r_130_112_136,r_131_46_156,r_38_104_100,r_130_112_136,0.93,0,136,136,44
46,r_102_23_109,r_106_103_20,r_119_22_7,r_102_23_109,0.92,0,109,109,44
42,r_148_57_124,r_149_134_127,r_120_58_2,r_148_57_124,0.97,0,124,124,44
7,r_52_72_110,seq53,r_56_73_9,r_52_72_110,0.9,0,110,110,44
45,r_20_139_67,r_19_68_66,seq143,r_20_139_67,1.0,0,67,67,44
19,r_54_75_92,seq55,r_33_74_48,r_33_74_48,0.76,47,95,48,44
27,r_48_0_96,seq37,r_4_16_110,r_48_0_96,0.62,71,167,96,44
38,r_18_146_160,r_109_17_42,r_34_147_89,r_109_17_42,0.88,118,160,42,44
31,r_129_116_119,seq128,seq115,r_129_116_119,1.0,0,119,119,44
33,r_15_80_57,r_14_101_182,seq78,r_15_80_57,1.0,0,57,57,44
41,r_14_101_182,seq13,r_106_103_20,r_106_103_20,0.73,162,182,20,44
10,r_142_117_195,seq143,r_129_116_119,r_129_116_119,1.0,76,195,119,44
8,r_34_147_89,r_145_144_138,r_18_146_160,r_18_146_160,0.83,0,160,160,44
26,r_82_59_74,seq84,seq61,r_82_59_74,1.0,0,74,74,44
2,r_92_31_13,r_93_29_18,r_89_32_8,r_89_32_8,0.64,5,13,8,44
4,r_145_144_138,r_149_134_127,r_34_147_89,r_34_147_89,0.98,31,120,89,44
78,seq64,seq67,r_71_65_71,r_71_65_71,0.64,21,92,71,44
0,r_90_47_147,seq91,seq45,r_90_47_147,0.56,0,147,147,44
20,r_106_103_20,r_102_23_109,seq113,r_102_23_109,0.96,0,109,109,44
98,seq121,r_122_3_83,r_124_123_178,r_122_3_83,1.0,-3,80,83,44
15,r_149_134_127,r_148_57_124,r_118_135_78,r_149_134_127,0.98,-3,124,127,44
48,r_132_87_132,seq133,seq84,r_132_87_132,0.93,0,132,132,44
57,seq140,r_130_112_136,seq143,r_130_112_136,1.0,-64,72,136,44
12,r_119_22_7,seq41,r_102_23_109,r_102_23_109,1.0,1,110,109,44
50,seq128,r_20_139_67,r_149_134_127,r_149_134_127,0.39,63,190,127,44
8,r_34_147_89,r_149_134_127,r_145_144_138,r_149_134_127,0.59,2,129,127,44
36,r_109_17_42,r_18_146_160,r_4_16_110,r_18_146_160,1.0,0,160,160,44
27,r_48_0_96,seq44,seq37,r_48_0_96,0.99,0,96,96,44
11,r_93_29_18,seq94,seq26,r_93_29_18,0.86,0,18,18,44
9,r_56_73_9,r_63_76_128,r_33_74_48,r_33_74_48,1.0,5,53,48,44
63,seq28,seq26,r_93_29_18,r_93_29_18,0.92,21,39,18,44
7,r_52_72_110,seq55,seq53,r_52_72_110,0.66,-63,47,110,44
47,r_49_97_121,seq51,seq95,r_49_97_121,0.75,0,121,121,44
40,r_71_65_71,r_70_21_137,seq64,r_70_21_137,0.96,-63,74,137,44
29,r_86_66_168,seq84,r_120_58_2,r_120_58_2,0.82,166,168,2,44
24,r_88_111_61,seq94,seq105,r_88_111_61,1.0,0,61,61,44
25,r_70_21_137,seq69,r_4_16_110,r_70_21_137,0.93,0,137,137,44
11,r_93_29_18,seq26,r_138_30_46,r_138_30_46,1.0,5,51,46,44
64,seq133,r_132_87_132,r_149_134_127,r_132_87_132,1.0,0,132,132,44
58,seq13,r_14_101_182,r_4_16_110,r_4_16_110,0.54,72,182,110,44
20,r_106_103_20,seq113,r_14_101_182,r_14_101_182,1.0,6,188,182,44
3,r_127_10_180,r_124_123_178,r_42_126_50,r_42_126_50,1.0,-3,47,50,44
38,r_18_146_160,r_19_68_66,r_109_17_42,r_18_146_160,0.99,-95,65,160,44
36,r_109_17_42,seq105,r_18_146_160,r_109_17_42,0.99,0,42,42,44
34,r_4_16_110,seq5,seq13,r_4_16_110,0.53,26,136,110,44
62,seq26,seq28,r_93_29_18,r_93_29_18,0.96,20,38,18,44
32,r_33_74_48,r_35_27_132,r_56_73_9,r_33_74_48,1.0,0,48,48,44
45,r_20_139_67,seq143,r_36_136_76,r_36_136_76,0.86,66,142,76,44
17,r_118_135_78,seq113,seq133,r_118_135_78,0.98,0,78,78,44
22,r_38_104_100,seq39,seq105,r_38_104_100,1.0,1,101,100,44
62,seq26,r_93_29_18,r_35_27_132,r_35_27_132,0.97,31,163,132,44
56,seq11,r_12_60_106,r_4_16_110,r_12_60_106,0.99,0,106,106,44
18,r_42_126_50,r_127_10_180,seq125,r_42_126_50,0.49,130,180,50,44
23,r_19_68_66,r_20_139_67,r_56_73_9,r_19_68_66,1.0,0,66,66,44
17,r_118_135_78,seq133,r_149_134_127,r_149_134_127,1.0,31,158,127,44
35,r_2_79_157,seq1,seq78,r_2_79_157,0.76,0,157,157,44
30,r_60_122_87,r_66_97_180,seq120,r_60_122_87,0.98,0,87,87,45
36,r_45_63_70,seq49,r_64_61_75,r_45_63_70,1.0,0,70,70,45
2,r_74_100_95,r_77_48_32,r_66_97_180,r_77_48_32,0.99,-5,27,32,45
8,r_117_121_69,seq116,seq120,r_117_121_69,0.78,0,69,69,45
23,r_96_134_23,r_99_55_164,r_142_113_202,r_96_134_23,0.85,0,23,23,45
37,r_64_61_75,r_66_97_180,r_45_63_70,r_45_63_70,1.0,60,130,70,45
86,seq83,r_80_29_136,r_44_84_41,r_44_84_41,0.99,95,136,41,45
1,r_31_85_75,seq32,seq86,r_31_85_75,1.0,0,75,75,45
46,r_16_81_62,seq13,r_11_79_23,r_16_81_62,0.83,0,62,62,45
42,r_98_22_62,r_99_55_164,seq23,r_98_22_62,1.0,0,62,62,45
95,seq109,r_110_36_125,r_74_100_95,r_74_100_95,0.86,30,125,95,45
38,r_111_67_36,r_117_121_69,seq70,r_111_67_36,0.97,-1,35,36,45
31,r_104_17_76,seq108,seq13,r_104_17_76,0.99,0,76,76,45
12,r_138_148_34,r_6_145_53,r_124_149_91,r_6_145_53,0.7,111,164,53,45
47,r_11_79_23,r_9_56_26,seq83,r_11_79_23,0.98,0,23,23,45
14,r_9_56_26,r_8_146_122,seq53,r_9_56_26,1.0,0,26,26,45
3,r_137_89_86,r_136_73_85,seq93,r_137_89_86,0.97,0,86,86,45
4,r_37_82_84,seq39,r_16_81_62,r_37_82_84,0.98,1,85,84,45
11,r_124_149_91,r_126_75_146,r_96_134_23,r_124_149_91,0.62,2,93,91,45
27,r_57_125_121,r_126_75_146,seq129,r_57_125_121,0.75,25,146,121,45
26,r_14_59_51,seq13,r_9_56_26,r_14_59_51,0.62,0,51,51,45
20,r_2_46_84,seq0,r_77_48_32,r_2_46_84,0.99,0,84,84,45
13,r_130_95_86,seq129,seq94,r_130_95_86,0.98,0,86,86,45
17,r_126_75_146,r_57_125_121,r_18_76_63,r_126_75_146,0.89,0,146,146,45
21,r_52_140_25,r_142_113_202,r_71_139_69,r_71_139_69,0.98,53,122,69,45
85,seq141,r_142_113_202,r_71_139_69,r_71_139_69,1.0,60,129,69,45
2,r_74_100_95,r_66_97_180,r_43_106_8,r_74_100_95,0.97,0,95,95,45
0,r_142_113_202,r_6_145_53,r_128_115_130,r_128_115_130,0.65,72,202,130,45
23,r_96_134_23,r_117_121_69,r_6_145_53,r_96_134_23,0.56,85,108,23,45
9,r_62_88_34,r_60_122_87,r_127_92_2,r_62_88_34,1.0,1,35,34,45
27,r_57_125_121,seq53,r_126_75_146,r_126_75_146,0.26,-25,121,146,45
5,r_77_48_32,r_74_100_95,seq49,r_77_48_32,1.0,0,32,32,45
30,r_60_122_87,seq120,seq129,r_60_122_87,0.44,83,170,87,45
34,r_18_76_63,r_9_56_26,r_126_75_146,r_126_75_146,1.0,0,146,146,45
84,seq78,r_80_29_136,r_11_79_23,r_11_79_23,1.0,0,23,23,45
40,r_99_55_164,r_98_22_62,r_62_88_34,r_98_22_62,0.49,0,62,62,45
28,r_44_84_41,r_45_63_70,seq83,r_44_84_41,1.0,0,41,41,45
29,r_128_115_130,r_126_75_146,seq116,r_126_75_146,0.98,-16,130,146,45
24,r_144_107_98,r_142_113_202,r_43_106_8,r_144_107_98,0.78,1,99,98,45
25,r_4_27_85,seq3,seq23,r_4_27_85,0.79,15,100,85,45
33,r_71_139_69,seq69,r_52_140_25,r_71_139_69,0.88,0,69,69,45
0,r_142_113_202,seq141,r_6_145_53,r_6_145_53,1.0,1,54,53,45
32,r_87_40_89,seq86,seq39,r_87_40_89,1.0,0,89,89,45
52,seq3,r_4_27_85,seq39,r_4_27_85,0.59,17,102,85,45
34,r_18_76_63,r_19_38_118,seq72,r_18_76_63,1.0,0,63,63,45
18,r_6_145_53,r_144_107_98,seq147,r_144_107_98,1.0,1,99,98,45
54,seq5,r_6_145_53,seq20,r_6_145_53,0.95,0,53,53,45
17,r_126_75_146,r_128_115_130,r_57_125_121,r_57_125_121,0.9,9,130,121,45
21,r_52_140_25,seq50,r_142_113_202,r_52_140_25,0.89,0,25,25,45
96,seq147,r_142_113_202,r_6_145_53,r_6_145_53,1.0,33,86,53,45
18,r_6_145_53,seq5,r_144_107_98,r_6_145_53,1.0,0,53,53,45
11,r_124_149_91,r_96_134_23,r_119_135_114,r_96_134_23,0.61,123,146,23,45
22,r_119_135_114,seq132,r_6_145_53,r_6_145_53,0.97,61,114,53,45
34,r_18_76_63,seq72,r_9_56_26,r_18_76_63,0.36,39,102,63,45
12,r_138_148_34,r_117_121_69,r_6_145_53,r_138_148_34,0.56,82,116,34,45
49,r_19_38_118,seq20,r_87_40_89,r_87_40_89,1.0,29,118,89,45
7,r_65_1_71,r_66_97_180,seq0,r_65_1_71,1.0,0,71,71,45
6,r_112_51_57,r_110_36_125,seq50,r_110_36_125,0.52,-68,57,125,45
35,r_136_73_85,r_137_89_86,r_18_76_63,r_136_73_85,1.0,0,85,85,45
12,r_138_148_34,seq141,r_117_121_69,r_138_148_34,0.4,56,90,34,45
23,r_96_134_23,r_142_113_202,r_117_121_69,r_117_121_69,0.56,34,103,69,45
93,seq99,seq103,r_80_98_138,r_80_98_138,1.0,3,141,138,46
40,r_134_55_194,r_140_133_37,r_147_49_66,r_134_55_194,0.97,0,194,194,46
14,r_81_67_124,r_80_98_138,r_96_71_17,r_81_67_124,0.94,0,124,124,46
8,r_52_23_184,seq53,r_59_24_51,r_59_24_51,0.77,133,184,51,46
43,r_124_119_102,r_126_41_122,seq122,r_126_41_122,0.94,-20,102,122,46
37,r_112_108_81,seq105,r_137_111_36,r_137_111_36,0.95,25,61,36,46
10,r_26_135_26,r_25_113_95,r_140_133_37,r_26_135_26,0.72,0,26,26,46
19,r_116_16_183,seq114,seq17,r_116_16_183,0.6,0,183,183,46
71,seq42,seq39,r_126_41_122,r_126_41_122,1.0,4,126,122,46
16,r_128_58_104,r_127_101_181,seq57,r_128_58_104,0.96,0,104,104,46
21,r_31_20_189,r_30_97_122,seq28,r_30_97_122,1.0,0,122,122,46
39,r_75_100_135,seq78,r_30_97_122,r_75_100_135,0.96,0,135,135,46
1,r_72_82_67,seq68,r_81_67_124,r_72_82_67,0.97,0,67,67,46
28,r_59_24_51,seq61,r_31_20_189,r_59_24_51,1.0,0,51,51,46
46,r_66_130_62,r_75_100_135,seq129,r_66_130_62,0.97,0,62,62,46
42,r_30_97_122,r_31_20_189,seq99,r_30_97_122,0.99,0,122,122,46
13,r_143_120_41,r_141_87_178,seq122,r_143_120_41,0.91,0,41,41,46
45,r_50_70_165,r_52_23_184,r_96_71_17,r_50_70_165,0.55,0,165,165,46
70,seq39,r_45_79_240,r_15_38_107,r_15_38_107,1.0,6,113,107,46
1,r_72_82_67,r_81_67_124,r_47_83_31,r_81_67_124,1.0,-11,113,124,46
33,r_118_27_28,r_31_20_189,r_52_23_184,r_52_23_184,0.62,10,194,184,46
12,r_96_71_17,r_102_84_137,seq68,r_96_71_17,0.97,0,17,17,46
41,r_54_109_101,r_52_23_184,r_137_111_36,r_54_109_101,1.0,0,101,101,46
96,seq105,r_40_107_63,r_88_106_190,r_88_106_190,1.0,5,195,190,46
3,r_43_145_194,r_45_79_240,r_1_44_148,r_1_44_148,0.97,0,148,148,46
27,r_47_83_31,r_48_92_77,r_81_67_124,r_47_83_31,0.99,0,31,31,46
90,seq91,r_102_84_137,r_48_92_77,r_48_92_77,0.84,31,108,77,46
48,r_80_98_138,r_72_82_67,seq99,r_80_98_138,1.0,0,138,138,46
74,seq57,r_115_56_48,r_128_58_104,r_128_58_104,1.0,16,120,104,46
26,r_40_107_63,seq39,r_137_111_36,r_40_107_63,1.0,0,63,63,46
18,r_12_132_49,seq11,r_131_5_148,r_12_132_49,1.0,0,49,49,46
59,seq17,r_59_24_51,r_116_16_183,r_116_16_183,1.0,3,186,183,46
3,r_43_145_194,r_1_44_148,seq148,r_43_145_194,1.0,0,194,194,46
73,seq53,r_52_23_184,r_125_51_128,r_125_51_128,1.0,56,184,128,46
11,r_69_46_74,seq68,r_45_79_240,r_69_46_74,0.96,0,74,74,46
36,r_137_111_36,r_136_21_133,seq105,r_137_111_36,0.88,0,36,36,46
15,r_102_84_137,seq99,seq90,r_102_84_137,0.96,1,138,137,46
48,r_80_98_138,r_81_67_124,r_72_82_67,r_72_82_67,1.0,57,124,67,46
27,r_47_83_31,r_81_67_124,r_72_82_67,r_72_82_67,0.96,2,69,67,46
20,r_37_138_24,seq36,r_140_133_37,r_37_138_24,1.0,0,24,24,46
13,r_143_120_41,seq122,r_124_119_102,r_124_119_102,0.64,-2,100,102,46
44,r_1_44_148,r_2_110_250,r_69_46_74,r_1_44_148,0.82,1,149,148,46
21,r_31_20_189,seq28,r_136_21_133,r_31_20_189,0.39,0,189,189,46
19,r_116_16_183,r_115_56_48,seq114,r_115_56_48,1.0,1,49,48,46
5,r_115_56_48,r_116_16_183,seq57,r_115_56_48,0.99,2,50,48,46
6,r_140_133_37,seq139,r_26_135_26,r_26_135_26,1.0,33,59,26,46
36,r_137_111_36,seq105,r_25_113_95,r_25_113_95,1.0,27,122,95,46
2,r_127_101_181,seq129,r_75_100_135,r_75_100_135,0.62,46,181,135,46
47,r_25_113_95,r_31_20_189,r_137_111_36,r_25_113_95,1.0,0,95,95,46
40,r_134_55_194,r_136_21_133,r_140_133_37,r_136_21_133,0.53,-1,132,133,46
29,r_136_21_133,r_134_55_194,seq19,r_136_21_133,0.93,0,133,133,46
24,r_141_87_178,seq148,seq85,r_141_87_178,0.44,0,178,178,46
25,r_9_123_112,seq11,r_140_133_37,r_9_123_112,0.99,0,112,112,46
22,r_13_62_16,r_26_135_26,seq65,r_13_62_16,0.98,0,16,16,46
70,seq39,r_40_107_63,r_45_79_240,r_40_107_63,1.0,0,63,63,46
38,r_45_79_240,r_43_145_194,r_69_46_74,r_69_46_74,0.94,35,109,74,46
74,seq57,seq36,r_115_56_48,r_115_56_48,0.53,3,51,48,46
34,r_0_22_131,r_1_44_148,seq19,r_0_22_131,0.55,0,131,131,46
31,r_131_5_148,r_136_21_133,r_12_132_49,r_12_132_49,0.75,9,58,49,46
9,r_15_38_107,seq14,seq39,r_15_38_107,0.98,0,107,107,46
96,seq105,r_112_108_81,r_40_107_63,r_40_107_63,1.0,0,63,63,46
31,r_131_5_148,r_12_132_49,seq4,r_131_5_148,0.98,0,148,148,46
33,r_118_27_28,seq122,r_31_20_189,r_118_27_28,1.0,0,28,28,46
28,r_59_24_51,r_31_20_189,r_52_23_184,r_52_23_184,0.97,0,184,184,46
49,r_147_49_66,r_141_87_178,seq53,r_147_49_66,1.0,1,67,66,46
7,r_48_92_77,r_52_23_184,seq91,r_48_92_77,1.0,0,77,77,46
57,seq14,r_59_24_51,r_116_16_183,r_116_16_183,1.0,3,186,183,46
18,r_12_132_49,r_131_5_148,r_140_133_37,r_131_5_148,1.0,0,148,148,46
44,r_1_44_148,r_0_22_131,r_2_110_250,r_0_22_131,0.67,0,131,131,46
93,seq113,seq129,r_77_137_61,r_77_137_61,0.99,16,77,61,47
44,r_13_43_114,r_120_14_27,r_105_41_76,r_13_43_114,0.99,0,114,114,47
36,r_79_145_188,r_78_86_133,seq76,r_78_86_133,0.66,-35,98,133,47
14,r_132_36_146,seq129,r_56_134_16,r_132_36_146,0.75,-85,61,146,47
9,r_28_133_32,r_29_72_185,r_56_134_16,r_28_133_32,1.0,2,34,32,47
86,seq94,r_128_92_12,r_82_95_147,r_82_95_147,0.49,1,148,147,47
24,r_56_134_16,r_52_116_177,r_132_36_146,r_52_116_177,0.6,-161,16,177,47
16,r_114_70_84,seq115,seq71,r_114_70_84,0.57,0,84,84,47
21,r_77_137_61,r_78_86_133,seq136,r_77_137_61,0.98,0,61,61,47
1,r_30_0_89,r_31_20_152,seq1,r_30_0_89,0.87,0,89,89,47
5,r_52_116_177,seq55,r_84_121_20,r_52_116_177,0.61,0,177,177,47
46,r_122_11_147,seq129,r_120_14_27,r_120_14_27,0.89,109,136,27,47
42,r_125_74_130,r_126_93_161,seq76,r_125_74_130,0.76,0,130,130,47
35,r_4_17_36,r_6_68_104,r_57_19_38,r_57_19_38,0.78,7,45,38,47
45,r_29_72_185,r_33_47_198,r_114_70_84,r_114_70_84,0.46,101,185,84,47
24,r_56_134_16,r_132_36_146,r_28_133_32,r_132_36_146,0.6,-64,82,146,47
19,r_105_41_76,seq59,r_35_42_109,r_35_42_109,0.69,50,159,109,47
30,r_51_81_33,r_52_116_177,r_82_95_147,r_51_81_33,1.0,0,33,33,47
10,r_128_92_12,r_91_61_72,seq94,r_91_61_72,1.0,0,72,72,47
26,r_106_44_119,seq107,r_75_48_2,r_106_44_119,0.81,0,119,119,47
25,r_126_93_161,seq127,r_82_95_147,r_126_93_161,0.77,0,161,161,47
14,r_132_36_146,r_56_134_16,seq63,r_132_36_146,0.99,0,146,146,47
4,r_39_111_153,r_37_40_162,seq107,r_37_40_162,0.8,-9,153,162,47
0,r_78_86_133,r_79_145_188,r_69_90_52,r_79_145_188,0.79,-55,133,188,47
11,r_91_61_72,r_128_92_12,seq60,r_91_61_72,0.98,0,72,72,47
15,r_139_135_61,seq138,r_77_137_61,r_77_137_61,0.97,11,72,61,47
57,seq12,r_10_23_31,r_120_14_27,r_120_14_27,1.0,51,78,27,47
12,r_110_32_37,r_33_47_198,r_98_34_176,r_98_34_176,0.84,22,198,176,47
6,r_33_47_198,r_31_20_152,r_110_32_37,r_110_32_37,1.0,75,112,37,47
2,r_82_95_147,r_51_81_33,seq94,r_82_95_147,0.69,0,147,147,47
23,r_120_14_27,r_119_130_192,seq15,r_120_14_27,1.0,0,27,27,47
27,r_119_130_192,seq117,r_52_116_177,r_119_130_192,0.11,0,192,192,47
30,r_51_81_33,r_82_95_147,r_53_80_131,r_53_80_131,0.89,10,141,131,47
87,seq100,r_98_34_176,r_27_99_25,r_27_99_25,1.0,74,99,25,47
79,seq66,r_69_90_52,seq71,r_69_90_52,0.95,-37,15,52,47
79,seq66,seq71,r_101_67_85,r_101_67_85,1.0,1,86,85,47
28,r_97_16_40,r_98_34_176,r_120_14_27,r_98_34_176,0.99,-136,40,176,47
40,r_73_45_124,r_78_86_133,r_106_44_119,r_73_45_124,0.38,0,124,124,47
74,seq60,seq59,r_91_61_72,r_91_61_72,1.0,54,126,72,47
29,r_96_24_132,seq104,seq26,r_96_24_132,0.53,0,132,132,47
25,r_126_93_161,r_125_74_130,seq127,r_125_74_130,0.84,0,130,130,47
33,r_101_67_85,seq104,seq66,r_101_67_85,0.89,0,85,85,47
60,seq15,r_13_43_114,r_120_14_27,r_120_14_27,0.56,5,32,27,47
88,seq104,r_103_140_146,r_27_99_25,r_27_99_25,1.0,119,144,25,47
70,seq49,r_50_83_110,r_131_46_1,r_50_83_110,1.0,0,110,110,47
6,r_33_47_198,r_110_32_37,r_131_46_1,r_33_47_198,0.85,0,198,198,47
32,r_103_140_146,seq104,seq141,r_103_140_146,0.43,0,146,146,47
12,r_110_32_37,r_105_41_76,r_33_47_198,r_110_32_37,1.0,0,37,37,47
38,r_98_34_176,seq100,r_110_32_37,r_110_32_37,0.64,140,177,37,47
52,seq5,r_6_68_104,r_3_2_43,r_6_68_104,1.0,-8,96,104,47
34,r_53_80_131,r_54_7_163,r_51_81_33,r_54_7_163,0.99,-32,131,163,47
19,r_105_41_76,r_122_11_147,seq59,r_105_41_76,0.99,2,78,76,47
81,seq76,r_79_145_188,r_114_70_84,r_114_70_84,0.75,116,200,84,47
17,r_6_68_104,seq5,r_114_70_84,r_6_68_104,0.97,0,104,104,47
96,seq136,seq129,r_77_137_61,r_77_137_61,0.97,6,67,61,47
44,r_13_43_114,seq25,r_120_14_27,r_120_14_27,0.71,17,44,27,47
7,r_35_42_109,seq63,r_13_43_114,r_13_43_114,1.0,1,115,114,47
48,r_102_18_41,r_101_67_85,r_57_19_38,r_102_18_41,0.76,1,42,41,47
41,r_69_90_52,seq66,seq87,r_69_90_52,0.88,1,53,52,47
19,r_105_41_76,r_110_32_37,r_122_11_147,r_110_32_37,1.0,0,37,37,47
2,r_82_95_147,r_84_121_20,r_51_81_33,r_51_81_33,0.88,3,36,33,47
3,r_57_19_38,r_52_116_177,r_102_18_41,r_57_19_38,0.66,0,38,38,47
30,r_142_32_108,r_146_13_115,seq33,r_142_32_108,0.86,0,108,108,48
51,seq1,seq6,r_109_2_74,r_109_2_74,1.0,8,82,74,48
14,r_77_57_72,seq78,r_79_56_68,r_77_57_72,0.97,0,72,72,48
8,r_79_56_68,seq80,r_77_57_72,r_79_56_68,0.92,4,72,68,48
25,r_123_84_11,r_83_45_49,r_11_58_56,r_123_84_11,0.74,46,57,11,48
59,seq14,r_17_53_149,r_89_15_107,r_89_15_107,0.79,42,149,107,48
5,r_49_112_14,r_48_40_187,seq115,r_49_112_14,0.78,2,16,14,48
86,seq88,r_89_15_107,seq92,r_89_15_107,0.82,0,107,107,48
39,r_111_74_66,seq110,seq78,r_111_74_66,0.96,1,67,66,48
29,r_136_91_13,r_134_133_72,seq92,r_136_91_13,0.63,0,13,13,48
97,seq115,r_111_74_66,r_81_116_19,r_111_74_66,1.0,1,67,66,48
49,r_83_45_49,r_123_84_11,seq44,r_83_45_49,0.86,3,52,49,48
46,r_51_113_149,r_52_3_184,r_145_114_49,r_52_3_184,0.71,-35,149,184,48
42,r_69_135_83,r_42_70_1,seq137,r_69_135_83,0.75,0,83,83,48
31,r_24_72_115,r_29_28_78,r_4_25_10,r_4_25_10,0.59,19,29,10,48
19,r_90_98_83,r_89_15_107,seq97,r_90_98_83,0.95,0,83,83,48
49,r_83_45_49,r_85_16_27,r_123_84_11,r_85_16_27,0.97,0,27,27,48
27,r_108_138_133,seq107,seq137,r_108_138_133,0.8,0,133,133,48
41,r_43_100_65,seq41,seq102,r_43_100_65,0.7,0,65,65,48
67,seq33,seq35,r_142_32_108,r_142_32_108,0.98,0,108,108,48
1,r_103_64_33,r_108_138_133,seq65,r_103_64_33,0.84,0,33,33,48
80,seq65,r_63_9_55,r_103_64_33,r_63_9_55,0.84,0,55,55,48
72,seq41,r_43_100_65,r_83_45_49,r_43_100_65,0.63,0,65,65,48
11,r_63_9_55,seq65,seq8,r_63_9_55,0.97,0,55,55,48
21,r_71_87_58,r_69_135_83,seq88,r_71_87_58,0.97,0,58,58,48
73,seq44,seq41,r_83_45_49,r_83_45_49,1.0,21,70,49,48
48,r_131_82_87,r_149_132_46,r_123_84_11,r_131_82_87,0.76,0,87,87,48
20,r_12_47_30,r_11_58_56,seq46,r_12_47_30,0.58,0,30,30,48
45,r_11_58_56,r_122_10_5,seq61,r_11_58_56,0.96,0,56,56,48
6,r_99_120_125,seq97,r_37_121_35,r_99_120_125,0.47,0,125,125,48
85,seq80,r_79_56_68,r_48_40_187,r_79_56_68,0.68,0,68,68,48
23,r_37_121_35,seq33,r_68_119_26,r_37_121_35,1.0,0,35,35,48
40,r_94_7_10,seq95,seq8,r_94_7_10,0.95,0,10,10,48
27,r_108_138_133,r_109_2_74,seq107,r_109_2_74,1.0,0,74,74,48
22,r_52_3_184,seq50,seq5,r_52_3_184,0.97,0,184,184,48
2,r_125_148_3,r_146_13_115,r_0_147_8,r_146_13_115,0.97,0,115,115,48
37,r_4_25_10,seq1,r_24_72_115,r_4_25_10,0.46,0,10,10,48
32,r_85_16_27,r_83_45_49,seq14,r_85_16_27,1.0,0,27,27,48
74,seq46,r_48_40_187,r_12_47_30,r_12_47_30,0.99,57,87,30,48
18,r_89_15_107,seq88,r_85_16_27,r_89_15_107,0.8,0,107,107,48
7,r_68_119_26,r_81_116_19,r_37_121_35,r_68_119_26,0.72,36,62,26,48
33,r_48_40_187,seq46,seq41,r_48_40_187,0.34,0,187,187,48
43,r_26_130_44,r_29_28_78,seq128,r_26_130_44,0.74,0,44,44,48
0,r_81_116_19,r_85_16_27,seq115,r_85_16_27,0.97,-8,19,27,48
38,r_149_132_46,r_125_148_3,r_134_133_72,r_125_148_3,0.76,128,131,3,48
77,seq55,seq54,r_79_56_68,r_79_56_68,1.0,11,79,68,48
76,seq54,seq55,r_17_53_149,r_17_53_149,0.67,7,156,149,48
13,r_19_101_96,r_122_10_5,r_43_100_65,r_19_101_96,1.0,0,96,96,48
17,r_139_75_117,r_149_132_46,seq78,r_149_132_46,0.53,71,117,46,48
9,r_117_59_67,r_111_74_66,r_11_58_56,r_11_58_56,0.8,21,77,56,48
31,r_24_72_115,r_4_25_10,r_42_70_1,r_24_72_115,0.69,0,115,115,48
37,r_4_25_10,r_24_72_115,r_29_28_78,r_24_72_115,0.99,0,115,115,48
16,r_145_114_49,r_146_13_115,r_49_112_14,r_145_114_49,0.74,4,53,49,48
22,r_52_3_184,r_51_113_149,seq50,r_51_113_149,0.98,0,149,149,48
28,r_109_2_74,r_108_138_133,seq1,r_109_2_74,1.0,0,74,74,48
91,seq97,r_99_120_125,r_90_98_83,r_90_98_83,0.99,42,125,83,48
25,r_123_84_11,r_11_58_56,r_131_82_87,r_123_84_11,0.62,76,87,11,48
3,r_122_10_5,r_11_58_56,r_63_9_55,r_122_10_5,0.78,51,56,5,48
56,seq137,r_134_133_72,r_125_148_3,r_125_148_3,0.57,58,61,3,48
44,r_17_53_149,seq14,seq54,r_17_53_149,0.43,0,149,149,48
7,r_68_119_26,r_71_87_58,r_81_116_19,r_68_119_26,0.79,1,27,26,48
24,r_20_34_30,r_19_101_96,seq35,r_19_101_96,0.77,-65,31,96,48
3,r_122_10_5,r_63_9_55,r_146_13_115,r_146_13_115,0.98,0,115,115,48
12,r_66_30_116,r_42_70_1,r_29_28_78,r_66_30_116,0.65,0,116,116,48
23,r_37_121_35,r_68_119_26,r_99_120_125,r_99_120_125,0.97,12,137,125,48
51,seq3,r_2_95_123,seq5,r_2_95_123,0.99,0,123,123,49
64,seq40,r_39_121_34,seq41,r_39_121_34,1.0,0,34,34,49
43,r_86_17_80,seq85,r_55_15_58,r_86_17_80,1.0,0,80,80,49
8,r_76_93_26,r_111_147_135,seq98,r_76_93_26,0.84,96,122,26,49
37,r_36_30_110,r_34_23_39,r_146_31_135,r_146_31_135,0.94,1,136,135,49
30,r_82_24_55,r_72_145_87,r_34_23_39,r_82_24_55,0.99,0,55,55,49
45,r_113_4_27,seq114,seq5,r_113_4_27,1.0,0,27,27,49
1,r_72_145_87,r_77_13_111,seq148,r_72_145_87,1.0,0,87,87,49
97,seq148,r_149_61_183,r_72_145_87,r_72_145_87,1.0,105,192,87,49
5,r_47_88_100,seq49,seq85,r_47_88_100,0.97,0,100,100,49
12,r_39_121_34,seq40,seq127,r_39_121_34,0.99,0,34,34,49
75,seq62,seq64,r_140_63_17,r_140_63_17,0.96,1,18,17,49
36,r_16_53_56,seq20,seq54,r_16_53_56,0.86,-1,55,56,49
41,r_48_8_8,r_9_38_154,r_32_7_121,r_32_7_121,0.93,13,134,121,49
53,seq5,seq6,r_113_4_27,r_113_4_27,1.0,1,28,27,49
10,r_32_7_121,r_33_75_85,r_11_29_20,r_33_75_85,0.62,0,85,85,49
26,r_143_110_112,seq144,seq112,r_143_110_112,1.0,0,112,112,49
4,r_133_87_123,seq132,r_47_88_100,r_133_87_123,0.89,1,124,123,49
0,r_33_75_85,r_32_7_121,seq73,r_33_75_85,1.0,0,85,85,49
63,seq37,r_36_30_110,r_60_35_47,r_60_35_47,0.99,38,85,47,49
73,seq56,seq51,r_69_57_184,r_69_57_184,0.6,4,188,184,49
39,r_50_65_31,r_47_88_100,seq70,r_50_65_31,0.98,0,31,31,49
13,r_83_124_96,seq85,seq127,r_83_124_96,0.9,0,96,96,49
47,r_11_29_20,r_16_53_56,seq25,r_11_29_20,0.77,0,20,20,49
15,r_126_18_131,r_128_78_203,r_55_15_58,r_126_18_131,0.57,0,131,131,49
48,r_1_74_8,r_77_13_111,r_33_75_85,r_1_74_8,0.8,98,106,8,49
3,r_34_23_39,r_33_75_85,seq37,r_34_23_39,0.53,0,39,39,49
6,r_71_84_123,seq70,r_47_88_100,r_71_84_123,0.47,0,123,123,49
22,r_94_14_30,seq20,r_55_15_58,r_55_15_58,0.77,2,60,58,49
99,seq127,r_128_78_203,r_39_121_34,r_39_121_34,1.0,160,194,34,49
31,r_92_130_22,r_94_14_30,seq129,r_92_130_22,1.0,1,23,22,49
2,r_68_104_185,r_69_57_184,seq105,r_68_104_185,0.82,0,185,185,49
40,r_28_125_105,seq25,seq127,r_28_125_105,0.97,0,105,105,49
18,r_119_141_4,r_139_22_137,seq132,r_139_22_137,0.46,-5,132,137,49
29,r_91_67_148,seq90,r_50_65_31,r_50_65_31,0.88,117,148,31,49
34,r_77_13_111,seq73,r_0_12_15,r_77_13_111,0.99,0,111,111,49
25,r_146_31_135,r_149_61_183,r_36_30_110,r_36_30_110,0.98,25,135,110,49
14,r_140_63_17,r_139_22_137,seq62,r_140_63_17,0.86,0,17,17,49
58,seq144,r_143_110_112,seq142,r_143_110_112,1.0,0,112,112,49
70,seq49,seq51,r_69_57_184,r_69_57_184,0.69,6,190,184,49
32,r_131_79_88,r_135_66_169,r_33_75_85,r_131_79_88,0.94,0,88,88,49
22,r_94_14_30,r_100_102_99,seq20,r_94_14_30,1.0,0,30,30,49
38,r_149_61_183,seq148,seq59,r_149_61_183,0.62,0,183,183,49
77,seq70,r_69_57_184,r_50_65_31,r_50_65_31,0.92,121,152,31,49
8,r_76_93_26,r_77_13_111,seq98,r_77_13_111,0.69,-85,26,111,49
81,seq90,r_91_67_148,r_47_88_100,r_47_88_100,0.97,16,116,100,49
17,r_135_66_169,seq136,r_50_65_31,r_135_66_169,0.75,0,169,169,49
9,r_123_138_159,r_128_78_203,seq137,r_123_138_159,0.54,0,159,159,49
3,r_34_23_39,seq37,r_82_24_55,r_82_24_55,0.69,20,75,55,49
49,r_111_147_135,seq112,seq148,r_111_147_135,0.99,0,135,135,49
34,r_77_13_111,r_76_93_26,seq73,r_76_93_26,1.0,-3,23,26,49
7,r_0_12_15,seq21,r_77_13_111,r_77_13_111,0.81,9,120,111,49
44,r_80_103_1,r_118_101_14,r_100_102_99,r_100_102_99,0.68,8,107,99,49
23,r_2_95_123,seq3,seq96,r_2_95_123,0.96,0,123,123,49
19,r_55_15_58,r_52_10_77,r_94_14_30,r_94_14_30,0.93,28,58,30,49
75,seq62,r_140_63_17,r_50_65_31,r_50_65_31,0.96,117,148,31,49
16,r_60_35_47,r_47_88_100,seq37,r_60_35_47,0.95,2,49,47,49
30,r_20_147_101,r_21_128_125,r_35_149_41,r_21_128_125,0.98,-23,102,125,50
23,r_53_23_38,r_52_143_89,r_72_19_34,r_53_23_38,1.0,0,38,38,50
77,seq138,seq142,r_58_139_18,r_58_139_18,1.0,6,24,18,50
55,seq9,r_16_67_68,seq10,r_16_67_68,1.0,-21,47,68,50
47,r_54_65_75,r_55_137_13,r_64_118_95,r_55_137_13,0.83,4,17,13,50
8,r_115_76_133,r_120_148_141,r_78_73_20,r_115_76_133,0.5,-13,120,133,50
43,r_44_113_124,seq45,seq112,r_44_113_124,0.96,0,124,124,50
37,r_50_74_77,seq48,r_78_73_20,r_50_74_77,1.0,0,77,77,50
15,r_72_19_34,r_81_89_58,seq18,r_72_19_34,1.0,0,34,34,50
21,r_11_56_111,seq10,seq57,r_11_56_111,0.94,0,111,111,50
1,r_90_15_133,r_91_107_57,r_81_89_58,r_81_89_58,0.52,59,117,58,50
36,r_35_149_41,r_145_121_107,r_20_147_101,r_20_147_101,1.0,1,102,101,50
5,r_91_107_57,r_90_15_133,seq106,r_90_15_133,0.74,-67,66,133,50
46,r_132_0_103,seq129,seq1,r_132_0_103,0.98,0,103,103,50
42,r_61_3_81,seq57,seq1,r_61_3_81,1.0,0,81,81,50
80,seq70,r_71_99_141,r_54_65_75,r_54_65_75,0.99,66,141,75,50
45,r_21_128_125,seq18,seq131,r_21_128_125,0.92,1,126,125,50
19,r_42_101_136,seq45,r_36_93_16,r_42_101_136,0.86,0,136,136,50
85,seq86,r_115_76_133,r_6_105_24,r_6_105_24,1.0,8,32,24,50
76,seq57,seq62,r_11_56_111,r_11_56_111,1.0,4,115,111,50
31,r_120_148_141,seq119,r_20_147_101,r_20_147_101,1.0,40,141,101,50
3,r_66_82_65,r_71_99_141,r_78_73_20,r_66_82_65,0.91,0,65,65,50
10,r_32_38_100,r_21_128_125,seq40,r_21_128_125,1.0,-25,100,125,50
12,r_5_123_51,seq4,seq119,r_5_123_51,1.0,0,51,51,50
4,r_127_24_92,seq129,r_53_23_38,r_127_24_92,1.0,0,92,92,50
9,r_83_49_39,r_81_89_58,seq48,r_83_49_39,1.0,0,39,39,50
0,r_116_135_67,r_120_148_141,r_59_134_61,r_59_134_61,1.0,6,67,61,50
73,seq45,r_44_113_124,seq46,r_44_113_124,0.94,0,124,124,50
11,r_16_67_68,seq17,seq69,r_16_67_68,1.0,0,68,68,50
20,r_43_47_92,r_44_113_124,seq46,r_43_47_92,0.76,0,92,92,50
98,seq119,r_120_148_141,r_64_118_95,r_64_118_95,1.0,34,129,95,50
38,r_25_80_51,r_21_128_125,r_78_73_20,r_25_80_51,0.71,0,51,51,50
6,r_8_114_95,r_7_125_150,seq119,r_8_114_95,0.76,0,95,95,50
27,r_7_125_150,r_8_114_95,seq10,r_8_114_95,0.89,0,95,95,50
2,r_68_60_63,r_66_82_65,seq57,r_68_60_63,1.0,0,63,63,50
40,r_146_117_21,r_115_76_133,r_64_118_95,r_64_118_95,1.0,6,101,95,50
18,r_39_141_151,seq40,seq140,r_39_141_151,0.79,0,151,151,50
27,r_7_125_150,seq10,r_116_135_67,r_7_125_150,0.95,0,150,150,50
25,r_85_63_127,r_84_51_104,r_78_73_20,r_84_51_104,0.72,-27,77,104,50
33,r_64_118_95,seq62,r_146_117_21,r_64_118_95,0.98,0,95,95,50
91,seq104,r_102_14_55,r_6_105_24,r_102_14_55,0.74,0,55,55,50
58,seq13,seq12,r_102_14_55,r_102_14_55,1.0,17,72,55,50
92,seq106,r_102_14_55,r_91_107_57,r_102_14_55,1.0,0,55,55,50
32,r_145_121_107,seq144,r_64_118_95,r_64_118_95,1.0,12,107,95,50
1,r_90_15_133,r_81_89_58,r_102_14_55,r_90_15_133,0.93,0,133,133,50
39,r_102_14_55,r_94_124_173,seq13,r_102_14_55,1.0,0,55,55,50
60,seq144,r_145_121_107,r_20_147_101,r_20_147_101,0.99,6,107,101,50
25,r_85_63_127,r_78_73_20,seq62,r_85_63_127,0.98,0,127,127,50
17,r_36_93_16,r_32_38_100,seq95,r_36_93_16,0.96,0,16,16,50
36,r_35_149_41,r_16_67_68,r_145_121_107,r_35_149_41,0.92,0,41,41,50
49,r_52_143_89,seq48,seq142,r_52_143_89,0.99,0,89,89,50
56,seq10,r_11_56_111,seq17,r_11_56_111,0.99,0,111,111,50
7,r_122_136_28,seq140,r_55_137_13,r_55_137_13,0.88,70,83,13,50
44,r_71_99_141,seq70,seq98,r_71_99_141,0.55,0,141,141,50
47,r_54_65_75,r_64_118_95,r_16_67_68,r_16_67_68,0.91,7,75,68,50
35,r_59_134_61,r_61_3_81,r_116_135_67,r_59_134_61,1.0,2,63,61,50
30,r_68_100_63,r_67_72_73,seq102,r_68_100_63,1.0,0,63,63,51
44,r_52_82_14,r_81_136_100,seq79,r_81_136_100,1.0,0,100,100,51
36,r_31_38_175,seq25,r_20_80_141,r_31_38_175,0.51,0,175,175,51
14,r_90_54_92,seq89,seq55,r_90_54_92,0.99,0,92,92,51
8,r_11_2_99,r_17_88_159,r_92_1_24,r_11_2_99,0.98,0,99,99,51
53,seq4,r_13_28_208,r_33_12_20,r_33_12_20,0.94,167,187,20,51
43,r_69_3_75,seq73,r_92_1_24,r_69_3_75,1.0,0,75,75,51
83,seq79,r_81_136_100,r_78_96_226,r_81_136_100,1.0,-2,98,100,51
59,seq16,r_13_28_208,r_33_12_20,r_33_12_20,0.93,188,208,20,51
55,seq9,r_13_28_208,r_33_12_20,r_33_12_20,0.89,158,178,20,51
16,r_116_53_88,seq115,seq55,r_116_53_88,0.64,0,88,88,51
21,r_60_99_172,r_59_77_222,r_29_98_166,r_59_77_222,0.56,-50,172,222,51
5,r_6_47_75,r_11_2_99,seq50,r_6_47_75,0.89,0,75,75,51
41,r_7_118_27,r_14_48_57,seq119,r_7_118_27,1.0,0,27,27,51
89,seq104,seq105,r_121_95_97,r_121_95_97,0.84,103,200,97,51
19,r_59_77_222,r_60_99_172,r_126_65_66,r_126_65_66,0.92,110,176,66,51
5,r_6_47_75,r_139_58_13,seq40,r_6_47_75,0.65,122,197,75,51
33,r_133_94_22,r_97_145_83,r_124_93_64,r_133_94_22,1.0,61,83,22,51
95,seq113,r_114_146_146,r_26_112_20,r_26_112_20,0.78,126,146,20,51
26,r_132_87_48,seq131,seq89,r_132_87_48,1.0,0,48,48,51
83,seq79,r_78_96_226,r_20_80_141,r_20_80_141,1.0,1,142,141,51
31,r_17_88_159,r_13_28_208,seq89,r_17_88_159,0.98,0,159,159,51
15,r_26_112_20,r_31_38_175,seq113,r_26_112_20,1.0,0,20,20,51
3,r_41_141_141,seq45,seq140,r_41_141_141,0.54,0,141,141,51
10,r_122_130_100,seq125,seq131,r_122_130_100,0.74,0,100,100,51
0,r_97_145_83,seq101,r_133_94_22,r_133_94_22,1.0,1,23,22,51
4,r_20_80_141,seq21,seq79,r_20_80_141,0.99,0,141,141,51
12,r_92_1_24,r_90_54_92,seq0,r_92_1_24,0.96,0,24,24,51
2,r_33_12_20,seq34,seq4,r_33_12_20,1.0,-1,19,20,51
78,seq66,r_67_72_73,seq76,r_67_72_73,0.58,52,125,73,51
63,seq137,r_134_120_160,r_81_136_100,r_81_136_100,1.0,31,131,100,51
11,r_121_95_97,seq119,r_133_94_22,r_121_95_97,0.96,0,97,97,51
23,r_117_144_37,r_116_53_88,seq143,r_117_144_37,0.94,4,41,37,51
20,r_67_72_73,seq66,r_135_74_5,r_67_72_73,0.69,35,108,73,51
98,seq125,r_124_93_64,seq128,r_124_93_64,1.0,0,64,64,51
38,r_5_85_51,r_14_48_57,seq83,r_5_85_51,1.0,0,51,51,51
48,r_24_63_125,r_31_38_175,r_126_65_66,r_24_63_125,0.46,0,125,125,51
6,r_8_44_139,seq9,seq46,r_8_44_139,0.91,0,139,139,51
47,r_39_62_44,seq64,r_59_77_222,r_39_62_44,0.52,15,59,44,51
36,r_31_38_175,r_20_80_141,r_126_65_66,r_20_80_141,0.58,61,202,141,51
0,r_97_145_83,r_133_94_22,r_117_144_37,r_97_145_83,1.0,0,83,83,51
37,r_36_51_150,seq64,r_135_74_5,r_36_51_150,0.43,-69,81,150,51
27,r_13_28_208,seq4,seq25,r_13_28_208,0.44,0,208,208,51
37,r_36_51_150,r_135_74_5,r_126_65_66,r_126_65_66,0.91,5,71,66,51
22,r_81_136_100,r_52_82_14,r_15_138_78,r_81_136_100,0.97,0,100,100,51
52,seq131,r_132_87_48,seq129,r_132_87_48,1.0,0,48,48,51
37,r_36_51_150,r_39_62_44,seq64,r_36_51_150,0.43,-106,44,150,51
40,r_110_84_116,r_114_146_146,r_5_85_51,r_110_84_116,0.95,0,116,116,51
18,r_78_96_226,r_81_136_100,seq79,r_81_136_100,1.0,-2,98,100,51
29,r_61_32_147,r_59_77_222,seq30,r_61_32_147,0.87,0,147,147,51
47,r_39_62_44,r_59_77_222,r_126_65_66,r_126_65_66,0.93,62,128,66,51
64,seq25,r_31_38_175,seq30,r_31_38_175,0.97,0,175,175,51
65,seq30,r_29_98_166,seq23,r_29_98_166,0.75,0,166,166,51
68,seq40,seq45,r_6_47_75,r_6_47_75,1.0,131,206,75,51
91,seq107,r_97_145_83,seq105,r_97_145_83,0.88,-71,12,83,51
61,seq21,r_20_80_141,seq19,r_20_80_141,1.0,0,141,141,51
32,r_123_71_113,seq125,seq128,r_123_71_113,0.49,-42,71,113,51
77,seq64,r_59_77_222,r_126_65_66,r_126_65_66,1.0,17,83,66,51
34,r_15_138_78,seq16,seq137,r_15_138_78,1.0,0,78,78,51
89,seq104,r_97_145_83,seq105,r_97_145_83,0.72,-72,11,83,51
25,r_149_106_35,r_148_18_137,seq105,r_149_106_35,0.98,0,35,35,51
17,r_139_58_13,seq140,seq57,r_139_58_13,0.97,0,13,13,51
46,r_29_98_166,r_121_95_97,r_60_99_172,r_29_98_166,0.73,21,187,166,51
28,r_124_93_64,seq125,r_133_94_22,r_124_93_64,0.86,0,64,64,51
1,r_14_48_57,r_11_2_99,seq50,r_14_48_57,0.99,0,57,57,51
49,r_148_18_137,seq147,r_33_12_20,r_148_18_137,0.95,0,137,137,51
32,r_123_71_113,seq128,seq70,r_123_71_113,0.67,0,113,113,51
7,r_126_65_66,seq128,seq64,r_126_65_66,0.99,0,66,66,51
13,r_37_10_28,r_39_62_44,r_33_12_20,r_37_10_28,0.86,0,28,28,51
19,r_59_77_222,r_126_65_66,r_20_80_141,r_59_77_222,0.59,1,223,222,51
82,seq76,r_75_22_204,r_123_71_113,r_123_71_113,1.0,98,211,113,51
35,r_75_22_204,seq76,r_20_80_141,r_20_80_141,0.67,65,206,141,51
33,r_133_94_22,r_149_106_35,r_97_145_83,r_133_94_22,0.86,0,22,22,51
84,seq83,r_86_103_156,r_5_85_51,r_5_85_51,1.0,106,157,51,51
30,r_24_77_96,seq26,r_132_79_47,r_24_77_96,0.97,0,96,96,52
49,r_34_23_43,r_37_80_104,seq26,r_34_23_43,0.98,1,44,43,52
28,r_59_21_16,r_57_52_99,seq22,r_59_21_16,0.93,0,16,16,52
14,r_40_145_120,r_43_35_131,r_44_146_67,r_43_35_131,0.92,-11,120,131,52
96,seq117,seq115,r_109_120_21,r_109_120_21,0.91,18,39,21,52
8,r_122_55_156,seq121,seq62,r_122_55_156,0.64,1,157,156,52
83,seq82,seq85,r_24_77_96,r_24_77_96,1.0,71,167,96,52
37,r_67_96_162,r_68_112_130,r_76_56_217,r_68_112_130,0.83,0,130,130,52
55,seq8,seq10,r_99_7_102,r_99_7_102,1.0,23,125,102,52
71,seq45,seq50,r_110_46_112,r_110_46_112,0.99,3,115,112,52
16,r_29_131_82,seq26,seq130,r_29_131_82,1.0,0,82,82,52
21,r_140_143_88,seq141,r_44_146_67,r_44_146_67,1.0,28,95,67,52
39,r_69_49_69,r_68_112_130,seq50,r_69_49_69,1.0,0,69,69,52
1,r_44_146_67,r_140_143_88,r_40_145_120,r_40_145_120,1.0,40,160,120,52
1,r_44_146_67,r_43_35_131,r_140_143_88,r_44_146_67,1.0,0,67,67,52
42,r_125_15_75,r_127_73_213,r_14_118_160,r_125_15_75,0.99,0,75,75,52
2,r_30_97_95,r_34_23_43,r_92_95_54,r_30_97_95,1.0,0,95,95,52
32,r_14_118_160,r_125_15_75,seq117,r_14_118_160,0.77,0,160,160,52
41,r_99_7_102,r_101_124_125,seq8,r_99_7_102,0.99,1,103,102,52
96,seq117,r_109_120_21,r_14_118_160,r_14_118_160,1.0,3,163,160,52
13,r_47_4_11,seq50,seq5,r_47_4_11,0.83,0,11,11,52
22,r_147_135_224,r_148_25_39,r_140_143_88,r_148_25_39,1.0,-5,34,39,52
97,seq119,seq117,r_109_120_21,r_109_120_21,0.92,11,32,21,52
26,r_64_48_172,seq65,r_70_51_122,r_70_51_122,0.97,50,172,122,52
72,seq136,seq137,r_149_129_1,r_149_129_1,0.4,151,152,1,52
9,r_101_124_125,r_20_100_53,r_32_123_22,r_101_124_125,0.96,0,125,125,52
86,seq86,seq81,r_3_87_28,r_3_87_28,1.0,3,31,28,52
0,r_94_58_228,seq93,r_122_55_156,r_122_55_156,0.65,61,217,156,52
73,seq50,seq53,r_69_49_69,r_69_49_69,1.0,2,71,69,52
11,r_28_2_140,seq27,seq1,r_28_2_140,0.7,0,140,140,52
20,r_98_17_142,r_94_58_228,r_59_21_16,r_98_17_142,0.5,1,143,142,52
5,r_132_79_47,seq137,seq81,r_132_79_47,1.0,0,47,47,52
33,r_31_104_41,r_30_97_95,r_101_124_125,r_31_104_41,0.92,0,41,41,52
37,r_67_96_162,r_76_56_217,r_92_95_54,r_67_96_162,1.0,0,162,162,52
15,r_16_106_144,r_14_118_160,r_31_104_41,r_14_118_160,0.98,-7,153,160,52
48,r_114_54_144,seq113,seq53,r_114_54_144,0.76,0,144,144,52
2,r_30_97_95,r_31_104_41,r_34_23_43,r_30_97_95,0.89,-54,41,95,52
4,r_91_71_195,seq82,seq62,r_91_71_195,0.87,0,195,195,52
33,r_31_104_41,r_101_124_125,r_61_103_73,r_31_104_41,0.8,32,73,41,52
36,r_92_95_54,r_91_71_195,r_94_58_228,r_92_95_54,0.97,0,54,54,52
6,r_110_46_112,seq108,seq45,r_110_46_112,0.99,0,112,112,52
85,seq85,seq83,r_128_84_159,r_128_84_159,0.93,21,180,159,52
82,seq81,seq86,r_132_79_47,r_132_79_47,0.98,0,47,47,52
36,r_92_95_54,r_94_58_228,r_67_96_162,r_67_96_162,1.0,9,171,162,52
10,r_20_100_53,r_101_124_125,r_9_102_119,r_20_100_53,0.89,72,125,53,52
25,r_11_33_28,r_9_102_119,r_34_23_43,r_11_33_28,0.81,1,29,28,52
87,seq89,r_91_71_195,r_75_88_102,r_75_88_102,1.0,15,117,102,52
47,r_41_18_108,seq42,seq19,r_41_18_108,0.78,0,108,108,52
40,r_61_103_73,seq60,r_31_104_41,r_61_103_73,1.0,0,73,73,52
29,r_75_88_102,r_76_56_217,seq89,r_75_88_102,0.99,0,102,102,52
24,r_70_51_122,r_68_112_130,r_57_52_99,r_68_112_130,0.97,-8,122,130,52
19,r_144_72_11,r_139_78_98,seq74,r_144_72_11,0.92,0,11,11,52
12,r_148_25_39,r_139_78_98,seq26,r_148_25_39,1.0,0,39,39,52
82,seq81,r_132_79_47,r_37_80_104,r_37_80_104,1.0,7,111,104,52
58,seq12,r_14_118_160,seq22,r_14_118_160,0.73,-76,84,160,52
70,seq42,r_41_18_108,r_43_35_131,r_41_18_108,0.82,0,108,108,52
35,r_3_87_28,r_28_2_140,seq86,r_3_87_28,1.0,1,29,28,52
61,seq19,r_14_118_160,r_41_18_108,r_41_18_108,0.9,5,113,108,52
32,r_14_118_160,seq12,r_125_15_75,r_125_15_75,1.0,9,84,75,52
52,seq130,seq137,r_29_131_82,r_29_131_82,1.0,15,97,82,52
34,r_37_80_104,seq38,seq81,r_37_80_104,0.96,0,104,104,52
75,seq60,r_61_103_73,seq74,r_61_103_73,0.96,0,73,73,52
43,r_109_120_21,r_110_46_112,seq119,r_109_120_21,0.96,0,21,21,52
81,seq74,r_76_56_217,r_144_72_11,r_144_72_11,0.83,139,150,11,52
9,r_101_124_125,r_99_7_102,r_20_100_53,r_20_100_53,0.95,50,103,53,52
27,r_32_123_22,r_30_97_95,r_149_129_1,r_32_123_22,1.0,0,22,22,52
31,r_57_52_99,seq60,seq53,r_57_52_99,0.96,-1,98,99,52
7,r_68_112_130,r_67_96_162,seq113,r_68_112_130,0.61,0,130,130,52
44,r_128_84_159,r_127_73_213,seq85,r_128_84_159,0.57,0,159,159,52
10,r_20_100_53,seq22,r_101_124_125,r_20_100_53,1.0,0,53,53,52
31,r_57_52_99,r_59_21_16,seq60,r_59_21_16,0.97,3,19,16,52
36,r_7_15_61,seq9,seq14,r_7_15_61,0.99,0,61,61,53
9,r_92_73_9,r_43_75_1,r_130_74_127,r_130_74_127,1.0,1,128,127,53
92,seq100,r_99_12_157,seq97,r_99_12_157,0.58,-77,80,157,53
48,r_18_28_199,r_107_21_174,r_43_75_1,r_18_28_199,0.78,0,199,199,53
22,r_116_79_59,r_117_98_90,seq82,r_116_79_59,0.63,0,59,59,53
54,seq133,seq121,r_109_129_192,r_109_129_192,0.67,43,235,192,53
37,r_128_59_142,seq131,seq56,r_128_59_142,0.67,0,142,142,53
59,seq14,r_13_72_167,r_7_15_61,r_7_15_61,1.0,-1,60,61,53
16,r_96_47_144,seq97,r_5_38_48,r_96_47_144,0.57,0,144,144,53
5,r_43_75_1,seq76,r_92_73_9,r_92_73_9,0.63,84,93,9,53
49,r_5_38_48,r_3_148_132,seq39,r_5_38_48,0.95,0,48,48,53
32,r_69_19_40,r_18_28_199,r_107_21_174,r_107_21_174,0.99,25,199,174,53
45,r_134_22_206,seq135,r_107_21_174,r_107_21_174,0.88,21,195,174,53
42,r_44_110_107,seq45,seq108,r_44_110_107,1.0,1,108,107,53
24,r_127_149_38,seq147,r_3_148_132,r_3_148_132,1.0,15,147,132,53
19,r_114_6_112,r_107_21_174,seq4,r_114_6_112,0.96,0,112,112,53
1,r_68_86_70,seq76,r_125_85_48,r_68_86_70,0.62,0,70,70,53
95,seq105,r_107_21_174,r_58_112_68,r_58_112_68,1.0,17,85,68,53
11,r_104_53_37,seq105,seq55,r_104_53_37,1.0,0,37,37,53
31,r_130_74_127,seq131,r_92_73_9,r_130_74_127,0.84,1,128,127,53
41,r_17_115_186,r_18_28_199,seq118,r_18_28_199,0.63,-8,191,199,53
3,r_24_140_208,r_26_106_176,r_107_21_174,r_26_106_176,0.36,0,176,176,53
26,r_60_8_82,r_61_124_176,seq9,r_60_8_82,1.0,0,82,82,53
32,r_69_19_40,r_68_86_70,r_18_28_199,r_69_19_40,1.0,0,40,40,53
28,r_113_137_5,r_141_54_73,r_132_139_54,r_141_54_73,0.95,-26,47,73,53
4,r_58_112_68,r_61_124_176,r_10_111_52,r_58_112_68,0.92,0,68,68,53
0,r_70_48_75,r_43_75_1,r_5_38_48,r_70_48_75,1.0,0,75,75,53
78,seq55,seq50,r_104_53_37,r_104_53_37,1.0,11,48,37,53
20,r_132_139_54,seq133,r_71_142_62,r_71_142_62,1.0,0,62,62,53
15,r_107_21_174,r_109_129_192,r_69_19_40,r_107_21_174,0.77,0,174,174,53
48,r_18_28_199,r_17_115_186,r_107_21_174,r_107_21_174,0.92,12,186,174,53
21,r_125_85_48,seq89,r_68_86_70,r_68_86_70,0.82,3,73,70,53
85,seq82,r_83_94_178,r_116_79_59,r_116_79_59,1.0,104,163,59,53
52,seq131,seq133,r_109_129_192,r_109_129_192,1.0,13,205,192,53
27,r_117_98_90,r_119_138_226,seq97,r_117_98_90,1.0,0,90,90,53
75,seq45,seq34,r_62_46_129,r_62_46_129,0.98,12,141,129,53
2,r_119_138_226,seq118,r_24_140_208,r_24_140_208,0.83,18,226,208,53
47,r_99_12_157,seq100,r_60_8_82,r_99_12_157,0.5,0,157,157,53
40,r_123_87_93,seq121,r_68_86_70,r_123_87_93,1.0,0,93,93,53
18,r_120_143_110,seq121,r_71_142_62,r_71_142_62,1.0,54,116,62,53
25,r_3_148_132,seq0,r_127_149_38,r_3_148_132,0.97,0,132,132,53
63,seq147,seq146,r_127_149_38,r_127_149_38,0.92,2,40,38,53
64,seq23,r_24_140_208,r_20_25_221,r_24_140_208,0.58,-16,192,208,53
52,seq131,r_130_74_127,seq133,r_130_74_127,1.0,1,128,127,53
21,r_125_85_48,r_123_87_93,seq89,r_125_85_48,0.99,0,48,48,53
34,r_26_106_176,r_24_140_208,seq105,r_26_106_176,0.75,0,176,176,53
39,r_30_78_53,seq29,seq76,r_30_78_53,1.0,2,55,53,53
46,r_10_111_52,r_114_6_112,r_58_112_68,r_114_6_112,0.86,-8,104,112,53
17,r_109_129_192,seq108,seq131,r_109_129_192,0.5,0,192,192,53
9,r_92_73_9,r_71_142_62,r_43_75_1,r_71_142_62,1.0,0,62,62,53
3,r_24_140_208,r_107_21_174,r_71_142_62,r_24_140_208,0.97,0,208,208,53
91,seq97,r_96_47_144,r_117_98_90,r_117_98_90,1.0,54,144,90,53
46,r_10_111_52,seq9,r_114_6_112,r_10_111_52,1.0,2,54,52,53
43,r_67_16_33,r_69_19_40,r_20_25_221,r_20_25_221,1.0,-188,33,221,53
7,r_62_46_129,r_61_124_176,seq45,r_62_46_129,0.75,0,129,129,53
44,r_141_54_73,seq133,r_104_53_37,r_141_54_73,0.95,0,73,73,53
23,r_20_25_221,r_17_115_186,r_69_19_40,r_69_19_40,0.8,31,71,40,53
75,seq45,r_44_110_107,seq34,r_44_110_107,1.0,1,108,107,53
35,r_80_101_150,seq82,seq102,r_80_101_150,0.81,0,150,150,53
12,r_71_142_62,r_92_73_9,r_113_137_5,r_71_142_62,1.0,0,62,62,53
95,seq105,r_58_112_68,r_26_106_176,r_26_106_176,1.0,12,188,176,53
1,r_68_86_70,r_69_19_40,seq76,r_68_86_70,0.72,-30,40,70,53
93,seq107,r_109_104_94,r_12_113_10,r_12_113_10,0.93,115,125,10,54
30,r_44_149_170,seq42,r_62_144_161,r_44_149_170,0.21,0,170,170,54
44,r_147_65_72,seq61,r_13_66_133,r_13_66_133,1.0,6,139,133,54
8,r_135_105_47,r_137_95_69,r_82_106_13,r_135_105_47,0.99,0,47,47,54
51,seq3,r_2_48_107,r_14_1_143,r_2_48_107,1.0,-1,106,107,54
36,r_87_41_74,seq88,seq42,r_87_41_74,1.0,0,74,74,54
14,r_31_21_74,seq30,seq20,r_31_21_74,0.67,0,74,74,54
53,seq6,seq10,r_143_4_23,r_143_4_23,1.0,111,134,23,54
48,r_134_52_30,r_135_105_47,r_60_75_75,r_134_52_30,0.95,0,30,30,54
43,r_35_80_142,seq37,seq81,r_35_80_142,0.98,1,143,142,54
37,r_45_89_156,seq46,r_51_96_50,r_45_89_156,0.28,0,156,156,54
59,seq20,r_19_67_147,r_31_21_74,r_31_21_74,0.59,19,93,74,54
16,r_140_74_133,r_139_63_145,r_60_75_75,r_60_75_75,0.52,59,134,75,54
21,r_111_17_113,seq112,seq15,r_111_17_113,0.96,0,113,113,54
1,r_39_132_70,seq131,r_91_130_77,r_91_130_77,0.83,78,155,77,54
1,r_39_132_70,seq40,seq131,r_39_132_70,1.0,0,70,70,54
15,r_69_8_17,r_70_28_70,seq10,r_69_8_17,0.95,0,17,17,54
5,r_101_11_63,seq99,seq6,r_101_11_63,1.0,0,63,63,54
42,r_13_66_133,r_14_1_143,r_147_65_72,r_13_66_133,0.72,0,133,133,54
80,seq73,seq84,r_50_72_53,r_50_72_53,1.0,9,62,53,54
22,r_18_56_151,seq15,seq58,r_18_56_151,0.84,0,151,151,54
39,r_76_16_37,seq78,seq15,r_76_16_37,0.99,0,37,37,54
41,r_50_72_53,r_45_89_156,seq73,r_50_72_53,0.84,-13,40,53,54
26,r_22_92_125,r_24_124_135,r_137_95_69,r_22_92_125,0.54,0,125,125,54
72,seq43,r_44_149_170,r_87_41_74,r_87_41_74,1.0,8,82,74,54
0,r_146_114_23,r_147_65_72,seq117,r_146_114_23,0.92,0,23,23,54
4,r_109_104_94,seq107,r_135_105_47,r_135_105_47,0.91,53,100,47,54
11,r_116_64_131,r_118_115_69,seq59,r_116_64_131,0.67,0,131,131,54
13,r_60_75_75,seq59,r_50_72_53,r_50_72_53,0.99,25,78,53,54
57,seq145,r_148_9_117,seq142,r_148_9_117,0.89,-9,108,117,54
41,r_50_72_53,r_49_83_17,r_45_89_156,r_49_83_17,0.94,3,20,17,54
13,r_60_75_75,r_50_72_53,r_140_74_133,r_140_74_133,1.0,7,140,133,54
6,r_139_63_145,r_136_138_110,seq59,r_139_63_145,0.74,0,145,145,54
22,r_18_56_151,r_24_124_135,seq15,r_18_56_151,0.57,-114,37,151,54
27,r_129_103_67,r_121_119_45,seq99,r_129_103_67,0.88,0,67,67,54
54,seq10,r_14_1_143,r_69_8_17,r_69_8_17,0.96,18,35,17,54
47,r_91_130_77,seq90,r_39_132_70,r_39_132_70,0.97,7,77,70,54
40,r_68_57_79,seq84,seq58,r_68_57_79,0.56,0,79,79,54
52,seq133,r_134_52_30,r_136_138_110,r_134_52_30,0.47,87,117,30,54
18,r_53_110_131,r_54_34_186,r_12_113_10,r_54_34_186,0.72,-55,131,186,54
29,r_136_138_110,r_139_63_145,seq142,r_139_63_145,0.64,-4,141,145,54
94,seq112,r_111_17_113,r_12_113_10,r_12_113_10,0.78,4,14,10,54
46,r_82_106_13,r_76_16_37,r_12_113_10,r_12_113_10,0.69,3,13,10,54
25,r_14_1_143,r_13_66_133,r_143_4_23,r_14_1_143,0.74,-10,133,143,54
33,r_108_122_78,r_109_104_94,r_141_120_7,r_108_122_78,0.95,0,78,78,54
48,r_134_52_30,r_60_75_75,seq58,r_134_52_30,0.53,111,141,30,54
64,seq30,r_31_21_74,r_100_29_31,r_100_29_31,0.81,43,74,31,54
58,seq131,r_121_119_45,r_39_132_70,r_39_132_70,1.0,2,72,70,54
20,r_148_9_117,seq145,r_69_8_17,r_148_9_117,0.93,1,118,117,54
49,r_49_83_17,r_50_72_53,r_5_85_14,r_5_85_14,1.0,3,17,14,54
32,r_24_124_135,seq25,r_141_120_7,r_24_124_135,0.82,0,135,135,54
38,r_54_34_186,seq55,seq36,r_54_34_186,0.53,0,186,186,54
77,seq59,r_60_75_75,r_62_144_161,r_60_75_75,0.79,3,78,75,54
24,r_5_85_14,r_14_1_143,seq84,r_5_85_14,0.84,0,14,14,54
10,r_143_4_23,seq142,seq6,r_143_4_23,1.0,0,23,23,54
34,r_137_95_69,r_136_138_110,seq94,r_137_95_69,0.98,0,69,69,54
3,r_100_29_31,r_101_11_63,seq30,r_100_29_31,0.88,0,31,31,54
9,r_2_48_107,seq3,seq46,r_2_48_107,0.79,0,107,107,54
56,seq15,r_18_56_151,r_76_16_37,r_76_16_37,0.8,28,65,37,54
44,r_147_65_72,r_148_9_117,seq61,r_147_65_72,0.88,0,72,72,54
23,r_51_96_50,seq71,seq97,r_51_96_50,0.88,0,50,50,54
20,r_148_9_117,r_147_65_72,seq145,r_147_65_72,1.0,-14,58,72,54
35,r_19_67_147,seq20,r_13_66_133,r_13_66_133,0.77,14,147,133,54
46,r_82_106_13,r_12_113_10,r_135_105_47,r_135_105_47,0.99,1,48,47,54
12,r_70_28_70,r_54_34_186,r_100_29_31,r_70_28_70,0.99,0,70,70,54
93,seq104,r_107_42_104,r_86_105_47,r_107_42_104,0.99,0,104,104,55
7,r_46_4_18,r_52_89_27,r_5_58_152,r_46_4_18,1.0,0,18,18,55
30,r_41_13_174,r_40_57_89,r_2_38_10,r_40_57_89,0.67,0,89,89,55
36,r_148_64_136,seq146,r_122_61_52,r_148_64_136,0.32,0,136,136,55
22,r_52_89_27,seq44,r_124_93_23,r_52_89_27,1.0,0,27,27,55
37,r_66_111_68,r_67_138_55,r_69_118_64,r_67_138_55,0.91,0,55,55,55
33,r_63_20_35,r_60_76_45,seq21,r_63_20_35,1.0,0,35,35,55
69,seq37,r_35_70_165,r_97_36_25,r_97_36_25,1.0,11,36,25,55
38,r_92_9_61,r_46_4_18,r_77_8_81,r_77_8_81,0.97,6,87,81,55
3,r_136_134_48,seq137,seq133,r_136_134_48,0.94,0,48,48,55
46,r_97_36_25,r_98_18_81,seq37,r_97_36_25,1.0,0,25,25,55
55,seq6,r_5_58_152,r_77_8_81,r_77_8_81,1.0,22,103,81,55
16,r_107_42_104,seq104,r_117_47_6,r_107_42_104,0.78,0,104,104,55
39,r_149_88_140,seq146,r_3_94_19,r_3_94_19,0.93,113,132,19,55
5,r_139_132_102,seq141,seq130,r_139_132_102,0.5,0,102,102,55
1,r_25_114_21,r_19_127_15,r_73_113_54,r_73_113_54,0.99,15,69,54,55
10,r_60_76_45,seq62,seq78,r_60_76_45,0.99,0,45,45,55
7,r_46_4_18,r_5_58_152,r_77_8_81,r_77_8_81,1.0,69,150,81,55
19,r_69_118_64,seq68,seq119,r_69_118_64,1.0,0,64,64,55
76,seq62,r_56_7_154,r_122_61_52,r_122_61_52,1.0,4,56,52,55
37,r_66_111_68,r_69_118_64,r_84_112_52,r_66_111_68,0.99,0,68,68,55
49,r_124_93_23,seq130,r_52_89_27,r_124_93_23,0.44,4,27,23,55
95,seq115,seq119,r_54_116_65,r_54_116_65,1.0,1,66,65,55
24,r_106_96_7,r_98_18_81,r_3_94_19,r_106_96_7,0.94,35,42,7,55
51,seq1,r_5_58_152,r_50_0_9,r_50_0_9,0.91,12,21,9,55
26,r_90_23_99,r_92_9_61,r_124_93_23,r_90_23_99,0.93,-76,23,99,55
31,r_40_57_89,r_41_13_174,r_56_7_154,r_40_57_89,0.9,0,89,89,55
42,r_140_85_56,r_139_132_102,seq87,r_140_85_56,1.0,0,56,56,55
15,r_3_94_19,r_5_58_152,seq95,r_3_94_19,0.96,0,19,19,55
86,seq82,r_3_94_19,seq81,r_3_94_19,0.6,81,100,19,55
0,r_108_10_69,r_107_42_104,seq17,r_108_10_69,1.0,0,69,69,55
8,r_19_127_15,r_25_114_21,r_99_129_13,r_99_129_13,1.0,2,15,13,55
20,r_142_34_90,seq141,r_97_36_25,r_142_34_90,0.99,0,90,90,55
13,r_65_16_175,r_66_111_68,seq71,r_66_111_68,0.99,0,68,68,55
48,r_83_39_93,seq82,r_2_38_10,r_83_39_93,1.0,0,93,93,55
57,seq12,r_14_55_153,r_98_18_81,r_98_18_81,0.99,72,153,81,55
13,r_65_16_175,seq71,r_98_18_81,r_98_18_81,0.29,88,169,81,55
2,r_2_38_10,r_41_13_174,r_97_36_25,r_97_36_25,0.84,119,144,25,55
4,r_67_138_55,r_66_111_68,seq137,r_67_138_55,0.99,0,55,55,55
27,r_11_27_113,r_15_147_125,seq28,r_15_147_125,0.8,-12,113,125,55
30,r_41_13_174,r_2_38_10,seq12,r_41_13_174,0.95,0,174,174,55
47,r_35_70_165,seq37,seq68,r_35_70_165,0.61,0,165,165,55
40,r_91_110_82,r_90_23_99,r_84_112_52,r_90_23_99,1.0,-17,82,99,55
74,seq53,r_54_116_65,r_56_7_154,r_54_116_65,0.79,0,65,65,55
29,r_15_147_125,r_14_55_153,seq143,r_15_147_125,0.65,0,125,125,55
58,seq141,r_142_34_90,seq146,r_142_34_90,1.0,0,90,90,55
68,seq33,r_32_135_80,seq29,r_32_135_80,0.99,0,80,80,55
61,seq17,seq21,r_98_18_81,r_98_18_81,1.0,6,87,81,55
32,r_77_8_81,seq78,r_92_9_61,r_77_8_81,1.0,0,81,81,55
38,r_92_9_61,r_90_23_99,r_46_4_18,r_92_9_61,0.94,0,61,61,55
41,r_43_26_28,seq44,seq21,r_43_26_28,1.0,0,28,28,55
87,seq87,r_52_89_27,r_140_85_56,r_140_85_56,0.82,2,58,56,55
16,r_107_42_104,r_117_47_6,r_142_34_90,r_142_34_90,0.42,42,132,90,55
34,r_120_24_138,seq123,r_90_23_99,r_90_23_99,0.86,39,138,99,55
25,r_5_58_152,seq1,r_46_4_18,r_46_4_18,1.0,3,21,18,55
75,seq59,seq62,r_122_61_52,r_122_61_52,1.0,18,70,52,55
89,seq100,seq101,r_3_94_19,r_3_94_19,0.49,64,83,19,55
28,r_56_7_154,r_40_57_89,r_77_8_81,r_56_7_154,0.68,0,154,154,55
17,r_54_116_65,seq53,seq115,r_54_116_65,1.0,0,65,65,55
94,seq109,r_90_23_99,r_84_112_52,r_90_23_99,1.0,-31,68,99,55
9,r_84_112_52,seq87,r_66_111_68,r_66_111_68,0.96,3,71,68,55
18,r_99_129_13,r_86_105_47,seq128,r_99_129_13,0.92,0,13,13,55
26,r_90_23_99,r_124_93_23,r_63_20_35,r_90_23_99,0.99,0,99,99,55
96,seq119,seq128,r_69_118_64,r_69_118_64,1.0,3,67,64,55
56,seq137,r_136_134_48,r_67_138_55,r_67_138_55,0.79,0,55,55,55
28,r_56_7_154,seq62,r_40_57_89,r_40_57_89,1.0,24,113,89,55
91,seq102,r_103_125_86,seq101,r_103_125_86,0.99,1,87,86,55
44,r_32_135_80,seq33,seq133,r_32_135_80,0.99,0,80,80,55
23,r_30_48_138,seq31,r_117_47_6,r_30_48_138,0.6,0,138,138,55
14,r_73_113_54,seq74,r_25_114_21,r_73_113_54,0.99,0,54,54,55
12,r_122_61_52,seq119,seq62,r_122_61_52,0.99,0,52,52,55
35,r_103_125_86,seq102,r_19_127_15,r_103_125_86,0.94,0,86,86,55
2,r_2_38_10,r_3_94_19,r_41_13_174,r_2_38_10,1.0,1,11,10,55
23,r_4_95_18,seq2,seq96,r_4_95_18,1.0,0,18,18,56
92,seq106,r_104_109_135,r_46_105_39,r_46_105_39,1.0,96,135,39,56
14,r_88_90_117,seq86,r_135_87_54,r_135_87_54,1.0,37,91,54,56
43,r_145_57_60,r_144_74_71,r_54_55_10,r_145_57_60,0.65,0,60,60,56
86,seq86,r_88_90_117,r_135_87_54,r_135_87_54,1.0,51,105,54,56
16,r_125_85_64,r_127_116_97,r_135_87_54,r_127_116_97,0.66,-33,64,97,56
1,r_94_8_90,seq96,r_101_9_56,r_94_8_90,0.83,0,90,90,56
5,r_52_80_9,r_84_148_92,r_77_83_58,r_52_80_9,0.52,56,65,9,56
76,seq60,seq63,r_36_61_21,r_36_61_21,0.85,0,21,21,56
19,r_13_119_103,seq12,r_127_116_97,r_13_119_103,0.54,0,103,103,56
6,r_27_99_53,r_19_17_21,seq100,r_27_99_53,1.0,0,53,53,56
55,seq136,r_135_87_54,seq137,r_135_87_54,1.0,0,54,54,56
38,r_89_143_32,r_88_90_117,r_144_74_71,r_89_143_32,1.0,0,32,32,56
3,r_98_11_44,r_146_97_6,seq12,r_98_11_44,0.85,0,44,44,56
38,r_89_143_32,r_144_74_71,seq149,r_144_74_71,1.0,0,71,71,56
31,r_77_83_58,seq76,r_52_80_9,r_77_83_58,0.75,23,81,58,56
14,r_88_90_117,r_135_87_54,r_4_95_18,r_88_90_117,0.49,0,117,117,56
46,r_35_32_16,r_36_61_21,seq18,r_35_32_16,0.95,1,17,16,56
8,r_31_111_54,r_19_17_21,r_110_112_111,r_31_111_54,1.0,1,55,54,56
47,r_62_3_58,seq63,seq5,r_62_3_58,1.0,0,58,58,56
11,r_135_87_54,seq136,r_88_90_117,r_135_87_54,1.0,0,54,54,56
0,r_75_128_73,r_7_78_7,r_120_132_12,r_75_128_73,0.99,0,73,73,56
20,r_129_140_89,seq131,seq137,r_129_140_89,0.78,0,89,89,56
13,r_144_74_71,r_145_57_60,r_89_143_32,r_144_74_71,0.9,-11,60,71,56
78,seq64,seq68,r_29_67_37,r_29_67_37,0.99,19,56,37,56
48,r_103_14_63,r_104_109_135,seq12,r_103_14_63,1.0,0,63,63,56
17,r_29_67_37,r_19_17_21,seq64,r_29_67_37,0.89,0,37,37,56
45,r_101_9_56,seq100,seq10,r_101_9_56,1.0,0,56,56,56
80,seq70,seq68,r_33_69_34,r_33_69_34,0.9,23,57,34,56
49,r_23_39_15,r_19_17_21,seq41,r_23_39_15,0.73,0,15,15,56
4,r_24_40_50,r_19_17_21,seq41,r_24_40_50,0.71,0,50,50,56
18,r_34_43_84,seq20,seq42,r_34_43_84,0.36,0,84,84,56
24,r_110_112_111,seq107,r_31_111_54,r_31_111_54,1.0,6,60,54,56
37,r_46_105_39,r_66_47_31,seq106,r_46_105_39,0.96,0,39,39,56
15,r_84_148_92,r_81_142_76,r_77_83_58,r_81_142_76,0.59,-19,57,76,56
27,r_33_69_34,r_19_17_21,seq70,r_33_69_34,0.85,0,34,34,56
68,seq41,seq42,r_24_40_50,r_24_40_50,0.62,18,68,50,56
15,r_84_148_92,r_77_83_58,seq149,r_84_148_92,0.96,0,92,92,56
41,r_82_37_33,r_84_148_92,seq10,r_82_37_33,0.62,0,33,33,56
34,r_104_109_135,seq106,r_31_111_54,r_31_111_54,1.0,81,135,54,56
40,r_93_124_23,r_94_8_90,seq123,r_93_124_23,1.0,0,23,23,56
35,r_130_1_26,r_129_140_89,seq2,r_130_1_26,1.0,0,26,26,56
13,r_144_74_71,r_89_143_32,seq73,r_144_74_71,0.99,0,71,71,56
33,r_118_65_27,r_117_26_70,seq64,r_118_65_27,1.0,0,27,27,56
99,seq149,r_75_128_73,r_84_148_92,r_84_148_92,0.97,1,93,92,56
85,seq79,r_75_128_73,r_7_78_7,r_75_128_73,1.0,-14,59,73,56
94,seq113,seq115,r_127_116_97,r_127_116_97,0.69,-11,86,97,56
9,r_126_147_92,r_127_116_97,r_84_148_92,r_84_148_92,0.7,0,92,92,56
21,r_134_53_49,r_135_87_54,r_54_55_10,r_54_55_10,0.79,39,49,10,56
22,r_138_44_85,r_139_51_94,r_133_45_79,r_138_44_85,0.53,0,85,85,56
7,r_81_142_76,r_84_148_92,r_89_143_32,r_84_148_92,0.6,-16,76,92,56
44,r_133_45_79,r_120_132_12,r_23_39_15,r_133_45_79,0.96,0,79,79,56
12,r_117_26_70,seq115,seq16,r_117_26_70,0.97,0,70,70,56
51,seq2,seq5,r_130_1_26,r_130_1_26,1.0,1,27,26,56
30,r_96_130_112,r_95_2_131,r_115_131_70,r_95_2_131,0.65,-19,112,131,57
36,r_24_90_177,seq25,r_139_92_158,r_24_90_177,0.56,1,178,177,57
92,seq117,seq120,r_61_116_10,r_61_116_10,0.86,60,70,10,57
4,r_91_137_210,r_94_80_138,r_139_92_158,r_91_137_210,0.76,-52,158,210,57
14,r_107_48_174,seq108,seq47,r_107_48_174,0.25,0,174,174,57
89,seq108,r_110_99_161,r_86_109_12,r_86_109_12,0.62,0,12,12,57
37,r_21_98_170,seq22,r_139_92_158,r_21_98_170,0.55,0,170,170,57
52,seq132,r_139_92_158,seq136,r_139_92_158,0.56,-108,50,158,57
59,seq22,r_21_98_170,r_84_18_154,r_84_18_154,0.77,16,170,154,57
19,r_15_145_178,seq14,r_50_149_33,r_50_149_33,0.82,134,167,33,57
16,r_31_13_111,seq32,seq14,r_31_13_111,0.61,0,111,111,57
1,r_141_71_69,r_72_125_165,seq73,r_72_125_165,1.0,0,165,165,57
1,r_141_71_69,r_139_92_158,r_72_125_165,r_141_71_69,1.0,0,69,69,57
28,r_3_101_50,r_4_36_104,seq117,r_3_101_50,0.99,1,51,50,57
7,r_97_100_152,r_91_137_210,r_3_101_50,r_97_100_152,0.89,0,152,152,57
80,seq70,seq83,r_141_71_69,r_141_71_69,1.0,4,73,69,57
45,r_63_39_67,seq62,seq44,r_63_39_67,1.0,0,67,67,57
24,r_72_125_165,r_141_71_69,seq124,r_72_125_165,1.0,0,165,165,57
19,r_15_145_178,r_9_106_102,seq14,r_9_106_102,1.0,-2,100,102,57
43,r_139_92_158,r_91_137_210,r_21_98_170,r_139_92_158,0.97,52,210,158,57
86,seq136,r_139_92_158,r_43_138_36,r_43_138_36,0.86,-1,35,36,57
41,r_11_59_42,r_9_106_102,seq62,r_11_59_42,1.0,0,42,42,57
31,r_29_23_37,seq44,r_67_26_39,r_67_26_39,1.0,58,97,39,57
20,r_50_149_33,seq51,r_148_12_186,r_50_149_33,1.0,0,33,33,57
3,r_95_2_131,r_94_80_138,seq1,r_95_2_131,0.86,0,131,131,57
10,r_105_37_71,seq104,r_63_39_67,r_105_37_71,1.0,0,71,71,57
49,r_146_147_48,r_139_92_158,r_50_149_33,r_50_149_33,0.93,16,49,33,57
26,r_103_81_63,r_113_85_196,seq83,r_103_81_63,0.99,0,63,63,57
50,seq128,seq129,r_42_127_24,r_42_127_24,1.0,4,28,24,57
4,r_91_137_210,r_93_17_133,r_94_80_138,r_93_17_133,0.91,0,133,133,57
98,seq124,seq129,r_42_127_24,r_42_127_24,1.0,53,77,24,57
15,r_46_140_107,seq47,r_139_92_158,r_46_140_107,0.96,0,107,107,57
15,r_46_140_107,r_139_92_158,r_146_147_48,r_139_92_158,0.88,-12,146,158,57
35,r_33_57_37,r_31_13_111,seq52,r_33_57_37,0.91,0,37,37,57
48,r_53_143_21,seq52,r_77_142_16,r_53_143_21,0.56,0,21,21,57
0,r_135_111_45,r_133_87_55,seq114,r_135_111_45,0.88,0,45,45,57
6,r_0_40_99,seq1,r_105_37_71,r_0_40_99,0.97,0,99,99,57
62,seq32,r_31_13_111,r_19_30_9,r_31_13_111,0.86,0,111,111,57
85,seq88,r_84_18_154,r_35_89_65,r_35_89_65,1.0,6,71,65,57
43,r_139_92_158,r_141_71_69,r_148_12_186,r_141_71_69,1.0,-52,17,69,57
40,r_61_116_10,r_63_39_67,seq117,r_61_116_10,0.84,0,10,10,57
23,r_86_109_12,r_84_18_154,seq108,r_84_18_154,0.81,-142,12,154,57
42,r_43_138_36,r_31_13_111,seq136,r_43_138_36,1.0,0,36,36,57
27,r_55_60_114,seq56,r_11_59_42,r_11_59_42,0.85,72,114,42,57
13,r_134_82_104,r_133_87_55,r_50_149_33,r_134_82_104,0.93,-49,55,104,57
87,seq102,seq129,r_86_109_12,r_86_109_12,0.93,61,73,12,57
43,r_139_92_158,r_46_140_107,r_91_137_210,r_139_92_158,0.91,0,158,158,57
18,r_35_89_65,seq34,seq88,r_35_89_65,1.0,1,66,65,57
29,r_74_144_66,r_75_119_137,r_146_147_48,r_74_144_66,1.0,0,66,66,57
24,r_72_125_165,seq65,r_141_71_69,r_141_71_69,1.0,0,69,69,57
43,r_139_92_158,r_148_12_186,r_46_140_107,r_46_140_107,0.96,11,118,107,57
33,r_84_18_154,seq88,seq22,r_84_18_154,0.88,0,154,154,57
88,seq104,r_113_85_196,r_9_106_102,r_9_106_102,0.99,-1,101,102,57
21,r_67_26_39,r_72_125_165,seq25,r_67_26_39,1.0,0,39,39,57
44,r_77_142_16,r_67_26_39,r_141_71_69,r_77_142_16,0.9,0,16,16,57
20,r_50_149_33,r_148_12_186,r_146_147_48,r_148_12_186,1.0,-38,148,186,57
42,r_43_138_36,seq136,r_91_137_210,r_91_137_210,0.77,9,219,210,57
32,r_93_17_133,r_91_137_210,r_31_13_111,r_93_17_133,0.96,0,133,133,57
38,r_75_119_137,seq73,seq120,r_75_119_137,1.0,0,137,137,57
34,r_115_131_70,seq104,r_96_130_112,r_115_131_70,0.64,46,116,70,57
44,r_77_142_16,r_141_71_69,r_53_143_21,r_141_71_69,0.96,-38,31,69,57
13,r_134_82_104,r_50_149_33,seq83,r_134_82_104,1.0,0,104,104,57
60,seq25,r_24_90_177,r_67_26_39,r_67_26_39,0.96,82,121,39,57
81,seq73,r_75_119_137,r_141_71_69,r_141_71_69,0.65,68,137,69,57
17,r_9_106_102,seq8,seq104,r_9_106_102,1.0,0,102,102,57
25,r_148_12_186,r_50_149_33,seq8,r_148_12_186,0.68,0,186,186,57
94,seq120,seq117,r_75_119_137,r_75_119_137,1.0,6,143,137,57
9,r_10_27_133,seq8,r_67_26_39,r_67_26_39,0.84,94,133,39,57
11,r_42_127_24,r_31_13_111,seq128,r_42_127_24,0.95,0,24,24,57
28,r_3_101_50,seq117,r_97_100_152,r_97_100_152,0.74,6,158,152,57
22,r_20_7_111,seq22,seq14,r_20_7_111,0.89,0,111,111,57
7,r_97_100_152,r_94_80_138,r_91_137_210,r_94_80_138,0.56,0,138,138,57
25,r_148_12_186,r_139_92_158,r_50_149_33,r_50_149_33,0.99,5,38,33,57
4,r_91_137_210,r_139_92_158,r_43_138_36,r_91_137_210,0.76,0,210,210,57
12,r_38_76_206,seq41,r_4_36_104,r_4_36_104,1.0,14,118,104,57
5,r_133_87_55,r_134_82_104,r_35_89_65,r_35_89_65,1.0,4,69,65,57
84,seq83,seq79,r_103_81_63,r_103_81_63,1.0,19,82,63,57
93,seq107,r_109_114_119,seq108,r_109_114_119,1.0,-20,99,119,58
30,r_3_111_93,seq2,seq107,r_3_111_93,1.0,0,93,93,58
11,r_135_40_47,r_139_26_80,r_84_42_35,r_84_42_35,0.89,12,47,35,58
43,r_97_49_122,seq96,seq50,r_97_49_122,0.96,0,122,122,58
37,r_143_136_14,r_145_51_112,r_65_138_28,r_65_138_28,0.82,0,28,28,58
40,r_131_56_47,seq128,r_55_146_182,r_131_56_47,1.0,0,47,47,58
16,r_99_130_190,r_102_93_158,r_149_98_44,r_149_98_44,0.72,46,90,44,58
21,r_105_36_114,r_109_114_119,r_84_42_35,r_105_36_114,0.99,0,114,114,58
39,r_139_26_80,r_143_136_14,r_32_24_3,r_139_26_80,0.97,0,80,80,58
1,r_55_146_182,seq54,r_131_56_47,r_131_56_47,1.0,14,61,47,58
5,r_31_140_48,seq27,r_65_138_28,r_31_140_48,0.96,0,48,48,58
42,r_147_21_65,seq148,r_28_20_47,r_147_21_65,1.0,0,65,65,58
41,r_149_98_44,seq148,r_99_130_190,r_149_98_44,1.0,0,44,44,58
76,seq54,r_55_146_182,r_131_56_47,r_131_56_47,0.99,13,60,47,58
31,r_8_6_8,r_5_34_136,r_92_4_16,r_8_6_8,0.78,121,129,8,58
24,r_94_58_83,r_32_24_3,seq60,r_94_58_83,0.68,-35,48,83,58
8,r_30_86_23,r_31_140_48,r_23_85_13,r_30_86_23,0.72,0,23,23,58
26,r_63_110_133,r_64_68_151,seq107,r_63_110_133,0.91,0,133,133,58
16,r_99_130_190,r_149_98_44,seq128,r_99_130_190,0.47,0,190,190,58
18,r_141_41_165,r_143_136_14,seq148,r_141_41_165,0.37,-116,49,165,58
2,r_92_4_16,r_88_116_67,r_8_6_8,r_92_4_16,0.99,0,16,16,58
4,r_5_34_136,r_8_6_8,seq33,r_5_34_136,0.82,0,136,136,58
20,r_134_126_112,seq133,r_15_127_21,r_15_127_21,1.0,91,112,21,58
13,r_109_114_119,seq107,seq115,r_109_114_119,0.89,0,119,119,58
49,r_15_127_21,seq125,r_134_126_112,r_134_126_112,0.8,20,132,112,58
57,seq11,seq9,r_118_10_131,r_118_10_131,0.99,2,133,131,58
6,r_77_18_171,seq79,r_95_16_2,r_95_16_2,0.6,169,171,2,58
99,seq125,seq115,r_48_124_94,r_48_124_94,1.0,61,155,94,58
38,r_23_85_13,r_31_140_48,r_88_116_67,r_23_85_13,0.97,0,13,13,58
41,r_149_98_44,r_99_130_190,r_119_103_78,r_119_103_78,1.0,101,179,78,58
14,r_28_20_47,seq27,r_95_16_2,r_28_20_47,1.0,0,47,47,58
48,r_53_122_6,seq115,r_62_123_94,r_62_123_94,1.0,68,162,94,58
32,r_91_112_43,r_88_116_67,seq113,r_91_112_43,1.0,0,43,43,58
29,r_84_42_35,r_77_18_171,seq43,r_77_18_171,0.67,-136,35,171,58
45,r_13_59_38,seq14,seq60,r_13_59_38,1.0,0,38,38,58
38,r_23_85_13,r_88_116_67,r_30_86_23,r_88_116_67,0.94,-8,59,67,58
49,r_15_127_21,r_13_59_38,seq125,r_15_127_21,1.0,0,21,21,58
17,r_88_116_67,seq89,seq120,r_88_116_67,1.0,1,68,67,58
34,r_44_25_37,seq45,r_32_24_3,r_44_25_37,0.86,3,40,37,58
9,r_118_10_131,seq115,seq11,r_118_10_131,0.96,0,131,131,58
96,seq115,seq121,r_109_114_119,r_109_114_119,1.0,2,121,119,58
27,r_65_138_28,r_77_18_171,r_143_136_14,r_65_138_28,1.0,0,28,28,58
29,r_84_42_35,seq43,r_135_40_47,r_135_40_47,1.0,9,56,47,58
22,r_119_103_78,seq120,seq101,r_119_103_78,1.0,0,78,78,58
28,r_62_123_94,seq60,r_53_122_6,r_62_123_94,0.97,0,94,94,58
10,r_35_78_25,seq33,r_137_80_7,r_35_78_25,0.99,0,25,25,58
44,r_67_104_85,r_72_66_104,seq107,r_67_104_85,1.0,0,85,85,58
23,r_48_124_94,seq50,r_15_127_21,r_48_124_94,0.99,0,94,94,58
12,r_106_1_52,r_109_114_119,seq2,r_106_1_52,1.0,0,52,52,58
35,r_71_47_80,seq70,seq46,r_71_47_80,0.7,0,80,80,58
49,r_81_134_18,r_82_109_260,seq132,r_81_134_18,0.81,0,18,18,59
40,r_60_106_43,seq59,r_93_103_43,r_60_106_43,1.0,0,43,43,59
14,r_16_57_75,r_14_104_243,seq56,r_16_57_75,1.0,0,75,75,59
8,r_15_67_72,r_14_104_243,seq66,r_15_67_72,1.0,0,72,72,59
34,r_52_21_262,r_64_48_162,r_108_19_143,r_108_19_143,0.75,119,262,143,59
43,r_141_116_255,r_140_74_159,seq137,r_140_74_159,1.0,-3,156,159,59
3,r_70_99_48,seq72,r_93_103_43,r_70_99_48,0.78,0,48,48,59
80,seq76,r_71_97_263,r_140_74_159,r_140_74_159,1.0,4,163,159,59
19,r_50_5_222,r_90_49_21,r_42_3_68,r_90_49_21,0.51,216,237,21,59
16,r_71_97_263,seq72,r_70_99_48,r_70_99_48,1.0,222,270,48,59
21,r_31_65_166,r_38_115_208,seq66,r_31_65_166,0.84,0,166,166,59
39,r_63_30_63,seq56,r_31_65_166,r_63_30_63,1.0,0,63,63,59
5,r_0_94_142,seq1,seq95,r_0_94_142,0.99,0,142,142,59
42,r_39_2_169,r_41_58_121,seq43,r_41_58_121,0.99,-49,72,121,59
80,seq76,r_75_62_134,r_71_97_263,r_75_62_134,0.41,-1,133,134,59
18,r_78_119_63,r_133_80_28,seq121,r_78_119_63,0.96,0,63,63,59
45,r_83_37_66,r_82_109_260,seq32,r_83_37_66,1.0,0,66,66,59
31,r_9_149_43,seq8,r_148_6_216,r_9_149_43,0.98,1,44,43,59
95,seq117,seq121,r_78_119_63,r_78_119_63,1.0,31,94,63,59
76,seq68,seq69,r_15_67_72,r_15_67_72,1.0,89,161,72,59
74,seq59,r_75_62_134,r_113_61_33,r_113_61_33,0.97,110,143,33,59
39,r_63_30_63,r_31_65_166,r_135_29_100,r_63_30_63,0.99,103,166,63,59
37,r_113_61_33,seq112,seq59,r_113_61_33,0.98,0,33,33,59
41,r_36_125_175,r_38_115_208,r_44_123_71,r_38_115_208,0.48,-32,176,208,59
10,r_140_74_159,r_141_116_255,seq76,r_140_74_159,0.94,0,159,159,59
72,seq46,r_47_17_145,r_53_45_94,r_47_17_145,0.71,2,147,145,59
0,r_53_45_94,r_52_21_262,seq46,r_53_45_94,0.86,0,94,94,59
73,seq56,seq59,r_16_57_75,r_16_57_75,1.0,6,81,75,59
2,r_13_77_42,r_15_67_72,r_133_80_28,r_133_80_28,0.99,14,42,28,59
20,r_122_139_226,r_124_79_221,r_44_123_71,r_44_123_71,1.0,15,86,71,59
19,r_50_5_222,r_26_110_220,r_90_49_21,r_90_49_21,0.83,6,27,21,59
13,r_20_89_173,r_24_51_199,r_22_114_271,r_20_89_173,0.44,-64,109,173,59
48,r_44_123_71,r_47_17_145,r_122_139_226,r_44_123_71,1.0,0,71,71,59
4,r_90_49_21,r_50_5_222,r_24_51_199,r_90_49_21,0.52,184,205,21,59
94,seq112,seq117,r_78_119_63,r_78_119_63,1.0,23,86,63,59
94,seq112,r_113_61_33,seq117,r_113_61_33,1.0,0,33,33,59
13,r_20_89_173,r_22_114_271,seq88,r_20_89_173,1.0,1,174,173,59
6,r_75_62_134,seq76,seq59,r_75_62_134,0.98,0,134,134,59
15,r_93_103_43,seq95,seq100,r_93_103_43,0.98,0,43,43,59
99,seq127,r_128_136_80,seq126,r_128_136_80,1.0,0,80,80,59
36,r_148_6_216,r_9_149_43,r_42_3_68,r_148_6_216,0.62,0,216,216,59
22,r_64_48_162,r_50_5_222,seq27,r_50_5_222,1.0,-2,220,222,59
47,r_47_17_145,seq46,r_14_104_243,r_47_17_145,0.99,2,147,145,59
11,r_133_80_28,r_78_119_63,r_13_77_42,r_133_80_28,0.48,35,63,28,59
93,seq111,r_93_103_43,r_26_110_220,r_26_110_220,1.0,1,221,220,59
29,r_82_109_260,r_83_37_66,seq84,r_83_37_66,1.0,0,66,66,59
46,r_40_105_33,r_42_3_68,seq100,r_40_105_33,1.0,0,33,33,59
24,r_107_118_76,r_98_138_237,r_78_119_63,r_107_118_76,0.99,0,76,76,59
34,r_52_21_262,r_50_5_222,r_55_54_254,r_52_21_262,0.38,-83,179,262,59
25,r_24_51_199,seq25,r_90_49_21,r_90_49_21,0.72,193,214,21,59
43,r_141_116_255,seq137,r_38_115_208,r_141_116_255,0.79,0,255,255,59
33,r_124_79_221,r_122_139_226,r_13_77_42,r_124_79_221,0.48,0,221,221,59
48,r_44_123_71,r_122_139_226,r_36_125_175,r_36_125_175,1.0,51,226,175,59
50,seq1,r_0_94_142,seq7,r_0_94_142,0.99,0,142,142,59
65,seq27,r_26_110_220,seq32,r_26_110_220,0.93,0,220,220,59
42,r_39_2_169,seq43,seq7,r_39_2_169,1.0,0,169,169,59
61,seq18,r_20_89_173,seq25,r_20_89_173,0.98,-18,155,173,59
38,r_135_29_100,seq132,r_63_30_63,r_135_29_100,0.97,0,100,100,59
34,r_52_21_262,r_55_54_254,r_64_48_162,r_52_21_262,0.53,-31,231,262,59
34,r_52_21_262,r_53_45_94,r_50_5_222,r_52_21_262,0.73,-168,94,262,59
36,r_148_6_216,seq143,r_9_149_43,r_9_149_43,1.0,4,47,43,59
75,seq66,seq69,r_31_65_166,r_31_65_166,1.0,3,169,166,59
4,r_90_49_21,r_93_103_43,r_50_5_222,r_90_49_21,0.99,0,21,21,59
94,seq112,r_78_119_63,r_38_115_208,r_38_115_208,0.98,5,213,208,59
17,r_108_19_143,seq111,seq25,r_108_19_143,0.84,0,143,143,59
9,r_14_104_243,seq12,r_70_99_48,r_70_99_48,0.66,201,249,48,59
18,r_78_119_63,r_75_62_134,r_133_80_28,r_133_80_28,0.74,0,28,28,59
31,r_9_149_43,r_148_6_216,seq147,r_148_6_216,0.81,0,216,216,59
22,r_64_48_162,seq66,r_50_5_222,r_64_48_162,0.56,0,162,162,59
18,r_78_119_63,seq121,r_107_118_76,r_107_118_76,0.52,15,91,76,59
28,r_4_131_151,seq8,r_81_134_18,r_4_131_151,0.85,0,151,151,59
7,r_128_136_80,seq127,r_81_134_18,r_128_136_80,1.0,0,80,80,59
44,r_38_115_208,seq32,seq112,r_38_115_208,0.75,0,208,208,59
11,r_133_80_28,seq132,r_78_119_63,r_133_80_28,0.79,4,32,28,59
23,r_41_58_121,r_39_2_169,r_16_57_75,r_41_58_121,1.0,0,121,121,59
29,r_82_109_260,seq86,r_26_110_220,r_26_110_220,0.74,40,260,220,59
35,r_26_110_220,seq27,seq111,r_26_110_220,0.67,0,220,220,59
12,r_42_3_68,r_41_58_121,seq7,r_42_3_68,1.0,0,68,68,59
27,r_28_91_11,r_31_65_166,seq92,r_28_91_11,0.74,0,11,11,59
30,r_71_43_75,r_70_86_110,r_42_38_55,r_71_43_75,1.0,1,76,75,60
38,r_77_140_46,r_78_66_84,r_141_75_100,r_77_140_46,0.96,0,46,46,60
8,r_96_53_136,seq95,seq54,r_96_53_136,0.52,0,136,136,60
43,r_116_74_92,seq112,r_78_66_84,r_116_74_92,0.65,0,92,92,60
3,r_139_29_45,r_30_40_105,r_118_35_46,r_30_40_105,0.65,0,105,105,60
16,r_90_92_34,r_88_89_116,r_82_93_116,r_88_89_116,0.57,-41,75,116,60
1,r_138_105_114,seq136,r_48_106_11,r_138_105_114,0.34,0,114,114,60
46,r_13_145_61,r_11_58_62,seq146,r_13_145_61,0.87,0,61,61,60
42,r_80_24_77,r_79_8_123,seq25,r_80_24_77,1.0,0,77,77,60
13,r_26_124_48,r_23_121_124,seq129,r_26_124_48,0.5,0,48,48,60
24,r_11_58_62,r_59_147_136,seq56,r_59_147_136,0.82,0,136,136,60
19,r_69_109_105,r_70_86_110,r_60_111_72,r_69_109_105,0.82,0,105,105,60
40,r_141_75_100,r_77_140_46,r_91_76_39,r_141_75_100,0.8,0,100,100,60
2,r_30_40_105,r_139_29_45,r_71_43_75,r_30_40_105,0.99,0,105,105,60
31,r_20_85_44,r_23_121_124,r_133_81_8,r_20_85_44,1.0,0,44,44,60
18,r_51_14_18,r_60_111_72,seq17,r_51_14_18,1.0,0,18,18,60
76,seq56,r_57_10_117,r_11_58_62,r_11_58_62,1.0,38,100,62,60
38,r_77_140_46,r_141_75_100,seq143,r_141_75_100,0.99,0,100,100,60
41,r_4_49_116,seq17,r_119_45_39,r_119_45_39,0.72,77,116,39,60
27,r_70_86_110,seq67,r_133_81_8,r_133_81_8,0.45,94,102,8,60
26,r_59_147_136,r_60_111_72,r_11_58_62,r_11_58_62,0.6,9,71,62,60
14,r_91_76_39,r_79_8_123,r_141_75_100,r_91_76_39,0.52,75,114,39,60
63,seq148,seq146,r_6_149_83,r_6_149_83,1.0,8,91,83,60
73,seq52,seq54,r_11_58_62,r_11_58_62,1.0,60,122,62,60
11,r_63_104_102,r_64_142_150,seq101,r_63_104_102,0.8,0,102,102,60
12,r_103_5_21,seq101,seq17,r_103_5_21,0.84,0,21,21,60
91,seq107,r_116_74_92,r_48_106_11,r_48_106_11,0.97,8,19,11,60
48,r_31_44_116,r_32_73_137,r_71_43_75,r_31_44_116,0.89,1,117,116,60
33,r_118_35_46,seq117,seq34,r_118_35_46,0.98,0,46,46,60
21,r_135_128_28,seq136,seq129,r_135_128_28,0.67,0,28,28,60
27,r_70_86_110,r_71_43_75,seq67,r_71_43_75,0.83,1,76,75,60
4,r_119_45_39,seq122,seq47,r_119_45_39,0.99,0,39,39,60
3,r_139_29_45,seq143,r_30_40_105,r_139_29_45,0.99,0,45,45,60
2,r_30_40_105,r_31_44_116,r_139_29_45,r_139_29_45,0.8,16,61,45,60
47,r_114_120_57,r_116_74_92,seq122,r_116_74_92,0.75,-29,63,92,60
40,r_141_75_100,seq143,r_77_140_46,r_77_140_46,0.98,15,61,46,60
96,seq117,r_118_35_46,seq129,r_118_35_46,0.93,1,47,46,60
29,r_79_8_123,r_80_24_77,r_91_76_39,r_80_24_77,0.56,-3,74,77,60
24,r_11_58_62,r_7_21_103,r_59_147_136,r_11_58_62,1.0,0,62,62,60
25,r_6_149_83,seq17,seq148,r_6_149_83,0.88,0,83,83,60
88,seq99,r_100_39_112,r_90_92_34,r_100_39_112,1.0,-17,95,112,60
70,seq41,seq47,r_71_43_75,r_71_43_75,1.0,25,100,75,60
68,seq34,r_36_46_143,r_118_35_46,r_118_35_46,1.0,32,78,46,60
39,r_48_106_11,r_42_38_55,seq107,r_48_106_11,0.61,1,12,11,60
34,r_7_21_103,seq17,r_80_24_77,r_80_24_77,0.95,27,104,77,60
83,seq84,seq83,r_133_81_8,r_133_81_8,0.9,44,52,8,60
60,seq17,r_11_58_62,r_51_14_18,r_11_58_62,0.88,0,62,62,60
17,r_60_111_72,r_59_147_136,seq108,r_60_111_72,0.96,0,72,72,60
9,r_100_39_112,seq99,r_30_40_105,r_100_39_112,0.99,-3,109,112,60
26,r_59_147_136,r_11_58_62,r_6_149_83,r_59_147_136,0.59,0,136,136,60
97,seq122,r_119_45_39,r_114_120_57,r_119_45_39,0.89,2,41,39,60
7,r_36_46_143,seq34,r_30_40_105,r_30_40_105,0.76,46,151,105,60
44,r_32_73_137,seq34,r_78_66_84,r_78_66_84,0.75,53,137,84,60
35,r_97_33_132,r_96_53_136,r_118_35_46,r_97_33_132,0.6,0,132,132,60
14,r_91_76_39,r_90_92_34,r_79_8_123,r_91_76_39,0.61,0,39,39,60
93,seq115,r_128_122_132,r_11_114_48,r_11_114_48,1.0,12,60,48,61
51,seq131,r_132_142_162,r_57_130_154,r_57_130_154,0.97,8,162,154,61
14,r_132_142_162,seq131,r_40_141_76,r_40_141_76,1.0,86,162,76,61
43,r_4_9_62,r_1_98_91,r_49_6_25,r_1_98_91,0.75,-29,62,91,61
92,seq112,r_111_51_63,seq116,r_111_51_63,1.0,-7,56,63,61
59,seq20,seq25,r_49_6_25,r_49_6_25,0.98,116,141,25,61
71,seq54,r_53_47_91,r_111_51_63,r_111_51_63,1.0,5,68,63,61
15,r_2_145_37,r_105_147_104,r_23_148_114,r_2_145_37,0.69,115,152,37,61
16,r_5_120_123,r_7_58_133,seq121,r_5_120_123,0.95,0,123,123,61
39,r_1_98_91,seq0,r_30_101_30,r_1_98_91,0.94,0,91,91,61
1,r_111_51_63,seq112,seq52,r_111_51_63,1.0,0,63,63,61
5,r_39_139_86,seq36,seq140,r_39_139_86,1.0,0,86,86,61
46,r_87_133_161,seq82,r_44_135_49,r_44_135_49,0.41,112,161,49,61
23,r_105_147_104,r_149_55_114,r_23_148_114,r_105_147_104,0.71,10,114,104,61
7,r_18_76_45,r_78_93_197,r_63_79_126,r_63_79_126,0.99,58,184,126,61
19,r_38_104_106,seq36,r_110_107_15,r_38_104_106,0.99,0,106,106,61
66,seq36,seq37,r_146_41_81,r_146_41_81,1.0,67,148,81,61
12,r_30_101_30,seq27,seq100,r_30_101_30,1.0,1,31,30,61
21,r_32_118_28,r_42_31_9,seq117,r_32_118_28,1.0,-1,27,28,61
31,r_96_103_55,r_95_89_185,r_34_102_36,r_34_102_36,0.78,19,55,36,61
3,r_66_13_60,r_63_79_126,seq15,r_66_13_60,1.0,0,60,60,61
10,r_64_77_169,seq62,r_63_79_126,r_63_79_126,0.84,43,169,126,61
45,r_14_43_17,r_40_141_76,r_19_45_52,r_14_43_17,0.86,39,56,17,61
26,r_125_74_147,seq126,seq75,r_125_74_147,0.81,0,147,147,61
4,r_53_47_91,seq54,seq50,r_53_47_91,0.68,0,91,91,61
11,r_23_148_114,seq25,r_105_147_104,r_23_148_114,0.96,0,114,114,61
28,r_49_6_25,seq50,r_4_9_62,r_49_6_25,1.0,0,25,25,61
41,r_97_26_59,seq99,seq25,r_97_26_59,0.93,0,59,59,61
48,r_57_130_154,seq59,seq131,r_57_130_154,0.39,0,154,154,61
20,r_19_45_52,seq15,r_14_43_17,r_19_45_52,0.75,0,52,52,61
15,r_2_145_37,r_11_114_48,r_65_138_2,r_2_145_37,0.86,0,37,37,61
8,r_129_86_51,seq131,seq85,r_129_86_51,1.0,0,51,51,61
75,seq68,seq69,r_28_67_19,r_28_67_19,1.0,0,19,19,61
6,r_63_79_126,r_64_77_169,r_78_93_197,r_63_79_126,0.81,0,126,126,61
27,r_11_114_48,r_1_98_91,seq115,r_11_114_48,0.7,0,48,48,61
15,r_2_145_37,r_132_142_162,r_105_147_104,r_132_142_162,0.77,-45,117,162,61
34,r_78_93_197,seq81,r_18_76_45,r_18_76_45,0.67,2,47,45,61
47,r_92_33_61,r_90_24_179,seq35,r_92_33_61,1.0,0,61,61,61
40,r_73_134_61,seq75,r_44_135_49,r_73_134_61,1.0,0,61,61,61
45,r_14_43_17,r_18_76_45,r_40_141_76,r_14_43_17,0.72,0,17,17,61
24,r_146_41_81,r_149_55_114,r_19_45_52,r_146_41_81,0.94,0,81,81,61
34,r_78_93_197,r_18_76_45,r_63_79_126,r_63_79_126,1.0,0,126,126,61
29,r_95_89_185,r_96_103_55,r_30_101_30,r_30_101_30,0.83,25,55,30,61
13,r_28_67_19,r_30_101_30,seq68,r_28_67_19,0.92,0,19,19,61
70,seq52,seq54,r_111_51_63,r_111_51_63,1.0,1,64,63,61
65,seq35,seq36,r_92_33_61,r_92_33_61,1.0,49,110,61,61
37,r_124_108_45,r_128_122_132,seq109,r_124_108_45,0.93,0,45,45,61
49,r_149_55_114,r_105_147_104,seq59,r_149_55_114,0.93,0,114,114,61
38,r_56_127_134,r_57_130_154,seq123,r_56_127_134,0.76,0,134,134,61
33,r_70_60_18,seq68,seq59,r_70_60_18,0.76,0,18,18,61
32,r_34_102_36,seq35,r_96_103_55,r_34_102_36,1.0,0,36,36,61
17,r_8_94_114,r_7_58_133,r_95_89_185,r_8_94_114,0.98,0,114,114,61
9,r_7_58_133,r_4_9_62,r_70_60_18,r_7_58_133,0.77,0,133,133,61
29,r_95_89_185,r_30_101_30,r_8_94_114,r_8_94_114,1.0,7,121,114,61
22,r_143_113_159,seq140,r_11_114_48,r_11_114_48,1.0,111,159,48,61
15,r_2_145_37,r_65_138_2,r_132_142_162,r_2_145_37,0.28,19,56,37,61
49,r_149_55_114,r_146_41_81,r_105_147_104,r_149_55_114,0.55,-33,81,114,61
44,r_90_24_179,r_92_33_61,r_30_101_30,r_90_24_179,0.59,-118,61,179,61
18,r_91_3_40,r_90_24_179,r_4_9_62,r_91_3_40,1.0,0,40,40,61
17,r_8_94_114,r_95_89_185,seq99,r_95_89_185,0.81,1,186,185,61
79,seq75,r_73_134_61,seq72,r_73_134_61,1.0,0,61,61,61
7,r_18_76_45,r_19_45_52,r_78_93_197,r_18_76_45,0.98,0,45,45,61
89,seq100,seq99,r_30_101_30,r_30_101_30,1.0,4,34,30,61
7,r_101_25_18,r_97_13_133,r_55_29_16,r_101_25_18,1.0,0,18,18,62
22,r_53_73_10,r_77_7_117,r_1_74_92,r_53_73_10,0.93,85,95,10,62
41,r_69_96_49,seq68,seq93,r_69_96_49,1.0,0,49,49,62
17,r_70_38_115,r_46_92_135,seq71,r_70_38_115,0.48,-42,73,115,62
45,r_39_134_27,seq40,seq135,r_39_134_27,1.0,0,27,27,62
39,r_24_43_90,seq23,seq42,r_24_43_90,0.7,0,90,90,62
14,r_14_31_43,r_5_84_73,seq23,r_14_31_43,1.0,0,43,43,62
5,r_88_18_82,r_149_63_100,r_0_16_44,r_0_16_44,1.0,38,82,44,62
18,r_85_142_45,r_87_95_112,seq140,r_85_142_45,0.94,0,45,45,62
16,r_98_86_24,r_97_13_133,r_87_95_112,r_98_86_24,0.98,0,24,24,62
43,r_72_147_65,r_53_73_10,seq148,r_72_147_65,1.0,0,65,65,62
19,r_104_4_125,seq105,r_77_7_117,r_77_7_117,0.7,8,125,117,62
1,r_110_136_61,r_109_34_36,r_57_108_34,r_110_136_61,0.99,-26,35,61,62
55,seq135,seq128,r_39_134_27,r_39_134_27,1.0,0,27,27,62
30,r_57_108_34,seq59,seq102,r_57_108_34,1.0,0,34,34,62
3,r_77_7_117,seq78,seq6,r_77_7_117,0.98,0,117,117,62
10,r_91_137_78,r_97_13_133,seq138,r_91_137_78,0.99,0,78,78,62
87,seq93,r_97_13_133,r_69_96_49,r_69_96_49,1.0,0,49,49,62
16,r_98_86_24,r_87_95_112,r_5_84_73,r_98_86_24,0.64,90,114,24,62
15,r_109_34_36,r_110_136_61,seq36,r_109_34_36,1.0,0,36,36,62
78,seq58,seq59,r_46_92_135,r_46_92_135,0.83,-45,90,135,62
31,r_141_119_53,seq140,seq120,r_141_119_53,0.99,0,53,53,62
73,seq45,r_46_92_135,r_70_38_115,r_70_38_115,0.8,21,136,115,62
6,r_28_143_122,seq23,r_56_144_1,r_28_143_122,0.57,0,122,122,62
22,r_53_73_10,seq15,r_72_147_65,r_53_73_10,1.0,1,11,10,62
27,r_32_133_48,seq30,r_39_134_27,r_32_133_48,0.91,0,48,48,62
69,seq40,r_39_134_27,seq42,r_39_134_27,0.92,-3,24,27,62
99,seq125,r_124_11_98,seq123,r_124_11_98,0.98,-14,84,98,62
34,r_0_16_44,r_1_74_92,seq19,r_0_16_44,1.0,0,44,44,62
2,r_5_84_73,seq8,r_146_81_14,r_5_84_73,1.0,0,73,73,62
9,r_97_13_133,r_67_99_61,r_77_7_117,r_97_13_133,0.7,0,133,133,62
49,r_17_118_45,r_28_143_122,seq120,r_17_118_45,0.97,0,45,45,62
47,r_149_63_100,seq148,r_100_66_14,r_149_63_100,0.91,0,100,100,62
40,r_124_11_98,seq125,r_103_10_33,r_124_11_98,0.73,0,98,98,62
17,r_70_38_115,seq71,r_46_92_135,r_70_38_115,0.72,-60,55,115,62
25,r_56_144_1,r_145_62_127,r_28_143_122,r_56_144_1,0.7,126,127,1,62
22,r_53_73_10,r_72_147_65,r_77_7_117,r_72_147_65,0.97,0,65,65,62
32,r_60_79_98,seq61,r_26_76_28,r_60_79_98,0.99,0,98,98,62
38,r_94_27_117,seq93,r_101_25_18,r_101_25_18,0.65,99,117,18,62
28,r_127_49_35,seq135,seq54,r_127_49_35,0.94,0,35,35,62
26,r_12_33_12,r_5_84_73,seq36,r_12_33_12,0.95,0,12,12,62
35,r_146_81_14,r_145_62_127,seq82,r_146_81_14,0.82,-1,13,14,62
1,r_110_136_61,r_57_108_34,r_39_134_27,r_110_136_61,0.75,3,64,61,62
44,r_112_130_27,seq111,seq129,r_112_130_27,0.89,2,29,27,62
48,r_83_90_49,seq82,seq93,r_83_90_49,0.68,0,49,49,62
9,r_97_13_133,r_94_27_117,r_67_99_61,r_67_99_61,0.98,15,76,61,62
33,r_26_76_28,r_32_133_48,seq78,r_26_76_28,0.74,0,28,28,62
21,r_37_132_49,seq36,r_113_126_1,r_37_132_49,1.0,0,49,49,62
29,r_87_95_112,r_98_86_24,r_69_96_49,r_87_95_112,0.95,0,112,112,62
29,r_87_95_112,r_85_142_45,r_98_86_24,r_87_95_112,0.82,-88,24,112,62
51,seq129,seq128,r_112_130_27,r_112_130_27,0.88,2,29,27,62
43,r_72_147_65,r_77_7_117,r_53_73_10,r_53_73_10,0.99,0,10,10,62
84,seq78,r_77_7_117,r_26_76_28,r_26_76_28,0.99,5,33,28,62
12,r_1_74_92,seq3,r_53_73_10,r_1_74_92,0.99,0,92,92,62
30,r_131_58_193,seq128,r_37_59_63,r_37_59_63,0.65,130,193,63,63
28,r_43_94_27,r_39_45_14,seq93,r_43_94_27,0.88,0,27,27,63
14,r_8_74_93,seq10,r_73_135_221,r_8_74_93,0.14,0,93,93,63
8,r_85_99_99,seq92,seq103,r_85_99_99,0.99,0,99,99,63
43,r_100_64_68,seq97,seq62,r_100_64_68,1.0,0,68,68,63
54,seq136,seq140,r_12_147_89,r_12_147_89,1.0,101,190,89,63
59,seq13,r_12_147_89,r_44_15_6,r_12_147_89,1.0,0,89,89,63
5,r_133_53_57,r_113_32_63,seq140,r_113_32_63,0.52,-41,22,63,63
7,r_6_120_67,r_107_5_4,r_7_119_55,r_6_120_67,0.8,0,67,67,63
21,r_61_115_210,seq62,r_30_124_52,r_30_124_52,0.72,158,210,52,63
26,r_101_42_50,r_100_64_68,r_39_45_14,r_101_42_50,0.69,0,50,50,63
27,r_130_90_59,r_131_58_193,seq92,r_130_90_59,1.0,0,59,59,63
33,r_26_89_20,r_25_121_49,seq92,r_26_89_20,0.97,0,20,20,63
7,r_6_120_67,r_7_119_55,r_107_5_4,r_6_120_67,0.67,-12,55,67,63
80,seq69,seq60,r_105_68_85,r_105_68_85,1.0,74,159,85,63
34,r_39_45_14,r_37_59_63,r_34_117_95,r_37_59_63,0.86,-48,15,63,63
45,r_127_138_103,r_126_98_196,seq139,r_127_138_103,0.77,0,103,103,63
24,r_126_98_196,seq128,r_85_99_99,r_126_98_196,0.37,0,196,196,63
19,r_86_146_146,seq92,r_12_147_89,r_86_146_146,0.81,0,146,146,63
51,seq1,r_0_18_61,r_122_3_19,r_122_3_19,0.88,2,21,19,63
31,r_116_104_156,seq111,seq102,r_116_104_156,0.77,0,156,156,63
5,r_133_53_57,seq140,r_95_56_47,r_133_53_57,0.89,0,57,57,63
3,r_46_75_100,r_48_71_181,seq77,r_46_75_100,0.63,0,100,100,63
10,r_105_68_85,seq102,r_20_67_47,r_105_68_85,0.98,0,85,85,63
9,r_25_121_49,seq23,r_30_124_52,r_25_121_49,0.61,0,49,49,63
6,r_125_4_58,r_127_138_103,r_107_5_4,r_125_4_58,0.95,0,58,58,63
54,seq136,r_12_147_89,r_73_135_221,r_73_135_221,0.93,3,224,221,63
4,r_57_76_213,r_55_132_211,r_46_75_100,r_46_75_100,0.99,117,217,100,63
18,r_30_124_52,r_29_83_53,r_25_121_49,r_30_124_52,0.62,0,52,52,63
0,r_0_18_61,seq1,seq17,r_0_18_61,0.81,0,61,61,63
38,r_87_41_55,seq92,r_101_42_50,r_87_41_55,1.0,0,55,55,63
16,r_145_79_22,seq143,seq78,r_145_79_22,0.81,0,22,22,63
20,r_65_142_81,seq62,seq140,r_65_142_81,0.98,1,82,81,63
13,r_37_59_63,seq36,r_95_56_47,r_37_59_63,1.0,0,63,63,63
15,r_113_32_63,seq112,r_14_31_13,r_113_32_63,0.99,0,63,63,63
48,r_73_135_221,seq81,r_8_74_93,r_8_74_93,1.0,1,94,93,63
39,r_14_31_13,r_34_117_95,r_113_32_63,r_113_32_63,0.99,3,66,63,63
57,seq11,r_12_147_89,r_44_15_6,r_12_147_89,1.0,0,89,89,63
2,r_107_5_4,r_6_120_67,r_125_4_58,r_107_5_4,0.59,63,67,4,63
35,r_80_27_24,seq77,seq28,r_80_27_24,0.94,0,24,24,63
41,r_20_67_47,r_66_63_215,r_105_68_85,r_105_68_85,1.0,45,130,85,63
47,r_114_49_204,seq112,r_37_59_63,r_114_49_204,0.54,0,204,204,63
40,r_55_132_211,r_57_76_213,seq128,r_55_132_211,0.34,0,211,211,63
24,r_126_98_196,r_127_138_103,seq128,r_127_138_103,0.98,-9,94,103,63
25,r_34_117_95,seq33,r_30_124_52,r_30_124_52,0.58,43,95,52,63
11,r_70_54_59,r_66_63_215,r_95_56_47,r_95_56_47,1.0,12,59,47,63
58,seq140,r_141_134_63,seq136,r_141_134_63,0.58,0,63,63,63
1,r_2_118_56,r_0_18_61,r_7_119_55,r_0_18_61,0.7,-5,56,61,63
46,r_29_83_53,r_30_124_52,seq81,r_29_83_53,0.99,0,53,53,63
39,r_14_31_13,r_12_147_89,r_34_117_95,r_14_31_13,0.69,0,13,13,63
36,r_95_56_47,r_100_64_68,r_70_54_59,r_70_54_59,1.0,-12,47,59,63
81,seq72,seq69,r_48_71_181,r_48_71_181,1.0,17,198,181,63
17,r_91_35_79,seq92,seq33,r_91_35_79,0.69,0,79,79,63
29,r_122_3_19,r_123_108_129,seq1,r_122_3_19,0.99,1,20,19,63
28,r_43_94_27,seq93,seq96,r_43_94_27,0.35,105,132,27,63
22,r_141_134_63,seq140,seq143,r_141_134_63,0.54,19,82,63,63
41,r_20_67_47,seq21,r_66_63_215,r_20_67_47,1.0,1,48,47,63
49,r_48_71_181,seq47,seq72,r_48_71_181,0.9,0,181,181,63
32,r_7_119_55,r_6_120_67,r_2_118_56,r_2_118_56,1.0,0,56,56,63
23,r_66_63_215,seq69,r_20_67_47,r_20_67_47,1.0,3,50,47,63
42,r_38_137_59,r_37_59_63,seq139,r_38_137_59,1.0,0,59,59,63
79,seq139,seq140,r_38_137_59,r_38_137_59,1.0,3,62,59,63
58,seq140,seq136,r_65_142_81,r_65_142_81,0.96,1,82,81,63
12,r_12_147_89,seq13,seq148,r_12_147_89,0.96,0,89,89,63
23,r_66_63_215,r_20_67_47,r_105_68_85,r_105_68_85,1.0,121,206,85,63
44,r_17_120_108,r_89_16_4,r_118_117_143,r_17_120_108,1.0,0,108,108,64
17,r_73_27_57,r_74_116_139,r_29_28_56,r_73_27_57,1.0,0,57,57,64
32,r_132_0_55,r_131_146_188,seq3,r_132_0_55,0.99,0,55,55,64
14,r_148_101_217,r_149_110_163,seq147,r_149_110_163,0.99,0,163,163,64
8,r_8_18_61,r_9_75_125,r_89_16_4,r_8_18_61,0.76,17,78,61,64
37,r_115_138_63,r_118_117_143,r_142_139_166,r_115_138_63,1.0,0,63,63,64
55,seq15,r_9_75_125,r_140_13_68,r_140_13_68,1.0,15,83,68,64
16,r_79_37_103,r_80_51_158,r_106_39_12,r_79_37_103,0.97,0,103,103,64
21,r_41_127_82,r_42_54_84,r_43_128_5,r_41_127_82,0.99,0,82,82,64
39,r_114_137_150,seq122,r_10_133_20,r_114_137_150,0.67,0,150,150,64
42,r_11_88_130,seq12,seq90,r_11_88_130,0.71,1,131,130,64
45,r_44_1_138,r_42_54_84,r_106_39_12,r_42_54_84,0.92,0,84,84,64
76,seq66,r_69_130_133,r_134_64_110,r_134_64_110,0.53,23,133,110,64
74,seq61,seq59,r_31_62_48,r_31_62_48,1.0,0,48,48,64
31,r_74_116_139,seq72,r_118_117_143,r_118_117_143,0.88,-4,139,143,64
41,r_149_110_163,r_148_101_217,seq111,r_149_110_163,0.82,0,163,163,64
96,seq147,r_148_101_217,r_131_146_188,r_148_101_217,0.6,0,217,217,64
4,r_45_14_115,r_42_54_84,seq38,r_42_54_84,0.99,0,84,84,64
20,r_69_130_133,seq66,r_10_133_20,r_10_133_20,0.47,113,133,20,64
98,seq122,r_125_50_136,seq124,r_125_50_136,1.0,-9,127,136,64
15,r_67_113_95,r_69_130_133,seq111,r_67_113_95,0.98,0,95,95,64
48,r_136_21_62,r_131_146_188,seq20,r_136_21_62,1.0,0,62,62,64
23,r_60_46_23,seq61,seq36,r_60_46_23,0.99,1,24,23,64
13,r_89_16_4,r_17_120_108,r_8_18_61,r_17_120_108,0.98,0,108,108,64
62,seq32,seq33,r_29_28_56,r_29_28_56,0.79,83,139,56,64
11,r_5_7_18,seq3,seq15,r_5_7_18,1.0,3,21,18,64
18,r_30_109_22,r_29_28_56,seq111,r_30_109_22,1.0,0,22,22,64
85,seq90,r_92_97_144,seq58,r_92_97_144,0.34,-37,107,144,64
19,r_10_133_20,r_8_18_61,seq135,r_10_133_20,1.0,0,20,20,64
28,r_87_24_14,r_81_57_165,seq25,r_87_24_14,0.87,3,17,14,64
27,r_144_85_86,r_143_70_116,seq84,r_144_85_86,0.99,0,86,86,64
49,r_106_39_12,seq107,seq40,r_106_39_12,0.98,1,13,12,64
9,r_34_71_19,r_29_28_56,r_74_116_139,r_34_71_19,0.94,0,19,19,64
2,r_145_49_76,seq147,seq52,r_145_49_76,1.0,0,76,76,64
47,r_105_121_169,seq103,r_17_120_108,r_105_121_169,0.89,0,169,169,64
40,r_140_13_68,r_148_101_217,seq15,r_140_13_68,1.0,0,68,68,64
29,r_131_146_188,seq135,seq147,r_131_146_188,0.4,0,188,188,64
24,r_134_64_110,seq135,seq66,r_134_64_110,0.83,0,110,110,64
25,r_43_128_5,r_148_101_217,r_41_127_82,r_41_127_82,0.99,0,82,82,64
45,r_44_1_138,r_106_39_12,r_55_2_127,r_44_1_138,0.98,0,138,138,64
74,seq61,r_60_46_23,seq59,r_60_46_23,0.75,1,24,23,64
33,r_9_75_125,r_11_88_130,r_143_70_116,r_143_70_116,0.82,9,125,116,64
44,r_17_120_108,r_8_18_61,r_89_16_4,r_89_16_4,0.61,22,26,4,64
34,r_142_139_166,r_149_110_163,r_115_138_63,r_115_138_63,1.0,97,160,63,64
30,r_65_141_15,r_67_113_95,r_142_139_166,r_65_141_15,0.86,0,15,15,64
4,r_45_14_115,seq38,r_140_13_68,r_45_14_115,0.98,0,115,115,64
96,seq147,r_143_70_116,r_148_101_217,r_143_70_116,0.9,0,116,116,64
38,r_31_62_48,seq32,seq61,r_31_62_48,0.96,1,49,48,64
22,r_42_54_84,r_45_14_115,seq53,r_42_54_84,0.98,0,84,84,64
1,r_29_28_56,seq32,r_73_27_57,r_73_27_57,0.99,0,57,57,64
44,r_17_120_108,r_118_117_143,r_105_121_169,r_105_121_169,1.0,3,172,169,64
14,r_148_101_217,seq147,r_48_104_156,r_148_101_217,0.98,0,217,217,64
40,r_143_11_103,r_125_144_5,r_84_7_17,r_143_11_103,1.0,0,103,103,65
30,r_145_128_45,seq148,r_12_129_75,r_12_129_75,1.0,8,83,75,65
12,r_44_59_63,seq40,seq60,r_44_59_63,0.91,-16,47,63,65
51,seq130,r_135_99_167,r_41_123_2,r_135_99_167,0.84,-18,149,167,65
23,r_106_146_27,seq105,seq147,r_106_146_27,0.86,1,28,27,65
14,r_101_109_199,seq100,r_126_108_23,r_101_109_199,0.54,0,199,199,65
43,r_8_133_98,r_4_97_114,r_120_134_85,r_8_133_98,0.93,0,98,98,65
60,seq18,seq16,r_36_20_39,r_36_20_39,0.94,10,49,39,65
4,r_4_97_114,r_98_32_160,r_101_109_199,r_98_32_160,1.0,0,160,160,65
19,r_56_78_113,seq54,seq80,r_56_78_113,0.65,1,114,113,65
16,r_91_65_233,seq90,r_15_64_62,r_15_64_62,0.71,171,233,62,65
42,r_74_48_154,seq75,r_34_47_92,r_34_47_92,1.0,70,162,92,65
34,r_15_64_62,r_56_78_113,r_91_65_233,r_15_64_62,0.8,171,233,62,65
46,r_135_99_167,r_131_87_177,r_145_128_45,r_145_128_45,0.85,-10,35,45,65
45,r_88_21_130,seq83,r_36_20_39,r_88_21_130,0.74,0,130,130,65
41,r_57_52_33,r_56_78_113,seq50,r_57_52_33,0.8,-3,30,33,65
9,r_84_7_17,r_88_21_130,seq5,r_84_7_17,0.99,0,17,17,65
19,r_56_78_113,r_57_52_33,seq54,r_56_78_113,0.8,-82,31,113,65
33,r_120_134_85,r_135_99_167,r_8_133_98,r_135_99_167,0.56,-18,149,167,65
31,r_81_39_129,r_74_48_154,r_37_43_72,r_81_39_129,0.93,0,129,129,65
95,seq112,r_111_79_164,seq114,r_111_79_164,1.0,0,164,164,65
31,r_81_39_129,r_82_89_99,r_74_48_154,r_82_89_99,0.94,0,99,99,65
3,r_82_89_99,r_81_39_129,seq96,r_82_89_99,0.97,0,99,99,65
10,r_12_129_75,seq13,r_145_128_45,r_12_129_75,0.82,0,75,75,65
90,seq96,r_95_113_165,r_35_92_112,r_35_92_112,0.99,54,166,112,65
2,r_0_53_29,seq3,seq60,r_0_53_29,0.85,0,29,29,65
26,r_66_110_123,seq67,r_115_141_185,r_66_110_123,0.99,0,123,123,65
72,seq50,seq46,r_77_51_59,r_77_51_59,1.0,16,75,59,65
86,seq85,r_88_21_130,seq83,r_88_21_130,0.94,-73,57,130,65
4,r_4_97_114,seq5,r_98_32_160,r_4_97_114,0.91,1,115,114,65
0,r_136_102_243,r_135_99_167,seq138,r_135_99_167,0.94,-18,149,167,65
63,seq149,seq148,r_106_146_27,r_106_146_27,0.71,81,108,27,65
29,r_77_51_59,r_76_22_133,seq50,r_77_51_59,1.0,0,59,59,65
20,r_55_116_124,r_56_78_113,seq54,r_56_78_113,0.42,-19,94,113,65
13,r_30_9_81,seq31,r_84_7_17,r_30_9_81,0.84,0,81,81,65
46,r_135_99_167,r_145_128_45,r_4_97_114,r_135_99_167,0.92,0,167,167,65
15,r_119_25_113,r_118_86_136,r_49_27_27,r_119_25_113,0.51,0,113,113,65
48,r_76_22_133,seq73,r_119_25_113,r_76_22_133,0.62,0,133,133,65
73,seq54,r_0_53_29,r_57_52_33,r_57_52_33,0.6,121,154,33,65
20,r_55_116_124,seq54,seq114,r_55_116_124,1.0,0,124,124,65
61,seq147,seq148,r_106_146_27,r_106_146_27,0.91,-1,26,27,65
57,seq14,r_15_64_62,r_37_43_72,r_15_64_62,0.99,0,62,62,65
6,r_95_113_165,seq96,seq112,r_95_113_165,0.85,1,166,165,65
21,r_125_144_5,r_143_11_103,seq147,r_143_11_103,1.0,0,103,103,65
85,seq83,r_88_21_130,seq85,r_88_21_130,0.91,-4,126,130,65
4,r_4_97_114,r_101_109_199,r_135_99_167,r_4_97_114,0.53,70,184,114,65
36,r_131_87_177,r_145_128_45,r_118_86_136,r_145_128_45,1.0,132,177,45,65
8,r_41_123_2,r_124_29_125,r_145_128_45,r_41_123_2,0.69,30,32,2,65
27,r_118_86_136,r_119_25_113,r_12_129_75,r_118_86_136,0.61,-23,113,136,65
87,seq90,r_91_65_233,r_82_89_99,r_82_89_99,1.0,136,235,99,65
47,r_10_71_137,seq5,r_132_69_8,r_132_69_8,0.83,129,137,8,65
18,r_38_28_159,r_35_92_112,r_77_51_59,r_77_51_59,0.62,53,112,59,65
36,r_131_87_177,r_135_99_167,r_145_128_45,r_145_128_45,0.84,-11,34,45,65
24,r_45_19_104,seq46,r_36_20_39,r_36_20_39,0.56,65,104,39,65
34,r_15_64_62,r_132_69_8,r_56_78_113,r_56_78_113,1.0,102,215,113,65
25,r_37_43_72,r_38_28_159,seq40,r_37_43_72,0.68,-10,62,72,65
33,r_120_134_85,r_119_25_113,r_135_99_167,r_119_25_113,1.0,-29,84,113,65
1,r_36_20_39,r_38_28_159,seq18,r_36_20_39,0.73,-2,37,39,65
68,seq33,r_34_47_92,r_38_28_159,r_34_47_92,0.71,6,98,92,65
32,r_111_79_164,seq112,seq80,r_111_79_164,0.97,0,164,164,65
38,r_35_92_112,r_38_28_159,seq94,r_35_92_112,0.98,0,112,112,65
34,r_15_64_62,seq14,r_132_69_8,r_15_64_62,0.99,0,62,62,65
17,r_34_47_92,seq33,r_37_43_72,r_34_47_92,0.55,-30,62,92,65
26,r_66_110_123,r_115_141_185,r_126_108_23,r_115_141_185,1.0,0,185,185,65
96,seq114,r_115_141_185,r_95_113_165,r_95_113_165,0.64,26,191,165,65
22,r_98_32_160,r_95_113_165,r_4_97_114,r_4_97_114,1.0,5,119,114,65
28,r_124_29_125,r_41_123_2,seq31,r_124_29_125,0.66,0,125,125,65
91,seq100,r_101_109_199,r_4_97_114,r_4_97_114,1.0,90,204,114,65
49,r_127_2_100,r_124_29_125,seq1,r_127_2_100,0.8,0,100,100,65
56,seq13,r_12_129_75,r_84_7_17,r_12_129_75,0.91,-4,71,75,65
7,r_140_137_216,seq138,r_41_123_2,r_41_123_2,1.0,214,216,2,65
44,r_126_108_23,seq114,r_66_110_123,r_66_110_123,1.0,41,164,123,65
40,r_143_11_103,seq121,r_125_144_5,r_143_11_103,0.72,-76,27,103,65
84,seq80,seq73,r_56_78_113,r_56_78_113,1.0,23,136,113,65
36,r_0_132_104,seq1,r_89_131_65,r_0_132_104,0.94,1,105,104,66
92,seq112,r_108_106_77,r_87_110_82,r_87_110_82,1.0,4,86,82,66
53,seq4,r_3_125_161,r_102_6_38,r_102_6_38,0.84,124,162,38,66
43,r_12_134_145,seq14,r_58_133_16,r_12_134_145,0.81,0,145,145,66
45,r_66_69_14,r_64_42_44,r_70_94_85,r_70_94_85,0.7,-71,14,85,66
59,seq143,r_141_120_196,r_11_147_115,r_11_147_115,1.0,82,197,115,66
16,r_70_94_85,r_66_69_14,seq96,r_70_94_85,0.56,0,85,85,66
39,r_141_120_196,seq143,r_137_139_9,r_141_120_196,0.51,0,196,196,66
1,r_135_62_96,r_136_92_151,r_88_55_57,r_135_62_96,0.9,0,96,96,66
46,r_11_147_115,r_12_134_145,seq146,r_11_147_115,0.85,0,115,115,66
33,r_102_6_38,seq101,seq4,r_102_6_38,1.0,0,38,38,66
30,r_7_39_47,r_109_9_9,r_40_46_125,r_7_39_47,0.95,0,47,47,66
41,r_99_118_44,seq93,seq119,r_99_118_44,1.0,0,44,44,66
26,r_83_86_12,r_99_118_44,seq91,r_99_118_44,1.0,-21,23,44,66
31,r_84_44_1,seq54,r_74_45_72,r_74_45_72,0.83,4,76,72,66
67,seq30,r_29_15_132,r_142_32_61,r_142_32_61,1.0,71,132,61,66
3,r_148_53_61,seq149,seq54,r_148_53_61,0.98,0,61,61,66
10,r_87_110_82,seq91,seq112,r_87_110_82,1.0,0,82,82,66
90,seq105,seq107,r_108_106_77,r_108_106_77,0.56,9,86,77,66
72,seq48,r_50_18_186,r_135_62_96,r_135_62_96,1.0,67,163,96,66
25,r_28_78_54,seq25,seq81,r_28_78_54,1.0,0,54,54,66
0,r_117_97_90,seq114,seq96,r_117_97_90,0.93,0,90,90,66
63,seq20,r_19_72_188,r_50_18_186,r_50_18_186,0.81,2,188,186,66
11,r_3_125_161,seq4,seq126,r_3_125_161,0.75,0,161,161,66
47,r_61_65_29,r_64_42_44,seq56,r_61_65_29,0.43,0,29,29,66
30,r_7_39_47,r_37_16_72,r_109_9_9,r_109_9_9,0.74,1,10,9,66
15,r_89_131_65,seq91,r_136_92_151,r_89_131_65,0.99,1,66,65,66
48,r_49_13_168,r_50_18_186,r_29_15_132,r_29_15_132,0.97,36,168,132,66
4,r_40_46_125,r_7_39_47,r_88_55_57,r_40_46_125,0.83,-4,121,125,66
6,r_22_8_81,seq23,r_109_9_9,r_22_8_81,0.94,0,81,81,66
27,r_63_98_107,r_60_77_186,r_117_97_90,r_117_97_90,0.95,17,107,90,66
29,r_47_122_36,r_50_18_186,seq124,r_47_122_36,0.98,0,36,36,66
12,r_76_82_56,seq75,r_28_78_54,r_28_78_54,0.99,2,56,54,66
38,r_31_103_56,r_29_15_132,seq100,r_31_103_56,1.0,0,56,56,66
2,r_142_32_61,seq143,seq30,r_142_32_61,0.99,0,61,61,66
4,r_40_46_125,r_83_86_12,r_7_39_47,r_7_39_47,1.0,0,47,47,66
40,r_29_15_132,seq30,seq14,r_29_15_132,0.65,0,132,132,66
18,r_50_18_186,seq48,r_37_16_72,r_50_18_186,0.45,0,186,186,66
24,r_37_16_72,r_31_103_56,r_104_36_18,r_104_36_18,0.61,2,20,18,66
81,seq75,r_76_82_56,seq73,r_76_82_56,0.99,0,56,56,66
23,r_136_92_151,seq113,seq91,r_136_92_151,1.0,0,151,151,66
42,r_58_133_16,seq56,r_136_92_151,r_58_133_16,0.95,0,16,16,66
65,seq23,r_22_8_81,seq21,r_22_8_81,0.88,0,81,81,66
20,r_64_42_44,r_63_98_107,r_68_41_26,r_64_42_44,0.71,0,44,44,66
42,r_58_133_16,r_136_92_151,r_12_134_145,r_58_133_16,0.61,135,151,16,66
61,seq17,seq21,r_37_16_72,r_37_16_72,0.77,11,83,72,66
9,r_104_36_18,r_37_16_72,seq34,r_37_16_72,0.93,0,72,72,66
45,r_66_69_14,r_70_94_85,r_79_71_76,r_66_69_14,0.92,71,85,14,66
17,r_79_71_76,seq81,r_66_69_14,r_79_71_76,0.95,0,76,76,66
44,r_109_9_9,r_7_39_47,r_22_8_81,r_7_39_47,1.0,0,47,47,66
5,r_88_55_57,r_89_131_65,seq56,r_88_55_57,0.65,0,57,57,66
13,r_95_35_23,seq93,r_104_36_18,r_95_35_23,1.0,0,23,23,66
24,r_37_16_72,r_104_36_18,seq17,r_37_16_72,0.78,0,72,72,66
28,r_111_130_73,r_99_118_44,r_89_131_65,r_111_130_73,0.4,148,221,73,66
28,r_111_130_73,seq112,r_99_118_44,r_99_118_44,0.99,112,156,44,66
68,seq33,r_31_103_56,seq34,r_31_103_56,1.0,-1,55,56,66
35,r_121_85_27,seq124,seq80,r_121_85_27,0.99,1,28,27,66
56,seq10,r_11_147_115,seq14,r_11_147_115,1.0,-42,73,115,66
7,r_108_106_77,seq112,seq105,r_108_106_77,0.76,9,86,77,66
8,r_74_45_72,r_76_82_56,r_84_44_1,r_74_45_72,0.95,-26,46,72,66
9,r_104_36_18,seq105,r_37_16_72,r_104_36_18,0.99,0,18,18,66
23,r_136_92_151,r_135_62_96,seq113,r_135_62_96,1.0,0,96,96,66
15,r_89_131_65,r_136_92_151,r_0_132_104,r_89_131_65,0.7,52,117,65,66
36,r_31_8_143,r_30_145_197,r_68_9_58,r_30_145_197,0.81,-54,143,197,67
29,r_46_133_45,seq47,seq132,r_46_133_45,1.0,0,45,45,67
8,r_99_53_171,r_98_93_139,r_75_96_63,r_75_96_63,1.0,76,139,63,67
58,seq15,seq25,r_125_14_153,r_125_14_153,1.0,5,158,153,67
43,r_12_19_156,seq10,r_60_18_27,r_60_18_27,0.32,124,151,27,67
86,seq95,seq92,r_112_94_158,r_112_94_158,0.99,4,162,158,67
16,r_98_93_139,r_99_53_171,seq95,r_98_93_139,0.57,0,139,139,67
21,r_63_140_73,r_65_37_163,seq137,r_63_140_73,1.0,0,73,73,67
1,r_131_62_144,r_139_130_3,r_66_113_191,r_131_62_144,0.72,0,144,144,67
47,r_97_109_134,r_75_96_63,r_108_147_200,r_97_109_134,0.99,0,134,134,67
5,r_26_44_172,seq27,r_32_43_14,r_32_43_14,0.62,158,172,14,67
46,r_21_83_186,r_20_134_161,seq22,r_20_134_161,0.91,0,161,161,67
42,r_17_87_84,seq15,seq86,r_17_87_84,0.99,0,84,84,67
62,seq25,r_24_45_39,seq15,r_24_45_39,1.0,3,42,39,67
37,r_24_45_39,seq25,r_49_144_214,r_24_45_39,0.58,-18,21,39,67
19,r_0_52_95,seq2,r_11_51_100,r_0_52_95,0.76,-10,85,95,67
27,r_105_7_127,r_61_106_61,seq5,r_105_7_127,0.99,0,127,127,67
38,r_77_148_80,seq146,r_108_147_200,r_108_147_200,0.77,1,201,200,67
31,r_85_141_22,r_80_84_37,seq143,r_85_141_22,0.8,0,22,22,67
41,r_139_130_3,r_131_62_144,r_3_129_19,r_139_130_3,0.65,141,144,3,67
3,r_49_144_214,seq50,r_20_134_161,r_20_134_161,0.93,53,214,161,67
10,r_128_73_131,r_131_62_144,seq72,r_128_73_131,0.87,0,131,131,67
90,seq107,r_112_94_158,r_97_109_134,r_97_109_134,0.49,9,143,134,67
72,seq56,seq55,r_126_58_71,r_126_58_71,1.0,66,137,71,67
4,r_60_18_27,r_65_37_163,seq22,r_60_18_27,0.95,0,27,27,67
0,r_36_71_127,seq39,seq72,r_36_71_127,0.99,1,128,127,67
2,r_125_14_153,r_3_129_19,seq15,r_125_14_153,0.98,1,154,153,67
11,r_126_58_71,seq127,r_34_57_52,r_126_58_71,1.0,0,71,71,67
20,r_81_88_197,seq78,r_112_94_158,r_112_94_158,0.94,39,197,158,67
15,r_90_1_73,seq92,seq2,r_90_1_73,1.0,0,73,73,67
30,r_34_57_52,seq33,seq56,r_34_57_52,1.0,0,52,52,67
6,r_30_145_197,r_31_8_143,r_114_29_45,r_114_29_45,0.99,98,143,45,67
27,r_105_7_127,r_116_16_120,r_61_106_61,r_105_7_127,0.75,-65,62,127,67
22,r_61_106_61,r_105_7_127,seq146,r_105_7_127,0.99,0,127,127,67
22,r_61_106_61,seq146,r_3_129_19,r_3_129_19,0.5,135,154,19,67
2,r_125_14_153,r_128_73_131,r_3_129_19,r_125_14_153,0.41,-45,108,153,67
47,r_97_109_134,r_99_53_171,r_75_96_63,r_75_96_63,1.0,12,75,63,67
40,r_66_113_191,r_65_37_163,r_131_62_144,r_66_113_191,0.63,-28,163,191,67
45,r_64_110_17,r_60_18_27,r_111_38_204,r_64_110_17,1.0,0,17,17,67
18,r_65_37_163,r_66_113_191,r_32_43_14,r_65_37_163,0.77,0,163,163,67
8,r_99_53_171,r_75_96_63,r_34_57_52,r_99_53_171,0.98,0,171,171,67
24,r_103_91_174,seq104,r_112_94_158,r_103_91_174,0.59,0,174,174,67
47,r_97_109_134,r_108_147_200,r_66_113_191,r_66_113_191,0.75,7,198,191,67
25,r_149_142_73,seq146,seq143,r_149_142_73,0.85,0,73,73,67
33,r_100_48_157,seq104,seq50,r_100_48_157,0.96,0,157,157,67
44,r_114_29_45,r_112_94_158,r_30_145_197,r_114_29_45,1.0,0,45,45,67
50,seq2,r_0_52_95,r_90_1_73,r_90_1_73,0.69,0,73,73,67
58,seq15,r_17_87_84,seq25,r_17_87_84,0.98,0,84,84,67
38,r_77_148_80,seq76,seq146,r_77_148_80,0.97,0,80,80,67
77,seq72,seq70,r_128_73_131,r_128_73_131,0.76,8,139,131,67
64,seq33,r_34_57_52,seq40,r_34_57_52,1.0,0,52,52,67
32,r_3_129_19,seq2,r_139_130_3,r_3_129_19,0.99,0,19,19,67
46,r_21_83_186,seq22,r_80_84_37,r_21_83_186,0.83,0,186,186,67
69,seq47,r_46_133_45,seq50,r_46_133_45,1.0,0,45,45,67
17,r_75_96_63,seq74,r_97_109_134,r_75_96_63,0.9,0,63,63,67
14,r_68_9_58,seq69,seq10,r_68_9_58,1.0,0,58,58,67
9,r_20_134_161,r_21_83_186,r_46_133_45,r_21_83_186,0.65,-25,161,186,67
1,r_131_62_144,r_66_113_191,seq67,r_131_62_144,0.53,47,191,144,67
48,r_111_38_204,r_112_94_158,r_64_110_17,r_111_38_204,0.89,-150,54,204,67
12,r_108_147_200,r_97_109_134,r_77_148_80,r_108_147_200,0.86,0,200,200,67
49,r_54_82_29,seq55,r_80_84_37,r_54_82_29,0.99,0,29,29,67
6,r_30_145_197,r_114_29_45,r_20_134_161,r_20_134_161,0.56,36,197,161,67
22,r_61_106_61,r_65_37_163,r_105_7_127,r_61_106_61,1.0,0,61,61,67
40,r_66_113_191,r_131_62_144,r_64_110_17,r_66_113_191,1.0,0,191,191,67
23,r_116_16_120,r_115_59_128,seq15,r_116_16_120,0.98,0,120,120,67
17,r_75_96_63,r_97_109_134,seq102,r_97_109_134,1.0,-2,132,134,67
82,seq86,seq89,r_17_87_84,r_17_87_84,1.0,60,144,84,67
35,r_112_94_158,r_111_38_204,seq95,r_112_94_158,0.92,0,158,158,67
12,r_108_147_200,r_111_38_204,r_97_109_134,r_97_109_134,0.98,9,143,134,67
39,r_28_13_50,r_26_44_172,seq10,r_28_13_50,0.85,0,50,50,67
84,seq143,seq132,r_149_142_73,r_149_142_73,1.0,10,83,73,67
30,r_112_104_83,r_113_0_194,r_1_105_6,r_112_104_83,0.6,0,83,83,68
36,r_80_111_156,r_81_30_155,seq110,r_80_111_156,0.91,0,156,156,68
92,seq102,r_103_59_180,seq96,r_103_59_180,0.84,-36,144,180,68
8,r_113_0_194,r_112_104_83,seq110,r_112_104_83,0.69,0,83,83,68
54,seq8,seq9,r_69_3_58,r_69_3_58,1.0,121,179,58,68
22,r_52_17_52,seq60,r_18_95_155,r_52_17_52,1.0,0,52,52,68
59,seq144,r_142_37_112,seq147,r_142_37_112,0.98,0,112,112,68
71,seq48,seq60,r_116_49_69,r_116_49_69,1.0,6,75,69,68
86,seq92,r_93_10_182,r_36_89_181,r_36_89_181,0.6,1,182,181,68
21,r_34_12_94,r_36_89_181,r_138_13_6,r_34_12_94,0.99,0,94,94,68
39,r_142_37_112,seq144,seq39,r_142_37_112,0.94,0,112,112,68
1,r_38_15_105,seq39,seq14,r_38_15_105,0.99,0,105,105,68
97,seq122,seq126,r_75_125_118,r_75_125_118,1.0,32,150,118,68
5,r_121_25_70,seq124,seq27,r_121_25_70,1.0,0,70,70,68
46,r_134_58_87,seq137,seq60,r_134_58_87,0.96,1,88,87,68
42,r_70_42_160,seq67,seq41,r_70_42_160,0.9,0,160,160,68
35,r_103_59_180,r_106_16_173,r_1_105_6,r_1_105_6,0.86,24,30,6,68
80,seq78,r_80_111_156,r_70_42_160,r_80_111_156,0.6,-63,93,156,68
41,r_64_90_105,r_69_3_58,r_43_65_24,r_64_90_105,0.47,-80,25,105,68
19,r_107_55_93,seq108,seq56,r_107_55_93,0.99,1,94,93,68
15,r_141_31_19,r_38_15_105,r_61_32_85,r_141_31_19,0.59,84,103,19,68
11,r_1_105_6,r_103_59_180,r_112_104_83,r_103_59_180,0.67,0,180,180,68
14,r_136_35_36,r_135_123_166,seq39,r_136_35_36,0.93,1,37,36,68
68,seq33,r_34_12_94,r_136_35_36,r_136_35_36,0.75,1,37,36,68
94,seq110,r_109_86_63,r_113_0_194,r_109_86_63,0.93,-16,47,63,68
31,r_146_100_182,seq147,seq102,r_146_100_182,0.28,0,182,182,68
9,r_69_3_58,r_88_68_2,r_51_6_27,r_69_3_58,0.94,0,58,58,68
67,seq29,r_28_128_125,r_61_32_85,r_61_32_85,0.68,51,136,85,68
12,r_51_6_27,seq50,seq5,r_51_6_27,1.0,0,27,27,68
10,r_36_89_181,seq33,r_140_91_80,r_36_89_181,0.74,0,181,181,68
56,seq11,seq14,r_138_13_6,r_138_13_6,0.99,8,14,6,68
3,r_66_77_49,r_76_40_106,r_127_73_18,r_76_40_106,1.0,0,106,106,68
26,r_19_74_88,r_18_95_155,r_75_125_118,r_19_74_88,0.81,0,88,88,68
15,r_141_31_19,r_146_100_182,r_38_15_105,r_141_31_19,0.93,0,19,19,68
4,r_61_32_85,r_62_118_195,r_141_31_19,r_61_32_85,1.0,0,85,85,68
0,r_93_10_182,seq92,seq9,r_93_10_182,0.45,0,182,182,68
73,seq137,r_135_123_166,r_44_149_59,r_44_149_59,0.99,116,175,59,68
20,r_76_40_106,seq71,r_66_77_49,r_66_77_49,0.55,16,65,49,68
3,r_66_77_49,r_69_3_58,r_76_40_106,r_69_3_58,0.96,-9,49,58,68
13,r_75_125_118,seq71,r_19_74_88,r_19_74_88,1.0,2,90,88,68
98,seq124,seq126,r_75_125_118,r_75_125_118,1.0,21,139,118,68
23,r_43_65_24,r_34_12_94,r_64_90_105,r_43_65_24,1.0,0,24,24,68
20,r_76_40_106,r_66_77_49,seq41,r_76_40_106,0.97,0,106,106,68
27,r_21_139_121,seq22,seq147,r_21_139_121,0.7,0,121,121,68
34,r_44_149_59,r_80_111_156,seq148,r_44_149_59,0.85,-9,50,59,68
25,r_18_95_155,r_19_74_88,r_52_17_52,r_18_95_155,0.77,-104,51,155,68
87,seq94,seq97,r_18_95_155,r_18_95_155,0.98,5,160,155,68
22,r_52_17_52,r_18_95_155,r_121_25_70,r_52_17_52,0.76,103,155,52,68
2,r_109_86_63,seq110,seq85,r_109_86_63,1.0,0,63,63,68
41,r_64_90_105,r_43_65_24,seq92,r_64_90_105,1.0,0,105,105,68
47,r_106_16_173,r_103_59_180,r_121_25_70,r_121_25_70,0.8,103,173,70,68
74,seq56,seq60,r_107_55_93,r_107_55_93,1.0,6,99,93,68
18,r_133_20_168,r_132_143_192,r_121_25_70,r_132_143_192,0.77,-24,168,192,68
29,r_7_114_115,seq8,r_75_125_118,r_7_114_115,1.0,0,115,115,68
35,r_103_59_180,r_1_105_6,seq60,r_103_59_180,0.97,0,180,180,68
26,r_19_74_88,r_75_125_118,r_127_73_18,r_75_125_118,1.0,0,118,118,68
33,r_145_46_94,seq144,r_53_47_37,r_145_46_94,0.99,0,94,94,68
70,seq41,r_136_35_36,r_70_42_160,r_70_42_160,1.0,1,161,160,68
80,seq78,r_70_42_160,seq83,r_70_42_160,0.85,-5,155,160,68
77,seq67,r_127_73_18,r_88_68_2,r_88_68_2,0.64,120,122,2,68
32,r_135_123_166,seq137,seq122,r_135_123_166,0.67,0,166,166,68
38,r_81_30_155,r_80_111_156,seq33,r_81_30_155,0.79,0,155,155,68
77,seq67,r_88_68_2,r_127_73_18,r_127_73_18,0.86,83,101,18,68
17,r_117_54_101,seq119,seq60,r_117_54_101,1.0,0,101,101,68
25,r_18_95_155,r_52_17_52,seq94,r_18_95_155,0.99,0,155,155,68
7,r_28_128_125,seq29,seq129,r_28_128_125,0.99,0,125,125,68
44,r_140_91_80,seq147,seq92,r_140_91_80,0.88,0,80,80,68
13,r_75_125_118,r_19_74_88,seq124,r_75_125_118,1.0,0,118,118,68
43,r_115_87_9,r_93_10_182,seq84,r_93_10_182,0.7,-172,10,182,68
94,seq110,r_113_0_194,r_80_111_156,r_80_111_156,0.98,28,184,156,68
37,r_127_73_18,seq124,seq72,r_127_73_18,0.66,0,18,18,68
23,r_43_65_24,r_64_90_105,r_127_73_18,r_64_90_105,0.97,0,105,105,68
30,r_146_48_170,r_145_79_183,r_21_47_99,r_146_48_170,0.73,0,170,170,69
36,r_30_58_43,r_62_15_112,r_74_57_52,r_62_15_112,0.91,-19,93,112,69
37,r_36_92_16,r_14_37_174,r_93_73_125,r_36_92_16,0.99,0,16,16,69
14,r_134_72_176,r_138_67_160,r_9_131_117,r_9_131_117,0.95,15,132,117,69
8,r_138_67_160,r_140_84_117,r_89_139_113,r_138_67_160,0.82,-43,117,160,69
53,seq132,r_133_43_106,seq129,r_133_43_106,1.0,0,106,106,69
43,r_144_130_147,r_146_48_170,r_9_131_117,r_9_131_117,0.96,30,147,117,69
4,r_33_44_52,r_34_136_96,seq46,r_33_44_52,0.99,1,53,52,69
10,r_83_65_11,r_82_80_108,r_66_135_104,r_83_65_11,0.77,-1,10,11,69
19,r_66_135_104,r_83_65_11,r_34_136_96,r_66_135_104,0.99,0,104,104,69
26,r_74_57_52,seq71,r_30_58_43,r_74_57_52,1.0,0,52,52,69
1,r_133_43_106,seq132,r_33_44_52,r_133_43_106,1.0,0,106,106,69
97,seq123,r_122_106_122,r_42_111_24,r_42_111_24,1.0,120,144,24,69
46,r_26_68_74,seq25,seq88,r_26_68_74,0.97,0,74,74,69
42,r_145_79_183,seq143,r_149_77_97,r_149_77_97,1.0,86,183,97,69
85,seq91,r_98_125_108,r_36_92_16,r_98_125_108,0.98,-53,55,108,69
7,r_96_147_44,r_29_128_4,seq148,r_96_147_44,0.43,79,123,44,69
10,r_83_65_11,seq53,r_8_64_135,r_8_64_135,0.6,7,142,135,69
45,r_38_120_191,seq41,r_95_121_122,r_38_120_191,0.38,0,191,191,69
41,r_49_81_25,seq51,seq86,r_49_81_25,0.99,0,25,25,69
21,r_22_50_80,r_83_65_11,seq51,r_22_50_80,0.91,81,161,80,69
95,seq114,r_113_124_151,r_42_111_24,r_42_111_24,1.0,127,151,24,69
66,seq31,r_34_136_96,r_40_32_16,r_34_136_96,0.47,1,97,96,69
31,r_95_121_122,r_98_125_108,seq91,r_98_125_108,1.0,0,108,108,69
31,r_95_121_122,seq91,r_119_118_161,r_95_121_122,1.0,1,123,122,69
20,r_40_32_16,r_42_111_24,seq31,r_40_32_16,1.0,0,16,16,69
0,r_89_139_113,seq88,seq141,r_89_139_113,0.99,0,113,113,69
15,r_61_90_40,r_62_15_112,seq91,r_61_90_40,1.0,0,40,40,69
13,r_62_15_112,seq63,r_14_37_174,r_62_15_112,0.83,0,112,112,69
48,r_55_112_116,seq53,r_42_111_24,r_55_112_116,0.81,0,116,116,69
13,r_62_15_112,r_14_37_174,r_24_16_177,r_14_37_174,0.87,0,174,174,69
7,r_96_147_44,r_95_121_122,r_29_128_4,r_96_147_44,1.0,0,44,44,69
10,r_83_65_11,r_66_135_104,seq53,r_66_135_104,0.9,0,104,104,69
27,r_4_56_160,seq5,r_74_57_52,r_4_56_160,0.5,0,160,160,69
96,seq117,r_119_118_161,r_23_116_33,r_23_116_33,1.0,1,34,33,69
47,r_137_115_48,r_138_67_160,r_23_116_33,r_23_116_33,0.73,20,53,33,69
40,r_142_94_83,r_146_48_170,r_36_92_16,r_142_94_83,1.0,0,83,83,69
18,r_122_106_122,seq123,seq104,r_122_106_122,0.52,0,122,122,69
29,r_14_37_174,seq13,r_62_15_112,r_62_15_112,1.0,17,129,112,69
24,r_9_131_117,r_4_56_160,seq132,r_9_131_117,0.99,0,117,117,69
33,r_8_64_135,r_4_56_160,r_83_65_11,r_83_65_11,0.49,124,135,11,69
58,seq143,r_145_79_183,seq141,r_145_79_183,1.0,0,183,183,69
19,r_66_135_104,r_62_15_112,r_83_65_11,r_83_65_11,0.86,-1,10,11,69
21,r_22_50_80,r_23_116_33,r_14_37_174,r_23_116_33,1.0,0,33,33,69
38,r_140_84_117,r_138_67_160,r_49_81_25,r_140_84_117,0.97,0,117,117,69
29,r_14_37_174,r_62_15_112,seq41,r_14_37_174,0.66,0,174,174,69
3,r_23_116_33,r_22_50_80,seq117,r_23_116_33,1.0,0,33,33,69
25,r_42_111_24,seq41,seq114,r_42_111_24,1.0,-1,23,24,69
9,r_149_77_97,seq148,r_70_78_118,r_149_77_97,1.0,0,97,97,69
34,r_97_35_14,r_98_125_108,seq31,r_97_35_14,0.69,7,21,14,69
37,r_36_92_16,r_93_73_125,r_142_94_83,r_142_94_83,0.62,42,125,83,69
21,r_22_50_80,r_14_37_174,seq51,r_22_50_80,0.99,6,86,80,69
14,r_134_72_176,r_9_131_117,seq71,r_134_72_176,0.82,0,176,176,69
91,seq105,seq109,r_122_106_122,r_122_106_122,0.48,0,122,122,69
90,seq104,seq108,r_122_106_122,r_122_106_122,1.0,0,122,122,69
36,r_30_58_43,seq28,r_62_15_112,r_30_58_43,0.99,0,43,43,69
49,r_107_39_160,seq109,seq108,r_107_39_160,0.57,-86,74,160,69
97,seq123,r_42_111_24,r_113_124_151,r_113_124_151,1.0,0,151,151,69
8,r_138_67_160,r_89_139_113,r_8_64_135,r_138_67_160,1.0,0,160,160,69
23,r_93_73_125,seq91,seq75,r_93_73_125,0.72,0,125,125,69
65,seq28,r_30_58_43,seq25,r_30_58_43,0.98,0,43,43,69
35,r_34_136_96,seq31,r_66_135_104,r_34_136_96,0.97,2,98,96,69
51,seq129,seq128,r_60_130_78,r_60_130_78,1.0,30,108,78,70
36,r_62_30_108,r_63_61_82,r_33_79_193,r_62_30_108,0.9,-1,107,108,70
92,seq106,r_108_15_152,seq104,r_108_15_152,0.83,0,152,152,70
14,r_141_53_142,seq143,r_85_56_76,r_141_53_142,0.74,1,143,142,70
8,r_108_15_152,r_105_31_152,r_28_16_6,r_28_16_6,0.54,146,152,6,70
53,seq149,seq147,r_125_148_61,r_125_148_61,1.0,55,116,61,70
54,seq7,r_5_118_197,r_107_4_129,r_107_4_129,0.95,60,189,129,70
37,r_25_36_131,seq24,seq34,r_25_36_131,0.41,1,132,131,70
71,seq44,r_43_45_252,r_96_42_157,r_96_42_157,1.0,95,252,157,70
23,r_46_131_9,seq128,r_29_132_51,r_29_132_51,0.99,11,62,51,70
16,r_73_72_129,seq75,seq71,r_73_72_129,0.71,3,132,129,70
21,r_100_48_71,seq97,r_134_47_67,r_100_48_71,1.0,2,73,71,70
39,r_105_31_152,r_108_15_152,r_62_30_108,r_62_30_108,0.73,44,152,108,70
1,r_96_42_157,r_95_2_64,r_112_94_82,r_95_2_64,0.51,0,64,64,70
5,r_63_61_82,r_62_30_108,seq58,r_62_30_108,0.64,-9,99,108,70
42,r_144_110_89,seq143,seq114,r_144_110_89,0.99,0,89,89,70
15,r_113_23_48,seq114,seq24,r_113_23_48,1.0,0,48,48,70
45,r_146_64_153,seq147,seq67,r_146_64_153,0.94,0,153,153,70
19,r_90_120_181,r_91_35_228,r_65_126_33,r_91_35_228,0.56,-47,181,228,70
66,seq24,r_26_66_245,r_59_27_150,r_59_27_150,0.91,98,248,150,70
0,r_65_126_33,r_63_61_82,seq127,r_65_126_33,1.0,0,33,33,70
25,r_119_69_13,seq116,seq67,r_119_69_13,0.92,1,14,13,70
31,r_32_99_124,r_33_79_193,seq97,r_32_99_124,0.92,1,125,124,70
41,r_60_130_78,r_59_27_150,seq129,r_60_130_78,1.0,0,78,78,70
67,seq34,r_25_36_131,r_91_35_228,r_91_35_228,0.89,27,255,228,70
3,r_101_22_148,seq103,seq24,r_101_22_148,0.74,0,148,148,70
10,r_57_54_186,r_59_27_150,r_85_56_76,r_57_54_186,0.83,-36,150,186,70
90,seq103,r_101_22_148,r_70_102_12,r_101_22_148,0.8,0,148,148,70
26,r_33_79_193,r_32_99_124,r_62_30_108,r_33_79_193,0.9,-68,125,193,70
72,seq49,seq51,r_63_61_82,r_63_61_82,0.53,41,123,82,70
4,r_43_45_252,seq44,r_134_47_67,r_134_47_67,1.0,188,255,67,70
78,seq71,seq67,r_73_72_129,r_73_72_129,0.94,83,212,129,70
73,seq51,seq49,r_109_50_42,r_109_50_42,1.0,81,123,42,70
11,r_6_145_72,r_5_118_197,r_1_142_43,r_5_118_197,1.0,-125,72,197,70
13,r_124_92_173,seq122,r_18_93_74,r_124_92_173,0.72,0,173,173,70
48,r_85_56_76,seq88,seq58,r_85_56_76,0.95,0,76,76,70
6,r_111_37_178,seq114,r_25_36_131,r_25_36_131,0.86,47,178,131,70
99,seq127,r_124_92_173,r_65_126_33,r_65_126_33,0.81,36,69,33,70
83,seq82,seq81,r_135_76_195,r_135_76_195,0.69,26,221,195,70
36,r_62_30_108,r_33_79_193,r_105_31_152,r_105_31_152,0.96,41,193,152,70
22,r_70_102_12,seq71,seq103,r_70_102_12,0.81,0,12,12,70
2,r_112_94_82,seq114,r_96_42_157,r_112_94_82,0.95,0,82,82,70
47,r_80_87_53,seq78,seq88,r_80_87_53,0.95,0,53,53,70
40,r_83_12_178,seq82,r_108_15_152,r_108_15_152,0.68,26,178,152,70
74,seq52,r_68_0_130,r_85_56_76,r_68_0_130,0.6,-7,123,130,70
18,r_91_35_228,r_85_56_76,r_18_93_74,r_91_35_228,0.97,-152,76,228,70
29,r_68_0_130,seq67,r_95_2_64,r_68_0_130,0.95,0,130,130,70
33,r_125_148_61,r_124_92_173,seq149,r_125_148_61,1.0,0,61,61,70
48,r_85_56_76,seq58,r_57_54_186,r_57_54_186,0.44,52,238,186,70
50,seq128,seq129,r_29_132_51,r_29_132_51,1.0,65,116,51,70
58,seq11,seq10,r_28_16_6,r_28_16_6,0.62,137,143,6,70
32,r_95_2_64,r_96_42_157,seq3,r_95_2_64,0.99,0,64,64,70
77,seq67,r_68_0_130,r_119_69_13,r_68_0_130,1.0,0,130,130,70
9,r_29_132_51,r_33_79_193,r_46_131_9,r_29_132_51,0.99,0,51,51,70
17,r_18_93_74,seq19,r_91_35_228,r_18_93_74,1.0,5,79,74,70
94,seq147,r_146_64_153,r_125_148_61,r_125_148_61,0.7,72,133,61,70
26,r_33_79_193,r_62_30_108,seq78,r_33_79_193,0.9,0,193,193,70
37,r_25_36_131,seq34,r_111_37_178,r_111_37_178,1.0,18,196,178,70
28,r_107_4_129,r_108_15_152,seq7,r_107_4_129,0.96,0,129,129,70
91,seq104,r_108_15_152,seq114,r_108_15_152,0.82,0,152,152,70
84,seq84,seq88,r_124_92_173,r_124_92_173,1.0,28,201,173,70
49,r_135_76_195,seq140,seq75,r_135_76_195,0.26,0,195,195,70
7,r_74_136_94,seq75,seq140,r_74_136_94,0.99,0,94,94,70
44,r_59_27_150,seq58,seq24,r_59_27_150,0.94,0,150,150,70
17,r_18_93_74,r_91_35_228,r_124_92_173,r_124_92_173,1.0,55,228,173,70
12,r_134_47_67,r_133_115_178,r_100_48_71,r_134_47_67,1.0,1,68,67,70
84,seq84,r_124_92_173,r_96_42_157,r_124_92_173,0.79,65,238,173,70
84,seq84,r_85_56_76,seq88,r_85_56_76,0.68,40,116,76,70
30,r_103_21_77,r_102_31_101,seq22,r_103_21_77,0.48,0,77,77,71
73,seq52,seq84,r_64_119_136,r_64_119_136,0.41,-125,11,136,71
70,seq44,seq34,r_41_45_201,r_41_45_201,0.68,0,201,201,71
16,r_59_132_14,r_62_49_172,r_149_130_51,r_59_132_14,0.82,0,14,14,71
14,r_81_83_36,r_76_20_126,seq86,r_76_20_126,0.62,-52,74,126,71
8,r_133_47_109,seq139,seq46,r_133_47_109,0.99,0,109,109,71
43,r_90_25_57,r_91_77_181,seq24,r_90_25_57,1.0,0,57,57,71
0,r_69_92_27,seq72,seq93,r_69_92_27,1.0,0,27,27,71
6,r_28_51_88,seq26,seq52,r_28_51_88,1.0,0,88,88,71
83,seq84,seq86,r_145_87_152,r_145_87_152,1.0,1,153,152,71
71,seq46,seq44,r_133_47_109,r_133_47_109,0.83,2,111,109,71
21,r_37_122_155,r_38_60_68,seq34,r_38_60_68,1.0,2,70,68,71
39,r_56_134_120,seq55,r_143_131_109,r_56_134_120,1.0,0,120,120,71
46,r_42_88_233,r_40_43_195,seq39,r_42_88_233,0.39,-38,195,233,71
42,r_102_31_101,seq101,seq32,r_102_31_101,0.95,0,101,101,71
69,seq39,r_42_88_233,r_62_49_172,r_62_49_172,0.52,41,213,172,71
45,r_109_144_107,r_108_48_143,r_4_146_31,r_109_144_107,0.97,2,109,107,71
24,r_67_95_156,r_94_66_9,r_69_92_27,r_94_66_9,0.6,147,156,9,71
19,r_125_73_92,seq123,seq74,r_125_73_92,1.0,0,92,92,71
66,seq32,r_30_79_82,seq29,r_30_79_82,0.96,0,82,82,71
67,seq34,r_35_113_69,seq46,r_35_113_69,1.0,-2,67,69,71
10,r_64_119_136,seq63,r_143_131_109,r_64_119_136,0.95,0,136,136,71
90,seq110,r_108_48_143,r_35_113_69,r_35_113_69,0.95,74,143,69,71
26,r_71_0_193,seq72,r_7_2_38,r_71_0_193,0.79,1,194,193,71
14,r_81_83_36,seq86,seq84,r_81_83_36,0.74,124,160,36,71
66,seq32,seq29,r_102_31_101,r_102_31_101,1.0,2,103,101,71
17,r_3_118_48,r_14_65_219,seq117,r_3_118_48,1.0,0,48,48,71
20,r_58_99_98,seq57,r_27_107_84,r_58_99_98,1.0,1,99,98,71
13,r_27_107_84,seq26,seq106,r_27_107_84,0.99,0,84,84,71
15,r_30_79_82,seq32,r_98_80_85,r_30_79_82,1.0,0,82,82,71
48,r_33_126_70,r_30_79_82,seq127,r_33_126_70,1.0,0,70,70,71
6,r_28_51_88,r_30_79_82,seq26,r_30_79_82,0.35,-45,37,82,71
62,seq22,seq24,r_103_21_77,r_103_21_77,1.0,42,119,77,71
85,seq89,r_38_60_68,r_28_51_88,r_38_60_68,1.0,-5,63,68,71
4,r_143_131_109,seq139,r_149_130_51,r_149_130_51,0.71,-17,34,51,71
27,r_35_113_69,seq34,seq112,r_35_113_69,1.0,0,69,69,71
47,r_54_5_88,r_56_134_120,r_82_11_25,r_54_5_88,0.98,0,88,88,71
54,seq10,r_7_2_38,r_82_11_25,r_82_11_25,1.0,1,26,25,71
40,r_38_60_68,r_37_122_155,seq63,r_38_60_68,0.91,1,69,68,71
51,seq129,r_128_15_49,r_149_130_51,r_128_15_49,0.96,-15,34,49,71
1,r_98_80_85,seq106,r_100_50_90,r_98_80_85,0.52,-27,58,85,71
29,r_100_50_90,seq106,r_28_51_88,r_100_50_90,0.98,1,91,90,71
25,r_120_19_127,seq139,r_76_20_126,r_120_19_127,0.97,0,127,127,71
33,r_40_43_195,r_42_88_233,r_62_49_172,r_62_49_172,0.64,44,216,172,71
64,seq26,r_27_107_84,seq24,r_27_107_84,1.0,0,84,84,71
68,seq36,r_38_60_68,r_37_122_155,r_38_60_68,1.0,-1,67,68,71
32,r_111_61_96,seq112,r_38_60_68,r_111_61_96,1.0,0,96,96,71
38,r_104_12_72,seq106,r_82_11_25,r_104_12_72,0.99,1,73,72,71
95,seq117,seq148,r_3_118_48,r_3_118_48,1.0,2,50,48,71
77,seq63,r_62_49_172,r_38_60_68,r_38_60_68,0.69,1,69,68,71
68,seq36,r_37_122_155,seq39,r_37_122_155,0.99,0,155,155,71
34,r_6_18_89,seq8,seq22,r_6_18_89,1.0,0,89,89,71
2,r_82_11_25,seq84,seq10,r_82_11_25,0.94,0,25,25,71
75,seq55,r_56_134_120,seq53,r_56_134_120,1.0,0,120,120,71
21,r_37_122_155,seq36,r_105_121_20,r_37_122_155,0.59,0,155,155,71
24,r_67_95_156,r_82_11_25,r_94_66_9,r_67_95_156,0.98,-146,10,156,71
9,r_76_20_126,seq75,r_103_21_77,r_76_20_126,0.79,0,126,126,71
28,r_128_15_49,seq129,seq16,r_128_15_49,1.0,0,49,49,71
31,r_94_66_9,r_67_95_156,r_140_68_93,r_140_68_93,0.96,63,156,93,71
1,r_98_80_85,r_100_50_90,r_30_79_82,r_30_79_82,0.79,3,85,82,71
22,r_145_87_152,seq147,seq84,r_145_87_152,0.79,1,153,152,71
91,seq112,seq114,r_35_113_69,r_35_113_69,1.0,1,70,69,71
49,r_41_45_201,r_42_88_233,r_62_49_172,r_42_88_233,0.36,-32,201,233,71
7,r_62_49_172,seq63,r_133_47_109,r_133_47_109,0.52,63,172,109,71
23,r_140_68_93,seq139,r_94_66_9,r_140_68_93,0.96,0,93,93,71
3,r_105_121_20,r_104_12_72,seq127,r_104_12_72,0.72,-47,25,72,71
60,seq147,r_145_87_152,r_4_146_31,r_4_146_31,1.0,1,32,31,71
5,r_7_2_38,r_6_18_89,seq1,r_7_2_38,0.76,1,39,38,71
93,seq109,r_112_6_141,seq130,r_112_6_141,0.98,0,141,141,72
27,r_45_31_22,r_47_145_99,r_25_5_66,r_45_31_22,0.94,-2,20,22,72
92,seq105,seq101,r_13_104_61,r_13_104_61,1.0,1,62,61,72
58,seq147,r_148_60_105,seq143,r_148_60_105,1.0,2,107,105,72
55,seq12,r_11_19_135,seq15,r_11_19_135,0.55,0,135,135,72
86,seq90,r_91_96_104,r_63_89_20,r_63_89_20,0.99,59,79,20,72
49,r_111_86_55,r_112_6_141,r_85_110_179,r_111_86_55,1.0,0,55,55,72
16,r_69_99_106,seq71,r_91_96_104,r_69_99_106,0.99,0,106,106,72
39,r_126_82_163,seq127,seq79,r_126_82_163,0.48,0,163,163,72
1,r_93_67_127,seq92,r_66_48_156,r_93_67_127,0.87,0,127,127,72
5,r_117_2_128,seq116,r_3_22_155,r_117_2_128,0.67,0,128,128,72
46,r_25_5_66,seq24,seq4,r_25_5_66,0.93,0,66,66,72
45,r_13_104_61,seq14,seq105,r_13_104_61,1.0,0,61,61,72
15,r_85_110_179,r_111_86_55,seq109,r_85_110_179,0.67,0,179,179,72
95,seq114,r_113_70_71,seq116,r_113_70_71,1.0,0,71,71,72
27,r_45_31_22,r_25_5_66,r_21_30_53,r_45_31_22,0.47,39,61,22,72
31,r_83_61_82,seq79,seq58,r_83_61_82,0.99,0,82,82,72
3,r_112_6_141,seq109,r_25_5_66,r_112_6_141,0.91,0,141,141,72
10,r_103_56_144,seq105,seq54,r_103_56_144,0.8,0,144,144,72
90,seq100,r_98_76_101,r_91_96_104,r_98_76_101,1.0,0,101,101,72
26,r_144_124_64,seq140,seq130,r_144_124_64,0.85,0,64,64,72
14,r_47_145_99,seq39,r_118_146_18,r_47_145_99,0.96,0,99,99,72
4,r_66_48_156,seq74,r_93_67_127,r_66_48_156,0.4,-28,128,156,72
73,seq54,r_57_1_171,r_103_56_144,r_103_56_144,0.96,27,171,144,72
84,seq79,seq68,r_97_72_174,r_97_72_174,0.84,7,181,174,72
13,r_97_72_174,seq100,r_132_95_152,r_132_95_152,0.71,0,152,152,72
15,r_85_110_179,r_84_142_169,r_111_86_55,r_111_86_55,1.0,17,72,55,72
48,r_80_128_104,seq79,seq127,r_80_128_104,1.0,1,105,104,72
49,r_111_86_55,r_85_110_179,r_16_106_145,r_111_86_55,0.46,124,179,55,72
6,r_91_96_104,seq90,r_34_88_97,r_34_88_97,1.0,1,98,97,72
99,seq127,r_126_82_163,r_80_128_104,r_80_128_104,0.98,59,163,104,72
13,r_97_72_174,r_132_95_152,r_98_76_101,r_97_72_174,0.8,0,174,174,72
42,r_63_89_20,seq62,seq90,r_63_89_20,1.0,0,20,20,72
87,seq143,seq140,r_118_146_18,r_118_146_18,0.95,68,86,18,72
22,r_118_146_18,seq143,r_47_145_99,r_47_145_99,1.0,12,111,99,72
2,r_113_70_71,seq114,seq71,r_113_70_71,1.0,0,71,71,72
47,r_77_51_136,seq78,seq53,r_77_51_136,0.81,0,136,136,72
40,r_16_106_145,seq12,r_34_88_97,r_34_88_97,0.84,57,154,97,72
29,r_98_76_101,seq100,seq78,r_98_76_101,1.0,0,101,101,72
25,r_21_30_53,seq20,r_45_31_22,r_21_30_53,0.66,0,53,53,72
88,seq92,r_93_67_127,r_91_96_104,r_93_67_127,1.0,1,128,127,72
32,r_134_18_134,r_135_133_49,r_17_32_156,r_134_18_134,0.82,0,134,134,72
0,r_129_138_39,r_132_95_152,seq137,r_129_138_39,0.89,0,39,39,72
1,r_93_67_127,r_66_48_156,r_98_76_101,r_66_48_156,0.96,0,156,156,72
94,seq140,r_136_149_81,r_46_141_38,r_46_141_38,0.99,2,40,38,72
5,r_117_2_128,r_3_22_155,r_115_0_132,r_117_2_128,0.46,27,155,128,72
58,seq147,r_136_149_81,r_148_60_105,r_136_149_81,0.71,-52,29,81,72
8,r_119_26_58,r_117_2_128,r_81_28_52,r_119_26_58,1.0,0,58,58,72
17,r_34_88_97,seq35,r_63_89_20,r_34_88_97,0.99,0,97,97,72
9,r_57_1_171,seq54,r_115_0_132,r_57_1_171,0.39,0,171,171,72
14,r_47_145_99,r_46_141_38,seq39,r_46_141_38,0.92,-6,32,38,72
96,seq116,r_117_2_128,seq114,r_117_2_128,0.98,0,128,128,72
28,r_148_60_105,seq147,r_83_61_82,r_148_60_105,0.9,0,105,105,72
24,r_55_123_40,r_57_1_171,seq130,r_55_123_40,1.0,0,40,40,72
44,r_107_10_108,r_93_67_127,r_108_9_8,r_107_10_108,0.58,0,108,108,72
11,r_81_28_52,r_83_61_82,seq27,r_81_28_52,1.0,0,52,52,72
23,r_44_120_123,seq39,r_144_124_64,r_44_120_123,0.47,0,123,123,72
35,r_75_33_159,seq74,r_17_32_156,r_17_32_156,0.6,3,159,156,72
95,seq114,seq116,r_55_123_40,r_55_123_40,0.49,116,156,40,72
84,seq79,r_80_128_104,seq71,r_80_128_104,0.69,1,105,104,72
93,seq108,seq101,r_125_105_62,r_125_105_62,0.98,15,77,62,73
30,r_13_49_114,r_11_97_121,r_137_14_46,r_137_14_46,0.87,18,64,46,73
32,r_33_69_115,seq57,r_68_71_162,r_68_71_162,0.51,0,162,162,73
36,r_58_36_194,seq57,r_46_42_12,r_58_36_194,0.46,0,194,194,73
14,r_64_74_72,seq65,seq73,r_64_74_72,1.0,0,72,72,73
8,r_8_55_93,seq9,seq51,r_8_55_93,0.99,0,93,93,73
43,r_148_45_92,r_149_103_103,seq44,r_148_45_92,1.0,0,92,92,73
54,seq9,r_8_55_93,seq5,r_8_55_93,1.0,0,93,93,73
31,r_136_17_169,r_2_135_125,seq18,r_136_17_169,0.63,0,169,169,73
16,r_133_94_150,r_136_17_169,r_43_95_36,r_133_94_150,0.99,0,150,150,73
21,r_80_27_93,r_83_106_152,seq28,r_80_27_93,1.0,0,93,93,73
39,r_116_52_153,seq115,seq51,r_116_52_153,0.88,0,153,153,73
1,r_129_121_134,r_124_123_4,seq120,r_124_123_4,0.44,127,131,4,73
97,seq120,r_119_107_157,r_129_121_134,r_119_107_157,0.95,-45,112,157,73
46,r_145_98_68,seq146,seq96,r_145_98_68,1.0,0,68,68,73
6,r_143_15_56,seq144,r_137_14_46,r_143_15_56,1.0,0,56,56,73
7,r_128_10_43,r_11_97_121,r_137_14_46,r_11_97_121,0.98,0,121,121,73
45,r_118_140_106,seq120,r_141_85_135,r_118_140_106,0.49,0,106,106,73
19,r_79_147_121,seq72,seq146,r_79_147_121,0.68,1,122,121,73
0,r_130_35_24,r_129_121_134,r_32_34_98,r_130_35_24,1.0,0,24,24,73
5,r_43_95_36,seq44,seq93,r_43_95_36,1.0,1,37,36,73
76,seq57,r_56_142_138,seq60,r_56_142_138,0.55,1,139,138,73
35,r_59_131_58,seq61,r_132_117_140,r_59_131_58,1.0,0,58,58,73
31,r_136_17_169,seq134,r_2_135_125,r_2_135_125,1.0,7,132,125,73
41,r_82_48_119,r_83_106_152,r_13_49_114,r_82_48_119,1.0,0,119,119,73
89,seq96,seq93,r_145_98_68,r_145_98_68,0.98,1,69,68,73
3,r_141_85_135,seq139,r_118_140_106,r_118_140_106,0.77,7,113,106,73
10,r_19_110_108,seq18,r_125_105_62,r_19_110_108,1.0,1,109,108,73
26,r_132_117_140,seq134,seq115,r_132_117_140,0.51,-8,132,140,73
72,seq44,r_50_81_190,r_148_45_92,r_148_45_92,0.97,1,93,92,73
20,r_125_105_62,r_129_121_134,seq108,r_125_105_62,0.97,1,63,62,73
13,r_3_0_87,r_2_135_125,seq1,r_3_0_87,0.81,0,87,87,73
98,seq122,r_124_123_4,seq120,r_124_123_4,0.53,127,131,4,73
46,r_145_98_68,seq96,r_11_97_121,r_11_97_121,1.0,11,132,121,73
48,r_47_38_197,seq51,r_46_42_12,r_47_38_197,0.61,0,197,197,73
30,r_13_49_114,r_137_14_46,seq51,r_13_49_114,0.95,0,114,114,73
55,seq139,r_141_85_135,seq146,r_141_85_135,0.84,-85,50,135,73
29,r_86_112_29,r_91_67_149,r_126_113_8,r_86_112_29,1.0,0,29,29,73
99,seq127,r_129_121_134,r_2_135_125,r_2_135_125,1.0,9,134,125,73
2,r_137_14_46,r_128_10_43,r_143_15_56,r_137_14_46,0.6,16,62,46,73
37,r_11_97_121,r_13_49_114,r_128_10_43,r_128_10_43,1.0,1,44,43,73
47,r_114_102_129,r_116_52_153,r_125_105_62,r_116_52_153,0.83,-24,129,153,73
40,r_75_12_128,seq77,r_137_14_46,r_75_12_128,1.0,0,128,128,73
24,r_32_34_98,seq28,r_130_35_24,r_130_35_24,0.97,77,101,24,73
3,r_141_85_135,r_118_140_106,seq84,r_141_85_135,0.94,0,135,135,73
35,r_59_131_58,r_132_117_140,r_2_135_125,r_2_135_125,1.0,9,134,125,73
25,r_91_67_149,seq92,seq66,r_91_67_149,0.94,0,149,149,73
33,r_119_107_157,seq122,r_125_105_62,r_125_105_62,0.97,82,144,62,73
2,r_137_14_46,r_133_94_150,r_128_10_43,r_133_94_150,0.95,-104,46,150,73
38,r_90_76_96,r_91_67_149,seq77,r_90_76_96,1.0,0,96,96,73
52,seq134,r_133_94_150,r_59_131_58,r_59_131_58,0.99,82,140,58,73
7,r_128_10_43,r_129_121_134,r_11_97_121,r_128_10_43,1.0,0,43,43,73
81,seq66,seq65,r_91_67_149,r_91_67_149,1.0,11,160,149,73
17,r_6_16_82,seq7,seq18,r_6_16_82,1.0,0,82,82,73
94,seq146,seq144,r_79_147_121,r_79_147_121,0.85,-4,117,121,73
96,seq115,r_116_52_153,r_132_117_140,r_116_52_153,0.7,0,153,153,73
18,r_104_87_53,seq108,seq92,r_104_87_53,1.0,0,53,53,73
37,r_11_97_121,r_128_10_43,r_145_98_68,r_11_97_121,1.0,0,121,121,73
22,r_83_106_152,r_82_48_119,seq84,r_82_48_119,0.94,0,119,119,73
45,r_118_140_106,r_141_85_135,r_56_142_138,r_118_140_106,0.97,31,137,106,73
28,r_56_142_138,seq57,r_118_140_106,r_56_142_138,0.73,0,138,138,73
49,r_2_135_125,r_3_0_87,r_138_4_76,r_138_4_76,1.0,11,87,76,73
88,seq93,seq96,r_43_95_36,r_43_95_36,0.99,0,36,36,73
44,r_149_103_103,seq146,seq108,r_149_103_103,0.92,0,103,103,73
23,r_138_4_76,r_133_94_150,seq5,r_138_4_76,1.0,0,76,76,73
49,r_2_135_125,r_138_4_76,r_59_131_58,r_2_135_125,1.0,0,125,125,73
12,r_50_81_190,seq51,r_141_85_135,r_50_81_190,0.78,0,190,190,73
22,r_83_106_152,seq84,r_125_105_62,r_83_106_152,0.99,0,152,152,73
30,r_108_118_110,r_13_115_64,r_121_116_136,r_108_118_110,0.85,58,168,110,74
30,r_108_118_110,r_109_3_144,r_13_115_64,r_108_118_110,0.98,1,111,110,74
51,seq129,r_128_107_153,r_101_134_90,r_101_134_90,0.68,63,153,90,74
92,seq106,seq103,r_60_105_63,r_60_105_63,1.0,17,80,63,74
14,r_64_79_71,seq65,seq78,r_64_79_71,0.83,0,71,71,74
43,r_1_26_82,r_2_99_95,seq29,r_1_26_82,0.93,0,82,82,74
37,r_2_99_95,seq0,r_77_96_73,r_2_99_95,0.99,0,95,95,74
11,r_45_76_33,r_73_72_47,r_64_79_71,r_64_79_71,0.53,30,101,71,74
21,r_124_85_78,seq123,r_100_39_165,r_124_85_78,0.98,-1,77,78,74
39,r_90_21_103,r_89_95_188,seq20,r_90_21_103,1.0,0,103,103,74
1,r_121_116_136,r_122_51_211,r_108_118_110,r_122_51_211,0.54,-75,136,211,74
97,seq123,r_124_85_78,seq126,r_124_85_78,1.0,-2,76,78,74
46,r_92_142_63,r_93_127_100,r_145_32_201,r_145_32_201,0.98,-138,63,201,74
11,r_45_76_33,r_48_53_144,r_77_96_73,r_45_76_33,0.99,0,33,33,74
80,seq65,r_64_79_71,seq67,r_64_79_71,0.65,-11,60,71,74
45,r_30_55_144,seq29,r_48_53_144,r_30_55_144,0.68,0,144,144,74
47,r_84_33_35,seq83,seq34,r_84_33_35,1.0,-1,34,35,74
36,r_4_146_38,seq5,seq148,r_4_146_38,1.0,0,38,38,74
95,seq120,r_122_51_211,r_18_144_145,r_18_144_145,0.9,66,211,145,74
76,seq138,r_139_140_147,r_16_136_126,r_16_136_126,0.64,21,147,126,74
80,seq65,seq67,r_88_63_92,r_88_63_92,0.94,1,93,92,74
31,r_43_59_103,seq44,seq61,r_43_59_103,0.9,0,103,103,74
41,r_88_63_92,r_87_119_137,seq65,r_88_63_92,0.59,0,92,92,74
3,r_24_27_83,seq23,r_1_26_82,r_24_27_83,0.99,1,84,83,74
10,r_97_8_146,r_100_39_165,r_9_69_183,r_9_69_183,0.92,-29,154,183,74
13,r_87_119_137,r_89_95_188,seq120,r_87_119_137,1.0,0,137,137,74
26,r_145_32_201,r_149_141_16,r_92_142_63,r_92_142_63,1.0,1,64,63,74
18,r_109_3_144,seq111,seq0,r_109_3_144,0.92,0,144,144,74
4,r_93_127_100,r_92_142_63,r_102_91_12,r_92_142_63,0.94,0,63,63,74
93,seq111,r_109_3_144,seq112,r_109_3_144,0.57,-8,136,144,74
13,r_87_119_137,r_88_63_92,r_89_95_188,r_88_63_92,1.0,0,92,92,74
46,r_92_142_63,r_145_32_201,r_18_144_145,r_18_144_145,0.95,56,201,145,74
15,r_149_141_16,r_145_32_201,r_139_140_147,r_145_32_201,0.57,-46,155,201,74
49,r_13_115_64,r_114_137_136,r_108_118_110,r_13_115_64,0.99,72,136,64,74
6,r_18_144_145,seq17,r_92_142_63,r_18_144_145,0.87,1,146,145,74
62,seq20,seq23,r_90_21_103,r_90_21_103,1.0,11,114,103,74
21,r_124_85_78,r_100_39_165,r_62_80_157,r_124_85_78,0.77,83,161,78,74
4,r_93_127_100,r_102_91_12,seq126,r_93_127_100,1.0,0,100,100,74
20,r_143_82_14,r_145_32_201,seq83,r_143_82_14,0.99,0,14,14,74
27,r_77_96_73,r_87_119_137,seq98,r_87_119_137,0.54,-61,76,137,74
87,seq78,r_77_96_73,r_64_79_71,r_64_79_71,0.98,1,72,71,74
93,seq111,r_113_133_144,r_109_3_144,r_109_3_144,0.53,-35,109,144,74
40,r_147_132_55,seq148,r_101_134_90,r_101_134_90,1.0,25,115,90,74
11,r_45_76_33,r_77_96_73,r_73_72_47,r_45_76_33,0.55,52,85,33,74
10,r_97_8_146,r_9_69_183,r_19_7_106,r_97_8_146,0.43,12,158,146,74
18,r_109_3_144,r_108_118_110,seq111,r_108_118_110,0.78,0,110,110,74
24,r_46_28_118,seq49,r_1_26_82,r_1_26_82,1.0,26,108,82,74
88,seq81,r_77_96_73,r_143_82_14,r_143_82_14,1.0,17,31,14,74
8,r_128_107_153,seq129,r_60_105_63,r_128_107_153,0.99,0,153,153,74
25,r_89_95_188,r_90_21_103,r_64_79_71,r_90_21_103,0.71,2,105,103,74
33,r_130_94_75,seq131,r_102_91_12,r_130_94_75,1.0,0,75,75,74
64,seq29,r_30_55_144,r_1_26_82,r_1_26_82,1.0,0,82,82,74
50,seq0,r_2_99_95,seq5,r_2_99_95,0.97,0,95,95,74
96,seq148,r_147_132_55,r_4_146_38,r_4_146_38,1.0,1,39,38,74
13,r_87_119_137,seq120,seq123,r_87_119_137,0.48,50,187,137,74
61,seq17,r_18_144_145,r_90_21_103,r_90_21_103,0.82,64,167,103,74
52,seq131,seq135,r_101_134_90,r_101_134_90,1.0,15,105,90,74
50,seq0,seq5,r_109_3_144,r_109_3_144,0.92,-2,142,144,74
5,r_102_91_12,r_92_142_63,r_77_96_73,r_102_91_12,0.54,39,51,12,74
94,seq112,r_113_133_144,seq111,r_113_133_144,0.94,1,145,144,74
9,r_31_68_129,seq34,seq67,r_31_68_129,0.97,0,129,129,74
26,r_145_32_201,r_92_142_63,r_84_33_35,r_145_32_201,0.66,0,201,201,74
28,r_114_137_136,r_13_115_64,r_16_136_126,r_114_137_136,0.99,0,136,136,74
28,r_114_137_136,r_117_22_104,r_13_115_64,r_13_115_64,0.96,6,70,64,74
49,r_13_115_64,seq15,r_114_137_136,r_13_115_64,0.98,0,64,64,74
93,seq111,r_110_104_33,r_113_133_144,r_110_104_33,1.0,1,34,33,74
42,r_19_7_106,seq14,r_97_8_146,r_97_8_146,0.83,12,158,146,74
44,r_101_134_90,seq103,seq135,r_101_134_90,1.0,0,90,90,74
23,r_117_22_104,r_114_137_136,seq23,r_117_22_104,0.91,1,105,104,74
0,r_16_136_126,seq20,seq138,r_16_136_126,0.91,0,126,126,74
38,r_110_104_33,seq111,seq103,r_110_104_33,0.67,0,33,33,74
82,seq67,seq66,r_31_68_129,r_31_68_129,0.99,8,137,129,74
79,seq61,r_62_80_157,r_43_59_103,r_43_59_103,0.99,54,157,103,74
5,r_102_91_12,r_77_96_73,r_130_94_75,r_130_94_75,1.0,5,80,75,74
12,r_60_105_63,r_62_80_157,seq106,r_60_105_63,1.0,0,63,63,74
5,r_102_91_12,r_101_134_90,r_92_142_63,r_102_91_12,0.99,3,15,12,74
30,r_92_67_88,seq96,seq63,r_92_67_88,0.88,0,88,88,75
36,r_90_102_170,seq91,r_1_110_93,r_1_110_93,0.99,77,170,93,75
26,r_126_0_54,r_1_110_93,r_122_2_133,r_126_0_54,0.72,39,93,54,75
48,r_107_29_48,seq105,r_30_65_216,r_107_29_48,1.0,0,48,48,75
14,r_60_19_174,seq58,seq18,r_60_19_174,0.95,0,174,174,75
43,r_111_59_153,seq113,seq58,r_111_59_153,0.7,0,153,153,75
55,seq140,seq132,r_4_139_101,r_4_139_101,1.0,1,102,101,75
16,r_21_74_140,seq18,seq75,r_21_74_140,0.87,0,140,140,75
39,r_100_51_81,seq101,r_52_124_233,r_100_51_81,1.0,0,81,81,75
5,r_64_5_110,r_66_42_180,r_71_3_99,r_66_42_180,1.0,-70,110,180,75
46,r_52_124_233,r_50_79_145,r_100_51_81,r_100_51_81,0.86,21,102,81,75
21,r_95_34_31,seq96,seq35,r_95_34_31,1.0,1,32,31,75
95,seq148,r_149_27_136,r_127_53_196,r_127_53_196,0.82,-62,134,196,75
76,seq73,r_61_130_212,r_120_82_52,r_120_82_52,1.0,39,91,52,75
41,r_9_138_117,seq8,seq136,r_9_138_117,0.99,0,117,117,75
11,r_81_25_23,seq83,seq26,r_81_25_23,0.88,0,23,23,75
67,seq45,r_44_116_87,seq28,r_44_116_87,0.87,-14,73,87,75
24,r_123_13_42,r_122_2_133,seq14,r_123_13_42,1.0,1,43,42,75
3,r_86_146_159,seq84,seq148,r_86_146_159,0.49,0,159,159,75
10,r_49_119_197,r_52_124_233,r_118_125_136,r_52_124_233,0.52,-30,203,233,75
82,seq83,seq75,r_120_82_52,r_120_82_52,1.0,3,55,52,75
4,r_22_15_118,seq23,seq14,r_22_15_118,0.66,0,118,118,75
0,r_127_53_196,seq132,r_133_55_120,r_133_55_120,0.97,76,196,120,75
99,seq121,seq140,r_49_119_197,r_49_119_197,1.0,6,203,197,75
20,r_108_134_87,seq109,r_133_55_120,r_133_55_120,0.49,-33,87,120,75
98,seq117,r_118_125_136,r_44_116_87,r_44_116_87,1.0,83,170,87,75
2,r_133_55_120,r_108_134_87,seq56,r_133_55_120,0.98,0,120,120,75
62,seq28,r_30_65_216,seq38,r_30_65_216,0.63,-98,118,216,75
27,r_32_112_46,r_31_72_157,r_68_114_32,r_32_112_46,1.0,0,46,46,75
26,r_126_0_54,r_127_53_196,r_1_110_93,r_126_0_54,0.98,0,54,54,75
2,r_133_55_120,r_135_36_94,r_108_134_87,r_135_36_94,0.86,0,94,94,75
47,r_129_43_102,seq132,seq45,r_129_43_102,1.0,0,102,102,75
40,r_44_116_87,seq45,seq117,r_44_116_87,1.0,0,87,87,75
74,seq63,r_66_42_180,r_92_67_88,r_92_67_88,0.89,92,180,88,75
18,r_1_110_93,r_126_0_54,seq109,r_1_110_93,0.92,0,93,93,75
29,r_131_88_117,seq132,seq89,r_131_88_117,0.67,0,117,117,75
33,r_137_115_74,seq136,r_44_116_87,r_44_116_87,1.0,16,103,87,75
50,seq132,r_131_88_117,seq117,r_131_88_117,1.0,-3,114,117,75
19,r_47_143_13,seq48,r_145_144_173,r_47_143_13,0.3,1,14,13,75
67,seq45,seq28,r_129_43_102,r_129_43_102,1.0,0,102,102,75
32,r_149_27_136,seq148,seq38,r_149_27_136,0.99,0,136,136,75
38,r_37_12_171,seq33,r_22_15_118,r_37_12_171,0.92,0,171,171,75
34,r_104_24_67,seq105,r_81_25_23,r_104_24_67,0.99,0,67,67,75
61,seq26,r_22_15_118,r_81_25_23,r_81_25_23,1.0,1,24,23,75
75,seq69,r_61_130_212,r_31_72_157,r_31_72_157,0.61,5,162,157,75
60,seq23,r_22_15_118,r_104_24_67,r_104_24_67,1.0,55,122,67,75
81,seq80,seq75,r_120_82_52,r_120_82_52,1.0,23,75,52,75
17,r_135_36_94,r_133_55_120,r_95_34_31,r_135_36_94,1.0,0,94,94,75
13,r_68_114_32,r_66_42_180,seq113,r_68_114_32,1.0,0,32,32,75
31,r_30_65_216,r_31_72_157,r_107_29_48,r_107_29_48,0.88,11,59,48,75
9,r_128_94_79,r_127_53_196,seq97,r_128_94_79,0.99,1,80,79,75
22,r_66_42_180,seq63,r_129_43_102,r_66_42_180,0.49,0,180,180,75
28,r_17_106_108,seq16,r_68_114_32,r_17_106_108,1.0,0,108,108,75
49,r_120_82_52,seq121,seq83,r_120_82_52,1.0,0,52,52,75
56,seq14,seq16,r_22_15_118,r_22_15_118,0.9,25,143,118,75
7,r_62_103_152,r_61_130_212,r_1_110_93,r_1_110_93,0.82,59,152,93,75
44,r_57_70_14,r_71_3_99,r_92_67_88,r_57_70_14,1.0,85,99,14,75
93,seq101,r_68_114_32,r_4_139_101,r_4_139_101,0.98,33,134,101,75
35,r_71_3_99,r_57_70_14,r_64_5_110,r_57_70_14,1.0,86,100,14,75
20,r_108_134_87,r_133_55_120,r_9_138_117,r_108_134_87,0.99,33,120,87,75
12,r_50_79_145,r_49_119_197,r_21_74_140,r_21_74_140,0.76,5,145,140,75
30,r_126_39_146,r_122_14_200,r_51_38_2,r_126_39_146,0.86,0,146,146,76
36,r_9_81_109,r_11_41_131,r_82_75_204,r_9_81_109,0.97,0,109,109,76
9,r_149_16_131,r_12_147_21,seq15,r_149_16_131,0.99,0,131,131,76
17,r_132_83_208,r_137_144_251,r_0_131_36,r_0_131_36,1.0,11,47,36,76
14,r_69_116_271,r_71_78_217,r_121_70_13,r_71_78_217,0.52,-64,153,217,76
8,r_10_58_197,r_11_41_131,r_149_16_131,r_10_58_197,0.83,-66,131,197,76
35,r_145_42_10,r_149_16_131,seq43,r_145_42_10,0.93,0,10,10,76
19,r_95_142_191,r_46_93_111,seq138,r_46_93_111,0.56,86,197,111,76
71,seq129,r_130_101_81,seq134,r_130_101_81,0.93,0,81,81,76
86,seq86,r_92_110_116,seq87,r_92_110_116,1.0,-3,113,116,76
16,r_82_75_204,r_77_5_186,r_96_80_140,r_96_80_140,0.88,0,140,140,76
21,r_46_93_111,seq43,seq91,r_46_93_111,1.0,0,111,111,76
39,r_76_19_155,r_77_5_186,r_97_21_115,r_76_19_155,0.96,0,155,155,76
42,r_137_144_251,seq138,r_12_147_21,r_12_147_21,1.0,238,259,21,76
7,r_0_131_36,r_132_83_208,seq134,r_132_83_208,1.0,0,208,208,76
45,r_64_74_70,seq65,r_82_75_204,r_64_74_70,0.92,0,70,70,76
24,r_122_14_200,r_45_128_56,r_143_133_24,r_45_128_56,0.84,130,186,56,76
19,r_95_142_191,r_97_21_115,r_46_93_111,r_95_142_191,0.74,-76,115,191,76
15,r_13_118_36,r_0_131_36,r_45_128_56,r_45_128_56,0.63,134,190,56,76
41,r_18_61_37,seq15,seq62,r_18_61_37,1.0,0,37,37,76
10,r_77_5_186,r_96_80_140,r_124_3_92,r_77_5_186,0.85,0,186,186,76
31,r_12_147_21,r_10_58_197,r_149_16_131,r_12_147_21,0.99,1,22,21,76
3,r_22_35_146,seq23,seq37,r_22_35_146,0.9,0,146,146,76
10,r_77_5_186,r_76_19_155,r_96_80_140,r_77_5_186,0.79,-31,155,186,76
26,r_52_90_218,seq54,seq89,r_52_90_218,0.74,0,218,218,76
8,r_10_58_197,r_149_16_131,seq57,r_10_58_197,0.99,1,198,197,76
16,r_82_75_204,r_96_80_140,r_64_74_70,r_82_75_204,0.63,3,207,204,76
15,r_13_118_36,r_18_61_37,r_0_131_36,r_13_118_36,0.82,0,36,36,76
63,seq25,r_26_49_197,seq29,r_26_49_197,0.94,0,197,197,76
11,r_106_136_101,seq105,seq138,r_106_136_101,0.89,7,108,101,76
46,r_71_78_217,r_72_100_196,r_121_70_13,r_121_70_13,0.47,30,43,13,76
20,r_27_20_223,seq31,r_97_21_115,r_97_21_115,1.0,108,223,115,76
13,r_94_79_222,r_92_110_116,r_46_93_111,r_46_93_111,1.0,7,118,111,76
46,r_71_78_217,r_121_70_13,r_132_83_208,r_71_78_217,0.24,1,218,217,76
48,r_85_60_95,seq86,r_18_61_37,r_85_60_95,1.0,0,95,95,76
28,r_97_21_115,r_27_20_223,r_76_19_155,r_76_19_155,0.99,2,157,155,76
4,r_121_70_13,r_71_78_217,r_123_73_114,r_123_73_114,1.0,104,218,114,76
12,r_45_128_56,r_122_14_200,seq98,r_45_128_56,0.69,131,187,56,76
24,r_122_14_200,r_143_133_24,seq15,r_122_14_200,0.95,-2,198,200,76
13,r_94_79_222,r_46_93_111,r_132_83_208,r_46_93_111,0.59,117,228,111,76
6,r_66_63_270,seq67,r_18_61_37,r_18_61_37,1.0,233,270,37,76
2,r_123_73_114,r_72_100_196,r_121_70_13,r_72_100_196,0.98,0,196,196,76
99,seq117,seq114,r_8_115_8,r_8_115_8,0.73,59,67,8,76
79,seq57,r_121_70_13,r_10_58_197,r_10_58_197,0.98,6,203,197,76
12,r_45_128_56,r_46_93_111,r_122_14_200,r_45_128_56,0.99,0,56,56,76
2,r_123_73_114,r_122_14_200,r_72_100_196,r_123_73_114,0.9,0,114,114,76
47,r_127_50_141,r_126_39_146,r_69_116_271,r_126_39_146,0.59,-5,141,146,76
40,r_124_3_92,r_126_39_146,seq4,r_124_3_92,1.0,0,92,92,76
18,r_141_36_177,seq138,r_22_35_146,r_22_35_146,0.74,31,177,146,76
29,r_51_38_2,seq37,r_11_41_131,r_11_41_131,1.0,0,131,131,76
24,r_122_14_200,r_126_39_146,r_45_128_56,r_45_128_56,0.86,65,121,56,76
34,r_40_119_202,r_51_38_2,r_45_128_56,r_45_128_56,0.78,138,194,56,76
25,r_96_80_140,r_95_142_191,r_9_81_109,r_96_80_140,0.52,6,146,140,76
12,r_45_128_56,seq98,r_40_119_202,r_45_128_56,0.53,155,211,56,76
47,r_127_50_141,r_69_116_271,r_26_49_197,r_127_50_141,0.89,61,202,141,76
88,seq89,r_92_110_116,seq91,r_92_110_116,1.0,0,116,116,76
61,seq23,r_22_35_146,seq24,r_22_35_146,0.95,0,146,146,76
38,r_125_108_111,r_126_39_146,r_135_104_43,r_126_39_146,0.95,-35,111,146,76
52,seq4,seq6,r_124_3_92,r_124_3_92,1.0,9,101,92,76
71,seq129,seq134,r_13_118_36,r_13_118_36,0.42,204,240,36,76
34,r_40_119_202,r_46_93_111,r_51_38_2,r_46_93_111,0.94,-1,110,111,76
4,r_121_70_13,r_139_102_72,r_71_78_217,r_121_70_13,0.95,-2,11,13,76
94,seq107,seq105,r_125_108_111,r_125_108_111,1.0,41,152,111,76
9,r_149_16_131,seq146,r_12_147_21,r_12_147_21,1.0,0,21,21,76
96,seq111,r_112_120_268,r_92_110_116,r_92_110_116,0.63,15,131,116,76
36,r_9_81_109,r_82_75_204,r_96_80_140,r_96_80_140,0.5,17,157,140,76
31,r_12_147_21,r_149_16_131,seq146,r_149_16_131,1.0,0,131,131,76
28,r_97_21_115,r_95_142_191,r_27_20_223,r_97_21_115,0.58,0,115,115,76
7,r_0_131_36,seq1,r_132_83_208,r_0_131_36,1.0,0,36,36,76
49,r_72_100_196,r_71_78_217,r_130_101_81,r_71_78_217,0.45,-21,196,217,76
73,seq47,seq48,r_94_79_222,r_94_79_222,0.66,32,254,222,76
44,r_11_41_131,r_10_58_197,r_51_38_2,r_11_41_131,0.97,0,131,131,76
23,r_135_104_43,seq134,seq105,r_135_104_43,0.96,4,47,43,76
17,r_132_83_208,r_0_131_36,r_96_80_140,r_0_131_36,0.87,172,208,36,76
82,seq65,r_64_74_70,seq67,r_64_74_70,0.94,2,72,70,76
79,seq57,seq54,r_121_70_13,r_121_70_13,0.59,118,131,13,76
30,r_47_5_131,seq50,r_46_12_123,r_46_12_123,0.61,8,131,123,77
48,r_66_97_31,r_96_18_85,seq88,r_96_18_85,1.0,0,85,85,77
51,seq3,r_4_34_148,seq8,r_4_34_148,1.0,-74,74,148,77
2,r_96_18_85,r_66_97_31,r_73_19_29,r_96_18_85,0.92,0,85,85,77
48,r_66_97_31,r_68_131_98,r_96_18_85,r_66_97_31,0.96,0,31,31,77
38,r_124_115_38,r_128_127_51,seq114,r_124_115_38,0.99,0,38,38,77
8,r_28_122_84,seq29,r_139_119_50,r_28_122_84,1.0,0,84,84,77
33,r_102_58_129,seq88,seq59,r_102_58_129,0.99,0,129,129,77
18,r_145_20_32,seq146,r_95_21_12,r_145_20_32,1.0,0,32,32,77
83,seq75,r_76_99_113,seq71,r_76_99_113,1.0,-14,99,113,77
37,r_86_98_53,r_102_58_129,r_76_99_113,r_86_98_53,0.98,67,120,53,77
34,r_90_49_24,r_89_117_75,seq50,r_90_49_24,1.0,0,24,24,77
12,r_45_120_148,r_90_49_24,r_139_119_50,r_45_120_148,0.98,0,148,148,77
16,r_46_12_123,r_45_120_148,seq3,r_46_12_123,0.91,0,123,123,77
91,seq104,r_109_130_149,r_44_105_46,r_44_105_46,0.99,6,52,46,77
97,seq116,seq118,r_45_120_148,r_45_120_148,1.0,1,149,148,77
25,r_138_10_15,r_135_43_16,seq11,r_138_10_15,0.92,0,15,15,77
5,r_22_87_207,seq23,r_123_103_160,r_22_87_207,0.27,0,207,207,77
46,r_132_100_140,seq125,r_76_99_113,r_132_100_140,0.96,1,141,140,77
42,r_106_147_163,r_101_107_11,r_121_148_77,r_101_107_11,0.31,152,163,11,77
28,r_39_0_58,seq40,seq2,r_39_0_58,1.0,0,58,58,77
11,r_123_103_160,r_139_119_50,seq91,r_123_103_160,1.0,0,160,160,77
45,r_73_19_29,r_76_99_113,r_95_21_12,r_73_19_29,0.97,0,29,29,77
41,r_53_25_171,r_54_142_67,seq55,r_54_142_67,1.0,0,67,67,77
67,seq35,seq33,r_4_34_148,r_4_34_148,0.99,-1,147,148,77
3,r_16_70_189,seq23,r_126_69_125,r_16_70_189,0.68,0,189,189,77
10,r_76_99_113,r_74_9_133,r_86_98_53,r_76_99_113,0.56,0,113,113,77
26,r_68_131_98,r_136_61_1,r_63_129_68,r_136_61_1,1.0,97,98,1,77
4,r_4_34_148,seq3,seq35,r_4_34_148,0.98,0,148,148,77
0,r_89_117_75,r_92_52_220,r_139_119_50,r_89_117_75,1.0,0,75,75,77
11,r_123_103_160,r_121_148_77,r_139_119_50,r_123_103_160,0.96,-86,74,160,77
1,r_135_43_16,r_134_64_124,seq41,r_135_43_16,1.0,0,16,16,77
20,r_136_61_1,seq62,seq65,r_136_61_1,0.4,89,90,1,77
13,r_141_17_109,seq140,r_96_18_85,r_141_17_109,1.0,0,109,109,77
15,r_36_6_138,seq37,r_46_12_123,r_36_6_138,0.98,0,138,138,77
85,seq78,seq77,r_84_79_95,r_84_79_95,1.0,6,101,95,77
19,r_85_67_52,r_83_26_145,seq65,r_85_67_52,1.0,1,53,52,77
27,r_126_69_125,seq125,seq65,r_126_69_125,0.94,0,125,125,77
87,seq82,r_83_26_145,r_101_107_11,r_83_26_145,0.98,-3,142,145,77
6,r_139_119_50,seq140,r_123_103_160,r_139_119_50,1.0,0,50,50,77
41,r_53_25_171,seq55,r_96_18_85,r_53_25_171,1.0,0,171,171,77
47,r_137_1_64,r_132_100_140,seq2,r_137_1_64,1.0,0,64,64,77
40,r_24_15_64,seq23,seq8,r_24_15_64,0.8,6,70,64,77
14,r_44_105_46,r_45_120_148,seq104,r_44_105_46,1.0,1,47,46,77
24,r_134_64_124,seq140,seq65,r_134_64_124,0.89,0,124,124,77
2,r_96_18_85,r_102_58_129,r_66_97_31,r_66_97_31,0.94,-1,30,31,77
33,r_102_58_129,r_86_98_53,seq88,r_86_98_53,0.53,18,71,53,77
6,r_139_119_50,r_123_103_160,r_45_120_148,r_139_119_50,0.87,110,160,50,77
61,seq23,r_24_15_64,r_95_21_12,r_95_21_12,0.83,58,70,12,77
60,seq149,seq144,r_121_148_77,r_121_148_77,1.0,30,107,77,77
48,r_66_97_31,seq88,r_76_99_113,r_66_97_31,0.63,104,135,31,77
17,r_54_142_67,r_53_25_171,seq143,r_54_142_67,1.0,0,67,67,77
39,r_38_80_11,r_36_6_138,seq82,r_38_80_11,1.0,0,11,11,77
78,seq60,seq75,r_16_70_189,r_16_70_189,0.53,10,199,189,77
9,r_63_129_68,seq62,seq125,r_63_129_68,1.0,0,68,68,77
22,r_74_9_133,seq75,seq11,r_74_9_133,0.92,0,133,133,77
44,r_84_79_95,r_83_26_145,seq78,r_84_79_95,0.98,0,95,95,77
35,r_121_148_77,r_123_103_160,seq149,r_121_148_77,1.0,0,77,77,77
23,r_42_133_21,seq41,seq140,r_42_133_21,1.0,0,21,21,77
12,r_45_120_148,r_46_12_123,r_90_49_24,r_45_120_148,0.56,-25,123,148,77
72,seq50,seq48,r_90_49_24,r_90_49_24,1.0,0,24,24,77
30,r_105_0_125,r_107_2_184,r_48_53_53,r_105_0_125,0.56,0,125,125,78
44,r_42_97_145,r_92_40_26,seq96,r_42_97_145,0.55,0,145,145,78
25,r_28_110_18,r_27_26_130,r_13_109_11,r_28_110_18,0.46,0,18,18,78
10,r_87_56_41,seq88,r_25_59_25,r_87_56_41,1.0,-1,40,41,78
43,r_91_49_75,r_93_41_143,r_48_53_53,r_91_49_75,1.0,0,75,75,78
3,r_103_100_19,r_98_18_117,r_77_99_118,r_103_100_19,0.9,105,124,19,78
59,seq141,r_140_106_151,r_76_145_50,r_76_145_50,1.0,93,143,50,78
86,seq84,r_86_130_158,seq85,r_86_130_158,0.8,-34,124,158,78
15,r_67_101_29,seq68,seq102,r_67_101_29,1.0,0,29,29,78
18,r_76_145_50,seq74,seq149,r_76_145_50,0.91,0,50,50,78
1,r_113_34_120,r_114_61_183,r_133_36_93,r_114_61_183,0.71,-63,120,183,78
5,r_107_2_184,r_104_38_170,r_140_106_151,r_140_106_151,0.96,3,154,151,78
46,r_98_18_117,seq96,seq17,r_98_18_117,0.75,0,117,117,78
32,r_124_134_165,r_57_125_44,r_129_137_32,r_57_125_44,0.3,121,165,44,78
69,seq44,r_42_97_145,r_12_43_71,r_12_43_71,0.86,43,114,71,78
45,r_60_32_144,seq62,r_69_31_58,r_69_31_58,0.95,86,144,58,78
24,r_57_125_44,r_124_134_165,r_86_130_158,r_86_130_158,0.81,7,165,158,78
19,r_148_147_74,seq149,r_76_145_50,r_76_145_50,1.0,24,74,50,78
34,r_92_40_26,r_93_41_143,r_42_97_145,r_92_40_26,0.98,0,26,26,78
31,r_93_41_143,seq94,r_92_40_26,r_92_40_26,0.81,117,143,26,78
41,r_24_90_119,seq22,seq94,r_24_90_119,0.99,0,119,119,78
8,r_15_71_145,seq22,r_108_14_27,r_108_14_27,0.99,23,50,27,78
67,seq30,seq35,r_69_31_58,r_69_31_58,1.0,31,89,58,78
30,r_105_0_125,r_48_53_53,seq58,r_105_0_125,0.41,39,164,125,78
89,seq94,r_93_41_143,r_24_90_119,r_24_90_119,0.83,24,143,119,78
26,r_4_143_107,seq45,seq144,r_4_143_107,0.78,-11,96,107,78
26,r_4_143_107,r_3_39_73,seq45,r_3_39_73,0.47,0,73,73,78
8,r_15_71_145,r_108_14_27,seq72,r_15_71_145,0.96,1,146,145,78
4,r_3_39_73,r_4_143_107,r_20_37_47,r_3_39_73,0.45,0,73,73,78
0,r_16_64_168,seq22,seq62,r_16_64_168,0.44,0,168,168,78
20,r_86_130_158,seq84,r_57_125_44,r_57_125_44,0.61,114,158,44,78
13,r_126_70_61,r_124_134_165,seq72,r_126_70_61,1.0,0,61,61,78
11,r_75_79_40,r_76_145_50,r_135_80_2,r_76_145_50,0.55,-10,40,50,78
48,r_77_99_118,r_78_95_88,r_75_79_40,r_78_95_88,0.6,0,88,88,78
16,r_129_137_32,seq131,seq136,r_129_137_32,0.79,0,32,32,78
80,seq68,r_60_32_144,seq72,r_60_32_144,0.75,-107,37,144,78
39,r_69_31_58,seq68,r_115_33_30,r_69_31_58,1.0,0,58,58,78
40,r_138_29_81,seq136,r_27_26_130,r_138_29_81,0.99,0,81,81,78
29,r_12_43_71,r_123_11_3,seq44,r_12_43_71,0.85,0,71,71,78
34,r_92_40_26,r_42_97_145,r_93_41_143,r_92_40_26,0.77,118,144,26,78
33,r_139_8_159,seq136,seq7,r_139_8_159,0.32,0,159,159,78
64,seq149,r_148_147_74,r_76_145_50,r_76_145_50,1.0,20,70,50,78
88,seq88,r_89_146_97,seq84,r_89_146_97,0.98,0,97,97,78
68,seq35,seq30,r_133_36_93,r_133_36_93,0.98,6,99,93,78
32,r_124_134_165,r_126_70_61,r_57_125_44,r_124_134_165,0.99,-104,61,165,78
56,seq136,r_139_8_159,r_129_137_32,r_129_137_32,0.85,3,35,32,78
38,r_133_36_93,seq132,seq35,r_133_36_93,0.83,0,93,93,78
52,seq132,r_133_36_93,seq121,r_133_36_93,1.0,-1,92,93,78
77,seq62,r_60_32_144,seq65,r_60_32_144,0.63,0,144,144,78
48,r_77_99_118,r_75_79_40,r_103_100_19,r_77_99_118,0.77,0,118,118,78
24,r_57_125_44,seq58,r_124_134_165,r_57_125_44,0.91,0,44,44,78
44,r_42_97_145,seq35,r_92_40_26,r_92_40_26,1.0,3,29,26,78
2,r_48_53_53,seq47,seq52,r_48_53_53,0.71,0,53,53,78
47,r_25_59_25,r_15_71_145,seq58,r_25_59_25,0.98,0,25,25,78
9,r_140_106_151,seq141,r_67_101_29,r_67_101_29,1.0,129,158,29,78
6,r_108_14_27,r_107_2_184,seq17,r_108_14_27,0.97,0,27,27,78
49,r_115_33_30,r_113_34_120,seq30,r_115_33_30,0.63,0,30,30,78
22,r_89_146_97,seq88,r_76_145_50,r_89_146_97,0.89,0,97,97,78
90,seq96,r_113_34_120,r_98_18_117,r_113_34_120,0.55,-98,22,120,78
28,r_114_61_183,r_113_34_120,seq111,r_113_34_120,1.0,0,120,120,78
91,seq102,r_104_38_170,r_140_106_151,r_140_106_151,0.92,19,170,151,78
3,r_103_100_19,r_107_2_184,r_98_18_117,r_103_100_19,0.35,0,19,19,78
7,r_20_37_47,seq22,r_3_39_73,r_3_39_73,0.55,8,81,73,78
93,seq113,seq114,r_117_112_101,r_117_112_101,0.65,20,121,101,79
36,r_83_142_66,r_84_22_75,r_141_98_126,r_83_142_66,0.78,1,67,66,79
4,r_41_137_143,r_83_142_66,r_92_139_164,r_92_139_164,0.95,14,178,164,79
16,r_67_4_43,seq69,r_25_75_116,r_25_75_116,0.52,-73,43,116,79
18,r_13_30_34,seq12,seq31,r_13_30_34,0.99,0,34,34,79
28,r_145_37_32,seq146,seq36,r_145_37_32,1.0,0,32,32,79
3,r_14_39_26,seq16,r_40_136_171,r_14_39_26,0.98,0,26,26,79
54,seq7,r_10_73_99,r_64_8_61,r_64_8_61,0.84,2,63,61,79
37,r_40_136_171,r_41_137_143,r_13_30_34,r_40_136_171,0.71,-29,142,171,79
3,r_14_39_26,r_40_136_171,r_145_37_32,r_14_39_26,0.69,145,171,26,79
1,r_35_125_94,seq31,seq128,r_35_125_94,1.0,0,94,94,79
97,seq120,r_121_15_132,seq123,r_121_15_132,0.7,0,132,132,79
5,r_10_73_99,seq7,r_90_71_13,r_10_73_99,0.93,0,99,99,79
46,r_64_8_61,r_66_124_147,seq7,r_64_8_61,1.0,0,61,61,79
32,r_147_116_36,seq113,r_129_115_170,r_147_116_36,0.52,133,169,36,79
35,r_70_26_36,r_67_4_43,r_29_24_13,r_29_24_13,0.79,23,36,13,79
19,r_50_20_71,r_49_109_69,r_70_26_36,r_50_20_71,1.0,1,72,71,79
76,seq69,r_90_71_13,r_135_68_62,r_135_68_62,1.0,4,66,62,79
31,r_54_42_175,r_57_72_217,r_14_39_26,r_54_42_175,0.4,0,175,175,79
17,r_52_2_75,r_43_53_48,seq0,r_52_2_75,0.95,0,75,75,79
37,r_40_136_171,r_13_30_34,r_82_134_28,r_40_136_171,0.85,0,171,171,79
41,r_29_24_13,r_35_125_94,r_25_75_116,r_29_24_13,0.87,0,13,13,79
10,r_91_99_172,seq89,r_141_98_126,r_141_98_126,0.95,46,172,126,79
26,r_65_27_115,r_66_124_147,r_145_37_32,r_65_27_115,0.97,0,115,115,79
8,r_108_63_35,r_66_124_147,r_10_73_99,r_10_73_99,1.0,49,148,99,79
72,seq51,r_52_2_75,r_43_53_48,r_52_2_75,1.0,-6,69,75,79
4,r_41_137_143,r_40_136_171,r_83_142_66,r_41_137_143,0.55,0,143,143,79
0,r_55_44_120,r_57_72_217,seq46,r_55_44_120,0.98,0,120,120,79
73,seq56,r_57_72_217,r_129_115_170,r_129_115_170,0.78,36,206,170,79
11,r_92_139_164,r_91_99_172,r_133_140_72,r_91_99_172,0.52,-8,164,172,79
20,r_62_97_175,seq59,r_91_99_172,r_91_99_172,0.83,3,175,172,79
13,r_141_98_126,r_149_144_3,r_83_142_66,r_83_142_66,0.99,1,67,66,79
98,seq123,r_122_74_190,seq120,r_122_74_190,0.54,-87,103,190,79
15,r_66_124_147,r_65_27_115,r_108_63_35,r_65_27_115,0.86,-48,67,115,79
48,r_21_107_63,r_25_75_116,r_1_105_36,r_21_107_63,0.55,0,63,63,79
57,seq143,r_141_98_126,r_13_30_34,r_13_30_34,0.58,109,143,34,79
12,r_25_75_116,r_29_24_13,seq77,r_25_75_116,0.82,-1,115,116,79
13,r_141_98_126,r_83_142_66,seq100,r_141_98_126,0.99,0,126,126,79
6,r_57_72_217,seq56,r_10_73_99,r_10_73_99,1.0,118,217,99,79
43,r_82_134_28,r_135_68_62,r_83_142_66,r_82_134_28,0.83,34,62,28,79
43,r_82_134_28,r_149_144_3,r_40_136_171,r_40_136_171,0.78,0,171,171,79
43,r_82_134_28,r_83_142_66,r_149_144_3,r_83_142_66,0.44,73,139,66,79
36,r_83_142_66,r_141_98_126,r_133_140_72,r_141_98_126,1.0,1,127,126,79
49,r_131_23_13,r_121_15_132,r_29_24_13,r_131_23_13,0.95,1,14,13,79
16,r_67_4_43,r_25_75_116,r_126_5_48,r_67_4_43,0.69,14,57,43,79
12,r_25_75_116,r_21_107_63,r_29_24_13,r_25_75_116,0.91,-94,22,116,79
2,r_45_87_148,seq47,seq85,r_45_87_148,0.86,0,148,148,79
41,r_29_24_13,r_25_75_116,r_70_26_36,r_29_24_13,0.85,102,115,13,79
25,r_81_6_25,r_79_95_156,seq7,r_81_6_25,0.78,0,25,25,79
29,r_110_19_93,seq111,seq17,r_110_19_93,0.99,0,93,93,79
42,r_117_112_101,r_133_140_72,r_121_15_132,r_133_140_72,0.78,-25,47,72,79
27,r_43_53_48,r_45_87_148,seq51,r_45_87_148,0.75,-99,49,148,79
33,r_135_68_62,r_82_134_28,seq69,r_135_68_62,0.98,0,62,62,79
38,r_90_71_13,seq69,r_10_73_99,r_10_73_99,1.0,56,155,99,79
52,seq130,r_129_115_170,seq132,r_129_115_170,0.6,0,170,170,79
34,r_76_106_78,seq80,r_21_107_63,r_21_107_63,1.0,19,82,63,79
8,r_108_63_35,r_110_19_93,r_66_124_147,r_110_19_93,0.9,-56,37,93,79
32,r_147_116_36,seq148,seq113,r_147_116_36,0.92,0,36,36,79
17,r_52_2_75,r_49_109_69,r_43_53_48,r_52_2_75,0.48,-15,60,75,79
94,seq114,seq113,r_147_116_36,r_147_116_36,1.0,85,121,36,79
50,seq0,seq12,r_52_2_75,r_52_2_75,0.51,5,80,75,79
9,r_79_95_156,seq78,seq94,r_79_95_156,0.51,8,164,156,79
33,r_135_68_62,r_141_98_126,r_82_134_28,r_82_134_28,0.7,0,28,28,79
22,r_84_22_75,r_79_95_156,r_70_26_36,r_79_95_156,1.0,-81,75,156,79
7,r_129_115_170,seq130,r_147_116_36,r_147_116_36,1.0,134,170,36,79
44,r_49_109_69,r_52_2_75,seq111,r_49_109_69,1.0,0,69,69,79
23,r_122_74_190,seq123,r_25_75_116,r_25_75_116,1.0,75,191,116,79
43,r_82_134_28,r_79_95_156,r_135_68_62,r_82_134_28,0.98,0,28,28,79
39,r_1_105_36,seq0,seq111,r_1_105_36,1.0,0,36,36,79
84,seq94,seq85,r_79_95_156,r_79_95_156,0.5,-40,116,156,79
8,r_68_21_39,r_67_96_122,seq17,r_68_21_39,1.0,0,39,39,80
30,r_130_33_62,seq131,seq34,r_130_33_62,1.0,1,63,62,80
20,r_118_92_38,r_122_120_112,r_19_98_9,r_118_92_38,0.76,-1,37,38,80
23,r_61_9_117,r_60_113_58,r_93_62_4,r_61_9_117,0.57,-99,18,117,80
36,r_13_72_102,r_14_117_138,seq70,r_13_72_102,1.0,0,102,102,80
92,seq103,seq107,r_47_104_111,r_47_104_111,1.0,6,117,111,80
14,r_53_32_158,seq52,r_83_24_114,r_83_24_114,0.76,36,150,114,80
18,r_145_57_35,r_142_86_43,r_93_62_4,r_145_57_35,0.59,4,39,35,80
53,seq135,r_138_91_120,r_0_136_58,r_0_136_58,0.98,33,91,58,80
43,r_83_24_114,seq81,seq23,r_83_24_114,0.8,0,114,114,80
59,seq131,r_130_33_62,seq133,r_130_33_62,1.0,-1,61,62,80
55,seq10,seq5,r_61_9_117,r_61_9_117,0.59,1,118,117,80
16,r_134_125_211,seq133,r_44_124_152,r_44_124_152,0.9,59,211,152,80
21,r_31_66_68,seq34,r_12_69_36,r_31_66_68,0.62,0,68,68,80
39,r_147_79_170,seq148,seq78,r_147_79_170,0.64,0,170,170,80
5,r_115_89_152,r_114_110_173,r_142_86_43,r_142_86_43,0.66,99,142,43,80
46,r_114_110_173,r_115_89_152,r_60_113_58,r_60_113_58,1.0,94,152,58,80
33,r_75_1_59,seq74,r_7_73_139,r_75_1_59,0.99,0,59,59,80
69,seq37,seq40,r_55_35_111,r_55_35_111,0.99,16,127,111,80
45,r_109_139_158,seq112,seq137,r_109_139_158,0.79,0,158,158,80
10,r_2_59_57,r_0_136_58,r_93_62_4,r_0_136_58,0.74,-1,57,58,80
27,r_14_117_138,r_68_21_39,r_15_116_106,r_14_117_138,0.99,0,138,138,80
19,r_11_76_68,r_18_41_150,seq74,r_11_76_68,1.0,0,68,68,80
22,r_71_54_31,seq70,seq56,r_71_54_31,1.0,0,31,31,80
95,seq108,seq112,r_47_104_111,r_47_104_111,0.99,51,162,111,80
76,seq52,r_53_32_158,r_71_54_31,r_71_54_31,1.0,127,158,31,80
31,r_65_121_170,seq64,r_122_120_112,r_65_121_170,0.77,0,170,170,80
33,r_75_1_59,r_7_73_139,r_61_9_117,r_75_1_59,0.8,56,115,59,80
26,r_146_49_141,seq148,r_71_54_31,r_146_49_141,0.43,0,141,141,80
0,r_45_84_138,r_44_124_152,seq82,r_45_84_138,0.99,0,138,138,80
80,seq74,seq78,r_11_76_68,r_11_76_68,0.87,12,80,68,80
13,r_48_140_62,r_18_41_150,seq144,r_48_140_62,1.0,0,62,62,80
48,r_28_36_1,seq40,r_55_35_111,r_55_35_111,0.99,0,111,111,80
35,r_119_63_37,r_122_120_112,r_83_24_114,r_119_63_37,0.77,0,37,37,80
41,r_102_129_44,r_105_58_81,seq127,r_102_129_44,1.0,2,46,44,80
27,r_14_117_138,r_13_72_102,r_68_21_39,r_14_117_138,0.92,-37,101,138,80
49,r_44_124_152,r_55_35_111,seq123,r_55_35_111,0.9,44,155,111,80
29,r_38_4_31,seq37,seq6,r_38_4_31,1.0,0,31,31,80
2,r_47_104_111,seq46,seq103,r_47_104_111,0.97,0,111,111,80
47,r_138_91_120,seq135,r_94_87_37,r_138_91_120,0.53,0,120,120,80
34,r_8_111_19,seq10,seq112,r_8_111_19,1.0,0,19,19,80
1,r_60_113_58,r_61_9_117,seq112,r_60_113_58,1.0,0,58,58,80
25,r_88_128_96,seq90,r_102_129_44,r_88_128_96,0.64,0,96,96,80
42,r_77_85_48,seq78,seq82,r_77_85_48,0.99,-1,47,48,80
32,r_55_35_111,seq56,r_28_36_1,r_55_35_111,0.86,0,111,111,80
38,r_67_96_122,seq64,r_19_98_9,r_67_96_122,0.99,1,123,122,80
52,seq6,r_7_73_139,seq5,r_7_73_139,0.94,-24,115,139,80
18,r_145_57_35,r_93_62_4,r_105_58_81,r_105_58_81,1.0,1,82,81,80
7,r_142_86_43,seq143,r_118_92_38,r_142_86_43,0.91,0,43,43,80
80,seq74,r_75_1_59,seq78,r_75_1_59,1.0,-1,58,59,80
17,r_15_116_106,seq16,r_122_120_112,r_15_116_106,0.89,0,106,106,80
9,r_105_58_81,seq106,r_145_57_35,r_105_58_81,0.99,0,81,81,80
96,seq112,r_109_139_158,r_60_113_58,r_60_113_58,0.99,43,101,58,80
35,r_119_63_37,r_83_24_114,r_12_69_36,r_83_24_114,1.0,-61,53,114,80
37,r_93_62_4,r_61_9_117,r_2_59_57,r_2_59_57,0.65,60,117,57,80
28,r_149_132_135,seq148,seq131,r_149_132_135,0.81,1,136,135,80
11,r_12_69_36,r_14_117_138,seq64,r_12_69_36,0.95,0,36,36,80
49,r_44_124_152,r_45_84_138,r_55_35_111,r_44_124_152,0.45,-13,139,152,80
24,r_0_136_58,r_2_59_57,seq135,r_0_136_58,1.0,0,58,58,80
44,r_7_73_139,seq6,r_11_76_68,r_7_73_139,0.67,0,139,139,80
17,r_15_116_106,r_122_120_112,r_14_117_138,r_14_117_138,0.89,7,145,138,80
23,r_61_9_117,r_93_62_4,seq10,r_61_9_117,0.77,0,117,117,80
93,seq110,r_112_47_105,r_120_105_211,r_112_47_105,1.0,-6,99,105,81
40,r_64_113_107,r_120_105_211,r_145_119_151,r_145_119_151,1.0,40,191,151,81
30,r_146_44_78,seq148,r_112_47_105,r_146_44_78,0.92,0,78,78,81
36,r_96_7_126,r_97_93_113,r_27_6_106,r_96_7_126,0.74,0,126,126,81
13,r_8_137_116,r_114_5_61,seq141,r_8_137_116,0.98,0,116,116,81
14,r_92_66_134,r_89_95_204,seq71,r_89_95_204,0.84,-62,142,204,81
22,r_149_80_54,seq148,r_81_54_241,r_149_80_54,1.0,0,54,54,81
37,r_83_17_133,r_82_117_140,r_59_21_50,r_59_21_50,0.73,72,122,50,81
3,r_135_55_29,r_57_67_189,r_49_56_148,r_49_56_148,1.0,41,189,148,81
43,r_143_43_63,r_145_119_151,r_3_142_26,r_143_43_63,0.76,-33,30,63,81
39,r_9_139_93,seq13,r_100_138_29,r_9_139_93,0.99,0,93,93,81
1,r_145_119_151,seq148,r_64_113_107,r_145_119_151,0.76,0,151,151,81
5,r_97_93_113,seq98,r_20_88_136,r_20_88_136,0.99,11,147,136,81
42,r_94_11_84,r_89_95_204,r_4_15_15,r_94_11_84,0.91,0,84,84,81
12,r_123_133_34,seq122,seq131,r_123_133_34,0.7,0,34,34,81
45,r_38_79_71,seq39,r_81_54_241,r_38_79_71,1.0,0,71,71,81
73,seq50,r_57_67_189,r_90_76_79,r_57_67_189,0.5,-149,40,189,81
24,r_23_106_128,r_49_56_148,seq107,r_23_106_128,0.89,0,128,128,81
19,r_108_111_115,seq107,seq110,r_108_111_115,0.75,0,115,115,81
0,r_59_21_50,seq61,seq22,r_59_21_50,1.0,0,50,50,81
34,r_3_142_26,r_4_15_15,r_143_43_63,r_3_142_26,0.65,0,26,26,81
38,r_19_58_94,r_57_67_189,r_49_56_148,r_19_58_94,0.76,95,189,94,81
41,r_20_88_136,seq22,r_89_95_204,r_20_88_136,0.49,0,136,136,81
10,r_27_6_106,seq34,r_4_15_15,r_27_6_106,0.59,0,106,106,81
90,seq98,r_97_93_113,r_134_99_129,r_134_99_129,1.0,3,132,129,81
3,r_135_55_29,r_126_33_118,r_57_67_189,r_135_55_29,0.98,1,30,29,81
26,r_114_5_61,r_115_144_108,r_4_15_15,r_114_5_61,1.0,0,61,61,81
4,r_89_95_204,r_92_66_134,r_20_88_136,r_92_66_134,0.4,8,142,134,81
11,r_101_109_126,r_102_136_175,seq107,r_101_109_126,1.0,0,126,126,81
13,r_8_137_116,r_4_15_15,r_114_5_61,r_114_5_61,1.0,15,76,61,81
98,seq124,r_126_33_118,r_18_125_37,r_18_125_37,0.99,81,118,37,81
48,r_81_54_241,r_82_117_140,r_149_80_54,r_149_80_54,0.86,86,140,54,81
4,r_89_95_204,r_20_88_136,r_90_76_79,r_20_88_136,0.35,68,204,136,81
6,r_115_144_108,seq116,r_3_142_26,r_115_144_108,1.0,0,108,108,81
43,r_143_43_63,r_3_142_26,seq42,r_143_43_63,1.0,0,63,63,81
21,r_100_138_29,r_97_93_113,seq141,r_100_138_29,1.0,-1,28,29,81
27,r_102_136_175,seq103,r_104_129_62,r_104_129_62,1.0,115,177,62,81
2,r_60_130_171,seq61,r_123_133_34,r_60_130_171,0.99,0,171,171,81
41,r_20_88_136,r_89_95_204,r_97_93_113,r_20_88_136,0.48,68,204,136,81
40,r_64_113_107,r_63_2_143,r_120_105_211,r_64_113_107,0.95,0,107,107,81
46,r_140_40_37,seq141,seq39,r_140_40_37,1.0,0,37,37,81
18,r_120_105_211,r_115_144_108,r_64_113_107,r_120_105_211,0.93,-103,108,211,81
24,r_23_106_128,r_24_87_108,r_49_56_148,r_24_87_108,0.72,0,108,108,81
25,r_63_2_143,r_64_113_107,seq61,r_64_113_107,0.98,-44,63,107,81
33,r_112_47_105,seq110,seq48,r_112_47_105,1.0,0,105,105,81
48,r_81_54_241,r_149_80_54,r_49_56_148,r_149_80_54,0.54,196,250,54,81
34,r_3_142_26,r_143_43_63,r_115_144_108,r_3_142_26,0.96,37,63,26,81
47,r_57_67_189,r_135_55_29,r_90_76_79,r_57_67_189,0.79,0,189,189,81
20,r_26_86_27,seq61,r_24_87_108,r_24_87_108,1.0,2,110,108,81
32,r_82_117_140,r_81_54_241,r_64_113_107,r_81_54_241,1.0,-101,140,241,81
38,r_19_58_94,seq22,r_57_67_189,r_19_58_94,0.93,0,94,94,81
47,r_57_67_189,seq52,r_135_55_29,r_135_55_29,1.0,1,30,29,81
60,seq22,r_20_88_136,r_59_21_50,r_59_21_50,1.0,1,51,50,81
20,r_26_86_27,r_36_29_63,seq61,r_26_86_27,1.0,0,27,27,81
93,seq110,r_120_105_211,r_108_111_115,r_108_111_115,0.85,4,119,115,81
45,r_38_79_71,r_81_54_241,seq85,r_81_54_241,0.81,-24,217,241,81
17,r_37_147_61,r_38_79_71,seq148,r_37_147_61,1.0,0,61,61,81
25,r_63_2_143,seq61,seq1,r_63_2_143,0.85,0,143,143,81
9,r_90_76_79,r_89_95_204,seq73,r_89_95_204,0.99,-130,74,204,81
28,r_134_99_129,seq131,seq98,r_134_99_129,0.96,0,129,129,81
49,r_104_129_62,seq103,seq128,r_104_129_62,1.0,0,62,62,81
67,seq39,r_38_79_71,r_140_40_37,r_140_40_37,0.54,3,40,37,81
18,r_120_105_211,r_64_113_107,r_23_106_128,r_23_106_128,0.61,90,218,128,81
23,r_24_87_108,r_23_106_128,r_26_86_27,r_24_87_108,0.9,0,108,108,81
35,r_49_56_148,seq48,r_19_58_94,r_19_58_94,0.77,54,148,94,81
95,seq118,r_120_105_211,r_64_113_107,r_64_113_107,1.0,29,136,107,81
74,seq51,r_57_67_189,seq53,r_57_67_189,0.87,-146,43,189,81
30,r_22_70_176,r_19_81_128,seq23,r_19_81_128,0.44,-61,67,128,82
52,seq130,seq128,r_110_129_50,r_110_129_50,0.91,-19,31,50,82
81,seq84,r_137_83_72,r_2_75_91,r_2_75_91,0.9,69,160,91,82
37,r_38_34_68,seq39,r_78_37_55,r_78_37_55,0.98,39,94,55,82
59,seq17,r_19_81_128,seq20,r_19_81_128,0.95,0,128,128,82
55,seq6,r_5_86_77,r_21_9_97,r_5_86_77,1.0,-12,65,77,82
71,seq50,r_46_120_61,r_55_51_60,r_46_120_61,0.74,0,61,61,82
39,r_55_51_60,seq57,seq50,r_55_51_60,0.89,0,60,60,82
1,r_42_56_131,seq41,seq54,r_42_56_131,0.65,0,131,131,82
24,r_91_33_28,r_93_96_29,r_38_34_68,r_91_33_28,0.79,0,28,28,82
5,r_43_117_116,r_47_1_165,r_46_120_61,r_46_120_61,1.0,55,116,61,82
46,r_101_63_175,seq127,seq108,r_101_63_175,0.43,-99,76,175,82
42,r_77_107_166,seq84,r_53_74_48,r_53_74_48,0.55,40,88,48,82
14,r_49_31_50,r_46_120_61,seq30,r_46_120_61,1.0,-11,50,61,82
27,r_53_74_48,r_77_107_166,r_2_75_91,r_2_75_91,0.76,75,166,91,82
76,seq64,r_62_12_162,r_106_60_121,r_106_60_121,0.95,34,155,121,82
46,r_101_63_175,seq134,r_43_117_116,r_101_63_175,0.67,-14,161,175,82
27,r_53_74_48,seq54,r_77_107_166,r_53_74_48,0.81,-3,45,48,82
90,seq108,r_139_67_89,r_109_144_74,r_139_67_89,0.99,-22,67,89,82
26,r_2_75_91,seq0,r_53_74_48,r_2_75_91,0.96,1,92,91,82
47,r_21_9_97,r_10_44_155,r_58_11_134,r_21_9_97,0.85,58,155,97,82
4,r_85_26_81,seq94,seq24,r_85_26_81,0.84,0,81,81,82
63,seq24,r_25_123_146,r_85_26_81,r_85_26_81,1.0,14,95,81,82
11,r_46_120_61,r_47_1_165,r_32_122_9,r_46_120_61,1.0,0,61,61,82
20,r_68_147_77,seq69,seq146,r_68_147_77,0.99,0,77,77,82
29,r_87_14_26,r_93_96_29,seq13,r_87_14_26,0.98,0,26,26,82
15,r_15_131_60,seq13,r_32_122_9,r_15_131_60,1.0,0,60,60,82
6,r_109_144_74,seq112,seq148,r_109_144_74,0.58,0,74,74,82
19,r_4_82_20,r_15_131_60,seq84,r_15_131_60,0.74,-40,20,60,82
8,r_61_90_5,r_91_33_28,r_35_92_28,r_61_90_5,1.0,23,28,5,82
30,r_22_70_176,seq23,r_49_31_50,r_49_31_50,0.6,116,166,50,82
7,r_125_80_105,seq84,r_19_81_128,r_19_81_128,1.0,1,129,128,82
47,r_21_9_97,seq20,r_10_44_155,r_21_9_97,0.59,1,98,97,82
46,r_101_63_175,seq108,seq134,r_101_63_175,0.61,-50,125,175,82
25,r_106_60_121,r_145_16_178,seq64,r_106_60_121,0.56,0,121,121,82
33,r_36_119_120,r_38_34_68,r_43_117_116,r_38_34_68,0.81,52,120,68,82
64,seq27,seq30,r_149_28_87,r_149_28_87,1.0,0,87,87,82
88,seq105,r_104_136_140,seq102,r_104_136_140,0.95,-58,82,140,82
34,r_35_92_28,r_36_119_120,r_61_90_5,r_35_92_28,1.0,0,28,28,82
42,r_77_107_166,r_53_74_48,seq108,r_77_107_166,0.88,0,166,166,82
61,seq20,r_21_9_97,seq17,r_21_9_97,0.87,1,98,97,82
32,r_18_143_176,seq17,r_109_144_74,r_109_144_74,0.74,103,177,74,82
38,r_139_67_89,seq140,seq65,r_139_67_89,1.0,0,89,89,82
45,r_73_76_167,seq54,r_53_74_48,r_73_76_167,0.68,-25,142,167,82
77,seq65,seq72,r_139_67_89,r_139_67_89,1.0,34,123,89,82
3,r_110_129_50,r_109_144_74,seq130,r_110_129_50,0.72,-19,31,50,82
17,r_5_86_77,seq6,r_89_88_23,r_5_86_77,0.99,0,77,77,82
65,seq30,r_25_123_146,r_49_31_50,r_49_31_50,0.46,0,50,50,82
9,r_79_138_94,seq84,seq140,r_79_138_94,0.99,0,94,94,82
18,r_97_111_52,seq98,seq112,r_97_111_52,0.9,1,53,52,82
10,r_78_37_55,r_79_138_94,r_38_34_68,r_79_138_94,0.97,-39,55,94,82
28,r_19_81_128,seq17,r_125_80_105,r_125_80_105,0.76,23,128,105,82
91,seq112,r_109_144_74,seq124,r_109_144_74,0.82,0,74,74,82
49,r_103_7_116,r_104_136_140,seq8,r_103_7_116,0.94,0,116,116,82
0,r_93_96_29,seq94,seq95,r_93_96_29,0.67,19,48,29,82
56,seq8,r_10_44_155,r_103_7_116,r_103_7_116,0.86,12,128,116,82
7,r_125_80_105,seq124,seq84,r_125_80_105,0.86,0,105,105,82
46,r_101_63_175,r_43_117_116,r_106_60_121,r_101_63_175,0.67,0,175,175,82
44,r_149_28_87,r_145_16_178,seq27,r_149_28_87,1.0,0,87,87,82
35,r_58_11_134,seq59,r_21_9_97,r_58_11_134,0.57,0,134,134,82
12,r_62_12_162,seq64,r_87_14_26,r_87_14_26,0.76,136,162,26,82
30,r_142_73_138,seq143,r_121_74_78,r_142_73_138,0.97,0,138,138,83
51,seq129,seq124,r_57_128_36,r_57_128_36,0.98,65,101,36,83
36,r_53_20_63,r_54_56_164,seq23,r_53_20_63,1.0,0,63,63,83
0,r_92_135_11,r_102_3_201,seq134,r_92_135_11,0.97,0,11,11,83
64,seq137,r_98_136_15,r_89_138_24,r_89_138_24,0.99,5,29,24,83
62,seq19,seq17,r_86_18_20,r_86_18_20,1.0,11,31,20,83
43,r_82_101_72,seq70,r_102_3_201,r_82_101_72,0.93,1,73,72,83
71,seq39,seq41,r_84_36_68,r_84_36_68,1.0,15,83,68,83
86,seq83,seq88,r_93_90_88,r_93_90_88,0.97,4,92,88,83
21,r_121_74_78,seq120,seq70,r_121_74_78,0.98,0,78,78,83
39,r_119_47_156,r_117_125_204,r_54_56_164,r_119_47_156,0.29,0,156,156,83
5,r_60_109_146,seq59,r_32_105_118,r_60_109_146,0.68,0,146,146,83
46,r_10_103_193,r_11_94_71,seq14,r_11_94_71,1.0,-5,66,71,83
42,r_11_94_71,r_10_103_193,seq95,r_11_94_71,1.0,0,71,71,83
22,r_89_138_24,r_87_4_60,seq137,r_87_4_60,0.62,-36,24,60,83
45,r_49_77_196,r_37_52_135,r_121_74_78,r_49_77_196,0.34,0,196,196,83
88,seq88,seq85,r_93_90_88,r_93_90_88,0.99,20,108,88,83
45,r_49_77_196,r_50_133_140,r_37_52_135,r_49_77_196,0.57,-56,140,196,83
19,r_37_52_135,seq38,r_148_51_35,r_37_52_135,0.79,0,135,135,83
41,r_111_65_175,seq112,seq61,r_111_65_175,0.21,0,175,175,83
67,seq31,r_32_105_118,r_30_43_158,r_32_105_118,0.99,0,118,118,83
89,seq95,r_96_108_166,r_11_94_71,r_11_94_71,0.9,72,143,71,83
20,r_40_1_15,seq39,seq0,r_40_1_15,0.96,1,16,15,83
15,r_86_18_20,seq85,seq19,r_86_18_20,0.99,0,20,20,83
88,seq88,r_89_138_24,seq85,r_89_138_24,0.91,-9,15,24,83
74,seq44,r_13_131_40,r_102_3_201,r_102_3_201,0.62,-42,159,201,83
26,r_50_133_140,r_49_77_196,r_92_135_11,r_50_133_140,0.77,0,140,140,83
14,r_48_146_31,r_145_107_134,r_46_139_17,r_145_107_134,0.58,0,134,134,83
4,r_114_76_204,r_117_125_204,r_49_77_196,r_49_77_196,0.54,8,204,196,83
11,r_29_69_160,seq31,r_121_74_78,r_29_69_160,0.51,1,161,160,83
78,seq61,seq62,r_115_64_48,r_115_64_48,0.99,-3,45,48,83
13,r_32_105_118,seq31,seq106,r_32_105_118,0.88,0,118,118,83
46,r_10_103_193,seq14,r_132_12_111,r_132_12_111,1.0,20,131,111,83
46,r_10_103_193,r_132_12_111,r_82_101_72,r_10_103_193,0.93,0,193,193,83
40,r_54_56_164,r_50_133_140,r_148_51_35,r_50_133_140,0.83,-45,95,140,83
40,r_54_56_164,r_148_51_35,seq58,r_54_56_164,0.53,0,164,164,83
48,r_87_4_60,seq88,seq5,r_87_4_60,1.0,-1,59,60,83
67,seq31,r_30_43_158,r_84_36_68,r_30_43_158,0.97,0,158,158,83
36,r_53_20_63,seq23,r_35_21_162,r_35_21_162,0.91,10,172,162,83
18,r_13_131_40,seq44,seq130,r_13_131_40,0.71,101,141,40,83
27,r_24_81_74,seq23,r_121_74_78,r_24_81_74,1.0,0,74,74,83
29,r_145_107_134,r_149_126_149,r_48_146_31,r_48_146_31,1.0,0,31,31,83
2,r_75_26_137,seq70,seq23,r_75_26_137,0.84,2,139,137,83
24,r_93_90_88,seq95,seq88,r_93_90_88,0.92,2,90,88,83
34,r_148_51_35,r_50_133_140,r_37_52_135,r_50_133_140,0.57,0,140,140,83
33,r_149_126_149,seq147,r_57_128_36,r_149_126_149,0.72,0,149,149,83
70,seq38,r_37_52_135,r_84_36_68,r_84_36_68,0.55,67,135,68,83
47,r_115_64_48,r_114_76_204,seq62,r_115_64_48,0.96,-2,46,48,83
49,r_132_12_111,r_10_103_193,r_63_15_20,r_132_12_111,0.57,33,144,111,83
32,r_100_118_163,r_102_3_201,r_117_125_204,r_117_125_204,0.7,-41,163,204,83
6,r_98_136_15,seq99,seq137,r_98_136_15,1.0,0,15,15,83
1,r_45_122_109,r_46_139_17,r_48_146_31,r_46_139_17,0.74,-3,14,17,83
17,r_102_3_201,r_100_118_163,r_82_101_72,r_82_101_72,0.88,21,93,72,83
9,r_30_43_158,seq31,seq44,r_30_43_158,0.58,0,158,158,83
3,r_46_139_17,r_45_122_109,seq143,r_46_139_17,1.0,0,17,17,83
1,r_45_122_109,r_48_146_31,r_80_97_58,r_48_146_31,0.55,1,32,31,83
14,r_48_146_31,r_45_122_109,r_145_107_134,r_48_146_31,0.94,0,31,31,83
96,seq147,r_149_126_149,r_46_139_17,r_46_139_17,0.6,68,85,17,83
16,r_116_22_35,r_117_125_204,seq23,r_116_22_35,1.0,0,35,35,83
29,r_145_107_134,r_48_146_31,r_32_105_118,r_145_107_134,0.82,0,134,134,83
28,r_117_125_204,r_119_47_156,r_114_76_204,r_119_47_156,0.75,0,156,156,83
40,r_54_56_164,r_53_20_63,r_50_133_140,r_53_20_63,0.71,-4,59,63,83
1,r_45_122_109,seq67,seq120,r_45_122_109,0.91,0,109,109,83
8,r_63_15_20,r_66_25_181,seq16,r_63_15_20,0.99,0,20,20,83
49,r_132_12_111,seq134,r_10_103_193,r_132_12_111,0.91,0,111,111,83
34,r_148_51_35,r_149_126_149,r_50_133_140,r_148_51_35,1.0,0,35,35,83
44,r_84_36_68,seq85,seq38,r_84_36_68,0.98,0,68,68,83
79,seq62,seq61,r_115_64_48,r_115_64_48,1.0,-3,45,48,83
23,r_144_7_115,r_142_73_138,seq8,r_144_7_115,0.92,0,115,115,83
18,r_13_131_40,seq14,seq130,r_13_131_40,0.95,0,40,40,83
17,r_102_3_201,r_82_101_72,r_40_1_15,r_40_1_15,0.69,186,201,15,83
31,r_57_128_36,seq58,seq123,r_57_128_36,0.89,0,36,36,83
35,r_66_25_181,seq61,seq23,r_66_25_181,0.73,0,181,181,83
12,r_79_140_67,seq78,r_46_139_17,r_79_140_67,0.99,0,67,67,83
32,r_5_76_102,seq20,r_126_77_4,r_5_76_102,0.96,0,102,102,84
36,r_66_17_111,seq65,seq20,r_66_17_111,0.49,2,113,111,84
82,seq58,r_59_56_11,r_13_71_19,r_13_71_19,0.55,8,27,19,84
14,r_41_121_74,seq42,seq127,r_41_121_74,0.99,0,74,74,84
8,r_0_105_130,seq3,seq106,r_0_105_130,0.28,0,130,130,84
37,r_18_123_86,r_21_89_100,r_41_121_74,r_21_89_100,1.0,-14,86,100,84
4,r_29_90_27,r_92_68_78,r_116_86_70,r_29_90_27,0.95,45,72,27,84
16,r_92_68_78,seq82,r_87_69_4,r_92_68_78,0.89,0,78,78,84
1,r_141_104_1,seq101,r_130_103_54,r_130_103_54,1.0,50,104,54,84
97,seq112,r_117_136_162,r_2_114_73,r_2_114_73,1.0,0,73,73,84
46,r_134_19_128,seq135,r_54_34_70,r_54_34_70,0.7,49,119,70,84
80,seq53,r_54_34_70,r_25_57_4,r_54_34_70,0.99,0,70,70,84
45,r_45_142_108,seq47,seq140,r_45_142_108,0.94,0,108,108,84
13,r_107_109_48,seq106,seq110,r_107_109_48,0.71,3,51,48,84
19,r_13_71_19,r_14_91_99,seq70,r_13_71_19,1.0,0,19,19,84
26,r_15_122_90,r_21_89_100,r_18_123_86,r_21_89_100,1.0,-10,90,100,84
30,r_6_120_57,r_5_76_102,seq127,r_6_120_57,0.99,2,59,57,84
38,r_130_103_54,seq128,r_141_104_1,r_130_103_54,1.0,0,54,54,84
29,r_119_81_37,r_118_49_73,seq82,r_119_81_37,0.96,1,38,37,84
41,r_39_94_71,r_41_121_74,seq96,r_39_94_71,1.0,0,71,71,84
3,r_30_44_92,seq31,r_118_49_73,r_30_44_92,0.97,0,92,92,84
26,r_15_122_90,r_16_98_80,r_21_89_100,r_16_98_80,0.9,0,80,80,84
4,r_29_90_27,r_30_44_92,r_92_68_78,r_29_90_27,0.99,0,27,27,84
0,r_62_97_97,seq63,r_39_94_71,r_62_97_97,0.98,0,97,97,84
11,r_115_28_112,r_117_136_162,seq27,r_115_28_112,0.71,0,112,112,84
20,r_54_34_70,seq53,seq33,r_54_34_70,0.98,0,70,70,84
15,r_116_86_70,r_117_136_162,r_29_90_27,r_116_86_70,0.99,0,70,70,84
6,r_111_79_195,seq110,r_126_77_4,r_111_79_195,0.74,0,195,195,84
85,seq65,r_66_17_111,seq63,r_66_17_111,1.0,0,111,111,84
5,r_74_124_114,r_22_78_4,r_18_123_86,r_74_124_114,1.0,0,114,114,84
42,r_99_102_33,r_85_43_40,r_141_104_1,r_99_102_33,0.7,-1,32,33,84
47,r_143_12_90,seq140,seq7,r_143_12_90,0.9,0,90,90,84
48,r_14_91_99,r_21_89_100,r_29_90_27,r_29_90_27,0.98,72,99,27,84
24,r_16_98_80,r_15_122_90,r_10_100_79,r_15_122_90,1.0,-10,80,90,84
21,r_50_26_10,r_45_142_108,seq27,r_50_26_10,0.81,0,10,10,84
25,r_64_40_103,r_66_17_111,r_54_34_70,r_54_34_70,0.64,33,103,70,84
33,r_23_137_127,seq27,r_67_138_133,r_23_137_127,0.59,0,127,127,84
32,r_5_76_102,r_6_120_57,seq20,r_6_120_57,1.0,1,58,57,84
34,r_2_114_73,seq3,r_139_113_39,r_2_114_73,1.0,0,73,73,84
27,r_85_43_40,seq82,seq38,r_85_43_40,1.0,0,40,40,84
9,r_67_138_133,seq70,r_23_137_127,r_67_138_133,0.84,0,133,133,84
22,r_24_93_83,seq27,seq96,r_24_93_83,0.97,1,84,83,84
4,r_29_90_27,r_116_86_70,r_14_91_99,r_14_91_99,0.94,37,136,99,84
28,r_131_80_62,r_134_19_128,seq82,r_131_80_62,1.0,0,62,62,84
43,r_139_113_39,seq140,seq112,r_139_113_39,1.0,0,39,39,84
7,r_21_89_100,seq20,r_75_88_110,r_21_89_100,0.93,0,100,100,84
44,r_132_84_79,r_134_19_128,seq82,r_132_84_79,0.64,0,79,79,84
79,seq52,r_51_133_166,r_30_44_92,r_30_44_92,1.0,74,166,92,84
12,r_75_88_110,r_74_124_114,r_21_89_100,r_75_88_110,1.0,0,110,110,84
2,r_59_56_11,seq58,r_25_57_4,r_25_57_4,0.99,7,11,4,84
23,r_118_49_73,r_119_81_37,seq129,r_119_81_37,0.98,2,39,37,84
23,r_118_49_73,seq129,seq46,r_118_49_73,1.0,0,73,73,84
30,r_77_126_115,seq78,r_137_127_27,r_77_126_115,0.98,0,115,115,85
9,r_148_123_39,seq131,r_137_127_27,r_137_127_27,0.6,136,163,27,85
32,r_69_95_26,seq64,r_96_133_144,r_69_95_26,0.51,-12,14,26,85
53,seq8,seq11,r_103_5_148,r_103_5_148,1.0,61,209,148,85
43,r_6_40_125,r_7_101_68,seq8,r_7_101_68,1.0,0,68,68,85
37,r_35_33_136,r_36_47_123,r_12_34_60,r_12_34_60,1.0,76,136,60,85
23,r_118_121_9,seq120,r_14_122_54,r_14_122_54,1.0,7,61,54,85
55,seq13,r_12_34_60,r_2_83_147,r_12_34_60,1.0,2,62,60,85
55,seq13,seq15,r_146_0_113,r_146_0_113,0.61,285,398,113,85
16,r_146_0_113,seq149,r_56_3_91,r_146_0_113,0.99,0,113,113,85
21,r_14_122_54,seq15,r_118_121_9,r_14_122_54,1.0,0,54,54,85
5,r_44_26_97,seq46,r_135_28_67,r_44_26_97,0.51,0,97,97,85
95,seq107,r_116_136_143,r_87_108_56,r_87_108_56,0.99,1,57,56,85
39,r_140_41_24,r_143_130_191,seq39,r_140_41_24,1.0,0,24,24,85
49,r_30_62_26,r_29_72_147,r_63_147_141,r_30_62_26,0.9,1,27,26,85
40,r_87_108_56,r_96_133_144,seq107,r_87_108_56,1.0,0,56,56,85
31,r_27_9_116,r_29_72_147,r_86_10_16,r_27_9_116,0.97,0,116,116,85
67,seq37,r_36_47_123,r_92_38_27,r_92_38_27,0.91,97,124,27,85
3,r_124_119_85,r_142_112_85,seq120,r_142_112_85,0.98,0,85,85,85
92,seq97,r_98_71_33,seq105,r_98_71_33,1.0,0,33,33,85
26,r_18_106_76,seq20,seq105,r_18_106_76,1.0,0,76,76,85
6,r_102_45_50,r_116_136_143,seq46,r_102_45_50,1.0,0,50,50,85
54,seq11,seq8,r_86_10_16,r_86_10_16,1.0,0,16,16,85
4,r_94_144_62,r_90_114_129,r_80_145_23,r_94_144_62,0.95,0,62,62,85
9,r_148_123_39,r_146_0_113,seq131,r_148_123_39,1.0,0,39,39,85
45,r_70_117_35,seq64,r_142_112_85,r_70_117_35,1.0,0,35,35,85
11,r_116_136_143,seq105,seq131,r_116_136_143,0.53,0,143,143,85
13,r_42_111_80,seq39,seq113,r_42_111_80,1.0,0,80,80,85
15,r_7_101_68,r_6_40_125,r_18_106_76,r_7_101_68,0.48,0,68,68,85
48,r_58_84_140,seq59,r_2_83_147,r_2_83_147,0.99,5,152,147,85
36,r_96_133_144,r_90_114_129,r_69_95_26,r_96_133_144,0.59,-125,19,144,85
49,r_30_62_26,r_63_147_141,seq68,r_63_147_141,0.95,0,141,141,85
36,r_96_133_144,r_69_95_26,r_116_136_143,r_96_133_144,0.56,0,144,144,85
27,r_103_5_148,seq105,seq8,r_103_5_148,0.79,0,148,148,85
1,r_80_145_23,r_146_0_113,r_94_144_62,r_94_144_62,0.74,3,65,62,85
22,r_98_71_33,seq97,seq59,r_98_71_33,0.99,0,33,33,85
98,seq120,r_70_117_35,r_124_119_85,r_124_119_85,0.57,2,87,85,85
2,r_138_74_120,seq139,r_53_75_70,r_138_74_120,0.8,0,120,120,85
18,r_53_75_70,seq52,seq78,r_53_75_70,0.93,0,70,70,85
43,r_6_40_125,seq8,r_92_38_27,r_6_40_125,1.0,0,125,125,85
34,r_135_28_67,r_29_72_147,r_44_26_97,r_44_26_97,0.97,38,135,97,85
33,r_12_34_60,seq13,seq31,r_12_34_60,1.0,0,60,60,85
22,r_98_71_33,r_30_62_26,r_12_34_60,r_98_71_33,0.67,109,142,33,85
47,r_63_147_141,r_30_62_26,seq149,r_63_147_141,0.94,0,141,141,85
70,seq46,r_44_26_97,r_102_45_50,r_102_45_50,0.87,47,97,50,85
55,seq13,r_146_0_113,seq15,r_146_0_113,0.43,226,339,113,85
22,r_98_71_33,seq59,r_30_62_26,r_98_71_33,0.51,54,87,33,85
98,seq120,r_124_119_85,r_70_117_35,r_70_117_35,0.88,9,44,35,85
1,r_80_145_23,seq79,r_146_0_113,r_80_145_23,0.95,1,24,23,85
38,r_125_132_88,seq128,seq131,r_125_132_88,0.74,-2,86,88,85
52,seq4,r_2_83_147,r_56_3_91,r_56_3_91,1.0,7,98,91,85
45,r_70_117_35,r_142_112_85,seq120,r_142_112_85,1.0,-2,83,85,85
47,r_63_147_141,seq68,r_30_62_26,r_30_62_26,0.77,16,42,26,85
34,r_135_28_67,r_142_112_85,r_29_72_147,r_135_28_67,0.99,0,67,67,85
24,r_134_67_25,r_143_130_191,seq66,r_134_67_25,1.0,0,25,25,85
19,r_92_38_27,r_90_114_129,r_140_41_24,r_140_41_24,0.73,2,26,24,85
46,r_24_54_54,seq23,seq55,r_24_54_54,0.98,1,55,54,85
17,r_29_72_147,r_27_9_116,r_135_28_67,r_135_28_67,0.92,5,72,67,85
94,seq105,r_116_136_143,r_18_106_76,r_18_106_76,0.95,1,77,76,85
28,r_142_112_85,r_143_130_191,seq113,r_142_112_85,0.94,0,85,85,85
17,r_29_72_147,r_135_28_67,r_138_74_120,r_138_74_120,0.82,27,147,120,85
0,r_86_10_16,seq85,seq11,r_86_10_16,1.0,0,16,16,85
30,r_88_125_157,seq87,r_12_121_132,r_88_125_157,0.43,0,157,157,86
16,r_13_126_16,r_12_121_132,seq130,r_13_126_16,0.84,0,16,16,86
92,seq107,r_105_15_64,r_81_110_14,r_105_15_64,1.0,0,64,64,86
14,r_131_24_107,seq133,seq23,r_131_24_107,0.95,0,107,107,86
8,r_75_14_97,r_82_36_134,seq20,r_75_14_97,0.98,1,98,97,86
54,seq7,seq8,r_63_6_90,r_63_6_90,1.0,23,113,90,86
12,r_112_42_54,seq111,seq43,r_112_42_54,1.0,0,54,54,86
37,r_32_119_64,r_31_54_187,r_128_122_2,r_32_119_64,1.0,0,64,64,86
21,r_0_29_132,seq2,seq28,r_0_29_132,0.97,0,132,132,86
29,r_81_110_14,r_75_14_97,seq111,r_81_110_14,0.6,-1,13,14,86
1,r_12_121_132,seq7,r_32_119_64,r_12_121_132,0.96,0,132,132,86
5,r_48_106_130,seq57,r_89_46_101,r_89_46_101,0.55,2,103,101,86
7,r_34_53_111,r_85_26_7,r_123_52_11,r_34_53_111,1.0,0,111,111,86
15,r_64_47_153,r_11_62_40,r_89_46_101,r_64_47_153,0.77,0,153,153,86
1,r_12_121_132,r_11_62_40,seq7,r_11_62_40,1.0,-5,35,40,86
46,r_103_19_20,r_97_127_136,seq18,r_103_19_20,1.0,0,20,20,86
39,r_25_49_9,seq56,r_123_52_11,r_25_49_9,0.36,72,81,9,86
31,r_31_54_187,seq30,r_34_53_111,r_34_53_111,1.0,76,187,111,86
41,r_39_118_163,seq38,r_12_121_132,r_12_121_132,0.69,31,163,132,86
3,r_76_27_172,seq72,r_0_29_132,r_76_27_172,0.41,0,172,172,86
10,r_147_78_77,seq145,seq79,r_147_78_77,0.98,0,77,77,86
39,r_25_49_9,r_31_54_187,seq56,r_25_49_9,0.67,1,10,9,86
26,r_96_92_201,r_97_127_136,r_83_102_93,r_97_127_136,0.64,0,136,136,86
79,seq60,r_82_36_134,r_40_61_38,r_40_61_38,0.91,1,39,38,86
78,seq57,seq56,r_94_59_125,r_94_59_125,0.91,6,131,125,86
63,seq18,r_17_50_119,seq20,r_17_50_119,1.0,0,119,119,86
73,seq38,r_39_118_163,r_143_37_56,r_143_37_56,0.99,107,163,56,86
16,r_13_126_16,seq60,seq148,r_13_126_16,0.88,89,105,16,86
15,r_64_47_153,r_63_6_90,r_11_62_40,r_64_47_153,0.96,-63,90,153,86
48,r_89_46_101,r_88_125_157,r_48_106_130,r_88_125_157,0.53,-56,101,157,86
36,r_77_141_19,r_75_14_97,seq140,r_77_141_19,1.0,0,19,19,86
48,r_89_46_101,r_25_49_9,r_64_47_153,r_64_47_153,0.61,4,157,153,86
6,r_105_15_64,seq107,seq16,r_105_15_64,1.0,0,64,64,86
45,r_11_62_40,r_12_121_132,r_64_47_153,r_11_62_40,1.0,0,40,40,86
85,seq79,r_82_36_134,r_100_80_22,r_82_36_134,0.97,-45,89,134,86
72,seq35,r_39_118_163,r_85_26_7,r_85_26_7,0.57,13,20,7,86
27,r_139_58_134,seq140,r_94_59_125,r_139_58_134,0.95,2,136,134,86
40,r_94_59_125,r_88_125_157,seq57,r_88_125_157,0.9,-32,125,157,86
25,r_97_127_136,r_96_92_201,r_13_126_16,r_13_126_16,0.7,120,136,16,86
92,seq107,r_81_110_14,r_48_106_130,r_48_106_130,1.0,2,132,130,86
49,r_117_109_18,seq116,seq111,r_117_109_18,0.93,-1,17,18,86
48,r_89_46_101,r_48_106_130,r_25_49_9,r_48_106_130,0.93,0,130,130,86
20,r_40_61_38,r_44_68_175,seq60,r_40_61_38,1.0,0,38,38,86
32,r_63_6_90,r_64_47_153,seq7,r_63_6_90,1.0,0,90,90,86
38,r_17_50_119,seq18,r_123_52_11,r_17_50_119,0.84,0,119,119,86
71,seq33,r_34_53_111,seq23,r_34_53_111,1.0,-58,53,111,86
5,r_48_106_130,r_89_46_101,seq107,r_48_106_130,0.97,0,130,130,86
7,r_34_53_111,seq33,r_85_26_7,r_85_26_7,0.74,7,14,7,86
34,r_91_5_99,r_88_125_157,seq4,r_91_5_99,1.0,0,99,99,86
45,r_11_62_40,r_64_47_153,r_147_78_77,r_147_78_77,0.69,84,161,77,86
81,seq67,seq69,r_71_66_56,r_71_66_56,0.56,58,114,56,86
17,r_82_36_134,seq79,seq35,r_82_36_134,0.88,0,134,134,86
9,r_44_68_175,seq43,seq69,r_44_68_175,0.52,0,175,175,86
18,r_70_55_28,r_75_14_97,seq56,r_70_55_28,0.79,0,28,28,86
22,r_114_73_111,seq113,seq74,r_114_73_111,0.8,0,111,111,86
11,r_143_37_56,seq145,seq38,r_143_37_56,1.0,0,56,56,86
28,r_129_104_70,r_131_24_107,seq107,r_129_104_70,1.0,1,71,70,86
16,r_13_126_16,seq148,r_97_127_136,r_97_127_136,0.57,1,137,136,86
77,seq56,seq51,r_70_55_28,r_70_55_28,1.0,8,36,28,86
33,r_123_52_11,r_120_65_107,seq51,r_120_65_107,0.67,-97,10,107,86
44,r_128_122_2,r_120_65_107,r_32_119_64,r_32_119_64,1.0,44,108,64,86
23,r_120_65_107,r_128_122_2,seq69,r_120_65_107,0.98,1,108,107,86
35,r_83_102_93,r_88_125_157,seq101,r_83_102_93,0.69,-1,92,93,86
30,r_22_52_83,r_23_132_140,r_13_54_13,r_22_52_83,1.0,0,83,83,87
8,r_61_31_115,seq60,seq32,r_61_31_115,0.98,0,115,115,87
43,r_33_62_65,r_34_65_105,seq60,r_33_62_65,0.81,0,65,65,87
3,r_147_45_26,seq146,seq43,r_147_45_26,0.93,0,26,26,87
54,seq7,r_8_55_192,r_79_2_151,r_79_2_151,1.0,41,192,151,87
37,r_98_99_66,seq102,r_133_101_63,r_133_101_63,1.0,36,99,63,87
5,r_40_30_46,r_41_144_131,seq32,r_40_30_46,0.97,0,46,46,87
86,seq92,r_88_90_122,r_66_91_62,r_66_91_62,1.0,1,63,62,87
39,r_86_20_68,r_88_90_122,seq32,r_86_20_68,1.0,0,68,68,87
1,r_23_132_140,seq32,seq129,r_23_132_140,0.76,0,140,140,87
69,seq49,r_51_50_139,r_26_48_32,r_26_48_32,1.0,54,86,32,87
93,seq108,r_107_44_58,r_123_110_57,r_107_44_58,0.86,-1,57,58,87
11,r_12_80_36,r_79_2_151,seq78,r_79_2_151,0.86,0,151,151,87
27,r_13_54_13,r_53_19_140,r_22_52_83,r_22_52_83,0.82,48,131,83,87
89,seq97,r_95_122_189,r_118_96_109,r_118_96_109,0.7,0,109,109,87
10,r_133_101_63,seq139,r_64_103_33,r_64_103_33,0.52,30,63,33,87
90,seq102,r_98_99_66,r_133_101_63,r_133_101_63,1.0,29,92,63,87
26,r_66_91_62,seq67,seq92,r_66_91_62,0.85,-2,60,62,87
72,seq60,r_61_31_115,r_127_63_101,r_127_63_101,0.75,14,115,101,87
4,r_100_0_65,r_98_99_66,r_3_1_59,r_100_0_65,0.99,0,65,65,87
0,r_121_25_77,r_127_63_101,seq24,r_121_25_77,0.97,0,77,77,87
31,r_26_48_32,r_23_132_140,seq49,r_26_48_32,0.89,0,32,32,87
13,r_37_9_187,seq38,r_53_19_140,r_37_9_187,0.42,0,187,187,87
15,r_113_82_67,seq112,r_83_84_89,r_113_82_67,0.85,0,67,67,87
48,r_88_90_122,seq89,r_66_91_62,r_66_91_62,1.0,60,122,62,87
46,r_79_2_151,seq78,r_12_80_36,r_12_80_36,1.0,0,36,36,87
40,r_83_84_89,r_58_81_21,r_113_82_67,r_113_82_67,0.94,2,69,67,87
6,r_4_125_158,seq6,seq124,r_4_125_158,0.75,0,158,158,87
27,r_13_54_13,r_18_109_74,r_53_19_140,r_13_54_13,0.89,0,13,13,87
18,r_58_81_21,r_61_31_115,r_83_84_89,r_58_81_21,0.95,1,22,21,87
85,seq89,r_88_90_122,r_95_122_189,r_88_90_122,0.45,0,122,122,87
12,r_119_134_28,r_118_96_109,seq139,r_119_134_28,0.96,0,28,28,87
41,r_5_104_36,r_4_125_158,r_64_103_33,r_5_104_36,0.94,0,36,36,87
20,r_53_19_140,r_61_31_115,r_13_54_13,r_13_54_13,0.59,2,15,13,87
47,r_34_65_105,seq35,seq67,r_34_65_105,0.96,0,105,105,87
29,r_127_63_101,r_126_59_142,r_33_62_65,r_33_62_65,0.56,36,101,65,87
98,seq116,seq112,r_17_117_122,r_17_117_122,1.0,1,123,122,87
25,r_46_137_69,r_47_148_121,r_149_141_36,r_149_141_36,0.92,33,69,36,87
43,r_33_62_65,seq60,r_127_63_101,r_127_63_101,0.99,41,142,101,87
33,r_47_148_121,seq49,r_119_134_28,r_47_148_121,0.94,0,121,121,87
64,seq35,r_34_65_105,seq36,r_34_65_105,0.99,-6,99,105,87
20,r_53_19_140,r_13_54_13,r_130_15_38,r_53_19_140,0.54,0,140,140,87
32,r_16_120_119,seq14,seq129,r_16_120_119,0.93,0,119,119,87
77,seq71,seq69,r_136_70_102,r_136_70_102,0.8,4,106,102,87
45,r_130_15_38,seq131,seq14,r_130_15_38,1.0,0,38,38,87
34,r_126_59_142,seq124,seq60,r_126_59_142,0.9,0,142,142,87
75,seq68,seq69,r_136_70_102,r_136_70_102,0.9,82,184,102,87
60,seq24,r_23_132_140,r_121_25_77,r_121_25_77,0.72,8,85,77,87
17,r_18_109_74,r_17_117_122,r_123_110_57,r_18_109_74,1.0,0,74,74,87
9,r_145_76_133,seq146,seq77,r_145_76_133,0.96,0,133,133,87
59,seq146,seq143,r_47_148_121,r_47_148_121,1.0,1,122,121,87
16,r_64_103_33,r_61_31_115,seq102,r_64_103_33,1.0,0,33,33,87
28,r_3_1_59,r_4_125_158,r_100_0_65,r_100_0_65,0.93,3,68,65,87
11,r_12_80_36,r_18_109_74,r_79_2_151,r_12_80_36,1.0,0,36,36,87
24,r_107_44_58,seq108,r_147_45_26,r_107_44_58,1.0,0,58,58,87
7,r_87_42_104,r_88_90_122,seq43,r_87_42_104,1.0,0,104,104,87
44,r_17_117_122,seq14,seq116,r_17_117_122,0.99,0,122,122,87
40,r_83_84_89,seq111,r_58_81_21,r_58_81_21,0.78,1,22,21,87
23,r_8_55_192,seq7,r_127_63_101,r_127_63_101,1.0,91,192,101,87
82,seq77,seq74,r_145_76_133,r_145_76_133,0.86,2,135,133,87
35,r_118_96_109,r_126_59_142,seq97,r_126_59_142,0.75,-33,109,142,87
38,r_123_110_57,r_127_63_101,seq108,r_127_63_101,0.62,-44,57,101,87
19,r_61_111_43,r_60_44_95,seq110,r_61_111_43,1.0,0,43,43,88
27,r_30_9_110,seq33,r_63_31_39,r_30_9_110,0.71,-66,44,110,88
3,r_36_92_25,seq33,seq102,r_36_92_25,1.0,1,26,25,88
37,r_127_112_122,seq125,r_51_113_103,r_51_113_103,0.87,19,122,103,88
2,r_77_11_58,seq75,r_0_21_21,r_77_11_58,0.78,0,58,58,88
34,r_10_87_25,r_22_65_91,r_83_85_58,r_83_85_58,0.81,-33,25,58,88
30,r_140_106_14,seq139,seq102,r_140_106_14,0.94,-2,12,14,88
16,r_52_1_67,r_53_137_121,seq4,r_52_1_67,1.0,2,69,67,88
21,r_118_67_82,r_117_143_192,r_28_66_47,r_118_67_82,0.93,0,82,82,88
7,r_60_44_95,r_73_71_33,seq43,r_60_44_95,0.89,0,95,95,88
5,r_54_57_121,seq55,r_22_65_91,r_22_65_91,0.99,17,108,91,88
46,r_34_48_134,seq33,r_147_49_99,r_147_49_99,1.0,35,134,99,88
6,r_28_66_47,r_73_71_33,r_118_67_82,r_118_67_82,1.0,10,92,82,88
14,r_108_93_112,r_107_76_50,r_140_106_14,r_107_76_50,0.98,0,50,50,88
45,r_147_49_99,seq149,seq46,r_147_49_99,0.99,0,99,99,88
41,r_51_113_103,r_61_111_43,r_127_112_122,r_127_112_122,0.54,9,131,122,88
39,r_29_19_132,r_28_66_47,r_105_126_24,r_29_19_132,0.8,-85,47,132,88
4,r_27_134_14,r_26_78_44,seq132,r_27_134_14,0.86,1,15,14,88
27,r_30_9_110,r_63_31_39,seq7,r_30_9_110,0.99,0,110,110,88
95,seq110,r_117_143_192,r_61_111_43,r_61_111_43,1.0,19,62,43,88
17,r_63_31_39,r_64_136_140,r_30_9_110,r_63_31_39,0.96,0,39,39,88
39,r_29_19_132,r_105_126_24,r_0_21_21,r_29_19_132,0.62,-4,128,132,88
31,r_53_137_121,seq38,r_122_138_4,r_53_137_121,0.7,0,121,121,88
41,r_51_113_103,seq50,r_61_111_43,r_51_113_103,0.81,0,103,103,88
67,seq33,r_34_48_134,r_68_35_14,r_68_35_14,0.57,109,123,14,88
10,r_96_79_111,seq95,seq82,r_96_79_111,0.95,0,111,111,88
90,seq100,seq102,r_142_101_102,r_142_101_102,1.0,44,146,102,88
40,r_64_136_140,r_22_65_91,r_53_137_121,r_64_136_140,0.87,0,140,140,88
26,r_22_65_91,seq23,r_118_67_82,r_22_65_91,1.0,0,91,91,88
28,r_32_114_165,seq37,seq115,r_32_114_165,0.73,0,165,165,88
14,r_108_93_112,r_140_106_14,seq95,r_108_93_112,0.58,0,112,112,88
20,r_45_6_152,seq50,r_30_9_110,r_45_6_152,0.41,0,152,152,88
15,r_69_58_107,seq72,r_97_59_6,r_97_59_6,0.56,99,105,6,88
4,r_27_134_14,seq132,seq128,r_27_134_14,0.42,67,81,14,88
2,r_77_11_58,r_0_21_21,r_8_121_112,r_8_121_112,0.51,40,152,112,88
0,r_26_78_44,seq13,seq82,r_26_78_44,0.9,0,44,44,88
29,r_148_40_36,seq149,seq41,r_148_40_36,1.0,0,36,36,88
47,r_5_89_178,seq7,r_36_92_25,r_36_92_25,0.56,161,186,25,88
40,r_64_136_140,seq62,r_22_65_91,r_22_65_91,1.0,1,92,91,88
18,r_8_121_112,seq7,r_105_126_24,r_8_121_112,0.92,0,112,112,88
24,r_123_88_146,seq125,r_83_85_58,r_123_88_146,0.48,0,146,146,88
64,seq23,r_22_65_91,r_0_21_21,r_22_65_91,0.51,0,91,91,88
2,r_77_11_58,r_8_121_112,r_29_19_132,r_77_11_58,0.46,141,199,58,88
70,seq41,seq38,r_74_39_49,r_74_39_49,1.0,68,117,49,88
32,r_142_101_102,r_144_47_110,seq100,r_142_101_102,0.99,0,102,102,88
38,r_130_3_136,seq129,seq4,r_130_3_136,0.9,0,136,136,88
7,r_60_44_95,r_61_111_43,r_73_71_33,r_61_111_43,0.99,0,43,43,88
48,r_105_126_24,r_103_124_171,seq125,r_105_126_24,0.99,-1,23,24,88
36,r_68_35_14,r_77_11_58,seq33,r_68_35_14,0.64,0,14,14,88
43,r_0_21_21,r_2_99_82,seq20,r_0_21_21,0.99,0,21,21,88
96,seq115,seq116,r_32_114_165,r_32_114_165,0.87,27,192,165,88
13,r_74_39_49,r_77_11_58,r_148_40_36,r_74_39_49,1.0,0,49,49,88
44,r_107_76_50,r_108_93_112,seq75,r_107_76_50,0.97,0,50,50,88
23,r_144_47_110,seq145,seq46,r_144_47_110,0.95,0,110,110,88
17,r_63_31_39,r_30_9_110,r_60_44_95,r_30_9_110,0.54,2,112,110,88
12,r_2_99_82,seq4,seq100,r_2_99_82,1.0,0,82,82,88
6,r_28_66_47,r_29_19_132,r_73_71_33,r_28_66_47,0.99,1,48,47,88
30,r_65_141_97,r_66_106_159,seq140,r_65_141_97,0.97,0,97,97,89
9,r_3_25_139,r_63_2_40,seq24,r_3_25_139,1.0,0,139,139,89
19,r_131_75_44,r_133_45_130,seq78,r_131_75_44,1.0,0,44,44,89
8,r_132_91_108,r_133_45_130,seq90,r_132_91_108,0.51,22,130,108,89
43,r_84_18_213,seq90,r_104_17_137,r_104_17_137,0.92,76,213,137,89
36,r_71_109_18,r_65_141_97,seq110,r_71_109_18,0.78,0,18,18,89
46,r_111_76_25,seq110,seq78,r_111_76_25,1.0,0,25,25,89
16,r_33_12_173,seq32,r_13_41_192,r_13_41_192,0.78,-19,173,192,89
39,r_134_128_58,r_135_94_169,seq129,r_134_128_58,0.51,4,62,58,89
97,seq124,r_125_26_165,r_67_119_39,r_67_119_39,0.8,126,165,39,89
5,r_7_37_192,r_13_41_192,r_114_8_116,r_114_8_116,0.99,12,128,116,89
32,r_13_41_192,r_7_37_192,r_33_12_173,r_33_12_173,0.81,9,182,173,89
45,r_125_26_165,seq124,seq27,r_125_26_165,0.86,0,165,165,89
1,r_40_79_59,r_50_42_1,r_131_75_44,r_40_79_59,1.0,0,59,59,89
32,r_13_41_192,r_9_130_47,r_7_37_192,r_9_130_47,1.0,0,47,47,89
33,r_66_106_159,r_80_22_184,seq105,r_66_106_159,1.0,0,159,159,89
4,r_80_22_184,r_40_79_59,seq21,r_80_22_184,1.0,0,184,184,89
66,seq29,r_30_116_72,seq32,r_30_116_72,1.0,0,72,72,89
31,r_104_17_137,seq105,seq16,r_104_17_137,1.0,0,137,137,89
12,r_35_69_27,seq49,seq68,r_35_69_27,0.87,0,27,27,89
34,r_67_119_39,r_65_141_97,r_120_1_221,r_120_1_221,0.63,-182,39,221,89
10,r_30_116_72,seq29,seq110,r_30_116_72,1.0,0,72,72,89
4,r_80_22_184,r_35_69_27,r_40_79_59,r_35_69_27,0.78,110,137,27,89
72,seq49,r_48_123_139,r_43_34_102,r_48_123_139,0.79,-5,134,139,89
4,r_80_22_184,r_81_62_87,r_35_69_27,r_35_69_27,0.92,70,97,27,89
0,r_114_8_116,seq115,r_7_37_192,r_114_8_116,0.95,0,116,116,89
11,r_20_95_191,seq21,r_89_87_158,r_20_95_191,0.58,0,191,191,89
48,r_133_45_130,r_132_91_108,seq44,r_133_45_130,1.0,0,130,130,89
27,r_83_55_61,r_82_59_40,r_103_136_154,r_83_55_61,0.77,-35,26,61,89
6,r_81_62_87,r_80_22_184,seq61,r_81_62_87,0.97,0,87,87,89
62,seq21,r_20_95_191,r_80_22_184,r_80_22_184,0.63,7,191,184,89
21,r_63_2_40,r_3_25_139,r_46_4_111,r_63_2_40,1.0,99,139,40,89
16,r_33_12_173,r_13_41_192,r_114_8_116,r_13_41_192,0.81,-1,191,192,89
5,r_7_37_192,r_114_8_116,r_96_47_176,r_7_37_192,1.0,0,192,192,89
0,r_114_8_116,r_7_37_192,r_52_11_163,r_114_8_116,0.99,66,182,116,89
47,r_135_94_169,r_64_137_17,r_89_87_158,r_135_94_169,0.43,0,169,169,89
42,r_64_137_17,r_65_141_97,r_135_94_169,r_135_94_169,0.71,-152,17,169,89
9,r_3_25_139,seq5,r_63_2_40,r_63_2_40,1.0,5,45,40,89
27,r_83_55_61,r_103_136_154,r_53_58_4,r_83_55_61,1.0,-6,55,61,89
21,r_63_2_40,seq60,r_3_25_139,r_63_2_40,1.0,0,40,40,89
2,r_52_11_163,r_53_58_4,r_114_8_116,r_52_11_163,0.97,0,163,163,89
47,r_135_94_169,r_134_128_58,r_64_137_17,r_64_137_17,0.99,121,138,17,89
18,r_38_10_215,seq39,r_114_8_116,r_114_8_116,0.67,99,215,116,89
29,r_103_136_154,seq105,r_64_137_17,r_64_137_17,0.89,137,154,17,89
24,r_46_4_111,r_50_42_1,seq6,r_46_4_111,1.0,2,113,111,89
40,r_121_85_35,r_122_92_137,seq86,r_121_85_35,0.49,5,40,35,89
33,r_66_106_159,r_65_141_97,r_80_22_184,r_65_141_97,0.97,0,97,97,89
68,seq32,r_33_12_173,seq29,r_33_12_173,0.91,-45,128,173,89
80,seq78,r_80_22_184,r_131_75_44,r_131_75_44,1.0,3,47,44,89
42,r_64_137_17,r_135_94_169,r_103_136_154,r_103_136_154,0.87,15,169,154,89
32,r_13_41_192,r_33_12_173,r_50_42_1,r_13_41_192,0.88,0,192,192,89
26,r_120_1_221,r_122_92_137,r_67_119_39,r_67_119_39,1.0,0,39,39,89
15,r_9_130_47,r_13_41_192,seq126,r_9_130_47,1.0,0,47,47,89
17,r_43_34_102,r_50_42_1,seq49,r_43_34_102,0.62,0,102,102,89
26,r_120_1_221,r_67_119_39,r_63_2_40,r_63_2_40,0.52,181,221,40,89
22,r_77_56_192,r_74_31_212,r_83_55_61,r_83_55_61,1.0,131,192,61,89
91,seq105,r_104_17_137,r_103_136_154,r_104_17_137,1.0,-27,110,137,89
91,seq105,r_103_136_154,r_66_106_159,r_66_106_159,1.0,6,165,159,89
7,r_19_107_152,seq16,seq108,r_19_107_152,1.0,0,152,152,89
17,r_43_34_102,seq49,r_7_37_192,r_7_37_192,0.74,41,233,192,89
79,seq73,r_72_51_90,r_35_69_27,r_72_51_90,0.54,3,93,90,89
14,r_66_120_176,r_65_56_40,seq53,r_65_56_40,0.48,-11,29,40,90
18,r_15_27_174,r_14_67_25,r_25_13_7,r_14_67_25,0.72,-5,20,25,90
8,r_41_139_133,r_39_99_165,seq140,r_41_139_133,0.95,0,133,133,90
16,r_51_46_56,r_48_95_120,r_102_47_41,r_51_46_56,0.74,64,120,56,90
1,r_12_113_61,r_114_121_131,r_52_112_82,r_12_113_61,0.66,71,132,61,90
1,r_12_113_61,seq11,r_114_121_131,r_12_113_61,0.96,0,61,61,90
97,seq122,seq126,r_114_121_131,r_114_121_131,0.99,6,137,131,90
5,r_94_16_81,seq89,r_68_17_59,r_94_16_81,0.86,0,81,81,90
46,r_90_125_133,seq91,seq124,r_90_125_133,0.84,0,133,133,90
42,r_48_95_120,r_51_46_56,r_115_97_29,r_48_95_120,0.91,0,120,120,90
4,r_14_67_25,r_15_27_174,seq69,r_14_67_25,1.0,0,25,25,90
7,r_25_13_7,r_15_27_174,r_94_16_81,r_94_16_81,0.66,93,174,81,90
36,r_135_83_38,r_132_92_156,seq84,r_135_83_38,0.97,0,38,38,90
19,r_105_148_111,r_117_44_124,r_149_62_136,r_117_44_124,0.75,-3,121,124,90
27,r_80_71_14,seq70,r_14_67_25,r_14_67_25,0.99,55,80,25,90
63,seq22,seq23,r_111_32_64,r_111_32_64,0.78,34,98,64,90
31,r_55_104_124,seq57,seq103,r_55_104_124,0.93,0,124,124,90
41,r_28_60_69,seq31,seq61,r_28_60_69,0.95,0,69,69,90
89,seq91,r_90_125_133,seq89,r_90_125_133,1.0,0,133,133,90
3,r_107_59_130,seq109,r_65_56_40,r_107_59_130,0.71,1,131,130,90
10,r_19_20_180,r_18_6_61,r_68_17_59,r_68_17_59,0.97,2,61,59,90
45,r_68_17_59,r_19_20_180,r_94_16_81,r_68_17_59,0.62,39,98,59,90
26,r_50_43_88,r_51_46_56,seq42,r_50_43_88,0.99,0,88,88,90
72,seq53,r_52_112_82,r_65_56_40,r_52_112_82,1.0,1,83,82,90
14,r_66_120_176,seq53,r_65_56_40,r_65_56_40,0.35,80,120,40,90
0,r_98_54_145,seq103,seq53,r_98_54_145,0.97,0,145,145,90
63,seq22,r_21_1_71,seq23,r_21_1_71,0.97,0,71,71,90
11,r_21_1_71,seq22,r_7_2_19,r_21_1_71,0.97,0,71,71,90
20,r_30_93_92,seq31,r_115_97_29,r_30_93_92,0.95,0,92,92,90
64,seq23,r_30_93_92,seq22,r_30_93_92,0.74,-39,53,92,90
27,r_80_71_14,r_14_67_25,seq70,r_14_67_25,0.53,168,193,25,90
57,seq140,r_144_86_147,r_41_139_133,r_41_139_133,0.63,4,137,133,90
19,r_105_148_111,r_149_62_136,seq145,r_149_62_136,0.77,-5,131,136,90
85,seq84,r_82_26_67,r_135_83_38,r_82_26_67,0.94,0,67,67,90
37,r_65_56_40,r_52_112_82,seq57,r_52_112_82,0.93,-42,40,82,90
10,r_19_20_180,r_68_17_59,seq22,r_19_20_180,0.88,0,180,180,90
2,r_117_44_124,seq118,seq34,r_117_44_124,0.98,0,124,124,90
56,seq11,r_0_36_182,r_18_6_61,r_0_36_182,0.93,-81,101,182,90
40,r_127_137_85,seq126,seq140,r_127_137_85,0.89,0,85,85,90
29,r_128_38_166,seq131,r_50_43_88,r_128_38_166,0.51,0,166,166,90
24,r_45_49_176,seq33,r_117_44_124,r_117_44_124,0.95,2,126,124,90
34,r_149_62_136,r_63_147_6,r_65_56_40,r_149_62_136,0.99,1,137,136,90
25,r_114_121_131,r_111_32_64,r_12_113_61,r_114_121_131,1.0,-67,64,131,90
33,r_52_112_82,seq53,r_12_113_61,r_52_112_82,0.63,0,82,82,90
77,seq69,r_68_17_59,r_14_67_25,r_68_17_59,0.59,0,59,59,90
6,r_63_147_6,r_144_86_147,seq145,r_144_86_147,0.99,-33,114,147,90
17,r_115_97_29,r_117_44_124,seq96,r_115_97_29,0.82,1,30,29,90
61,seq145,seq143,r_35_146_127,r_35_146_127,0.99,4,131,127,90
32,r_132_92_156,seq131,r_30_93_92,r_132_92_156,0.6,0,156,156,90
38,r_39_99_165,seq40,seq100,r_39_99_165,0.82,0,165,165,90
34,r_149_62_136,seq141,r_63_147_6,r_149_62_136,0.38,-61,75,136,90
60,seq143,r_144_86_147,r_41_139_133,r_41_139_133,0.43,14,147,133,90
25,r_114_121_131,r_12_113_61,seq122,r_114_121_131,0.96,0,131,131,90
9,r_35_146_127,r_39_99_165,seq145,r_35_146_127,0.71,0,127,127,90
64,seq23,seq22,r_111_32_64,r_111_32_64,1.0,3,67,64,90
49,r_102_47_41,r_98_54_145,r_51_46_56,r_102_47_41,0.94,0,41,41,90
22,r_18_6_61,r_19_20_180,seq8,r_18_6_61,0.72,0,61,61,90
28,r_7_2_19,r_0_36_182,r_21_1_71,r_21_1_71,0.58,13,84,71,90
91,seq100,r_98_54_145,seq103,r_98_54_145,1.0,-60,85,145,90
84,seq81,seq84,r_37_79_67,r_37_79_67,1.0,30,97,67,90
43,r_88_106_46,seq87,r_123_108_4,r_88_106_46,0.95,0,46,46,90
72,seq53,r_65_56_40,r_98_54_145,r_98_54_145,1.0,0,145,145,90
78,seq70,r_68_17_59,r_14_67_25,r_68_17_59,0.73,0,59,59,90
45,r_68_17_59,seq69,r_19_20_180,r_68_17_59,1.0,0,59,59,90
56,seq11,r_12_113_61,r_0_36_182,r_12_113_61,1.0,0,61,61,90
23,r_111_32_64,r_114_121_131,seq31,r_111_32_64,1.0,0,64,64,90
27,r_80_71_14,seq81,seq70,r_80_71_14,0.97,0,14,14,90
12,r_37_79_67,r_39_99_165,seq81,r_37_79_67,0.98,0,67,67,90
30,r_30_29_50,r_26_40_125,r_105_32_89,r_105_32_89,0.99,27,116,89,91
51,seq131,seq130,r_5_132_64,r_5_132_64,1.0,126,190,64,91
8,r_75_39_78,r_76_80_29,seq41,r_75_39_78,0.97,0,78,78,91
37,r_54_143_151,r_52_51_150,r_111_144_15,r_111_144_15,0.67,149,164,15,91
71,seq59,r_63_11_149,r_22_61_59,r_22_61_59,1.0,90,149,59,91
16,r_24_106_147,r_30_29_50,seq107,r_24_106_147,0.43,0,147,147,91
1,r_56_135_94,r_129_57_15,r_147_138_1,r_56_135_94,1.0,0,94,94,91
32,r_111_144_15,r_105_32_89,seq146,r_111_144_15,0.88,1,16,15,91
45,r_53_69_72,r_52_51_150,seq71,r_53_69_72,0.94,0,72,72,91
34,r_149_17_52,r_148_114_116,seq15,r_149_17_52,1.0,0,52,52,91
44,r_28_20_46,r_26_40_125,seq23,r_26_40_125,0.57,-79,46,125,91
31,r_13_137_180,seq15,r_147_138_1,r_13_137_180,0.42,0,180,180,91
41,r_5_132_64,r_26_40_125,seq131,r_5_132_64,0.99,0,64,64,91
10,r_63_11_149,seq59,seq9,r_63_11_149,0.66,0,149,149,91
90,seq107,seq108,r_24_106_147,r_24_106_147,0.86,9,156,147,91
32,r_111_144_15,seq146,r_104_145_46,r_104_145_46,1.0,1,47,46,91
26,r_136_142_121,r_147_138_1,r_111_144_15,r_136_142_121,0.98,0,121,121,91
4,r_1_95_83,seq2,seq93,r_1_95_83,0.92,0,83,83,91
0,r_26_40_125,r_30_29_50,r_75_39_78,r_75_39_78,1.0,47,125,78,91
73,seq65,r_66_79_94,r_27_64_44,r_27_64_44,0.98,50,94,44,91
11,r_66_79_94,seq65,r_76_80_29,r_66_79_94,0.65,0,94,94,91
72,seq146,r_141_103_150,r_136_142_121,r_141_103_150,0.72,-19,131,150,91
46,r_55_47_37,r_48_3_107,seq46,r_48_3_107,0.96,1,108,107,91
6,r_127_60_126,r_70_128_27,r_22_61_59,r_22_61_59,0.94,67,126,59,91
62,seq23,r_22_61_59,r_28_20_46,r_22_61_59,1.0,1,60,59,91
99,seq126,r_127_60_126,r_113_125_103,r_127_60_126,0.48,-46,80,126,91
63,seq34,r_31_49_133,r_99_36_42,r_99_36_42,1.0,1,43,42,91
27,r_42_62_102,r_43_35_153,r_22_61_59,r_43_35_153,0.96,-51,102,153,91
22,r_52_51_150,r_54_143_151,r_78_119_5,r_52_51_150,0.37,1,151,150,91
42,r_99_36_42,seq101,seq34,r_99_36_42,1.0,0,42,42,91
2,r_22_61_59,seq23,seq59,r_22_61_59,1.0,1,60,59,91
36,r_104_145_46,r_105_32_89,r_111_144_15,r_104_145_46,1.0,0,46,46,91
47,r_97_123_33,r_91_96_74,seq124,r_97_123_33,0.61,2,35,33,91
40,r_48_3_107,seq46,seq2,r_48_3_107,0.45,5,112,107,91
46,r_55_47_37,r_54_143_151,r_48_3_107,r_55_47_37,0.99,0,37,37,91
18,r_147_138_1,r_136_142_121,r_56_135_94,r_147_138_1,0.76,120,121,1,91
29,r_21_0_120,seq23,seq2,r_21_0_120,0.61,0,120,120,91
25,r_113_125_103,r_78_119_5,seq126,r_113_125_103,0.64,0,103,103,91
33,r_31_49_133,r_33_74_145,seq46,r_33_74_145,0.86,-13,132,145,91
50,seq2,r_1_95_83,seq44,r_1_95_83,0.57,1,84,83,91
65,seq41,r_43_35_153,r_75_39_78,r_75_39_78,1.0,4,82,78,91
68,seq46,r_48_3_107,r_31_49_133,r_48_3_107,0.87,1,108,107,91
38,r_89_73_110,r_86_83_113,seq71,r_86_83_113,0.49,-3,110,113,91
77,seq140,r_141_103_150,r_136_142_121,r_136_142_121,0.92,44,165,121,91
15,r_148_114_116,r_149_17_52,r_111_144_15,r_149_17_52,0.85,0,52,52,91
17,r_70_128_27,r_127_60_126,r_113_125_103,r_127_60_126,0.9,0,126,126,91
9,r_141_103_150,seq140,r_25_100_5,r_141_103_150,0.69,0,150,150,91
43,r_4_120_25,r_1_95_83,r_78_119_5,r_78_119_5,0.85,20,25,5,91
48,r_110_92_43,r_105_32_89,seq93,r_105_32_89,0.86,-46,43,89,91
22,r_52_51_150,r_53_69_72,r_54_143_151,r_53_69_72,1.0,0,72,72,91
28,r_16_117_120,seq7,r_78_119_5,r_16_117_120,0.95,0,120,120,91
15,r_148_114_116,r_111_144_15,seq146,r_111_144_15,0.61,77,92,15,91
49,r_91_96_74,seq94,seq98,r_91_96_74,0.63,3,77,74,91
35,r_33_74_145,r_105_32_89,r_66_79_94,r_33_74_145,0.62,0,145,145,91
39,r_27_64_44,r_26_40_125,seq65,r_27_64_44,1.0,0,44,44,91
18,r_147_138_1,r_56_135_94,r_13_137_180,r_13_137_180,1.0,8,188,180,91
15,r_148_114_116,seq146,r_78_119_5,r_148_114_116,1.0,-1,115,116,91
35,r_33_74_145,r_31_49_133,r_105_32_89,r_105_32_89,0.99,45,134,89,91
12,r_105_32_89,seq107,r_30_29_50,r_105_32_89,0.95,0,89,89,91
24,r_34_36_60,r_29_44_36,r_82_35_36,r_34_36_60,1.0,-24,36,60,92
26,r_27_50_27,r_23_14_73,seq48,r_27_50_27,1.0,0,27,27,92
14,r_79_30_108,seq81,r_34_36_60,r_79_30_108,0.99,0,108,108,92
43,r_2_45_105,seq3,r_29_44_36,r_2_45_105,0.98,0,105,105,92
36,r_49_134_39,seq48,seq133,r_49_134_39,0.84,0,39,39,92
25,r_41_72_22,r_49_134_39,r_120_65_22,r_41_72_22,0.89,2,24,22,92
30,r_105_1_53,r_109_145_67,seq3,r_105_1_53,1.0,0,53,53,92
15,r_120_65_22,r_99_9_137,seq66,r_120_65_22,1.0,0,22,22,92
21,r_94_33_155,seq95,r_82_35_36,r_82_35_36,0.24,132,168,36,92
39,r_32_87_84,r_34_36_60,seq91,r_32_87_84,1.0,0,84,84,92
5,r_88_58_155,r_89_136_157,seq59,r_89_136_157,0.68,-2,155,157,92
25,r_41_72_22,r_120_65_22,r_18_71_48,r_18_71_48,1.0,0,48,48,92
11,r_70_101_25,seq67,seq100,r_70_101_25,1.0,0,25,25,92
1,r_82_35_36,r_86_57_36,r_34_36_60,r_82_35_36,1.0,0,36,36,92
19,r_93_77_82,seq91,seq81,r_93_77_82,0.78,0,82,82,92
10,r_69_121_46,seq67,seq123,r_69_121_46,1.0,0,46,46,92
44,r_18_71_48,r_20_146_133,r_41_72_22,r_18_71_48,1.0,0,48,48,92
37,r_137_43_26,seq135,seq42,r_137_43_26,0.97,0,26,26,92
31,r_74_138_150,seq81,r_106_139_32,r_74_138_150,0.25,0,150,150,92
33,r_8_68_56,seq11,seq67,r_8_68_56,1.0,1,57,56,92
41,r_116_10_63,r_122_142_117,seq11,r_116_10_63,1.0,0,63,63,92
8,r_29_44_36,r_47_117_167,r_2_45_105,r_2_45_105,0.97,17,122,105,92
4,r_75_84_114,seq81,r_61_85_34,r_61_85_34,0.89,94,128,34,92
0,r_89_136_157,r_88_58_155,seq135,r_88_58_155,0.57,2,157,155,92
63,seq22,r_34_36_60,r_144_28_60,r_144_28_60,1.0,14,74,60,92
73,seq55,r_56_6_63,r_86_57_36,r_56_6_63,0.81,0,63,63,92
86,seq100,r_122_142_117,r_70_101_25,r_70_101_25,0.75,9,34,25,92
48,r_25_80_90,r_26_76_156,seq81,r_25_80_90,0.76,0,90,90,92
12,r_109_145_67,r_148_124_180,r_20_146_133,r_20_146_133,1.0,4,137,133,92
66,seq42,seq53,r_137_43_26,r_137_43_26,0.99,32,58,26,92
6,r_5_73_120,seq3,r_93_77_82,r_5_73_120,0.99,1,121,120,92
85,seq98,r_99_9_137,seq95,r_99_9_137,0.99,0,137,137,92
2,r_26_76_156,r_144_28_60,r_5_73_120,r_144_28_60,0.83,96,156,60,92
13,r_86_57_36,r_82_35_36,seq55,r_86_57_36,1.0,0,36,36,92
27,r_4_60_87,r_5_73_120,seq59,r_4_60_87,0.96,0,87,87,92
35,r_61_85_34,seq62,r_89_136_157,r_61_85_34,0.94,0,34,34,92
2,r_26_76_156,r_25_80_90,r_144_28_60,r_26_76_156,0.9,-94,62,156,92
3,r_64_118_27,r_63_51_152,seq115,r_64_118_27,0.98,0,27,27,92
74,seq59,seq62,r_4_60_87,r_4_60_87,0.96,0,87,87,92
18,r_23_14_73,r_25_80_90,seq16,r_23_14_73,0.9,0,73,73,92
29,r_17_143_146,seq19,r_122_142_117,r_17_143_146,0.92,0,146,146,92
35,r_61_85_34,r_89_136_157,r_75_84_114,r_61_85_34,0.39,95,129,34,92
46,r_106_139_32,r_105_1_53,seq135,r_105_1_53,1.0,-21,32,53,92
58,seq12,r_15_103_166,r_23_14_73,r_23_14_73,0.99,97,170,73,92
75,seq62,r_61_85_34,seq59,r_61_85_34,1.0,0,34,34,92
32,r_15_103_166,seq16,seq95,r_15_103_166,0.47,0,166,166,92
77,seq67,r_120_65_22,r_8_68_56,r_8_68_56,0.94,4,60,56,92
38,r_56_6_63,seq55,r_116_10_63,r_56_6_63,1.0,0,63,63,92
7,r_40_78_14,r_23_14_73,seq81,r_40_78_14,1.0,0,14,14,92
34,r_111_38_123,seq112,seq39,r_111_38_123,1.0,0,123,123,92
8,r_29_44_36,r_32_87_84,r_47_117_167,r_29_44_36,1.0,1,37,36,92
60,seq16,r_15_103_166,r_23_14_73,r_23_14_73,1.0,93,166,73,92
17,r_144_28_60,seq149,r_26_76_156,r_144_28_60,1.0,0,60,60,92
9,r_7_113_86,seq11,seq112,r_7_113_86,1.0,0,86,86,92
63,seq22,r_144_28_60,seq3,r_144_28_60,0.44,125,185,60,92
96,seq123,r_122_142_117,r_69_121_46,r_69_121_46,0.91,70,116,46,92
22,r_99_9_137,seq98,r_56_6_63,r_99_9_137,0.99,0,137,137,92
55,seq133,r_122_142_117,r_49_134_39,r_49_134_39,0.71,16,55,39,92
49,r_104_83_111,seq107,r_61_85_34,r_61_85_34,0.63,77,111,34,92
23,r_20_146_133,seq19,r_109_145_67,r_20_146_133,0.96,0,133,133,92
17,r_144_28_60,r_26_76_156,r_97_24_124,r_97_24_124,0.88,32,156,124,92
12,r_109_145_67,seq107,r_148_124_180,r_109_145_67,0.62,1,68,67,92
45,r_111_118_6,seq112,r_31_120_178,r_31_120_178,0.87,0,178,178,93
53,seq134,r_138_144_150,r_28_136_86,r_28_136_86,0.99,71,157,86,93
21,r_31_120_178,seq32,r_111_118_6,r_31_120_178,0.53,0,178,178,93
1,r_127_41_139,seq126,r_42_40_181,r_127_41_139,0.9,0,139,139,93
46,r_102_145_225,seq100,r_138_144_150,r_102_145_225,0.48,0,225,225,93
59,seq14,r_114_51_48,r_52_29_46,r_52_29_46,0.6,55,101,46,93
45,r_111_118_6,r_119_133_82,r_2_108_33,r_111_118_6,0.73,77,83,6,93
30,r_39_125_26,r_42_40_181,r_124_13_195,r_39_125_26,0.92,-4,22,26,93
43,r_57_61_30,seq45,r_72_62_49,r_57_61_30,0.76,11,41,30,93
19,r_141_5_74,r_138_144_150,seq148,r_141_5_74,0.38,-43,31,74,93
33,r_92_77_19,r_76_116_166,seq84,r_76_116_166,0.56,-24,142,166,93
11,r_35_79_203,r_131_37_39,r_66_73_191,r_66_73_191,0.74,12,203,191,93
38,r_69_85_21,r_87_34_169,seq84,r_87_34_169,0.99,0,169,169,93
41,r_124_13_195,r_127_41_139,seq14,r_127_41_139,0.64,-79,60,139,93
23,r_42_40_181,r_39_125_26,r_46_44_102,r_39_125_26,0.87,0,26,26,93
10,r_28_136_86,seq26,r_138_144_150,r_28_136_86,0.74,0,86,86,93
14,r_131_37_39,r_129_64_214,r_35_79_203,r_131_37_39,1.0,1,40,39,93
26,r_138_144_150,seq139,r_86_143_36,r_86_143_36,0.96,119,155,36,93
8,r_87_34_169,r_69_85_21,seq33,r_87_34_169,0.79,0,169,169,93
59,seq14,r_72_62_49,r_66_73_191,r_72_62_49,0.43,115,164,49,93
14,r_131_37_39,r_35_79_203,r_132_36_74,r_132_36_74,0.96,67,141,74,93
0,r_119_133_82,r_111_118_6,r_60_130_5,r_119_133_82,0.92,1,83,82,93
11,r_35_79_203,seq49,r_131_37_39,r_131_37_39,0.95,30,69,39,93
13,r_60_130_5,r_129_64_214,r_18_128_133,r_18_128_133,0.99,30,163,133,93
79,seq84,r_87_34_169,r_69_85_21,r_69_85_21,0.69,-3,18,21,93
57,seq139,r_138_144_150,r_24_140_100,r_24_140_100,0.89,44,144,100,93
28,r_82_48_171,r_92_77_19,seq49,r_82_48_171,0.68,0,171,171,93
40,r_27_110_34,r_28_136_86,seq109,r_28_136_86,0.54,-53,33,86,93
42,r_24_140_100,r_25_123_42,r_18_128_133,r_25_123_42,1.0,1,43,42,93
16,r_114_51_48,seq112,seq49,r_114_51_48,0.98,-2,46,48,93
36,r_137_23_226,seq134,r_28_136_86,r_137_23_226,0.65,-51,175,226,93
82,seq90,r_114_51_48,seq89,r_114_51_48,0.82,-13,35,48,93
47,r_98_74_74,seq97,r_66_73_191,r_98_74_74,0.93,-2,72,74,93
20,r_52_29_46,seq53,seq19,r_52_29_46,0.95,0,46,46,93
18,r_70_30_157,r_66_73_191,r_52_29_46,r_70_30_157,0.48,0,157,157,93
29,r_76_116_166,seq75,seq117,r_76_116_166,0.53,0,166,166,93
24,r_132_36_74,r_127_41_139,r_147_38_79,r_127_41_139,0.83,-77,62,139,93
10,r_28_136_86,seq134,r_1_135_112,r_1_135_112,0.97,2,114,112,93
25,r_83_99_158,r_82_48_171,seq100,r_82_48_171,0.55,-13,158,171,93
80,seq142,seq148,r_86_143_36,r_86_143_36,1.0,0,36,36,93
15,r_25_123_42,seq26,seq122,r_25_123_42,0.86,-4,38,42,93
20,r_52_29_46,seq19,r_70_30_157,r_70_30_157,0.91,3,160,157,93
24,r_132_36_74,r_147_38_79,r_131_37_39,r_131_37_39,1.0,35,74,39,93
38,r_69_85_21,r_70_30_157,r_87_34_169,r_87_34_169,0.8,-148,21,169,93
9,r_2_108_33,r_1_135_112,seq109,r_2_108_33,1.0,0,33,33,93
8,r_87_34_169,r_86_143_36,r_69_85_21,r_87_34_169,0.55,-143,26,169,93
2,r_72_62_49,seq71,r_57_61_30,r_57_61_30,0.94,11,41,30,93
19,r_141_5_74,seq148,seq4,r_141_5_74,1.0,-11,63,74,93
32,r_95_10_19,r_88_96_40,seq12,r_95_10_19,0.77,0,19,19,93
45,r_111_118_6,r_2_108_33,seq112,r_2_108_33,0.6,121,154,33,93
81,seq89,seq90,r_81_93_19,r_81_93_19,0.54,134,153,19,93
5,r_78_94_40,r_76_116_166,r_81_93_19,r_76_116_166,0.52,-124,42,166,93
28,r_82_48_171,r_83_99_158,r_92_77_19,r_82_48_171,0.41,-13,158,171,93
49,r_147_38_79,seq146,r_131_37_39,r_147_38_79,0.93,-3,76,79,93
44,r_17_65_66,r_22_43_223,r_66_73_191,r_17_65_66,1.0,0,66,66,93
41,r_124_13_195,r_39_125_26,r_95_10_19,r_124_13_195,0.52,0,195,195,93
33,r_92_77_19,r_88_96_40,r_76_116_166,r_92_77_19,0.76,0,19,19,93
35,r_1_135_112,seq3,r_28_136_86,r_1_135_112,0.99,0,112,112,93
12,r_18_128_133,seq19,r_60_130_5,r_18_128_133,0.91,1,134,133,93
39,r_86_143_36,r_87_34_169,seq142,r_86_143_36,1.0,0,36,36,93
23,r_42_40_181,r_46_44_102,r_127_41_139,r_127_41_139,0.72,0,139,139,93
41,r_124_13_195,seq14,r_39_125_26,r_39_125_26,0.72,34,60,26,93
30,r_126_119_96,r_127_50_104,seq117,r_126_119_96,0.63,-7,89,96,94
51,seq131,r_129_26_184,r_65_128_122,r_65_128_122,1.0,5,127,122,94
14,r_24_31_78,seq23,r_5_34_1,r_24_31_78,0.62,5,83,78,94
29,r_51_12_45,seq48,r_13_14_91,r_51_12_45,1.0,0,45,45,94
8,r_96_125_87,r_93_8_129,seq121,r_96_125_87,0.96,0,87,87,94
11,r_138_16_29,r_136_114_143,r_18_28_91,r_138_16_29,1.0,0,29,29,94
37,r_32_82_6,r_4_83_106,r_45_103_111,r_45_103_111,1.0,60,171,111,94
1,r_18_28_91,r_17_39_45,r_138_16_29,r_18_28_91,0.96,-45,46,91,94
59,seq148,r_149_88_85,seq146,r_149_88_85,1.0,0,85,85,94
71,seq137,r_136_114_143,r_108_140_111,r_108_140_111,0.72,9,120,111,94
21,r_1_19_154,seq0,r_67_20_128,r_1_19_154,0.5,0,154,154,94
97,seq117,seq115,r_86_116_79,r_86_116_79,1.0,14,93,79,94
46,r_134_57_102,r_135_144_76,r_11_54_57,r_134_57_102,0.99,0,102,102,94
84,seq77,seq76,r_36_78_50,r_36_78_50,1.0,2,52,50,94
11,r_138_16_29,r_18_28_91,seq21,r_18_28_91,1.0,0,91,91,94
95,seq110,seq117,r_68_111_70,r_68_111_70,1.0,8,78,70,94
76,seq66,r_65_128_122,seq71,r_65_128_122,1.0,-4,118,122,94
31,r_133_49_135,seq131,r_17_39_45,r_17_39_45,0.63,90,135,45,94
3,r_59_142_97,seq60,seq141,r_59_142_97,0.93,0,97,97,94
72,seq56,r_55_113_122,r_11_54_57,r_11_54_57,0.99,65,122,57,94
0,r_45_103_111,seq42,seq104,r_45_103_111,0.99,0,111,111,94
73,seq60,r_59_142_97,seq61,r_59_142_97,1.0,4,101,97,94
20,r_86_116_79,seq87,seq117,r_86_116_79,1.0,0,79,79,94
12,r_36_78_50,seq37,seq77,r_36_78_50,1.0,0,50,50,94
13,r_68_111_70,r_67_20_128,seq110,r_68_111_70,1.0,0,70,70,94
47,r_106_2_29,r_108_140_111,r_118_3_26,r_108_140_111,0.97,-82,29,111,94
15,r_149_88_85,seq148,seq87,r_149_88_85,1.0,0,85,85,94
5,r_7_89_20,r_93_8_129,r_38_97_65,r_7_89_20,0.99,89,109,20,94
17,r_93_8_129,r_38_97_65,r_51_12_45,r_93_8_129,1.0,0,129,129,94
18,r_65_128_122,r_67_20_128,seq131,r_65_128_122,0.97,0,122,122,94
39,r_80_27_58,seq71,r_124_29_11,r_80_27_58,1.0,0,58,58,94
40,r_25_122_105,r_5_34_1,r_96_125_87,r_25_122_105,0.93,0,105,105,94
18,r_65_128_122,r_64_33_101,r_67_20_128,r_64_33_101,1.0,0,101,101,94
24,r_38_97_65,seq40,r_120_98_51,r_38_97_65,1.0,1,66,65,94
25,r_94_79_88,r_93_8_129,r_36_78_50,r_94_79_88,0.88,0,88,88,94
19,r_124_29_11,r_118_3_26,seq30,r_124_29_11,1.0,0,11,11,94
50,seq0,r_1_19_154,r_67_20_128,r_1_19_154,0.45,-1,153,154,94
42,r_120_98_51,r_93_8_129,r_38_97_65,r_93_8_129,0.86,0,129,129,94
61,seq23,r_24_31_78,r_124_29_11,r_124_29_11,0.71,74,85,11,94
38,r_4_83_106,seq6,r_32_82_6,r_4_83_106,1.0,0,106,106,94
5,r_7_89_20,r_4_83_106,r_93_8_129,r_7_89_20,0.59,1,21,20,94
6,r_147_35_15,r_149_88_85,seq37,r_147_35_15,1.0,0,15,15,94
75,seq63,r_65_128_122,seq66,r_65_128_122,1.0,-5,117,122,94
4,r_11_54_57,r_4_83_106,seq56,r_11_54_57,1.0,0,57,57,94
60,seq21,r_22_139_166,r_67_20_128,r_67_20_128,0.59,38,166,128,94
17,r_93_8_129,r_94_79_88,r_38_97_65,r_38_97_65,1.0,23,88,65,94
44,r_5_34_1,r_124_29_11,r_64_33_101,r_64_33_101,1.0,5,106,101,94
9,r_102_81_91,seq99,seq73,r_102_81_91,0.46,0,91,91,94
37,r_32_82_6,seq71,r_4_83_106,r_4_83_106,1.0,8,114,106,94
28,r_55_113_122,seq56,seq115,r_55_113_122,0.56,0,122,122,94
91,seq104,seq99,r_45_103_111,r_45_103_111,1.0,8,119,111,94
49,r_108_140_111,seq107,seq137,r_108_140_111,0.88,0,111,111,94
1,r_18_28_91,r_138_16_29,r_124_29_11,r_18_28_91,1.0,0,91,91,94
7,r_64_33_101,r_65_128_122,r_5_34_1,r_64_33_101,1.0,0,101,101,94
44,r_5_34_1,r_25_122_105,r_124_29_11,r_5_34_1,0.53,69,70,1,94
63,seq37,r_36_78_50,r_147_35_15,r_36_78_50,0.9,0,50,50,94
23,r_95_143_97,r_93_8_129,seq146,r_95_143_97,1.0,1,98,97,94
35,r_67_20_128,seq63,seq21,r_67_20_128,0.7,0,128,128,94
42,r_120_98_51,seq117,r_93_8_129,r_120_98_51,1.0,0,51,51,94
2,r_17_39_45,r_18_28_91,seq40,r_17_39_45,1.0,0,45,45,94
30,r_64_18_178,r_65_66_73,r_101_16_81,r_101_16_81,0.92,97,178,81,95
51,seq1,r_2_19_181,r_79_0_134,r_79_0_134,0.98,47,181,134,95
36,r_145_26_131,r_146_43_104,r_147_44_138,r_146_43_104,0.93,0,104,104,95
37,r_71_83_55,seq72,r_112_82_39,r_71_83_55,0.94,0,55,55,95
14,r_138_7_90,seq141,seq6,r_138_7_90,0.99,0,90,90,95
29,r_3_120_46,seq6,seq121,r_3_120_46,1.0,0,46,46,95
1,r_78_25_85,r_79_0_134,seq24,r_78_25_85,0.77,-1,84,85,95
28,r_91_127_36,seq92,seq128,r_91_127_36,0.98,0,36,36,95
5,r_87_133_83,seq86,seq134,r_87_133_83,1.0,0,83,83,95
46,r_2_19_181,seq1,r_78_25_85,r_78_25_85,0.66,96,181,85,95
42,r_37_54_203,r_36_33_247,seq53,r_37_54_203,0.32,0,203,203,95
32,r_106_48_35,r_97_102_97,r_50_137_158,r_106_48_35,0.92,0,35,35,95
20,r_31_90_21,r_32_49_54,seq88,r_31_90_21,1.0,0,21,21,95
31,r_38_104_21,r_39_118_156,r_97_102_97,r_38_104_21,1.0,0,21,21,95
3,r_68_115_30,r_64_18_178,seq116,r_68_115_30,1.0,0,30,30,95
4,r_74_109_74,seq76,seq111,r_74_109_74,1.0,1,75,74,95
11,r_142_100_103,r_148_143_15,r_38_104_21,r_142_100_103,0.92,0,103,103,95
15,r_110_57_85,seq111,seq58,r_110_57_85,1.0,1,86,85,95
6,r_114_20_136,seq121,seq22,r_114_20_136,0.76,1,137,136,95
62,seq17,r_21_47_148,r_101_16_81,r_101_16_81,0.95,35,116,81,95
32,r_106_48_35,r_50_137_158,r_32_49_54,r_32_49_54,0.61,6,60,54,95
2,r_94_132_18,r_96_105_121,seq131,r_94_132_18,0.98,-1,17,18,95
10,r_56_95_58,r_55_117_97,r_96_105_121,r_56_95_58,1.0,0,58,58,95
27,r_79_0_134,r_78_25_85,seq77,r_78_25_85,0.65,0,85,85,95
21,r_112_82_39,r_119_124_49,r_71_83_55,r_112_82_39,0.92,1,40,39,95
97,seq116,seq121,r_68_115_30,r_68_115_30,1.0,24,54,30,95
47,r_146_43_104,r_145_26_131,seq46,r_146_43_104,0.53,0,104,104,95
40,r_8_14_113,seq5,r_101_16_81,r_8_14_113,0.64,0,113,113,95
84,seq77,r_31_90_21,seq73,r_31_90_21,1.0,0,21,21,95
18,r_123_63_116,r_119_124_49,seq62,r_123_63_116,0.97,0,116,116,95
24,r_15_84_63,seq17,seq86,r_15_84_63,1.0,0,63,63,95
53,seq131,seq134,r_94_132_18,r_94_132_18,0.99,13,31,18,95
25,r_21_47_148,seq22,seq51,r_21_47_148,0.55,0,148,148,95
68,seq134,seq135,r_87_133_83,r_87_133_83,1.0,8,91,83,95
34,r_32_49_54,seq30,r_106_48_35,r_106_48_35,0.8,25,60,35,95
75,seq53,r_55_117_97,seq77,r_55_117_97,1.0,1,98,97,95
26,r_144_136_32,r_145_26_131,seq135,r_144_136_32,0.76,2,34,32,95
17,r_126_85_105,seq125,r_15_84_63,r_126_85_105,0.93,0,105,105,95
43,r_89_60_23,seq88,seq61,r_89_60_23,1.0,0,23,23,95
9,r_129_59_91,seq128,seq58,r_129_59_91,1.0,0,91,91,95
37,r_71_83_55,r_112_82_39,r_110_57_85,r_110_57_85,0.53,107,192,85,95
36,r_145_26_131,r_147_44_138,r_99_29_120,r_99_29_120,0.69,12,132,120,95
27,r_79_0_134,seq77,seq1,r_79_0_134,0.96,0,134,134,95
77,seq61,r_64_18_178,r_89_60_23,r_89_60_23,0.96,13,36,23,95
49,r_70_149_147,r_64_18_178,r_94_132_18,r_70_149_147,0.31,0,147,147,95
48,r_23_4_32,r_15_84_63,seq6,r_23_4_32,0.86,0,32,32,95
56,seq135,seq134,r_144_136_32,r_144_136_32,0.97,59,91,32,95
44,r_99_29_120,r_97_102_97,seq27,r_99_29_120,0.92,0,120,120,95
35,r_101_16_81,seq103,seq17,r_101_16_81,0.99,0,81,81,95
30,r_37_62_64,seq36,r_49_54_11,r_37_62_64,0.83,0,64,64,96
51,seq129,r_125_102_182,r_103_131_110,r_103_131_110,0.93,10,120,110,96
36,r_1_111_169,seq0,r_128_112_40,r_128_112_40,0.69,129,169,40,96
14,r_56_119_8,r_38_127_9,r_22_120_113,r_22_120_113,1.0,0,113,113,96
53,seq134,seq136,r_87_133_65,r_87_133_65,1.0,6,71,65,96
81,seq70,r_69_57_70,seq71,r_69_57_70,0.59,-16,54,70,96
22,r_118_3_26,r_130_31_32,r_5_2_25,r_118_3_26,0.94,0,26,26,96
54,seq136,seq139,r_17_137_129,r_17_137_129,1.0,14,143,129,96
37,r_110_89_63,seq109,r_19_90_15,r_19_90_15,0.93,35,50,15,96
16,r_96_143_170,seq97,r_53_140_141,r_96_143_170,0.79,0,170,170,96
21,r_69_57_70,seq70,r_49_54_11,r_69_57_70,0.49,-4,66,70,96
42,r_7_26_159,seq4,r_49_54_11,r_49_54_11,0.76,119,130,11,96
91,seq94,r_96_143_170,r_19_90_15,r_19_90_15,0.84,19,34,15,96
29,r_53_140_141,r_42_149_110,r_96_143_170,r_96_143_170,0.94,2,172,170,96
46,r_144_27_15,r_142_40_144,seq32,r_144_27_15,1.0,1,16,15,96
18,r_21_20_77,r_17_137_129,seq9,r_17_137_129,0.7,-84,45,129,96
45,r_84_124_158,seq83,r_103_131_110,r_84_124_158,0.75,0,158,158,96
24,r_125_102_182,r_38_127_9,r_122_101_57,r_122_101_57,0.8,125,182,57,96
19,r_100_33_123,seq99,seq32,r_100_33_123,0.69,0,123,123,96
66,seq35,r_34_8_131,seq36,r_34_8_131,0.99,1,132,131,96
76,seq60,r_53_140_141,r_37_62_64,r_37_62_64,1.0,35,99,64,96
2,r_130_31_32,r_128_112_40,seq32,r_130_31_32,1.0,0,32,32,96
31,r_29_115_61,r_30_91_60,seq117,r_29_115_61,0.95,0,61,61,96
41,r_11_28_61,seq12,seq32,r_11_28_61,0.59,0,61,61,96
15,r_18_75_50,r_21_20_77,r_16_76_15,r_18_75_50,1.0,1,51,50,96
10,r_142_40_144,r_141_116_154,r_46_39_79,r_141_116_154,0.45,-10,144,154,96
26,r_34_8_131,seq35,seq9,r_34_8_131,0.54,1,132,131,96
4,r_87_133_65,seq85,seq134,r_87_133_65,1.0,0,65,65,96
0,r_30_91_60,r_29_115_61,r_23_93_2,r_30_91_60,0.95,0,60,60,96
63,seq148,seq147,r_42_149_110,r_42_149_110,1.0,18,128,110,96
11,r_81_41_61,r_80_104_148,seq51,r_81_41_61,1.0,0,61,61,96
20,r_146_77_161,seq148,r_18_75_50,r_146_77_161,0.5,0,161,161,96
13,r_103_131_110,seq106,seq129,r_103_131_110,0.96,0,110,110,96
84,seq74,r_81_41_61,r_16_76_15,r_81_41_61,0.62,-17,44,61,96
48,r_123_135_168,r_121_25_150,r_103_131_110,r_103_131_110,0.97,55,165,110,96
49,r_17_137_129,seq9,seq136,r_17_137_129,0.99,0,129,129,96
47,r_88_45_16,r_87_133_65,seq47,r_88_45_16,0.84,0,16,16,96
57,seq139,seq136,r_95_138_110,r_95_138_110,1.0,33,143,110,96
6,r_42_149_110,seq51,seq148,r_42_149_110,0.94,0,110,110,96
99,seq117,r_125_102_182,r_29_115_61,r_29_115_61,1.0,3,64,61,96
27,r_43_6_66,seq44,seq4,r_43_6_66,1.0,0,66,66,96
39,r_122_101_57,r_121_25_150,r_68_107_17,r_122_101_57,1.0,-1,56,57,96
49,r_17_137_129,r_21_20_77,seq9,r_17_137_129,0.75,-84,45,129,96
29,r_53_140_141,r_49_54_11,r_42_149_110,r_42_149_110,1.0,47,157,110,96
40,r_128_112_40,r_121_25_150,seq114,r_128_112_40,0.99,0,40,40,96
25,r_22_120_113,seq24,r_56_119_8,r_56_119_8,0.82,105,113,8,96
64,seq24,r_22_120_113,r_132_72_40,r_132_72_40,0.76,70,110,40,96
50,seq0,r_1_111_169,r_118_3_26,r_118_3_26,0.99,143,169,26,96
58,seq12,r_11_28_61,seq9,r_11_28_61,0.75,0,61,61,96
7,r_68_107_17,r_69_57_70,seq106,r_69_57_70,0.69,-53,17,70,96
32,r_95_138_110,r_96_143_170,seq139,r_95_138_110,1.0,0,110,110,96
24,r_125_102_182,r_130_31_32,r_38_127_9,r_130_31_32,1.0,-7,25,32,96
17,r_78_108_130,seq79,seq114,r_78_108_130,0.93,0,130,130,96
34,r_132_72_40,seq134,seq71,r_132_72_40,1.0,0,40,40,96
95,seq106,r_105_65_20,r_68_107_17,r_105_65_20,0.92,0,20,20,96
48,r_123_135_168,r_103_131_110,r_87_133_65,r_87_133_65,0.68,103,168,65,96
35,r_16_76_15,seq9,seq74,r_16_76_15,0.9,0,15,15,96
28,r_80_104_148,seq79,r_68_107_17,r_80_104_148,0.84,0,148,148,96
8,r_105_65_20,seq106,seq64,r_105_65_20,0.72,0,20,20,96
44,r_141_116_154,r_142_40_144,r_29_115_61,r_29_115_61,0.9,68,129,61,96
5,r_19_90_15,r_18_75_50,r_110_89_63,r_19_90_15,1.0,0,15,15,96
23,r_38_127_9,r_121_25_150,r_103_131_110,r_103_131_110,0.77,51,161,110,96
30,r_2_68_117,seq1,r_107_70_19,r_2_68_117,0.99,0,117,117,97
92,seq92,seq87,r_5_91_69,r_5_91_69,1.0,21,90,69,97
43,r_85_93_182,seq86,r_5_91_69,r_5_91_69,1.0,118,187,69,97
71,seq43,r_44_4_145,seq46,r_44_4_145,1.0,0,145,145,97
86,seq71,seq80,r_120_74_21,r_120_74_21,0.9,208,229,21,97
16,r_23_57_129,seq22,r_104_56_69,r_23_57_129,0.99,1,130,129,97
39,r_63_10_104,seq62,r_36_7_70,r_63_10_104,1.0,0,104,104,97
1,r_98_55_68,seq99,seq52,r_98_55_68,1.0,1,69,68,97
5,r_146_58_142,r_140_148_58,r_98_55_68,r_98_55_68,0.42,60,128,68,97
32,r_147_41_38,r_126_38_18,r_66_42_115,r_66_42_115,1.0,10,125,115,97
29,r_29_84_30,seq27,seq82,r_29_84_30,0.97,0,30,30,97
2,r_120_74_21,r_121_137_117,r_59_73_6,r_120_74_21,0.96,0,21,21,97
14,r_111_9_37,seq110,r_8_94_150,r_111_9_37,0.89,0,37,37,97
31,r_8_94_150,r_6_3_36,r_113_88_46,r_113_88_46,0.83,104,150,46,97
89,seq142,r_140_148_58,r_101_141_52,r_101_141_52,1.0,51,103,52,97
3,r_109_24_183,r_108_131_164,r_77_106_42,r_77_106_42,1.0,107,149,42,97
10,r_108_131_164,r_109_24_183,r_143_132_13,r_108_131_164,0.31,0,164,164,97
36,r_143_132_13,r_146_58_142,seq128,r_143_132_13,0.9,-1,12,13,97
4,r_104_56_69,seq102,seq51,r_104_56_69,1.0,0,69,69,97
0,r_40_13_160,seq39,r_95_11_84,r_95_11_84,0.98,86,170,84,97
11,r_36_7_70,seq37,r_6_3_36,r_36_7_70,1.0,0,70,70,97
32,r_147_41_38,r_146_58_142,r_126_38_18,r_147_41_38,0.7,1,39,38,97
15,r_76_149_100,r_78_114_118,r_140_148_58,r_76_149_100,0.69,0,100,100,97
48,r_89_26_60,r_90_31_203,r_23_57_129,r_89_26_60,0.95,1,61,60,97
4,r_104_56_69,seq51,r_23_57_129,r_23_57_129,1.0,18,147,129,97
26,r_122_97_20,seq123,seq96,r_122_97_20,0.98,0,20,20,97
93,seq96,seq92,r_122_97_20,r_122_97_20,0.81,18,38,20,97
14,r_111_9_37,r_8_94_150,r_36_7_70,r_36_7_70,0.97,25,95,70,97
87,seq80,r_76_149_100,r_125_72_10,r_76_149_100,0.6,-19,81,100,97
3,r_109_24_183,r_77_106_42,r_75_25_94,r_75_25_94,0.46,110,204,94,97
41,r_101_141_52,seq102,seq142,r_101_141_52,1.0,0,52,52,97
9,r_126_38_18,r_122_97_20,seq39,r_126_38_18,1.0,1,19,18,97
47,r_5_91_69,r_6_3_36,seq92,r_5_91_69,1.0,0,69,69,97
40,r_78_114_118,seq80,r_145_112_10,r_78_114_118,0.93,0,118,118,97
96,seq110,r_111_9_37,r_145_112_10,r_111_9_37,1.0,0,37,37,97
33,r_79_136_131,seq80,r_121_137_117,r_79_136_131,0.65,0,131,131,97
64,seq27,r_28_21_147,seq30,r_28_21_147,0.64,0,147,147,97
20,r_107_70_19,r_109_24_183,seq69,r_107_70_19,0.95,0,19,19,97
58,seq144,r_146_58_142,r_101_141_52,r_101_141_52,0.94,69,121,52,97
38,r_135_49_125,r_134_103_168,r_98_55_68,r_134_103_168,0.68,-43,125,168,97
34,r_119_133_118,r_121_137_117,r_134_103_168,r_119_133_118,0.51,1,119,118,97
48,r_89_26_60,r_23_57_129,r_75_25_94,r_89_26_60,0.9,40,100,60,97
21,r_113_88_46,seq117,seq87,r_113_88_46,0.88,0,46,46,97
17,r_125_72_10,r_126_38_18,seq80,r_125_72_10,0.94,3,13,10,97
22,r_59_73_6,r_75_25_94,r_120_74_21,r_75_25_94,0.96,0,94,94,97
28,r_118_100_66,r_121_137_117,seq99,r_118_100_66,0.97,0,66,66,97
91,seq87,r_90_31_203,r_113_88_46,r_113_88_46,0.99,58,104,46,97
49,r_28_21_147,seq27,seq17,r_28_21_147,0.57,0,147,147,97
27,r_77_106_42,r_76_149_100,r_109_24_183,r_77_106_42,0.99,0,42,42,97
44,r_134_103_168,r_119_133_118,seq102,r_134_103_168,0.56,0,168,168,97
7,r_83_34_86,seq82,seq33,r_83_34_86,0.97,0,86,86,97
44,r_134_103_168,r_135_49_125,r_119_133_118,r_134_103_168,0.79,-47,121,168,97
23,r_66_42_115,seq67,r_147_41_38,r_66_42_115,0.98,0,115,115,97
35,r_75_25_94,r_76_149_100,r_89_26_60,r_76_149_100,0.73,-6,94,100,97
12,r_95_11_84,seq92,seq14,r_95_11_84,1.0,0,84,84,97
30,r_116_112_115,seq117,r_54_125_39,r_54_125_39,0.96,90,129,39,98
51,seq131,seq126,r_14_129_89,r_14_129_89,1.0,26,115,89,98
37,r_143_19_114,r_149_144_31,r_40_18_114,r_143_19_114,0.85,0,114,114,98
76,seq66,r_65_127_126,seq71,r_65_127_126,1.0,0,126,126,98
43,r_15_27_30,r_14_129_89,seq25,r_15_27_30,1.0,0,30,30,98
39,r_24_69_126,r_26_13_133,r_2_68_125,r_26_13_133,0.66,-7,126,133,98
97,seq119,r_118_36_78,seq117,r_118_36_78,0.99,0,78,78,98
5,r_122_94_71,seq126,seq95,r_122_94_71,1.0,0,71,71,98
46,r_140_59_162,seq141,r_74_53_157,r_140_59_162,0.88,0,162,162,98
42,r_87_57_132,r_86_146_154,r_29_58_132,r_87_57_132,0.95,0,132,132,98
45,r_3_22_81,seq4,r_97_23_39,r_3_22_81,0.98,-1,80,81,98
16,r_78_121_109,r_54_125_39,r_114_120_149,r_78_121_109,0.49,47,156,109,98
19,r_6_85_81,r_8_61_199,seq80,r_6_85_81,1.0,0,81,81,98
15,r_47_44_209,r_109_48_25,seq41,r_109_48_25,0.47,184,209,25,98
38,r_88_73_39,r_74_53_157,seq80,r_88_73_39,0.46,118,157,39,98
31,r_26_13_133,seq25,seq12,r_26_13_133,0.86,0,133,133,98
41,r_2_68_125,seq4,r_24_69_126,r_2_68_125,0.62,0,125,125,98
3,r_14_129_89,seq16,seq131,r_14_129_89,1.0,0,89,89,98
26,r_105_130_96,seq103,r_14_129_89,r_105_130_96,1.0,0,96,96,98
11,r_114_120_149,r_115_106_41,seq126,r_115_106_41,0.76,0,41,41,98
40,r_139_38_36,r_140_59_162,seq37,r_139_38_36,0.92,1,37,36,98
98,seq124,seq131,r_54_125_39,r_54_125_39,1.0,-1,38,39,98
35,r_21_50_16,r_26_13_133,seq49,r_21_50_16,1.0,1,17,16,98
0,r_67_98_82,seq64,seq104,r_67_98_82,0.49,0,82,82,98
29,r_109_48_25,seq111,seq51,r_109_48_25,0.39,9,34,25,98
99,seq126,r_128_123_175,r_65_127_126,r_65_127_126,1.0,32,158,126,98
13,r_11_46_169,seq12,r_74_53_157,r_11_46_169,0.71,0,169,169,98
15,r_47_44_209,r_55_56_46,r_109_48_25,r_55_56_46,0.52,52,98,46,98
30,r_116_112_115,r_54_125_39,seq113,r_116_112_115,0.49,13,128,115,98
48,r_29_58_132,seq37,r_87_57_132,r_29_58_132,0.94,0,132,132,98
38,r_88_73_39,r_89_9_198,r_74_53_157,r_74_53_157,0.64,-144,13,157,98
6,r_74_53_157,r_86_146_154,r_88_73_39,r_88_73_39,0.95,-26,13,39,98
4,r_54_125_39,r_55_56_46,seq124,r_54_125_39,0.96,0,39,39,98
21,r_32_17_29,seq35,seq16,r_32_17_29,0.83,0,29,29,98
76,seq66,r_65_127_126,r_67_98_82,r_65_127_126,0.94,-76,50,126,98
2,r_8_61_199,r_7_28_165,seq10,r_7_28_165,1.0,0,165,165,98
47,r_72_33_177,seq71,r_60_34_57,r_60_34_57,0.99,120,177,57,98
14,r_60_34_57,r_55_56_46,seq35,r_60_34_57,1.0,0,57,57,98
18,r_148_83_128,seq147,r_6_85_81,r_148_83_128,0.81,0,128,128,98
95,seq113,r_122_94_71,r_114_120_149,r_122_94_71,0.97,-32,39,71,98
2,r_8_61_199,seq10,r_74_53_157,r_74_53_157,0.59,42,199,157,98
25,r_149_144_31,r_143_19_114,seq142,r_143_19_114,1.0,0,114,114,98
33,r_101_136_176,r_102_135_170,r_115_106_41,r_115_106_41,0.95,116,157,41,98
64,seq35,seq37,r_60_34_57,r_60_34_57,1.0,20,77,57,98
6,r_74_53_157,r_88_73_39,r_87_57_132,r_88_73_39,0.78,118,157,39,98
33,r_101_136_176,r_115_106_41,r_102_135_170,r_101_136_176,0.96,0,176,176,98
20,r_145_132_53,r_54_125_39,seq134,r_145_132_53,0.33,66,119,53,98
32,r_86_146_154,r_88_73_39,r_31_138_107,r_86_146_154,0.97,0,154,154,98
61,seq147,r_148_83_128,seq142,r_148_83_128,0.99,0,128,128,98
32,r_86_146_154,r_87_57_132,r_88_73_39,r_88_73_39,0.41,90,129,39,98
34,r_40_18_114,seq41,r_143_19_114,r_40_18_114,0.98,0,114,114,98
60,seq16,r_14_129_89,r_32_17_29,r_14_129_89,0.94,-20,69,89,98
17,r_76_79_200,seq75,r_148_83_128,r_148_83_128,1.0,72,200,128,98
11,r_114_120_149,seq113,r_78_121_109,r_114_120_149,0.63,0,149,149,98
9,r_31_138_107,seq30,seq142,r_31_138_107,0.97,0,107,107,98
22,r_118_36_78,seq119,r_139_38_36,r_118_36_78,0.92,0,78,78,98
28,r_52_5_151,seq51,r_77_1_96,r_77_1_96,0.56,56,152,96,98
49,r_96_20_36,seq92,r_32_17_29,r_96_20_36,1.0,0,36,36,98
7,r_65_127_126,seq66,r_14_129_89,r_65_127_126,0.79,0,126,126,98
20,r_145_132_53,r_148_83_128,r_54_125_39,r_145_132_53,0.98,5,58,53,98
27,r_115_106_41,r_114_120_149,seq107,r_115_106_41,1.0,0,41,41,98
12,r_7_28_165,r_8_61_199,r_15_27_30,r_7_28_165,0.6,0,165,165,98
23,r_97_23_39,seq99,r_15_27_30,r_97_23_39,1.0,0,39,39,98
23,r_97_23_39,r_15_27_30,r_3_22_81,r_3_22_81,0.97,41,122,81,98
40,r_89_129_84,r_25_88_15,seq130,r_89_129_84,0.98,0,84,84,99
36,r_84_86_60,r_89_129_84,r_136_87_72,r_136_87_72,0.79,-2,70,72,99
14,r_41_50_89,r_39_116_134,seq51,r_41_50_89,1.0,0,89,89,99
8,r_18_29_152,seq17,r_105_30_78,r_105_30_78,0.96,74,152,78,99
53,seq4,r_7_14_151,r_45_2_50,r_45_2_50,0.49,15,65,50,99
43,r_107_53_98,r_106_91_74,r_22_98_59,r_22_98_59,1.0,15,74,59,99
37,r_136_87_72,r_135_76_163,r_84_86_60,r_136_87_72,0.66,0,72,72,99
43,r_107_53_98,r_22_98_59,r_41_50_89,r_107_53_98,0.61,0,98,98,99
30,r_33_108_39,seq34,seq100,r_33_108_39,0.95,0,39,39,99
16,r_95_67_71,r_106_91_74,r_128_66_39,r_95_67_71,0.91,0,71,71,99
39,r_39_116_134,seq37,seq114,r_39_116_134,0.85,0,134,134,99
5,r_118_147_124,r_117_24_69,seq119,r_117_24_69,1.0,0,69,69,99
42,r_64_13_81,seq65,r_63_15_9,r_64_13_81,0.97,0,81,81,99
21,r_48_97_27,r_106_91_74,r_22_98_59,r_22_98_59,0.75,12,71,59,99
38,r_12_20_9,seq21,r_110_19_26,r_110_19_26,0.94,23,49,26,99
27,r_131_125_49,seq130,seq127,r_131_125_49,0.96,2,51,49,99
73,seq51,r_75_81_79,r_41_50_89,r_41_50_89,0.98,18,107,89,99
31,r_46_26_112,seq44,r_117_24_69,r_46_26_112,0.93,0,112,112,99
41,r_102_74_67,r_106_91_74,seq73,r_102_74_67,0.97,0,67,67,99
67,seq31,seq27,r_105_30_78,r_105_30_78,1.0,0,78,78,99
26,r_99_109_7,r_107_53_98,r_16_104_26,r_99_109_7,0.77,91,98,7,99
4,r_106_91_74,r_107_53_98,r_25_88_15,r_106_91_74,0.9,0,74,74,99
78,seq60,r_59_68_62,seq58,r_59_68_62,0.92,11,73,62,99
63,seq21,r_23_79_155,r_18_29_152,r_18_29_152,0.6,-21,131,152,99
11,r_146_3_106,r_144_140_115,r_45_2_50,r_146_3_106,0.99,0,106,106,99
20,r_35_115_171,seq37,r_39_116_134,r_39_116_134,0.72,37,171,134,99
13,r_138_85_137,seq137,r_25_88_15,r_138_85_137,0.56,0,137,137,99
12,r_16_104_26,r_102_74_67,r_33_108_39,r_16_104_26,0.51,41,67,26,99
95,seq119,r_118_147_124,seq120,r_118_147_124,0.96,-101,23,124,99
62,seq17,r_18_29_152,r_64_13_81,r_64_13_81,0.97,56,137,81,99
0,r_25_88_15,r_89_129_84,r_106_91_74,r_89_129_84,0.98,-20,64,84,99
12,r_16_104_26,r_18_29_152,r_102_74_67,r_16_104_26,0.97,0,26,26,99
6,r_45_2_50,r_46_26_112,seq4,r_45_2_50,1.0,0,50,50,99
21,r_48_97_27,r_45_2_50,r_106_91_74,r_48_97_27,0.93,2,29,27,99
47,r_52_36_74,seq51,seq37,r_52_36_74,1.0,0,74,74,99
15,r_128_66_39,seq127,seq65,r_128_66_39,1.0,0,39,39,99
74,seq55,r_54_121_111,seq56,r_54_121_111,1.0,1,112,111,99
18,r_111_142_94,r_112_9_132,seq143,r_111_142_94,0.8,0,94,94,99
29,r_117_24_69,r_118_147_124,r_105_30_78,r_117_24_69,1.0,1,70,69,99
38,r_12_20_9,r_18_29_152,seq21,r_12_20_9,0.68,1,10,9,99
24,r_7_14_151,seq8,r_64_13_81,r_7_14_151,0.83,0,151,151,99
73,seq51,r_49_83_54,r_75_81_79,r_49_83_54,0.88,0,54,54,99
0,r_25_88_15,seq27,r_89_129_84,r_25_88_15,0.8,0,15,15,99
33,r_82_80_42,seq78,r_102_74_67,r_102_74_67,1.0,10,77,67,99
1,r_49_83_54,r_54_121_111,r_107_53_98,r_49_83_54,0.53,13,67,54,99
3,r_22_98_59,r_23_79_155,r_48_97_27,r_22_98_59,1.0,0,59,59,99
58,seq10,seq11,r_112_9_132,r_112_9_132,1.0,0,132,132,99
70,seq37,r_39_116_134,r_52_36_74,r_52_36_74,1.0,68,142,74,99
61,seq143,r_144_140_115,r_111_142_94,r_111_142_94,0.7,21,115,94,99
32,r_148_141_169,seq149,r_111_142_94,r_111_142_94,1.0,67,161,94,99
2,r_94_126_54,seq93,seq127,r_94_126_54,1.0,0,54,54,99
9,r_96_90_50,r_106_91_74,r_25_88_15,r_25_88_15,1.0,49,64,15,99
34,r_112_9_132,r_111_142_94,r_99_109_7,r_111_142_94,1.0,0,94,94,99
99,seq127,r_128_66_39,r_131_125_49,r_128_66_39,0.97,0,39,39,99
40,r_89_129_84,r_94_126_54,r_25_88_15,r_25_88_15,0.9,-1,14,15,99
17,r_54_121_111,seq55,seq123,r_54_121_111,0.96,1,112,111,99
1,r_49_83_54,r_107_53_98,r_25_88_15,r_107_53_98,0.99,4,102,98,99
22,r_144_140_115,seq143,seq139,r_144_140_115,0.88,0,115,115,99
34,r_112_9_132,r_99_109_7,seq10,r_112_9_132,0.94,0,132,132,99
28,r_59_68_62,seq60,seq71,r_59_68_62,0.81,11,73,62,99
1,r_49_83_54,seq51,r_54_121_111,r_49_83_54,0.35,3,57,54,99
46,r_122_43_54,seq119,seq44,r_122_43_54,1.0,0,54,54,99
25,r_110_19_26,r_106_91_74,r_12_20_9,r_110_19_26,0.97,0,26,26,99
56,seq8,r_7_14_151,r_62_6_53,r_62_6_53,0.92,46,99,53,99
7,r_105_30_78,r_107_53_98,seq31,r_105_30_78,1.0,0,78,78,99
10,r_62_6_53,seq61,seq8,r_62_6_53,0.99,0,53,53,99
5,r_118_147_124,seq119,seq145,r_118_147_124,1.0,0,124,124,99
