30,r_63_101_103,r_62_139_132,seq98,r_63_101_103,0.99,1,104,103,0
51,seq132,r_130_87_81,seq128,r_130_87_81,0.95,-8,73,81,0
36,r_147_46_176,r_145_146_98,r_125_47_75,r_125_47_75,0.98,104,179,75,0
14,r_62_139_132,seq60,r_13_137_5,r_62_139_132,1.0,0,132,132,0
37,r_28_10_158,seq29,seq11,r_28_10_158,0.7,0,158,158,0
16,r_134_5_95,r_135_118_128,r_58_4_40,r_134_5_95,1.0,0,95,95,0
5,r_61_95_95,r_62_139_132,seq98,r_61_95_95,1.0,0,95,95,0
46,r_31_50_88,r_28_10_158,r_125_47_75,r_31_50_88,0.49,1,89,88,0
42,r_91_129_129,r_68_93_1,seq148,r_91_129_129,0.83,0,129,129,0
43,r_59_49_147,r_58_4_40,seq70,r_58_4_40,0.99,0,40,40,0
45,r_141_116_79,r_143_7_101,seq115,r_141_116_79,0.46,0,79,79,0
7,r_130_87_81,seq88,seq90,r_130_87_81,0.75,50,131,81,0
24,r_38_140_83,r_13_137_5,seq128,r_38_140_83,0.59,64,147,83,0
19,r_109_15_87,r_108_22_117,seq14,r_109_15_87,1.0,0,87,87,0
76,seq60,r_62_139_132,seq67,r_62_139_132,1.0,-16,116,132,0
31,r_56_133_178,seq57,r_38_140_83,r_38_140_83,0.97,107,190,83,0
97,seq148,r_135_118_128,r_83_149_53,r_83_149_53,0.98,0,53,53,0
17,r_3_81_134,r_58_4_40,r_131_82_48,r_3_81_134,0.83,0,134,134,0
41,r_2_136_125,r_3_81_134,r_13_137_5,r_2_136_125,0.95,0,125,125,0
10,r_138_119_138,r_13_137_5,seq120,r_138_119_138,0.76,3,141,138,0
47,r_25_94_40,r_26_6_189,r_68_93_1,r_25_94_40,1.0,0,40,40,0
26,r_12_107_98,seq14,seq106,r_12_107_98,1.0,0,98,98,0
44,r_143_7_101,seq128,seq9,r_143_7_101,1.0,0,101,101,0
0,r_13_137_5,r_138_119_138,r_62_139_132,r_62_139_132,0.55,9,141,132,0
63,seq29,r_28_10_158,r_122_33_99,r_122_33_99,0.81,54,153,99,0
7,r_130_87_81,r_86_96_100,seq88,r_86_96_100,0.99,0,100,100,0
20,r_64_1_113,r_66_100_157,r_58_4_40,r_66_100_157,0.98,-44,113,157,0
13,r_69_114_183,seq67,seq115,r_69_114_183,0.45,0,183,183,0
98,seq126,r_124_89_136,r_97_123_36,r_124_89_136,0.54,0,136,136,0
15,r_117_30_165,seq115,seq29,r_117_30_165,0.82,1,166,165,0
48,r_86_96_100,seq90,r_130_87_81,r_130_87_81,0.96,3,84,81,0
3,r_97_123_36,seq99,r_122_33_99,r_97_123_36,0.65,3,39,36,0
62,seq27,r_26_6_189,r_108_22_117,r_108_22_117,1.0,72,189,117,0
1,r_131_82_48,seq132,seq84,r_131_82_48,1.0,1,49,48,0
2,r_52_0_153,seq51,r_58_4_40,r_52_0_153,0.78,0,153,153,0
40,r_8_92_144,seq9,r_25_94_40,r_8_92_144,0.67,0,144,144,0
18,r_26_6_189,seq27,r_52_0_153,r_26_6_189,0.27,0,189,189,0
29,r_121_35_166,r_122_33_99,seq126,r_122_33_99,1.0,0,99,99,0
24,r_38_140_83,seq39,r_13_137_5,r_38_140_83,0.98,0,83,83,0
43,r_59_49_147,seq70,r_125_47_75,r_59_49_147,0.56,0,147,147,0
33,r_54_71_158,r_56_133_178,seq72,r_54_71_158,0.55,0,158,158,0
6,r_58_4_40,r_2_136_125,r_134_5_95,r_58_4_40,1.0,79,119,40,0
32,r_68_93_1,r_91_129_129,r_25_94_40,r_25_94_40,0.54,33,73,40,0
38,r_78_32_172,seq79,r_117_30_165,r_78_32_172,0.68,0,172,172,0
52,seq9,r_8_92_144,r_143_7_101,r_143_7_101,0.51,48,149,101,0
77,seq67,r_66_100_157,seq60,r_66_100_157,0.89,-4,153,157,0
3,r_97_123_36,r_122_33_99,seq126,r_122_33_99,1.0,-5,94,99,0
21,r_65_85_51,r_69_114_183,seq84,r_65_85_51,1.0,0,51,51,0
48,r_86_96_100,r_130_87_81,seq98,r_86_96_100,0.98,0,100,100,0
34,r_124_89_136,seq126,seq90,r_124_89_136,0.96,0,136,136,0
75,seq57,r_56_133_178,seq55,r_56_133_178,0.81,0,178,178,0
6,r_58_4_40,r_59_49_147,r_2_136_125,r_58_4_40,1.0,0,40,40,0
39,r_83_149_53,seq80,seq148,r_83_149_53,1.0,2,55,53,0
17,r_3_81_134,r_2_136_125,r_58_4_40,r_58_4_40,0.99,79,119,40,0
9,r_108_22_117,seq106,seq27,r_108_22_117,1.0,0,117,117,0
96,seq120,seq115,r_138_119_138,r_138_119_138,0.64,-4,134,138,0
29,r_121_35_166,seq126,r_112_36_106,r_121_35_166,0.55,0,166,166,0
22,r_125_47_75,seq126,seq48,r_125_47_75,1.0,0,75,75,0
28,r_53_37_185,r_56_133_178,r_112_36_106,r_112_36_106,0.9,70,176,106,0
7,r_130_87_81,seq132,r_86_96_100,r_130_87_81,0.87,-1,80,81,0
44,r_143_7_101,r_142_23_72,seq128,r_142_23_72,0.88,-1,71,72,0
23,r_112_36_106,seq110,seq34,r_112_36_106,1.0,0,106,106,0
35,r_102_75_95,r_108_22_117,seq76,r_102_75_95,0.99,0,95,95,0
12,r_142_23_72,r_143_7_101,seq24,r_142_23_72,1.0,1,73,72,0
84,seq84,seq80,r_65_85_51,r_65_85_51,1.0,9,60,51,0
30,r_112_135_82,seq109,r_139_131_142,r_139_131_142,0.6,-58,84,142,1
36,r_102_5_113,seq100,seq4,r_102_5_113,0.96,0,113,113,1
92,seq99,r_106_68_179,r_44_103_79,r_44_103_79,1.0,24,103,79,1
66,seq45,r_42_79_156,r_66_28_100,r_42_79_156,0.88,0,156,156,1
14,r_43_117_124,seq45,seq118,r_43_117_124,0.86,0,124,124,1
53,seq9,r_7_138_129,seq2,r_7_138_129,1.0,-15,114,129,1
61,seq132,r_130_149_169,r_3_129_6,r_3_129_6,0.99,8,14,6,1
43,r_111_11_79,r_112_135_82,seq12,r_111_11_79,1.0,2,81,79,1
54,seq10,r_7_138_129,r_111_11_79,r_111_11_79,0.92,32,111,79,1
37,r_125_54_143,seq124,r_14_56_30,r_125_54_143,0.86,1,144,143,1
31,r_41_85_40,r_42_79_156,seq81,r_41_85_40,1.0,0,40,40,1
41,r_115_40_108,r_42_79_156,r_123_39_138,r_115_40_108,1.0,36,144,108,1
55,seq12,r_7_138_129,r_111_11_79,r_111_11_79,0.89,1,80,79,1
1,r_139_131_142,seq137,r_3_129_6,r_3_129_6,0.84,136,142,6,1
97,seq118,seq119,r_43_117_124,r_43_117_124,0.95,11,135,124,1
5,r_144_61_75,r_6_145_2,r_59_57_142,r_144_61_75,1.0,0,75,75,1
46,r_21_126_90,seq23,r_3_129_6,r_21_126_90,1.0,1,91,90,1
80,seq81,r_83_36_174,r_41_85_40,r_41_85_40,1.0,32,72,40,1
28,r_34_1_49,r_0_133_96,r_86_37_27,r_0_133_96,0.98,2,98,96,1
45,r_123_39_138,r_122_18_97,r_125_54_143,r_122_18_97,0.95,0,97,97,1
28,r_34_1_49,r_86_37_27,r_144_61_75,r_144_61_75,0.76,31,106,75,1
66,seq45,r_44_103_79,r_42_79_156,r_44_103_79,1.0,0,79,79,1
41,r_115_40_108,seq114,r_42_79_156,r_115_40_108,0.93,0,108,108,1
89,seq95,seq92,r_46_104_104,r_46_104_104,1.0,3,107,104,1
10,r_66_28_100,seq69,seq30,r_66_28_100,0.95,0,100,100,1
26,r_42_79_156,seq45,r_91_77_127,r_42_79_156,0.45,0,156,156,1
30,r_112_135_82,r_139_131_142,r_0_133_96,r_0_133_96,0.96,0,96,96,1
11,r_67_74_77,seq69,r_128_75_132,r_128_75_132,0.97,24,156,132,1
39,r_0_133_96,r_62_35_70,r_34_1_49,r_34_1_49,0.77,0,49,49,1
20,r_84_48_106,seq81,seq49,r_84_48_106,0.92,0,106,106,1
13,r_83_36_174,r_84_48_106,r_41_85_40,r_83_36_174,0.96,-102,72,174,1
15,r_6_145_2,r_144_61_75,seq141,r_144_61_75,1.0,0,75,75,1
48,r_60_121_165,r_59_57_142,r_101_120_6,r_59_57_142,0.58,23,165,142,1
6,r_130_149_169,seq132,seq147,r_130_149_169,0.62,0,169,169,1
85,seq90,r_91_77_127,seq89,r_91_77_127,1.0,-3,124,127,1
34,r_106_68_179,r_46_104_104,r_19_65_75,r_106_68_179,0.88,0,179,179,1
4,r_86_37_27,seq87,seq49,r_86_37_27,1.0,1,28,27,1
8,r_146_55_27,seq148,seq53,r_146_55_27,1.0,-2,25,27,1
45,r_123_39_138,r_125_54_143,r_115_40_108,r_115_40_108,0.5,30,138,108,1
2,r_110_51_63,r_112_135_82,seq49,r_110_51_63,1.0,0,63,63,1
47,r_105_47_133,r_106_68_179,r_84_48_106,r_105_47_133,0.76,0,133,133,1
24,r_44_103_79,seq45,seq100,r_44_103_79,1.0,0,79,79,1
40,r_50_17_40,r_46_104_104,r_16_25_156,r_46_104_104,0.97,-64,40,104,1
33,r_116_140_84,seq118,seq141,r_116_140_84,0.88,1,85,84,1
64,seq30,seq27,r_66_28_100,r_66_28_100,1.0,33,133,100,1
18,r_143_108_13,r_144_61_75,seq107,r_143_108_13,0.47,1,14,13,1
50,seq2,r_7_138_129,r_142_8_96,r_142_8_96,0.47,19,115,96,1
39,r_0_133_96,r_34_1_49,r_112_135_82,r_0_133_96,1.0,0,96,96,1
70,seq137,r_139_131_142,r_7_138_129,r_7_138_129,0.88,12,141,129,1
32,r_91_77_127,seq90,seq76,r_91_77_127,0.95,0,127,127,1
38,r_128_75_132,r_130_149_169,r_67_74_77,r_128_75_132,0.96,0,132,132,1
34,r_106_68_179,r_105_47_133,r_46_104_104,r_106_68_179,0.65,-46,133,179,1
23,r_38_13_27,r_19_65_75,seq15,r_19_65_75,0.99,-32,43,75,1
17,r_62_35_70,seq63,r_29_31_9,r_62_35_70,0.88,10,80,70,1
29,r_73_98_42,seq71,seq97,r_73_98_42,1.0,0,42,42,1
9,r_134_113_61,r_142_8_96,seq114,r_142_8_96,0.94,-29,67,96,1
96,seq114,r_115_40_108,r_134_113_61,r_115_40_108,0.55,0,108,108,1
28,r_34_1_49,r_20_32_16,r_0_133_96,r_34_1_49,0.92,0,49,49,1
22,r_19_65_75,r_16_25_156,seq64,r_19_65_75,1.0,0,75,75,1
91,seq97,seq96,r_73_98_42,r_73_98_42,1.0,60,102,42,1
56,seq141,r_142_8_96,r_6_145_2,r_142_8_96,1.0,-12,84,96,1
7,r_142_8_96,seq141,seq4,r_142_8_96,0.98,1,97,96,1
19,r_14_56_30,seq15,seq53,r_14_56_30,0.82,0,30,30,1
44,r_7_138_129,seq4,seq136,r_7_138_129,0.86,0,129,129,1
42,r_58_127_29,r_60_121_165,r_3_129_6,r_58_127_29,1.0,0,29,29,1
35,r_59_57_142,r_60_121_165,seq63,r_59_57_142,0.42,23,165,142,1
12,r_122_18_97,r_123_39_138,r_16_25_156,r_122_18_97,0.74,0,97,97,1
30,r_51_41_174,seq52,r_99_40_85,r_99_40_85,1.0,60,145,85,2
23,r_129_32_38,r_132_78_63,seq34,r_129_32_38,1.0,0,38,38,2
51,seq131,r_132_78_63,seq138,r_132_78_63,1.0,0,63,63,2
36,r_59_133_72,r_60_113_180,seq135,r_59_133_72,0.98,0,72,72,2
22,r_12_54_42,r_10_122_50,seq55,r_12_54_42,1.0,0,42,42,2
13,r_57_130_149,r_12_54_42,seq58,r_57_130_149,0.63,-47,102,149,2
33,r_98_91_170,r_100_125_127,seq96,r_100_125_127,1.0,-92,35,127,2
43,r_6_82_150,r_9_73_186,r_2_86_84,r_9_73_186,0.92,-36,150,186,2
42,r_45_94_26,r_47_5_80,r_93_126_156,r_45_94_26,0.98,0,26,26,2
13,r_57_130_149,seq58,seq131,r_57_130_149,0.99,0,149,149,2
37,r_66_39_143,r_67_23_175,r_99_40_85,r_66_39_143,0.9,0,143,143,2
19,r_100_125_127,r_98_91_170,seq128,r_100_125_127,0.56,6,133,127,2
16,r_60_113_180,seq58,r_108_109_121,r_60_113_180,0.36,0,180,180,2
21,r_132_78_63,seq131,seq80,r_132_78_63,1.0,-1,62,63,2
39,r_27_37_148,r_28_147_121,r_127_25_73,r_127_25_73,0.94,2,75,73,2
14,r_35_50_46,seq38,seq48,r_35_50_46,0.97,-2,44,46,2
97,seq120,r_119_24_143,r_79_118_82,r_79_118_82,0.57,1,83,82,2
4,r_101_13_39,r_102_134_108,seq14,r_101_13_39,1.0,1,40,39,2
45,r_79_118_82,seq76,seq120,r_79_118_82,1.0,0,82,82,2
50,seq128,r_124_3_108,r_100_125_127,r_124_3_108,0.96,-1,107,108,2
50,seq128,r_100_125_127,r_93_126_156,r_93_126_156,0.52,9,165,156,2
27,r_140_65_110,r_64_123_181,r_30_62_145,r_140_65_110,0.93,71,181,110,2
17,r_64_123_181,r_98_91_170,r_75_63_69,r_75_63_69,0.68,-2,67,69,2
76,seq58,r_60_113_180,r_99_40_85,r_99_40_85,1.0,85,170,85,2
39,r_27_37_148,r_127_25_73,seq36,r_27_37_148,0.91,0,148,148,2
31,r_19_26_119,seq17,r_127_25_73,r_127_25_73,1.0,46,119,73,2
41,r_30_62_145,seq31,r_75_63_69,r_30_62_145,0.92,0,145,145,2
17,r_64_123_181,r_75_63_69,r_98_91_170,r_64_123_181,0.63,-135,46,181,2
25,r_144_4_76,r_9_73_186,r_47_5_80,r_144_4_76,0.5,12,88,76,2
3,r_1_33_75,r_2_86_84,r_129_32_38,r_1_33_75,0.99,1,76,75,2
10,r_9_73_186,r_8_18_189,r_85_69_14,r_85_69_14,0.77,172,186,14,2
26,r_47_5_80,seq46,r_144_4_76,r_47_5_80,0.98,0,80,80,2
8,r_93_126_156,r_45_94_26,seq128,r_93_126_156,0.81,0,156,156,2
72,seq48,r_49_61_154,r_35_50_46,r_35_50_46,0.99,114,160,46,2
44,r_67_23_175,r_2_86_84,r_119_24_143,r_67_23_175,0.97,0,175,175,2
0,r_2_86_84,r_1_33_75,seq84,r_2_86_84,0.64,0,84,84,2
11,r_42_110_151,seq43,r_68_111_9,r_42_110_151,0.93,0,151,151,2
20,r_92_74_126,r_93_126_156,r_85_69_14,r_92_74_126,0.91,1,127,126,2
13,r_57_130_149,seq58,r_12_54_42,r_12_54_42,0.76,20,62,42,2
17,r_64_123_181,r_75_63_69,r_100_125_127,r_75_63_69,0.71,112,181,69,2
15,r_124_3_108,seq128,seq16,r_124_3_108,0.96,0,108,108,2
6,r_75_63_69,seq71,r_64_123_181,r_75_63_69,0.96,0,69,69,2
27,r_140_65_110,seq141,r_64_123_181,r_140_65_110,1.0,1,111,110,2
51,seq131,seq138,r_57_130_149,r_57_130_149,1.0,0,149,149,2
35,r_0_115_56,r_2_86_84,seq114,r_0_115_56,1.0,0,56,56,2
2,r_102_134_108,r_100_125_127,seq135,r_102_134_108,0.99,0,108,108,2
47,r_28_147_121,r_27_37_148,seq146,r_28_147_121,0.99,1,122,121,2
40,r_11_103_166,seq14,r_108_109_121,r_11_103_166,0.68,1,167,166,2
18,r_20_7_163,seq21,r_101_13_39,r_101_13_39,1.0,117,156,39,2
29,r_119_24_143,seq120,seq22,r_119_24_143,0.56,0,143,143,2
24,r_127_25_73,seq128,r_129_32_38,r_127_25_73,1.0,0,73,73,2
8,r_93_126_156,r_92_74_126,r_45_94_26,r_45_94_26,0.61,3,29,26,2
25,r_144_4_76,r_140_65_110,r_9_73_186,r_144_4_76,0.58,0,76,76,2
50,seq128,r_127_25_73,r_124_3_108,r_127_25_73,1.0,0,73,73,2
6,r_75_63_69,r_64_123_181,r_30_62_145,r_30_62_145,0.96,30,175,145,2
42,r_45_94_26,r_93_126_156,seq117,r_45_94_26,0.57,133,159,26,2
32,r_139_83_95,seq141,r_2_86_84,r_139_83_95,1.0,0,95,95,2
60,seq17,r_19_26_119,r_20_7_163,r_19_26_119,0.51,0,119,119,2
9,r_99_40_85,r_102_134_108,r_51_41_174,r_99_40_85,1.0,0,85,85,2
7,r_10_122_50,r_11_103_166,seq121,r_10_122_50,1.0,0,50,50,2
49,r_8_18_189,r_9_73_186,r_1_33_75,r_1_33_75,0.99,111,186,75,2
44,r_67_23_175,r_66_39_143,r_2_86_84,r_2_86_84,0.99,55,139,84,2
12,r_112_89_127,seq114,r_2_86_84,r_112_89_127,1.0,0,127,127,2
19,r_100_125_127,r_102_134_108,r_98_91_170,r_102_134_108,0.96,-51,57,108,2
55,seq138,seq141,r_102_134_108,r_102_134_108,0.93,54,162,108,2
30,r_38_60_88,seq39,seq61,r_38_60_88,1.0,0,88,88,3
36,r_26_52_127,r_25_109_162,seq49,r_26_52_127,0.69,0,127,127,3
97,seq117,r_118_75_45,r_106_125_4,r_118_75_45,0.92,0,45,45,3
14,r_97_82_169,seq93,r_56_95_138,r_56_95_138,0.91,1,139,138,3
8,r_73_119_68,r_88_42_162,r_121_143_138,r_73_119_68,0.84,0,68,68,3
37,r_35_9_92,seq34,r_146_11_82,r_35_9_92,0.8,1,93,92,3
4,r_142_44_55,seq46,r_50_43_95,r_50_43_95,0.8,5,100,95,3
19,r_88_42_162,r_31_87_4,seq41,r_88_42_162,0.92,0,162,162,3
16,r_106_125_4,seq117,r_0_126_103,r_0_126_103,1.0,9,112,103,3
21,r_121_143_138,seq117,r_73_119_68,r_73_119_68,0.99,5,73,68,3
39,r_144_16_110,r_145_107_137,seq15,r_144_16_110,0.77,0,110,110,3
46,r_103_90_77,r_104_27_127,r_89_108_154,r_103_90_77,0.97,1,78,77,3
42,r_92_81_137,seq93,seq74,r_92_81_137,0.66,9,146,137,3
45,r_23_147_70,r_22_116_190,r_1_149_59,r_23_147_70,1.0,1,71,70,3
72,seq46,r_50_43_95,r_142_44_55,r_142_44_55,1.0,0,55,55,3
15,r_96_101_13,r_100_45_127,r_86_102_93,r_96_101_13,1.0,88,101,13,3
27,r_31_87_4,r_86_102_93,r_110_84_46,r_31_87_4,0.98,89,93,4,3
98,seq122,r_118_75_45,r_106_125_4,r_118_75_45,0.63,-19,26,45,3
31,r_10_47_82,seq7,seq53,r_10_47_82,1.0,0,82,82,3
41,r_57_20_70,r_58_120_130,r_21_124_180,r_57_20_70,1.0,0,70,70,3
10,r_145_107_137,r_146_11_82,r_1_149_59,r_145_107_137,0.57,-55,82,137,3
90,seq83,r_85_123_194,r_31_87_4,r_31_87_4,0.69,163,167,4,3
26,r_100_45_127,seq99,seq46,r_100_45_127,0.99,0,127,127,3
8,r_73_119_68,r_121_143_138,r_58_120_130,r_58_120_130,0.91,8,138,130,3
0,r_14_133_23,seq12,seq132,r_14_133_23,0.96,0,23,23,3
48,r_56_95_138,r_97_82_169,seq93,r_97_82_169,0.85,0,169,169,3
1,r_30_115_16,seq33,seq111,r_30_115_16,1.0,0,16,16,3
13,r_89_108_154,seq91,r_103_90_77,r_103_90_77,1.0,9,86,77,3
46,r_103_90_77,r_89_108_154,seq91,r_89_108_154,1.0,0,154,154,3
48,r_56_95_138,r_55_80_151,r_97_82_169,r_56_95_138,0.6,0,138,138,3
13,r_89_108_154,r_103_90_77,r_145_107_137,r_89_108_154,0.95,0,154,154,3
6,r_58_120_130,seq61,r_73_119_68,r_58_120_130,1.0,1,131,130,3
21,r_121_143_138,r_73_119_68,r_1_149_59,r_121_143_138,0.91,0,138,138,3
15,r_96_101_13,r_97_82_169,r_100_45_127,r_96_101_13,0.98,0,13,13,3
41,r_57_20_70,r_21_124_180,seq18,r_21_124_180,1.0,-57,123,180,3
4,r_142_44_55,seq141,seq46,r_142_44_55,0.99,0,55,55,3
10,r_145_107_137,r_1_149_59,r_89_108_154,r_145_107_137,0.93,17,154,137,3
87,seq76,seq74,r_112_77_41,r_112_77_41,1.0,20,61,41,3
34,r_104_27_127,r_25_109_162,r_65_28_155,r_104_27_127,0.82,33,160,127,3
2,r_21_124_180,r_22_116_190,r_58_120_130,r_58_120_130,0.67,50,180,130,3
47,r_137_98_158,seq135,seq99,r_137_98_158,0.63,0,158,158,3
20,r_110_84_46,seq105,r_31_87_4,r_110_84_46,1.0,0,46,46,3
40,r_24_138_130,r_26_52_127,r_14_133_23,r_24_138_130,0.65,-1,129,130,3
18,r_85_123_194,seq83,r_110_84_46,r_110_84_46,1.0,15,61,46,3
29,r_4_139_177,seq5,seq141,r_4_139_177,0.64,0,177,177,3
43,r_1_149_59,r_145_107_137,r_23_147_70,r_145_107_137,0.82,-12,125,137,3
33,r_70_148_170,seq71,r_1_149_59,r_1_149_59,0.99,111,170,59,3
34,r_104_27_127,seq105,r_25_109_162,r_104_27_127,1.0,0,127,127,3
32,r_0_126_103,r_2_6_174,r_106_125_4,r_0_126_103,0.99,0,103,103,3
38,r_25_109_162,r_26_52_127,r_104_27_127,r_25_109_162,0.54,-36,126,162,3
34,r_104_27_127,r_103_90_77,seq105,r_103_90_77,0.97,2,79,77,3
43,r_1_149_59,r_0_126_103,r_145_107_137,r_1_149_59,0.99,0,59,59,3
19,r_88_42_162,r_86_102_93,r_31_87_4,r_88_42_162,0.71,-136,26,162,3
3,r_112_77_41,seq111,seq76,r_112_77_41,1.0,0,41,41,3
94,seq105,r_104_27_127,seq99,r_104_27_127,1.0,0,127,127,3
9,r_65_28_155,r_66_114_192,r_104_27_127,r_65_28_155,0.6,0,155,155,3
22,r_146_11_82,r_145_107_137,seq7,r_146_11_82,0.99,0,82,82,3
28,r_22_116_190,r_21_124_180,r_140_17_157,r_140_17_157,0.7,22,179,157,3
38,r_25_109_162,r_104_27_127,seq105,r_25_109_162,0.96,-3,159,162,3
61,seq141,r_14_133_23,r_4_139_177,r_4_139_177,0.94,2,179,177,3
7,r_55_80_151,seq54,r_92_81_137,r_55_80_151,0.93,0,151,151,3
23,r_86_102_93,r_88_42_162,r_96_101_13,r_86_102_93,0.95,0,93,93,3
35,r_50_43_95,seq49,r_142_44_55,r_142_44_55,1.0,40,95,55,3
14,r_97_82_169,r_56_95_138,r_110_84_46,r_97_82_169,0.76,0,169,169,3
12,r_94_129_106,seq93,seq128,r_94_129_106,0.95,0,106,106,3
30,r_48_16_95,seq47,seq0,r_48_16_95,0.98,1,96,95,4
36,r_103_107_52,r_102_80_143,r_38_108_24,r_103_107_52,0.97,6,58,52,4
92,seq98,r_100_66_94,r_97_147_144,r_100_66_94,0.62,1,95,94,4
8,r_1_101_109,seq0,seq98,r_1_101_109,1.0,2,111,109,4
4,r_139_67_9,r_93_35_103,seq68,r_139_67_9,0.94,1,10,9,4
10,r_128_32_91,r_33_111_148,seq28,r_33_111_148,1.0,0,148,148,4
86,seq73,r_74_137_65,r_49_71_56,r_49_71_56,0.79,9,65,56,4
16,r_91_119_164,r_92_95_131,seq122,r_92_95_131,0.56,32,163,131,4
21,r_15_135_147,seq14,r_121_131_13,r_15_135_147,0.96,0,147,147,4
1,r_70_88_123,seq73,seq89,r_70_88_123,0.63,0,123,123,4
46,r_64_127_177,seq69,r_91_119_164,r_64_127_177,0.32,0,177,177,4
42,r_23_130_113,r_7_24_13,r_148_129_45,r_23_130_113,0.98,0,113,113,4
35,r_148_129_45,r_123_81_181,seq133,r_148_129_45,0.63,31,76,45,4
35,r_148_129_45,r_149_63_188,r_123_81_181,r_148_129_45,0.89,0,45,45,4
20,r_92_95_131,r_2_106_34,r_33_111_148,r_33_111_148,0.72,21,169,148,4
28,r_33_111_148,r_128_32_91,r_82_114_54,r_33_111_148,0.99,0,148,148,4
45,r_20_36_138,seq21,seq47,r_20_36_138,0.37,1,139,138,4
19,r_60_18_120,seq59,r_48_16_95,r_60_18_120,1.0,0,120,120,4
76,seq50,r_49_71_56,seq47,r_49_71_56,1.0,0,56,56,4
94,seq105,seq104,r_2_106_34,r_2_106_34,1.0,3,37,34,4
38,r_109_51_8,seq89,r_75_62_50,r_109_51_8,0.48,168,176,8,4
67,seq30,r_33_111_148,seq28,r_33_111_148,1.0,-11,137,148,4
10,r_128_32_91,r_126_31_166,r_33_111_148,r_128_32_91,0.94,0,91,91,4
73,seq45,seq43,r_83_44_65,r_83_44_65,1.0,4,69,65,4
20,r_92_95_131,r_91_119_164,r_2_106_34,r_2_106_34,1.0,97,131,34,4
13,r_126_31_166,r_128_32_91,r_112_125_51,r_128_32_91,0.49,-14,77,91,4
44,r_99_110_12,r_100_66_94,seq118,r_99_110_12,0.73,0,12,12,4
15,r_93_35_103,r_92_95_131,r_128_32_91,r_92_95_131,1.0,-28,103,131,4
48,r_120_29_187,seq122,r_128_32_91,r_128_32_91,1.0,96,187,91,4
13,r_126_31_166,r_112_125_51,r_128_32_91,r_126_31_166,0.67,0,166,166,4
6,r_74_137_65,seq73,seq145,r_74_137_65,1.0,0,65,65,4
49,r_46_116_46,r_37_65_191,seq118,r_46_116_46,1.0,1,47,46,4
87,seq77,seq69,r_146_76_76,r_146_76_76,0.98,9,85,76,4
31,r_38_108_24,seq40,r_103_107_52,r_38_108_24,0.98,0,24,24,4
25,r_2_106_34,r_1_101_109,seq105,r_2_106_34,0.71,0,34,34,4
22,r_102_80_143,seq117,r_84_86_25,r_102_80_143,0.97,-2,141,143,4
12,r_49_71_56,seq50,seq73,r_49_71_56,1.0,0,56,56,4
2,r_100_66_94,seq98,r_139_67_9,r_100_66_94,0.99,1,95,94,4
47,r_123_81_181,seq122,r_84_86_25,r_84_86_25,0.59,156,181,25,4
37,r_112_125_51,seq113,r_126_31_166,r_112_125_51,0.94,2,53,51,4
40,r_96_87_71,r_93_35_103,seq89,r_96_87_71,0.57,1,72,71,4
29,r_143_115_98,seq142,r_82_114_54,r_143_115_98,0.98,1,99,98,4
38,r_109_51_8,r_94_141_15,seq89,r_109_51_8,0.62,28,36,8,4
33,r_146_76_76,seq145,seq77,r_146_76_76,0.99,0,76,76,4
92,seq98,r_97_147_144,r_1_101_109,r_97_147_144,0.64,-12,132,144,4
14,r_82_114_54,r_46_116_46,r_143_115_98,r_143_115_98,0.96,10,108,98,4
32,r_39_79_2,seq89,r_84_86_25,r_84_86_25,0.32,127,152,25,4
34,r_97_147_144,seq98,r_72_144_85,r_97_147_144,0.54,2,146,144,4
75,seq47,r_48_16_95,seq50,r_48_16_95,0.98,1,96,95,4
17,r_34_12_131,r_33_111_148,seq11,r_33_111_148,0.99,-17,131,148,4
14,r_82_114_54,r_83_44_65,r_46_116_46,r_82_114_54,1.0,4,58,54,4
9,r_134_138_136,seq133,r_72_144_85,r_134_138_136,0.71,0,136,136,4
37,r_112_125_51,r_126_31_166,r_91_119_164,r_112_125_51,0.46,115,166,51,4
22,r_102_80_143,r_103_107_52,seq117,r_102_80_143,0.56,-68,75,143,4
28,r_33_111_148,r_34_12_131,r_128_32_91,r_128_32_91,1.0,8,99,91,4
24,r_94_141_15,r_93_35_103,seq142,r_93_35_103,0.49,-88,15,103,4
7,r_72_144_85,r_70_88_123,seq145,r_72_144_85,0.99,0,85,85,4
43,r_75_62_50,r_70_88_123,seq61,r_75_62_50,0.87,5,55,50,4
30,r_22_55_152,seq18,seq54,r_22_55_152,0.63,0,152,152,5
22,r_126_8_141,r_121_127_3,seq7,r_126_8_141,0.99,0,141,141,5
8,r_0_34_142,seq2,seq54,r_0_34_142,0.99,0,142,142,5
37,r_24_114_185,seq28,r_80_116_1,r_80_116_1,0.65,184,185,1,5
16,r_69_48_144,seq68,r_53_46_174,r_69_48_144,0.82,0,144,144,5
39,r_47_138_169,r_51_44_7,r_96_123_25,r_96_123_25,0.83,146,171,25,5
42,r_99_31_99,seq98,seq29,r_99_31_99,0.99,0,99,99,5
11,r_80_116_1,r_122_117_185,r_3_115_31,r_3_115_31,1.0,2,33,31,5
21,r_3_115_31,seq5,r_80_116_1,r_3_115_31,1.0,0,31,31,5
7,r_78_147_186,r_137_79_26,r_12_148_168,r_78_147_186,0.36,0,186,186,5
45,r_52_149_101,r_49_43_146,r_84_145_44,r_52_149_101,0.7,0,101,101,5
23,r_84_145_44,seq83,seq144,r_84_145_44,0.96,0,44,44,5
19,r_94_1_146,seq95,seq2,r_94_1_146,0.94,0,146,146,5
15,r_137_79_26,r_78_147_186,r_129_75_70,r_129_75_70,0.82,116,186,70,5
31,r_142_87_73,seq140,seq88,r_142_87_73,0.97,0,73,73,5
41,r_86_67_114,seq88,seq68,r_86_67_114,0.76,0,114,114,5
3,r_32_72_137,r_33_113_140,seq73,r_32_72_137,0.68,0,137,137,5
24,r_143_70_51,seq144,r_136_63_3,r_143_70_51,0.84,2,53,51,5
90,seq98,r_99_31_99,r_14_100_17,r_99_31_99,0.82,-47,52,99,5
4,r_12_148_168,r_21_10_65,r_125_11_104,r_125_11_104,1.0,26,130,104,5
0,r_27_146_124,seq28,r_84_145_44,r_27_146_124,0.96,0,124,124,5
12,r_124_76_112,seq130,r_96_123_25,r_96_123_25,0.73,4,29,25,5
20,r_33_113_140,r_32_72_137,seq111,r_33_113_140,0.83,-3,137,140,5
48,r_38_141_78,seq41,seq140,r_38_141_78,0.87,0,78,78,5
26,r_96_123_25,seq95,r_124_76_112,r_96_123_25,0.95,0,25,25,5
12,r_124_76_112,r_96_123_25,r_129_75_70,r_96_123_25,0.82,87,112,25,5
6,r_82_103_112,r_86_67_114,r_81_105_97,r_86_67_114,1.0,-2,112,114,5
5,r_37_139_126,seq39,r_38_141_78,r_37_139_126,0.92,0,126,126,5
29,r_97_60_50,seq102,seq59,r_97_60_50,1.0,0,50,50,5
38,r_61_112_17,r_69_48_144,seq111,r_61_112_17,0.77,-4,13,17,5
28,r_14_100_17,r_27_146_124,seq98,r_14_100_17,0.95,0,17,17,5
27,r_56_6_134,seq41,seq7,r_56_6_134,0.97,0,134,134,5
9,r_129_75_70,seq88,r_124_76_112,r_124_76_112,0.94,4,116,112,5
47,r_26_106_86,r_30_131_113,seq108,r_26_106_86,0.56,0,86,86,5
40,r_71_101_61,seq74,r_14_100_17,r_71_101_61,1.0,1,62,61,5
74,seq59,r_65_89_192,r_97_60_50,r_97_60_50,0.99,43,93,50,5
18,r_128_17_64,r_129_75_70,seq18,r_128_17_64,1.0,0,64,64,5
96,seq111,seq110,r_61_112_17,r_61_112_17,0.93,-4,13,17,5
64,seq133,seq130,r_107_132_83,r_107_132_83,0.98,2,85,83,5
4,r_12_148_168,r_125_11_104,r_52_149_101,r_12_148_168,0.95,0,168,168,5
50,seq2,r_0_34_142,r_77_4_24,r_77_4_24,0.94,107,131,24,5
32,r_125_11_104,r_126_8_141,r_21_10_65,r_125_11_104,0.92,0,104,104,5
34,r_121_127_3,r_126_8_141,r_96_123_25,r_121_127_3,0.52,138,141,3,5
50,seq2,r_77_4_24,r_94_1_146,r_94_1_146,0.97,3,149,146,5
15,r_137_79_26,r_142_87_73,r_78_147_186,r_78_147_186,0.54,-160,26,186,5
17,r_21_10_65,r_22_55_152,r_125_11_104,r_21_10_65,0.91,44,109,65,5
9,r_129_75_70,r_121_127_3,seq88,r_121_127_3,0.56,67,70,3,5
26,r_96_123_25,r_124_76_112,r_38_141_78,r_96_123_25,0.6,87,112,25,5
22,r_126_8_141,r_125_11_104,r_121_127_3,r_125_11_104,1.0,0,104,104,5
7,r_78_147_186,r_81_105_97,r_137_79_26,r_78_147_186,0.89,-150,36,186,5
49,r_30_131_113,seq28,seq130,r_30_131_113,0.98,0,113,113,5
44,r_107_132_83,seq109,seq133,r_107_132_83,0.95,0,83,83,5
10,r_77_4_24,r_97_60_50,seq5,r_77_4_24,1.0,0,24,24,5
46,r_36_50_39,r_37_139_126,r_49_43_146,r_36_50_39,0.65,7,46,39,5
44,r_133_79_165,r_93_132_49,seq78,r_133_79_165,0.9,0,165,165,6
36,r_35_20_126,r_37_33_61,seq19,r_35_20_126,0.37,0,126,126,6
14,r_115_15_72,seq112,seq17,r_115_15_72,1.0,-1,71,72,6
8,r_90_107_173,r_95_92_117,r_53_106_169,r_95_92_117,0.74,56,173,117,6
41,r_93_132_49,r_90_107_173,r_88_130_8,r_93_132_49,1.0,0,49,49,6
43,r_65_47_141,r_66_102_171,r_28_46_114,r_65_47_141,0.87,1,142,141,6
37,r_52_3_134,r_53_106_169,r_10_4_4,r_52_3_134,1.0,0,134,134,6
59,seq148,r_149_21_106,seq140,r_149_21_106,1.0,-4,102,106,6
19,r_13_26_15,r_37_33_61,r_35_20_126,r_37_33_61,0.64,79,140,61,6
16,r_126_80_65,seq127,r_100_9_99,r_126_80_65,0.97,0,65,65,6
21,r_53_106_169,seq51,seq105,r_53_106_169,0.68,1,170,169,6
39,r_25_0_190,seq23,r_96_2_78,r_96_2_78,1.0,113,191,78,6
1,r_87_48_44,r_49_128_181,r_28_46_114,r_28_46_114,0.96,67,181,114,6
5,r_54_77_89,seq56,r_64_73_25,r_64_73_25,0.63,99,124,25,6
46,r_96_2_78,r_90_107_173,r_1_84_159,r_96_2_78,1.0,0,78,78,6
0,r_146_124_94,r_125_11_142,r_74_123_107,r_125_11_142,0.87,0,142,142,6
69,seq45,r_49_128_181,r_28_46_114,r_28_46_114,0.89,1,115,114,6
45,r_12_91_119,r_28_46_114,r_95_92_117,r_12_91_119,0.98,-4,115,119,6
2,r_99_110_35,r_100_9_99,seq108,r_99_110_35,0.94,0,35,35,6
48,r_32_122_74,r_120_8_157,r_146_124_94,r_32_122_74,0.83,20,94,74,6
15,r_131_71_136,r_88_130_8,r_54_77_89,r_131_71_136,0.99,0,136,136,6
31,r_81_30_85,seq85,seq31,r_81_30_85,1.0,0,85,85,6
26,r_88_130_8,r_131_71_136,r_93_132_49,r_93_132_49,0.87,6,55,49,6
44,r_133_79_165,r_131_71_136,r_93_132_49,r_93_132_49,1.0,5,54,49,6
3,r_100_9_99,seq101,r_38_7_47,r_100_9_99,1.0,0,99,99,6
10,r_69_27_103,seq67,seq29,r_69_27_103,1.0,0,103,103,6
90,seq105,r_104_34_196,r_53_106_169,r_53_106_169,0.94,2,171,169,6
0,r_146_124_94,seq145,r_125_11_142,r_146_124_94,0.79,0,94,94,6
63,seq31,r_32_122_74,r_37_33_61,r_32_122_74,1.0,-1,73,74,6
20,r_139_119_90,seq141,r_120_8_157,r_139_119_90,0.81,0,90,90,6
13,r_24_44_147,r_25_0_190,seq43,r_25_0_190,0.53,-28,162,190,6
46,r_96_2_78,r_1_84_159,r_125_11_142,r_96_2_78,0.91,81,159,78,6
48,r_32_122_74,seq31,r_120_8_157,r_32_122_74,0.99,0,74,74,6
1,r_87_48_44,r_90_107_173,r_49_128_181,r_87_48_44,1.0,1,45,44,6
99,seq127,r_126_80_65,r_60_129_16,r_126_80_65,0.99,0,65,65,6
40,r_89_41_49,r_90_107_173,seq40,r_89_41_49,1.0,0,49,49,6
18,r_125_11_142,r_120_8_157,r_146_124_94,r_146_124_94,0.62,0,94,94,6
47,r_1_84_159,seq6,r_96_2_78,r_96_2_78,1.0,3,81,78,6
6,r_38_7_47,r_37_33_61,r_10_4_4,r_38_7_47,0.95,0,47,47,6
28,r_121_18_41,r_125_11_142,seq19,r_121_18_41,0.68,0,41,41,6
29,r_118_114_161,r_120_8_157,seq113,r_120_8_157,0.41,2,159,157,6
24,r_66_102_171,seq62,seq101,r_66_102_171,0.64,0,171,171,6
25,r_120_8_157,r_118_114_161,r_139_119_90,r_139_119_90,0.92,7,97,90,6
33,r_37_33_61,seq36,seq31,r_37_33_61,0.6,17,78,61,6
47,r_1_84_159,r_96_2_78,seq83,r_1_84_159,1.0,0,159,159,6
11,r_60_129_16,r_64_73_25,seq127,r_60_129_16,0.88,1,17,16,6
20,r_139_119_90,r_120_8_157,r_146_124_94,r_120_8_157,0.97,0,157,157,6
19,r_13_26_15,r_14_111_174,r_37_33_61,r_37_33_61,0.68,-48,13,61,6
32,r_14_111_174,seq17,r_99_110_35,r_99_110_35,0.75,139,174,35,6
38,r_28_46_114,seq29,seq45,r_28_46_114,0.99,0,114,114,6
77,seq62,r_66_102_171,r_135_61_41,r_135_61_41,0.66,34,75,41,6
9,r_76_136_33,r_72_134_183,seq138,r_76_136_33,1.0,0,33,33,6
46,r_96_2_78,r_125_11_142,r_25_0_190,r_96_2_78,0.62,114,192,78,6
34,r_74_123_107,r_72_134_183,r_146_124_94,r_74_123_107,0.98,0,107,107,6
18,r_125_11_142,r_146_124_94,seq43,r_125_11_142,0.93,0,142,142,6
25,r_120_8_157,r_139_119_90,r_38_7_47,r_120_8_157,1.0,0,157,157,6
22,r_149_21_106,seq148,seq22,r_149_21_106,1.0,0,106,106,6
49,r_94_137_75,r_95_92_117,r_76_136_33,r_94_137_75,1.0,0,75,75,6
7,r_72_134_183,seq75,r_88_130_8,r_72_134_183,0.51,0,183,183,6
23,r_49_128_181,seq45,r_87_48_44,r_87_48_44,1.0,3,47,44,6
18,r_125_11_142,r_121_18_41,r_120_8_157,r_121_18_41,1.0,-2,39,41,6
27,r_135_61_41,seq138,seq62,r_135_61_41,0.99,0,41,41,6
35,r_95_92_117,r_90_107_173,r_12_91_119,r_12_91_119,0.86,54,173,119,6
16,r_126_80_65,r_100_9_99,seq82,r_100_9_99,0.92,1,100,99,6
23,r_49_128_181,r_87_48_44,r_60_129_16,r_49_128_181,0.67,0,181,181,6
30,r_139_51_193,seq137,r_41_55_151,r_139_51_193,0.52,0,193,193,7
40,r_9_34_174,r_119_3_68,r_136_32_48,r_9_34_174,0.98,0,174,174,7
29,r_143_66_121,r_30_144_57,seq70,r_143_66_121,0.99,0,121,121,7
43,r_111_56_108,seq112,seq50,r_111_56_108,1.0,0,108,108,7
3,r_72_115_136,r_100_79_183,r_121_114_67,r_72_115_136,1.0,0,136,136,7
31,r_12_7_187,r_13_1_116,r_105_11_3,r_12_7_187,0.9,-172,15,187,7
7,r_15_31_44,r_21_142_68,r_36_33_148,r_21_142_68,0.97,-26,42,68,7
86,seq99,r_100_79_183,r_23_97_125,r_23_97_125,1.0,58,183,125,7
16,r_54_101_75,r_48_69_122,r_122_102_5,r_54_101_75,0.89,0,75,75,7
39,r_119_3_68,r_121_114_67,seq2,r_119_3_68,1.0,0,68,68,7
1,r_13_1_116,r_12_7_187,seq0,r_13_1_116,0.89,0,116,116,7
38,r_65_39_45,seq38,r_24_40_178,r_24_40_178,0.97,0,178,178,7
46,r_127_85_98,seq125,seq88,r_127_85_98,1.0,0,98,98,7
13,r_136_32_48,seq135,r_36_33_148,r_136_32_48,1.0,0,48,48,7
69,seq47,r_48_69_122,seq50,r_48_69_122,0.8,-25,97,122,7
19,r_26_130_118,seq27,r_91_133_51,r_26_130_118,0.99,0,118,118,7
41,r_149_74_10,seq146,r_118_73_2,r_149_74_10,0.96,1,11,10,7
11,r_52_78_39,r_76_107_141,r_95_75_191,r_76_107_141,0.58,0,141,141,7
66,seq38,r_41_55_151,r_65_39_45,r_65_39_45,1.0,50,95,45,7
12,r_67_128_31,r_68_132_134,seq125,r_67_128_31,0.85,0,31,31,7
38,r_65_39_45,r_41_55_151,seq38,r_41_55_151,0.71,0,151,151,7
0,r_118_73_2,r_72_115_136,r_149_74_10,r_118_73_2,0.58,33,35,2,7
34,r_43_134_22,seq44,seq135,r_43_134_22,1.0,0,22,22,7
37,r_16_10_165,r_21_142_68,r_49_17_29,r_16_10_165,0.99,-132,33,165,7
38,r_65_39_45,seq64,r_41_55_151,r_65_39_45,1.0,0,45,45,7
15,r_91_133_51,r_89_94_99,seq131,r_91_133_51,1.0,0,51,51,7
10,r_121_114_67,r_120_42_192,seq112,r_121_114_67,1.0,1,68,67,7
48,r_23_97_125,r_24_40_178,r_116_22_11,r_116_22_11,0.99,4,15,11,7
26,r_86_71_142,seq88,seq70,r_86_71_142,0.91,0,142,142,7
8,r_30_144_57,r_143_66_121,r_21_142_68,r_143_66_121,1.0,0,121,121,7
23,r_41_55_151,seq38,r_65_39_45,r_65_39_45,1.0,-3,42,45,7
14,r_116_22_11,r_23_97_125,r_36_33_148,r_23_97_125,1.0,0,125,125,7
20,r_77_29_137,r_76_107_141,seq27,r_77_29_137,0.92,1,138,137,7
66,seq38,r_65_39_45,r_87_37_126,r_87_37_126,0.82,3,129,126,7
6,r_24_40_178,r_25_81_181,r_65_39_45,r_24_40_178,0.69,0,178,178,7
14,r_116_22_11,r_111_56_108,r_23_97_125,r_116_22_11,0.98,0,11,11,7
2,r_122_102_5,seq103,r_54_101_75,r_54_101_75,0.99,2,77,75,7
8,r_30_144_57,r_26_130_118,r_143_66_121,r_30_144_57,1.0,0,57,57,7
0,r_118_73_2,r_149_74_10,r_122_102_5,r_122_102_5,0.8,193,198,5,7
27,r_68_132_134,seq70,r_91_133_51,r_68_132_134,0.46,0,134,134,7
47,r_61_113_98,seq62,r_121_114_67,r_61_113_98,1.0,0,98,98,7
40,r_9_34_174,seq4,r_119_3_68,r_119_3_68,1.0,63,131,68,7
64,seq27,r_15_31_44,r_77_29_137,r_77_29_137,0.99,5,142,137,7
18,r_93_145_104,r_89_94_99,r_14_148_56,r_93_145_104,0.98,0,104,104,7
29,r_143_66_121,seq146,r_30_144_57,r_30_144_57,1.0,7,64,57,7
24,r_83_53_191,seq82,r_41_55_151,r_41_55_151,0.8,37,188,151,7
25,r_8_84_63,r_9_34_174,seq82,r_8_84_63,1.0,0,63,63,7
43,r_111_56_108,seq50,r_41_55_151,r_41_55_151,0.95,17,168,151,7
33,r_120_42_192,seq123,r_24_40_178,r_24_40_178,0.65,14,192,178,7
48,r_23_97_125,r_116_22_11,seq96,r_23_97_125,0.97,0,125,125,7
3,r_72_115_136,seq103,r_100_79_183,r_72_115_136,0.44,-107,29,136,7
70,seq50,r_48_69_122,r_111_56_108,r_111_56_108,0.85,14,122,108,7
77,seq64,r_65_39_45,seq70,r_65_39_45,1.0,0,45,45,7
61,seq18,seq20,r_49_17_29,r_49_17_29,1.0,43,72,29,7
52,seq2,r_9_34_174,r_119_3_68,r_119_3_68,1.0,106,174,68,7
28,r_76_107_141,r_52_78_39,seq108,r_76_107_141,0.98,0,141,141,7
81,seq88,r_86_71_142,r_127_85_98,r_127_85_98,0.88,44,142,98,7
36,r_49_17_29,seq50,r_16_10_165,r_49_17_29,1.0,1,30,29,7
96,seq123,r_120_42_192,r_14_148_56,r_14_148_56,1.0,136,192,56,7
37,r_16_10_165,r_49_17_29,r_105_11_3,r_105_11_3,0.55,163,166,3,7
22,r_48_69_122,seq50,seq70,r_48_69_122,0.63,0,122,122,7
28,r_76_107_141,r_77_29_137,r_52_78_39,r_52_78_39,0.99,83,122,39,7
49,r_25_81_181,r_24_40_178,seq80,r_25_81_181,0.48,-3,178,181,7
44,r_87_37_126,r_86_71_142,seq38,r_87_37_126,0.97,0,126,126,7
11,r_52_78_39,r_54_101_75,r_76_107_141,r_52_78_39,0.8,0,39,39,7
32,r_28_110_37,r_26_130_118,seq112,r_28_110_37,1.0,0,37,37,7
35,r_95_75_191,seq96,r_52_78_39,r_52_78_39,0.99,152,191,39,7
23,r_41_55_151,r_65_39_45,r_111_56_108,r_41_55_151,0.85,0,151,151,7
84,seq96,r_95_75_191,r_23_97_125,r_23_97_125,1.0,66,191,125,7
4,r_14_148_56,r_13_1_116,seq146,r_14_148_56,1.0,0,56,56,7
93,seq97,r_107_117_130,r_5_98_77,r_5_98_77,1.0,1,78,77,8
30,r_13_103_130,seq14,r_55_102_121,r_13_103_130,0.94,0,130,130,8
26,r_20_32_46,seq18,r_33_34_56,r_20_32_46,0.99,0,46,46,8
14,r_70_73_120,seq69,seq74,r_70_73_120,0.53,3,123,120,8
83,seq74,r_70_73_120,r_110_75_63,r_110_75_63,1.0,0,63,63,8
19,r_135_40_50,r_45_44_18,r_114_41_132,r_114_41_132,1.0,18,150,132,8
86,seq80,r_79_60_193,r_122_76_166,r_122_76_166,0.86,27,193,166,8
16,r_29_139_105,seq30,seq138,r_29_139_105,1.0,0,105,105,8
39,r_38_93_161,seq37,r_100_90_34,r_38_93_161,0.59,0,161,161,8
5,r_85_58_136,seq84,seq62,r_85_58_136,0.99,0,136,136,8
42,r_110_75_63,seq113,seq74,r_110_75_63,1.0,0,63,63,8
69,seq30,r_29_139_105,seq25,r_29_139_105,0.71,0,105,105,8
45,r_12_82_94,r_11_132_65,r_27_16_64,r_11_132_65,0.82,0,65,65,8
1,r_47_64_58,r_49_95_187,seq69,r_47_64_58,1.0,1,59,58,8
22,r_56_92_36,r_70_73_120,r_100_90_34,r_56_92_36,1.0,0,36,36,8
15,r_143_126_170,r_35_142_4,r_31_127_27,r_143_126_170,0.61,4,174,170,8
8,r_27_16_64,r_22_7_36,r_23_112_101,r_27_16_64,0.45,-21,43,64,8
95,seq108,r_106_36_192,r_55_102_121,r_55_102_121,1.0,71,192,121,8
76,seq138,r_143_126_170,r_29_139_105,r_29_139_105,1.0,12,117,105,8
31,r_53_66_92,r_55_102_121,seq67,r_55_102_121,1.0,-27,94,121,8
41,r_45_44_18,r_43_81_80,r_135_40_50,r_45_44_18,1.0,59,77,18,8
45,r_12_82_94,r_27_16_64,r_43_81_80,r_27_16_64,0.54,30,94,64,8
10,r_1_123_94,seq6,seq120,r_1_123_94,0.68,-1,93,94,8
89,seq87,seq96,r_48_88_30,r_48_88_30,1.0,2,32,30,8
72,seq51,r_50_111_64,seq46,r_50_111_64,1.0,1,65,64,8
11,r_55_102_121,seq54,seq108,r_55_102_121,1.0,0,121,121,8
13,r_23_112_101,seq24,seq113,r_23_112_101,1.0,1,102,101,8
15,r_143_126_170,r_146_136_182,r_35_142_4,r_35_142_4,0.6,96,100,4,8
48,r_137_28_64,seq138,seq25,r_137_28_64,1.0,0,64,64,8
4,r_35_142_4,r_143_126_170,seq145,r_143_126_170,0.76,5,175,170,8
36,r_33_34_56,r_38_93_161,r_20_32_46,r_33_34_56,0.94,-2,54,56,8
6,r_122_76_166,r_105_121_5,seq77,r_122_76_166,0.74,0,166,166,8
62,seq145,r_146_136_182,r_35_142_4,r_35_142_4,0.56,177,181,4,8
20,r_83_17_14,r_85_58_136,seq21,r_83_17_14,0.87,0,14,14,8
47,r_71_4_109,seq72,seq3,r_71_4_109,1.0,0,109,109,8
3,r_31_127_27,r_33_34_56,r_125_128_132,r_31_127_27,0.96,0,27,27,8
40,r_125_128_132,seq113,r_31_127_27,r_31_127_27,1.0,105,132,27,8
74,seq54,r_55_102_121,seq52,r_55_102_121,1.0,0,121,121,8
18,r_105_121_5,r_122_76_166,r_1_123_94,r_1_123_94,1.0,72,166,94,8
29,r_61_124_147,seq62,r_125_128_132,r_61_124_147,0.98,0,147,147,8
24,r_42_109_60,r_45_44_18,seq113,r_42_109_60,1.0,0,60,60,8
43,r_22_7_36,r_23_112_101,seq6,r_22_7_36,0.73,-2,34,36,8
2,r_48_88_30,r_49_95_187,seq87,r_48_88_30,0.99,0,30,30,8
33,r_57_116_105,r_61_124_147,r_0_115_35,r_0_115_35,0.7,70,105,35,8
70,seq37,r_38_93_161,r_101_39_5,r_38_93_161,0.64,0,161,161,8
61,seq15,seq21,r_27_16_64,r_27_16_64,1.0,30,94,64,8
32,r_43_81_80,r_45_44_18,seq84,r_43_81_80,1.0,0,80,80,8
19,r_135_40_50,seq133,r_45_44_18,r_135_40_50,1.0,0,50,50,8
17,r_100_90_34,r_107_117_130,seq91,r_100_90_34,0.94,0,34,34,8
34,r_146_136_182,seq145,r_11_132_65,r_11_132_65,1.0,117,182,65,8
60,seq14,r_13_103_130,seq21,r_13_103_130,0.99,0,130,130,8
9,r_50_111_64,seq51,seq113,r_50_111_64,1.0,1,65,64,8
8,r_27_16_64,r_23_112_101,seq15,r_23_112_101,0.59,-37,64,101,8
28,r_107_117_130,r_106_36_192,r_57_116_105,r_57_116_105,1.0,27,132,105,8
91,seq91,seq96,r_100_90_34,r_100_90_34,0.84,26,60,34,8
49,r_0_115_35,r_5_98_77,seq113,r_0_115_35,0.48,0,35,35,8
7,r_5_98_77,seq6,seq97,r_5_98_77,1.0,0,77,77,8
82,seq72,r_71_4_109,r_70_73_120,r_71_4_109,1.0,-9,100,109,8
35,r_11_132_65,r_12_82_94,seq131,r_11_132_65,1.0,0,65,65,8
12,r_79_60_193,seq80,r_85_58_136,r_85_58_136,1.0,57,193,136,8
40,r_60_142_23,seq140,r_129_141_102,r_129_141_102,1.0,4,106,102,9
30,r_44_28_129,seq43,seq29,r_44_28_129,0.47,0,129,129,9
6,r_130_42_129,r_135_116_36,seq43,r_130_42_129,0.98,0,129,129,9
3,r_15_72_136,seq11,seq71,r_15_72_136,0.77,0,136,136,9
14,r_34_38_41,seq31,r_50_36_79,r_50_36_79,0.84,4,83,79,9
43,r_146_33_151,seq147,r_12_32_53,r_146_33_151,0.88,0,151,151,9
19,r_131_24_169,r_135_116_36,r_114_23_123,r_135_116_36,0.68,130,166,36,9
16,r_5_98_182,seq9,r_127_97_27,r_127_97_27,0.53,155,182,27,9
21,r_21_62_158,seq22,r_145_63_30,r_21_62_158,0.66,0,158,158,9
39,r_48_19_90,r_47_37_188,r_134_20_80,r_134_20_80,1.0,14,94,80,9
1,r_68_26_97,seq69,seq29,r_68_26_97,1.0,0,97,97,9
5,r_13_46_79,r_15_72_136,seq45,r_13_46_79,1.0,0,79,79,9
46,r_134_20_80,seq136,r_88_133_45,r_88_133_45,0.93,15,60,45,9
42,r_94_70_3,r_82_30_189,r_105_61_157,r_105_61_157,0.59,1,158,157,9
37,r_145_63_30,seq149,seq65,r_145_63_30,0.99,0,30,30,9
19,r_131_24_169,r_129_141_102,r_135_116_36,r_129_141_102,0.73,-31,71,102,9
4,r_82_30_189,r_80_67_97,seq79,r_82_30_189,0.51,-88,101,189,9
28,r_88_133_45,r_134_20_80,seq136,r_134_20_80,1.0,0,80,80,9
42,r_94_70_3,r_105_61_157,r_14_75_123,r_94_70_3,0.47,178,181,3,9
31,r_114_23_123,r_115_117_130,seq22,r_114_23_123,1.0,0,123,123,9
67,seq43,r_44_28_129,r_130_42_129,r_130_42_129,0.99,0,129,129,9
64,seq31,r_34_38_41,r_12_32_53,r_12_32_53,1.0,4,57,53,9
3,r_15_72_136,r_14_75_123,seq11,r_14_75_123,0.5,0,123,123,9
34,r_104_7_38,seq101,seq9,r_104_7_38,1.0,0,38,38,9
26,r_126_57_119,r_122_1_146,r_132_55_8,r_126_57_119,0.69,0,119,119,9
41,r_143_4_81,r_60_142_23,seq2,r_143_4_81,1.0,0,81,81,9
35,r_12_32_53,r_15_72_136,seq31,r_12_32_53,1.0,0,53,53,9
4,r_82_30_189,r_81_35_62,r_80_67_97,r_81_35_62,1.0,0,62,62,9
11,r_47_37_188,seq51,r_34_38_41,r_34_38_41,0.77,147,188,41,9
15,r_138_121_176,seq140,r_59_124_78,r_138_121_176,0.79,0,176,176,9
48,r_129_141_102,r_131_24_169,r_60_142_23,r_129_141_102,0.99,0,102,102,9
6,r_130_42_129,r_131_24_169,r_135_116_36,r_135_116_36,0.82,35,71,36,9
74,seq58,seq65,r_105_61_157,r_105_61_157,1.0,4,161,157,9
85,seq93,r_92_64_81,seq90,r_92_64_81,0.94,-12,69,81,9
8,r_135_116_36,r_134_20_80,r_115_117_130,r_135_116_36,0.96,0,36,36,9
27,r_49_113_91,seq51,seq111,r_49_113_91,1.0,0,91,91,9
12,r_127_97_27,r_115_117_130,seq96,r_127_97_27,0.92,1,28,27,9
47,r_81_35_62,r_82_30_189,seq31,r_81_35_62,1.0,0,62,62,9
74,seq58,r_59_124_78,seq65,r_59_124_78,1.0,0,78,78,9
29,r_110_6_89,r_115_117_130,r_104_7_38,r_115_117_130,0.7,-41,89,130,9
22,r_148_139_41,seq149,seq140,r_148_139_41,0.99,0,41,41,9
24,r_80_67_97,r_82_30_189,seq65,r_80_67_97,0.83,2,99,97,9
25,r_77_18_164,seq76,r_48_19_90,r_77_18_164,0.64,0,164,164,9
18,r_83_119_36,r_84_103_175,r_135_116_36,r_135_116_36,0.59,1,37,36,9
28,r_88_133_45,r_87_89_145,r_134_20_80,r_88_133_45,1.0,1,46,45,9
70,seq51,r_47_37_188,r_13_46_79,r_13_46_79,1.0,111,190,79,9
68,seq45,r_47_37_188,r_13_46_79,r_13_46_79,1.0,2,81,79,9
61,seq22,r_21_62_158,r_114_23_123,r_114_23_123,0.93,14,137,123,9
32,r_125_56_139,r_115_117_130,r_132_55_8,r_125_56_139,0.65,0,139,139,9
77,seq69,r_68_26_97,r_80_67_97,r_68_26_97,0.78,0,97,97,9
40,r_60_142_23,r_68_26_97,seq140,r_60_142_23,1.0,0,23,23,9
81,seq76,r_77_18_164,r_14_75_123,r_14_75_123,0.77,41,164,123,9
17,r_59_124_78,seq58,seq120,r_59_124_78,0.98,0,78,78,9
13,r_87_89_145,r_88_133_45,r_10_86_5,r_88_133_45,1.0,1,46,45,9
46,r_134_20_80,r_88_133_45,r_48_19_90,r_134_20_80,0.99,0,80,80,9
9,r_92_64_81,seq93,seq65,r_92_64_81,0.91,0,81,81,9
45,r_91_118_53,r_87_89_145,r_135_116_36,r_91_118_53,0.79,0,53,53,9
4,r_82_30_189,seq79,r_12_32_53,r_82_30_189,0.82,0,189,189,9
7,r_122_1_146,seq123,r_143_4_81,r_122_1_146,0.86,0,146,146,9
44,r_99_52_102,seq100,seq53,r_99_52_102,0.83,0,102,102,9
23,r_50_36_79,seq51,r_34_38_41,r_50_36_79,1.0,2,81,79,9
41,r_143_4_81,seq140,r_60_142_23,r_60_142_23,0.99,16,39,23,9
82,seq79,r_80_67_97,r_82_30_189,r_80_67_97,0.82,5,102,97,9
44,r_113_26_177,r_64_114_21,r_31_21_176,r_113_26_177,0.51,0,177,177,10
8,r_115_101_114,r_116_132_96,r_103_98_67,r_115_101_114,1.0,0,114,114,10
43,r_36_146_184,r_35_142_117,seq34,r_35_142_117,1.0,1,118,117,10
37,r_4_1_145,r_3_96_63,r_5_124_127,r_3_96_63,1.0,2,65,63,10
59,seq17,seq33,r_29_18_152,r_29_18_152,0.47,-57,95,152,10
40,r_2_137_15,r_6_54_176,seq136,r_2_137_15,1.0,0,15,15,10
21,r_144_45_187,r_143_47_187,r_44_43_163,r_44_43_163,0.78,27,190,163,10
39,r_143_47_187,r_144_45_187,r_50_51_178,r_50_51_178,0.8,10,188,178,10
1,r_64_114_21,r_113_26_177,r_35_142_117,r_35_142_117,0.61,60,177,117,10
97,seq123,seq120,r_5_124_127,r_5_124_127,1.0,11,138,127,10
5,r_35_142_117,r_36_146_184,r_141_99_187,r_35_142_117,1.0,0,117,117,10
32,r_53_28_36,seq60,seq25,r_53_28_36,0.64,-3,33,36,10
19,r_74_49_180,r_75_140_181,r_50_51_178,r_74_49_180,0.73,0,180,180,10
69,seq56,seq57,r_27_55_18,r_27_55_18,1.0,10,28,18,10
95,seq119,r_118_67_171,r_117_121_141,r_118_67_171,1.0,0,171,171,10
41,r_68_7_42,seq62,r_6_54_176,r_68_7_42,1.0,0,42,42,10
15,r_111_13_59,r_110_40_110,r_66_15_35,r_111_13_59,1.0,0,59,59,10
89,seq97,r_103_98_67,r_3_96_63,r_3_96_63,1.0,3,66,63,10
3,r_22_42_82,seq20,seq38,r_22_42_82,0.98,0,82,82,10
17,r_6_54_176,r_68_7_42,r_27_55_18,r_6_54_176,0.96,0,176,176,10
4,r_75_140_181,r_74_49_180,r_35_142_117,r_75_140_181,0.78,1,182,181,10
0,r_108_41_122,seq109,r_22_42_82,r_108_41_122,0.93,1,123,122,10
11,r_118_67_171,seq119,r_23_65_10,r_118_67_171,0.77,0,171,171,10
20,r_39_16_163,seq38,r_29_18_152,r_29_18_152,0.58,13,165,152,10
13,r_147_12_140,seq149,seq11,r_147_12_140,0.93,0,140,140,10
14,r_27_55_18,r_29_18_152,seq56,r_27_55_18,0.6,0,18,18,10
27,r_141_99_187,r_35_142_117,r_115_101_114,r_141_99_187,0.99,0,187,187,10
49,r_8_77_53,seq82,r_102_76_158,r_102_76_158,1.0,1,159,158,10
57,seq11,seq10,r_147_12_140,r_147_12_140,0.96,0,140,140,10
26,r_32_84_20,r_31_21_176,seq83,r_32_84_20,1.0,0,20,20,10
85,seq87,r_86_122_192,r_133_88_54,r_133_88_54,1.0,138,192,54,10
5,r_35_142_117,r_141_99_187,r_75_140_181,r_35_142_117,0.88,70,187,117,10
42,r_95_52_36,seq94,r_50_51_178,r_95_52_36,1.0,0,36,36,10
27,r_141_99_187,r_144_45_187,r_35_142_117,r_35_142_117,1.0,20,137,117,10
10,r_50_51_178,r_44_43_163,r_95_52_36,r_95_52_36,1.0,18,54,36,10
29,r_5_124_127,r_3_96_63,r_6_54_176,r_3_96_63,1.0,-32,31,63,10
49,r_8_77_53,r_5_124_127,seq82,r_8_77_53,1.0,1,54,53,10
41,r_68_7_42,r_6_54_176,r_4_1_145,r_6_54_176,0.59,0,176,176,10
75,seq62,r_68_7_42,r_112_63_31,r_112_63_31,0.52,-1,30,31,10
84,seq83,seq82,r_32_84_20,r_32_84_20,1.0,1,21,20,10
24,r_3_96_63,r_4_1_145,seq97,r_3_96_63,1.0,2,65,63,10
25,r_46_89_105,r_44_43_163,r_9_90_42,r_46_89_105,0.79,-1,104,105,10
43,r_36_146_184,seq34,r_91_145_53,r_36_146_184,0.99,0,184,184,10
47,r_112_63_31,r_113_26_177,r_23_65_10,r_112_63_31,1.0,0,31,31,10
22,r_100_85_21,r_103_98_67,seq87,r_100_85_21,0.82,0,21,21,10
61,seq149,r_147_12_140,r_91_145_53,r_91_145_53,0.89,88,141,53,10
38,r_102_76_158,r_103_98_67,r_8_77_53,r_102_76_158,0.95,0,158,158,10
52,seq130,r_131_19_184,r_5_124_127,r_5_124_127,0.88,57,184,127,10
33,r_23_65_10,r_66_15_35,r_112_63_31,r_23_65_10,0.89,25,35,10,10
44,r_113_26_177,r_112_63_31,r_64_114_21,r_113_26_177,0.67,-148,29,177,10
45,r_9_90_42,seq87,r_46_89_105,r_46_89_105,1.0,25,130,105,10
50,seq0,r_3_96_63,r_68_7_42,r_3_96_63,0.57,-4,59,63,10
17,r_6_54_176,r_5_124_127,r_68_7_42,r_6_54_176,0.96,-56,120,176,10
94,seq109,r_108_41_122,r_116_132_96,r_108_41_122,0.67,1,123,122,10
1,r_64_114_21,r_68_7_42,r_113_26_177,r_64_114_21,1.0,0,21,21,10
18,r_91_145_53,seq94,seq149,r_91_145_53,1.0,0,53,53,10
37,r_4_1_145,r_5_124_127,r_68_7_42,r_5_124_127,1.0,0,127,127,10
16,r_66_15_35,r_68_7_42,seq14,r_66_15_35,0.59,-2,33,35,10
45,r_9_90_42,seq10,seq87,r_9_90_42,0.96,0,42,42,10
29,r_5_124_127,r_6_54_176,seq123,r_5_124_127,0.98,0,127,127,10
30,r_133_88_54,seq134,r_9_90_42,r_133_88_54,1.0,0,54,54,10
33,r_23_65_10,r_29_18_152,r_66_15_35,r_23_65_10,0.9,0,10,10,10
23,r_110_40_110,r_113_26_177,seq38,r_110_40_110,0.9,0,110,110,10
35,r_116_132_96,r_115_101_114,seq134,r_115_101_114,1.0,-34,80,114,10
30,r_18_34_117,seq19,r_77_37_106,r_18_34_117,0.9,0,117,117,11
51,seq1,r_9_5_7,r_70_3_69,r_70_3_69,1.0,0,69,69,11
36,r_138_101_93,r_140_36_166,r_26_100_45,r_138_101_93,0.96,0,93,93,11
13,r_108_28_33,r_27_59_84,seq6,r_27_59_84,1.0,0,84,84,11
92,seq113,seq109,r_71_114_101,r_71_114_101,1.0,23,124,101,11
14,r_25_40_76,r_23_24_93,r_147_41_37,r_25_40_76,1.0,0,76,76,11
8,r_84_29_151,seq86,r_108_28_33,r_84_29_151,0.6,0,151,151,11
43,r_93_22_84,seq94,r_23_24_93,r_93_22_84,1.0,0,84,84,11
9,r_27_59_84,r_42_88_90,r_48_58_106,r_42_88_90,0.75,37,127,90,11
19,r_26_100_45,r_99_112_150,r_138_101_93,r_26_100_45,0.81,64,109,45,11
86,seq94,r_92_30_106,r_125_98_51,r_125_98_51,0.97,55,106,51,11
16,r_38_2_175,r_39_16_95,r_25_40_76,r_38_2_175,0.94,-80,95,175,11
1,r_39_16_95,r_38_2_175,r_130_17_46,r_39_16_95,1.0,0,95,95,11
5,r_23_24_93,r_20_145_187,r_93_22_84,r_93_22_84,1.0,103,187,84,11
46,r_66_95_64,r_71_114_101,r_125_98_51,r_66_95_64,0.99,3,67,64,11
42,r_51_75_181,seq54,r_60_74_33,r_60_74_33,0.71,148,181,33,11
18,r_99_112_150,r_105_52_126,r_26_100_45,r_26_100_45,0.92,0,45,45,11
45,r_42_88_90,seq43,seq90,r_42_88_90,0.86,17,107,90,11
22,r_126_139_166,r_132_67_45,r_44_129_42,r_126_139_166,1.0,-130,36,166,11
15,r_35_115_20,r_39_16_95,seq117,r_35_115_20,1.0,1,21,20,11
66,seq43,r_38_2_175,r_25_40_76,r_25_40_76,1.0,76,152,76,11
31,r_135_63_87,seq136,seq62,r_135_63_87,1.0,0,87,87,11
41,r_12_85_175,seq14,r_132_67_45,r_132_67_45,0.79,130,175,45,11
3,r_89_11_106,seq90,seq14,r_89_11_106,0.81,0,106,106,11
10,r_53_127_78,seq54,seq143,r_53_127_78,0.99,0,78,78,11
26,r_104_116_101,r_105_52_126,seq117,r_104_116_101,1.0,0,101,101,11
16,r_38_2_175,r_25_40_76,r_70_3_69,r_38_2_175,0.94,0,175,175,11
4,r_105_52_126,r_103_13_176,seq54,r_105_52_126,0.89,0,126,126,11
0,r_140_36_166,r_138_101_93,seq141,r_138_101_93,0.97,0,93,93,11
19,r_26_100_45,r_27_59_84,r_99_112_150,r_26_100_45,0.97,0,45,45,11
11,r_125_98_51,seq124,seq97,r_125_98_51,1.0,0,51,51,11
49,r_32_107_114,r_38_2_175,r_71_114_101,r_38_2_175,0.97,-60,115,175,11
37,r_147_41_37,seq148,r_38_2_175,r_147_41_37,1.0,0,37,37,11
6,r_103_13_176,seq102,r_39_16_95,r_39_16_95,0.51,81,176,95,11
9,r_27_59_84,r_108_28_33,r_42_88_90,r_27_59_84,1.0,0,84,84,11
0,r_140_36_166,seq141,r_77_37_106,r_140_36_166,0.96,0,166,166,11
39,r_91_33_43,r_38_2_175,r_77_37_106,r_91_33_43,0.68,57,100,43,11
13,r_108_28_33,r_110_15_132,r_27_59_84,r_108_28_33,0.87,0,33,33,11
27,r_71_114_101,seq68,seq113,r_71_114_101,1.0,0,101,101,11
87,seq97,r_96_81_121,r_125_98_51,r_125_98_51,1.0,14,65,51,11
13,r_108_28_33,seq6,r_84_29_151,r_84_29_151,1.0,3,154,151,11
47,r_70_3_69,r_71_114_101,seq1,r_70_3_69,1.0,0,69,69,11
40,r_92_30_106,seq94,seq31,r_92_30_106,0.96,0,106,106,11
24,r_79_45_70,r_80_128_157,seq49,r_80_128_157,0.65,-85,72,157,11
25,r_96_81_121,seq97,r_60_74_33,r_96_81_121,0.69,7,128,121,11
7,r_21_61_15,r_23_24_93,seq62,r_23_24_93,0.6,-77,16,93,11
9,r_27_59_84,r_26_100_45,r_108_28_33,r_27_59_84,0.9,-40,44,84,11
88,seq136,r_134_47_151,r_106_131_51,r_106_131_51,0.86,99,150,51,11
50,seq0,r_9_5_7,seq1,r_9_5_7,0.44,87,94,7,11
58,seq14,r_12_85_175,r_39_16_95,r_39_16_95,1.0,80,175,95,11
32,r_10_46_114,r_12_85_175,seq57,r_10_46_114,0.79,1,115,114,11
38,r_48_58_106,seq49,r_27_59_84,r_27_59_84,1.0,24,108,84,11
34,r_120_73_166,seq122,r_60_74_33,r_120_73_166,0.55,0,166,166,11
39,r_91_33_43,r_89_11_106,r_38_2_175,r_91_33_43,0.87,8,51,43,11
49,r_32_107_114,seq62,r_38_2_175,r_32_107_114,0.52,-64,50,114,11
21,r_130_17_46,r_134_47_151,seq14,r_130_17_46,1.0,0,46,46,11
37,r_147_41_37,r_38_2_175,r_25_40_76,r_25_40_76,0.99,99,175,76,11
12,r_132_67_45,r_134_47_151,seq69,r_132_67_45,1.0,0,45,45,11
18,r_99_112_150,r_26_100_45,r_71_114_101,r_99_112_150,0.96,0,150,150,11
44,r_110_15_132,seq111,r_39_16_95,r_110_15_132,0.84,0,132,132,11
23,r_134_47_151,seq136,seq49,r_134_47_151,0.69,0,151,151,11
79,seq78,r_77_37_106,r_60_74_33,r_77_37_106,0.6,-38,68,106,11
17,r_44_129_42,seq43,seq146,r_44_129_42,1.0,0,42,42,11
48,r_106_131_51,r_105_52_126,seq136,r_106_131_51,1.0,0,51,51,11
30,r_139_120_140,seq138,seq125,r_139_120_140,0.87,2,142,140,12
99,seq127,r_134_45_138,seq126,r_134_45_138,0.55,-19,119,138,12
14,r_0_38_104,seq4,seq41,r_0_38_104,0.89,0,104,104,12
53,seq133,r_131_110_188,r_46_132_56,r_46_132_56,1.0,30,86,56,12
37,r_62_111_86,r_63_114_155,r_24_108_8,r_24_108_8,0.49,78,86,8,12
52,seq4,r_0_38_104,r_7_83_123,r_0_38_104,0.67,-1,103,104,12
16,r_35_143_151,seq37,r_96_141_109,r_35_143_151,0.55,0,151,151,12
39,r_30_39_169,r_32_2_179,seq40,r_30_39_169,0.45,-1,168,169,12
43,r_122_1_115,r_119_99_137,seq4,r_122_1_115,0.93,0,115,115,12
1,r_75_11_107,r_74_57_157,r_123_12_93,r_75_11_107,0.74,0,107,107,12
5,r_135_65_168,r_134_45_138,seq128,r_134_45_138,0.88,0,138,138,12
4,r_121_149_59,r_122_1_115,r_145_146_11,r_121_149_59,0.96,0,59,59,12
45,r_23_53_100,r_25_18_172,seq50,r_23_53_100,0.8,0,100,100,12
41,r_80_69_43,r_131_110_188,r_90_130_177,r_80_69_43,0.46,57,100,43,12
19,r_3_101_69,seq4,seq100,r_3_101_69,1.0,0,69,69,12
65,seq33,r_25_18_172,r_75_11_107,r_75_11_107,0.95,61,168,107,12
15,r_116_109_188,r_81_117_48,r_52_115_100,r_52_115_100,1.0,88,188,100,12
73,seq47,r_46_132_56,seq50,r_46_132_56,1.0,-1,55,56,12
60,seq17,r_32_2_179,r_89_16_19,r_89_16_19,0.98,12,31,19,12
76,seq60,r_62_111_86,seq64,r_62_111_86,1.0,0,86,86,12
52,seq4,r_7_83_123,r_122_1_115,r_7_83_123,0.85,-2,121,123,12
41,r_80_69_43,seq82,r_131_110_188,r_80_69_43,0.49,29,72,43,12
3,r_52_115_100,seq50,seq113,r_52_115_100,0.81,0,100,100,12
26,r_96_141_109,seq97,r_87_142_23,r_96_141_109,0.99,1,110,109,12
20,r_51_21_182,seq50,r_25_18_172,r_25_18_172,0.79,10,182,172,12
46,r_87_142_23,r_145_146_11,r_96_141_109,r_96_141_109,1.0,2,111,109,12
36,r_46_132_56,seq47,seq133,r_46_132_56,1.0,-2,54,56,12
6,r_7_83_123,seq6,seq85,r_7_83_123,0.99,0,123,123,12
27,r_136_56_55,r_135_65_168,seq64,r_136_56_55,1.0,0,55,55,12
41,r_80_69_43,r_49_95_8,r_90_130_177,r_90_130_177,0.82,4,181,177,12
5,r_135_65_168,seq128,r_15_67_117,r_135_65_168,1.0,0,168,168,12
10,r_55_77_59,r_52_115_100,seq71,r_55_77_59,0.73,0,59,59,12
2,r_32_2_179,r_30_39_169,r_122_1_115,r_32_2_179,0.36,-11,168,179,12
40,r_26_54_150,r_25_18_172,r_136_56_55,r_136_56_55,1.0,94,149,55,12
18,r_44_86_115,seq40,seq85,r_44_86_115,0.98,0,115,115,12
29,r_20_5_102,r_22_48_116,seq6,r_20_5_102,0.96,1,103,102,12
28,r_78_92_55,r_75_11_107,seq93,r_78_92_55,0.67,2,57,55,12
24,r_123_12_93,r_124_10_161,seq13,r_123_12_93,0.98,0,93,93,12
99,seq127,r_147_76_115,r_84_144_122,r_147_76_115,0.54,-57,58,115,12
25,r_131_110_188,seq133,r_52_115_100,r_52_115_100,1.0,88,188,100,12
31,r_81_117_48,seq82,r_116_109_188,r_81_117_48,1.0,1,49,48,12
32,r_124_10_161,seq125,seq6,r_124_10_161,0.61,0,161,161,12
23,r_140_98_52,r_147_76_115,seq97,r_140_98_52,1.0,1,53,52,12
48,r_89_16_19,r_90_130_177,seq17,r_89_16_19,1.0,0,19,19,12
38,r_147_76_115,r_145_146_11,r_55_77_59,r_147_76_115,0.67,0,115,115,12
52,seq4,r_3_101_69,r_0_38_104,r_3_101_69,1.0,0,69,69,12
34,r_31_61_106,r_32_2_179,seq60,r_31_61_106,0.81,0,106,106,12
99,seq127,r_84_144_122,r_134_45_138,r_134_45_138,0.47,-72,66,138,12
43,r_122_1_115,r_121_149_59,r_119_99_137,r_121_149_59,1.0,0,59,59,12
17,r_134_45_138,r_135_65_168,r_0_38_104,r_134_45_138,0.84,1,139,138,12
41,r_80_69_43,r_90_130_177,r_49_95_8,r_90_130_177,0.6,-67,110,177,12
46,r_87_142_23,r_90_130_177,r_145_146_11,r_87_142_23,0.99,1,24,23,12
9,r_25_18_172,r_26_54_150,r_112_29_110,r_112_29_110,0.96,40,150,110,12
96,seq118,r_119_99_137,seq125,r_119_99_137,0.82,0,137,137,12
15,r_116_109_188,r_123_12_93,r_81_117_48,r_116_109_188,0.68,-134,54,188,12
22,r_102_68_179,seq103,r_135_65_168,r_102_68_179,0.28,0,179,179,12
8,r_9_88_38,r_7_83_123,seq93,r_9_88_38,0.64,0,38,38,12
7,r_22_48_116,r_25_18_172,r_23_53_100,r_25_18_172,0.94,-56,116,172,12
44,r_112_29_110,seq113,seq27,r_112_29_110,0.93,0,110,110,12
35,r_84_144_122,seq82,r_96_141_109,r_84_144_122,0.95,0,122,122,12
12,r_119_99_137,seq118,r_3_101_69,r_3_101_69,1.0,68,137,69,12
93,seq113,r_114_73_185,r_63_118_40,r_63_118_40,1.0,146,186,40,13
46,r_92_137_22,r_99_147_129,seq138,r_92_137_22,0.8,-4,18,22,13
36,r_18_66_149,seq20,r_15_68_107,r_18_66_149,0.75,0,149,149,13
92,seq111,r_112_142_152,r_63_118_40,r_63_118_40,1.0,114,154,40,13
14,r_49_133_64,r_50_127_158,seq130,r_49_133_64,0.8,-1,63,64,13
8,r_58_57_93,seq64,seq56,r_58_57_93,0.63,0,93,93,13
37,r_143_9_119,seq144,seq8,r_143_9_119,1.0,0,119,119,13
55,seq8,r_10_94_170,r_143_9_119,r_143_9_119,0.99,8,127,119,13
42,r_12_88_95,r_15_68_107,r_80_90_29,r_12_88_95,1.0,0,95,95,13
69,seq42,r_40_136_81,r_36_32_179,r_40_136_81,1.0,0,81,81,13
28,r_109_33_30,r_34_22_128,seq31,r_109_33_30,0.49,45,75,30,13
19,r_40_136_81,seq42,seq144,r_40_136_81,1.0,0,81,81,13
7,r_62_91_53,r_61_108_147,r_25_95_47,r_62_91_53,0.95,1,54,53,13
31,r_114_73_185,seq113,r_81_79_173,r_81_79_173,0.84,12,185,173,13
41,r_61_108_147,seq60,r_6_106_109,r_61_108_147,0.95,0,147,147,13
17,r_63_118_40,seq64,seq116,r_63_118_40,1.0,0,40,40,13
0,r_89_55_172,r_86_97_162,r_80_90_29,r_80_90_29,1.0,1,30,29,13
25,r_72_141_45,r_81_79_173,seq144,r_72_141_45,1.0,0,45,45,13
26,r_117_5_63,r_120_145_84,seq4,r_117_5_63,1.0,0,63,63,13
4,r_14_125_178,r_15_68_107,seq8,r_15_68_107,1.0,0,107,107,13
78,seq64,r_58_57_93,seq60,r_58_57_93,0.65,0,93,93,13
63,seq24,r_26_110_187,r_65_19_17,r_65_19_17,0.64,166,183,17,13
69,seq42,r_36_32_179,r_84_39_138,r_84_39_138,1.0,1,139,138,13
73,seq51,r_50_127_158,seq52,r_50_127_158,0.97,0,158,158,13
11,r_36_32_179,seq37,r_109_33_30,r_109_33_30,0.99,149,179,30,13
15,r_71_30_81,r_81_79_173,seq31,r_71_30_81,1.0,0,81,81,13
48,r_15_68_107,r_14_125_178,seq64,r_15_68_107,1.0,0,107,107,13
4,r_14_125_178,seq8,r_49_133_64,r_14_125_178,0.93,0,178,178,13
13,r_80_90_29,r_89_55_172,r_12_88_95,r_12_88_95,1.0,78,173,95,13
13,r_80_90_29,r_81_79_173,r_89_55_172,r_80_90_29,1.0,0,29,29,13
0,r_89_55_172,r_80_90_29,r_58_57_93,r_89_55_172,0.59,1,173,172,13
47,r_50_127_158,seq51,r_49_133_64,r_49_133_64,0.99,93,157,64,13
18,r_99_147_129,seq93,r_48_140_129,r_48_140_129,0.95,8,137,129,13
24,r_131_29_171,seq130,r_71_30_81,r_131_29_171,0.67,0,171,171,13
33,r_134_82_103,r_131_29_171,r_81_79_173,r_134_82_103,1.0,0,103,103,13
28,r_109_33_30,seq111,r_34_22_128,r_109_33_30,0.93,0,30,30,13
88,seq100,r_101_13_167,r_63_118_40,r_63_118_40,0.85,130,170,40,13
32,r_26_110_187,seq24,r_63_118_40,r_26_110_187,0.61,0,187,187,13
40,r_59_102_41,r_58_57_93,seq105,r_59_102_41,1.0,0,41,41,13
38,r_112_142_152,seq111,r_72_141_45,r_72_141_45,1.0,109,154,45,13
23,r_34_22_128,r_36_32_179,r_109_33_30,r_109_33_30,0.98,6,36,30,13
52,seq2,seq4,r_107_3_31,r_107_3_31,0.96,35,66,31,13
34,r_86_97_162,seq85,r_25_95_47,r_25_95_47,1.0,118,165,47,13
3,r_107_3_31,seq105,seq2,r_107_3_31,1.0,0,31,31,13
2,r_25_95_47,r_26_110_187,seq93,r_25_95_47,1.0,0,47,47,13
28,r_109_33_30,seq31,r_70_35_144,r_70_35_144,1.0,3,147,144,13
94,seq116,r_120_145_84,r_63_118_40,r_63_118_40,1.0,43,83,40,13
9,r_23_67_161,seq20,r_15_68_107,r_23_67_161,0.61,0,161,161,13
22,r_6_106_109,seq4,seq105,r_6_106_109,1.0,0,109,109,13
91,seq105,seq103,r_6_106_109,r_6_106_109,1.0,16,125,109,13
5,r_65_19_17,r_58_57_93,seq20,r_65_19_17,0.98,2,19,17,13
49,r_70_35_144,seq69,r_109_33_30,r_70_35_144,0.9,0,144,144,13
44,r_10_94_170,seq8,r_25_95_47,r_10_94_170,0.78,0,170,170,13
29,r_148_115_34,seq144,seq116,r_148_115_34,0.52,3,37,34,13
79,seq69,r_70_35_144,r_81_79_173,r_70_35_144,0.98,0,144,144,13
35,r_0_43_111,seq1,seq52,r_0_43_111,0.84,3,114,111,13
12,r_84_39_138,seq85,seq42,r_84_39_138,0.91,1,139,138,13
23,r_34_22_128,r_109_33_30,seq21,r_34_22_128,0.75,1,129,128,13
36,r_85_142_78,seq84,seq143,r_85_142_78,1.0,0,78,78,14
8,r_67_145_143,r_68_70_13,r_92_69_90,r_92_69_90,0.98,0,90,90,14
43,r_112_10_181,seq113,r_13_18_94,r_13_18_94,0.68,88,182,94,14
7,r_46_53_15,r_41_88_133,seq51,r_46_53_15,0.95,0,15,15,14
37,r_52_59_125,seq51,r_45_58_117,r_45_58_117,1.0,8,125,117,14
3,r_5_141_154,r_4_6_73,r_81_138_123,r_5_141_154,1.0,0,154,154,14
21,r_73_78_138,r_74_93_150,r_89_72_49,r_89_72_49,1.0,101,150,49,14
39,r_76_133_75,seq75,r_3_134_52,r_76_133_75,1.0,1,76,75,14
1,r_29_149_163,seq28,r_81_138_123,r_81_138_123,0.67,40,163,123,14
97,seq124,seq120,r_103_123_127,r_103_123_127,0.94,6,133,127,14
5,r_77_37_160,seq79,r_119_38_45,r_77_37_160,0.58,0,160,160,14
46,r_23_121_132,r_22_50_87,r_17_105_133,r_22_50_87,0.74,0,87,87,14
33,r_47_144_38,r_45_58_117,seq143,r_47_144_38,0.95,0,38,38,14
46,r_23_121_132,r_17_105_133,seq120,r_23_121_132,0.89,0,132,132,14
80,seq79,r_77_37_160,r_89_72_49,r_89_72_49,0.95,111,160,49,14
10,r_87_110_171,r_41_88_133,r_48_106_5,r_41_88_133,0.54,38,171,133,14
10,r_87_110_171,r_89_72_49,seq102,r_89_72_49,1.0,-6,43,49,14
19,r_103_123_127,seq104,seq124,r_103_123_127,0.9,0,127,127,14
11,r_65_34_175,r_97_64_74,seq35,r_65_34_175,0.61,0,175,175,14
95,seq120,seq124,r_23_121_132,r_23_121_132,1.0,1,133,132,14
14,r_89_72_49,r_87_110_171,r_73_78_138,r_89_72_49,1.0,0,49,49,14
31,r_92_69_90,seq95,r_67_145_143,r_92_69_90,0.97,0,90,90,14
41,r_22_50_87,r_23_121_132,r_45_58_117,r_22_50_87,0.98,0,87,87,14
3,r_5_141_154,seq7,r_4_6_73,r_4_6_73,0.99,3,76,73,14
26,r_74_93_150,r_73_78_138,r_146_96_98,r_74_93_150,0.63,0,150,150,14
27,r_3_134_52,r_4_6_73,seq125,r_3_134_52,1.0,0,52,52,14
4,r_4_6_73,seq2,r_5_141_154,r_4_6_73,0.99,0,73,73,14
11,r_65_34_175,seq56,r_97_64_74,r_97_64_74,1.0,-1,73,74,14
20,r_132_66_131,r_128_61_177,r_97_64_74,r_132_66_131,0.81,1,132,131,14
13,r_17_105_133,seq16,r_48_106_5,r_17_105_133,0.98,0,133,133,14
15,r_146_96_98,seq147,seq95,r_146_96_98,0.97,1,99,98,14
48,r_54_135_93,r_55_1_161,r_3_134_52,r_54_135_93,1.0,0,93,93,14
4,r_4_6_73,r_5_141_154,r_43_8_75,r_5_141_154,1.0,0,154,154,14
0,r_63_91_15,r_65_34_175,r_90_57_101,r_63_91_15,0.99,-2,13,15,14
8,r_67_145_143,r_92_69_90,r_47_144_38,r_67_145_143,1.0,1,144,143,14
33,r_47_144_38,seq143,seq147,r_47_144_38,0.84,27,65,38,14
17,r_140_99_108,seq104,r_27_100_137,r_27_100_137,1.0,-1,136,137,14
12,r_86_116_19,r_85_142_78,seq117,r_86_116_19,1.0,-1,18,19,14
0,r_63_91_15,r_90_57_101,r_146_96_98,r_63_91_15,1.0,86,101,15,14
45,r_119_38_45,seq120,seq36,r_119_38_45,0.98,0,45,45,14
10,r_87_110_171,seq102,r_41_88_133,r_41_88_133,0.98,0,133,133,14
87,seq104,r_103_123_127,r_48_106_5,r_103_123_127,0.98,0,127,127,14
2,r_128_61_177,seq131,r_45_58_117,r_128_61_177,0.35,0,177,177,14
40,r_98_122_105,r_97_64_74,seq102,r_97_64_74,1.0,-14,60,74,14
18,r_27_100_137,seq28,r_140_99_108,r_27_100_137,0.91,0,137,137,14
29,r_109_26_80,seq111,seq25,r_109_26_80,1.0,0,80,80,14
34,r_94_15_41,r_23_121_132,seq16,r_23_121_132,0.99,-21,111,132,14
47,r_71_31_11,r_77_37_160,seq25,r_71_31_11,0.72,0,11,11,14
25,r_81_138_123,seq80,seq139,r_81_138_123,0.99,0,123,123,14
42,r_90_57_101,r_87_110_171,r_63_91_15,r_63_91_15,0.99,-1,14,15,14
50,seq2,r_4_6_73,r_14_0_9,r_4_6_73,0.94,0,73,73,14
58,seq143,seq136,r_85_142_78,r_85_142_78,1.0,1,79,78,14
42,r_90_57_101,r_63_91_15,seq56,r_90_57_101,0.99,0,101,101,14
32,r_41_88_133,seq39,r_48_106_5,r_41_88_133,0.85,1,134,133,14
38,r_14_0_9,seq2,r_55_1_161,r_55_1_161,0.85,0,161,161,14
34,r_94_15_41,r_92_69_90,r_23_121_132,r_94_15_41,1.0,0,41,41,14
69,seq36,seq35,r_119_38_45,r_119_38_45,1.0,0,45,45,14
81,seq80,r_81_138_123,seq84,r_81_138_123,0.69,0,123,123,14
31,r_92_69_90,r_67_145_143,r_68_70_13,r_67_145_143,1.0,3,146,143,14
17,r_140_99_108,seq136,seq104,r_140_99_108,0.71,-1,107,108,14
9,r_45_58_117,r_22_50_87,seq56,r_45_58_117,1.0,1,118,117,14
9,r_45_58_117,r_41_88_133,r_22_50_87,r_22_50_87,0.91,0,87,87,14
96,seq148,seq147,r_81_138_123,r_81_138_123,0.99,34,157,123,14
22,r_126_101_92,seq127,seq102,r_126_101_92,0.99,0,92,92,14
28,r_115_62_134,r_118_49_168,seq56,r_115_62_134,0.95,0,134,134,14
41,r_22_50_87,r_45_58_117,seq44,r_45_58_117,1.0,1,118,117,14
40,r_98_122_105,seq102,seq124,r_98_122_105,0.98,0,105,105,14
49,r_55_1_161,seq60,r_14_0_9,r_55_1_161,0.7,0,161,161,14
44,r_118_49_168,seq117,r_22_50_87,r_118_49_168,0.52,0,168,168,14
23,r_97_64_74,r_98_122_105,r_65_34_175,r_97_64_74,1.0,-1,73,74,14
74,seq51,r_52_59_125,r_46_53_15,r_46_53_15,1.0,0,15,15,14
35,r_43_8_75,seq44,seq11,r_43_8_75,1.0,0,75,75,14
23,r_97_64_74,r_65_34_175,r_132_66_131,r_132_66_131,0.96,19,150,131,14
84,seq84,r_85_142_78,seq82,r_85_142_78,1.0,0,78,78,14
40,r_139_41_20,r_140_56_135,seq45,r_139_41_20,1.0,0,20,20,15
36,r_31_143_79,seq28,seq144,r_31_143_79,1.0,0,79,79,15
26,r_36_138_45,r_33_55_111,seq133,r_36_138_45,1.0,0,45,45,15
14,r_140_56_135,r_54_141_4,r_98_39_24,r_140_56_135,0.97,0,135,135,15
53,seq9,r_8_94_152,r_58_5_98,r_58_5_98,0.88,16,114,98,15
59,seq22,r_21_128_107,r_6_23_33,r_21_128_107,0.49,0,107,107,15
37,r_118_91_50,seq117,seq96,r_118_91_50,1.0,0,50,50,15
45,r_19_108_27,r_17_29_48,seq106,r_19_108_27,1.0,0,27,27,15
16,r_54_141_4,r_140_56_135,seq148,r_140_56_135,0.69,0,135,135,15
21,r_131_74_189,seq133,r_102_70_70,r_131_74_189,0.34,0,189,189,15
39,r_147_32_191,seq148,r_69_30_41,r_147_32_191,0.26,0,191,191,15
42,r_58_5_98,seq59,seq9,r_58_5_98,1.0,0,98,98,15
35,r_6_23_33,r_8_94_152,seq22,r_6_23_33,1.0,5,38,33,15
19,r_62_132_149,seq64,seq133,r_62_132_149,0.78,0,149,149,15
10,r_67_3_46,seq66,seq9,r_67_3_46,1.0,0,46,46,15
93,seq114,r_115_90_169,r_10_113_43,r_10_113_43,1.0,4,47,43,15
95,seq121,seq122,r_136_119_78,r_136_119_78,1.0,14,92,78,15
66,seq46,r_44_40_69,r_86_50_31,r_86_50_31,1.0,83,114,31,15
31,r_145_116_104,seq144,r_10_113_43,r_145_116_104,1.0,0,104,104,15
33,r_110_24_29,r_6_23_33,r_69_30_41,r_6_23_33,0.83,119,152,33,15
11,r_78_4_180,seq80,r_71_7_84,r_71_7_84,0.99,97,181,84,15
3,r_95_111_36,seq96,r_149_112_28,r_95_111_36,0.78,0,36,36,15
20,r_102_70_70,r_101_84_191,seq64,r_102_70_70,1.0,3,73,70,15
57,seq18,r_17_29_48,seq9,r_17_29_48,0.97,0,48,48,15
15,r_135_11_134,r_134_88_177,r_58_5_98,r_135_11_134,0.96,0,134,134,15
6,r_33_55_111,seq35,r_98_39_24,r_33_55_111,1.0,0,111,111,15
43,r_20_1_46,r_21_128_107,seq0,r_21_128_107,0.46,-60,47,107,15
8,r_69_30_41,r_62_132_149,seq28,r_69_30_41,1.0,0,41,41,15
27,r_34_93_30,r_33_55_111,seq96,r_34_93_30,1.0,0,30,30,15
22,r_21_128_107,seq22,seq127,r_21_128_107,1.0,0,107,107,15
2,r_136_119_78,r_134_88_177,r_63_120_27,r_136_119_78,1.0,1,79,78,15
4,r_98_39_24,r_99_124_144,r_44_40_69,r_98_39_24,0.98,0,24,24,15
24,r_129_109_115,seq127,r_19_108_27,r_129_109_115,0.96,0,115,115,15
44,r_146_89_40,r_147_32_191,seq85,r_146_89_40,1.0,0,40,40,15
25,r_115_90_169,seq114,r_146_89_40,r_146_89_40,0.64,129,169,40,15
58,seq148,r_147_32_191,r_31_143_79,r_31_143_79,1.0,112,191,79,15
38,r_65_104_85,seq64,seq103,r_65_104_85,0.99,0,85,85,15
48,r_63_120_27,r_62_132_149,seq117,r_63_120_27,1.0,0,27,27,15
41,r_12_105_35,r_14_13_20,seq106,r_12_105_35,1.0,0,35,35,15
34,r_92_137_138,seq96,r_36_138_45,r_92_137_138,0.95,0,138,138,15
45,r_19_108_27,seq106,r_129_109_115,r_129_109_115,1.0,0,115,115,15
30,r_10_113_43,seq9,seq114,r_10_113_43,1.0,0,43,43,15
46,r_126_42_53,seq125,r_139_41_20,r_126_42_53,1.0,2,55,53,15
17,r_99_124_144,seq96,seq123,r_99_124_144,0.88,0,144,144,15
98,seq125,r_126_42_53,seq123,r_126_42_53,1.0,2,55,53,15
32,r_149_112_28,r_147_32_191,r_95_111_36,r_149_112_28,1.0,1,29,28,15
9,r_134_88_177,seq133,r_115_90_169,r_134_88_177,0.66,0,177,177,15
26,r_36_138_45,seq133,r_92_137_138,r_92_137_138,1.0,16,154,138,15
0,r_86_50_31,seq85,seq49,r_86_50_31,1.0,0,31,31,15
28,r_2_79_99,seq9,seq80,r_2_79_99,1.0,1,100,99,15
91,seq103,seq100,r_65_104_85,r_65_104_85,1.0,35,120,85,15
49,r_27_107_169,seq25,r_19_108_27,r_27_107_169,0.7,0,169,169,15
23,r_17_29_48,seq18,r_69_30_41,r_17_29_48,0.96,0,48,48,15
7,r_71_7_84,seq64,seq9,r_71_7_84,1.0,2,86,84,15
82,seq80,r_78_4_180,r_2_79_99,r_2_79_99,1.0,77,176,99,15
33,r_110_24_29,r_69_30_41,r_6_23_33,r_6_23_33,0.66,143,176,33,15
33,r_110_24_29,seq106,seq22,r_110_24_29,0.97,0,29,29,15
22,r_21_128_107,r_20_1_46,seq22,r_20_1_46,0.96,1,47,46,15
12,r_8_94_152,seq9,r_34_93_30,r_8_94_152,0.98,0,152,152,15
30,r_45_126_64,r_46_64_128,seq129,r_45_126_64,1.0,0,64,64,16
44,r_47_71_57,r_72_69_180,seq70,r_72_69_180,0.7,0,180,180,16
36,r_42_78_159,seq48,r_84_82_76,r_42_78_159,0.25,0,159,159,16
9,r_72_69_180,r_47_71_57,seq66,r_47_71_57,0.49,123,180,57,16
26,r_87_134_44,r_88_103_102,seq133,r_87_134_44,0.63,0,44,44,16
14,r_53_55_197,r_50_146_84,r_108_52_59,r_53_55_197,1.0,-137,60,197,16
0,r_102_107_86,r_6_115_87,r_14_105_113,r_14_105_113,0.85,9,122,113,16
35,r_51_118_20,r_53_55_197,seq117,r_51_118_20,1.0,0,20,20,16
83,seq86,r_84_82_76,seq89,r_84_82_76,0.76,0,76,76,16
37,r_0_63_155,seq2,r_46_64_128,r_46_64_128,0.55,27,155,128,16
21,r_111_137_139,r_114_140_177,seq135,r_111_137_139,0.41,13,152,139,16
39,r_139_23_152,seq135,r_19_28_102,r_139_23_152,0.9,0,152,152,16
1,r_114_140_177,r_111_137_139,r_148_109_132,r_114_140_177,0.57,-25,152,177,16
80,seq75,r_1_77_34,r_7_74_127,r_7_74_127,1.0,3,130,127,16
5,r_67_12_116,seq66,seq11,r_67_12_116,1.0,0,116,116,16
20,r_46_64_128,seq66,r_0_63_155,r_0_63_155,0.89,9,164,155,16
6,r_68_32_42,r_67_12_116,seq33,r_68_32_42,0.99,0,42,42,16
7,r_79_54_82,seq56,r_108_52_59,r_79_54_82,0.63,98,180,82,16
45,r_50_146_84,r_53_55_197,seq147,r_50_146_84,1.0,0,84,84,16
19,r_112_9_81,r_114_140_177,seq2,r_112_9_81,1.0,0,81,81,16
41,r_14_105_113,seq29,r_68_32_42,r_14_105_113,0.31,-46,67,113,16
9,r_72_69_180,seq70,r_47_71_57,r_47_71_57,1.0,1,58,57,16
44,r_47_71_57,r_42_78_159,r_72_69_180,r_47_71_57,0.93,0,57,57,16
3,r_149_58_136,r_148_109_132,r_83_57_83,r_149_58_136,0.94,0,136,136,16
10,r_7_74_127,seq2,seq75,r_7_74_127,1.0,0,127,127,16
90,seq104,r_102_107_86,r_88_103_102,r_88_103_102,0.69,0,102,102,16
80,seq75,seq76,r_1_77_34,r_1_77_34,0.99,21,55,34,16
72,seq48,r_42_78_159,r_121_49_92,r_121_49_92,1.0,67,159,92,16
38,r_39_22_13,r_41_43_90,seq21,r_39_22_13,0.59,1,14,13,16
23,r_1_77_34,r_0_63_155,seq76,r_1_77_34,1.0,0,34,34,16
4,r_92_120_105,r_90_113_191,r_106_119_92,r_92_120_105,1.0,0,105,105,16
0,r_102_107_86,seq104,r_6_115_87,r_6_115_87,0.97,8,95,87,16
11,r_100_44_128,seq101,r_41_43_90,r_100_44_128,0.89,0,128,128,16
20,r_46_64_128,r_42_78_159,seq66,r_46_64_128,0.55,0,128,128,16
98,seq132,seq133,r_5_131_115,r_5_131_115,1.0,13,128,115,16
15,r_5_131_115,seq2,seq132,r_5_131_115,1.0,0,115,115,16
62,seq147,r_148_109_132,r_50_146_84,r_50_146_84,1.0,42,126,84,16
2,r_61_85_162,seq59,seq86,r_61_85_162,0.5,0,162,162,16
47,r_144_145_101,seq143,r_50_146_84,r_50_146_84,1.0,17,101,84,16
25,r_148_109_132,r_149_58_136,r_114_140_177,r_149_58_136,0.97,-4,132,136,16
33,r_110_37_95,seq117,r_36_18_186,r_110_37_95,0.98,0,95,95,16
58,seq11,seq10,r_67_12_116,r_67_12_116,1.0,5,121,116,16
32,r_16_97_167,seq17,seq98,r_16_97_167,0.62,0,167,167,16
34,r_88_103_102,r_90_113_191,seq104,r_88_103_102,0.99,0,102,102,16
81,seq76,seq75,r_1_77_34,r_1_77_34,1.0,25,59,34,16
24,r_73_96_13,r_72_69_180,seq94,r_73_96_13,0.95,0,13,13,16
22,r_108_52_59,seq117,r_53_55_197,r_108_52_59,1.0,1,60,59,16
28,r_121_49_92,seq122,seq48,r_121_49_92,0.99,1,93,92,16
91,seq143,r_144_145_101,r_50_146_84,r_50_146_84,1.0,15,99,84,16
49,r_83_57_83,seq86,seq59,r_83_57_83,0.94,0,83,83,16
79,seq70,r_72_69_180,r_47_71_57,r_47_71_57,1.0,44,101,57,16
54,seq133,seq135,r_87_134_44,r_87_134_44,1.0,11,55,44,16
12,r_81_65_89,seq80,seq66,r_81_65_89,1.0,2,91,89,16
41,r_14_105_113,r_68_32_42,r_102_107_86,r_14_105_113,1.0,0,113,113,16
40,r_116_141_133,r_51_113_13,r_79_144_88,r_116_141_133,0.79,0,133,133,17
15,r_119_131_49,r_118_25_51,seq126,r_119_131_49,0.62,0,49,49,17
44,r_109_80_134,r_116_141_133,r_99_82_125,r_109_80_134,1.0,0,134,134,17
41,r_138_128_19,r_139_134_110,r_130_2_143,r_130_2_143,0.61,-126,17,143,17
43,r_112_123_123,r_116_141_133,r_40_122_92,r_40_122_92,0.62,31,123,92,17
30,r_115_20_53,r_116_141_133,seq21,r_115_20_53,0.99,0,53,53,17
16,r_0_83_59,r_1_103_96,r_137_81_1,r_137_81_1,0.95,57,58,1,17
1,r_44_61_125,r_43_77_127,r_60_63_42,r_44_61_125,0.54,0,125,125,17
46,r_9_65_63,r_18_8_53,seq66,r_9_65_63,1.0,0,63,63,17
45,r_23_111_69,seq24,r_56_114_15,r_23_111_69,1.0,0,69,69,17
37,r_1_103_96,r_108_3_65,seq104,r_1_103_96,0.95,0,96,96,17
19,r_7_28_113,seq6,seq29,r_7_28_113,0.97,0,113,113,17
13,r_45_27_168,r_145_42_2,r_124_26_58,r_145_42_2,0.55,173,175,2,17
95,seq110,r_116_141_133,r_23_111_69,r_23_111_69,0.93,64,133,69,17
41,r_138_128_19,r_130_2_143,r_50_129_35,r_50_129_35,0.86,6,41,35,17
3,r_149_5_148,seq148,seq4,r_149_5_148,0.85,0,148,148,17
10,r_79_144_88,seq78,r_48_142_5,r_79_144_88,1.0,0,88,88,17
81,seq78,r_0_83_59,r_43_77_127,r_43_77_127,0.51,16,143,127,17
16,r_0_83_59,r_137_81_1,r_57_98_108,r_57_98_108,0.98,60,168,108,17
47,r_124_26_58,r_125_36_168,seq30,r_124_26_58,1.0,0,58,58,17
14,r_48_142_5,r_139_134_110,r_79_144_88,r_79_144_88,1.0,3,91,88,17
4,r_132_62_64,seq133,r_60_63_42,r_132_62_64,1.0,0,64,64,17
78,seq73,seq76,r_53_74_88,r_53_74_88,1.0,3,91,88,17
11,r_43_77_127,r_45_27_168,seq78,r_43_77_127,0.92,0,127,127,17
20,r_137_81_1,seq78,r_99_82_125,r_137_81_1,0.89,136,137,1,17
13,r_45_27_168,r_43_77_127,r_145_42_2,r_43_77_127,1.0,0,127,127,17
98,seq126,r_125_36_168,r_50_129_35,r_50_129_35,0.95,133,168,35,17
48,r_22_107_75,seq21,seq106,r_22_107_75,1.0,0,75,75,17
2,r_72_147_40,seq76,seq148,r_72_147_40,1.0,0,40,40,17
62,seq148,r_149_5_148,r_72_147_40,r_72_147_40,0.78,108,148,40,17
5,r_64_17_159,r_60_63_42,r_85_14_131,r_60_63_42,0.95,117,159,42,17
27,r_38_105_90,seq39,seq97,r_38_105_90,0.99,1,91,90,17
49,r_40_122_92,r_91_120_3,r_112_123_123,r_40_122_92,0.47,45,137,92,17
74,seq55,r_57_98_108,seq52,r_57_98_108,1.0,-27,81,108,17
18,r_85_14_131,r_84_93_15,seq10,r_85_14_131,0.94,0,131,131,17
29,r_53_74_88,seq52,seq73,r_53_74_88,0.95,0,88,88,17
40,r_116_141_133,r_115_20_53,r_51_113_13,r_116_141_133,0.55,-120,13,133,17
24,r_57_98_108,seq55,seq100,r_57_98_108,1.0,0,108,108,17
6,r_60_63_42,seq59,r_64_17_159,r_60_63_42,0.85,0,42,42,17
21,r_37_58_47,r_38_105_90,seq59,r_37_58_47,1.0,0,47,47,17
6,r_60_63_42,r_64_17_159,r_132_62_64,r_60_63_42,0.92,117,159,42,17
65,seq29,seq30,r_7_28_113,r_7_28_113,1.0,43,156,113,17
52,seq6,r_7_28_113,seq4,r_7_28_113,1.0,0,113,113,17
33,r_31_70_44,seq30,r_140_69_34,r_31_70_44,1.0,0,44,44,17
34,r_108_3_65,r_109_80_134,r_1_103_96,r_108_3_65,0.99,0,65,65,17
34,r_108_3_65,seq6,r_130_2_143,r_130_2_143,0.76,7,150,143,17
81,seq78,r_79_144_88,r_0_83_59,r_0_83_59,0.7,28,87,59,17
34,r_108_3_65,r_1_103_96,seq6,r_1_103_96,0.81,1,97,96,17
17,r_47_146_118,r_44_61_125,r_79_144_88,r_47_146_118,0.96,0,118,118,17
94,seq106,seq104,r_22_107_75,r_22_107_75,1.0,0,75,75,17
35,r_50_129_35,r_53_74_88,r_138_128_19,r_50_129_35,1.0,0,35,35,17
96,seq117,seq133,r_91_120_3,r_91_120_3,0.49,76,79,3,17
31,r_140_69_34,seq66,r_31_70_44,r_31_70_44,0.94,56,100,44,17
22,r_46_68_99,r_47_146_118,r_9_65_63,r_46_68_99,0.94,0,99,99,17
5,r_64_17_159,r_99_82_125,r_60_63_42,r_60_63_42,0.79,-13,29,42,17
49,r_40_122_92,seq41,r_91_120_3,r_40_122_92,1.0,0,92,92,17
7,r_99_82_125,seq100,r_137_81_1,r_137_81_1,0.61,124,125,1,17
44,r_109_80_134,r_108_3_65,r_116_141_133,r_108_3_65,1.0,0,65,65,17
23,r_102_71_133,seq101,r_31_70_44,r_31_70_44,1.0,89,133,44,17
12,r_130_2_143,r_125_36_168,r_108_3_65,r_125_36_168,0.76,-25,143,168,17
42,r_118_25_51,seq121,seq24,r_118_25_51,1.0,0,51,51,17
30,r_26_143_141,seq32,seq142,r_26_143_141,0.99,0,141,141,18
14,r_118_44_139,r_119_49_93,seq120,r_119_49_93,0.79,1,94,93,18
8,r_82_85_132,seq84,r_31_86_95,r_82_85_132,0.63,0,132,132,18
43,r_31_86_95,seq32,seq88,r_31_86_95,0.92,0,95,95,18
31,r_22_33_150,seq32,r_101_24_35,r_101_24_35,1.0,0,35,35,18
15,r_106_132_34,seq105,seq138,r_106_132_34,1.0,0,34,34,18
48,r_112_72_20,seq111,r_70_69_37,r_112_72_20,0.95,0,20,20,18
39,r_94_95_122,seq92,seq100,r_94_95_122,0.43,32,154,122,18
6,r_109_12_34,r_20_145_207,seq18,r_109_12_34,0.58,48,82,34,18
1,r_52_5_172,r_51_21_198,r_4_6_113,r_52_5_172,0.62,0,172,172,18
32,r_136_74_50,r_135_144_187,r_112_72_20,r_136_74_50,1.0,0,50,50,18
46,r_61_79_147,seq62,seq81,r_61_79_147,0.53,0,147,147,18
95,seq120,r_121_13_36,seq122,r_121_13_36,1.0,-9,27,36,18
80,seq92,r_94_95_122,r_113_93_162,r_113_93_162,0.98,13,175,162,18
4,r_71_43_25,r_70_69_37,seq46,r_71_43_25,1.0,0,25,25,18
45,r_59_64_121,seq62,r_70_69_37,r_59_64_121,0.5,1,122,121,18
5,r_3_140_41,r_146_73_100,r_27_141_51,r_146_73_100,1.0,-1,99,100,18
35,r_65_139_102,r_68_35_96,r_70_69_37,r_70_69_37,0.84,-1,36,37,18
33,r_78_14_36,r_16_23_205,r_29_15_188,r_29_15_188,0.87,9,197,188,18
27,r_101_24_35,r_22_33_150,r_28_34_104,r_28_34_104,0.4,42,146,104,18
33,r_78_14_36,r_82_85_132,r_16_23_205,r_78_14_36,0.99,0,36,36,18
37,r_121_13_36,seq120,r_16_23_205,r_121_13_36,1.0,0,36,36,18
76,seq81,r_80_91_177,r_39_83_113,r_39_83_113,0.94,64,177,113,18
6,r_109_12_34,seq110,r_20_145_207,r_109_12_34,0.99,0,34,34,18
41,r_29_15_188,seq32,r_121_13_36,r_121_13_36,1.0,152,188,36,18
67,seq36,seq32,r_68_35_96,r_68_35_96,1.0,66,162,96,18
27,r_101_24_35,seq99,r_22_33_150,r_101_24_35,0.97,0,35,35,18
10,r_39_83_113,seq40,seq84,r_39_83_113,0.99,0,113,113,18
14,r_118_44_139,seq120,r_71_43_25,r_118_44_139,1.0,0,139,139,18
73,seq58,r_57_10_193,r_77_56_186,r_77_56_186,0.62,7,193,186,18
13,r_135_144_187,seq133,r_26_143_141,r_26_143_141,1.0,46,187,141,18
48,r_112_72_20,r_70_69_37,r_136_74_50,r_136_74_50,0.99,14,64,50,18
34,r_75_50_34,r_82_85_132,seq46,r_75_50_34,0.91,0,34,34,18
6,r_109_12_34,seq18,r_68_35_96,r_68_35_96,0.53,88,184,96,18
36,r_27_141_51,r_28_34_104,seq142,r_27_141_51,1.0,0,51,51,18
47,r_16_23_205,seq19,r_78_14_36,r_78_14_36,0.95,26,62,36,18
12,r_4_6_113,r_3_140_41,r_37_7_25,r_4_6_113,0.67,-73,40,113,18
74,seq62,r_61_79_147,r_136_74_50,r_136_74_50,1.0,96,146,50,18
29,r_96_30_88,seq97,seq32,r_96_30_88,0.99,0,88,88,18
24,r_51_21_198,seq46,r_101_24_35,r_101_24_35,1.0,163,198,35,18
35,r_65_139_102,r_70_69_37,seq138,r_65_139_102,0.97,0,102,102,18
58,seq138,r_135_144_187,r_65_139_102,r_65_139_102,1.0,4,106,102,18
19,r_37_7_25,seq32,r_4_6_113,r_37_7_25,1.0,0,25,25,18
68,seq40,r_39_83_113,r_42_102_192,r_39_83_113,1.0,-16,97,113,18
2,r_149_8_22,r_135_144_187,seq11,r_149_8_22,1.0,0,22,22,18
38,r_119_49_93,r_118_44_139,r_75_50_34,r_75_50_34,0.96,59,93,34,18
68,seq40,r_42_102_192,r_68_35_96,r_42_102_192,0.99,1,193,192,18
26,r_70_69_37,r_71_43_25,r_112_72_20,r_70_69_37,0.9,-15,22,37,18
17,r_60_103_91,r_59_64_121,seq104,r_60_103_91,0.98,0,91,91,18
5,r_3_140_41,r_4_6_113,r_146_73_100,r_3_140_41,1.0,0,41,41,18
9,r_17_115_162,seq18,seq114,r_17_115_162,0.95,0,162,162,18
26,r_70_69_37,r_112_72_20,r_59_64_121,r_70_69_37,0.52,86,123,37,18
96,seq122,r_123_90_169,seq131,r_123_90_169,0.82,0,169,169,18
31,r_22_33_150,r_101_24_35,r_28_34_104,r_28_34_104,0.32,46,150,104,18
22,r_55_87_138,r_57_10_193,r_31_86_95,r_57_10_193,1.0,-55,138,193,18
7,r_9_41_194,seq11,r_68_35_96,r_9_41_194,0.34,0,194,194,18
44,r_80_91_177,seq81,r_123_90_169,r_80_91_177,0.52,0,177,177,18
61,seq142,seq147,r_27_141_51,r_27_141_51,1.0,1,52,51,18
36,r_19_61_161,seq20,r_26_62_145,r_19_61_161,0.86,0,161,161,19
43,r_64_11_66,seq66,seq10,r_64_11_66,1.0,0,66,66,19
59,seq16,r_19_61_161,r_85_17_86,r_85_17_86,0.62,0,86,86,19
14,r_9_29_95,seq12,r_30_23_171,r_9_29_95,1.0,0,95,95,19
86,seq92,seq95,r_39_93_177,r_39_93_177,0.91,0,177,177,19
21,r_49_88_173,r_47_142_134,r_91_41_73,r_91_41_73,0.87,65,138,73,19
39,r_126_46_62,seq129,seq45,r_126_46_62,1.0,0,62,62,19
1,r_53_0_194,seq52,r_87_6_152,r_87_6_152,0.84,42,194,152,19
13,r_2_121_13,r_3_73_55,seq120,r_2_121_13,0.92,0,13,13,19
69,seq43,r_47_142_134,seq42,r_47_142_134,0.9,1,135,134,19
19,r_87_6_152,seq86,r_140_4_9,r_87_6_152,0.98,0,152,152,19
2,r_140_4_9,r_64_11_66,r_44_5_146,r_140_4_9,0.53,137,146,9,19
72,seq56,r_57_76_64,r_137_55_20,r_137_55_20,0.91,1,21,20,19
66,seq34,r_33_77_174,r_123_35_7,r_33_77_174,0.82,0,174,174,19
76,seq66,r_64_11_66,seq70,r_64_11_66,1.0,-6,60,66,19
46,r_36_7_33,r_32_127_126,seq10,r_36_7_33,1.0,1,34,33,19
3,r_71_15_194,seq70,r_64_11_66,r_64_11_66,1.0,128,194,66,19
10,r_85_17_86,r_84_75_166,seq16,r_85_17_86,1.0,0,86,86,19
90,seq102,seq101,r_78_103_94,r_78_103_94,1.0,0,94,94,19
14,r_9_29_95,r_8_119_41,seq12,r_8_119_41,0.98,-1,40,41,19
34,r_1_21_79,r_22_38_163,r_30_23_171,r_1_21_79,0.77,86,165,79,19
4,r_57_76_64,seq56,seq82,r_57_76_64,0.98,2,66,64,19
0,r_26_62_145,r_27_108_179,seq63,r_26_62_145,0.91,0,145,145,19
63,seq20,r_19_61_161,r_64_11_66,r_64_11_66,0.85,95,161,66,19
16,r_137_55_20,r_135_141_113,seq56,r_137_55_20,1.0,2,22,20,19
29,r_8_119_41,r_9_29_95,r_2_121_13,r_8_119_41,1.0,0,41,41,19
11,r_116_68_162,seq117,r_19_61_161,r_19_61_161,0.55,1,162,161,19
20,r_106_149_63,seq104,seq147,r_106_149_63,1.0,0,63,63,19
38,r_112_79_51,r_115_113_1,seq80,r_112_79_51,0.49,1,52,51,19
15,r_27_108_179,r_26_62_145,r_9_29_95,r_9_29_95,0.98,50,145,95,19
48,r_33_77_174,seq34,r_57_76_64,r_33_77_174,0.46,0,174,174,19
6,r_89_65_130,seq90,seq66,r_89_65_130,0.81,3,133,130,19
2,r_140_4_9,r_1_21_79,r_64_11_66,r_140_4_9,0.98,70,79,9,19
27,r_40_48_198,r_39_93_177,seq42,r_40_48_198,0.54,-21,177,198,19
26,r_3_73_55,r_1_21_79,seq74,r_3_73_55,1.0,-1,54,55,19
42,r_31_51_19,r_32_127_126,seq52,r_31_51_19,0.95,1,20,19,19
34,r_1_21_79,r_140_4_9,r_22_38_163,r_1_21_79,1.0,0,79,79,19
79,seq74,r_3_73_55,r_57_76_64,r_57_76_64,0.82,105,169,64,19
47,r_135_141_113,seq130,r_47_142_134,r_47_142_134,0.64,2,136,134,19
40,r_78_103_94,r_84_75_166,seq102,r_78_103_94,0.54,0,94,94,19
74,seq138,r_135_141_113,r_59_139_92,r_59_139_92,0.98,19,111,92,19
18,r_96_97_61,seq95,seq102,r_96_97_61,0.84,0,61,61,19
24,r_133_128_62,seq130,r_32_127_126,r_32_127_126,1.0,28,154,126,19
25,r_59_139_92,seq58,seq138,r_59_139_92,1.0,0,92,92,19
64,seq25,r_26_62_145,r_9_29_95,r_9_29_95,0.84,50,145,95,19
70,seq45,r_47_142_134,r_126_46_62,r_126_46_62,0.6,39,101,62,19
34,r_1_21_79,r_3_73_55,r_140_4_9,r_3_73_55,0.6,-27,28,55,19
97,seq120,r_116_68_162,r_2_121_13,r_2_121_13,0.94,0,13,13,19
68,seq42,r_40_48_198,r_91_41_73,r_91_41_73,1.0,15,88,73,19
15,r_27_108_179,r_9_29_95,r_50_105_14,r_27_108_179,0.71,1,180,179,19
32,r_44_5_146,seq45,r_140_4_9,r_44_5_146,0.96,0,146,146,19
76,seq66,seq70,r_89_65_130,r_89_65_130,0.94,0,130,130,19
75,seq63,seq70,r_26_62_145,r_26_62_145,0.98,16,161,145,19
57,seq14,seq12,r_24_13_30,r_24_13_30,1.0,0,30,30,19
17,r_91_41_73,seq95,seq42,r_91_41_73,1.0,0,73,73,19
79,seq74,r_87_6_152,r_3_73_55,r_3_73_55,1.0,-2,53,55,19
9,r_54_60_185,r_53_0_194,r_89_65_130,r_89_65_130,0.68,56,186,130,19
49,r_24_13_30,r_26_62_145,seq14,r_24_13_30,1.0,0,30,30,19
22,r_114_99_188,r_115_113_1,r_96_97_61,r_96_97_61,0.96,127,188,61,19
28,r_39_93_177,r_40_48_198,seq92,r_39_93_177,0.61,0,177,177,19
18,r_96_97_61,seq102,r_114_99_188,r_114_99_188,0.41,-46,142,188,19
44,r_32_127_126,r_33_77_174,r_133_128_62,r_32_127_126,0.98,1,127,126,19
23,r_22_38_163,seq25,r_1_21_79,r_1_21_79,1.0,10,89,79,19
35,r_47_142_134,r_49_88_173,r_135_141_113,r_47_142_134,0.95,1,135,134,19
5,r_50_105_14,r_49_88_173,seq107,r_50_105_14,1.0,1,15,14,19
23,r_22_38_163,r_1_21_79,seq37,r_22_38_163,0.71,2,165,163,19
21,r_49_88_173,r_91_41_73,seq86,r_49_88_173,0.91,0,173,173,19
40,r_36_100_58,seq37,seq101,r_36_100_58,1.0,0,58,58,20
8,r_21_30_119,r_24_89_199,seq32,r_21_30_119,0.53,0,119,119,20
38,r_10_99_25,r_9_18_68,seq101,r_10_99_25,1.0,0,25,25,20
36,r_29_13_24,r_33_43_111,r_15_50_165,r_29_13_24,0.73,0,24,24,20
83,seq96,seq94,r_67_97_85,r_67_97_85,1.0,16,101,85,20
37,r_120_90_76,seq121,seq94,r_120_90_76,0.93,0,76,76,20
16,r_17_72_91,r_24_89_199,r_63_77_73,r_17_72_91,0.89,0,91,91,20
21,r_15_50_165,r_17_72_91,r_29_13_24,r_17_72_91,0.9,-8,83,91,20
28,r_5_137_36,r_8_45_65,r_136_26_149,r_5_137_36,1.0,0,36,36,20
20,r_63_77_73,r_74_111_107,r_17_72_91,r_74_111_107,0.96,1,108,107,20
5,r_76_143_92,r_75_59_95,r_53_145_44,r_76_143_92,0.65,0,92,92,20
42,r_91_83_168,r_93_1_168,r_40_81_3,r_91_83_168,0.77,0,168,168,20
6,r_53_145_44,seq52,r_147_149_72,r_53_145_44,1.0,0,44,44,20
68,seq52,r_53_145_44,r_49_104_174,r_53_145_44,1.0,0,44,44,20
45,r_138_71_88,r_139_148_129,r_17_72_91,r_138_71_88,1.0,0,88,88,20
19,r_136_26_149,r_135_108_167,r_142_27_102,r_135_108_167,0.96,-17,150,167,20
41,r_58_2_12,r_49_104_174,r_15_50_165,r_58_2_12,0.62,-1,11,12,20
35,r_135_108_167,r_5_137_36,r_124_107_113,r_135_108_167,0.77,0,167,167,20
31,r_47_69_164,r_46_60_131,r_20_55_76,r_20_55_76,1.0,63,139,76,20
30,r_56_95_33,r_64_54_146,seq96,r_56_95_33,1.0,1,34,33,20
67,seq42,seq41,r_8_45_65,r_8_45_65,1.0,38,103,65,20
3,r_146_44_113,r_144_38_186,r_8_45_65,r_146_44_113,1.0,0,113,113,20
10,r_124_107_113,seq123,seq109,r_124_107_113,0.74,0,113,113,20
26,r_33_43_111,r_31_51_139,r_8_45_65,r_33_43_111,1.0,0,111,111,20
44,r_73_85_138,r_17_72_91,seq86,r_73_85_138,1.0,0,138,138,20
2,r_12_28_38,r_17_72_91,seq32,r_12_28_38,0.84,0,38,38,20
0,r_3_131_151,seq4,seq132,r_3_131_151,0.91,0,151,151,20
11,r_20_55_76,r_21_30_119,seq52,r_20_55_76,0.9,1,77,76,20
20,r_63_77_73,seq65,r_74_111_107,r_63_77_73,0.87,1,74,73,20
13,r_142_27_102,r_139_148_129,seq25,r_142_27_102,1.0,0,102,102,20
57,seq11,r_9_18_68,seq6,r_9_18_68,0.94,14,82,68,20
12,r_144_38_186,r_53_145_44,seq37,r_144_38_186,0.87,0,186,186,20
21,r_15_50_165,r_29_13_24,r_31_51_139,r_15_50_165,0.9,0,165,165,20
99,seq126,r_127_35_128,seq133,r_127_35_128,1.0,1,129,128,20
36,r_29_13_24,r_15_50_165,r_48_14_93,r_48_14_93,0.82,72,165,93,20
27,r_67_97_85,seq65,seq96,r_67_97_85,1.0,0,85,85,20
41,r_58_2_12,r_15_50_165,seq6,r_15_50_165,0.87,-84,81,165,20
18,r_75_59_95,r_73_85_138,r_46_60_131,r_75_59_95,0.61,0,95,95,20
29,r_46_60_131,r_47_69_164,r_75_59_95,r_75_59_95,0.99,44,139,95,20
24,r_64_54_146,seq68,r_20_55_76,r_20_55_76,1.0,70,146,76,20
25,r_106_82_107,seq109,r_40_81_3,r_106_82_107,1.0,0,107,107,20
33,r_9_18_68,seq11,r_22_16_126,r_9_18_68,0.92,8,76,68,20
64,seq39,seq41,r_33_43_111,r_33_43_111,0.98,43,154,111,20
88,seq109,r_106_82_107,seq110,r_106_82_107,1.0,-39,68,107,20
58,seq141,r_140_125_160,r_76_143_92,r_76_143_92,1.0,68,160,92,20
32,r_140_125_160,seq141,seq118,r_140_125_160,0.56,0,160,160,20
60,seq25,r_24_89_199,r_142_27_102,r_142_27_102,1.0,32,134,102,20
81,seq92,r_91_83_168,r_67_97_85,r_67_97_85,0.98,84,169,85,20
17,r_127_35_128,seq126,seq37,r_127_35_128,0.93,1,129,128,20
9,r_49_104_174,r_47_69_164,seq103,r_49_104_174,0.75,0,174,174,20
50,seq0,seq6,r_93_1_168,r_93_1_168,0.93,10,178,168,20
34,r_105_84_21,r_106_82_107,seq88,r_105_84_21,0.98,0,21,21,20
28,r_5_137_36,r_136_26_149,r_76_143_92,r_5_137_36,0.92,113,149,36,20
22,r_8_45_65,seq4,seq39,r_8_45_65,1.0,0,65,65,20
91,seq114,r_106_82_107,seq113,r_106_82_107,0.99,-47,60,107,20
49,r_74_111_107,r_73_85_138,seq110,r_74_111_107,1.0,1,108,107,20
44,r_73_85_138,r_74_111_107,r_17_72_91,r_73_85_138,0.92,-32,106,138,20
23,r_48_14_93,r_49_104_174,r_29_13_24,r_49_104_174,0.55,-81,93,174,20
82,seq94,r_91_83_168,r_56_95_33,r_56_95_33,0.72,73,106,33,20
75,seq70,r_138_71_88,r_63_77_73,r_63_77_73,0.42,103,176,73,20
35,r_135_108_167,r_136_26_149,r_5_137_36,r_5_137_36,0.98,113,149,36,20
85,seq101,seq98,r_36_100_58,r_36_100_58,1.0,0,58,58,20
12,r_144_38_186,r_146_44_113,r_53_145_44,r_144_38_186,1.0,-73,113,186,20
30,r_71_60_68,r_77_119_81,seq62,r_71_60_68,1.0,-4,64,68,21
23,r_143_107_38,seq141,seq116,r_143_107_38,1.0,0,38,38,21
51,seq131,seq136,r_89_132_94,r_89_132_94,1.0,0,94,94,21
14,r_66_144_129,seq65,seq145,r_66_144_129,0.98,0,129,129,21
21,r_74_142_15,r_77_119_81,seq141,r_74_142_15,1.0,0,15,15,21
16,r_124_126_146,r_123_47_194,r_1_127_164,r_1_127_164,0.71,1,165,164,21
1,r_139_48_106,seq136,r_25_50_83,r_139_48_106,0.51,0,106,106,21
46,r_41_85_157,seq39,r_81_80_32,r_41_85_157,0.9,0,157,157,21
7,r_88_140_112,r_81_80_32,r_16_137_24,r_88_140_112,0.99,0,112,112,21
7,r_88_140_112,r_89_132_94,r_81_80_32,r_89_132_94,0.55,-45,49,94,21
10,r_103_17_15,r_105_44_149,seq20,r_103_17_15,0.99,0,15,15,21
19,r_89_132_94,r_92_70_122,seq131,r_89_132_94,1.0,0,94,94,21
49,r_98_111_26,r_97_27_182,seq112,r_98_111_26,0.83,1,27,26,21
31,r_43_61_102,seq45,seq62,r_43_61_102,0.9,0,102,102,21
26,r_138_96_60,seq136,seq95,r_138_96_60,1.0,2,62,60,21
8,r_105_44_149,r_129_104_25,seq45,r_105_44_149,0.88,0,149,149,21
72,seq45,seq46,r_105_44_149,r_105_44_149,0.98,9,158,149,21
27,r_130_26_15,r_128_84_72,r_59_40_13,r_130_26_15,0.84,0,15,15,21
4,r_97_27_182,r_92_70_122,r_9_100_36,r_97_27_182,0.92,-101,81,182,21
0,r_67_5_144,seq68,seq4,r_67_5_144,0.67,0,144,144,21
41,r_133_75_35,r_97_27_182,r_55_73_112,r_55_73_112,0.82,0,112,112,21
73,seq46,seq45,r_25_50_83,r_25_50_83,1.0,21,104,83,21
11,r_114_90_168,seq110,r_10_93_125,r_10_93_125,0.98,43,168,125,21
20,r_25_50_83,seq23,seq46,r_25_50_83,0.94,0,83,83,21
36,r_42_78_36,r_51_54_132,r_81_80_32,r_42_78_36,1.0,0,36,36,21
13,r_108_22_150,seq110,r_38_37_194,r_108_22_150,0.65,2,152,150,21
98,seq120,r_124_126_146,r_77_119_81,r_77_119_81,1.0,5,86,81,21
15,r_10_93_125,r_11_0_184,seq95,r_10_93_125,0.9,0,125,125,21
48,r_55_73_112,seq65,r_133_75_35,r_55_73_112,0.91,1,113,112,21
8,r_105_44_149,seq106,r_129_104_25,r_129_104_25,0.99,26,51,25,21
4,r_97_27_182,r_9_100_36,r_38_37_194,r_9_100_36,0.24,146,182,36,21
35,r_76_57_80,r_71_60_68,r_51_54_132,r_51_54_132,0.88,7,139,132,21
6,r_109_72_108,seq110,r_133_75_35,r_133_75_35,0.89,73,108,35,21
78,seq64,r_55_73_112,r_91_63_13,r_55_73_112,0.6,-57,55,112,21
42,r_91_63_13,r_92_70_122,seq64,r_91_63_13,0.83,0,13,13,21
2,r_51_54_132,seq45,r_76_57_80,r_76_57_80,0.59,52,132,80,21
47,r_53_24_137,seq52,r_103_17_15,r_53_24_137,0.85,0,137,137,21
18,r_83_3_70,r_81_80_32,seq2,r_83_3_70,1.0,0,70,70,21
24,r_92_70_122,seq94,seq69,r_92_70_122,0.98,0,122,122,21
33,r_77_119_81,r_76_57_80,seq120,r_77_119_81,1.0,0,81,81,21
88,seq101,r_81_80_32,r_143_107_38,r_143_107_38,1.0,151,189,38,21
50,seq2,r_1_127_164,r_83_3_70,r_83_3_70,1.0,72,142,70,21
65,seq30,r_31_86_110,r_59_40_13,r_31_86_110,0.99,0,110,110,21
32,r_146_56_96,seq145,r_76_57_80,r_146_56_96,1.0,0,96,96,21
28,r_99_21_54,r_92_70_122,seq20,r_99_21_54,1.0,0,54,54,21
38,r_31_86_110,seq30,seq87,r_31_86_110,1.0,0,110,110,21
52,seq4,seq39,r_67_5_144,r_67_5_144,0.73,24,168,144,21
41,r_133_75_35,r_134_33_154,r_77_119_81,r_133_75_35,1.0,0,35,35,21
39,r_59_40_13,r_67_5_144,seq35,r_59_40_13,0.95,0,13,13,21
17,r_125_12_58,r_124_126_146,seq14,r_125_12_58,1.0,0,58,58,21
81,seq69,seq65,r_92_70_122,r_92_70_122,1.0,6,128,122,21
45,r_49_15_20,r_51_54_132,seq14,r_49_15_20,1.0,0,20,20,21
34,r_9_100_36,r_25_50_83,seq95,r_9_100_36,1.0,0,36,36,21
5,r_16_137_24,r_38_37_194,seq136,r_16_137_24,0.53,0,24,24,21
35,r_76_57_80,r_77_119_81,r_71_60_68,r_77_119_81,1.0,-1,80,81,21
12,r_128_84_72,r_124_126_146,seq87,r_128_84_72,1.0,0,72,72,21
44,r_13_122_28,seq14,r_124_126_146,r_13_122_28,0.99,0,28,28,21
41,r_133_75_35,r_77_119_81,r_97_27_182,r_77_119_81,0.97,0,81,81,21
30,r_94_25_98,seq96,r_20_93_159,r_94_25_98,0.96,0,98,98,22
36,r_42_6_183,r_41_50_159,r_17_43_115,r_17_43_115,1.0,21,136,115,22
14,r_41_50_159,r_42_6_183,r_21_49_122,r_41_50_159,0.67,1,160,159,22
8,r_21_49_122,r_24_7_86,r_20_93_159,r_24_7_86,0.99,0,86,86,22
43,r_124_139_152,seq123,seq134,r_124_139_152,0.86,0,152,152,22
0,r_118_68_56,r_120_3_47,r_125_117_27,r_118_68_56,0.81,-29,27,56,22
54,seq8,r_9_67_166,r_44_4_53,r_44_4_53,0.99,111,164,53,22
37,r_9_67_166,seq8,seq71,r_9_67_166,0.72,0,166,166,22
44,r_120_3_47,r_118_68_56,r_0_28_128,r_120_3_47,0.84,0,47,47,22
1,r_53_108_112,seq51,r_95_92_18,r_53_108_112,0.94,0,112,112,22
0,r_118_68_56,r_125_117_27,r_69_10_139,r_118_68_56,0.94,0,56,56,22
46,r_146_98_80,seq144,seq97,r_146_98_80,1.0,0,80,80,22
19,r_24_7_86,r_21_49_122,seq8,r_24_7_86,1.0,0,86,86,22
8,r_21_49_122,r_20_93_159,r_72_48_32,r_20_93_159,0.96,-39,120,159,22
27,r_69_10_139,r_118_68_56,r_82_12_50,r_69_10_139,0.98,0,139,139,22
20,r_2_52_21,r_13_102_35,seq51,r_2_52_21,1.0,0,21,21,22
97,seq121,seq123,r_105_122_157,r_105_122_157,0.85,-12,145,157,22
31,r_27_66_64,seq31,r_118_68_56,r_27_66_64,0.91,0,64,64,22
41,r_130_23_153,seq129,r_94_25_98,r_130_23_153,0.64,0,153,153,22
3,r_125_117_27,r_124_139_152,r_91_119_103,r_125_117_27,0.77,60,87,27,22
10,r_70_136_78,seq71,seq134,r_70_136_78,1.0,0,78,78,22
72,seq47,r_46_84_161,r_17_43_115,r_17_43_115,0.93,47,162,115,22
4,r_78_113_94,seq80,r_111_147_151,r_111_147_151,0.61,-56,95,151,22
2,r_65_77_19,r_53_108_112,r_76_85_153,r_65_77_19,0.89,0,19,19,22
5,r_13_102_35,r_9_67_166,seq104,r_13_102_35,1.0,0,35,35,22
11,r_91_119_103,seq88,r_125_117_27,r_91_119_103,0.9,0,103,103,22
13,r_37_54_160,seq40,r_2_52_21,r_2_52_21,1.0,138,159,21,22
98,seq123,r_124_139_152,r_125_117_27,r_124_139_152,0.78,0,152,152,22
15,r_14_36_96,seq15,r_132_30_90,r_14_36_96,1.0,0,96,96,22
48,r_11_133_151,seq1,r_22_131_30,r_11_133_151,0.91,0,151,151,22
49,r_17_43_115,r_42_6_183,seq47,r_42_6_183,1.0,0,183,183,22
6,r_105_122_157,seq104,seq121,r_105_122_157,0.53,6,163,157,22
62,seq19,r_20_93_159,r_94_25_98,r_94_25_98,0.8,61,159,98,22
21,r_76_85_153,r_65_77_19,seq86,r_76_85_153,0.83,0,153,153,22
2,r_65_77_19,r_76_85_153,r_103_79_159,r_65_77_19,0.49,135,154,19,22
23,r_127_62_103,r_132_30_90,r_22_131_30,r_22_131_30,0.95,15,45,30,22
99,seq126,r_132_30_90,seq128,r_132_30_90,1.0,-32,58,90,22
27,r_69_10_139,r_70_136_78,r_118_68_56,r_69_10_139,1.0,-74,65,139,22
44,r_120_3_47,r_0_28_128,r_44_4_53,r_0_28_128,0.94,-44,84,128,22
21,r_76_85_153,r_111_147_151,r_65_77_19,r_76_85_153,0.55,-124,29,153,22
25,r_55_145_31,r_70_136_78,seq144,r_55_145_31,0.93,0,31,31,22
47,r_0_28_128,seq1,r_132_30_90,r_0_28_128,0.98,0,128,128,22
0,r_118_68_56,r_69_10_139,seq71,r_69_10_139,1.0,0,139,139,22
33,r_22_131_30,r_24_7_86,seq126,r_22_131_30,1.0,0,30,30,22
18,r_83_114_132,seq81,seq116,r_83_114_132,0.58,0,132,132,22
29,r_103_79_159,seq104,seq80,r_103_79_159,0.56,3,162,159,22
23,r_127_62_103,r_22_131_30,seq63,r_127_62_103,1.0,0,103,103,22
24,r_34_112_118,seq33,r_78_113_94,r_34_112_118,0.89,0,118,118,22
8,r_21_49_122,r_72_48_32,r_41_50_159,r_41_50_159,0.88,0,159,159,22
15,r_14_36_96,r_132_30_90,r_87_35_152,r_87_35_152,0.78,1,153,152,22
68,seq33,r_34_112_118,r_14_36_96,r_14_36_96,0.87,22,118,96,22
32,r_18_56_147,seq16,r_58_64_185,r_18_56_147,0.89,0,147,147,22
38,r_87_35_152,seq86,r_14_36_96,r_14_36_96,0.8,57,153,96,22
4,r_78_113_94,r_111_147_151,r_34_112_118,r_78_113_94,0.96,32,126,94,22
17,r_57_5_79,r_58_64_185,r_44_4_53,r_58_64_185,0.58,-105,80,185,22
36,r_42_6_183,r_17_43_115,r_44_4_53,r_42_6_183,0.99,0,183,183,22
30,r_94_25_98,r_20_93_159,r_130_23_153,r_94_25_98,0.96,58,156,98,22
9,r_111_147_151,seq109,r_78_113_94,r_78_113_94,1.0,8,102,94,22
26,r_72_48_32,seq40,r_21_49_122,r_72_48_32,0.74,105,137,32,22
16,r_44_4_53,seq47,r_120_3_47,r_44_4_53,1.0,0,53,53,22
22,r_39_90_70,seq40,seq88,r_39_90_70,1.0,0,70,70,22
28,r_20_93_159,seq19,r_95_92_18,r_20_93_159,0.51,0,159,159,22
49,r_17_43_115,r_18_56_147,r_42_6_183,r_42_6_183,0.64,-68,115,183,22
7,r_58_64_185,r_57_5_79,seq63,r_57_5_79,1.0,1,80,79,22
82,seq81,r_83_114_132,seq89,r_83_114_132,0.79,-23,109,132,22
9,r_111_147_151,r_78_113_94,r_55_145_31,r_111_147_151,1.0,0,151,151,22
35,r_46_84_161,seq47,r_76_85_153,r_76_85_153,0.44,8,161,153,22
39,r_82_12_50,r_83_114_132,seq8,r_82_12_50,1.0,0,50,50,22
30,r_22_115_114,seq21,seq113,r_22_115_114,0.99,0,114,114,23
36,r_128_83_106,r_127_11_76,r_5_129_72,r_128_83_106,0.55,-30,76,106,23
26,r_14_1_50,r_4_136_149,r_35_2_82,r_35_2_82,0.97,0,82,82,23
14,r_41_15_146,r_40_65_181,seq21,r_41_15_146,0.77,1,147,146,23
8,r_76_37_62,seq77,r_89_36_5,r_76_37_62,1.0,0,62,62,23
43,r_5_129_72,r_7_107_170,r_128_83_106,r_5_129_72,1.0,0,72,72,23
39,r_3_24_21,r_4_136_149,r_25_126_188,r_3_24_21,0.98,0,21,21,23
19,r_119_26_163,seq122,r_18_27_79,r_119_26_163,0.9,0,163,163,23
71,seq49,r_48_19_132,seq45,r_48_19_132,0.97,0,132,132,23
16,r_112_8_19,seq113,r_13_44_165,r_112_8_19,0.97,0,19,19,23
26,r_14_1_50,r_13_44_165,r_4_136_149,r_14_1_50,0.99,0,50,50,23
1,r_47_23_133,seq45,seq21,r_47_23_133,0.74,0,133,133,23
97,seq113,r_117_111_80,r_74_116_76,r_74_116_76,0.93,-6,70,76,23
46,r_117_111_80,r_124_94_156,seq110,r_117_111_80,0.71,0,80,80,23
42,r_125_109_133,r_124_94_156,r_117_111_80,r_117_111_80,0.6,54,134,80,23
27,r_97_108_23,seq95,seq106,r_97_108_23,0.63,0,23,23,23
69,seq43,r_40_65_181,r_141_42_107,r_141_42_107,1.0,74,181,107,23
45,r_120_6_88,r_119_26_163,r_7_107_170,r_120_6_88,0.99,0,88,88,23
19,r_119_26_163,r_120_6_88,seq122,r_120_6_88,1.0,0,88,88,23
15,r_10_146_41,r_13_44_165,r_147_67_148,r_10_146_41,1.0,0,41,41,23
15,r_10_146_41,r_147_67_148,seq148,r_147_67_148,0.67,0,148,148,23
33,r_98_139_27,r_141_42_107,seq135,r_141_42_107,1.0,-12,95,107,23
38,r_147_67_148,r_10_146_41,seq66,r_147_67_148,0.95,0,148,148,23
37,r_62_80_26,r_102_54_2,seq85,r_62_80_26,0.95,3,29,26,23
33,r_98_139_27,r_100_57_75,r_141_42_107,r_98_139_27,0.56,6,33,27,23
3,r_141_42_107,seq142,seq43,r_141_42_107,0.98,0,107,107,23
10,r_48_19_132,seq49,seq21,r_48_19_132,0.88,0,132,132,23
72,seq51,r_50_104_184,r_92_52_70,r_92_52_70,1.0,84,154,70,23
16,r_112_8_19,r_13_44_165,r_127_11_76,r_127_11_76,0.99,89,165,76,23
4,r_12_78_145,r_13_44_165,seq77,r_12_78_145,0.85,1,146,145,23
0,r_13_44_165,r_12_78_145,r_127_11_76,r_127_11_76,1.0,70,146,76,23
11,r_86_70_61,seq85,seq69,r_86_70_61,1.0,1,62,61,23
20,r_124_94_156,r_123_118_52,r_138_93_46,r_124_94_156,0.59,0,156,156,23
13,r_103_121_14,r_119_26_163,seq122,r_119_26_163,0.53,-33,130,163,23
95,seq106,seq105,r_97_108_23,r_97_108_23,0.71,0,23,23,23
6,r_92_52_70,seq91,seq51,r_92_52_70,1.0,0,70,70,23
2,r_127_11_76,r_13_44_165,r_149_9_143,r_127_11_76,0.82,89,165,76,23
9,r_138_93_46,seq132,seq95,r_138_93_46,0.94,0,46,46,23
21,r_25_126_188,seq16,r_3_24_21,r_3_24_21,1.0,7,28,21,23
0,r_13_44_165,r_127_11_76,seq45,r_13_44_165,0.95,0,165,165,23
2,r_127_11_76,r_128_83_106,r_13_44_165,r_127_11_76,1.0,0,76,76,23
38,r_147_67_148,r_149_9_143,r_10_146_41,r_10_146_41,1.0,2,43,41,23
40,r_68_134_65,seq63,seq135,r_68_134_65,1.0,0,65,65,23
74,seq56,r_59_73_173,r_79_58_41,r_79_58_41,0.99,32,73,41,23
18,r_89_36_5,r_38_114_157,r_76_37_62,r_76_37_62,1.0,31,93,62,23
29,r_71_75_75,r_74_116_76,r_117_111_80,r_117_111_80,0.87,30,110,80,23
24,r_39_53_70,r_41_15_146,r_102_54_2,r_39_53_70,1.0,0,70,70,23
36,r_128_83_106,r_5_129_72,seq85,r_128_83_106,0.73,1,107,106,23
35,r_7_107_170,r_120_6_88,r_97_108_23,r_7_107_170,0.76,0,170,170,23
25,r_74_116_76,seq69,seq113,r_74_116_76,1.0,0,76,76,23
50,seq0,r_4_136_149,r_35_2_82,r_35_2_82,0.85,0,82,82,23
61,seq21,r_22_115_114,seq16,r_22_115_114,0.95,0,114,114,23
45,r_120_6_88,r_7_107_170,r_14_1_50,r_7_107_170,0.6,0,170,170,23
17,r_18_27_79,seq20,seq28,r_18_27_79,0.89,0,79,79,23
43,r_5_129_72,r_128_83_106,seq130,r_5_129_72,0.71,35,107,72,23
96,seq110,seq105,r_117_111_80,r_117_111_80,0.93,0,80,80,23
28,r_46_133_105,seq45,r_68_134_65,r_46_133_105,0.98,0,105,105,23
56,seq142,r_141_42_107,seq135,r_141_42_107,1.0,0,107,107,23
7,r_4_136_149,r_7_107_170,seq135,r_4_136_149,0.5,0,149,149,23
44,r_38_114_157,r_89_36_5,r_74_116_76,r_74_116_76,0.67,81,157,76,23
23,r_35_2_82,seq34,r_14_1_50,r_35_2_82,1.0,0,82,82,23
17,r_18_27_79,seq28,r_119_26_163,r_119_26_163,0.67,-1,162,163,23
35,r_7_107_170,r_4_136_149,r_120_6_88,r_120_6_88,0.65,11,99,88,23
12,r_84_72_67,seq85,seq66,r_84_72_67,1.0,1,68,67,23
30,r_66_40_79,r_68_10_143,r_116_41_58,r_66_40_79,0.98,29,108,79,24
36,r_1_21_187,seq4,r_43_23_83,r_43_23_83,1.0,105,188,83,24
14,r_112_53_68,r_111_74_130,r_49_45_36,r_112_53_68,0.98,0,68,68,24
46,r_95_20_23,r_97_142_113,seq22,r_95_20_23,0.47,-1,22,23,24
8,r_65_67_66,r_63_75_98,seq58,r_63_75_98,0.41,25,123,98,24
15,r_89_9_33,r_87_48_152,seq7,r_89_9_33,1.0,1,34,33,24
74,seq57,r_63_75_98,r_2_56_33,r_2_56_33,1.0,4,37,33,24
16,r_105_29_112,r_104_91_123,seq30,r_105_29_112,0.94,0,112,112,24
12,r_148_120_83,r_145_31_175,r_33_149_23,r_33_149_23,1.0,7,30,23,24
18,r_99_36_124,seq38,r_140_35_158,r_99_36_124,0.54,40,164,124,24
69,seq38,r_39_13_144,r_62_44_126,r_39_13_144,0.99,0,144,144,24
12,r_148_120_83,r_33_149_23,r_93_121_40,r_148_120_83,1.0,0,83,83,24
45,r_59_34_197,seq58,r_145_31_175,r_59_34_197,0.29,0,197,197,24
19,r_141_28_172,r_140_35_158,seq143,r_140_35_158,0.83,0,158,158,24
1,r_46_19_25,r_39_13_144,seq18,r_46_19_25,0.97,0,25,25,24
76,seq60,r_61_47_149,seq58,r_61_47_149,0.71,0,149,149,24
35,r_116_41_58,seq117,r_39_13_144,r_116_41_58,0.89,0,58,58,24
41,r_85_94_146,seq84,seq92,r_85_94_146,0.59,3,149,146,24
3,r_71_125_178,seq70,r_101_126_115,r_101_126_115,0.64,63,178,115,24
10,r_140_35_158,r_141_28_172,r_99_36_124,r_140_35_158,0.84,0,158,158,24
4,r_133_51_170,seq134,r_87_48_152,r_133_51_170,0.67,0,170,170,24
78,seq70,r_71_125_178,r_133_51_170,r_71_125_178,0.54,0,178,178,24
11,r_39_13_144,seq38,r_52_14_6,r_39_13_144,0.65,0,144,144,24
20,r_37_122_99,seq79,seq123,r_37_122_99,0.83,0,99,99,24
13,r_111_74_130,seq110,r_63_75_98,r_111_74_130,0.64,0,130,130,24
33,r_93_121_40,r_101_126_115,seq118,r_101_126_115,0.86,-74,41,115,24
48,r_61_47_149,seq60,seq50,r_61_47_149,0.57,0,149,149,24
6,r_97_142_113,r_99_36_124,seq143,r_97_142_113,0.98,0,113,113,24
42,r_3_73_43,seq0,r_63_75_98,r_3_73_43,1.0,0,43,43,24
2,r_33_149_23,r_148_120_83,seq146,r_148_120_83,1.0,0,83,83,24
2,r_33_149_23,r_32_147_175,r_148_120_83,r_33_149_23,0.97,0,23,23,24
27,r_62_44_126,seq60,r_49_45_36,r_62_44_126,0.58,0,126,126,24
47,r_145_31_175,seq146,seq30,r_145_31_175,0.64,0,175,175,24
40,r_32_147_175,seq30,r_33_149_23,r_33_149_23,0.82,152,175,23,24
18,r_99_36_124,r_97_142_113,r_104_91_123,r_97_142_113,0.69,-30,83,113,24
24,r_144_96_137,seq143,r_72_98_79,r_144_96_137,0.98,0,137,137,24
35,r_116_41_58,r_39_13_144,r_66_40_79,r_39_13_144,1.0,0,144,144,24
43,r_52_14_6,seq18,r_39_13_144,r_39_13_144,0.99,4,148,144,24
19,r_141_28_172,seq143,r_105_29_112,r_141_28_172,0.65,0,172,172,24
70,seq129,seq130,r_107_127_10,r_107_127_10,0.95,12,22,10,24
61,seq12,seq18,r_68_10_143,r_68_10_143,1.0,0,143,143,24
32,r_68_10_143,r_71_125_178,seq12,r_68_10_143,0.94,0,143,143,24
38,r_124_11_144,seq123,r_68_10_143,r_124_11_144,0.93,0,144,144,24
77,seq146,r_145_31_175,r_33_149_23,r_33_149_23,0.96,152,175,23,24
18,r_99_36_124,r_104_91_123,seq38,r_99_36_124,0.8,2,126,124,24
34,r_49_45_36,seq50,r_62_44_126,r_62_44_126,0.63,3,129,126,24
75,seq58,r_59_34_197,r_133_51_170,r_133_51_170,0.47,23,193,170,24
26,r_138_69_39,seq139,r_68_10_143,r_138_69_39,1.0,0,39,39,24
17,r_101_126_115,r_100_25_201,r_107_127_10,r_101_126_115,0.47,0,115,115,24
9,r_26_135_132,seq24,seq136,r_26_135_132,0.99,0,132,132,24
26,r_138_69_39,r_68_10_143,seq58,r_68_10_143,0.98,0,143,143,24
7,r_15_83_35,seq18,seq82,r_15_83_35,1.0,0,35,35,24
28,r_8_115_64,seq7,seq114,r_8_115_64,1.0,0,64,64,24
49,r_72_98_79,r_68_10_143,r_104_91_123,r_72_98_79,0.65,1,80,79,24
44,r_88_17_156,r_87_48_152,seq18,r_88_17_156,0.9,0,156,156,24
23,r_87_48_152,r_88_17_156,r_61_47_149,r_88_17_156,0.94,-2,154,156,24
5,r_2_56_33,r_1_21_187,seq57,r_2_56_33,1.0,1,34,33,24
22,r_63_75_98,r_61_47_149,r_3_73_43,r_3_73_43,1.0,4,47,43,24
39,r_2_109_117,r_145_1_100,r_84_112_75,r_2_109_117,0.94,0,117,117,25
40,r_120_38_20,r_119_13_130,seq40,r_120_38_20,0.84,0,20,20,25
9,r_134_16_174,r_132_114_185,r_69_19_3,r_134_16_174,0.98,0,174,174,25
36,r_67_135_101,seq66,seq133,r_67_135_101,0.95,0,101,101,25
8,r_31_125_117,r_28_49_161,r_70_123_52,r_31_125_117,0.97,0,117,117,25
43,r_15_61_144,seq20,r_129_55_115,r_15_61_144,0.47,0,144,144,25
39,r_2_109_117,r_3_27_82,r_145_1_100,r_2_109_117,0.54,-16,101,117,25
12,r_64_14_49,r_56_81_69,seq12,r_64_14_49,1.0,0,49,49,25
46,r_84_112_75,seq85,seq111,r_84_112_75,0.79,0,75,75,25
42,r_80_78_164,seq83,r_51_77_107,r_51_77_107,0.94,57,164,107,25
3,r_126_58_24,seq127,seq59,r_126_58_24,1.0,0,24,24,25
19,r_60_8_71,r_57_52_141,seq9,r_60_8_71,1.0,1,72,71,25
31,r_28_49_161,seq30,r_126_58_24,r_126_58_24,0.66,136,160,24,25
41,r_137_39_134,r_134_16_174,seq40,r_137_39_134,0.91,0,134,134,25
15,r_108_122_186,r_106_89_11,r_146_107_7,r_106_89_11,0.83,0,11,11,25
18,r_70_123_52,seq71,seq128,r_70_123_52,1.0,0,52,52,25
0,r_124_65_60,seq128,seq68,r_124_65_60,1.0,0,60,60,25
11,r_119_13_130,seq118,r_64_14_49,r_119_13_130,0.7,0,130,130,25
13,r_129_55_115,seq128,r_57_52_141,r_129_55_115,1.0,0,115,115,25
30,r_131_91_12,r_139_74_182,r_92_88_188,r_131_91_12,0.54,-1,11,12,25
4,r_50_130_43,r_134_16_174,r_31_125_117,r_31_125_117,0.66,57,174,117,25
44,r_106_89_11,r_108_122_186,seq90,r_108_122_186,0.6,-175,11,186,25
85,seq85,r_84_112_75,seq90,r_84_112_75,1.0,1,76,75,25
99,seq127,r_129_55_115,seq128,r_129_55_115,1.0,-13,102,115,25
27,r_62_53_143,seq63,r_57_52_141,r_62_53_143,0.39,1,144,143,25
47,r_37_75_56,r_41_82_184,seq73,r_37_75_56,1.0,0,56,56,25
4,r_50_130_43,r_51_77_107,r_134_16_174,r_50_130_43,0.93,0,43,43,25
24,r_18_136_121,seq20,r_67_135_101,r_18_136_121,0.95,0,121,121,25
10,r_87_29_22,r_92_88_188,seq30,r_87_29_22,1.0,0,22,22,25
16,r_11_105_37,seq12,r_146_107_7,r_11_105_37,0.96,0,37,37,25
25,r_56_81_69,seq54,seq83,r_56_81_69,0.99,-6,63,69,25
33,r_145_1_100,r_144_86_176,r_0_5_26,r_145_1_100,0.78,2,102,100,25
16,r_11_105_37,r_146_107_7,r_35_104_53,r_35_104_53,1.0,5,58,53,25
88,seq96,r_97_79_159,r_140_98_37,r_140_98_37,0.99,122,159,37,25
94,seq113,seq128,r_31_125_117,r_31_125_117,0.53,24,141,117,25
50,seq128,r_129_55_115,seq127,r_129_55_115,1.0,0,115,115,25
68,seq36,r_28_49_161,r_137_39_134,r_137_39_134,0.78,0,134,134,25
37,r_138_148_31,r_134_16_174,seq147,r_138_148_31,0.7,-4,27,31,25
34,r_51_77_107,r_57_52_141,r_80_78_164,r_51_77_107,0.84,1,108,107,25
17,r_3_27_82,r_2_109_117,r_120_38_20,r_3_27_82,0.52,19,101,82,25
9,r_134_16_174,r_137_39_134,r_132_114_185,r_137_39_134,0.71,-1,133,134,25
84,seq83,r_80_78_164,r_56_81_69,r_56_81_69,1.0,-12,57,69,25
7,r_35_104_53,seq33,r_11_105_37,r_35_104_53,0.95,0,53,53,25
49,r_101_25_42,r_95_48_188,seq26,r_101_25_42,1.0,-1,41,42,25
22,r_42_24_68,seq43,seq26,r_42_24_68,0.64,-5,63,68,25
28,r_143_94_68,r_145_1_100,r_92_88_188,r_143_94_68,1.0,0,68,68,25
56,seq12,seq20,r_64_14_49,r_64_14_49,1.0,16,65,49,25
18,r_70_123_52,seq128,r_31_125_117,r_31_125_117,1.0,0,117,117,25
23,r_139_74_182,r_144_86_176,r_67_135_101,r_67_135_101,0.99,3,104,101,25
64,seq26,r_17_34_6,r_101_25_42,r_101_25_42,1.0,2,44,42,25
23,r_139_74_182,r_67_135_101,r_37_75_56,r_139_74_182,0.74,-1,181,182,25
45,r_140_98_37,seq141,seq96,r_140_98_37,0.96,0,37,37,25
30,r_136_94_136,seq137,r_148_95_131,r_136_94_136,0.61,0,136,136,26
51,seq131,r_133_96_93,r_147_132_81,r_133_96_93,0.57,1,94,93,26
14,r_112_28_72,r_114_84_142,r_71_30_45,r_112_28_72,0.98,0,72,72,26
8,r_134_130_115,r_136_94_136,seq128,r_134_130_115,0.84,0,115,115,26
21,r_1_5_132,r_106_2_101,seq9,r_1_5_132,0.74,0,132,132,26
43,r_65_68_158,seq66,seq67,r_65_68_158,0.53,3,161,158,26
31,r_125_93_138,r_127_72_46,r_135_124_34,r_125_93_138,0.96,-103,35,138,26
37,r_133_96_93,seq131,seq97,r_133_96_93,1.0,1,94,93,26
19,r_135_124_34,r_125_93_138,seq128,r_125_93_138,0.64,0,138,138,26
16,r_48_98_198,r_47_52_195,r_25_50_52,r_25_50_52,1.0,36,88,52,26
21,r_1_5_132,r_0_123_79,seq8,r_1_5_132,0.53,-53,79,132,26
39,r_44_18_93,seq45,seq19,r_44_18_93,1.0,0,93,93,26
1,r_141_81_174,seq149,r_4_83_146,r_4_83_146,0.6,25,171,146,26
46,r_106_2_101,r_1_5_132,r_100_3_110,r_1_5_132,0.55,-4,128,132,26
46,r_106_2_101,seq105,r_1_5_132,r_106_2_101,0.86,0,101,101,26
45,r_16_129_181,seq17,r_134_130_115,r_16_129_181,0.42,0,181,181,26
15,r_31_49_143,r_71_30_45,r_25_50_52,r_31_49_143,1.0,0,143,143,26
22,r_12_108_31,seq14,r_35_104_12,r_12_108_31,0.95,0,31,31,26
13,r_114_84_142,seq115,r_40_86_105,r_40_86_105,0.66,37,142,105,26
26,r_43_63_26,r_46_7_148,seq64,r_43_63_26,0.93,-3,23,26,26
98,seq122,r_133_96_93,r_125_93_138,r_125_93_138,0.62,-128,10,138,26
70,seq56,seq51,r_37_57_28,r_37_57_28,1.0,4,32,28,26
63,seq38,r_37_57_28,r_138_36_116,r_138_36_116,0.9,5,121,116,26
22,r_12_108_31,r_35_104_12,r_142_107_36,r_142_107_36,0.94,6,42,36,26
11,r_24_60_183,seq23,r_43_63_26,r_24_60_183,0.66,0,183,183,26
20,r_32_77_184,seq33,r_11_78_169,r_11_78_169,0.54,15,184,169,26
13,r_114_84_142,r_113_22_100,seq115,r_113_22_100,1.0,0,100,100,26
56,seq144,seq149,r_61_146_144,r_61_146_144,1.0,22,166,144,26
15,r_31_49_143,seq27,r_71_30_45,r_71_30_45,1.0,10,55,45,26
57,seq17,r_16_129_181,r_70_13_36,r_70_13_36,1.0,145,181,36,26
92,seq115,r_111_21_85,seq116,r_111_21_85,1.0,-40,45,85,26
21,r_1_5_132,seq8,r_106_2_101,r_106_2_101,0.95,-1,100,101,26
6,r_62_118_119,r_61_146_144,r_145_88_49,r_62_118_119,0.87,0,119,119,26
62,seq33,r_32_77_184,r_138_36_116,r_138_36_116,0.95,6,122,116,26
85,seq97,seq89,r_133_96_93,r_133_96_93,1.0,12,105,93,26
5,r_25_50_52,r_48_98_198,r_31_49_143,r_31_49_143,1.0,8,151,143,26
95,seq119,r_79_53_149,seq89,r_79_53_149,0.88,-104,45,149,26
98,seq122,r_54_143_12,r_0_123_79,r_0_123_79,1.0,0,79,79,26
36,r_127_72_46,r_73_29_139,seq74,r_73_29_139,1.0,0,139,139,26
27,r_6_10_179,seq9,r_99_26_37,r_99_26_37,0.47,142,179,37,26
47,r_142_107_36,seq149,r_12_108_31,r_142_107_36,0.63,0,36,36,26
5,r_25_50_52,seq27,r_48_98_198,r_25_50_52,1.0,1,53,52,26
19,r_135_124_34,r_138_36_116,r_125_93_138,r_135_124_34,0.98,0,34,34,26
2,r_61_146_144,seq64,seq144,r_61_146_144,0.48,1,145,144,26
41,r_73_29_139,r_127_72_46,r_71_30_45,r_73_29_139,0.97,0,139,139,26
36,r_127_72_46,seq128,r_73_29_139,r_127_72_46,0.99,0,46,46,26
48,r_71_30_45,r_69_90_191,r_31_49_143,r_71_30_45,0.99,0,45,45,26
40,r_47_52_195,r_48_98_198,r_37_57_28,r_37_57_28,0.66,167,195,28,26
18,r_40_86_105,seq41,seq85,r_40_86_105,0.98,0,105,105,26
95,seq119,r_113_22_100,r_79_53_149,r_79_53_149,0.59,-125,24,149,26
25,r_11_78_169,seq27,seq74,r_11_78_169,0.55,0,169,169,26
33,r_111_21_85,seq109,seq23,r_111_21_85,0.97,0,85,85,26
48,r_71_30_45,r_31_49_143,r_73_29_139,r_71_30_45,0.99,98,143,45,26
38,r_46_7_148,seq45,seq9,r_46_7_148,0.7,1,149,148,26
34,r_138_36_116,r_136_94_136,seq33,r_138_36_116,0.93,0,116,116,26
10,r_69_90_191,r_71_30_45,seq74,r_71_30_45,1.0,-7,38,45,26
44,r_145_88_49,r_147_132_81,seq89,r_145_88_49,1.0,0,49,49,26
24,r_99_26_37,r_100_3_110,seq27,r_99_26_37,0.99,0,37,37,26
60,seq23,r_24_60_183,r_139_20_17,r_24_60_183,0.81,0,183,183,26
42,r_35_104_12,seq33,seq105,r_35_104_12,0.56,3,15,12,26
4,r_139_20_17,r_136_94_136,seq23,r_139_20_17,0.53,0,17,17,26
9,r_147_132_81,seq144,seq131,r_147_132_81,0.88,0,81,81,26
31,r_125_93_138,r_135_124_34,r_148_95_131,r_125_93_138,0.87,0,138,138,26
28,r_79_53_149,seq105,r_37_57_28,r_79_53_149,0.56,0,149,149,26
49,r_0_123_79,r_1_5_132,seq122,r_0_123_79,1.0,0,79,79,26
56,seq144,r_147_132_81,seq149,r_147_132_81,0.92,0,81,81,26
7,r_4_83_146,r_6_10_179,r_114_84_142,r_4_83_146,0.8,0,146,146,26
41,r_73_29_139,seq74,r_127_72_46,r_127_72_46,1.0,7,53,46,26
23,r_15_55_107,r_16_129_181,r_37_57_28,r_15_55_107,0.99,0,107,107,26
82,seq89,seq101,r_145_88_49,r_145_88_49,1.0,48,97,49,26
12,r_113_22_100,r_114_84_142,seq23,r_113_22_100,0.99,0,100,100,26
79,seq73,seq77,r_87_74_102,r_87_74_102,0.94,4,106,102,27
30,r_40_5_181,seq43,r_114_4_144,r_114_4_144,0.95,37,181,144,27
36,r_96_16_179,seq95,r_137_24_46,r_96_16_179,0.46,0,179,179,27
61,seq29,r_40_5_181,r_47_38_93,r_40_5_181,0.45,-55,126,181,27
8,r_0_99_115,seq1,seq102,r_0_99_115,1.0,0,115,115,27
43,r_27_134_164,r_28_148_184,r_124_133_5,r_27_134_164,0.48,0,164,164,27
31,r_76_68_35,seq77,seq67,r_76_68_35,0.99,0,35,35,27
28,r_86_46_63,r_47_38_93,r_100_48_86,r_100_48_86,0.68,9,95,86,27
5,r_83_9_20,r_76_68_35,seq7,r_83_9_20,0.71,-4,16,20,27
55,seq7,r_12_45_178,r_83_9_20,r_83_9_20,0.9,142,162,20,27
16,r_149_93_183,seq146,r_141_147_128,r_141_147_128,0.43,3,131,128,27
21,r_100_48_86,seq102,r_86_46_63,r_100_48_86,1.0,0,86,86,27
39,r_114_4_144,r_112_44_64,r_21_115_52,r_114_4_144,1.0,-80,64,144,27
1,r_22_84_134,r_23_113_178,seq77,r_22_84_134,0.9,0,134,134,27
42,r_127_26_99,seq117,r_137_24_46,r_127_26_99,0.99,0,99,99,27
32,r_34_130_128,r_8_33_35,seq131,r_34_130_128,0.99,0,128,128,27
25,r_97_14_37,r_96_16_179,seq13,r_97_14_37,1.0,0,37,37,27
11,r_120_3_50,seq119,seq6,r_120_3_50,1.0,0,50,50,27
40,r_60_37_47,r_61_59_63,r_40_5_181,r_60_37_47,0.5,4,51,47,27
10,r_137_24_46,r_136_135_101,r_22_84_134,r_137_24_46,1.0,0,46,46,27
27,r_21_115_52,r_114_4_144,r_11_123_120,r_21_115_52,0.77,92,144,52,27
37,r_8_33_35,r_11_123_120,r_34_130_128,r_8_33_35,0.78,1,36,35,27
39,r_114_4_144,r_21_115_52,seq6,r_114_4_144,0.96,0,144,144,27
41,r_112_44_64,r_114_4_144,seq41,r_112_44_64,1.0,0,64,64,27
89,seq102,seq101,r_78_104_137,r_78_104_137,0.96,13,150,137,27
3,r_70_65_170,seq71,seq64,r_70_65_170,0.35,-1,169,170,27
90,seq145,r_144_139_157,seq146,r_144_139_157,0.65,0,157,157,27
40,r_60_37_47,r_40_5_181,r_47_38_93,r_47_38_93,0.75,2,95,93,27
27,r_21_115_52,r_22_84_134,r_114_4_144,r_21_115_52,1.0,0,52,52,27
14,r_75_143_25,r_141_147_128,r_63_142_47,r_75_143_25,0.93,103,128,25,27
2,r_42_72_29,r_40_5_181,seq71,r_42_72_29,0.81,-13,16,29,27
0,r_144_139_157,seq145,r_75_143_25,r_144_139_157,0.57,0,157,157,27
6,r_141_147_128,r_136_135_101,r_75_143_25,r_75_143_25,0.98,1,26,25,27
6,r_141_147_128,r_140_51_12,r_136_135_101,r_141_147_128,0.53,-114,14,128,27
23,r_61_59_63,r_60_37_47,seq58,r_60_37_47,0.49,10,57,47,27
49,r_28_148_184,r_57_36_89,r_141_147_128,r_28_148_184,0.72,0,184,184,27
29,r_140_51_12,r_141_147_128,seq50,r_140_51_12,1.0,2,14,12,27
76,seq67,r_47_38_93,r_76_68_35,r_76_68_35,0.62,2,37,35,27
6,r_141_147_128,r_75_143_25,r_149_93_183,r_141_147_128,0.59,0,128,128,27
45,r_63_142_47,seq64,r_75_143_25,r_63_142_47,1.0,0,47,47,27
10,r_137_24_46,r_22_84_134,r_127_26_99,r_137_24_46,0.69,88,134,46,27
26,r_18_66_52,seq19,r_76_68_35,r_18_66_52,0.97,2,54,52,27
87,seq95,r_96_16_179,r_78_104_137,r_78_104_137,1.0,44,181,137,27
41,r_112_44_64,seq41,r_42_72_29,r_112_44_64,0.35,75,139,64,27
47,r_15_118_95,seq13,seq119,r_15_118_95,1.0,0,95,95,27
48,r_39_138_45,r_47_38_93,r_136_135_101,r_39_138_45,1.0,0,45,45,27
18,r_23_113_178,r_137_24_46,r_21_115_52,r_23_113_178,0.92,0,178,178,27
18,r_23_113_178,r_22_84_134,r_137_24_46,r_137_24_46,0.95,88,134,46,27
24,r_12_45_178,seq7,r_112_44_64,r_112_44_64,1.0,114,178,64,27
33,r_54_128_71,seq49,seq119,r_54_128_71,1.0,0,71,71,27
32,r_34_130_128,r_32_80_80,r_8_33_35,r_34_130_128,0.55,-70,58,128,27
14,r_75_143_25,seq73,r_141_147_128,r_75_143_25,1.0,0,25,25,27
58,seq146,r_149_93_183,r_141_147_128,r_141_147_128,0.64,37,165,128,27
61,seq29,seq35,r_40_5_181,r_40_5_181,0.63,-102,79,181,27
38,r_107_82_88,seq108,seq81,r_107_82_88,1.0,0,88,88,27
34,r_88_30_136,r_87_74_102,seq102,r_87_74_102,1.0,0,102,102,27
60,seq20,r_23_113_178,r_137_24_46,r_137_24_46,1.0,132,178,46,27
16,r_149_93_183,r_141_147_128,r_98_103_187,r_149_93_183,0.98,0,183,183,27
17,r_85_79_88,r_86_46_63,seq77,r_86_46_63,0.63,0,63,63,27
37,r_8_33_35,r_34_130_128,r_47_38_93,r_34_130_128,0.92,1,129,128,27
22,r_87_74_102,r_88_30_136,seq73,r_87_74_102,1.0,0,102,102,27
62,seq31,seq41,r_88_30_136,r_88_30_136,1.0,4,140,136,27
34,r_88_30_136,seq102,seq31,r_88_30_136,0.99,0,136,136,27
28,r_86_46_63,r_85_79_88,r_47_38_93,r_86_46_63,0.84,0,63,63,27
17,r_85_79_88,seq77,r_107_82_88,r_107_82_88,1.0,0,88,88,27
49,r_28_148_184,r_27_134_164,r_57_36_89,r_28_148_184,0.41,-68,116,184,27
54,seq6,r_18_66_52,r_120_3_50,r_120_3_50,0.99,2,52,50,27
44,r_32_80_80,r_34_130_128,seq81,r_32_80_80,0.88,0,80,80,27
35,r_78_104_137,seq81,r_0_99_115,r_78_104_137,0.85,0,137,137,27
12,r_11_123_120,r_12_45_178,r_54_128_71,r_12_45_178,1.0,-58,120,178,27
6,r_141_147_128,r_149_93_183,r_28_148_184,r_141_147_128,0.97,56,184,128,27
19,r_116_10_57,seq117,seq7,r_116_10_57,1.0,0,57,57,27
7,r_136_135_101,r_137_24_46,r_39_138_45,r_136_135_101,0.99,-55,46,101,27
15,r_10_117_49,r_11_100_193,seq116,r_10_117_49,1.0,0,49,49,28
44,r_70_128_47,r_127_75_111,r_103_126_64,r_127_75_111,1.0,0,111,111,28
36,r_49_0_130,r_50_36_133,r_2_45_193,r_49_0_130,0.86,0,130,130,28
9,r_121_6_8,r_7_24_103,seq5,r_7_24_103,1.0,0,103,103,28
53,seq5,r_7_24_103,r_121_6_8,r_7_24_103,0.95,0,103,103,28
43,r_66_145_159,seq67,seq147,r_66_145_159,0.92,0,159,159,28
37,r_48_120_24,r_50_36_133,seq139,r_48_120_24,1.0,0,24,24,28
44,r_70_128_47,r_71_42_109,r_127_75_111,r_70_128_47,1.0,0,47,47,28
59,seq18,r_20_80_188,r_4_25_33,r_4_25_33,1.0,155,188,33,28
86,seq86,seq85,r_123_87_46,r_123_87_46,1.0,40,86,46,28
16,r_71_42_109,seq72,r_115_43_11,r_71_42_109,0.98,0,109,109,28
39,r_79_35_98,r_84_111_160,seq32,r_79_35_98,0.98,0,98,98,28
5,r_142_138_92,r_140_149_147,seq139,r_142_138_92,0.62,4,96,92,28
46,r_53_51_75,r_54_104_176,r_52_143_173,r_53_51_75,1.0,0,75,75,28
42,r_96_114_67,r_97_40_71,seq116,r_96_114_67,0.99,0,67,67,28
32,r_90_63_21,seq56,r_118_62_7,r_90_63_21,0.28,143,164,21,28
69,seq34,seq32,r_64_33_126,r_64_33_126,1.0,4,130,126,28
45,r_127_75_111,seq124,seq68,r_127_75_111,1.0,0,111,111,28
19,r_14_93_77,seq15,seq94,r_14_93_77,1.0,0,77,77,28
27,r_1_17_13,seq15,r_77_12_90,r_77_12_90,1.0,66,156,90,28
95,seq110,seq113,r_101_109_105,r_101_109_105,0.99,8,113,105,28
31,r_101_109_105,r_99_148_121,seq110,r_101_109_105,0.95,0,105,105,28
41,r_46_131_116,r_44_16_167,r_37_133_25,r_44_16_167,0.99,-51,116,167,28
26,r_52_143_173,r_44_16_167,r_53_51_75,r_53_51_75,1.0,77,152,75,28
46,r_53_51_75,r_52_143_173,r_71_42_109,r_53_51_75,0.68,87,162,75,28
48,r_84_111_160,seq86,seq110,r_84_111_160,0.69,0,160,160,28
57,seq13,r_11_100_193,r_77_12_90,r_77_12_90,1.0,0,90,90,28
0,r_44_16_167,r_46_131_116,r_115_43_11,r_115_43_11,0.93,2,13,11,28
6,r_54_104_176,r_53_51_75,r_59_112_193,r_53_51_75,0.98,0,75,75,28
20,r_7_24_103,seq5,r_121_6_8,r_121_6_8,0.84,10,18,8,28
0,r_44_16_167,r_115_43_11,seq15,r_115_43_11,0.83,156,167,11,28
10,r_115_43_11,r_44_16_167,r_71_42_109,r_71_42_109,0.98,58,167,109,28
30,r_144_95_25,r_99_148_121,r_14_93_77,r_144_95_25,1.0,90,115,25,28
26,r_52_143_173,r_53_51_75,r_134_141_168,r_52_143_173,0.98,0,173,173,28
2,r_76_98_128,seq78,r_14_93_77,r_76_98_128,0.97,0,128,128,28
47,r_20_80_188,seq18,r_83_92_181,r_83_92_181,0.42,7,188,181,28
40,r_77_12_90,seq78,seq13,r_77_12_90,1.0,0,90,90,28
18,r_9_38_88,r_11_100_193,seq32,r_9_38_88,0.98,0,88,88,28
29,r_64_33_126,seq56,seq34,r_64_33_126,0.97,0,126,126,28
28,r_99_148_121,r_144_95_25,r_140_149_147,r_99_148_121,0.97,0,121,121,28
6,r_54_104_176,r_83_92_181,seq106,r_54_104_176,0.78,0,176,176,28
24,r_97_40_71,r_99_148_121,seq41,r_97_40_71,1.0,0,71,71,28
34,r_118_62_7,r_64_33_126,r_90_63_21,r_64_33_126,0.94,-18,108,126,28
33,r_140_149_147,r_142_138_92,seq147,r_142_138_92,0.77,4,96,92,28
58,seq15,r_14_93_77,r_1_17_13,r_14_93_77,1.0,0,77,77,28
6,r_54_104_176,r_59_112_193,r_83_92_181,r_54_104_176,0.52,-23,153,176,28
20,r_7_24_103,r_121_6_8,r_4_25_33,r_7_24_103,0.83,0,103,103,28
13,r_47_65_20,r_48_120_24,seq56,r_47_65_20,0.99,0,20,20,28
38,r_50_36_133,r_49_0_130,r_79_35_98,r_50_36_133,0.91,-4,129,133,28
23,r_37_133_25,seq31,seq135,r_37_133_25,1.0,0,25,25,28
17,r_19_55_129,r_20_80_188,seq67,r_19_55_129,0.96,0,129,129,28
21,r_123_87_46,seq129,seq86,r_123_87_46,0.96,0,46,46,28
30,r_144_95_25,r_142_138_92,r_99_148_121,r_144_95_25,0.99,0,25,25,28
37,r_48_120_24,seq139,r_61_122_101,r_61_122_101,1.0,5,106,101,28
22,r_102_105_121,r_103_126_64,seq106,r_103_126_64,1.0,0,64,64,28
28,r_99_148_121,r_101_109_105,r_144_95_25,r_99_148_121,0.63,-22,99,121,28
49,r_27_57_100,seq30,seq58,r_27_57_100,0.99,0,100,100,28
7,r_103_126_64,r_102_105_121,r_70_128_47,r_70_128_47,0.71,17,64,47,28
10,r_115_43_11,seq116,r_44_16_167,r_115_43_11,0.76,0,11,11,28
79,seq72,r_71_42_109,seq68,r_71_42_109,1.0,-10,99,109,28
35,r_61_122_101,seq58,r_48_120_24,r_61_122_101,1.0,1,102,101,28
27,r_1_17_13,r_2_45_193,seq15,r_1_17_13,0.96,1,14,13,28
30,r_73_59_116,seq65,r_24_61_114,r_24_61_114,0.77,2,116,114,29
44,r_135_112_15,r_113_90_76,seq107,r_135_112_15,0.52,64,79,15,29
51,seq129,r_127_22_79,r_137_128_40,r_127_22_79,0.99,0,79,79,29
42,r_96_114_31,r_99_115_192,r_55_116_5,r_96_114_31,0.9,3,34,31,29
9,r_133_75_198,r_60_134_30,r_143_85_120,r_143_85_120,0.98,78,198,120,29
53,seq5,r_4_126_78,r_16_10_122,r_4_126_78,0.9,2,80,78,29
43,r_45_98_132,seq49,r_3_94_36,r_45_98_132,0.78,0,132,132,29
37,r_117_18_158,r_55_116_5,r_16_10_122,r_55_116_5,0.73,153,158,5,29
52,seq2,r_3_94_36,seq5,r_3_94_36,0.96,0,36,36,29
69,seq49,seq44,r_67_48_40,r_67_48_40,1.0,14,54,40,29
12,r_71_39_42,r_73_59_116,r_141_40_30,r_71_39_42,0.96,0,42,42,29
16,r_140_62_137,seq139,r_24_61_114,r_140_62_137,0.82,0,137,137,29
21,r_144_101_185,r_143_85_120,r_148_97_185,r_143_85_120,1.0,0,120,120,29
5,r_24_61_114,seq21,r_73_59_116,r_24_61_114,0.47,1,115,114,29
46,r_19_58_171,r_20_84_108,seq7,r_20_84_108,0.95,-35,73,108,29
45,r_124_145_72,seq123,seq146,r_124_145_72,1.0,0,72,72,29
44,r_135_112_15,r_143_85_120,r_113_90_76,r_135_112_15,0.92,0,15,15,29
66,seq42,seq35,r_141_40_30,r_141_40_30,1.0,90,120,30,29
41,r_34_29_12,seq28,r_9_30_46,r_9_30_46,1.0,23,69,46,29
3,r_118_17_65,r_117_18_158,r_16_10_122,r_118_17_65,1.0,0,65,65,29
10,r_4_126_78,seq5,r_137_128_40,r_4_126_78,0.99,2,80,78,29
26,r_16_10_122,r_14_51_133,seq7,r_14_51_133,0.95,-49,84,133,29
48,r_137_128_40,r_140_62_137,seq129,r_140_62_137,0.85,-97,40,137,29
0,r_143_85_120,r_144_101_185,r_20_84_108,r_143_85_120,1.0,0,120,120,29
15,r_67_48_40,r_73_59_116,seq49,r_67_48_40,1.0,0,40,40,29
20,r_125_31_70,r_124_145_72,r_9_30_46,r_125_31_70,1.0,0,70,70,29
46,r_19_58_171,seq7,r_73_59_116,r_19_58_171,0.95,0,171,171,29
52,seq2,seq5,r_86_1_140,r_86_1_140,0.87,6,146,140,29
36,r_60_134_30,r_133_75_198,seq130,r_133_75_198,0.56,-43,155,198,29
8,r_141_40_30,r_143_85_120,seq42,r_141_40_30,1.0,2,32,30,29
27,r_20_84_108,r_19_58_171,r_142_83_45,r_20_84_108,0.99,0,108,108,29
2,r_32_47_163,r_34_29_12,r_78_46_28,r_78_46_28,0.71,136,164,28,29
9,r_133_75_198,r_131_138_200,r_60_134_30,r_60_134_30,0.96,17,47,30,29
40,r_14_51_133,r_16_10_122,seq50,r_14_51_133,0.53,0,133,133,29
18,r_26_149_101,r_32_47_163,r_54_147_68,r_32_47_163,1.0,-62,101,163,29
29,r_95_132_116,r_102_15_165,r_60_134_30,r_95_132_116,0.77,0,116,116,29
24,r_119_82_112,seq120,r_142_83_45,r_119_82_112,0.67,0,112,112,29
7,r_78_46_28,r_80_136_126,seq49,r_78_46_28,0.99,0,28,28,29
25,r_38_27_143,seq36,r_125_31_70,r_125_31_70,0.58,73,143,70,29
70,seq50,seq52,r_14_51_133,r_14_51_133,0.99,11,144,133,29
58,seq146,r_148_97_185,r_124_145_72,r_124_145_72,0.99,6,78,72,29
31,r_63_72_93,r_60_134_30,seq65,r_63_72_93,0.45,-63,30,93,29
32,r_80_136_126,r_86_1_140,seq139,r_80_136_126,0.86,2,128,126,29
38,r_54_147_68,seq53,r_124_145_72,r_54_147_68,0.99,1,69,68,29
17,r_76_69_61,r_80_136_126,seq68,r_76_69_61,1.0,0,61,61,29
36,r_60_134_30,r_63_72_93,r_133_75_198,r_60_134_30,0.96,0,30,30,29
96,seq120,r_119_82_112,seq121,r_119_82_112,1.0,-12,100,112,29
33,r_9_30_46,seq7,r_34_29_12,r_9_30_46,1.0,1,47,46,29
22,r_66_33_163,seq65,r_125_31_70,r_66_33_163,0.72,1,164,163,29
28,r_127_22_79,seq129,seq23,r_127_22_79,1.0,0,79,79,29
23,r_55_116_5,r_117_18_158,r_96_114_31,r_55_116_5,0.81,153,158,5,29
82,seq89,r_88_6_161,seq79,r_88_6_161,0.97,0,161,161,29
11,r_142_83_45,r_143_85_120,seq81,r_142_83_45,0.81,1,46,45,29
39,r_3_94_36,seq2,seq93,r_3_94_36,0.95,0,36,36,29
93,seq115,r_112_77_129,r_40_111_65,r_40_111_65,0.97,52,117,65,30
30,r_98_9_130,seq97,seq10,r_98_9_130,0.83,0,130,130,30
9,r_40_111_65,r_112_77_129,seq115,r_112_77_129,1.0,0,129,129,30
14,r_34_108_102,seq35,r_107_109_183,r_34_108_102,0.97,0,102,102,30
8,r_141_63_178,seq139,r_8_61_35,r_141_63_178,0.49,0,178,178,30
53,seq7,seq20,r_8_61_35,r_8_61_35,0.63,139,174,35,30
43,r_143_54_102,r_141_63_178,seq55,r_143_54_102,0.99,0,102,102,30
18,r_94_114_185,r_69_2_107,seq103,r_94_114_185,0.7,-153,32,185,30
21,r_110_73_8,r_69_2_107,r_19_100_39,r_69_2_107,0.65,-37,70,107,30
1,r_92_95_80,r_91_132_135,seq97,r_92_95_80,0.65,8,88,80,30
97,seq120,r_121_5_154,r_128_122_161,r_121_5_154,1.0,0,154,154,30
5,r_134_65_159,seq137,seq64,r_134_65_159,0.61,0,159,159,30
46,r_21_28_48,seq22,r_133_27_66,r_133_27_66,1.0,7,73,66,30
42,r_133_27_66,r_134_65_159,r_21_28_48,r_133_27_66,1.0,0,66,66,30
45,r_107_109_183,r_112_77_129,r_34_108_102,r_34_108_102,0.56,1,103,102,30
34,r_74_66_53,r_110_73_8,r_68_129_173,r_74_66_53,0.58,-4,49,53,30
19,r_57_80_82,seq56,r_123_81_50,r_57_80_82,0.88,0,82,82,30
21,r_110_73_8,r_68_129_173,r_92_95_80,r_68_129_173,0.95,-5,168,173,30
39,r_123_81_50,r_82_113_182,r_45_86_11,r_45_86_11,0.77,171,182,11,30
31,r_76_67_149,seq79,r_74_66_53,r_76_67_149,0.73,0,149,149,30
41,r_42_59_147,seq38,r_143_54_102,r_143_54_102,0.98,45,147,102,30
50,seq0,seq4,r_52_1_15,r_52_1_15,0.79,26,41,15,30
10,r_121_5_154,seq120,r_69_2_107,r_121_5_154,0.92,0,154,154,30
40,r_112_77_129,r_40_111_65,r_45_86_11,r_112_77_129,0.91,0,129,129,30
26,r_60_44_185,seq55,r_149_43_62,r_149_43_62,1.0,123,185,62,30
86,seq99,seq97,r_19_100_39,r_19_100_39,1.0,18,57,39,30
4,r_48_93_76,seq47,r_15_89_73,r_48_93_76,0.98,0,76,76,30
0,r_119_23_96,r_121_5_154,seq22,r_119_23_96,1.0,0,96,96,30
33,r_149_43_62,r_141_63_178,r_131_148_38,r_149_43_62,0.83,-21,41,62,30
15,r_91_132_135,r_92_95_80,r_48_93_76,r_91_132_135,0.76,-51,84,135,30
48,r_71_3_101,seq70,seq6,r_71_3_101,0.92,0,101,101,30
6,r_68_129_173,r_69_2_107,r_74_66_53,r_68_129_173,0.96,-82,91,173,30
21,r_110_73_8,r_19_100_39,r_68_129_173,r_68_129_173,0.59,-35,138,173,30
36,r_140_138_25,r_141_63_178,seq137,r_140_138_25,0.88,0,25,25,30
40,r_112_77_129,seq115,r_40_111_65,r_40_111_65,1.0,30,95,65,30
29,r_82_113_182,r_83_90_176,r_123_81_50,r_123_81_50,1.0,15,65,50,30
34,r_74_66_53,r_68_129_173,r_76_67_149,r_74_66_53,0.55,120,173,53,30
25,r_96_130_84,seq99,seq125,r_96_130_84,1.0,0,84,84,30
13,r_19_100_39,r_18_13_41,seq99,r_19_100_39,0.94,1,40,39,30
24,r_124_84_26,r_123_81_50,r_45_86_11,r_45_86_11,1.0,15,26,11,30
6,r_68_129_173,r_74_66_53,r_128_122_161,r_68_129_173,0.93,0,173,173,30
20,r_135_146_38,r_131_148_38,r_126_147_105,r_135_146_38,0.59,67,105,38,30
20,r_135_146_38,r_134_65_159,r_131_148_38,r_134_65_159,1.0,-121,38,159,30
23,r_8_61_35,seq7,seq62,r_8_61_35,0.6,1,36,35,30
33,r_149_43_62,r_131_148_38,seq47,r_149_43_62,1.0,0,62,62,30
17,r_142_51_137,r_141_63_178,seq50,r_142_51_137,0.9,0,137,137,30
9,r_40_111_65,r_42_59_147,r_112_77_129,r_40_111_65,1.0,0,65,65,30
38,r_52_1_15,r_57_80_82,seq0,r_52_1_15,0.93,0,15,15,30
29,r_82_113_182,r_123_81_50,r_40_111_65,r_123_81_50,0.16,132,182,50,30
22,r_15_89_73,seq17,seq87,r_15_89_73,1.0,0,73,73,30
28,r_106_72_69,seq101,seq70,r_106_72_69,0.94,0,69,69,30
49,r_78_46_83,r_76_67_149,seq47,r_78_46_83,1.0,0,83,83,30
56,seq10,seq14,r_98_9_130,r_98_9_130,0.7,2,132,130,30
18,r_94_114_185,seq103,r_40_111_65,r_40_111_65,0.94,117,182,65,30
15,r_91_132_135,r_48_93_76,r_140_138_25,r_91_132_135,1.0,0,135,135,30
39,r_123_81_50,r_119_23_96,r_82_113_182,r_123_81_50,1.0,0,50,50,30
2,r_45_86_11,seq50,seq85,r_45_86_11,0.74,0,11,11,30
16,r_15_29_15,r_10_2_135,seq32,r_15_29_15,0.97,0,15,15,31
9,r_96_11_43,r_95_113_129,seq18,r_96_11_43,1.0,0,43,43,31
22,r_111_129_25,seq114,r_130_17_121,r_111_129_25,0.89,2,27,25,31
92,seq101,r_104_24_178,r_147_106_1,r_104_24_178,0.94,1,179,178,31
8,r_35_43_97,r_40_98_98,seq51,r_40_98_98,0.92,0,98,98,31
37,r_104_24_178,r_103_132_175,r_87_26_59,r_87_26_59,1.0,119,178,59,31
59,seq148,r_149_49_171,r_68_142_31,r_68_142_31,0.89,136,167,31,31
24,r_87_26_59,r_91_124_84,seq28,r_87_26_59,1.0,0,59,59,31
71,seq56,r_55_125_134,seq54,r_55_125_134,0.99,0,134,134,31
21,r_97_4_106,seq117,seq5,r_97_4_106,0.93,0,106,106,31
39,r_131_6_170,r_134_112_64,r_111_129_25,r_131_6_170,0.57,-106,64,170,31
1,r_100_41_168,r_147_106_1,r_35_43_97,r_100_41_168,0.71,0,168,168,31
5,r_95_113_129,seq94,seq114,r_95_113_129,0.67,15,144,129,31
46,r_39_36_193,r_40_98_98,r_85_38_32,r_39_36_193,0.91,-101,92,193,31
32,r_27_34_48,r_33_128_156,r_37_115_191,r_33_128_156,0.98,-2,154,156,31
7,r_130_17_121,r_111_129_25,r_110_16_90,r_130_17_121,0.77,0,121,121,31
19,r_40_98_98,r_39_36_193,seq99,r_40_98_98,1.0,-1,97,98,31
11,r_23_76_41,seq78,r_136_75_97,r_136_75_97,1.0,36,133,97,31
39,r_131_6_170,r_111_129_25,seq7,r_131_6_170,0.66,0,170,170,31
41,r_10_2_135,r_12_31_148,r_58_0_103,r_10_2_135,0.48,1,136,135,31
10,r_134_112_64,r_130_17_121,seq117,r_134_112_64,0.97,0,64,64,31
26,r_3_92_90,r_1_119_95,r_22_86_83,r_22_86_83,1.0,7,90,83,31
11,r_23_76_41,r_22_86_83,seq78,r_23_76_41,0.9,0,41,41,31
4,r_149_49_171,seq148,r_35_43_97,r_149_49_171,0.6,0,171,171,31
0,r_146_30_92,r_149_49_171,seq32,r_146_30_92,1.0,0,92,92,31
17,r_37_115_191,r_39_36_193,r_85_38_32,r_85_38_32,1.0,16,48,32,31
20,r_59_20_181,r_58_0_103,seq61,r_58_0_103,1.0,-1,102,103,31
13,r_55_125_134,seq56,r_91_124_84,r_55_125_134,0.7,0,134,134,31
98,seq123,seq117,r_55_125_134,r_55_125_134,1.0,1,135,134,31
15,r_91_124_84,seq89,seq123,r_91_124_84,0.83,27,111,84,31
30,r_58_0_103,seq5,r_10_2_135,r_10_2_135,0.57,-9,126,135,31
48,r_19_138_63,seq18,seq135,r_19_138_63,1.0,0,63,63,31
6,r_25_45_186,seq28,r_102_57_131,r_102_57_131,0.9,56,187,131,31
2,r_33_128_156,r_27_34_48,r_121_127_103,r_33_128_156,0.62,0,156,156,31
10,r_134_112_64,seq117,r_83_108_61,r_134_112_64,0.49,81,145,64,31
27,r_83_108_61,r_91_124_84,seq109,r_83_108_61,0.89,5,66,61,31
22,r_111_129_25,r_130_17_121,r_140_133_78,r_111_129_25,0.9,96,121,25,31
47,r_136_75_97,seq135,r_23_76_41,r_136_75_97,1.0,0,97,97,31
40,r_46_107_141,seq48,r_147_106_1,r_46_107_141,0.97,0,141,141,31
18,r_22_86_83,seq21,r_47_88_18,r_22_86_83,1.0,0,83,83,31
29,r_110_16_90,seq109,seq18,r_110_16_90,1.0,0,90,90,31
35,r_85_38_32,r_37_115_191,r_39_36_193,r_37_115_191,0.56,2,193,191,31
25,r_77_60_156,seq78,seq61,r_77_60_156,0.52,0,156,156,31
33,r_102_57_131,r_104_24_178,seq61,r_102_57_131,0.94,0,131,131,31
50,seq5,seq18,r_97_4_106,r_97_4_106,1.0,7,113,106,31
65,seq48,r_46_107_141,seq50,r_46_107_141,0.91,0,141,141,31
20,r_59_20_181,seq61,r_130_17_121,r_59_20_181,0.87,0,181,181,31
32,r_27_34_48,r_37_115_191,r_104_24_178,r_27_34_48,0.63,135,183,48,31
32,r_27_34_48,seq28,r_33_128_156,r_27_34_48,0.5,5,53,48,31
61,seq28,r_27_34_48,seq32,r_27_34_48,0.98,5,53,48,31
60,seq21,r_22_86_83,seq32,r_22_86_83,1.0,0,83,83,31
2,r_33_128_156,r_39_36_193,r_27_34_48,r_33_128_156,0.54,-103,53,156,31
94,seq109,r_110_16_90,r_83_108_61,r_110_16_90,0.89,0,90,90,31
7,r_130_17_121,r_131_6_170,r_111_129_25,r_111_129_25,1.0,13,38,25,31
34,r_68_142_31,seq65,seq144,r_68_142_31,1.0,1,32,31,31
91,seq99,r_100_41_168,r_40_98_98,r_40_98_98,0.93,25,123,98,31
49,r_121_127_103,seq122,seq126,r_121_127_103,0.95,0,103,103,31
35,r_85_38_32,r_91_124_84,r_37_115_191,r_85_38_32,1.0,0,32,32,31
44,r_103_132_175,r_104_24_178,r_111_129_25,r_104_24_178,0.68,0,178,178,31
23,r_140_133_78,seq139,r_111_129_25,r_140_133_78,0.83,1,79,78,31
82,seq78,r_77_60_156,r_23_76_41,r_23_76_41,0.79,115,156,41,31
42,r_47_88_18,r_46_107_141,seq89,r_47_88_18,0.73,0,18,18,31
12,r_120_72_75,r_121_127_103,r_118_73_8,r_120_72_75,0.98,0,75,75,31
30,r_74_130_107,seq77,seq132,r_74_130_107,0.95,0,107,107,32
44,r_138_65_16,r_66_113_139,r_2_70_71,r_138_65_16,0.73,123,139,16,32
51,seq3,r_1_136_173,r_80_4_87,r_80_4_87,0.91,64,151,87,32
9,r_17_149_20,r_145_123_69,r_102_148_132,r_102_148_132,0.86,36,168,132,32
92,seq105,r_97_75_161,r_99_104_52,r_97_75_161,0.98,-2,159,161,32
8,r_115_8_163,r_114_23_187,r_29_11_23,r_115_8_163,0.75,0,163,163,32
43,r_1_136_173,seq3,r_24_137_167,r_1_136_173,0.49,0,173,173,32
35,r_25_69_18,seq27,r_64_93_144,r_25_69_18,0.87,2,20,18,32
54,seq12,r_10_71_147,r_29_11_23,r_10_71_147,0.66,-48,99,147,32
37,r_20_58_158,seq19,seq57,r_20_58_158,0.5,0,158,158,32
3,r_6_49_26,r_52_13_104,r_32_53_98,r_6_49_26,1.0,77,103,26,32
24,r_107_78_59,seq109,seq77,r_107_78_59,1.0,0,59,59,32
21,r_102_148_132,seq98,r_79_101_5,r_79_101_5,0.56,87,92,5,32
5,r_51_59_3,r_60_37_111,seq62,r_60_37_111,0.84,1,112,111,32
46,r_60_37_111,r_51_59_3,seq36,r_60_37_111,0.98,1,112,111,32
80,seq72,seq90,r_107_78_59,r_107_78_59,1.0,64,123,59,32
44,r_138_65_16,r_145_123_69,r_66_113_139,r_138_65_16,0.99,1,17,16,32
19,r_128_68_91,seq126,r_2_70_71,r_128_68_91,1.0,0,91,91,32
95,seq112,r_111_89_195,r_66_113_139,r_66_113_139,0.81,16,155,139,32
66,seq36,seq31,r_60_37_111,r_60_37_111,1.0,59,170,111,32
31,r_122_100_155,r_111_89_195,r_79_101_5,r_111_89_195,0.54,-40,155,195,32
11,r_29_11_23,r_44_33_25,seq12,r_29_11_23,0.57,0,23,23,32
89,seq96,r_95_28_99,seq72,r_95_28_99,0.57,0,99,99,32
10,r_82_38_64,seq83,seq34,r_82_38_64,1.0,0,64,64,32
90,seq98,r_97_75_161,r_79_101_5,r_97_75_161,0.87,0,161,161,32
26,r_0_119_75,seq3,r_140_121_33,r_0_119_75,0.99,0,75,75,32
21,r_102_148_132,r_79_101_5,r_17_149_20,r_102_148_132,0.93,0,132,132,32
20,r_43_50_67,seq45,r_6_49_26,r_43_50_67,1.0,0,67,67,32
15,r_80_4_87,seq81,seq3,r_80_4_87,1.0,0,87,87,32
48,r_24_137_167,seq27,r_17_149_20,r_24_137_167,0.57,0,167,167,32
49,r_35_5_47,seq36,seq3,r_35_5_47,1.0,0,47,47,32
27,r_15_16_149,r_1_136_173,r_52_13_104,r_52_13_104,0.75,2,106,104,32
0,r_64_93_144,r_25_69_18,seq96,r_64_93_144,0.96,0,144,144,32
27,r_15_16_149,r_14_9_73,r_1_136_173,r_14_9_73,0.72,3,76,73,32
29,r_52_13_104,seq54,r_6_49_26,r_6_49_26,1.0,4,30,26,32
9,r_17_149_20,r_14_9_73,r_145_123_69,r_17_149_20,1.0,0,20,20,32
2,r_114_23_187,r_115_8_163,r_0_119_75,r_0_119_75,0.99,88,163,75,32
47,r_47_120_159,seq31,r_0_119_75,r_0_119_75,0.62,83,158,75,32
40,r_111_89_195,seq112,r_73_86_142,r_73_86_142,0.83,51,193,142,32
35,r_25_69_18,r_64_93_144,r_2_70_71,r_25_69_18,0.85,67,85,18,32
25,r_40_94_193,seq39,seq96,r_40_94_193,0.35,0,193,193,32
33,r_140_121_33,r_145_123_69,r_0_119_75,r_0_119_75,1.0,93,168,75,32
3,r_6_49_26,r_2_70_71,r_52_13_104,r_6_49_26,0.98,3,29,26,32
6,r_79_101_5,r_102_148_132,seq98,r_102_148_132,1.0,-1,131,132,32
32,r_2_70_71,r_1_136_173,r_25_69_18,r_2_70_71,0.97,0,71,71,32
2,r_114_23_187,r_0_119_75,seq21,r_114_23_187,0.57,0,187,187,32
18,r_103_116_38,r_102_148_132,r_115_8_163,r_103_116_38,0.93,0,38,38,32
34,r_14_9_73,r_15_16_149,r_29_11_23,r_14_9_73,0.98,1,74,73,32
4,r_91_7_10,r_92_30_31,seq12,r_91_7_10,0.97,1,11,10,32
23,r_66_113_139,r_138_65_16,seq112,r_66_113_139,1.0,0,139,139,32
89,seq96,seq72,r_64_93_144,r_64_93_144,0.43,-2,142,144,32
0,r_64_93_144,r_66_113_139,r_25_69_18,r_25_69_18,0.59,29,47,18,32
81,seq77,seq81,r_107_78_59,r_107_78_59,1.0,12,71,59,32
29,r_52_13_104,r_6_49_26,r_15_16_149,r_52_13_104,1.0,0,104,104,32
28,r_32_53_98,seq31,r_6_49_26,r_32_53_98,0.98,0,98,98,32
7,r_26_67_95,seq27,r_128_68_91,r_26_67_95,0.96,0,95,95,32
18,r_103_116_38,r_115_8_163,seq112,r_115_8_163,1.0,0,163,163,32
23,r_66_113_139,r_64_93_144,r_138_65_16,r_138_65_16,0.87,66,82,16,32
42,r_110_117_21,r_107_78_59,r_145_123_69,r_107_78_59,1.0,-9,50,59,32
36,r_133_41_23,r_145_123_69,seq42,r_133_41_23,1.0,0,23,23,32
44,r_85_0_81,r_79_49_180,seq1,r_85_0_81,1.0,1,82,81,33
52,seq7,r_6_22_167,r_97_5_30,r_97_5_30,1.0,1,31,30,33
8,r_62_42_105,seq60,r_83_41_36,r_62_42_105,0.97,0,105,105,33
99,seq127,seq125,r_148_126_22,r_148_126_22,1.0,2,24,22,33
18,r_46_69_34,r_51_82_125,seq73,r_51_82_125,0.87,-93,32,125,33
54,seq137,r_138_101_89,r_4_136_37,r_138_101_89,0.78,-23,66,89,33
83,seq77,r_79_49_180,r_51_82_125,r_51_82_125,0.57,57,182,125,33
56,seq11,r_6_22_167,r_74_12_58,r_74_12_58,1.0,0,58,58,33
21,r_43_89_64,seq39,seq91,r_43_89_64,0.99,0,64,64,33
39,r_78_105_146,r_79_49_180,seq106,r_79_49_180,0.71,-34,146,180,33
1,r_18_9_162,seq25,seq10,r_18_9_162,0.53,-52,110,162,33
46,r_138_101_89,seq137,seq102,r_138_101_89,0.97,0,89,89,33
42,r_80_111_128,r_79_49_180,seq110,r_79_49_180,0.54,-52,128,180,33
45,r_6_22_167,seq7,r_124_23_2,r_6_22_167,0.57,1,168,167,33
19,r_132_3_99,seq134,seq14,r_132_3_99,0.99,1,100,99,33
43,r_74_12_58,seq75,seq11,r_74_12_58,1.0,0,58,58,33
11,r_36_13_22,r_35_70_92,seq14,r_36_13_22,0.93,0,22,22,33
16,r_54_94_75,r_52_109_83,r_90_93_42,r_54_94_75,0.7,0,75,75,33
34,r_30_145_26,r_29_57_93,r_40_139_6,r_30_145_26,0.53,0,26,26,33
38,r_104_120_11,r_121_88_165,r_20_117_114,r_20_117_114,0.98,54,168,114,33
41,r_51_82_125,seq50,seq77,r_51_82_125,0.85,0,125,125,33
89,seq110,seq102,r_52_109_83,r_52_109_83,0.97,28,111,83,33
3,r_67_64_191,seq66,r_99_58_83,r_99_58_83,1.0,105,188,83,33
90,seq112,seq119,r_130_113_94,r_130_113_94,0.97,4,98,94,33
26,r_24_34_83,r_124_23_2,seq32,r_24_34_83,1.0,0,83,83,33
14,r_28_100_9,r_98_103_113,r_86_96_48,r_98_103_113,1.0,0,113,113,33
13,r_52_109_83,r_72_15_158,seq110,r_52_109_83,0.87,0,83,83,33
15,r_21_84_123,seq25,r_90_93_42,r_21_84_123,0.71,0,123,123,33
6,r_99_58_83,r_98_103_113,r_67_64_191,r_99_58_83,0.98,0,83,83,33
21,r_43_89_64,seq91,r_121_88_165,r_121_88_165,0.71,0,165,165,33
86,seq95,r_92_59_120,r_90_93_42,r_92_59_120,0.95,-81,39,120,33
36,r_98_103_113,r_28_100_9,r_138_101_89,r_98_103_113,1.0,0,113,113,33
27,r_2_128_106,r_20_117_114,seq14,r_2_128_106,0.55,-39,67,106,33
49,r_90_93_42,seq91,seq95,r_90_93_42,0.56,-3,39,42,33
36,r_98_103_113,r_99_58_83,r_28_100_9,r_98_103_113,0.91,-62,51,113,33
29,r_148_126_22,seq147,seq127,r_148_126_22,0.97,0,22,22,33
2,r_87_19_131,r_86_96_48,r_124_23_2,r_87_19_131,0.95,0,131,131,33
47,r_79_49_180,r_80_111_128,r_51_82_125,r_79_49_180,0.61,-52,128,180,33
40,r_72_15_158,seq73,seq14,r_72_15_158,0.55,0,158,158,33
5,r_83_41_36,r_85_0_81,seq39,r_83_41_36,0.65,0,36,36,33
74,seq50,r_51_82_125,seq48,r_51_82_125,1.0,0,125,125,33
38,r_104_120_11,seq102,r_121_88_165,r_121_88_165,0.87,-155,10,165,33
24,r_130_113_94,seq134,seq112,r_130_113_94,0.97,0,94,94,33
27,r_2_128_106,seq14,seq129,r_2_128_106,1.0,0,106,106,33
48,r_71_38_47,r_72_15_158,r_83_41_36,r_71_38_47,1.0,0,47,47,33
25,r_81_17_157,r_79_49_180,r_87_19_131,r_79_49_180,0.99,-23,157,180,33
9,r_53_135_41,r_54_94_75,seq137,r_53_135_41,1.0,0,41,41,33
33,r_121_88_165,r_104_120_11,r_43_89_64,r_121_88_165,0.57,1,166,165,33
44,r_85_0_81,r_83_41_36,r_79_49_180,r_83_41_36,0.94,-16,20,36,33
0,r_16_108_54,seq14,seq106,r_16_108_54,1.0,0,54,54,33
50,seq1,r_36_13_22,r_85_0_81,r_85_0_81,0.81,6,87,81,33
32,r_29_57_93,seq25,seq56,r_29_57_93,1.0,0,93,93,33
12,r_4_136_37,r_6_22_167,seq137,r_4_136_37,1.0,0,37,37,33
75,seq56,seq66,r_29_57_93,r_29_57_93,1.0,3,96,93,33
7,r_97_5_30,r_99_58_83,seq7,r_97_5_30,0.94,0,30,30,33
47,r_79_49_180,r_51_82_125,seq47,r_79_49_180,0.96,2,182,180,33
81,seq73,r_72_15_158,r_46_69_34,r_72_15_158,0.75,0,158,158,33
17,r_92_59_120,seq95,seq60,r_92_59_120,0.76,0,120,120,33
28,r_35_70_92,seq32,r_46_69_34,r_35_70_92,1.0,0,92,92,33
23,r_107_68_87,seq102,r_149_76_4,r_107_68_87,0.92,0,87,87,33
35,r_20_117_114,r_21_84_123,seq118,r_20_117_114,0.96,0,114,114,33
30,r_44_125_151,seq42,seq124,r_44_125_151,0.74,0,151,151,34
87,seq93,r_6_95_3,r_55_92_26,r_55_92_26,0.66,5,31,26,34
36,r_109_40_76,seq108,seq51,r_109_40_76,0.95,0,76,76,34
86,seq88,seq78,r_1_89_15,r_1_89_15,0.55,0,15,15,34
14,r_131_34_200,r_130_111_148,r_135_132_169,r_130_111_148,1.0,0,148,148,34
58,seq143,seq141,r_38_142_8,r_38_142_8,0.83,11,19,8,34
43,r_94_12_192,r_6_95_3,r_136_19_28,r_136_19_28,0.93,164,192,28,34
71,seq51,r_49_82_163,seq48,r_49_82_163,0.63,0,163,163,34
16,r_64_122_70,seq59,seq129,r_64_122_70,1.0,0,70,70,34
39,r_98_117_69,r_94_12_192,r_118_46_149,r_98_117_69,0.62,0,69,69,34
2,r_136_19_28,r_135_132_169,r_10_14_5,r_136_19_28,1.0,0,28,28,34
1,r_50_116_80,r_49_82_163,r_98_117_69,r_50_116_80,1.0,3,83,80,34
13,r_86_13_15,r_87_102_49,r_10_14_5,r_86_13_15,0.99,0,15,15,34
24,r_45_110_56,r_43_54_72,seq108,r_45_110_56,1.0,1,57,56,34
25,r_1_89_15,seq2,seq88,r_1_89_15,0.95,0,15,15,34
5,r_43_54_72,r_44_125_151,seq51,r_44_125_151,0.86,-73,78,151,34
45,r_60_96_148,seq59,r_6_95_3,r_60_96_148,0.77,0,148,148,34
51,seq2,seq9,r_39_0_55,r_39_0_55,0.97,7,62,55,34
19,r_53_68_180,seq52,r_72_90_9,r_72_90_9,0.6,171,180,9,34
39,r_98_117_69,r_118_46_149,r_149_121_127,r_98_117_69,0.87,81,150,69,34
31,r_39_0_55,r_55_92_26,r_44_125_151,r_55_92_26,0.99,-5,21,26,34
3,r_49_82_163,seq51,seq83,r_49_82_163,0.71,0,163,163,34
10,r_79_105_75,seq81,seq103,r_79_105_75,1.0,0,75,75,34
28,r_145_11_33,r_149_121_127,r_10_14_5,r_145_11_33,1.0,0,33,33,34
11,r_130_111_148,r_131_34_200,seq108,r_130_111_148,0.53,0,148,148,34
20,r_118_46_149,seq114,r_98_117_69,r_118_46_149,0.8,-80,69,149,34
48,r_149_121_127,seq147,seq129,r_149_121_127,0.83,1,128,127,34
6,r_28_7_187,seq27,r_67_5_78,r_67_5_78,0.62,111,189,78,34
46,r_15_91_38,r_10_14_5,r_72_90_9,r_15_91_38,1.0,1,39,38,34
8,r_97_57_40,r_98_117_69,seq58,r_97_57_40,0.99,1,41,40,34
26,r_87_102_49,r_86_13_15,r_1_89_15,r_87_102_49,0.82,-34,15,49,34
35,r_3_22_50,seq9,r_145_11_33,r_3_22_50,0.98,6,56,50,34
34,r_69_21_53,seq81,r_84_20_12,r_69_21_53,1.0,0,53,53,34
67,seq36,seq29,r_104_37_46,r_104_37_46,1.0,0,46,46,34
18,r_138_24_184,seq139,r_3_22_50,r_3_22_50,0.59,135,185,50,34
41,r_133_61_10,r_136_19_28,seq59,r_133_61_10,0.93,0,10,10,34
64,seq27,r_28_7_187,r_104_37_46,r_104_37_46,0.99,141,187,46,34
42,r_80_16_16,r_79_105_75,r_10_14_5,r_80_16_16,1.0,0,16,16,34
65,seq29,seq36,r_23_31_42,r_23_31_42,1.0,57,99,42,34
20,r_118_46_149,r_98_117_69,r_71_41_130,r_118_46_149,0.52,0,149,149,34
31,r_39_0_55,r_44_125_151,seq2,r_39_0_55,0.86,0,55,55,34
38,r_71_41_130,seq73,seq42,r_71_41_130,0.89,0,130,130,34
52,seq4,seq9,r_67_5_78,r_67_5_78,1.0,6,84,78,34
7,r_84_20_12,r_79_105_75,r_10_14_5,r_84_20_12,0.84,1,13,12,34
15,r_104_37_46,seq101,seq36,r_104_37_46,0.99,0,46,46,34
17,r_126_137_71,r_127_66_94,seq139,r_126_137_71,1.0,1,72,71,34
22,r_67_5_78,seq65,seq9,r_67_5_78,1.0,0,78,78,34
49,r_144_128_189,seq147,r_50_116_80,r_50_116_80,0.79,109,189,80,34
26,r_87_102_49,r_1_89_15,seq103,r_87_102_49,0.96,2,51,49,34
0,r_72_90_9,seq88,r_15_91_38,r_15_91_38,0.99,13,51,38,34
23,r_123_113_71,r_127_66_94,seq115,r_127_66_94,0.94,-22,72,94,34
47,r_55_92_26,r_60_96_148,seq93,r_55_92_26,0.98,0,26,26,34
79,seq73,r_71_41_130,seq78,r_71_41_130,1.0,0,130,130,34
51,seq2,r_1_89_15,seq9,r_1_89_15,0.84,0,15,15,34
12,r_127_66_94,seq129,seq65,r_127_66_94,1.0,0,94,94,34
30,r_102_136_150,r_105_132_168,r_143_135_56,r_143_135_56,0.65,94,150,56,35
36,r_55_44_165,seq57,r_77_43_5,r_55_44_165,0.61,0,165,165,35
11,r_29_1_47,seq27,seq2,r_29_1_47,0.99,0,47,47,35
16,r_114_58_198,r_113_109_178,seq115,r_113_109_178,0.63,2,180,178,35
21,r_32_106_193,seq27,r_138_91_25,r_138_91_25,0.62,168,193,25,35
1,r_33_19_126,seq27,seq17,r_33_19_126,0.28,0,126,126,35
5,r_82_39_84,seq81,seq40,r_82_39_84,1.0,0,84,84,35
12,r_128_24_30,seq129,r_21_107_141,r_128_24_30,1.0,0,30,30,35
7,r_52_25_111,seq51,r_13_53_54,r_13_53_54,1.0,0,54,54,35
80,seq74,r_73_11_73,r_60_3_171,r_73_11_73,0.98,0,73,73,35
14,r_66_78_15,r_65_50_21,seq87,r_65_50_21,0.89,-6,15,21,35
7,r_52_25_111,r_13_53_54,r_147_31_109,r_52_25_111,1.0,0,111,111,35
19,r_6_47_101,seq7,r_63_48_40,r_6_47_101,1.0,0,101,101,35
4,r_21_107_141,r_22_10_48,r_128_24_30,r_21_107_141,1.0,-90,51,141,35
46,r_63_48_40,r_46_80_76,r_77_43_5,r_46_80_76,0.94,0,76,76,35
13,r_134_148_58,seq133,seq149,r_134_148_58,0.99,0,58,58,35
31,r_73_11_73,seq74,r_22_10_48,r_73_11_73,1.0,0,73,73,35
41,r_103_123_98,r_105_132_168,r_85_125_57,r_103_123_98,0.45,0,98,98,35
37,r_54_34_48,r_55_44_165,seq27,r_54_34_48,1.0,0,48,48,35
10,r_145_95_100,seq146,r_141_94_17,r_145_95_100,0.85,0,100,100,35
26,r_140_137_194,seq139,r_102_136_150,r_102_136_150,0.89,45,195,150,35
72,seq57,r_55_44_165,r_12_56_105,r_12_56_105,0.98,30,135,105,35
9,r_46_80_76,r_63_48_40,seq84,r_46_80_76,0.97,1,77,76,35
29,r_85_125_57,r_82_39_84,seq122,r_85_125_57,0.51,0,57,57,35
39,r_45_68_49,r_77_43_5,seq69,r_45_68_49,1.0,0,49,49,35
20,r_60_3_171,seq59,r_73_11_73,r_73_11_73,0.73,98,171,73,35
44,r_22_10_48,r_21_107_141,seq7,r_22_10_48,0.84,3,51,48,35
15,r_105_132_168,seq104,r_143_135_56,r_105_132_168,0.59,0,168,168,35
4,r_21_107_141,r_128_24_30,r_138_91_25,r_21_107_141,0.99,0,141,141,35
70,seq49,seq51,r_13_53_54,r_13_53_54,1.0,0,54,54,35
9,r_46_80_76,seq42,r_63_48_40,r_63_48_40,0.53,16,56,40,35
12,r_128_24_30,r_21_107_141,r_70_23_52,r_128_24_30,0.97,111,141,30,35
85,seq87,r_82_39_84,r_66_78_15,r_82_39_84,0.91,-2,82,84,35
2,r_16_76_175,r_14_26_186,r_18_75_111,r_18_75_111,0.52,64,175,111,35
46,r_63_48_40,r_5_62_7,r_46_80_76,r_63_48_40,0.96,1,41,40,35
8,r_138_91_25,r_140_137_194,seq90,r_138_91_25,0.85,0,25,25,35
52,seq2,seq0,r_29_1_47,r_29_1_47,1.0,5,52,47,35
27,r_117_36_104,r_116_127_149,r_82_39_84,r_116_127_149,0.97,-45,104,149,35
22,r_86_37_178,seq79,r_82_39_84,r_86_37_178,1.0,0,178,178,35
2,r_16_76_175,r_15_9_61,r_14_26_186,r_15_9_61,1.0,1,62,61,35
47,r_15_9_61,r_16_76_175,seq8,r_15_9_61,1.0,1,62,61,35
3,r_70_23_52,seq71,r_128_24_30,r_70_23_52,1.0,1,53,52,35
40,r_12_56_105,seq7,seq57,r_12_56_105,1.0,0,105,105,35
87,seq90,r_92_96_67,r_138_91_25,r_138_91_25,0.99,14,39,25,35
18,r_113_109_178,r_114_58_198,r_21_107_141,r_21_107_141,1.0,39,180,141,35
24,r_35_120_124,seq40,r_85_125_57,r_35_120_124,0.87,0,124,124,35
46,r_63_48_40,r_66_78_15,r_5_62_7,r_63_48_40,0.93,-27,13,40,35
25,r_18_75_111,seq17,seq74,r_18_75_111,0.99,0,111,111,35
33,r_131_112_120,seq133,r_85_125_57,r_131_112_120,0.94,0,120,120,35
70,seq49,r_13_53_54,seq59,r_13_53_54,0.3,111,165,54,35
34,r_141_94_17,r_140_137_194,seq97,r_141_94_17,0.56,0,17,17,35
6,r_13_53_54,r_12_56_105,r_52_25_111,r_13_53_54,0.99,0,54,54,35
63,seq149,seq146,r_134_148_58,r_134_148_58,1.0,0,58,58,35
32,r_4_111_130,seq7,r_131_112_120,r_4_111_130,0.92,0,130,130,35
38,r_143_135_56,seq139,seq133,r_143_135_56,0.8,10,66,56,35
75,seq64,r_65_50_21,r_5_62_7,r_5_62_7,0.85,40,47,7,35
60,seq17,r_18_75_111,r_16_76_175,r_18_75_111,0.93,0,111,111,35
6,r_13_53_54,r_52_25_111,r_12_56_105,r_13_53_54,1.0,57,111,54,35
81,seq79,r_82_39_84,r_66_78_15,r_82_39_84,0.87,-4,80,84,35
17,r_116_127_149,seq115,r_35_120_124,r_35_120_124,1.0,25,149,124,35
28,r_14_26_186,r_16_76_175,seq20,r_16_76_175,0.8,-6,169,175,35
49,r_147_31_109,seq146,seq30,r_147_31_109,1.0,0,109,109,35
56,seq139,r_140_137_194,r_134_148_58,r_134_148_58,0.97,137,195,58,35
46,r_63_48_40,r_77_43_5,r_6_47_101,r_6_47_101,1.0,0,101,101,35
42,r_5_62_7,r_63_48_40,seq64,r_63_48_40,0.93,0,40,40,35
35,r_110_28_197,r_113_109_178,r_66_78_15,r_66_78_15,0.99,100,115,15,35
36,r_103_34_63,seq100,seq26,r_103_34_63,1.0,-3,60,63,36
14,r_50_87_163,r_49_25_143,seq51,r_49_25_143,0.97,0,143,143,36
8,r_19_127_103,seq22,seq128,r_19_127_103,1.0,0,103,103,36
43,r_94_137_83,seq98,seq136,r_94_137_83,0.88,1,84,83,36
37,r_66_134_82,r_91_67_6,seq141,r_66_134_82,0.99,0,82,82,36
45,r_3_28_49,r_4_101_57,seq29,r_3_28_49,1.0,0,49,49,36
59,seq145,seq131,r_33_144_148,r_33_144_148,1.0,-1,147,148,36
3,r_11_5_163,r_139_15_112,r_121_2_108,r_11_5_163,1.0,0,163,163,36
16,r_20_6_119,seq22,seq7,r_20_6_119,0.7,0,119,119,36
34,r_13_130_42,r_11_5_163,seq131,r_13_130_42,1.0,0,42,42,36
1,r_121_2_108,seq122,seq1,r_121_2_108,1.0,0,108,108,36
46,r_10_18_96,r_11_5_163,r_62_24_84,r_62_24_84,0.89,12,96,84,36
80,seq63,r_66_134_82,r_70_64_41,r_66_134_82,1.0,-9,73,82,36
14,r_50_87_163,seq51,r_41_65_90,r_50_87_163,0.71,3,166,163,36
69,seq39,seq37,r_138_38_156,r_138_38_156,1.0,11,167,156,36
13,r_99_21_42,seq98,seq22,r_99_21_42,1.0,0,42,42,36
24,r_108_71_13,r_91_67_6,r_112_88_22,r_112_88_22,0.54,127,149,22,36
5,r_62_24_84,r_61_110_30,r_70_64_41,r_61_110_30,0.7,-5,25,30,36
21,r_61_110_30,r_62_24_84,r_97_111_92,r_61_110_30,1.0,0,30,30,36
66,seq32,r_19_127_103,seq26,r_19_127_103,1.0,-9,94,103,36
38,r_17_79_42,r_81_120_177,r_112_88_22,r_81_120_177,0.62,-21,156,177,36
31,r_36_44_98,seq37,r_143_45_84,r_143_45_84,1.0,10,94,84,36
41,r_60_80_6,r_81_120_177,r_112_88_22,r_112_88_22,0.97,155,177,22,36
90,seq98,r_97_111_92,r_149_96_66,r_149_96_66,0.96,-4,62,66,36
44,r_12_75_20,r_13_130_42,seq78,r_12_75_20,1.0,1,21,20,36
93,seq109,r_102_95_64,r_61_110_30,r_61_110_30,1.0,1,31,30,36
0,r_33_144_148,seq29,seq145,r_33_144_148,0.84,0,148,148,36
20,r_86_125_132,seq89,seq142,r_86_125_132,0.96,-1,131,132,36
30,r_83_115_10,r_90_56_159,seq116,r_83_115_10,0.56,0,10,10,36
6,r_41_65_90,seq42,r_91_67_6,r_41_65_90,1.0,1,91,90,36
22,r_112_88_22,r_102_95_64,seq89,r_112_88_22,1.0,0,22,22,36
74,seq51,seq47,r_50_87_163,r_50_87_163,0.9,-23,140,163,36
5,r_62_24_84,r_70_64_41,seq22,r_62_24_84,1.0,0,84,84,36
74,seq51,r_54_113_66,seq47,r_54_113_66,0.95,-13,53,66,36
38,r_17_79_42,r_19_127_103,r_81_120_177,r_17_79_42,1.0,0,42,42,36
83,seq74,seq78,r_40_73_32,r_40_73_32,1.0,0,32,32,36
2,r_90_56_159,seq92,seq55,r_90_56_159,0.4,0,159,159,36
47,r_143_45_84,r_129_14_182,seq43,r_143_45_84,1.0,0,84,84,36
40,r_149_96_66,r_129_14_182,seq98,r_149_96_66,0.86,1,67,66,36
3,r_11_5_163,r_33_144_148,r_139_15_112,r_139_15_112,0.79,0,112,112,36
18,r_97_111_92,seq98,r_54_113_66,r_54_113_66,1.0,8,74,66,36
29,r_54_113_66,seq51,r_97_111_92,r_54_113_66,0.97,2,68,66,36
88,seq89,r_90_56_159,r_112_88_22,r_112_88_22,1.0,0,22,22,36
35,r_114_48_143,r_54_113_66,seq51,r_114_48_143,0.98,0,143,143,36
25,r_139_15_112,seq141,r_11_5_163,r_139_15_112,0.92,0,112,112,36
33,r_129_14_182,seq131,r_139_15_112,r_139_15_112,0.98,70,182,112,36
4,r_133_76_31,r_147_104_52,r_12_75_20,r_133_76_31,0.98,0,31,31,36
32,r_146_16_87,r_129_14_182,seq26,r_146_16_87,1.0,0,87,87,36
26,r_4_101_57,seq1,r_147_104_52,r_4_101_57,1.0,0,57,57,36
24,r_108_71_13,r_102_95_64,r_91_67_6,r_108_71_13,0.97,0,13,13,36
17,r_138_38_156,seq141,seq39,r_138_38_156,0.68,0,156,156,36
9,r_70_64_41,r_66_134_82,seq63,r_66_134_82,1.0,-6,76,82,36
42,r_0_30_39,r_4_101_57,seq31,r_0_30_39,1.0,0,39,39,36
25,r_139_15_112,r_11_5_163,r_9_148_190,r_139_15_112,0.62,50,162,112,36
28,r_124_135_131,seq131,r_66_134_82,r_66_134_82,1.0,57,139,82,36
7,r_147_104_52,r_146_16_87,seq105,r_146_16_87,0.96,-37,50,87,36
23,r_81_120_177,r_60_80_6,r_83_115_10,r_81_120_177,0.31,0,177,177,36
3,r_11_5_163,r_13_130_42,r_10_18_96,r_13_130_42,1.0,-5,37,42,36
35,r_114_48_143,seq100,r_54_113_66,r_54_113_66,0.94,6,72,66,36
3,r_11_5_163,r_10_18_96,r_33_144_148,r_11_5_163,0.34,-67,96,163,36
12,r_49_25_143,r_50_87_163,r_62_24_84,r_50_87_163,0.99,-20,143,163,36
25,r_139_15_112,r_9_148_190,r_129_14_182,r_139_15_112,0.87,70,182,112,36
43,r_98_104_108,seq96,r_132_103_10,r_98_104_108,0.96,0,108,108,37
45,r_132_103_10,r_139_46_90,seq102,r_132_103_10,0.72,0,10,10,37
37,r_36_81_124,r_38_3_136,seq80,r_36_81_124,0.96,0,124,124,37
59,seq14,seq17,r_121_12_113,r_121_12_113,1.0,4,117,113,37
3,r_92_112_11,r_95_94_16,seq113,r_92_112_11,0.94,0,11,11,37
96,seq113,r_111_65_77,r_92_112_11,r_111_65_77,1.0,-18,59,77,37
21,r_61_75_80,seq57,seq74,r_61_75_80,0.49,0,80,80,37
39,r_109_135_163,seq108,r_91_136_155,r_91_136_155,0.79,8,163,155,37
5,r_143_97_61,seq141,seq99,r_143_97_61,1.0,0,61,61,37
46,r_138_45_70,r_139_46_90,seq40,r_138_45_70,0.92,0,70,70,37
42,r_23_146_176,seq20,r_101_149_67,r_23_146_176,0.37,0,176,176,37
80,seq74,seq70,r_61_75_80,r_61_75_80,0.72,15,95,80,37
19,r_15_43_116,seq17,r_148_42_110,r_15_43_116,0.91,0,116,116,37
4,r_129_48_138,r_47_127_78,r_73_58_111,r_129_48_138,0.94,0,138,138,37
14,r_100_56_20,r_95_94_16,seq57,r_100_56_20,0.9,0,20,20,37
31,r_51_19_127,r_72_50_35,seq20,r_51_19_127,0.82,0,127,127,37
41,r_101_149_67,seq96,seq144,r_101_149_67,1.0,1,68,67,37
26,r_107_114_46,r_111_65_77,seq123,r_111_65_77,1.0,-28,49,77,37
89,seq89,r_91_136_155,r_31_93_58,r_31_93_58,0.92,98,156,58,37
4,r_129_48_138,r_128_16_55,seq124,r_128_16_55,1.0,3,58,55,37
20,r_133_134_32,seq140,r_91_136_155,r_91_136_155,0.67,0,155,155,37
36,r_64_9_36,r_67_60_158,seq10,r_64_9_36,1.0,0,36,36,37
13,r_22_35_171,r_23_146_176,r_126_34_36,r_126_34_36,0.99,135,171,36,37
4,r_129_48_138,seq124,r_47_127_78,r_47_127_78,0.88,38,116,78,37
10,r_59_39_26,r_51_19_127,seq41,r_59_39_26,0.8,7,33,26,37
38,r_55_0_13,r_59_39_26,seq1,r_55_0_13,1.0,0,13,13,37
27,r_110_79_84,seq108,seq78,r_110_79_84,1.0,0,84,84,37
30,r_128_16_55,r_129_48_138,seq18,r_128_16_55,1.0,2,57,55,37
2,r_29_125_140,seq27,seq124,r_29_125_140,0.88,0,140,140,37
47,r_148_42_110,seq144,seq41,r_148_42_110,0.95,1,111,110,37
15,r_147_71_33,r_148_42_110,seq74,r_147_71_33,1.0,0,33,33,37
18,r_119_84_78,r_118_24_175,seq80,r_119_84_78,1.0,0,78,78,37
24,r_121_12_113,seq123,seq14,r_121_12_113,0.99,0,113,113,37
25,r_90_53_68,r_91_136_155,seq62,r_90_53_68,0.68,0,68,68,37
33,r_67_60_158,seq68,r_129_48_138,r_129_48_138,0.94,23,161,138,37
6,r_13_32_39,seq14,seq20,r_13_32_39,1.0,4,43,39,37
32,r_31_93_58,r_29_125_140,seq89,r_31_93_58,0.99,0,58,58,37
48,r_47_127_78,r_129_48_138,seq124,r_129_48_138,1.0,0,138,138,37
45,r_132_103_10,seq102,r_98_104_108,r_98_104_108,1.0,2,110,108,37
46,r_138_45_70,seq40,r_139_46_90,r_139_46_90,0.91,4,94,90,37
17,r_115_5_116,r_118_24_175,r_4_7_24,r_115_5_116,0.76,1,117,116,37
1,r_44_116_21,r_47_127_78,seq123,r_44_116_21,0.57,0,21,21,37
9,r_91_136_155,seq89,r_133_134_32,r_91_136_155,0.82,1,156,155,37
22,r_122_106_76,r_118_24_175,seq108,r_122_106_76,0.76,0,76,76,37
28,r_38_3_136,r_36_81_124,r_13_32_39,r_38_3_136,0.86,-47,89,136,37
91,seq99,seq96,r_143_97_61,r_143_97_61,1.0,81,142,61,37
7,r_25_11_178,seq26,r_4_7_24,r_4_7_24,0.45,154,178,24,37
82,seq78,seq82,r_110_79_84,r_110_79_84,1.0,27,111,84,37
28,r_38_3_136,r_13_32_39,r_115_5_116,r_38_3_136,0.97,0,136,136,37
35,r_52_30_167,seq49,r_126_34_36,r_126_34_36,0.48,130,166,36,37
84,seq80,seq82,r_36_81_124,r_36_81_124,1.0,27,151,124,37
51,seq128,r_129_10_133,seq124,r_129_10_133,1.0,0,133,133,38
36,r_32_34_147,r_26_140_176,r_115_41_38,r_32_34_147,0.46,2,149,147,38
52,seq4,r_3_120_185,r_30_5_48,r_30_5_48,0.84,11,59,48,38
14,r_65_58_178,r_66_98_105,seq69,r_66_98_105,1.0,0,105,105,38
8,r_96_100_192,seq94,r_66_98_105,r_66_98_105,0.88,1,106,105,38
16,r_127_112_106,r_129_10_133,r_84_111_105,r_127_112_106,0.98,1,107,106,38
39,r_85_12_133,r_84_111_105,r_73_121_199,r_84_111_105,1.0,-4,101,105,38
97,seq116,r_114_21_183,r_20_119_50,r_20_119_50,0.96,35,85,50,38
46,r_113_22_6,r_26_140_176,r_115_41_38,r_115_41_38,0.69,111,149,38,38
7,r_3_120_185,r_25_2_51,r_20_119_50,r_3_120_185,0.67,0,185,185,38
28,r_91_87_144,r_105_90_100,seq88,r_91_87_144,1.0,0,144,144,38
7,r_3_120_185,seq4,r_25_2_51,r_25_2_51,1.0,8,59,51,38
0,r_105_90_100,r_91_87_144,r_29_93_6,r_91_87_144,1.0,0,144,144,38
14,r_65_58_178,seq69,r_118_51_148,r_118_51_148,0.69,30,178,148,38
0,r_105_90_100,seq104,r_91_87_144,r_91_87_144,0.64,-44,100,144,38
45,r_15_144_35,r_16_59_170,seq141,r_15_144_35,0.98,0,35,35,38
11,r_118_51_148,seq116,seq48,r_118_51_148,0.76,1,149,148,38
26,r_25_2_51,r_26_140_176,r_3_120_185,r_25_2_51,1.0,0,51,51,38
39,r_85_12_133,r_73_121_199,r_115_41_38,r_85_12_133,0.66,2,135,133,38
13,r_26_140_176,seq28,r_131_142_38,r_26_140_176,0.59,0,176,176,38
15,r_123_6_156,seq124,r_30_5_48,r_30_5_48,0.34,108,156,48,38
48,r_7_18_180,r_65_58_178,r_145_55_73,r_145_55_73,0.97,12,85,73,38
6,r_145_55_73,seq141,seq48,r_145_55_73,1.0,-1,72,73,38
62,seq149,r_148_60_186,r_38_147_93,r_38_147_93,0.99,93,186,93,38
78,seq63,r_133_86_16,seq69,r_133_86_16,0.68,96,112,16,38
40,r_77_37_32,r_84_111_105,seq35,r_84_111_105,0.58,-72,33,105,38
27,r_52_95_179,seq54,r_96_100_192,r_52_95_179,0.61,1,180,179,38
30,r_30_5_48,seq4,r_123_6_156,r_123_6_156,0.98,1,157,156,38
2,r_84_111_105,r_85_12_133,r_127_112_106,r_84_111_105,0.95,0,105,105,38
47,r_114_21_183,seq116,r_115_41_38,r_115_41_38,0.99,145,183,38,38
10,r_64_122_80,r_123_6_156,seq124,r_123_6_156,0.51,-50,106,156,38
18,r_56_19_134,r_57_97_135,r_115_41_38,r_56_19_134,0.97,-1,133,134,38
29,r_57_97_135,r_56_19_134,r_96_100_192,r_57_97_135,0.95,0,135,135,38
24,r_50_74_12,r_73_121_199,r_109_82_10,r_109_82_10,0.81,89,99,10,38
20,r_20_119_50,r_26_140_176,seq116,r_20_119_50,1.0,0,50,50,38
33,r_24_103_139,seq23,seq101,r_24_103_139,0.61,0,139,139,38
48,r_7_18_180,r_145_55_73,r_115_41_38,r_145_55_73,0.73,80,153,73,38
50,seq0,r_3_120_185,r_39_1_104,r_39_1_104,0.89,52,156,104,38
44,r_133_86_16,r_137_134_201,seq88,r_133_86_16,0.98,0,16,16,38
32,r_126_107_189,seq128,r_67_102_176,r_67_102_176,0.72,13,189,176,38
34,r_66_98_105,r_65_58_178,r_96_100_192,r_66_98_105,0.97,0,105,105,38
1,r_131_142_38,r_130_143_166,seq141,r_131_142_38,0.97,0,38,38,38
60,seq17,r_16_59_170,r_85_12_133,r_85_12_133,0.92,38,171,133,38
30,r_30_5_48,r_26_140_176,seq4,r_30_5_48,0.99,0,48,48,38
94,seq104,r_105_90_100,seq106,r_105_90_100,0.87,0,100,100,38
9,r_38_147_93,r_26_140_176,seq149,r_38_147_93,0.99,0,93,93,38
26,r_25_2_51,r_3_120_185,r_39_1_104,r_39_1_104,0.99,81,185,104,38
22,r_129_10_133,seq128,seq11,r_129_10_133,0.97,0,133,133,38
28,r_91_87_144,seq92,r_105_90_100,r_105_90_100,0.47,10,110,100,38
49,r_16_59_170,seq17,r_118_51_148,r_118_51_148,0.81,36,184,148,38
43,r_109_82_10,r_105_90_100,seq81,r_109_82_10,0.9,0,10,10,38
23,r_33_49_148,r_26_140_176,seq48,r_33_49_148,0.77,1,149,148,38
82,seq70,r_71_8_180,r_109_82_10,r_109_82_10,0.67,170,180,10,38
35,r_130_143_166,r_137_134_201,r_15_144_35,r_130_143_166,0.73,0,166,166,38
12,r_39_1_104,seq40,seq0,r_39_1_104,0.97,0,104,104,38
3,r_115_41_38,r_114_21_183,seq40,r_115_41_38,1.0,0,38,38,38
40,r_67_108_181,r_72_66_184,seq106,r_67_108_181,0.44,0,181,181,39
30,r_129_78_144,r_134_63_195,seq79,r_129_78_144,0.37,0,144,144,39
36,r_9_114_129,r_10_62_148,r_133_115_6,r_9_114_129,0.66,0,129,129,39
48,r_1_110_127,r_107_100_198,r_48_109_133,r_1_110_127,0.53,13,140,127,39
14,r_17_130_149,seq19,seq131,r_17_130_149,0.79,1,150,149,39
7,r_71_127_15,r_70_57_52,seq128,r_71_127_15,1.0,0,15,15,39
37,r_83_122_170,seq84,seq123,r_83_122_170,0.49,0,170,170,39
21,r_20_49_72,r_17_130_149,r_50_52_189,r_20_49_72,0.93,0,72,72,39
1,r_136_51_155,seq135,r_50_52_189,r_136_51_155,0.79,0,155,155,39
42,r_30_34_100,r_27_28_132,r_35_137_192,r_30_34_100,0.76,0,100,100,39
45,r_117_7_160,seq112,seq8,r_117_7_160,0.63,0,160,160,39
19,r_87_12_93,r_90_47_130,r_86_11_7,r_87_12_93,0.73,0,93,93,39
76,seq60,seq58,r_76_61_141,r_76_61_141,0.83,12,153,141,39
6,r_23_93_21,r_24_75_176,seq95,r_23_93_21,0.99,0,21,21,39
10,r_73_148_77,r_72_66_184,r_56_147_16,r_73_148_77,1.0,0,77,77,39
26,r_14_43_107,r_17_130_149,seq42,r_14_43_107,0.73,0,107,107,39
4,r_90_47_130,r_89_36_155,seq45,r_90_47_130,0.51,0,130,130,39
0,r_101_77_100,seq102,seq79,r_101_77_100,0.83,0,100,100,39
29,r_142_31_58,seq145,seq33,r_142_31_58,1.0,1,59,58,39
11,r_91_38_141,r_92_140_159,seq37,r_91_38_141,0.71,0,141,141,39
20,r_72_66_184,r_76_61_141,r_55_74_109,r_55_74_109,1.0,19,128,109,39
13,r_125_64_178,seq126,r_10_62_148,r_125_64_178,0.54,0,178,178,39
49,r_55_74_109,r_48_109_133,r_72_66_184,r_55_74_109,0.69,-32,77,109,39
46,r_68_141_55,r_65_121_15,r_92_140_159,r_92_140_159,0.61,1,160,159,39
33,r_29_41_41,r_17_130_149,seq40,r_29_41_41,0.61,0,41,41,39
15,r_116_96_95,r_117_7_160,r_144_94_41,r_116_96_95,0.97,0,95,95,39
48,r_1_110_127,r_4_69_163,r_107_100_198,r_107_100_198,0.69,-71,127,198,39
95,seq118,seq120,r_65_121_15,r_65_121_15,1.0,13,28,15,39
12,r_149_6_190,r_56_147_16,r_87_12_93,r_149_6_190,0.45,0,190,190,39
96,seq120,seq118,r_65_121_15,r_65_121_15,1.0,14,29,15,39
27,r_4_69_163,seq5,r_55_74_109,r_4_69_163,0.42,0,163,163,39
22,r_56_147_16,seq145,r_73_148_77,r_73_148_77,1.0,37,114,77,39
2,r_24_75_176,seq25,r_55_74_109,r_55_74_109,0.69,67,176,109,39
47,r_10_62_148,r_9_114_129,r_87_12_93,r_87_12_93,1.0,36,129,93,39
40,r_67_108_181,r_68_141_55,r_72_66_184,r_68_141_55,1.0,0,55,55,39
18,r_89_36_155,seq88,r_30_34_100,r_89_36_155,0.93,0,155,155,39
24,r_50_52_189,r_48_109_133,seq40,r_48_109_133,1.0,-18,115,133,39
25,r_39_59_121,seq40,seq58,r_39_59_121,0.92,2,123,121,39
43,r_86_11_7,r_10_62_148,seq8,r_10_62_148,0.76,0,148,148,39
47,r_10_62_148,r_87_12_93,r_55_74_109,r_87_12_93,0.55,55,148,93,39
46,r_68_141_55,r_67_108_181,r_65_121_15,r_68_141_55,0.98,2,57,55,39
88,seq102,r_101_77_100,seq99,r_101_77_100,1.0,0,100,100,39
22,r_56_147_16,r_54_80_28,seq145,r_56_147_16,0.76,0,16,16,39
70,seq42,seq40,r_14_43_107,r_14_43_107,1.0,24,131,107,39
42,r_30_34_100,r_35_137_192,r_89_36_155,r_89_36_155,1.0,10,165,155,39
32,r_70_57_52,r_73_148_77,seq60,r_73_148_77,0.99,-3,74,77,39
77,seq79,seq81,r_129_78_144,r_129_78_144,0.79,8,152,144,39
34,r_18_138_180,seq22,seq135,r_18_138_180,0.54,0,180,180,39
75,seq58,seq60,r_39_59_121,r_39_59_121,1.0,7,128,121,39
20,r_72_66_184,r_55_74_109,r_10_62_148,r_10_62_148,0.97,34,182,148,39
3,r_144_94_41,seq145,seq95,r_144_94_41,0.94,0,41,41,39
17,r_35_137_192,seq53,r_30_34_100,r_30_34_100,0.71,0,100,100,39
5,r_113_119_57,r_117_7_160,r_65_121_15,r_113_119_57,1.0,0,57,57,39
94,seq112,r_117_7_160,r_133_115_6,r_117_7_160,0.92,-70,90,160,39
51,seq128,r_129_78_144,r_71_127_15,r_71_127_15,1.0,3,18,15,39
38,r_65_121_15,r_70_57_52,seq118,r_65_121_15,1.0,0,15,15,39
49,r_55_74_109,r_54_80_28,r_48_109_133,r_54_80_28,0.73,2,30,28,39
41,r_54_80_28,r_55_74_109,seq81,r_54_80_28,1.0,1,29,28,39
56,seq8,seq33,r_117_7_160,r_117_7_160,1.0,1,161,160,39
44,r_97_16_85,seq98,seq15,r_97_16_85,1.0,0,85,85,39
23,r_92_140_159,seq95,r_68_141_55,r_68_141_55,0.84,104,159,55,39
82,seq88,r_89_36_155,seq84,r_89_36_155,0.57,0,155,155,39
35,r_48_109_133,r_50_52_189,r_1_110_127,r_50_52_189,0.58,-56,133,189,39
12,r_149_6_190,seq145,r_56_147_16,r_56_147_16,0.98,55,71,16,39
30,r_56_121_128,seq48,seq123,r_56_121_128,0.78,0,128,128,40
36,r_135_79_122,seq132,r_37_78_86,r_135_79_122,0.68,0,122,122,40
18,r_49_69_44,r_52_63_88,seq76,r_49_69_44,0.99,0,44,44,40
8,r_147_38_70,r_146_148_192,r_59_39_187,r_147_38_70,0.93,7,77,70,40
17,r_60_137_20,r_59_39_187,r_138_33_146,r_60_137_20,0.92,2,22,20,40
54,seq129,r_130_62_80,seq132,r_130_62_80,0.97,0,80,80,40
21,r_117_143_109,r_113_94_174,seq140,r_117_143_109,0.88,4,113,109,40
39,r_95_100_173,r_93_58_116,seq92,r_93_58_116,0.99,0,116,116,40
1,r_82_50_148,seq85,r_77_57_105,r_82_50_148,0.5,0,148,148,40
5,r_6_55_182,seq5,r_68_54_33,r_68_54_33,0.88,149,182,33,40
46,r_74_0_83,seq76,seq5,r_74_0_83,1.0,0,83,83,40
42,r_106_3_170,seq105,r_74_0_83,r_106_3_170,0.63,0,170,170,40
40,r_130_62_80,r_52_63_88,r_59_39_187,r_52_63_88,0.53,51,139,88,40
32,r_80_22_64,seq34,r_138_33_146,r_138_33_146,0.87,26,172,146,40
45,r_71_47_84,seq72,seq48,r_71_47_84,1.0,0,84,84,40
19,r_2_75_139,seq4,r_37_78_86,r_2_75_139,0.98,0,139,139,40
66,seq26,seq24,r_96_25_62,r_96_25_62,1.0,28,90,62,40
31,r_52_63_88,seq53,seq66,r_52_63_88,0.65,6,94,88,40
41,r_124_86_148,r_125_97_194,r_115_88_121,r_124_86_148,0.44,0,148,148,40
89,seq91,seq92,r_21_90_144,r_21_90_144,0.99,0,144,144,40
3,r_96_25_62,r_93_58_116,seq26,r_96_25_62,0.92,0,62,62,40
14,r_138_33_146,seq139,r_60_137_20,r_60_137_20,1.0,1,21,20,40
26,r_21_90_144,seq20,seq91,r_21_90_144,0.94,1,145,144,40
72,seq36,r_37_78_86,seq34,r_37_78_86,0.98,0,86,86,40
14,r_138_33_146,r_60_137_20,r_14_32_116,r_138_33_146,0.79,0,146,146,40
4,r_77_57_105,seq76,seq48,r_77_57_105,0.94,0,105,105,40
11,r_111_15_103,r_117_143_109,seq16,r_111_15_103,1.0,1,104,103,40
13,r_37_78_86,seq36,seq76,r_37_78_86,1.0,0,86,86,40
15,r_89_133_150,seq92,seq132,r_89_133_150,0.49,0,150,150,40
6,r_131_9_181,seq132,r_111_15_103,r_111_15_103,0.98,78,181,103,40
48,r_17_109_53,seq16,seq110,r_17_109_53,1.0,0,53,53,40
0,r_134_23_55,r_135_79_122,seq26,r_134_23_55,0.97,1,56,55,40
44,r_98_81_31,r_99_84_99,seq76,r_98_81_31,1.0,0,31,31,40
27,r_142_102_186,seq140,r_70_104_46,r_70_104_46,0.89,140,186,46,40
58,seq16,r_17_109_53,seq18,r_17_109_53,1.0,0,53,53,40
2,r_10_13_165,r_11_31_190,seq12,r_11_31_190,0.71,-122,68,190,40
20,r_70_104_46,r_71_47_84,r_144_107_6,r_70_104_46,0.87,0,46,46,40
40,r_130_62_80,seq129,r_52_63_88,r_130_62_80,0.51,0,80,80,40
24,r_115_88_121,r_113_94_174,r_124_86_148,r_124_86_148,0.54,5,153,148,40
35,r_14_32_116,seq16,seq30,r_14_32_116,1.0,0,116,116,40
25,r_87_112_171,seq92,seq123,r_87_112_171,0.36,-19,152,171,40
33,r_119_136_100,seq120,seq132,r_119_136_100,0.96,0,100,100,40
38,r_116_41_118,r_113_94_174,seq42,r_116_41_118,0.93,0,118,118,40
52,seq4,r_2_75_139,r_74_0_83,r_74_0_83,0.77,56,139,83,40
39,r_95_100_173,seq92,seq101,r_95_100_173,0.61,0,173,173,40
23,r_114_46_58,r_117_143_109,seq44,r_114_46_58,1.0,0,58,58,40
34,r_99_84_99,seq92,seq85,r_99_84_99,0.77,0,99,99,40
35,r_14_32_116,seq12,seq16,r_14_32_116,0.61,-90,26,116,40
94,seq140,r_138_33_146,seq139,r_138_33_146,0.99,-17,129,146,40
9,r_93_58_116,r_95_100_173,r_77_57_105,r_93_58_116,0.97,0,116,116,40
22,r_122_108_135,seq123,r_144_107_6,r_144_107_6,0.7,137,143,6,40
49,r_27_7_19,r_37_78_86,seq5,r_27_7_19,0.96,0,19,19,40
91,seq101,r_103_45_186,r_95_100_173,r_103_45_186,0.55,0,186,186,40
7,r_11_31_190,r_10_13_165,r_138_33_146,r_11_31_190,0.64,0,190,190,40
17,r_60_137_20,r_138_33_146,r_117_143_109,r_60_137_20,0.95,126,146,20,40
12,r_146_148_192,r_147_38_70,seq145,r_147_38_70,1.0,4,74,70,40
92,seq93,r_90_118_183,r_82_91_67,r_82_91_67,0.96,-2,65,67,41
23,r_120_40_65,r_43_87_157,r_146_38_97,r_120_40_65,0.88,35,100,65,41
14,r_70_49_77,seq73,seq50,r_70_49_77,0.88,2,79,77,41
41,r_80_76_49,seq79,r_15_64_7,r_80_76_49,1.0,0,49,49,41
43,r_128_19_107,seq127,seq21,r_128_19_107,0.99,0,107,107,41
37,r_29_100_96,r_27_36_178,seq98,r_29_100_96,0.82,0,96,96,41
16,r_138_28_21,r_136_81_31,r_27_36_178,r_138_28_21,1.0,0,21,21,41
39,r_23_125_182,r_27_36_178,r_129_126_151,r_23_125_182,0.55,0,182,182,41
1,r_54_6_188,seq55,r_141_8_50,r_54_6_188,0.35,0,188,188,41
19,r_144_74_91,seq143,seq73,r_144_74_91,0.98,0,91,91,41
8,r_129_126_151,seq127,r_23_125_182,r_129_126_151,0.54,34,185,151,41
12,r_136_81_31,seq134,seq86,r_136_81_31,0.95,0,31,31,41
3,r_47_131_84,seq45,seq130,r_47_131_84,1.0,0,84,84,41
10,r_133_78_108,seq130,r_69_34_156,r_133_78_108,0.9,0,108,108,41
10,r_133_78_108,r_69_34_156,r_102_77_143,r_133_78_108,1.0,38,146,108,41
26,r_12_123_135,seq11,r_83_117_24,r_12_123_135,0.97,0,135,135,41
4,r_43_87_157,seq44,r_101_88_153,r_43_87_157,0.56,0,157,157,41
0,r_114_106_186,r_113_140_79,r_72_110_51,r_114_106_186,1.0,-107,79,186,41
20,r_46_119_176,seq45,r_61_108_10,r_46_119_176,0.45,0,176,176,41
13,r_101_88_153,r_102_77_143,r_97_67_174,r_102_77_143,0.5,-12,131,143,41
98,seq122,r_121_124_200,r_12_123_135,r_12_123_135,1.0,11,146,135,41
15,r_97_67_174,seq98,r_15_64_7,r_97_67_174,0.47,0,174,174,41
48,r_109_92_159,r_114_106_186,r_82_91_67,r_109_92_159,0.37,0,159,159,41
31,r_111_25_13,r_114_106_186,r_27_36_178,r_111_25_13,0.92,0,13,13,41
46,r_145_99_45,r_144_74_91,seq98,r_145_99_45,1.0,0,45,45,41
21,r_72_110_51,r_109_92_159,r_20_112_149,r_20_112_149,1.0,10,159,149,41
85,seq139,seq137,r_113_140_79,r_113_140_79,1.0,36,115,79,41
99,seq127,r_128_19_107,r_83_117_24,r_128_19_107,0.96,0,107,107,41
27,r_30_132_92,r_29_100_96,r_47_131_84,r_29_100_96,0.66,-4,92,96,41
13,r_101_88_153,r_97_67_174,seq84,r_101_88_153,0.54,0,153,153,41
87,seq73,r_48_71_2,r_144_74_91,r_144_74_91,1.0,8,99,91,41
2,r_69_34_156,seq68,r_63_32_102,r_63_32_102,0.8,54,156,102,41
47,r_90_118_183,seq93,r_114_106_186,r_114_106_186,0.56,0,186,186,41
25,r_83_117_24,r_82_91_67,seq116,r_83_117_24,0.94,1,25,24,41
30,r_65_52_51,r_63_32_102,seq51,r_63_32_102,0.66,-51,51,102,41
40,r_102_77_143,r_101_88_153,r_133_78_108,r_102_77_143,0.61,0,143,143,41
29,r_146_38_97,r_147_75_145,r_120_40_65,r_146_38_97,0.99,0,97,97,41
5,r_61_108_10,seq62,seq105,r_61_108_10,0.89,0,10,10,41
95,seq105,r_114_106_186,r_39_104_23,r_39_104_23,1.0,1,24,23,41
33,r_103_58_106,r_114_106_186,seq62,r_103_58_106,1.0,0,106,106,41
32,r_82_91_67,seq84,seq93,r_82_91_67,0.93,0,67,67,41
38,r_37_107_96,seq41,r_39_104_23,r_37_107_96,0.64,0,96,96,41
11,r_24_60_38,r_23_125_182,seq62,r_24_60_38,0.8,0,38,38,41
21,r_72_110_51,r_70_49_77,r_109_92_159,r_72_110_51,0.99,0,51,51,41
9,r_141_8_50,r_149_94_189,seq4,r_141_8_50,1.0,0,50,50,41
34,r_63_32_102,seq66,seq33,r_63_32_102,0.61,0,102,102,41
75,seq44,r_43_87_157,r_120_40_65,r_120_40_65,1.0,92,157,65,41
60,seq11,r_12_123_135,seq10,r_12_123_135,1.0,0,135,135,41
17,r_17_95_159,r_18_2_188,seq96,r_17_95_159,0.52,0,159,159,41
94,seq98,seq96,r_145_99_45,r_145_99_45,1.0,17,62,45,41
7,r_89_42_10,r_90_118_183,seq44,r_89_42_10,0.96,0,10,10,41
22,r_18_2_188,r_17_95_159,r_128_19_107,r_128_19_107,0.96,52,159,107,41
28,r_113_140_79,r_114_106_186,seq139,r_113_140_79,1.0,0,79,79,41
49,r_53_59_145,r_54_6_188,r_24_60_38,r_53_59_145,0.8,0,145,145,41
23,r_120_40_65,r_121_124_200,r_43_87_157,r_120_40_65,0.96,0,65,65,41
35,r_147_75_145,r_149_94_189,r_144_74_91,r_149_94_189,0.89,-41,148,189,41
85,seq94,r_109_102_29,r_129_93_101,r_129_93_101,0.89,15,116,101,42
36,r_125_41_138,r_124_37_175,r_92_38_80,r_125_41_138,0.94,0,138,138,42
17,r_109_102_29,r_110_127_41,seq101,r_109_102_29,0.99,0,29,29,42
8,r_14_99_70,r_15_72_142,seq100,r_14_99_70,0.99,0,70,70,42
43,r_146_120_72,seq147,seq122,r_146_120_72,1.0,0,72,72,42
54,seq8,r_6_139_124,seq2,r_6_139_124,1.0,0,124,124,42
37,r_87_5_189,seq89,r_103_4_147,r_87_5_189,0.45,0,189,189,42
40,r_30_60_35,r_32_49_146,seq61,r_30_60_35,1.0,0,35,35,42
86,seq98,r_97_63_104,r_109_102_29,r_109_102_29,0.85,72,101,29,42
16,r_92_38_80,seq94,seq36,r_92_38_80,0.97,0,80,80,42
39,r_35_145_196,r_34_95_115,r_130_47_71,r_130_47_71,1.0,43,114,71,42
1,r_104_58_66,r_106_10_90,r_30_60_35,r_104_58_66,1.0,0,66,66,42
69,seq46,seq45,r_130_47_71,r_130_47_71,1.0,109,180,71,42
58,seq142,seq141,r_81_143_40,r_81_143_40,1.0,10,50,40,42
19,r_13_40_147,seq12,r_125_41_138,r_125_41_138,0.95,9,147,138,42
3,r_53_33_121,r_35_145_196,r_92_38_80,r_35_145_196,0.84,-14,182,196,42
39,r_35_145_196,r_92_38_80,r_81_143_40,r_35_145_196,0.91,0,196,196,42
70,seq48,r_53_33_121,seq36,r_53_33_121,0.4,-96,25,121,42
95,seq116,r_117_42_88,r_113_111_156,r_117_42_88,1.0,0,88,88,42
38,r_7_44_30,seq45,r_117_42_88,r_117_42_88,1.0,59,147,88,42
41,r_106_10_90,seq105,seq12,r_106_10_90,1.0,0,90,90,42
67,seq43,seq45,r_117_42_88,r_117_42_88,1.0,13,101,88,42
89,seq105,r_106_10_90,r_113_111_156,r_106_10_90,1.0,0,90,90,42
3,r_53_33_121,r_54_131_130,r_35_145_196,r_54_131_130,0.97,0,130,130,42
10,r_84_55_85,r_86_25_176,r_104_58_66,r_84_55_85,0.49,0,85,85,42
4,r_22_83_109,r_11_121_125,seq85,r_11_121_125,0.52,-17,108,125,42
78,seq71,seq73,r_15_72_142,r_15_72_142,0.68,47,189,142,42
11,r_15_72_142,r_13_40_147,seq75,r_13_40_147,0.61,-5,142,147,42
20,r_103_4_147,seq101,seq2,r_103_4_147,0.94,0,147,147,42
98,seq123,seq134,r_110_127_41,r_110_127_41,0.89,61,102,41,42
30,r_0_28_11,r_6_139_124,r_32_49_146,r_0_28_11,0.54,0,11,11,42
15,r_130_47_71,r_124_37_175,seq46,r_130_47_71,1.0,1,72,71,42
48,r_86_25_176,seq85,r_0_28_11,r_86_25_176,0.67,0,176,176,42
26,r_51_23_20,r_53_33_121,seq12,r_51_23_20,0.68,0,20,20,42
49,r_24_136_15,r_22_83_109,r_115_133_14,r_24_136_15,1.0,0,15,15,42
13,r_79_67_189,r_84_55_85,r_16_80_32,r_79_67_189,0.98,-150,39,189,42
27,r_124_37_175,seq128,r_92_38_80,r_124_37_175,0.59,0,175,175,42
42,r_82_96_173,r_81_143_40,seq85,r_81_143_40,0.81,-20,20,40,42
30,r_0_28_11,r_32_49_146,seq29,r_32_49_146,0.76,-41,105,146,42
21,r_81_143_40,r_82_96_173,seq142,r_81_143_40,1.0,0,40,40,42
86,seq98,r_109_102_29,r_34_95_115,r_34_95_115,0.93,1,116,115,42
72,seq137,r_135_144_180,r_39_138_35,r_39_138_35,1.0,7,42,35,42
2,r_129_93_101,r_124_37_175,seq94,r_129_93_101,1.0,1,102,101,42
18,r_97_63_104,seq98,r_118_64_14,r_97_63_104,0.94,0,104,104,42
29,r_32_49_146,r_27_31_130,seq48,r_32_49_146,0.57,0,146,146,42
38,r_7_44_30,seq8,seq45,r_7_44_30,1.0,0,30,30,42
24,r_78_56_132,r_79_67_189,r_104_58_66,r_104_58_66,0.81,66,132,66,42
6,r_110_127_41,r_117_42_88,seq128,r_117_42_88,0.99,-47,41,88,42
33,r_54_131_130,r_53_33_121,r_110_127_41,r_54_131_130,1.0,0,130,130,42
46,r_132_70_57,r_130_47_71,seq65,r_132_70_57,0.96,0,57,57,42
31,r_88_148_8,seq147,r_66_149_36,r_66_149_36,1.0,4,40,36,42
47,r_118_64_14,seq119,seq62,r_118_64_14,0.98,0,14,14,42
42,r_82_96_173,seq85,r_34_95_115,r_82_96_173,0.47,0,173,173,42
32,r_117_42_88,seq116,seq43,r_117_42_88,1.0,0,88,88,42
34,r_74_90_145,seq75,seq89,r_74_90_145,0.38,17,162,145,42
39,r_35_145_196,r_53_33_121,r_92_38_80,r_53_33_121,0.54,57,178,121,42
1,r_104_58_66,r_30_60_35,r_84_55_85,r_104_58_66,0.63,58,124,66,42
39,r_35_145_196,r_130_47_71,r_53_33_121,r_130_47_71,0.73,60,131,71,42
94,seq147,r_146_120_72,r_88_148_8,r_146_120_72,1.0,0,72,72,42
9,r_6_139_124,seq8,seq147,r_6_139_124,0.53,0,124,124,42
22,r_27_31_130,r_32_49_146,r_0_28_11,r_27_31_130,0.6,-45,85,130,42
28,r_11_121_125,r_13_40_147,r_146_120_72,r_11_121_125,0.55,0,125,125,42
14,r_39_138_35,seq36,seq137,r_39_138_35,0.98,0,35,35,42
7,r_1_69_148,r_6_139_124,seq3,r_6_139_124,0.71,54,178,124,42
35,r_16_80_32,seq17,r_79_67_189,r_16_80_32,0.95,0,32,32,42
44,r_34_95_115,r_35_145_196,seq98,r_34_95_115,0.72,0,115,115,42
0,r_66_149_36,seq65,r_88_148_8,r_66_149_36,0.86,0,36,36,42
23,r_57_52_122,seq61,seq50,r_57_52_122,0.83,0,122,122,42
7,r_1_69_148,seq3,r_132_70_57,r_1_69_148,0.98,0,148,148,42
30,r_125_106_97,seq130,r_49_108_13,r_125_106_97,1.0,0,97,97,43
36,r_141_54_104,seq140,seq53,r_141_54_104,0.95,0,104,104,43
9,r_73_149_36,r_145_127_116,r_30_146_117,r_30_146_117,0.83,2,119,117,43
14,r_92_94_101,seq86,r_126_102_12,r_126_102_12,0.98,108,120,12,43
8,r_80_57_130,seq77,r_122_64_128,r_122_64_128,1.0,2,130,128,43
23,r_56_11_31,r_66_128_146,seq13,r_56_11_31,1.0,0,31,31,43
37,r_55_89_57,seq53,seq86,r_55_89_57,0.98,5,62,57,43
86,seq85,seq77,r_37_84_52,r_37_84_52,1.0,50,102,52,43
16,r_4_129_148,r_2_34_191,r_145_127_116,r_2_34_191,0.59,-43,148,191,43
1,r_90_69_97,r_68_0_199,r_117_72_124,r_117_72_124,1.0,75,199,124,43
1,r_90_69_97,seq87,r_68_0_199,r_90_69_97,0.85,-31,66,97,43
5,r_30_146_117,seq28,r_73_149_36,r_30_146_117,0.65,2,119,117,43
46,r_118_148_198,seq121,r_73_149_36,r_73_149_36,0.91,162,198,36,43
42,r_109_44_152,r_110_120_151,r_43_48_182,r_110_120_151,0.86,1,152,151,43
27,r_7_139_24,seq6,seq140,r_7_139_24,1.0,0,24,24,43
58,seq13,seq15,r_56_11_31,r_56_11_31,1.0,11,42,31,43
15,r_82_8_21,r_80_57_130,seq6,r_82_8_21,1.0,0,21,21,43
41,r_126_102_12,r_142_47_74,seq103,r_126_102_12,0.61,0,12,12,43
21,r_43_48_182,r_109_44_152,r_142_47_74,r_43_48_182,0.46,0,182,182,43
11,r_131_3_62,r_2_34_191,r_111_12_190,r_2_34_191,0.43,0,191,191,43
76,seq61,r_60_134_91,r_114_59_44,r_60_134_91,0.9,0,91,91,43
31,r_2_34_191,r_4_129_148,r_131_3_62,r_131_3_62,0.98,70,132,62,43
26,r_124_27_12,r_131_3_62,seq28,r_124_27_12,1.0,-1,11,12,43
43,r_88_116_16,r_92_94_101,r_117_72_124,r_88_116_16,0.97,0,16,16,43
3,r_115_33_94,seq112,seq32,r_115_33_94,1.0,0,94,94,43
2,r_145_127_116,r_73_149_36,seq130,r_145_127_116,0.75,0,116,116,43
4,r_144_99_79,r_145_127_116,seq100,r_144_99_79,1.0,0,79,79,43
11,r_131_3_62,seq130,r_2_34_191,r_131_3_62,1.0,0,62,62,43
6,r_117_72_124,seq121,seq70,r_117_72_124,0.94,0,124,124,43
62,seq22,seq39,r_16_21_81,r_16_21_81,1.0,5,86,81,43
31,r_2_34_191,r_131_3_62,r_119_36_37,r_2_34_191,0.95,0,191,191,43
9,r_73_149_36,r_68_0_199,r_145_127_116,r_73_149_36,0.95,0,36,36,43
99,seq121,r_123_18_169,r_110_120_151,r_110_120_151,0.92,18,169,151,43
2,r_145_127_116,r_144_99_79,r_73_149_36,r_145_127_116,0.77,-35,81,116,43
40,r_75_91_193,seq77,r_55_89_57,r_55_89_57,0.54,136,193,57,43
74,seq52,seq45,r_143_51_93,r_143_51_93,1.0,0,93,93,43
18,r_66_128_146,seq67,r_145_127_116,r_66_128_146,0.93,0,146,146,43
29,r_63_9_71,r_62_40_190,r_82_8_21,r_63_9_71,0.99,0,71,71,43
20,r_71_31_57,r_68_0_199,seq32,r_71_31_57,1.0,0,57,57,43
61,seq19,seq28,r_97_20_174,r_97_20_174,0.91,-2,172,174,43
24,r_16_21_81,seq17,seq22,r_16_21_81,1.0,0,81,81,43
42,r_109_44_152,r_43_48_182,r_122_64_128,r_109_44_152,0.6,30,182,152,43
25,r_60_134_91,seq61,seq135,r_60_134_91,0.99,0,91,91,43
43,r_88_116_16,r_117_72_124,seq121,r_117_72_124,0.98,1,125,124,43
32,r_62_40_190,seq65,r_58_41_104,r_58_41_104,1.0,86,190,104,43
39,r_37_84_52,seq38,seq85,r_37_84_52,1.0,0,52,52,43
38,r_97_20_174,seq98,seq19,r_97_20_174,0.66,0,174,174,43
48,r_114_59_44,r_115_33_94,seq61,r_114_59_44,0.72,0,44,44,43
34,r_122_64_128,r_123_18_169,seq65,r_122_64_128,0.95,0,128,128,43
17,r_123_18_169,seq121,seq17,r_123_18_169,0.74,0,169,169,43
28,r_79_147_191,seq81,r_73_149_36,r_79_147_191,0.78,0,191,191,43
22,r_58_41_104,r_62_40_190,seq39,r_58_41_104,1.0,0,104,104,43
28,r_79_147_191,r_80_57_130,seq81,r_80_57_130,0.73,-44,86,130,43
7,r_143_51_93,r_145_127_116,seq52,r_143_51_93,1.0,0,93,93,43
75,seq53,seq65,r_141_54_104,r_141_54_104,1.0,16,120,104,43
47,r_119_36_37,r_118_148_198,seq35,r_119_36_37,1.0,1,38,37,43
79,seq70,r_68_0_199,r_117_72_124,r_117_72_124,1.0,29,153,124,43
60,seq17,r_82_8_21,r_123_18_169,r_123_18_169,0.84,2,171,169,43
35,r_1_50_137,r_4_129_148,r_143_51_93,r_1_50_137,0.86,0,137,137,43
12,r_110_120_151,seq112,seq121,r_110_120_151,0.89,1,152,151,43
59,seq15,seq13,r_93_14_9,r_93_14_9,1.0,6,15,9,43
8,r_82_83_68,r_80_61_148,seq76,r_82_83_68,0.67,23,91,68,44
43,r_140_15_89,seq143,seq7,r_140_15_89,1.0,0,89,89,44
26,r_1_39_43,seq0,seq36,r_1_39_43,0.93,0,43,43,44
17,r_51_60_22,r_53_44_142,r_62_40_42,r_51_60_22,0.99,0,22,22,44
3,r_28_86_11,seq27,seq85,r_28_86_11,0.92,0,11,11,44
71,seq43,r_42_73_91,r_34_41_58,r_42_73_91,0.79,0,91,91,44
86,seq99,r_98_38_117,r_147_100_63,r_147_100_63,0.6,35,98,63,44
16,r_92_56_164,r_91_71_110,r_10_90_72,r_92_56_164,1.0,-54,110,164,44
39,r_80_61_148,seq78,r_51_60_22,r_51_60_22,0.71,138,160,22,44
1,r_67_79_142,seq69,r_87_81_65,r_87_81_65,1.0,81,146,65,44
46,r_145_19_171,seq144,r_125_20_156,r_125_20_156,0.44,15,171,156,44
42,r_65_26_64,seq72,seq27,r_65_26_64,1.0,0,64,64,44
4,r_34_41_58,seq36,seq43,r_34_41_58,0.77,1,59,58,44
29,r_50_128_33,seq55,r_129_16_180,r_50_128_33,1.0,0,33,33,44
45,r_98_38_117,seq99,r_1_39_43,r_98_38_117,0.95,0,117,117,44
23,r_102_59_156,seq101,r_51_60_22,r_102_59_156,0.98,0,156,156,44
19,r_119_32_139,seq146,r_125_20_156,r_119_32_139,0.57,-55,84,139,44
66,seq29,seq27,r_104_30_108,r_104_30_108,1.0,9,117,108,44
14,r_110_2_49,seq112,r_107_4_27,r_110_2_49,0.73,0,49,49,44
15,r_62_40_42,r_82_83_68,r_51_60_22,r_62_40_42,0.75,-12,30,42,44
31,r_23_77_110,r_22_89_161,seq76,r_23_77_110,0.99,0,110,110,44
75,seq57,seq55,r_94_52_15,r_94_52_15,1.0,37,52,15,44
30,r_106_33_36,seq105,seq36,r_106_33_36,1.0,0,36,36,44
67,seq31,r_1_39_43,r_119_32_139,r_119_32_139,0.98,25,164,139,44
10,r_22_89_161,r_23_77_110,r_104_30_108,r_22_89_161,0.98,-51,110,161,44
0,r_147_100_63,seq149,seq99,r_147_100_63,1.0,0,63,63,44
11,r_104_30_108,r_102_59_156,seq29,r_104_30_108,1.0,0,108,108,44
20,r_118_54_121,seq115,r_94_52_15,r_118_54_121,1.0,0,121,121,44
13,r_122_108_106,seq123,r_84_111_51,r_122_108_106,0.98,0,106,106,44
49,r_125_20_156,r_88_126_16,r_132_21_123,r_88_126_16,0.9,140,156,16,44
5,r_53_44_142,r_94_52_15,seq43,r_53_44_142,0.71,4,146,142,44
10,r_22_89_161,r_104_30_108,r_10_90_72,r_22_89_161,0.97,0,161,161,44
32,r_84_111_51,r_70_127_128,seq112,r_84_111_51,1.0,0,51,51,44
36,r_94_52_15,r_53_44_142,r_118_54_121,r_118_54_121,0.91,25,146,121,44
16,r_92_56_164,r_10_90_72,seq57,r_92_56_164,1.0,0,164,164,44
28,r_88_126_16,r_87_81_65,r_125_20_156,r_88_126_16,1.0,1,17,16,44
27,r_87_81_65,r_92_56_164,seq78,r_87_81_65,1.0,0,65,65,44
36,r_94_52_15,r_96_75_132,r_53_44_142,r_94_52_15,1.0,0,15,15,44
17,r_51_60_22,r_62_40_42,r_80_61_148,r_62_40_42,0.84,-1,41,42,44
2,r_96_75_132,r_92_56_164,r_23_77_110,r_96_75_132,0.93,0,132,132,44
47,r_35_11_114,seq36,r_140_15_89,r_140_15_89,0.87,26,115,89,44
40,r_132_21_123,seq133,r_104_30_108,r_132_21_123,1.0,0,123,123,44
74,seq55,seq57,r_94_52_15,r_94_52_15,1.0,105,120,15,44
49,r_125_20_156,r_147_100_63,r_88_126_16,r_125_20_156,0.91,-130,26,156,44
24,r_114_136_156,seq115,r_137_138_99,r_114_136_156,0.74,0,156,156,44
34,r_10_90_72,r_92_56_164,r_141_95_122,r_10_90_72,0.86,87,159,72,44
25,r_45_93_95,r_47_109_171,r_10_90_72,r_47_109_171,0.95,-76,95,171,44
33,r_17_68_101,seq18,seq69,r_17_68_101,1.0,0,101,101,44
5,r_53_44_142,r_50_128_33,r_94_52_15,r_53_44_142,0.99,-119,23,142,44
68,seq133,r_132_21_123,seq131,r_132_21_123,1.0,0,123,123,44
61,seq18,r_22_89_161,r_132_21_123,r_132_21_123,0.92,38,161,123,44
38,r_141_95_122,seq143,r_45_93_95,r_141_95_122,1.0,0,122,122,44
67,seq31,r_42_73_91,r_1_39_43,r_42_73_91,0.85,-39,52,91,44
34,r_10_90_72,r_6_24_160,r_92_56_164,r_10_90_72,0.99,0,72,72,44
15,r_62_40_42,r_51_60_22,seq43,r_62_40_42,0.99,0,42,42,44
60,seq144,r_145_19_171,r_70_127_128,r_70_127_128,0.95,43,171,128,44
81,seq76,seq74,r_23_77_110,r_23_77_110,1.0,21,131,110,44
51,seq3,seq0,r_107_4_27,r_107_4_27,1.0,27,54,27,44
9,r_129_16_180,r_130_64_105,r_50_128_33,r_129_16_180,0.92,-86,94,180,44
26,r_1_39_43,seq36,r_98_38_117,r_98_38_117,1.0,10,127,117,44
28,r_88_126_16,r_125_20_156,r_70_127_128,r_88_126_16,0.55,140,156,16,44
29,r_50_128_33,r_129_16_180,r_70_127_128,r_70_127_128,1.0,51,179,128,44
22,r_70_127_128,seq69,r_50_128_33,r_70_127_128,0.89,0,128,128,44
18,r_66_49_25,r_67_79_142,r_94_52_15,r_66_49_25,1.0,0,25,25,44
7,r_42_73_91,seq43,seq74,r_42_73_91,1.0,0,91,91,44
44,r_91_71_110,r_92_56_164,r_17_68_101,r_91_71_110,1.0,0,110,110,44
41,r_103_148_53,r_104_30_108,seq149,r_103_148_53,1.0,0,53,53,44
23,r_102_59_156,r_104_30_108,seq101,r_104_30_108,1.0,0,108,108,44
82,seq78,r_80_61_148,r_67_79_142,r_80_61_148,0.72,12,160,148,44
35,r_130_64_105,r_129_16_180,r_17_68_101,r_130_64_105,0.87,0,105,105,44
30,r_124_100_174,seq126,r_53_99_112,r_124_100_174,0.34,0,174,174,45
51,seq131,r_133_108_190,r_73_139_127,r_73_139_127,0.97,55,182,127,45
36,r_88_23_175,r_90_49_122,r_75_94_40,r_88_23_175,0.71,-51,124,175,45
8,r_37_112_133,seq38,r_109_119_15,r_37_112_133,0.63,2,135,133,45
53,seq9,r_4_43_57,r_14_6_74,r_4_43_57,0.71,22,79,57,45
43,r_132_51_136,r_133_108_190,r_52_47_19,r_132_51_136,0.92,0,136,136,45
37,r_57_7_198,r_56_67_118,r_11_61_51,r_11_61_51,1.0,66,117,51,45
59,seq21,r_20_89_182,r_111_22_116,r_111_22_116,0.85,66,182,116,45
32,r_0_97_45,r_1_142_92,seq95,r_0_97_45,1.0,0,45,45,45
25,r_147_29_149,r_125_145_85,r_66_27_71,r_147_29_149,0.98,0,149,149,45
16,r_15_103_83,seq16,seq104,r_15_103_83,0.96,0,83,83,45
21,r_102_140_134,r_98_87_134,seq141,r_102_140_134,0.77,0,134,134,45
46,r_148_3_147,r_147_29_149,r_110_5_149,r_148_3_147,0.57,0,147,147,45
42,r_101_121_68,r_102_140_134,seq115,r_101_121_68,1.0,0,68,68,45
44,r_71_130_85,seq136,r_75_94_40,r_75_94_40,0.54,94,134,40,45
14,r_79_127_14,r_56_67_118,seq126,r_79_127_14,1.0,1,15,14,45
44,r_71_130_85,r_75_94_40,seq105,r_75_94_40,0.6,138,178,40,45
45,r_111_22_116,r_114_33_143,seq21,r_111_22_116,0.83,0,116,116,45
35,r_110_5_149,r_101_121_68,r_148_3_147,r_110_5_149,0.64,0,149,149,45
22,r_34_107_55,seq31,seq106,r_34_107_55,1.0,1,56,55,45
92,seq104,r_148_3_147,r_124_100_174,r_124_100_174,0.65,-157,17,174,45
41,r_135_122_153,seq131,r_37_112_133,r_135_122_153,0.84,0,153,153,45
40,r_91_35_32,r_90_49_122,seq38,r_91_35_32,0.99,0,32,32,45
3,r_4_43_57,seq9,seq41,r_4_43_57,0.56,3,60,57,45
39,r_75_94_40,r_73_139_127,seq95,r_75_94_40,0.96,0,40,40,45
4,r_128_26_64,r_125_145_85,seq25,r_128_26_64,1.0,-1,63,64,45
0,r_125_145_85,seq126,r_50_149_34,r_125_145_85,1.0,0,85,85,45
11,r_98_87_134,r_102_140_134,seq83,r_98_87_134,0.64,0,134,134,45
15,r_10_60_131,seq13,seq59,r_10_60_131,0.89,0,131,131,45
48,r_143_129_141,r_146_144_45,r_79_127_14,r_143_129_141,0.56,0,141,141,45
55,seq13,r_11_61_51,seq18,r_11_61_51,0.89,-21,30,51,45
74,seq59,r_123_77_6,r_10_60_131,r_10_60_131,1.0,7,138,131,45
5,r_50_149_34,r_148_3_147,r_125_145_85,r_50_149_34,1.0,113,147,34,45
27,r_53_99_112,r_52_47_19,seq93,r_53_99_112,0.99,0,112,112,45
24,r_146_144_45,r_147_29_149,r_50_149_34,r_146_144_45,0.99,11,56,45,45
78,seq65,r_66_27_71,seq63,r_66_27_71,1.0,-17,54,71,45
2,r_56_67_118,r_57_7_198,r_24_72_47,r_24_72_47,1.0,71,118,47,45
74,seq59,r_58_134_70,r_123_77_6,r_58_134_70,0.91,0,70,70,45
18,r_96_45_89,seq95,seq44,r_96_45_89,0.98,0,89,89,45
29,r_85_120_76,seq84,r_109_119_15,r_85_120_76,0.98,0,76,76,45
25,r_147_29_149,r_146_144_45,r_125_145_85,r_125_145_85,1.0,9,94,85,45
33,r_58_134_70,seq59,seq131,r_58_134_70,1.0,0,70,70,45
65,seq38,r_37_112_133,r_52_47_19,r_37_112_133,0.97,0,133,133,45
38,r_70_12_124,seq76,seq13,r_70_12_124,0.82,0,124,124,45
34,r_114_33_143,seq117,seq31,r_114_33_143,0.6,0,143,143,45
60,seq25,seq28,r_128_26_64,r_128_26_64,1.0,18,82,64,45
17,r_1_142_92,seq2,r_146_144_45,r_1_142_92,1.0,0,92,92,45
94,seq106,seq105,r_34_107_55,r_34_107_55,1.0,57,112,55,45
9,r_73_139_127,seq74,seq138,r_73_139_127,1.0,1,128,127,45
31,r_11_61_51,seq13,seq62,r_11_61_51,1.0,0,51,51,45
28,r_133_108_190,seq131,r_34_107_55,r_34_107_55,0.7,135,190,55,45
49,r_90_49_122,r_88_23_175,seq48,r_90_49_122,0.9,0,122,122,45
44,r_71_130_85,r_73_139_127,seq136,r_73_139_127,0.72,-42,85,127,45
19,r_24_72_47,r_39_8_190,seq74,r_24_72_47,1.0,0,47,47,45
36,r_88_23_175,r_75_94_40,r_52_47_19,r_88_23_175,0.87,0,175,175,45
35,r_110_5_149,r_114_33_143,r_101_121_68,r_101_121_68,1.0,38,106,68,45
5,r_50_149_34,r_52_47_19,r_148_3_147,r_50_149_34,0.99,0,34,34,45
12,r_66_27_71,seq65,r_128_26_64,r_66_27_71,1.0,-1,70,71,45
99,seq126,r_125_145_85,r_79_127_14,r_79_127_14,0.57,1,15,14,45
84,seq141,r_148_3_147,r_102_140_134,r_148_3_147,0.99,-11,136,147,45
8,r_64_112_47,r_60_127_127,seq107,r_64_112_47,0.99,0,47,47,46
12,r_147_82_46,r_145_98_78,seq81,r_147_82_46,0.9,0,46,46,46
14,r_87_84_173,seq86,r_147_82_46,r_147_82_46,1.0,127,173,46,46
43,r_28_136_72,seq29,seq135,r_28_136_72,1.0,0,72,72,46
41,r_27_111_103,r_32_34_2,r_64_112_47,r_27_111_103,0.98,0,103,103,46
28,r_58_115_32,r_60_127_127,seq116,r_58_115_32,1.0,0,32,32,46
37,r_92_49_72,r_91_80_84,r_17_45_45,r_17_45_45,1.0,33,78,45,46
32,r_18_69_67,r_72_100_169,r_19_70_109,r_19_70_109,0.75,14,123,109,46
32,r_18_69_67,r_17_45_45,r_14_90_93,r_17_45_45,1.0,0,45,45,46
71,seq135,r_132_8_162,r_28_136_72,r_28_136_72,0.98,6,78,72,46
86,seq77,seq75,r_138_52_118,r_138_52_118,1.0,19,137,118,46
16,r_37_16_130,seq40,seq12,r_37_16_130,0.72,-1,129,130,46
1,r_60_127_127,seq61,r_148_129_81,r_60_127_127,0.73,1,128,127,46
5,r_126_11_83,seq120,r_23_10_64,r_126_11_83,1.0,1,84,83,46
12,r_147_82_46,seq81,r_74_83_103,r_147_82_46,0.44,46,92,46,46
19,r_19_70_109,r_13_3_183,r_18_69_67,r_13_3_183,1.0,-74,109,183,46
40,r_23_10_64,seq6,r_126_11_83,r_126_11_83,1.0,0,83,83,46
41,r_27_111_103,r_26_110_88,r_32_34_2,r_26_110_88,0.86,0,88,88,46
67,seq134,r_132_8_162,r_28_136_72,r_28_136_72,0.96,42,114,72,46
10,r_21_113_164,seq22,r_64_112_47,r_21_113_164,0.68,0,164,164,46
9,r_78_43_49,seq81,seq42,r_78_43_49,1.0,0,49,49,46
26,r_132_8_162,r_106_131_5,seq5,r_132_8_162,0.72,0,162,162,46
72,seq44,seq51,r_138_52_118,r_138_52_118,1.0,2,120,118,46
23,r_63_39_34,r_60_127_127,r_25_38_33,r_63_39_34,0.99,0,34,34,46
4,r_47_76_124,seq46,seq75,r_47_76_124,0.43,0,124,124,46
0,r_138_52_118,r_141_139_133,seq54,r_138_52_118,0.79,0,118,118,46
63,seq29,r_28_136_72,seq30,r_28_136_72,1.0,0,72,72,46
73,seq46,r_47_76_124,r_17_45_45,r_17_45_45,1.0,45,90,45,46
11,r_15_104_123,r_13_3_183,r_26_110_88,r_13_3_183,0.85,-60,123,183,46
20,r_53_79_181,seq55,r_147_82_46,r_147_82_46,1.0,135,181,46,46
15,r_14_90_93,r_15_104_123,r_89_97_137,r_14_90_93,0.98,1,94,93,46
48,r_73_114_85,r_74_83_103,seq116,r_73_114_85,0.95,0,85,85,46
21,r_59_133_50,seq57,r_132_8_162,r_59_133_50,0.98,0,50,50,46
15,r_14_90_93,r_89_97_137,r_138_52_118,r_14_90_93,0.93,49,142,93,46
62,seq22,r_21_113_164,r_32_34_2,r_21_113_164,0.57,0,164,164,46
21,r_59_133_50,r_132_8_162,r_28_136_72,r_59_133_50,0.86,112,162,50,46
52,seq4,r_122_2_71,seq29,r_122_2_71,0.5,91,162,71,46
27,r_74_83_103,seq75,r_147_82_46,r_147_82_46,0.98,62,108,46,46
32,r_18_69_67,r_14_90_93,r_72_100_169,r_18_69_67,0.9,0,67,67,46
3,r_24_99_16,r_23_10_64,seq96,r_24_99_16,1.0,0,16,16,46
47,r_91_80_84,r_92_49_72,r_147_82_46,r_147_82_46,1.0,38,84,46,46
40,r_23_10_64,r_26_110_88,seq6,r_23_10_64,0.84,4,68,64,46
18,r_145_98_78,r_132_8_162,r_24_99_16,r_145_98_78,0.99,0,78,78,46
29,r_121_9_88,r_125_124_175,r_126_11_83,r_125_124_175,1.0,-87,88,175,46
24,r_119_140_77,r_126_11_83,seq143,r_126_11_83,0.59,-5,78,83,46
34,r_72_100_169,r_18_69_67,r_24_99_16,r_72_100_169,0.86,3,172,169,46
25,r_89_97_137,r_92_49_72,r_14_90_93,r_14_90_93,1.0,10,103,93,46
33,r_88_146_74,seq81,r_141_139_133,r_88_146_74,0.81,0,74,74,46
88,seq86,r_87_84_173,r_138_52_118,r_138_52_118,1.0,53,171,118,46
50,seq128,r_125_124_175,r_148_129_81,r_148_129_81,0.8,21,102,81,46
90,seq96,seq103,r_24_99_16,r_24_99_16,1.0,0,16,16,46
34,r_72_100_169,seq81,r_18_69_67,r_18_69_67,1.0,9,76,67,46
22,r_122_2_71,r_121_9_88,seq4,r_122_2_71,0.96,1,72,71,46
2,r_25_38_33,r_28_136_72,r_63_39_34,r_25_38_33,1.0,1,34,33,46
49,r_148_129_81,seq149,seq128,r_148_129_81,0.67,0,81,81,46
52,seq4,seq29,r_13_3_183,r_13_3_183,0.61,1,184,183,46
7,r_26_110_88,r_27_111_103,r_50_109_57,r_50_109_57,1.0,31,88,57,46
25,r_89_97_137,r_14_90_93,r_24_99_16,r_89_97_137,0.99,5,142,137,46
42,r_31_93_35,seq30,r_94_85_201,r_31_93_35,1.0,2,37,35,46
30,r_33_16_146,seq32,seq5,r_33_16_146,0.64,0,146,146,47
14,r_149_45_179,seq148,r_29_53_50,r_149_45_179,0.49,0,179,179,47
43,r_57_118_105,seq62,r_135_52_160,r_57_118_105,0.82,0,105,105,47
37,r_47_107_98,seq49,seq103,r_47_107_98,1.0,0,98,98,47
43,r_57_118_105,r_135_52_160,seq121,r_135_52_160,0.93,-12,148,160,47
16,r_37_90_109,seq38,seq89,r_37_90_109,0.91,0,109,109,47
39,r_15_146_79,seq14,seq147,r_15_146_79,1.0,0,79,79,47
1,r_135_52_160,seq137,r_71_51_24,r_135_52_160,0.79,0,160,160,47
97,seq125,r_123_86_173,r_87_130_48,r_87_130_48,0.97,96,144,48,47
5,r_134_50_79,r_133_138_183,seq49,r_134_50_79,1.0,0,79,79,47
46,r_0_35_73,r_3_56_140,r_129_39_57,r_0_35_73,0.55,0,73,73,47
42,r_22_55_173,seq23,r_3_56_140,r_22_55_173,0.34,4,177,173,47
48,r_88_26_36,seq89,seq23,r_88_26_36,1.0,0,36,36,47
18,r_114_11_26,r_117_120_203,r_12_81_177,r_114_11_26,0.91,0,26,26,47
50,seq2,r_79_1_67,r_33_16_146,r_79_1_67,0.32,109,176,67,47
7,r_12_81_177,seq6,r_110_82_68,r_12_81_177,0.41,0,177,177,47
69,seq41,seq38,r_27_42_5,r_27_42_5,0.65,146,151,5,47
34,r_87_130_48,seq92,seq126,r_87_130_48,1.0,1,49,48,47
19,r_70_20_75,r_75_113_75,seq21,r_70_20_75,0.9,-1,74,75,47
33,r_110_82_68,seq89,r_12_81_177,r_110_82_68,0.6,100,168,68,47
23,r_44_144_51,seq49,seq143,r_44_144_51,1.0,0,51,51,47
41,r_75_113_75,seq72,seq115,r_75_113_75,1.0,0,75,75,47
67,seq32,r_33_16_146,seq30,r_33_16_146,0.76,-2,144,146,47
13,r_122_77_13,r_135_52_160,r_119_78_2,r_122_77_13,0.94,-2,11,13,47
10,r_119_78_2,r_80_140_144,r_122_77_13,r_119_78_2,0.74,142,144,2,47
26,r_145_73_79,seq147,seq72,r_145_73_79,1.0,0,79,79,47
4,r_142_61_167,seq143,r_13_59_103,r_142_61_167,0.62,1,168,167,47
78,seq72,seq74,r_145_73_79,r_145_73_79,1.0,60,139,79,47
11,r_123_86_173,seq125,seq85,r_123_86_173,0.75,0,173,173,47
15,r_13_59_103,r_12_81_177,seq58,r_13_59_103,0.99,0,103,103,47
57,seq14,r_15_146_79,r_12_81_177,r_15_146_79,1.0,-18,61,79,47
27,r_91_67_56,seq92,seq58,r_91_67_56,1.0,0,56,56,47
8,r_101_69_28,seq102,seq72,r_101_69_28,1.0,0,28,28,47
2,r_3_56_140,seq2,r_91_67_56,r_3_56_140,0.77,0,140,140,47
47,r_100_96_124,seq102,seq97,r_100_96_124,0.63,0,124,124,47
49,r_83_139_25,seq85,seq137,r_83_139_25,1.0,1,26,25,47
24,r_4_54_179,seq5,r_29_53_50,r_4_54_179,0.51,0,179,179,47
33,r_110_82_68,seq109,seq89,r_110_82_68,0.93,0,68,68,47
88,seq102,r_100_96_124,seq99,r_100_96_124,0.73,0,124,124,47
50,seq2,r_3_56_140,r_79_1_67,r_79_1_67,0.88,74,141,67,47
58,seq143,r_142_61_167,r_44_144_51,r_44_144_51,0.99,117,168,51,47
68,seq38,seq41,r_129_39_57,r_129_39_57,1.0,67,124,57,47
25,r_29_53_50,seq28,r_71_51_24,r_29_53_50,0.96,0,50,50,47
29,r_111_34_52,seq115,r_31_40_9,r_111_34_52,1.0,0,52,52,47
77,seq147,seq148,r_15_146_79,r_15_146_79,1.0,21,100,79,47
21,r_129_39_57,r_123_86_173,seq38,r_129_39_57,1.0,0,57,57,47
17,r_106_84_115,seq103,seq85,r_106_84_115,0.93,0,115,115,47
65,seq28,r_29_53_50,seq23,r_29_53_50,1.0,0,50,50,47
40,r_68_76_54,seq62,r_122_77_13,r_68_76_54,0.7,0,54,54,47
96,seq121,r_123_86_173,r_87_130_48,r_87_130_48,0.99,73,121,48,47
31,r_80_140_144,r_122_77_13,r_112_136_35,r_80_140_144,0.98,0,144,144,47
22,r_131_9_64,r_134_50_79,seq5,r_131_9_64,1.0,0,64,64,47
28,r_98_65_63,seq99,r_128_64_6,r_98_65_63,1.0,0,63,63,47
7,r_12_81_177,r_13_59_103,seq6,r_13_59_103,1.0,-3,100,103,47
18,r_114_11_26,r_12_81_177,r_131_9_64,r_131_9_64,0.93,107,171,64,47
36,r_112_136_35,r_111_34_52,r_83_139_25,r_112_136_35,1.0,0,35,35,47
31,r_80_140_144,r_79_1_67,r_122_77_13,r_122_77_13,0.73,3,16,13,47
35,r_141_36_164,r_142_61_167,r_129_39_57,r_129_39_57,0.6,107,164,57,47
12,r_79_1_67,r_80_140_144,seq2,r_79_1_67,1.0,0,67,67,47
51,seq2,r_3_30_119,seq0,r_3_30_119,0.62,0,119,119,48
17,r_131_55_29,seq133,seq52,r_131_55_29,1.0,0,29,29,48
92,seq105,r_111_72_131,r_51_104_108,r_51_104_108,1.0,0,108,108,48
8,r_126_12_171,seq130,seq13,r_126_12_171,0.71,1,172,171,48
53,seq6,r_7_18_146,r_17_4_188,r_7_18_146,0.82,0,146,146,48
43,r_111_72_131,seq110,r_20_75_32,r_20_75_32,0.99,99,131,32,48
83,seq76,r_73_108_89,r_20_75_32,r_20_75_32,0.88,56,88,32,48
3,r_58_22_35,seq57,r_21_89_118,r_58_22_35,0.97,0,35,35,48
3,r_58_22_35,r_21_89_118,r_82_27_1,r_21_89_118,1.0,0,118,118,48
20,r_103_60_36,r_100_71_147,seq57,r_103_60_36,0.82,0,36,36,48
5,r_7_18_146,seq6,r_82_27_1,r_7_18_146,0.64,0,146,146,48
42,r_118_74_95,seq116,r_20_75_32,r_118_74_95,1.0,0,95,95,48
45,r_34_67_149,r_24_36_16,r_43_68_51,r_24_36_16,0.75,133,149,16,48
12,r_148_123_23,seq149,seq120,r_148_123_23,0.91,0,23,23,48
1,r_90_49_30,seq91,seq48,r_90_49_30,1.0,0,30,30,48
41,r_102_109_72,r_100_71_147,seq110,r_102_109_72,0.5,18,90,72,48
10,r_3_30_119,seq2,seq32,r_3_30_119,0.85,0,119,119,48
90,seq101,r_100_71_147,seq99,r_100_71_147,0.58,0,147,147,48
27,r_81_88_35,r_87_47_147,r_59_93_63,r_81_88_35,0.85,17,52,35,48
40,r_83_53_37,r_87_47_147,seq52,r_83_53_37,0.97,0,37,37,48
4,r_98_127_171,seq99,r_70_128_102,r_70_128_102,0.85,69,171,102,48
78,seq64,seq65,r_39_63_40,r_39_63_40,1.0,41,81,40,48
0,r_94_15_135,seq91,seq16,r_94_15_135,0.96,0,135,135,48
25,r_20_75_32,r_25_33_155,seq76,r_20_75_32,1.0,0,32,32,48
96,seq113,r_121_78_71,r_1_114_28,r_1_114_28,0.89,-1,27,28,48
6,r_73_108_89,r_70_128_102,r_5_107_33,r_73_108_89,1.0,0,89,89,48
46,r_43_68_51,seq44,seq65,r_43_68_51,1.0,0,51,51,48
87,seq95,r_96_86_189,r_51_104_108,r_51_104_108,0.99,6,114,108,48
30,r_80_56_122,r_146_79_20,r_103_60_36,r_80_56_122,0.65,6,128,122,48
2,r_100_71_147,seq101,r_20_75_32,r_20_75_32,1.0,115,147,32,48
18,r_59_93_63,seq57,seq92,r_59_93_63,0.74,1,64,63,48
29,r_23_137_79,r_25_33_155,seq136,r_23_137_79,1.0,0,79,79,48
24,r_24_36_16,r_34_67_149,r_31_35_149,r_34_67_149,0.96,0,149,149,48
33,r_70_128_102,seq76,seq130,r_70_128_102,0.97,0,102,102,48
35,r_42_132_148,seq32,seq133,r_42_132_148,0.97,0,148,148,48
44,r_37_115_33,seq38,seq117,r_37_115_33,0.99,0,33,33,48
64,seq26,r_25_33_155,r_58_22_35,r_58_22_35,0.95,122,157,35,48
65,seq28,r_25_33_155,seq29,r_25_33_155,0.88,-59,96,155,48
32,r_125_45_93,r_126_12_171,seq44,r_125_45_93,1.0,0,93,93,48
38,r_51_104_108,seq46,seq105,r_51_104_108,1.0,0,108,108,48
76,seq57,r_58_22_35,r_103_60_36,r_58_22_35,0.79,1,36,35,48
47,r_5_107_33,r_7_18_146,r_102_109_72,r_5_107_33,1.0,0,33,33,48
37,r_146_79_20,r_148_123_23,r_80_56_122,r_146_79_20,0.96,0,20,20,48
34,r_19_61_11,r_50_124_52,seq62,r_19_61_11,0.84,0,11,11,48
81,seq69,seq65,r_20_75_32,r_20_75_32,1.0,61,93,32,48
9,r_129_119_96,r_126_12_171,seq120,r_126_12_171,0.69,-48,123,171,48
37,r_146_79_20,r_80_56_122,r_121_78_71,r_121_78_71,0.9,57,128,71,48
71,seq44,r_90_49_30,r_125_45_93,r_125_45_93,0.73,2,95,93,48
36,r_39_63_40,seq38,seq64,r_39_63_40,1.0,0,40,40,48
7,r_121_78_71,seq120,r_146_79_20,r_121_78_71,0.96,0,71,71,48
11,r_50_124_52,r_51_104_108,seq120,r_50_124_52,1.0,0,52,52,48
13,r_1_114_28,r_3_30_119,seq113,r_1_114_28,1.0,0,28,28,48
23,r_21_89_118,r_25_33_155,seq92,r_21_89_118,0.95,0,118,118,48
87,seq95,r_111_72_131,r_96_86_189,r_96_86_189,0.49,-163,26,189,48
30,r_80_56_122,r_77_84_70,r_146_79_20,r_146_79_20,0.92,8,28,20,48
84,seq85,r_87_47_147,r_77_84_70,r_87_47_147,0.93,-60,87,147,48
30,r_136_19_144,r_141_1_197,seq17,r_136_19_144,0.9,0,144,144,49
48,r_48_140_27,r_136_19_144,r_146_139_57,r_136_19_144,0.99,-63,81,144,49
51,seq4,r_5_99_162,r_18_2_5,r_5_99_162,0.97,0,162,162,49
36,r_114_36_138,seq115,seq37,r_114_36_138,0.95,0,138,138,49
53,seq135,r_134_62_86,seq147,r_134_62_86,0.95,0,86,86,49
8,r_12_123_11,r_10_78_28,r_132_144_177,r_12_123_11,0.92,0,11,11,49
59,seq147,r_146_139_57,r_77_148_106,r_77_148_106,0.99,3,109,106,49
55,seq14,r_5_99_162,r_116_11_52,r_116_11_52,0.96,38,90,52,49
21,r_69_40_89,r_68_124_137,seq41,r_69_40_89,0.88,1,90,89,49
39,r_131_80_141,r_132_144_177,r_0_79_19,r_131_80_141,0.98,0,141,141,49
1,r_95_59_92,seq93,r_134_62_86,r_134_62_86,1.0,10,96,86,49
97,seq118,r_119_27_75,seq122,r_119_27_75,1.0,0,75,75,49
5,r_68_124_137,seq70,r_12_123_11,r_68_124_137,0.77,0,137,137,49
42,r_141_1_197,r_136_19_144,r_146_139_57,r_141_1_197,0.66,-129,68,197,49
4,r_94_112_26,r_95_59_92,seq106,r_94_112_26,0.73,-1,25,26,49
19,r_47_28_111,seq45,r_35_30_102,r_47_28_111,1.0,0,111,111,49
49,r_39_85_186,seq50,r_38_82_159,r_38_82_159,0.85,28,187,159,49
16,r_77_148_106,r_68_124_137,r_0_79_19,r_0_79_19,1.0,11,30,19,49
31,r_89_13_118,seq90,r_116_11_52,r_89_13_118,1.0,0,118,118,49
41,r_42_55_108,seq43,seq56,r_42_55_108,0.62,0,108,108,49
10,r_91_24_103,seq92,r_119_27_75,r_91_24_103,1.0,0,103,103,49
38,r_44_84_20,r_47_28_111,seq87,r_47_28_111,0.66,-87,24,111,49
26,r_25_117_123,seq23,seq122,r_25_117_123,0.98,0,123,123,49
8,r_12_123_11,r_132_144_177,r_68_124_137,r_12_123_11,0.67,145,156,11,49
72,seq50,seq49,r_31_51_142,r_31_51_142,0.98,5,147,142,49
16,r_77_148_106,r_0_79_19,seq147,r_77_148_106,0.99,0,106,106,49
11,r_52_149_177,seq56,r_77_148_106,r_77_148_106,0.95,71,177,106,49
20,r_5_99_162,seq4,seq100,r_5_99_162,0.91,0,162,162,49
13,r_38_82_159,seq37,seq83,r_38_82_159,0.76,0,159,159,49
98,seq122,r_121_67_77,seq118,r_121_67_77,1.0,0,77,77,49
15,r_113_128_124,r_114_36_138,seq129,r_113_128_124,0.99,0,124,124,49
2,r_132_144_177,r_3_133_82,seq147,r_132_144_177,0.72,1,178,177,49
6,r_81_54_96,r_77_148_106,seq56,r_77_148_106,1.0,-10,96,106,49
99,seq126,r_125_57_158,seq129,r_125_57_158,0.95,-9,149,158,49
17,r_96_7_59,r_95_59_92,r_143_8_18,r_96_7_59,1.0,0,59,59,49
49,r_39_85_186,r_96_7_59,seq108,r_96_7_59,0.48,-45,14,59,49
29,r_0_79_19,r_10_78_28,r_81_54_96,r_81_54_96,1.0,-77,19,96,49
2,r_132_144_177,r_131_80_141,r_3_133_82,r_3_133_82,0.85,59,141,82,49
47,r_125_57_158,seq126,r_81_54_96,r_125_57_158,0.85,0,158,158,49
40,r_60_97_90,seq61,r_103_101_52,r_60_97_90,0.72,-9,81,90,49
18,r_3_133_82,r_5_99_162,r_132_144_177,r_3_133_82,1.0,0,82,82,49
24,r_107_137_78,seq108,r_146_139_57,r_107_137_78,1.0,0,78,78,49
34,r_31_51_142,r_142_32_53,seq50,r_31_51_142,0.93,2,144,142,49
25,r_119_27_75,seq118,seq23,r_119_27_75,1.0,0,75,75,49
33,r_116_11_52,seq115,seq14,r_116_11_52,1.0,1,53,52,49
50,seq129,r_132_144_177,r_113_128_124,r_113_128_124,0.9,3,127,124,49
58,seq17,seq22,r_136_19_144,r_136_19_144,1.0,33,177,144,49
70,seq45,r_47_28_111,r_98_46_113,r_47_28_111,0.97,0,111,111,49
68,seq41,seq43,r_69_40_89,r_69_40_89,1.0,74,163,89,49
32,r_127_105_85,seq126,r_103_101_52,r_127_105_85,1.0,0,85,85,49
48,r_48_140_27,r_47_28_111,r_136_19_144,r_48_140_27,0.99,0,27,27,49
34,r_31_51_142,seq33,r_142_32_53,r_142_32_53,1.0,10,63,53,49
9,r_66_104_57,r_77_148_106,r_103_101_52,r_66_104_57,0.79,-6,51,57,49
22,r_143_8_18,r_146_139_57,seq9,r_143_8_18,1.0,0,18,18,49
45,r_142_32_53,r_31_51_142,r_91_24_103,r_142_32_53,1.0,91,144,53,49
98,seq122,seq118,r_25_117_123,r_25_117_123,0.91,45,168,123,49
29,r_0_79_19,r_81_54_96,r_10_78_28,r_81_54_96,0.83,-10,86,96,49
45,r_142_32_53,r_141_1_197,r_31_51_142,r_142_32_53,1.0,0,53,53,49
28,r_74_64_193,seq73,r_95_59_92,r_95_59_92,0.88,101,193,92,49
18,r_3_133_82,r_132_144_177,r_113_128_124,r_3_133_82,0.92,96,178,82,49
44,r_121_67_77,seq122,seq70,r_121_67_77,1.0,0,77,77,49
23,r_26_88_91,r_25_117_123,r_44_84_20,r_26_88_91,1.0,0,91,91,49
35,r_134_62_86,seq135,seq61,r_134_62_86,1.0,0,86,86,49
40,r_5_93_17,r_92_122_126,r_148_95_56,r_5_93_17,1.0,108,125,17,50
36,r_1_96_138,seq0,r_5_93_17,r_1_96_138,0.77,0,138,138,50
92,seq146,seq145,r_29_147_80,r_29_147_80,1.0,11,91,80,50
43,r_73_25_162,seq72,r_110_27_152,r_73_25_162,0.85,0,162,162,50
37,r_94_118_143,r_92_122_126,r_148_95_56,r_148_95_56,0.96,1,57,56,50
13,r_135_45_43,seq137,r_2_44_23,r_135_45_43,1.0,0,43,43,50
28,r_85_78_129,r_77_100_163,r_58_76_162,r_85_78_129,0.82,34,163,129,50
16,r_36_10_89,seq37,r_139_13_69,r_36_10_89,1.0,0,89,89,50
21,r_47_82_128,seq52,r_24_86_87,r_47_82_128,0.65,0,128,128,50
39,r_29_147_80,seq28,seq146,r_29_147_80,1.0,0,80,80,50
46,r_23_46_79,seq26,seq52,r_23_46_79,0.99,0,79,79,50
42,r_98_63_156,r_97_125_126,seq101,r_97_125_126,0.96,0,126,126,50
66,seq22,r_21_68_50,seq26,r_21_68_50,1.0,-1,49,50,50
69,seq33,r_32_124_149,r_110_27_152,r_32_124_149,0.54,0,149,149,50
45,r_89_138_141,r_91_65_167,seq137,r_89_138_141,0.94,0,141,141,50
23,r_55_48_49,r_56_114_162,r_47_82_128,r_55_48_49,0.98,0,49,49,50
19,r_32_124_149,seq33,r_97_125_126,r_32_124_149,0.68,0,149,149,50
15,r_77_100_163,r_85_78_129,r_87_102_130,r_77_100_163,0.73,0,163,163,50
33,r_40_51_99,r_6_42_47,r_23_46_79,r_40_51_99,1.0,1,100,99,50
14,r_88_136_14,r_77_100_163,seq137,r_88_136_14,1.0,0,14,14,50
41,r_87_102_130,r_85_78_129,seq101,r_87_102_130,0.98,0,130,130,50
67,seq26,r_24_86_87,seq17,r_24_86_87,0.98,0,87,87,50
10,r_58_76_162,r_59_49_186,r_85_78_129,r_58_76_162,0.77,1,163,162,50
26,r_83_105_173,seq84,seq106,r_83_105_173,0.74,0,173,173,50
22,r_91_65_167,r_89_138_141,r_85_78_129,r_89_138_141,1.0,1,142,141,50
0,r_92_122_126,r_91_65_167,r_5_93_17,r_5_93_17,0.77,6,23,17,50
4,r_97_125_126,r_98_63_156,seq128,r_98_63_156,0.51,-30,126,156,50
2,r_50_19_19,seq52,seq17,r_50_19_19,0.96,0,19,19,50
11,r_113_74_150,seq115,r_21_68_50,r_113_74_150,0.6,0,150,150,50
48,r_110_27_152,seq107,seq17,r_110_27_152,0.92,0,152,152,50
85,seq84,r_85_78_129,r_24_86_87,r_24_86_87,1.0,44,131,87,50
1,r_6_42_47,seq7,r_111_41_48,r_6_42_47,1.0,1,48,47,50
5,r_21_68_50,seq22,r_69_103_190,r_21_68_50,1.0,0,50,50,50
0,r_92_122_126,r_5_93_17,seq123,r_92_122_126,1.0,0,126,126,50
27,r_75_109_138,seq72,seq107,r_75_109_138,0.97,0,138,138,50
47,r_39_120_150,seq37,seq119,r_39_120_150,0.97,0,150,150,50
33,r_40_51_99,r_36_10_89,r_6_42_47,r_6_42_47,0.69,7,54,47,50
74,seq129,seq128,r_90_130_95,r_90_130_95,1.0,63,158,95,50
18,r_69_103_190,r_67_140_162,r_21_68_50,r_21_68_50,1.0,112,162,50,50
29,r_24_86_87,seq26,seq84,r_24_86_87,0.99,0,87,87,50
24,r_59_49_186,seq60,r_55_48_49,r_55_48_49,1.0,137,186,49,50
42,r_98_63_156,seq101,r_8_64_38,r_98_63_156,1.0,0,156,156,50
25,r_99_104_113,r_98_63_156,seq106,r_98_63_156,0.86,-43,113,156,50
40,r_5_93_17,r_32_124_149,r_92_122_126,r_5_93_17,0.97,1,18,17,50
20,r_148_95_56,seq146,r_94_118_143,r_148_95_56,1.0,0,56,56,50
20,r_148_95_56,r_94_118_143,r_1_96_138,r_148_95_56,1.0,86,142,56,50
68,seq28,r_29_147_80,seq14,r_29_147_80,1.0,4,84,80,50
32,r_4_57_131,seq0,seq60,r_4_57_131,0.81,0,131,131,50
38,r_66_3_87,r_75_109_138,seq0,r_66_3_87,1.0,0,87,87,50
52,seq131,seq128,r_90_130_95,r_90_130_95,1.0,7,102,95,50
34,r_90_130_95,r_91_65_167,seq131,r_90_130_95,1.0,0,95,95,50
49,r_2_44_23,r_4_57_131,seq52,r_2_44_23,0.78,0,23,23,50
17,r_139_13_69,seq137,seq12,r_139_13_69,1.0,0,69,69,50
9,r_56_114_162,r_59_49_186,seq115,r_56_114_162,0.68,0,162,162,50
96,seq119,seq121,r_39_120_150,r_39_120_150,1.0,22,172,150,50
18,r_69_103_190,r_21_68_50,r_77_100_163,r_69_103_190,0.81,0,190,190,50
37,r_94_118_143,r_148_95_56,seq119,r_94_118_143,1.0,1,144,143,50
22,r_91_65_167,r_90_130_95,r_89_138_141,r_90_130_95,1.0,0,95,95,50
22,r_91_65_167,r_85_78_129,r_8_64_38,r_91_65_167,0.89,0,167,167,50
49,r_2_44_23,seq52,r_135_45_43,r_135_45_43,1.0,-1,42,43,50
44,r_67_140_162,r_69_103_190,r_88_136_14,r_67_140_162,0.86,0,162,162,50
82,seq71,r_70_143_192,r_21_68_50,r_21_68_50,1.0,128,178,50,50
8,r_80_20_33,r_81_31_193,r_50_19_19,r_80_20_33,0.85,0,33,33,50
79,seq60,r_59_49_186,r_8_64_38,r_8_64_38,0.99,148,186,38,50
12,r_30_43_67,r_29_147_80,r_135_45_43,r_30_43_67,1.0,1,68,67,50
6,r_111_41_48,seq112,r_6_42_47,r_111_41_48,1.0,0,48,48,50
23,r_55_48_49,r_47_82_128,r_40_51_99,r_55_48_49,0.78,78,127,49,50
3,r_8_64_38,seq9,seq62,r_8_64_38,1.0,0,38,38,50
7,r_115_33_18,seq114,seq32,r_115_33_18,0.98,0,18,18,51
30,r_17_8_148,r_16_76_184,seq6,r_17_8_148,0.62,0,148,148,51
14,r_69_22_111,r_71_68_120,seq24,r_69_22_111,0.56,0,111,111,51
43,r_44_102_60,r_48_19_65,seq103,r_44_102_60,1.0,0,60,60,51
37,r_139_72_162,seq142,r_71_68_120,r_139_72_162,0.67,0,162,162,51
55,seq138,seq142,r_127_137_137,r_127_137_137,0.82,7,144,137,51
86,seq100,seq103,r_37_101_139,r_37_101_139,0.96,9,148,139,51
21,r_121_29_117,seq120,r_23_30_115,r_121_29_117,1.0,1,118,117,51
1,r_57_96_130,seq52,seq97,r_57_96_130,0.91,0,130,130,51
46,r_0_41_91,r_1_136_140,seq40,r_0_41_91,0.99,0,91,91,51
42,r_49_21_153,seq46,r_69_22_111,r_49_21_153,0.56,0,153,153,51
27,r_75_95_24,r_73_60_22,seq98,r_75_95_24,1.0,0,24,24,51
80,seq84,r_85_4_160,r_88_87_122,r_85_4_160,0.83,3,163,160,51
45,r_64_118_138,seq65,seq117,r_64_118_138,0.8,0,138,138,51
19,r_3_80_124,r_1_136_140,r_12_78_115,r_3_80_124,0.87,6,130,124,51
38,r_9_109_54,r_10_53_157,seq107,r_9_109_54,0.99,0,54,54,51
49,r_35_39_39,r_34_62_39,seq40,r_35_39_39,0.84,14,53,39,51
29,r_134_51_38,r_139_72_162,r_36_50_45,r_134_51_38,1.0,0,38,38,51
96,seq117,seq114,r_64_118_138,r_64_118_138,0.74,5,143,138,51
31,r_112_31_89,seq113,seq32,r_112_31_89,0.99,0,89,89,51
41,r_58_106_76,r_57_96_130,seq107,r_58_106_76,1.0,0,76,76,51
3,r_12_78_115,seq13,r_54_79_27,r_12_78_115,0.61,1,116,115,51
15,r_1_136_140,r_93_2_30,r_91_135_120,r_1_136_140,1.0,0,140,140,51
8,r_93_2_30,r_3_80_124,r_10_53_157,r_3_80_124,0.78,6,130,124,51
72,seq52,r_57_96_130,r_36_50_45,r_57_96_130,0.73,0,130,130,51
16,r_54_79_27,r_81_131_163,r_12_78_115,r_54_79_27,0.91,99,126,27,51
4,r_81_131_163,seq82,seq132,r_81_131_163,0.71,0,163,163,51
8,r_93_2_30,r_91_135_120,r_3_80_124,r_93_2_30,0.95,0,30,30,51
78,seq74,r_81_131_163,r_12_78_115,r_12_78_115,0.58,27,142,115,51
0,r_127_137_137,seq126,seq138,r_127_137_137,0.62,0,137,137,51
72,seq52,r_36_50_45,r_10_53_157,r_10_53_157,0.71,5,162,157,51
20,r_105_45_113,seq107,seq46,r_105_45_113,0.85,-1,112,113,51
15,r_1_136_140,r_0_41_91,r_93_2_30,r_1_136_140,0.88,-49,91,140,51
22,r_71_68_120,r_83_70_64,seq66,r_71_68_120,0.8,1,121,120,51
6,r_28_140_195,r_36_50_45,seq27,r_36_50_45,0.61,34,79,45,51
48,r_56_86_53,r_57_96_130,r_88_87_122,r_57_96_130,0.7,-77,53,130,51
6,r_28_140_195,seq27,r_23_30_115,r_28_140_195,0.47,-80,115,195,51
99,seq126,r_127_137_137,r_67_125_69,r_67_125_69,1.0,46,115,69,51
87,seq103,seq100,r_44_102_60,r_44_102_60,1.0,7,67,60,51
16,r_54_79_27,r_57_96_130,r_81_131_163,r_81_131_163,0.65,-135,28,163,51
2,r_23_30_115,seq24,r_121_29_117,r_121_29_117,0.92,0,117,117,51
18,r_37_101_139,seq32,seq100,r_37_101_139,0.83,0,139,139,51
33,r_48_19_65,seq46,seq18,r_48_19_65,0.89,0,65,65,51
88,seq104,seq107,r_58_106_76,r_58_106_76,1.0,33,109,76,51
68,seq40,r_42_90_110,r_0_41_91,r_0_41_91,0.58,19,110,91,51
32,r_122_61_66,r_123_77_183,r_73_60_22,r_122_61_66,1.0,0,66,66,51
40,r_94_143_41,seq92,seq142,r_94_143_41,1.0,0,41,41,51
52,seq132,seq128,r_81_131_163,r_81_131_163,0.79,3,166,163,51
77,seq66,r_64_118_138,r_71_68_120,r_64_118_138,1.0,-17,121,138,51
12,r_16_76_184,r_130_15_33,r_12_78_115,r_16_76_184,0.71,0,184,184,51
60,seq18,r_20_38_182,r_48_19_65,r_48_19_65,0.9,117,182,65,51
11,r_34_62_39,r_35_39_39,r_73_60_22,r_34_62_39,0.51,14,53,39,51
26,r_130_15_33,seq128,r_16_76_184,r_130_15_33,1.0,0,33,33,51
94,seq113,r_112_31_89,seq111,r_112_31_89,1.0,0,89,89,51
9,r_123_77_183,seq124,r_12_78_115,r_123_77_183,0.39,0,183,183,51
26,r_130_15_33,r_16_76_184,r_69_22_111,r_130_15_33,0.49,151,184,33,51
10,r_36_50_45,r_37_101_139,r_134_51_38,r_36_50_45,1.0,5,50,45,51
22,r_71_68_120,r_69_22_111,r_83_70_64,r_83_70_64,0.77,5,69,64,51
28,r_67_125_69,seq66,seq126,r_67_125_69,1.0,0,69,69,51
8,r_93_2_30,r_10_53_157,r_17_8_148,r_93_2_30,0.71,127,157,30,51
5,r_73_60_22,r_16_76_184,r_34_62_39,r_73_60_22,0.67,-3,19,22,51
34,r_99_11_23,r_93_2_30,seq13,r_99_11_23,0.96,0,23,23,51
44,r_85_4_160,seq84,r_93_2_30,r_85_4_160,0.62,3,163,160,51
23,r_83_70_64,r_85_4_160,r_71_68_120,r_85_4_160,0.91,-96,64,160,51
79,seq82,r_81_131_163,r_12_78_115,r_12_78_115,0.54,45,160,115,51
35,r_116_119_129,seq117,seq120,r_116_119_129,0.83,1,130,129,51
12,r_16_76_184,r_17_8_148,r_130_15_33,r_130_15_33,0.96,115,148,33,51
67,seq32,r_36_50_45,r_115_33_18,r_115_33_18,0.95,1,19,18,51
36,r_51_88_133,seq52,seq93,r_51_88_133,0.53,0,133,133,52
43,r_5_99_123,seq4,seq102,r_5_99_123,1.0,0,123,123,52
10,r_49_97_30,r_44_8_155,seq102,r_49_97_30,1.0,0,30,30,52
86,seq79,r_80_81_109,seq72,r_80_81_109,0.57,0,109,109,52
39,r_20_137_103,seq19,seq136,r_20_137_103,0.98,0,103,103,52
1,r_23_17_74,seq19,r_119_16_87,r_119_16_87,0.58,69,156,87,52
1,r_23_17_74,seq24,seq19,r_23_17_74,1.0,0,74,74,52
83,seq71,r_70_28_54,seq68,r_70_28_54,1.0,-6,48,54,52
5,r_116_67_187,r_117_124_173,r_37_69_123,r_37_69_123,0.65,63,186,123,52
46,r_76_57_83,r_74_110_161,seq56,r_76_57_83,1.0,0,83,83,52
42,r_44_8_155,seq43,r_30_13_69,r_30_13_69,0.52,86,155,69,52
80,seq64,r_66_148_91,seq65,r_66_148_91,1.0,-19,72,91,52
83,seq71,seq68,r_37_69_123,r_37_69_123,1.0,15,138,123,52
19,r_83_22_148,r_92_141_147,r_80_81_109,r_80_81_109,0.69,18,127,109,52
14,r_138_48_20,seq139,seq42,r_138_48_20,1.0,0,20,20,52
31,r_147_38_112,seq136,seq34,r_147_38_112,0.41,1,113,112,52
41,r_66_148_91,seq64,r_82_149_5,r_66_148_91,0.86,0,91,91,52
3,r_74_110_161,seq73,seq105,r_74_110_161,0.79,1,162,161,52
26,r_117_124_173,r_116_67_187,r_104_123_98,r_104_123_98,0.58,77,175,98,52
72,seq43,r_44_8_155,seq42,r_44_8_155,0.98,0,155,155,52
16,r_82_149_5,r_135_41_110,r_66_148_91,r_82_149_5,0.78,90,95,5,52
4,r_119_16_87,seq120,r_23_17_74,r_119_16_87,1.0,0,87,87,52
99,seq127,seq120,r_112_125_54,r_112_125_54,0.65,-4,50,54,52
11,r_30_13_69,seq31,r_128_12_37,r_30_13_69,1.0,0,69,69,52
7,r_101_46_68,r_138_48_20,r_100_45_99,r_100_45_99,1.0,18,117,99,52
13,r_25_143_108,seq27,seq144,r_25_143_108,1.0,0,108,108,52
48,r_96_36_113,seq102,seq35,r_96_36_113,0.99,-1,112,113,52
66,seq31,r_30_13_69,seq34,r_30_13_69,0.97,-33,36,69,52
6,r_63_11_137,seq62,r_14_21_134,r_63_11_137,0.88,0,137,137,52
49,r_112_125_54,r_111_0_178,seq127,r_112_125_54,0.77,-3,51,54,52
21,r_128_12_37,seq19,r_30_13_69,r_30_13_69,1.0,11,80,69,52
27,r_90_87_208,r_89_15_186,r_6_94_87,r_6_94_87,1.0,97,184,87,52
19,r_83_22_148,r_80_81_109,seq24,r_83_22_148,0.95,0,148,148,52
29,r_14_21_134,r_20_137_103,seq19,r_20_137_103,1.0,-54,49,103,52
2,r_78_142_125,r_77_47_133,r_25_143_108,r_78_142_125,1.0,0,125,125,52
47,r_54_98_134,seq55,r_5_99_123,r_54_98_134,0.85,0,134,134,52
40,r_40_84_169,seq42,r_80_81_109,r_40_84_169,0.52,0,169,169,52
18,r_91_107_153,r_90_87_208,r_118_109_131,r_91_107_153,0.81,1,154,153,52
81,seq65,r_66_148_91,seq64,r_66_148_91,0.94,-35,56,91,52
25,r_129_75_158,seq130,seq72,r_129_75_158,0.72,0,158,158,52
33,r_80_81_109,seq79,seq86,r_80_81_109,0.51,0,109,109,52
21,r_128_12_37,r_129_75_158,seq19,r_128_12_37,0.68,0,37,37,52
32,r_89_15_186,r_90_87_208,r_63_11_137,r_89_15_186,0.18,0,186,186,52
22,r_95_146_137,seq127,r_82_149_5,r_95_146_137,0.51,36,173,137,52
38,r_111_0_178,seq114,seq1,r_111_0_178,0.61,0,178,178,52
34,r_37_69_123,seq34,seq71,r_37_69_123,0.88,0,123,123,52
9,r_6_94_87,r_92_141_147,r_51_88_133,r_6_94_87,1.0,59,146,87,52
9,r_6_94_87,r_5_99_123,r_92_141_147,r_92_141_147,0.69,-60,87,147,52
17,r_85_59_16,r_91_107_153,seq60,r_85_59_16,1.0,0,16,16,52
15,r_70_28_54,seq71,seq29,r_70_28_54,1.0,0,54,54,52
35,r_118_109_131,r_111_0_178,r_91_107_153,r_118_109_131,0.92,30,161,131,52
28,r_92_141_147,r_90_87_208,r_78_142_125,r_92_141_147,0.56,0,147,147,52
7,r_101_46_68,seq102,r_138_48_20,r_101_46_68,1.0,2,70,68,52
0,r_10_115_16,r_20_137_103,seq114,r_10_115_16,0.88,0,16,16,52
79,seq62,r_63_11_137,r_26_61_7,r_63_11_137,0.99,0,137,137,52
35,r_118_109_131,seq120,r_111_0_178,r_118_109_131,0.43,10,141,131,52
61,seq19,r_23_17_74,r_108_18_140,r_108_18_140,0.98,16,156,140,52
12,r_135_41_110,seq136,seq42,r_135_41_110,0.96,1,111,110,52
65,seq29,seq32,r_70_28_54,r_70_28_54,1.0,3,57,54,52
40,r_62_95_162,r_11_65_42,r_12_96_160,r_62_95_162,0.54,0,162,162,53
30,r_1_87_121,r_3_111_141,seq90,r_1_87_121,0.86,0,121,121,53
36,r_52_28_102,seq51,r_149_27_62,r_52_28_102,0.98,1,103,102,53
14,r_121_75_65,seq123,seq76,r_121_75_65,1.0,0,65,65,53
39,r_44_0_33,r_125_4_37,seq2,r_125_4_37,0.51,120,157,37,53
1,r_11_65_42,r_9_22_61,seq68,r_11_65_42,0.99,0,42,42,53
2,r_144_133_61,r_149_27_62,seq132,r_149_27_62,0.99,-3,59,62,53
59,seq20,r_23_59_118,r_9_22_61,r_23_59_118,0.7,-35,83,118,53
5,r_33_129_15,seq37,seq131,r_33_129_15,0.94,1,16,15,53
55,seq14,r_12_96_160,r_53_10_153,r_53_10_153,0.47,0,153,153,53
21,r_79_86_163,r_80_143_81,r_105_78_47,r_79_86_163,0.95,-82,81,163,53
46,r_116_130_94,seq117,r_33_129_15,r_116_130_94,0.79,-1,93,94,53
15,r_105_78_47,seq108,r_79_86_163,r_105_78_47,0.98,1,48,47,53
45,r_67_142_144,seq68,r_80_143_81,r_67_142_144,0.93,0,144,144,53
19,r_23_59_118,seq20,r_57_61_37,r_23_59_118,0.99,0,118,118,53
15,r_105_78_47,r_79_86_163,r_77_81_143,r_77_81_143,0.64,22,165,143,53
66,seq37,r_35_104_77,seq36,r_35_104_77,1.0,0,77,77,53
39,r_44_0_33,r_3_111_141,r_125_4_37,r_44_0_33,0.57,94,127,33,53
31,r_109_50_91,seq114,seq51,r_109_50_91,1.0,0,91,91,53
41,r_74_42_113,r_77_81_143,r_139_41_57,r_77_81_143,0.45,-30,113,143,53
8,r_38_5_50,seq39,r_125_4_37,r_38_5_50,1.0,0,50,50,53
98,seq126,r_125_4_37,r_106_124_13,r_125_4_37,1.0,0,37,37,53
3,r_136_110_68,r_135_134_118,seq112,r_136_110_68,0.88,1,69,68,53
4,r_125_4_37,seq7,r_38_5_50,r_38_5_50,0.99,20,70,50,53
26,r_85_138_176,seq84,r_144_133_61,r_85_138_176,0.36,0,176,176,53
78,seq76,r_77_81_143,r_121_75_65,r_121_75_65,1.0,78,143,65,53
20,r_88_21_140,seq89,r_9_22_61,r_88_21_140,0.76,1,141,140,53
23,r_139_41_57,r_149_27_62,seq43,r_139_41_57,0.54,0,57,57,53
13,r_80_143_81,r_79_86_163,seq147,r_80_143_81,0.96,3,84,81,53
48,r_69_6_65,seq68,r_38_5_50,r_69_6_65,1.0,0,65,65,53
0,r_99_13_45,r_98_60_129,seq14,r_99_13_45,1.0,0,45,45,53
13,r_80_143_81,seq147,r_67_142_144,r_67_142_144,0.89,2,146,144,53
6,r_98_60_129,seq97,r_23_59_118,r_98_60_129,0.97,0,129,129,53
21,r_79_86_163,r_105_78_47,r_1_87_121,r_1_87_121,0.98,44,165,121,53
87,seq102,r_107_100_27,r_35_104_77,r_35_104_77,1.0,36,113,77,53
16,r_107_100_27,r_105_78_47,seq102,r_105_78_47,0.86,-19,28,47,53
11,r_64_47_18,r_63_122_181,seq43,r_64_47_18,0.94,0,18,18,53
27,r_128_31_30,seq123,seq30,r_128_31_30,0.99,0,30,30,53
37,r_54_25_44,r_53_10_153,seq26,r_54_25_44,1.0,0,44,44,53
47,r_46_49_110,seq43,r_109_50_91,r_46_49_110,0.94,0,110,110,53
40,r_62_95_162,seq68,r_11_65_42,r_11_65_42,1.0,29,71,42,53
18,r_77_81_143,seq76,r_105_78_47,r_105_78_47,0.96,97,144,47,53
53,seq7,r_3_111_141,r_38_5_50,r_38_5_50,0.93,3,53,50,53
24,r_149_27_62,seq145,seq29,r_149_27_62,1.0,0,62,62,53
11,r_64_47_18,seq43,r_101_48_23,r_64_47_18,0.47,44,62,18,53
25,r_63_122_181,r_67_142_144,r_11_65_42,r_11_65_42,0.68,29,71,42,53
33,r_66_148_109,seq68,seq147,r_66_148_109,0.98,-1,108,109,53
87,seq102,r_101_48_23,r_107_100_27,r_101_48_23,0.96,1,24,23,53
68,seq40,seq43,r_74_42_113,r_74_42_113,0.98,12,125,113,53
38,r_17_34_97,seq18,seq36,r_17_34_97,0.65,0,97,97,53
43,r_101_48_23,seq102,r_64_47_18,r_101_48_23,1.0,0,23,23,53
7,r_141_119_22,r_149_27_62,seq120,r_141_119_22,0.68,-12,10,22,53
22,r_3_111_141,seq2,r_16_115_55,r_3_111_141,0.8,0,141,141,53
10,r_16_115_55,seq14,seq112,r_16_115_55,1.0,0,55,55,53
28,r_73_8_114,r_77_81_143,seq7,r_73_8_114,0.99,0,114,114,53
44,r_12_96_160,seq14,seq93,r_12_96_160,0.7,0,160,160,53
39,r_44_0_33,seq43,r_3_111_141,r_44_0_33,1.0,0,33,33,53
82,seq89,r_88_21_140,seq90,r_88_21_140,1.0,1,141,140,53
35,r_9_22_61,r_12_96_160,seq20,r_9_22_61,0.61,7,68,61,53
34,r_103_140_17,r_101_48_23,r_144_133_61,r_101_48_23,0.99,-5,18,23,53
12,r_35_104_77,seq37,seq102,r_35_104_77,1.0,0,77,77,53
23,r_139_41_57,seq43,r_74_42_113,r_74_42_113,1.0,4,117,113,53
4,r_125_4_37,seq126,seq7,r_125_4_37,1.0,0,37,37,53
33,r_73_117_51,r_66_12_53,seq118,r_66_12_53,0.66,-2,51,53,54
36,r_143_41_62,seq144,r_51_47_52,r_143_41_62,1.0,0,62,62,54
17,r_26_36_71,r_32_42_119,seq37,r_26_36_71,0.77,-42,29,71,54
14,r_147_139_161,r_148_112_163,r_58_138_139,r_147_139_161,0.64,0,161,161,54
8,r_88_109_171,seq87,r_79_106_119,r_79_106_119,0.56,52,171,119,54
43,r_3_98_84,seq4,seq100,r_3_98_84,1.0,0,84,84,54
37,r_27_23_63,seq28,seq21,r_27_23_63,1.0,0,63,63,54
16,r_39_53_110,seq40,seq55,r_39_53_110,0.81,2,112,110,54
21,r_14_126_86,seq10,seq125,r_14_126_86,1.0,0,86,86,54
39,r_68_85_151,seq67,r_24_83_41,r_24_83_41,0.6,110,151,41,54
1,r_132_5_73,seq127,seq8,r_132_5_73,0.97,0,73,73,54
97,seq123,seq120,r_94_122_142,r_94_122_142,0.8,21,163,142,54
46,r_45_76_126,seq44,seq80,r_45_76_126,0.74,0,126,126,54
66,seq37,r_38_84_157,r_26_36_71,r_26_36_71,0.56,-19,52,71,54
20,r_66_12_53,r_58_138_139,seq10,r_66_12_53,1.0,0,53,53,54
24,r_92_11_189,r_107_91_45,r_66_12_53,r_66_12_53,0.91,137,190,53,54
23,r_58_138_139,r_66_12_53,r_82_59_45,r_58_138_139,0.98,-95,44,139,54
19,r_79_106_119,seq80,seq111,r_79_106_119,0.74,7,126,119,54
31,r_102_2_91,r_103_146_163,seq1,r_102_2_91,1.0,0,91,91,54
41,r_54_93_173,seq55,seq95,r_54_93_173,0.47,1,174,173,54
3,r_57_72_146,r_62_19_84,seq43,r_62_19_84,0.97,-1,83,84,54
35,r_33_129_21,r_26_36_71,seq127,r_33_129_21,0.82,-2,19,21,54
0,r_119_25_109,seq120,r_14_126_86,r_119_25_109,0.84,27,136,109,54
98,seq125,seq134,r_14_126_86,r_14_126_86,1.0,11,97,86,54
10,r_140_71_28,seq134,seq70,r_140_71_28,0.97,0,28,28,54
15,r_89_0_97,r_90_78_145,r_102_2_91,r_90_78_145,0.97,-48,97,145,54
13,r_51_47_52,r_52_60_190,seq48,r_51_47_52,0.79,1,53,52,54
4,r_82_59_45,r_58_138_139,r_140_71_28,r_58_138_139,1.0,0,139,139,54
5,r_130_63_50,seq127,seq64,r_130_63_50,0.99,0,50,50,54
34,r_90_78_145,r_107_91_45,r_45_76_126,r_90_78_145,0.73,0,145,145,54
11,r_107_91_45,seq111,r_92_11_189,r_107_91_45,0.94,-1,44,45,54
27,r_86_124_197,seq81,r_24_83_41,r_24_83_41,0.99,35,76,41,54
6,r_24_83_41,r_130_63_50,r_121_49_67,r_130_63_50,0.57,-37,13,50,54
40,r_77_149_170,seq80,seq142,r_77_149_170,0.49,0,170,170,54
18,r_62_19_84,seq61,r_18_34_190,r_62_19_84,1.0,0,84,84,54
29,r_99_128_90,seq100,seq127,r_99_128_90,0.97,0,90,90,54
25,r_103_146_163,r_101_145_109,seq111,r_101_145_109,0.98,0,109,109,54
50,seq1,seq4,r_102_2_91,r_102_2_91,1.0,6,97,91,54
61,seq21,r_22_16_90,r_27_23_63,r_27_23_63,1.0,5,68,63,54
32,r_148_112_163,r_147_139_161,seq111,r_147_139_161,0.57,2,163,161,54
38,r_22_16_90,seq21,r_62_19_84,r_62_19_84,1.0,14,98,84,54
3,r_57_72_146,seq43,r_82_59_45,r_57_72_146,0.43,-8,138,146,54
25,r_103_146_163,seq111,seq144,r_103_146_163,0.91,0,163,163,54
34,r_90_78_145,r_89_0_97,r_107_91_45,r_89_0_97,0.65,-10,87,97,54
75,seq61,r_62_19_84,r_140_71_28,r_62_19_84,1.0,0,84,84,54
24,r_92_11_189,r_89_0_97,r_107_91_45,r_92_11_189,0.76,-155,34,189,54
6,r_24_83_41,r_121_49_67,r_86_124_197,r_86_124_197,0.61,-156,41,197,54
9,r_121_49_67,seq123,r_51_47_52,r_121_49_67,0.99,-6,61,67,54
96,seq120,r_119_25_109,seq118,r_119_25_109,1.0,0,109,109,54
47,r_52_60_190,r_51_47_52,seq55,r_51_47_52,0.64,-3,49,52,54
22,r_65_131_101,seq69,r_99_128_90,r_65_131_101,0.98,0,101,101,54
28,r_94_122_142,seq95,seq123,r_94_122_142,0.44,0,142,142,54
1,r_132_5_73,seq8,r_108_6_99,r_108_6_99,0.97,18,117,99,54
49,r_56_133_119,r_54_93_173,r_65_131_101,r_54_93_173,0.8,-53,120,173,54
4,r_82_59_45,r_86_124_197,r_58_138_139,r_82_59_45,0.81,0,45,45,54
7,r_18_34_190,r_20_31_176,r_89_0_97,r_89_0_97,1.0,79,176,97,54
18,r_62_19_84,r_18_34_190,r_27_23_63,r_18_34_190,0.78,0,190,190,54
44,r_9_74_77,seq10,r_140_71_28,r_9_74_77,1.0,0,77,77,54
82,seq80,r_79_106_119,r_45_76_126,r_79_106_119,0.73,7,126,119,54
12,r_101_145_109,r_103_146_163,seq141,r_101_145_109,0.68,0,109,109,54
23,r_58_138_139,r_82_59_45,seq137,r_58_138_139,0.57,0,139,139,54
84,seq87,r_88_109_171,r_107_91_45,r_107_91_45,0.58,124,169,45,54
30,r_36_66_78,seq35,seq68,r_36_66_78,1.0,0,78,78,55
4,r_116_76_29,seq117,seq77,r_116_76_29,1.0,0,29,29,55
36,r_114_90_168,seq110,r_26_85_160,r_26_85_160,0.79,8,168,160,55
14,r_140_45_141,seq139,r_130_44_141,r_140_45_141,0.88,0,141,141,55
8,r_101_145_77,seq100,r_3_146_3,r_101_145_77,1.0,0,77,77,55
43,r_133_137_114,seq134,seq139,r_133_137_114,0.43,3,117,114,55
54,seq12,r_17_37_92,seq22,r_17_37_92,0.98,-25,67,92,55
37,r_105_63_106,seq107,r_69_62_18,r_105_63_106,0.68,0,106,106,55
65,seq38,r_83_104_49,r_17_37_92,r_17_37_92,0.47,1,93,92,55
17,r_95_19_15,r_75_78_43,seq20,r_95_19_15,0.92,-1,14,15,55
21,r_3_146_3,r_144_52_118,r_101_145_77,r_3_146_3,0.66,76,79,3,55
1,r_127_51_88,r_128_126_188,seq50,r_127_51_88,1.0,0,88,88,55
46,r_82_132_74,r_88_30_102,r_130_44_141,r_82_132_74,1.0,0,74,74,55
42,r_46_113_85,seq50,seq110,r_46_113_85,0.84,0,85,85,55
45,r_148_23_76,r_149_27_154,seq22,r_148_23_76,0.99,0,76,76,55
32,r_83_104_49,seq110,r_2_103_149,r_2_103_149,0.99,1,150,149,55
19,r_120_53_170,r_121_67_189,seq54,r_121_67_189,0.53,-19,170,189,55
33,r_125_112_19,r_114_90_168,seq110,r_125_112_19,0.52,122,141,19,55
95,seq110,r_114_90_168,r_125_112_19,r_125_112_19,0.68,122,141,19,55
10,r_98_5_91,seq97,seq11,r_98_5_91,1.0,0,91,91,55
3,r_42_9_27,r_40_138_171,seq11,r_42_9_27,1.0,3,30,27,55
39,r_15_64_38,r_17_37_92,r_69_62_18,r_15_64_38,1.0,2,40,38,55
32,r_83_104_49,r_82_132_74,r_125_112_19,r_83_104_49,0.76,0,49,49,55
0,r_144_52_118,r_3_146_3,seq54,r_144_52_118,0.73,0,118,118,55
73,seq57,r_56_131_128,seq55,r_56_131_128,1.0,0,128,128,55
11,r_88_30_102,seq84,r_81_29_3,r_88_30_102,0.93,0,102,102,55
20,r_143_8_137,r_144_52_118,r_135_136_130,r_144_52_118,0.79,0,118,118,55
46,r_82_132_74,r_130_44_141,r_56_131_128,r_82_132_74,0.98,68,142,74,55
15,r_130_44_141,r_128_126_188,r_140_45_141,r_130_44_141,0.88,0,141,141,55
40,r_6_86_34,seq11,seq84,r_6_86_34,1.0,2,36,34,55
48,r_149_27_154,r_148_23_76,r_3_146_3,r_148_23_76,0.98,0,76,76,55
62,seq31,seq35,r_59_32_79,r_59_32_79,1.0,1,80,79,55
27,r_39_74_159,r_40_138_171,seq73,r_40_138_171,0.91,-11,160,171,55
47,r_109_147_174,seq107,r_128_126_188,r_109_147_174,0.56,1,175,174,55
74,seq58,r_59_32_79,seq68,r_59_32_79,1.0,0,79,79,55
18,r_17_37_92,seq16,seq38,r_17_37_92,0.89,0,92,92,55
29,r_99_80_136,r_60_102_2,r_24_87_65,r_99_80_136,0.78,0,136,136,55
25,r_24_87_65,r_26_85_160,r_6_86_34,r_24_87_65,1.0,0,65,65,55
48,r_149_27_154,r_3_146_3,r_13_25_5,r_149_27_154,0.92,0,154,154,55
64,seq35,r_36_66_78,r_115_34_6,r_36_66_78,1.0,-5,73,78,55
65,seq38,seq77,r_83_104_49,r_83_104_49,0.5,24,73,49,55
38,r_94_122_62,seq91,r_111_123_5,r_94_122_62,1.0,1,63,62,55
77,seq139,r_140_45_141,r_133_137_114,r_140_45_141,0.56,-22,119,141,55
34,r_59_32_79,seq58,seq31,r_59_32_79,1.0,0,79,79,55
20,r_143_8_137,r_135_136_130,r_42_9_27,r_143_8_137,0.96,0,137,137,55
22,r_128_126_188,r_129_49_122,r_82_132_74,r_128_126_188,0.99,-66,122,188,55
28,r_142_14_98,r_140_45_141,seq16,r_142_14_98,1.0,0,98,98,55
49,r_40_138_171,seq41,r_133_137_114,r_40_138_171,0.65,1,172,171,55
44,r_129_49_122,r_128_126_188,seq50,r_129_49_122,0.96,0,122,122,55
23,r_2_103_149,seq0,r_83_104_49,r_2_103_149,0.91,0,149,149,55
82,seq73,seq77,r_24_87_65,r_24_87_65,1.0,63,128,65,55
33,r_125_112_19,r_121_67_189,r_114_90_168,r_125_112_19,0.89,0,19,19,55
31,r_1_106_19,r_2_103_149,seq107,r_1_106_19,0.98,0,19,19,55
12,r_26_85_160,seq22,r_24_87_65,r_24_87_65,1.0,96,161,65,55
30,r_131_129_73,r_130_19_127,seq128,r_130_19_127,1.0,0,127,127,56
6,r_31_94_132,seq21,r_75_30_17,r_75_30_17,0.98,5,22,17,56
36,r_38_8_71,seq37,r_17_10_4,r_38_8_71,1.0,0,71,71,56
14,r_45_148_7,r_144_142_73,r_132_146_27,r_132_146_27,0.88,35,62,27,56
8,r_23_92_64,r_31_94_132,r_93_33_163,r_93_33_163,0.77,-98,65,163,56
24,r_74_63_44,r_54_117_138,r_64_65_81,r_64_65_81,0.45,-37,44,81,56
65,seq34,seq21,r_40_32_26,r_40_32_26,0.56,8,34,26,56
37,r_127_139_97,r_126_118_184,r_144_142_73,r_127_139_97,0.95,0,97,97,56
22,r_75_30_17,r_74_63_44,r_31_94_132,r_75_30_17,1.0,0,17,17,56
64,seq28,r_29_51_58,r_75_30_17,r_75_30_17,0.98,1,18,17,56
3,r_20_97_84,r_149_2_48,r_103_98_59,r_20_97_84,1.0,2,86,84,56
21,r_95_14_68,r_93_33_163,r_58_13_52,r_95_14_68,0.95,0,68,68,56
5,r_136_96_143,seq135,r_9_99_47,r_9_99_47,1.0,99,146,47,56
29,r_132_146_27,r_136_96_143,r_45_148_7,r_132_146_27,0.84,5,32,27,56
7,r_18_15_44,r_20_97_84,seq16,r_20_97_84,0.99,-35,49,84,56
47,r_104_134_183,seq116,seq135,r_104_134_183,0.89,-4,179,183,56
42,r_29_51_58,seq28,seq48,r_29_51_58,0.68,0,58,58,56
33,r_58_13_52,seq11,r_95_14_68,r_95_14_68,0.91,84,152,68,56
16,r_42_71_38,seq43,seq72,r_42_71_38,0.98,0,38,38,56
34,r_114_81_148,r_126_118_184,r_3_113_20,r_3_113_20,0.98,6,26,20,56
27,r_147_77_48,seq79,r_88_76_134,r_88_76_134,0.95,47,181,134,56
43,r_83_6_43,seq80,r_17_10_4,r_83_6_43,1.0,0,43,43,56
39,r_3_113_20,r_114_81_148,r_138_111_62,r_3_113_20,0.84,129,149,20,56
31,r_109_73_132,seq108,r_147_77_48,r_109_73_132,0.68,0,132,132,56
10,r_61_82_191,seq62,r_59_84_43,r_59_84_43,0.87,148,191,43,56
90,seq101,r_100_39_196,r_20_97_84,r_20_97_84,1.0,113,197,84,56
26,r_143_22_106,r_144_142_73,seq21,r_143_22_106,0.98,0,106,106,56
8,r_23_92_64,r_93_33_163,r_31_94_132,r_23_92_64,0.85,99,163,64,56
72,seq48,r_50_121_155,r_133_49_85,r_133_49_85,0.83,70,155,85,56
83,seq79,r_147_77_48,r_137_78_70,r_137_78_70,0.98,-2,68,70,56
4,r_124_47_158,seq122,seq48,r_124_47_158,0.61,0,158,158,56
78,seq62,r_61_82_191,r_64_65_81,r_61_82_191,0.49,0,191,191,56
0,r_64_65_81,r_61_82_191,r_74_63_44,r_74_63_44,0.94,53,97,44,56
11,r_144_142_73,r_143_22_106,seq141,r_143_22_106,0.78,-23,83,106,56
20,r_100_39_196,seq101,r_124_47_158,r_124_47_158,1.0,39,197,158,56
3,r_20_97_84,r_18_15_44,r_149_2_48,r_149_2_48,0.94,1,49,48,56
13,r_102_123_66,r_104_134_183,seq122,r_102_123_66,0.7,7,73,66,56
15,r_126_118_184,seq128,r_102_123_66,r_102_123_66,0.89,118,184,66,56
48,r_138_111_62,r_137_78_70,seq108,r_138_111_62,0.97,2,64,62,56
12,r_93_33_163,r_23_92_64,r_40_32_26,r_93_33_163,0.9,0,163,163,56
46,r_149_2_48,r_144_142_73,r_17_10_4,r_149_2_48,0.94,0,48,48,56
87,seq89,r_88_76_134,seq86,r_88_76_134,1.0,0,134,134,56
22,r_75_30_17,r_31_94_132,seq28,r_31_94_132,1.0,3,135,132,56
2,r_88_76_134,seq89,r_109_73_132,r_88_76_134,0.67,0,134,134,56
39,r_3_113_20,seq4,r_114_81_148,r_3_113_20,1.0,0,20,20,56
47,r_104_134_183,r_103_98_59,seq116,r_103_98_59,0.57,93,152,59,56
24,r_74_63_44,r_75_30_17,r_54_117_138,r_75_30_17,0.64,0,17,17,56
74,seq55,r_54_117_138,seq57,r_54_117_138,0.99,1,139,138,56
18,r_130_19_127,r_131_129_73,r_38_8_71,r_131_129_73,0.68,54,127,73,56
27,r_147_77_48,r_144_142_73,seq79,r_147_77_48,0.96,2,50,48,56
34,r_114_81_148,r_3_113_20,seq80,r_114_81_148,0.89,0,148,148,56
63,seq27,seq21,r_75_30_17,r_75_30_17,0.98,17,34,17,56
28,r_9_99_47,seq7,seq101,r_9_99_47,1.0,1,48,47,56
6,r_31_94_132,r_75_30_17,r_23_92_64,r_75_30_17,0.7,118,135,17,56
32,r_103_98_59,r_104_134_183,r_9_99_47,r_9_99_47,1.0,30,77,47,56
38,r_91_115_180,seq90,r_3_113_20,r_3_113_20,0.78,161,181,20,56
1,r_59_84_43,r_58_13_52,seq85,r_59_84_43,0.97,0,43,43,56
60,seq21,seq27,r_143_22_106,r_143_22_106,1.0,13,119,106,56
17,r_133_49_85,seq135,r_29_51_58,r_133_49_85,0.97,2,87,85,56
45,r_26_69_32,seq25,seq72,r_26_69_32,1.0,1,33,32,56
9,r_137_78_70,seq135,seq79,r_137_78_70,0.99,0,70,70,56
33,r_58_13_52,seq56,seq11,r_58_13_52,1.0,0,52,52,56
41,r_53_68_49,seq52,seq67,r_53_68_49,1.0,2,51,49,56
49,r_87_106_139,seq89,seq105,r_87_106_139,0.81,2,141,139,56
79,seq67,seq70,r_53_68_49,r_53_68_49,0.99,3,52,49,56
44,r_54_117_138,seq55,seq128,r_54_117_138,0.81,1,139,138,56
40,r_40_32_26,seq41,seq34,r_40_32_26,0.88,-4,22,26,56
23,r_110_145_104,seq108,r_45_148_7,r_110_145_104,0.88,1,105,104,56
19,r_66_36_39,seq70,seq37,r_66_36_39,1.0,1,40,39,56
35,r_50_121_155,seq48,r_102_123_66,r_50_121_155,0.76,2,157,155,56
12,r_93_33_163,r_95_14_68,r_23_92_64,r_93_33_163,1.0,-95,68,163,56
36,r_55_99_121,seq61,r_66_101_71,r_55_99_121,0.92,0,121,121,57
92,seq106,r_107_63_137,seq104,r_107_63_137,1.0,0,137,137,57
14,r_98_16_104,r_97_127_153,r_96_17_40,r_97_127_153,1.0,-49,104,153,57
53,seq7,r_8_81_80,r_3_5_159,r_8_81_80,1.0,-19,61,80,57
28,r_78_108_21,r_76_72_105,seq110,r_78_108_21,1.0,0,21,21,57
54,seq10,r_11_124_101,r_3_5_159,r_11_124_101,1.0,-12,89,101,57
21,r_95_59_77,r_94_53_181,seq61,r_95_59_77,0.97,0,77,77,57
39,r_88_24_2,r_23_89_141,seq25,r_23_89_141,0.92,-10,131,141,57
30,r_77_12_23,r_76_72_105,r_15_144_46,r_77_12_23,0.98,0,23,23,57
1,r_9_34_131,seq10,seq35,r_9_34_131,0.9,0,131,131,57
5,r_23_89_141,r_88_24_2,r_105_90_46,r_23_89_141,0.67,0,141,141,57
30,r_77_12_23,r_96_17_40,r_79_14_128,r_79_14_128,1.0,4,132,128,57
80,seq75,r_73_30_198,r_142_74_167,r_142_74_167,0.95,13,180,167,57
16,r_121_137_27,r_122_43_44,r_134_31_128,r_121_137_27,0.98,-3,24,27,57
19,r_49_70_167,seq50,r_76_72_105,r_49_70_167,0.73,0,167,167,57
7,r_1_126_54,seq0,seq123,r_1_126_54,1.0,0,54,54,57
10,r_15_144_46,seq21,seq141,r_15_144_46,1.0,0,46,46,57
33,r_149_103_36,r_147_48_110,seq102,r_149_103_36,0.95,0,36,36,57
41,r_112_13_181,seq113,r_79_14_128,r_112_13_181,0.53,0,181,181,57
23,r_96_17_40,r_98_16_104,r_77_12_23,r_96_17_40,0.98,0,40,40,57
37,r_71_68_47,r_69_44_97,seq62,r_71_68_47,0.95,1,48,47,57
3,r_29_148_77,seq25,r_130_145_3,r_29_148_77,1.0,0,77,77,57
25,r_135_111_37,r_134_31_128,seq110,r_135_111_37,0.99,2,39,37,57
26,r_51_138_114,seq50,seq139,r_51_138_114,0.98,0,114,114,57
20,r_134_31_128,seq139,r_6_28_130,r_134_31_128,0.99,1,129,128,57
11,r_69_44_97,r_71_68_47,r_76_72_105,r_71_68_47,0.58,-7,40,47,57
15,r_6_28_130,seq7,r_134_31_128,r_6_28_130,0.89,0,130,130,57
30,r_77_12_23,r_15_144_46,r_96_17_40,r_77_12_23,0.99,23,46,23,57
48,r_58_114_78,seq61,r_1_126_54,r_58_114_78,0.99,0,78,78,57
57,seq141,r_142_74_167,r_19_143_69,r_19_143_69,1.0,98,167,69,57
12,r_60_132_61,r_134_31_128,r_93_133_95,r_60_132_61,0.75,67,128,61,57
85,seq86,r_85_57_86,seq84,r_85_57_86,0.9,0,86,86,57
99,seq123,seq129,r_1_126_54,r_1_126_54,1.0,44,98,54,57
0,r_122_43_44,seq120,seq54,r_122_43_44,1.0,0,44,44,57
27,r_66_101_71,seq64,seq100,r_66_101_71,1.0,0,71,71,57
34,r_38_131_47,seq36,seq129,r_38_131_47,1.0,0,47,47,57
51,seq129,r_38_131_47,r_97_127_153,r_97_127_153,0.61,13,166,153,57
4,r_125_42_23,r_118_116_52,seq54,r_125_42_23,1.0,0,23,23,57
47,r_142_74_167,seq141,seq75,r_142_74_167,0.88,0,167,167,57
18,r_76_72_105,r_73_30_198,r_49_70_167,r_49_70_167,0.91,0,167,167,57
29,r_93_133_95,r_94_53_181,seq139,r_93_133_95,1.0,0,95,95,57
24,r_8_81_80,seq7,seq82,r_8_81_80,0.99,0,80,80,57
48,r_58_114_78,r_1_126_54,seq113,r_58_114_78,0.39,71,149,78,57
64,seq32,r_55_99_121,r_77_12_23,r_77_12_23,0.89,50,73,23,57
97,seq119,r_118_116_52,r_67_117_8,r_67_117_8,1.0,5,13,8,57
38,r_107_63_137,seq106,seq62,r_107_63_137,0.89,0,137,137,57
56,seq140,r_142_74_167,r_29_148_77,r_29_148_77,1.0,4,81,77,57
77,seq62,seq64,r_107_63_137,r_107_63_137,0.94,35,172,137,57
90,seq102,seq104,r_149_103_36,r_149_103_36,1.0,0,36,36,57
16,r_121_137_27,r_134_31_128,r_128_136_73,r_121_137_27,0.96,53,80,27,57
11,r_69_44_97,r_76_72_105,r_46_52_87,r_69_44_97,1.0,0,97,97,57
17,r_128_136_73,seq129,r_121_137_27,r_128_136_73,0.99,0,73,73,57
49,r_118_116_52,seq119,seq115,r_118_116_52,0.61,0,52,52,57
94,seq110,seq113,r_135_111_37,r_135_111_37,1.0,-1,36,37,57
44,r_94_53_181,seq92,r_122_43_44,r_94_53_181,0.52,0,181,181,57
35,r_147_48_110,seq146,seq47,r_147_48_110,0.73,0,110,110,57
12,r_60_132_61,seq61,r_134_31_128,r_60_132_61,1.0,0,61,61,57
23,r_96_17_40,r_77_12_23,r_98_16_104,r_98_16_104,1.0,11,115,104,57
46,r_105_90_46,r_107_63_137,seq91,r_105_90_46,1.0,0,46,46,57
30,r_103_129_95,seq100,seq128,r_103_129_95,1.0,0,95,95,58
40,r_18_55_58,r_17_87_167,seq54,r_18_55_58,0.57,0,58,58,58
1,r_127_85_11,r_126_53_124,seq88,r_127_85_11,0.96,0,11,11,58
53,seq4,seq1,r_114_3_135,r_114_3_135,1.0,24,159,135,58
37,r_39_84_175,seq38,r_94_83_92,r_94_83_92,0.99,83,175,92,58
16,r_56_76_38,r_82_36_202,r_65_75_106,r_65_75_106,0.43,19,125,106,58
21,r_65_75_106,seq66,r_56_76_38,r_65_75_106,0.57,19,125,106,58
1,r_127_85_11,seq88,r_32_86_56,r_32_86_56,0.95,34,90,56,58
42,r_71_23_81,seq69,seq21,r_71_23_81,0.99,0,81,81,58
45,r_124_101_83,r_123_113_186,seq100,r_124_101_83,1.0,0,83,83,58
90,seq90,seq88,r_35_91_16,r_35_91_16,1.0,-4,12,16,58
6,r_136_46_10,r_137_97_160,seq42,r_136_46_10,0.99,0,10,10,58
19,r_114_3_135,seq117,seq4,r_114_3_135,0.92,0,135,135,58
34,r_138_121_17,r_81_122_86,r_105_120_152,r_138_121_17,0.83,135,152,17,58
27,r_105_120_152,r_44_107_19,r_138_121_17,r_105_120_152,0.7,0,152,152,58
18,r_35_91_16,r_37_72_161,seq90,r_35_91_16,0.56,-4,12,16,58
4,r_80_30_29,r_81_122_86,seq31,r_80_30_29,0.99,1,30,29,58
31,r_20_102_142,seq19,r_124_101_83,r_20_102_142,0.97,1,143,142,58
14,r_32_86_56,r_33_106_155,r_127_85_11,r_32_86_56,0.94,0,56,56,58
10,r_98_9_134,r_94_83_92,seq93,r_94_83_92,1.0,-2,90,92,58
26,r_109_130_60,seq117,r_5_132_38,r_109_130_60,1.0,0,60,60,58
8,r_8_48_8,seq49,r_52_63_55,r_52_63_55,0.54,61,116,55,58
35,r_44_107_19,r_41_133_135,r_105_120_152,r_44_107_19,1.0,0,19,19,58
15,r_118_12_36,r_119_96_83,seq14,r_118_12_36,0.96,0,36,36,58
0,r_137_97_160,seq134,seq93,r_137_97_160,0.75,0,160,160,58
11,r_81_122_86,r_82_36_202,r_92_125_21,r_81_122_86,0.99,0,86,86,58
13,r_2_40_102,seq1,r_136_46_10,r_2_40_102,0.93,1,103,102,58
48,r_10_79_90,r_11_108_179,r_28_6_30,r_28_6_30,0.78,-1,29,30,58
27,r_105_120_152,seq111,r_44_107_19,r_44_107_19,1.0,7,26,19,58
10,r_98_9_134,seq93,r_28_6_30,r_98_9_134,1.0,0,134,134,58
29,r_92_125_21,seq93,r_123_113_186,r_92_125_21,0.93,1,22,21,58
41,r_123_113_186,r_124_101_83,r_92_125_21,r_123_113_186,0.95,-163,23,186,58
22,r_28_6_30,r_10_79_90,r_95_7_84,r_28_6_30,0.52,60,90,30,58
2,r_52_63_55,seq50,r_60_62_114,r_52_63_55,0.86,11,66,55,58
41,r_123_113_186,r_92_125_21,r_11_108_179,r_11_108_179,0.83,7,186,179,58
47,r_33_106_155,r_47_29_147,seq34,r_33_106_155,0.38,-46,109,155,58
24,r_47_29_147,seq42,r_80_30_29,r_80_30_29,1.0,118,147,29,58
34,r_138_121_17,seq131,r_81_122_86,r_81_122_86,1.0,41,127,86,58
35,r_44_107_19,r_105_120_152,r_33_106_155,r_44_107_19,0.82,133,152,19,58
33,r_45_68_118,r_41_133_135,seq66,r_45_68_118,0.95,0,118,118,58
48,r_10_79_90,r_28_6_30,seq77,r_10_79_90,0.9,0,90,90,58
46,r_104_140_57,seq100,r_5_132_38,r_104_140_57,1.0,0,57,57,58
34,r_138_121_17,r_137_97_160,seq131,r_138_121_17,0.94,0,17,17,58
47,r_33_106_155,seq34,r_44_107_19,r_33_106_155,1.0,0,155,155,58
32,r_95_7_84,r_98_9_134,r_28_6_30,r_28_6_30,1.0,60,90,30,58
22,r_28_6_30,r_22_64_115,r_10_79_90,r_28_6_30,0.86,0,30,30,58
38,r_126_53_124,seq128,seq50,r_126_53_124,1.0,0,124,124,58
36,r_119_96_83,r_118_12_36,seq128,r_118_12_36,0.62,1,37,36,58
17,r_94_83_92,r_98_9_134,r_52_63_55,r_94_83_92,0.99,1,93,92,58
9,r_22_64_115,seq24,r_52_63_55,r_22_64_115,0.75,1,116,115,58
29,r_92_125_21,r_123_113_186,r_81_122_86,r_81_122_86,1.0,104,190,86,58
28,r_139_110_165,r_137_97_160,seq111,r_139_110_165,0.52,-4,161,165,58
7,r_17_87_167,seq31,r_127_85_11,r_127_85_11,1.0,156,167,11,58
44,r_60_62_114,r_59_43_187,r_52_63_55,r_52_63_55,0.68,8,63,55,58
23,r_41_133_135,seq42,seq134,r_41_133_135,0.95,0,135,135,58
84,seq74,seq73,r_52_63_55,r_52_63_55,0.62,38,93,55,58
3,r_5_132_38,seq4,seq131,r_5_132_38,1.0,0,38,38,58
30,r_57_69_197,seq66,r_12_55_102,r_12_55_102,0.86,15,117,102,59
44,r_14_1_170,r_100_15_60,seq0,r_14_1_170,0.57,0,170,170,59
51,seq4,r_3_86_87,r_17_9_22,r_3_86_87,0.99,0,87,87,59
92,seq109,seq106,r_38_108_31,r_38_108_31,1.0,88,119,31,59
14,r_75_80_170,r_74_125_126,r_33_71_57,r_75_80_170,0.87,-44,126,170,59
53,seq138,r_137_61_128,seq148,r_137_61_128,1.0,3,131,128,59
41,r_7_129_165,r_12_55_102,r_17_9_22,r_7_129_165,0.95,-116,49,165,59
43,r_21_126_69,r_25_40_162,seq124,r_21_126_69,1.0,0,69,69,59
37,r_16_28_46,seq29,r_93_31_141,r_93_31_141,1.0,16,157,141,59
3,r_17_9_22,r_16_28_46,r_7_129_165,r_17_9_22,0.8,0,22,22,59
16,r_58_101_186,seq59,r_30_120_123,r_30_120_123,0.91,64,187,123,59
21,r_12_55_102,r_5_34_132,r_57_69_197,r_12_55_102,0.95,0,102,102,59
46,r_145_23_60,seq146,r_27_20_146,r_145_23_60,1.0,0,60,60,59
44,r_14_1_170,r_16_28_46,r_100_15_60,r_14_1_170,0.86,-124,46,170,59
30,r_57_69_197,r_12_55_102,seq59,r_57_69_197,0.6,-52,145,197,59
45,r_130_53_13,r_128_110_150,seq52,r_130_53_13,1.0,0,13,13,59
31,r_93_31_141,seq92,seq32,r_93_31_141,0.98,0,141,141,59
89,seq104,r_105_142_76,r_102_10_154,r_105_142_76,0.99,0,76,76,59
62,seq32,r_33_71_57,seq29,r_33_71_57,1.0,0,57,57,59
26,r_118_83_63,seq115,seq82,r_118_83_63,1.0,0,63,63,59
72,seq59,r_58_101_186,r_137_61_128,r_137_61_128,1.0,58,186,128,59
11,r_91_8_54,seq99,r_17_9_22,r_91_8_54,1.0,0,54,54,59
4,r_30_120_123,seq29,r_140_119_36,r_30_120_123,0.96,0,123,123,59
0,r_137_61_128,seq138,r_48_65_126,r_137_61_128,0.99,0,128,128,59
63,seq35,r_36_62_170,r_5_34_132,r_5_34_132,1.0,1,133,132,59
37,r_16_28_46,r_14_1_170,seq29,r_16_28_46,0.92,-1,45,46,59
73,seq66,r_60_103_96,r_57_69_197,r_60_103_96,0.92,0,96,96,59
20,r_56_6_1,r_5_34_132,seq13,r_5_34_132,1.0,0,132,132,59
37,r_16_28_46,r_17_9_22,r_14_1_170,r_17_9_22,0.68,0,22,22,59
13,r_68_54_185,seq70,r_137_61_128,r_137_61_128,0.99,57,185,128,59
48,r_143_95_120,seq144,seq97,r_143_95_120,1.0,0,120,120,59
57,seq146,r_145_23_60,seq139,r_145_23_60,1.0,0,60,60,59
6,r_3_86_87,seq4,seq87,r_3_86_87,1.0,0,87,87,59
21,r_12_55_102,r_57_69_197,r_137_61_128,r_137_61_128,0.54,57,185,128,59
27,r_105_142_76,seq104,seq144,r_105_142_76,1.0,0,76,76,59
41,r_7_129_165,r_17_9_22,r_74_125_126,r_7_129_165,0.69,0,165,165,59
47,r_127_73_135,r_128_110_150,r_33_71_57,r_127_73_135,0.98,0,135,135,59
40,r_48_65_126,seq47,seq66,r_48_65_126,0.68,0,126,126,59
74,seq67,r_75_80_170,r_33_71_57,r_33_71_57,0.83,27,84,57,59
18,r_74_125_126,r_75_80_170,seq124,r_74_125_126,0.98,0,126,126,59
29,r_60_103_96,seq66,seq104,r_60_103_96,1.0,0,96,96,59
36,r_63_39_34,r_64_22_53,seq35,r_63_39_34,0.73,0,34,34,59
24,r_37_122_72,r_36_62_170,r_45_123_68,r_36_62_170,1.0,-98,72,170,59
3,r_17_9_22,r_7_129_165,r_91_8_54,r_91_8_54,0.88,17,71,54,59
34,r_140_119_36,seq115,r_30_120_123,r_30_120_123,1.0,10,133,123,59
25,r_100_15_60,r_102_10_154,r_14_1_170,r_100_15_60,1.0,0,60,60,59
33,r_25_40_162,seq24,r_90_41_96,r_90_41_96,1.0,66,162,96,59
89,seq104,r_102_10_154,r_60_103_96,r_60_103_96,0.93,0,96,96,59
1,r_98_11_29,seq97,seq13,r_98_11_29,1.0,0,29,29,59
68,seq47,r_48_65_126,seq49,r_48_65_126,0.91,0,126,126,59
73,seq66,r_57_69_197,r_48_65_126,r_48_65_126,0.87,3,129,126,59
32,r_90_41_96,seq88,r_63_39_34,r_90_41_96,1.0,0,96,96,59
77,seq77,r_76_18_141,r_33_71_57,r_76_18_141,0.57,0,141,141,59
14,r_75_80_170,r_33_71_57,seq79,r_75_80_170,0.82,0,170,170,59
75,seq70,r_68_54_185,r_33_71_57,r_33_71_57,0.98,128,185,57,59
39,r_64_22_53,seq66,r_27_20_146,r_64_22_53,1.0,0,53,53,59
2,r_111_132_31,seq112,seq133,r_111_132_31,1.0,0,31,31,59
81,seq82,seq81,r_118_83_63,r_118_83_63,1.0,44,107,63,59
17,r_36_62_170,seq35,r_137_61_128,r_137_61_128,1.0,42,170,128,59
25,r_100_15_60,r_14_1_170,r_76_18_141,r_100_15_60,0.8,110,170,60,59
5,r_33_71_57,seq32,seq67,r_33_71_57,0.94,0,57,57,59
52,seq133,r_128_110_150,r_111_132_31,r_111_132_31,0.94,1,32,31,59
62,seq32,seq29,r_93_31_141,r_93_31_141,1.0,3,144,141,59
28,r_5_34_132,r_56_6_1,seq35,r_5_34_132,0.95,0,132,132,59
49,r_76_18_141,seq77,r_100_15_60,r_76_18_141,0.65,0,141,141,59
23,r_134_51_114,r_136_147_193,seq52,r_134_51_114,1.0,0,114,114,59
34,r_140_119_36,seq139,seq115,r_140_119_36,1.0,0,36,36,59
42,r_2_85_59,seq4,seq88,r_2_85_59,1.0,0,59,59,59
19,r_38_108_31,r_36_62_170,seq109,r_38_108_31,1.0,1,32,31,59
35,r_121_141_193,seq104,r_37_122_72,r_37_122_72,1.0,6,78,72,59
12,r_128_110_150,seq124,r_38_108_31,r_128_110_150,0.93,0,150,150,59
30,r_132_22_119,seq127,seq23,r_132_22_119,0.99,0,119,119,60
9,r_0_117_36,r_118_99_168,r_21_116_78,r_21_116_78,1.0,90,168,78,60
8,r_56_77_88,seq54,r_61_78_23,r_56_77_88,0.53,7,95,88,60
1,r_107_31_42,seq111,seq33,r_107_31_42,1.0,0,42,42,60
83,seq86,seq79,r_5_87_62,r_5_87_62,1.0,4,66,62,60
59,seq19,seq23,r_94_18_104,r_94_18_104,1.0,0,104,104,60
16,r_149_135_138,r_147_40_186,r_124_136_100,r_149_135_138,0.72,1,139,138,60
5,r_53_139_117,seq54,seq146,r_53_139_117,0.98,0,117,117,60
46,r_59_67_71,r_56_77_88,r_35_68_10,r_59_67_71,0.72,8,79,71,60
28,r_134_24_123,r_124_136_100,r_128_26_30,r_134_24_123,1.0,0,123,123,60
45,r_20_57_146,r_21_116_78,seq27,r_21_116_78,0.96,1,79,78,60
15,r_35_68_10,r_32_131_97,seq71,r_35_68_10,0.99,0,10,10,60
19,r_133_28_68,r_126_55_150,seq29,r_133_28_68,1.0,0,68,68,60
33,r_118_99_168,r_0_117_36,r_137_100_65,r_137_100_65,0.82,104,169,65,60
2,r_90_15_55,r_128_26_30,r_94_18_104,r_94_18_104,1.0,37,141,104,60
4,r_80_91_15,r_85_69_185,r_90_15_55,r_80_91_15,0.98,0,15,15,60
66,seq36,r_37_76_166,seq34,r_37_76_166,1.0,0,166,166,60
76,seq65,seq71,r_8_66_91,r_8_66_91,1.0,0,91,91,60
41,r_102_64_103,seq101,r_8_66_91,r_102_64_103,0.97,0,103,103,60
67,seq41,seq42,r_88_43_23,r_88_43_23,0.83,66,89,23,60
53,seq7,r_8_66_91,seq6,r_8_66_91,1.0,-42,49,91,60
3,r_1_144_70,seq2,seq143,r_1_144_70,1.0,1,71,70,60
42,r_73_89_25,r_75_25_103,r_80_91_15,r_75_25_103,0.5,-78,25,103,60
10,r_5_87_62,r_1_144_70,seq86,r_5_87_62,1.0,0,62,62,60
4,r_80_91_15,r_90_15_55,r_73_89_25,r_90_15_55,0.93,0,55,55,60
26,r_8_66_91,seq7,seq65,r_8_66_91,1.0,0,91,91,60
0,r_126_55_150,seq127,r_110_58_63,r_110_58_63,0.91,87,150,63,60
13,r_122_9_83,seq121,seq12,r_122_9_83,1.0,0,83,83,60
33,r_118_99_168,r_129_50_48,r_0_117_36,r_118_99_168,1.0,-127,41,168,60
48,r_21_116_78,r_20_57_146,r_0_117_36,r_21_116_78,1.0,1,79,78,60
57,seq143,r_145_17_120,seq146,r_145_17_120,1.0,0,120,120,60
6,r_45_74_66,seq46,r_61_78_23,r_45_74_66,1.0,0,66,66,60
62,seq29,seq23,r_133_28_68,r_133_28_68,1.0,0,68,68,60
9,r_0_117_36,r_1_144_70,r_118_99_168,r_0_117_36,0.67,0,36,36,60
2,r_90_15_55,r_88_43_23,r_80_91_15,r_90_15_55,0.96,-38,17,55,60
39,r_109_38_66,r_128_26_30,r_141_39_79,r_109_38_66,0.74,13,79,66,60
60,seq23,seq27,r_128_26_30,r_128_26_30,1.0,10,40,30,60
47,r_75_25_103,r_61_78_23,r_128_26_30,r_75_25_103,1.0,0,103,103,60
18,r_32_131_97,seq30,seq130,r_32_131_97,0.99,0,97,97,60
29,r_81_142_148,seq82,r_1_144_70,r_81_142_148,0.82,1,149,148,60
24,r_70_4_151,seq71,seq2,r_70_4_151,0.88,0,151,151,60
25,r_137_100_65,r_134_24_123,seq101,r_137_100_65,1.0,1,66,65,60
68,seq42,seq41,r_88_43_23,r_88_43_23,0.87,41,64,23,60
14,r_128_26_30,r_129_50_48,seq23,r_128_26_30,1.0,0,30,30,60
32,r_138_108_126,seq140,seq111,r_138_108_126,0.78,0,126,126,60
38,r_10_48_132,seq12,seq49,r_10_48_132,0.96,0,132,132,60
77,seq71,r_70_4_151,r_35_68_10,r_70_4_151,0.72,0,151,151,60
34,r_92_125_94,seq93,seq121,r_92_125_94,0.98,0,94,94,60
40,r_129_50_48,r_122_9_83,seq52,r_129_50_48,1.0,0,48,48,60
2,r_90_15_55,r_80_91_15,r_128_26_30,r_90_15_55,0.95,0,55,55,60
45,r_20_57_146,seq27,r_110_58_63,r_20_57_146,0.99,0,146,146,60
81,seq82,r_81_142_148,r_13_83_123,r_13_83_123,0.53,26,149,123,60
17,r_124_136_100,seq123,r_134_24_123,r_134_24_123,0.54,-21,102,123,60
37,r_63_104_135,seq49,seq103,r_63_104_135,1.0,0,135,135,60
17,r_124_136_100,r_134_24_123,r_138_108_126,r_134_24_123,0.69,1,124,123,60
22,r_61_78_23,r_75_25_103,r_56_77_88,r_75_25_103,1.0,-6,97,103,60
28,r_134_24_123,r_137_100_65,r_124_136_100,r_134_24_123,0.69,-49,74,123,60
7,r_51_114_72,seq52,seq115,r_51_114_72,1.0,0,72,72,60
44,r_44_119_113,seq46,seq120,r_44_119_113,0.99,0,113,113,60
23,r_13_83_123,seq14,seq82,r_13_83_123,0.99,0,123,123,60
79,seq140,r_138_108_126,r_53_139_117,r_53_139_117,0.78,9,126,117,60
35,r_110_58_63,seq111,seq54,r_110_58_63,1.0,0,63,63,60
12,r_94_18_104,seq93,seq19,r_94_18_104,1.0,0,104,104,60
17,r_124_136_100,r_138_108_126,r_149_135_138,r_138_108_126,0.74,10,136,126,60
36,r_88_43_23,r_90_15_55,seq46,r_88_43_23,0.95,0,23,23,60
84,seq93,r_94_18_104,seq98,r_94_18_104,1.0,0,104,104,60
30,r_106_51_70,r_108_115_151,seq50,r_106_51_70,1.0,0,70,70,61
51,seq130,seq129,r_122_131_150,r_122_131_150,0.91,5,155,150,61
50,seq1,r_14_75_193,r_6_28_168,r_6_28_168,0.32,-28,140,168,61
36,r_65_68_90,r_66_0_167,r_25_67_112,r_25_67_112,0.87,3,115,112,61
14,r_116_132_188,r_64_114_27,r_41_133_185,r_64_114_27,0.38,161,188,27,61
39,r_47_107_125,r_41_133_185,seq103,r_47_107_125,0.88,0,125,125,61
1,r_14_75_193,r_92_15_30,r_98_76_142,r_14_75_193,0.45,0,193,193,61
43,r_17_39_92,r_94_16_36,seq36,r_17_39_92,1.0,0,92,92,61
46,r_149_3_135,seq146,seq5,r_149_3_135,0.96,0,135,135,61
42,r_11_4_150,r_13_125_171,r_149_3_135,r_11_4_150,0.69,10,160,150,61
80,seq140,r_142_81_134,seq138,r_142_81_134,0.75,-72,62,134,61
18,r_18_58_35,r_17_39_92,seq59,r_18_58_35,1.0,0,35,35,61
75,seq59,seq55,r_18_58_35,r_18_58_35,1.0,3,38,35,61
38,r_32_147_40,seq33,seq146,r_32_147_40,1.0,0,40,40,61
97,seq119,r_122_131_150,seq117,r_122_131_150,0.69,-18,132,150,61
1,r_14_75_193,r_18_58_35,r_92_15_30,r_14_75_193,0.99,-163,30,193,61
61,seq23,seq21,r_34_24_34,r_34_24_34,0.99,11,45,34,61
41,r_95_35_136,seq93,seq36,r_95_35_136,0.84,0,136,136,61
67,seq42,r_41_133_185,seq44,r_41_133_185,0.96,-75,110,185,61
3,r_25_67_112,r_22_135_162,r_65_68_90,r_25_67_112,0.99,0,112,112,61
43,r_17_39_92,r_18_58_35,r_94_16_36,r_17_39_92,1.0,-56,36,92,61
35,r_83_88_53,r_82_78_115,seq89,r_83_88_53,0.95,0,53,53,61
4,r_26_31_82,seq27,r_102_29_65,r_102_29_65,1.0,17,82,65,61
63,seq30,seq33,r_102_29_65,r_102_29_65,1.0,8,73,65,61
20,r_41_133_185,seq42,r_122_131_150,r_122_131_150,0.61,36,186,150,61
13,r_97_63_85,seq96,r_65_68_90,r_97_63_85,0.99,4,89,85,61
15,r_144_73_99,r_142_81_134,seq71,r_144_73_99,0.94,1,100,99,61
48,r_128_134_157,r_127_57_199,r_122_131_150,r_122_131_150,0.95,12,162,150,61
49,r_74_136_67,seq138,r_22_135_162,r_22_135_162,0.69,7,169,162,61
57,seq12,r_13_125_171,seq7,r_13_125_171,0.9,1,172,171,61
62,seq27,r_26_31_82,seq36,r_26_31_82,0.62,0,82,82,61
26,r_92_15_30,r_90_62_33,r_14_75_193,r_92_15_30,1.0,0,30,30,61
21,r_142_81_134,r_121_143_14,seq91,r_142_81_134,0.59,3,137,134,61
85,seq89,seq91,r_83_88_53,r_83_88_53,0.98,8,61,53,61
8,r_90_62_33,seq60,r_52_61_52,r_52_61_52,1.0,0,52,52,61
99,seq126,r_128_134_157,r_13_125_171,r_13_125_171,0.84,3,174,171,61
10,r_64_114_27,r_116_132_188,r_108_115_151,r_108_115_151,0.64,-19,132,151,61
37,r_52_61_52,r_49_70_194,r_90_62_33,r_52_61_52,0.98,0,52,52,61
27,r_43_40_157,seq44,r_2_38_128,r_43_40_157,0.81,0,157,157,61
19,r_34_24_34,r_32_147_40,seq23,r_34_24_34,0.81,0,34,34,61
47,r_123_148_108,r_122_131_150,r_32_147_40,r_32_147_40,0.76,68,108,40,61
40,r_77_105_174,seq79,seq103,r_77_105_174,0.34,-1,173,174,61
25,r_122_131_150,r_123_148_108,seq119,r_122_131_150,0.58,-42,108,150,61
33,r_82_78_115,r_83_88_53,seq79,r_82_78_115,0.74,-62,53,115,61
50,seq1,r_17_39_92,r_14_75_193,r_14_75_193,0.51,-104,89,193,61
70,seq50,r_49_70_194,r_106_51_70,r_106_51_70,1.0,124,194,70,61
44,r_94_16_36,r_95_35_136,r_17_39_92,r_94_16_36,1.0,0,36,36,61
65,seq36,seq33,r_9_37_111,r_9_37_111,1.0,2,113,111,61
21,r_142_81_134,r_144_73_99,r_121_143_14,r_121_143_14,0.91,-3,11,14,61
68,seq44,r_43_40_157,seq42,r_43_40_157,1.0,-67,90,157,61
44,r_94_16_36,r_17_39_92,r_14_75_193,r_17_39_92,1.0,0,92,92,61
52,seq5,r_6_28_168,r_11_4_150,r_6_28_168,0.99,0,168,168,61
34,r_111_137_80,seq110,seq138,r_111_137_80,0.99,15,95,80,61
17,r_108_115_151,seq96,r_64_114_27,r_108_115_151,0.52,1,152,151,61
9,r_13_125_171,seq12,seq126,r_13_125_171,0.76,1,172,171,61
26,r_92_15_30,r_14_75_193,r_84_20_151,r_84_20_151,0.92,45,196,151,61
96,seq117,r_118_19_185,seq119,r_118_19_185,0.83,-16,169,185,61
22,r_102_29_65,seq103,seq30,r_102_29_65,0.99,1,66,65,61
62,seq27,seq36,r_6_28_168,r_6_28_168,0.93,12,180,168,61
10,r_64_114_27,r_66_0_167,r_116_132_188,r_64_114_27,0.85,-8,19,27,61
49,r_74_136_67,seq71,seq138,r_74_136_67,0.9,4,71,67,61
23,r_66_0_167,r_65_68_90,seq1,r_66_0_167,0.67,0,167,167,61
8,r_90_62_33,r_95_35_136,seq60,r_90_62_33,0.76,0,33,33,61
44,r_94_16_36,r_14_75_193,r_84_20_151,r_84_20_151,0.87,4,155,151,61
25,r_122_131_150,seq119,seq130,r_122_131_150,0.66,0,150,150,61
5,r_109_45_31,r_97_63_85,seq44,r_109_45_31,1.0,3,34,31,61
12,r_2_38_128,r_6_28_168,r_17_39_92,r_6_28_168,0.76,-40,128,168,61
44,r_133_147_172,seq135,seq148,r_133_147_172,0.75,1,173,172,62
36,r_132_123_198,r_130_138_155,r_107_131_80,r_132_123_198,0.93,-116,82,198,62
9,r_101_15_117,r_73_103_48,r_141_19_102,r_101_15_117,1.0,0,117,117,62
8,r_92_116_117,seq93,seq115,r_92_116_117,0.99,0,117,117,62
43,r_140_80_115,seq139,seq81,r_140_80_115,0.93,0,115,115,62
30,r_110_89_175,r_105_99_120,r_41_112_32,r_41_112_32,0.67,6,38,32,62
68,seq39,r_45_72_90,seq37,r_45_72_90,0.99,-40,50,90,62
37,r_11_75_62,r_9_136_89,seq74,r_11_75_62,1.0,0,62,62,62
2,r_117_100_33,r_118_70_101,r_101_15_117,r_117_100_33,1.0,0,33,33,62
71,seq46,seq42,r_96_44_66,r_96_44_66,1.0,36,102,66,62
16,r_36_119_90,seq39,seq120,r_36_119_90,1.0,0,90,90,62
21,r_96_44_66,r_97_77_172,seq46,r_96_44_66,0.99,1,67,66,62
1,r_3_129_122,seq8,r_107_131_80,r_3_129_122,0.99,0,122,122,62
46,r_61_14_167,seq58,r_101_15_117,r_101_15_117,0.76,50,167,117,62
32,r_41_112_32,r_110_89_175,r_76_108_94,r_76_108_94,1.0,60,154,94,62
23,r_4_98_68,r_97_77_172,r_105_99_120,r_105_99_120,1.0,7,127,120,62
14,r_73_103_48,r_117_100_33,r_87_102_133,r_87_102_133,0.97,8,141,133,62
34,r_97_77_172,seq93,r_11_75_62,r_97_77_172,0.97,1,173,172,62
39,r_30_121_33,r_122_62_112,seq120,r_122_62_112,1.0,-1,111,112,62
31,r_76_108_94,seq74,seq109,r_76_108_94,1.0,0,94,94,62
41,r_87_102_133,r_86_146_161,r_73_103_48,r_87_102_133,0.47,0,133,133,62
9,r_101_15_117,r_110_89_175,r_73_103_48,r_73_103_48,1.0,1,49,48,62
26,r_25_63_170,seq29,r_113_65_64,r_113_65_64,1.0,106,170,64,62
48,r_84_2_52,r_85_47_59,seq1,r_84_2_52,1.0,0,52,52,62
14,r_73_103_48,r_101_15_117,r_117_100_33,r_101_15_117,1.0,-3,114,117,62
11,r_141_19_102,r_140_80_115,seq21,r_141_19_102,0.92,0,102,102,62
32,r_41_112_32,r_35_91_161,r_110_89_175,r_41_112_32,1.0,0,32,32,62
20,r_143_68_143,seq144,r_113_65_64,r_143_68_143,0.95,0,143,143,62
98,seq126,seq124,r_106_127_79,r_106_127_79,1.0,45,124,79,62
15,r_113_65_64,r_110_89_175,seq64,r_113_65_64,1.0,1,65,64,62
96,seq120,seq115,r_30_121_33,r_30_121_33,1.0,3,36,33,62
17,r_118_70_101,seq120,r_122_62_112,r_118_70_101,0.5,-50,51,101,62
14,r_73_103_48,r_76_108_94,r_101_15_117,r_73_103_48,0.99,0,48,48,62
22,r_86_146_161,r_26_38_58,seq144,r_86_146_161,0.88,0,161,161,62
19,r_90_20_22,r_92_116_117,seq21,r_90_20_22,1.0,0,22,22,62
0,r_122_62_112,r_30_121_33,seq58,r_122_62_112,1.0,0,112,112,62
30,r_110_89_175,r_41_112_32,seq88,r_41_112_32,0.71,143,175,32,62
87,seq81,r_79_28_183,r_140_80_115,r_140_80_115,1.0,45,160,115,62
47,r_9_136_89,seq10,seq135,r_9_136_89,1.0,0,89,89,62
40,r_107_131_80,r_106_127_79,r_132_123_198,r_132_123_198,1.0,-74,124,198,62
18,r_105_99_120,seq109,r_4_98_68,r_105_99_120,0.99,0,120,120,62
34,r_97_77_172,r_4_98_68,seq93,r_97_77_172,0.41,-26,146,172,62
25,r_60_71_125,seq59,r_45_72_90,r_60_71_125,0.5,0,125,125,62
33,r_130_138_155,r_132_123_198,seq137,r_130_138_155,0.95,0,155,155,62
50,seq1,seq8,r_84_2_52,r_84_2_52,1.0,12,64,52,62
65,seq31,seq34,r_13_32_127,r_13_32_127,0.98,25,152,127,62
61,seq21,r_18_16_148,r_141_19_102,r_141_19_102,1.0,46,148,102,62
38,r_13_32_127,r_18_16_148,seq31,r_13_32_127,0.82,0,127,127,62
52,seq135,seq134,r_9_136_89,r_9_136_89,1.0,6,95,89,62
29,r_111_48_12,r_101_15_117,seq51,r_111_48_12,1.0,0,12,12,62
67,seq37,r_36_119_90,seq39,r_36_119_90,1.0,-51,39,90,62
34,r_97_77_172,r_96_44_66,r_4_98_68,r_97_77_172,0.99,-105,67,172,62
2,r_117_100_33,r_101_15_117,r_73_103_48,r_101_15_117,0.76,-35,82,117,62
13,r_6_22_46,r_3_129_122,seq29,r_6_22_46,0.86,3,49,46,62
12,r_85_47_59,r_86_146_161,seq51,r_85_47_59,0.98,0,59,59,62
22,r_86_146_161,r_87_102_133,r_26_38_58,r_87_102_133,0.52,0,133,133,62
28,r_128_0_80,r_132_123_198,r_69_5_7,r_128_0_80,1.0,0,80,80,62
49,r_52_7_63,seq49,seq8,r_52_7_63,1.0,0,63,63,62
0,r_122_62_112,seq120,r_30_121_33,r_30_121_33,1.0,15,48,33,62
56,seq139,r_140_80_115,seq144,r_140_80_115,1.0,0,115,115,62
7,r_82_145_186,r_79_28_183,r_86_146_161,r_86_146_161,0.66,25,186,161,62
23,r_4_98_68,seq8,r_97_77_172,r_4_98_68,0.99,0,68,68,62
39,r_30_121_33,seq31,r_122_62_112,r_30_121_33,0.99,0,33,33,62
35,r_35_91_161,seq39,seq93,r_35_91_161,0.54,0,161,161,62
95,seq115,seq120,r_30_121_33,r_30_121_33,1.0,18,51,33,62
95,seq115,r_30_121_33,r_92_116_117,r_92_116_117,1.0,22,139,117,62
61,seq25,r_17_33_145,r_68_27_33,r_17_33_145,0.34,-1,144,145,63
30,r_8_70_93,seq7,r_92_131_183,r_8_70_93,0.77,1,94,93,63
51,seq128,r_127_140_184,r_61_130_82,r_61_130_82,1.0,73,155,82,63
6,r_51_136_46,seq50,r_15_135_34,r_51_136_46,1.0,0,46,46,63
8,r_139_36_150,seq138,seq34,r_139_36_150,0.76,0,150,150,63
43,r_100_48_94,r_103_71_158,seq50,r_100_48_94,1.0,0,94,94,63
48,r_75_19_12,r_74_88_18,r_77_16_1,r_75_19_12,0.48,0,12,12,63
54,seq7,r_8_70_93,seq9,r_8_70_93,1.0,1,94,93,63
37,r_82_79_62,seq83,r_99_78_11,r_82_79_62,0.65,20,82,62,63
19,r_15_135_34,r_134_56_116,r_51_136_46,r_134_56_116,0.94,0,116,116,63
13,r_119_64_12,r_120_148_34,r_62_1_62,r_119_64_12,0.93,0,12,12,63
86,seq93,r_92_131_183,r_74_88_18,r_74_88_18,0.67,167,185,18,63
16,r_20_141_86,r_17_33_145,r_72_149_34,r_20_141_86,1.0,0,86,86,63
39,r_127_140_184,seq128,r_51_136_46,r_51_136_46,1.0,136,182,46,63
1,r_62_1_62,r_61_130_82,r_94_3_32,r_62_1_62,1.0,0,62,62,63
25,r_144_97_16,seq146,r_137_95_11,r_144_97_16,0.54,0,16,16,63
5,r_5_31_174,seq6,r_49_30_32,r_5_31_174,0.44,0,174,174,63
42,r_61_130_82,seq59,seq128,r_61_130_82,0.99,0,82,82,63
24,r_76_54_27,r_74_88_18,seq52,r_76_54_27,1.0,0,27,27,63
46,r_137_95_11,r_127_140_184,r_144_97_16,r_127_140_184,0.6,-168,16,184,63
45,r_67_40_88,seq69,seq39,r_67_40_88,0.99,0,88,88,63
47,r_120_148_34,seq117,r_72_149_34,r_120_148_34,0.98,0,34,34,63
33,r_72_149_34,r_85_87_11,r_120_148_34,r_72_149_34,0.96,0,34,34,63
38,r_94_3_32,r_92_131_183,seq0,r_94_3_32,1.0,0,32,32,63
31,r_85_87_11,r_89_91_175,r_124_86_83,r_124_86_83,1.0,7,90,83,63
41,r_24_114_67,r_26_133_123,r_21_113_25,r_24_114_67,1.0,0,67,67,63
3,r_110_80_149,seq109,r_82_79_62,r_110_80_149,0.64,1,150,149,63
20,r_11_104_58,r_38_145_91,seq107,r_11_104_58,0.94,1,59,58,63
72,seq50,seq55,r_100_48_94,r_100_48_94,1.0,14,108,94,63
60,seq146,seq138,r_72_149_34,r_72_149_34,0.58,6,40,34,63
78,seq138,r_139_36_150,r_51_136_46,r_51_136_46,0.97,104,150,46,63
11,r_53_125_126,seq52,seq121,r_53_125_126,0.98,0,126,126,63
15,r_115_142_105,seq116,r_29_143_93,r_115_142_105,0.99,0,105,105,63
44,r_99_78_11,r_98_147_126,r_74_88_18,r_99_78_11,0.91,0,11,11,63
10,r_68_27_33,seq69,seq34,r_68_27_33,0.97,0,33,33,63
44,r_99_78_11,r_74_88_18,r_82_79_62,r_99_78_11,0.56,33,44,11,63
36,r_73_96_100,r_99_78_11,r_144_97_16,r_73_96_100,0.73,1,101,100,63
27,r_118_4_81,seq117,r_62_1_62,r_118_4_81,0.98,0,81,81,63
30,r_8_70_93,seq84,r_103_71_158,r_8_70_93,0.83,66,159,93,63
19,r_15_135_34,r_22_57_84,r_134_56_116,r_15_135_34,1.0,0,34,34,63
49,r_21_113_25,r_22_57_84,seq116,r_21_113_25,1.0,0,25,25,63
2,r_92_131_183,seq93,r_26_133_123,r_92_131_183,0.5,0,183,183,63
74,seq55,seq58,r_134_56_116,r_134_56_116,1.0,16,132,116,63
18,r_98_147_126,seq106,r_72_149_34,r_98_147_126,0.83,0,126,126,63
22,r_18_63_40,r_22_57_84,r_119_64_12,r_18_63_40,1.0,0,40,40,63
32,r_134_56_116,r_139_36_150,seq55,r_134_56_116,0.95,0,116,116,63
40,r_129_111_41,seq128,seq112,r_129_111_41,1.0,0,41,41,63
85,seq90,seq93,r_85_87_11,r_85_87_11,0.33,39,50,11,63
34,r_103_71_158,seq101,r_8_70_93,r_8_70_93,1.0,65,158,93,63
13,r_119_64_12,r_62_1_62,r_18_63_40,r_119_64_12,0.6,50,62,12,63
0,r_74_88_18,r_76_54_27,r_85_87_11,r_76_54_27,0.58,-13,14,27,63
75,seq58,seq55,r_22_57_84,r_22_57_84,1.0,48,132,84,63
81,seq69,r_67_40_88,seq65,r_67_40_88,1.0,0,88,88,63
17,r_47_37_131,seq45,r_68_27_33,r_47_37_131,0.64,0,131,131,63
9,r_124_86_83,seq123,r_85_87_11,r_124_86_83,1.0,0,83,83,63
28,r_108_23_109,seq106,r_77_16_1,r_108_23_109,1.0,0,109,109,63
4,r_49_30_32,seq55,seq28,r_49_30_32,0.99,1,33,32,63
7,r_22_57_84,r_20_141_86,seq58,r_22_57_84,0.99,1,85,84,63
23,r_17_33_145,r_77_16_1,seq34,r_17_33_145,0.48,0,145,145,63
36,r_73_96_100,r_74_88_18,r_99_78_11,r_73_96_100,0.53,-65,35,100,63
35,r_26_133_123,seq25,seq132,r_26_133_123,0.99,0,123,123,63
30,r_124_61_134,r_121_130_135,r_16_62_34,r_124_61_134,0.98,0,134,134,64
42,r_57_109_34,r_45_149_145,r_107_25_167,r_57_109_34,0.95,0,34,34,64
33,r_66_93_16,r_65_91_130,seq94,r_65_91_130,0.64,-95,35,130,64
14,r_114_134_68,r_113_102_103,r_132_143_39,r_114_134_68,1.0,0,68,68,64
8,r_121_130_135,seq122,r_63_128_98,r_121_130_135,0.99,0,135,135,64
98,seq117,r_125_133_150,seq116,r_125_133_150,0.77,-107,43,150,64
32,r_63_128_98,seq138,r_121_130_135,r_63_128_98,0.69,37,135,98,64
46,r_129_123_54,r_131_8_12,r_132_143_39,r_129_123_54,0.68,-43,11,54,64
37,r_17_50_182,seq18,r_135_55_129,r_135_55_129,0.94,53,182,129,64
39,r_81_90_131,r_80_21_117,r_65_91_130,r_80_21_117,1.0,0,117,117,64
43,r_79_10_27,r_81_90_131,seq9,r_79_10_27,1.0,0,27,27,64
54,seq9,seq11,r_79_10_27,r_79_10_27,0.98,17,44,27,64
45,r_97_32_138,seq96,r_142_33_37,r_97_32_138,0.67,0,138,138,64
65,seq30,r_31_85_149,r_142_33_37,r_142_33_37,0.92,10,47,37,64
24,r_131_8_12,r_1_43_172,r_79_10_27,r_79_10_27,0.96,87,114,27,64
29,r_132_143_39,r_136_4_108,r_26_144_31,r_26_144_31,0.6,7,38,31,64
76,seq54,seq53,r_135_55_129,r_135_55_129,1.0,28,157,129,64
6,r_16_62_34,seq19,seq58,r_16_62_34,0.99,0,34,34,64
10,r_15_56_167,r_17_50_182,r_135_55_129,r_135_55_129,0.94,38,167,129,64
90,seq96,r_97_32_138,r_147_95_81,r_147_95_81,0.88,28,109,81,64
16,r_88_126_8,r_127_106_89,r_129_123_54,r_88_126_8,0.99,81,89,8,64
14,r_114_134_68,r_132_143_39,r_125_133_150,r_125_133_150,0.86,3,153,150,64
0,r_119_41_67,r_125_133_150,seq54,r_119_41_67,1.0,1,68,67,64
11,r_145_60_162,seq146,r_7_59_148,r_145_60_162,0.66,0,162,162,64
20,r_113_102_103,r_112_118_144,seq103,r_112_118_144,0.92,-38,106,144,64
13,r_125_133_150,r_127_106_89,r_129_123_54,r_125_133_150,0.99,-61,89,150,64
26,r_26_144_31,r_23_99_145,r_132_143_39,r_26_144_31,1.0,0,31,31,64
77,seq58,r_65_91_130,r_16_62_34,r_16_62_34,0.96,1,35,34,64
13,r_125_133_150,r_129_123_54,r_114_134_68,r_125_133_150,1.0,0,150,150,64
27,r_137_77_134,seq138,r_75_78_59,r_137_77_134,0.94,0,134,134,64
38,r_120_84_8,r_52_98_64,r_65_91_130,r_65_91_130,0.51,34,164,130,64
2,r_31_85_149,seq30,r_65_91_130,r_31_85_149,0.97,0,149,149,64
46,r_129_123_54,r_132_143_39,seq122,r_129_123_54,0.79,0,54,54,64
40,r_0_70_140,r_15_56_167,seq3,r_0_70_140,0.31,-58,82,140,64
4,r_40_115_18,seq35,seq117,r_40_115_18,1.0,0,18,18,64
74,seq48,r_47_12_170,r_135_55_129,r_135_55_129,1.0,41,170,129,64
35,r_107_25_167,r_57_109_34,r_142_33_37,r_57_109_34,0.64,133,167,34,64
38,r_120_84_8,seq87,r_52_98_64,r_52_98_64,0.82,37,101,64,64
49,r_51_82_17,r_45_149_145,seq83,r_51_82_17,0.82,0,17,17,64
42,r_57_109_34,r_107_25_167,r_108_111_50,r_107_25_167,0.96,0,167,167,64
61,seq22,seq24,r_80_21_117,r_80_21_117,1.0,4,121,117,64
32,r_63_128_98,r_65_91_130,seq138,r_63_128_98,0.83,0,98,98,64
18,r_142_33_37,r_137_77_134,seq30,r_142_33_37,1.0,0,37,37,64
40,r_0_70_140,seq3,r_29_68_5,r_0_70_140,0.99,0,140,140,64
34,r_86_49_132,seq92,r_135_55_129,r_86_49_132,0.98,0,132,132,64
24,r_131_8_12,r_129_123_54,r_1_43_172,r_131_8_12,0.99,0,12,12,64
17,r_52_98_64,seq53,seq96,r_52_98_64,1.0,0,64,64,64
9,r_135_55_129,r_136_4_108,r_132_143_39,r_135_55_129,0.62,-29,100,129,64
41,r_76_20_19,r_65_91_130,seq22,r_76_20_19,0.99,0,19,19,64
7,r_104_148_37,seq105,r_147_95_81,r_104_148_37,0.97,1,38,37,64
22,r_147_95_81,r_104_148_37,seq96,r_147_95_81,0.98,0,81,81,64
38,r_120_84_8,r_97_32_138,seq87,r_120_84_8,0.52,23,31,8,64
44,r_80_21_117,r_81_90_131,seq22,r_80_21_117,1.0,0,117,117,64
23,r_127_106_89,r_125_133_150,r_108_111_50,r_127_106_89,0.99,0,89,89,64
7,r_104_148_37,r_147_95_81,r_45_149_145,r_104_148_37,0.99,44,81,37,64
35,r_107_25_167,r_108_111_50,r_57_109_34,r_57_109_34,1.0,28,62,34,64
12,r_71_140_133,seq67,seq141,r_71_140_133,0.93,0,133,133,64
9,r_135_55_129,r_132_143_39,seq54,r_135_55_129,1.0,1,130,129,64
30,r_18_145_171,seq17,r_28_148_163,r_28_148_163,0.51,10,173,163,65
51,seq1,r_0_40_142,seq4,r_0_40_142,1.0,-13,129,142,65
36,r_57_119_185,r_64_61_36,seq118,r_57_119_185,0.36,0,185,185,65
25,r_72_123_29,r_79_101_167,seq121,r_72_123_29,0.92,-1,28,29,65
86,seq81,r_83_66_60,r_89_91_102,r_83_66_60,0.58,-20,40,60,65
8,r_114_35_84,seq108,seq33,r_114_35_84,0.92,0,84,84,65
53,seq4,seq2,r_22_3_71,r_22_3_71,1.0,35,106,71,65
37,r_90_12_62,seq88,seq16,r_90_12_62,1.0,-5,57,62,65
39,r_70_60_98,r_69_140_188,r_5_59_47,r_5_59_47,1.0,51,98,47,65
41,r_38_67_88,seq33,r_120_39_30,r_120_39_30,0.99,0,30,30,65
19,r_105_104_84,r_106_8_182,seq102,r_106_8_182,0.94,-30,152,182,65
27,r_41_99_15,seq94,r_149_100_98,r_149_100_98,1.0,7,105,98,65
67,seq26,r_25_84_115,seq23,r_25_84_115,0.95,0,115,115,65
3,r_25_84_115,seq26,seq81,r_25_84_115,0.98,0,115,115,65
26,r_111_71_93,seq108,r_30_74_69,r_30_74_69,0.71,24,93,69,65
0,r_144_55_127,r_146_126_106,seq147,r_146_126_106,0.86,0,106,106,65
63,seq147,r_149_100_98,r_144_55_127,r_149_100_98,0.88,0,98,98,65
11,r_30_74_69,seq31,seq73,r_30_74_69,1.0,0,69,69,65
20,r_149_100_98,seq147,r_41_99_15,r_149_100_98,0.98,0,98,98,65
5,r_5_59_47,seq4,r_64_61_36,r_5_59_47,1.0,0,47,47,65
13,r_87_36_150,seq88,seq37,r_87_36_150,0.44,0,150,150,65
44,r_80_65_46,r_79_101_167,r_83_66_60,r_80_65_46,0.58,5,51,46,65
0,r_144_55_127,seq147,r_53_56_156,r_144_55_127,0.94,0,127,127,65
15,r_129_50_107,r_131_82_116,r_53_56_156,r_129_50_107,0.72,0,107,107,65
57,seq9,seq7,r_92_10_78,r_92_10_78,1.0,38,116,78,65
62,seq17,r_18_145_171,seq23,r_18_145_171,0.76,-6,165,171,65
27,r_41_99_15,r_46_141_120,seq94,r_41_99_15,0.76,-2,13,15,65
33,r_86_14_36,r_85_107_180,seq16,r_86_14_36,1.0,1,37,36,65
55,seq134,seq138,r_19_137_30,r_19_137_30,1.0,1,31,30,65
47,r_146_126_106,r_144_55_127,r_72_123_29,r_146_126_106,1.0,0,106,106,65
40,r_103_75_60,r_114_35_84,seq78,r_114_35_84,0.62,-24,60,84,65
17,r_83_66_60,seq81,r_80_65_46,r_83_66_60,0.75,-5,55,60,65
29,r_28_148_163,seq27,seq147,r_28_148_163,0.64,0,163,163,65
14,r_120_39_30,r_38_67_88,r_93_32_72,r_120_39_30,0.48,59,89,30,65
68,seq27,r_28_148_163,seq23,r_28_148_163,0.9,0,163,163,65
14,r_120_39_30,seq117,r_38_67_88,r_120_39_30,0.89,0,30,30,65
32,r_0_40_142,seq1,seq42,r_0_40_142,0.61,0,142,142,65
38,r_93_32_72,r_92_10_78,seq33,r_92_10_78,0.99,-5,73,78,65
28,r_6_139_50,seq7,r_19_137_30,r_6_139_50,0.98,0,50,50,65
9,r_19_137_30,r_18_145_171,seq134,r_19_137_30,0.9,0,30,30,65
1,r_15_130_38,seq16,seq132,r_15_130_38,1.0,0,38,38,65
2,r_13_68_38,seq11,r_70_60_98,r_13_68_38,1.0,-1,37,38,65
22,r_46_141_120,seq47,seq143,r_46_141_120,0.94,0,120,120,65
69,seq31,r_114_35_84,r_5_59_47,r_114_35_84,0.67,40,124,84,65
41,r_38_67_88,r_120_39_30,r_80_65_46,r_38_67_88,0.97,1,89,88,65
49,r_22_3_71,seq23,seq4,r_22_3_71,0.98,0,71,71,65
43,r_136_98_22,seq134,r_89_91_102,r_136_98_22,0.54,0,22,22,65
10,r_64_61_36,r_69_140_188,r_5_59_47,r_5_59_47,1.0,6,53,47,65
12,r_131_82_116,seq132,r_25_84_115,r_131_82_116,0.9,0,116,116,65
7,r_21_95_50,r_22_3_71,seq94,r_21_95_50,0.66,-4,46,50,65
44,r_84_62_35,seq60,r_27_61_66,r_27_61_66,0.96,30,96,66,66
36,r_146_46_178,r_142_143_56,r_50_45_81,r_146_46_178,0.69,0,178,178,66
70,seq65,seq68,r_141_66_47,r_141_66_47,1.0,0,47,47,66
69,seq60,r_64_7_100,r_84_62_35,r_64_7_100,0.95,-65,35,100,66
8,r_10_125_91,r_11_90_177,seq126,r_10_125_91,1.0,0,91,91,66
53,seq4,r_6_0_175,r_64_7_100,r_64_7_100,1.0,2,102,100,66
43,r_11_90_177,r_8_144_174,r_96_83_177,r_11_90_177,0.31,-3,174,177,66
83,seq99,r_98_44_95,seq101,r_98_44_95,1.0,-12,83,95,66
55,seq12,seq17,r_71_13_72,r_71_13_72,1.0,16,88,72,66
16,r_31_79_94,r_32_78_182,r_23_77_2,r_31_79_94,1.0,-1,93,94,66
23,r_63_29_19,r_72_21_112,seq30,r_63_29_19,0.93,0,19,19,66
42,r_105_149_130,seq106,seq148,r_105_149_130,1.0,0,130,130,66
26,r_64_7_100,seq60,r_8_144_174,r_64_7_100,0.99,0,100,100,66
38,r_53_15_181,r_75_69_67,seq17,r_53_15_181,0.6,0,181,181,66
34,r_131_58_27,seq128,seq56,r_131_58_27,0.91,0,27,27,66
0,r_9_47_90,r_48_80_129,r_110_49_162,r_9_47_90,1.0,39,129,90,66
39,r_118_14_47,r_114_67_141,seq17,r_118_14_47,0.99,0,47,47,66
5,r_24_34_51,r_27_61_66,seq35,r_27_61_66,0.99,-14,52,66,66
26,r_64_7_100,r_72_21_112,seq60,r_64_7_100,0.53,-52,48,100,66
76,seq82,r_89_2_177,r_48_80_129,r_48_80_129,0.84,24,153,129,66
31,r_6_0_175,r_8_144_174,r_102_1_172,r_6_0_175,0.66,0,175,175,66
41,r_91_37_86,r_89_2_177,seq36,r_91_37_86,1.0,0,86,86,66
72,seq70,r_64_7_100,r_75_69_67,r_64_7_100,0.99,-12,88,100,66
89,seq111,r_110_49_162,seq108,r_110_49_162,0.99,0,162,162,66
72,seq70,r_72_21_112,r_64_7_100,r_72_21_112,0.56,-45,67,112,66
4,r_54_86_102,r_55_81_172,seq87,r_55_81_172,0.69,-78,94,172,66
0,r_9_47_90,r_8_144_174,r_48_80_129,r_9_47_90,0.88,0,90,90,66
63,seq36,r_32_78_182,r_91_37_86,r_91_37_86,1.0,1,87,86,66
52,seq3,seq4,r_102_1_172,r_102_1_172,1.0,0,172,172,66
13,r_16_92_103,seq17,r_54_86_102,r_16_92_103,0.96,0,103,103,66
49,r_22_129_135,r_72_21_112,seq128,r_22_129_135,0.85,0,135,135,66
6,r_136_107_113,r_134_5_179,r_138_104_34,r_134_5_179,0.54,-66,113,179,66
58,seq20,r_19_33_60,r_113_18_8,r_19_33_60,0.65,-1,59,60,66
7,r_72_21_112,r_22_129_135,seq4,r_22_129_135,0.57,0,135,135,66
2,r_50_45_81,r_48_80_129,r_28_41_7,r_50_45_81,1.0,1,82,81,66
18,r_98_44_95,seq99,r_50_45_81,r_98_44_95,1.0,0,95,95,66
29,r_142_143_56,r_146_46_178,r_8_144_174,r_142_143_56,0.62,122,178,56,66
33,r_19_33_60,seq20,r_24_34_51,r_19_33_60,0.95,1,61,60,66
50,seq128,r_134_5_179,r_22_129_135,r_22_129_135,1.0,25,160,135,66
44,r_84_62_35,r_89_2_177,seq60,r_89_2_177,0.66,-141,36,177,66
19,r_59_133_10,r_54_86_102,seq132,r_59_133_10,1.0,0,10,10,66
32,r_102_1_172,seq101,seq3,r_102_1_172,0.61,0,172,172,66
38,r_53_15_181,r_54_86_102,r_75_69_67,r_53_15_181,0.47,-18,163,181,66
25,r_141_66_47,r_137_139_5,seq65,r_141_66_47,1.0,0,47,47,66
35,r_48_80_129,r_9_47_90,seq82,r_48_80_129,1.0,0,129,129,66
81,seq97,r_96_83_177,r_145_95_1,r_96_83_177,0.83,0,177,177,66
17,r_27_61_66,seq25,r_84_62_35,r_27_61_66,1.0,0,66,66,66
9,r_75_69_67,seq76,seq70,r_75_69_67,0.89,6,73,67,66
7,r_72_21_112,seq4,seq17,r_72_21_112,0.46,64,176,112,66
22,r_8_144_174,r_11_90_177,r_142_143_56,r_8_144_174,0.51,0,174,174,66
28,r_116_42_156,r_115_117_40,r_85_43_2,r_116_42_156,0.96,0,156,156,66
49,r_22_129_135,seq25,r_72_21_112,r_72_21_112,0.66,12,124,112,66
7,r_72_21_112,seq73,r_22_129_135,r_72_21_112,0.64,0,112,112,66
26,r_64_7_100,r_8_144_174,seq4,r_8_144_174,1.0,0,174,174,66
82,seq148,seq147,r_105_149_130,r_105_149_130,1.0,12,142,130,66
35,r_48_80_129,r_50_45_81,r_9_47_90,r_48_80_129,0.92,-47,82,129,66
84,seq101,r_102_1_172,seq99,r_102_1_172,1.0,-88,84,172,66
27,r_22_45_79,r_44_36_135,r_31_46_89,r_22_45_79,0.7,10,89,79,67
36,r_55_65_125,r_54_134_148,seq66,r_55_65_125,0.49,0,125,125,67
46,r_108_7_36,r_61_12_14,r_101_6_47,r_108_7_36,0.45,46,82,36,67
8,r_146_11_71,r_143_28_188,r_61_12_14,r_146_11_71,1.0,0,71,71,67
53,seq3,seq10,r_135_4_72,r_135_4_72,1.0,13,85,72,67
37,r_135_4_72,seq132,seq3,r_135_4_72,1.0,0,72,72,67
9,r_61_12_14,r_60_92_146,r_137_9_10,r_61_12_14,1.0,0,14,14,67
16,r_141_115_39,seq140,seq114,r_141_115_39,0.82,2,41,39,67
5,r_118_68_101,seq121,seq67,r_118_68_101,0.98,0,101,101,67
42,r_71_49_95,seq69,seq50,r_71_49_95,1.0,0,95,95,67
80,seq78,seq84,r_118_68_101,r_118_68_101,0.94,81,182,101,67
45,r_112_106_109,seq111,seq105,r_112_106_109,0.49,15,124,109,67
24,r_144_79_29,seq84,r_20_80_112,r_20_80_112,1.0,7,119,112,67
31,r_109_133_76,seq121,seq136,r_109_133_76,0.95,3,79,76,67
89,seq104,seq105,r_47_103_87,r_47_103_87,1.0,1,88,87,67
40,r_44_36_135,r_22_45_79,r_87_34_48,r_44_36_135,0.99,1,136,135,67
3,r_95_43_85,seq96,r_22_45_79,r_95_43_85,1.0,0,85,85,67
10,r_73_13_98,seq74,seq14,r_73_13_98,1.0,0,98,98,67
18,r_97_1_55,r_95_43_85,seq0,r_97_1_55,1.0,2,57,55,67
0,r_143_28_188,r_81_148_48,r_87_34_48,r_143_28_188,0.95,1,189,188,67
26,r_27_8_167,seq33,r_146_11_71,r_146_11_71,1.0,96,167,71,67
0,r_143_28_188,r_145_139_137,r_81_148_48,r_81_148_48,0.89,97,145,48,67
63,seq149,seq140,r_81_148_48,r_81_148_48,0.9,15,63,48,67
13,r_20_80_112,seq15,r_144_79_29,r_20_80_112,0.98,0,112,112,67
44,r_77_98_51,seq84,seq96,r_77_98_51,1.0,0,51,51,67
15,r_76_142_173,seq75,r_81_148_48,r_81_148_48,0.75,125,173,48,67
48,r_37_48_147,seq19,r_87_34_48,r_87_34_48,0.99,38,86,48,67
46,r_108_7_36,r_109_133_76,r_61_12_14,r_108_7_36,1.0,0,36,36,67
34,r_117_89_55,seq121,seq88,r_117_89_55,0.71,0,55,55,67
6,r_60_92_146,r_59_107_188,seq91,r_60_92_146,0.63,0,146,146,67
20,r_87_34_48,seq84,seq33,r_87_34_48,1.0,0,48,48,67
19,r_81_148_48,seq84,seq149,r_81_148_48,0.98,1,49,48,67
27,r_22_45_79,seq19,r_44_36_135,r_44_36_135,0.73,-56,79,135,67
2,r_138_83_73,seq136,r_18_86_55,r_18_86_55,0.97,19,74,55,67
47,r_51_116_95,seq50,r_72_120_70,r_51_116_95,1.0,0,95,95,67
40,r_44_36_135,r_47_103_87,r_22_45_79,r_44_36_135,0.97,-49,86,135,67
14,r_101_6_47,r_102_100_196,r_108_7_36,r_102_100_196,1.0,-149,47,196,67
1,r_32_110_58,r_31_46_89,seq121,r_32_110_58,1.0,0,58,58,67
12,r_18_86_55,seq19,seq84,r_18_86_55,1.0,0,55,55,67
24,r_144_79_29,r_143_28_188,seq84,r_144_79_29,0.92,0,29,29,67
21,r_137_9_10,r_138_83_73,seq10,r_137_9_10,1.0,0,10,10,67
25,r_47_103_87,r_44_36_135,seq104,r_47_103_87,1.0,0,87,87,67
48,r_37_48_147,r_87_34_48,r_95_43_85,r_37_48_147,0.81,0,147,147,67
50,seq0,seq10,r_97_1_55,r_97_1_55,1.0,30,85,55,67
68,seq40,r_41_57_165,r_17_42_112,r_17_42_112,1.0,26,138,112,67
38,r_145_139_137,r_143_28_188,seq149,r_145_139_137,0.48,10,147,137,67
40,r_44_36_135,r_87_34_48,seq19,r_44_36_135,0.44,33,168,135,67
17,r_59_107_188,seq62,r_141_115_39,r_141_115_39,0.73,149,188,39,67
4,r_123_56_16,r_118_68_101,seq50,r_123_56_16,0.98,1,17,16,67
41,r_85_38_24,r_87_34_48,seq40,r_85_38_24,0.99,0,24,24,67
29,r_63_30_19,r_31_46_89,r_82_29_77,r_63_30_19,1.0,71,90,19,67
22,r_54_134_148,seq50,r_109_133_76,r_54_134_148,0.9,0,148,148,67
28,r_17_42_112,seq19,seq40,r_17_42_112,0.99,0,112,112,67
91,seq111,r_112_106_109,r_72_120_70,r_72_120_70,1.0,54,124,70,67
29,r_63_30_19,seq66,r_31_46_89,r_63_30_19,1.0,0,19,19,67
49,r_31_46_89,r_35_23_163,r_22_45_79,r_35_23_163,0.81,-73,90,163,67
7,r_119_125_139,seq121,seq126,r_119_125_139,0.47,1,140,139,67
23,r_82_29_77,seq84,r_63_30_19,r_82_29_77,0.96,0,77,77,67
11,r_53_99_58,seq52,r_77_98_51,r_53_99_58,1.0,0,58,58,67
35,r_72_120_70,r_76_142_173,seq121,r_72_120_70,1.0,0,70,70,67
44,r_99_134_172,r_22_100_79,r_0_137_14,r_99_134_172,0.77,2,174,172,68
33,r_79_144_116,r_84_80_68,seq143,r_79_144_116,0.94,0,116,116,68
0,r_6_108_11,r_0_137_14,seq106,r_6_108_11,0.56,0,11,11,68
14,r_111_97_11,r_92_1_106,r_26_96_81,r_111_97_11,0.82,84,95,11,68
43,r_55_43_157,r_54_2_155,r_123_45_72,r_54_2_155,0.81,1,156,155,68
22,r_110_83_16,r_84_80_68,r_103_89_43,r_110_83_16,0.67,63,79,16,68
37,r_76_16_86,r_87_78_9,seq14,r_76_16_86,1.0,0,86,86,68
55,seq140,r_141_35_166,seq143,r_141_35_166,0.97,0,166,166,68
71,seq135,r_136_3_95,r_0_137_14,r_136_3_95,0.89,0,95,95,68
16,r_91_132_97,r_90_57_140,seq133,r_91_132_97,0.96,0,97,97,68
21,r_31_27_95,seq32,seq28,r_31_27_95,0.9,0,95,95,68
1,r_39_128_171,seq37,r_126_131_53,r_126_131_53,0.93,118,171,53,68
5,r_15_59_93,seq17,seq58,r_15_59_93,0.98,0,93,93,68
38,r_136_3_95,r_71_9_5,r_92_1_106,r_92_1_106,0.53,11,117,106,68
87,seq81,r_85_88_1,r_149_82_41,r_149_82_41,1.0,10,51,41,68
45,r_77_69_122,r_87_78_9,r_10_70_74,r_10_70_74,1.0,48,122,74,68
19,r_19_139_172,seq17,seq140,r_19_139_172,0.4,0,172,172,68
76,seq52,r_51_117_131,seq48,r_51_117_131,0.85,0,131,131,68
67,seq32,r_31_27_95,seq37,r_31_27_95,0.57,0,95,95,68
89,seq93,r_92_1_106,r_111_97_11,r_92_1_106,1.0,0,106,106,68
10,r_123_45_72,r_126_131_53,seq46,r_123_45_72,1.0,0,72,72,68
2,r_90_57_140,r_6_108_11,r_15_59_93,r_90_57_140,0.92,0,140,140,68
4,r_92_1_106,seq93,r_136_3_95,r_92_1_106,0.54,0,106,106,68
11,r_25_49_87,r_26_96_81,seq48,r_25_49_87,0.99,-4,83,87,68
20,r_64_105_165,seq63,r_6_108_11,r_64_105_165,0.59,0,165,165,68
15,r_51_117_131,seq52,seq114,r_51_117_131,0.76,0,131,131,68
48,r_54_2_155,r_55_43_157,r_92_1_106,r_55_43_157,0.92,-2,155,157,68
42,r_84_80_68,r_85_88_1,r_110_83_16,r_110_83_16,0.97,1,17,16,68
8,r_149_82_41,r_147_21_131,seq81,r_149_82_41,1.0,0,41,41,68
39,r_85_88_1,r_47_86_11,r_103_89_43,r_103_89_43,1.0,8,51,43,68
2,r_90_57_140,r_91_132_97,r_6_108_11,r_90_57_140,0.54,-43,97,140,68
18,r_26_96_81,r_25_49_87,r_111_97_11,r_26_96_81,1.0,0,81,81,68
29,r_127_60_156,seq122,r_15_59_93,r_15_59_93,0.77,63,156,93,68
24,r_147_21_131,seq143,seq13,r_147_21_131,0.81,0,131,131,68
33,r_79_144_116,r_76_16_86,r_84_80_68,r_76_16_86,0.72,-14,72,86,68
22,r_110_83_16,r_111_97_11,r_84_80_68,r_110_83_16,0.85,5,21,16,68
68,seq36,r_34_112_137,seq32,r_34_112_137,0.88,-50,87,137,68
42,r_84_80_68,r_110_83_16,r_87_78_9,r_84_80_68,0.81,28,96,68,68
32,r_12_115_143,seq17,r_51_117_131,r_12_115_143,0.9,0,143,143,68
38,r_136_3_95,seq135,r_71_9_5,r_136_3_95,0.83,0,95,95,68
52,seq7,seq17,r_120_4_96,r_120_4_96,1.0,19,115,96,68
25,r_47_86_11,seq44,r_85_88_1,r_47_86_11,0.98,0,11,11,68
77,seq53,r_56_5_153,r_145_62_27,r_56_5_153,0.59,-69,84,153,68
60,seq146,r_147_21_131,seq140,r_147_21_131,0.92,-2,129,131,68
13,r_103_89_43,r_104_107_84,r_85_88_1,r_103_89_43,0.99,1,44,43,68
46,r_118_74_23,seq113,seq75,r_118_74_23,1.0,0,23,23,68
39,r_85_88_1,r_84_80_68,r_47_86_11,r_47_86_11,0.99,0,11,11,68
36,r_145_62_27,r_147_21_131,seq63,r_145_62_27,0.89,3,30,27,68
28,r_10_70_74,seq11,seq72,r_10_70_74,1.0,0,74,74,68
49,r_61_95_81,seq58,seq94,r_61_95_81,0.83,0,81,81,68
7,r_120_4_96,r_125_40_132,seq7,r_120_4_96,1.0,0,96,96,68
44,r_99_134_172,r_92_1_106,r_22_100_79,r_22_100_79,0.56,11,90,79,68
23,r_22_100_79,r_19_139_172,r_99_134_172,r_22_100_79,1.0,0,79,79,68
35,r_56_5_153,r_55_43_157,r_120_4_96,r_55_43_157,0.78,-4,153,157,68
27,r_0_137_14,seq7,seq135,r_0_137_14,0.82,0,14,14,68
12,r_33_18_87,r_31_27_95,seq20,r_33_18_87,1.0,0,87,87,68
23,r_22_100_79,r_99_134_172,seq93,r_99_134_172,0.45,2,174,172,68
78,seq58,r_145_62_27,r_15_59_93,r_15_59_93,0.97,8,101,93,68
84,seq72,r_79_144_116,r_10_70_74,r_10_70_74,1.0,1,75,74,68
30,r_26_9_69,r_27_79_111,seq8,r_26_9_69,1.0,0,69,69,69
44,r_87_140_155,r_1_88_47,r_49_137_146,r_87_140_155,1.0,0,155,155,69
12,r_1_88_47,r_3_56_158,r_45_90_47,r_1_88_47,1.0,0,47,47,69
17,r_85_51_45,r_99_0_105,r_116_52_35,r_85_51_45,1.0,0,45,45,69
27,r_64_126_20,seq61,seq125,r_64_126_20,1.0,0,20,20,69
78,seq73,r_74_129_21,r_70_124_120,r_74_129_21,0.81,2,23,21,69
8,r_43_89_101,r_44_38_165,r_45_90_47,r_44_38_165,0.86,-64,101,165,69
94,seq111,seq108,r_23_112_25,r_23_112_25,1.0,0,25,25,69
54,seq12,r_6_48_45,seq13,r_6_48_45,1.0,-12,33,45,69
37,r_94_37_158,seq93,r_115_36_7,r_94_37_158,0.22,0,158,158,69
44,r_87_140_155,r_99_0_105,r_1_88_47,r_1_88_47,0.89,0,47,47,69
59,seq18,seq16,r_71_19_84,r_71_19_84,1.0,35,119,84,69
74,seq58,r_54_84_26,r_142_57_8,r_54_84_26,0.72,0,26,26,69
21,r_77_2_89,seq95,r_3_56_158,r_77_2_89,1.0,0,89,89,69
39,r_46_81_169,seq50,seq80,r_46_81_169,0.52,0,169,169,69
1,r_63_130_196,seq65,r_49_137_146,r_63_130_196,0.38,0,196,196,69
1,r_63_130_196,r_62_106_96,seq65,r_62_106_96,1.0,0,96,96,69
5,r_67_72_101,r_70_124_120,seq73,r_70_124_120,0.85,-19,101,120,69
46,r_144_110_128,r_145_100_132,seq107,r_144_110_128,1.0,0,128,128,69
72,seq50,r_49_137_146,r_116_52_35,r_116_52_35,1.0,1,36,35,69
41,r_23_112_25,r_22_117_87,seq111,r_23_112_25,0.98,0,25,25,69
84,seq91,r_92_10_158,r_45_90_47,r_45_90_47,1.0,0,47,47,69
15,r_74_129_21,seq73,r_64_126_20,r_74_129_21,0.81,0,21,21,69
35,r_45_90_47,r_46_81_169,seq91,r_45_90_47,0.79,0,47,47,69
95,seq114,r_113_5_84,r_74_129_21,r_113_5_84,0.7,0,84,84,69
78,seq73,r_70_124_120,r_67_72_101,r_70_124_120,0.99,-16,104,120,69
76,seq65,seq61,r_29_66_96,r_29_66_96,1.0,9,105,96,69
3,r_113_5_84,seq114,seq8,r_113_5_84,0.98,0,84,84,69
10,r_132_47_123,seq136,r_85_51_45,r_132_47_123,0.94,0,123,123,69
90,seq105,seq111,r_120_104_149,r_120_104_149,0.99,0,149,149,69
26,r_86_123_108,seq83,seq122,r_86_123_108,1.0,0,108,108,69
28,r_54_84_26,seq58,seq83,r_54_84_26,1.0,0,26,26,69
20,r_49_137_146,seq50,r_59_135_1,r_49_137_146,0.66,0,146,146,69
98,seq122,r_120_104_149,r_86_123_108,r_86_123_108,0.95,0,108,108,69
62,seq24,r_22_117_87,r_25_103_153,r_22_117_87,1.0,2,89,87,69
21,r_77_2_89,r_3_56_158,r_99_0_105,r_3_56_158,0.93,-1,157,158,69
48,r_128_102_59,r_127_41_91,seq101,r_128_102_59,1.0,0,59,59,69
6,r_127_41_91,r_128_102_59,r_74_129_21,r_74_129_21,0.6,7,28,21,69
49,r_25_103_153,seq24,r_120_104_149,r_25_103_153,1.0,0,153,153,69
2,r_27_79_111,r_25_103_153,r_1_88_47,r_27_79_111,0.99,0,111,111,69
47,r_96_118_77,seq95,r_127_41_91,r_127_41_91,0.88,-16,75,91,69
40,r_145_100_132,seq143,r_75_98_7,r_145_100_132,1.0,0,132,132,69
18,r_29_66_96,r_30_147_158,seq65,r_29_66_96,1.0,0,96,96,69
29,r_22_117_87,seq24,r_96_118_77,r_22_117_87,0.99,2,89,87,69
52,seq8,r_6_48_45,r_78_7_6,r_6_48_45,1.0,-16,29,45,69
25,r_71_19_84,r_70_124_120,seq18,r_71_19_84,1.0,0,84,84,69
99,seq125,r_127_41_91,r_64_126_20,r_64_126_20,0.72,0,20,20,69
64,seq31,r_30_147_158,seq28,r_30_147_158,1.0,0,158,158,69
88,seq148,r_149_55_165,seq143,r_149_55_165,0.96,0,165,165,69
19,r_60_11_14,r_63_130_196,seq8,r_60_11_14,0.91,0,14,14,69
70,seq42,r_44_38_165,r_132_47_123,r_132_47_123,0.89,42,165,123,69
6,r_127_41_91,r_74_129_21,r_115_36_7,r_127_41_91,1.0,0,91,91,69
47,r_96_118_77,r_127_41_91,r_22_117_87,r_96_118_77,0.92,11,88,77,69
38,r_149_55_165,seq148,r_3_56_158,r_149_55_165,0.82,0,165,165,69
31,r_3_56_158,r_1_88_47,r_77_2_89,r_3_56_158,0.99,-111,47,158,69
9,r_120_104_149,seq121,seq105,r_120_104_149,0.92,0,149,149,69
31,r_3_56_158,r_77_2_89,r_142_57_8,r_3_56_158,0.69,0,158,158,69
77,seq69,r_70_124_120,r_14_68_48,r_14_68_48,0.89,0,48,48,69
62,seq24,r_25_103_153,r_71_19_84,r_25_103_153,1.0,0,153,153,69
49,r_25_103_153,r_27_79_111,seq24,r_27_79_111,1.0,-6,105,111,69
34,r_116_52_35,seq125,seq50,r_116_52_35,1.0,0,35,35,69
7,r_62_106_96,r_63_130_196,r_23_112_25,r_62_106_96,0.95,0,96,96,69
79,seq143,r_145_100_132,seq148,r_145_100_132,1.0,0,132,132,69
43,r_6_48_45,seq8,r_85_51_45,r_6_48_45,0.98,0,45,45,69
36,r_14_68_48,seq15,seq69,r_14_68_48,1.0,0,48,48,69
30,r_74_127_188,r_73_106_89,seq78,r_73_106_89,0.84,-1,88,89,70
36,r_130_52_110,seq136,seq53,r_130_52_110,0.99,0,110,110,70
8,r_138_51_106,seq136,r_50_144_143,r_138_51_106,0.85,0,106,106,70
16,r_43_131_112,seq42,seq133,r_43_131_112,0.97,0,112,112,70
21,r_107_98_184,seq109,r_73_106_89,r_73_106_89,1.0,1,90,89,70
1,r_67_11_180,r_123_68_42,r_148_10_33,r_67_11_180,0.54,0,180,180,70
5,r_64_108_161,seq63,seq109,r_64_108_161,0.82,0,161,161,70
42,r_85_111_144,r_81_97_192,seq112,r_81_97_192,0.52,-48,144,192,70
80,seq75,seq78,r_56_76_156,r_56_76_156,0.95,1,157,156,70
8,r_138_51_106,r_50_144_143,r_66_57_65,r_50_144_143,0.98,0,143,143,70
69,seq33,seq34,r_26_32_74,r_26_32_74,1.0,0,74,74,70
24,r_73_106_89,r_107_98_184,r_64_108_161,r_64_108_161,0.95,24,185,161,70
19,r_128_31_116,seq133,r_26_32_74,r_128_31_116,1.0,0,116,116,70
33,r_38_71_11,r_70_39_198,r_123_68_42,r_123_68_42,1.0,131,173,42,70
70,seq34,seq33,r_12_35_42,r_12_35_42,1.0,1,43,42,70
37,r_92_140_35,seq95,seq133,r_92_140_35,1.0,1,36,35,70
31,r_50_144_143,r_54_129_137,r_138_51_106,r_138_51_106,0.91,8,114,106,70
41,r_90_117_88,seq91,seq118,r_90_117_88,1.0,0,88,88,70
31,r_50_144_143,r_138_51_106,r_21_145_73,r_50_144_143,0.93,0,143,143,70
89,seq94,seq95,r_79_96_52,r_79_96_52,0.8,101,153,52,70
10,r_70_39_198,r_69_72_160,r_38_71_11,r_70_39_198,0.58,-134,64,198,70
11,r_21_145_73,seq22,seq146,r_21_145_73,0.99,0,73,73,70
20,r_29_25_83,seq28,seq19,r_29_25_83,0.95,0,83,83,70
48,r_139_120_87,r_138_51_106,seq121,r_138_51_106,0.81,-19,87,106,70
33,r_38_71_11,r_43_131_112,r_70_39_198,r_38_71_11,0.8,3,14,11,70
6,r_26_32_74,r_18_36_122,seq33,r_26_32_74,0.85,0,74,74,70
21,r_107_98_184,r_73_106_89,r_81_97_192,r_81_97_192,0.6,-7,185,192,70
1,r_67_11_180,r_69_72_160,r_123_68_42,r_123_68_42,0.92,6,48,42,70
49,r_147_24_39,r_138_51_106,seq22,r_147_24_39,1.0,0,39,39,70
2,r_119_82_95,seq118,seq83,r_119_82_95,1.0,0,95,95,70
47,r_17_104_189,seq16,r_64_108_161,r_17_104_189,0.38,0,189,189,70
40,r_18_36_122,seq19,r_101_44_73,r_101_44_73,0.98,49,122,73,70
29,r_0_116_104,seq2,r_90_117_88,r_0_116_104,1.0,0,104,104,70
46,r_148_10_33,r_138_51_106,seq9,r_148_10_33,1.0,0,33,33,70
24,r_73_106_89,r_74_127_188,r_107_98_184,r_73_106_89,0.97,-2,87,89,70
25,r_1_122_86,r_0_116_104,seq121,r_1_122_86,0.94,0,86,86,70
22,r_56_76_156,r_130_52_110,seq75,r_56_76_156,0.7,1,157,156,70
39,r_13_3_51,seq9,seq2,r_13_3_51,1.0,0,51,51,70
0,r_12_35_42,seq9,seq34,r_12_35_42,1.0,0,42,42,70
45,r_126_141_31,seq124,seq143,r_126_141_31,0.97,0,31,31,70
34,r_101_44_73,r_99_103_92,seq42,r_101_44_73,1.0,0,73,73,70
60,seq19,r_18_36_122,seq20,r_18_36_122,1.0,-21,101,122,70
14,r_134_40_28,r_138_51_106,seq42,r_134_40_28,1.0,0,28,28,70
17,r_86_46_138,seq95,r_135_47_58,r_86_46_138,0.95,0,138,138,70
22,r_56_76_156,r_54_129_137,r_130_52_110,r_130_52_110,0.97,27,137,110,70
28,r_99_103_92,r_101_44_73,seq109,r_101_44_73,0.87,0,73,73,70
91,seq109,r_107_98_184,r_64_108_161,r_64_108_161,0.97,24,185,161,70
18,r_123_68_42,seq121,r_67_11_180,r_123_68_42,0.98,0,42,42,70
7,r_54_129_137,r_56_76_156,r_43_131_112,r_56_76_156,0.96,-19,137,156,70
18,r_123_68_42,r_67_11_180,r_38_71_11,r_67_11_180,0.66,0,180,180,70
44,r_132_55_103,seq136,seq53,r_132_55_103,0.98,1,104,103,70
23,r_7_41_165,seq8,r_101_44_73,r_7_41_165,0.72,0,165,165,70
38,r_135_47_58,r_138_51_106,seq42,r_135_47_58,0.87,0,58,58,70
93,seq108,seq107,r_86_110_102,r_86_110_102,1.0,19,121,102,71
30,r_11_104_151,seq13,r_41_102_86,r_41_102_86,0.93,65,151,86,71
51,seq132,r_130_38_190,r_21_129_117,r_21_129_117,1.0,60,177,117,71
52,seq5,r_4_105_91,r_49_7_37,r_4_105_91,1.0,-40,51,91,71
8,r_79_117_63,seq81,r_148_119_36,r_79_117_63,1.0,0,63,63,71
43,r_69_83_103,seq68,seq94,r_69_83_103,1.0,1,104,103,71
37,r_86_110_102,seq90,seq108,r_86_110_102,1.0,0,102,102,71
21,r_41_102_86,r_40_35_66,seq98,r_41_102_86,1.0,0,86,86,71
7,r_52_65_93,r_87_53_63,r_63_12_143,r_52_65_93,0.61,0,93,93,71
28,r_114_131_36,r_113_46_54,seq132,r_114_131_36,0.98,0,36,36,71
42,r_142_136_118,seq143,r_0_135_101,r_142_136_118,0.59,0,118,118,71
69,seq34,r_40_35_66,r_127_33_52,r_127_33_52,1.0,43,95,52,71
45,r_6_61_127,seq5,r_57_62_17,r_6_61_127,0.64,1,128,127,71
31,r_127_33_52,seq126,seq34,r_127_33_52,1.0,0,52,52,71
3,r_140_128_113,r_141_101_137,seq115,r_140_128_113,0.69,7,120,113,71
10,r_22_17_86,r_21_129_117,seq18,r_21_129_117,1.0,-30,87,117,71
14,r_54_125_21,seq55,seq124,r_54_125_21,0.98,0,21,21,71
16,r_148_119_36,seq149,r_122_121_75,r_148_119_36,0.98,0,36,36,71
72,seq47,r_44_42_150,r_113_46_54,r_113_46_54,1.0,21,75,54,71
4,r_37_64_151,r_40_35_66,r_112_50_89,r_112_50_89,1.0,70,159,89,71
11,r_28_24_73,r_40_35_66,seq23,r_28_24_73,0.53,14,87,73,71
13,r_112_50_89,seq116,r_85_111_73,r_85_111_73,0.9,1,74,73,71
15,r_87_53_63,r_86_110_102,r_52_65_93,r_87_53_63,0.91,0,63,63,71
48,r_3_145_180,r_2_78_177,seq149,r_3_145_180,0.52,-3,177,180,71
6,r_70_88_114,seq68,r_138_89_56,r_70_88_114,0.97,1,115,114,71
23,r_10_137_84,r_130_38_190,r_0_135_101,r_10_137_84,0.53,19,103,84,71
19,r_113_46_54,seq116,seq47,r_113_46_54,1.0,0,54,54,71
15,r_87_53_63,r_52_65_93,r_112_50_89,r_112_50_89,0.96,4,93,89,71
27,r_4_105_91,r_6_61_127,r_41_102_86,r_6_61_127,1.0,-36,91,127,71
39,r_138_89_56,r_140_128_113,seq90,r_138_89_56,1.0,0,56,56,71
2,r_15_82_137,seq13,seq81,r_15_82_137,0.74,0,137,137,71
47,r_2_78_177,r_3_145_180,r_51_77_36,r_51_77_36,0.79,141,177,36,71
40,r_133_30_82,r_130_38_190,seq29,r_133_30_82,0.98,0,82,82,71
5,r_51_77_36,seq45,seq81,r_51_77_36,1.0,0,36,36,71
24,r_141_101_137,r_140_128_113,seq139,r_140_128_113,0.98,0,113,113,71
33,r_144_36_103,seq149,r_40_35_66,r_144_36_103,0.97,0,103,103,71
24,r_141_101_137,seq139,seq99,r_141_101_137,0.95,0,137,137,71
88,seq96,r_97_93_146,r_4_105_91,r_4_105_91,1.0,56,147,91,71
50,seq1,r_0_135_101,seq9,r_0_135_101,1.0,0,101,101,71
58,seq143,r_142_136_118,seq149,r_142_136_118,0.58,0,118,118,71
68,seq29,r_32_48_166,r_133_30_82,r_133_30_82,1.0,11,93,82,71
32,r_66_118_168,seq68,r_148_119_36,r_66_118_168,0.24,0,168,168,71
35,r_85_111_73,r_112_50_89,seq116,r_112_50_89,0.86,0,89,89,71
22,r_21_129_117,seq20,r_114_131_36,r_21_129_117,1.0,0,117,117,71
49,r_109_80_63,seq107,seq81,r_109_80_63,1.0,0,63,63,71
7,r_52_65_93,seq45,r_87_53_63,r_87_53_63,0.96,4,67,63,71
23,r_10_137_84,seq9,r_130_38_190,r_10_137_84,0.77,0,84,84,71
73,seq55,r_54_125_21,seq47,r_54_125_21,0.99,0,21,21,71
13,r_112_50_89,r_85_111_73,r_87_53_63,r_112_50_89,0.99,0,89,89,71
35,r_85_111_73,r_86_110_102,r_112_50_89,r_85_111_73,0.72,0,73,73,71
16,r_148_119_36,r_122_121_75,r_79_117_63,r_79_117_63,0.92,8,71,63,71
12,r_32_48_166,seq29,r_112_50_89,r_112_50_89,1.0,78,167,89,71
30,r_0_146_89,seq7,r_79_147_61,r_0_146_89,1.0,-1,88,89,72
14,r_101_1_70,seq102,seq3,r_101_1_70,1.0,0,70,70,72
8,r_2_92_76,seq3,r_139_96_68,r_2_92_76,1.0,0,76,76,72
11,r_94_144_29,r_95_49_198,seq145,r_94_144_29,0.98,0,29,29,72
83,seq85,r_84_24_173,r_38_86_66,r_38_86_66,0.96,95,161,66,72
37,r_10_109_109,seq7,seq110,r_10_109_109,1.0,1,110,109,72
3,r_104_34_51,r_33_66_186,seq29,r_33_66_186,1.0,0,186,186,72
2,r_33_66_186,seq28,r_104_34_51,r_104_34_51,1.0,6,57,51,72
16,r_116_64_88,seq113,r_87_65_78,r_116_64_88,0.69,0,88,88,72
21,r_32_40_100,seq29,seq39,r_32_40_100,0.99,0,100,100,72
5,r_79_147_61,r_76_74_108,r_149_67_178,r_79_147_61,1.0,2,63,61,72
69,seq44,r_43_148_171,r_15_42_86,r_15_42_86,1.0,84,170,86,72
45,r_91_16_143,seq90,r_8_14_7,r_91_16_143,0.74,0,143,143,72
24,r_8_14_7,r_15_42_86,r_18_112_144,r_15_42_86,1.0,0,86,86,72
6,r_129_114_186,r_130_45_26,seq128,r_130_45_26,1.0,-16,10,26,72
15,r_18_112_144,r_120_17_46,seq107,r_18_112_144,0.97,0,144,144,72
44,r_19_121_2,r_120_17_46,seq128,r_120_17_46,1.0,0,46,46,72
39,r_48_82_58,seq78,r_108_81_90,r_48_82_58,0.69,98,156,58,72
31,r_63_70_79,seq60,r_116_64_88,r_63_70_79,0.59,9,88,79,72
41,r_38_86_66,seq39,seq85,r_38_86_66,1.0,0,66,66,72
10,r_125_27_113,r_122_141_122,seq28,r_125_27_113,0.99,0,113,113,72
26,r_76_74_108,seq78,r_108_81_90,r_108_81_90,0.89,70,160,90,72
1,r_130_45_26,r_129_114_186,seq50,r_130_45_26,0.83,1,27,26,72
4,r_20_124_150,r_13_21_1,seq128,r_20_124_150,0.66,0,150,150,72
63,seq28,seq25,r_125_27_113,r_125_27_113,1.0,20,133,113,72
73,seq53,seq57,r_12_55_91,r_12_55_91,1.0,15,106,91,72
20,r_71_80_181,r_72_54_78,r_87_65_78,r_71_80_181,0.74,-101,80,181,72
15,r_18_112_144,r_12_55_91,r_120_17_46,r_18_112_144,0.99,-84,60,144,72
12,r_149_67_178,r_79_147_61,r_126_69_9,r_79_147_61,0.49,117,178,61,72
85,seq93,seq98,r_139_96_68,r_139_96_68,1.0,17,85,68,72
2,r_33_66_186,r_104_34_51,r_126_69_9,r_104_34_51,0.77,134,185,51,72
5,r_79_147_61,r_149_67_178,r_0_146_89,r_79_147_61,0.92,117,178,61,72
3,r_104_34_51,seq102,r_33_66_186,r_104_34_51,1.0,1,52,51,72
39,r_48_82_58,r_47_77_199,seq78,r_48_82_58,0.97,0,58,58,72
22,r_73_26_45,r_72_54_78,seq25,r_73_26_45,1.0,0,45,45,72
58,seq142,r_139_96_68,r_105_137_33,r_139_96_68,0.61,0,68,68,72
6,r_129_114_186,seq128,seq113,r_129_114_186,0.34,0,186,186,72
20,r_71_80_181,r_87_65_78,r_108_81_90,r_87_65_78,0.74,104,182,78,72
68,seq39,r_37_46_202,r_32_40_100,r_32_40_100,1.0,1,101,100,72
42,r_123_134_20,seq136,r_132_135_71,r_132_135_71,0.93,71,142,71,72
32,r_108_81_90,seq110,r_48_82_58,r_108_81_90,0.9,1,91,90,72
77,seq59,seq58,r_130_45_26,r_130_45_26,0.9,160,186,26,72
47,r_72_54_78,r_73_26_45,r_71_80_181,r_73_26_45,0.99,0,45,45,72
34,r_13_21_1,r_20_124_150,seq23,r_20_124_150,0.87,0,150,150,72
17,r_139_96_68,seq142,seq93,r_139_96_68,0.99,0,68,68,72
25,r_120_17_46,r_18_112_144,r_8_14_7,r_18_112_144,0.96,-13,131,144,72
25,r_120_17_46,r_19_121_2,r_18_112_144,r_120_17_46,1.0,0,46,46,72
29,r_15_42_86,r_8_14_7,seq44,r_15_42_86,1.0,0,86,86,72
28,r_132_135_71,r_131_140_213,r_123_134_20,r_123_134_20,0.87,54,74,20,72
42,r_123_134_20,r_125_27_113,seq136,r_123_134_20,0.91,1,21,20,72
49,r_43_148_171,seq44,r_79_147_61,r_43_148_171,0.68,0,171,171,72
43,r_105_137_33,seq106,seq142,r_105_137_33,0.91,0,33,33,72
7,r_88_138_207,r_91_16_143,r_143_89_58,r_88_138_207,0.93,-113,94,207,72
24,r_8_14_7,r_18_112_144,r_91_16_143,r_8_14_7,1.0,138,145,7,72
35,r_97_115_170,seq98,seq117,r_97_115_170,0.35,0,170,170,72
47,r_72_54_78,r_71_80_181,seq53,r_72_54_78,0.6,0,78,78,72
12,r_149_67_178,seq145,r_79_147_61,r_79_147_61,0.98,12,73,61,72
59,seq145,r_149_67_178,r_94_144_29,r_94_144_29,0.71,0,29,29,72
38,r_143_89_58,r_149_67_178,r_88_138_207,r_143_89_58,0.54,-1,57,58,72
30,r_9_138_69,seq8,r_61_139_43,r_9_138_69,1.0,0,69,69,73
36,r_82_97_97,r_83_57_161,seq96,r_83_57_161,0.82,-64,97,161,73
92,seq136,r_135_34_185,r_89_134_32,r_89_134_32,0.86,153,185,32,73
14,r_126_108_153,r_128_10_77,r_82_97_97,r_128_10_77,0.97,0,77,77,73
8,r_95_129_166,seq93,r_5_121_138,r_5_121_138,1.0,29,167,138,73
43,r_40_131_139,r_39_22_164,r_6_130_76,r_39_22_164,0.85,-25,139,164,73
83,seq93,r_95_129_166,r_74_94_84,r_74_94_84,0.88,42,126,84,73
37,r_61_139_43,seq59,seq145,r_61_139_43,1.0,0,43,43,73
71,seq48,r_45_35_167,r_62_47_47,r_62_47_47,1.0,120,167,47,73
16,r_119_143_77,seq120,seq145,r_119_143_77,1.0,0,77,77,73
21,r_24_75_187,seq25,r_90_76_127,r_90_76_127,0.59,60,187,127,73
1,r_83_57_161,r_64_84_74,r_36_56_62,r_83_57_161,0.98,0,161,161,73
1,r_83_57_161,r_82_97_97,r_64_84_74,r_64_84_74,1.0,23,97,74,73
15,r_72_31_167,r_90_76_127,r_45_35_167,r_72_31_167,0.82,0,167,167,73
13,r_85_29_99,r_95_129_166,r_86_100_173,r_85_29_99,0.4,-58,41,99,73
3,r_6_130_76,r_123_69_176,r_51_112_97,r_51_112_97,0.48,18,115,97,73
69,seq41,r_42_125_174,r_111_38_134,r_111_38_134,0.97,10,144,134,73
45,r_64_84_74,r_66_113_124,r_83_57_161,r_64_84_74,1.0,0,74,74,73
19,r_39_22_164,seq41,seq19,r_39_22_164,0.38,0,164,164,73
39,r_62_47_47,r_63_127_173,seq48,r_62_47_47,1.0,0,47,47,73
66,seq30,r_32_102_117,seq37,r_32_102_117,1.0,0,117,117,73
3,r_6_130_76,r_51_112_97,r_40_131_139,r_40_131_139,0.97,0,139,139,73
31,r_103_71_143,r_80_104_17,seq67,r_103_71_143,0.76,0,143,143,73
3,r_6_130_76,r_14_105_143,r_123_69_176,r_6_130_76,0.93,0,76,76,73
10,r_32_102_117,seq30,r_80_104_17,r_32_102_117,1.0,0,117,117,73
89,seq107,seq110,r_13_106_32,r_13_106_32,1.0,8,40,32,73
14,r_126_108_153,r_82_97_97,r_13_106_32,r_13_106_32,0.56,121,153,32,73
4,r_5_121_138,r_73_4_1,seq122,r_5_121_138,0.92,0,138,138,73
0,r_66_113_124,seq67,r_114_60_179,r_66_113_124,0.97,1,125,124,73
20,r_128_10_77,seq115,seq11,r_128_10_77,1.0,0,77,77,73
11,r_123_69_176,r_124_88_132,seq122,r_124_88_132,0.55,0,132,132,73
15,r_72_31_167,r_77_53_142,r_90_76_127,r_77_53_142,0.87,-9,133,142,73
48,r_42_125_174,seq41,r_5_121_138,r_42_125_174,0.51,0,174,174,73
73,seq50,r_5_121_138,seq49,r_5_121_138,0.83,-36,102,138,73
6,r_51_112_97,r_52_16_178,r_114_60_179,r_51_112_97,0.97,0,97,97,73
72,seq49,seq50,r_141_0_34,r_141_0_34,0.54,20,54,34,73
99,seq122,r_123_69_176,r_5_121_138,r_5_121_138,0.72,9,147,138,73
27,r_77_53_142,r_79_55_173,seq54,r_77_53_142,0.51,0,142,142,73
29,r_141_0_34,seq145,seq1,r_141_0_34,1.0,-3,31,34,73
12,r_80_104_17,r_77_53_142,seq101,r_80_104_17,0.5,5,22,17,73
47,r_111_38_134,r_114_60_179,seq41,r_111_38_134,0.98,0,134,134,73
23,r_144_43_37,seq145,seq44,r_144_43_37,1.0,0,37,37,73
13,r_85_29_99,r_86_100_173,seq28,r_85_29_99,1.0,1,100,99,73
0,r_66_113_124,r_114_60_179,r_5_121_138,r_114_60_179,0.97,0,179,179,73
40,r_65_140_85,r_66_113_124,r_9_138_69,r_65_140_85,0.79,0,85,85,73
74,seq54,r_52_16_178,r_79_55_173,r_52_16_178,0.53,0,178,178,73
18,r_74_94_84,r_77_53_142,seq93,r_74_94_84,0.89,1,85,84,73
11,r_123_69_176,seq122,r_103_71_143,r_123_69_176,0.87,0,176,176,73
35,r_52_16_178,seq54,r_128_10_77,r_52_16_178,0.62,0,178,178,73
25,r_36_56_62,seq37,seq58,r_36_56_62,1.0,0,62,62,73
64,seq27,seq44,r_128_10_77,r_128_10_77,1.0,82,159,77,73
42,r_46_137_14,r_32_102_117,seq145,r_46_137_14,0.98,0,14,14,73
88,seq145,r_146_149_2,r_119_143_77,r_119_143_77,1.0,3,80,77,73
58,seq17,r_14_105_143,r_73_4_1,r_14_105_143,1.0,-29,114,143,73
6,r_51_112_97,r_114_60_179,r_5_121_138,r_51_112_97,0.58,81,178,97,73
32,r_45_35_167,seq48,r_72_31_167,r_72_31_167,1.0,0,167,167,73
38,r_14_105_143,seq17,r_80_104_17,r_14_105_143,0.92,0,143,143,73
34,r_124_88_132,r_123_69_176,seq87,r_124_88_132,0.76,0,132,132,73
24,r_13_106_32,r_14_105_143,seq107,r_13_106_32,1.0,2,34,32,73
45,r_64_84_74,r_83_57_161,r_82_97_97,r_83_57_161,0.88,0,161,161,73
17,r_23_142_122,seq21,seq145,r_23_142_122,0.91,0,122,122,73
9,r_90_76_127,r_86_100_173,seq78,r_90_76_127,0.44,0,127,127,73
22,r_114_60_179,r_111_38_134,r_66_113_124,r_114_60_179,0.94,-48,131,179,73
28,r_18_3_189,seq20,r_128_10_77,r_128_10_77,1.0,112,189,77,73
44,r_147_15_155,r_146_149_2,seq17,r_147_15_155,0.94,0,155,155,73
7,r_89_134_32,r_90_76_127,seq136,r_89_134_32,0.96,0,32,32,73
22,r_114_60_179,r_66_113_124,seq58,r_114_60_179,0.98,0,179,179,73
41,r_81_92_53,r_82_97_97,seq93,r_81_92_53,0.52,2,55,53,73
35,r_52_16_178,r_51_112_97,seq54,r_51_112_97,1.0,2,99,97,73
93,seq107,seq109,r_24_106_96,r_24_106_96,1.0,5,101,96,74
30,r_131_91_106,seq129,seq93,r_131_91_106,0.98,0,106,106,74
90,seq99,r_42_96_7,r_6_97_41,r_6_97_41,1.0,5,46,41,74
36,r_10_8_7,seq11,r_35_22_102,r_35_22_102,1.0,49,151,102,74
14,r_75_142_71,seq74,r_144_130_190,r_75_142_71,1.0,0,71,71,74
8,r_137_113_148,r_23_140_1,r_114_136_77,r_114_136_77,0.92,12,89,77,74
83,seq82,r_80_44_87,seq88,r_80_44_87,1.0,2,89,87,74
34,r_60_78_25,r_62_43_38,seq76,r_60_78_25,0.93,0,25,25,74
16,r_53_84_97,r_51_45_187,r_83_86_9,r_53_84_97,1.0,0,97,97,74
21,r_13_119_139,seq11,r_89_120_84,r_13_119_139,0.95,0,139,139,74
42,r_27_4_80,seq32,r_115_3_6,r_27_4_80,1.0,-1,79,80,74
19,r_89_120_84,r_90_1_189,r_148_121_61,r_89_120_84,0.97,1,85,84,74
33,r_47_133_140,r_9_50_63,r_147_132_117,r_47_133_140,1.0,0,140,140,74
48,r_35_22_102,r_24_106_96,r_81_34_15,r_81_34_15,1.0,-1,14,15,74
31,r_54_135_86,seq56,r_114_136_77,r_54_135_86,1.0,-1,85,86,74
41,r_118_143_111,seq123,r_75_142_71,r_118_143_111,0.84,0,111,111,74
50,seq129,r_131_91_106,r_7_128_26,r_7_128_26,0.68,1,27,26,74
3,r_105_95_58,seq109,seq93,r_105_95_58,0.98,0,58,58,74
38,r_7_128_26,r_6_97_41,seq129,r_7_128_26,0.99,0,26,26,74
10,r_144_130_190,seq146,r_75_142_71,r_75_142_71,1.0,9,80,71,74
14,r_75_142_71,r_144_130_190,r_25_149_140,r_25_149_140,0.99,52,192,140,74
4,r_19_103_101,r_17_48_158,r_104_100_133,r_19_103_101,0.8,0,101,101,74
2,r_62_43_38,r_59_58_93,r_66_46_22,r_59_58_93,0.8,-55,38,93,74
0,r_90_1_189,r_89_120_84,seq93,r_89_120_84,0.99,1,85,84,74
63,seq21,r_17_48_158,r_35_22_102,r_35_22_102,0.92,16,118,102,74
73,seq146,r_147_132_117,seq145,r_147_132_117,1.0,0,117,117,74
11,r_30_68_96,seq28,seq69,r_30_68_96,0.98,0,96,96,74
20,r_9_50_63,r_10_8_7,r_31_49_45,r_9_50_63,1.0,0,63,63,74
13,r_117_108_173,seq123,seq109,r_117_108_173,0.52,0,173,173,74
15,r_6_97_41,r_7_128_26,seq5,r_7_128_26,0.6,-2,24,26,74
46,r_31_49_45,r_30_68_96,r_51_45_187,r_31_49_45,0.82,0,45,45,74
4,r_19_103_101,r_104_100_133,seq107,r_19_103_101,0.58,32,133,101,74
6,r_24_106_96,r_25_149_140,seq107,r_24_106_96,0.98,0,96,96,74
0,r_90_1_189,seq93,r_37_0_95,r_90_1_189,0.43,1,190,189,74
10,r_144_130_190,r_75_142_71,r_7_128_26,r_144_130_190,0.54,0,190,190,74
27,r_148_121_61,r_147_132_117,seq123,r_148_121_61,0.98,0,61,61,74
15,r_6_97_41,seq5,seq99,r_6_97_41,1.0,0,41,41,74
51,seq5,r_115_3_6,r_35_22_102,r_35_22_102,0.61,29,131,102,74
17,r_98_73_28,seq99,seq74,r_98_73_28,0.99,0,28,28,74
47,r_147_132_117,seq146,seq134,r_147_132_117,0.74,0,117,117,74
40,r_79_52_94,seq82,r_9_50_63,r_79_52_94,1.0,0,94,94,74
29,r_51_45_187,r_53_84_97,r_79_52_94,r_51_45_187,1.0,-90,97,187,74
24,r_77_116_91,seq76,seq112,r_77_116_91,1.0,0,91,91,74
25,r_25_149_140,seq26,seq146,r_25_149_140,0.83,0,140,140,74
33,r_47_133_140,r_51_45_187,r_9_50_63,r_9_50_63,1.0,3,66,63,74
48,r_35_22_102,r_81_34_15,seq21,r_35_22_102,1.0,0,102,102,74
82,seq76,r_60_78_25,r_98_73_28,r_98_73_28,0.71,129,157,28,74
44,r_65_41_30,r_62_43_38,r_110_40_6,r_65_41_30,0.51,0,30,30,74
45,r_81_34_15,r_83_86_9,r_35_22_102,r_81_34_15,0.99,0,15,15,74
32,r_64_2_179,seq63,r_27_4_80,r_27_4_80,0.84,99,179,80,74
52,seq134,seq123,r_47_133_140,r_47_133_140,0.97,17,157,140,74
27,r_148_121_61,seq123,r_89_120_84,r_89_120_84,1.0,28,112,84,74
45,r_81_34_15,r_35_22_102,r_62_43_38,r_81_34_15,0.73,87,102,15,74
46,r_31_49_45,r_51_45_187,r_9_50_63,r_9_50_63,1.0,2,65,63,74
9,r_80_44_87,seq82,r_62_43_38,r_80_44_87,1.0,1,88,87,74
37,r_115_3_6,r_19_103_101,r_27_4_80,r_115_3_6,0.95,77,83,6,74
28,r_114_136_77,r_137_113_148,r_54_135_86,r_137_113_148,1.0,0,148,148,74
12,r_55_29_27,r_54_135_86,seq28,r_55_29_27,0.99,-2,25,27,74
29,r_51_45_187,r_79_52_94,r_80_44_87,r_80_44_87,0.55,100,187,87,74
22,r_17_48_158,seq16,r_9_50_63,r_9_50_63,0.89,95,158,63,74
28,r_114_136_77,seq112,r_137_113_148,r_114_136_77,0.93,1,78,77,74
18,r_37_0_95,r_27_4_80,r_90_1_189,r_90_1_189,0.8,2,191,189,74
23,r_125_122_35,seq126,r_89_120_84,r_89_120_84,1.0,36,120,84,74
96,seq112,seq101,r_77_116_91,r_77_116_91,1.0,13,104,91,74
8,r_137_113_148,r_114_136_77,seq112,r_137_113_148,1.0,0,148,148,74
26,r_103_4_27,r_105_15_151,r_5_8_164,r_103_4_27,1.0,0,27,27,75
30,r_59_31_184,seq61,r_104_33_105,r_104_33_105,0.96,79,184,105,75
36,r_147_46_99,seq146,seq43,r_147_46_99,1.0,0,99,99,75
14,r_90_119_169,seq91,seq114,r_90_119_169,0.45,1,170,169,75
43,r_50_74_183,seq51,r_24_69_109,r_24_69_109,1.0,75,184,109,75
37,r_138_14_73,seq140,seq12,r_138_14_73,1.0,1,74,73,75
59,seq17,seq20,r_85_21_80,r_85_21_80,1.0,26,106,80,75
1,r_127_54_174,r_126_129_90,seq51,r_127_54_174,0.66,0,174,174,75
5,r_104_33_105,r_105_15_151,seq34,r_104_33_105,1.0,0,105,105,75
46,r_58_28_146,r_53_57_15,r_41_26_85,r_53_57_15,0.78,131,146,15,75
42,r_42_22_119,seq43,r_85_21_80,r_42_22_119,1.0,0,119,119,75
7,r_110_89_149,r_142_111_13,r_99_92_106,r_110_89_149,0.71,3,152,149,75
45,r_7_136_97,r_5_8_164,seq137,r_7_136_97,0.93,0,97,97,75
21,r_19_116_26,r_123_25_83,seq114,r_123_25_83,1.0,0,83,83,75
48,r_70_100_47,r_93_118_144,seq107,r_93_118_144,0.97,-65,79,144,75
66,seq34,seq35,r_45_32_82,r_45_32_82,0.9,0,82,82,75
76,seq61,r_59_31_184,r_60_62_108,r_59_31_184,0.86,-37,147,184,75
31,r_86_109_50,seq87,r_142_111_13,r_86_109_50,1.0,0,50,50,75
39,r_37_0_167,r_149_36_32,r_5_8_164,r_37_0_167,0.88,0,167,167,75
16,r_5_8_164,r_6_135_45,r_103_4_27,r_5_8_164,1.0,-135,29,164,75
67,seq35,r_37_0_167,r_104_33_105,r_104_33_105,0.74,60,165,105,75
89,seq91,r_93_118_144,r_99_92_106,r_93_118_144,0.75,-38,106,144,75
10,r_132_124_98,seq133,r_126_129_90,r_132_124_98,0.91,0,98,98,75
4,r_24_69_109,seq18,r_49_67_53,r_24_69_109,1.0,0,109,109,75
0,r_105_15_151,r_104_33_105,seq107,r_104_33_105,1.0,-29,76,105,75
11,r_122_83_186,r_123_25_83,seq121,r_123_25_83,1.0,0,83,83,75
15,r_96_97_69,r_95_108_133,seq98,r_95_108_133,0.81,-64,69,133,75
8,r_13_63_57,seq12,r_49_67_53,r_13_63_57,1.0,0,57,57,75
0,r_105_15_151,seq107,seq20,r_105_15_151,0.98,2,153,151,75
19,r_49_67_53,seq48,seq66,r_49_67_53,0.96,0,53,53,75
27,r_93_118_144,seq91,seq121,r_93_118_144,0.8,0,144,144,75
87,seq84,r_85_21_80,seq87,r_85_21_80,1.0,-5,75,80,75
20,r_142_111_13,seq141,r_110_89_149,r_142_111_13,1.0,0,13,13,75
41,r_149_36_32,r_37_0_167,r_104_33_105,r_104_33_105,0.68,60,165,105,75
47,r_101_102_22,r_105_15_151,r_95_108_133,r_105_15_151,0.96,0,151,151,75
40,r_45_32_82,r_41_26_85,seq34,r_45_32_82,0.56,0,82,82,75
29,r_85_21_80,seq84,seq18,r_85_21_80,1.0,0,80,80,75
52,seq134,seq137,r_6_135_45,r_6_135_45,1.0,0,45,45,75
38,r_16_75_29,seq18,seq76,r_16_75_29,1.0,1,30,29,75
24,r_123_25_83,r_122_83_186,seq29,r_123_25_83,1.0,0,83,83,75
48,r_70_100_47,seq71,r_93_118_144,r_70_100_47,1.0,0,47,47,75
21,r_19_116_26,seq20,r_123_25_83,r_19_116_26,0.99,0,26,26,75
33,r_112_47_113,seq114,seq48,r_112_47_113,0.71,0,113,113,75
20,r_142_111_13,r_110_89_149,r_86_109_50,r_86_109_50,0.77,100,150,50,75
32,r_117_128_25,r_122_83_186,r_126_129_90,r_117_128_25,0.96,0,25,25,75
34,r_56_38_73,r_53_57_15,r_52_39_182,r_56_38_73,0.48,-2,71,73,75
17,r_41_26_85,r_42_22_119,seq29,r_41_26_85,0.87,-3,82,85,75
94,seq146,r_147_46_99,seq148,r_147_46_99,1.0,-17,82,99,75
35,r_120_88_35,r_122_83_186,seq87,r_120_88_35,0.99,0,35,35,75
7,r_110_89_149,r_122_83_186,r_142_111_13,r_142_111_13,1.0,-3,10,13,75
22,r_53_57_15,r_58_28_146,r_52_39_182,r_58_28_146,0.83,0,146,146,75
28,r_27_79_126,seq29,seq81,r_27_79_126,0.84,0,126,126,75
91,seq98,r_99_92_106,r_96_97_69,r_99_92_106,0.94,-35,71,106,75
49,r_99_92_106,seq98,seq91,r_99_92_106,0.61,0,106,106,75
44,r_82_23_167,seq81,r_105_15_151,r_82_23_167,0.82,0,167,167,75
41,r_149_36_32,seq148,r_37_0_167,r_149_36_32,1.0,0,32,32,75
12,r_78_145_85,seq81,seq144,r_78_145_85,1.0,0,85,85,75
39,r_37_0_167,seq35,r_149_36_32,r_149_36_32,1.0,10,42,32,75
2,r_6_135_45,r_5_8_164,seq134,r_6_135_45,1.0,0,45,45,75
93,seq113,r_111_126_102,r_142_112_73,r_142_112_73,1.0,0,73,73,76
30,r_31_72_160,r_33_78_172,r_3_73_69,r_3_73_69,0.74,91,160,69,76
18,r_132_5_102,r_141_47_56,r_48_133_19,r_132_5_102,0.99,-82,20,102,76
36,r_10_14_90,r_20_140_112,r_49_13_41,r_10_14_90,0.91,0,90,90,76
14,r_3_73_69,r_2_55_81,seq82,r_3_73_69,1.0,0,69,69,76
8,r_65_79_165,seq67,r_129_80_6,r_129_80_6,0.64,159,165,6,76
41,r_49_13_41,r_48_133_19,seq46,r_48_133_19,0.99,-1,18,19,76
43,r_138_135_118,r_141_47_56,r_7_137_29,r_138_135_118,0.95,-88,30,118,76
16,r_131_64_102,r_128_118_134,seq66,r_131_64_102,0.97,0,102,102,76
21,r_147_17_104,seq148,r_98_15_68,r_147_17_104,0.97,0,104,104,76
22,r_84_32_35,seq82,r_33_78_172,r_84_32_35,1.0,0,35,35,76
39,r_69_26_18,r_71_83_25,seq18,r_69_26_18,0.95,0,18,18,76
47,r_111_126_102,r_125_89_150,r_105_103_181,r_111_126_102,0.56,48,150,102,76
46,r_91_96_70,seq90,seq95,r_91_96_70,0.9,-2,68,70,76
70,seq57,r_56_1_40,seq67,r_56_1_40,1.0,-11,29,40,76
86,seq95,r_98_15_68,r_91_96_70,r_98_15_68,1.0,-20,48,68,76
7,r_48_133_19,r_132_5_102,r_130_134_44,r_48_133_19,0.51,83,102,19,76
10,r_130_134_44,r_131_64_102,r_48_133_19,r_130_134_44,1.0,-1,43,44,76
33,r_139_108_152,r_127_143_64,seq109,r_139_108_152,0.97,0,152,152,76
76,seq70,seq74,r_144_68_87,r_144_68_87,1.0,8,95,87,76
38,r_75_23_41,r_19_21_123,r_77_22_107,r_77_22_107,1.0,6,113,107,76
39,r_69_26_18,seq18,r_9_29_160,r_9_29_160,0.99,2,162,160,76
31,r_9_29_160,seq8,r_69_26_18,r_9_29_160,0.89,0,160,160,76
27,r_128_118_134,r_125_89_150,r_88_116_1,r_128_118_134,0.53,0,134,134,76
41,r_49_13_41,seq46,seq12,r_49_13_41,0.9,0,41,41,76
26,r_144_68_87,r_146_114_52,seq145,r_146_114_52,0.91,-10,42,52,76
4,r_93_52_138,seq94,r_2_55_81,r_93_52_138,0.54,0,138,138,76
0,r_2_55_81,seq0,r_61_54_2,r_2_55_81,1.0,0,81,81,76
29,r_34_11_40,r_33_78_172,r_49_13_41,r_49_13_41,0.99,0,41,41,76
11,r_125_89_150,r_111_126_102,r_139_108_152,r_139_108_152,0.94,1,153,152,76
5,r_56_1_40,seq57,seq0,r_56_1_40,1.0,0,40,40,76
13,r_20_140_112,r_19_21_123,r_127_143_64,r_20_140_112,0.92,1,113,112,76
48,r_24_97_93,r_20_140_112,r_91_96_70,r_24_97_93,1.0,0,93,93,76
20,r_146_114_52,r_147_17_104,seq113,r_146_114_52,1.0,0,52,52,76
49,r_127_143_64,r_139_108_152,r_20_140_112,r_127_143_64,0.66,88,152,64,76
57,seq148,r_147_17_104,seq145,r_147_17_104,1.0,1,105,104,76
12,r_107_42_18,r_41_101_173,seq30,r_107_42_18,0.63,155,173,18,76
15,r_141_47_56,r_139_108_152,r_25_45_27,r_141_47_56,0.88,0,56,56,76
85,seq94,r_93_52_138,seq104,r_93_52_138,0.99,0,138,138,76
12,r_107_42_18,seq109,r_41_101_173,r_107_42_18,1.0,0,18,18,76
26,r_144_68_87,seq145,seq70,r_144_68_87,1.0,0,87,87,76
6,r_7_137_29,r_9_29_160,r_138_135_118,r_7_137_29,1.0,0,29,29,76
27,r_128_118_134,r_131_64_102,r_125_89_150,r_131_64_102,1.0,-2,100,102,76
22,r_84_32_35,r_33_78_172,seq30,r_84_32_35,0.57,137,172,35,76
7,r_48_133_19,r_49_13_41,r_132_5_102,r_48_133_19,1.0,0,19,19,76
47,r_111_126_102,seq113,r_125_89_150,r_111_126_102,0.52,-11,91,102,76
25,r_41_101_173,seq39,r_107_42_18,r_107_42_18,1.0,7,25,18,76
3,r_25_45_27,r_24_97_93,seq46,r_25_45_27,0.99,0,27,27,76
40,r_142_112_73,r_139_108_152,seq113,r_142_112_73,0.96,0,73,73,76
24,r_81_121_131,seq82,seq120,r_81_121_131,0.89,0,131,131,76
43,r_138_135_118,r_7_137_29,seq136,r_138_135_118,0.72,11,129,118,76
33,r_139_108_152,r_142_112_73,r_127_143_64,r_139_108_152,1.0,-89,63,152,76
6,r_7_137_29,r_138_135_118,r_20_140_112,r_20_140_112,1.0,47,159,112,76
42,r_33_78_172,r_84_32_35,seq76,r_33_78_172,0.67,0,172,172,76
52,seq8,r_9_29_160,seq6,r_9_29_160,0.98,0,160,160,76
25,r_41_101_173,r_107_42_18,r_149_102_25,r_107_42_18,0.78,155,173,18,76
9,r_98_15_68,seq99,seq16,r_98_15_68,1.0,0,68,68,76
42,r_33_78_172,r_34_11_40,r_84_32_35,r_84_32_35,1.0,0,35,35,76
49,r_127_143_64,r_128_118_134,r_139_108_152,r_127_143_64,1.0,-1,63,64,76
18,r_132_5_102,r_48_133_19,seq6,r_132_5_102,1.0,0,102,102,76
44,r_28_59_104,r_20_140_112,seq60,r_28_59_104,0.94,0,104,104,76
23,r_58_44_127,seq62,r_25_45_27,r_58_44_127,0.93,0,127,127,76
38,r_75_23_41,r_77_22_107,r_19_21_123,r_75_23_41,1.0,0,41,41,76
35,r_115_43_130,seq113,r_58_44_127,r_115_43_130,0.99,0,130,130,76
30,r_86_29_154,r_85_140_188,seq30,r_86_29_154,0.59,0,154,154,77
36,r_139_91_74,r_141_58_60,seq143,r_141_58_60,0.97,0,60,60,77
92,seq104,seq101,r_135_103_152,r_135_103_152,1.0,12,164,152,77
8,r_138_49_129,seq137,seq50,r_138_49_129,0.93,0,129,129,77
43,r_51_129_142,seq50,seq128,r_51_129_142,0.96,0,142,142,77
37,r_105_34_170,seq106,r_33_38_191,r_105_34_170,0.45,0,170,170,77
16,r_108_6_129,seq107,r_18_10_134,r_108_6_129,0.78,1,130,129,77
46,r_31_17_93,r_33_38_191,r_72_28_17,r_31_17_93,0.84,0,93,93,77
10,r_141_58_60,r_142_126_46,r_139_91_74,r_142_126_46,0.99,0,46,46,77
12,r_72_28_17,r_83_79_115,seq27,r_72_28_17,1.0,0,17,17,77
11,r_80_24_181,r_116_81_22,r_133_19_8,r_116_81_22,0.65,159,181,22,77
2,r_69_136_57,r_52_70_186,seq134,r_69_136_57,1.0,0,57,57,77
86,seq92,r_93_132_102,r_94_95_196,r_93_132_102,1.0,-67,35,102,77
1,r_14_130_35,r_18_10_134,seq131,r_14_130_35,1.0,0,35,35,77
39,r_116_81_22,r_80_24_181,r_115_82_54,r_115_82_54,0.94,127,181,54,77
41,r_89_40_165,seq90,r_57_41_139,r_89_40_165,0.57,0,165,165,77
3,r_83_79_115,r_80_24_181,r_115_82_54,r_115_82_54,1.0,100,154,54,77
26,r_56_98_66,seq55,seq99,r_56_98_66,0.99,8,74,66,77
0,r_97_61_65,seq96,seq63,r_97_61_65,0.94,0,65,65,77
42,r_142_126_46,r_141_58_60,seq127,r_142_126_46,0.72,0,46,46,77
5,r_112_68_12,r_110_77_198,seq63,r_112_68_12,0.83,-1,11,12,77
20,r_65_144_114,seq64,seq147,r_65_144_114,0.99,0,114,114,77
13,r_94_95_196,r_93_132_102,seq92,r_93_132_102,1.0,1,103,102,77
15,r_60_47_61,seq59,seq46,r_60_47_61,1.0,4,65,61,77
57,seq9,r_8_45_70,r_18_10_134,r_8_45_70,1.0,2,72,70,77
33,r_118_117_100,r_115_82_54,r_7_114_47,r_118_117_100,0.81,-46,54,100,77
85,seq90,r_89_40_165,r_139_91_74,r_139_91_74,1.0,69,143,74,77
99,seq127,seq128,r_142_126_46,r_142_126_46,1.0,11,57,46,77
27,r_13_54_101,seq16,seq55,r_13_54_101,0.98,0,101,101,77
47,r_88_37_180,seq87,seq36,r_88_37_180,0.35,0,180,180,77
40,r_135_103_152,seq134,seq104,r_135_103_152,0.82,2,154,152,77
74,seq46,r_48_125_187,r_33_38_191,r_48_125_187,0.63,1,188,187,77
18,r_48_125_187,seq46,r_142_126_46,r_142_126_46,0.81,142,188,46,77
29,r_8_45_70,seq9,seq46,r_8_45_70,0.96,2,72,70,77
25,r_109_78_113,seq111,r_74_84_207,r_109_78_113,0.44,0,113,113,77
36,r_139_91_74,seq143,seq90,r_139_91_74,0.9,0,74,74,77
31,r_42_15_44,seq39,seq16,r_42_15_44,0.96,2,46,44,77
50,seq0,seq2,r_72_28_17,r_72_28_17,0.92,124,141,17,77
58,seq12,seq16,r_124_11_139,r_124_11_139,1.0,6,145,139,77
65,seq137,r_138_49_129,seq143,r_138_49_129,0.7,0,129,129,77
32,r_25_119_103,r_26_145_175,seq122,r_25_119_103,1.0,0,103,103,77
38,r_57_41_139,seq59,seq39,r_57_41_139,0.75,0,139,139,77
34,r_121_73_137,seq122,r_74_84_207,r_121_73_137,0.9,0,137,137,77
11,r_80_24_181,r_83_79_115,r_116_81_22,r_116_81_22,1.0,8,30,22,77
60,seq16,seq12,r_42_15_44,r_42_15_44,1.0,25,69,44,77
17,r_146_148_84,seq147,seq149,r_146_148_84,0.66,17,101,84,77
94,seq107,r_108_6_129,seq111,r_108_6_129,0.96,1,130,129,77
96,seq147,r_146_148_84,r_65_144_114,r_65_144_114,1.0,5,119,114,77
28,r_85_140_188,r_86_29_154,r_74_84_207,r_86_29_154,0.67,-8,146,154,77
49,r_124_11_139,seq127,seq12,r_124_11_139,0.95,0,139,139,77
45,r_76_66_59,r_83_79_115,seq64,r_76_66_59,0.99,0,59,59,77
56,seq134,r_135_103_152,r_93_132_102,r_93_132_102,0.87,48,150,102,77
7,r_110_77_198,seq111,r_83_79_115,r_83_79_115,0.63,81,196,115,77
39,r_116_81_22,r_118_117_100,r_80_24_181,r_116_81_22,1.0,0,22,22,77
23,r_93_132_102,r_94_95_196,seq134,r_93_132_102,0.99,0,102,102,77
14,r_115_82_54,r_118_117_100,r_116_81_22,r_115_82_54,0.85,0,54,54,77
24,r_7_114_47,r_8_45_70,r_1_113_34,r_8_45_70,0.92,-23,47,70,77
35,r_62_20_104,seq63,r_72_28_17,r_62_20_104,0.71,0,104,104,77
33,r_118_117_100,r_116_81_22,r_115_82_54,r_116_81_22,0.92,0,22,22,77
84,seq87,r_88_37_180,r_139_91_74,r_139_91_74,1.0,106,180,74,77
93,seq112,r_113_107_97,seq114,r_113_107_97,1.0,0,97,97,78
40,r_70_4_43,seq77,seq5,r_70_4_43,1.0,0,43,43,78
36,r_123_9_124,seq124,r_100_10_119,r_123_9_124,0.97,0,124,124,78
92,seq101,r_106_76_135,r_36_103_127,r_36_103_127,0.56,6,133,127,78
14,r_62_146_85,seq59,r_148_144_178,r_62_146_85,1.0,0,85,85,78
83,seq69,r_68_109_179,seq67,r_68_109_179,0.98,0,179,179,78
12,r_142_53_134,r_52_122_190,r_66_54_170,r_142_53_134,0.8,56,190,134,78
86,seq79,r_80_97_165,seq77,r_80_97_165,0.94,0,165,165,78
16,r_80_97_165,seq79,r_93_96_62,r_80_97_165,0.74,0,165,165,78
21,r_39_147_102,seq38,r_62_146_85,r_39_147_102,1.0,0,102,102,78
1,r_136_133_19,r_135_129_93,seq137,r_135_129_93,1.0,0,93,93,78
5,r_87_119_95,seq83,seq120,r_87_119_95,0.99,0,95,95,78
42,r_47_12_163,seq48,seq11,r_47_12_163,0.9,0,163,163,78
46,r_61_126_35,r_62_146_85,seq127,r_61_126_35,0.49,0,35,35,78
45,r_73_108_69,r_72_84_196,r_42_110_6,r_73_108_69,1.0,0,69,69,78
19,r_118_139_133,seq120,r_140_141_82,r_118_139_133,0.77,0,133,133,78
44,r_145_35_39,r_142_53_134,seq34,r_145_35_39,1.0,0,39,39,78
95,seq117,seq112,r_28_116_186,r_28_116_186,0.7,1,187,186,78
66,seq30,r_31_115_191,r_121_37_45,r_121_37_45,0.95,146,191,45,78
76,seq51,r_52_122_190,r_66_54_170,r_66_54_170,0.92,20,190,170,78
71,seq43,r_36_103_127,r_13_50_4,r_36_103_127,0.6,-38,89,127,78
59,seq19,r_21_75_13,seq23,r_21_75_13,0.82,0,13,13,78
3,r_82_94_139,seq83,r_66_54_170,r_66_54_170,0.77,-31,139,170,78
10,r_106_76_135,r_105_32_76,seq101,r_105_32_76,0.99,1,77,76,78
12,r_142_53_134,r_62_146_85,r_52_122_190,r_142_53_134,0.88,2,136,134,78
26,r_52_122_190,seq51,r_142_53_134,r_142_53_134,1.0,0,134,134,78
15,r_135_129_93,r_136_133_19,r_131_20_171,r_135_129_93,0.76,0,93,93,78
48,r_99_92_163,seq95,r_82_94_139,r_99_92_163,0.63,0,163,163,78
26,r_52_122_190,r_142_53_134,r_87_119_95,r_52_122_190,0.96,0,190,190,78
8,r_71_86_53,r_73_108_69,seq83,r_73_108_69,0.8,-16,53,69,78
13,r_74_16_146,r_21_75_13,seq15,r_74_16_146,0.89,0,146,146,78
6,r_66_54_170,seq65,r_142_53_134,r_66_54_170,0.67,0,170,170,78
13,r_74_16_146,r_80_97_165,r_21_75_13,r_21_75_13,1.0,1,14,13,78
0,r_41_14_40,seq43,seq5,r_41_14_40,0.99,0,40,40,78
27,r_63_134_182,seq57,r_136_133_19,r_136_133_19,0.6,163,182,19,78
3,r_82_94_139,r_66_54_170,r_99_92_163,r_66_54_170,0.92,-7,163,170,78
2,r_113_107_97,seq112,seq101,r_113_107_97,1.0,0,97,97,78
32,r_56_90_27,r_62_146_85,seq91,r_56_90_27,1.0,0,27,27,78
24,r_132_138_119,r_143_128_118,seq137,r_143_128_118,0.79,-15,103,118,78
25,r_22_85_87,seq24,seq83,r_22_85_87,0.97,0,87,87,78
33,r_17_88_121,seq15,seq83,r_17_88_121,0.93,0,121,121,78
47,r_21_75_13,r_74_16_146,seq77,r_74_16_146,1.0,0,146,146,78
88,seq83,seq89,r_22_85_87,r_22_85_87,1.0,49,136,87,78
58,seq15,r_17_88_121,r_102_18_28,r_17_88_121,0.86,-54,67,121,78
38,r_64_49_63,seq57,r_13_50_4,r_64_49_63,0.63,11,74,63,78
47,r_21_75_13,seq19,r_74_16_146,r_21_75_13,0.98,0,13,13,78
34,r_143_128_118,r_142_53_134,r_135_129_93,r_142_53_134,1.0,-14,120,134,78
70,seq40,r_41_14_40,seq43,r_41_14_40,0.76,-21,19,40,78
45,r_73_108_69,r_42_110_6,r_68_109_179,r_68_109_179,0.99,8,187,179,78
81,seq65,r_66_54_170,seq69,r_66_54_170,0.84,0,170,170,78
17,r_131_20_171,seq130,seq19,r_131_20_171,0.41,0,171,171,78
22,r_102_18_28,seq101,seq15,r_102_18_28,0.85,0,28,28,78
9,r_29_104_128,r_31_115_191,r_113_107_97,r_29_104_128,0.97,0,128,128,78
96,seq120,r_118_139_133,r_87_119_95,r_87_119_95,1.0,38,133,95,78
37,r_42_110_6,seq117,r_73_108_69,r_73_108_69,1.0,1,70,69,78
28,r_105_32_76,r_106_76_135,seq30,r_105_32_76,1.0,1,77,76,78
91,seq95,r_99_92_163,r_93_96_62,r_93_96_62,0.89,101,163,62,78
11,r_121_37_45,r_118_139_133,seq38,r_121_37_45,0.98,0,45,45,78
49,r_72_84_196,r_73_108_69,seq77,r_73_108_69,1.0,0,69,69,78
35,r_98_111_120,r_99_92_163,r_42_110_6,r_98_111_120,1.0,0,120,120,78
12,r_142_53_134,r_143_128_118,r_62_146_85,r_62_146_85,1.0,35,120,85,78
10,r_106_76_135,seq101,seq77,r_106_76_135,0.91,0,135,135,78
15,r_135_129_93,r_131_20_171,r_143_128_118,r_131_20_171,0.8,-36,135,171,78
40,r_70_101_64,r_102_128_153,seq95,r_102_128_153,0.94,-18,135,153,79
30,r_118_34_184,r_129_18_86,r_85_119_70,r_118_34_184,0.99,-100,84,184,79
6,r_131_113_17,seq130,seq114,r_131_113_17,0.72,5,22,17,79
36,r_124_25_193,seq120,r_46_27_54,r_46_27_54,0.83,139,193,54,79
92,seq99,r_102_128_153,r_70_101_64,r_70_101_64,1.0,0,64,64,79
43,r_136_87_134,seq137,seq88,r_136_87_134,0.66,1,135,134,79
35,r_64_75_90,r_77_115_185,seq72,r_77_115_185,0.78,-55,130,185,79
37,r_58_106_179,seq57,seq107,r_58_106_179,0.65,1,180,179,79
19,r_49_82_80,r_81_117_148,r_23_86_22,r_49_82_80,0.57,68,148,80,79
55,seq8,r_10_2_41,r_98_11_99,r_98_11_99,1.0,18,117,99,79
71,seq35,r_37_29_205,r_108_38_96,r_108_38_96,1.0,46,142,96,79
21,r_41_13_1,r_12_138_136,r_61_16_94,r_61_16_94,0.96,43,137,94,79
39,r_127_112_90,r_126_63_90,r_92_110_53,r_127_112_90,0.78,1,91,90,79
1,r_77_115_185,r_55_78_90,r_81_117_148,r_77_115_185,0.7,0,185,185,79
1,r_77_115_185,seq71,r_55_78_90,r_55_78_90,1.0,6,96,90,79
5,r_12_138_136,r_41_13_1,seq137,r_12_138_136,0.93,0,136,136,79
42,r_103_73_169,seq104,seq72,r_103_73_169,0.53,0,169,169,79
32,r_102_128_153,r_70_101_64,r_53_121_38,r_102_128_153,0.97,0,153,153,79
84,seq88,seq83,r_23_86_22,r_23_86_22,0.93,26,48,22,79
19,r_49_82_80,seq48,r_81_117_148,r_49_82_80,1.0,0,80,80,79
27,r_85_119_70,r_118_34_184,r_53_121_38,r_118_34_184,0.9,0,184,184,79
95,seq109,r_108_38_96,seq107,r_108_38_96,1.0,-18,78,96,79
17,r_53_121_38,r_51_135_113,seq120,r_53_121_38,0.73,1,39,38,79
2,r_69_7_129,r_98_11_99,r_10_2_41,r_98_11_99,0.58,90,189,99,79
31,r_108_38_96,seq107,seq35,r_108_38_96,1.0,0,96,96,79
41,r_122_67_63,seq120,seq68,r_122_67_63,1.0,0,63,63,79
3,r_61_16_94,seq57,r_80_15_48,r_61_16_94,1.0,0,94,94,79
16,r_111_84_35,seq114,seq83,r_111_84_35,0.99,1,36,35,79
26,r_54_14_151,seq56,r_41_13_1,r_54_14_151,0.64,0,151,151,79
8,r_17_52_50,r_51_135_113,seq48,r_51_135_113,1.0,2,115,113,79
4,r_129_18_86,r_127_112_90,r_80_15_48,r_129_18_86,1.0,0,86,86,79
11,r_46_27_54,seq48,seq30,r_46_27_54,0.78,37,91,54,79
13,r_33_76_181,seq32,r_55_78_90,r_33_76_181,0.58,0,181,181,79
98,seq120,r_122_67_63,r_53_121_38,r_122_67_63,0.51,-2,61,63,79
10,r_47_6_56,r_46_27_54,seq4,r_47_6_56,0.86,0,56,56,79
48,r_45_28_198,seq44,r_46_27_54,r_46_27_54,0.54,144,198,54,79
45,r_51_135_113,r_53_121_38,r_17_52_50,r_53_121_38,0.98,2,40,38,79
2,r_69_7_129,seq68,r_98_11_99,r_69_7_129,1.0,0,129,129,79
8,r_17_52_50,r_26_50_208,r_51_135_113,r_17_52_50,0.6,-6,44,50,79
22,r_92_110_53,r_131_113_17,r_127_112_90,r_127_112_90,0.98,7,97,90,79
27,r_85_119_70,seq83,r_118_34_184,r_85_119_70,0.85,0,70,70,79
30,r_118_34_184,r_85_119_70,seq32,r_118_34_184,0.86,0,184,184,79
2,r_69_7_129,r_70_101_64,seq68,r_70_101_64,1.0,0,64,64,79
47,r_140_3_181,seq139,r_47_6_56,r_140_3_181,0.48,0,181,181,79
38,r_23_86_22,r_26_50_208,seq88,r_23_86_22,1.0,0,22,22,79
40,r_70_101_64,r_69_7_129,r_102_128_153,r_70_101_64,1.0,0,64,64,79
74,seq48,r_49_82_80,r_37_29_205,r_49_82_80,1.0,1,81,80,79
18,r_126_63_90,r_127_112_90,r_62_123_182,r_126_63_90,0.99,0,90,90,79
24,r_80_15_48,seq19,r_61_16_94,r_61_16_94,0.94,12,106,94,79
21,r_41_13_1,r_61_16_94,r_54_14_151,r_41_13_1,0.56,168,169,1,79
34,r_81_117_148,r_49_82_80,r_92_110_53,r_81_117_148,0.71,0,148,148,79
33,r_97_20_118,seq96,seq19,r_97_20_118,0.96,0,118,118,79
70,seq32,r_33_76_181,seq31,r_33_76_181,0.98,0,181,181,79
68,seq30,r_26_50_208,r_46_27_54,r_46_27_54,0.69,128,182,54,79
14,r_36_60_10,r_12_138_136,seq57,r_36_60_10,1.0,0,10,10,79
32,r_102_128_153,seq99,r_70_101_64,r_70_101_64,1.0,0,64,64,79
52,seq4,r_0_22_201,r_47_6_56,r_47_6_56,0.65,7,63,56,79
34,r_81_117_148,seq83,r_49_82_80,r_49_82_80,1.0,3,83,80,79
45,r_51_135_113,r_17_52_50,seq133,r_51_135_113,1.0,0,113,113,79
83,seq83,r_85_119_70,r_111_84_35,r_111_84_35,0.59,-13,22,35,79
94,seq107,r_108_38_96,seq109,r_108_38_96,1.0,0,96,96,79
22,r_92_110_53,seq93,r_131_113_17,r_92_110_53,0.98,13,66,53,79
49,r_43_9_134,seq42,r_98_11_99,r_98_11_99,0.94,35,134,99,79
12,r_39_5_58,r_37_29_205,r_47_6_56,r_37_29_205,0.66,-147,58,205,79
7,r_55_78_90,seq56,r_77_115_185,r_55_78_90,0.99,0,90,90,79
18,r_126_63_90,r_62_123_182,seq65,r_62_123_182,0.97,1,183,182,79
44,r_125_105_67,r_124_25_193,seq104,r_125_105_67,0.99,0,67,67,79
23,r_62_123_182,seq65,r_126_63_90,r_126_63_90,1.0,2,92,90,79
82,seq72,r_74_79_80,seq71,r_74_79_80,1.0,0,80,80,79
35,r_64_75_90,seq65,r_77_115_185,r_64_75_90,0.65,0,90,90,79
74,seq48,r_37_29_205,r_17_52_50,r_37_29_205,0.91,-66,139,205,79
23,r_62_123_182,r_126_63_90,r_53_121_38,r_62_123_182,0.85,-1,181,182,79
40,r_56_9_6,r_8_78_143,r_21_5_6,r_8_78_143,0.99,1,144,143,80
83,seq85,r_86_110_124,seq92,r_86_110_124,1.0,-25,99,124,80
55,seq13,r_15_68_197,r_88_11_70,r_88_11_70,1.0,76,146,70,80
21,r_82_121_144,seq85,seq122,r_82_121_144,0.86,0,144,144,80
5,r_2_84_190,r_3_131_113,r_0_4_53,r_3_131_113,1.0,0,113,113,80
46,r_147_64_94,seq148,r_45_65_110,r_147_64_94,1.0,0,94,94,80
42,r_89_39_150,r_88_11_70,seq85,r_88_11_70,1.0,0,70,70,80
45,r_117_43_150,r_120_33_172,r_95_44_61,r_120_33_172,0.54,-22,150,172,80
24,r_29_17_24,r_19_6_154,r_139_18_152,r_29_17_24,0.67,130,154,24,80
97,seq122,r_129_130_145,r_82_121_144,r_82_121_144,0.96,11,155,144,80
41,r_40_77_89,seq41,seq80,r_40_77_89,0.91,0,89,89,80
9,r_138_23_3,r_24_141_38,r_53_22_10,r_24_141_38,0.98,0,38,38,80
19,r_116_134_26,r_117_43_150,seq135,r_117_43_150,0.49,-127,23,150,80
26,r_95_44_61,seq92,seq46,r_95_44_61,0.99,0,61,61,80
4,r_19_6_154,r_20_93_146,r_29_17_24,r_19_6_154,0.66,-78,76,154,80
0,r_31_149_119,seq32,seq148,r_31_149_119,0.98,1,120,119,80
11,r_20_93_146,r_19_6_154,seq92,r_20_93_146,0.96,0,146,146,80
13,r_129_130_145,seq124,r_3_131_113,r_3_131_113,1.0,23,136,113,80
15,r_35_100_76,r_34_70_120,seq101,r_35_100_76,0.52,1,77,76,80
27,r_115_27_58,seq25,r_143_26_74,r_143_26_74,1.0,3,77,74,80
8,r_0_4_53,r_3_131_113,r_127_1_44,r_0_4_53,0.9,0,53,53,80
4,r_19_6_154,r_29_17_24,r_21_5_6,r_19_6_154,0.98,0,154,154,80
6,r_114_58_69,seq112,seq59,r_114_58_69,1.0,0,69,69,80
62,seq32,r_31_149_119,r_102_36_54,r_102_36_54,0.52,66,120,54,80
61,seq30,r_29_17_24,seq37,r_29_17_24,0.82,5,29,24,80
30,r_10_142_28,r_143_26_74,r_24_141_38,r_143_26_74,1.0,0,74,74,80
16,r_63_76_46,r_62_87_179,seq92,r_63_76_46,1.0,0,46,46,80
97,seq122,r_123_104_58,r_129_130_145,r_123_104_58,1.0,-1,57,58,80
62,seq32,r_102_36_54,r_120_33_172,r_120_33_172,1.0,2,174,172,80
24,r_29_17_24,seq30,r_19_6_154,r_29_17_24,0.93,0,24,24,80
2,r_120_33_172,seq119,seq25,r_120_33_172,0.63,0,172,172,80
41,r_40_77_89,seq80,r_8_78_143,r_8_78_143,1.0,12,155,143,80
47,r_88_11_70,r_89_39_150,seq12,r_88_11_70,0.99,0,70,70,80
43,r_53_22_10,r_54_28_122,r_138_23_3,r_53_22_10,1.0,1,11,10,80
29,r_143_26_74,r_139_18_152,r_115_27_58,r_143_26_74,0.95,0,74,74,80
61,seq30,seq37,r_54_28_122,r_54_28_122,1.0,4,126,122,80
34,r_94_109_51,seq112,r_86_110_124,r_86_110_124,1.0,14,138,124,80
35,r_139_18_152,r_10_142_28,r_29_17_24,r_139_18_152,0.97,0,152,152,80
25,r_3_131_113,r_2_84_190,r_129_130_145,r_3_131_113,1.0,0,113,113,80
34,r_94_109_51,r_95_44_61,seq112,r_94_109_51,0.96,0,51,51,80
48,r_127_1_44,r_3_131_113,r_0_4_53,r_3_131_113,1.0,0,113,113,80
28,r_8_78_143,seq7,r_56_9_6,r_56_9_6,0.96,13,19,6,80
50,seq128,seq124,r_14_126_74,r_14_126_74,1.0,51,125,74,80
36,r_105_42_50,seq106,seq41,r_105_42_50,1.0,0,50,50,80
42,r_89_39_150,seq85,r_105_42_50,r_89_39_150,0.97,0,150,150,80
32,r_62_87_179,r_45_65_110,r_20_93_146,r_45_65_110,0.22,69,179,110,80
38,r_75_55_69,seq74,r_114_58_69,r_75_55_69,0.99,0,69,69,80
37,r_123_104_58,seq122,r_83_103_4,r_123_104_58,1.0,0,58,58,80
48,r_127_1_44,seq128,r_3_131_113,r_127_1_44,1.0,0,44,44,80
27,r_115_27_58,r_113_146_59,seq25,r_115_27_58,0.97,0,58,58,80
28,r_8_78_143,r_56_9_6,r_40_77_89,r_8_78_143,1.0,0,143,143,80
22,r_45_65_110,seq47,r_147_64_94,r_147_64_94,1.0,16,110,94,80
49,r_34_70_120,r_31_149_119,r_73_72_30,r_34_70_120,0.94,0,120,120,80
7,r_54_28_122,seq57,seq30,r_54_28_122,0.96,0,122,122,80
44,r_14_126_74,r_15_68_197,seq128,r_14_126_74,1.0,0,74,74,80
23,r_132_90_69,seq133,seq92,r_132_90_69,1.0,0,69,69,80
79,seq74,r_75_55_69,r_73_72_30,r_75_55_69,1.0,1,70,69,80
35,r_139_18_152,r_143_26_74,r_10_142_28,r_139_18_152,0.79,-78,74,152,80
12,r_113_146_59,r_114_58_69,seq145,r_113_146_59,0.85,2,61,59,80
30,r_10_142_28,r_24_141_38,r_143_26_74,r_143_26_74,1.0,-46,28,74,80
20,r_102_36_54,seq101,seq37,r_102_36_54,1.0,0,54,54,80
93,seq106,r_105_32_118,r_94_104_128,r_105_32_118,0.81,1,119,118,81
51,seq2,r_0_48_132,r_18_4_115,r_18_4_115,0.51,14,129,115,81
14,r_10_74_167,seq11,r_101_76_94,r_101_76_94,0.55,73,167,94,81
99,seq127,r_126_92_38,r_88_120_22,r_126_92_38,0.93,-2,36,38,81
8,r_73_25_98,seq75,r_143_26_2,r_73_25_98,1.0,0,98,98,81
41,r_125_3_49,seq127,seq2,r_125_3_49,1.0,0,49,49,81
43,r_90_27_139,r_94_104_128,r_119_95_77,r_119_95_77,0.98,51,128,77,81
37,r_7_14_119,seq6,seq13,r_7_14_119,0.54,0,119,119,81
59,seq11,r_10_74_167,seq9,r_10_74_167,1.0,-1,166,167,81
55,seq6,r_7_14_119,r_81_8_103,r_81_8_103,1.0,16,119,103,81
71,seq52,r_51_5_174,seq55,r_51_5_174,0.96,0,174,174,81
16,r_145_34_138,seq146,r_105_32_118,r_145_34_138,0.94,0,138,138,81
1,r_81_8_103,r_83_70_170,seq6,r_81_8_103,1.0,0,103,103,81
46,r_66_23_82,r_59_142_149,seq29,r_66_23_82,1.0,1,83,82,81
42,r_65_93_79,r_66_23_82,r_119_95_77,r_65_93_79,1.0,0,79,79,81
45,r_139_78_165,seq138,seq79,r_139_78_165,0.56,0,165,165,81
30,r_88_120_22,r_87_107_97,r_119_95_77,r_88_120_22,1.0,0,22,22,81
35,r_12_68_32,r_7_14_119,seq67,r_12_68_32,1.0,1,33,32,81
24,r_126_92_38,r_94_104_128,r_119_95_77,r_119_95_77,0.92,51,128,77,81
19,r_59_142_149,seq56,seq141,r_59_142_149,0.76,0,149,149,81
39,r_54_124_28,r_53_17_179,seq123,r_54_124_28,0.9,1,29,28,81
31,r_83_70_170,seq84,r_12_68_32,r_12_68_32,0.67,138,170,32,81
89,seq89,r_94_104_128,r_126_92_38,r_126_92_38,0.61,90,128,38,81
18,r_45_19_170,r_111_43_38,r_20_41_165,r_45_19_170,0.87,0,170,170,81
90,seq96,seq100,r_91_98_58,r_91_98_58,0.91,20,78,58,81
30,r_88_120_22,r_54_124_28,r_47_118_135,r_47_118_135,1.0,0,135,135,81
26,r_110_97_158,seq109,r_91_98_58,r_110_97_158,0.84,0,158,158,81
4,r_0_48_132,seq2,r_121_49_92,r_121_49_92,0.67,37,129,92,81
11,r_136_1_126,seq135,r_18_4_115,r_136_1_126,0.94,1,127,126,81
99,seq127,r_88_120_22,r_82_122_120,r_82_122_120,1.0,5,125,120,81
20,r_87_107_97,seq86,seq109,r_87_107_97,0.95,0,97,97,81
98,seq123,r_121_49_92,r_54_124_28,r_121_49_92,0.92,0,92,92,81
15,r_149_61_169,seq146,r_12_68_32,r_149_61_169,0.85,0,169,169,81
48,r_18_4_115,r_20_41_165,r_125_3_49,r_18_4_115,0.82,1,116,115,81
13,r_50_39_37,r_51_5_174,seq42,r_50_39_37,1.0,0,37,37,81
23,r_119_95_77,r_88_120_22,r_126_92_38,r_119_95_77,1.0,0,77,77,81
33,r_60_112_50,r_59_142_149,seq114,r_60_112_50,0.96,0,50,50,81
23,r_119_95_77,r_126_92_38,r_88_120_22,r_119_95_77,0.94,-50,27,77,81
29,r_121_49_92,r_45_19_170,r_0_48_132,r_0_48_132,0.72,0,132,132,81
24,r_126_92_38,seq127,r_94_104_128,r_126_92_38,0.99,0,38,38,81
87,seq84,r_83_70_170,seq86,r_83_70_170,0.7,-95,75,170,81
2,r_20_41_165,seq42,r_15_21_23,r_15_21_23,1.0,40,63,23,81
41,r_125_3_49,seq2,r_18_4_115,r_18_4_115,1.0,-2,113,115,81
47,r_128_72_178,seq129,r_10_74_167,r_128_72_178,0.74,0,178,178,81
18,r_45_19_170,r_46_117_133,r_111_43_38,r_45_19_170,0.83,-37,133,170,81
29,r_121_49_92,seq123,r_45_19_170,r_121_49_92,0.98,1,93,92,81
95,seq114,r_111_43_38,r_110_97_158,r_111_43_38,0.95,1,39,38,81
25,r_47_118_135,r_45_19_170,r_88_120_22,r_47_118_135,0.99,0,135,135,81
88,seq86,r_87_107_97,seq84,r_87_107_97,1.0,0,97,97,81
58,seq138,r_139_78_165,seq137,r_139_78_165,0.95,-1,164,165,81
43,r_90_27_139,r_119_95_77,r_143_26_2,r_90_27_139,0.91,0,139,139,81
32,r_94_104_128,r_90_27_139,seq106,r_90_27_139,0.69,-11,128,139,81
38,r_85_115_64,seq86,seq114,r_85_115_64,1.0,0,64,64,81
52,seq131,seq132,r_113_130_9,r_113_130_9,0.52,126,135,9,81
17,r_22_103_87,r_20_41_165,seq106,r_22_103_87,1.0,0,87,87,81
36,r_147_44_7,r_46_117_133,r_111_43_38,r_111_43_38,0.7,16,54,38,81
96,seq116,r_54_124_28,seq127,r_54_124_28,0.89,65,93,28,81
94,seq109,r_110_97_158,r_87_107_97,r_87_107_97,0.99,61,158,97,81
22,r_53_17_179,seq55,r_143_26_2,r_53_17_179,0.48,0,179,179,81
28,r_105_32_118,seq106,seq33,r_105_32_118,0.98,0,118,118,81
49,r_82_122_120,seq84,r_54_124_28,r_82_122_120,0.72,0,120,120,81
56,seq135,r_136_1_126,seq134,r_136_1_126,1.0,0,126,126,81
7,r_46_117_133,r_45_19_170,seq116,r_46_117_133,0.88,0,133,133,81
44,r_101_76_94,seq102,seq75,r_101_76_94,0.78,2,96,94,81
82,seq75,r_73_25_98,r_101_76_94,r_73_25_98,0.81,0,98,98,81
6,r_15_21_23,seq13,r_20_41_165,r_15_21_23,0.74,0,23,23,81
10,r_99_28_27,r_101_76_94,r_143_26_2,r_99_28_27,1.0,0,27,27,81
60,seq13,seq9,r_7_14_119,r_7_14_119,0.52,6,125,119,81
30,r_88_120_22,r_119_95_77,r_54_124_28,r_119_95_77,1.0,0,77,77,81
12,r_144_140_135,r_149_61_169,seq138,r_144_140_135,0.56,3,138,135,81
95,seq114,r_110_97_158,r_85_115_64,r_85_115_64,0.9,0,64,64,81
96,seq116,seq127,r_46_117_133,r_46_117_133,1.0,3,136,133,81
3,r_111_43_38,seq114,r_147_44_7,r_111_43_38,1.0,0,38,38,81
30,r_35_1_99,r_44_58_131,seq3,r_35_1_99,0.82,3,102,99,82
51,seq3,r_0_6_111,r_35_1_99,r_35_1_99,0.81,13,112,99,82
36,r_0_6_111,seq3,r_71_9_113,r_71_9_113,1.0,-1,112,113,82
83,seq83,r_82_149_143,seq79,r_82_149_143,0.98,0,143,143,82
53,seq7,r_4_2_138,r_95_8_16,r_95_8_16,1.0,-1,15,16,82
92,seq98,seq96,r_74_97_48,r_74_97_48,0.98,3,51,48,82
4,r_41_105_81,r_60_128_197,r_54_106_135,r_54_106_135,0.98,3,138,135,82
7,r_131_125_193,seq133,r_102_147_5,r_102_147_5,0.7,34,39,5,82
1,r_60_128_197,r_59_5_194,r_117_123_161,r_117_123_161,0.98,37,198,161,82
5,r_104_34_62,seq96,r_29_45_45,r_104_34_62,1.0,0,62,62,82
42,r_19_80_119,r_22_91_146,seq79,r_19_80_119,0.59,0,119,119,82
29,r_94_116_33,r_90_42_92,r_115_119_132,r_94_116_33,0.98,0,33,33,82
80,seq69,r_68_10_95,r_103_67_26,r_68_10_95,0.84,-6,89,95,82
14,r_101_136_41,seq96,seq137,r_101_136_41,0.99,0,41,41,82
45,r_124_18_152,seq121,r_48_17_66,r_124_18_152,0.66,0,152,152,82
19,r_127_100_93,r_124_18_152,r_74_97_48,r_127_100_93,1.0,0,93,93,82
66,seq27,seq24,r_70_28_112,r_70_28_112,1.0,13,125,112,82
17,r_75_108_20,r_76_81_159,seq107,r_75_108_20,1.0,0,20,20,82
31,r_82_149_143,seq83,r_102_147_5,r_82_149_143,0.72,0,143,143,82
41,r_4_2_138,seq7,r_35_1_99,r_35_1_99,0.81,39,138,99,82
26,r_61_141_93,r_60_128_197,seq142,r_61_141_93,0.88,0,93,93,82
4,r_41_105_81,r_44_58_131,r_60_128_197,r_41_105_81,0.77,2,83,81,82
78,seq63,r_64_30_137,seq62,r_64_30_137,1.0,1,138,137,82
0,r_71_9_113,r_72_110_190,r_68_10_95,r_72_110_190,1.0,-77,113,190,82
11,r_26_139_87,seq27,seq137,r_26_139_87,1.0,0,87,87,82
46,r_102_147_5,seq143,r_82_149_143,r_82_149_143,0.99,5,148,143,82
15,r_68_10_95,seq69,seq11,r_68_10_95,1.0,0,95,95,82
48,r_109_132_174,seq107,r_26_139_87,r_109_132_174,0.43,0,174,174,82
10,r_134_14_39,r_131_125_193,seq20,r_134_14_39,1.0,0,39,39,82
57,seq13,seq24,r_48_17_66,r_48_17_66,0.85,113,179,66,82
6,r_90_42_92,seq88,seq40,r_90_42_92,1.0,0,92,92,82
21,r_115_119_132,r_94_116_33,seq121,r_115_119_132,1.0,0,132,132,82
13,r_95_8_16,r_101_136_41,seq7,r_95_8_16,0.87,0,16,16,82
43,r_103_67_26,r_104_34_62,seq69,r_103_67_26,0.98,0,26,26,82
27,r_138_15_174,seq137,r_134_14_39,r_134_14_39,0.83,136,175,39,82
2,r_117_123_161,r_138_15_174,seq121,r_117_123_161,0.66,-62,99,161,82
47,r_39_148_97,r_44_58_131,r_102_147_5,r_39_148_97,1.0,0,97,97,82
28,r_74_97_48,r_76_81_159,seq98,r_74_97_48,0.94,0,48,48,82
21,r_115_119_132,r_114_50_61,r_94_116_33,r_115_119_132,0.92,-93,39,132,82
58,seq142,r_131_125_193,r_102_147_5,r_102_147_5,0.76,68,73,5,82
68,seq38,r_37_53_145,r_114_50_61,r_114_50_61,0.65,84,145,61,82
32,r_65_57_156,seq63,r_44_58_131,r_44_58_131,1.0,25,156,131,82
38,r_16_73_164,seq20,r_103_67_26,r_16_73_164,0.63,0,164,164,82
34,r_129_21_90,seq130,seq20,r_129_21_90,0.9,0,90,90,82
58,seq142,r_102_147_5,r_61_141_93,r_61_141_93,0.83,33,126,93,82
75,seq52,seq24,r_64_30_137,r_64_30_137,0.95,2,139,137,82
9,r_122_31_149,seq121,r_114_50_61,r_122_31_149,0.88,0,149,149,82
49,r_55_23_28,r_54_106_135,seq24,r_55_23_28,0.99,1,29,28,82
29,r_94_116_33,r_115_119_132,seq113,r_115_119_132,1.0,0,132,132,82
22,r_33_77_166,seq40,seq78,r_33_77_166,0.41,0,166,166,82
55,seq11,seq7,r_95_8_16,r_95_8_16,1.0,7,23,16,82
44,r_54_106_135,r_60_128_197,r_41_105_81,r_54_106_135,0.78,0,135,135,82
23,r_44_58_131,seq46,r_60_128_197,r_44_58_131,0.93,0,131,131,82
82,seq79,seq83,r_19_80_119,r_19_80_119,0.98,0,119,119,82
35,r_114_50_61,r_115_119_132,seq46,r_114_50_61,1.0,0,61,61,82
12,r_64_30_137,seq63,r_29_45_45,r_64_30_137,1.0,0,137,137,82
73,seq56,r_60_67_69,r_83_61_67,r_83_61_67,0.64,-12,55,67,83
42,r_117_97_163,r_89_118_102,r_143_96_106,r_117_97_163,0.78,0,163,163,83
36,r_49_42_143,r_50_30_161,r_86_41_106,r_86_41_106,1.0,36,142,106,83
5,r_136_112_45,seq135,seq113,r_136_112_45,1.0,0,45,45,83
43,r_104_52_158,seq105,seq51,r_104_52_158,0.89,0,158,158,83
37,r_62_121_60,r_63_130_117,seq120,r_62_121_60,0.73,0,60,60,83
71,seq51,r_50_30_161,r_104_52_158,r_104_52_158,0.53,3,161,158,83
86,seq98,r_102_18_199,r_143_96_106,r_143_96_106,1.0,32,138,106,83
16,r_43_123_74,r_48_32_111,seq124,r_43_123_74,1.0,0,74,74,83
21,r_149_6_105,seq148,seq7,r_149_6_105,1.0,1,106,105,83
39,r_29_21_163,seq33,r_24_4_201,r_29_21_163,0.7,0,163,163,83
42,r_117_97_163,seq111,r_89_118_102,r_89_118_102,0.8,36,138,102,83
69,seq142,r_143_96_106,seq144,r_143_96_106,1.0,0,106,106,83
40,r_90_133_52,r_89_118_102,seq135,r_90_133_52,0.99,-1,51,52,83
19,r_66_57_143,r_68_64_6,r_132_59_40,r_132_59_40,0.8,102,142,40,83
76,seq129,r_128_11_185,seq126,r_128_11_185,0.99,0,185,185,83
31,r_60_67_69,r_58_140_81,seq70,r_58_140_81,0.64,-12,69,81,83
13,r_63_130_117,r_62_121_60,r_83_61_67,r_63_130_117,0.9,-63,54,117,83
3,r_143_96_106,seq142,seq98,r_143_96_106,0.96,0,106,106,83
10,r_68_64_6,r_66_57_143,r_34_71_76,r_34_71_76,0.98,69,145,76,83
44,r_16_101_23,r_24_4_201,seq98,r_16_101_23,0.99,-1,22,23,83
26,r_146_69_86,r_149_6_105,r_60_67_69,r_146_69_86,0.99,0,86,86,83
8,r_74_116_58,r_117_97_163,r_136_112_45,r_117_97_163,0.76,0,163,163,83
4,r_86_41_106,r_102_18_199,r_46_115_141,r_86_41_106,0.82,0,106,106,83
9,r_44_108_39,r_48_32_111,r_109_106_162,r_44_108_39,0.99,0,39,39,83
38,r_13_36_27,r_35_134_76,seq51,r_35_134_76,1.0,0,76,76,83
0,r_89_118_102,seq88,r_74_116_58,r_89_118_102,0.77,0,102,102,83
11,r_114_125_87,seq113,seq126,r_114_125_87,0.64,0,87,87,83
20,r_50_30_161,seq51,r_141_31_95,r_141_31_95,0.98,66,161,95,83
15,r_48_32_111,seq47,seq33,r_48_32_111,0.95,0,111,111,83
48,r_141_31_95,r_143_96_106,seq33,r_141_31_95,0.99,0,95,95,83
27,r_83_61_67,r_63_130_117,seq75,r_63_130_117,1.0,0,117,117,83
13,r_63_130_117,r_83_61_67,r_35_134_76,r_63_130_117,0.98,0,117,117,83
6,r_95_54_66,r_102_18_199,seq53,r_95_54_66,1.0,0,66,66,83
67,seq135,r_136_112_45,r_131_15_147,r_136_112_45,0.99,-4,41,45,83
46,r_132_59_40,r_136_112_45,r_58_140_81,r_132_59_40,0.92,0,40,40,83
27,r_83_61_67,seq84,r_63_130_117,r_83_61_67,0.93,0,67,67,83
2,r_77_94_135,seq75,r_143_96_106,r_143_96_106,0.86,28,134,106,83
74,seq70,seq76,r_60_67_69,r_60_67_69,0.94,5,74,69,83
29,r_10_23_130,seq9,r_24_4_201,r_10_23_130,0.33,22,152,130,83
24,r_25_92_185,r_24_4_201,r_77_94_135,r_77_94_135,0.68,51,186,135,83
25,r_107_79_161,r_109_106_162,seq84,r_109_106_162,0.42,-1,161,162,83
33,r_131_15_147,seq135,r_5_12_46,r_131_15_147,0.74,0,147,147,83
17,r_109_106_162,r_107_79_161,r_44_108_39,r_44_108_39,1.0,-1,38,39,83
46,r_132_59_40,seq56,r_66_57_143,r_132_59_40,0.65,95,135,40,83
67,seq135,r_131_15_147,r_35_134_76,r_35_134_76,0.8,1,77,76,83
32,r_128_11_185,r_127_138_187,seq9,r_128_11_185,0.36,0,185,185,83
47,r_93_3_59,r_95_54_66,seq0,r_93_3_59,1.0,0,59,59,83
8,r_74_116_58,r_65_73_7,r_117_97_163,r_74_116_58,0.99,0,58,58,83
46,r_132_59_40,r_58_140_81,seq56,r_58_140_81,0.95,0,81,81,83
4,r_86_41_106,r_46_115_141,r_49_42_143,r_46_115_141,0.65,-4,137,141,83
34,r_58_140_81,r_60_67_69,r_132_59_40,r_132_59_40,1.0,0,40,40,83
22,r_55_137_63,seq53,seq142,r_55_137_63,1.0,0,63,63,83
73,seq56,r_83_61_67,r_132_59_40,r_83_61_67,0.48,65,132,67,83
34,r_58_140_81,r_132_59_40,seq142,r_58_140_81,0.78,0,81,81,83
7,r_35_134_76,r_34_71_76,seq135,r_35_134_76,1.0,0,76,76,83
23,r_46_115_141,seq47,r_136_112_45,r_46_115_141,0.98,2,143,141,83
35,r_37_8_190,seq40,r_128_11_185,r_37_8_190,0.41,0,190,190,83
12,r_34_71_76,r_35_134_76,seq72,r_34_71_76,1.0,0,76,76,83
38,r_13_36_27,r_24_4_201,r_35_134_76,r_13_36_27,0.95,0,27,27,83
40,r_87_62_103,r_53_64_116,r_6_82_146,r_87_62_103,0.37,66,169,103,84
14,r_114_119_110,r_113_3_168,seq116,r_114_119_110,0.44,-2,108,110,84
37,r_23_90_88,r_22_52_107,r_17_92_31,r_22_52_107,0.58,-19,88,107,84
59,seq14,r_16_146_174,seq18,r_16_146_174,1.0,-14,160,174,84
16,r_22_52_107,seq21,seq51,r_22_52_107,1.0,0,107,107,84
42,r_80_76_102,seq81,seq78,r_80_76_102,0.57,1,103,102,84
12,r_53_64_116,seq67,r_140_65_138,r_140_65_138,0.87,3,141,138,84
44,r_70_121_15,r_69_97_181,r_114_119_110,r_70_121_15,0.72,0,15,15,84
19,r_95_125_159,seq96,r_114_119_110,r_114_119_110,0.6,49,159,110,84
31,r_16_146_174,seq14,r_12_144_28,r_12_144_28,0.94,146,174,28,84
41,r_71_38_147,seq72,seq37,r_71_38_147,0.9,1,148,147,84
3,r_140_65_138,r_139_48_185,r_53_64_116,r_140_65_138,1.0,0,138,138,84
5,r_138_55_36,r_22_52_107,r_118_54_147,r_118_54_147,1.0,5,152,147,84
26,r_47_50_72,r_45_20_173,seq49,r_47_50_72,0.53,14,86,72,84
78,seq63,seq67,r_53_64_116,r_53_64_116,0.96,5,121,116,84
0,r_139_48_185,seq137,r_47_50_72,r_47_50_72,0.68,113,185,72,84
45,r_99_111_34,r_95_125_159,seq112,r_99_111_34,0.98,1,35,34,84
63,seq21,r_22_52_107,seq14,r_22_52_107,0.96,0,107,107,84
11,r_36_27_174,seq33,r_26_30_87,r_36_27_174,0.46,0,174,174,84
13,r_66_124_62,seq67,seq123,r_66_124_62,1.0,0,62,62,84
98,seq123,r_122_8_119,r_66_124_62,r_66_124_62,0.83,24,86,62,84
46,r_120_130_41,r_129_102_186,seq128,r_120_130_41,0.33,138,179,41,84
48,r_127_11_125,r_126_24_178,r_134_13_54,r_126_24_178,0.98,-53,125,178,84
12,r_53_64_116,r_138_55_36,seq67,r_53_64_116,0.96,0,116,116,84
33,r_134_13_54,seq133,seq18,r_134_13_54,1.0,0,54,54,84
46,r_120_130_41,r_118_54_147,r_129_102_186,r_120_130_41,0.69,10,51,41,84
99,seq149,seq147,r_131_148_58,r_131_148_58,0.83,6,64,58,84
5,r_138_55_36,r_53_64_116,r_22_52_107,r_138_55_36,0.82,80,116,36,84
87,seq91,seq104,r_17_92_31,r_17_92_31,1.0,5,36,31,84
27,r_136_79_136,r_139_48_185,seq78,r_136_79_136,0.99,0,136,136,84
8,r_12_144_28,r_17_92_31,seq147,r_12_144_28,0.95,0,28,28,84
2,r_122_8_119,seq123,seq9,r_122_8_119,0.94,0,119,119,84
47,r_126_24_178,r_127_11_125,r_129_102_186,r_127_11_125,1.0,0,125,125,84
40,r_87_62_103,seq86,r_53_64_116,r_87_62_103,0.93,0,103,103,84
5,r_138_55_36,r_139_48_185,r_53_64_116,r_138_55_36,1.0,0,36,36,84
18,r_131_148_58,r_132_98_114,seq149,r_132_98_114,0.64,-53,61,114,84
24,r_15_145_60,r_16_146_174,r_12_144_28,r_16_146_174,0.62,-114,60,174,84
25,r_108_34_157,seq109,seq33,r_108_34_157,0.58,0,157,157,84
88,seq96,r_95_125_159,r_132_98_114,r_132_98_114,0.97,45,159,114,84
6,r_6_82_146,r_1_31_166,seq81,r_6_82_146,0.92,1,147,146,84
53,seq4,r_1_31_166,r_61_5_6,r_61_5_6,0.77,24,30,6,84
68,seq37,r_39_94_87,seq28,r_39_94_87,1.0,0,87,87,84
32,r_1_31_166,seq2,r_26_30_87,r_1_31_166,0.39,5,171,166,84
38,r_105_89_103,seq104,seq86,r_105_89_103,0.99,0,103,103,84
52,seq2,r_1_31_166,r_61_5_6,r_61_5_6,0.67,162,168,6,84
47,r_126_24_178,r_129_102_186,r_26_30_87,r_26_30_87,0.87,94,181,87,84
8,r_12_144_28,seq147,r_15_145_60,r_15_145_60,1.0,1,61,60,84
81,seq72,r_69_97_181,r_73_74_9,r_69_97_181,0.85,0,181,181,84
17,r_83_88_140,r_84_56_75,seq78,r_84_56_75,0.98,1,76,75,84
43,r_25_106_50,r_26_30_87,seq104,r_25_106_50,1.0,0,50,50,84
9,r_113_3_168,r_114_119_110,r_61_5_6,r_113_3_168,0.65,0,168,168,84
95,seq112,r_118_54_147,r_99_111_34,r_99_111_34,0.89,-3,31,34,84
22,r_32_60_127,r_36_27_174,seq59,r_32_60_127,0.96,0,127,127,84
28,r_17_92_31,r_16_146_174,seq91,r_17_92_31,0.99,0,31,31,84
49,r_132_98_114,r_131_148_58,r_12_144_28,r_12_144_28,0.94,36,64,28,84
7,r_84_56_75,r_83_88_140,seq57,r_84_56_75,0.95,0,75,75,84
17,r_83_88_140,seq78,r_105_89_103,r_83_88_140,0.98,0,140,140,84
34,r_93_44_36,seq91,seq43,r_93_44_36,1.0,0,36,36,84
12,r_53_64_116,seq51,r_138_55_36,r_138_55_36,0.99,16,52,36,84
49,r_132_98_114,r_12_144_28,seq96,r_132_98_114,0.95,0,114,114,84
84,seq81,r_80_76_102,r_6_82_146,r_6_82_146,0.59,1,147,146,84
40,r_61_84_19,r_82_91_128,r_76_80_87,r_82_91_128,0.98,0,128,128,85
37,r_7_107_56,seq8,r_35_108_53,r_7_107_56,0.98,0,56,56,85
28,r_145_100_43,seq148,seq101,r_145_100_43,1.0,0,43,43,85
30,r_73_39_87,seq72,seq42,r_73_39_87,0.89,0,87,87,85
36,r_93_12_102,r_94_96_195,seq8,r_93_12_102,1.0,1,103,102,85
43,r_86_149_159,seq87,seq148,r_86_149_159,0.79,0,159,159,85
83,seq74,r_76_80_87,r_29_75_83,r_29_75_83,0.99,9,92,83,85
86,seq81,r_82_91_128,r_76_80_87,r_82_91_128,0.73,0,128,128,85
21,r_118_116_73,r_114_32_159,r_67_115_116,r_118_116_73,0.92,87,160,73,85
39,r_83_15_79,r_82_91_128,r_139_18_57,r_139_18_57,0.65,22,79,57,85
1,r_11_110_176,seq8,r_41_111_95,r_11_110_176,0.37,0,176,176,85
5,r_67_115_116,seq68,r_118_116_73,r_67_115_116,0.8,1,117,116,85
46,r_90_56_165,seq89,r_50_70_113,r_90_56_165,0.37,4,169,165,85
45,r_9_138_133,r_11_110_176,seq148,r_9_138_133,0.8,0,133,133,85
12,r_19_106_19,r_16_48_141,seq109,r_19_106_19,0.94,-2,17,19,85
11,r_105_45_138,r_19_106_19,seq46,r_105_45_138,0.87,0,138,138,85
41,r_10_124_101,r_11_110_176,seq125,r_10_124_101,1.0,0,101,101,85
89,seq144,seq141,r_58_146_3,r_58_146_3,0.6,95,98,3,85
3,r_120_59_137,seq125,r_53_60_135,r_120_59_137,0.76,0,137,137,85
10,r_16_48_141,seq17,seq47,r_16_48_141,0.87,0,141,141,85
44,r_97_143_43,r_94_96_195,seq141,r_97_143_43,0.99,0,43,43,85
26,r_140_121_204,seq144,r_9_138_133,r_9_138_133,1.0,3,136,133,85
72,seq42,r_41_111_95,r_135_43_88,r_135_43_88,1.0,7,95,88,85
92,seq103,r_102_98_20,r_114_32_159,r_114_32_159,0.5,-120,39,159,85
11,r_105_45_138,seq104,r_19_106_19,r_19_106_19,0.88,35,54,19,85
4,r_147_119_137,seq148,r_64_130_55,r_64_130_55,0.71,82,137,55,85
78,seq57,seq68,r_53_60_135,r_53_60_135,0.6,0,135,135,85
0,r_117_66_91,r_114_32_159,r_113_65_87,r_114_32_159,1.0,-68,91,159,85
16,r_3_21_57,seq0,seq23,r_3_21_57,0.91,0,57,57,85
20,r_82_91_128,r_83_15_79,r_61_84_19,r_82_91_128,0.5,-49,79,128,85
13,r_129_20_145,seq127,r_139_18_57,r_129_20_145,0.5,0,145,145,85
60,seq141,seq148,r_97_143_43,r_97_143_43,1.0,1,44,43,85
48,r_139_18_57,r_140_121_204,seq17,r_139_18_57,1.0,0,57,57,85
6,r_41_111_95,seq42,r_35_108_53,r_35_108_53,0.46,42,95,53,85
62,seq148,r_147_119_137,r_9_138_133,r_9_138_133,0.82,4,137,133,85
99,seq127,r_129_20_145,r_77_128_81,r_77_128_81,0.95,64,145,81,85
19,r_35_108_53,seq38,seq109,r_35_108_53,0.75,0,53,53,85
87,seq87,r_88_112_132,seq89,r_88_112_132,0.83,0,132,132,85
47,r_135_43_88,seq132,seq42,r_135_43_88,1.0,0,88,88,85
40,r_61_84_19,seq62,r_82_91_128,r_61_84_19,0.78,7,26,19,85
18,r_88_112_132,seq87,r_41_111_95,r_88_112_132,0.74,0,132,132,85
29,r_77_128_81,seq78,seq127,r_77_128_81,1.0,1,82,81,85
24,r_29_75_83,seq28,seq74,r_29_75_83,0.97,1,84,83,85
33,r_114_32_159,r_118_116_73,seq33,r_114_32_159,0.7,0,159,159,85
92,seq103,r_114_32_159,seq51,r_114_32_159,0.67,0,159,159,85
62,seq148,r_9_138_133,r_86_149_159,r_86_149_159,1.0,0,159,159,85
16,r_3_21_57,r_2_6_24,seq0,r_2_6_24,0.61,-1,23,24,85
61,seq17,r_16_48_141,r_139_18_57,r_139_18_57,1.0,84,141,57,85
71,seq38,r_35_108_53,r_34_37_75,r_35_108_53,1.0,0,53,53,85
17,r_53_60_135,seq51,r_120_59_137,r_120_59_137,0.92,6,143,137,85
94,seq109,seq104,r_35_108_53,r_35_108_53,1.0,1,54,53,85
9,r_54_40_147,seq51,r_73_39_87,r_73_39_87,0.53,60,147,87,85
20,r_82_91_128,r_61_84_19,r_102_98_20,r_82_91_128,0.86,1,129,128,85
27,r_102_98_20,seq103,r_94_96_195,r_102_98_20,0.7,2,22,20,85
22,r_99_142_60,seq101,r_97_143_43,r_99_142_60,0.73,0,60,60,85
25,r_30_133_99,seq42,seq134,r_30_133_99,0.97,0,99,99,85
56,seq8,r_11_110_176,r_93_12_102,r_93_12_102,0.95,74,176,102,85
35,r_44_71_162,seq51,seq57,r_44_71_162,0.56,1,163,162,85
14,r_64_130_55,r_63_4_117,seq131,r_64_130_55,1.0,0,55,55,85
30,r_119_36_137,r_117_32_168,r_3_38_40,r_3_38_40,0.79,97,137,40,86
43,r_98_110_91,r_100_133_153,seq109,r_98_110_91,0.9,0,91,91,86
37,r_147_144_63,seq146,r_143_22_137,r_147_144_63,0.63,1,64,63,86
59,seq146,r_147_144_63,r_145_134_84,r_147_144_63,0.82,1,64,63,86
19,r_99_118_7,r_119_36_137,seq116,r_119_36_137,0.99,-20,117,137,86
21,r_19_45_78,seq16,seq42,r_19_45_78,0.95,0,78,78,86
39,r_143_22_137,r_147_144_63,r_71_23_57,r_143_22_137,0.39,0,137,137,86
1,r_51_79_10,r_77_107_131,seq76,r_77_107_131,0.96,0,131,131,86
59,seq146,r_145_134_84,seq142,r_145_134_84,0.66,0,84,84,86
42,r_139_96_151,seq138,seq97,r_139_96_151,0.53,0,151,151,86
14,r_83_17_181,r_84_122_46,seq80,r_84_122_46,1.0,0,46,46,86
45,r_21_29_82,r_24_124_165,seq28,r_24_124_165,0.91,-83,82,165,86
32,r_20_70_34,r_19_45_78,seq68,r_20_70_34,1.0,0,34,34,86
95,seq109,seq105,r_98_110_91,r_98_110_91,1.0,49,140,91,86
31,r_7_44_186,r_2_12_29,r_85_6_74,r_85_6_74,1.0,31,105,74,86
3,r_66_48_136,seq65,r_140_49_39,r_66_48_136,0.86,2,138,136,86
25,r_140_49_39,r_139_96_151,seq42,r_140_49_39,0.99,0,39,39,86
26,r_52_72_100,seq53,r_20_70_34,r_20_70_34,1.0,73,107,34,86
48,r_101_27_17,r_86_136_79,seq31,r_101_27_17,1.0,0,17,17,86
72,seq53,r_52_72_100,r_5_54_53,r_5_54_53,1.0,47,100,53,86
14,r_83_17_181,seq80,r_4_18_148,r_4_18_148,0.71,33,181,148,86
11,r_106_126_54,seq105,seq130,r_106_126_54,1.0,1,55,54,86
4,r_86_136_79,seq88,seq137,r_86_136_79,0.77,9,88,79,86
0,r_24_124_165,seq25,r_106_126_54,r_24_124_165,0.53,0,165,165,86
46,r_149_8_44,r_145_134_84,r_2_12_29,r_149_8_44,0.99,3,47,44,86
15,r_4_18_148,r_2_12_29,seq16,r_4_18_148,0.38,0,148,148,86
20,r_78_30_52,r_77_107_131,seq31,r_78_30_52,1.0,0,52,52,86
8,r_5_54_53,r_2_12_29,seq53,r_5_54_53,1.0,0,53,53,86
6,r_87_111_143,seq88,r_75_112_12,r_87_111_143,0.63,0,143,143,86
2,r_85_6_74,r_7_44_186,r_73_1_138,r_73_1_138,1.0,48,186,138,86
16,r_131_89_43,r_139_96_151,seq88,r_131_89_43,0.76,3,46,43,86
29,r_77_107_131,r_51_79_10,seq105,r_77_107_131,0.98,0,131,131,86
5,r_73_1_138,r_115_74_7,seq0,r_73_1_138,0.85,0,138,138,86
56,seq142,r_140_49_39,seq121,r_140_49_39,0.74,-20,19,39,86
36,r_115_74_7,r_73_1_138,r_131_89_43,r_115_74_7,0.79,134,141,7,86
83,seq68,seq67,r_20_70_34,r_20_70_34,1.0,6,40,34,86
33,r_84_122_46,r_83_17_181,seq130,r_84_122_46,0.98,0,46,46,86
27,r_37_127_171,seq35,r_24_124_165,r_24_124_165,0.78,6,171,165,86
7,r_3_38_40,r_2_12_29,seq35,r_3_38_40,0.93,1,41,40,86
1,r_51_79_10,r_55_61_66,r_77_107_131,r_51_79_10,0.9,0,10,10,86
2,r_85_6_74,r_86_136_79,r_7_44_186,r_85_6_74,0.93,0,74,74,86
40,r_102_90_98,seq103,r_131_89_43,r_102_90_98,0.94,0,98,98,86
29,r_77_107_131,seq76,r_51_79_10,r_51_79_10,0.61,82,92,10,86
48,r_101_27_17,seq31,r_69_26_102,r_69_26_102,1.0,6,108,102,86
92,seq103,r_75_112_12,r_87_111_143,r_87_111_143,0.97,16,159,143,86
88,seq88,r_87_111_143,r_131_89_43,r_131_89_43,0.85,20,63,43,86
50,seq0,r_2_12_29,r_73_1_138,r_73_1_138,1.0,13,151,138,86
58,seq16,r_19_45_78,seq15,r_19_45_78,0.74,0,78,78,86
38,r_14_123_129,seq13,r_106_126_54,r_14_123_129,0.92,0,129,129,86
34,r_69_26_102,seq68,r_101_27_17,r_69_26_102,0.99,0,102,102,86
17,r_145_134_84,seq146,r_86_136_79,r_145_134_84,0.98,0,84,84,86
18,r_75_112_12,r_78_30_52,seq113,r_75_112_12,0.97,-1,11,12,86
25,r_140_49_39,seq42,r_66_48_136,r_66_48_136,0.92,9,145,136,86
31,r_7_44_186,r_85_6_74,r_83_17_181,r_83_17_181,1.0,6,187,181,86
37,r_147_144_63,r_143_22_137,seq146,r_147_144_63,0.48,74,137,63,86
28,r_129_82_148,seq130,seq80,r_129_82_148,0.53,0,148,148,86
49,r_117_32_168,seq116,r_78_30_52,r_117_32_168,0.65,0,168,168,86
44,r_135_120_142,seq137,seq121,r_135_120_142,0.73,2,144,142,86
23,r_71_23_57,r_69_26_102,seq25,r_71_23_57,0.73,0,57,57,86
84,seq76,r_77_107_131,r_51_79_10,r_77_107_131,0.53,-29,102,131,86
8,r_58_96_170,seq57,seq97,r_58_96_170,0.79,0,170,170,87
43,r_130_137_121,r_132_43_127,r_26_136_66,r_130_137_121,0.87,0,121,121,87
59,seq21,r_22_76_65,r_142_20_50,r_142_20_50,0.95,17,67,50,87
16,r_120_23_40,r_119_62_173,seq21,r_120_23_40,1.0,1,41,40,87
86,seq94,seq97,r_115_95_52,r_115_95_52,1.0,36,88,52,87
1,r_50_45_47,r_46_65_127,seq52,r_46_65_127,0.84,-56,71,127,87
25,r_126_34_16,seq128,seq37,r_126_34_16,1.0,0,16,16,87
42,r_81_110_149,r_85_129_159,r_71_108_1,r_81_110_149,0.78,1,150,149,87
30,r_138_70_36,r_3_68_68,r_2_55_93,r_2_55_93,0.48,61,154,93,87
69,seq48,seq53,r_11_49_99,r_11_49_99,1.0,18,117,99,87
45,r_26_136_66,r_25_77_104,seq135,r_26_136_66,1.0,0,66,66,87
52,seq5,r_6_73_39,seq7,r_6_73_39,1.0,0,39,39,87
30,r_138_70_36,seq75,r_3_68_68,r_3_68_68,0.87,3,71,68,87
31,r_101_1_66,seq102,r_2_55_93,r_101_1_66,0.7,0,66,66,87
41,r_10_127_173,r_124_8_1,seq128,r_10_127_173,0.84,1,174,173,87
30,r_138_70_36,r_132_43_127,seq75,r_138_70_36,1.0,0,36,36,87
28,r_6_73_39,seq5,seq74,r_6_73_39,1.0,0,39,39,87
21,r_119_62_173,seq123,r_134_84_180,r_134_84_180,0.36,-76,104,180,87
23,r_22_76_65,r_109_82_3,r_25_77_104,r_25_77_104,0.63,4,108,104,87
26,r_63_133_121,r_66_88_121,r_130_137_121,r_63_133_121,0.96,0,121,121,87
78,seq75,seq72,r_22_76_65,r_22_76_65,0.86,17,82,65,87
0,r_140_42_106,r_146_112_182,r_126_34_16,r_146_112_182,0.54,-76,106,182,87
73,seq57,r_58_96_170,r_38_60_166,r_58_96_170,0.62,0,170,170,87
20,r_79_69_106,r_85_129_159,r_3_68_68,r_3_68_68,0.49,38,106,68,87
13,r_85_129_159,seq80,seq144,r_85_129_159,0.67,0,159,159,87
46,r_147_99_32,seq102,r_18_98_90,r_18_98_90,1.0,11,101,90,87
6,r_89_100_175,seq87,r_18_98_90,r_18_98_90,0.82,85,175,90,87
3,r_142_20_50,seq148,seq21,r_142_20_50,1.0,0,50,50,87
37,r_115_95_52,seq114,seq94,r_115_95_52,1.0,0,52,52,87
21,r_119_62_173,r_120_23_40,seq123,r_120_23_40,0.99,0,40,40,87
88,seq102,r_147_99_32,r_18_98_90,r_18_98_90,1.0,24,114,90,87
2,r_47_39_68,seq48,seq41,r_47_39_68,0.82,17,85,68,87
40,r_116_15_86,seq117,seq12,r_116_15_86,1.0,0,86,86,87
74,seq61,r_58_96_170,seq67,r_58_96_170,0.93,-102,68,170,87
24,r_113_59_96,seq111,r_35_56_58,r_113_59_96,1.0,0,96,96,87
33,r_25_77_104,r_26_136_66,seq48,r_26_136_66,0.97,0,66,66,87
46,r_147_99_32,r_140_42_106,seq102,r_147_99_32,1.0,0,32,32,87
7,r_91_9_23,r_89_100_175,r_124_8_1,r_91_9_23,1.0,0,23,23,87
14,r_124_8_1,r_11_49_99,r_91_9_23,r_91_9_23,0.94,0,23,23,87
31,r_101_1_66,r_2_55_93,seq7,r_2_55_93,0.95,0,93,93,87
68,seq135,r_134_84_180,r_130_137_121,r_134_84_180,0.55,0,180,180,87
32,r_18_98_90,seq17,r_147_99_32,r_18_98_90,1.0,2,92,90,87
38,r_36_19_72,r_35_56_58,seq21,r_36_19_72,0.87,0,72,72,87
77,seq74,seq72,r_6_73_39,r_6_73_39,1.0,27,66,39,87
34,r_2_55_93,seq7,r_101_1_66,r_101_1_66,0.97,2,68,66,87
75,seq67,r_66_88_121,r_3_68_68,r_3_68_68,1.0,39,107,68,87
21,r_119_62_173,r_134_84_180,r_79_69_106,r_79_69_106,0.61,67,173,106,87
36,r_139_32_37,r_132_43_127,seq33,r_139_32_37,0.67,0,37,37,87
17,r_66_88_121,seq67,seq87,r_66_88_121,0.79,0,121,121,87
94,seq111,r_113_59_96,r_71_108_1,r_113_59_96,1.0,-26,70,96,87
9,r_122_103_151,r_141_121_15,r_71_108_1,r_141_121_15,0.54,137,152,15,87
19,r_4_83_39,r_3_68_68,r_109_82_3,r_109_82_3,0.96,36,39,3,87
22,r_38_60_166,seq37,r_113_59_96,r_113_59_96,1.0,70,166,96,87
34,r_2_55_93,r_101_1_66,r_35_56_58,r_2_55_93,0.99,0,93,93,87
96,seq117,r_116_15_86,seq114,r_116_15_86,1.0,-31,55,86,87
49,r_13_24_84,seq12,r_120_23_40,r_13_24_84,0.78,0,84,84,87
44,r_141_121_15,r_122_103_151,seq131,r_122_103_151,0.91,1,152,151,87
23,r_22_76_65,seq21,r_109_82_3,r_109_82_3,0.58,63,66,3,87
33,r_25_77_104,seq48,r_22_76_65,r_25_77_104,0.84,0,104,104,87
35,r_35_56_58,seq41,seq57,r_35_56_58,0.98,22,80,58,87
39,r_46_65_127,r_50_45_47,r_3_68_68,r_46_65_127,0.75,0,127,127,87
12,r_11_49_99,r_124_8_1,seq48,r_11_49_99,0.99,0,99,99,87
30,r_43_25_113,seq44,r_5_21_3,r_43_25_113,0.92,0,113,113,88
44,r_88_132_58,r_133_61_196,r_54_129_165,r_88_132_58,0.4,117,175,58,88
92,seq114,r_117_135_179,r_138_113_171,r_138_113_171,0.66,3,174,171,88
44,r_88_132_58,seq90,r_133_61_196,r_88_132_58,0.99,1,59,58,88
8,r_119_93_130,seq120,seq90,r_119_93_130,0.76,3,133,130,88
43,r_143_48_118,r_142_29_118,seq51,r_143_48_118,1.0,0,118,118,88
83,seq79,r_84_83_6,r_32_78_148,r_32_78_148,1.0,8,156,148,88
3,r_115_36_31,r_33_39_141,r_23_37_129,r_23_37_129,0.89,2,131,129,88
71,seq51,r_49_144_166,r_143_48_118,r_143_48_118,0.95,14,132,118,88
16,r_70_53_88,seq71,seq52,r_70_53_88,0.73,3,91,88,88
21,r_73_87_103,seq71,r_34_105_27,r_73_87_103,0.6,0,103,103,88
39,r_18_98_117,seq19,r_94_99_65,r_18_98_117,0.99,0,117,117,88
5,r_40_124_110,r_33_39_141,seq126,r_40_124_110,0.98,0,110,110,88
46,r_142_29_118,r_143_48_118,r_5_21_3,r_142_29_118,1.0,0,118,118,88
42,r_49_144_166,seq51,r_50_141_125,r_50_141_125,0.62,42,167,125,88
13,r_7_1_86,r_6_101_48,seq2,r_6_101_48,1.0,0,48,48,88
41,r_22_67_25,r_20_38_181,seq66,r_22_67_25,1.0,0,25,25,88
19,r_16_140_104,r_18_98_117,seq139,r_16_140_104,0.6,0,104,104,88
49,r_57_131_27,r_56_82_127,seq130,r_57_131_27,0.95,0,27,27,88
31,r_62_76_17,r_84_83_6,r_102_75_44,r_102_75_44,1.0,56,100,44,88
66,seq31,r_115_36_31,r_10_30_162,r_115_36_31,0.56,145,176,31,88
10,r_32_78_148,seq31,seq79,r_32_78_148,0.83,0,148,148,88
4,r_134_85_160,r_133_61_196,r_56_82_127,r_56_82_127,0.83,33,160,127,88
0,r_56_82_127,r_59_35_170,r_84_83_6,r_59_35_170,0.83,-43,127,170,88
11,r_14_81_159,seq15,r_56_82_127,r_14_81_159,0.9,0,159,159,88
15,r_133_61_196,r_134_85_160,r_88_132_58,r_88_132_58,1.0,92,150,58,88
48,r_63_106_75,seq66,seq107,r_63_106_75,0.98,0,75,75,88
5,r_40_124_110,seq126,r_68_123_149,r_68_123_149,0.92,32,181,149,88
49,r_57_131_27,seq130,r_88_132_58,r_88_132_58,1.0,17,75,58,88
36,r_6_101_48,r_103_17_171,r_116_100_138,r_6_101_48,0.77,113,161,48,88
45,r_80_45_48,r_84_83_6,seq44,r_80_45_48,0.82,0,48,48,88
87,seq97,r_103_17_171,r_94_99_65,r_94_99_65,0.98,-3,62,65,88
2,r_59_35_170,seq58,r_115_36_31,r_59_35_170,0.58,0,170,170,88
40,r_20_38_181,r_5_21_3,r_33_39_141,r_33_39_141,0.68,38,179,141,88
74,seq58,r_59_35_170,seq46,r_59_35_170,0.92,-1,169,170,88
18,r_68_123_149,seq69,r_40_124_110,r_40_124_110,0.82,39,149,110,88
29,r_104_77_154,r_103_17_171,r_56_82_127,r_104_77_154,0.87,1,155,154,88
24,r_13_96_192,seq12,r_119_93_130,r_13_96_192,0.44,0,192,192,88
34,r_11_55_95,r_54_129_165,seq58,r_54_129_165,0.95,-1,164,165,88
35,r_54_129_165,r_11_55_95,seq130,r_54_129_165,0.6,0,165,165,88
25,r_116_100_138,r_117_135_179,r_6_101_48,r_6_101_48,0.97,90,138,48,88
15,r_133_61_196,r_88_132_58,r_56_82_127,r_88_132_58,0.91,138,196,58,88
68,seq44,r_43_25_113,r_80_45_48,r_43_25_113,0.59,0,113,113,88
61,seq19,r_18_98_117,seq12,r_18_98_117,1.0,0,117,117,88
38,r_94_99_65,r_95_28_203,seq97,r_94_99_65,1.0,0,65,65,88
75,seq60,r_73_87_103,seq47,r_73_87_103,0.54,-45,58,103,88
37,r_34_105_27,r_33_39_141,seq107,r_34_105_27,1.0,0,27,27,88
12,r_102_75_44,r_103_17_171,r_62_76_17,r_102_75_44,1.0,0,44,44,88
34,r_11_55_95,r_18_98_117,r_54_129_165,r_11_55_95,0.81,0,95,95,88
3,r_115_36_31,r_117_135_179,r_33_39_141,r_115_36_31,1.0,0,31,31,88
21,r_73_87_103,r_34_105_27,r_57_131_27,r_73_87_103,0.58,54,157,103,88
9,r_138_113_171,seq139,r_112_109_16,r_138_113_171,0.4,0,171,171,88
22,r_117_135_179,seq114,seq148,r_117_135_179,0.51,0,179,179,88
28,r_128_91_188,seq130,r_119_93_130,r_119_93_130,0.88,58,188,130,88
7,r_23_37_129,r_125_24_1,r_115_36_31,r_115_36_31,0.99,98,129,31,88
27,r_33_39_141,r_32_78_148,r_115_36_31,r_115_36_31,0.69,6,37,31,88
35,r_54_129_165,r_50_141_125,r_11_55_95,r_11_55_95,0.93,9,104,95,88
36,r_6_101_48,r_7_1_86,r_103_17_171,r_6_101_48,1.0,0,48,48,88
40,r_122_67_175,r_139_138_143,r_15_69_48,r_15_69_48,0.91,127,175,48,89
30,r_16_128_122,seq12,r_10_95_144,r_10_95_144,0.39,-56,88,144,89
36,r_2_74_176,seq0,r_52_73_67,r_52_73_67,0.63,109,176,67,89
9,r_142_59_171,r_65_140_80,r_15_69_48,r_15_69_48,0.7,123,171,48,89
46,r_4_64_77,r_63_50_121,r_40_62_123,r_40_62_123,0.59,0,123,123,89
30,r_16_128_122,r_10_95_144,r_137_126_32,r_16_128_122,0.99,0,122,122,89
14,r_52_73_67,seq53,r_60_71_30,r_52_73_67,0.93,0,67,67,89
43,r_49_96_162,seq53,r_10_95_144,r_10_95_144,0.97,18,162,144,89
8,r_137_126_32,r_139_138_143,r_87_123_22,r_87_123_22,0.83,9,31,22,89
81,seq77,seq75,r_19_76_28,r_19_76_28,1.0,1,29,28,89
3,r_15_69_48,r_16_128_122,seq70,r_15_69_48,1.0,0,48,48,89
37,r_65_140_80,r_63_50_121,r_142_59_171,r_65_140_80,0.98,0,80,80,89
16,r_54_112_68,r_55_84_124,r_98_113_65,r_54_112_68,1.0,0,68,68,89
21,r_1_48_169,seq0,seq46,r_1_48_169,0.47,0,169,169,89
39,r_28_42_71,r_27_14_92,seq35,r_27_14_92,0.9,-21,71,92,89
5,r_10_95_144,r_7_13_184,r_8_88_28,r_8_88_28,0.87,118,146,28,89
46,r_4_64_77,r_5_36_185,r_63_50_121,r_4_64_77,0.99,0,77,77,89
42,r_18_105_70,r_21_33_169,seq104,r_18_105_70,0.99,0,70,70,89
69,seq44,r_45_144_171,r_9_39_14,r_45_144_171,0.48,0,171,171,89
19,r_143_61_85,r_146_133_161,seq66,r_143_61_85,0.99,0,85,85,89
48,r_9_39_14,r_10_95_144,seq37,r_9_39_14,1.0,0,14,14,89
33,r_89_134_69,r_8_88_28,r_101_29_145,r_89_134_69,1.0,0,69,69,89
31,r_111_91_73,r_109_108_92,r_130_90_70,r_109_108_92,0.75,-19,73,92,89
20,r_87_123_22,r_85_129_164,seq124,r_87_123_22,0.95,0,22,22,89
10,r_120_30_130,r_119_110_48,seq32,r_120_30_130,0.84,0,130,130,89
29,r_19_76_28,r_18_105_70,seq77,r_19_76_28,1.0,0,28,28,89
4,r_55_84_124,seq56,seq83,r_55_84_124,0.88,0,124,124,89
5,r_10_95_144,r_8_88_28,r_127_80_86,r_10_95_144,0.56,21,165,144,89
34,r_60_71_30,r_63_50_121,seq75,r_60_71_30,0.96,0,30,30,89
13,r_85_129_164,seq83,r_146_133_161,r_85_129_164,0.62,0,164,164,89
17,r_21_33_169,seq24,r_120_30_130,r_21_33_169,0.89,0,169,169,89
15,r_103_148_84,seq102,seq147,r_103_148_84,0.87,-2,82,84,89
6,r_40_62_123,r_41_72_122,r_4_64_77,r_4_64_77,0.61,46,123,77,89
28,r_20_116_38,r_21_33_169,seq115,r_20_116_38,1.0,0,38,38,89
33,r_89_134_69,r_101_29_145,r_139_138_143,r_101_29_145,0.93,-19,126,145,89
79,seq70,r_63_50_121,r_15_69_48,r_15_69_48,1.0,0,48,48,89
2,r_25_6_105,seq24,r_7_13_184,r_25_6_105,0.96,0,105,105,89
47,r_146_133_161,seq147,seq132,r_146_133_161,0.38,1,162,161,89
40,r_122_67_175,seq132,r_139_138_143,r_122_67_175,0.49,-83,92,175,89
18,r_31_92_171,seq32,seq94,r_31_92_171,0.3,0,171,171,89
24,r_135_82_90,r_139_138_143,r_127_80_86,r_139_138_143,0.64,-53,90,143,89
25,r_63_50_121,seq66,seq51,r_63_50_121,0.48,2,123,121,89
34,r_60_71_30,seq75,r_52_73_67,r_52_73_67,1.0,0,67,67,89
61,seq24,r_25_6_105,seq22,r_25_6_105,0.98,11,116,105,89
32,r_127_80_86,seq124,seq79,r_127_80_86,1.0,-1,85,86,89
22,r_8_88_28,r_10_95_144,r_89_134_69,r_8_88_28,0.99,0,28,28,89
9,r_142_59_171,r_143_61_85,r_65_140_80,r_142_59_171,0.99,-90,81,171,89
33,r_89_134_69,r_93_68_133,r_8_88_28,r_8_88_28,1.0,0,28,28,89
37,r_65_140_80,r_142_59_171,seq97,r_142_59_171,0.52,0,171,171,89
44,r_98_113_65,seq99,seq114,r_98_113_65,0.99,-3,62,65,89
23,r_7_13_184,r_10_95_144,r_25_6_105,r_7_13_184,0.92,-40,144,184,89
35,r_27_14_92,seq26,r_7_13_184,r_27_14_92,1.0,0,92,92,89
12,r_93_68_133,seq94,r_15_69_48,r_93_68_133,0.95,0,133,133,89
22,r_8_88_28,r_89_134_69,r_130_90_70,r_8_88_28,0.94,43,71,28,89
84,seq83,r_78_17_186,r_55_84_124,r_55_84_124,0.96,5,129,124,89
30,r_136_9_91,r_147_139_143,seq11,r_136_9_91,0.92,0,91,91,90
36,r_37_73_92,seq34,seq72,r_37_73_92,0.98,0,92,92,90
2,r_67_28_15,r_68_38_154,seq29,r_67_28_15,0.7,0,15,15,90
38,r_44_130_93,r_42_6_68,r_40_124_164,r_42_6_68,0.72,-15,53,68,90
14,r_119_49_123,r_120_35_78,r_129_117_67,r_120_35_78,1.0,-1,77,78,90
14,r_119_49_123,r_129_117_67,seq50,r_119_49_123,1.0,0,123,123,90
37,r_41_58_70,r_40_124_164,r_70_59_1,r_41_58_70,1.0,0,70,70,90
16,r_99_149_194,r_102_2_119,r_118_96_65,r_99_149_194,0.78,-118,76,194,90
39,r_40_124_164,seq39,seq123,r_40_124_164,0.53,0,164,164,90
42,r_120_35_78,r_119_49_123,seq34,r_120_35_78,0.89,0,78,78,90
7,r_121_56_55,seq123,seq57,r_121_56_55,1.0,0,55,55,90
73,seq57,seq60,r_121_56_55,r_121_56_55,1.0,4,59,55,90
19,r_32_74_83,seq34,seq76,r_32_74_83,0.89,0,83,83,90
31,r_97_0_44,r_102_2_119,seq1,r_97_0_44,1.0,0,44,44,90
41,r_42_6_68,r_44_130_93,r_7_63_155,r_42_6_68,0.67,-4,64,68,90
3,r_4_36_122,seq8,r_120_35_78,r_120_35_78,1.0,46,124,78,90
10,r_71_21_142,seq72,seq22,r_71_21_142,0.61,0,142,142,90
90,seq101,seq100,r_146_103_127,r_146_103_127,1.0,10,137,127,90
26,r_118_96_65,r_119_49_123,seq95,r_118_96_65,1.0,0,65,65,90
16,r_99_149_194,r_118_96_65,seq148,r_99_149_194,0.38,0,194,194,90
4,r_46_98_92,seq50,r_118_96_65,r_46_98_92,0.98,0,92,92,90
0,r_92_137_99,seq86,seq143,r_92_137_99,0.96,0,99,99,90
11,r_138_5_121,r_147_139_143,r_102_2_119,r_138_5_121,0.89,0,121,121,90
20,r_48_79_66,r_46_98_92,r_140_81_61,r_140_81_61,0.92,5,66,61,90
15,r_75_111_53,r_77_47_194,r_26_110_15,r_75_111_53,0.99,2,55,53,90
48,r_7_63_155,seq8,r_42_6_68,r_42_6_68,0.98,28,96,68,90
6,r_17_33_102,seq16,seq34,r_17_33_102,0.99,0,102,102,90
95,seq148,r_146_103_127,r_66_135_35,r_146_103_127,0.95,-14,113,127,90
8,r_66_135_35,r_68_38_154,seq143,r_66_135_35,0.99,0,35,35,90
32,r_26_110_15,r_25_52_55,seq112,r_26_110_15,0.99,0,15,15,90
27,r_70_59_1,seq60,r_41_58_70,r_41_58_70,1.0,48,118,70,90
67,seq34,r_120_35_78,r_17_33_102,r_17_33_102,1.0,3,105,102,90
41,r_42_6_68,r_7_63_155,seq8,r_7_63_155,1.0,0,155,155,90
47,r_68_38_154,seq69,r_4_36_122,r_68_38_154,0.58,0,154,154,90
40,r_146_103_127,r_147_139_143,seq101,r_146_103_127,0.97,0,127,127,90
74,seq60,r_62_31_192,r_70_59_1,r_62_31_192,0.68,0,192,192,90
18,r_78_88_83,r_77_47_194,r_131_84_23,r_78_88_83,0.91,3,86,83,90
33,r_116_89_178,seq114,r_131_84_23,r_116_89_178,0.42,1,179,178,90
88,seq95,seq93,r_118_96_65,r_118_96_65,1.0,0,65,65,90
13,r_131_84_23,r_147_139_143,seq82,r_131_84_23,0.95,-3,20,23,90
52,seq8,r_7_63_155,seq11,r_7_63_155,0.73,-59,96,155,90
28,r_128_3_167,r_129_117_67,seq127,r_129_117_67,0.54,-8,59,67,90
38,r_44_130_93,r_40_124_164,seq127,r_44_130_93,0.57,0,93,93,90
34,r_107_64_119,seq104,seq65,r_107_64_119,0.99,0,119,119,90
75,seq65,r_68_38_154,r_107_64_119,r_107_64_119,0.72,5,124,119,90
94,seq114,r_115_43_135,r_129_117_67,r_115_43_135,0.81,-13,122,135,90
25,r_10_53_27,r_17_33_102,seq54,r_10_53_27,0.46,8,35,27,90
9,r_140_81_61,r_147_139_143,r_48_79_66,r_140_81_61,0.98,4,65,61,90
43,r_25_52_55,seq24,seq51,r_25_52_55,0.94,1,56,55,90
51,seq132,r_147_139_143,r_90_133_39,r_90_133_39,1.0,0,39,39,90
22,r_115_43_135,seq114,seq51,r_115_43_135,0.74,0,135,135,90
49,r_102_2_119,seq101,r_138_5_121,r_102_2_119,0.96,1,120,119,90
23,r_109_145_95,seq112,r_147_139_143,r_109_145_95,0.93,0,95,95,90
48,r_7_63_155,r_42_6_68,r_107_64_119,r_7_63_155,1.0,0,155,155,90
35,r_61_91_148,r_62_31_192,seq87,r_61_91_148,0.72,0,148,148,90
29,r_45_122_24,r_44_130_93,seq123,r_45_122_24,0.7,1,25,24,90
30,r_20_132_169,r_21_7_121,r_75_22_86,r_20_132_169,0.52,-48,121,169,91
18,r_60_12_15,seq62,seq13,r_60_12_15,0.93,0,15,15,91
36,r_71_30_69,r_72_58_129,seq33,r_71_30_69,1.0,0,69,69,91
92,seq106,r_108_116_151,r_137_102_112,r_137_102_112,1.0,40,152,112,91
8,r_126_80_95,seq130,r_79_19_171,r_126_80_95,0.99,0,95,95,91
6,r_133_4_112,r_123_127_63,seq148,r_123_127_63,0.64,-45,18,63,91
54,seq140,r_135_17_170,r_100_142_110,r_100_142_110,0.97,60,170,110,91
49,r_31_37_38,r_32_96_69,r_36_57_185,r_31_37_38,0.99,0,38,38,91
59,seq18,r_20_132_169,r_75_22_86,r_75_22_86,0.55,14,100,86,91
16,r_32_96_69,seq33,seq97,r_32_96_69,1.0,0,69,69,91
21,r_107_139_98,r_108_116_151,seq144,r_107_139_98,0.93,1,99,98,91
39,r_136_88_134,r_135_17_170,seq87,r_136_88_134,0.52,0,134,134,91
1,r_137_102_112,r_135_17_170,seq97,r_137_102_112,0.94,0,112,112,91
46,r_123_127_63,seq124,seq130,r_123_127_63,0.66,71,134,63,91
42,r_75_22_86,r_72_58_129,seq23,r_75_22_86,0.99,0,86,86,91
45,r_38_43_95,r_36_57_185,r_53_47_24,r_38_43_95,0.74,1,96,95,91
12,r_25_45_22,seq14,r_53_47_24,r_25_45_22,0.89,1,23,22,91
15,r_6_103_117,seq2,r_69_8_24,r_69_8_24,1.0,17,41,24,91
15,r_6_103_117,r_69_8_24,r_137_102_112,r_6_103_117,1.0,0,117,117,91
11,r_121_48_14,seq119,r_53_47_24,r_121_48_14,0.98,1,15,14,91
41,r_94_131_104,seq89,seq130,r_94_131_104,1.0,0,104,104,91
31,r_129_114_20,r_128_134_39,r_113_34_166,r_129_114_20,0.9,1,21,20,91
3,r_90_120_60,r_93_1_63,seq119,r_90_120_60,1.0,0,60,60,91
10,r_79_19_171,r_83_138_187,r_126_80_95,r_126_80_95,1.0,10,105,95,91
26,r_42_117_161,r_46_91_87,r_38_43_95,r_42_117_161,0.71,-71,90,161,91
8,r_126_80_95,r_79_19_171,r_40_82_163,r_126_80_95,0.89,76,171,95,91
37,r_146_74_19,r_135_17_170,seq70,r_146_74_19,0.98,0,19,19,91
47,r_98_68_18,r_93_1_63,seq70,r_98_68_18,0.78,-3,15,18,91
0,r_135_17_170,seq140,seq14,r_135_17_170,0.77,0,170,170,91
20,r_9_44_143,seq10,r_53_47_24,r_9_44_143,0.8,0,143,143,91
13,r_83_138_187,r_79_19_171,r_40_82_163,r_40_82_163,0.36,7,170,163,91
98,seq124,r_123_127_63,seq130,r_123_127_63,0.7,27,90,63,91
85,seq87,r_94_131_104,r_118_85_5,r_94_131_104,0.56,-34,70,104,91
10,r_79_19_171,r_126_80_95,r_75_22_86,r_79_19_171,0.91,0,171,171,91
27,r_54_66_60,r_46_91_87,seq67,r_54_66_60,0.84,0,60,60,91
87,seq130,seq125,r_94_131_104,r_94_131_104,1.0,6,110,104,91
4,r_128_134_39,r_126_80_95,r_147_143_15,r_128_134_39,1.0,0,39,39,91
30,r_20_132_169,r_75_22_86,r_94_131_104,r_20_132_169,1.0,0,169,169,91
35,r_69_8_24,r_72_58_129,seq13,r_69_8_24,0.89,0,24,24,91
2,r_93_1_63,r_94_131_104,r_92_0_49,r_94_131_104,1.0,-41,63,104,91
5,r_53_47_24,r_49_59_194,r_121_48_14,r_121_48_14,0.49,22,36,14,91
29,r_24_64_13,r_20_132_169,seq65,r_24_64_13,0.67,4,17,13,91
33,r_72_58_129,seq70,seq61,r_72_58_129,0.71,0,129,129,91
85,seq87,r_118_85_5,r_136_88_134,r_136_88_134,1.0,2,136,134,91
70,seq39,r_40_82_163,r_31_37_38,r_31_37_38,0.74,125,163,38,91
32,r_115_77_113,r_113_34_166,seq78,r_115_77_113,0.94,0,113,113,91
22,r_40_82_163,r_83_138_187,r_53_47_24,r_40_82_163,0.55,24,187,163,91
34,r_21_7_121,r_20_132_169,r_69_8_24,r_21_7_121,0.87,0,121,121,91
75,seq61,seq62,r_72_58_129,r_72_58_129,0.76,17,146,129,91
25,r_113_34_166,r_129_114_20,r_71_30_69,r_129_114_20,0.78,146,166,20,91
9,r_111_63_72,seq110,seq61,r_111_63_72,0.65,21,93,72,91
26,r_42_117_161,r_38_43_95,seq122,r_42_117_161,0.99,0,161,161,91
96,seq119,seq122,r_90_120_60,r_90_120_60,1.0,5,65,60,91
19,r_36_57_185,r_38_43_95,r_31_37_38,r_31_37_38,0.59,1,39,38,91
31,r_129_114_20,r_113_34_166,r_137_102_112,r_137_102_112,1.0,56,168,112,91
22,r_40_82_163,seq39,r_83_138_187,r_40_82_163,0.49,0,163,163,91
28,r_100_142_110,seq99,seq140,r_100_142_110,0.99,0,110,110,91
91,seq105,seq89,r_11_104_124,r_11_104_124,0.99,17,141,124,91
13,r_83_138_187,r_40_82_163,r_107_139_98,r_83_138_187,0.69,0,187,187,91
7,r_46_91_87,r_53_47_24,seq97,r_46_91_87,0.74,0,87,87,91
23,r_11_104_124,seq13,seq105,r_11_104_124,0.92,1,125,124,91
25,r_113_34_166,r_115_77_113,r_129_114_20,r_129_114_20,0.99,-1,19,20,91
63,seq131,r_126_83_169,seq128,r_126_83_169,0.59,-12,157,169,92
30,r_9_92_84,r_11_54_113,r_90_79_194,r_9_92_84,1.0,0,84,84,92
38,r_120_124_50,r_126_83_169,r_71_125_78,r_71_125_78,0.92,8,86,78,92
36,r_85_59_77,r_87_111_111,seq61,r_85_59_77,1.0,1,78,77,92
14,r_7_52_64,r_9_92_84,seq53,r_7_52_64,0.94,2,66,64,92
8,r_126_83_169,r_120_124_50,r_15_84_80,r_126_83_169,0.37,0,169,169,92
53,seq3,r_4_32_153,seq5,r_4_32_153,0.68,0,153,153,92
71,seq39,r_42_73_135,r_67_40_80,r_67_40_80,0.62,6,86,80,92
21,r_115_149_106,seq119,seq148,r_115_149_106,0.91,1,107,106,92
39,r_41_49_14,r_42_73_135,r_109_51_17,r_109_51_17,0.56,1,18,17,92
5,r_4_32_153,seq3,r_47_30_30,r_4_32_153,0.65,0,153,153,92
46,r_48_28_104,seq46,r_26_10_198,r_48_28_104,0.95,0,104,104,92
42,r_42_73_135,seq39,seq74,r_42_73_135,0.83,0,135,135,92
15,r_118_55_48,r_120_124_50,seq53,r_118_55_48,1.0,0,48,48,92
13,r_143_76_56,r_147_99_69,seq75,r_143_76_56,1.0,0,56,56,92
45,r_62_117_86,seq45,seq121,r_62_117_86,1.0,0,86,86,92
19,r_87_111_111,r_78_95_120,r_56_110_53,r_87_111_111,0.59,0,111,111,92
15,r_118_55_48,seq53,r_11_54_113,r_11_54_113,1.0,6,119,113,92
34,r_70_50_101,r_66_63_117,r_109_51_17,r_109_51_17,0.74,84,101,17,92
95,seq112,r_115_149_106,r_91_114_77,r_91_114_77,0.9,2,79,77,92
17,r_35_137_39,r_33_132_178,seq139,r_35_137_39,1.0,0,39,39,92
76,seq53,seq45,r_7_52_64,r_7_52_64,0.98,20,84,64,92
31,r_14_116_69,r_9_92_84,seq121,r_14_116_69,1.0,0,69,69,92
41,r_43_12_152,seq45,seq8,r_43_12_152,0.79,0,152,152,92
89,seq96,seq101,r_78_95_120,r_78_95_120,0.91,1,121,120,92
18,r_47_30_30,r_48_28_104,seq34,r_47_30_30,0.97,3,33,30,92
10,r_71_125_78,r_70_50_101,r_120_124_50,r_71_125_78,1.0,0,78,78,92
26,r_82_142_188,seq80,r_115_149_106,r_82_142_188,0.24,0,188,188,92
16,r_138_122_53,seq121,r_71_125_78,r_71_125_78,0.84,82,160,78,92
63,seq131,r_130_19_111,r_126_83_169,r_130_19_111,0.98,0,111,111,92
11,r_135_16_74,seq136,seq20,r_135_16_74,1.0,0,74,74,92
98,seq123,r_103_113_3,r_120_124_50,r_103_113_3,0.72,72,75,3,92
38,r_120_124_50,seq119,r_126_83_169,r_120_124_50,0.71,2,52,50,92
48,r_15_84_80,seq20,seq80,r_15_84_80,1.0,0,80,80,92
6,r_67_40_80,r_66_63_117,seq39,r_67_40_80,0.99,1,81,80,92
85,seq80,r_82_142_188,r_89_81_182,r_82_142_188,0.52,0,188,188,92
2,r_109_51_17,seq107,r_41_49_14,r_109_51_17,1.0,0,17,17,92
27,r_18_104_107,seq20,seq105,r_18_104_107,1.0,0,107,107,92
92,seq105,seq101,r_141_106_13,r_141_106_13,1.0,0,13,13,92
20,r_141_106_13,r_143_76_56,seq105,r_141_106_13,0.88,0,13,13,92
47,r_64_21_83,seq45,seq20,r_64_21_83,1.0,0,83,83,92
3,r_56_110_53,seq44,seq108,r_56_110_53,1.0,0,53,53,92
40,r_31_68_61,r_33_132_178,seq65,r_31_68_61,1.0,0,61,61,92
29,r_133_69_161,seq134,r_102_72_139,r_133_69_161,0.87,0,161,161,92
24,r_145_58_93,seq144,seq57,r_145_58_93,1.0,0,93,93,92
25,r_103_113_3,seq112,r_91_114_77,r_91_114_77,1.0,0,77,77,92
65,seq22,seq20,r_97_23_93,r_97_23_93,1.0,9,102,93,92
32,r_102_72_139,seq101,r_31_68_61,r_102_72_139,0.97,0,139,139,92
77,seq57,seq61,r_145_58_93,r_145_58_93,1.0,13,106,93,92
28,r_86_100_22,r_87_111_111,seq98,r_86_100_22,1.0,0,22,22,92
34,r_70_50_101,r_71_125_78,r_66_63_117,r_71_125_78,0.95,0,78,78,92
94,seq108,seq107,r_56_110_53,r_56_110_53,1.0,30,83,53,92
9,r_147_99_69,seq148,r_86_100_22,r_147_99_69,1.0,2,71,69,92
16,r_138_122_53,seq139,seq121,r_138_122_53,0.71,0,53,53,92
22,r_26_10_198,r_25_94_194,r_17_27_26,r_25_94_194,0.41,-17,177,194,92
49,r_33_132_178,seq34,seq134,r_33_132_178,0.73,0,178,178,92
7,r_97_23_93,seq98,seq22,r_97_23_93,1.0,0,93,93,92
44,r_11_54_113,seq13,r_118_55_48,r_11_54_113,0.5,1,114,113,92
23,r_130_19_111,seq131,r_64_21_83,r_130_19_111,0.99,0,111,111,92
82,seq74,seq75,r_42_73_135,r_42_73_135,0.94,3,138,135,92
35,r_78_95_120,r_82_142_188,seq96,r_78_95_120,0.91,0,120,120,92
12,r_91_114_77,r_90_79_194,r_103_113_3,r_91_114_77,1.0,0,77,77,92
45,r_73_48_180,r_99_75_142,r_74_47_42,r_73_48_180,0.7,0,180,180,93
30,r_29_96_175,seq28,r_61_92_18,r_61_92_18,0.91,157,175,18,93
36,r_12_121_159,seq13,r_70_120_112,r_70_120_112,0.15,47,159,112,93
5,r_45_36_147,seq115,seq64,r_45_36_147,0.53,-102,45,147,93
8,r_149_98_122,seq147,r_101_83_186,r_149_98_122,0.52,0,122,122,93
12,r_112_80_14,r_123_113_35,r_78_77_113,r_112_80_14,0.67,0,14,14,93
43,r_33_43_143,seq34,r_135_44_148,r_135_44_148,1.0,2,150,148,93
3,r_108_87_21,r_88_41_107,r_27_89_94,r_108_87_21,1.0,88,109,21,93
26,r_124_90_34,r_123_113_35,r_91_25_96,r_124_90_34,0.78,0,34,34,93
16,r_61_92_18,r_70_120_112,seq93,r_61_92_18,0.92,1,19,18,93
21,r_127_16_115,seq126,seq14,r_127_16_115,0.89,0,115,115,93
39,r_72_60_166,r_73_48_180,seq57,r_72_60_166,0.56,1,167,166,93
46,r_88_41_107,seq85,r_108_87_21,r_88_41_107,0.64,-19,88,107,93
1,r_19_31_38,seq17,r_86_30_13,r_19_31_38,1.0,1,39,38,93
69,seq42,seq38,r_88_41_107,r_88_41_107,1.0,22,129,107,93
45,r_73_48_180,r_72_60_166,r_99_75_142,r_73_48_180,0.19,-11,169,180,93
5,r_45_36_147,seq64,r_67_71_4,r_45_36_147,0.77,-52,95,147,93
38,r_15_4_47,seq14,seq5,r_15_4_47,0.57,0,47,47,93
66,seq34,r_33_43_143,r_45_36_147,r_45_36_147,0.97,9,156,147,93
26,r_124_90_34,r_91_25_96,seq97,r_91_25_96,1.0,-3,93,96,93
31,r_135_44_148,seq137,r_33_43_143,r_135_44_148,0.99,0,148,148,93
41,r_11_144_111,seq13,seq143,r_11_144_111,1.0,1,112,111,93
89,seq107,r_106_136_174,seq104,r_106_136_174,1.0,-54,120,174,93
3,r_108_87_21,seq110,r_88_41_107,r_108_87_21,0.53,2,23,21,93
10,r_37_79_125,seq38,r_78_77_113,r_37_79_125,0.99,0,125,125,93
20,r_128_26_25,r_127_16_115,seq23,r_128_26_25,1.0,0,25,25,93
8,r_149_98_122,r_101_83_186,r_132_100_148,r_132_100_148,0.59,2,150,148,93
4,r_51_139_157,seq49,r_1_140_36,r_1_140_36,0.8,121,157,36,93
11,r_2_131_172,seq3,r_62_145_90,r_62_145_90,0.62,83,173,90,93
23,r_130_76_198,r_138_84_206,r_99_75_142,r_130_76_198,0.76,0,198,198,93
57,seq14,seq17,r_127_16_115,r_127_16_115,1.0,17,132,115,93
6,r_132_100_148,r_130_76_198,r_149_98_122,r_130_76_198,0.92,-50,148,198,93
74,seq53,seq57,r_6_54_147,r_6_54_147,1.0,4,151,147,93
99,seq126,r_127_16_115,seq137,r_127_16_115,0.98,0,115,115,93
27,r_94_125_88,seq93,seq143,r_94_125_88,0.89,0,88,88,93
29,r_1_140_36,r_2_131_172,seq143,r_1_140_36,0.91,0,36,36,93
2,r_35_7_126,seq34,r_15_4_47,r_35_7_126,0.95,0,126,126,93
46,r_88_41_107,r_108_87_21,seq42,r_88_41_107,0.9,3,110,107,93
74,seq53,r_55_10_61,seq57,r_55_10_61,1.0,0,61,61,93
24,r_62_145_90,seq63,seq143,r_62_145_90,0.97,0,90,90,93
25,r_109_24_62,seq110,seq23,r_109_24_62,0.98,0,62,62,93
33,r_55_10_61,seq53,seq9,r_55_10_61,1.0,0,61,61,93
58,seq143,r_142_129_71,r_11_144_111,r_11_144_111,1.0,22,133,111,93
32,r_103_81_165,r_101_83_186,r_112_80_14,r_103_81_165,0.27,0,165,165,93
52,seq5,r_6_54_147,r_15_4_47,r_6_54_147,0.59,-82,65,147,93
44,r_74_47_42,r_72_60_166,seq49,r_74_47_42,0.98,0,42,42,93
5,r_45_36_147,r_67_71_4,seq38,r_45_36_147,0.78,-15,132,147,93
22,r_86_30_13,r_29_96_175,r_19_31_38,r_19_31_38,1.0,31,69,38,93
34,r_141_22_154,seq143,seq21,r_141_22_154,0.76,0,154,154,93
17,r_27_89_94,seq23,r_108_87_21,r_27_89_94,0.98,0,94,94,93
22,r_86_30_13,r_88_41_107,r_29_96_175,r_86_30_13,1.0,0,13,13,93
9,r_91_25_96,r_124_90_34,r_109_24_62,r_91_25_96,0.98,0,96,96,93
28,r_70_120_112,r_67_71_4,seq122,r_70_120_112,0.91,0,112,112,93
49,r_66_95_52,seq63,seq97,r_66_95_52,0.91,0,52,52,93
7,r_99_75_142,seq107,r_37_79_125,r_37_79_125,0.83,18,143,125,93
25,r_109_24_62,seq23,r_91_25_96,r_91_25_96,1.0,5,101,96,93
23,r_130_76_198,r_132_100_148,r_138_84_206,r_132_100_148,0.71,0,148,148,93
35,r_6_54_147,seq5,seq53,r_6_54_147,0.84,1,148,147,93
84,seq85,r_88_41_107,r_108_87_21,r_88_41_107,0.97,2,109,107,93
36,r_66_24_107,r_65_79_193,r_126_23_77,r_66_24_107,1.0,1,108,107,94
16,r_54_40_184,seq52,r_6_45_29,r_6_45_29,0.81,155,184,29,94
21,r_140_55_139,r_141_50_183,r_94_53_99,r_140_55_139,0.79,0,139,139,94
39,r_94_53_99,r_92_58_187,seq52,r_94_53_99,0.92,0,99,99,94
5,r_2_133_101,r_3_35_112,r_38_132_83,r_2_133_101,1.0,0,101,101,94
46,r_18_147_113,r_19_41_189,r_142_144_184,r_18_147_113,0.99,1,114,113,94
42,r_98_14_66,seq97,seq15,r_98_14_66,1.0,2,68,66,94
27,r_126_23_77,r_125_74_23,seq129,r_125_74_23,0.67,0,23,23,94
45,r_19_41_189,seq20,r_54_40_184,r_54_40_184,0.81,5,189,184,94
34,r_6_45_29,r_5_75_158,seq44,r_6_45_29,1.0,0,29,29,94
19,r_5_75_158,seq4,r_72_82_34,r_5_75_158,0.75,0,158,158,94
30,r_143_61_19,r_146_30_202,r_60_124_120,r_143_61_19,0.95,-3,16,19,94
31,r_42_62_72,r_43_110_107,r_143_61_19,r_42_62_72,1.0,0,72,72,94
33,r_63_106_57,r_65_79_193,seq107,r_63_106_57,0.99,0,57,57,94
41,r_139_119_120,r_140_55_139,r_0_118_48,r_0_118_48,0.54,73,121,48,94
67,seq33,seq29,r_11_32_71,r_11_32_71,0.97,29,100,71,94
43,r_25_1_10,r_27_137_193,r_3_35_112,r_27_137_193,0.67,-181,12,193,94
10,r_3_35_112,r_2_133_101,r_25_1_10,r_3_35_112,0.62,-12,100,112,94
8,r_125_74_23,r_126_23_77,r_145_68_8,r_125_74_23,1.0,0,23,23,94
26,r_67_112_84,r_66_24_107,seq111,r_67_112_84,0.99,0,84,84,94
72,seq49,r_51_17_171,r_148_46_105,r_148_46_105,0.99,66,171,105,94
0,r_99_131_120,r_104_48_180,seq130,r_104_48_180,0.56,-60,120,180,94
73,seq52,r_54_40_184,r_140_55_139,r_140_55_139,0.78,45,184,139,94
11,r_7_90_1,r_92_58_187,r_116_91_156,r_116_91_156,0.51,1,157,156,94
22,r_38_132_83,r_146_30_202,r_2_133_101,r_2_133_101,1.0,1,102,101,94
37,r_31_96_46,seq33,seq97,r_31_96_46,1.0,0,46,46,94
13,r_60_124_120,r_65_79_193,r_36_123_60,r_60_124_120,0.94,1,121,120,94
98,seq121,seq120,r_36_123_60,r_36_123_60,1.0,18,78,60,94
15,r_105_122_35,seq107,r_36_123_60,r_36_123_60,1.0,18,78,60,94
48,r_51_17_171,seq49,r_100_16_15,r_51_17_171,0.49,0,171,171,94
4,r_116_91_156,seq117,r_7_90_1,r_116_91_156,0.62,1,157,156,94
57,seq9,r_10_81_60,seq26,r_10_81_60,1.0,0,60,60,94
6,r_27_137_193,seq26,r_142_144_184,r_142_144_184,0.45,9,193,184,94
27,r_126_23_77,seq129,seq22,r_126_23_77,1.0,0,77,77,94
30,r_143_61_19,r_60_124_120,r_42_62_72,r_143_61_19,0.58,61,80,19,94
69,seq37,seq34,r_3_35_112,r_3_35_112,1.0,20,132,112,94
2,r_104_48_180,seq103,seq49,r_104_48_180,0.43,2,182,180,94
47,r_70_56_146,seq69,r_140_55_139,r_140_55_139,0.48,8,147,139,94
40,r_142_144_184,r_149_108_182,r_18_147_113,r_18_147_113,1.0,17,130,113,94
10,r_3_35_112,r_25_1_10,seq37,r_3_35_112,1.0,0,112,112,94
18,r_36_123_60,seq37,r_105_122_35,r_36_123_60,1.0,0,60,60,94
29,r_149_108_182,r_146_30_202,r_67_112_84,r_67_112_84,0.81,98,182,84,94
24,r_77_28_90,r_78_89_171,seq26,r_77_28_90,1.0,0,90,90,94
43,r_25_1_10,r_3_35_112,seq4,r_3_35_112,1.0,0,112,112,94
58,seq138,r_141_50_183,r_142_144_184,r_141_50_183,0.6,2,185,183,94
65,seq26,r_27_137_193,r_100_16_15,r_100_16_15,0.98,178,193,15,94
3,r_100_16_15,r_99_131_120,seq15,r_100_16_15,0.97,0,15,15,94
32,r_115_136_60,seq113,seq135,r_115_136_60,0.93,3,63,60,94
38,r_39_102_123,seq44,seq101,r_39_102_123,0.94,0,123,123,94
97,seq120,seq121,r_0_118_48,r_0_118_48,1.0,0,48,48,94
69,seq37,r_36_123_60,seq34,r_36_123_60,0.91,-12,48,60,94
9,r_10_81_60,seq9,r_72_82_34,r_10_81_60,1.0,0,60,60,94
22,r_38_132_83,seq44,r_146_30_202,r_38_132_83,0.64,0,83,83,94
28,r_43_110_107,seq44,seq109,r_43_110_107,0.99,0,107,107,94
91,seq107,r_105_122_35,r_63_106_57,r_63_106_57,0.99,21,78,57,94
49,r_11_32_71,seq12,seq33,r_11_32_71,0.94,0,71,71,94
23,r_148_46_105,r_149_108_182,seq47,r_148_46_105,0.95,0,105,105,94
68,seq34,r_10_81_60,seq37,r_10_81_60,0.83,-27,33,60,94
12,r_146_30_202,r_149_108_182,r_18_147_113,r_18_147_113,1.0,69,182,113,94
40,r_17_94_13,r_93_121_186,seq90,r_93_121_186,0.68,0,186,186,95
14,r_53_37_45,seq55,seq43,r_53_37_45,0.99,0,45,45,95
37,r_85_97_33,seq79,r_42_96_47,r_42_96_47,0.98,19,66,47,95
59,seq142,r_143_87_158,seq148,r_143_87_158,0.79,0,158,158,95
16,r_7_104_168,seq5,r_25_105_141,r_7_104_168,0.75,-1,167,168,95
21,r_83_3_180,seq88,seq2,r_83_3_180,0.41,0,180,180,95
1,r_68_136_146,seq71,seq134,r_68_136_146,0.77,0,146,146,95
24,r_41_140_28,r_42_96_47,seq141,r_41_140_28,1.0,0,28,28,95
5,r_91_64_69,r_92_98_89,r_106_67_62,r_91_64_69,1.0,0,69,69,95
11,r_131_32_11,r_130_47_135,r_34_118_114,r_131_32_11,0.97,0,11,11,95
88,seq100,r_41_140_28,r_25_105_141,r_25_105_141,0.98,5,146,141,95
7,r_145_132_44,r_130_47_135,r_36_133_79,r_145_132_44,1.0,92,136,44,95
45,r_143_87_158,seq142,r_27_84_52,r_143_87_158,0.87,0,158,158,95
19,r_25_105_141,seq26,r_46_103_137,r_25_105_141,0.89,0,141,141,95
11,r_131_32_11,r_34_118_114,r_24_35_13,r_34_118_114,1.0,-32,82,114,95
26,r_74_28_156,seq75,r_49_73_55,r_49_73_55,1.0,1,56,55,95
58,seq141,seq139,r_41_140_28,r_41_140_28,1.0,26,54,28,95
67,seq33,r_34_118_114,r_24_35_13,r_34_118_114,0.94,-28,86,114,95
3,r_13_6_69,seq11,seq5,r_13_6_69,1.0,0,69,69,95
9,r_40_9_27,r_42_96_47,r_82_15_25,r_40_9_27,1.0,0,27,27,95
4,r_126_12_165,seq125,r_40_9_27,r_126_12_165,0.39,0,165,165,95
0,r_128_39_95,r_120_21_190,r_53_37_45,r_128_39_95,1.0,0,95,95,95
42,r_52_0_46,r_50_81_131,r_95_1_8,r_52_0_46,1.0,0,46,46,95
14,r_53_37_45,seq43,r_128_39_95,r_128_39_95,1.0,7,102,95,95
15,r_19_102_184,seq22,r_7_104_168,r_7_104_168,0.54,16,184,168,95
48,r_38_18_78,seq43,r_82_15_25,r_38_18_78,0.96,0,78,78,95
46,r_117_58_57,r_114_44_180,seq61,r_117_58_57,1.0,1,58,57,95
7,r_145_132_44,seq147,r_130_47_135,r_145_132_44,0.99,0,44,44,95
33,r_82_15_25,r_40_9_27,r_38_18_78,r_38_18_78,1.0,3,81,78,95
10,r_93_121_186,r_17_94_13,r_34_118_114,r_93_121_186,0.46,0,186,186,95
27,r_50_81_131,r_46_103_137,r_27_84_52,r_50_81_131,0.93,0,131,131,95
87,seq90,r_92_98_89,r_17_94_13,r_17_94_13,0.97,72,85,13,95
2,r_80_20_130,seq79,seq22,r_80_20_130,0.98,0,130,130,95
47,r_56_51_122,seq65,seq48,r_56_51_122,0.98,0,122,122,95
6,r_42_96_47,seq43,r_85_97_33,r_42_96_47,1.0,0,47,47,95
18,r_127_101_190,seq125,r_19_102_184,r_19_102_184,1.0,6,190,184,95
40,r_17_94_13,r_13_6_69,r_93_121_186,r_17_94_13,0.99,0,13,13,95
36,r_27_84_52,r_25_105_141,seq88,r_27_84_52,1.0,0,52,52,95
25,r_57_29_82,r_56_51_122,seq30,r_57_29_82,1.0,0,82,82,95
43,r_130_47_135,r_145_132_44,r_129_45_5,r_130_47_135,0.96,1,136,135,95
43,r_130_47_135,r_114_44_180,r_145_132_44,r_145_132_44,0.96,0,44,44,95
64,seq22,r_19_102_184,r_80_20_130,r_80_20_130,1.0,6,136,130,95
69,seq48,r_50_81_131,r_129_45_5,r_50_81_131,0.84,-89,42,131,95
65,seq26,r_25_105_141,r_138_23_12,r_25_105_141,0.77,0,141,141,95
32,r_146_16_154,seq148,r_40_9_27,r_146_16_154,0.52,1,155,154,95
52,seq5,r_7_104_168,r_13_6_69,r_13_6_69,1.0,81,150,69,95
31,r_95_1_8,r_7_104_168,r_52_0_46,r_52_0_46,0.82,5,51,46,95
34,r_46_103_137,r_129_45_5,seq100,r_46_103_137,0.81,0,137,137,95
39,r_24_35_13,r_25_105_141,seq33,r_24_35_13,0.88,0,13,13,95
33,r_82_15_25,r_80_20_130,r_40_9_27,r_82_15_25,0.99,2,27,25,95
26,r_74_28_156,r_49_73_55,seq26,r_74_28_156,0.5,0,156,156,95
96,seq119,r_120_21_190,seq115,r_120_21_190,0.34,-49,141,190,95
28,r_49_73_55,r_74_28_156,seq76,r_74_28_156,1.0,0,156,156,95
22,r_63_108_90,seq65,seq110,r_63_108_90,0.99,1,91,90,95
28,r_49_73_55,r_50_81_131,r_74_28_156,r_49_73_55,1.0,0,55,55,95
23,r_106_67_62,seq100,seq65,r_106_67_62,1.0,2,64,62,95
8,r_138_23_12,r_114_44_180,seq26,r_138_23_12,0.97,0,12,12,95
10,r_93_121_186,seq90,r_17_94_13,r_17_94_13,1.0,3,16,13,95
35,r_92_98_89,r_91_64_69,r_85_97_33,r_91_64_69,0.95,0,69,69,95
12,r_34_118_114,seq33,seq119,r_34_118_114,0.94,0,114,114,95
84,seq86,seq79,r_27_84_52,r_27_84_52,1.0,20,72,52,95
93,seq104,r_105_54_127,seq108,r_105_54_127,0.97,0,127,127,96
30,r_138_8_82,r_144_92_179,seq7,r_138_8_82,0.99,0,82,82,96
44,r_82_65_49,r_64_56_168,r_74_70_34,r_82_65_49,0.46,119,168,49,96
36,r_83_120_170,seq84,r_107_119_96,r_107_119_96,0.53,74,170,96,96
98,seq113,r_90_148_15,r_134_115_162,r_134_115_162,0.77,-3,159,162,96
5,r_59_19_83,r_61_6_26,seq80,r_61_6_26,1.0,0,26,26,96
43,r_87_4_107,seq84,r_61_6_26,r_87_4_107,1.0,0,107,107,96
5,r_59_19_83,seq80,r_20_103_184,r_59_19_83,0.69,0,83,83,96
54,seq136,r_99_135_109,r_48_137_138,r_48_137_138,0.95,16,154,138,96
37,r_121_91_181,r_124_78_151,r_81_123_84,r_81_123_84,0.87,31,115,84,96
26,r_118_127_16,r_117_97_86,seq126,r_118_127_16,0.87,0,16,16,96
39,r_99_135_109,r_98_100_190,seq136,r_99_135_109,0.61,0,109,109,96
1,r_69_49_73,r_73_67_176,seq50,r_69_49_73,0.81,0,73,73,96
48,r_106_21_41,r_105_54_127,seq17,r_106_21_41,1.0,0,41,41,96
7,r_124_78_151,r_81_123_84,seq76,r_124_78_151,1.0,0,151,151,96
19,r_105_54_127,seq104,r_63_51_81,r_105_54_127,0.69,0,127,127,96
15,r_5_62_174,r_61_6_26,r_82_65_49,r_61_6_26,0.53,155,181,26,96
98,seq113,r_116_16_100,r_90_148_15,r_116_16_100,0.75,3,103,100,96
76,seq45,seq44,r_86_47_64,r_86_47_64,1.0,0,64,64,96
14,r_61_6_26,r_59_19_83,r_5_62_174,r_61_6_26,0.7,0,26,26,96
50,seq0,r_3_66_166,r_57_1_25,r_57_1_25,0.86,16,41,25,96
10,r_64_56_168,r_63_51_81,r_82_65_49,r_64_56_168,0.84,-87,81,168,96
8,r_107_119_96,r_81_123_84,r_83_120_170,r_83_120_170,0.97,0,170,170,96
72,seq40,r_39_95_86,seq42,r_39_95_86,1.0,0,86,86,96
14,r_61_6_26,r_5_62_174,r_138_8_82,r_138_8_82,0.95,84,166,82,96
4,r_48_137_138,seq53,seq136,r_48_137_138,0.88,-1,137,138,96
11,r_38_68_93,seq43,r_73_67_176,r_38_68_93,0.82,0,93,93,96
20,r_81_123_84,r_96_25_178,r_124_78_151,r_81_123_84,0.91,0,84,84,96
13,r_63_51_81,r_64_56_168,seq52,r_63_51_81,0.94,0,81,81,96
98,seq113,r_114_22_64,r_116_16_100,r_114_22_64,1.0,0,64,64,96
5,r_59_19_83,r_20_103_184,r_93_18_103,r_93_18_103,0.39,81,184,103,96
16,r_85_132_40,r_87_4_107,seq128,r_85_132_40,0.68,0,40,40,96
21,r_117_97_86,r_121_91_181,r_39_95_86,r_117_97_86,0.99,0,86,86,96
85,seq80,seq77,r_139_79_109,r_139_79_109,1.0,11,120,109,96
10,r_64_56_168,r_82_65_49,r_69_49_73,r_64_56_168,0.83,0,168,168,96
27,r_116_16_100,seq113,seq14,r_116_16_100,1.0,0,100,100,96
56,seq12,r_5_62_174,r_109_11_52,r_109_11_52,1.0,1,53,52,96
2,r_144_92_179,seq143,r_117_97_86,r_117_97_86,0.92,93,179,86,96
15,r_5_62_174,seq0,r_61_6_26,r_61_6_26,1.0,7,33,26,96
47,r_109_11_52,seq108,seq12,r_109_11_52,1.0,1,53,52,96
40,r_86_47_64,r_87_4_107,seq45,r_86_47_64,0.98,0,64,64,96
18,r_133_125_185,seq128,r_81_123_84,r_81_123_84,0.94,102,186,84,96
29,r_139_79_109,r_144_92_179,seq80,r_139_79_109,0.81,0,109,109,96
34,r_98_100_190,r_117_97_86,r_144_92_179,r_144_92_179,1.0,10,189,179,96
25,r_30_2_154,seq33,r_57_1_25,r_57_1_25,0.98,129,154,25,96
21,r_117_97_86,r_118_127_16,r_121_91_181,r_118_127_16,0.49,0,16,16,96
20,r_81_123_84,r_124_78_151,r_121_91_181,r_124_78_151,1.0,1,152,151,96
77,seq50,seq53,r_69_49_73,r_69_49_73,1.0,27,100,73,96
34,r_98_100_190,r_99_135_109,r_117_97_86,r_98_100_190,1.0,-81,109,190,96
6,r_90_148_15,r_96_25_178,seq146,r_90_148_15,0.6,0,15,15,96
44,r_82_65_49,r_87_4_107,r_64_56_168,r_82_65_49,0.88,0,49,49,96
75,seq44,seq45,r_86_47_64,r_86_47_64,1.0,43,107,64,96
60,seq17,r_20_103_184,r_114_22_64,r_114_22_64,1.0,74,138,64,96
9,r_31_71_110,r_30_2_154,seq72,r_30_2_154,0.57,-44,110,154,96
42,r_34_129_39,r_31_71_110,r_122_130_6,r_34_129_39,0.97,0,39,39,96
0,r_57_1_25,r_59_19_83,seq0,r_57_1_25,0.87,0,25,25,96
37,r_121_91_181,r_81_123_84,r_144_92_179,r_121_91_181,0.91,0,181,181,96
22,r_114_22_64,seq113,r_106_21_41,r_114_22_64,1.0,0,64,64,96
28,r_32_46_120,r_30_2_154,r_86_47_64,r_32_46_120,1.0,0,120,120,96
49,r_93_18_103,seq94,r_59_19_83,r_93_18_103,0.95,0,103,103,96
7,r_124_78_151,r_121_91_181,r_81_123_84,r_81_123_84,0.89,1,85,84,96
23,r_3_66_166,seq0,r_73_67_176,r_3_66_166,0.67,0,166,166,96
35,r_39_95_86,seq40,seq94,r_39_95_86,1.0,0,86,86,96
20,r_81_123_84,r_121_91_181,r_83_120_170,r_81_123_84,0.96,97,181,84,96
12,r_134_115_162,r_133_125_185,seq113,r_134_115_162,0.6,0,162,162,96
93,seq104,r_105_114_183,r_39_102_89,r_39_102_89,0.93,94,183,89,97
26,r_86_52_26,seq82,r_92_49_24,r_86_52_26,0.87,0,26,26,97
30,r_14_55_133,seq13,r_122_62_125,r_14_55_133,0.79,0,133,133,97
51,seq2,r_0_121_186,r_125_4_52,r_125_4_52,1.0,134,186,52,97
36,r_25_7_70,seq26,seq6,r_25_7_70,1.0,0,70,70,97
8,r_39_102_89,seq38,r_1_103_56,r_1_103_56,0.63,33,89,56,97
43,r_56_87_79,r_53_136_117,seq91,r_56_87_79,0.85,0,79,79,97
59,seq18,r_19_12_88,r_45_21_55,r_45_21_55,0.68,33,88,55,97
10,r_92_49_24,r_94_59_65,r_86_52_26,r_92_49_24,0.59,2,26,24,97
16,r_67_64_77,seq70,seq65,r_67_64_77,0.78,1,78,77,97
21,r_110_32_182,r_111_120_89,seq104,r_111_120_89,1.0,0,89,89,97
46,r_5_31_136,seq6,seq30,r_5_31_136,0.97,0,136,136,97
24,r_37_42_22,seq38,r_130_44_2,r_37_42_22,0.84,5,27,22,97
7,r_53_136_117,r_86_52_26,r_68_139_81,r_86_52_26,0.78,91,117,26,97
20,r_113_20_20,r_112_142_139,seq23,r_113_20_20,1.0,0,20,20,97
45,r_135_10_64,r_140_107_115,r_48_11_47,r_135_10_64,1.0,0,64,64,97
19,r_140_107_115,seq137,seq104,r_140_107_115,0.97,0,115,115,97
31,r_145_100_164,seq147,seq101,r_145_100_164,0.58,0,164,164,97
3,r_111_120_89,r_110_32_182,seq117,r_110_32_182,0.58,-94,88,182,97
0,r_54_124_101,r_53_136_117,r_106_126_55,r_106_126_55,0.99,46,101,55,97
11,r_41_75_122,r_53_136_117,seq74,r_53_136_117,0.97,1,118,117,97
5,r_48_11_47,r_47_9_189,seq8,r_48_11_47,1.0,0,47,47,97
98,seq123,r_122_62_125,r_106_126_55,r_106_126_55,0.72,70,125,55,97
15,r_68_139_81,seq70,seq137,r_68_139_81,1.0,0,81,81,97
57,seq13,r_14_55_133,r_46_16_62,r_46_16_62,0.62,71,133,62,97
34,r_1_103_56,r_0_121_186,seq104,r_1_103_56,1.0,0,56,56,97
62,seq23,seq18,r_43_22_89,r_43_22_89,1.0,9,98,89,97
21,r_110_32_182,seq104,r_5_31_136,r_110_32_182,0.46,1,183,182,97
4,r_125_4_52,seq127,seq6,r_125_4_52,0.96,0,52,52,97
41,r_47_9_189,r_48_11_47,r_50_58_17,r_48_11_47,0.97,-1,46,47,97
27,r_80_51_116,seq78,r_92_49_24,r_80_51_116,0.89,1,117,116,97
2,r_130_44_2,r_43_22_89,r_37_42_22,r_43_22_89,0.91,0,89,89,97
41,r_47_9_189,r_50_58_17,r_125_4_52,r_50_58_17,0.5,172,189,17,97
47,r_28_116_191,seq26,seq115,r_28_116_191,0.26,0,191,191,97
40,r_3_138_163,seq8,r_68_139_81,r_3_138_163,0.62,0,163,163,97
74,seq65,r_63_129_104,r_67_64_77,r_63_129_104,0.8,-25,79,104,97
18,r_46_16_62,r_53_136_117,r_17_66_151,r_46_16_62,1.0,-1,61,62,97
29,r_17_66_151,seq15,r_46_16_62,r_46_16_62,1.0,4,66,62,97
9,r_93_81_42,r_94_59_65,seq85,r_93_81_42,0.87,-1,41,42,97
64,seq26,r_25_7_70,r_28_116_191,r_25_7_70,1.0,-1,69,70,97
58,seq15,seq13,r_46_16_62,r_46_16_62,1.0,24,86,62,97
32,r_43_22_89,r_130_44_2,seq23,r_43_22_89,0.99,0,89,89,97
38,r_19_12_88,seq18,r_46_16_62,r_46_16_62,0.56,82,144,62,97
81,seq141,r_145_100_164,r_29_144_66,r_29_144_66,0.62,0,66,66,97
39,r_106_126_55,r_105_114_183,seq127,r_106_126_55,1.0,0,55,55,97
29,r_17_66_151,r_77_69_93,r_67_64_77,r_17_66_151,0.49,30,181,151,97
7,r_53_136_117,r_54_124_101,r_86_52_26,r_53_136_117,0.8,-79,38,117,97
29,r_17_66_151,r_46_16_62,r_77_69_93,r_17_66_151,0.69,0,151,151,97
22,r_63_129_104,seq65,seq128,r_63_129_104,0.99,0,104,104,97
28,r_122_62_125,seq123,seq57,r_122_62_125,1.0,0,125,125,97
91,seq98,r_99_61_167,r_145_100_164,r_145_100_164,0.71,3,167,164,97
18,r_46_16_62,r_17_66_151,seq15,r_17_66_151,1.0,1,152,151,97
44,r_118_90_119,seq119,seq89,r_118_90_119,1.0,0,119,119,97
65,seq30,r_1_103_56,r_0_121_186,r_0_121_186,0.89,-82,104,186,97
25,r_112_142_139,r_113_20_20,r_29_144_66,r_112_142_139,0.65,-120,19,139,97
35,r_94_59_65,seq95,seq57,r_94_59_65,0.99,0,65,65,97
12,r_29_144_66,seq30,seq141,r_29_144_66,1.0,0,66,66,97
14,r_45_21_55,r_46_16_62,seq23,r_45_21_55,0.57,0,55,55,97
93,seq106,r_104_114_90,seq97,r_104_114_90,1.0,-10,80,90,98
86,seq142,r_117_24_134,r_146_103_176,r_146_103_176,0.67,-110,66,176,98
36,r_131_38_83,seq129,seq37,r_131_38_83,1.0,0,83,83,98
66,seq37,r_139_36_11,r_131_38_83,r_131_38_83,1.0,34,117,83,98
14,r_91_52_66,seq89,seq51,r_91_52_66,1.0,0,66,66,98
71,seq51,r_53_60_161,r_91_52_66,r_91_52_66,1.0,95,161,66,98
21,r_133_95_155,seq129,r_27_100_95,r_133_95_155,0.72,0,155,155,98
39,r_1_88_104,r_2_93_154,r_67_87_2,r_67_87_2,0.97,102,104,2,98
1,r_27_100_95,seq28,seq101,r_27_100_95,0.98,0,95,95,98
46,r_9_31_94,seq10,r_121_30_58,r_9_31_94,0.68,0,94,94,98
42,r_104_114_90,seq106,r_8_118_80,r_104_114_90,0.97,0,90,90,98
26,r_4_61_70,r_6_141_100,r_62_75_179,r_4_61_70,1.0,0,70,70,98
37,r_145_26_14,r_146_103_176,seq28,r_145_26_14,0.91,0,14,14,98
9,r_139_36_11,r_140_54_136,seq35,r_139_36_11,0.77,0,11,11,98
5,r_117_24_134,r_116_73_54,seq113,r_116_73_54,1.0,-2,52,54,98
34,r_116_73_54,r_117_24_134,seq72,r_116_73_54,1.0,0,54,54,98
31,r_6_141_100,seq10,seq142,r_6_141_100,1.0,0,100,100,98
3,r_110_18_158,seq109,r_5_16_18,r_110_18_158,0.98,0,158,158,98
90,seq97,seq101,r_42_99_59,r_42_99_59,1.0,2,61,59,98
35,r_62_75_179,r_64_92_113,seq63,r_62_75_179,0.35,-162,17,179,98
0,r_146_103_176,seq144,seq106,r_146_103_176,0.63,0,176,176,98
63,seq28,r_27_100_95,r_145_26_14,r_27_100_95,0.97,-17,78,95,98
29,r_42_99_59,r_43_41_25,seq97,r_42_99_59,1.0,0,59,59,98
8,r_7_79_16,r_8_118_80,seq81,r_7_79_16,0.98,-1,15,16,98
73,seq56,r_58_85_121,seq55,r_58_85_121,1.0,0,121,121,98
13,r_43_41_25,r_44_25_94,seq39,r_44_25_94,1.0,0,94,94,98
15,r_33_20_68,seq34,seq19,r_33_20_68,1.0,-1,67,68,98
48,r_143_3_112,r_146_103_176,seq10,r_143_3_112,0.92,1,113,112,98
11,r_115_126_53,r_117_24_134,seq127,r_117_24_134,0.96,-83,51,134,98
6,r_138_86_97,seq137,r_67_87_2,r_138_86_97,1.0,0,97,97,98
4,r_5_16_18,r_4_61_70,r_13_15_50,r_4_61_70,0.57,-51,19,70,98
19,r_132_147_38,r_133_95_155,seq144,r_132_147_38,1.0,0,38,38,98
2,r_140_54_136,seq137,seq55,r_140_54_136,0.92,0,136,136,98
86,seq142,r_146_103_176,r_6_141_100,r_6_141_100,0.63,-2,98,100,98
40,r_57_135_60,r_58_85_121,seq134,r_57_135_60,1.0,0,60,60,98
74,seq63,r_64_92_113,seq56,r_64_92_113,0.99,0,113,113,98
18,r_44_25_94,r_43_41_25,r_145_26_14,r_44_25_94,0.85,0,94,94,98
24,r_58_85_121,seq56,r_138_86_97,r_58_85_121,0.97,0,121,121,98
5,r_117_24_134,seq113,r_8_118_80,r_8_118_80,0.95,22,102,80,98
35,r_62_75_179,seq63,r_65_59_79,r_65_59_79,1.0,2,81,79,98
33,r_84_128_67,seq89,seq127,r_84_128_67,1.0,0,67,67,98
44,r_105_69_33,r_104_114_90,seq68,r_105_69_33,0.91,0,33,33,98
25,r_121_30_58,seq122,r_5_16_18,r_121_30_58,1.0,0,58,58,98
20,r_45_94_182,r_107_46_25,r_133_95_155,r_133_95_155,0.45,27,182,155,98
61,seq21,seq22,r_33_20_68,r_33_20_68,1.0,18,86,68,98
32,r_130_23_118,seq129,r_44_25_94,r_130_23_118,0.98,0,118,118,98
38,r_32_77_61,r_13_15_50,seq78,r_32_77_61,0.99,0,61,61,98
20,r_45_94_182,r_44_25_94,r_107_46_25,r_45_94_182,1.0,-155,27,182,98
35,r_62_75_179,r_65_59_79,seq74,r_62_75_179,0.76,0,179,179,98
64,seq34,r_107_46_25,r_65_59_79,r_65_59_79,1.0,65,144,79,98
18,r_44_25_94,r_145_26_14,r_130_23_118,r_130_23_118,1.0,1,119,118,98
45,r_136_0_37,r_2_93_154,r_117_24_134,r_136_0_37,0.66,117,154,37,98
25,r_121_30_58,r_5_16_18,r_9_31_94,r_9_31_94,0.73,59,153,94,98
47,r_29_47_49,r_32_77_61,seq50,r_29_47_49,1.0,0,49,49,98
26,r_4_61_70,r_5_16_18,r_6_141_100,r_4_61_70,0.57,-52,18,70,98
22,r_111_49_94,r_110_18_158,r_29_47_49,r_111_49_94,0.99,0,94,94,98
23,r_8_118_80,r_117_24_134,r_104_114_90,r_117_24_134,1.0,0,134,134,98
28,r_64_92_113,seq55,r_138_86_97,r_64_92_113,0.99,0,113,113,98
49,r_123_149_117,r_124_125_111,r_132_147_38,r_124_125_111,0.93,6,117,111,98
7,r_65_59_79,seq66,r_4_61_70,r_65_59_79,0.97,0,79,79,98
26,r_4_61_70,r_62_75_179,r_140_54_136,r_140_54_136,1.0,44,180,136,98
23,r_8_118_80,seq10,r_117_24_134,r_8_118_80,1.0,0,80,80,98
5,r_117_24_134,r_8_118_80,r_44_25_94,r_117_24_134,1.0,0,134,134,98
12,r_2_93_154,r_136_0_37,r_138_86_97,r_2_93_154,1.0,0,154,154,98
17,r_107_46_25,r_45_94_182,r_140_54_136,r_140_54_136,0.83,46,182,136,98
17,r_107_46_25,r_110_18_158,r_45_94_182,r_107_46_25,0.91,0,25,25,98
10,r_119_80_27,r_124_125_111,r_7_79_16,r_119_80_27,1.0,0,27,27,98
79,seq72,seq74,r_116_73_54,r_116_73_54,1.0,13,67,54,98
12,r_2_93_154,r_1_88_104,r_136_0_37,r_2_93_154,0.97,-50,104,154,98
45,r_136_0_37,r_138_86_97,r_2_93_154,r_136_0_37,1.0,0,37,37,98
93,seq111,r_109_96_122,r_47_112_25,r_47_112_25,0.5,93,118,25,99
30,r_28_50_77,r_27_13_92,seq54,r_28_50_77,0.99,0,77,77,99
51,seq7,r_1_66_175,r_100_6_82,r_100_6_82,1.0,5,87,82,99
36,r_27_13_92,seq26,r_84_11_64,r_84_11_64,1.0,28,92,64,99
8,r_84_11_64,seq90,seq10,r_84_11_64,1.0,0,64,64,99
43,r_56_102_183,seq57,r_99_101_205,r_99_101_205,0.82,-22,183,205,99
21,r_131_134_122,seq135,r_89_132_70,r_89_132_70,0.99,16,86,70,99
1,r_99_101_205,r_103_51_189,r_47_112_25,r_99_101_205,0.59,-16,189,205,99
5,r_118_8_61,r_107_145_112,seq10,r_118_8_61,1.0,0,61,61,99
42,r_107_145_112,seq104,seq146,r_107_145_112,0.67,0,112,112,99
45,r_52_59_94,seq53,seq57,r_52_59_94,0.43,0,94,94,99
31,r_89_132_70,seq88,r_131_134_122,r_89_132_70,0.84,0,70,70,99
41,r_83_30_3,r_35_140_189,r_129_31_80,r_129_31_80,0.93,2,82,80,99
89,seq97,seq93,r_109_96_122,r_109_96_122,0.66,1,123,122,99
21,r_131_134_122,r_89_132_70,r_3_136_6,r_131_134_122,0.42,0,122,122,99
3,r_114_95_106,r_113_4_196,seq97,r_113_4_196,0.57,-90,106,196,99
10,r_40_41_59,r_39_106_183,seq38,r_39_106_183,0.48,0,183,183,99
11,r_22_42_84,seq21,r_40_41_59,r_22_42_84,0.92,0,84,84,99
48,r_113_4_196,r_114_95_106,r_18_117_102,r_18_117_102,0.92,2,104,102,99
15,r_69_116_24,seq72,seq115,r_69_116_24,1.0,0,24,24,99
26,r_47_112_25,seq45,seq111,r_47_112_25,1.0,0,25,25,99
94,seq115,r_114_95_106,r_69_116_24,r_69_116_24,1.0,0,24,24,99
27,r_109_96_122,seq111,seq97,r_109_96_122,0.47,0,122,122,99
2,r_141_17_79,seq139,r_84_11_64,r_141_17_79,0.87,0,79,79,99
47,r_23_76_97,seq21,seq77,r_23_76_97,0.99,0,97,97,99
18,r_43_46_54,r_44_108_105,seq53,r_44_108_105,1.0,-51,54,105,99
24,r_65_2_155,seq67,r_124_5_151,r_65_2_155,0.53,0,155,155,99
33,r_138_24_148,seq149,r_75_37_131,r_138_24_148,0.8,1,149,148,99
50,seq0,r_1_66_175,r_124_5_151,r_124_5_151,0.77,24,175,151,99
70,seq57,r_56_102_183,r_52_59_94,r_56_102_183,0.76,-8,175,183,99
6,r_130_121_12,r_131_134_122,r_74_122_78,r_74_122_78,1.0,-1,77,78,99
20,r_55_60_45,r_56_102_183,r_123_63_8,r_55_60_45,0.85,-1,44,45,99
38,r_39_106_183,r_40_41_59,r_47_112_25,r_39_106_183,0.39,0,183,183,99
52,seq137,r_138_24_148,seq149,r_138_24_148,0.99,-64,84,148,99
9,r_85_144_50,seq90,seq146,r_85_144_50,1.0,0,50,50,99
34,r_100_6_82,r_99_101_205,seq7,r_100_6_82,1.0,0,82,82,99
17,r_103_51_189,r_99_101_205,r_43_46_54,r_43_46_54,0.83,132,186,54,99
25,r_129_31_80,r_131_134_122,r_83_30_3,r_129_31_80,1.0,1,81,80,99
6,r_130_121_12,r_129_31_80,r_131_134_122,r_129_31_80,0.53,-64,16,80,99
14,r_78_62_47,r_74_122_78,r_123_63_8,r_74_122_78,0.82,-25,53,78,99
49,r_44_108_105,r_43_46_54,seq104,r_44_108_105,1.0,0,105,105,99
7,r_18_117_102,r_20_12_73,r_69_116_24,r_18_117_102,0.96,0,102,102,99
23,r_29_128_64,r_35_140_189,seq125,r_29_128_64,1.0,0,64,64,99
35,r_75_37_131,seq77,seq34,r_75_37_131,0.75,0,131,131,99
12,r_74_122_78,seq77,r_130_121_12,r_74_122_78,1.0,0,78,78,99
29,r_148_91_25,r_141_17_79,seq92,r_148_91_25,1.0,0,25,25,99
