30,r_115_86_166,seq118,r_83_129_80,r_83_129_80,0.97,9,89,80,0
51,seq3,r_2_91_97,seq0,r_2_91_97,1.0,0,97,97,0
92,seq107,seq110,r_29_106_77,r_29_106_77,1.0,5,82,77,0
16,r_89_137_98,r_139_90_167,r_77_140_7,r_89_137_98,0.67,32,130,98,0
20,r_43_121_115,seq42,r_6_44_25,r_6_44_25,0.98,16,41,25,0
8,r_77_140_7,r_139_90_167,r_89_137_98,r_89_137_98,0.97,45,143,98,0
43,r_56_16_191,seq57,r_31_14_57,r_56_16_191,0.4,0,191,191,0
86,seq82,r_83_129_80,r_18_80_65,r_18_80_65,1.0,15,80,65,0
16,r_89_137_98,r_85_100_201,r_139_90_167,r_89_137_98,0.71,1,99,98,0
21,r_105_98_122,seq104,r_39_99_58,r_39_99_58,0.94,64,122,58,0
39,r_51_117_148,seq50,r_1_120_79,r_1_120_79,0.79,69,148,79,0
97,seq118,r_115_86_166,r_1_120_79,r_1_120_79,0.99,10,89,79,0
46,r_83_129_80,seq81,r_15_126_7,r_83_129_80,0.97,0,80,80,0
42,r_79_142_64,r_83_129_80,r_101_141_73,r_101_141_73,0.76,-9,64,73,0
69,seq42,r_43_121_115,seq41,r_43_121_115,0.82,-5,110,115,0
19,r_1_120_79,seq0,seq118,r_1_120_79,1.0,0,79,79,0
44,r_31_14_57,seq32,seq19,r_31_14_57,0.64,0,57,57,0
13,r_6_44_25,seq26,r_43_121_115,r_6_44_25,0.99,0,25,25,0
4,r_52_87_91,r_51_117_148,r_85_100_201,r_52_87_91,0.86,0,91,91,0
78,seq66,r_64_37_175,r_138_65_94,r_138_65_94,0.62,29,123,94,0
11,r_139_90_167,r_77_140_7,r_2_91_97,r_2_91_97,0.99,73,170,97,0
15,r_18_80_65,r_22_73_162,seq81,r_18_80_65,0.99,0,65,65,0
48,r_2_91_97,seq3,seq96,r_2_91_97,0.79,0,97,97,0
57,seq146,r_144_23_172,r_62_149_85,r_62_149_85,0.67,4,89,85,0
18,r_38_88_140,r_39_99_58,r_119_35_18,r_39_99_58,0.99,0,58,58,0
13,r_6_44_25,r_43_121_115,seq41,r_43_121_115,0.99,0,115,115,0
6,r_55_93_176,seq57,r_12_94_148,r_12_94_148,1.0,28,176,148,0
27,r_29_106_77,seq26,seq107,r_29_106_77,1.0,0,77,77,0
30,r_115_86_166,r_83_129_80,r_52_87_91,r_115_86_166,0.77,0,166,166,0
61,seq24,r_22_73_162,r_148_25_57,r_148_25_57,1.0,2,59,57,0
2,r_85_100_201,seq95,r_52_87_91,r_52_87_91,0.98,2,93,91,0
40,r_101_141_73,r_105_98_122,r_79_142_64,r_101_141_73,0.48,0,73,73,0
25,r_22_73_162,seq21,seq76,r_22_73_162,0.55,0,162,162,0
33,r_111_131_185,seq110,r_17_136_4,r_17_136_4,0.9,182,186,4,0
50,seq0,r_1_120_79,seq3,r_1_120_79,1.0,0,79,79,0
70,seq47,r_46_11_149,r_58_45_91,r_46_11_149,0.6,0,149,149,0
20,r_43_121_115,r_6_44_25,r_1_120_79,r_43_121_115,1.0,0,115,115,0
32,r_54_60_157,r_56_16_191,r_138_65_94,r_138_65_94,0.94,52,146,94,0
38,r_62_149_85,r_64_37_175,seq146,r_62_149_85,0.89,0,85,85,0
34,r_109_68_76,seq108,seq69,r_109_68_76,0.97,0,76,76,0
10,r_84_127_38,r_83_129_80,r_15_126_7,r_15_126_7,0.95,27,34,7,0
5,r_119_35_18,seq118,seq36,r_119_35_18,0.99,0,18,18,0
81,seq70,seq78,r_18_80_65,r_18_80_65,1.0,42,107,65,0
26,r_74_103_33,seq78,seq104,r_74_103_33,0.93,0,33,33,0
12,r_39_99_58,r_38_88_140,seq97,r_39_99_58,0.9,0,58,58,0
56,seq143,seq146,r_101_141_73,r_101_141_73,1.0,42,115,73,0
7,r_138_65_94,r_139_90_167,seq66,r_138_65_94,1.0,2,96,94,0
18,r_38_88_140,r_119_35_18,r_2_91_97,r_38_88_140,0.95,0,140,140,0
23,r_132_145_163,seq133,seq146,r_132_145_163,0.34,0,163,163,0
13,r_6_44_25,seq41,seq42,r_6_44_25,0.24,127,152,25,0
31,r_148_25_57,seq146,seq24,r_148_25_57,1.0,0,57,57,0
35,r_144_23_172,seq146,r_148_25_57,r_148_25_57,1.0,115,172,57,0
93,seq106,r_108_31_90,r_94_107_94,r_108_31_90,0.75,1,91,90,1
36,r_70_45_72,seq71,r_83_47_4,r_70_45_72,0.52,0,72,72,1
92,seq101,seq93,r_32_100_46,r_32_100_46,1.0,17,63,46,1
14,r_94_107_94,seq101,seq106,r_94_107_94,0.86,1,95,94,1
8,r_129_12_62,r_130_50_64,seq10,r_129_12_62,1.0,0,62,62,1
43,r_85_37_14,r_63_84_3,r_51_34_13,r_85_37_14,0.83,0,14,14,1
26,r_26_3_123,r_27_44_53,r_21_5_169,r_27_44_53,1.0,-1,52,53,1
39,r_136_128_5,r_129_12_62,seq149,r_129_12_62,1.0,0,62,62,1
5,r_115_89_108,r_126_114_13,r_52_88_75,r_115_89_108,0.82,0,108,108,1
46,r_104_117_81,r_102_30_116,r_126_114_13,r_104_117_81,1.0,0,81,81,1
80,seq71,r_70_45_72,seq65,r_70_45_72,0.98,0,72,72,1
44,r_105_55_18,seq106,seq59,r_105_55_18,0.97,0,18,18,1
69,seq42,r_43_112_165,r_28_41_7,r_43_112_165,0.87,0,165,165,1
9,r_96_58_40,seq95,seq59,r_96_58_40,0.99,0,40,40,1
39,r_136_128_5,seq149,r_124_140_53,r_124_140_53,0.65,91,144,53,1
41,r_102_30_116,r_104_117_81,r_32_100_46,r_102_30_116,0.95,-35,81,116,1
67,seq29,seq39,r_108_31_90,r_108_31_90,0.99,2,92,90,1
3,r_6_120_158,seq7,r_62_118_103,r_6_120_158,0.86,0,158,158,1
10,r_119_64_136,seq122,seq65,r_119_64_136,0.73,1,137,136,1
20,r_16_25_157,r_14_92_59,seq15,r_14_92_59,1.0,0,59,59,1
42,r_144_99_56,seq148,r_32_100_46,r_144_99_56,1.0,0,56,56,1
63,seq20,r_21_5_169,r_40_22_22,r_40_22_22,0.68,147,169,22,1
11,r_60_97_74,r_61_17_198,r_143_98_48,r_60_97_74,1.0,1,75,74,1
22,r_27_44_53,r_26_3_123,r_83_47_4,r_27_44_53,1.0,0,53,53,1
37,r_40_22_22,r_43_112_165,seq24,r_40_22_22,0.98,0,22,22,1
48,r_113_132_66,r_119_64_136,seq133,r_113_132_66,0.77,0,66,66,1
7,r_143_98_48,seq149,seq95,r_143_98_48,1.0,0,48,48,1
91,seq95,r_96_58_40,seq101,r_96_58_40,1.0,0,40,40,1
13,r_126_114_13,r_115_89_108,r_104_117_81,r_126_114_13,0.56,95,108,13,1
6,r_61_17_198,r_60_97_74,r_105_55_18,r_61_17_198,0.91,-123,75,198,1
13,r_126_114_13,r_124_140_53,r_115_89_108,r_126_114_13,0.89,3,16,13,1
17,r_52_88_75,r_32_100_46,r_115_89_108,r_115_89_108,1.0,5,113,108,1
21,r_14_92_59,r_16_25_157,seq93,r_14_92_59,1.0,0,59,59,1
47,r_135_79_140,r_134_137_105,seq81,r_135_79_140,0.8,1,141,140,1
40,r_4_56_84,r_1_116_194,r_105_55_18,r_4_56_84,1.0,0,84,84,1
16,r_32_100_46,seq29,seq101,r_32_100_46,1.0,-1,45,46,1
18,r_90_54_118,seq101,r_4_56_84,r_90_54_118,0.96,0,118,118,1
15,r_131_36_18,seq141,r_85_37_14,r_131_36_18,1.0,0,18,18,1
24,r_1_116_194,seq0,r_126_114_13,r_1_116_194,0.37,0,194,194,1
33,r_21_5_169,seq20,seq7,r_21_5_169,0.66,0,169,169,1
50,seq0,r_1_116_194,r_26_3_123,r_26_3_123,0.96,71,194,123,1
58,seq141,seq138,r_124_140_53,r_124_140_53,1.0,99,152,53,1
6,r_61_17_198,r_105_55_18,seq65,r_61_17_198,0.37,-81,117,198,1
20,r_16_25_157,seq15,r_40_22_22,r_16_25_157,0.78,0,157,157,1
32,r_80_110_148,seq81,r_94_107_94,r_80_110_148,0.56,0,148,148,1
38,r_130_50_64,r_129_12_62,seq49,r_130_50_64,1.0,0,64,64,1
41,r_102_30_116,r_32_100_46,r_108_31_90,r_102_30_116,0.94,0,116,116,1
34,r_108_31_90,seq106,seq29,r_108_31_90,1.0,0,90,90,1
28,r_33_18_53,seq29,seq19,r_33_18_53,1.0,0,53,53,1
35,r_87_38_41,r_94_107_94,seq39,r_87_38_41,1.0,0,41,41,1
60,seq15,r_16_25_157,r_111_13_134,r_111_13_134,0.53,23,157,134,1
30,r_109_57_32,r_108_31_90,seq59,r_109_57_32,0.85,0,32,32,1
25,r_46_103_4,r_102_30_116,seq95,r_102_30_116,1.0,0,116,116,1
26,r_26_3_123,r_21_5_169,seq2,r_26_3_123,0.87,0,123,123,1
45,r_124_140_53,seq125,seq141,r_124_140_53,0.99,0,53,53,1
49,r_62_118_103,seq71,seq123,r_62_118_103,0.83,0,103,103,1
68,seq39,seq29,r_87_38_41,r_87_38_41,0.94,4,45,41,1
98,seq125,r_124_140_53,seq123,r_124_140_53,0.95,0,53,53,1
29,r_51_34_13,r_70_45_72,r_85_37_14,r_51_34_13,0.77,2,15,13,1
30,r_54_24_114,seq53,r_37_25_26,r_54_24_114,0.95,0,114,114,2
25,r_146_118_203,r_84_148_7,r_115_130_4,r_146_118_203,0.52,-30,173,203,2
11,r_88_139_47,seq89,seq141,r_88_139_47,0.99,0,47,47,2
92,seq102,r_103_111_151,r_97_101_146,r_103_111_151,0.54,-4,147,151,2
14,r_100_16_103,seq99,seq15,r_100_16_103,1.0,0,103,103,2
8,r_68_83_191,seq67,seq82,r_68_83_191,0.28,0,191,191,2
43,r_70_45_185,r_71_30_142,r_40_73_97,r_40_73_97,0.56,44,141,97,2
54,seq132,seq134,r_72_127_22,r_72_127_22,1.0,82,104,22,2
37,r_65_55_151,seq67,r_131_56_135,r_65_55_151,0.83,0,151,151,2
43,r_70_45_185,r_40_73_97,r_142_46_84,r_70_45_185,0.97,0,185,185,2
19,r_44_63_146,r_142_46_84,seq67,r_44_63_146,1.0,0,146,146,2
21,r_125_31_76,seq124,r_143_36_41,r_125_31_76,0.57,0,76,76,2
12,r_120_57_178,r_135_47_162,r_84_148_7,r_120_57_178,0.33,-129,49,178,2
97,seq117,r_116_105_193,r_28_109_60,r_28_109_60,1.0,126,186,60,2
5,r_90_85_68,seq94,seq82,r_90_85_68,0.58,0,68,68,2
18,r_37_25_26,r_39_91_75,seq23,r_37_25_26,0.77,0,26,26,2
32,r_71_30_142,r_75_95_180,r_125_31_76,r_75_95_180,0.59,-39,141,180,2
45,r_103_111_151,seq104,r_14_110_88,r_14_110_88,1.0,63,151,88,2
20,r_131_56_135,r_50_21_109,r_65_55_151,r_65_55_151,0.46,0,151,151,2
19,r_44_63_146,r_49_145_160,r_142_46_84,r_142_46_84,1.0,0,84,84,2
44,r_5_136_34,r_1_7_53,seq141,r_5_136_34,0.99,0,34,34,2
22,r_75_95_180,r_40_73_97,r_39_91_75,r_75_95_180,0.82,0,180,180,2
31,r_40_73_97,seq41,r_75_95_180,r_40_73_97,1.0,0,97,97,2
3,r_50_21_109,seq52,r_121_22_81,r_121_22_81,0.96,28,109,81,2
10,r_135_47_162,seq144,seq48,r_135_47_162,0.53,0,162,162,2
32,r_71_30_142,r_70_45_185,r_75_95_180,r_71_30_142,0.37,-93,49,142,2
26,r_116_105_193,seq117,r_97_101_146,r_97_101_146,0.67,47,193,146,2
0,r_66_138_118,r_65_55_151,seq141,r_66_138_118,0.95,0,118,118,2
62,seq15,seq13,r_100_16_103,r_100_16_103,0.85,18,121,103,2
20,r_131_56_135,r_128_147_156,r_50_21_109,r_50_21_109,0.46,21,130,109,2
17,r_143_36_41,r_142_46_84,r_35_119_182,r_143_36_41,0.98,0,41,41,2
27,r_142_46_84,seq53,r_70_45_185,r_70_45_185,0.73,0,185,185,2
4,r_137_96_35,seq94,seq99,r_137_96_35,0.49,122,157,35,2
12,r_120_57_178,r_84_148_7,r_75_95_180,r_84_148_7,0.38,83,90,7,2
6,r_51_38_72,seq52,seq41,r_51_38_72,0.99,3,75,72,2
49,r_77_6_47,r_79_81_148,r_1_7_53,r_77_6_47,1.0,0,47,47,2
62,seq15,r_14_110_88,seq13,r_14_110_88,0.99,0,88,88,2
27,r_142_46_84,seq140,r_44_63_146,r_142_46_84,0.72,0,84,84,2
47,r_39_91_75,seq41,seq94,r_39_91_75,1.0,0,75,75,2
40,r_121_22_81,seq124,r_37_25_26,r_121_22_81,1.0,0,81,81,2
74,seq48,r_49_145_160,r_135_47_162,r_49_145_160,0.61,1,161,160,2
24,r_14_110_88,seq15,r_28_109_60,r_14_110_88,0.79,0,88,88,2
34,r_35_119_182,r_143_36_41,seq134,r_35_119_182,0.73,3,185,182,2
36,r_64_107_31,r_66_138_118,seq106,r_64_107_31,0.74,0,31,31,2
29,r_17_114_35,seq18,seq112,r_17_114_35,1.0,0,35,35,2
27,r_142_46_84,r_44_63_146,seq53,r_142_46_84,0.81,16,100,84,2
25,r_146_118_203,seq102,r_84_148_7,r_146_118_203,0.66,-63,140,203,2
12,r_120_57_178,r_75_95_180,seq124,r_120_57_178,0.41,-43,135,178,2
1,r_61_122_56,seq60,seq123,r_61_122_56,1.0,0,56,56,2
38,r_128_147_156,seq133,r_84_148_7,r_128_147_156,0.51,1,157,156,2
28,r_72_127_22,r_75_95_180,seq129,r_72_127_22,0.76,0,22,22,2
34,r_35_119_182,r_40_73_97,r_143_36_41,r_35_119_182,0.44,-119,63,182,2
12,r_120_57_178,seq124,seq58,r_120_57_178,0.85,0,178,178,2
87,seq86,r_87_29_41,r_137_96_35,r_87_29_41,0.85,0,41,41,2
81,seq69,r_68_83_191,seq67,r_68_83_191,0.72,-72,119,191,2
9,r_49_145_160,seq48,seq144,r_49_145_160,0.91,0,160,160,2
31,r_40_73_97,r_75_95_180,r_26_74_120,r_40_73_97,0.82,83,180,97,2
22,r_75_95_180,r_71_30_142,r_40_73_97,r_40_73_97,0.71,44,141,97,2
88,seq89,r_88_139_47,seq94,r_88_139_47,0.67,0,47,47,2
91,seq99,r_100_16_103,seq89,r_100_16_103,1.0,0,103,103,2
46,r_87_29_41,seq86,seq27,r_87_29_41,1.0,0,41,41,2
4,r_137_96_35,r_143_36_41,seq94,r_137_96_35,0.83,0,35,35,2
94,seq106,r_116_105_193,r_64_107_31,r_64_107_31,0.99,5,36,31,2
23,r_28_109_60,seq27,seq108,r_28_109_60,1.0,0,60,60,2
17,r_143_36_41,r_35_119_182,r_125_31_76,r_125_31_76,0.88,107,183,76,2
30,r_20_5_192,r_34_19_12,r_51_6_81,r_20_5_192,1.0,0,192,192,3
14,r_22_55_29,r_23_134_165,seq56,r_22_55_29,0.69,0,29,29,3
30,r_20_5_192,r_21_123_148,r_34_19_12,r_21_123_148,0.6,-13,135,148,3
50,seq0,r_9_95_46,seq3,r_9_95_46,1.0,0,46,46,3
8,r_89_99_115,r_91_131_199,r_32_97_88,r_91_131_199,0.75,-79,120,199,3
23,r_93_41_23,r_91_131_199,seq42,r_93_41_23,0.7,0,23,23,3
31,r_106_127_43,r_108_61_178,seq125,r_106_127_43,1.0,0,43,43,3
26,r_82_52_54,r_86_68_128,seq56,r_82_52_54,0.94,1,55,54,3
16,r_128_66_172,r_129_84_61,r_106_127_43,r_128_66_172,0.97,-111,61,172,3
39,r_98_45_173,r_100_18_92,r_32_97_88,r_98_45_173,0.99,-81,92,173,3
1,r_133_130_10,r_128_66_172,r_106_127_43,r_106_127_43,0.94,38,81,43,3
5,r_139_64_197,seq138,r_36_60_135,r_139_64_197,0.25,0,197,197,3
46,r_57_135_156,seq56,seq136,r_57_135_156,0.82,0,156,156,3
32,r_132_120_25,seq142,r_137_85_187,r_132_120_25,0.29,77,102,25,3
69,seq136,r_137_85_187,r_57_135_156,r_57_135_156,0.77,5,161,156,3
45,r_48_24_115,r_46_65_129,r_23_134_165,r_23_134_165,0.76,-50,115,165,3
10,r_63_33_16,seq62,r_35_101_188,r_63_33_16,0.9,4,20,16,3
15,r_40_44_64,r_43_31_150,seq47,r_43_31_150,0.97,1,151,150,3
7,r_49_73_50,r_46_65_129,seq75,r_49_73_50,0.96,1,51,50,3
45,r_48_24_115,r_23_134_165,r_4_30_96,r_23_134_165,1.0,0,165,165,3
39,r_98_45_173,r_32_97_88,r_40_44_64,r_98_45_173,0.84,0,173,173,3
40,r_4_30_96,seq3,seq29,r_4_30_96,1.0,0,96,96,3
3,r_137_85_187,seq138,r_129_84_61,r_129_84_61,0.52,126,187,61,3
16,r_128_66_172,r_106_127_43,r_25_69_134,r_128_66_172,0.8,0,172,172,3
4,r_108_61_178,seq107,r_140_54_82,r_140_54_82,1.0,96,178,82,3
0,r_53_1_170,seq56,r_92_12_65,r_92_12_65,0.98,107,172,65,3
73,seq59,seq58,r_36_60_135,r_36_60_135,0.96,10,145,135,3
11,r_26_147_74,r_25_69_134,seq146,r_26_147_74,1.0,0,74,74,3
20,r_129_84_61,r_128_66_172,seq83,r_129_84_61,1.0,0,61,61,3
13,r_37_141_117,seq42,seq142,r_37_141_117,0.97,0,117,117,3
15,r_40_44_64,seq42,r_43_31_150,r_40_44_64,0.73,0,64,64,3
48,r_96_10_72,r_98_45_173,r_92_12_65,r_96_10_72,0.97,0,72,72,3
57,seq142,r_144_119_168,r_37_141_117,r_37_141_117,0.93,-1,116,117,3
12,r_23_134_165,r_48_24_115,seq138,r_23_134_165,0.95,0,165,165,3
6,r_25_69_134,r_26_147_74,seq28,r_26_147_74,1.0,0,74,74,3
99,seq125,seq121,r_106_127_43,r_106_127_43,1.0,53,96,43,3
10,r_63_33_16,r_35_101_188,r_93_41_23,r_93_41_23,0.46,165,188,23,3
27,r_51_6_81,seq62,seq3,r_51_6_81,1.0,0,81,81,3
87,seq90,r_91_131_199,r_25_69_134,r_25_69_134,0.95,61,195,134,3
52,seq7,r_4_30_96,seq8,r_4_30_96,0.92,-73,23,96,3
41,r_35_101_188,r_63_33_16,r_116_104_140,r_63_33_16,0.41,172,188,16,3
47,r_144_119_168,seq146,seq113,r_144_119_168,0.57,0,168,168,3
74,seq62,seq56,r_46_65_129,r_46_65_129,0.48,6,135,129,3
18,r_43_31_150,r_46_65_129,r_40_44_64,r_40_44_64,0.98,1,65,64,3
29,r_86_68_128,seq83,seq70,r_86_68_128,0.73,0,128,128,3
24,r_117_148_74,seq113,seq149,r_117_148_74,1.0,0,74,74,3
34,r_34_19_12,r_20_5_192,r_100_18_92,r_100_18_92,1.0,67,159,92,3
25,r_92_12_65,r_91_131_199,seq13,r_92_12_65,1.0,0,65,65,3
33,r_116_104_140,r_110_27_204,seq103,r_116_104_140,0.51,0,140,140,3
64,seq29,seq28,r_4_30_96,r_4_30_96,1.0,11,107,96,3
6,r_25_69_134,seq28,r_86_68_128,r_25_69_134,0.68,0,134,134,3
32,r_132_120_25,r_128_66_172,seq142,r_128_66_172,0.63,-147,25,172,3
42,r_14_124_9,seq125,r_21_123_148,r_21_123_148,0.99,0,148,148,3
34,r_34_19_12,r_35_101_188,r_20_5_192,r_34_19_12,0.95,1,13,12,3
36,r_32_97_88,r_26_147_74,r_25_69_134,r_26_147_74,0.97,-37,37,74,3
60,seq17,r_20_5_192,r_100_18_92,r_100_18_92,1.0,61,153,92,3
17,r_100_18_92,r_98_45_173,r_34_19_12,r_100_18_92,1.0,0,92,92,3
22,r_140_54_82,r_139_64_197,seq56,r_140_54_82,1.0,0,82,82,3
28,r_21_123_148,r_20_5_192,r_14_124_9,r_21_123_148,0.89,0,148,148,3
49,r_38_74_141,seq39,r_49_73_50,r_49_73_50,0.92,91,141,50,3
56,seq13,seq11,r_92_12_65,r_92_12_65,1.0,11,76,65,3
18,r_43_31_150,r_40_44_64,r_4_30_96,r_43_31_150,0.67,1,151,150,3
36,r_32_97_88,r_25_69_134,r_98_45_173,r_32_97_88,0.97,0,88,88,3
35,r_46_65_129,seq47,seq62,r_46_65_129,0.66,0,129,129,3
12,r_23_134_165,r_25_69_134,r_48_24_115,r_48_24_115,0.69,-9,106,115,3
36,r_32_97_88,r_98_45_173,r_89_99_115,r_98_45_173,0.74,0,173,173,3
30,r_104_88_127,seq103,r_34_89_116,r_104_88_127,0.88,0,127,127,4
0,r_116_136_27,seq118,seq141,r_116_136_27,0.86,1,28,27,4
8,r_34_89_116,seq35,seq87,r_34_89_116,0.29,0,116,116,4
11,r_49_91_27,seq48,seq92,r_49_91_27,0.94,2,29,27,4
53,seq133,r_132_90_76,seq131,r_132_90_76,1.0,-13,63,76,4
43,r_33_52_117,r_34_89_116,r_69_45_30,r_69_45_30,0.68,87,117,30,4
38,r_56_96_26,seq53,seq98,r_56_96_26,1.0,-1,25,26,4
83,seq80,r_71_143_184,r_3_81_69,r_3_81_69,1.0,6,75,69,4
37,r_132_90_76,seq133,seq92,r_132_90_76,1.0,0,76,76,4
16,r_36_124_75,seq35,seq126,r_36_124_75,1.0,0,75,75,4
21,r_97_114_101,seq98,seq113,r_97_114_101,0.98,0,101,101,4
39,r_11_84_162,seq17,r_50_12_80,r_50_12_80,1.0,16,96,80,4
97,seq148,r_147_6_68,r_121_79_204,r_147_6_68,0.99,0,68,68,4
5,r_47_59_101,r_46_125_179,r_5_63_83,r_5_63_83,0.46,18,101,83,4
46,r_13_138_181,r_9_15_14,r_116_136_27,r_13_138_181,0.35,0,181,181,4
42,r_3_81_69,r_13_138_181,seq80,r_3_81_69,0.99,0,69,69,4
69,seq38,r_39_111_175,seq31,r_39_111_175,0.51,0,175,175,4
45,r_147_6_68,seq148,seq21,r_147_6_68,1.0,0,68,68,4
24,r_101_14_114,r_56_96_26,r_9_15_14,r_101_14_114,1.0,0,114,114,4
19,r_39_111_175,seq38,r_97_114_101,r_39_111_175,0.64,0,175,175,4
13,r_93_145_17,seq92,r_10_144_21,r_10_144_21,0.5,0,21,21,4
8,r_34_89_116,seq87,r_104_88_127,r_104_88_127,0.99,0,127,127,4
39,r_11_84_162,r_50_12_80,seq85,r_11_84_162,0.95,0,162,162,4
31,r_22_86_148,seq20,seq87,r_22_86_148,0.88,0,148,148,4
81,seq77,r_76_135_92,r_32_74_7,r_76_135_92,0.77,-34,58,92,4
67,seq31,r_34_89_116,seq38,r_34_89_116,0.95,-2,114,116,4
26,r_76_135_92,seq77,r_116_136_27,r_76_135_92,1.0,0,92,92,4
43,r_33_52_117,r_69_45_30,seq53,r_33_52_117,0.36,25,142,117,4
4,r_129_100_87,seq133,r_56_96_26,r_129_100_87,0.85,0,87,87,4
66,seq30,r_36_124_75,r_22_86_148,r_22_86_148,0.99,12,160,148,4
3,r_41_127_36,r_42_7_64,seq122,r_41_127_36,0.93,0,36,36,4
15,r_105_4_89,r_104_88_127,seq21,r_105_4_89,0.9,1,90,89,4
48,r_50_12_80,seq51,r_11_84_162,r_50_12_80,1.0,0,80,80,4
95,seq118,seq115,r_149_117_39,r_149_117_39,0.89,1,40,39,4
6,r_57_140_169,seq78,seq139,r_57_140_169,0.72,1,170,169,4
0,r_116_136_27,seq141,r_76_135_92,r_76_135_92,1.0,52,144,92,4
7,r_149_117_39,seq148,seq118,r_149_117_39,0.77,0,39,39,4
10,r_99_107_41,r_108_2_140,r_97_114_101,r_99_107_41,0.75,99,140,41,4
87,seq87,seq83,r_22_86_148,r_22_86_148,0.87,4,152,148,4
47,r_102_58_92,r_101_14_114,r_5_63_83,r_102_58_92,0.97,0,92,92,4
10,r_99_107_41,r_95_146_113,r_108_2_140,r_99_107_41,0.63,0,41,41,4
40,r_119_128_117,seq120,r_41_127_36,r_41_127_36,0.97,81,117,36,4
18,r_23_75_129,r_22_86_148,r_32_74_7,r_32_74_7,0.86,118,125,7,4
29,r_46_125_179,r_47_59_101,r_69_45_30,r_46_125_179,0.73,-87,92,179,4
66,seq30,r_47_59_101,r_132_90_76,r_47_59_101,0.41,-69,32,101,4
27,r_44_110_50,seq53,seq109,r_44_110_50,0.98,0,50,50,4
25,r_108_2_140,seq109,seq1,r_108_2_140,0.88,0,140,140,4
48,r_50_12_80,r_11_84_162,r_108_2_140,r_50_12_80,0.58,82,162,80,4
68,seq35,r_34_89_116,seq38,r_34_89_116,0.97,0,116,116,4
66,seq30,r_132_90_76,r_36_124_75,r_36_124_75,0.44,-12,63,75,4
32,r_16_137_143,r_9_15_14,r_116_136_27,r_16_137_143,0.74,0,143,143,4
72,seq51,r_50_12_80,seq53,r_50_12_80,1.0,-22,58,80,4
34,r_40_67_62,r_42_7_64,seq60,r_42_7_64,0.82,-2,62,64,4
60,seq21,r_23_75_129,seq17,r_23_75_129,0.99,-55,74,129,4
17,r_112_65_138,seq113,r_40_67_62,r_112_65_138,0.69,0,138,138,4
1,r_10_144_21,r_23_75_129,r_93_145_17,r_10_144_21,1.0,0,21,21,4
9,r_95_146_113,seq94,r_10_144_21,r_95_146_113,0.95,0,113,113,4
24,r_101_14_114,r_102_58_92,r_56_96_26,r_56_96_26,0.82,29,55,26,4
12,r_134_8_25,seq139,seq17,r_134_8_25,0.99,0,25,25,4
29,r_46_125_179,r_69_45_30,r_41_127_36,r_69_45_30,0.38,149,179,30,4
22,r_62_37_108,r_64_130_164,seq38,r_62_37_108,0.64,0,108,108,4
28,r_42_7_64,r_39_111_175,r_134_8_25,r_42_7_64,1.0,0,64,64,4
91,seq103,r_104_88_127,r_123_106_189,r_104_88_127,0.57,1,128,127,4
49,r_64_130_164,seq60,seq131,r_64_130_164,0.66,0,164,164,4
44,r_5_63_83,r_9_15_14,seq60,r_5_63_83,0.97,1,84,83,4
20,r_69_45_30,r_66_19_170,seq48,r_69_45_30,0.83,-1,29,30,4
82,seq78,seq70,r_3_81_69,r_3_81_69,1.0,30,99,69,4
88,seq92,seq83,r_49_91_27,r_49_91_27,0.89,1,28,27,4
30,r_58_93_83,r_54_12_173,r_59_96_25,r_54_12_173,0.72,-91,82,173,5
8,r_140_119_126,r_138_74_170,r_85_118_37,r_140_119_126,0.87,0,126,126,5
14,r_100_14_44,r_103_122_182,seq116,r_100_14_44,0.72,1,45,44,5
37,r_65_26_155,r_64_132_153,r_95_27_52,r_65_26_155,0.58,0,155,155,5
55,seq136,seq144,r_50_135_73,r_50_135_73,1.0,4,77,73,5
21,r_18_142_156,seq17,r_24_145_48,r_24_145_48,0.59,114,162,48,5
46,r_48_90_116,r_47_115_116,r_73_89_103,r_48_90_116,0.66,0,116,116,5
42,r_114_70_102,seq116,r_111_72_28,r_114_70_102,0.85,0,102,102,5
62,seq148,r_146_16_176,r_87_149_11,r_87_149_11,1.0,1,12,11,5
19,r_50_135_73,r_54_12_173,seq136,r_50_135_73,1.0,0,73,73,5
34,r_95_27_52,r_94_108_91,seq28,r_95_27_52,1.0,0,52,52,5
95,seq121,r_120_105_123,r_85_118_37,r_85_118_37,0.63,86,123,37,5
31,r_64_132_153,r_65_26_155,r_86_133_93,r_65_26_155,0.9,-2,153,155,5
3,r_120_105_123,seq121,seq104,r_120_105_123,0.59,0,123,123,5
10,r_91_127_164,seq92,r_86_133_93,r_86_133_93,0.76,71,164,93,5
16,r_146_16_176,r_138_74_170,seq148,r_146_16_176,0.65,-54,122,176,5
48,r_111_72_28,r_110_117_106,seq76,r_111_72_28,0.97,0,28,28,5
14,r_100_14_44,seq116,r_141_53_94,r_141_53_94,0.98,38,132,94,5
9,r_59_96_25,r_47_115_116,seq92,r_59_96_25,0.99,0,25,25,5
78,seq76,r_75_128_86,r_101_77_14,r_75_128_86,1.0,-24,62,86,5
0,r_141_53_94,r_140_119_126,r_43_55_68,r_141_53_94,0.93,0,94,94,5
63,seq21,seq17,r_37_22_103,r_37_22_103,0.96,21,124,103,5
73,seq46,r_45_60_157,r_141_53_94,r_141_53_94,1.0,56,150,94,5
11,r_110_117_106,seq109,seq116,r_110_117_106,0.94,0,106,106,5
5,r_87_149_11,r_101_77_14,seq148,r_87_149_11,0.92,0,11,11,5
20,r_52_97_68,r_50_135_73,seq98,r_52_97_68,0.84,0,68,68,5
57,seq10,seq66,r_54_12_173,r_54_12_173,0.41,3,176,173,5
13,r_75_128_86,seq76,seq129,r_75_128_86,1.0,0,86,86,5
57,seq10,r_11_7_105,seq88,r_11_7_105,0.54,0,105,105,5
18,r_3_112_58,seq2,r_94_108_91,r_3_112_58,1.0,0,58,58,5
79,seq79,r_73_89_103,r_101_77_14,r_101_77_14,0.95,0,14,14,5
85,seq88,seq84,r_73_89_103,r_73_89_103,0.94,11,114,103,5
24,r_94_108_91,r_95_27_52,seq104,r_95_27_52,0.96,-6,46,52,5
87,seq98,seq92,r_52_97_68,r_52_97_68,1.0,39,107,68,5
16,r_146_16_176,seq148,r_138_74_170,r_146_16_176,0.41,-126,50,176,5
2,r_43_55_68,r_44_38_52,r_49_56_59,r_43_55_68,0.89,-2,66,68,5
54,seq129,r_131_15_11,seq143,r_131_15_11,0.66,0,11,11,5
27,r_85_118_37,r_86_133_93,seq121,r_85_118_37,0.87,1,38,37,5
29,r_11_7_105,seq10,seq2,r_11_7_105,0.98,1,106,105,5
33,r_19_99_63,seq21,seq98,r_19_99_63,0.98,0,63,63,5
92,seq109,r_103_122_182,r_120_105_123,r_120_105_123,0.72,24,147,123,5
47,r_44_38_52,r_43_55_68,seq39,r_44_38_52,0.7,-6,46,52,5
54,seq129,r_75_128_86,r_86_133_93,r_86_133_93,0.96,13,106,93,5
7,r_131_15_11,seq129,seq17,r_131_15_11,0.98,0,11,11,5
59,seq144,seq143,r_24_145_48,r_24_145_48,1.0,1,49,48,5
38,r_63_51_158,seq61,r_141_53_94,r_141_53_94,1.0,29,123,94,5
16,r_146_16_176,seq148,r_95_27_52,r_146_16_176,0.88,0,176,176,5
49,r_0_78_21,seq1,r_101_77_14,r_0_78_21,1.0,0,21,21,5
75,seq61,r_63_51_158,r_45_60_157,r_45_60_157,0.58,1,158,157,5
86,seq92,r_91_127_164,r_59_96_25,r_59_96_25,1.0,5,30,25,5
1,r_101_77_14,r_103_122_182,seq79,r_101_77_14,0.86,0,14,14,5
6,r_32_67_33,r_37_22_103,seq66,r_32_67_33,0.63,0,33,33,5
94,seq116,r_114_70_102,seq113,r_114_70_102,1.0,-10,92,102,5
22,r_47_115_116,r_48_90_116,r_110_117_106,r_47_115_116,0.83,0,116,116,5
28,r_68_139_116,seq66,seq137,r_68_139_116,0.98,1,117,116,5
56,seq137,r_138_74_170,r_68_139_116,r_68_139_116,1.0,1,117,116,5
44,r_40_130_93,seq41,seq129,r_40_130_93,1.0,0,93,93,5
23,r_54_12_173,r_49_56_59,seq10,r_49_56_59,0.37,115,174,59,5
35,r_37_22_103,seq39,seq21,r_37_22_103,0.85,7,110,103,5
43,r_24_145_48,r_25_29_173,seq144,r_24_145_48,1.0,0,48,48,5
12,r_73_89_103,seq76,seq88,r_73_89_103,0.88,0,103,103,5
84,seq84,r_86_133_93,seq82,r_86_133_93,1.0,-27,66,93,5
37,r_77_25_92,r_54_36_156,seq26,r_77_25_92,0.77,0,92,92,6
30,r_49_35_129,r_46_147_127,seq37,r_46_147_127,0.93,0,127,127,6
44,r_8_22_13,r_24_86_144,r_77_25_92,r_77_25_92,0.78,48,140,92,6
9,r_132_118_31,r_116_6_152,r_15_115_140,r_132_118_31,0.97,121,152,31,6
44,r_8_22_13,seq11,r_24_86_144,r_8_22_13,1.0,0,13,13,6
14,r_78_84_1,r_88_29_151,r_24_86_144,r_78_84_1,0.74,151,152,1,6
8,r_15_115_140,seq13,r_74_114_102,r_15_115_140,0.95,0,140,140,6
43,r_117_145_76,r_116_6_152,r_101_149_37,r_116_6_152,1.0,-76,76,152,6
50,seq1,seq11,r_47_0_22,r_47_0_22,1.0,0,22,22,6
55,seq11,seq3,r_134_9_29,r_134_9_29,1.0,5,34,29,6
12,r_27_57_54,seq26,r_56_17_149,r_27_57_54,1.0,0,54,54,6
37,r_77_25_92,r_56_17_149,r_54_36_156,r_56_17_149,0.47,-77,72,149,6
59,seq143,seq142,r_40_144_90,r_40_144_90,1.0,7,97,90,6
10,r_120_107_149,r_45_121_43,r_15_115_140,r_15_115_140,1.0,9,149,140,6
16,r_21_23_159,seq20,r_77_25_92,r_77_25_92,1.0,63,155,92,6
21,r_88_29_151,r_78_84_1,r_28_68_172,r_88_29_151,0.34,1,152,151,6
1,r_44_41_126,r_46_147_127,seq42,r_46_147_127,0.89,1,128,127,6
5,r_102_64_189,r_103_106_116,r_105_62_49,r_105_62_49,1.0,138,187,49,6
46,r_128_5_94,r_129_59_162,r_4_10_132,r_128_5_94,0.87,0,94,94,6
42,r_103_106_116,r_102_64_189,r_2_104_23,r_2_104_23,0.92,166,189,23,6
9,r_132_118_31,seq133,r_116_6_152,r_132_118_31,0.94,0,31,31,6
7,r_56_17_149,r_27_57_54,seq16,r_56_17_149,0.95,2,151,149,6
45,r_92_76_118,seq93,seq73,r_92_76_118,0.98,0,118,118,6
46,r_128_5_94,r_4_10_132,r_116_6_152,r_116_6_152,0.99,0,152,152,6
15,r_24_86_144,r_8_22_13,r_78_84_1,r_24_86_144,0.97,0,144,144,6
38,r_109_108_149,r_120_107_149,r_30_110_7,r_30_110_7,0.94,10,17,7,6
41,r_101_149_37,r_102_64_189,seq148,r_101_149_37,0.99,0,37,37,6
27,r_116_6_152,r_132_118_31,r_128_5_94,r_132_118_31,0.94,121,152,31,6
73,seq61,r_66_60_87,r_105_62_49,r_105_62_49,1.0,0,49,49,6
51,seq3,r_2_104_23,seq1,r_2_104_23,0.98,-2,21,23,6
39,r_80_48_44,r_49_35_129,r_138_43_9,r_49_35_129,1.0,4,133,129,6
31,r_47_0_22,r_44_41_126,seq1,r_47_0_22,1.0,0,22,22,6
67,seq37,seq33,r_49_35_129,r_49_35_129,0.39,11,140,129,6
11,r_139_7_27,seq137,seq11,r_139_7_27,0.94,0,27,27,6
0,r_136_32_58,seq135,r_85_31_27,r_136_32_58,0.98,0,58,58,6
21,r_88_29_151,r_28_68_172,r_83_38_8,r_28_68_172,1.0,0,172,172,6
15,r_24_86_144,r_18_14_94,r_8_22_13,r_8_22_13,0.75,5,18,13,6
3,r_4_10_132,seq11,r_128_5_94,r_128_5_94,0.94,1,95,94,6
27,r_116_6_152,r_117_145_76,r_132_118_31,r_116_6_152,0.99,-121,31,152,6
10,r_120_107_149,r_109_108_149,r_45_121_43,r_45_121_43,1.0,51,94,43,6
36,r_134_9_29,r_132_118_31,seq11,r_134_9_29,1.0,0,29,29,6
26,r_123_87_169,seq124,r_78_84_1,r_123_87_169,0.73,0,169,169,6
35,r_96_58_19,r_92_76_118,r_66_60_87,r_96_58_19,0.58,0,19,19,6
18,r_105_62_49,r_102_64_189,seq61,r_105_62_49,1.0,0,49,49,6
29,r_39_69_53,r_40_144_90,r_75_67_52,r_39_69_53,1.0,0,53,53,6
19,r_85_31_27,r_78_84_1,seq33,r_85_31_27,0.98,0,27,27,6
57,seq13,r_15_115_140,r_18_14_94,r_15_115_140,0.91,-46,94,140,6
12,r_27_57_54,r_56_17_149,seq73,r_56_17_149,0.99,0,149,149,6
62,seq20,r_21_23_159,r_77_25_92,r_77_25_92,1.0,65,157,92,6
68,seq42,r_83_38_8,r_44_41_126,r_44_41_126,0.82,2,128,126,6
2,r_45_121_43,r_44_41_126,r_120_107_149,r_45_121_43,1.0,1,44,43,6
47,r_74_114_102,r_77_25_92,r_105_62_49,r_105_62_49,0.98,27,76,49,6
23,r_28_68_172,r_88_29_151,r_105_62_49,r_28_68_172,0.9,0,172,172,6
33,r_52_89_11,r_54_36_156,seq90,r_52_89_11,0.95,0,11,11,6
28,r_75_67_52,r_56_17_149,r_39_69_53,r_39_69_53,0.99,1,54,53,6
61,seq19,r_24_86_144,seq16,r_24_86_144,1.0,0,144,144,6
24,r_131_119_101,r_146_130_5,r_45_121_43,r_131_119_101,0.68,0,101,101,6
52,seq133,r_132_118_31,r_146_130_5,r_132_118_31,0.54,-2,29,31,6
43,r_117_145_76,r_101_149_37,r_46_147_127,r_46_147_127,1.0,39,166,127,6
48,r_138_43_9,r_46_147_127,r_80_48_44,r_138_43_9,0.97,118,127,9,6
88,seq98,seq122,r_45_121_43,r_45_121_43,1.0,43,86,43,6
68,seq42,r_40_144_90,r_83_38_8,r_40_144_90,0.99,-3,87,90,6
3,r_4_10_132,r_128_5_94,r_139_7_27,r_4_10_132,0.75,1,133,132,6
32,r_46_147_127,r_49_35_129,r_101_149_37,r_46_147_127,0.99,0,127,127,6
34,r_129_59_162,r_146_130_5,r_96_58_19,r_146_130_5,0.71,157,162,5,6
64,seq26,r_27_57_54,r_24_86_144,r_27_57_54,1.0,-6,48,54,6
60,seq16,r_15_115_140,seq19,r_15_115_140,0.91,-9,131,140,6
17,r_146_130_5,r_129_59_162,seq125,r_129_59_162,0.92,0,162,162,6
75,seq65,r_66_60_87,r_75_67_52,r_75_67_52,1.0,1,53,52,6
96,seq124,r_123_87_169,seq122,r_123_87_169,1.0,-11,158,169,6
13,r_2_104_23,seq3,r_103_106_116,r_2_104_23,0.95,0,23,23,6
23,r_28_68_172,r_45_121_43,r_85_31_27,r_28_68_172,0.89,-142,30,172,6
22,r_54_36_156,seq53,seq37,r_54_36_156,0.67,0,156,156,6
47,r_74_114_102,r_105_62_49,seq113,r_74_114_102,0.99,0,102,102,6
60,seq16,seq19,r_56_17_149,r_56_17_149,0.58,15,164,149,6
40,r_66_60_87,seq61,r_96_58_19,r_96_58_19,0.97,40,59,19,6
49,r_40_144_90,seq42,seq143,r_40_144_90,0.99,0,90,90,6
39,r_80_48_44,seq79,r_49_35_129,r_80_48_44,1.0,0,44,44,6
7,r_56_17_149,r_77_25_92,r_27_57_54,r_56_17_149,0.9,-77,72,149,6
53,seq135,r_136_32_58,seq142,r_136_32_58,1.0,0,58,58,6
25,r_140_91_12,r_139_7_27,r_52_89_11,r_140_91_12,1.0,0,12,12,6
23,r_28_68_172,r_85_31_27,r_88_29_151,r_88_29_151,0.88,-3,148,151,6
93,seq111,seq109,r_25_110_62,r_25_110_62,1.0,26,88,62,7
30,r_2_49_155,seq3,seq48,r_2_49_155,0.59,0,155,155,7
51,seq132,r_134_0_133,r_1_139_15,r_134_0_133,0.72,-73,60,133,7
47,r_129_124_21,r_126_120_164,seq123,r_129_124_21,0.83,-2,19,21,7
36,r_143_65_60,r_144_86_143,seq63,r_143_65_60,1.0,0,60,60,7
28,r_28_51_14,r_30_76_34,r_69_103_192,r_28_51_14,0.97,1,15,14,7
14,r_137_116_106,seq138,seq117,r_137_116_106,0.83,0,106,106,7
43,r_12_101_101,seq13,seq97,r_12_101_101,0.99,0,101,101,7
41,r_88_11_139,r_128_89_88,seq9,r_88_11_139,1.0,0,139,139,7
27,r_62_15_12,r_58_104_42,seq17,r_62_15_12,0.99,0,12,12,7
37,r_55_39_179,seq54,r_43_36_32,r_43_36_32,0.93,147,179,32,7
3,r_95_31_174,r_66_94_95,seq32,r_95_31_174,0.93,0,174,174,7
39,r_142_29_154,seq146,seq34,r_142_29_154,0.75,0,154,154,7
45,r_99_24_150,seq97,seq14,r_99_24_150,0.89,0,150,150,7
32,r_128_89_88,r_88_11_139,seq87,r_88_11_139,1.0,0,139,139,7
15,r_144_86_143,seq146,r_128_89_88,r_144_86_143,0.71,0,143,143,7
22,r_96_61_30,r_102_52_154,seq63,r_96_61_30,0.99,1,31,30,7
21,r_73_107_19,seq72,seq109,r_73_107_19,1.0,0,19,19,7
56,seq140,seq146,r_81_141_187,r_81_141_187,0.45,0,187,187,7
31,r_5_98_122,seq3,seq97,r_5_98_122,1.0,0,122,122,7
41,r_88_11_139,r_90_108_124,r_128_89_88,r_128_89_88,0.53,36,124,88,7
67,seq38,r_37_6_98,r_43_36_32,r_43_36_32,0.68,66,98,32,7
38,r_113_64_45,seq114,seq63,r_113_64_45,1.0,0,45,45,7
89,seq97,r_99_24_150,r_5_98_122,r_5_98_122,0.62,28,150,122,7
3,r_95_31_174,seq97,r_66_94_95,r_66_94_95,1.0,14,109,95,7
26,r_47_100_106,seq45,r_12_101_101,r_47_100_106,0.87,0,106,106,7
2,r_41_122_13,r_43_36_32,seq123,r_41_122_13,0.99,0,13,13,7
0,r_8_125_162,seq10,r_106_136_110,r_8_125_162,0.88,0,162,162,7
73,seq54,r_55_39_179,r_33_53_28,r_33_53_28,1.0,141,169,28,7
11,r_21_115_74,seq20,seq114,r_21_115_74,1.0,0,74,74,7
98,seq123,seq121,r_129_124_21,r_129_124_21,0.64,88,109,21,7
6,r_119_93_24,seq118,seq109,r_119_93_24,0.95,0,24,24,7
46,r_130_112_174,r_19_131_47,r_58_104_42,r_58_104_42,0.68,132,174,42,7
15,r_144_86_143,r_143_65_60,seq146,r_143_65_60,1.0,1,61,60,7
48,r_106_136_110,seq105,seq135,r_106_136_110,0.87,0,110,110,7
57,seq13,r_12_101_101,r_62_15_12,r_12_101_101,0.84,0,101,101,7
12,r_7_57_12,r_56_22_190,r_18_59_138,r_18_59_138,0.97,11,149,138,7
13,r_19_131_47,r_126_120_164,r_106_136_110,r_106_136_110,0.99,46,156,110,7
56,seq140,r_95_31_174,r_144_86_143,r_95_31_174,0.61,-137,37,174,7
85,seq80,r_81_141_187,r_91_82_116,r_91_82_116,1.0,0,116,116,7
99,seq127,r_126_120_164,r_106_136_110,r_106_136_110,0.74,57,167,110,7
4,r_33_53_28,r_35_27_10,seq54,r_33_53_28,1.0,0,28,28,7
8,r_43_36_32,r_47_100_106,seq38,r_43_36_32,0.99,0,32,32,7
87,seq85,seq87,r_144_86_143,r_144_86_143,0.74,9,152,143,7
40,r_102_52_154,seq97,r_28_51_14,r_102_52_154,0.95,1,155,154,7
29,r_4_145_122,seq3,seq147,r_4_145_122,0.96,0,122,122,7
24,r_68_44_69,r_69_103_192,seq45,r_68_44_69,0.67,0,69,69,7
25,r_66_94_95,r_69_103_192,r_95_31_174,r_66_94_95,0.97,0,95,95,7
20,r_26_71_50,r_21_115_74,seq72,r_26_71_50,1.0,0,50,50,7
33,r_90_108_124,r_88_11_139,r_12_101_101,r_90_108_124,0.97,0,124,124,7
50,seq3,r_4_145_122,r_37_6_98,r_4_145_122,0.99,0,122,122,7
70,seq45,r_47_100_106,r_68_44_69,r_47_100_106,0.68,0,106,106,7
32,r_128_89_88,r_130_112_174,r_88_11_139,r_128_89_88,0.68,-1,87,88,7
52,seq133,r_134_0_133,r_1_139_15,r_134_0_133,0.84,0,133,133,7
44,r_56_22_190,r_58_104_42,r_7_57_12,r_58_104_42,0.95,0,42,42,7
34,r_92_46_114,r_91_82_116,r_68_44_69,r_92_46_114,1.0,0,114,114,7
17,r_134_0_133,seq133,r_37_6_98,r_134_0_133,0.98,0,133,133,7
25,r_66_94_95,r_95_31_174,r_58_104_42,r_95_31_174,1.0,0,174,174,7
9,r_1_139_15,r_8_125_162,seq138,r_1_139_15,0.89,0,15,15,7
28,r_28_51_14,r_69_103_192,r_102_52_154,r_102_52_154,0.99,0,154,154,7
91,seq105,r_106_136_110,r_12_101_101,r_12_101_101,0.84,9,110,101,7
18,r_58_104_42,r_56_22_190,seq109,r_58_104_42,1.0,0,42,42,7
13,r_19_131_47,r_21_115_74,r_126_120_164,r_19_131_47,0.56,0,47,47,7
94,seq114,r_95_31_174,r_21_115_74,r_21_115_74,0.84,5,79,74,7
12,r_7_57_12,r_8_125_162,r_56_22_190,r_7_57_12,0.8,0,12,12,7
7,r_18_59_138,seq20,r_7_57_12,r_18_59_138,0.71,0,138,138,7
23,r_84_16_110,seq83,r_62_15_12,r_84_16_110,0.95,0,110,110,7
94,seq114,r_113_64_45,r_95_31_174,r_113_64_45,0.98,-7,38,45,7
35,r_91_82_116,r_90_108_124,seq80,r_91_82_116,1.0,0,116,116,7
5,r_30_76_34,r_35_27_10,seq77,r_30_76_34,0.96,0,34,34,7
95,seq117,seq118,r_137_116_106,r_137_116_106,0.7,6,112,106,7
46,r_130_112_174,r_128_89_88,r_19_131_47,r_19_131_47,0.77,-1,46,47,7
92,seq109,r_111_126_182,r_4_113_48,r_4_113_48,1.0,134,182,48,8
14,r_15_79_137,r_14_85_92,seq12,r_14_85_92,0.98,1,93,92,8
8,r_34_88_75,seq33,r_54_89_79,r_34_88_75,1.0,0,75,75,8
36,r_7_97_39,r_8_128_103,seq96,r_7_97_39,1.0,0,39,39,8
7,r_137_10_15,r_140_40_29,seq11,r_137_10_15,0.95,0,15,15,8
83,seq83,r_82_68_182,r_47_80_130,r_47_80_130,1.0,52,182,130,8
37,r_81_19_114,r_82_68_182,seq20,r_81_19_114,1.0,0,114,114,8
86,seq93,r_94_104_83,r_110_99_6,r_94_104_83,0.57,23,106,83,8
16,r_87_42_114,seq92,seq41,r_87_42_114,0.9,0,114,114,8
21,r_62_43_152,seq63,r_140_40_29,r_62_43_152,0.51,1,153,152,8
39,r_59_66_125,seq60,r_70_65_8,r_70_65_8,0.6,117,125,8,8
5,r_86_131_81,r_87_42_114,r_132_29_120,r_86_131_81,0.75,0,81,81,8
46,r_8_128_103,seq11,seq127,r_8_128_103,0.99,0,103,103,8
42,r_132_29_120,seq125,r_30_28_9,r_132_29_120,0.92,0,120,120,8
10,r_4_113_48,seq3,seq114,r_4_113_48,1.0,0,48,48,8
19,r_76_52_100,r_77_130_97,seq50,r_76_52_100,0.61,-3,97,100,8
49,r_90_22_53,seq92,seq27,r_90_22_53,0.97,0,53,53,8
66,seq37,seq35,r_49_36_66,r_49_36_66,1.0,38,104,66,8
45,r_115_78_57,r_116_91_66,r_82_68_182,r_82_68_182,0.99,-125,57,182,8
31,r_111_126_182,seq109,r_8_128_103,r_8_128_103,0.99,79,182,103,8
67,seq41,r_44_56_139,r_140_40_29,r_140_40_29,0.99,46,75,29,8
3,r_47_80_130,seq48,r_14_85_92,r_14_85_92,0.99,45,137,92,8
67,seq41,r_140_40_29,r_87_42_114,r_87_42_114,0.89,20,134,114,8
51,seq3,r_4_113_48,seq9,r_4_113_48,1.0,1,49,48,8
4,r_107_55_110,r_108_38_116,r_76_52_100,r_107_55_110,0.89,0,110,110,8
11,r_108_38_116,seq109,r_39_16_191,r_108_38_116,1.0,0,116,116,8
12,r_140_40_29,r_141_6_161,seq41,r_140_40_29,1.0,0,29,29,8
13,r_120_5_121,seq121,seq3,r_120_5_121,1.0,0,121,121,8
6,r_2_117_139,seq1,seq121,r_2_117_139,0.84,0,139,139,8
85,seq92,r_87_42_114,r_116_91_66,r_116_91_66,0.8,19,85,66,8
99,seq127,seq125,r_8_128_103,r_8_128_103,1.0,13,116,103,8
27,r_49_36_66,r_47_80_130,seq37,r_49_36_66,1.0,0,66,66,8
55,seq11,seq9,r_137_10_15,r_137_10_15,1.0,11,26,15,8
51,seq3,seq9,r_120_5_121,r_120_5_121,0.99,0,121,121,8
47,r_44_56_139,seq45,r_107_55_110,r_44_56_139,0.74,0,139,139,8
40,r_30_28_9,r_31_105_177,r_132_29_120,r_132_29_120,1.0,41,161,120,8
18,r_98_18_71,seq96,seq12,r_98_18_71,1.0,0,71,71,8
24,r_138_103_93,seq139,r_94_104_83,r_138_103_93,1.0,0,93,93,8
25,r_133_32_182,seq135,r_30_28_9,r_133_32_182,0.37,0,182,182,8
33,r_46_25_185,seq48,r_90_22_53,r_90_22_53,1.0,132,185,53,8
64,seq33,r_34_88_75,seq35,r_34_88_75,1.0,0,75,75,8
5,r_86_131_81,r_132_29_120,r_77_130_97,r_132_29_120,0.95,0,120,120,8
19,r_76_52_100,seq50,r_107_55_110,r_107_55_110,0.73,10,120,110,8
50,seq1,r_2_117_139,r_17_0_2,r_2_117_139,0.97,0,139,139,8
32,r_54_89_79,r_47_80_130,r_34_88_75,r_34_88_75,1.0,4,79,75,8
14,r_15_79_137,seq12,r_115_78_57,r_15_79_137,1.0,0,137,137,8
34,r_77_130_97,r_76_52_100,r_86_131_81,r_76_52_100,1.0,-3,97,100,8
2,r_84_146_52,r_82_68_182,r_136_144_33,r_84_146_52,1.0,0,52,52,8
28,r_23_142_53,seq26,seq143,r_23_142_53,1.0,0,53,53,8
45,r_115_78_57,r_82_68_182,r_15_79_137,r_15_79_137,1.0,1,138,137,8
17,r_31_105_177,r_30_28_9,r_138_103_93,r_31_105_177,0.61,0,177,177,8
9,r_58_53_146,seq60,r_107_55_110,r_107_55_110,0.8,36,146,110,8
22,r_94_104_83,seq93,r_138_103_93,r_138_103_93,1.0,10,103,93,8
23,r_82_68_182,seq83,r_70_65_8,r_70_65_8,0.87,176,184,8,8
35,r_147_24_71,seq148,seq27,r_147_24_71,1.0,0,71,71,8
43,r_124_119_28,seq123,seq121,r_124_119_28,0.99,0,28,28,8
40,r_24_67_48,r_65_143_135,seq76,r_65_143_135,1.0,0,135,135,9
30,r_114_82_194,r_116_13_106,r_111_71_163,r_116_13_106,0.81,0,106,106,9
36,r_116_13_106,r_114_82_194,seq12,r_116_13_106,0.96,0,106,106,9
2,r_31_2_55,r_20_146_89,r_72_30_15,r_72_30_15,0.97,0,15,15,9
92,seq108,r_109_48_83,r_113_83_155,r_109_48_83,1.0,-18,65,83,9
14,r_15_57_103,seq16,r_32_54_3,r_15_57_103,1.0,0,103,103,9
8,r_62_14_143,r_69_9_103,seq77,r_69_9_103,1.0,-36,67,103,9
3,r_65_143_135,seq73,r_24_67_48,r_24_67_48,1.0,0,48,48,9
37,r_87_35_91,r_85_64_167,seq36,r_87_35_91,0.9,0,91,91,9
3,r_65_143_135,r_24_67_48,r_20_146_89,r_65_143_135,0.99,0,135,135,9
16,r_55_100_119,r_56_135_165,r_99_104_194,r_55_100_119,0.99,0,119,119,9
39,r_113_83_155,r_111_71_163,r_115_112_62,r_115_112_62,1.0,33,95,62,9
1,r_115_112_62,r_113_83_155,r_86_110_68,r_113_83_155,1.0,0,155,155,9
5,r_70_107_109,seq76,seq106,r_70_107_109,1.0,0,109,109,9
42,r_101_75_88,seq98,seq76,r_101_75_88,0.99,0,88,88,9
66,seq133,r_8_137_128,r_56_135_165,r_56_135_165,0.99,4,169,165,9
45,r_99_104_194,seq98,r_55_100_119,r_55_100_119,0.91,29,148,119,9
1,r_115_112_62,r_116_13_106,r_113_83_155,r_115_112_62,0.81,-3,59,62,9
21,r_41_141_45,seq42,seq147,r_41_141_45,1.0,0,45,45,9
19,r_28_148_98,seq26,seq147,r_28_148_98,0.99,0,98,98,9
35,r_134_90_122,r_123_88_30,r_120_91_164,r_134_90_122,0.57,44,166,122,9
34,r_45_117_22,r_50_46_195,seq119,r_45_117_22,0.95,0,22,22,9
39,r_113_83_155,r_115_112_62,seq77,r_113_83_155,1.0,1,156,155,9
31,r_68_10_1,r_8_137_128,r_118_11_59,r_118_11_59,0.91,15,74,59,9
41,r_145_29_120,seq147,r_61_27_14,r_145_29_120,0.77,0,120,120,9
8,r_62_14_143,seq77,r_116_13_106,r_62_14_143,1.0,0,143,143,9
20,r_129_63_20,r_62_14_143,seq77,r_62_14_143,1.0,-20,123,143,9
4,r_20_146_89,seq19,seq147,r_20_146_89,0.98,0,89,89,9
0,r_109_48_83,seq108,r_58_144_173,r_109_48_83,0.97,0,83,83,9
30,r_114_82_194,r_111_71_163,r_45_117_22,r_111_71_163,1.0,-24,139,163,9
48,r_132_51_144,seq133,r_15_57_103,r_132_51_144,0.96,0,144,144,9
6,r_118_11_59,r_120_91_164,r_68_10_1,r_118_11_59,1.0,0,59,59,9
0,r_109_48_83,r_58_144_173,r_23_47_131,r_109_48_83,0.64,61,144,83,9
36,r_116_13_106,seq12,r_62_14_143,r_62_14_143,0.91,41,184,143,9
49,r_72_30_15,r_65_143_135,r_31_2_55,r_72_30_15,0.87,-1,14,15,9
49,r_72_30_15,r_31_2_55,r_61_27_14,r_31_2_55,0.76,0,55,55,9
47,r_69_9_103,r_65_143_135,r_118_11_59,r_69_9_103,0.95,0,103,103,9
18,r_8_137_128,r_6_66_179,seq136,r_8_137_128,0.93,0,128,128,9
29,r_56_135_165,seq53,seq133,r_56_135_165,0.56,0,165,165,9
35,r_134_90_122,r_55_100_119,r_123_88_30,r_55_100_119,0.92,14,133,119,9
67,seq34,seq36,r_105_33_56,r_105_33_56,1.0,2,58,56,9
25,r_120_91_164,seq119,r_134_90_122,r_134_90_122,0.98,43,165,122,9
92,seq108,r_113_83_155,r_86_110_68,r_113_83_155,1.0,0,155,155,9
50,seq0,seq4,r_31_2_55,r_31_2_55,0.99,36,91,55,9
58,seq12,seq26,r_116_13_106,r_116_13_106,1.0,53,159,106,9
70,seq38,r_39_84_148,seq43,r_39_84_148,0.97,-1,147,148,9
20,r_129_63_20,r_79_40_138,r_62_14_143,r_79_40_138,0.46,-67,71,138,9
38,r_79_40_138,seq78,seq43,r_79_40_138,0.54,0,138,138,9
22,r_61_27_14,r_39_84_148,seq26,r_61_27_14,0.96,0,14,14,9
33,r_131_103_44,r_125_130_137,r_99_104_194,r_131_103_44,1.0,0,44,44,9
24,r_1_17_34,seq0,seq16,r_1_17_34,0.97,0,34,34,9
9,r_123_88_30,r_120_91_164,seq89,r_123_88_30,0.83,0,30,30,9
40,r_24_67_48,r_23_47_131,r_65_143_135,r_24_67_48,1.0,0,48,48,9
17,r_23_47_131,seq25,r_109_48_83,r_23_47_131,0.94,0,131,131,9
28,r_85_64_167,seq77,r_111_71_163,r_111_71_163,1.0,7,170,163,9
28,r_85_64_167,r_87_35_91,seq77,r_87_35_91,0.96,0,91,91,9
91,seq106,seq108,r_70_107_109,r_70_107_109,1.0,15,124,109,9
7,r_39_84_148,seq38,seq77,r_39_84_148,0.58,0,148,148,9
44,r_86_110_68,r_87_35_91,seq108,r_86_110_68,1.0,1,69,68,9
23,r_6_66_179,r_68_10_1,r_111_71_163,r_6_66_179,0.58,0,179,179,9
2,r_31_2_55,r_72_30_15,seq3,r_31_2_55,0.92,0,55,55,9
35,r_134_90_122,seq133,r_55_100_119,r_134_90_122,0.36,0,122,122,9
12,r_21_7_140,seq22,r_118_11_59,r_118_11_59,1.0,81,140,59,9
93,seq104,r_106_96_153,r_122_105_17,r_122_105_17,1.0,144,161,17,10
36,r_74_86_124,seq71,seq88,r_74_86_124,0.61,0,124,124,10
14,r_128_91_76,r_126_149_166,seq90,r_128_91_76,1.0,0,76,76,10
43,r_24_44_121,r_22_72_111,r_95_18_80,r_95_18_80,0.85,27,107,80,10
37,r_94_77_163,seq90,r_22_72_111,r_22_72_111,0.98,53,164,111,10
59,seq17,r_76_19_1,r_95_18_80,r_95_18_80,1.0,0,80,80,10
55,seq10,r_13_1_198,r_89_12_81,r_89_12_81,1.0,64,145,81,10
16,r_81_115_124,r_80_36_169,r_148_116_26,r_81_115_124,0.49,0,124,124,10
21,r_136_87_70,r_137_3_141,seq88,r_136_87_70,1.0,0,70,70,10
5,r_73_57_90,r_74_86_124,seq55,r_73_57_90,0.98,0,90,90,10
46,r_78_132_124,r_75_34_159,r_79_133_23,r_75_34_159,0.72,-35,124,159,10
42,r_80_36_169,r_81_115_124,seq71,r_81_115_124,1.0,-40,84,124,10
32,r_0_139_17,r_137_3_141,r_78_132_124,r_0_139_17,0.93,124,141,17,10
19,r_107_48_142,r_106_96_153,r_102_49_50,r_106_96_153,0.81,-11,142,153,10
9,r_16_30_25,r_25_142_80,r_2_31_59,r_25_142_80,1.0,1,81,80,10
30,r_2_31_59,seq5,r_16_30_25,r_2_31_59,0.87,0,59,59,10
27,r_97_9_140,r_120_99_11,r_89_12_81,r_120_99_11,0.81,130,141,11,10
43,r_24_44_121,r_95_18_80,seq43,r_24_44_121,0.96,0,121,121,10
26,r_79_133_23,r_73_57_90,r_0_139_17,r_79_133_23,0.99,0,23,23,10
17,r_131_118_147,seq141,r_0_139_17,r_0_139_17,0.72,6,23,17,10
31,r_117_8_127,seq113,r_89_12_81,r_117_8_127,0.98,0,127,127,10
41,r_126_149_166,seq125,r_14_147_73,r_14_147_73,0.74,93,166,73,10
28,r_33_140_94,r_25_142_80,seq61,r_33_140_94,0.78,-73,21,94,10
1,r_109_92_33,seq108,seq90,r_109_92_33,1.0,0,33,33,10
10,r_114_127_13,r_128_91_76,seq125,r_128_91_76,1.0,1,77,76,10
90,seq98,r_100_35_71,r_97_9_140,r_100_35_71,0.99,0,71,71,10
9,r_16_30_25,seq17,r_25_142_80,r_16_30_25,0.79,0,25,25,10
0,r_89_12_81,r_94_77_163,seq10,r_89_12_81,1.0,0,81,81,10
97,seq113,r_117_8_127,r_50_112_9,r_117_8_127,0.61,-87,40,127,10
11,r_75_34_159,r_78_132_124,seq70,r_78_132_124,0.97,-18,106,124,10
20,r_137_3_141,r_135_26_120,r_79_133_23,r_137_3_141,0.76,-21,120,141,10
13,r_23_103_86,r_22_72_111,r_122_105_17,r_122_105_17,0.99,69,86,17,10
32,r_0_139_17,r_2_31_59,r_137_3_141,r_0_139_17,1.0,1,18,17,10
15,r_95_18_80,r_97_9_140,seq20,r_95_18_80,0.84,0,80,80,10
28,r_33_140_94,seq61,r_100_35_71,r_100_35_71,0.43,0,71,71,10
57,seq143,r_137_3_141,r_25_142_80,r_25_142_80,0.93,0,80,80,10
6,r_100_35_71,r_56_62_202,r_89_12_81,r_100_35_71,0.38,45,116,71,10
49,r_135_26_120,seq27,r_2_31_59,r_135_26_120,0.84,11,131,120,10
90,seq98,r_97_9_140,r_120_99_11,r_97_9_140,1.0,-32,108,140,10
6,r_100_35_71,r_89_12_81,r_75_34_159,r_100_35_71,0.82,75,146,71,10
33,r_122_105_17,seq121,seq104,r_122_105_17,1.0,0,17,17,10
4,r_25_142_80,r_22_72_111,r_16_30_25,r_16_30_25,0.43,2,27,25,10
4,r_25_142_80,r_16_30_25,seq143,r_25_142_80,0.99,1,81,80,10
40,r_14_147_73,r_13_1_198,seq146,r_14_147_73,0.97,0,73,73,10
18,r_106_96_153,seq104,r_120_99_11,r_120_99_11,0.88,150,161,11,10
6,r_100_35_71,r_33_140_94,r_56_62_202,r_33_140_94,0.72,0,94,94,10
24,r_148_116_26,seq144,seq113,r_148_116_26,0.76,0,26,26,10
3,r_15_119_15,r_13_1_198,seq121,r_15_119_15,1.0,0,15,15,10
42,r_80_36_169,seq71,r_11_41_9,r_11_41_9,0.37,161,170,9,10
38,r_54_138_120,seq52,r_0_139_17,r_54_138_120,0.99,0,120,120,10
20,r_137_3_141,r_79_133_23,r_51_4_69,r_137_3_141,0.99,0,141,141,10
11,r_75_34_159,seq70,r_100_35_71,r_75_34_159,0.97,0,159,159,10
29,r_46_123_24,r_114_127_13,seq125,r_114_127_13,0.44,120,133,13,10
22,r_124_29_144,r_114_127_13,r_2_31_59,r_124_29_144,0.66,0,144,144,10
29,r_46_123_24,r_54_138_120,r_114_127_13,r_46_123_24,1.0,0,24,24,10
49,r_135_26_120,r_137_3_141,seq27,r_135_26_120,0.46,0,120,120,10
56,seq141,seq143,r_33_140_94,r_33_140_94,1.0,23,117,94,10
44,r_51_4_69,r_54_138_120,seq5,r_51_4_69,0.75,0,69,69,10
23,r_102_49_50,seq101,seq52,r_102_49_50,0.87,0,50,50,10
17,r_131_118_147,r_0_139_17,seq108,r_131_118_147,0.36,-2,145,147,10
27,r_97_9_140,r_100_35_71,r_120_99_11,r_97_9_140,0.55,-99,41,140,10
28,r_33_140_94,r_100_35_71,seq141,r_33_140_94,0.99,0,94,94,10
35,r_67_42_79,seq66,r_11_41_9,r_11_41_9,0.62,75,84,9,10
23,r_102_49_50,seq52,r_107_48_142,r_107_48_142,0.62,14,156,142,10
8,r_28_134_39,r_31_86_180,seq136,r_28_134_39,1.0,0,39,39,11
51,seq132,seq129,r_91_108_89,r_91_108_89,0.59,0,89,89,11
36,r_15_42_128,r_16_84_129,r_56_40_39,r_15_42_128,0.71,0,128,128,11
92,seq106,seq110,r_91_108_89,r_91_108_89,1.0,27,116,89,11
14,r_53_96_70,r_54_94_149,r_80_93_69,r_53_96_70,0.87,0,70,70,11
29,r_11_109_45,seq12,seq110,r_11_109_45,1.0,0,45,45,11
16,r_138_116_99,seq133,seq118,r_138_116_99,0.76,0,99,99,11
1,r_66_88_177,r_69_21_184,r_16_84_129,r_69_21_184,0.58,-5,179,184,11
5,r_104_27_129,seq103,seq29,r_104_27_129,0.99,0,129,129,11
2,r_32_75_20,r_35_141_50,seq74,r_32_75_20,0.98,-2,18,20,11
21,r_95_147_43,r_91_108_89,seq146,r_95_147_43,0.86,0,43,43,11
35,r_78_4_36,r_80_93_69,r_3_25_177,r_78_4_36,1.0,0,36,36,11
0,r_35_141_50,r_34_43_156,seq144,r_35_141_50,1.0,0,50,50,11
31,r_76_62_158,seq74,r_32_75_20,r_32_75_20,0.47,133,153,20,11
30,r_131_8_21,r_130_41_202,seq7,r_131_8_21,1.0,-1,20,21,11
10,r_16_84_129,r_15_42_128,r_102_89_52,r_16_84_129,0.94,0,129,129,11
4,r_126_36_98,r_127_10_136,seq38,r_126_36_98,0.92,0,98,98,11
11,r_143_57_170,seq144,seq60,r_143_57_170,0.41,0,170,170,11
46,r_102_89_52,r_104_27_129,r_87_148_169,r_102_89_52,1.0,0,52,52,11
13,r_80_93_69,seq81,seq92,r_80_93_69,1.0,0,69,69,11
46,r_102_89_52,r_87_148_169,r_16_84_129,r_16_84_129,0.89,40,169,129,11
15,r_125_82_70,r_128_5_72,seq83,r_125_82_70,1.0,0,70,70,11
48,r_59_17_111,seq60,seq23,r_59_17_111,0.87,0,111,111,11
18,r_54_94_149,r_44_145_82,seq49,r_44_145_82,0.93,-51,31,82,11
33,r_69_21_184,r_112_68_102,seq18,r_69_21_184,0.9,0,184,184,11
35,r_78_4_36,r_3_25_177,r_128_5_72,r_128_5_72,0.78,20,92,72,11
6,r_70_105_136,r_69_21_184,seq103,r_70_105_136,0.93,0,136,136,11
27,r_73_50_190,seq71,r_58_51_117,r_58_51_117,0.56,76,193,117,11
3,r_115_77_16,r_119_113_146,seq81,r_115_77_16,0.98,0,16,16,11
94,seq110,r_107_122_23,r_112_68_102,r_107_122_23,0.7,-11,12,23,11
24,r_128_5_72,r_127_10_136,r_78_4_36,r_128_5_72,1.0,0,72,72,11
43,r_87_148_169,r_102_89_52,r_35_141_50,r_102_89_52,0.49,117,169,52,11
33,r_69_21_184,r_70_105_136,r_112_68_102,r_69_21_184,0.51,-48,136,184,11
47,r_127_10_136,r_107_122_23,seq12,r_127_10_136,0.99,-1,135,136,11
26,r_58_51_117,r_48_0_173,r_120_52_141,r_58_51_117,0.78,34,151,117,11
50,seq1,r_3_25_177,r_149_2_67,r_149_2_67,1.0,-1,66,67,11
68,seq33,r_34_43_156,r_127_10_136,r_127_10_136,0.72,20,156,136,11
23,r_56_40_39,r_58_51_117,seq37,r_56_40_39,0.62,-6,33,39,11
32,r_120_52_141,seq121,r_58_51_117,r_58_51_117,0.62,23,140,117,11
38,r_149_2_67,seq146,seq1,r_149_2_67,1.0,0,67,67,11
37,r_72_13_26,seq71,seq7,r_72_13_26,0.99,1,27,26,11
51,seq132,r_91_108_89,seq133,r_91_108_89,0.32,40,129,89,11
49,r_107_122_23,seq106,seq121,r_107_122_23,0.78,1,24,23,11
34,r_112_68_102,seq110,seq64,r_112_68_102,0.99,0,102,102,11
43,r_87_148_169,r_85_47_58,r_102_89_52,r_87_148_169,0.99,-110,59,169,11
75,seq49,r_48_0_173,r_85_47_58,r_85_47_58,1.0,34,92,58,11
47,r_127_10_136,r_128_5_72,r_107_122_23,r_128_5_72,0.92,-17,55,72,11
93,seq146,seq139,r_95_147_43,r_95_147_43,1.0,0,43,43,11
81,seq74,r_76_62_158,r_115_77_16,r_115_77_16,0.52,129,145,16,11
22,r_65_124_28,r_63_14_166,seq123,r_65_124_28,1.0,0,28,28,11
91,seq103,r_104_27_129,r_138_116_99,r_104_27_129,0.48,0,129,129,11
45,r_85_47_58,r_87_148_169,seq49,r_85_47_58,1.0,1,59,58,11
7,r_91_108_89,seq90,seq106,r_91_108_89,1.0,0,89,89,11
18,r_54_94_149,seq49,r_80_93_69,r_54_94_149,0.53,0,149,149,11
44,r_67_99_82,r_70_105_136,seq100,r_67_99_82,1.0,0,82,82,11
79,seq71,r_73_50_190,r_32_75_20,r_32_75_20,0.99,162,182,20,11
12,r_44_145_82,r_46_55_195,seq144,r_44_145_82,1.0,-1,81,82,11
23,r_56_40_39,seq37,r_15_42_128,r_15_42_128,0.62,0,128,128,11
84,seq83,r_87_148_169,r_125_82_70,r_125_82_70,1.0,20,90,70,11
27,r_136_49_26,r_50_24_74,seq36,r_50_24_74,1.0,0,74,74,12
51,seq129,r_128_18_71,seq135,r_128_18_71,1.0,0,71,71,12
36,r_128_18_71,seq129,r_30_15_81,r_128_18_71,1.0,0,71,71,12
14,r_47_87_165,r_46_134_78,seq42,r_46_134_78,1.0,0,78,78,12
53,seq4,seq0,r_51_3_8,r_51_3_8,0.94,68,76,8,12
47,r_11_25_171,r_68_12_128,r_102_28_92,r_68_12_128,0.84,41,169,128,12
44,r_10_97_14,r_6_84_146,seq92,r_10_97_14,1.0,0,14,14,12
3,r_34_19_13,r_20_139_142,seq31,r_20_139_142,0.99,-20,122,142,12
16,r_126_7_189,seq124,r_147_5_166,r_147_5_166,0.77,23,189,166,12
21,r_95_29_70,seq96,seq21,r_95_29_70,1.0,0,70,70,12
39,r_125_33_145,r_126_7_189,r_127_43_89,r_126_7_189,0.71,-43,146,189,12
5,r_147_5_166,r_103_149_3,seq8,r_147_5_166,0.62,2,168,166,12
46,r_89_66_59,r_86_13_138,r_119_67_11,r_89_66_59,0.95,0,59,59,12
11,r_119_67_11,seq120,seq64,r_119_67_11,0.94,0,11,11,12
80,seq82,r_83_141_116,seq85,r_83_141_116,0.85,0,116,116,12
69,seq53,seq72,r_52_54_167,r_52_54_167,0.33,7,174,167,12
10,r_102_28_92,r_144_116_26,r_44_26_86,r_102_28_92,1.0,0,92,92,12
43,r_88_61_43,r_86_13_138,seq63,r_88_61_43,1.0,0,43,43,12
31,r_127_43_89,r_126_7_189,seq42,r_127_43_89,0.98,0,89,89,12
10,r_102_28_92,r_111_108_27,r_144_116_26,r_102_28_92,0.52,-31,61,92,12
25,r_79_23_39,r_80_148_100,seq21,r_79_23_39,1.0,0,39,39,12
14,r_47_87_165,seq42,r_6_84_146,r_47_87_165,0.81,0,165,165,12
13,r_144_116_26,r_103_149_3,seq117,r_144_116_26,0.73,-1,25,26,12
4,r_17_99_162,seq16,r_128_18_71,r_128_18_71,1.0,16,87,71,12
78,seq78,r_80_148_100,seq77,r_80_148_100,0.99,0,100,100,12
0,r_56_140_149,r_71_55_31,r_90_138_109,r_56_140_149,0.59,0,149,149,12
3,r_34_19_13,r_44_26_86,r_20_139_142,r_34_19_13,0.68,0,13,13,12
47,r_11_25_171,r_20_139_142,r_6_84_146,r_20_139_142,0.86,-113,29,142,12
15,r_132_2_122,seq131,r_51_3_8,r_132_2_122,0.86,0,122,122,12
48,r_113_93_179,r_115_133_133,seq91,r_115_133_133,0.92,0,133,133,12
27,r_136_49_26,seq121,r_50_24_74,r_136_49_26,0.99,0,26,26,12
4,r_17_99_162,r_128_18_71,r_62_101_87,r_17_99_162,0.98,0,162,162,12
57,seq16,r_17_99_162,r_65_14_77,r_65_14_77,1.0,10,87,77,12
6,r_142_130_68,r_143_38_157,seq131,r_143_38_157,0.55,-89,68,157,12
62,seq32,seq36,r_60_45_39,r_60_45_39,1.0,29,68,39,12
87,seq100,seq98,r_62_101_87,r_62_101_87,1.0,66,153,87,12
41,r_20_139_142,r_34_19_13,r_83_141_116,r_20_139_142,0.97,0,142,142,12
74,seq72,r_57_70_26,r_27_69_156,r_27_69_156,1.0,0,156,156,12
18,r_86_13_138,seq85,r_68_12_128,r_86_13_138,0.79,0,138,138,12
29,r_65_14_77,seq64,r_30_15_81,r_65_14_77,1.0,1,78,77,12
24,r_80_148_100,seq78,r_103_149_3,r_80_148_100,0.94,0,100,100,12
33,r_27_69_156,seq21,seq59,r_27_69_156,0.86,0,156,156,12
42,r_50_24_74,r_44_26_86,r_136_49_26,r_50_24_74,0.55,-27,47,74,12
47,r_11_25_171,r_6_84_146,r_68_12_128,r_68_12_128,0.85,3,131,128,12
68,seq42,seq36,r_60_45_39,r_60_45_39,1.0,21,60,39,12
61,seq31,r_30_15_81,r_102_28_92,r_102_28_92,1.0,-1,91,92,12
38,r_115_133_133,r_113_93_179,seq135,r_113_93_179,0.85,-46,133,179,12
52,seq131,r_128_18_71,r_142_130_68,r_128_18_71,1.0,0,71,71,12
34,r_30_15_81,seq31,r_65_14_77,r_65_14_77,1.0,14,91,77,12
42,r_50_24_74,r_136_49_26,seq21,r_50_24_74,1.0,0,74,74,12
41,r_20_139_142,r_11_25_171,r_34_19_13,r_34_19_13,0.8,2,15,13,12
81,seq85,r_86_13_138,seq82,r_86_13_138,0.99,0,138,138,12
17,r_52_54_167,r_71_55_31,seq53,r_71_55_31,0.37,48,79,31,12
9,r_6_84_146,seq8,seq82,r_6_84_146,0.84,0,146,146,12
22,r_62_101_87,seq63,seq100,r_62_101_87,0.97,0,87,87,12
12,r_68_12_128,r_9_76_184,r_86_13_138,r_9_76_184,0.6,-34,150,184,12
49,r_105_35_167,r_111_108_27,r_136_49_26,r_136_49_26,0.64,140,166,26,12
7,r_46_134_78,r_47_87_165,seq135,r_46_134_78,1.0,0,78,78,12
35,r_48_114_186,seq36,r_127_43_89,r_127_43_89,1.0,39,128,89,12
12,r_68_12_128,seq72,r_9_76_184,r_9_76_184,0.7,-54,130,184,12
23,r_60_45_39,r_62_101_87,seq42,r_60_45_39,1.0,0,39,39,12
36,r_130_46_126,seq123,r_38_33_63,r_130_46_126,0.59,0,126,126,13
92,seq114,seq111,r_69_113_78,r_69_113_78,1.0,16,94,78,13
14,r_110_15_68,r_109_149_96,seq14,r_110_15_68,1.0,0,68,68,13
37,r_44_50_120,r_45_63_137,seq51,r_45_63_137,0.39,-17,120,137,13
19,r_43_99_28,r_45_63_137,seq101,r_43_99_28,1.0,0,28,28,13
39,r_78_133_60,seq80,seq132,r_78_133_60,0.99,0,60,60,13
1,r_13_18_23,r_19_39_142,r_38_33_63,r_38_33_63,0.66,66,129,63,13
5,r_126_85_110,r_128_94_110,seq84,r_126_85_110,0.45,2,112,110,13
46,r_116_97_115,seq115,r_128_94_110,r_116_97_115,0.64,0,115,115,13
42,r_27_89_61,seq34,seq87,r_27_89_61,0.99,0,61,61,13
32,r_100_41_95,seq101,seq40,r_100_41_95,1.0,1,96,95,13
69,seq42,r_45_63_137,r_38_33_63,r_38_33_63,0.69,46,109,63,13
24,r_47_8_124,r_68_148_126,r_9_7_137,r_47_8_124,1.0,0,124,124,13
30,r_48_144_59,r_47_8_124,seq145,r_48_144_59,1.0,0,59,59,13
16,r_125_131_133,r_126_85_110,r_102_127_19,r_102_127_19,0.99,1,20,19,13
87,seq101,r_103_96_129,r_100_41_95,r_103_96_129,0.7,-108,21,129,13
10,r_91_92_150,r_90_60_140,r_28_88_99,r_28_88_99,0.95,33,132,99,13
26,r_38_33_63,seq34,r_86_37_33,r_86_37_33,1.0,34,67,33,13
4,r_22_119_78,r_23_83_144,seq121,r_22_119_78,1.0,0,78,78,13
63,seq31,r_30_55_143,r_53_29_67,r_53_29_67,0.8,0,67,67,13
20,r_107_143_149,seq111,r_48_144_59,r_48_144_59,1.0,90,149,59,13
13,r_69_113_78,seq70,seq114,r_69_113_78,0.98,0,78,78,13
85,seq87,r_90_60_140,r_27_89_61,r_27_89_61,1.0,11,72,61,13
87,seq101,r_100_41_95,r_43_99_28,r_100_41_95,1.0,1,96,95,13
27,r_77_129_82,seq80,seq123,r_77_129_82,0.99,0,82,82,13
24,r_47_8_124,r_48_144_59,r_68_148_126,r_48_144_59,1.0,-7,52,59,13
2,r_105_2_91,r_100_41_95,seq3,r_105_2_91,0.99,0,91,91,13
47,r_75_98_121,seq74,r_43_99_28,r_75_98_121,0.91,0,121,121,13
40,r_109_149_96,seq111,seq147,r_109_149_96,0.88,0,96,96,13
18,r_68_148_126,seq61,r_109_149_96,r_68_148_126,0.54,1,127,126,13
29,r_117_24_131,seq118,r_38_33_63,r_117_24_131,0.58,0,131,131,13
86,seq93,seq80,r_128_94_110,r_128_94_110,0.98,2,112,110,13
88,seq145,r_141_146_111,r_48_144_59,r_48_144_59,1.0,10,69,59,13
68,seq40,seq34,r_100_41_95,r_100_41_95,1.0,25,120,95,13
38,r_103_96_129,seq101,r_116_97_115,r_116_97_115,0.86,14,129,115,13
34,r_12_62_102,seq10,seq57,r_12_62_102,0.97,1,103,102,13
94,seq118,r_117_24_131,r_22_119_78,r_22_119_78,0.98,56,134,78,13
9,r_16_79_82,seq14,seq80,r_16_79_82,0.99,0,82,82,13
96,seq121,seq120,r_22_119_78,r_22_119_78,1.0,0,78,78,13
21,r_23_83_144,r_22_119_78,seq17,r_22_119_78,0.93,-29,49,78,13
28,r_142_108_116,r_141_146_111,seq111,r_142_108_116,0.54,0,116,116,13
49,r_6_71_129,seq5,r_20_72_53,r_6_71_129,0.67,0,129,129,13
0,r_20_72_53,r_19_39_142,seq70,r_20_72_53,0.87,0,53,53,13
43,r_86_37_33,r_90_60_140,seq36,r_86_37_33,1.0,0,33,33,13
3,r_102_127_19,r_103_96_129,r_125_131_133,r_102_127_19,0.57,0,19,19,13
7,r_141_146_111,r_142_108_116,seq147,r_142_108_116,0.6,-25,91,116,13
44,r_0_134_129,seq10,r_78_133_60,r_0_134_129,0.83,0,129,129,13
32,r_100_41_95,r_105_2_91,seq101,r_105_2_91,0.77,-68,23,91,13
11,r_19_39_142,r_20_72_53,r_13_18_23,r_13_18_23,0.69,23,46,23,13
12,r_28_88_99,r_30_55_143,r_27_89_61,r_30_55_143,0.87,-44,99,143,13
93,seq106,r_108_96_142,r_55_126_99,r_55_126_99,0.86,42,141,99,14
30,r_36_86_84,r_35_132_129,seq85,r_36_86_84,0.9,0,84,84,14
36,r_103_82_4,seq81,r_129_83_191,r_129_83_191,1.0,6,197,191,14
86,seq85,seq92,r_84_87_13,r_84_87_13,1.0,2,15,13,14
16,r_16_118_170,r_22_142_138,r_98_17_14,r_98_17_14,1.0,0,14,14,14
88,seq92,r_99_58_71,r_93_14_77,r_93_14_77,0.34,-60,17,77,14
3,r_128_116_184,r_127_44_35,seq125,r_127_44_35,0.94,0,35,35,14
37,r_22_142_138,seq18,seq140,r_22_142_138,0.6,0,138,138,14
3,r_128_116_184,seq125,r_55_126_99,r_55_126_99,1.0,23,122,99,14
59,seq13,seq15,r_93_14_77,r_93_14_77,1.0,0,77,77,14
21,r_122_95_123,r_120_76_164,seq85,r_122_95_123,0.49,2,125,123,14
39,r_141_3_149,seq144,r_143_4_30,r_143_4_30,0.8,119,149,30,14
1,r_80_114_170,seq81,r_55_126_99,r_80_114_170,0.57,0,170,170,14
55,seq7,seq6,r_94_9_82,r_94_9_82,1.0,2,84,82,14
42,r_107_60_66,r_108_96_142,seq56,r_107_60_66,1.0,0,66,66,14
35,r_115_145_142,r_128_116_184,r_22_142_138,r_115_145_142,0.97,0,142,142,14
45,r_94_9_82,r_93_14_77,r_46_8_92,r_46_8_92,0.76,-10,82,92,14
33,r_11_121_74,r_120_76_164,r_65_119_23,r_120_76_164,1.0,-26,138,164,14
11,r_69_112_12,r_113_49_148,seq110,r_113_49_148,0.97,0,148,148,14
27,r_98_17_14,r_16_118_170,r_54_21_129,r_16_118_170,0.95,-4,166,170,14
0,r_127_44_35,r_128_116_184,seq45,r_127_44_35,1.0,0,35,35,14
15,r_143_4_30,seq144,seq1,r_143_4_30,1.0,0,30,30,14
18,r_113_49_148,r_108_96_142,r_69_112_12,r_69_112_12,0.93,31,43,12,14
31,r_27_78_126,seq28,r_79_53_165,r_27_78_126,0.9,0,126,126,14
41,r_57_2_126,seq56,r_143_4_30,r_57_2_126,0.86,1,127,126,14
10,r_10_68_112,seq7,seq67,r_10_68_112,0.99,0,112,112,14
90,seq100,r_99_58_71,seq85,r_99_58_71,0.88,0,71,71,14
26,r_38_101_114,seq45,seq104,r_38_101_114,0.98,0,114,114,14
16,r_16_118_170,r_98_17_14,r_65_119_23,r_98_17_14,0.64,156,170,14,14
88,seq92,seq85,r_108_96_142,r_108_96_142,0.97,23,165,142,14
17,r_79_53_165,r_27_78_126,r_88_33_102,r_79_53_165,0.82,0,165,165,14
21,r_122_95_123,seq85,r_108_96_142,r_122_95_123,0.6,42,165,123,14
22,r_77_133_53,r_79_53_165,seq130,r_77_133_53,1.0,0,53,53,14
20,r_75_30_111,r_73_124_199,seq25,r_73_124_199,0.55,-86,113,199,14
13,r_46_8_92,seq45,r_94_9_82,r_94_9_82,0.76,11,93,82,14
48,r_48_0_92,seq45,seq1,r_48_0_92,0.68,1,93,92,14
17,r_79_53_165,r_77_133_53,seq81,r_77_133_53,0.97,-2,51,53,14
85,seq81,r_80_114_170,r_27_78_126,r_27_78_126,0.64,43,169,126,14
88,seq92,r_93_14_77,seq85,r_93_14_77,0.92,-3,74,77,14
29,r_65_119_23,seq62,r_120_76_164,r_65_119_23,0.99,0,23,23,14
47,r_129_83_191,seq131,r_103_82_4,r_103_82_4,0.48,186,190,4,14
40,r_105_47_68,r_129_83_191,r_127_44_35,r_105_47_68,0.74,0,68,68,14
74,seq45,seq39,r_127_44_35,r_127_44_35,1.0,30,65,35,14
24,r_147_138_141,seq148,seq140,r_147_138_141,0.84,2,143,141,14
43,r_61_42_18,r_65_119_23,seq41,r_65_119_23,0.96,-5,18,23,14
25,r_120_76_164,r_122_95_123,r_11_121_74,r_11_121_74,1.0,2,76,74,14
33,r_11_121_74,seq7,r_120_76_164,r_11_121_74,1.0,0,74,74,14
31,r_27_78_126,r_79_53_165,seq81,r_79_53_165,0.85,0,165,165,14
86,seq85,seq92,r_36_86_84,r_36_86_84,0.83,2,86,84,14
19,r_84_87_13,r_103_82_4,r_89_90_53,r_84_87_13,0.99,0,13,13,14
32,r_55_126_99,r_57_2_126,r_128_116_184,r_55_126_99,0.99,0,99,99,14
34,r_99_58_71,seq100,seq56,r_99_58_71,1.0,0,71,71,14
81,seq67,seq66,r_10_68_112,r_10_68_112,0.99,45,157,112,14
25,r_120_76_164,r_11_121_74,seq70,r_120_76_164,0.7,1,165,164,14
9,r_35_132_129,seq34,r_77_133_53,r_35_132_129,0.97,0,129,129,14
96,seq117,r_120_76_164,r_65_119_23,r_65_119_23,0.47,142,165,23,14
50,seq1,seq7,r_143_4_30,r_143_4_30,1.0,5,35,30,14
11,r_69_112_12,seq66,r_113_49_148,r_69_112_12,0.99,0,12,12,14
29,r_65_119_23,r_120_76_164,r_11_121_74,r_11_121_74,0.99,93,167,74,14
46,r_111_19_41,seq110,seq20,r_111_19_41,1.0,0,41,41,14
49,r_37_64_98,r_38_101_114,r_99_58_71,r_37_64_98,0.95,0,98,98,14
7,r_54_21_129,seq56,r_111_19_41,r_111_19_41,0.97,88,129,41,14
44,r_74_135_196,r_73_124_199,r_35_132_129,r_35_132_129,0.99,63,192,129,14
23,r_88_33_102,r_89_90_53,seq34,r_88_33_102,1.0,0,102,102,14
17,r_79_53_165,seq81,r_27_78_126,r_79_53_165,0.39,-33,132,165,14
35,r_115_145_142,r_120_76_164,r_128_116_184,r_120_76_164,0.6,-53,111,164,14
27,r_98_17_14,seq97,r_16_118_170,r_98_17_14,1.0,0,14,14,14
84,seq72,r_73_124_199,r_120_76_164,r_120_76_164,1.0,35,199,164,14
15,r_102_75_49,seq100,r_80_76_29,r_102_75_49,1.0,0,49,49,15
30,r_149_130_90,r_147_39_129,seq138,r_149_130_90,0.99,0,90,90,15
36,r_2_47_61,r_5_136_168,r_97_46_59,r_2_47_61,1.0,0,61,61,15
92,seq108,r_113_137_129,seq110,r_113_137_129,0.97,8,137,129,15
14,r_83_37_62,r_86_53_78,seq38,r_83_37_62,1.0,0,62,62,15
8,r_120_119_89,r_123_103_189,seq127,r_123_103_189,0.81,-30,159,189,15
43,r_10_106_82,seq11,r_57_105_80,r_10_106_82,1.0,1,83,82,15
83,seq71,r_70_140_75,r_66_72_13,r_70_140_75,0.98,0,75,75,15
16,r_122_145_132,r_123_103_189,seq146,r_122_145_132,0.74,-2,130,132,15
39,r_84_58_62,r_86_53_78,r_33_62_39,r_33_62_39,1.0,21,60,39,15
5,r_21_13_135,seq25,r_77_15_129,r_77_15_129,0.93,6,135,129,15
46,r_142_65_120,seq143,seq64,r_142_65_120,0.9,0,120,120,15
80,seq64,r_63_43_138,r_142_65_120,r_142_65_120,0.74,8,128,120,15
45,r_131_93_174,seq138,r_104_94_23,r_131_93_174,0.39,0,174,174,15
1,r_97_46_59,r_98_124_139,seq45,r_97_46_59,0.99,0,59,59,15
19,r_42_81_66,r_52_133_180,seq82,r_42_81_66,1.0,0,66,66,15
33,r_121_139_12,seq141,r_70_140_75,r_70_140_75,1.0,1,76,75,15
76,seq54,r_52_133_180,r_86_53_78,r_86_53_78,1.0,11,89,78,15
38,r_104_94_23,r_95_132_180,r_131_93_174,r_104_94_23,0.5,157,180,23,15
77,seq59,seq60,r_33_62_39,r_33_62_39,1.0,0,39,39,15
9,r_126_87_58,seq127,seq90,r_126_87_58,1.0,0,58,58,15
6,r_50_85_55,r_52_133_180,seq82,r_50_85_55,0.99,0,55,55,15
37,r_56_61_111,r_57_105_80,r_63_43_138,r_57_105_80,1.0,-32,48,80,15
17,r_88_40_40,r_83_37_62,seq35,r_88_40_40,0.77,0,40,40,15
72,seq38,seq35,r_83_37_62,r_83_37_62,1.0,86,148,62,15
0,r_19_34_129,seq20,seq35,r_19_34_129,0.82,0,129,129,15
11,r_98_124_139,r_95_132_180,r_123_103_189,r_98_124_139,0.72,0,139,139,15
3,r_66_72_13,seq64,seq71,r_66_72_13,0.9,0,13,13,15
13,r_27_44_177,seq25,r_69_29_4,r_69_29_4,0.92,113,117,4,15
98,seq148,r_147_39_129,seq146,r_147_39_129,0.96,0,129,129,15
23,r_92_55_141,seq100,r_86_53_78,r_92_55_141,0.99,0,141,141,15
13,r_27_44_177,r_69_29_4,r_97_46_59,r_27_44_177,0.89,1,178,177,15
85,seq78,r_77_15_129,seq74,r_77_15_129,1.0,0,129,129,15
99,seq127,r_125_51_168,r_120_119_89,r_125_51_168,0.85,0,168,168,15
27,r_116_73_160,seq117,r_66_72_13,r_116_73_160,0.47,0,160,160,15
42,r_129_32_20,r_135_8_157,r_69_29_4,r_129_32_20,0.74,0,20,20,15
4,r_33_62_39,seq22,seq59,r_33_62_39,1.0,0,39,39,15
2,r_135_8_157,seq138,seq6,r_135_8_157,0.58,0,157,157,15
47,r_91_79_75,seq89,seq78,r_91_79_75,0.42,0,75,75,15
40,r_52_133_180,seq54,r_5_136_168,r_52_133_180,0.35,0,180,180,15
25,r_123_103_189,r_120_119_89,r_98_124_139,r_98_124_139,0.81,20,159,139,15
20,r_9_41_89,seq0,r_88_40_40,r_9_41_89,0.82,0,89,89,15
32,r_86_53_78,seq82,seq54,r_86_53_78,1.0,0,78,78,15
84,seq74,r_83_37_62,r_80_76_29,r_83_37_62,1.0,-38,24,62,15
38,r_104_94_23,r_113_137_129,r_95_132_180,r_104_94_23,0.58,-2,21,23,15
34,r_57_105_80,seq64,r_84_58_62,r_84_58_62,0.55,-2,60,62,15
35,r_95_132_180,r_104_94_23,r_5_136_168,r_95_132_180,0.96,0,180,180,15
33,r_121_139_12,r_135_8_157,seq141,r_121_139_12,0.75,0,12,12,15
37,r_56_61_111,r_63_43_138,r_33_62_39,r_33_62_39,0.91,72,111,39,15
22,r_113_137_129,seq108,seq138,r_113_137_129,0.68,8,137,129,15
17,r_88_40_40,seq35,r_9_41_89,r_9_41_89,1.0,3,92,89,15
10,r_26_112_19,seq22,seq108,r_26_112_19,1.0,0,19,19,15
49,r_77_15_129,seq78,seq16,r_77_15_129,1.0,0,129,129,15
34,r_57_105_80,r_84_58_62,r_26_112_19,r_57_105_80,0.93,0,80,80,15
56,seq128,r_135_8_157,seq127,r_135_8_157,0.59,-20,137,157,15
44,r_70_140_75,seq71,r_121_139_12,r_70_140_75,1.0,0,75,75,15
23,r_92_55_141,r_95_132_180,seq100,r_92_55_141,0.68,-50,91,141,15
35,r_95_132_180,r_98_124_139,r_104_94_23,r_95_132_180,0.71,-41,139,180,15
12,r_125_51_168,seq127,r_92_55_141,r_125_51_168,0.45,0,168,168,15
93,seq110,r_111_56_167,seq114,r_111_56_167,0.78,0,167,167,16
58,seq17,seq10,r_32_15_97,r_32_15_97,0.94,2,99,97,16
43,r_123_8_123,seq127,r_25_9_31,r_123_8_123,0.96,0,123,123,16
53,seq7,seq1,r_115_6_31,r_115_6_31,1.0,1,32,31,16
25,r_112_74_89,r_40_79_6,seq83,r_112_74_89,0.47,56,145,89,16
16,r_134_104_130,r_137_105_174,seq103,r_134_104_130,0.84,0,130,130,16
39,r_29_78_134,seq26,r_40_79_6,r_29_78_134,0.9,0,134,134,16
1,r_57_63_114,r_59_46_184,r_86_67_46,r_86_67_46,1.0,10,56,46,16
14,r_130_43_43,seq128,r_42_72_153,r_130_43_43,0.99,0,43,43,16
46,r_40_79_6,r_77_80_150,r_29_78_134,r_29_78_134,0.81,9,143,134,16
42,r_88_4_166,seq98,r_115_6_31,r_115_6_31,0.89,135,166,31,16
45,r_77_80_150,r_40_79_6,seq82,r_77_80_150,0.45,0,150,150,16
30,r_132_93_46,r_137_105_174,seq95,r_132_93_46,0.98,-2,44,46,16
22,r_115_6_31,seq114,seq7,r_115_6_31,0.99,0,31,31,16
26,r_16_138_53,seq17,r_139_135_167,r_16_138_53,1.0,0,53,53,16
3,r_19_97_69,seq22,seq99,r_19_97_69,1.0,0,69,69,16
20,r_69_121_157,r_68_142_183,r_14_122_2,r_69_121_157,0.51,0,157,157,16
13,r_139_135_167,r_137_105_174,r_16_138_53,r_16_138_53,1.0,52,105,53,16
15,r_137_105_174,r_136_89_131,r_16_138_53,r_16_138_53,0.99,75,128,53,16
48,r_70_5_103,r_69_121_157,r_115_6_31,r_70_5_103,0.95,0,103,103,16
6,r_116_28_131,seq118,seq26,r_116_28_131,0.79,0,131,131,16
18,r_87_81_35,r_141_133_144,seq82,r_87_81_35,0.59,-13,22,35,16
9,r_50_35_54,seq49,r_53_37_13,r_50_35_54,0.88,-8,46,54,16
27,r_75_2_63,r_77_80_150,seq3,r_75_2_63,1.0,0,63,63,16
40,r_109_119_160,r_111_56_167,r_69_121_157,r_109_119_160,0.33,1,161,160,16
29,r_111_56_167,seq110,r_45_55_157,r_111_56_167,0.45,0,167,167,16
24,r_136_89_131,r_137_105_174,r_20_90_4,r_136_89_131,0.67,0,131,131,16
25,r_112_74_89,seq114,r_40_79_6,r_112_74_89,0.43,1,90,89,16
33,r_61_39_64,seq60,seq44,r_61_39_64,0.68,1,65,64,16
68,seq38,r_36_117_127,r_53_37_13,r_53_37_13,0.56,1,14,13,16
47,r_42_72_153,r_130_43_43,r_57_63_114,r_57_63_114,0.77,44,158,114,16
32,r_20_90_4,seq95,r_136_89_131,r_136_89_131,0.82,22,153,131,16
38,r_41_0_123,r_42_72_153,r_75_2_63,r_42_72_153,0.55,-30,123,153,16
5,r_25_9_31,r_115_6_31,r_75_2_63,r_75_2_63,1.0,5,68,63,16
47,r_42_72_153,r_41_0_123,r_130_43_43,r_130_43_43,0.65,2,45,43,16
34,r_13_145_84,seq17,r_51_146_7,r_13_145_84,1.0,0,84,84,16
75,seq58,r_59_46_184,r_57_63_114,r_57_63_114,0.98,65,179,114,16
94,seq114,r_112_74_89,seq118,r_112_74_89,1.0,0,89,89,16
15,r_137_105_174,r_16_138_53,r_134_104_130,r_137_105_174,0.68,0,174,174,16
19,r_76_148_35,r_77_80_150,seq147,r_76_148_35,0.98,-2,33,35,16
58,seq17,r_16_138_53,r_13_145_84,r_16_138_53,0.68,-18,35,53,16
5,r_25_9_31,r_75_2_63,r_123_8_123,r_123_8_123,1.0,1,124,123,16
49,r_91_65_100,seq95,seq64,r_91_65_100,1.0,0,100,100,16
7,r_141_133_144,seq140,r_16_138_53,r_16_138_53,1.0,87,140,53,16
44,r_94_143_101,seq95,r_51_146_7,r_94_143_101,0.91,1,102,101,16
5,r_25_9_31,r_29_78_134,r_115_6_31,r_25_9_31,0.86,0,31,31,16
35,r_68_142_183,r_69_121_157,r_57_63_114,r_68_142_183,0.62,-26,157,183,16
12,r_36_117_127,seq38,seq118,r_36_117_127,0.85,0,127,127,16
2,r_86_67_46,seq85,r_101_66_12,r_86_67_46,1.0,-1,45,46,16
30,r_70_45_121,seq72,r_95_43_47,r_95_43_47,0.88,74,121,47,17
46,r_118_75_18,seq121,seq73,r_118_75_18,1.0,0,18,18,17
36,r_56_11_95,r_57_104_164,seq12,r_56_11_95,0.98,4,99,95,17
9,r_41_35_113,r_14_44_15,seq34,r_41_35_113,0.65,-4,109,113,17
18,r_127_60_78,r_57_104_164,r_144_61_100,r_144_61_100,0.91,4,104,100,17
48,r_106_120_81,r_107_119_47,seq97,r_107_119_47,0.55,1,48,47,17
92,seq102,seq100,r_113_101_80,r_113_101_80,0.82,21,101,80,17
14,r_82_140_96,seq83,r_31_139_28,r_82_140_96,0.99,0,96,96,17
8,r_23_10_105,r_25_42_109,seq6,r_23_10_105,0.98,0,105,105,17
37,r_18_48_71,r_16_108_69,seq46,r_18_48_71,0.54,-1,70,71,17
86,seq86,seq92,r_40_87_24,r_40_87_24,0.94,36,60,24,17
39,r_114_125_124,r_113_101_80,seq111,r_113_101_80,0.75,0,80,80,17
1,r_27_117_167,seq28,r_107_119_47,r_27_117_167,0.63,0,167,167,17
16,r_32_64_16,r_31_139_28,seq66,r_32_64_16,0.9,-3,13,16,17
32,r_95_43_47,r_14_44_15,r_70_45_121,r_70_45_121,1.0,4,125,121,17
45,r_149_143_167,seq147,r_82_140_96,r_82_140_96,0.99,71,167,96,17
33,r_141_74_42,seq147,r_118_75_18,r_141_74_42,1.0,0,42,42,17
32,r_95_43_47,r_134_103_3,r_14_44_15,r_95_43_47,1.0,0,47,47,17
15,r_69_30_156,r_141_74_42,seq28,r_69_30_156,0.9,0,156,156,17
11,r_89_137_42,r_138_116_143,r_94_136_108,r_89_137_42,0.58,101,143,42,17
95,seq115,seq124,r_107_119_47,r_107_119_47,0.8,14,61,47,17
31,r_94_136_108,seq92,r_146_93_29,r_146_93_29,0.96,61,90,29,17
10,r_144_61_100,seq145,r_127_60_78,r_144_61_100,0.95,0,100,100,17
9,r_41_35_113,r_40_87_24,r_14_44_15,r_40_87_24,0.66,-8,16,24,17
43,r_98_3_29,seq97,seq5,r_98_3_29,1.0,0,29,29,17
4,r_113_101_80,r_114_125_124,seq102,r_113_101_80,0.62,0,80,80,17
20,r_9_84_167,seq8,r_146_93_29,r_146_93_29,0.62,138,167,29,17
15,r_69_30_156,r_70_45_121,r_141_74_42,r_141_74_42,0.76,52,94,42,17
94,seq111,seq109,r_54_110_5,r_54_110_5,0.96,39,44,5,17
23,r_40_87_24,r_41_35_113,seq86,r_40_87_24,1.0,0,24,24,17
34,r_14_44_15,r_41_35_113,r_95_43_47,r_95_43_47,1.0,14,61,47,17
6,r_81_19_74,r_82_140_96,r_22_20_67,r_81_19_74,1.0,0,74,74,17
57,seq12,r_9_84_167,r_56_11_95,r_56_11_95,1.0,5,100,95,17
40,r_62_17_53,r_63_105_101,seq15,r_62_17_53,0.97,0,53,53,17
27,r_51_71_159,seq52,r_141_74_42,r_141_74_42,0.58,117,159,42,17
87,seq91,seq92,r_50_90_98,r_50_90_98,1.0,4,102,98,17
48,r_106_120_81,seq97,seq121,r_106_120_81,0.9,0,81,81,17
22,r_138_116_143,r_89_137_42,seq115,r_138_116_143,0.96,0,143,143,17
22,r_138_116_143,seq147,r_89_137_42,r_89_137_42,0.79,-1,41,42,17
2,r_57_104_164,r_59_135_175,r_134_103_3,r_134_103_3,0.55,161,164,3,17
41,r_31_139_28,seq147,r_82_140_96,r_82_140_96,0.97,0,96,96,17
47,r_26_49_146,seq34,seq52,r_26_49_146,0.59,0,146,146,17
74,seq55,r_59_135_175,r_127_60_78,r_127_60_78,1.0,92,170,78,17
18,r_127_60_78,r_129_112_185,r_57_104_164,r_127_60_78,0.77,0,78,78,17
29,r_0_47_178,seq5,r_18_48_71,r_0_47_178,0.35,0,178,178,17
25,r_24_65_77,r_23_10_105,r_32_64_16,r_24_65_77,0.96,0,77,77,17
39,r_114_125_124,seq111,seq128,r_114_125_124,0.87,0,124,124,17
31,r_94_136_108,r_146_93_29,r_89_137_42,r_94_136_108,1.0,0,108,108,17
0,r_146_93_29,r_144_61_100,seq92,r_146_93_29,1.0,0,29,29,17
38,r_22_20_67,r_23_10_105,r_81_19_74,r_22_20_67,0.82,31,98,67,17
41,r_31_139_28,r_27_117_167,seq147,r_31_139_28,0.97,0,28,28,17
34,r_14_44_15,r_13_36_181,r_41_35_113,r_14_44_15,0.83,-4,11,15,17
60,seq145,r_144_61_100,seq147,r_144_61_100,1.0,0,100,100,17
17,r_50_90_98,r_51_71_159,seq91,r_50_90_98,0.85,0,98,98,17
96,seq121,seq115,r_106_120_81,r_106_120_81,1.0,28,109,81,17
13,r_122_21_23,seq121,r_22_20_67,r_122_21_23,1.0,0,23,23,17
28,r_25_42_109,r_22_20_67,seq37,r_25_42_109,0.45,0,109,109,17
44,r_16_108_69,seq80,r_63_105_101,r_63_105_101,0.98,15,116,101,17
49,r_13_36_181,r_16_108_69,r_62_17_53,r_13_36_181,0.95,-123,58,181,17
56,seq8,r_9_84_167,r_23_10_105,r_23_10_105,1.0,62,167,105,17
7,r_59_135_175,seq55,r_114_125_124,r_114_125_124,0.95,51,175,124,17
44,r_16_108_69,r_18_48_71,seq80,r_16_108_69,1.0,0,69,69,17
35,r_58_77_68,r_57_104_164,seq78,r_58_77_68,0.99,0,68,68,17
24,r_7_96_29,r_9_84_167,seq97,r_7_96_29,0.99,2,31,29,17
11,r_89_137_42,seq91,r_138_116_143,r_89_137_42,1.0,0,42,42,17
12,r_148_1_162,r_149_143_167,seq2,r_148_1_162,0.59,1,163,162,17
84,seq83,r_82_140_96,seq80,r_82_140_96,1.0,0,96,96,17
14,r_20_70_29,r_21_16_36,r_74_56_176,r_20_70_29,0.74,0,29,29,18
30,r_101_77_139,seq103,r_149_75_78,r_149_75_78,0.68,61,139,78,18
36,r_92_146_168,seq94,r_54_148_81,r_92_146_168,0.87,-1,167,168,18
8,r_59_5_168,r_45_58_7,seq3,r_59_5_168,0.56,0,168,168,18
53,seq133,seq135,r_64_134_119,r_64_134_119,1.0,14,133,119,18
81,seq76,r_20_70_29,r_101_77_139,r_101_77_139,0.97,7,146,139,18
37,r_9_86_203,seq11,r_128_10_57,r_128_10_57,1.0,54,111,57,18
16,r_41_26_178,seq38,r_68_27_29,r_68_27_29,0.59,149,178,29,18
21,r_54_148_81,seq55,seq133,r_54_148_81,1.0,0,81,81,18
97,seq120,r_122_84_70,seq114,r_122_84_70,0.95,1,71,70,18
42,r_111_89_98,r_112_83_134,seq91,r_111_89_98,0.92,0,98,98,18
80,seq67,r_66_117_96,seq42,r_66_117_96,1.0,-29,67,96,18
99,seq124,r_1_126_4,r_54_148_81,r_54_148_81,0.4,0,81,81,18
32,r_51_0_60,r_22_19_61,seq42,r_51_0_60,0.55,95,155,60,18
45,r_121_96_65,r_122_84_70,seq97,r_121_96_65,0.94,1,66,65,18
32,r_51_0_60,seq42,r_90_14_142,r_51_0_60,0.51,111,171,60,18
34,r_104_144_105,r_54_148_81,r_93_141_172,r_93_141_172,0.81,0,172,172,18
40,r_140_17_38,seq139,r_21_16_36,r_140_17_38,0.88,0,38,38,18
31,r_78_52_110,seq76,seq55,r_78_52_110,0.73,8,118,110,18
81,seq76,r_78_52_110,r_20_70_29,r_20_70_29,0.67,29,58,29,18
41,r_145_95_148,r_143_110_150,r_121_96_65,r_145_95_148,0.47,0,148,148,18
10,r_80_69_179,r_81_63_93,seq82,r_81_63_93,0.99,-29,64,93,18
43,r_68_27_29,r_45_58_7,seq29,r_68_27_29,0.8,0,29,29,18
14,r_20_70_29,r_74_56_176,r_37_79_169,r_20_70_29,0.31,120,149,29,18
4,r_109_125_127,seq108,r_1_126_4,r_109_125_127,0.99,1,128,127,18
11,r_33_60_180,seq32,r_81_63_93,r_81_63_93,0.79,87,180,93,18
1,r_143_110_150,seq120,r_61_118_161,r_143_110_150,0.51,22,172,150,18
15,r_34_18_66,seq35,r_22_19_61,r_34_18_66,0.61,-6,60,66,18
48,r_22_19_61,seq23,r_34_18_66,r_22_19_61,0.58,-1,60,61,18
6,r_100_15_87,r_101_77_139,r_21_16_36,r_100_15_87,1.0,0,87,87,18
0,r_25_130_26,seq24,seq131,r_25_130_26,0.97,0,26,26,18
21,r_54_148_81,seq133,r_92_146_168,r_92_146_168,0.98,-1,167,168,18
99,seq124,r_54_148_81,r_143_110_150,r_143_110_150,0.56,-32,118,150,18
10,r_80_69_179,seq82,r_20_70_29,r_80_69_179,0.57,0,179,179,18
87,seq94,r_93_141_172,r_145_95_148,r_145_95_148,0.56,25,173,148,18
60,seq131,r_129_147_205,r_25_130_26,r_25_130_26,1.0,1,27,26,18
34,r_104_144_105,r_143_110_150,r_54_148_81,r_143_110_150,0.94,0,150,150,18
47,r_142_12_98,r_143_110_150,seq11,r_142_12_98,1.0,0,98,98,18
18,r_31_123_167,seq29,seq124,r_31_123_167,0.63,0,167,167,18
29,r_112_83_134,seq114,seq82,r_112_83_134,0.82,0,134,134,18
25,r_138_72_190,seq139,r_122_84_70,r_122_84_70,0.71,121,191,70,18
33,r_64_134_119,seq67,seq133,r_64_134_119,1.0,0,119,119,18
88,seq97,r_98_119_196,r_121_96_65,r_121_96_65,0.81,22,87,65,18
58,seq11,r_9_86_203,r_142_12_98,r_142_12_98,1.0,4,102,98,18
39,r_128_10_57,r_129_147_205,r_9_86_203,r_128_10_57,1.0,0,57,57,18
61,seq23,r_22_19_61,seq24,r_22_19_61,0.58,64,125,61,18
32,r_51_0_60,r_50_53_86,r_22_19_61,r_51_0_60,0.83,0,60,60,18
99,seq124,seq137,r_1_126_4,r_1_126_4,0.42,52,56,4,18
77,seq55,r_50_53_86,r_45_58_7,r_50_53_86,0.4,86,172,86,18
34,r_104_144_105,r_106_132_154,r_143_110_150,r_104_144_105,0.54,0,105,105,18
19,r_99_85_58,seq87,r_122_84_70,r_99_85_58,0.58,40,98,58,18
2,r_21_16_36,seq23,r_140_17_38,r_140_17_38,1.0,1,39,38,18
9,r_122_84_70,r_121_96_65,r_99_85_58,r_122_84_70,0.92,-1,69,70,18
28,r_149_75_78,r_127_113_178,seq135,r_149_75_78,0.55,-66,12,78,18
28,r_149_75_78,seq135,r_74_56_176,r_149_75_78,0.98,0,78,78,18
22,r_1_126_4,r_127_113_178,r_109_125_127,r_109_125_127,0.93,51,178,127,18
49,r_81_63_93,r_80_69_179,seq62,r_81_63_93,0.95,0,93,93,18
20,r_88_39_23,r_90_14_142,seq38,r_88_39_23,0.92,0,23,23,18
44,r_74_56_176,r_73_65_120,r_149_75_78,r_149_75_78,1.0,42,120,78,18
23,r_66_117_96,seq67,seq116,r_66_117_96,0.96,0,96,96,18
82,seq82,r_80_69_179,r_112_83_134,r_112_83_134,0.86,17,151,134,18
79,seq62,r_61_118_161,r_81_63_93,r_81_63_93,0.7,68,161,93,18
35,r_127_113_178,r_1_126_4,r_143_110_150,r_1_126_4,0.72,174,178,4,18
12,r_73_65_120,r_74_56_176,r_88_39_23,r_88_39_23,0.89,96,119,23,18
19,r_99_85_58,r_98_119_196,seq87,r_99_85_58,0.75,-1,57,58,18
40,r_23_134_136,seq25,r_5_131_6,r_23_134_136,0.77,0,136,136,19
30,r_69_115_62,seq70,r_7_118_20,r_69_115_62,1.0,0,62,62,19
36,r_124_60_94,seq125,r_59_30_182,r_124_60_94,0.89,0,94,94,19
43,r_143_43_115,seq142,seq41,r_143_43_115,0.99,0,115,115,19
54,seq136,seq132,r_46_130_48,r_46_130_48,1.0,111,159,48,19
83,seq140,r_139_123_121,seq137,r_139_123_121,1.0,0,121,121,19
48,r_7_118_20,r_8_84_37,seq117,r_7_118_20,0.7,0,20,20,19
10,r_50_74_151,r_34_135_192,r_54_149_66,r_34_135_192,0.39,-182,10,192,19
5,r_53_104_22,r_54_149_66,seq103,r_53_104_22,1.0,0,22,22,19
16,r_73_127_76,seq72,r_4_128_35,r_73_127_76,1.0,0,76,76,19
21,r_9_52_82,seq6,r_116_51_49,r_9_52_82,0.99,0,82,82,19
39,r_32_97_179,seq31,seq96,r_32_97_179,0.45,0,179,179,19
12,r_46_130_48,seq47,seq136,r_46_130_48,1.0,1,49,48,19
1,r_34_135_192,seq35,r_46_130_48,r_46_130_48,0.86,140,188,48,19
28,r_95_10_51,seq99,seq12,r_95_10_51,0.99,0,51,51,19
24,r_112_88_150,r_129_111_50,r_24_92_88,r_24_92_88,0.62,62,150,88,19
8,r_54_149_66,r_53_104_22,r_138_57_25,r_54_149_66,0.82,-39,27,66,19
14,r_8_84_37,seq6,r_141_82_40,r_8_84_37,0.98,0,37,37,19
76,seq58,r_59_30_182,r_86_61_176,r_59_30_182,0.31,0,182,182,19
31,r_139_123_121,seq140,seq125,r_139_123_121,0.92,0,121,121,19
41,r_106_0_75,r_100_56_86,seq2,r_106_0_75,0.93,1,76,75,19
17,r_91_121_175,r_87_90_65,seq122,r_91_121_175,0.86,0,175,175,19
27,r_4_128_35,seq1,r_129_111_50,r_4_128_35,0.78,0,35,35,19
89,seq85,r_86_61_176,r_8_84_37,r_8_84_37,0.96,90,127,37,19
3,r_89_105_147,r_91_121_175,r_53_104_22,r_89_105_147,0.52,0,147,147,19
27,r_4_128_35,r_129_111_50,r_5_131_6,r_129_111_50,0.9,0,50,50,19
26,r_100_56_86,seq102,seq55,r_100_56_86,1.0,1,87,86,19
27,r_4_128_35,r_5_131_6,r_73_127_76,r_73_127_76,0.85,8,84,76,19
9,r_138_57_25,seq137,seq55,r_138_57_25,0.91,0,25,25,19
45,r_108_22_24,r_100_56_86,seq19,r_108_22_24,0.98,0,24,24,19
0,r_146_120_168,r_147_144_61,seq119,r_147_144_61,0.64,107,168,61,19
23,r_17_45_40,seq14,seq47,r_17_45_40,0.98,1,41,40,19
19,r_44_110_59,r_39_63_164,r_7_118_20,r_44_110_59,1.0,0,59,59,19
49,r_129_111_50,r_4_128_35,r_112_88_150,r_129_111_50,0.99,0,50,50,19
37,r_87_90_65,seq72,r_91_121_175,r_91_121_175,0.43,-138,37,175,19
6,r_64_49_156,seq62,seq47,r_64_49_156,0.9,0,156,156,19
99,seq125,r_126_107_154,r_139_123_121,r_139_123_121,0.77,27,148,121,19
46,r_141_82_40,r_139_123_121,r_8_84_37,r_141_82_40,0.97,0,40,40,19
29,r_116_51_49,seq117,r_138_57_25,r_116_51_49,0.56,1,50,49,19
8,r_54_149_66,r_138_57_25,r_42_148_29,r_54_149_66,1.0,1,67,66,19
36,r_124_60_94,r_59_30_182,r_86_61_176,r_124_60_94,0.56,87,181,94,19
24,r_112_88_150,r_113_79_182,r_129_111_50,r_129_111_50,1.0,6,56,50,19
49,r_129_111_50,r_133_36_179,r_4_128_35,r_4_128_35,0.77,4,39,35,19
35,r_109_76_11,r_113_79_182,seq75,r_109_76_11,0.76,1,12,11,19
2,r_39_63_164,seq40,r_124_60_94,r_39_63_164,0.69,0,164,164,19
47,r_16_101_128,seq14,r_53_104_22,r_16_101_128,0.84,0,128,128,19
18,r_113_79_182,seq117,r_8_84_37,r_8_84_37,0.69,145,182,37,19
84,seq75,r_89_105_147,r_109_76_11,r_109_76_11,0.67,0,11,11,19
25,r_126_107_154,seq125,r_53_104_22,r_126_107_154,0.71,1,155,154,19
33,r_68_15_180,seq70,seq14,r_68_15_180,0.5,0,180,180,19
32,r_59_30_182,seq58,seq31,r_59_30_182,0.33,1,183,182,19
38,r_48_11_122,seq47,r_95_10_51,r_48_11_122,0.82,0,122,122,19
34,r_83_145_102,seq77,r_147_144_61,r_83_145_102,0.97,0,102,102,19
15,r_93_29_28,r_94_13_179,seq28,r_93_29_28,0.98,0,28,28,19
81,seq70,r_71_3_152,seq65,r_71_3_152,0.93,0,152,152,19
17,r_91_121_175,r_89_105_147,r_87_90_65,r_91_121_175,0.63,-28,147,175,19
29,r_116_51_49,r_138_57_25,r_9_52_82,r_116_51_49,0.77,39,88,49,19
37,r_87_90_65,r_91_121_175,r_24_92_88,r_24_92_88,0.98,87,175,88,19
22,r_24_92_88,seq25,r_87_90_65,r_24_92_88,1.0,0,88,88,19
42,r_42_148_29,seq142,r_54_149_66,r_54_149_66,1.0,1,67,66,19
7,r_94_13_179,seq99,r_71_3_152,r_94_13_179,0.26,0,179,179,19
44,r_147_144_61,r_146_120_168,r_83_145_102,r_83_145_102,0.76,4,106,102,19
40,r_23_134_136,r_39_63_164,seq25,r_23_134_136,0.57,-114,22,136,19
42,r_42_148_29,r_39_63_164,seq142,r_42_148_29,0.93,0,29,29,19
49,r_129_111_50,r_112_88_150,r_69_115_62,r_129_111_50,0.67,103,153,50,19
82,seq72,r_73_127_76,r_109_76_11,r_73_127_76,0.82,0,76,76,19
93,seq110,r_111_47_71,r_80_108_5,r_111_47_71,1.0,0,71,71,20
36,r_78_76_164,seq72,r_45_77_12,r_78_76_164,0.7,-97,67,164,20
23,r_17_10_28,seq16,r_105_9_8,r_17_10_28,0.95,0,28,28,20
92,seq106,seq102,r_75_96_76,r_75_96_76,0.93,-12,64,76,20
38,r_11_43_53,r_12_71_73,r_134_42_4,r_11_43_53,0.96,0,53,53,20
27,r_86_67_12,r_82_133_109,seq66,r_86_67_12,0.64,0,12,12,20
54,seq6,r_5_56_159,r_128_7_54,r_128_7_54,0.99,45,99,54,20
83,seq83,r_82_133_109,r_40_84_66,r_82_133_109,0.75,1,110,109,20
14,r_52_74_31,r_75_96_76,r_78_76_164,r_75_96_76,1.0,10,86,76,20
77,seq62,seq65,r_107_61_37,r_107_61_37,0.53,7,44,37,20
39,r_149_70_93,r_132_146_9,r_12_71_73,r_149_70_93,1.0,0,93,93,20
5,r_82_133_109,seq83,seq137,r_82_133_109,1.0,0,109,109,20
46,r_5_56_159,seq6,seq57,r_5_56_159,0.87,0,159,159,20
42,r_139_15_98,seq137,r_105_9_8,r_139_15_98,0.99,0,98,98,20
80,seq69,r_78_76_164,r_12_71_73,r_12_71_73,1.0,7,80,73,20
12,r_144_89_35,r_145_50_155,r_88_37_140,r_144_89_35,1.0,0,35,35,20
19,r_112_29_68,seq115,r_100_31_47,r_112_29_68,1.0,0,68,68,20
37,r_109_141_177,r_112_29_68,r_80_108_5,r_112_29_68,0.82,-43,25,68,20
18,r_148_97_12,r_135_103_166,seq99,r_148_97_12,0.58,0,12,12,20
1,r_100_31_47,r_98_68_44,seq32,r_100_31_47,1.0,0,47,47,20
67,seq34,r_33_64_118,seq32,r_33_64_118,0.88,0,118,118,20
3,r_48_20_178,seq46,seq24,r_48_20_178,0.41,1,179,178,20
26,r_14_117_92,r_5_56_159,seq116,r_14_117_92,1.0,0,92,92,20
72,seq53,r_51_73_106,r_134_42_4,r_51_73_106,0.74,0,106,106,20
0,r_135_103_166,seq137,r_27_104_142,r_135_103_166,0.67,0,166,166,20
73,seq54,r_55_87_128,seq57,r_55_87_128,0.96,0,128,128,20
11,r_33_64_118,seq34,r_4_63_118,r_33_64_118,0.78,0,118,118,20
20,r_132_146_9,r_145_50_155,seq142,r_145_50_155,0.99,0,155,155,20
53,seq3,r_4_63_118,seq0,r_4_63_118,0.98,-73,45,118,20
15,r_111_47_71,seq110,r_134_42_4,r_111_47_71,1.0,0,71,71,20
48,r_75_96_76,r_78_76_164,r_148_97_12,r_75_96_76,0.93,8,84,76,20
4,r_80_108_5,r_109_141_177,seq110,r_109_141_177,1.0,0,177,177,20
12,r_144_89_35,r_88_37_140,r_55_87_128,r_144_89_35,0.63,106,141,35,20
6,r_145_50_155,r_132_146_9,seq53,r_145_50_155,0.82,0,155,155,20
99,seq127,r_126_49_126,seq130,r_126_49_126,1.0,1,127,126,20
72,seq53,r_134_42_4,r_145_50_155,r_145_50_155,1.0,0,155,155,20
91,seq102,seq91,r_27_104_142,r_27_104_142,1.0,11,153,142,20
49,r_55_87_128,r_60_136_172,r_144_89_35,r_60_136_172,0.54,-46,126,172,20
34,r_12_71_73,r_11_43_53,r_90_8_3,r_11_43_53,0.88,0,53,53,20
30,r_98_68_44,seq101,seq69,r_98_68_44,0.92,7,51,44,20
24,r_129_81_175,seq130,seq83,r_129_81_175,0.48,0,175,175,20
25,r_21_36_137,seq22,seq35,r_21_36_137,0.87,0,137,137,20
33,r_118_147_189,seq116,r_82_133_109,r_82_133_109,0.99,80,189,109,20
43,r_107_61_37,seq102,seq62,r_107_61_37,0.86,0,37,37,20
47,r_88_37_140,r_144_89_35,r_21_36_137,r_88_37_140,0.84,1,141,140,20
32,r_40_84_66,seq41,seq79,r_40_84_66,0.94,0,66,66,20
16,r_128_7_54,r_126_49_126,seq6,r_128_7_54,1.0,0,54,54,20
34,r_12_71_73,r_90_8_3,seq69,r_12_71_73,1.0,1,74,73,20
81,seq72,r_78_76_164,r_51_73_106,r_51_73_106,0.76,26,132,106,20
17,r_126_49_126,seq127,r_134_42_4,r_126_49_126,0.99,0,126,126,20
94,seq115,r_109_141_177,r_94_113_108,r_94_113_108,1.0,13,121,108,20
14,r_52_74_31,r_51_73_106,r_75_96_76,r_52_74_31,0.81,0,31,31,20
31,r_121_44_51,seq120,seq46,r_121_44_51,1.0,0,51,51,20
37,r_109_141_177,r_80_108_5,seq140,r_80_108_5,0.64,172,177,5,20
29,r_105_9_8,r_12_71_73,r_17_10_28,r_12_71_73,0.88,1,74,73,20
22,r_94_113_108,seq91,seq115,r_94_113_108,1.0,0,108,108,20
28,r_143_30_114,r_145_50_155,r_112_29_68,r_143_30_114,1.0,0,114,114,20
47,r_88_37_140,r_100_31_47,r_144_89_35,r_88_37_140,1.0,-96,44,140,20
7,r_25_85_179,seq24,r_40_84_66,r_25_85_179,0.35,0,179,179,20
44,r_27_104_142,r_25_85_179,seq102,r_27_104_142,0.74,1,143,142,20
82,seq79,seq83,r_40_84_66,r_40_84_66,0.98,1,67,66,20
79,seq66,seq65,r_86_67_12,r_86_67_12,0.39,66,78,12,20
35,r_4_63_118,seq3,r_33_64_118,r_4_63_118,0.92,0,118,118,20
19,r_112_29_68,r_100_31_47,r_143_30_114,r_143_30_114,0.99,13,127,114,20
8,r_45_77_12,seq41,r_78_76_164,r_45_77_12,0.78,1,13,12,20
40,r_144_103_167,r_117_145_25,seq101,r_144_103_167,0.5,0,167,167,21
39,r_95_73_98,r_97_112_192,r_71_79_56,r_95_73_98,0.61,0,98,98,21
30,r_62_89_87,seq63,seq88,r_62_89_87,0.74,0,87,87,21
8,r_61_5_60,r_62_89_87,seq4,r_61_5_60,1.0,0,60,60,21
43,r_147_109_178,seq146,r_17_111_16,r_147_109_178,0.49,1,179,178,21
62,seq22,r_137_21_54,r_108_23_87,r_108_23_87,1.0,0,87,87,21
48,r_123_16_33,r_124_10_179,seq15,r_123_16_33,0.83,0,33,33,21
59,seq15,r_13_69_171,r_114_18_101,r_114_18_101,1.0,26,127,101,21
19,r_39_31_26,seq33,r_115_30_166,r_115_30_166,0.92,0,166,166,21
86,seq87,r_95_73_98,r_53_92_1,r_95_73_98,0.83,-16,82,98,21
21,r_108_23_87,seq106,seq22,r_108_23_87,1.0,0,87,87,21
39,r_95_73_98,seq87,r_97_112_192,r_97_112_192,0.38,-110,82,192,21
1,r_11_3_108,r_12_57_181,r_61_5_60,r_61_5_60,1.0,49,109,60,21
49,r_75_20_94,r_71_79_56,r_137_21_54,r_75_20_94,1.0,0,94,94,21
46,r_110_102_179,seq106,r_1_90_136,r_1_90_136,0.71,44,180,136,21
80,seq65,r_66_35_129,seq63,r_66_35_129,1.0,-1,128,129,21
69,seq45,r_44_94_112,seq65,r_44_94_112,0.59,0,112,112,21
45,r_121_96_182,seq120,r_1_90_136,r_1_90_136,0.53,47,183,136,21
9,r_116_59_17,r_115_30_166,r_0_60_16,r_116_59_17,1.0,0,17,17,21
95,seq120,r_121_96_182,seq122,r_121_96_182,0.63,0,182,182,21
37,r_128_93_36,r_129_105_190,seq91,r_128_93_36,1.0,0,36,36,21
31,r_14_77_94,r_13_69_171,r_43_78_75,r_14_77_94,1.0,0,94,94,21
41,r_12_57_181,seq9,r_116_59_17,r_12_57_181,0.7,0,181,181,21
67,seq33,r_39_31_26,r_67_37_89,r_67_37_89,1.0,15,104,89,21
42,r_86_132_54,seq87,seq130,r_86_132_54,1.0,0,54,54,21
90,seq101,r_104_143_115,r_53_92_1,r_104_143_115,1.0,0,115,115,21
14,r_0_60_16,r_7_119_24,seq54,r_0_60_16,0.87,0,16,16,21
34,r_68_83_48,r_61_5_60,r_36_82_4,r_61_5_60,0.64,-12,48,60,21
26,r_13_69_171,seq15,r_116_59_17,r_13_69_171,0.57,0,171,171,21
62,seq22,seq2,r_137_21_54,r_137_21_54,0.61,6,60,54,21
16,r_137_21_54,seq22,r_75_20_94,r_75_20_94,1.0,25,119,94,21
14,r_0_60_16,seq54,r_116_59_17,r_0_60_16,0.56,101,117,16,21
78,seq63,r_62_89_87,seq65,r_62_89_87,0.97,1,88,87,21
0,r_44_94_112,seq45,r_53_92_1,r_44_94_112,0.81,0,112,112,21
63,seq24,r_25_149_88,seq26,r_25_149_88,1.0,-1,87,88,21
20,r_104_143_115,seq101,seq140,r_104_143_115,0.99,0,115,115,21
15,r_8_38_75,r_11_3_108,seq40,r_8_38_75,1.0,0,75,75,21
5,r_135_76_183,r_41_134_22,r_14_77_94,r_135_76_183,0.52,0,183,183,21
10,r_17_111_16,r_110_102_179,r_147_109_178,r_17_111_16,0.61,163,179,16,21
27,r_129_105_190,seq125,r_147_109_178,r_147_109_178,0.91,15,193,178,21
29,r_41_134_22,r_39_31_26,r_135_76_183,r_41_134_22,0.89,0,22,22,21
87,seq88,seq87,r_62_89_87,r_62_89_87,0.76,3,90,87,21
2,r_66_35_129,r_67_37_89,seq65,r_67_37_89,1.0,0,89,89,21
18,r_1_90_136,seq6,r_53_92_1,r_1_90_136,0.95,1,137,136,21
12,r_36_82_4,seq84,r_68_83_48,r_68_83_48,1.0,7,55,48,21
40,r_144_103_167,r_147_109_178,r_117_145_25,r_117_145_25,1.0,15,40,25,21
25,r_58_72_181,seq54,r_116_59_17,r_116_59_17,0.95,100,117,17,21
6,r_7_119_24,seq6,seq118,r_7_119_24,1.0,1,25,24,21
88,seq91,seq87,r_1_90_136,r_1_90_136,1.0,0,136,136,21
58,seq130,r_124_10_179,r_86_132_54,r_86_132_54,1.0,15,69,54,21
61,seq19,seq22,r_137_21_54,r_137_21_54,0.99,22,76,54,21
38,r_43_78_75,seq40,seq74,r_43_78_75,1.0,0,75,75,21
52,seq133,r_135_76_183,r_41_134_22,r_41_134_22,0.67,141,163,22,21
16,r_137_21_54,seq136,seq22,r_137_21_54,1.0,0,54,54,21
23,r_117_145_25,r_115_30_166,r_144_103_167,r_117_145_25,0.73,0,25,25,21
75,seq54,seq51,r_116_59_17,r_116_59_17,0.95,109,126,17,21
19,r_39_31_26,r_43_78_75,seq33,r_39_31_26,1.0,0,26,26,21
60,seq146,r_147_109_178,r_117_145_25,r_117_145_25,0.78,155,180,25,21
17,r_29_131_166,seq28,seq130,r_29_131_166,0.75,0,166,166,21
25,r_58_72_181,r_116_59_17,r_135_76_183,r_135_76_183,0.5,3,186,183,21
11,r_71_79_56,r_75_20_94,r_43_78_75,r_75_20_94,0.88,0,94,94,21
29,r_41_134_22,r_135_76_183,seq133,r_135_76_183,0.83,0,183,183,21
22,r_142_42_151,seq141,r_8_38_75,r_142_42_151,0.89,0,151,151,21
11,r_71_79_56,seq70,r_75_20_94,r_71_79_56,0.87,0,56,56,21
28,r_25_149_88,seq24,seq146,r_25_149_88,1.0,0,88,88,21
4,r_34_81_35,seq33,r_36_82_4,r_34_81_35,1.0,0,35,35,21
49,r_75_20_94,seq74,r_71_79_56,r_71_79_56,1.0,16,72,56,21
7,r_115_30_166,seq113,r_39_31_26,r_115_30_166,0.7,0,166,166,21
44,r_99_80_134,seq101,r_71_79_56,r_99_80_134,0.64,0,134,134,21
2,r_66_35_129,seq65,r_67_37_89,r_66_35_129,0.99,0,129,129,21
5,r_135_76_183,seq133,r_41_134_22,r_41_134_22,0.98,27,49,22,21
10,r_17_111_16,r_8_38_75,r_110_102_179,r_17_111_16,1.0,0,16,16,21
35,r_124_10_179,seq125,seq9,r_124_10_179,0.58,0,179,179,21
56,seq138,r_137_21_54,r_148_139_15,r_137_21_54,0.62,-39,15,54,21
23,r_117_145_25,r_144_103_167,r_25_149_88,r_25_149_88,1.0,78,166,88,21
14,r_93_72_77,r_74_67_166,r_115_71_106,r_93_72_77,0.61,29,106,77,22
30,r_1_28_114,r_6_120_184,r_63_25_29,r_1_28_114,0.82,0,114,114,22
36,r_90_17_146,seq89,seq14,r_90_17_146,0.88,0,146,146,22
65,seq23,seq29,r_63_25_29,r_63_25_29,0.8,22,51,29,22
92,seq107,r_103_106_36,r_142_108_114,r_142_108_114,1.0,16,130,114,22
14,r_93_72_77,seq85,r_74_67_166,r_93_72_77,0.52,8,85,77,22
8,r_113_116_106,seq110,seq121,r_113_116_106,0.43,8,114,106,22
43,r_26_111_76,seq27,r_113_116_106,r_26_111_76,0.98,0,76,76,22
21,r_142_108_114,seq140,seq107,r_142_108_114,0.97,0,114,114,22
5,r_48_124_127,r_50_54_97,seq126,r_48_124_127,1.0,0,127,127,22
42,r_66_148_143,seq68,r_47_146_45,r_47_146_45,0.72,98,143,45,22
43,r_26_111_76,r_113_116_106,r_20_112_126,r_20_112_126,1.0,8,134,126,22
31,r_131_98_29,r_129_143_145,seq104,r_131_98_29,1.0,0,29,29,22
35,r_69_117_32,seq70,seq118,r_69_117_32,1.0,1,33,32,22
19,r_109_0_127,seq110,seq21,r_109_0_127,0.53,2,129,127,22
9,r_125_102_48,seq126,seq104,r_125_102_48,1.0,0,48,48,22
66,seq27,r_26_111_76,r_63_25_29,r_26_111_76,0.95,0,76,76,22
15,r_13_91_30,r_8_79_169,seq85,r_13_91_30,1.0,0,30,30,22
41,r_129_143_145,seq128,r_66_148_143,r_66_148_143,0.99,2,145,143,22
49,r_19_33_148,seq23,r_20_112_126,r_19_33_148,0.34,-116,32,148,22
10,r_8_79_169,seq11,seq80,r_8_79_169,0.56,0,169,169,22
26,r_31_95_111,r_50_54_97,seq104,r_31_95_111,0.97,0,111,111,22
4,r_145_12_165,r_141_144_13,seq9,r_145_12_165,0.89,0,165,165,22
73,seq49,r_50_54_97,r_10_46_117,r_10_46_117,1.0,37,154,117,22
23,r_115_71_106,seq121,r_93_72_77,r_115_71_106,1.0,0,106,106,22
20,r_92_44_51,seq85,r_55_42_79,r_92_44_51,1.0,0,51,51,22
49,r_19_33_148,r_20_112_126,seq23,r_20_112_126,0.49,-7,119,126,22
6,r_63_25_29,seq61,seq27,r_63_25_29,0.9,8,37,29,22
46,r_52_97_47,r_43_5_174,r_131_98_29,r_52_97_47,1.0,1,48,47,22
27,r_53_101_94,r_50_54_97,r_131_98_29,r_53_101_94,1.0,0,94,94,22
1,r_147_64_10,r_145_12_165,seq62,r_147_64_10,0.99,0,10,10,22
47,r_3_83_169,seq2,seq84,r_3_83_169,0.8,0,169,169,22
40,r_122_59_86,seq123,r_147_64_10,r_122_59_86,0.95,0,86,86,22
24,r_114_137_88,r_115_71_106,seq134,r_114_137_88,0.99,0,88,88,22
25,r_96_105_175,seq104,r_142_108_114,r_142_108_114,1.0,63,177,114,22
2,r_4_138_30,r_3_83_169,seq139,r_4_138_30,1.0,0,30,30,22
33,r_78_132_173,seq77,seq128,r_78_132_173,0.67,0,173,173,22
29,r_60_88_35,seq61,seq85,r_60_88_35,1.0,0,35,35,22
91,seq104,r_103_106_36,r_131_98_29,r_131_98_29,1.0,10,39,29,22
32,r_94_32_77,r_93_72_77,seq34,r_94_32_77,0.99,0,77,77,22
0,r_103_106_36,seq104,seq107,r_103_106_36,0.7,3,39,36,22
97,seq123,r_122_59_86,seq126,r_122_59_86,0.99,-47,39,86,22
28,r_47_146_45,r_43_5_174,r_141_144_13,r_47_146_45,1.0,0,45,45,22
17,r_10_46_117,seq11,r_40_51_157,r_10_46_117,0.79,0,117,117,22
7,r_45_37_45,seq49,r_94_32_77,r_94_32_77,1.0,55,132,77,22
44,r_141_144_13,r_145_12_165,r_66_148_143,r_141_144_13,0.74,152,165,13,22
23,r_115_71_106,r_114_137_88,seq121,r_114_137_88,0.87,0,88,88,22
18,r_22_24_39,r_20_112_126,r_63_25_29,r_22_24_39,0.73,0,39,39,22
82,seq77,r_78_132_173,r_30_76_7,r_78_132_173,0.99,0,173,173,22
12,r_36_135_106,r_31_95_111,r_114_137_88,r_36_135_106,0.99,0,106,106,22
40,r_125_88_19,r_87_101_99,r_112_82_4,r_87_101_99,0.96,0,99,99,23
30,r_59_34_177,seq58,r_40_72_60,r_59_34_177,0.24,0,177,177,23
60,seq144,r_132_143_39,r_74_146_71,r_74_146_71,1.0,15,86,71,23
12,r_129_107_57,r_130_12_162,seq106,r_129_107_57,1.0,0,57,57,23
14,r_104_70_149,seq105,r_40_72_60,r_104_70_149,0.73,1,150,149,23
37,r_56_68_124,r_36_55_9,r_6_42_33,r_56_68_124,0.69,0,124,124,23
31,r_90_7_43,r_95_51_174,r_9_86_119,r_90_7_43,1.0,0,43,43,23
39,r_27_10_163,seq30,r_80_8_56,r_80_8_56,0.98,107,163,56,23
1,r_95_51_174,seq92,seq94,r_95_51_174,0.6,-56,118,174,23
5,r_40_72_60,seq39,seq71,r_40_72_60,0.96,0,60,60,23
46,r_89_121_155,seq96,r_13_120_18,r_13_120_18,0.64,137,155,18,23
42,r_102_66_129,seq105,r_63_45_81,r_102_66_129,0.9,0,129,129,23
7,r_87_101_99,r_125_88_19,seq98,r_87_101_99,0.87,0,99,99,23
45,r_63_45_81,r_57_110_137,seq46,r_57_110_137,0.88,-55,82,137,23
25,r_37_61_37,seq31,r_36_55_9,r_37_61_37,0.51,-1,36,37,23
11,r_13_120_18,r_119_28_184,r_89_121_155,r_89_121_155,0.89,10,165,155,23
95,seq115,r_119_28_184,r_43_113_45,r_43_113_45,1.0,26,71,45,23
24,r_49_32_42,r_48_127_142,seq30,r_49_32_42,0.94,0,42,42,23
41,r_134_52_114,r_135_25_167,r_36_55_9,r_134_52_114,0.74,0,114,114,23
29,r_117_148_21,seq115,seq149,r_117_148_21,1.0,0,21,21,23
3,r_135_25_167,seq136,r_103_26_91,r_135_25_167,0.47,0,167,167,23
10,r_108_5_145,seq109,seq4,r_108_5_145,0.96,0,145,145,23
1,r_95_51_174,seq94,r_6_42_33,r_95_51_174,0.97,0,174,174,23
8,r_76_97_117,seq73,seq96,r_76_97_117,0.86,0,117,117,23
0,r_57_110_137,seq58,seq109,r_57_110_137,0.99,0,137,137,23
17,r_53_141_48,r_56_68_124,seq142,r_53_141_48,1.0,0,48,48,23
22,r_77_11_51,r_76_97_117,r_90_7_43,r_77_11_51,0.53,0,51,51,23
13,r_126_41_169,seq128,r_6_42_33,r_126_41_169,0.69,0,169,169,23
8,r_76_97_117,r_77_11_51,seq73,r_77_11_51,1.0,0,51,51,23
81,seq73,r_74_146_71,seq78,r_74_146_71,1.0,-23,48,71,23
4,r_119_28_184,r_13_120_18,r_135_25_167,r_119_28_184,0.25,0,184,184,23
6,r_67_93_86,seq58,seq92,r_67_93_86,1.0,0,86,86,23
40,r_125_88_19,r_126_41_169,r_87_101_99,r_125_88_19,0.99,0,19,19,23
27,r_48_127_142,seq46,seq128,r_48_127_142,0.91,0,142,142,23
49,r_132_143_39,r_130_12_162,seq144,r_132_143_39,1.0,0,39,39,23
87,seq92,r_95_51_174,r_67_93_86,r_67_93_86,1.0,18,104,86,23
21,r_6_42_33,seq4,r_118_44_36,r_118_44_36,0.61,4,40,36,23
11,r_13_120_18,r_16_145_112,r_119_28_184,r_13_120_18,1.0,0,18,18,23
60,seq144,seq147,r_132_143_39,r_132_143_39,1.0,1,40,39,23
7,r_87_101_99,r_80_8_56,r_125_88_19,r_125_88_19,0.81,0,19,19,23
2,r_16_145_112,seq14,r_74_146_71,r_16_145_112,1.0,0,112,112,23
16,r_43_113_45,r_48_127_142,seq115,r_43_113_45,0.99,0,45,45,23
43,r_100_111_34,seq96,r_13_120_18,r_100_111_34,0.76,0,34,34,23
33,r_130_12_162,seq131,r_80_8_56,r_130_12_162,0.52,0,162,162,23
20,r_9_86_119,r_90_7_43,r_112_82_4,r_9_86_119,1.0,0,119,119,23
32,r_29_17_73,seq30,seq14,r_29_17_73,0.98,0,73,73,23
38,r_103_26_91,r_104_70_149,seq30,r_103_26_91,0.98,0,91,91,23
52,seq131,r_130_12_162,seq122,r_130_12_162,0.88,0,162,162,23
44,r_0_83_42,r_67_93_86,r_112_82_4,r_112_82_4,0.64,38,42,4,23
4,r_119_28_184,r_118_44_36,r_13_120_18,r_118_44_36,0.53,0,36,36,23
99,seq149,seq147,r_117_148_21,r_117_148_21,1.0,0,21,21,23
9,r_22_75_132,seq23,r_112_82_4,r_22_75_132,0.75,0,132,132,23
31,r_90_7_43,r_9_86_119,r_80_8_56,r_9_86_119,1.0,0,119,119,23
28,r_74_146_71,r_76_97_117,seq144,r_74_146_71,0.99,0,71,71,23
20,r_9_86_119,r_16_145_112,r_90_7_43,r_90_7_43,0.98,8,51,43,23
23,r_91_116_155,seq92,r_13_120_18,r_13_120_18,0.56,137,155,18,23
34,r_118_44_36,r_119_28_184,r_6_42_33,r_118_44_36,1.0,0,36,36,23
35,r_3_114_93,r_16_145_112,seq115,r_3_114_93,1.0,0,93,93,23
93,seq114,r_113_128_105,r_39_115_60,r_39_115_60,0.77,7,67,60,24
30,r_48_14_111,seq45,seq13,r_48_14_111,0.54,0,111,111,24
13,r_50_140_18,r_38_133_178,r_141_66_150,r_50_140_18,1.0,0,18,18,24
6,r_101_83_18,r_61_102_1,seq82,r_101_83_18,0.97,2,20,18,24
86,seq93,r_41_91_71,r_9_94_156,r_9_94_156,0.8,3,159,156,24
92,seq110,seq114,r_138_111_95,r_138_111_95,1.0,22,117,95,24
53,seq8,r_7_40_152,r_89_6_101,r_89_6_101,0.77,51,152,101,24
43,r_46_58_90,seq45,seq57,r_46_58_90,0.8,0,90,90,24
62,seq26,r_27_146_58,seq29,r_27_146_58,1.0,0,58,58,24
1,r_25_42_36,r_27_146_58,seq43,r_27_146_58,1.0,-16,42,58,24
37,r_135_85_66,seq136,seq87,r_135_85_66,1.0,0,66,66,24
71,seq45,r_46_58_90,r_36_47_79,r_46_58_90,0.98,0,90,90,24
86,seq93,r_92_18_133,r_41_91_71,r_41_91_71,0.75,62,133,71,24
39,r_92_18_133,seq93,seq22,r_92_18_133,0.72,0,133,133,24
97,seq136,r_134_120_170,r_72_143_160,r_72_143_160,0.8,9,169,160,24
14,r_81_3_16,r_80_78_155,seq8,r_81_3_16,0.9,-1,15,16,24
45,r_41_91_71,seq43,seq93,r_41_91_71,1.0,0,71,71,24
19,r_60_34_75,r_59_104_83,seq33,r_59_104_83,0.7,-8,75,83,24
76,seq63,seq57,r_25_42_36,r_25_42_36,0.71,146,182,36,24
18,r_141_66_150,r_50_140_18,r_116_67_11,r_141_66_150,1.0,0,150,150,24
41,r_130_35_166,seq132,r_60_34_75,r_130_35_166,0.56,0,166,166,24
21,r_61_102_1,r_101_83_18,r_75_100_12,r_101_83_18,0.85,2,20,18,24
3,r_27_146_58,seq26,seq145,r_27_146_58,1.0,0,58,58,24
89,seq103,seq107,r_59_104_83,r_59_104_83,1.0,38,121,83,24
10,r_90_109_181,seq87,r_138_111_95,r_90_109_181,0.49,0,181,181,24
90,seq107,r_106_96_136,seq108,r_106_96_136,0.84,0,136,136,24
26,r_113_128_105,seq114,seq127,r_113_128_105,0.95,0,105,105,24
4,r_89_6_101,seq87,seq5,r_89_6_101,0.96,0,101,101,24
78,seq70,r_71_28_168,r_116_67_11,r_116_67_11,0.82,156,167,11,24
11,r_106_96_136,seq107,seq93,r_106_96_136,0.96,0,136,136,24
5,r_116_67_11,seq119,seq70,r_116_67_11,0.67,0,11,11,24
20,r_9_94_156,seq10,seq93,r_9_94_156,0.85,0,156,156,24
48,r_21_122_137,seq22,seq121,r_21_122_137,0.8,0,137,137,24
13,r_50_140_18,r_141_66_150,r_1_142_134,r_50_140_18,0.88,132,150,18,24
27,r_15_117_56,seq13,seq119,r_15_117_56,0.99,0,56,56,24
99,seq127,r_130_35_166,r_113_128_105,r_113_128_105,0.56,2,107,105,24
8,r_69_112_25,r_71_28_168,seq114,r_69_112_25,1.0,0,25,25,24
47,r_56_51_32,seq57,seq52,r_56_51_32,0.85,4,36,32,24
36,r_129_86_27,seq132,seq87,r_129_86_27,0.99,0,27,27,24
12,r_88_20_47,r_89_6_101,seq19,r_89_6_101,0.91,-53,48,101,24
22,r_137_24_48,r_88_20_47,r_16_23_120,r_16_23_120,0.88,5,125,120,24
2,r_38_133_178,r_36_47_79,r_149_131_2,r_36_47_79,0.43,99,178,79,24
83,seq82,r_80_78_155,r_101_83_18,r_101_83_18,0.8,31,49,18,24
40,r_7_40_152,seq8,r_25_42_36,r_7_40_152,0.57,0,152,152,24
74,seq55,seq57,r_98_54_87,r_98_54_87,1.0,4,91,87,24
18,r_141_66_150,r_138_111_95,r_50_140_18,r_141_66_150,0.98,-55,95,150,24
29,r_1_142_134,r_2_144_182,r_50_140_18,r_1_142_134,0.88,0,134,134,24
24,r_72_143_160,seq76,r_27_146_58,r_27_146_58,0.98,102,160,58,24
25,r_99_62_140,seq97,r_64_74_110,r_99_62_140,0.84,0,140,140,24
33,r_4_53_136,r_7_40_152,r_25_42_36,r_25_42_36,0.53,103,139,36,24
46,r_123_118_48,seq121,seq119,r_123_118_48,0.62,9,57,48,24
61,seq22,r_21_122_137,r_88_20_47,r_21_122_137,0.62,0,137,137,24
32,r_64_74_110,r_71_28_168,seq76,r_71_28_168,0.62,-57,111,168,24
77,seq65,r_71_28_168,r_64_74_110,r_71_28_168,0.49,-61,107,168,24
22,r_137_24_48,r_139_124_92,r_88_20_47,r_137_24_48,1.0,0,48,48,24
57,seq13,seq12,r_48_14_111,r_48_14_111,0.93,9,120,111,24
34,r_16_23_120,seq79,r_137_24_48,r_137_24_48,0.99,13,61,48,24
75,seq57,seq63,r_46_58_90,r_46_58_90,0.78,36,126,90,24
17,r_138_111_95,r_141_66_150,r_69_112_25,r_138_111_95,1.0,0,95,95,24
7,r_59_104_83,r_60_34_75,seq103,r_59_104_83,1.0,0,83,83,24
44,r_39_115_60,r_38_133_178,seq114,r_39_115_60,1.0,0,60,60,24
57,seq13,r_15_117_56,seq12,r_15_117_56,0.98,-17,39,56,24
31,r_75_100_12,r_69_112_25,r_61_102_1,r_75_100_12,0.76,0,12,12,24
23,r_2_144_182,seq0,seq148,r_2_144_182,0.22,0,182,182,24
82,seq79,r_89_6_101,seq57,r_89_6_101,0.47,-17,84,101,24
35,r_98_54_87,r_99_62_140,seq55,r_98_54_87,0.77,0,87,87,24
30,r_33_40_91,r_32_142_196,r_63_55_56,r_33_40_91,0.48,0,91,91,25
51,seq1,r_0_131_173,r_133_2_28,r_133_2_28,1.0,145,173,28,25
27,r_108_12_44,r_110_28_58,r_11_86_107,r_108_12_44,1.0,0,44,44,25
44,r_110_28_58,seq104,r_43_29_2,r_110_28_58,0.98,1,59,58,25
14,r_126_82_62,r_127_60_187,r_81_83_132,r_126_82_62,0.95,5,67,62,25
8,r_27_30_120,seq23,r_43_29_2,r_27_30_120,1.0,0,120,120,25
49,r_49_95_155,r_96_41_109,seq98,r_49_95_155,0.91,0,155,155,25
86,seq101,r_100_18_196,r_8_106_29,r_8_106_29,1.0,129,158,29,25
21,r_81_83_132,seq80,r_126_82_62,r_126_82_62,0.96,3,65,62,25
5,r_32_142_196,r_33_40_91,r_91_38_34,r_32_142_196,0.91,-109,87,196,25
42,r_107_122_139,seq109,r_64_123_3,r_107_122_139,0.51,0,139,139,25
12,r_42_58_35,r_45_132_159,seq59,r_42_58_35,0.98,0,35,35,25
24,r_94_137_42,seq139,r_19_136_133,r_19_136_133,1.0,8,141,133,25
13,r_43_29_2,seq39,r_110_28_58,r_43_29_2,0.6,46,48,2,25
47,r_103_9_41,r_108_12_44,r_10_67_179,r_10_67_179,1.0,-138,41,179,25
76,seq65,r_61_73_99,seq62,r_61_73_99,0.72,44,143,99,25
31,r_113_102_165,seq114,r_8_106_29,r_8_106_29,1.0,139,168,29,25
41,r_68_138_124,seq65,seq139,r_68_138_124,0.37,0,124,124,25
89,seq109,seq104,r_8_106_29,r_8_106_29,1.0,49,78,29,25
3,r_76_56_94,seq75,seq59,r_76_56_94,0.76,0,94,94,25
10,r_7_16_135,r_10_67_179,r_69_26_31,r_69_26_31,0.99,106,137,31,25
63,seq22,r_21_146_186,r_69_26_31,r_69_26_31,1.0,155,186,31,25
11,r_61_73_99,seq62,seq74,r_61_73_99,0.81,7,106,99,25
20,r_96_41_109,r_97_145_179,r_33_40_91,r_96_41_109,0.91,0,109,109,25
46,r_78_71_47,r_76_56_94,r_77_72_38,r_76_56_94,1.0,-47,47,94,25
15,r_45_132_159,seq44,seq130,r_45_132_159,0.56,0,159,159,25
57,seq139,seq130,r_124_121_4,r_124_121_4,0.55,58,62,4,25
0,r_11_86_107,r_19_136_133,r_108_12_44,r_108_12_44,0.98,1,45,44,25
6,r_50_13_112,r_49_95_155,r_108_12_44,r_49_95_155,0.64,-43,112,155,25
52,seq130,r_124_121_4,r_45_132_159,r_45_132_159,0.93,1,160,159,25
0,r_11_86_107,r_108_12_44,seq88,r_11_86_107,0.99,0,107,107,25
23,r_17_66_178,r_19_136_133,r_69_26_31,r_69_26_31,0.96,3,34,31,25
33,r_133_2_28,r_135_87_43,seq1,r_133_2_28,0.93,1,29,28,25
24,r_94_137_42,r_96_41_109,seq139,r_96_41_109,0.61,-63,46,109,25
13,r_43_29_2,r_110_28_58,r_27_30_120,r_27_30_120,1.0,3,123,120,25
2,r_54_57_118,seq51,seq59,r_54_57_118,0.89,0,118,118,25
18,r_0_131_173,seq1,r_89_134_164,r_89_134_164,0.57,8,172,164,25
29,r_97_145_179,r_96_41_109,seq99,r_96_41_109,1.0,0,109,109,25
45,r_84_52_146,r_61_73_99,r_89_134_164,r_61_73_99,0.59,-53,46,99,25
35,r_79_37_184,seq80,r_91_38_34,r_91_38_34,0.31,150,184,34,25
25,r_10_67_179,r_7_16_135,r_103_9_41,r_103_9_41,1.0,47,88,41,25
38,r_36_15_36,seq35,seq14,r_36_15_36,1.0,0,36,36,25
4,r_69_26_31,r_68_138_124,seq23,r_69_26_31,1.0,0,31,31,25
43,r_91_38_34,r_61_73_99,seq35,r_91_38_34,1.0,3,37,34,25
47,r_103_9_41,r_10_67_179,r_50_13_112,r_50_13_112,0.99,64,176,112,25
58,seq140,r_141_85_73,seq130,r_141_85_73,0.73,-3,70,73,25
70,seq44,r_45_132_159,seq47,r_45_132_159,0.85,0,159,159,25
61,seq20,r_19_136_133,seq23,r_19_136_133,1.0,0,133,133,25
34,r_120_34_114,r_124_121_4,r_91_38_34,r_124_121_4,1.0,110,114,4,25
75,seq62,r_61_73_99,seq65,r_61_73_99,0.81,26,125,99,25
17,r_19_136_133,seq20,r_94_137_42,r_19_136_133,0.95,0,133,133,25
25,r_10_67_179,r_103_9_41,r_61_73_99,r_10_67_179,0.45,0,179,179,25
30,r_33_40_91,r_63_55_56,r_96_41_109,r_96_41_109,0.74,10,119,109,25
9,r_8_106_29,r_10_67_179,seq109,r_8_106_29,1.0,0,29,29,25
29,r_97_145_179,seq99,r_124_121_4,r_97_145_179,0.55,2,181,179,25
22,r_21_146_186,seq22,r_97_145_179,r_97_145_179,0.69,7,186,179,25
36,r_135_87_43,seq139,seq88,r_135_87_43,0.64,0,43,43,25
49,r_49_95_155,r_50_13_112,r_96_41_109,r_50_13_112,0.79,0,112,112,25
32,r_63_55_56,r_61_73_99,seq53,r_63_55_56,0.95,0,56,56,25
79,seq75,r_76_56_94,r_61_73_99,r_76_56_94,0.55,0,94,94,25
23,r_17_66_178,r_69_26_31,r_61_73_99,r_69_26_31,0.34,149,180,31,25
8,r_23_50_181,seq19,r_82_54_80,r_82_54_80,0.97,101,181,80,26
43,r_2_148_137,r_6_55_157,seq143,r_2_148_137,0.9,0,137,137,26
54,seq8,r_10_121_64,r_105_9_26,r_10_121_64,0.41,0,64,64,26
10,r_83_99_172,r_88_64_196,seq98,r_83_99_172,0.68,0,172,172,26
39,r_66_28_135,seq69,r_117_27_125,r_66_28_135,0.99,0,135,135,26
1,r_60_107_89,seq59,seq106,r_60_107_89,0.77,-1,88,89,26
5,r_75_128_98,seq73,r_127_102_174,r_75_128_98,0.86,0,98,98,26
46,r_10_121_64,seq8,seq120,r_10_121_64,1.0,0,64,64,26
42,r_48_70_71,seq56,seq69,r_48_70_71,1.0,0,71,71,26
45,r_95_94_63,r_21_96_7,r_24_109_8,r_21_96_7,0.34,56,63,7,26
82,seq81,r_83_99_172,r_144_87_115,r_144_87_115,0.57,27,142,115,26
35,r_138_93_46,seq136,seq91,r_138_93_46,1.0,1,47,46,26
11,r_52_12_162,r_82_54_80,r_97_15_114,r_52_12_162,0.99,0,162,162,26
4,r_21_96_7,r_95_94_63,r_113_57_155,r_21_96_7,0.45,58,65,7,26
95,seq120,r_119_11_109,r_116_118_193,r_119_11_109,1.0,1,110,109,26
13,r_105_9_26,seq106,seq8,r_105_9_26,0.99,0,26,26,26
76,seq69,r_62_129_179,r_48_70_71,r_48_70_71,1.0,4,75,71,26
9,r_45_61_133,seq46,seq63,r_45_61_133,0.9,0,133,133,26
31,r_142_53_88,seq143,r_82_54_80,r_142_53_88,1.0,0,88,88,26
41,r_31_110_138,r_32_30_84,seq111,r_31_110_138,0.97,0,138,138,26
55,seq13,r_32_30_84,r_119_11_109,r_119_11_109,0.99,24,133,109,26
44,r_84_17_54,seq85,seq19,r_84_17_54,1.0,0,54,54,26
20,r_80_26_42,seq78,r_25_40_170,r_80_26_42,1.0,0,42,42,26
10,r_83_99_172,r_82_54_80,seq81,r_83_99_172,0.68,-92,80,172,26
89,seq106,seq114,r_24_109_8,r_24_109_8,0.96,24,32,8,26
26,r_6_55_157,r_5_139_157,r_82_54_80,r_6_55_157,0.53,0,157,157,26
72,seq56,r_52_12_162,r_22_49_54,r_22_49_54,0.85,84,138,54,26
0,r_82_54_80,r_83_99_172,r_52_12_162,r_82_54_80,1.0,0,80,80,26
11,r_52_12_162,seq56,r_82_54_80,r_82_54_80,1.0,19,99,80,26
15,r_115_51_179,r_116_118_193,r_82_54_80,r_82_54_80,0.67,99,179,80,26
36,r_22_49_54,r_23_50_181,seq56,r_22_49_54,0.99,0,54,54,26
6,r_112_68_104,seq111,r_47_67_10,r_112_68_104,0.66,0,104,104,26
4,r_21_96_7,r_113_57_155,r_95_94_63,r_113_57_155,0.72,-62,93,155,26
0,r_82_54_80,r_52_12_162,r_6_55_157,r_82_54_80,0.96,82,162,80,26
27,r_5_139_157,r_6_55_157,r_42_137_47,r_6_55_157,0.69,0,157,157,26
87,seq98,r_97_15_114,r_24_109_8,r_97_15_114,0.66,0,114,114,26
48,r_43_101_34,seq39,seq100,r_43_101_34,1.0,1,35,34,26
2,r_117_27_125,r_115_51_179,r_80_26_42,r_117_27_125,0.98,0,125,125,26
47,r_103_71_159,seq100,r_7_72_118,r_7_72_118,0.93,41,159,118,26
30,r_20_132_51,r_22_49_54,seq134,r_20_132_51,1.0,0,51,51,26
37,r_47_67_10,r_52_12_162,seq69,r_47_67_10,0.93,0,10,10,26
14,r_42_137_47,r_35_76_134,seq136,r_42_137_47,1.0,0,47,47,26
5,r_75_128_98,r_127_102_174,seq133,r_127_102_174,1.0,-19,155,174,26
18,r_97_15_114,seq98,seq14,r_97_15_114,0.99,0,114,114,26
17,r_89_145_17,seq90,seq146,r_89_145_17,0.99,0,17,17,26
24,r_32_30_84,r_31_110_138,seq29,r_31_110_138,1.0,-48,90,138,26
25,r_7_72_118,seq14,r_130_65_61,r_7_72_118,0.99,0,118,118,26
33,r_116_118_193,r_117_27_125,seq120,r_117_27_125,1.0,0,125,125,26
88,seq100,r_103_71_159,r_43_101_34,r_43_101_34,0.97,46,80,34,26
50,seq1,r_2_148_137,r_135_0_77,r_135_0_77,0.58,46,123,77,26
32,r_35_76_134,seq34,seq73,r_35_76_134,0.93,0,134,134,26
38,r_149_4_75,r_144_87_115,seq1,r_149_4_75,0.99,0,75,75,26
34,r_62_129_179,seq63,r_75_128_98,r_75_128_98,1.0,77,175,98,26
75,seq63,r_62_129_179,r_112_68_104,r_112_68_104,0.99,75,179,104,26
9,r_45_61_133,r_52_12_162,seq46,r_45_61_133,0.71,-23,110,133,26
28,r_44_3_160,r_23_50_181,r_135_0_77,r_44_3_160,0.67,0,160,160,26
22,r_140_104_160,seq143,r_60_107_89,r_60_107_89,0.75,73,162,89,26
28,r_44_3_160,seq56,r_23_50_181,r_23_50_181,0.45,-84,97,181,26
73,seq58,seq73,r_113_57_155,r_113_57_155,0.96,10,165,155,26
49,r_119_11_109,seq120,r_84_17_54,r_119_11_109,0.96,1,110,109,26
7,r_127_102_174,seq136,r_43_101_34,r_43_101_34,0.86,141,175,34,26
23,r_135_0_77,seq131,seq1,r_135_0_77,1.0,-1,76,77,26
12,r_130_65_61,seq131,r_47_67_10,r_130_65_61,1.0,0,61,61,26
61,seq141,r_140_104_160,seq143,r_140_104_160,0.6,-110,50,160,26
14,r_41_81_217,r_6_44_164,r_9_87_108,r_41_81_217,0.56,0,217,217,27
92,seq112,r_113_26_145,r_48_114_82,r_48_114_82,0.99,64,146,82,27
14,r_41_81_217,r_42_146_142,r_29_36_92,r_41_81_217,0.63,-75,142,217,27
8,r_48_114_82,seq49,seq115,r_48_114_82,1.0,0,82,82,27
43,r_129_0_175,seq128,r_65_3_3,r_129_0_175,0.53,0,175,175,27
42,r_50_70_57,seq49,seq69,r_50_70_57,1.0,0,57,57,27
30,r_138_145_38,seq139,seq149,r_138_145_38,0.61,0,38,38,27
71,seq58,r_59_95_138,r_55_136_187,r_59_95_138,1.0,0,138,138,27
21,r_40_4_142,r_41_81_217,r_23_7_92,r_40_4_142,0.94,0,142,142,27
39,r_54_63_132,r_48_114_82,seq49,r_48_114_82,1.0,-6,76,82,27
25,r_57_25_16,r_55_136_187,r_130_22_11,r_57_25_16,0.99,0,16,16,27
19,r_59_95_138,seq58,r_64_96_16,r_59_95_138,0.82,0,138,138,27
31,r_61_141_94,seq60,seq140,r_61_141_94,0.85,0,94,94,27
85,seq99,seq88,r_53_98_45,r_53_98_45,1.0,0,45,45,27
13,r_130_22_11,r_137_72_34,r_23_7_92,r_130_22_11,0.8,0,11,11,27
10,r_144_82_105,seq149,r_20_80_40,r_144_82_105,0.99,0,105,105,27
79,seq78,seq74,r_126_77_39,r_126_77_39,1.0,0,39,39,27
78,seq76,seq74,r_9_87_108,r_9_87_108,0.55,4,112,108,27
0,r_23_7_92,r_24_73_143,r_6_44_164,r_23_7_92,0.75,0,92,92,27
11,r_18_90_163,seq19,seq91,r_18_90_163,0.91,0,163,163,27
20,r_24_73_143,r_23_7_92,r_130_22_11,r_130_22_11,1.0,0,11,11,27
15,r_101_47_189,seq100,seq45,r_101_47_189,0.36,0,189,189,27
48,r_113_26_145,seq112,seq49,r_113_26_145,0.59,0,145,145,27
13,r_130_22_11,r_23_7_92,r_57_25_16,r_23_7_92,0.66,0,92,92,27
45,r_20_80_40,r_18_90_163,seq91,r_20_80_40,0.99,0,40,40,27
5,r_137_72_34,seq60,r_24_73_143,r_24_73_143,1.0,14,157,143,27
0,r_23_7_92,r_6_44_164,seq12,r_6_44_164,1.0,0,164,164,27
3,r_64_96_16,r_61_141_94,seq99,r_64_96_16,0.73,0,16,16,27
2,r_9_87_108,r_6_44_164,seq88,r_9_87_108,1.0,0,108,108,27
47,r_35_75_138,seq37,seq76,r_35_75_138,0.69,0,138,138,27
71,seq58,r_55_136_187,r_56_67_38,r_55_136_187,0.83,0,187,187,27
40,r_33_68_102,r_34_89_170,r_50_70_57,r_34_89_170,0.98,-69,101,170,27
16,r_53_98_45,r_51_5_190,seq99,r_53_98_45,1.0,0,45,45,27
18,r_42_146_142,r_41_81_217,r_102_147_58,r_41_81_217,0.71,-75,142,217,27
70,seq49,r_51_5_190,r_111_52_98,r_111_52_98,0.89,21,119,98,27
20,r_24_73_143,r_130_22_11,r_137_72_34,r_24_73_143,0.96,0,143,143,27
37,r_56_67_38,r_59_95_138,seq66,r_59_95_138,0.88,-96,42,138,27
61,seq16,seq14,r_104_17_47,r_104_17_47,1.0,12,59,47,27
32,r_29_36_92,r_30_43_195,seq37,r_29_36_92,0.85,3,95,92,27
39,r_54_63_132,seq49,seq62,r_54_63_132,0.91,1,133,132,27
34,r_34_89_170,seq31,r_9_87_108,r_34_89_170,0.88,0,170,170,27
70,seq49,r_50_70_57,r_51_5_190,r_50_70_57,1.0,0,57,57,27
75,seq69,seq66,r_50_70_57,r_50_70_57,1.0,5,62,57,27
26,r_126_77_39,r_129_0_175,seq78,r_126_77_39,1.0,0,39,39,27
6,r_8_84_40,r_6_44_164,seq91,r_8_84_40,1.0,0,40,40,27
45,r_20_80_40,seq91,r_144_82_105,r_144_82_105,1.0,21,126,105,27
81,seq88,seq91,r_9_87_108,r_9_87_108,1.0,52,160,108,27
17,r_134_117_151,seq133,r_120_122_50,r_134_117_151,0.51,0,151,151,27
28,r_11_109_12,seq12,seq110,r_11_109_12,0.97,0,12,12,27
46,r_102_147_58,r_101_47_189,seq149,r_102_147_58,1.0,0,58,58,27
22,r_13_79_212,seq10,r_64_96_16,r_64_96_16,0.96,191,207,16,27
91,seq110,r_111_52_98,r_11_109_12,r_111_52_98,1.0,1,99,98,27
12,r_6_44_164,r_23_7_92,r_41_81_217,r_6_44_164,0.93,0,164,164,27
7,r_148_85_123,seq149,seq91,r_148_85_123,0.96,0,123,123,27
44,r_2_97_74,seq1,seq99,r_2_97_74,1.0,0,74,74,27
23,r_111_52_98,seq110,seq49,r_111_52_98,0.94,1,99,98,27
24,r_104_17_47,seq103,seq16,r_104_17_47,1.0,0,47,47,27
14,r_41_81_217,r_29_36_92,r_6_44_164,r_6_44_164,0.9,8,172,164,27
5,r_137_72_34,seq139,seq60,r_137_72_34,1.0,0,34,34,27
12,r_6_44_164,r_9_87_108,r_23_7_92,r_6_44_164,0.61,-56,108,164,27
4,r_86_143_56,seq88,seq133,r_86_143_56,0.99,0,56,56,27
30,r_24_39_149,r_23_42_78,r_46_19_53,r_24_39_149,0.79,-71,78,149,28
38,r_40_94_43,r_46_19_53,seq58,r_40_94_43,1.0,3,46,43,28
51,seq4,r_3_31_68,r_2_59_199,r_3_31_68,0.99,-1,67,68,28
17,r_133_70_57,seq149,r_98_67_15,r_133_70_57,1.0,0,57,57,28
8,r_102_8_119,seq103,seq10,r_102_8_119,0.88,0,119,119,28
49,r_78_56_183,r_128_79_134,r_98_67_15,r_78_56_183,0.62,0,183,183,28
3,r_98_67_15,r_69_43_185,r_14_63_5,r_69_43_185,0.91,0,185,185,28
26,r_71_146_40,r_69_43_185,seq149,r_71_146_40,1.0,0,40,40,28
19,r_13_57_144,r_107_15_50,seq58,r_13_57_144,1.0,0,144,144,28
55,seq10,r_11_22_119,r_107_15_50,r_107_15_50,1.0,69,119,50,28
16,r_64_143_196,r_66_45_97,seq73,r_66_45_97,1.0,-1,96,97,28
1,r_51_139_69,seq50,seq141,r_51_139_69,1.0,1,70,69,28
5,r_23_42_78,r_24_39_149,r_114_41_68,r_114_41_68,1.0,11,79,68,28
42,r_0_117_175,r_1_110_105,r_2_59_199,r_1_110_105,1.0,0,105,105,28
80,seq75,r_64_143_196,r_98_67_15,r_98_67_15,0.73,124,139,15,28
14,r_138_108_41,r_133_70_57,seq105,r_138_108_41,0.99,0,41,41,28
45,r_145_87_73,seq149,r_65_92_26,r_145_87_73,1.0,0,73,73,28
38,r_40_94_43,seq58,r_54_148_196,r_40_94_43,0.55,47,90,43,28
11,r_69_43_185,r_133_70_57,r_23_42_78,r_69_43_185,0.54,0,185,185,28
66,seq33,r_32_120_183,r_3_31_68,r_3_31_68,0.99,117,185,68,28
76,seq58,r_54_148_196,r_13_57_144,r_13_57_144,0.97,0,144,144,28
89,seq103,r_102_8_119,seq105,r_102_8_119,1.0,-18,101,119,28
40,r_137_93_127,r_135_47_156,r_40_94_43,r_137_93_127,1.0,2,129,127,28
38,r_40_94_43,r_54_148_196,r_137_93_127,r_137_93_127,0.8,-2,125,127,28
14,r_138_108_41,seq105,r_1_110_105,r_1_110_105,1.0,2,107,105,28
16,r_64_143_196,seq73,r_98_67_15,r_64_143_196,0.62,-56,140,196,28
0,r_128_79_134,seq126,r_16_77_33,r_128_79_134,0.54,0,134,134,28
73,seq50,r_51_139_69,seq53,r_51_139_69,1.0,1,70,69,28
11,r_69_43_185,r_64_143_196,r_133_70_57,r_133_70_57,1.0,15,72,57,28
20,r_122_20_81,seq123,r_46_19_53,r_122_20_81,0.99,0,81,81,28
13,r_68_109_181,r_69_43_185,r_138_108_41,r_68_109_181,0.43,0,181,181,28
46,r_86_27_54,r_28_136_122,r_34_25_79,r_28_136_122,1.0,0,122,122,28
15,r_131_85_96,seq130,r_65_92_26,r_131_85_96,1.0,0,96,96,28
48,r_35_134_4,r_135_47_156,r_28_136_122,r_28_136_122,0.91,32,154,122,28
47,r_135_47_156,r_138_108_41,r_35_134_4,r_135_47_156,0.75,-146,10,156,28
6,r_46_19_53,seq44,r_24_39_149,r_46_19_53,0.96,6,59,53,28
41,r_9_124_38,r_11_22_119,seq123,r_9_124_38,0.99,0,38,38,28
30,r_24_39_149,r_46_19_53,seq37,r_24_39_149,0.9,0,149,149,28
59,seq17,seq18,r_46_19_53,r_46_19_53,0.84,87,140,53,28
27,r_74_91_38,r_69_43_185,r_65_92_26,r_69_43_185,0.96,-147,38,185,28
29,r_96_21_83,seq95,r_122_20_81,r_96_21_83,1.0,0,83,83,28
19,r_13_57_144,r_11_22_119,r_107_15_50,r_107_15_50,1.0,1,51,50,28
43,r_107_15_50,r_13_57_144,seq10,r_13_57_144,0.99,0,144,144,28
33,r_114_41_68,seq113,seq44,r_114_41_68,0.99,0,68,68,28
47,r_135_47_156,r_35_134_4,seq48,r_135_47_156,0.7,0,156,156,28
70,seq44,seq36,r_66_45_97,r_66_45_97,1.0,0,97,97,28
6,r_46_19_53,r_24_39_149,r_122_20_81,r_46_19_53,0.79,91,144,53,28
49,r_78_56_183,r_14_63_5,r_128_79_134,r_128_79_134,0.68,0,134,134,28
18,r_28_136_122,seq26,r_86_27_54,r_86_27_54,1.0,1,55,54,28
3,r_98_67_15,r_99_100_49,r_69_43_185,r_98_67_15,0.88,0,15,15,28
42,r_0_117_175,r_2_59_199,r_29_118_46,r_0_117_175,0.92,0,175,175,28
32,r_11_22_119,seq10,r_46_19_53,r_11_22_119,0.87,0,119,119,28
34,r_3_31_68,seq4,seq30,r_3_31_68,0.97,0,68,68,28
24,r_140_52_23,seq141,seq53,r_140_52_23,1.0,0,23,23,28
75,seq55,r_54_148_196,r_98_67_15,r_54_148_196,0.28,-18,178,196,28
60,seq18,r_24_39_149,r_46_19_53,r_46_19_53,0.8,91,144,53,28
81,seq76,r_78_56_183,r_16_77_33,r_16_77_33,1.0,44,77,33,28
43,r_107_15_50,seq105,r_13_57_144,r_107_15_50,1.0,0,50,50,28
94,seq113,r_114_41_68,seq112,r_114_41_68,1.0,0,68,68,28
21,r_29_118_46,seq30,seq119,r_29_118_46,1.0,0,46,46,28
22,r_111_82_63,seq105,seq81,r_111_82_63,0.99,0,63,63,28
28,r_1_110_105,r_0_117_175,r_138_108_41,r_1_110_105,0.96,0,105,105,28
46,r_86_27_54,seq90,r_28_136_122,r_86_27_54,0.98,0,54,54,28
49,r_78_56_183,seq76,r_14_63_5,r_14_63_5,0.83,105,110,5,28
9,r_65_92_26,r_69_43_185,seq90,r_65_92_26,0.96,0,26,26,28
18,r_28_136_122,r_86_27_54,seq141,r_28_136_122,0.79,0,122,122,28
23,r_54_148_196,seq55,r_140_52_23,r_140_52_23,0.97,48,71,23,28
39,r_16_77_33,r_23_42_78,seq76,r_16_77_33,1.0,0,33,33,28
79,seq73,r_64_143_196,r_98_67_15,r_98_67_15,0.69,124,139,15,28
35,r_66_45_97,r_64_143_196,seq44,r_66_45_97,1.0,0,97,97,28
12,r_34_25_79,r_32_120_183,seq26,r_34_25_79,0.9,-1,78,79,28
39,r_3_87_186,r_48_4_156,r_40_95_139,r_3_87_186,0.89,0,186,186,29
36,r_67_26_85,seq68,seq27,r_67_26_85,1.0,0,85,85,29
43,r_65_146_141,r_64_120_107,r_60_63_59,r_64_120_107,0.83,-1,106,107,29
55,seq10,r_8_49_194,r_11_5_74,r_11_5_74,1.0,118,192,74,29
71,seq39,r_38_28_152,r_83_37_90,r_83_37_90,1.0,62,152,90,29
86,seq82,seq75,r_45_77_100,r_45_77_100,0.99,82,182,100,29
16,r_119_99_180,seq118,r_21_97_157,r_21_97_157,0.96,23,180,157,29
21,r_20_90_84,seq16,seq93,r_20_90_84,1.0,0,84,84,29
39,r_3_87_186,r_1_135_104,r_8_49_194,r_1_135_104,0.81,0,104,104,29
1,r_11_5_74,r_8_49_194,r_127_6_1,r_11_5_74,0.82,0,74,74,29
97,seq118,r_119_99_180,r_91_117_178,r_119_99_180,0.35,0,180,180,29
42,r_59_132_186,seq62,r_51_133_102,r_51_133_102,1.0,83,185,102,29
8,r_110_29_24,r_111_18_137,seq32,r_110_29_24,1.0,0,24,24,29
69,seq32,r_30_57_151,seq31,r_30_57_151,1.0,0,151,151,29
39,r_3_87_186,r_8_49_194,r_48_4_156,r_48_4_156,0.95,4,160,156,29
45,r_85_42_80,seq84,seq43,r_85_42_80,0.99,0,80,80,29
19,r_40_95_139,seq41,seq93,r_40_95_139,0.73,0,139,139,29
66,seq24,seq27,r_110_29_24,r_110_29_24,1.0,38,62,24,29
76,seq53,r_56_112_194,r_52_54_18,r_52_54_18,0.6,87,105,18,29
41,r_55_94_172,seq53,r_40_95_139,r_55_94_172,0.6,0,172,172,29
87,seq84,r_147_89_159,r_119_99_180,r_119_99_180,0.44,-84,96,180,29
37,r_100_76_12,r_96_13_23,seq82,r_96_13_23,0.68,-8,15,23,29
3,r_2_44_76,r_3_87_186,seq43,r_2_44_76,1.0,0,76,76,29
11,r_0_107_109,r_3_87_186,seq108,r_0_107_109,0.67,0,109,109,29
20,r_79_88_105,seq82,seq105,r_79_88_105,0.79,0,105,105,29
13,r_35_130_83,r_38_28_152,seq129,r_35_130_83,1.0,0,83,83,29
25,r_46_116_33,r_45_77_100,seq118,r_46_116_33,1.0,0,33,33,29
15,r_81_123_99,seq82,seq128,r_81_123_99,0.93,0,99,99,29
48,r_71_104_122,r_80_73_39,seq105,r_71_104_122,0.6,1,123,122,29
6,r_38_28_152,seq39,seq27,r_38_28_152,0.61,0,152,152,29
27,r_1_135_104,r_3_87_186,seq134,r_1_135_104,0.95,0,104,104,29
22,r_109_33_197,r_72_86_16,r_98_36_155,r_72_86_16,0.75,181,197,16,29
87,seq84,r_85_42_80,r_147_89_159,r_85_42_80,0.62,0,80,80,29
12,r_92_14_56,r_91_117_178,seq15,r_92_14_56,1.0,0,56,56,29
4,r_96_13_23,r_98_36_155,seq15,r_96_13_23,0.99,0,23,23,29
47,r_48_4_156,seq47,r_3_87_186,r_3_87_186,0.62,-28,158,186,29
47,r_48_4_156,r_3_87_186,r_127_6_1,r_3_87_186,0.92,-6,180,186,29
74,seq47,r_48_4_156,r_85_42_80,r_85_42_80,0.63,68,148,80,29
18,r_30_57_151,seq32,seq62,r_30_57_151,0.68,0,151,151,29
29,r_64_120_107,r_65_146_141,seq128,r_64_120_107,0.59,0,107,107,29
5,r_19_143_28,r_20_90_84,seq144,r_19_143_28,0.83,0,28,28,29
35,r_45_77_100,seq41,seq82,r_45_77_100,0.99,1,101,100,29
14,r_72_86_16,r_81_123_99,seq106,r_72_86_16,0.79,1,17,16,29
88,seq93,r_91_117_178,r_40_95_139,r_40_95_139,0.91,31,170,139,29
59,seq15,seq12,r_92_14_56,r_92_14_56,1.0,3,59,56,29
32,r_25_61_170,seq27,seq62,r_25_61_170,0.56,0,170,170,29
38,r_136_131_103,seq134,seq128,r_136_131_103,0.67,5,108,103,29
52,seq134,r_136_131_103,r_51_133_102,r_51_133_102,0.97,3,105,102,29
77,seq138,r_139_115_184,seq137,r_139_115_184,0.85,-74,110,184,29
34,r_80_73_39,r_71_104_122,seq70,r_71_104_122,0.97,-26,96,122,29
0,r_98_36_155,seq105,r_83_37_90,r_98_36_155,0.99,0,155,155,29
46,r_21_97_157,r_20_90_84,seq22,r_20_90_84,0.76,-34,50,84,29
17,r_51_133_102,r_55_94_172,seq134,r_51_133_102,0.92,0,102,102,29
43,r_65_146_141,r_60_63_59,seq148,r_65_146_141,0.73,0,141,141,29
9,r_139_115_184,seq138,seq114,r_139_115_184,0.36,0,184,184,29
96,seq114,r_109_33_197,r_124_113_50,r_124_113_50,0.88,12,62,50,29
31,r_124_113_50,seq125,seq114,r_124_113_50,0.97,1,51,50,29
22,r_109_33_197,seq114,r_72_86_16,r_109_33_197,0.38,-46,151,197,29
28,r_111_18_137,seq114,seq16,r_111_18_137,0.97,0,137,137,29
49,r_83_37_90,seq84,seq39,r_83_37_90,0.98,0,90,90,29
35,r_45_77_100,r_46_116_33,seq41,r_46_116_33,0.97,-1,32,33,29
44,r_147_89_159,seq148,r_20_90_84,r_20_90_84,0.9,75,159,84,29
23,r_140_103_104,seq137,seq102,r_140_103_104,0.78,0,104,104,29
93,seq113,r_112_57_194,r_136_109_8,r_136_109_8,0.37,85,93,8,30
30,r_2_97_171,seq3,seq104,r_2_97_171,0.66,0,171,171,30
16,r_132_138_97,r_73_133_40,seq139,r_132_138_97,0.97,0,97,97,30
92,seq107,r_108_4_127,r_136_109_8,r_108_4_127,1.0,0,127,127,30
14,r_121_17_141,seq119,r_82_20_75,r_121_17_141,0.86,0,141,141,30
8,r_87_26_157,r_84_21_179,r_120_25_13,r_87_26_157,0.83,0,157,157,30
53,seq3,r_1_6_131,r_143_0_84,r_143_0_84,1.0,48,132,84,30
3,r_117_85_48,seq118,r_84_21_179,r_117_85_48,1.0,0,48,48,30
37,r_103_135_193,r_102_9_162,r_136_109_8,r_102_9_162,0.61,0,162,162,30
3,r_117_85_48,r_84_21_179,r_146_83_125,r_146_83_125,1.0,54,179,125,30
12,r_123_131_42,seq124,r_73_133_40,r_73_133_40,1.0,2,42,40,30
86,seq91,seq92,r_47_90_88,r_47_90_88,1.0,5,93,88,30
21,r_84_21_179,r_87_26_157,r_117_85_48,r_117_85_48,0.93,47,95,48,30
39,r_61_86_191,r_62_24_167,seq58,r_62_24_167,0.6,-90,77,167,30
97,seq124,r_122_13_142,seq125,r_122_13_142,1.0,0,142,142,30
42,r_136_109_8,r_110_96_101,seq107,r_110_96_101,1.0,0,101,101,30
61,seq22,r_1_6_131,r_120_25_13,r_120_25_13,0.52,24,37,13,30
96,seq119,r_112_57_194,r_43_147_22,r_112_57_194,0.99,-6,188,194,30
45,r_11_99_83,r_8_5_182,r_136_109_8,r_11_99_83,1.0,0,83,83,30
16,r_132_138_97,seq129,r_73_133_40,r_73_133_40,1.0,2,42,40,30
76,seq58,r_59_18_187,r_60_55_184,r_59_18_187,0.92,0,187,187,30
31,r_19_52_89,seq16,seq50,r_19_52_89,1.0,0,89,89,30
37,r_103_135_193,r_136_109_8,seq134,r_103_135_193,0.66,0,193,193,30
41,r_122_13_142,seq124,seq14,r_122_13_142,0.9,0,142,142,30
10,r_127_141_183,seq129,r_43_147_22,r_43_147_22,0.99,161,183,22,30
90,seq104,r_106_48_124,r_136_109_8,r_106_48_124,0.84,-28,96,124,30
26,r_116_149_177,seq115,r_43_147_22,r_43_147_22,1.0,163,185,22,30
4,r_41_29_22,seq38,r_34_28_188,r_34_28_188,0.31,-20,168,188,30
0,r_59_18_187,seq58,r_121_17_141,r_121_17_141,0.97,46,187,141,30
11,r_10_111_170,r_8_5_182,r_136_109_8,r_10_111_170,0.68,1,171,170,30
20,r_106_48_124,r_112_57_194,r_7_51_99,r_106_48_124,0.88,0,124,124,30
15,r_49_101_178,seq50,seq104,r_49_101_178,0.7,0,178,178,30
57,seq14,r_12_114_140,seq15,r_12_114_140,0.99,0,140,140,30
6,r_42_71_178,seq44,r_56_74_8,r_56_74_8,0.82,171,179,8,30
21,r_84_21_179,r_117_85_48,seq22,r_84_21_179,0.84,0,179,179,30
27,r_143_0_84,r_144_23_202,seq3,r_143_0_84,0.94,0,84,84,30
2,r_12_114_140,seq14,seq118,r_12_114_140,0.98,1,141,140,30
47,r_63_68_123,r_62_24_167,r_66_69_145,r_63_68_123,0.93,0,123,123,30
40,r_8_5_182,r_10_111_170,r_121_17_141,r_121_17_141,0.92,30,171,141,30
29,r_102_9_162,r_103_135_193,seq15,r_103_135_193,0.78,-31,162,193,30
46,r_120_25_13,r_121_17_141,seq27,r_120_25_13,1.0,0,13,13,30
64,seq33,seq30,r_88_32_59,r_88_32_59,1.0,1,60,59,30
32,r_62_24_167,r_61_86_191,r_87_26_157,r_62_24_167,0.57,0,167,167,30
9,r_31_142_51,seq30,seq148,r_31_142_51,1.0,-1,50,51,30
17,r_98_140_161,r_106_48_124,r_103_135_193,r_106_48_124,1.0,-9,115,124,30
1,r_43_147_22,r_41_29_22,seq148,r_43_147_22,1.0,1,23,22,30
94,seq115,r_116_149_177,seq118,r_116_149_177,0.39,8,185,177,30
96,seq119,r_121_17_141,r_112_57_194,r_121_17_141,0.96,-13,128,141,30
22,r_1_6_131,seq3,r_108_4_127,r_108_4_127,0.75,4,131,127,30
28,r_47_90_88,seq50,seq94,r_47_90_88,1.0,1,89,88,30
91,seq105,r_106_48_124,seq104,r_106_48_124,0.95,-15,109,124,30
24,r_73_133_40,seq76,r_123_131_42,r_73_133_40,1.0,0,40,40,30
49,r_100_77_151,r_102_9_162,r_56_74_8,r_100_77_151,0.73,0,151,151,30
56,seq139,r_145_64_106,r_132_138_97,r_145_64_106,0.94,-6,100,106,30
7,r_110_96_101,r_136_109_8,r_116_149_177,r_110_96_101,0.73,0,101,101,30
44,r_7_51_99,r_8_5_182,seq50,r_7_51_99,0.99,0,99,99,30
23,r_82_20_75,seq81,seq16,r_82_20_75,1.0,0,75,75,30
38,r_108_4_127,r_82_20_75,r_1_6_131,r_1_6_131,0.65,8,139,131,30
7,r_110_96_101,r_116_149_177,r_127_141_183,r_110_96_101,0.46,43,144,101,30
17,r_98_140_161,r_103_135_193,r_43_147_22,r_98_140_161,0.65,1,162,161,30
36,r_88_32_59,r_87_26_157,seq33,r_88_32_59,1.0,0,59,59,30
36,r_41_104_157,seq45,r_23_102_133,r_41_104_157,1.0,0,157,157,31
36,r_41_104_157,r_40_124_138,seq45,r_40_124_138,0.92,0,138,138,31
14,r_132_147_145,r_127_133_77,r_97_149_67,r_97_149_67,1.0,93,160,67,31
8,r_141_39_201,seq142,r_148_48_189,r_148_48_189,0.53,10,199,189,31
16,r_56_134_99,r_52_129_187,r_25_138_42,r_56_134_99,0.83,0,99,99,31
21,r_77_143_130,seq76,seq142,r_77_143_130,0.91,0,130,130,31
39,r_105_144_152,seq103,r_77_143_130,r_105_144_152,0.8,0,152,152,31
5,r_95_26_151,seq92,seq24,r_95_26_151,0.8,1,152,151,31
46,r_40_124_138,r_41_104_157,r_6_125_17,r_40_124_138,0.85,0,138,138,31
42,r_135_15_62,r_137_50_109,r_14_17_51,r_135_15_62,1.0,0,62,62,31
25,r_73_99_37,r_75_121_90,seq98,r_73_99_37,0.95,0,37,37,31
7,r_127_133_77,r_132_147_145,r_55_131_85,r_132_147_145,0.6,15,160,145,31
19,r_52_129_187,seq53,r_55_131_85,r_55_131_85,1.0,104,189,85,31
35,r_136_72_47,r_135_15_62,seq70,r_136_72_47,1.0,0,47,47,31
31,r_97_149_67,r_95_26_151,r_148_48_189,r_97_149_67,1.0,0,67,67,31
41,r_62_3_61,r_64_79_205,seq7,r_62_3_61,0.79,0,61,61,31
3,r_55_131_85,seq54,r_127_133_77,r_55_131_85,1.0,0,85,85,31
0,r_6_125_17,r_5_109_60,r_117_47_129,r_6_125_17,0.99,0,17,17,31
26,r_46_78_72,r_38_36_145,seq76,r_46_78_72,0.93,-7,65,72,31
0,r_6_125_17,seq123,r_40_124_138,r_40_124_138,0.94,18,156,138,31
4,r_116_0_98,r_117_47_129,r_29_2_64,r_116_0_98,0.56,0,98,98,31
78,seq67,r_75_121_90,seq63,r_75_121_90,1.0,-9,81,90,31
87,seq89,r_97_149_67,r_96_114_133,r_97_149_67,0.74,-23,44,67,31
13,r_96_114_133,seq92,seq110,r_96_114_133,0.63,0,133,133,31
48,r_148_48_189,r_146_66_96,r_97_149_67,r_148_48_189,0.93,-122,67,189,31
12,r_117_47_129,r_100_30_96,r_148_48_189,r_117_47_129,0.48,71,200,129,31
6,r_5_109_60,r_14_17_51,seq108,r_5_109_60,0.99,0,60,60,31
0,r_6_125_17,r_117_47_129,seq123,r_6_125_17,0.61,85,102,17,31
87,seq89,r_96_114_133,seq86,r_96_114_133,0.95,-5,128,133,31
27,r_119_115_146,seq122,seq107,r_119_115_146,0.54,4,150,146,31
56,seq142,r_55_131_85,r_105_144_152,r_105_144_152,0.88,0,152,152,31
2,r_93_71_179,seq94,r_136_72_47,r_136_72_47,0.79,130,177,47,31
47,r_23_102_133,seq24,seq101,r_23_102_133,0.83,0,133,133,31
40,r_130_21_81,r_145_126_3,seq18,r_130_21_81,1.0,0,81,81,31
29,r_128_51_184,r_145_126_3,r_137_50_109,r_137_50_109,0.87,75,184,109,31
24,r_140_120_176,seq139,r_75_121_90,r_75_121_90,0.99,86,176,90,31
33,r_42_81_86,seq45,r_37_82_31,r_42_81_86,0.66,0,86,86,31
48,r_148_48_189,r_97_149_67,seq45,r_97_149_67,0.46,122,189,67,31
15,r_37_82_31,r_80_20_109,r_42_81_86,r_37_82_31,0.69,53,84,31,31
50,seq1,r_14_17_51,r_29_2_64,r_29_2_64,1.0,7,71,64,31
70,seq49,r_52_129_187,r_137_50_109,r_137_50_109,1.0,0,109,109,31
68,seq139,r_140_120_176,r_25_138_42,r_25_138_42,1.0,133,175,42,31
32,r_100_30_96,r_105_144_152,seq28,r_100_30_96,0.99,0,96,96,31
38,r_146_66_96,r_148_48_189,seq65,r_146_66_96,0.99,0,96,96,31
18,r_80_20_109,seq76,r_37_82_31,r_37_82_31,0.84,8,39,31,31
60,seq24,r_100_30_96,r_95_26_151,r_95_26_151,0.96,10,161,151,31
15,r_37_82_31,r_38_36_145,r_80_20_109,r_37_82_31,0.9,0,31,31,31
11,r_137_50_109,r_25_138_42,seq49,r_137_50_109,0.98,0,109,109,31
60,seq24,r_23_102_133,r_100_30_96,r_100_30_96,0.83,37,133,96,31
45,r_25_138_42,r_137_50_109,r_56_134_99,r_25_138_42,0.99,67,109,42,31
81,seq76,r_77_143_130,r_46_78_72,r_46_78_72,0.62,58,130,72,31
94,seq108,r_111_22_138,r_5_109_60,r_5_109_60,1.0,15,75,60,31
9,r_75_121_90,seq70,seq118,r_75_121_90,1.0,0,90,90,31
31,r_97_149_67,r_148_48_189,r_132_147_145,r_97_149_67,0.78,122,189,67,31
45,r_25_138_42,r_23_102_133,r_137_50_109,r_25_138_42,1.0,0,42,42,31
22,r_106_74_75,seq107,r_136_72_47,r_106_74_75,0.99,0,75,75,31
28,r_145_126_3,r_128_51_184,r_55_131_85,r_55_131_85,1.0,101,186,85,31
41,r_62_3_61,seq7,r_44_4_70,r_44_4_70,0.58,5,75,70,31
49,r_29_2_64,seq27,seq1,r_29_2_64,1.0,0,64,64,31
56,seq142,r_141_39_201,r_55_131_85,r_55_131_85,0.99,31,116,85,31
7,r_127_133_77,r_145_126_3,r_132_147_145,r_145_126_3,0.47,74,77,3,31
18,r_80_20_109,r_37_82_31,r_130_21_81,r_80_20_109,0.87,0,109,109,31
44,r_61_91_94,seq60,seq89,r_61_91_94,0.43,-2,92,94,31
11,r_137_50_109,r_132_147_145,r_25_138_42,r_25_138_42,0.77,10,52,42,31
12,r_117_47_129,r_119_115_146,r_100_30_96,r_117_47_129,0.81,0,129,129,31
93,seq115,r_114_22_119,seq120,r_114_22_119,1.0,0,119,119,32
30,r_13_99_24,r_14_89_137,seq98,r_13_99_24,0.95,0,24,24,32
92,seq112,r_109_52_177,r_6_113_70,r_6_113_70,1.0,54,124,70,32
14,r_116_136_118,seq117,seq137,r_116_136_118,0.74,0,118,118,32
8,r_127_125_31,seq130,seq120,r_127_125_31,0.78,0,31,31,32
48,r_72_42_82,r_77_10_65,r_74_146_43,r_77_10_65,0.42,-53,12,65,32
54,seq5,r_7_110_173,r_87_4_120,r_87_4_120,0.7,15,135,120,32
26,r_83_44_20,r_82_129_188,r_0_43_28,r_83_44_20,0.98,1,21,20,32
19,r_106_62_30,r_61_19_95,seq66,r_61_19_95,1.0,0,95,95,32
37,r_3_50_51,r_7_110_173,r_38_54_8,r_3_50_51,0.96,0,51,51,32
21,r_81_108_84,seq80,r_55_111_79,r_81_108_84,0.97,1,85,84,32
39,r_114_22_119,seq115,seq20,r_114_22_119,0.99,0,119,119,32
42,r_7_110_173,seq5,r_55_111_79,r_55_111_79,1.0,94,173,79,32
7,r_73_16_37,r_17_100_120,r_18_26_87,r_17_100_120,1.0,0,120,120,32
45,r_6_113_70,r_7_110_173,seq112,r_6_113_70,0.88,1,71,70,32
31,r_64_149_70,r_63_141_135,seq148,r_64_149_70,1.0,0,70,70,32
5,r_23_57_33,r_21_8_172,seq58,r_21_8_172,0.7,-139,33,172,32
0,r_95_76_6,r_77_10_65,r_75_88_150,r_77_10_65,1.0,0,65,65,32
63,seq29,seq28,r_39_30_111,r_39_30_111,0.64,27,138,111,32
59,seq143,seq144,r_31_142_33,r_31_142_33,1.0,19,52,33,32
20,r_84_102_90,r_82_129_188,seq103,r_84_102_90,0.98,0,90,90,32
13,r_33_85_70,r_35_131_125,seq86,r_33_85_70,1.0,0,70,70,32
15,r_17_100_120,r_15_25_90,seq101,r_17_100_120,0.9,0,120,120,32
97,seq148,r_74_146_43,r_64_149_70,r_64_149_70,0.92,1,71,70,32
1,r_118_96_55,r_121_68_170,seq90,r_118_96_55,1.0,-1,54,55,32
6,r_75_88_150,r_77_10_65,r_95_76_6,r_77_10_65,0.97,-3,62,65,32
62,seq28,seq29,r_135_27_54,r_135_27_54,1.0,84,138,54,32
0,r_95_76_6,r_75_88_150,r_61_19_95,r_95_76_6,0.6,158,164,6,32
27,r_121_68_170,seq119,r_106_62_30,r_121_68_170,0.44,0,170,170,32
87,seq101,seq103,r_17_100_120,r_17_100_120,1.0,1,121,120,32
48,r_72_42_82,r_74_146_43,r_0_43_28,r_72_42_82,0.95,-37,45,82,32
2,r_82_129_188,seq86,r_35_131_125,r_35_131_125,0.94,63,188,125,32
10,r_0_43_28,r_3_50_51,r_83_44_20,r_83_44_20,1.0,9,29,20,32
47,r_24_140_75,seq28,seq137,r_24_140_75,1.0,0,75,75,32
29,r_53_145_115,seq51,seq144,r_53_145_115,1.0,0,115,115,32
46,r_31_142_33,r_33_85_70,seq143,r_31_142_33,0.96,0,33,33,32
24,r_77_10_65,r_95_76_6,seq9,r_77_10_65,1.0,0,65,65,32
16,r_74_146_43,r_73_16_37,seq148,r_74_146_43,0.8,-6,37,43,32
25,r_21_8_172,seq20,r_77_10_65,r_77_10_65,1.0,107,172,65,32
43,r_61_19_95,r_106_62_30,r_73_16_37,r_61_19_95,1.0,1,96,95,32
33,r_35_131_125,seq34,seq130,r_35_131_125,0.98,0,125,125,32
88,seq103,seq104,r_84_102_90,r_84_102_90,1.0,8,98,90,32
28,r_97_78_147,r_82_129_188,r_13_99_24,r_13_99_24,0.98,22,46,24,32
58,seq12,r_14_89_137,seq1,r_14_89_137,0.6,0,137,137,32
6,r_75_88_150,r_95_76_6,r_14_89_137,r_75_88_150,0.92,0,150,150,32
65,seq34,r_35_131_125,seq36,r_35_131_125,0.69,0,125,125,32
3,r_135_27_54,seq132,seq28,r_135_27_54,1.0,0,54,54,32
61,seq20,r_21_8_172,r_135_27_54,r_135_27_54,1.0,117,171,54,32
38,r_91_40_101,seq92,r_0_43_28,r_91_40_101,0.98,0,101,101,32
34,r_70_41_131,seq65,r_0_43_28,r_70_41_131,0.83,0,131,131,32
32,r_11_94_52,seq12,r_118_96_55,r_11_94_52,1.0,1,53,52,32
73,seq51,r_53_145_115,r_38_54_8,r_53_145_115,0.94,-76,39,115,32
75,seq58,r_147_56_1,r_23_57_33,r_23_57_33,0.63,0,33,33,32
17,r_67_126_130,seq69,r_127_125_31,r_67_126_130,0.94,1,131,130,32
94,seq117,r_116_136_118,seq120,r_116_136_118,1.0,0,118,118,32
86,seq98,r_82_129_188,r_13_99_24,r_13_99_24,1.0,12,36,24,32
28,r_97_78_147,r_13_99_24,seq79,r_13_99_24,0.5,127,151,24,32
22,r_32_124_103,r_35_131_125,r_127_125_31,r_127_125_31,0.79,72,103,31,32
84,seq92,r_82_129_188,seq93,r_82_129_188,0.98,-142,46,188,32
49,r_15_25_90,r_17_100_120,r_18_26_87,r_17_100_120,1.0,-30,90,120,32
7,r_73_16_37,r_74_146_43,r_17_100_120,r_73_16_37,1.0,0,37,37,32
43,r_61_19_95,r_70_41_131,r_106_62_30,r_106_62_30,0.99,3,33,30,32
56,seq9,r_14_89_137,r_77_10_65,r_77_10_65,1.0,2,67,65,32
19,r_106_62_30,seq105,r_61_19_95,r_106_62_30,0.93,0,30,30,32
44,r_39_30_111,seq37,r_73_16_37,r_73_16_37,0.97,71,108,37,32
23,r_87_4_120,seq86,seq5,r_87_4_120,0.99,0,120,120,32
82,seq86,r_87_4_120,r_33_85_70,r_33_85_70,0.54,41,111,70,32
12,r_63_141_135,seq65,r_31_142_33,r_63_141_135,0.94,0,135,135,32
7,r_25_58_16,seq24,seq57,r_25_58_16,1.0,2,18,16,33
92,seq108,r_106_127_182,seq104,r_106_127_182,0.97,0,182,182,33
16,r_100_62_157,r_98_54_43,seq101,r_98_54_43,0.97,0,43,43,33
29,r_112_43_81,r_10_113_18,r_148_44_64,r_112_43_81,1.0,0,81,81,33
83,seq77,r_76_65_179,r_124_79_133,r_124_79_133,0.75,8,141,133,33
84,seq80,r_81_94_26,seq71,r_81_94_26,0.43,142,168,26,33
10,r_81_94_26,seq80,seq96,r_81_94_26,0.91,0,26,26,33
71,seq41,r_42_78_184,r_18_39_17,r_18_39_17,0.73,170,187,17,33
86,seq83,r_84_36_108,r_1_93_12,r_84_36_108,0.75,-10,98,108,33
21,r_12_115_107,seq13,seq116,r_12_115_107,0.97,0,107,107,33
39,r_69_97_154,seq71,r_136_99_147,r_69_97_154,0.56,0,154,154,33
43,r_95_75_26,seq96,seq74,r_95_75_26,0.93,1,27,26,33
1,r_126_3_161,r_121_122_48,r_109_4_44,r_121_122_48,0.95,113,161,48,33
5,r_124_79_133,r_121_122_48,seq77,r_124_79_133,0.78,0,133,133,33
29,r_112_43_81,r_114_117_70,r_10_113_18,r_10_113_18,0.96,14,32,18,33
42,r_148_44_64,seq149,r_46_91_115,r_148_44_64,1.0,0,64,64,33
34,r_136_99_147,r_81_94_26,r_69_97_154,r_69_97_154,0.59,10,164,154,33
80,seq71,r_69_97_154,r_103_70_4,r_69_97_154,0.67,-21,133,154,33
19,r_59_21_169,seq57,seq22,r_59_21_169,0.52,0,169,169,33
15,r_1_93_12,r_88_0_192,r_46_91_115,r_46_91_115,0.78,38,153,115,33
14,r_7_134_37,seq6,seq133,r_7_134_37,1.0,0,37,37,33
60,seq19,r_17_53_47,seq20,r_17_53_47,1.0,0,47,47,33
41,r_105_52_88,r_106_127_182,seq51,r_105_52_88,0.9,0,88,88,33
45,r_110_131_21,seq111,seq130,r_110_131_21,1.0,0,21,21,33
52,seq5,seq6,r_109_4_44,r_109_4_44,1.0,0,44,44,33
3,r_87_144_116,r_88_0_192,r_37_146_101,r_87_144_116,0.62,0,116,116,33
82,seq74,seq72,r_95_75_26,r_95_75_26,0.94,29,55,26,33
28,r_18_39_17,r_17_53_47,r_50_40_24,r_18_39_17,0.92,3,20,17,33
16,r_100_62_157,seq101,seq63,r_100_62_157,0.91,-1,156,157,33
37,r_38_8_198,r_46_91_115,r_18_39_17,r_38_8_198,0.8,-164,34,198,33
73,seq48,r_49_2_87,seq47,r_49_2_87,1.0,1,88,87,33
13,r_67_145_63,seq68,seq149,r_67_145_63,0.97,0,63,63,33
12,r_10_113_18,r_112_43_81,seq116,r_112_43_81,1.0,0,81,81,33
6,r_34_66_132,seq27,seq68,r_34_66_132,0.74,0,132,132,33
85,seq82,r_84_36_108,r_42_78_184,r_84_36_108,0.49,-2,106,108,33
34,r_136_99_147,seq133,r_81_94_26,r_136_99_147,0.85,0,147,147,33
12,r_10_113_18,r_7_134_37,r_112_43_81,r_10_113_18,0.95,0,18,18,33
79,seq68,seq63,r_34_66_132,r_34_66_132,1.0,2,134,132,33
2,r_137_129_132,seq138,r_110_131_21,r_110_131_21,0.72,112,133,21,33
47,r_35_15_203,r_37_146_101,r_125_32_90,r_35_15_203,1.0,-111,92,203,33
18,r_114_117_70,r_112_43_81,seq118,r_112_43_81,1.0,-11,70,81,33
25,r_88_0_192,r_87_144_116,r_45_85_109,r_87_144_116,0.78,0,116,116,33
33,r_37_146_101,r_35_15_203,seq149,r_37_146_101,1.0,0,101,101,33
48,r_50_40_24,seq47,r_18_39_17,r_50_40_24,0.94,1,25,24,33
32,r_76_65_179,seq72,r_34_66_132,r_34_66_132,0.98,48,180,132,33
38,r_135_140_16,r_136_99_147,r_61_142_63,r_61_142_63,0.99,1,64,63,33
15,r_1_93_12,r_7_134_37,r_88_0_192,r_1_93_12,0.74,0,12,12,33
36,r_17_53_47,seq19,r_98_54_43,r_17_53_47,1.0,0,47,47,33
26,r_92_11_39,r_87_144_116,seq13,r_92_11_39,0.87,0,39,39,33
17,r_49_2_87,seq48,seq5,r_49_2_87,0.98,1,88,87,33
25,r_88_0_192,r_45_85_109,r_126_3_161,r_45_85_109,0.75,83,192,109,33
9,r_143_31_101,seq149,seq29,r_143_31_101,1.0,0,101,101,33
37,r_38_8_198,r_18_39_17,r_92_11_39,r_92_11_39,0.59,159,198,39,33
22,r_61_142_63,seq63,r_135_140_16,r_61_142_63,1.0,0,63,63,33
40,r_98_54_43,r_100_62_157,r_17_53_47,r_98_54_43,1.0,7,50,43,33
0,r_56_26_44,seq47,seq27,r_56_26_44,0.99,2,46,44,33
49,r_125_32_90,r_126_3_161,seq33,r_125_32_90,1.0,0,90,90,33
44,r_84_36_108,seq83,r_35_15_203,r_84_36_108,0.93,1,109,108,33
35,r_109_4_44,seq111,seq5,r_109_4_44,0.95,-1,43,44,33
31,r_86_128_8,r_87_144_116,seq130,r_86_128_8,0.93,4,12,8,33
23,r_45_85_109,r_46_91_115,r_88_0_192,r_88_0_192,0.83,-83,109,192,33
79,seq68,r_67_145_63,seq63,r_67_145_63,1.0,0,63,63,33
42,r_148_44_64,r_46_91_115,r_112_43_81,r_148_44_64,0.63,51,115,64,33
23,r_45_85_109,r_88_0_192,r_107_89_4,r_88_0_192,0.86,0,192,192,33
30,r_32_107_80,seq33,seq108,r_32_107_80,1.0,0,80,80,34
36,r_48_125_98,r_51_138_121,r_120_124_8,r_48_125_98,1.0,0,98,98,34
12,r_52_64_33,r_54_2_188,seq65,r_52_64_33,1.0,0,33,33,34
17,r_111_92_29,seq112,seq91,r_111_92_29,0.99,0,29,29,34
92,seq108,seq106,r_32_107_80,r_32_107_80,1.0,10,90,80,34
14,r_11_53_68,r_12_143_155,r_54_2_188,r_11_53_68,1.0,0,68,68,34
59,seq146,r_145_21_188,r_22_149_151,r_22_149_151,0.99,37,188,151,34
38,r_13_147_16,r_12_143_155,seq144,r_13_147_16,0.97,0,16,16,34
1,r_51_138_121,r_41_47_37,r_67_140_94,r_51_138_121,0.8,0,121,121,34
5,r_39_49_143,r_40_50_121,r_36_31_177,r_36_31_177,0.59,-55,122,177,34
46,r_120_124_8,seq122,r_75_126_106,r_75_126_106,1.0,35,141,106,34
42,r_57_44_186,r_56_141_152,r_39_49_143,r_56_141_152,0.78,0,152,152,34
8,r_46_6_54,r_51_138_121,seq5,r_46_6_54,1.0,0,54,54,34
83,seq87,r_90_42_164,r_63_88_116,r_90_42_164,0.64,-29,135,164,34
19,r_36_31_177,seq35,r_137_30_134,r_137_30_134,0.64,43,177,134,34
33,r_29_17_11,r_18_14_137,r_78_15_40,r_78_15_40,1.0,84,124,40,34
27,r_84_104_60,r_105_85_169,r_32_107_80,r_84_104_60,0.82,109,169,60,34
40,r_115_99_149,seq110,r_62_114_71,r_115_99_149,0.55,28,177,149,34
38,r_13_147_16,seq144,r_8_148_123,r_8_148_123,0.99,6,129,123,34
31,r_54_2_188,r_51_138_121,r_11_53_68,r_11_53_68,0.57,9,77,68,34
41,r_118_132_126,r_117_95_124,seq131,r_118_132_126,0.95,0,126,126,34
89,seq100,r_102_68_180,seq103,r_102_68_180,0.25,-36,144,180,34
3,r_0_73_135,r_1_72_182,r_89_59_81,r_0_73_135,0.7,2,137,135,34
42,r_57_44_186,r_39_49_143,seq43,r_57_44_186,0.4,-3,183,186,34
10,r_62_114_71,seq58,seq113,r_62_114_71,1.0,0,71,71,34
58,seq16,r_12_143_155,r_78_15_40,r_78_15_40,1.0,9,49,40,34
26,r_102_68_180,seq103,r_89_59_81,r_89_59_81,0.76,99,180,81,34
14,r_11_53_68,r_54_2_188,r_39_49_143,r_11_53_68,0.71,120,188,68,34
50,seq130,r_128_139_79,r_120_124_8,r_128_139_79,0.95,-40,39,79,34
78,seq76,r_75_126_106,seq83,r_75_126_106,1.0,0,106,106,34
11,r_75_126_106,seq76,r_48_125_98,r_75_126_106,1.0,0,106,106,34
20,r_56_141_152,r_57_44_186,r_119_142_66,r_56_141_152,0.88,0,152,152,34
15,r_1_72_182,r_0_73_135,seq9,r_0_73_135,1.0,3,138,135,34
48,r_38_97_67,seq35,seq96,r_38_97_67,1.0,0,67,67,34
23,r_119_142_66,r_8_148_123,r_12_143_155,r_12_143_155,1.0,0,155,155,34
3,r_0_73_135,r_89_59_81,r_26_74_161,r_26_74_161,0.9,3,164,161,34
15,r_1_72_182,seq9,r_0_73_135,r_1_72_182,0.96,0,182,182,34
6,r_98_135_135,seq96,r_51_138_121,r_98_135_135,0.98,0,135,135,34
52,seq5,seq7,r_46_6_54,r_46_6_54,1.0,0,54,54,34
21,r_41_47_37,r_51_138_121,r_11_53_68,r_41_47_37,0.84,84,121,37,34
79,seq79,r_80_55_204,r_66_77_2,r_66_77_2,0.51,47,49,2,34
5,r_39_49_143,r_36_31_177,r_11_53_68,r_36_31_177,0.81,-33,144,177,34
99,seq122,r_123_127_78,r_45_121_22,r_45_121_22,1.0,39,61,22,34
51,seq3,seq7,r_46_6_54,r_46_6_54,1.0,4,58,54,34
27,r_84_104_60,r_80_55_204,r_105_85_169,r_84_104_60,1.0,0,60,60,34
51,seq3,r_46_6_54,r_71_4_110,r_71_4_110,1.0,1,111,110,34
62,seq23,r_137_30_134,r_145_21_188,r_145_21_188,0.92,1,189,188,34
2,r_67_140_94,seq70,r_128_139_79,r_67_140_94,0.85,0,94,94,34
47,r_37_101_166,seq35,seq100,r_37_101_166,0.51,0,166,166,34
29,r_105_85_169,seq108,r_84_104_60,r_84_104_60,1.0,2,62,60,34
24,r_82_129_145,seq83,seq130,r_82_129_145,0.84,2,147,145,34
25,r_137_30_134,seq134,seq33,r_137_30_134,0.98,0,134,134,34
65,seq27,r_137_30_134,seq28,r_137_30_134,0.37,57,191,134,34
43,r_71_4_110,r_111_92_29,seq3,r_71_4_110,0.98,0,110,110,34
13,r_78_15_40,r_80_55_204,seq16,r_78_15_40,1.0,0,40,40,34
70,seq35,r_36_31_177,r_90_42_164,r_90_42_164,0.46,9,173,164,34
68,seq33,seq34,r_32_107_80,r_32_107_80,1.0,-81,-1,80,34
21,r_41_47_37,r_40_50_121,r_51_138_121,r_40_50_121,0.6,-84,37,121,34
32,r_26_74_161,seq27,r_0_73_135,r_26_74_161,0.56,1,162,161,34
1,r_51_138_121,r_46_6_54,r_41_47_37,r_46_6_54,1.0,-16,38,54,34
9,r_123_127_78,seq122,r_75_126_106,r_75_126_106,1.0,35,141,106,34
31,r_54_2_188,r_11_53_68,r_71_4_110,r_71_4_110,0.3,78,188,110,34
29,r_105_85_169,r_84_104_60,r_66_77_2,r_105_85_169,0.78,0,169,169,34
22,r_12_143_155,seq16,r_119_142_66,r_12_143_155,0.77,0,155,155,34
28,r_18_14_137,seq20,r_78_15_40,r_78_15_40,1.0,81,121,40,34
49,r_40_50_121,r_39_49_143,r_11_53_68,r_11_53_68,1.0,51,119,68,34
44,r_128_139_79,r_137_30_134,r_51_138_121,r_128_139_79,0.8,55,134,79,34
7,r_90_42_164,seq91,seq35,r_90_42_164,0.63,0,164,164,34
44,r_128_139_79,seq130,r_137_30_134,r_128_139_79,0.99,0,79,79,34
39,r_45_121_22,r_51_138_121,seq122,r_45_121_22,0.96,0,22,22,34
23,r_119_142_66,r_118_132_126,r_137_30_134,r_119_142_66,1.0,0,66,66,34
43,r_71_4_110,seq58,r_111_92_29,r_111_92_29,0.93,16,45,29,34
35,r_8_148_123,seq9,r_13_147_16,r_8_148_123,0.97,0,123,123,34
23,r_119_142_66,r_137_30_134,r_8_148_123,r_119_142_66,0.78,68,134,66,34
93,seq105,r_104_142_169,r_140_106_163,r_140_106_163,0.59,5,168,163,35
30,r_44_120_147,seq42,r_141_121_115,r_44_120_147,0.57,0,147,147,35
36,r_134_23_139,r_132_74_137,seq22,r_134_23_139,0.98,-2,137,139,35
8,r_135_55_89,seq136,r_53_49_189,r_135_55_89,1.0,0,89,89,35
43,r_119_88_93,r_118_114_7,seq90,r_119_88_93,0.98,0,93,93,35
37,r_18_3_108,r_17_133_193,r_115_4_72,r_115_4_72,0.99,36,108,72,35
53,seq6,seq11,r_65_7_77,r_65_7_77,0.58,0,77,77,35
16,r_81_149_66,r_85_72_87,seq147,r_81_149_66,1.0,0,66,66,35
21,r_56_100_100,r_57_24_151,r_101_1_146,r_56_100_100,0.97,0,100,100,35
5,r_65_7_77,r_66_21_100,seq6,r_65_7_77,0.99,0,77,77,35
46,r_148_89_182,seq146,r_119_88_93,r_119_88_93,0.69,89,182,93,35
42,r_101_1_146,r_98_37_124,r_56_100_100,r_56_100_100,0.91,1,101,100,35
6,r_57_24_151,r_45_63_4,r_52_33_119,r_57_24_151,1.0,0,151,151,35
14,r_139_78_25,r_79_70_46,seq80,r_139_78_25,0.62,22,47,25,35
7,r_71_117_195,r_79_70_46,r_85_72_87,r_85_72_87,0.71,29,116,87,35
69,seq32,seq31,r_52_33_119,r_52_33_119,1.0,16,135,119,35
45,r_92_54_157,r_93_38_83,seq90,r_93_38_83,1.0,0,83,83,35
24,r_109_16_40,r_17_133_193,r_36_15_109,r_36_15_109,1.0,61,170,109,35
29,r_68_102_71,r_118_114_7,r_25_103_115,r_25_103_115,0.89,3,118,115,35
95,seq110,r_111_27_72,seq108,r_111_27_72,1.0,0,72,72,35
76,seq51,r_47_19_114,r_8_50_58,r_8_50_58,0.5,23,81,58,35
24,r_109_16_40,seq108,r_17_133_193,r_109_16_40,0.99,2,42,40,35
39,r_97_67_29,seq95,r_66_21_100,r_97_67_29,0.99,0,29,29,35
39,r_97_67_29,r_66_21_100,r_45_63_4,r_66_21_100,1.0,0,100,100,35
31,r_52_33_119,seq46,seq32,r_52_33_119,1.0,0,119,119,35
18,r_79_70_46,r_139_78_25,r_71_117_195,r_79_70_46,0.89,0,46,46,35
89,seq90,r_92_54_157,r_119_88_93,r_119_88_93,0.64,27,120,93,35
10,r_111_27_72,seq110,seq28,r_111_27_72,1.0,0,72,72,35
26,r_85_72_87,seq82,r_71_117_195,r_85_72_87,0.95,0,87,87,35
72,seq39,r_40_125_145,r_93_38_83,r_93_38_83,0.72,6,89,83,35
14,r_139_78_25,seq138,r_79_70_46,r_139_78_25,0.98,-1,24,25,35
98,seq123,r_124_62_56,seq122,r_124_62_56,1.0,0,56,56,35
4,r_14_43_155,seq13,r_135_55_89,r_14_43_155,0.98,0,155,155,35
63,seq22,seq31,r_66_21_100,r_66_21_100,1.0,2,102,100,35
15,r_17_133_193,r_18_3_108,r_109_16_40,r_109_16_40,1.0,0,40,40,35
11,r_93_38_83,r_92_54_157,seq39,r_93_38_83,0.94,0,83,83,35
18,r_79_70_46,r_85_72_87,r_139_78_25,r_139_78_25,0.93,2,27,25,35
13,r_91_5_75,r_93_38_83,r_65_7_77,r_91_5_75,1.0,1,76,75,35
48,r_132_74_137,r_134_23_139,seq75,r_132_74_137,0.99,0,137,137,35
56,seq10,seq11,r_73_9_27,r_73_9_27,0.82,0,27,27,35
34,r_124_62_56,seq123,r_45_63_4,r_124_62_56,1.0,0,56,56,35
6,r_57_24_151,r_58_20_110,r_45_63_4,r_58_20_110,0.92,0,110,110,35
18,r_79_70_46,r_71_117_195,r_85_72_87,r_85_72_87,0.83,81,168,87,35
27,r_58_20_110,r_57_24_151,seq26,r_57_24_151,0.75,-40,111,151,35
44,r_141_121_115,seq122,r_44_120_147,r_44_120_147,0.97,5,152,147,35
2,r_66_21_100,r_65_7_77,r_97_67_29,r_66_21_100,0.79,-23,77,100,35
47,r_40_125_145,seq39,seq129,r_40_125_145,0.94,0,145,145,35
40,r_47_19_114,seq46,r_109_16_40,r_47_19_114,0.92,0,114,114,35
74,seq42,r_44_120_147,r_8_50_58,r_8_50_58,0.84,71,129,58,35
29,r_68_102_71,seq69,r_118_114_7,r_68_102_71,1.0,0,71,71,35
25,r_59_84_99,r_45_63_4,seq82,r_59_84_99,0.87,4,103,99,35
19,r_60_143_55,r_45_63_4,seq147,r_60_143_55,1.0,1,56,55,35
79,seq69,r_71_117_195,r_85_72_87,r_71_117_195,0.55,-97,98,195,35
58,seq13,r_14_43_155,seq11,r_14_43_155,0.86,0,155,155,35
42,r_101_1_146,r_56_100_100,r_99_0_128,r_56_100_100,0.57,46,146,100,35
49,r_99_0_128,r_115_4_72,r_101_1_146,r_101_1_146,0.97,0,146,146,35
32,r_25_103_115,seq28,r_68_102_71,r_25_103_115,1.0,0,115,115,35
38,r_53_49_189,r_47_19_114,r_135_55_89,r_53_49_189,0.88,-99,90,189,35
52,seq2,seq6,r_115_4_72,r_115_4_72,1.0,-2,70,72,35
20,r_73_9_27,seq75,seq10,r_73_9_27,1.0,0,27,27,35
23,r_8_50_58,seq6,seq51,r_8_50_58,1.0,0,58,58,35
75,seq46,r_47_19_114,r_8_50_58,r_8_50_58,0.54,57,115,58,35
45,r_92_54_157,seq90,r_135_55_89,r_92_54_157,0.85,0,157,157,35
17,r_48_127_160,seq42,r_40_125_145,r_48_127_160,0.73,0,160,160,35
41,r_36_15_109,seq39,r_109_16_40,r_36_15_109,1.0,0,109,109,35
28,r_98_37_124,seq34,seq39,r_98_37_124,0.37,29,153,124,35
26,r_85_72_87,r_71_117_195,r_79_70_46,r_85_72_87,0.44,107,194,87,35
9,r_64_113_29,r_45_63_4,r_118_114_7,r_64_113_29,0.99,0,29,29,35
2,r_66_21_100,r_97_67_29,seq22,r_66_21_100,1.0,0,100,100,35
21,r_56_100_100,r_101_1_146,seq94,r_101_1_146,1.0,0,146,146,35
22,r_12_131_124,r_14_43_155,seq130,r_12_131_124,0.81,0,124,124,35
28,r_98_37_124,r_99_0_128,seq34,r_98_37_124,0.97,0,124,124,35
49,r_99_0_128,r_101_1_146,r_115_4_72,r_99_0_128,0.5,0,128,128,35
79,seq69,r_68_102_71,r_71_117_195,r_68_102_71,1.0,0,71,71,35
35,r_104_142_169,seq105,r_81_149_66,r_81_149_66,1.0,103,169,66,35
12,r_115_4_72,r_118_114_7,seq2,r_115_4_72,1.0,1,73,72,35
7,r_71_117_195,r_68_102_71,r_79_70_46,r_71_117_195,0.76,-149,46,195,35
30,r_89_99_115,r_90_34_175,r_75_98_122,r_75_98_122,0.66,0,122,122,36
8,r_119_50_123,r_120_67_192,seq49,r_119_50_123,0.71,0,123,123,36
43,r_17_127_83,r_15_53_123,seq125,r_17_127_83,0.99,0,83,83,36
33,r_137_11_16,r_133_54_37,r_10_63_145,r_137_11_16,0.92,0,16,16,36
37,r_12_51_139,r_10_63_145,r_91_13_64,r_91_13_64,1.0,3,67,64,36
59,seq144,r_145_43_153,r_33_138_98,r_33_138_98,0.82,54,152,98,36
16,r_91_13_64,r_90_34_175,r_12_51_139,r_91_13_64,1.0,0,64,64,36
21,r_70_82_65,seq71,r_83_77_165,r_70_82_65,1.0,0,65,65,36
39,r_117_142_129,r_118_20_146,r_30_143_98,r_117_142_129,0.93,0,129,129,36
58,seq140,seq134,r_30_143_98,r_30_143_98,0.9,10,108,98,36
5,r_4_72_96,r_10_63_145,seq71,r_4_72_96,0.96,0,96,96,36
46,r_120_67_192,r_119_50_123,r_108_116_76,r_120_67_192,0.78,-69,123,192,36
42,r_74_146_113,seq76,r_88_148_21,r_74_146_113,1.0,0,113,113,36
80,seq60,r_59_124_117,seq56,r_59_124_117,1.0,0,117,117,36
7,r_65_79_62,seq76,r_115_78_183,r_115_78_183,0.82,2,185,183,36
19,r_123_129_95,seq122,r_105_130_27,r_105_130_27,0.78,74,101,27,36
33,r_137_11_16,r_10_63_145,seq6,r_10_63_145,1.0,0,145,145,36
95,seq110,seq109,r_112_111_74,r_112_111_74,0.98,0,74,74,36
76,seq52,seq49,r_15_53_123,r_15_53_123,0.76,36,159,123,36
1,r_133_54_37,seq136,seq49,r_133_54_37,0.84,-2,35,37,36
31,r_83_77_165,seq87,r_70_82_65,r_70_82_65,1.0,0,65,65,36
41,r_8_35_68,r_10_63_145,seq36,r_10_63_145,0.92,-73,72,145,36
53,seq131,r_145_43_153,r_105_130_27,r_105_130_27,0.69,1,28,27,36
3,r_90_34_175,seq92,r_8_35_68,r_90_34_175,0.52,2,177,175,36
50,seq128,r_88_148_21,r_33_138_98,r_33_138_98,0.96,12,110,98,36
16,r_91_13_64,r_12_51_139,r_93_16_139,r_91_13_64,1.0,75,139,64,36
4,r_61_28_170,seq62,r_0_26_25,r_61_28_170,0.5,0,170,170,36
29,r_104_55_56,r_107_69_65,r_133_54_37,r_104_55_56,1.0,1,57,56,36
46,r_120_67_192,r_108_116_76,r_44_68_163,r_120_67_192,0.58,0,192,192,36
15,r_30_143_98,seq29,seq140,r_30_143_98,1.0,0,98,98,36
71,seq41,r_10_63_145,seq46,r_10_63_145,0.97,-88,57,145,36
49,r_108_116_76,r_141_106_15,r_120_67_192,r_108_116_76,1.0,0,76,76,36
6,r_75_98_122,seq76,r_89_99_115,r_75_98_122,0.98,0,122,122,36
21,r_70_82_65,r_83_77_165,r_80_86_127,r_70_82_65,0.84,100,165,65,36
49,r_108_116_76,r_105_130_27,r_141_106_15,r_108_116_76,0.79,-61,15,76,36
0,r_10_63_145,r_137_11_16,seq62,r_10_63_145,0.86,0,145,145,36
36,r_141_106_15,r_108_116_76,seq103,r_108_116_76,1.0,0,76,76,36
27,r_15_53_123,seq18,seq52,r_15_53_123,0.83,2,125,123,36
87,seq92,r_90_34_175,seq109,r_90_34_175,0.84,0,175,175,36
36,r_141_106_15,seq140,r_108_116_76,r_141_106_15,0.98,0,15,15,36
2,r_118_20_146,r_120_67_192,r_85_23_37,r_118_20_146,0.52,0,146,146,36
41,r_8_35_68,seq36,r_90_34_175,r_90_34_175,0.84,1,176,175,36
47,r_47_73_157,seq46,r_65_79_62,r_47_73_157,0.77,0,157,157,36
14,r_105_130_27,r_107_69_65,seq131,r_105_130_27,0.98,0,27,27,36
93,seq103,r_141_106_15,r_75_98_122,r_75_98_122,1.0,44,166,122,36
45,r_3_14_36,seq1,seq18,r_3_14_36,0.82,0,36,36,36
74,seq48,seq60,r_133_54_37,r_133_54_37,0.98,83,120,37,36
26,r_112_111_74,seq128,seq110,r_112_111_74,0.96,-10,64,74,36
50,seq128,seq132,r_88_148_21,r_88_148_21,0.84,42,63,21,36
61,seq147,r_149_81_182,r_88_148_21,r_88_148_21,0.97,161,182,21,36
32,r_80_86_127,seq76,seq87,r_80_86_127,0.82,0,127,127,36
38,r_93_16_139,seq92,seq18,r_93_16_139,0.97,0,139,139,36
34,r_66_42_79,seq64,seq46,r_66_42_79,1.0,0,79,79,36
75,seq49,seq52,r_119_50_123,r_119_50_123,0.79,36,159,123,36
81,seq62,r_61_28_170,r_10_63_145,r_10_63_145,0.83,25,170,145,36
83,seq71,r_107_69_65,r_4_72_96,r_4_72_96,1.0,21,117,96,36
9,r_145_43_153,seq144,r_66_42_79,r_145_43_153,0.79,0,153,153,36
31,r_83_77_165,r_70_82_65,r_65_79_62,r_70_82_65,0.84,100,165,65,36
1,r_133_54_37,seq49,r_104_55_56,r_104_55_56,0.84,6,62,56,36
37,r_12_51_139,r_91_13_64,r_15_53_123,r_91_13_64,1.0,75,139,64,36
22,r_149_81_182,seq147,r_80_86_127,r_149_81_182,0.37,0,182,182,36
28,r_107_69_65,r_108_116_76,seq71,r_107_69_65,1.0,0,65,65,36
91,seq100,r_101_96_152,r_75_98_122,r_75_98_122,1.0,30,152,122,36
10,r_85_23_37,seq87,seq22,r_85_23_37,0.99,0,37,37,36
7,r_65_79_62,r_66_42_79,seq76,r_65_79_62,1.0,0,62,62,36
44,r_59_124_117,seq60,seq125,r_59_124_117,0.86,0,117,117,36
23,r_45_5_109,r_47_73_157,r_137_11_16,r_45_5_109,0.78,0,109,109,36
18,r_32_9_40,r_33_138_98,seq7,r_33_138_98,0.76,-58,40,98,36
49,r_108_116_76,r_120_67_192,r_25_121_75,r_120_67_192,0.59,0,192,192,36
0,r_10_63_145,r_8_35_68,r_137_11_16,r_137_11_16,0.99,0,16,16,36
82,seq64,r_66_42_79,seq62,r_66_42_79,1.0,0,79,79,36
17,r_88_148_21,r_90_34_175,seq147,r_88_148_21,0.98,0,21,21,36
35,r_58_24_186,seq60,r_118_20_146,r_118_20_146,0.7,40,186,146,36
12,r_115_78_183,r_120_67_192,r_65_79_62,r_115_78_183,0.25,0,183,183,36
36,r_81_50_79,r_89_21_140,r_96_49_35,r_81_50_79,0.98,0,79,79,37
9,r_33_130_16,seq128,r_9_133_5,r_33_130_16,0.58,70,86,16,37
0,r_66_30_10,r_67_55_140,seq28,r_66_30_10,0.97,1,11,10,37
14,r_103_61_112,r_102_106_32,r_60_23_139,r_103_61_112,0.88,0,112,112,37
40,r_14_71_12,r_19_18_133,seq73,r_14_71_12,0.82,0,12,12,37
60,seq12,r_19_18_133,r_140_13_14,r_140_13_14,0.97,15,29,14,37
37,r_112_40_173,seq113,seq41,r_112_40_173,0.56,1,174,173,37
44,r_140_13_14,r_139_123_134,seq12,r_140_13_14,1.0,0,14,14,37
3,r_26_104_162,r_66_30_10,seq108,r_26_104_162,0.94,0,162,162,37
40,r_14_71_12,seq73,r_101_70_50,r_101_70_50,1.0,2,52,50,37
71,seq37,seq41,r_99_38_100,r_99_38_100,1.0,19,119,100,37
86,seq97,r_99_38_100,r_16_95_15,r_99_38_100,0.81,0,100,100,37
16,r_60_23_139,r_67_55_140,r_103_61_112,r_103_61_112,0.97,2,114,112,37
39,r_47_87_134,seq45,r_82_46_34,r_82_46_34,1.0,52,86,34,37
18,r_101_70_50,seq100,r_14_71_12,r_101_70_50,1.0,0,50,50,37
28,r_20_129_36,r_19_18_133,seq128,r_20_129_36,1.0,0,36,36,37
5,r_19_18_133,seq12,r_94_11_61,r_94_11_61,1.0,80,141,61,37
42,r_4_145_64,seq6,r_126_146_37,r_4_145_64,1.0,0,64,64,37
11,r_79_72_192,r_74_69_35,r_90_78_16,r_90_78_16,0.94,9,25,16,37
80,seq58,seq59,r_52_75_178,r_52_75_178,0.44,-30,148,178,37
32,r_67_55_140,r_31_64_15,seq54,r_67_55_140,0.75,0,140,140,37
45,r_84_76_174,seq83,r_101_70_50,r_84_76_174,0.51,0,174,174,37
69,seq34,seq36,r_53_35_68,r_53_35_68,0.81,0,68,68,37
19,r_94_11_61,r_93_39_173,r_19_18_133,r_94_11_61,1.0,0,61,61,37
3,r_26_104_162,r_27_62_83,r_66_30_10,r_27_62_83,0.74,-10,73,83,37
10,r_139_123_134,seq137,seq125,r_139_123_134,0.95,0,134,134,37
9,r_33_130_16,r_32_77_144,seq128,r_33_130_16,1.0,0,16,16,37
48,r_31_64_15,r_33_130_16,r_67_55_140,r_31_64_15,1.0,0,15,15,37
80,seq58,r_52_75_178,r_24_65_143,r_52_75_178,0.55,-1,177,178,37
70,seq36,r_4_145_64,seq41,r_4_145_64,0.71,-32,32,64,37
23,r_82_46_34,r_91_88_136,r_47_87_134,r_82_46_34,0.99,0,34,34,37
4,r_53_35_68,seq54,seq34,r_53_35_68,0.88,0,68,68,37
8,r_16_95_15,seq17,seq97,r_16_95_15,1.0,0,15,15,37
20,r_27_62_83,r_26_104_162,r_31_64_15,r_27_62_83,0.85,0,83,83,37
98,seq125,r_124_56_167,r_139_123_134,r_139_123_134,0.59,33,167,134,37
13,r_68_120_194,r_79_72_192,r_74_69_35,r_74_69_35,0.55,15,50,35,37
6,r_24_65_143,seq25,r_31_64_15,r_24_65_143,0.85,0,143,143,37
16,r_60_23_139,r_103_61_112,seq22,r_60_23_139,0.55,0,139,139,37
14,r_103_61_112,r_60_23_139,r_31_64_15,r_60_23_139,0.76,0,139,139,37
27,r_114_98_176,r_115_105_188,r_16_95_15,r_114_98_176,0.75,0,176,176,37
2,r_52_75_178,seq51,r_101_70_50,r_101_70_50,0.73,132,182,50,37
41,r_90_78_16,r_79_72_192,r_32_77_144,r_32_77_144,1.0,48,192,144,37
29,r_63_85_95,r_67_55_140,r_148_86_86,r_63_85_95,1.0,0,95,95,37
17,r_42_29_43,seq43,r_66_30_10,r_42_29_43,0.98,0,43,43,37
24,r_32_77_144,r_26_104_162,r_90_78_16,r_32_77_144,0.92,0,144,144,37
34,r_96_49_35,seq48,r_81_50_79,r_81_50_79,1.0,24,103,79,37
25,r_99_38_100,seq97,seq37,r_99_38_100,0.98,0,100,100,37
33,r_93_39_173,r_94_11_61,seq100,r_94_11_61,1.0,0,61,61,37
48,r_31_64_15,r_67_55_140,r_103_61_112,r_103_61_112,0.82,18,130,112,37
65,seq149,r_148_86_86,r_126_146_37,r_148_86_86,0.51,0,86,86,37
22,r_7_116_38,r_8_138_206,r_115_105_188,r_7_116_38,1.0,0,38,38,37
21,r_126_146_37,seq132,seq144,r_126_146_37,1.0,0,37,37,37
38,r_89_21_140,seq92,r_60_23_139,r_89_21_140,0.95,0,140,140,37
81,seq59,r_67_55_140,r_31_64_15,r_31_64_15,0.44,73,88,15,37
46,r_9_133_5,r_134_5_31,r_33_130_16,r_9_133_5,0.86,26,31,5,37
43,r_74_69_35,r_79_72_192,r_68_120_194,r_68_120_194,0.44,-159,35,194,37
39,r_47_87_134,r_82_46_34,r_91_88_136,r_47_87_134,1.0,0,134,134,37
49,r_148_86_86,seq149,seq83,r_148_86_86,0.6,0,86,86,37
34,r_96_49_35,r_99_38_100,seq48,r_96_49_35,0.96,0,35,35,37
41,r_90_78_16,r_91_88_136,r_79_72_192,r_90_78_16,0.99,0,16,16,37
56,seq135,seq149,r_126_146_37,r_126_146_37,0.72,101,138,37,37
7,r_117_15_167,r_115_105_188,r_94_11_61,r_117_15_167,0.76,0,167,167,37
30,r_134_5_31,r_9_133_5,seq6,r_134_5_31,0.81,0,31,31,37
32,r_67_55_140,r_63_85_95,r_31_64_15,r_31_64_15,0.82,6,21,15,37
82,seq73,r_79_72_192,r_101_70_50,r_101_70_50,1.0,14,64,50,37
30,r_134_5_31,r_117_15_167,r_9_133_5,r_134_5_31,0.81,-17,14,31,37
23,r_82_46_34,r_47_87_134,r_96_49_35,r_47_87_134,1.0,0,134,134,37
30,r_25_143_122,seq22,seq145,r_25_143_122,0.76,0,122,122,38
44,r_89_53_58,r_52_120_131,r_20_54_95,r_89_53_58,0.95,71,129,58,38
36,r_86_80_85,seq84,seq78,r_86_80_85,0.53,0,85,85,38
20,r_117_79_201,seq118,seq124,r_117_79_201,0.76,-156,45,201,38
92,seq101,seq100,r_116_102_124,r_116_102_124,1.0,17,141,124,38
43,r_109_114_34,r_116_102_124,seq105,r_116_102_124,1.0,0,124,124,38
54,seq10,r_8_1_135,r_27_9_47,r_8_1_135,0.97,-63,72,135,38
37,r_83_139_144,r_82_46_161,r_123_141_109,r_83_139_144,0.53,0,144,144,38
71,seq44,r_43_133_135,seq47,r_43_133_135,0.99,0,135,135,38
16,r_52_120_131,seq49,r_113_119_48,r_52_120_131,0.61,0,131,131,38
21,r_82_46_161,seq81,seq47,r_82_46_161,0.71,0,161,161,38
39,r_91_63_192,seq85,r_142_66_116,r_142_66_116,1.0,76,192,116,38
1,r_87_138_161,seq84,r_121_137_150,r_87_138_161,0.94,0,161,161,38
1,r_87_138_161,r_88_7_135,seq84,r_87_138_161,0.36,-63,98,161,38
97,seq118,r_121_137_150,r_125_122_145,r_121_137_150,0.79,-40,110,150,38
5,r_2_129_106,seq3,seq131,r_2_129_106,1.0,1,107,106,38
42,r_30_18_61,r_19_134_107,r_115_17_39,r_30_18_61,1.0,3,64,61,38
45,r_64_21_78,seq65,r_68_23_53,r_64_21_78,0.61,0,78,78,38
48,r_112_55_70,seq57,r_74_56_125,r_74_56_125,1.0,0,125,125,38
8,r_95_39_21,r_96_130_132,seq41,r_95_39_21,0.99,0,21,21,38
27,r_96_130_132,r_95_39_21,seq99,r_95_39_21,0.95,-2,19,21,38
31,r_24_103_102,r_19_134_107,r_109_114_34,r_109_114_34,0.89,68,102,34,38
90,seq99,r_98_0_85,r_11_97_36,r_98_0_85,0.58,0,85,85,38
26,r_20_54_95,r_19_134_107,r_89_53_58,r_20_54_95,0.76,1,96,95,38
55,seq12,seq28,r_126_14_48,r_126_14_48,1.0,10,58,48,38
14,r_27_9_47,r_8_1_135,r_88_7_135,r_27_9_47,0.5,88,135,47,38
0,r_116_102_124,r_109_114_34,seq101,r_116_102_124,0.75,0,124,124,38
11,r_6_50_190,seq5,r_93_51_179,r_93_51_179,0.71,12,191,179,38
98,seq124,r_123_141_109,r_125_122_145,r_123_141_109,1.0,0,109,109,38
44,r_89_53_58,r_91_63_192,r_52_120_131,r_89_53_58,0.99,0,58,58,38
15,r_88_7_135,r_87_138_161,r_27_9_47,r_88_7_135,0.94,0,135,135,38
48,r_112_55_70,r_109_114_34,seq57,r_112_55_70,0.99,2,72,70,38
57,seq15,r_16_92_155,seq13,r_16_92_155,1.0,-12,143,155,38
2,r_93_51_179,seq77,r_94_48_120,r_93_51_179,0.72,0,179,179,38
22,r_8_1_135,r_27_9_47,r_98_0_85,r_8_1_135,0.96,0,135,135,38
2,r_93_51_179,r_94_48_120,seq77,r_94_48_120,0.85,0,120,120,38
47,r_123_141_109,seq124,seq140,r_123_141_109,0.74,0,109,109,38
40,r_38_148_179,seq41,r_128_149_168,r_38_148_179,0.51,0,179,179,38
18,r_43_133_135,seq44,r_125_122_145,r_43_133_135,0.94,0,135,135,38
29,r_121_137_150,r_125_122_145,r_113_119_48,r_121_137_150,0.71,-64,86,150,38
24,r_33_71_84,seq34,seq72,r_33_71_84,1.0,0,84,84,38
70,seq41,r_38_148_179,r_106_42_106,r_106_42_106,1.0,6,112,106,38
68,seq37,seq36,r_106_42_106,r_106_42_106,1.0,46,152,106,38
80,seq69,r_70_60_51,seq72,r_70_60_51,1.0,0,51,51,38
38,r_104_62_194,seq105,r_142_66_116,r_142_66_116,0.93,78,194,116,38
32,r_68_23_53,seq69,seq22,r_68_23_53,1.0,0,53,53,38
19,r_115_17_39,r_16_92_155,r_30_18_61,r_16_92_155,0.8,-74,81,155,38
17,r_128_149_168,seq132,seq147,r_128_149_168,0.47,0,168,168,38
25,r_113_119_48,r_121_137_150,r_52_120_131,r_52_120_131,0.66,21,152,131,38
9,r_16_92_155,seq22,seq75,r_16_92_155,1.0,1,156,155,38
19,r_115_17_39,r_116_102_124,r_16_92_155,r_115_17_39,1.0,0,39,39,38
27,r_96_130_132,seq65,r_2_129_106,r_96_130_132,0.52,-2,130,132,38
41,r_70_60_51,seq69,seq61,r_70_60_51,0.91,0,51,51,38
29,r_121_137_150,r_113_119_48,seq135,r_121_137_150,0.97,2,152,150,38
22,r_8_1_135,r_6_50_190,r_27_9_47,r_6_50_190,0.65,-130,60,190,38
28,r_106_42_106,seq105,seq41,r_106_42_106,0.99,0,106,106,38
49,r_98_0_85,seq99,seq3,r_98_0_85,0.99,0,85,85,38
33,r_126_14_48,r_125_122_145,seq13,r_126_14_48,1.0,1,49,48,38
7,r_142_66_116,seq140,r_70_60_51,r_142_66_116,0.87,0,116,116,38
13,r_4_31_28,seq3,r_26_32_61,r_4_31_28,0.99,0,28,28,38
25,r_113_119_48,r_109_114_34,r_121_137_150,r_113_119_48,0.7,1,49,48,38
34,r_11_97_36,seq10,seq99,r_11_97_36,1.0,0,36,36,38
35,r_74_56_125,seq73,r_112_55_70,r_112_55_70,0.55,55,125,70,38
12,r_26_32_61,seq28,r_4_31_28,r_4_31_28,0.9,34,62,28,38
30,r_33_80_170,r_26_6_201,r_128_75_149,r_26_6_201,0.29,-31,170,201,39
44,r_56_40_14,seq55,seq42,r_56_40_14,1.0,-1,13,14,39
71,seq42,r_41_118_184,r_56_40_14,r_56_40_14,0.84,77,91,14,39
86,seq85,seq82,r_113_86_77,r_113_86_77,1.0,67,144,77,39
21,r_117_4_120,r_116_134_182,seq2,r_117_4_120,1.0,0,120,120,39
22,r_70_53_20,r_93_50_39,r_87_54_93,r_87_54_93,1.0,2,95,93,39
1,r_83_37_86,seq82,seq38,r_83_37_86,1.0,-1,85,86,39
5,r_41_118_184,seq42,seq110,r_41_118_184,0.35,0,184,184,39
46,r_7_63_79,r_8_39_82,seq62,r_7_63_79,0.84,0,79,79,39
19,r_87_54_93,r_89_78_100,r_70_53_20,r_87_54_93,0.72,0,93,93,39
33,r_52_36_10,r_26_6_201,seq38,r_26_6_201,0.96,-118,83,201,39
31,r_16_35_104,seq12,r_83_37_86,r_83_37_86,0.99,43,129,86,39
29,r_3_30_17,r_0_91_108,seq27,r_3_30_17,0.98,-1,16,17,39
41,r_32_15_130,r_33_80_170,seq11,r_33_80_170,0.94,-40,130,170,39
67,seq148,seq147,r_13_149_133,r_13_149_133,0.99,18,151,133,39
22,r_70_53_20,r_51_133_46,r_93_50_39,r_70_53_20,0.75,26,46,20,39
8,r_92_101_116,r_115_10_154,r_123_102_146,r_115_10_154,0.87,-15,139,154,39
3,r_123_102_146,r_129_68_175,r_92_101_116,r_92_101_116,0.7,30,146,116,39
26,r_65_106_134,seq66,seq107,r_65_106_134,0.85,0,134,134,39
72,seq43,seq42,r_60_45_37,r_60_45_37,1.0,143,180,37,39
14,r_93_50_39,r_70_53_20,r_87_54_93,r_87_54_93,1.0,6,99,93,39
4,r_96_137_63,seq97,seq138,r_96_137_63,1.0,0,63,63,39
0,r_59_1_155,seq61,r_115_10_154,r_59_1_155,0.51,0,155,155,39
15,r_76_25_40,seq85,r_3_30_17,r_76_25_40,1.0,0,40,40,39
11,r_115_10_154,seq121,seq9,r_115_10_154,0.65,1,155,154,39
45,r_51_133_46,r_70_53_20,seq136,r_51_133_46,0.95,0,46,46,39
13,r_100_140_105,r_103_29_91,seq104,r_103_29_91,0.73,0,91,91,39
48,r_116_134_182,seq121,r_96_137_63,r_96_137_63,0.67,119,182,63,39
35,r_60_45_37,r_59_1_155,seq43,r_60_45_37,0.74,0,37,37,39
63,seq146,seq143,r_31_145_108,r_31_145_108,1.0,6,114,108,39
99,seq127,r_128_75_149,seq131,r_128_75_149,1.0,0,149,149,39
36,r_124_73_27,seq98,r_24_74_111,r_24_74_111,0.96,0,111,111,39
45,r_51_133_46,r_52_36_10,seq147,r_51_133_46,0.59,-35,11,46,39
37,r_108_112_173,r_120_77_156,seq131,r_120_77_156,0.59,-104,52,156,39
87,seq90,r_89_78_100,r_23_88_15,r_23_88_15,0.99,85,100,15,39
36,r_124_73_27,r_128_75_149,seq98,r_124_73_27,0.67,0,27,27,39
47,r_103_29_91,r_100_140_105,r_76_25_40,r_103_29_91,0.93,0,91,91,39
40,r_24_74_111,r_26_6_201,r_124_73_27,r_24_74_111,0.98,0,111,111,39
18,r_8_39_82,seq5,seq38,r_8_39_82,1.0,0,82,82,39
25,r_139_44_178,seq142,r_60_45_37,r_60_45_37,0.8,141,178,37,39
50,seq2,seq5,r_117_4_120,r_117_4_120,1.0,20,140,120,39
70,seq38,r_33_80_170,r_8_39_82,r_8_39_82,0.93,16,98,82,39
32,r_114_69_120,r_115_10_154,seq71,r_115_10_154,0.85,-34,120,154,39
38,r_31_145_108,r_33_80_170,seq146,r_31_145_108,0.82,0,108,108,39
34,r_126_81_78,seq125,seq79,r_126_81_78,0.99,1,79,78,39
75,seq49,seq47,r_130_48_64,r_130_48_64,1.0,55,119,64,39
60,seq142,r_139_44_178,r_105_141_96,r_105_141_96,0.94,82,178,96,39
81,seq66,r_65_106_134,seq64,r_65_106_134,0.99,0,134,134,39
17,r_0_91_108,seq5,r_113_86_77,r_0_91_108,0.93,0,108,108,39
9,r_130_48_64,r_128_75_149,seq47,r_130_48_64,1.0,0,64,64,39
45,r_51_133_46,seq147,r_70_53_20,r_51_133_46,0.69,-21,25,46,39
37,r_108_112_173,seq131,seq110,r_108_112_173,0.42,0,173,173,39
28,r_113_86_77,r_114_69_120,seq82,r_113_86_77,0.98,0,77,77,39
24,r_23_88_15,r_13_149_133,seq90,r_13_149_133,0.62,-118,15,133,39
49,r_144_58_103,seq146,seq55,r_144_58_103,0.96,0,103,103,39
33,r_52_36_10,r_51_133_46,r_26_6_201,r_52_36_10,1.0,0,10,10,39
7,r_13_149_133,seq12,seq148,r_13_149_133,0.99,0,133,133,39
23,r_14_84_84,seq12,seq82,r_14_84_84,0.98,-1,83,84,39
13,r_100_140_105,seq104,r_105_141_96,r_105_141_96,0.53,9,105,96,39
79,seq62,seq72,r_7_63_79,r_7_63_79,1.0,5,84,79,39
22,r_70_53_20,r_67_94_157,r_51_133_46,r_70_53_20,0.67,0,20,20,39
12,r_105_141_96,seq104,seq142,r_105_141_96,0.45,0,96,96,39
95,seq147,seq148,r_105_141_96,r_105_141_96,0.51,82,178,96,39
14,r_93_50_39,r_83_37_86,r_70_53_20,r_93_50_39,0.86,0,39,39,39
84,seq79,seq82,r_126_81_78,r_126_81_78,1.0,57,135,78,39
40,r_7_57_7,r_81_10_164,seq73,r_81_10_164,0.48,-45,119,164,40
30,r_136_134_68,seq137,seq133,r_136_134_68,0.77,0,68,68,40
12,r_3_24_34,r_25_106_89,r_8_32_40,r_25_106_89,1.0,0,89,89,40
93,seq101,r_105_95_61,r_144_100_45,r_144_100_45,0.85,11,56,45,40
36,r_23_124_67,r_25_106_89,seq120,r_23_124_67,0.73,0,67,67,40
6,r_90_5_46,seq92,seq11,r_90_5_46,1.0,0,46,46,40
14,r_85_115_136,seq86,seq114,r_85_115_136,0.87,0,136,136,40
8,r_111_121_97,seq114,r_22_122_43,r_22_122_43,1.0,55,98,43,40
43,r_61_84_6,r_83_71_96,r_31_88_70,r_31_88_70,1.0,26,96,70,40
59,seq15,r_13_129_147,r_128_14_32,r_128_14_32,0.58,104,136,32,40
19,r_70_51_28,r_68_34_91,seq52,r_70_51_28,0.98,0,28,28,40
21,r_38_30_187,seq40,r_3_24_34,r_38_30_187,0.38,0,187,187,40
39,r_41_18_189,seq42,r_35_4_47,r_41_18_189,0.31,0,189,189,40
16,r_81_10_164,r_85_115_136,r_29_87_22,r_29_87_22,1.0,6,28,22,40
1,r_138_118_136,r_143_12_167,seq117,r_138_118_136,0.66,0,136,136,40
5,r_139_142_19,r_143_12_167,r_82_147_35,r_82_147_35,0.82,132,167,35,40
12,r_3_24_34,seq1,r_25_106_89,r_25_106_89,0.61,-55,34,89,40
69,seq45,r_44_94_100,seq43,r_44_94_100,1.0,0,100,100,40
45,r_128_14_32,r_127_104_180,seq15,r_128_14_32,1.0,0,32,32,40
11,r_35_4_47,r_90_5_46,seq2,r_90_5_46,0.61,80,126,46,40
66,seq40,r_38_30_187,r_79_39_30,r_79_39_30,0.99,157,187,30,40
31,r_62_110_126,r_64_116_186,seq113,r_62_110_126,0.62,0,126,126,40
41,r_127_104_180,seq120,r_25_106_89,r_25_106_89,1.0,91,180,89,40
67,seq42,r_41_18_189,r_79_39_30,r_79_39_30,0.99,158,188,30,40
3,r_44_94_100,seq45,r_105_95_61,r_44_94_100,0.97,0,100,100,40
16,r_81_10_164,r_29_87_22,r_33_80_149,r_33_80_149,0.76,2,151,149,40
4,r_68_34_91,seq77,seq36,r_68_34_91,0.91,0,91,91,40
32,r_8_32_40,seq6,seq26,r_8_32_40,0.95,1,41,40,40
16,r_81_10_164,r_33_80_149,seq11,r_81_10_164,0.94,0,164,164,40
20,r_31_88_70,r_27_69_187,seq86,r_31_88_70,1.0,0,70,70,40
15,r_16_91_153,seq20,seq92,r_16_91_153,0.9,0,153,153,40
11,r_35_4_47,seq36,r_90_5_46,r_35_4_47,0.66,4,51,47,40
49,r_33_80_149,r_27_69_187,r_81_10_164,r_33_80_149,0.86,0,149,149,40
57,seq11,seq20,r_143_12_167,r_143_12_167,0.74,13,180,167,40
1,r_138_118_136,r_136_134_68,r_143_12_167,r_136_134_68,0.7,-14,54,68,40
27,r_55_125_109,seq56,seq117,r_55_125_109,0.94,0,109,109,40
87,seq86,r_85_115_136,r_31_88_70,r_31_88_70,1.0,34,104,70,40
22,r_143_12_167,r_139_142_19,seq11,r_139_142_19,0.58,148,167,19,40
42,r_144_100_45,r_146_28_115,seq101,r_144_100_45,0.89,0,45,45,40
35,r_119_9_24,seq117,seq6,r_119_9_24,1.0,0,24,24,40
2,r_105_95_61,seq101,seq97,r_105_95_61,0.58,0,61,61,40
47,r_83_71_96,r_85_115_136,seq73,r_83_71_96,0.77,0,96,96,40
76,seq56,r_55_125_109,seq54,r_55_125_109,1.0,-54,55,109,40
18,r_47_107_61,seq46,seq108,r_47_107_61,1.0,0,61,61,40
29,r_0_53_126,seq1,seq54,r_0_53_126,0.99,0,126,126,40
46,r_79_39_30,r_68_34_91,seq40,r_79_39_30,1.0,0,30,30,40
40,r_7_57_7,seq6,r_81_10_164,r_7_57_7,0.81,6,13,7,40
24,r_63_59_122,r_64_116_186,seq60,r_64_116_186,0.91,-57,129,186,40
38,r_82_147_35,r_85_115_136,seq148,r_82_147_35,0.99,1,36,35,40
33,r_146_28_115,seq148,r_8_32_40,r_146_28_115,0.96,0,115,115,40
64,seq26,r_27_69_187,r_3_24_34,r_3_24_34,1.0,150,184,34,40
77,seq60,r_64_116_186,r_63_59_122,r_64_116_186,0.91,-51,135,186,40
34,r_21_112_162,seq20,seq113,r_21_112_162,0.78,0,162,162,40
75,seq54,seq56,r_0_53_126,r_0_53_126,1.0,11,137,126,40
17,r_25_106_89,r_23_124_67,r_3_24_34,r_25_106_89,0.77,-22,67,89,40
94,seq108,seq98,r_25_106_89,r_25_106_89,1.0,0,89,89,40
9,r_13_129_147,seq15,seq131,r_13_129_147,0.92,0,147,147,40
17,r_25_106_89,r_3_24_34,seq108,r_25_106_89,0.85,0,89,89,40
28,r_140_67_168,seq141,seq75,r_140_67_168,0.35,-1,167,168,40
49,r_33_80_149,seq36,r_27_69_187,r_27_69_187,0.56,-108,79,187,40
44,r_65_103_187,seq66,r_127_104_180,r_127_104_180,0.74,7,187,180,40
49,r_33_80_149,r_81_10_164,r_31_88_70,r_81_10_164,0.92,0,164,164,40
22,r_143_12_167,r_146_28_115,r_139_142_19,r_146_28_115,0.67,-68,47,115,40
9,r_81_143_177,seq84,r_139_145_151,r_81_143_177,0.55,0,177,177,41
8,r_125_48_140,r_127_82_177,r_28_45_38,r_125_48_140,0.84,0,140,140,41
30,r_58_67_187,r_57_121_37,seq64,r_57_121_37,1.0,0,37,37,41
36,r_28_45_38,seq29,r_63_40_28,r_28_45_38,1.0,1,39,38,41
54,seq135,r_144_21_124,seq140,r_144_21_124,1.0,-15,109,124,41
83,seq86,r_85_142_162,seq88,r_85_142_162,0.98,-6,156,162,41
31,r_128_38_15,r_125_48_140,r_37_42_46,r_128_38_15,0.96,0,15,15,41
21,r_66_74_129,seq65,r_146_73_78,r_146_73_78,1.0,53,131,78,41
39,r_78_18_62,seq77,seq19,r_78_18_62,1.0,0,62,62,41
37,r_90_105_23,r_89_3_32,seq106,r_89_3_32,0.81,-9,23,32,41
46,r_69_16_63,seq68,seq14,r_69_16_63,1.0,0,63,63,41
42,r_102_79_85,seq99,r_81_143_177,r_102_79_85,0.45,0,85,85,41
45,r_147_44_148,r_146_73_78,seq149,r_146_73_78,0.99,0,78,78,41
53,seq4,seq0,r_89_3_32,r_89_3_32,1.0,8,40,32,41
40,r_100_110_38,r_102_79_85,seq111,r_100_110_38,0.94,0,38,38,41
95,seq113,seq106,r_103_114_90,r_103_114_90,0.7,22,112,90,41
38,r_136_52_24,seq50,r_71_53_111,r_71_53_111,0.99,0,111,111,41
3,r_115_126_12,r_127_82_177,r_61_122_4,r_61_122_4,0.58,157,161,4,41
10,r_98_83_110,seq99,seq84,r_98_83_110,0.75,0,110,110,41
38,r_136_52_24,r_139_145_151,seq50,r_136_52_24,1.0,0,24,24,41
49,r_127_82_177,r_61_122_4,r_120_80_126,r_127_82_177,0.99,0,177,177,41
42,r_102_79_85,r_81_143_177,r_120_80_126,r_120_80_126,0.99,6,132,126,41
26,r_8_49_173,r_6_116_113,r_54_9_70,r_54_9_70,0.53,0,70,70,41
72,seq56,r_54_9_70,r_66_74_129,r_54_9_70,0.99,0,70,70,41
14,r_5_35_19,r_34_46_197,r_95_26_10,r_34_46_197,0.31,-49,148,197,41
78,seq75,seq76,r_146_73_78,r_146_73_78,1.0,25,103,78,41
0,r_133_104_164,seq132,r_90_105_23,r_90_105_23,0.7,141,164,23,41
11,r_120_80_126,seq118,r_102_79_85,r_120_80_126,1.0,0,126,126,41
13,r_71_53_111,seq76,r_136_52_24,r_71_53_111,0.77,0,111,111,41
15,r_103_114_90,seq106,seq113,r_103_114_90,0.61,0,90,90,41
48,r_54_9_70,seq56,r_8_49_173,r_54_9_70,1.0,0,70,70,41
6,r_2_43_179,r_1_94_112,r_89_3_32,r_2_43_179,0.95,-67,112,179,41
14,r_5_35_19,r_2_43_179,r_34_46_197,r_5_35_19,1.0,0,19,19,41
20,r_10_119_48,r_12_101_84,seq118,r_10_119_48,1.0,0,48,48,41
99,seq132,r_133_104_164,r_139_145_151,r_133_104_164,0.82,0,164,164,41
22,r_34_46_197,r_27_138_173,r_5_35_19,r_5_35_19,0.67,24,43,19,41
2,r_144_21_124,seq135,r_78_18_62,r_144_21_124,0.95,0,124,124,41
47,r_137_93_126,r_139_145_151,r_1_94_112,r_137_93_126,0.99,0,126,126,41
25,r_6_116_113,r_8_49_173,seq4,r_8_49_173,0.76,-148,25,173,41
18,r_131_7_87,seq132,seq4,r_131_7_87,1.0,1,88,87,41
29,r_12_101_84,seq11,r_124_97_2,r_12_101_84,0.97,1,85,84,41
33,r_87_55_159,r_85_142_162,seq56,r_85_142_162,0.46,-3,159,162,41
48,r_54_9_70,r_8_49_173,r_89_3_32,r_8_49_173,0.8,0,173,173,41
58,seq14,r_15_32_74,r_69_16_63,r_69_16_63,1.0,11,74,63,41
70,seq47,seq50,r_28_45_38,r_28_45_38,0.96,101,139,38,41
6,r_2_43_179,r_89_3_32,r_134_41_136,r_2_43_179,0.92,0,179,179,41
19,r_95_26_10,seq92,seq25,r_95_26_10,0.86,0,10,10,41
32,r_15_32_74,seq14,seq33,r_15_32_74,0.58,0,74,74,41
75,seq65,r_66_74_129,seq60,r_66_74_129,0.78,0,129,129,41
45,r_147_44_148,seq149,r_28_45_38,r_147_44_148,1.0,0,148,148,41
71,seq50,seq47,r_70_51_51,r_70_51_51,0.84,3,54,51,41
25,r_6_116_113,seq4,seq117,r_6_116_113,0.99,0,113,113,41
9,r_81_143_177,seq86,seq84,r_81_143_177,0.55,-99,78,177,41
26,r_8_49_173,r_54_9_70,r_70_51_51,r_8_49_173,0.85,0,173,173,41
34,r_89_3_32,r_85_142_162,seq4,r_89_3_32,1.0,0,32,32,41
49,r_127_82_177,r_125_48_140,r_61_122_4,r_125_48_140,0.73,0,140,140,41
28,r_63_40_28,seq60,r_37_42_46,r_63_40_28,0.75,0,28,28,41
44,r_85_142_162,seq86,r_139_145_151,r_85_142_162,0.85,0,162,162,41
23,r_1_94_112,r_2_43_179,seq96,r_1_94_112,0.99,0,112,112,41
7,r_36_17_40,seq14,r_78_18_62,r_78_18_62,0.97,22,84,62,41
27,r_57_121_37,r_58_67_187,r_61_122_4,r_57_121_37,1.0,0,37,37,41
82,seq84,seq86,r_98_83_110,r_98_83_110,0.86,2,112,110,41
35,r_146_73_78,r_147_44_148,seq72,r_146_73_78,1.0,0,78,78,41
12,r_123_24_126,r_61_122_4,r_15_32_74,r_123_24_126,0.83,0,126,126,41
7,r_36_17_40,r_37_42_46,seq14,r_36_17_40,0.99,0,40,40,41
5,r_61_122_4,r_123_24_126,r_57_121_37,r_61_122_4,0.98,51,55,4,41
30,r_1_88_113,r_2_59_127,r_76_83_6,r_1_88_113,0.98,0,113,113,42
14,r_136_129_156,seq133,r_6_132_114,r_6_132_114,1.0,41,155,114,42
8,r_45_119_149,seq42,r_131_125_26,r_45_119_149,0.71,0,149,149,42
37,r_128_22_65,seq127,seq23,r_128_22_65,1.0,0,65,65,42
19,r_18_130_30,r_136_129_156,r_6_132_114,r_6_132_114,1.0,0,114,114,42
71,seq48,seq46,r_121_47_90,r_121_47_90,1.0,3,93,90,42
86,seq140,r_136_129_156,r_6_132_114,r_6_132_114,1.0,35,149,114,42
39,r_82_15_101,seq81,seq13,r_82_15_101,1.0,0,101,101,42
1,r_72_120_140,r_73_70_154,r_131_125_26,r_72_120_140,0.65,0,140,140,42
5,r_74_20_97,r_78_41_137,seq19,r_74_20_97,0.91,0,97,97,42
46,r_80_92_62,seq81,r_106_91_42,r_80_92_62,0.96,0,62,62,42
42,r_142_93_141,r_136_129_156,r_80_92_62,r_142_93_141,0.91,0,141,141,42
18,r_143_7_45,r_136_129_156,seq8,r_143_7_45,1.0,0,45,45,42
45,r_27_26_94,seq29,r_128_22_65,r_27_26_94,0.8,0,94,94,42
19,r_18_130_30,seq19,r_136_129_156,r_18_130_30,0.98,1,31,30,42
15,r_94_146_130,r_106_91_42,seq147,r_94_146_130,0.98,0,130,130,42
60,seq19,r_18_130_30,seq9,r_18_130_30,0.7,1,31,30,42
40,r_108_54_34,seq111,seq55,r_108_54_34,0.91,0,34,34,42
91,seq104,seq96,r_89_105_94,r_89_105_94,0.7,4,98,94,42
41,r_86_145_136,r_85_3_77,r_32_87_42,r_86_145_136,0.96,-59,77,136,42
89,seq96,r_97_134_184,r_79_98_82,r_79_98_82,0.97,102,184,82,42
31,r_137_113_50,r_136_129_156,r_90_114_45,r_137_113_50,0.99,5,55,50,42
43,r_84_43_16,r_89_105_94,seq44,r_84_43_16,0.78,0,16,16,42
10,r_106_91_42,seq104,r_80_92_62,r_80_92_62,1.0,2,64,62,42
90,seq99,seq96,r_139_101_116,r_139_101_116,0.69,9,125,116,42
16,r_76_83_6,r_89_105_94,r_32_87_42,r_32_87_42,0.69,52,94,42,42
27,r_31_5_52,r_34_118_59,seq4,r_31_5_52,1.0,0,52,52,42
4,r_85_3_77,r_86_145_136,r_31_5_52,r_85_3_77,1.0,0,77,77,42
11,r_40_36_84,r_45_119_149,seq38,r_40_36_84,0.5,0,84,84,42
99,seq127,r_136_129_156,r_6_132_114,r_6_132_114,1.0,14,128,114,42
20,r_144_67_88,seq133,r_11_66_57,r_144_67_88,0.93,0,88,88,42
48,r_139_101_116,r_136_129_156,r_89_105_94,r_139_101_116,0.85,0,116,116,42
13,r_39_109_14,r_45_119_149,r_100_110_1,r_39_109_14,0.51,0,14,14,42
2,r_135_14_107,r_136_129_156,r_82_15_101,r_135_14_107,0.97,1,108,107,42
99,seq127,r_128_22_65,r_136_129_156,r_128_22_65,1.0,0,65,65,42
52,seq133,r_136_129_156,r_6_132_114,r_6_132_114,1.0,34,148,114,42
41,r_86_145_136,r_32_87_42,r_6_132_114,r_86_145_136,0.93,5,141,136,42
21,r_34_118_59,seq33,r_131_125_26,r_34_118_59,1.0,0,59,59,42
47,r_79_98_82,r_78_41_137,seq96,r_78_41_137,0.64,-55,82,137,42
61,seq149,r_136_129_156,r_107_148_116,r_107_148_116,0.96,24,140,116,42
24,r_25_141_127,r_21_35_69,seq23,r_21_35_69,1.0,0,69,69,42
36,r_11_66_57,seq9,seq68,r_11_66_57,1.0,0,57,57,42
25,r_78_41_137,seq77,seq42,r_78_41_137,0.91,1,138,137,42
6,r_89_105_94,r_76_83_6,seq104,r_89_105_94,0.77,0,94,94,42
88,seq81,r_82_15_101,seq71,r_82_15_101,1.0,0,101,101,42
91,seq104,r_106_91_42,seq96,r_106_91_42,0.44,0,42,42,42
32,r_121_47_90,seq122,seq48,r_121_47_90,0.99,0,90,90,42
3,r_115_75_42,r_107_148_116,r_144_67_88,r_107_148_116,0.74,-95,21,116,42
44,r_90_114_45,r_89_105_94,r_137_113_50,r_90_114_45,0.96,4,49,45,42
15,r_94_146_130,r_95_37_198,r_106_91_42,r_106_91_42,0.62,5,47,42,42
24,r_25_141_127,seq23,r_124_138_94,r_25_141_127,0.98,0,127,127,42
81,seq64,r_63_58_188,r_137_113_50,r_63_58_188,0.38,0,188,188,42
9,r_6_132_114,seq8,r_18_130_30,r_6_132_114,0.74,0,114,114,42
0,r_131_125_26,r_135_14_107,seq122,r_131_125_26,0.57,-1,25,26,42
22,r_124_138_94,seq122,seq133,r_124_138_94,0.82,0,94,94,42
2,r_135_14_107,r_144_67_88,r_136_129_156,r_144_67_88,0.9,-54,34,88,42
28,r_2_59_127,seq0,r_50_60_124,r_2_59_127,0.76,0,127,127,42
94,seq147,seq149,r_94_146_130,r_94_146_130,0.8,8,138,130,42
17,r_32_87_42,r_86_145_136,r_76_83_6,r_86_145_136,1.0,5,141,136,42
60,seq19,seq9,r_74_20_97,r_74_20_97,0.92,1,98,97,42
35,r_21_35_69,r_25_141_127,seq33,r_21_35_69,0.99,0,69,69,42
12,r_97_134_184,seq96,r_6_132_114,r_6_132_114,0.71,70,184,114,42
17,r_32_87_42,r_34_118_59,r_86_145_136,r_32_87_42,0.96,0,42,42,42
6,r_89_105_94,r_90_114_45,r_76_83_6,r_90_114_45,0.84,3,48,45,42
30,r_39_92_125,seq38,r_50_93_104,r_39_92_125,0.83,0,125,125,43
8,r_90_127_201,seq96,r_50_93_104,r_50_93_104,0.68,3,107,104,43
43,r_25_29_190,seq24,r_19_30_139,r_25_29_190,0.22,0,190,190,43
59,seq20,r_19_30_139,r_124_21_74,r_124_21_74,1.0,64,138,74,43
37,r_140_22_121,r_138_37_43,seq144,r_138_37_43,0.84,0,43,43,43
55,seq11,r_10_68_161,seq6,r_10_68_161,0.99,-53,108,161,43
71,seq53,r_52_147_74,seq58,r_52_147_74,1.0,0,74,74,43
21,r_57_59_130,seq58,seq79,r_57_59_130,0.83,2,132,130,43
1,r_14_51_128,r_15_110_57,r_31_54_109,r_31_54_109,0.66,19,128,109,43
5,r_50_93_104,seq49,r_90_127_201,r_50_93_104,0.85,0,104,104,43
42,r_10_68_161,seq11,seq73,r_10_68_161,0.76,0,161,161,43
6,r_89_34_124,r_113_69_106,seq94,r_89_34_124,0.61,-89,35,124,43
45,r_4_132_140,r_2_86_205,r_115_135_128,r_4_132_140,1.0,0,140,140,43
31,r_16_63_94,r_62_23_169,r_45_80_168,r_62_23_169,1.0,0,169,169,43
3,r_74_101_87,r_78_12_160,r_48_99_84,r_74_101_87,0.66,0,87,87,43
10,r_62_23_169,r_78_12_160,r_16_63_94,r_16_63_94,1.0,11,105,94,43
26,r_32_26_82,r_31_54_109,seq27,r_31_54_109,1.0,-27,82,109,43
8,r_90_127_201,r_50_93_104,seq128,r_50_93_104,0.37,97,201,104,43
72,seq58,r_57_59_130,r_31_54_109,r_31_54_109,0.68,24,133,109,43
36,r_17_9_206,r_74_101_87,r_36_18_23,r_17_9_206,0.52,-194,12,206,43
4,r_60_55_124,r_61_28_120,seq58,r_60_55_124,0.8,-4,120,124,43
63,seq38,r_39_92_125,r_138_37_43,r_138_37_43,0.86,82,125,43,43
73,seq64,r_62_23_169,r_5_84_34,r_5_84_34,1.0,133,167,34,43
11,r_31_54_109,r_32_26_82,seq53,r_31_54_109,0.93,0,109,109,43
13,r_19_30_139,seq20,r_32_26_82,r_32_26_82,0.69,59,141,82,43
15,r_118_143_125,seq108,seq144,r_118_143_125,0.97,0,125,125,43
48,r_15_110_57,r_14_51_128,r_136_111_63,r_15_110_57,0.82,6,63,57,43
49,r_13_102_10,r_103_139_168,r_136_111_63,r_136_111_63,0.97,109,172,63,43
57,seq144,r_149_120_110,seq145,r_149_120_110,0.99,0,110,110,43
0,r_5_84_34,r_2_86_205,r_8_85_4,r_5_84_34,0.99,0,34,34,43
99,seq126,r_125_148_179,seq128,r_125_148_179,0.74,0,179,179,43
10,r_62_23_169,r_16_63_94,seq24,r_16_63_94,0.45,75,169,94,43
27,r_136_111_63,seq133,r_15_110_57,r_136_111_63,1.0,0,63,63,43
2,r_2_86_205,r_4_132_140,r_142_1_135,r_2_86_205,0.93,-65,140,205,43
47,r_61_28_120,r_60_55_124,seq27,r_61_28_120,0.73,0,120,120,43
40,r_48_99_84,seq49,seq98,r_48_99_84,0.95,0,84,84,43
18,r_45_80_168,seq46,seq81,r_45_80_168,0.32,0,168,168,43
29,r_77_71_131,r_78_12_160,seq72,r_78_12_160,1.0,-29,131,160,43
17,r_138_37_43,r_140_22_121,seq38,r_138_37_43,0.94,0,43,43,43
49,r_13_102_10,r_14_51_128,r_103_139_168,r_13_102_10,0.98,0,10,10,43
33,r_124_21_74,seq122,seq20,r_124_21_74,0.98,0,74,74,43
70,seq49,r_50_93_104,r_47_91_130,r_50_93_104,0.75,0,104,104,43
20,r_103_139_168,r_13_102_10,seq145,r_13_102_10,0.68,158,168,10,43
32,r_113_69_106,seq112,seq73,r_113_69_106,0.74,0,106,106,43
38,r_52_147_74,seq53,seq145,r_52_147_74,1.0,0,74,74,43
60,seq24,r_25_29_190,r_124_21_74,r_124_21_74,1.0,118,192,74,43
41,r_107_137_43,seq108,seq133,r_107_137_43,0.96,0,43,43,43
46,r_36_18_23,r_39_92_125,r_17_9_206,r_36_18_23,0.76,0,23,23,43
70,seq49,r_47_91_130,seq44,r_47_91_130,0.76,13,143,130,43
37,r_140_22_121,seq144,r_124_21_74,r_140_22_121,0.92,0,121,121,43
28,r_149_120_110,r_125_148_179,seq130,r_125_148_179,0.87,0,179,179,43
20,r_103_139_168,r_89_34_124,r_13_102_10,r_13_102_10,0.59,13,23,10,43
23,r_142_1_135,seq144,r_0_3_36,r_142_1_135,0.99,0,135,135,43
35,r_115_135_128,seq114,seq133,r_115_135_128,0.9,0,128,128,43
12,r_7_146_151,seq6,r_52_147_74,r_7_146_151,0.76,0,151,151,43
15,r_36_149_91,r_37_124_50,r_89_34_36,r_37_124_50,0.59,-1,49,50,44
30,r_127_3_128,r_128_109_64,r_148_70_102,r_128_109_64,1.0,1,65,64,44
36,r_23_63_153,seq25,seq61,r_23_63_153,0.78,0,153,153,44
92,seq97,r_100_59_173,r_14_98_56,r_14_98_56,1.0,117,173,56,44
14,r_44_146_56,r_148_70_102,r_36_149_91,r_44_146_56,0.85,46,102,56,44
0,r_29_145_143,r_92_39_49,r_44_146_56,r_92_39_49,0.46,90,139,49,44
37,r_76_117_66,seq78,r_108_119_33,r_76_117_66,1.0,0,66,66,44
43,r_83_35_30,r_82_73_110,r_36_149_91,r_83_35_30,0.65,0,30,30,44
18,r_14_98_56,r_15_147_144,seq97,r_14_98_56,1.0,0,56,56,44
16,r_136_144_67,seq135,r_44_146_56,r_44_146_56,0.9,26,82,56,44
21,r_42_95_103,seq40,seq97,r_42_95_103,1.0,0,103,103,44
39,r_9_114_187,seq8,r_101_113_125,r_9_114_187,0.34,-1,186,187,44
1,r_69_133_116,seq68,r_11_134_53,r_69_133_116,0.99,0,116,116,44
97,seq115,seq112,r_96_116_163,r_96_116_163,0.77,3,166,163,44
5,r_55_80_140,r_58_91_206,seq79,r_55_80_140,0.69,0,140,140,44
45,r_18_21_111,seq20,seq22,r_18_21_111,0.88,0,111,111,44
69,seq40,r_123_38_103,r_53_41_148,r_53_41_148,1.0,0,148,148,44
30,r_127_3_128,r_148_70_102,r_11_134_53,r_148_70_102,0.68,-12,90,102,44
24,r_121_28_60,seq40,r_85_32_56,r_85_32_56,0.37,99,155,56,44
19,r_90_51_103,seq97,r_52_48_164,r_90_51_103,1.0,0,103,103,44
27,r_75_24_148,r_99_74_67,seq25,r_75_24_148,0.99,0,148,148,44
95,seq106,r_107_84_101,r_6_110_27,r_107_84_101,0.58,0,101,101,44
42,r_11_134_53,r_18_21_111,seq135,r_11_134_53,1.0,0,53,53,44
41,r_129_105_209,seq130,r_6_110_27,r_6_110_27,0.92,178,205,27,44
67,seq25,r_27_31_166,r_75_24_148,r_75_24_148,1.0,18,166,148,44
14,r_44_146_56,seq45,r_148_70_102,r_44_146_56,1.0,0,56,56,44
31,r_148_70_102,r_44_146_56,r_71_72_37,r_148_70_102,1.0,0,102,102,44
26,r_107_84_101,seq106,seq87,r_107_84_101,1.0,0,101,101,44
16,r_136_144_67,r_44_146_56,r_137_143_176,r_137_143_176,0.45,6,182,176,44
47,r_85_32_56,r_82_73_110,r_89_34_36,r_82_73_110,1.0,-52,58,110,44
43,r_83_35_30,r_36_149_91,r_89_34_36,r_36_149_91,1.0,-17,74,91,44
12,r_126_104_51,r_125_43_160,seq102,r_126_104_51,0.97,0,51,51,44
0,r_29_145_143,r_30_67_127,r_92_39_49,r_92_39_49,0.84,74,123,49,44
11,r_100_59_173,seq97,r_23_63_153,r_100_59_173,0.7,0,173,173,44
20,r_101_113_125,seq102,seq112,r_101_113_125,0.61,1,126,125,44
13,r_71_72_37,r_75_24_148,r_148_70_102,r_71_72_37,0.67,69,106,37,44
30,r_127_3_128,r_11_134_53,seq4,r_127_3_128,0.99,0,128,128,44
46,r_37_124_50,r_125_43_160,seq106,r_125_43_160,0.81,0,160,160,44
48,r_26_86_68,r_27_31_166,seq87,r_26_86_68,1.0,0,68,68,44
35,r_108_119_33,r_107_84_101,seq120,r_107_84_101,0.96,-64,37,101,44
6,r_82_73_110,seq81,r_99_74_67,r_99_74_67,1.0,43,110,67,44
3,r_92_39_49,seq94,seq40,r_92_39_49,1.0,0,49,49,44
10,r_125_43_160,r_37_124_50,r_53_41_148,r_125_43_160,0.68,0,160,160,44
27,r_75_24_148,r_71_72_37,r_99_74_67,r_99_74_67,1.0,8,75,67,44
87,seq81,r_82_73_110,seq87,r_82_73_110,0.78,-11,99,110,44
2,r_64_118_209,seq66,r_100_59_173,r_100_59_173,0.86,24,197,173,44
17,r_6_110_27,r_2_54_29,r_107_84_101,r_6_110_27,0.99,0,27,27,44
40,r_27_31_166,seq25,r_83_35_30,r_83_35_30,1.0,129,159,30,44
29,r_137_143_176,seq138,r_136_144_67,r_136_144_67,0.72,109,176,67,44
24,r_121_28_60,seq120,seq33,r_121_28_60,1.0,0,60,60,44
25,r_128_109_64,r_127_3_128,r_6_110_27,r_128_109_64,1.0,0,64,64,44
24,r_121_28_60,r_85_32_56,r_125_43_160,r_121_28_60,0.47,117,177,60,44
32,r_123_38_103,r_125_43_160,seq40,r_123_38_103,0.95,0,103,103,44
34,r_30_67_127,r_29_145_143,seq68,r_30_67_127,0.58,0,127,127,44
46,r_37_124_50,r_36_149_91,r_125_43_160,r_37_124_50,1.0,0,50,50,44
75,seq138,r_137_143_176,r_57_141_139,r_57_141_139,1.0,32,171,139,44
60,seq13,r_15_147_144,seq17,r_15_147_144,1.0,-47,97,144,44
81,seq139,r_137_143_176,seq142,r_137_143_176,0.7,-99,77,176,44
9,r_62_1_136,r_58_91_206,r_127_3_128,r_62_1_136,0.97,0,136,136,44
96,seq112,seq115,r_101_113_125,r_101_113_125,0.8,40,165,125,44
49,r_2_54_29,seq4,seq61,r_2_54_29,1.0,0,29,29,44
28,r_99_74_67,r_75_24_148,r_82_73_110,r_75_24_148,1.0,0,148,148,44
10,r_125_43_160,r_126_104_51,r_37_124_50,r_37_124_50,0.98,1,51,50,44
17,r_6_110_27,r_107_84_101,r_128_109_64,r_6_110_27,0.97,52,79,27,44
28,r_99_74_67,r_100_59_173,r_75_24_148,r_99_74_67,1.0,0,67,67,44
44,r_49_111_174,seq50,r_101_113_125,r_49_111_174,0.77,0,174,174,44
23,r_57_141_139,seq56,seq142,r_57_141_139,1.0,0,139,139,44
82,seq68,r_58_91_206,r_30_67_127,r_30_67_127,0.39,8,135,127,44
82,seq68,r_69_133_116,r_58_91_206,r_69_133_116,0.89,0,116,116,44
31,r_148_70_102,r_137_143_176,r_44_146_56,r_44_146_56,0.87,1,57,56,44
15,r_36_149_91,r_89_34_36,r_44_146_56,r_36_149_91,1.0,0,91,91,44
93,seq111,r_112_130_154,seq110,r_112_130_154,0.79,-39,115,154,45
14,r_28_73_132,r_27_11_78,r_65_32_13,r_27_11_78,0.96,0,78,78,45
5,r_39_22_172,r_23_17_147,r_148_40_23,r_148_40_23,0.99,3,26,23,45
8,r_122_71_124,r_123_115_171,r_74_72_111,r_122_71_124,0.89,0,124,124,45
53,seq131,r_132_43_129,r_8_133_4,r_132_43_129,0.94,-6,123,129,45
23,r_148_40_23,r_146_113_37,r_39_22_172,r_148_40_23,1.0,0,23,23,45
3,r_47_38_198,r_57_49_110,r_127_41_158,r_57_49_110,0.63,92,202,110,45
71,seq134,r_132_43_129,r_8_133_4,r_132_43_129,0.99,-42,87,129,45
21,r_144_70_59,r_143_138_93,seq68,r_144_70_59,1.0,1,60,59,45
39,r_81_86_131,seq82,seq87,r_81_86_131,0.51,0,131,131,45
29,r_65_32_13,r_60_61_170,seq33,r_65_32_13,1.0,0,13,13,45
1,r_50_64_6,r_63_85_186,r_79_62_104,r_79_62_104,0.98,22,126,104,45
46,r_141_124_139,r_140_117_197,seq125,r_141_124_139,0.66,1,140,139,45
42,r_25_42_196,r_23_17_147,seq19,r_23_17_147,0.96,1,148,147,45
42,r_25_42_196,seq19,r_127_41_158,r_25_42_196,0.59,0,196,196,45
32,r_36_45_74,r_57_49_110,r_35_44_166,r_35_44_166,0.87,11,177,166,45
24,r_63_85_186,r_50_64_6,seq84,r_63_85_186,0.27,0,186,186,45
19,r_142_108_123,r_141_124_139,seq111,r_142_108_123,0.98,0,123,123,45
95,seq147,seq145,r_121_149_68,r_121_149_68,0.83,6,74,68,45
37,r_100_66_109,r_98_104_120,seq105,r_98_104_120,0.38,-95,25,120,45
31,r_90_109_159,seq92,r_126_91_87,r_126_91_87,0.95,5,92,87,45
41,r_53_80_66,r_52_34_174,seq82,r_53_80_66,0.98,0,66,66,45
30,r_26_75_33,r_25_42_196,r_74_72_111,r_26_75_33,1.0,0,33,33,45
3,r_47_38_198,r_46_13_100,r_57_49_110,r_47_38_198,0.95,-94,104,198,45
10,r_27_11_78,r_28_73_132,seq12,r_27_11_78,1.0,0,78,78,45
26,r_23_17_147,r_25_42_196,seq18,r_23_17_147,0.81,0,147,147,45
72,seq51,r_52_34_174,r_24_56_4,r_52_34_174,0.86,-1,173,174,45
0,r_126_91_87,seq128,r_90_109_159,r_126_91_87,0.98,0,87,87,45
20,r_37_120_94,r_36_45_74,r_39_22_172,r_36_45_74,0.98,0,74,74,45
13,r_14_137_167,seq15,r_8_133_4,r_14_137_167,0.73,0,167,167,45
98,seq119,r_122_71_124,r_37_120_94,r_37_120_94,0.65,17,111,94,45
15,r_143_138_93,r_141_124_139,r_6_139_92,r_6_139_92,1.0,14,106,92,45
48,r_102_96_193,r_7_103_1,seq93,r_7_103_1,0.4,191,192,1,45
6,r_46_13_100,r_47_38_198,r_27_11_78,r_46_13_100,0.99,0,100,100,45
99,seq125,r_123_115_171,r_141_124_139,r_141_124_139,0.64,33,172,139,45
5,r_39_22_172,r_148_40_23,seq19,r_39_22_172,0.67,0,172,172,45
0,r_126_91_87,r_90_109_159,seq93,r_90_109_159,0.88,1,160,159,45
44,r_140_117_197,r_6_139_92,r_141_124_139,r_140_117_197,0.78,0,197,197,45
36,r_74_72_111,r_26_75_33,r_122_71_124,r_122_71_124,1.0,0,124,124,45
30,r_26_75_33,r_74_72_111,r_83_76_174,r_83_76_174,0.74,7,181,174,45
47,r_7_103_1,r_102_96_193,r_98_104_120,r_98_104_120,0.42,14,134,120,45
38,r_48_101_52,r_46_13_100,r_100_66_109,r_48_101_52,0.93,-2,50,52,45
40,r_129_3_147,seq131,seq4,r_129_3_147,0.75,-1,146,147,45
18,r_121_149_68,r_122_71_124,seq147,r_121_149_68,0.59,2,70,68,45
43,r_135_31_18,r_132_43_129,r_65_32_13,r_135_31_18,0.93,0,18,18,45
25,r_57_49_110,seq58,r_47_38_198,r_57_49_110,0.88,0,110,110,45
33,r_6_139_92,seq5,r_143_138_93,r_6_139_92,1.0,0,92,92,45
64,seq18,seq15,r_23_17_147,r_23_17_147,0.76,30,177,147,45
38,r_48_101_52,r_95_99_30,r_7_103_1,r_95_99_30,0.87,128,158,30,45
32,r_36_45_74,r_37_120_94,r_47_38_198,r_36_45_74,0.62,0,74,74,45
20,r_37_120_94,r_39_22_172,seq119,r_37_120_94,0.98,0,94,94,45
14,r_28_73_132,r_65_32_13,r_26_75_33,r_28_73_132,1.0,2,134,132,45
36,r_74_72_111,r_79_62_104,r_26_75_33,r_26_75_33,1.0,0,33,33,45
32,r_36_45_74,r_47_38_198,r_57_49_110,r_57_49_110,0.83,-4,106,110,45
45,r_95_99_30,r_98_104_120,seq105,r_95_99_30,0.61,0,30,30,45
45,r_95_99_30,seq105,r_48_101_52,r_48_101_52,0.9,74,126,52,45
17,r_112_130_154,seq111,r_8_133_4,r_112_130_154,0.93,0,154,154,45
25,r_57_49_110,r_47_38_198,r_36_45_74,r_57_49_110,0.42,91,201,110,45
2,r_146_113_37,seq147,seq114,r_146_113_37,0.99,0,37,37,45
9,r_52_34_174,seq51,r_65_32_13,r_52_34_174,0.81,0,174,174,45
31,r_90_109_159,r_126_91_87,seq111,r_90_109_159,0.59,1,160,159,45
37,r_100_66_109,seq105,seq67,r_100_66_109,0.75,0,109,109,45
22,r_132_43_129,seq131,r_148_40_23,r_132_43_129,0.81,0,129,129,45
28,r_83_76_174,seq84,r_26_75_33,r_26_75_33,1.0,141,174,33,45
84,seq89,seq105,r_54_88_100,r_54_88_100,0.67,29,129,100,45
56,seq128,r_127_41_158,r_141_124_139,r_127_41_158,0.67,-4,154,158,45
7,r_98_104_120,seq97,r_7_103_1,r_98_104_120,0.74,0,120,120,45
75,seq59,r_63_85_186,r_112_130_154,r_112_130_154,0.67,-110,44,154,45
44,r_140_117_197,r_141_124_139,r_6_139_92,r_6_139_92,1.0,50,142,92,45
38,r_48_101_52,r_100_66_109,r_95_99_30,r_48_101_52,0.49,42,94,52,45
75,seq59,r_112_130_154,seq67,r_112_130_154,0.62,-52,102,154,45
35,r_79_62_104,r_81_86_131,r_50_64_6,r_79_62_104,0.65,0,104,104,45
12,r_54_88_100,r_57_49_110,seq89,r_54_88_100,0.98,1,101,100,45
23,r_148_40_23,r_39_22_172,r_127_41_158,r_127_41_158,0.75,14,172,158,45
4,r_98_57_22,r_93_12_29,seq56,r_98_57_22,0.65,0,22,22,46
93,seq108,r_109_34_142,r_147_111_4,r_109_34_142,1.0,1,143,142,46
30,r_142_25_134,seq143,seq27,r_142_25_134,0.58,0,134,134,46
9,r_94_31_167,seq97,r_109_34_142,r_94_31_167,0.97,0,167,167,46
14,r_80_21_105,seq77,seq27,r_80_21_105,1.0,0,105,105,46
8,r_24_4_176,seq27,r_30_2_115,r_30_2_115,0.52,61,176,115,46
53,seq138,r_135_85_61,seq141,r_135_85_61,0.65,0,61,61,46
43,r_8_45_145,seq5,r_132_54_5,r_8_45_145,0.9,1,146,145,46
37,r_149_26_148,seq144,r_80_21_105,r_149_26_148,0.64,1,149,148,46
1,r_120_63_48,seq131,r_132_54_5,r_120_63_48,0.89,-2,46,48,46
23,r_71_7_67,r_8_45_145,r_113_10_23,r_8_45_145,0.89,-40,105,145,46
7,r_74_128_42,r_75_136_141,r_148_129_30,r_74_128_42,0.99,0,42,42,46
21,r_19_9_76,seq18,r_71_7_67,r_71_7_67,0.71,11,78,67,46
39,r_14_15_188,r_13_134_185,r_80_21_105,r_80_21_105,1.0,79,184,105,46
5,r_29_53_176,seq27,r_132_54_5,r_132_54_5,0.75,171,176,5,46
42,r_109_34_142,seq108,seq33,r_109_34_142,0.93,1,143,142,46
35,r_126_81_45,seq124,seq77,r_126_81_45,0.99,0,45,45,46
69,seq58,r_65_116_184,r_132_54_5,r_132_54_5,0.61,165,170,5,46
19,r_49_41_170,seq48,r_96_43_8,r_49_41_170,0.33,0,170,170,46
95,seq115,r_114_121_133,r_42_119_59,r_42_119_59,1.0,67,126,59,46
76,seq72,r_73_55_70,r_132_54_5,r_132_54_5,0.55,159,164,5,46
31,r_107_130_181,seq108,seq131,r_107_130_181,0.36,0,181,181,46
16,r_93_12_29,seq91,seq11,r_93_12_29,1.0,0,29,29,46
41,r_112_137_67,r_147_111_4,seq138,r_112_137_67,1.0,0,67,67,46
12,r_105_133_45,r_75_136_141,r_13_134_185,r_13_134_185,0.59,4,189,185,46
89,seq101,r_99_32_192,r_20_100_92,r_20_100_92,1.0,100,192,92,46
10,r_84_69_141,seq87,seq70,r_84_69_141,0.85,0,141,141,46
26,r_23_6_113,seq27,seq5,r_23_6_113,0.69,0,113,113,46
46,r_44_28_26,seq61,seq27,r_44_28_26,0.92,-1,25,26,46
11,r_30_2_115,seq33,seq3,r_30_2_115,0.84,0,115,115,46
20,r_22_60_179,seq16,r_80_21_105,r_80_21_105,1.0,13,118,105,46
13,r_110_140_145,r_147_111_4,seq141,r_110_140_145,0.9,1,146,145,46
48,r_17_46_142,seq18,seq51,r_17_46_142,0.91,0,142,142,46
12,r_105_133_45,seq138,r_75_136_141,r_75_136_141,0.88,-14,127,141,46
6,r_38_82_61,r_39_36_138,seq87,r_38_82_61,1.0,0,61,61,46
27,r_114_121_133,seq115,r_42_119_59,r_42_119_59,1.0,75,134,59,46
44,r_42_119_59,r_96_43_8,seq118,r_42_119_59,1.0,0,59,59,46
3,r_147_111_4,r_110_140_145,seq108,r_110_140_145,0.92,-100,45,145,46
18,r_75_136_141,seq76,r_112_137_67,r_75_136_141,0.75,0,141,141,46
29,r_135_85_61,seq138,seq86,r_135_85_61,1.0,0,61,61,46
24,r_50_83_157,seq48,r_38_82_61,r_38_82_61,0.83,96,157,61,46
17,r_148_129_30,r_123_68_161,r_74_128_42,r_148_129_30,0.84,32,62,30,46
20,r_22_60_179,r_80_21_105,r_132_54_5,r_22_60_179,0.81,0,179,179,46
17,r_148_129_30,r_149_26_148,r_123_68_161,r_148_129_30,0.97,0,30,30,46
61,seq27,r_24_4_176,r_80_21_105,r_80_21_105,1.0,46,151,105,46
38,r_20_100_92,seq16,seq101,r_20_100_92,1.0,0,92,92,46
52,seq5,r_8_45_145,r_71_7_67,r_71_7_67,0.98,38,105,67,46
34,r_95_64_105,r_94_31_167,seq51,r_95_64_105,0.89,0,105,105,46
9,r_94_31_167,r_95_64_105,seq97,r_95_64_105,0.99,0,105,105,46
96,seq118,seq131,r_42_119_59,r_42_119_59,1.0,18,77,59,46
12,r_105_133_45,r_104_52_196,seq138,r_104_52_196,0.6,-151,45,196,46
22,r_89_1_173,seq88,r_19_9_76,r_19_9_76,0.65,96,172,76,46
28,r_79_122_136,seq77,r_42_119_59,r_42_119_59,0.98,77,136,59,46
49,r_13_134_185,r_14_15_188,r_105_133_45,r_13_134_185,0.42,0,185,185,46
23,r_71_7_67,r_73_55_70,r_8_45_145,r_71_7_67,0.96,0,67,67,46
15,r_96_43_8,r_42_119_59,seq37,r_42_119_59,1.0,0,59,59,46
36,r_113_10_23,r_112_137_67,seq5,r_113_10_23,1.0,0,23,23,46
95,seq115,r_42_119_59,r_65_116_184,r_65_116_184,0.88,3,187,184,46
45,r_73_55_70,r_71_7_67,r_98_57_22,r_71_7_67,0.94,-13,54,67,46
50,seq0,r_1_72_45,r_5_63_136,r_1_72_45,0.99,0,45,45,47
64,seq29,r_27_67_47,seq25,r_27_67_47,1.0,-4,43,47,47
17,r_99_6_190,r_97_136_136,r_140_143_171,r_97_136_136,0.43,-88,48,136,47
53,seq4,r_5_63_136,seq7,r_5_63_136,1.0,0,136,136,47
48,r_58_51_30,r_56_17_60,seq53,r_56_17_60,0.59,-30,30,60,47
43,r_132_10_68,seq131,seq13,r_132_10_68,1.0,0,68,68,47
23,r_21_112_79,r_126_23_38,r_115_113_151,r_21_112_79,0.87,0,79,79,47
49,r_126_23_38,seq124,seq25,r_126_23_38,0.99,0,38,38,47
2,r_80_73_32,r_76_2_72,seq74,r_80_73_32,0.9,1,33,32,47
71,seq44,r_43_102_101,r_58_51_30,r_43_102_101,0.91,0,101,101,47
39,r_130_110_115,r_129_28_119,r_133_111_26,r_129_28_119,0.95,-4,115,119,47
1,r_88_93_143,r_86_127_172,seq89,r_88_93_143,0.95,0,143,143,47
5,r_31_101_188,seq33,r_43_102_101,r_43_102_101,0.61,87,188,101,47
46,r_97_136_136,r_96_46_90,r_94_98_65,r_97_136_136,0.87,-47,89,136,47
22,r_134_8_24,r_140_143_171,seq9,r_134_8_24,1.0,0,24,24,47
80,seq75,seq77,r_105_82_100,r_105_82_100,0.85,79,179,100,47
16,r_149_48_14,r_147_123_47,r_47_100_128,r_149_48_14,0.98,-1,13,14,47
32,r_148_52_182,seq137,r_58_51_30,r_58_51_30,0.78,153,183,30,47
45,r_94_98_65,seq89,r_97_136_136,r_94_98_65,0.93,0,65,65,47
19,r_140_143_171,seq137,r_144_139_67,r_144_139_67,0.53,0,67,67,47
57,seq15,r_14_68_185,seq7,r_14_68_185,0.93,-10,175,185,47
38,r_14_68_185,seq15,r_80_73_32,r_14_68_185,0.57,0,185,185,47
41,r_96_46_90,r_97_136_136,r_149_48_14,r_96_46_90,0.97,1,91,90,47
3,r_42_78_76,r_43_102_101,seq77,r_42_78_76,0.99,-2,74,76,47
10,r_105_82_100,seq104,seq84,r_105_82_100,0.99,0,100,100,47
38,r_14_68_185,r_12_55_128,seq15,r_12_55_128,0.98,-69,59,128,47
16,r_149_48_14,r_47_100_128,r_96_46_90,r_149_48_14,0.57,114,128,14,47
42,r_138_3_7,r_76_2_72,seq7,r_76_2_72,0.42,81,153,72,47
17,r_99_6_190,r_140_143_171,r_43_102_101,r_43_102_101,1.0,5,106,101,47
20,r_129_28_119,seq128,seq29,r_129_28_119,1.0,1,120,119,47
15,r_56_17_60,seq57,seq18,r_56_17_60,1.0,1,61,60,47
6,r_43_102_101,r_99_6_190,r_47_100_128,r_47_100_128,0.75,6,134,128,47
57,seq15,r_16_69_123,r_14_68_185,r_16_69_123,1.0,-1,122,123,47
6,r_43_102_101,seq44,r_99_6_190,r_43_102_101,0.82,0,101,101,47
8,r_70_107_41,seq74,seq104,r_70_107_41,1.0,0,41,41,47
27,r_86_127_172,r_88_93_143,seq85,r_88_93_143,0.77,0,143,143,47
25,r_24_116_29,seq25,r_115_113_151,r_24_116_29,1.0,0,29,29,47
27,r_86_127_172,seq85,r_22_121_59,r_86_127_172,0.92,0,172,172,47
46,r_97_136_136,r_94_98_65,seq137,r_97_136_136,0.81,0,136,136,47
40,r_12_55_128,seq13,seq57,r_12_55_128,0.87,0,128,128,47
29,r_83_35_129,seq84,r_91_34_59,r_83_35_129,0.84,0,129,129,47
24,r_76_2_72,seq77,seq0,r_76_2_72,1.0,0,72,72,47
21,r_133_111_26,r_132_10_68,seq109,r_132_10_68,0.96,-42,26,68,47
33,r_142_146_189,r_140_143_171,r_147_123_47,r_142_146_189,0.3,0,189,189,47
88,seq95,r_97_136_136,r_94_98_65,r_94_98_65,1.0,71,136,65,47
36,r_54_103_44,r_149_48_14,r_70_107_41,r_54_103_44,1.0,0,44,44,47
18,r_27_67_47,seq29,r_145_64_6,r_27_67_47,1.0,0,47,47,47
42,r_138_3_7,r_12_55_128,r_76_2_72,r_138_3_7,0.62,103,110,7,47
32,r_148_52_182,r_144_139_67,seq137,r_148_52_182,0.32,-104,78,182,47
52,seq131,r_144_139_67,r_147_123_47,r_144_139_67,0.67,56,123,67,47
36,r_54_103_44,r_56_17_60,r_149_48_14,r_54_103_44,0.54,-11,33,44,47
13,r_50_37_27,seq49,seq33,r_50_37_27,0.99,0,27,27,47
64,seq29,seq25,r_129_28_119,r_129_28_119,1.0,9,128,119,47
45,r_94_98_65,r_97_136_136,seq95,r_97_136_136,1.0,0,136,136,47
23,r_21_112_79,r_22_121_59,r_126_23_38,r_21_112_79,0.77,-20,59,79,47
96,seq120,seq128,r_22_121_59,r_22_121_59,1.0,63,122,59,47
12,r_91_34_59,r_94_98_65,r_50_37_27,r_91_34_59,1.0,0,59,59,47
31,r_47_100_128,r_149_48_14,r_43_102_101,r_47_100_128,0.96,0,128,128,47
28,r_144_139_67,r_147_123_47,r_140_143_171,r_144_139_67,0.82,0,67,67,47
56,seq13,r_12_55_128,r_132_10_68,r_132_10_68,0.92,59,127,68,47
7,r_147_123_47,r_144_139_67,seq124,r_147_123_47,0.76,19,66,47,47
44,r_32_11_94,r_31_101_188,r_132_10_68,r_132_10_68,0.79,26,94,68,47
26,r_41_71_36,seq39,r_80_73_32,r_41_71_36,0.99,0,36,36,47
31,r_47_100_128,r_50_37_27,r_149_48_14,r_47_100_128,1.0,-109,19,128,47
84,seq85,r_86_127_172,r_105_82_100,r_105_82_100,0.98,76,176,100,47
30,r_55_126_166,seq56,r_33_125_130,r_55_126_166,0.87,0,166,166,48
92,seq108,seq114,r_66_109_63,r_66_109_63,1.0,79,142,63,48
8,r_19_89_112,seq17,r_91_74_176,r_19_89_112,0.79,0,112,112,48
37,r_121_37_68,seq119,seq39,r_121_37_68,1.0,0,68,68,48
28,r_83_113_22,r_84_48_110,seq112,r_83_113_22,1.0,0,22,22,48
16,r_91_74_176,seq93,r_50_75_154,r_50_75_154,0.92,16,170,154,48
21,r_9_67_139,seq7,seq69,r_9_67_139,0.98,0,139,139,48
39,r_106_38_109,r_107_96_133,r_121_37_68,r_107_96_133,0.76,-24,109,133,48
1,r_50_75_154,seq54,seq76,r_50_75_154,0.88,0,154,154,48
31,r_61_21_162,r_46_60_87,r_15_23_22,r_61_21_162,1.0,0,162,162,48
42,r_103_88_141,seq104,r_19_89_112,r_103_88_141,0.97,0,141,141,48
94,seq112,seq110,r_83_113_22,r_83_113_22,1.0,0,22,22,48
35,r_5_65_59,r_6_82_76,seq69,r_5_65_59,1.0,0,59,59,48
29,r_26_141_141,seq29,r_10_142_100,r_26_141_141,1.0,0,141,141,48
66,seq39,seq29,r_121_37_68,r_121_37_68,1.0,1,69,68,48
80,seq79,seq77,r_31_78_21,r_31_78_21,1.0,2,23,21,48
31,r_61_21_162,r_59_13_157,r_46_60_87,r_46_60_87,1.0,18,105,87,48
36,r_130_16_52,r_133_41_98,seq17,r_130_16_52,1.0,0,52,52,48
6,r_62_71_55,r_61_21_162,seq72,r_62_71_55,0.41,0,55,55,48
45,r_31_78_21,r_27_94_100,seq79,r_31_78_21,1.0,0,21,21,48
3,r_127_28_167,seq128,seq29,r_127_28_167,0.49,0,167,167,48
43,r_15_23_22,r_6_82_76,seq22,r_15_23_22,0.73,0,22,22,48
26,r_52_87_84,r_50_75_154,seq93,r_52_87_84,0.69,0,84,84,48
44,r_107_96_133,seq104,seq97,r_107_96_133,0.67,0,133,133,48
4,r_3_64_93,seq2,seq69,r_3_64_93,0.99,-1,92,93,48
0,r_84_48_110,seq86,seq53,r_84_48_110,0.96,0,110,110,48
23,r_33_125_130,r_127_28_167,r_55_126_166,r_33_125_130,0.93,37,167,130,48
8,r_19_89_112,r_91_74_176,r_103_88_141,r_103_88_141,0.96,4,145,141,48
46,r_124_115_43,seq128,seq114,r_124_115_43,0.99,0,43,43,48
20,r_139_122_125,r_143_40_153,seq118,r_139_122_125,0.85,0,125,125,48
13,r_90_49_129,r_91_74_176,r_84_48_110,r_91_74_176,1.0,-43,133,176,48
15,r_116_148_86,seq114,seq147,r_116_148_86,0.98,1,87,86,48
48,r_66_109_63,r_68_149_164,seq108,r_66_109_63,0.95,1,64,63,48
91,seq104,r_134_102_126,r_8_105_154,r_8_105_154,0.6,3,157,154,48
49,r_63_18_52,r_70_100_140,seq17,r_63_18_52,1.0,-1,51,52,48
2,r_51_14_17,r_50_75_154,seq7,r_51_14_17,0.97,0,17,17,48
27,r_35_4_172,seq36,r_59_13_157,r_35_4_172,0.41,0,172,172,48
5,r_6_82_76,r_5_65_59,r_9_67_139,r_5_65_59,0.92,-6,53,59,48
47,r_70_100_140,seq72,seq99,r_70_100_140,0.97,0,140,140,48
40,r_44_32_83,r_33_125_130,r_133_41_98,r_44_32_83,0.95,46,129,83,48
74,seq140,r_143_40_153,seq145,r_143_40_153,0.72,0,153,153,48
18,r_46_60_87,seq47,r_61_21_162,r_46_60_87,1.0,0,87,87,48
29,r_26_141_141,r_27_94_100,seq29,r_27_94_100,1.0,0,100,100,48
24,r_27_94_100,r_26_141_141,seq95,r_27_94_100,0.98,0,100,100,48
25,r_10_142_100,seq11,seq140,r_10_142_100,0.95,0,100,100,48
34,r_85_146_51,r_84_48_110,seq145,r_85_146_51,1.0,0,51,51,48
33,r_134_102_126,seq136,seq104,r_134_102_126,0.68,0,126,126,48
68,seq47,r_46_60_87,seq45,r_46_60_87,1.0,-3,84,87,48
38,r_24_92_122,r_135_25_1,seq93,r_24_92_122,1.0,0,122,122,48
51,seq128,r_124_115_43,seq132,r_124_115_43,0.99,-2,41,43,48
17,r_68_149_164,seq69,r_116_148_86,r_68_149_164,0.8,0,164,164,48
9,r_143_40_153,seq140,r_133_41_98,r_133_41_98,0.82,55,153,98,48
7,r_144_30_141,r_143_40_153,seq29,r_144_30_141,0.47,0,141,141,48
18,r_46_60_87,r_61_21_162,r_9_67_139,r_46_60_87,0.96,75,162,87,48
44,r_107_96_133,r_106_38_109,seq104,r_106_38_109,0.99,0,109,109,48
5,r_6_82_76,r_9_67_139,seq81,r_6_82_76,0.98,0,76,76,48
23,r_33_125_130,r_34_43_174,r_127_28_167,r_33_125_130,0.87,0,130,130,48
82,seq81,seq80,r_6_82_76,r_6_82_76,1.0,10,86,76,48
84,seq93,r_91_74_176,r_24_92_122,r_24_92_122,1.0,6,128,122,48
30,r_139_42_99,seq138,seq38,r_139_42_99,0.88,0,99,99,49
22,r_2_7_55,r_1_109_39,seq8,r_2_7_55,0.97,-16,39,55,49
14,r_50_41_82,seq48,seq38,r_50_41_82,0.99,0,82,82,49
94,seq105,r_99_101_120,r_67_107_26,r_67_107_26,0.79,6,32,26,49
37,r_63_129_134,r_64_112_186,seq133,r_63_129_134,0.9,0,134,134,49
3,r_126_65_7,r_64_112_186,r_131_66_68,r_131_66_68,1.0,118,186,68,49
20,r_67_107_26,r_64_112_186,seq105,r_67_107_26,0.77,0,26,26,49
19,r_144_29_7,r_28_22_96,seq33,r_144_29_7,0.67,94,101,7,49
55,seq8,r_9_0_185,r_2_7_55,r_2_7_55,1.0,134,189,55,49
86,seq86,r_84_68_112,seq75,r_84_68_112,1.0,0,112,112,49
16,r_64_112_186,r_63_129_134,r_126_65_7,r_63_129_134,0.7,0,134,134,49
21,r_84_68_112,seq86,r_126_65_7,r_84_68_112,0.88,0,112,112,49
39,r_34_80_162,seq32,r_76_79_61,r_34_80_162,0.35,0,162,162,49
1,r_120_106_174,seq119,r_67_107_26,r_67_107_26,0.99,148,174,26,49
42,r_116_51_86,r_120_106_174,r_92_49_66,r_120_106_174,0.68,-87,87,174,49
47,r_98_95_166,seq94,r_99_101_120,r_99_101_120,0.83,28,148,120,49
45,r_81_27_124,r_82_24_87,r_21_93_6,r_82_24_87,0.98,0,87,87,49
15,r_28_22_96,r_144_29_7,seq32,r_144_29_7,0.54,114,121,7,49
66,seq133,r_132_115_162,r_125_130_61,r_125_130_61,0.99,101,162,61,49
11,r_143_121_67,r_149_110_70,r_146_19_70,r_149_110_70,0.44,-33,37,70,49
36,r_146_19_70,seq147,r_26_18_28,r_146_19_70,0.95,0,70,70,49
67,seq32,r_30_54_151,seq33,r_30_54_151,0.84,0,151,151,49
34,r_1_109_39,r_2_7_55,seq113,r_1_109_39,0.94,0,39,39,49
10,r_55_14_156,seq56,seq15,r_55_14_156,0.72,0,156,156,49
26,r_132_115_162,seq133,r_99_101_120,r_132_115_162,0.45,0,162,162,49
72,seq43,r_44_71_69,seq38,r_44_71_69,1.0,0,69,69,49
27,r_85_23_15,r_91_89_9,seq32,r_85_23_15,0.93,0,15,15,49
4,r_44_71_69,seq43,r_69_40_158,r_44_71_69,1.0,0,69,69,49
4,r_44_71_69,r_69_40_158,r_117_72_120,r_69_40_158,0.89,-18,140,158,49
6,r_92_49_66,seq73,seq53,r_92_49_66,0.98,0,66,66,49
85,seq83,r_69_40_158,seq86,r_69_40_158,0.94,-9,149,158,49
45,r_81_27_124,r_21_93_6,r_144_29_7,r_81_27_124,0.97,0,124,124,49
2,r_149_110_70,seq147,r_134_111_28,r_149_110_70,0.94,0,70,70,49
47,r_98_95_166,r_96_52_116,seq94,r_96_52_116,1.0,-7,109,116,49
40,r_96_52_116,r_98_95_166,r_92_49_66,r_98_95_166,0.91,-51,115,166,49
29,r_20_62_79,seq11,r_61_145_148,r_20_62_79,0.99,0,79,79,49
24,r_10_136_63,seq11,seq140,r_10_136_63,0.99,0,63,63,49
43,r_118_70_34,r_69_40_158,r_21_93_6,r_69_40_158,1.0,1,159,158,49
64,seq147,r_149_110_70,seq140,r_149_110_70,0.99,1,71,70,49
65,seq25,r_34_80_162,r_82_24_87,r_82_24_87,0.98,65,152,87,49
48,r_31_60_8,r_76_79_61,r_126_65_7,r_76_79_61,0.33,75,136,61,49
32,r_39_122_104,seq38,r_143_121_67,r_39_122_104,0.99,0,104,104,49
38,r_59_100_69,seq57,r_99_101_120,r_59_100_69,0.99,0,69,69,49
52,seq4,r_35_74_150,r_85_23_15,r_35_74_150,0.47,-62,88,150,49
18,r_26_18_28,seq11,r_146_19_70,r_146_19_70,0.99,7,77,70,49
28,r_69_40_158,r_84_68_112,r_118_70_34,r_69_40_158,0.87,-102,56,158,49
17,r_61_145_148,r_64_112_186,r_20_62_79,r_20_62_79,1.0,3,82,79,49
9,r_131_66_68,r_132_115_162,r_126_65_7,r_131_66_68,1.0,0,68,68,49
48,r_31_60_8,r_50_41_82,r_76_79_61,r_50_41_82,0.74,-55,27,82,49
18,r_26_18_28,seq25,seq11,r_26_18_28,0.62,0,28,28,49
11,r_143_121_67,r_146_19_70,seq119,r_143_121_67,0.99,-1,66,67,49
28,r_69_40_158,r_118_70_34,seq36,r_69_40_158,0.91,0,158,158,49
29,r_20_62_79,r_61_145_148,r_126_65_7,r_61_145_148,1.0,0,148,148,49
49,r_117_72_120,r_120_106_174,r_44_71_69,r_44_71_69,0.99,51,120,69,49
43,r_118_70_34,r_120_106_174,r_69_40_158,r_118_70_34,0.87,5,39,34,49
7,r_99_101_120,seq102,r_59_100_69,r_59_100_69,1.0,5,74,69,49
31,r_148_135_12,r_149_110_70,seq133,r_148_135_12,0.85,0,12,12,49
23,r_125_130_61,seq128,seq133,r_125_130_61,0.96,0,61,61,49
17,r_61_145_148,r_20_62_79,r_10_136_63,r_61_145_148,0.97,0,148,148,49
35,r_76_79_61,seq77,r_137_78_2,r_76_79_61,0.86,6,67,61,49
12,r_30_54_151,seq32,seq56,r_30_54_151,0.56,0,151,151,49
30,r_56_90_102,r_51_57_174,r_32_91_91,r_56_90_102,0.94,0,102,102,50
36,r_1_55_119,seq2,r_54_102_174,r_1_55_119,0.82,1,120,119,50
9,r_123_132_172,r_60_122_65,r_95_134_59,r_60_122_65,0.44,107,172,65,50
46,r_92_130_150,r_32_91_91,seq128,r_92_130_150,0.89,0,150,150,50
14,r_25_9_133,seq20,r_63_13_30,r_63_13_30,1.0,104,134,30,50
37,r_103_81_79,seq104,seq82,r_103_81_79,0.87,1,80,79,50
71,seq58,r_60_122_65,r_118_61_23,r_60_122_65,0.8,0,65,65,50
16,r_60_122_65,seq58,r_123_132_172,r_60_122_65,0.99,0,65,65,50
21,r_110_14_82,r_111_133_173,r_48_16_51,r_110_14_82,0.95,0,82,82,50
1,r_17_125_133,seq18,seq126,r_17_125_133,0.7,0,133,133,50
46,r_92_130_150,r_93_78_104,r_32_91_91,r_32_91_91,1.0,13,104,91,50
42,r_64_36_80,seq67,r_34_39_65,r_64_36_80,0.98,0,80,80,50
31,r_66_106_56,r_65_68_33,seq104,r_66_106_56,0.95,0,56,56,50
45,r_34_39_65,r_38_72_93,r_64_36_80,r_34_39_65,1.0,29,94,65,50
83,seq143,seq145,r_12_142_24,r_12_142_24,1.0,1,25,24,50
70,seq49,r_118_61_23,r_149_50_144,r_149_50_144,1.0,1,145,144,50
27,r_83_52_62,r_51_57_174,r_1_55_119,r_1_55_119,0.97,35,154,119,50
0,r_135_26_23,seq128,seq27,r_135_26_23,0.86,1,24,23,50
41,r_129_96_86,seq128,seq94,r_129_96_86,0.96,0,86,86,50
8,r_131_24_14,seq128,seq20,r_131_24_14,0.68,0,14,14,50
3,r_32_91_91,r_31_6_108,r_30_89_43,r_31_6_108,1.0,-17,91,108,50
10,r_0_139_143,seq15,seq141,r_0_139_143,0.57,1,144,143,50
26,r_88_22_115,r_92_130_150,r_131_24_14,r_88_22_115,0.81,0,115,115,50
16,r_60_122_65,r_123_132_172,seq107,r_123_132_172,0.58,0,172,172,50
78,seq76,r_77_10_156,seq79,r_77_10_156,0.84,0,156,156,50
2,r_30_89_43,r_32_91_91,r_92_130_150,r_92_130_150,0.96,-107,43,150,50
13,r_44_87_164,seq43,seq86,r_44_87_164,0.53,0,164,164,50
48,r_7_144_83,seq15,seq145,r_7_144_83,1.0,0,83,83,50
12,r_51_57_174,r_83_52_62,r_118_61_23,r_83_52_62,0.35,116,178,62,50
2,r_30_89_43,r_92_130_150,r_56_90_102,r_56_90_102,0.99,48,150,102,50
5,r_101_117_49,r_103_81_79,seq120,r_101_117_49,0.94,0,49,49,50
6,r_63_13_30,seq62,seq15,r_63_13_30,1.0,0,30,30,50
27,r_83_52_62,r_84_105_143,r_51_57_174,r_83_52_62,0.97,0,62,62,50
36,r_1_55_119,r_54_102_174,r_83_52_62,r_54_102_174,0.92,-1,173,174,50
15,r_121_73_138,seq107,r_65_68_33,r_121_73_138,0.9,0,138,138,50
20,r_119_69_13,r_118_61_23,seq70,r_119_69_13,0.67,0,13,13,50
35,r_12_142_24,r_17_125_133,seq143,r_12_142_24,1.0,0,24,24,50
47,r_37_138_91,r_38_72_93,seq137,r_37_138_91,1.0,0,91,91,50
40,r_84_105_143,seq82,r_66_106_56,r_66_106_56,0.86,87,143,56,50
24,r_93_78_104,r_92_130_150,seq79,r_92_130_150,0.65,-46,104,150,50
43,r_11_100_18,r_17_125_133,seq99,r_11_100_18,0.56,0,18,18,50
25,r_38_72_93,r_37_138_91,seq70,r_38_72_93,1.0,-1,92,93,50
33,r_31_6_108,r_32_91_91,r_44_87_164,r_32_91_91,0.85,1,92,91,50
11,r_95_134_59,seq94,seq128,r_95_134_59,1.0,0,59,59,50
56,seq141,r_7_144_83,r_0_139_143,r_0_139_143,1.0,2,145,143,50
68,seq46,seq47,r_80_45_91,r_80_45_91,1.0,54,145,91,50
32,r_54_102_174,r_51_57_174,r_1_55_119,r_1_55_119,0.76,1,120,119,50
38,r_59_42_125,seq58,seq43,r_59_42_125,0.76,1,126,125,50
32,r_54_102_174,r_1_55_119,r_66_106_56,r_54_102_174,0.91,0,174,174,50
34,r_140_41_104,seq141,r_34_39_65,r_140_41_104,1.0,0,104,104,50
49,r_118_61_23,seq120,seq58,r_118_61_23,0.97,0,23,23,50
17,r_80_45_91,r_84_105_143,seq46,r_80_45_91,0.96,0,91,91,50
72,seq62,r_63_13_30,seq70,r_63_13_30,0.81,0,30,30,50
9,r_123_132_172,r_121_73_138,r_60_122_65,r_60_122_65,0.99,1,66,65,50
96,seq120,seq112,r_35_116_85,r_35_116_85,1.0,12,97,85,50
18,r_48_16_51,seq47,seq15,r_48_16_51,0.99,2,53,51,50
22,r_35_116_85,r_37_138_91,r_101_117_49,r_35_116_85,0.86,0,85,85,50
28,r_146_115_132,seq145,seq113,r_146_115_132,0.95,0,132,132,50
33,r_31_6_108,r_44_87_164,r_8_5_39,r_31_6_108,0.61,0,108,108,50
7,r_53_40_116,r_51_57_174,r_140_41_104,r_53_40_116,0.93,0,116,116,50
44,r_111_133_173,seq108,r_123_132_172,r_123_132_172,0.89,1,173,172,50
23,r_149_50_144,seq147,seq49,r_149_50_144,0.48,0,144,144,50
79,seq79,r_77_10_156,r_93_78_104,r_77_10_156,0.63,-36,120,156,50
12,r_51_57_174,r_53_40_116,r_83_52_62,r_51_57_174,0.68,-77,97,174,50
65,seq29,r_44_87_164,seq47,r_44_87_164,0.45,-107,57,164,50
30,r_137_92_82,seq136,r_30_96_26,r_137_92_82,1.0,0,82,82,51
36,r_67_16_2,r_15_87_82,r_143_24_21,r_15_87_82,0.8,1,83,82,51
8,r_1_22_110,seq7,r_143_24_21,r_1_22_110,0.79,-2,108,110,51
37,r_97_2_160,seq95,seq0,r_97_2_160,0.56,0,160,160,51
55,seq11,seq9,r_42_10_93,r_42_10_93,1.0,31,124,93,51
16,r_14_83_148,seq9,seq82,r_14_83_148,0.7,0,148,148,51
39,r_15_87_82,r_67_16_2,r_84_63_127,r_15_87_82,0.97,0,82,82,51
1,r_114_17_99,r_113_131_198,r_85_19_3,r_114_17_99,0.53,0,99,99,51
38,r_29_39_48,seq28,seq38,r_29_39_48,1.0,0,48,48,51
46,r_112_107_166,r_113_131_198,r_44_106_90,r_44_106_90,1.0,76,166,90,51
42,r_18_134_129,r_85_19_3,seq133,r_18_134_129,0.94,0,129,129,51
80,seq90,seq99,r_70_91_109,r_70_91_109,1.0,3,112,109,51
45,r_57_139_160,r_56_76_183,seq149,r_57_139_160,0.66,1,161,160,51
2,r_41_130_57,r_42_10_93,r_129_135_192,r_41_130_57,0.96,0,57,57,51
67,seq46,r_47_118_181,r_88_55_112,r_88_55_112,1.0,37,149,112,51
39,r_15_87_82,seq77,r_14_83_148,r_14_83_148,0.99,0,148,148,51
11,r_125_71_26,seq126,seq72,r_125_71_26,0.98,1,27,26,51
26,r_129_135_192,r_137_92_82,r_41_130_57,r_129_135_192,0.86,-126,66,192,51
4,r_60_6_60,r_61_25_168,seq7,r_60_6_60,1.0,0,60,60,51
78,seq82,seq86,r_14_83_148,r_14_83_148,0.91,2,150,148,51
0,r_101_21_78,seq103,r_143_24_21,r_101_21_78,0.79,0,78,78,51
74,seq74,r_15_87_82,r_14_83_148,r_14_83_148,0.93,-4,144,148,51
5,r_78_23_1,r_26_54_166,r_143_24_21,r_143_24_21,0.97,19,40,21,51
39,r_15_87_82,r_84_63_127,seq77,r_84_63_127,0.89,-8,119,127,51
20,r_34_121_62,seq31,seq122,r_34_121_62,1.0,0,62,62,51
6,r_119_62_75,seq122,seq64,r_119_62_75,1.0,0,75,75,51
15,r_75_144_91,seq74,seq149,r_75_144_91,0.99,0,91,91,51
25,r_147_58_131,r_56_76_183,r_119_62_75,r_147_58_131,0.44,41,172,131,51
9,r_88_55_112,r_89_104_55,seq82,r_89_104_55,0.99,0,55,55,51
33,r_143_24_21,r_142_120_198,r_78_23_1,r_143_24_21,0.99,0,21,21,51
99,seq127,r_128_73_175,r_70_91_109,r_70_91_109,0.52,65,174,109,51
34,r_48_36_16,seq49,seq37,r_48_36_16,0.71,0,16,16,51
27,r_128_73_175,seq127,seq72,r_128_73_175,0.61,0,175,175,51
31,r_132_40_10,r_129_135_192,r_42_10_93,r_132_40_10,0.92,0,10,10,51
24,r_124_110_38,seq126,seq111,r_124_110_38,0.81,0,38,38,51
40,r_59_43_57,r_60_6_60,seq45,r_59_43_57,1.0,0,57,57,51
9,r_88_55_112,seq82,seq49,r_88_55_112,0.98,0,112,112,51
47,r_116_51_60,r_114_17_99,seq49,r_116_51_60,1.0,0,60,60,51
14,r_42_10_93,r_41_130_57,r_132_40_10,r_41_130_57,0.98,0,57,57,51
18,r_70_91_109,seq66,seq90,r_70_91_109,0.97,0,109,109,51
25,r_147_58_131,seq148,r_56_76_183,r_147_58_131,0.84,0,131,131,51
28,r_56_76_183,r_147_58_131,seq74,r_56_76_183,0.82,0,183,183,51
70,seq64,r_61_25_168,r_119_62_75,r_119_62_75,0.99,51,126,75,51
65,seq38,seq37,r_29_39_48,r_29_39_48,1.0,81,129,48,51
14,r_42_10_93,r_132_40_10,seq11,r_42_10_93,0.91,2,95,93,51
32,r_26_54_166,r_78_23_1,r_88_55_112,r_88_55_112,0.64,54,166,112,51
17,r_44_106_90,seq45,seq108,r_44_106_90,1.0,0,90,90,51
96,seq122,seq123,r_34_121_62,r_34_121_62,1.0,0,62,62,51
31,r_132_40_10,r_42_10_93,seq49,r_42_10_93,1.0,3,96,93,51
6,r_119_62_75,seq123,seq122,r_119_62_75,0.39,-48,27,75,51
22,r_79_3_175,seq80,r_97_2_160,r_79_3_175,0.55,0,175,175,51
10,r_13_5_54,seq9,seq7,r_13_5_54,1.0,1,55,54,51
28,r_56_76_183,r_57_139_160,r_147_58_131,r_147_58_131,0.89,29,160,131,51
49,r_69_50_136,seq68,r_116_51_60,r_69_50_136,0.86,0,136,136,51
7,r_142_120_198,r_141_4_98,r_75_144_91,r_142_120_198,0.99,-100,98,198,51
44,r_84_63_127,seq86,r_119_62_75,r_119_62_75,1.0,52,127,75,51
10,r_13_5_54,seq7,r_141_4_98,r_141_4_98,1.0,3,101,98,51
23,r_140_65_78,seq146,seq66,r_140_65_78,1.0,0,78,78,51
98,seq126,r_125_71_26,seq122,r_125_71_26,0.87,-1,25,26,51
43,r_89_104_55,r_88_55_112,seq105,r_89_104_55,1.0,0,55,55,51
79,seq86,r_84_63_127,seq82,r_84_63_127,0.98,0,127,127,51
74,seq74,r_14_83_148,r_56_76_183,r_56_76_183,0.81,0,183,183,51
12,r_141_4_98,r_142_120_198,r_13_5_54,r_141_4_98,1.0,0,98,98,51
37,r_97_2_160,seq0,r_79_3_175,r_97_2_160,0.77,16,176,160,51
33,r_72_115_45,seq71,seq111,r_72_115_45,0.95,0,45,45,52
30,r_116_4_63,seq111,seq5,r_116_4_63,1.0,0,63,63,52
92,seq104,r_103_122_156,r_132_105_45,r_132_105_45,1.0,110,155,45,52
53,seq5,seq0,r_116_4_63,r_116_4_63,1.0,14,77,63,52
25,r_51_135_24,r_44_69_26,seq138,r_51_135_24,0.99,0,24,24,52
37,r_95_145_65,seq92,seq144,r_95_145_65,1.0,0,65,65,52
19,r_68_123_116,r_44_69_26,seq126,r_68_123_116,0.86,0,116,116,52
55,seq7,seq0,r_31_8_72,r_31_8_72,0.99,8,80,72,52
86,seq82,seq87,r_125_81_107,r_125_81_107,0.47,1,108,107,52
16,r_25_14_144,seq23,r_136_15_73,r_136_15_73,1.0,71,144,73,52
39,r_22_38_111,r_25_14_144,r_100_52_3,r_22_38_111,1.0,0,111,111,52
97,seq120,r_121_45_171,r_89_119_15,r_121_45_171,0.55,0,171,171,52
5,r_35_133_100,r_36_37_32,r_51_135_24,r_35_133_100,1.0,2,102,100,52
46,r_121_45_171,seq120,r_21_42_123,r_121_45_171,0.44,0,171,171,52
42,r_61_28_110,seq62,seq27,r_61_28_110,0.97,0,110,110,52
45,r_43_96_140,seq46,r_67_98_8,r_43_96_140,0.87,0,140,140,52
9,r_147_86_40,seq149,seq87,r_147_86_40,0.97,0,40,40,52
34,r_102_11_26,r_103_122_156,seq7,r_102_11_26,1.0,0,26,26,52
27,r_132_105_45,r_139_63_96,seq104,r_132_105_45,0.99,0,45,45,52
26,r_26_90_181,seq27,seq91,r_26_90_181,0.55,0,181,181,52
72,seq128,r_129_60_179,seq131,r_129_60_179,0.54,0,179,179,52
2,r_89_119_15,r_88_19_45,seq117,r_88_19_45,0.7,-29,16,45,52
0,r_103_122_156,seq104,r_89_119_15,r_103_122_156,0.42,0,156,156,52
63,seq27,r_26_90_181,r_61_28_110,r_61_28_110,1.0,26,136,110,52
73,seq53,seq56,r_141_54_78,r_141_54_78,1.0,12,90,78,52
11,r_118_106_176,seq117,r_132_105_45,r_132_105_45,1.0,131,176,45,52
20,r_75_64_81,seq76,seq62,r_75_64_81,0.99,0,81,81,52
29,r_44_69_26,r_43_96_140,r_68_123_116,r_44_69_26,0.98,0,26,26,52
15,r_124_97_114,seq126,r_67_98_8,r_124_97_114,0.75,0,114,114,52
57,seq142,r_143_9_171,r_95_145_65,r_95_145_65,1.0,106,171,65,52
8,r_134_20_17,r_132_105_45,seq16,r_134_20_17,0.99,0,17,17,52
6,r_143_9_171,seq142,r_31_8_72,r_143_9_171,0.6,0,171,171,52
21,r_21_42_123,r_134_20_17,seq46,r_21_42_123,0.87,0,123,123,52
1,r_88_19_45,seq83,r_130_18_7,r_88_19_45,1.0,0,45,45,52
21,r_21_42_123,seq16,r_134_20_17,r_134_20_17,0.99,12,29,17,52
47,r_58_13_78,seq57,r_136_15_73,r_58_13_78,0.95,0,78,78,52
40,r_99_110_64,r_103_122_156,r_72_115_45,r_72_115_45,0.94,19,64,45,52
18,r_141_54_78,r_143_9_171,seq53,r_141_54_78,1.0,0,78,78,52
24,r_31_8_72,seq32,seq7,r_31_8_72,1.0,0,72,72,52
44,r_113_59_33,seq111,seq57,r_113_59_33,0.93,0,33,33,52
19,r_68_123_116,r_75_64_81,r_44_69_26,r_44_69_26,0.67,-1,25,26,52
43,r_140_41_176,r_143_9_171,r_35_133_100,r_35_133_100,1.0,1,101,100,52
38,r_93_112_5,seq111,r_72_115_45,r_72_115_45,1.0,69,114,45,52
7,r_84_33_43,r_88_19_45,r_36_37_32,r_36_37_32,0.97,11,43,32,52
17,r_139_63_96,seq138,seq62,r_139_63_96,0.74,0,96,96,52
98,seq126,r_68_123_116,r_89_119_15,r_89_119_15,0.43,176,191,15,52
29,r_44_69_26,r_68_123_116,seq73,r_68_123_116,0.87,2,118,116,52
22,r_108_2_97,seq109,seq1,r_108_2_97,1.0,0,97,97,52
28,r_125_81_107,seq126,seq82,r_125_81_107,0.98,1,108,107,52
91,seq144,seq149,r_95_145_65,r_95_145_65,1.0,39,104,65,52
49,r_136_15_73,r_139_63_96,r_58_13_78,r_136_15_73,0.98,4,77,73,52
32,r_48_94_17,seq47,seq92,r_48_94_17,0.92,0,17,17,52
35,r_77_12_132,seq78,r_102_11_26,r_77_12_132,0.77,0,132,132,52
43,r_140_41_176,seq142,r_21_42_123,r_140_41_176,0.99,0,176,176,52
12,r_65_148_138,seq62,seq149,r_65_148_138,0.64,0,138,138,52
40,r_112_111_204,seq116,r_102_115_24,r_112_111_204,0.8,-69,135,204,53
30,r_88_51_183,seq89,r_16_53_149,r_16_53_149,0.9,34,183,149,53
18,r_26_49_44,seq21,r_99_47_11,r_26_49_44,1.0,0,44,44,53
8,r_44_37_73,seq43,r_36_134_176,r_44_37_73,0.99,0,73,73,53
54,seq133,r_135_86_184,r_36_134_176,r_36_134_176,0.76,6,182,176,53
37,r_92_46_115,r_93_25_177,seq50,r_92_46_115,0.79,0,115,115,53
3,r_35_66_36,r_67_42_125,seq98,r_67_42_125,0.71,0,125,125,53
88,seq89,r_88_51_183,r_143_90_21,r_143_90_21,1.0,13,34,21,53
16,r_129_145_132,seq127,seq144,r_129_145_132,0.96,0,132,132,53
21,r_41_120_100,seq38,seq122,r_41_120_100,1.0,0,100,100,53
97,seq122,r_112_111_204,r_41_120_100,r_41_120_100,1.0,14,114,100,53
5,r_73_87_130,seq72,r_143_90_21,r_73_87_130,0.6,1,131,130,53
46,r_16_53_149,seq18,seq52,r_16_53_149,0.95,0,149,149,53
42,r_84_61_152,r_83_80_135,seq60,r_83_80_135,0.73,17,152,135,53
3,r_35_66_36,seq98,r_19_65_161,r_35_66_36,0.62,127,163,36,53
32,r_75_117_126,r_17_77_20,seq116,r_75_117_126,0.78,0,126,126,53
10,r_125_131_22,seq127,seq133,r_125_131_22,0.59,24,46,22,53
13,r_143_90_21,r_142_20_41,seq89,r_143_90_21,1.0,0,21,21,53
11,r_36_134_176,r_44_37_73,seq133,r_44_37_73,0.43,103,176,73,53
45,r_104_48_55,r_106_8_104,r_99_47_11,r_106_8_104,0.75,-50,54,104,53
31,r_82_126_61,r_83_80_135,seq127,r_82_126_61,1.0,0,61,61,53
8,r_44_37_73,r_36_134_176,r_81_29_48,r_36_134_176,0.8,0,176,176,53
14,r_102_115_24,seq101,seq116,r_102_115_24,0.73,0,24,24,53
4,r_108_22_134,seq109,seq21,r_108_22_134,0.97,0,134,134,53
0,r_135_86_184,seq133,r_83_80_135,r_135_86_184,0.51,0,184,184,53
11,r_36_134_176,seq30,r_44_37_73,r_36_134_176,0.68,-103,73,176,53
3,r_35_66_36,r_36_134_176,r_67_42_125,r_35_66_36,0.97,0,36,36,53
20,r_93_25_177,seq94,r_10_27_142,r_93_25_177,0.4,0,177,177,53
15,r_59_147_170,seq60,seq149,r_59_147_170,0.55,0,170,170,53
49,r_17_77_20,r_75_117_126,r_83_80_135,r_75_117_126,1.0,-11,115,126,53
12,r_99_47_11,seq52,r_26_49_44,r_26_49_44,0.96,77,121,44,53
6,r_10_27_142,seq11,r_69_24_131,r_69_24_131,0.69,12,143,131,53
44,r_69_24_131,r_16_53_149,r_10_27_142,r_16_53_149,0.98,-5,144,149,53
74,seq146,seq148,r_129_145_132,r_129_145_132,0.92,53,185,132,53
27,r_132_85_61,r_135_86_184,r_83_80_135,r_132_85_61,1.0,0,61,61,53
35,r_81_29_48,r_79_128_53,seq30,r_81_29_48,0.86,0,48,48,53
96,seq116,r_102_115_24,r_75_117_126,r_75_117_126,1.0,11,137,126,53
93,seq101,r_102_115_24,r_97_103_48,r_102_115_24,0.83,0,24,24,53
12,r_99_47_11,seq100,seq52,r_99_47_11,0.7,2,13,11,53
24,r_106_8_104,seq105,r_40_9_76,r_106_8_104,0.96,0,104,104,53
25,r_118_71_96,seq116,seq70,r_118_71_96,1.0,0,96,96,53
33,r_33_68_77,seq34,seq70,r_33_68_77,1.0,0,77,77,53
64,seq18,r_16_53_149,seq6,r_16_53_149,0.76,0,149,149,53
41,r_142_20_41,seq141,seq23,r_142_20_41,1.0,0,41,41,53
53,seq4,r_1_76_151,seq7,r_1_76_151,1.0,-124,27,151,53
47,r_19_65_161,seq23,r_35_66_36,r_35_66_36,0.72,128,164,36,53
40,r_112_111_204,r_113_139_44,seq116,r_113_139_44,1.0,-3,41,44,53
48,r_113_139_44,r_112_111_204,seq138,r_113_139_44,0.99,0,44,44,53
47,r_19_65_161,r_1_76_151,seq23,r_19_65_161,0.45,-123,38,161,53
29,r_67_42_125,r_35_66_36,seq43,r_67_42_125,0.9,0,125,125,53
22,r_83_80_135,r_84_61_152,r_96_78_87,r_83_80_135,0.92,-46,89,135,53
73,seq43,seq52,r_67_42_125,r_67_42_125,0.92,4,129,125,53
7,r_40_9_76,seq38,seq7,r_40_9_76,1.0,0,76,76,53
44,r_69_24_131,seq70,r_16_53_149,r_69_24_131,0.43,0,131,131,53
23,r_96_78_87,r_93_25_177,r_83_80_135,r_96_78_87,0.6,0,87,87,53
32,r_75_117_126,r_83_80_135,r_17_77_20,r_17_77_20,1.0,1,21,20,53
49,r_17_77_20,seq18,r_75_117_126,r_17_77_20,0.98,0,20,20,53
29,r_67_42_125,r_69_24_131,r_35_66_36,r_35_66_36,0.91,1,37,36,53
79,seq60,r_59_147_170,r_84_61_152,r_59_147_170,0.84,0,170,170,53
58,seq138,seq141,r_113_139_44,r_113_139_44,1.0,3,47,44,53
93,seq108,r_106_25_96,r_103_110_157,r_106_25_96,1.0,-7,89,96,54
51,seq2,seq3,r_105_1_20,r_105_1_20,1.0,48,68,20,54
13,r_133_78_175,seq137,r_15_135_17,r_15_135_17,1.0,7,24,17,54
92,seq107,r_106_25_96,r_103_110_157,r_106_25_96,1.0,-32,64,96,54
44,r_117_146_58,seq116,r_50_145_32,r_117_146_58,1.0,1,59,58,54
14,r_13_18_151,seq14,seq23,r_13_18_151,0.54,0,151,151,54
48,r_132_48_30,seq131,seq49,r_132_48_30,1.0,0,30,30,54
43,r_124_65_136,r_126_76_163,r_125_63_82,r_126_76_163,1.0,-27,136,163,54
25,r_140_45_24,seq139,seq44,r_140_45_24,1.0,0,24,24,54
27,r_102_85_12,r_106_25_96,r_81_4_169,r_102_85_12,0.91,0,12,12,54
32,r_143_82_45,seq144,r_81_4_169,r_143_82_45,1.0,0,45,45,54
19,r_55_66_73,seq67,r_125_63_82,r_125_63_82,0.88,65,147,82,54
21,r_60_115_91,seq59,seq116,r_60_115_91,1.0,1,92,91,54
30,r_87_112_23,r_90_130_135,seq111,r_87_112_23,0.76,0,23,23,54
46,r_30_52_94,seq27,seq53,r_30_52_94,0.96,0,94,94,54
73,seq137,r_133_78_175,r_15_135_17,r_15_135_17,0.96,43,60,17,54
32,r_143_82_45,r_81_4_169,r_102_85_12,r_81_4_169,0.92,0,169,169,54
69,seq46,seq44,r_136_47_2,r_136_47_2,0.57,61,63,2,54
45,r_103_110_157,r_106_25_96,seq107,r_106_25_96,1.0,-7,89,96,54
12,r_84_31_23,r_81_4_169,seq34,r_84_31_23,0.86,0,23,23,54
39,r_50_145_32,r_58_120_164,seq144,r_50_145_32,1.0,0,32,32,54
19,r_55_66_73,seq53,seq67,r_55_66_73,1.0,0,73,73,54
27,r_102_85_12,r_81_4_169,r_109_80_50,r_109_80_50,0.62,33,83,50,54
28,r_20_88_18,seq21,r_90_130_135,r_20_88_18,1.0,0,18,18,54
47,r_90_130_135,r_97_10_175,r_20_88_18,r_20_88_18,0.97,23,41,18,54
38,r_42_72_14,r_74_138_122,r_33_73_93,r_42_72_14,1.0,84,98,14,54
41,r_121_79_101,r_122_12_136,r_109_80_50,r_121_79_101,0.97,0,101,101,54
10,r_106_25_96,seq104,seq27,r_106_25_96,0.92,0,96,96,54
0,r_15_135_17,r_13_18_151,r_133_78_175,r_15_135_17,1.0,0,17,17,54
90,seq100,r_101_17_111,seq104,r_101_17_111,1.0,0,111,111,54
70,seq49,r_58_120_164,r_132_48_30,r_132_48_30,1.0,2,32,30,54
37,r_6_71_59,seq7,r_42_72_14,r_6_71_59,1.0,0,59,59,54
26,r_33_73_93,seq34,r_42_72_14,r_33_73_93,1.0,0,93,93,54
16,r_128_43_52,r_84_31_23,r_16_39_54,r_128_43_52,0.46,70,122,52,54
38,r_42_72_14,r_15_135_17,r_74_138_122,r_15_135_17,0.8,-3,14,17,54
78,seq67,seq62,r_125_63_82,r_125_63_82,1.0,58,140,82,54
63,seq27,r_28_77_163,r_106_25_96,r_106_25_96,0.94,67,163,96,54
20,r_101_17_111,seq100,seq23,r_101_17_111,0.92,0,111,111,54
13,r_133_78_175,r_15_135_17,r_102_85_12,r_102_85_12,0.67,164,176,12,54
6,r_126_76_163,seq127,r_28_77_163,r_126_76_163,0.6,0,163,163,54
2,r_81_4_169,r_143_82_45,seq3,r_81_4_169,0.69,0,169,169,54
0,r_15_135_17,r_133_78_175,seq137,r_133_78_175,0.82,-28,147,175,54
2,r_81_4_169,r_83_24_127,r_143_82_45,r_81_4_169,0.75,-102,67,169,54
1,r_148_89_65,r_147_5_58,r_20_88_18,r_148_89_65,0.88,-7,58,65,54
29,r_75_26_113,r_74_138_122,r_106_25_96,r_75_26_113,1.0,0,113,113,54
24,r_97_10_175,seq98,r_122_12_136,r_97_10_175,0.21,0,175,175,54
94,seq111,r_114_113_63,r_87_112_23,r_87_112_23,0.87,4,27,23,54
33,r_38_99_160,r_16_39_54,seq100,r_38_99_160,0.54,0,160,160,54
47,r_90_130_135,r_20_88_18,seq127,r_90_130_135,0.87,0,135,135,54
58,seq14,r_13_18_151,r_122_12_136,r_122_12_136,1.0,15,151,136,54
36,r_109_80_50,r_106_25_96,r_102_85_12,r_109_80_50,0.98,0,50,50,54
68,seq44,seq46,r_140_45_24,r_140_45_24,1.0,0,24,24,54
34,r_11_149_95,r_13_18_151,r_50_145_32,r_13_18_151,0.59,-56,95,151,54
17,r_37_41_57,r_33_73_93,seq40,r_33_73_93,1.0,-20,73,93,54
9,r_28_77_163,seq27,r_126_76_163,r_28_77_163,0.74,0,163,163,54
28,r_20_88_18,r_90_130_135,r_148_89_65,r_20_88_18,0.88,86,104,18,54
22,r_83_24_127,r_81_4_169,r_106_25_96,r_83_24_127,0.85,0,127,127,54
91,seq104,r_106_25_96,r_103_110_157,r_106_25_96,1.0,0,96,96,54
23,r_125_63_82,r_126_76_163,r_55_66_73,r_125_63_82,1.0,0,82,82,54
16,r_128_43_52,r_124_65_136,r_84_31_23,r_128_43_52,1.0,0,52,52,54
11,r_147_5_58,r_148_89_65,seq7,r_147_5_58,1.0,0,58,58,54
35,r_32_129_170,seq34,r_90_130_135,r_90_130_135,0.45,35,170,135,54
33,r_14_5_51,r_15_141_93,seq7,r_15_141_93,0.83,-48,45,93,55
30,r_10_36_84,seq13,seq30,r_10_36_84,0.95,0,84,84,55
51,seq1,r_3_35_151,seq0,r_3_35_151,0.89,0,151,151,55
36,r_117_132_179,seq120,r_18_131_168,r_18_131_168,0.99,11,179,168,55
14,r_64_34_90,seq62,seq28,r_64_34_90,1.0,0,90,90,55
8,r_6_133_159,seq7,seq134,r_6_133_159,0.84,0,159,159,55
53,seq134,r_129_81_179,r_6_133_159,r_6_133_159,0.85,1,160,159,55
43,r_101_87_145,r_102_46_170,r_60_88_27,r_101_87_145,0.89,0,145,145,55
83,seq83,seq76,r_128_80_158,r_128_80_158,0.71,10,168,158,55
39,r_2_93_136,r_3_35_151,seq92,r_2_93_136,0.85,0,136,136,55
1,r_48_33_115,seq50,r_79_32_34,r_48_33_115,0.96,0,115,115,55
97,seq123,seq125,r_146_122_173,r_146_122_173,1.0,7,180,173,55
5,r_110_22_184,seq103,seq108,r_110_22_184,0.53,-115,69,184,55
42,r_16_75_86,r_17_27_135,r_107_77_52,r_16_75_86,1.0,0,86,86,55
48,r_79_32_34,seq83,seq30,r_79_32_34,1.0,0,34,34,55
45,r_31_42_71,seq28,r_53_49_70,r_31_42_71,1.0,0,71,71,55
19,r_57_149_189,r_56_45_180,r_100_58_143,r_100_58_143,0.95,0,143,143,55
24,r_102_46_170,seq98,r_53_49_70,r_102_46_170,0.81,0,170,170,55
13,r_135_68_26,seq148,seq66,r_135_68_26,0.95,0,26,26,55
31,r_37_43_118,seq38,r_31_42_71,r_31_42_71,1.0,47,118,71,55
41,r_143_113_60,r_140_29_127,r_61_112_23,r_143_113_60,1.0,0,60,60,55
10,r_56_45_180,r_59_84_173,r_57_149_189,r_56_45_180,0.41,-99,81,180,55
90,seq103,r_105_4_61,seq108,r_105_4_61,1.0,-1,60,61,55
26,r_53_49_70,seq54,seq50,r_53_49_70,0.99,-2,68,70,55
4,r_97_82_151,seq98,seq83,r_97_82_151,0.92,0,151,151,55
0,r_128_80_158,seq127,r_97_82_151,r_128_80_158,0.76,0,158,158,55
10,r_56_45_180,r_57_149_189,seq62,r_57_149_189,0.51,-60,129,189,55
98,seq125,r_124_19_150,seq123,r_124_19_150,0.9,0,150,150,55
62,seq20,r_18_131_168,r_124_19_150,r_124_19_150,0.88,18,168,150,55
5,r_110_22_184,seq108,r_12_26_128,r_110_22_184,0.48,0,184,184,55
34,r_119_41_60,r_117_132_179,seq40,r_119_41_60,1.0,-1,59,60,55
27,r_106_52_63,seq103,r_119_41_60,r_106_52_63,0.59,0,63,63,55
87,seq92,r_94_89_52,r_2_93_136,r_2_93_136,0.99,3,139,136,55
22,r_17_27_135,r_18_131_168,r_12_26_128,r_18_131_168,0.96,-33,135,168,55
2,r_129_81_179,seq130,r_128_80_158,r_129_81_179,0.42,0,179,179,55
3,r_60_88_27,r_59_84_173,seq86,r_60_88_27,0.77,0,27,27,55
40,r_3_35_151,seq1,r_64_34_90,r_64_34_90,0.89,58,148,90,55
18,r_59_84_173,seq62,r_128_80_158,r_128_80_158,0.68,15,173,158,55
24,r_102_46_170,r_101_87_145,seq98,r_101_87_145,0.97,0,145,145,55
48,r_79_32_34,seq30,r_48_33_115,r_48_33_115,1.0,26,141,115,55
88,seq95,r_96_73_111,seq90,r_96_73_111,1.0,2,113,111,55
27,r_106_52_63,r_119_41_60,r_31_42_71,r_31_42_71,0.97,3,74,71,55
19,r_57_149_189,r_100_58_143,r_15_141_93,r_57_149_189,0.85,0,189,189,55
17,r_109_78_111,seq108,seq83,r_109_78_111,1.0,0,111,111,55
47,r_142_39_24,r_140_29_127,seq38,r_142_39_24,0.95,0,24,24,55
68,seq40,seq47,r_119_41_60,r_119_41_60,1.0,7,67,60,55
38,r_124_19_150,seq125,seq20,r_124_19_150,0.85,0,150,150,55
52,seq130,r_129_81_179,r_6_133_159,r_6_133_159,0.88,20,179,159,55
17,r_109_78_111,seq103,seq108,r_109_78_111,0.47,-42,69,111,55
21,r_94_89_52,seq92,seq90,r_94_89_52,0.53,0,52,52,55
9,r_140_29_127,r_139_126_175,seq30,r_140_29_127,1.0,0,127,127,55
28,r_61_112_23,r_60_88_27,seq111,r_61_112_23,1.0,0,23,23,55
22,r_17_27_135,r_16_75_86,r_18_131_168,r_16_75_86,0.99,-17,69,86,55
84,seq86,r_85_115_184,r_60_88_27,r_60_88_27,1.0,2,29,27,55
49,r_23_55_98,seq24,seq54,r_23_55_98,1.0,0,98,98,55
7,r_15_141_93,r_14_5_51,seq144,r_15_141_93,1.0,0,93,93,55
44,r_100_58_143,r_102_46_170,r_57_149_189,r_100_58_143,0.66,1,144,143,55
67,seq38,r_37_43_118,r_142_39_24,r_142_39_24,0.97,0,24,24,55
11,r_107_77_52,seq103,seq76,r_107_77_52,1.0,0,52,52,55
23,r_105_4_61,seq103,r_14_5_51,r_105_4_61,1.0,0,61,61,55
35,r_145_116_64,seq148,seq118,r_145_116_64,1.0,0,64,64,55
12,r_12_26_128,seq13,r_64_34_90,r_64_34_90,0.88,37,127,90,55
30,r_127_37_144,r_128_146_191,r_141_36_32,r_128_146_191,0.76,-47,144,191,56
44,r_72_18_110,r_145_73_22,seq11,r_72_18_110,1.0,0,110,110,56
51,seq3,seq6,r_130_4_118,r_130_4_118,1.0,3,121,118,56
8,r_66_63_159,r_67_17_163,seq62,r_66_63_159,0.76,0,159,159,56
53,seq135,r_134_55_168,r_12_133_81,r_12_133_81,0.99,87,168,81,56
87,seq89,seq85,r_0_88_28,r_0_88_28,1.0,1,29,28,56
3,r_26_83_162,r_109_27_56,r_116_81_73,r_26_83_162,0.98,0,162,162,56
2,r_0_88_28,r_1_25_113,seq89,r_0_88_28,0.95,0,28,28,56
1,r_92_137_69,seq93,seq140,r_92_137_69,1.0,0,69,69,56
25,r_57_91_140,r_54_80_155,r_53_56_15,r_53_56_15,0.99,0,15,15,56
46,r_143_103_145,r_134_55_168,r_123_105_143,r_134_55_168,0.97,-23,145,168,56
42,r_65_111_87,r_66_63_159,r_2_112_27,r_65_111_87,1.0,0,87,87,56
45,r_54_80_155,seq59,seq79,r_54_80_155,0.87,0,155,155,56
38,r_108_148_98,r_12_133_81,r_8_149_132,r_8_149_132,0.99,2,134,132,56
15,r_109_27_56,r_26_83_162,r_96_28_117,r_96_28_117,0.85,35,152,117,56
31,r_1_25_113,seq3,seq24,r_1_25_113,0.54,0,113,113,56
41,r_19_45_147,seq22,seq46,r_19_45_147,0.53,0,147,147,56
14,r_145_73_22,r_136_29_90,r_72_18_110,r_145_73_22,0.79,0,22,22,56
89,seq95,r_96_28_117,r_84_94_3,r_96_28_117,1.0,-39,78,117,56
3,r_26_83_162,seq24,r_109_27_56,r_109_27_56,1.0,29,85,56,56
10,r_14_7_80,seq15,seq6,r_14_7_80,0.91,0,80,80,56
47,r_113_33_40,r_121_86_161,r_141_36_32,r_113_33_40,0.81,0,40,40,56
44,r_72_18_110,seq69,r_145_73_22,r_145_73_22,1.0,0,22,22,56
14,r_145_73_22,r_72_18_110,r_20_70_79,r_145_73_22,0.97,88,110,22,56
4,r_71_119_14,r_72_18_110,seq120,r_72_18_110,0.59,-96,14,110,56
78,seq62,r_64_124_60,seq58,r_64_124_60,1.0,0,60,60,56
11,r_64_124_60,seq62,seq122,r_64_124_60,1.0,0,60,60,56
20,r_142_5_135,r_143_103_145,r_130_4_118,r_143_103_145,0.95,-10,135,145,56
48,r_97_110_114,r_96_28_117,seq107,r_96_28_117,0.73,-3,114,117,56
36,r_48_126_54,seq49,seq125,r_48_126_54,1.0,0,54,54,56
6,r_47_100_150,seq49,seq101,r_47_100_150,0.75,0,150,150,56
15,r_109_27_56,seq107,r_26_83_162,r_109_27_56,1.0,0,56,56,56
5,r_2_112_27,seq117,r_65_111_87,r_65_111_87,1.0,57,144,87,56
27,r_134_55_168,seq135,r_53_56_15,r_134_55_168,0.81,0,168,168,56
60,seq22,r_19_45_147,r_60_21_99,r_19_45_147,0.61,-12,135,147,56
43,r_53_56_15,r_47_100_150,r_57_91_140,r_53_56_15,0.84,0,15,15,56
40,r_99_52_84,r_97_110_114,seq51,r_99_52_84,0.81,1,85,84,56
18,r_116_81_73,seq117,seq76,r_116_81_73,1.0,0,73,73,56
29,r_20_70_79,seq22,seq69,r_20_70_79,0.99,0,79,79,56
37,r_106_10_39,r_108_148_98,r_19_45_147,r_106_10_39,0.98,0,39,39,56
43,r_53_56_15,r_57_91_140,seq61,r_57_91_140,1.0,0,140,140,56
33,r_42_82_85,seq40,r_116_81_73,r_42_82_85,1.0,0,85,85,56
61,seq23,seq24,r_109_27_56,r_109_27_56,1.0,29,85,56,56
38,r_108_148_98,seq107,r_12_133_81,r_108_148_98,0.82,0,98,98,56
52,seq6,seq3,r_14_7_80,r_14_7_80,1.0,8,88,80,56
60,seq22,r_20_70_79,r_19_45_147,r_20_70_79,1.0,-1,78,79,56
0,r_131_68_150,r_92_137_69,r_20_70_79,r_131_68_150,0.98,0,150,150,56
17,r_132_98_151,r_134_55_168,r_84_94_3,r_132_98_151,0.66,0,151,151,56
25,r_57_91_140,r_53_56_15,seq93,r_57_91_140,0.98,0,140,140,56
94,seq107,r_108_148_98,r_97_110_114,r_108_148_98,0.58,0,98,98,56
9,r_130_4_118,r_131_68_150,seq3,r_130_4_118,0.99,0,118,118,56
26,r_141_36_32,seq35,r_127_37_144,r_127_37_144,1.0,-1,143,144,56
37,r_106_10_39,r_19_45_147,seq11,r_19_45_147,0.88,-37,110,147,56
28,r_67_17_163,r_66_63_159,r_72_18_110,r_72_18_110,0.83,52,162,110,56
5,r_2_112_27,r_1_25_113,seq117,r_2_112_27,1.0,0,27,27,56
49,r_60_21_99,seq58,seq22,r_60_21_99,0.94,0,99,99,56
56,seq11,r_13_147_163,r_72_18_110,r_72_18_110,0.67,53,163,110,56
7,r_13_147_163,seq11,r_108_148_98,r_13_147_163,0.86,0,163,163,56
23,r_12_133_81,r_13_147_163,seq135,r_12_133_81,1.0,0,81,81,56
26,r_141_36_32,r_136_29_90,seq35,r_141_36_32,0.92,0,32,32,56
65,seq35,seq30,r_141_36_32,r_141_36_32,1.0,1,33,32,56
12,r_136_29_90,r_134_55_168,seq30,r_136_29_90,0.99,0,90,90,56
19,r_115_87_21,r_121_86_161,seq89,r_115_87_21,0.97,0,21,21,56
30,r_110_62_116,r_147_63_67,seq81,r_110_62_116,0.36,57,173,116,57
30,r_110_62_116,seq111,r_147_63_67,r_110_62_116,0.46,0,116,116,57
44,r_89_19_26,seq16,r_41_18_93,r_41_18_93,1.0,15,108,93,57
36,r_100_26_119,r_101_66_131,seq23,r_100_26_119,1.0,0,119,119,57
47,r_1_146_137,r_4_117_17,r_30_2_184,r_1_146_137,0.58,-120,17,137,57
14,r_103_144_69,r_101_66_131,seq145,r_103_144_69,0.99,0,69,69,57
8,r_59_88_147,seq61,seq92,r_59_88_147,0.91,0,147,147,57
62,seq145,r_142_118_36,r_47_143_43,r_47_143_43,1.0,1,44,43,57
43,r_56_108_67,seq57,seq105,r_56_108_67,1.0,0,67,67,57
83,seq78,r_76_33_63,r_36_80_36,r_76_33_63,0.56,0,63,63,57
46,r_69_20_11,seq70,seq31,r_69_20_11,0.99,0,11,11,57
37,r_8_42_94,seq9,r_74_49_74,r_8_42_94,0.97,0,94,94,57
23,r_131_27_32,seq132,seq31,r_131_27_32,0.99,0,32,32,57
16,r_30_2_184,seq31,r_137_0_109,r_137_0_109,1.0,79,188,109,57
21,r_74_49_74,seq77,r_128_50_75,r_74_49_74,0.99,0,74,74,57
39,r_124_99_75,seq122,seq97,r_124_99_75,0.81,0,75,75,57
4,r_39_96_122,r_34_40_61,r_113_38_44,r_39_96_122,0.94,-74,48,122,57
42,r_11_21_170,seq15,r_100_26_119,r_100_26_119,0.99,52,171,119,57
69,seq31,r_30_2_184,r_100_26_119,r_100_26_119,1.0,65,184,119,57
45,r_76_33_63,seq77,r_52_32_66,r_76_33_63,0.99,0,63,63,57
27,r_114_93_180,r_17_109_49,r_39_96_122,r_114_93_180,0.32,0,180,180,57
98,seq126,r_120_141_67,seq127,r_120_141_67,0.57,-54,13,67,57
76,seq57,r_56_108_67,seq58,r_56_108_67,1.0,0,67,67,57
31,r_115_91_84,r_114_93_180,seq92,r_115_91_84,0.64,2,86,84,57
41,r_48_67_108,r_51_7_185,seq68,r_48_67_108,0.88,0,108,108,57
20,r_4_117_17,r_1_146_137,r_119_116_123,r_4_117_17,0.99,0,17,17,57
3,r_137_0_109,seq139,r_79_3_30,r_137_0_109,0.92,0,109,109,57
26,r_119_116_123,seq122,r_142_118_36,r_142_118_36,1.0,87,123,36,57
0,r_60_87_85,seq61,seq86,r_60_87_85,1.0,1,86,85,57
13,r_130_107_129,r_129_46_154,r_56_108_67,r_56_108_67,0.69,61,128,67,57
48,r_34_40_61,seq35,seq43,r_34_40_61,0.98,1,62,61,57
7,r_112_5_46,r_115_91_84,r_79_3_30,r_112_5_46,0.99,2,48,46,57
4,r_39_96_122,r_113_38_44,seq95,r_39_96_122,1.0,0,122,122,57
15,r_47_143_43,r_45_12_143,seq145,r_47_143_43,1.0,0,43,43,57
99,seq127,r_129_46_154,seq126,r_129_46_154,0.53,0,154,154,57
17,r_113_38_44,r_112_5_46,r_39_96_122,r_113_38_44,1.0,0,44,44,57
27,r_114_93_180,r_115_91_84,r_17_109_49,r_17_109_49,0.56,38,87,49,57
87,seq86,seq94,r_60_87_85,r_60_87_85,1.0,49,134,85,57
2,r_106_85_166,seq105,r_60_87_85,r_60_87_85,0.79,81,166,85,57
38,r_147_63_67,r_142_118_36,seq148,r_142_118_36,0.69,-14,22,36,57
40,r_129_46_154,seq127,r_74_49_74,r_129_46_154,0.74,0,154,154,57
19,r_79_3_30,r_1_146_137,r_112_5_46,r_79_3_30,0.78,26,56,30,57
5,r_142_118_36,seq145,r_4_117_17,r_4_117_17,0.95,19,36,17,57
74,seq53,r_51_7_185,r_74_49_74,r_74_49_74,1.0,64,138,74,57
29,r_52_32_66,r_51_7_185,r_76_33_63,r_52_32_66,0.98,2,68,66,57
1,r_64_73_22,seq68,seq77,r_64_73_22,0.85,0,22,22,57
24,r_128_50_75,r_130_107_129,r_74_49_74,r_128_50_75,1.0,0,75,75,57
47,r_1_146_137,r_79_3_30,r_103_144_69,r_1_146_137,0.87,0,137,137,57
25,r_41_18_93,r_51_7_185,r_89_19_26,r_41_18_93,0.92,0,93,93,57
47,r_1_146_137,r_30_2_184,r_79_3_30,r_1_146_137,0.81,-101,36,137,57
44,r_89_19_26,seq90,seq16,r_89_19_26,0.98,-1,25,26,57
38,r_147_63_67,seq70,r_101_66_131,r_101_66_131,1.0,16,147,131,57
20,r_4_117_17,r_119_116_123,r_142_118_36,r_142_118_36,0.93,50,86,36,57
22,r_121_54_48,r_51_7_185,r_74_49_74,r_74_49_74,0.93,31,105,74,57
22,r_121_54_48,r_124_99_75,r_51_7_185,r_121_54_48,1.0,0,48,48,57
38,r_147_63_67,seq148,seq70,r_147_63_67,0.75,1,68,67,57
9,r_120_141_67,r_119_116_123,seq140,r_120_141_67,0.61,1,68,67,57
49,r_36_80_36,r_34_40_61,seq78,r_36_80_36,0.99,0,36,36,57
33,r_17_109_49,seq9,seq111,r_17_109_49,1.0,0,49,49,57
19,r_79_3_30,seq78,r_1_146_137,r_79_3_30,0.96,0,30,30,57
17,r_113_38_44,r_39_96_122,r_52_32_66,r_39_96_122,0.81,0,122,122,57
82,seq77,r_76_33_63,r_64_73_22,r_76_33_63,1.0,0,63,63,57
79,seq68,seq70,r_48_67_108,r_48_67_108,0.99,1,109,108,57
36,r_88_103_116,r_87_75_174,r_95_102_47,r_88_103_116,0.98,0,116,116,58
8,r_118_39_105,seq128,r_7_35_23,r_118_39_105,1.0,0,105,105,58
43,r_21_149_101,r_20_40_196,seq143,r_21_149_101,1.0,0,101,101,58
53,seq132,seq137,r_117_131_30,r_117_131_30,1.0,3,33,30,58
83,seq78,r_79_139_161,seq71,r_79_139_161,0.98,1,162,161,58
37,r_76_130_169,seq78,r_117_131_30,r_76_130_169,0.47,0,169,169,58
16,r_6_4_134,r_5_45_198,r_94_2_39,r_94_2_39,1.0,142,181,39,58
39,r_11_147_170,seq13,r_21_149_101,r_21_149_101,0.73,69,170,101,58
1,r_101_68_90,seq104,seq69,r_101_68_90,0.98,0,90,90,58
46,r_121_38_121,r_122_28_159,r_7_35_23,r_121_38_121,0.92,0,121,121,58
42,r_123_53_93,seq125,seq54,r_123_53_93,0.97,0,93,93,58
80,seq69,r_84_80_169,r_101_68_90,r_101_68_90,1.0,-1,89,90,58
45,r_36_31_146,r_7_35_23,seq30,r_36_31_146,0.75,0,146,146,58
32,r_84_80_169,r_17_85_16,r_83_81_17,r_84_80_169,0.55,-17,152,169,58
45,r_36_31_146,r_37_100_90,r_7_35_23,r_37_100_90,0.6,0,90,90,58
35,r_105_62_38,r_101_68_90,r_61_59_92,r_105_62_38,1.0,0,38,38,58
19,r_18_12_97,seq16,seq13,r_18_12_97,0.78,0,97,97,58
15,r_136_91_21,r_144_10_160,seq92,r_136_91_21,0.95,0,21,21,58
28,r_74_142_58,r_76_130_169,seq137,r_74_142_58,0.98,0,58,58,58
31,r_61_59_92,r_65_82_197,r_105_62_38,r_105_62_38,1.0,6,44,38,58
66,seq29,r_17_85_16,r_73_47_35,r_17_85_16,0.62,59,75,16,58
5,r_66_23_37,r_65_82_197,seq25,r_66_23_37,0.98,0,37,37,58
41,r_87_75_174,r_88_103_116,seq78,r_87_75_174,0.95,-58,116,174,58
67,seq30,seq32,r_34_70_163,r_34_70_163,0.46,-96,67,163,58
40,r_89_14_32,r_88_103_116,seq13,r_89_14_32,1.0,0,32,32,58
67,seq30,r_34_70_163,r_36_31_146,r_34_70_163,0.55,-11,152,163,58
29,r_86_134_21,r_84_80_169,seq135,r_86_134_21,1.0,0,21,21,58
78,seq60,r_65_82_197,r_61_59_92,r_61_59_92,0.46,11,103,92,58
66,seq29,seq30,r_122_28_159,r_122_28_159,0.61,25,184,159,58
13,r_144_10_160,seq140,r_111_9_158,r_144_10_160,0.43,0,160,160,58
14,r_77_67_18,r_72_141_141,r_65_82_197,r_72_141_141,0.84,-123,18,141,58
49,r_73_47_35,seq50,r_8_46_122,r_8_46_122,0.99,1,123,122,58
6,r_107_96_80,seq108,r_138_98_28,r_138_98_28,1.0,62,90,28,58
23,r_17_85_16,r_20_40_196,r_84_80_169,r_17_85_16,0.64,0,16,16,58
48,r_65_82_197,r_66_23_37,r_77_67_18,r_66_23_37,0.98,0,37,37,58
82,seq135,r_144_10_160,r_86_134_21,r_86_134_21,1.0,2,23,21,58
17,r_138_98_28,r_144_10_160,r_107_96_80,r_138_98_28,1.0,0,28,28,58
2,r_20_40_196,r_21_149_101,seq16,r_21_149_101,1.0,0,101,101,58
47,r_57_116_85,seq58,seq115,r_57_116_85,0.98,0,85,85,58
18,r_19_22_124,seq16,r_66_23_37,r_66_23_37,1.0,87,124,37,58
61,seq16,r_20_40_196,r_66_23_37,r_66_23_37,0.47,155,192,37,58
35,r_105_62_38,r_61_59_92,r_77_67_18,r_61_59_92,0.41,36,128,92,58
25,r_79_139_161,seq78,r_74_142_58,r_74_142_58,1.0,103,161,58,58
33,r_72_141_141,r_76_130_169,r_74_142_58,r_74_142_58,0.95,83,141,58,58
20,r_7_35_23,r_36_31_146,r_121_38_121,r_121_38_121,1.0,25,146,121,58
3,r_52_127_47,seq54,seq129,r_52_127_47,1.0,0,47,47,58
61,seq16,r_18_12_97,r_20_40_196,r_18_12_97,0.91,0,97,97,58
32,r_84_80_169,r_83_81_17,r_17_85_16,r_84_80_169,0.58,-107,62,169,58
38,r_111_9_158,seq112,r_144_10_160,r_111_9_158,0.66,1,159,158,58
77,seq58,r_57_116_85,seq56,r_57_116_85,1.0,0,85,85,58
34,r_26_51_89,seq27,seq56,r_26_51_89,1.0,0,89,89,58
26,r_94_2_39,r_95_102_47,seq1,r_94_2_39,1.0,0,39,39,58
81,seq71,r_76_130_169,r_34_70_163,r_76_130_169,0.7,0,169,169,58
9,r_148_49_86,seq140,seq56,r_148_49_86,0.99,2,88,86,58
96,seq115,r_107_96_80,r_57_116_85,r_57_116_85,1.0,4,89,85,58
22,r_37_100_90,r_36_31_146,r_138_98_28,r_37_100_90,1.0,0,90,90,58
20,r_7_35_23,r_8_46_122,r_36_31_146,r_7_35_23,0.89,0,23,23,58
49,r_73_47_35,r_74_142_58,seq50,r_73_47_35,0.48,0,35,35,58
7,r_122_28_159,seq120,seq27,r_122_28_159,0.89,1,160,159,58
44,r_64_124_162,seq63,r_146_126_7,r_64_124_162,0.63,0,162,162,58
79,seq63,r_64_124_162,r_77_67_18,r_64_124_162,0.92,0,162,162,58
12,r_8_46_122,seq13,r_73_47_35,r_8_46_122,0.67,0,122,122,58
30,r_16_117_24,r_15_60_143,r_118_29_97,r_16_117_24,0.99,0,24,24,59
51,seq129,r_130_64_83,seq136,r_130_64_83,1.0,0,83,83,59
36,r_119_11_69,r_121_40_184,r_12_4_110,r_119_11_69,0.94,0,69,69,59
98,seq122,r_123_36_31,seq126,r_123_36_31,1.0,0,31,31,59
14,r_92_3_180,seq93,r_12_4_110,r_92_3_180,0.38,0,180,180,59
53,seq131,r_132_109_180,r_59_137_99,r_59_137_99,0.96,61,160,99,59
83,seq84,r_83_6_134,r_57_77_20,r_83_6_134,0.94,0,134,134,59
71,seq48,r_50_24_91,r_148_49_30,r_148_49_30,1.0,3,33,30,59
37,r_146_55_131,r_138_98_158,r_106_145_59,r_106_145_59,1.0,4,63,59,59
16,r_80_89_148,seq76,seq87,r_80_89_148,0.69,0,148,148,59
21,r_65_26_200,seq67,r_130_64_83,r_130_64_83,0.99,4,87,83,59
39,r_115_75_126,seq116,r_57_77_20,r_115_75_126,0.99,0,126,126,59
97,seq120,r_121_40_184,seq101,r_121_40_184,0.63,0,184,184,59
36,r_119_11_69,r_12_4_110,seq8,r_12_4_110,1.0,0,110,110,59
5,r_15_60_143,seq14,seq62,r_15_60_143,0.56,0,143,143,59
42,r_9_141_135,seq8,r_53_139_77,r_9_141_135,0.48,0,135,135,59
35,r_99_21_18,seq96,seq22,r_99_21_18,0.99,0,18,18,59
24,r_118_29_97,r_115_75_126,r_16_117_24,r_16_117_24,1.0,3,27,24,59
34,r_78_142_50,r_146_55_131,r_74_143_63,r_78_142_50,0.95,18,68,50,59
45,r_83_6_134,seq84,seq7,r_83_6_134,0.92,0,134,134,59
2,r_56_133_35,seq62,seq134,r_56_133_35,1.0,0,35,35,59
27,r_127_72_53,seq126,r_5_70_14,r_127_72_53,1.0,1,54,53,59
24,r_118_29_97,r_16_117_24,seq30,r_118_29_97,0.98,0,97,97,59
41,r_61_114_12,r_59_137_99,seq113,r_61_114_12,1.0,0,12,12,59
25,r_5_70_14,seq7,seq71,r_5_70_14,0.96,0,14,14,59
31,r_79_111_100,r_80_89_148,seq110,r_79_111_100,1.0,0,100,100,59
67,seq39,r_37_103_168,r_118_29_97,r_118_29_97,0.99,72,169,97,59
3,r_132_109_180,seq131,r_135_112_109,r_135_112_109,0.96,71,180,109,59
10,r_12_4_110,seq8,r_119_11_69,r_119_11_69,1.0,13,82,69,59
4,r_95_124_93,seq96,seq126,r_95_124_93,0.95,0,93,93,59
0,r_37_103_168,seq39,r_82_105_71,r_82_105_71,1.0,97,168,71,59
63,seq28,r_27_144_189,seq43,r_27_144_189,0.31,0,189,189,59
11,r_1_128_89,seq2,seq126,r_1_128_89,1.0,0,89,89,59
20,r_149_18_132,r_138_98_158,seq17,r_149_18_132,0.83,1,133,132,59
15,r_10_140_62,r_12_4_110,r_106_145_59,r_10_140_62,0.98,0,62,62,59
48,r_35_25_8,seq81,r_45_31_26,r_45_31_26,0.53,62,88,26,59
26,r_123_36_31,seq122,seq39,r_123_36_31,1.0,0,31,31,59
6,r_82_105_71,r_83_6_134,seq107,r_82_105_71,1.0,0,71,71,59
30,r_16_117_24,r_118_29_97,seq116,r_118_29_97,1.0,0,97,97,59
34,r_78_142_50,r_74_143_63,r_146_55_131,r_78_142_50,0.99,0,50,50,59
47,r_53_139_77,seq52,r_10_140_62,r_53_139_77,0.92,0,77,77,59
40,r_138_98_158,seq134,seq96,r_138_98_158,0.82,0,158,158,59
29,r_130_64_83,seq129,r_65_26_200,r_130_64_83,1.0,0,83,83,59
46,r_148_49_30,r_132_109_180,seq48,r_148_49_30,0.98,0,30,30,59
10,r_12_4_110,r_119_11_69,seq7,r_12_4_110,0.99,0,110,110,59
1,r_57_77_20,r_63_100_88,seq76,r_63_100_88,0.82,-66,22,88,59
89,seq96,r_99_21_18,r_95_124_93,r_99_21_18,1.0,0,18,18,59
48,r_35_25_8,r_45_31_26,seq43,r_45_31_26,0.51,149,175,26,59
64,seq30,r_37_103_168,r_118_29_97,r_118_29_97,0.99,14,111,97,59
78,seq69,r_37_103_168,r_57_77_20,r_37_103_168,0.97,-135,33,168,59
99,seq126,seq122,r_95_124_93,r_95_124_93,1.0,0,93,93,59
88,seq93,r_92_3_180,seq90,r_92_3_180,0.66,0,180,180,59
70,seq47,r_46_51_152,seq43,r_46_51_152,0.86,0,152,152,59
68,seq43,r_42_147_169,seq44,r_42_147_169,1.0,0,169,169,59
32,r_121_40_184,seq120,r_118_29_97,r_118_29_97,1.0,88,185,97,59
38,r_50_24_91,seq52,seq22,r_50_24_91,0.72,0,91,91,59
77,seq67,r_37_103_168,r_125_66_6,r_125_66_6,0.49,4,10,6,59
75,seq58,r_59_137_99,seq62,r_59_137_99,1.0,0,99,99,59
19,r_45_31_26,r_46_51_152,seq34,r_45_31_26,0.87,0,26,26,59
17,r_135_112_109,seq136,r_79_111_100,r_135_112_109,0.99,0,109,109,59
9,r_42_147_169,seq43,r_59_137_99,r_59_137_99,0.84,73,172,99,59
37,r_146_55_131,r_106_145_59,seq62,r_146_55_131,0.93,1,132,131,59
22,r_63_100_88,r_59_137_99,seq96,r_63_100_88,1.0,0,88,88,59
99,seq126,r_127_72_53,seq122,r_127_72_53,1.0,-9,44,53,59
28,r_41_38_130,r_42_147_169,seq39,r_41_38_130,0.53,0,130,130,59
15,r_10_140_62,r_106_145_59,r_53_139_77,r_53_139_77,0.9,4,81,77,59
56,seq8,r_9_141_135,r_119_11_69,r_9_141_135,1.0,0,135,135,59
49,r_27_144_189,seq28,r_106_145_59,r_27_144_189,0.27,0,189,189,59
56,seq8,r_12_4_110,r_9_141_135,r_12_4_110,0.96,-28,82,110,59
7,r_46_51_152,seq47,seq52,r_46_51_152,0.32,0,152,152,59
23,r_33_68_166,seq34,seq67,r_33_68_166,0.49,2,168,166,59
82,seq81,r_83_6_134,r_57_77_20,r_83_6_134,0.92,-22,112,134,59
79,seq71,r_82_105_71,r_5_70_14,r_82_105_71,1.0,-7,64,71,59
13,r_106_145_59,seq107,r_78_142_50,r_106_145_59,1.0,0,59,59,59
12,r_59_137_99,seq58,seq136,r_59_137_99,0.99,0,99,99,59
4,r_110_139_22,r_107_70_173,r_145_140_5,r_110_139_22,1.0,0,22,22,60
43,r_5_135_105,seq3,r_136_131_152,r_5_135_105,1.0,0,105,105,60
37,r_4_32_95,r_5_135_105,r_79_30_80,r_4_32_95,1.0,0,95,95,60
11,r_126_38_10,r_127_78_50,r_6_42_5,r_126_38_10,1.0,0,10,10,60
21,r_46_66_72,r_44_130_191,seq69,r_46_66_72,0.73,0,72,72,60
1,r_107_70_173,seq106,r_18_63_73,r_107_70_173,0.54,0,173,173,60
97,seq119,r_120_97_185,r_100_123_111,r_100_123_111,1.0,72,183,111,60
42,r_58_142_100,seq55,r_110_139_22,r_58_142_100,1.0,0,100,100,60
32,r_111_116_9,seq115,r_104_118_43,r_104_118_43,1.0,54,97,43,60
41,r_49_149_108,r_110_139_22,r_136_131_152,r_136_131_152,0.69,31,183,152,60
89,seq94,r_101_68_110,seq106,r_101_68_110,1.0,-3,107,110,60
41,r_49_149_108,r_148_10_127,r_111_116_9,r_148_10_127,1.0,0,127,127,60
19,r_12_8_31,r_14_24_76,seq3,r_12_8_31,0.85,0,31,31,60
95,seq112,r_107_70_173,r_43_105_129,r_43_105_129,0.94,44,173,129,60
76,seq69,seq71,r_101_68_110,r_101_68_110,1.0,43,153,110,60
31,r_43_105_129,r_44_130_191,seq106,r_43_105_129,0.9,0,129,129,60
41,r_49_149_108,r_51_2_127,r_148_10_127,r_49_149_108,0.76,0,108,108,60
3,r_100_123_111,r_101_68_110,seq124,r_100_123_111,0.98,0,111,111,60
44,r_104_118_43,r_107_70_173,r_111_116_9,r_104_118_43,1.0,0,43,43,60
90,seq96,seq98,r_117_95_80,r_117_95_80,1.0,0,80,80,60
8,r_101_68_110,r_15_102_5,seq69,r_101_68_110,0.99,1,111,110,60
0,r_31_7_192,seq26,r_79_30_80,r_79_30_80,1.0,12,92,80,60
20,r_51_2_127,r_43_105_129,seq3,r_51_2_127,0.96,0,127,127,60
13,r_85_137_111,r_88_36_188,r_136_131_152,r_85_137_111,0.99,0,111,111,60
46,r_147_65_35,r_148_10_127,seq64,r_147_65_35,0.99,1,36,35,60
0,r_31_7_192,r_79_30_80,r_12_8_31,r_31_7_192,0.36,0,192,192,60
2,r_14_24_76,seq11,seq23,r_14_24_76,0.53,0,76,76,60
47,r_9_33_68,seq26,r_44_130_191,r_9_33_68,0.95,0,68,68,60
36,r_129_35_46,seq132,r_133_37_23,r_129_35_46,0.88,0,46,46,60
40,r_74_92_7,seq90,r_127_78_50,r_127_78_50,1.0,53,103,50,60
18,r_59_103_63,r_58_142_100,seq106,r_59_103_63,0.9,1,64,63,60
29,r_117_95_80,seq115,seq96,r_117_95_80,1.0,0,80,80,60
27,r_127_78_50,seq125,seq77,r_127_78_50,1.0,0,50,50,60
98,seq124,r_121_52_122,seq125,r_121_52_122,1.0,-111,11,122,60
25,r_79_30_80,r_85_137_111,r_31_7_192,r_79_30_80,1.0,0,80,80,60
41,r_49_149_108,r_111_116_9,r_110_139_22,r_110_139_22,0.53,142,164,22,60
33,r_17_34_130,seq16,r_126_38_10,r_17_34_130,0.95,0,130,130,60
88,seq93,seq91,r_127_78_50,r_127_78_50,1.0,38,88,50,60
6,r_148_10_127,r_145_140_5,r_49_149_108,r_148_10_127,0.78,-19,108,127,60
6,r_148_10_127,r_49_149_108,r_79_30_80,r_148_10_127,0.8,0,127,127,60
52,seq3,r_5_135_105,r_12_8_31,r_5_135_105,0.8,0,105,105,60
6,r_148_10_127,r_147_65_35,r_145_140_5,r_147_65_35,0.92,1,36,35,60
10,r_133_37_23,r_136_131_152,r_47_41_55,r_133_37_23,0.99,0,23,23,60
34,r_72_25_111,seq71,seq26,r_72_25_111,1.0,0,111,111,60
45,r_109_99_21,seq96,r_15_102_5,r_15_102_5,0.52,36,41,5,60
17,r_82_50_119,r_88_36_188,r_126_38_10,r_82_50_119,0.99,0,119,119,60
25,r_79_30_80,r_31_7_192,r_148_10_127,r_148_10_127,0.99,62,189,127,60
26,r_15_102_5,r_101_68_110,r_109_99_21,r_101_68_110,0.99,1,111,110,60
22,r_18_63_73,r_17_34_130,seq71,r_18_63_73,0.81,0,73,73,60
52,seq3,r_12_8_31,r_51_2_127,r_51_2_127,0.96,7,134,127,60
28,r_141_80_62,r_145_140_5,seq83,r_141_80_62,1.0,0,62,62,60
35,r_21_28_119,seq22,r_79_30_80,r_79_30_80,1.0,42,122,80,60
12,r_121_52_122,seq119,seq53,r_121_52_122,0.93,0,122,122,60
7,r_113_114_38,seq112,seq132,r_113_114_38,0.98,2,40,38,60
89,seq94,r_109_99_21,r_101_68_110,r_101_68_110,0.42,-77,33,110,60
93,seq140,r_139_99_133,seq141,r_139_99_133,0.91,0,133,133,61
8,r_59_48_160,r_60_85_161,seq46,r_59_48_160,0.49,0,160,160,61
98,seq125,seq128,r_131_126_43,r_131_126_43,0.81,0,43,43,61
43,r_34_20_153,seq33,r_38_22_64,r_38_22_64,0.86,89,153,64,61
37,r_87_16_115,r_86_63_118,seq15,r_87_16_115,0.86,0,115,115,61
19,r_52_148_22,r_145_9_141,r_4_149_86,r_4_149_86,0.6,6,92,86,61
16,r_144_37_121,seq143,seq33,r_144_37_121,0.9,0,121,121,61
21,r_90_138_138,r_92_62_172,seq140,r_90_138_138,0.96,0,138,138,61
39,r_106_36_128,seq105,r_144_37_121,r_106_36_128,0.88,0,128,128,61
97,seq123,seq121,r_72_122_156,r_72_122_156,0.95,0,156,156,61
5,r_86_63_118,r_87_16_115,r_113_67_3,r_86_63_118,0.93,-3,115,118,61
46,r_28_61_151,r_26_43_157,r_3_64_129,r_3_64_129,0.73,25,154,129,61
41,r_66_29_13,r_113_67_3,r_30_101_88,r_66_29_13,0.92,1,14,13,61
32,r_146_124_87,r_145_9_141,seq125,r_145_9_141,0.63,-55,86,141,61
69,seq39,r_40_65_153,r_56_41_114,r_56_41_114,0.85,39,153,114,61
45,r_58_17_82,r_60_85_161,seq18,r_58_17_82,1.0,0,82,82,61
38,r_142_91_68,r_92_62_172,seq94,r_92_62_172,0.68,0,172,172,61
30,r_147_2_166,r_144_37_121,r_52_148_22,r_52_148_22,0.78,14,36,22,61
14,r_0_19_26,r_3_64_129,r_25_116_47,r_0_19_26,0.68,0,26,26,61
3,r_113_67_3,r_57_82_156,r_86_63_118,r_86_63_118,0.88,0,118,118,61
48,r_114_11_15,seq112,seq12,r_114_11_15,0.88,0,15,15,61
26,r_108_132_93,r_109_117_124,seq134,r_108_132_93,0.96,0,93,93,61
14,r_0_19_26,r_58_17_82,seq31,r_58_17_82,0.47,91,173,82,61
78,seq75,r_74_45_163,seq68,r_74_45_163,0.85,0,163,163,61
0,r_3_64_129,seq6,r_86_63_118,r_3_64_129,0.89,0,129,129,61
63,seq21,r_28_61_151,r_38_22_64,r_38_22_64,0.94,10,74,64,61
11,r_96_84_90,r_95_80_109,r_89_83_51,r_95_80_109,0.75,-19,90,109,61
20,r_7_118_87,seq10,seq115,r_7_118_87,1.0,1,88,87,61
15,r_74_45_163,seq75,r_59_48_160,r_59_48_160,0.72,3,163,160,61
49,r_92_62_172,r_142_91_68,r_3_64_129,r_92_62_172,0.51,0,172,172,61
13,r_30_101_88,r_66_29_13,r_120_98_62,r_30_101_88,0.99,0,88,88,61
6,r_60_85_161,r_59_48_160,r_96_84_90,r_60_85_161,0.59,0,161,161,61
19,r_52_148_22,r_56_41_114,r_145_9_141,r_52_148_22,1.0,0,22,22,61
36,r_81_70_166,r_89_83_51,seq68,r_81_70_166,0.62,0,166,166,61
40,r_133_71_19,seq134,seq73,r_133_71_19,0.99,0,19,19,61
10,r_89_83_51,r_86_63_118,r_96_84_90,r_86_63_118,0.61,0,118,118,61
27,r_40_65_153,seq39,r_113_67_3,r_40_65_153,0.83,0,153,153,61
30,r_147_2_166,r_52_148_22,seq5,r_147_2_166,0.57,0,166,166,61
91,seq111,seq105,r_7_118_87,r_7_118_87,0.71,71,158,87,61
22,r_26_43_157,r_14_23_64,r_59_48_160,r_26_43_157,1.0,0,157,157,61
2,r_104_27_123,r_106_36_128,r_14_23_64,r_104_27_123,0.91,0,123,123,61
41,r_66_29_13,r_30_101_88,seq31,r_66_29_13,0.52,78,91,13,61
18,r_14_23_64,seq13,r_136_24_9,r_14_23_64,0.99,0,64,64,61
29,r_72_122_156,r_74_45_163,seq123,r_72_122_156,0.7,0,156,156,61
14,r_0_19_26,seq33,r_58_17_82,r_0_19_26,0.48,80,106,26,61
25,r_57_82_156,r_60_85_161,r_96_84_90,r_96_84_90,0.9,66,156,90,61
33,r_139_99_133,seq140,r_120_98_62,r_139_99_133,0.99,0,133,133,61
42,r_25_116_47,r_26_43_157,seq115,r_25_116_47,1.0,0,47,47,61
47,r_136_24_9,r_28_61_151,r_14_23_64,r_136_24_9,0.71,60,69,9,61
44,r_88_55_54,r_90_138_138,seq54,r_88_55_54,0.99,1,55,54,61
38,r_142_91_68,seq141,r_92_62_172,r_142_91_68,1.0,-1,67,68,61
77,seq73,r_72_122_156,seq68,r_72_122_156,1.0,0,156,156,61
14,r_0_19_26,r_25_116_47,seq33,r_0_19_26,0.42,43,69,26,61
68,seq134,seq135,r_108_132_93,r_108_132_93,1.0,26,119,93,61
34,r_109_117_124,seq110,r_25_116_47,r_25_116_47,1.0,81,128,47,61
75,seq54,r_53_42_149,r_88_55_54,r_88_55_54,0.89,30,84,54,61
81,seq79,seq77,r_95_80_109,r_95_80_109,1.0,14,123,109,61
17,r_4_149_86,r_3_64_129,r_52_148_22,r_4_149_86,1.0,0,86,86,61
9,r_145_9_141,seq143,r_114_11_15,r_145_9_141,0.71,0,141,141,61
22,r_26_43_157,r_28_61_151,r_14_23_64,r_14_23_64,0.99,12,76,64,61
28,r_69_93_31,r_74_45_163,seq94,r_69_93_31,0.99,0,31,31,61
10,r_89_83_51,r_90_138_138,r_86_63_118,r_89_83_51,0.67,0,51,51,61
49,r_92_62_172,r_90_138_138,r_142_91_68,r_142_91_68,0.95,-2,66,68,61
35,r_44_78_168,seq46,r_95_80_109,r_44_78_168,0.42,0,168,168,61
12,r_95_80_109,seq94,seq79,r_95_80_109,0.93,0,109,109,61
30,r_36_104_188,seq35,r_23_105_120,r_23_105_120,0.97,66,186,120,62
36,r_144_142_155,r_146_37_159,r_78_141_16,r_144_142_155,0.9,4,159,155,62
9,r_65_29_171,r_0_64_16,r_121_34_112,r_121_34_112,0.62,64,176,112,62
83,seq91,r_94_117_147,r_33_90_100,r_33_90_100,1.0,38,138,100,62
60,seq18,seq27,r_80_19_30,r_80_19_30,1.0,-1,29,30,62
37,r_43_84_105,seq45,seq81,r_43_84_105,1.0,0,105,105,62
31,r_60_148_43,seq58,seq145,r_60_148_43,1.0,0,43,43,62
16,r_6_31_77,r_4_149_179,seq35,r_6_31_77,0.95,0,77,77,62
39,r_146_37_159,r_144_142_155,r_121_34_112,r_144_142_155,0.68,4,159,155,62
5,r_63_97_81,r_65_29_171,seq95,r_63_97_81,0.46,0,81,81,62
42,r_127_69_124,seq128,r_38_71_62,r_127_69_124,0.96,0,124,124,62
32,r_4_149_179,r_135_5_8,r_60_148_43,r_135_5_8,0.71,171,179,8,62
69,seq45,r_43_84_105,r_28_44_46,r_43_84_105,0.57,0,105,105,62
19,r_46_16_103,seq50,seq17,r_46_16_103,0.87,0,103,103,62
35,r_76_83_200,r_38_71_62,r_137_75_119,r_38_71_62,0.7,72,134,62,62
10,r_125_88_23,r_127_69_124,seq91,r_125_88_23,0.49,-6,17,23,62
14,r_57_20_27,r_60_148_43,seq21,r_57_20_27,0.84,-1,26,27,62
43,r_82_14_30,seq15,r_108_13_49,r_108_13_49,1.0,13,62,49,62
26,r_33_90_100,r_36_104_188,seq91,r_33_90_100,0.99,0,100,100,62
4,r_102_30_168,seq101,r_6_31_77,r_102_30_168,0.59,0,168,168,62
11,r_131_1_80,seq132,r_11_10_140,r_131_1_80,0.85,0,80,80,62
20,r_99_118_110,seq100,r_140_119_32,r_140_119_32,0.83,78,110,32,62
13,r_137_75_119,r_144_142_155,r_76_83_200,r_144_142_155,0.52,-36,119,155,62
15,r_53_59_79,seq50,seq58,r_53_59_79,1.0,0,79,79,62
48,r_7_147_65,seq9,r_60_148_43,r_7_147_65,1.0,0,65,65,62
21,r_52_8_53,r_53_59_79,seq9,r_52_8_53,0.7,0,53,53,62
12,r_38_71_62,r_70_74_154,r_127_69_124,r_127_69_124,0.72,2,126,124,62
0,r_135_5_8,r_4_149_179,r_52_8_53,r_135_5_8,0.57,171,179,8,62
47,r_70_74_154,r_65_29_171,r_38_71_62,r_38_71_62,0.91,7,69,62,62
27,r_47_77_138,seq50,r_137_75_119,r_47_77_138,0.97,0,138,138,62
3,r_11_10_140,seq15,r_92_12_35,r_92_12_35,1.0,10,45,35,62
2,r_136_22_103,r_144_142_155,seq21,r_136_22_103,0.98,0,103,103,62
18,r_23_105_120,seq24,r_87_106_44,r_23_105_120,0.98,0,120,120,62
29,r_98_130_118,r_122_93_203,seq128,r_98_130_118,0.89,0,118,118,62
47,r_70_74_154,r_38_71_62,r_47_77_138,r_47_77_138,0.79,17,155,138,62
25,r_94_117_147,r_87_106_44,r_125_88_23,r_125_88_23,0.84,36,59,23,62
33,r_121_34_112,r_122_93_203,seq35,r_121_34_112,0.98,0,112,112,62
88,seq109,r_87_106_44,r_62_107_76,r_62_107_76,0.95,6,82,76,62
22,r_78_141_16,r_79_96_115,r_144_142_155,r_79_96_115,0.54,-99,16,115,62
6,r_0_64_16,r_65_29_171,seq67,r_65_29_171,0.8,-15,156,171,62
32,r_4_149_179,r_6_31_77,r_135_5_8,r_4_149_179,0.57,-114,65,179,62
38,r_138_68_151,r_144_142_155,r_127_69_124,r_144_142_155,0.77,-4,151,155,62
34,r_89_26_92,seq91,seq27,r_89_26_92,0.99,0,92,92,62
17,r_92_12_35,r_108_13_49,r_11_10_140,r_11_10_140,1.0,-105,35,140,62
11,r_131_1_80,r_11_10_140,r_52_8_53,r_52_8_53,0.46,76,129,53,62
25,r_94_117_147,r_125_88_23,r_99_118_110,r_94_117_147,0.36,0,147,147,62
45,r_140_119_32,r_144_142_155,seq116,r_140_119_32,0.82,1,33,32,62
9,r_65_29_171,r_63_97_81,r_0_64_16,r_65_29_171,0.72,-108,63,171,62
40,r_28_44_46,r_33_90_100,seq45,r_28_44_46,0.75,0,46,46,62
6,r_0_64_16,r_11_10_140,r_65_29_171,r_0_64_16,1.0,0,16,16,62
28,r_72_134_163,seq73,r_32_143_102,r_72_134_163,0.76,0,163,163,62
49,r_49_25_177,seq51,r_136_22_103,r_136_22_103,0.99,71,174,103,62
56,seq9,r_11_10_140,r_52_8_53,r_52_8_53,0.98,40,93,53,62
7,r_79_96_115,r_76_83_200,seq95,r_79_96_115,0.68,0,115,115,62
23,r_32_143_102,r_36_104_188,r_60_148_43,r_32_143_102,0.94,0,102,102,62
47,r_70_74_154,r_72_134_163,r_65_29_171,r_65_29_171,0.79,-133,38,171,62
79,seq73,r_72_134_163,seq67,r_72_134_163,0.85,-4,159,163,62
35,r_76_83_200,r_79_96_115,r_38_71_62,r_38_71_62,1.0,55,117,62,62
12,r_38_71_62,r_36_104_188,r_70_74_154,r_38_71_62,1.0,0,62,62,62
84,seq95,r_122_93_203,r_63_97_81,r_63_97_81,0.78,33,114,81,62
93,seq106,seq101,r_2_105_75,r_2_105_75,0.99,17,92,75,63
30,r_55_130_70,r_54_96_203,r_62_134_54,r_54_96_203,1.0,-133,70,203,63
9,r_62_134_54,r_143_48_143,r_146_133_120,r_62_134_54,0.65,68,122,54,63
11,r_140_112_47,r_143_48_143,seq115,r_140_112_47,1.0,0,47,47,63
14,r_38_79_87,r_31_136_184,seq81,r_38_79_87,1.0,0,87,87,63
8,r_29_85_65,seq28,seq84,r_29_85_65,1.0,0,65,65,63
43,r_89_127_143,seq90,r_146_133_120,r_89_127_143,0.96,0,143,143,63
5,r_109_97_47,r_114_108_102,r_98_100_4,r_109_97_47,1.0,-1,46,47,63
16,r_52_25_66,r_55_130_70,seq24,r_52_25_66,1.0,1,67,66,63
21,r_47_103_143,seq45,seq106,r_47_103_143,0.89,1,144,143,63
39,r_124_35_72,seq125,seq33,r_124_35_72,1.0,0,72,72,63
1,r_102_3_180,seq101,seq4,r_102_3_180,0.84,0,180,180,63
1,r_102_3_180,r_104_58_139,seq101,r_104_58_139,0.5,-40,99,139,63
46,r_54_96_203,seq61,r_132_56_77,r_132_56_77,1.0,43,120,77,63
42,r_139_41_117,r_143_48_143,r_49_42_18,r_139_41_117,0.83,0,117,117,63
20,r_137_73_20,r_140_112_47,seq75,r_137_73_20,0.98,0,20,20,63
19,r_31_136_184,seq33,r_6_135_86,r_6_135_86,0.72,98,184,86,63
31,r_131_16_67,r_132_56_77,seq15,r_131_16_67,1.0,0,67,67,63
41,r_111_110_95,seq115,r_140_112_47,r_140_112_47,1.0,129,176,47,63
89,seq90,r_89_127_143,r_60_95_6,r_89_127_143,0.95,0,143,143,63
3,r_40_126_83,seq43,seq125,r_40_126_83,0.97,0,83,83,63
18,r_65_13_92,seq63,r_80_64_31,r_80_64_31,1.0,2,33,31,63
10,r_18_51_102,seq22,r_107_53_68,r_18_51_102,0.95,0,102,102,63
26,r_66_74_95,seq69,seq75,r_66_74_95,0.57,0,95,95,63
4,r_2_105_75,r_6_135_86,seq106,r_2_105_75,0.97,0,75,75,63
78,seq61,r_59_76_98,r_107_53_68,r_107_53_68,0.99,28,96,68,63
0,r_146_133_120,seq144,r_62_134_54,r_62_134_54,0.88,66,120,54,63
63,seq147,r_146_133_120,r_117_145_77,r_117_145_77,0.84,23,100,77,63
13,r_78_88_110,seq82,seq87,r_78_88_110,0.87,0,110,110,63
15,r_91_57_146,seq93,r_104_58_139,r_91_57_146,0.83,0,146,146,63
48,r_32_77_68,r_38_79_87,seq82,r_32_77_68,0.9,0,68,68,63
92,seq101,r_102_3_180,seq106,r_102_3_180,0.77,-135,45,180,63
62,seq144,r_146_133_120,r_117_145_77,r_117_145_77,0.84,43,120,77,63
2,r_132_56_77,r_54_96_203,r_18_51_102,r_18_51_102,0.99,100,202,102,63
17,r_80_64_31,seq81,r_65_13_92,r_80_64_31,0.57,0,31,31,63
27,r_92_17_81,seq93,r_20_27_107,r_92_17_81,0.99,0,81,81,63
87,seq84,seq83,r_29_85_65,r_29_85_65,1.0,1,66,65,63
2,r_132_56_77,seq129,r_54_96_203,r_132_56_77,1.0,0,77,77,63
24,r_149_19_151,r_117_145_77,r_92_17_81,r_149_19_151,0.99,0,151,151,63
6,r_113_86_180,r_111_110_95,r_140_112_47,r_140_112_47,1.0,0,47,47,63
40,r_98_100_4,r_99_37_194,r_109_97_47,r_109_97_47,1.0,144,191,47,63
24,r_149_19_151,r_148_71_115,r_117_145_77,r_149_19_151,0.46,-35,116,151,63
25,r_107_53_68,seq120,r_54_96_203,r_107_53_68,1.0,0,68,68,63
37,r_7_68_11,seq8,seq67,r_7_68_11,0.95,0,11,11,63
58,seq12,r_11_119_145,r_65_13_92,r_65_13_92,0.7,8,100,92,63
6,r_113_86_180,r_140_112_47,r_78_88_110,r_140_112_47,0.56,133,180,47,63
65,seq24,seq22,r_52_25_66,r_52_25_66,1.0,14,80,66,63
32,r_114_108_102,r_111_110_95,seq120,r_114_108_102,0.35,26,128,102,63
48,r_32_77_68,seq82,r_59_76_98,r_32_77_68,0.55,35,103,68,63
38,r_148_71_115,r_149_19_151,r_123_70_6,r_148_71_115,1.0,1,116,115,63
9,r_62_134_54,r_59_76_98,r_143_48_143,r_62_134_54,1.0,0,54,54,63
45,r_36_21_49,r_38_79_87,r_142_23_4,r_36_21_49,0.96,-11,38,49,63
83,seq75,seq83,r_137_73_20,r_137_73_20,1.0,0,20,20,63
34,r_104_58_139,r_102_3_180,seq61,r_104_58_139,0.84,0,139,139,63
25,r_107_53_68,r_54_96_203,r_18_51_102,r_18_51_102,1.0,51,153,102,63
63,seq147,r_117_145_77,r_40_126_83,r_40_126_83,0.42,94,177,83,63
28,r_59_76_98,seq61,r_32_77_68,r_32_77_68,0.93,30,98,68,63
78,seq61,r_107_53_68,r_104_58_139,r_104_58_139,1.0,7,146,139,63
7,r_117_145_77,seq118,seq144,r_117_145_77,1.0,0,77,77,63
18,r_65_13_92,r_80_64_31,seq12,r_65_13_92,1.0,1,93,92,63
17,r_80_64_31,r_65_13_92,seq63,r_65_13_92,1.0,1,93,92,63
35,r_143_48_143,seq141,seq45,r_143_48_143,0.74,0,143,143,63
12,r_6_135_86,seq5,seq138,r_6_135_86,1.0,0,86,86,63
15,r_71_51_48,seq72,seq52,r_71_51_48,1.0,0,48,48,64
30,r_69_142_81,seq67,seq144,r_69_142_81,1.0,0,81,81,64
36,r_148_125_152,seq144,seq124,r_148_125_152,0.87,0,152,152,64
43,r_93_22_65,r_94_141_67,seq23,r_93_22_65,1.0,0,65,65,64
83,seq85,r_87_4_179,r_103_86_154,r_103_86_154,0.74,25,179,154,64
59,seq144,r_148_125_152,r_69_142_81,r_69_142_81,0.85,69,150,81,64
80,seq72,r_71_51_48,r_73_146_125,r_71_51_48,1.0,-8,40,48,64
21,r_37_2_93,seq33,r_113_1_85,r_113_1_85,0.98,8,93,85,64
39,r_46_118_96,seq44,r_0_117_43,r_46_118_96,0.64,0,96,96,64
18,r_21_110_50,seq20,r_111_145_70,r_21_110_50,0.97,0,50,50,64
97,seq124,r_129_109_130,r_119_43_137,r_129_109_130,0.59,-52,78,130,64
5,r_28_75_144,seq29,seq79,r_28_75_144,0.86,0,144,144,64
46,r_130_123_96,r_132_16_120,seq124,r_130_123_96,0.97,4,100,96,64
10,r_3_25_165,r_12_27_16,r_113_1_85,r_113_1_85,1.0,3,88,85,64
18,r_21_110_50,r_111_145_70,seq114,r_111_145_70,0.92,0,70,70,64
60,seq18,seq23,r_66_19_99,r_66_19_99,1.0,0,99,99,64
7,r_10_80_44,r_87_4_179,seq79,r_10_80_44,0.5,77,121,44,64
69,seq135,r_134_62_109,r_26_131_15,r_134_62_109,0.58,0,109,109,64
45,r_68_147_73,seq67,r_111_145_70,r_68_147_73,1.0,0,73,73,64
10,r_3_25_165,r_0_117_43,r_12_27_16,r_0_117_43,1.0,0,43,43,64
19,r_66_19_99,seq67,seq18,r_66_19_99,0.98,0,99,99,64
66,seq34,seq33,r_112_35_65,r_112_35_65,1.0,61,126,65,64
41,r_82_14_146,r_87_4_179,seq79,r_87_4_179,0.3,-58,121,179,64
67,seq40,seq44,r_119_43_137,r_119_43_137,0.98,4,141,137,64
89,seq104,r_103_86_154,seq107,r_103_86_154,0.99,0,154,154,64
37,r_26_131_15,r_21_110_50,r_132_16_120,r_26_131_15,0.99,0,15,15,64
44,r_0_117_43,r_3_25_165,seq116,r_0_117_43,1.0,0,43,43,64
90,seq106,r_105_11_164,seq107,r_105_11_164,0.6,0,164,164,64
26,r_112_35_65,r_111_145_70,seq34,r_112_35_65,1.0,0,65,65,64
4,r_76_32_97,seq79,r_112_35_65,r_76_32_97,1.0,0,97,97,64
78,seq63,r_64_17_104,r_70_65_188,r_64_17_104,0.98,1,105,104,64
63,seq23,r_24_8_151,r_93_22_65,r_93_22_65,1.0,86,151,65,64
11,r_103_86_154,seq104,seq84,r_103_86_154,0.69,0,154,154,64
20,r_38_90_75,r_37_2_93,seq92,r_38_90_75,0.93,0,75,75,64
13,r_57_15_106,seq52,r_66_19_99,r_57_15_106,0.9,0,106,106,64
48,r_24_8_151,seq23,r_82_14_146,r_82_14_146,0.92,5,151,146,64
62,seq149,seq144,r_68_147_73,r_68_147_73,1.0,25,98,73,64
7,r_10_80_44,seq13,r_87_4_179,r_10_80_44,1.0,0,44,44,64
97,seq124,r_119_43_137,r_130_123_96,r_119_43_137,0.96,-15,122,137,64
10,r_3_25_165,r_113_1_85,r_66_19_99,r_66_19_99,0.68,68,167,99,64
27,r_121_31_109,r_119_43_137,r_58_30_59,r_58_30_59,0.71,51,110,59,64
87,seq100,seq98,r_137_99_95,r_137_99_95,1.0,35,130,95,64
2,r_91_83_165,seq92,seq84,r_91_83_165,0.39,0,165,165,64
47,r_89_47_90,seq92,seq45,r_89_47_90,1.0,0,90,90,64
38,r_113_1_85,r_115_48_180,r_3_25_165,r_113_1_85,0.6,0,85,85,64
29,r_129_109_130,seq128,seq107,r_129_109_130,1.0,0,130,130,64
23,r_58_30_59,r_28_75_144,r_121_31_109,r_58_30_59,0.96,58,117,59,64
24,r_132_16_120,r_130_123_96,r_26_131_15,r_132_16_120,0.82,-24,96,120,64
25,r_94_141_67,r_93_22_65,seq140,r_94_141_67,1.0,-1,66,67,64
85,seq97,seq79,r_137_99_95,r_137_99_95,0.44,65,160,95,64
64,seq29,r_28_75_144,r_121_31_109,r_121_31_109,0.68,31,140,109,64
24,r_132_16_120,r_26_131_15,r_66_19_99,r_132_16_120,1.0,0,120,120,64
88,seq102,r_101_88_209,r_137_99_95,r_137_99_95,1.0,101,196,95,64
50,seq128,r_129_109_130,seq126,r_129_109_130,1.0,0,130,130,64
68,seq42,seq44,r_96_41_51,r_96_41_51,1.0,78,129,51,64
32,r_137_99_95,r_138_36_138,seq100,r_137_99_95,1.0,0,95,95,64
38,r_113_1_85,r_129_109_130,r_115_48_180,r_129_109_130,0.6,-59,71,130,64
22,r_81_61_14,r_82_14_146,seq60,r_81_61_14,0.95,0,14,14,64
34,r_53_49_66,seq54,seq44,r_53_49_66,1.0,0,66,66,64
81,seq79,r_77_5_134,r_78_95_94,r_77_5_134,1.0,0,134,134,64
41,r_82_14_146,seq79,seq13,r_82_14_146,1.0,0,146,146,64
81,seq79,r_76_32_97,r_77_5_134,r_76_32_97,1.0,1,98,97,64
17,r_39_74_67,r_37_2_93,seq72,r_39_74_67,1.0,0,67,67,64
23,r_58_30_59,seq59,r_28_75_144,r_58_30_59,0.99,0,59,59,64
37,r_26_131_15,r_132_16_120,seq133,r_132_16_120,0.99,0,120,120,64
28,r_105_11_164,seq106,r_82_14_146,r_82_14_146,0.67,18,164,146,64
49,r_134_62_109,seq135,seq60,r_134_62_109,1.0,0,109,109,64
0,r_12_27_16,r_10_80_44,seq20,r_10_80_44,1.0,-28,16,44,64
82,seq84,r_87_4_179,r_91_83_165,r_91_83_165,0.42,14,179,165,64
79,seq67,r_68_147_73,seq63,r_68_147_73,1.0,0,73,73,64
35,r_77_5_134,seq79,seq6,r_77_5_134,0.9,0,134,134,64
12,r_119_43_137,seq116,r_53_49_66,r_119_43_137,0.86,1,138,137,64
8,r_50_143_42,r_58_30_59,seq144,r_50_143_42,1.0,0,42,42,64
42,r_96_41_51,r_94_141_67,seq44,r_96_41_51,1.0,0,51,51,64
84,seq92,r_91_83_165,r_38_90_75,r_38_90_75,1.0,44,119,75,64
44,r_143_4_70,seq3,r_103_5_134,r_103_5_134,1.0,13,147,134,65
84,seq92,r_115_117_93,r_41_90_20,r_41_90_20,0.89,0,20,20,65
51,seq3,seq6,r_143_4_70,r_143_4_70,0.99,2,72,70,65
36,r_113_52_86,r_115_117_93,r_53_139_153,r_113_52_86,1.0,0,86,86,65
14,r_107_59_141,seq100,r_140_108_65,r_140_108_65,0.87,22,87,65,65
8,r_140_108_65,seq138,r_60_101_3,r_140_108_65,1.0,0,65,65,65
43,r_43_12_136,r_39_47_95,r_69_13_113,r_43_12_136,0.99,1,137,136,65
84,seq92,r_41_90_20,r_21_91_36,r_21_91_36,1.0,9,45,36,65
31,r_33_72_19,r_31_125_171,seq75,r_33_72_19,0.99,-1,18,19,65
83,seq89,r_88_128_72,seq98,r_88_128_72,1.0,0,72,72,65
37,r_51_45_151,r_53_139_153,r_48_50_79,r_48_50_79,0.91,3,82,79,65
16,r_53_139_153,r_113_52_86,seq138,r_53_139_153,0.99,-1,152,153,65
80,seq79,r_78_24_55,seq76,r_78_24_55,1.0,-11,44,55,65
55,seq9,seq3,r_99_17_99,r_99_17_99,0.96,3,102,99,65
39,r_56_105_76,seq54,r_60_101_3,r_56_105_76,0.99,0,76,76,65
46,r_148_16_63,seq146,seq11,r_148_16_63,0.48,0,63,63,65
10,r_36_26_18,r_35_87_86,seq28,r_36_26_18,0.94,0,18,18,65
69,seq58,seq54,r_113_52_86,r_113_52_86,1.0,85,171,86,65
19,r_57_7_75,r_56_105_76,seq8,r_57_7_75,1.0,0,75,75,65
34,r_49_118_27,r_34_27_27,seq120,r_49_118_27,1.0,0,27,27,65
27,r_48_50_79,r_51_45_151,r_107_59_141,r_48_50_79,0.86,72,151,79,65
38,r_42_135_62,r_137_106_174,seq131,r_137_106_174,0.92,0,174,174,65
41,r_88_128_72,seq89,seq127,r_88_128_72,0.95,0,72,72,65
30,r_69_13_113,r_148_16_63,r_43_12_136,r_69_13_113,0.7,52,165,113,65
48,r_78_24_55,seq79,r_34_27_27,r_78_24_55,1.0,0,55,55,65
16,r_53_139_153,seq54,r_113_52_86,r_113_52_86,1.0,22,108,86,65
7,r_111_149_57,r_112_22_105,r_14_147_56,r_111_149_57,1.0,0,57,57,65
46,r_148_16_63,seq11,r_80_15_95,r_80_15_95,0.98,0,95,95,65
1,r_34_27_27,r_46_0_114,r_36_26_18,r_34_27_27,0.52,0,27,27,65
18,r_85_129_138,r_35_87_86,r_126_122_71,r_85_129_138,0.98,1,139,138,65
11,r_39_47_95,r_46_0_114,r_84_44_46,r_39_47_95,0.97,-22,73,95,65
20,r_136_74_132,r_137_106_174,seq75,r_137_106_174,0.69,-42,132,174,65
15,r_31_125_171,seq28,r_88_128_72,r_31_125_171,0.58,0,171,171,65
45,r_14_147_56,seq11,r_111_149_57,r_14_147_56,1.0,0,56,56,65
6,r_62_37_94,r_63_38_152,r_84_44_46,r_62_37_94,0.52,0,94,94,65
23,r_32_144_72,r_34_27_27,seq142,r_32_144_72,0.98,2,74,72,65
85,seq94,r_99_17_99,r_95_134_179,r_99_17_99,1.0,-7,92,99,65
99,seq127,r_126_122_71,r_88_128_72,r_88_128_72,1.0,0,72,72,65
36,r_113_52_86,r_53_139_153,r_107_59_141,r_113_52_86,0.99,70,156,86,65
27,r_48_50_79,r_46_0_114,r_51_45_151,r_48_50_79,0.88,0,79,79,65
9,r_41_90_20,r_34_27_27,seq92,r_41_90_20,1.0,0,20,20,65
47,r_112_22_105,seq109,seq23,r_112_22_105,0.98,0,105,105,65
40,r_10_116_16,r_14_147_56,seq114,r_10_116_16,0.95,0,16,16,65
93,seq114,r_115_117_93,r_10_116_16,r_10_116_16,1.0,13,29,16,65
18,r_85_129_138,seq81,r_35_87_86,r_35_87_86,0.98,13,99,86,65
29,r_132_30_113,seq131,r_34_27_27,r_132_30_113,0.92,0,113,113,65
23,r_32_144_72,seq9,r_34_27_27,r_32_144_72,0.6,-17,55,72,65
57,seq11,r_14_147_56,seq9,r_14_147_56,1.0,0,56,56,65
24,r_25_104_113,seq28,r_60_101_3,r_25_104_113,0.97,0,113,113,65
25,r_124_86_101,seq130,r_35_87_86,r_124_86_101,0.96,0,101,101,65
33,r_63_38_152,seq64,r_62_37_94,r_62_37_94,0.78,58,152,94,65
2,r_84_44_46,r_85_129_138,r_39_47_95,r_84_44_46,1.0,0,46,46,65
65,seq23,r_31_125_171,r_112_22_105,r_112_22_105,0.96,31,136,105,65
32,r_73_40_150,seq75,r_84_44_46,r_84_44_46,0.51,104,150,46,65
38,r_42_135_62,r_46_0_114,r_137_106_174,r_42_135_62,1.0,0,62,62,65
77,seq75,r_73_40_150,r_136_74_132,r_73_40_150,0.82,0,150,150,65
12,r_137_106_174,r_42_135_62,r_140_108_65,r_137_106_174,0.93,0,174,174,65
94,seq131,r_132_30_113,seq133,r_132_30_113,0.99,0,113,113,65
37,r_51_45_151,r_48_50_79,r_84_44_46,r_51_45_151,0.99,0,151,151,65
22,r_61_93_133,r_63_38_152,r_21_91_36,r_61_93_133,0.56,0,133,133,65
86,seq96,r_107_59_141,seq97,r_107_59_141,1.0,-103,38,141,65
28,r_35_87_86,r_46_0_114,r_85_129_138,r_35_87_86,1.0,0,86,86,65
66,seq28,r_31_125_171,r_34_27_27,r_34_27_27,1.0,1,28,27,65
49,r_29_18_92,r_31_125_171,seq20,r_31_125_171,0.69,-79,92,171,65
56,seq138,seq142,r_53_139_153,r_53_139_153,0.64,-1,152,153,65
44,r_143_4_70,seq142,seq3,r_143_4_70,0.97,0,70,70,65
26,r_21_91_36,seq19,seq92,r_21_91_36,0.96,0,36,36,65
12,r_137_106_174,r_136_74_132,r_42_135_62,r_42_135_62,0.93,70,132,62,65
14,r_107_59_141,r_140_108_65,r_113_52_86,r_107_59_141,1.0,0,141,141,65
28,r_35_87_86,r_85_129_138,r_124_86_101,r_85_129_138,0.83,1,139,138,65
30,r_124_36_170,seq128,r_120_17_68,r_120_17_68,0.98,106,174,68,66
53,seq4,r_3_44_165,r_134_2_64,r_134_2_64,1.0,81,145,64,66
43,r_85_9_92,r_84_49_184,r_14_13_109,r_85_9_92,0.93,0,92,92,66
37,r_89_20_137,seq91,r_23_18_156,r_89_20_137,0.81,0,137,137,66
3,r_3_44_165,r_134_2_64,r_90_47_149,r_134_2_64,0.5,101,165,64,66
21,r_145_65_92,seq148,seq66,r_145_65_92,1.0,0,92,92,66
15,r_125_74_17,r_124_36_170,seq75,r_125_74_17,1.0,0,17,17,66
46,r_12_141_146,r_14_13_109,r_87_139_71,r_14_13_109,0.72,37,146,109,66
42,r_10_143_3,r_144_109_184,r_121_142_49,r_121_142_49,1.0,113,162,49,66
11,r_73_129_33,seq75,seq131,r_73_129_33,0.99,0,33,33,66
14,r_35_146_50,r_34_30_182,seq148,r_35_146_50,1.0,0,50,50,66
73,seq54,r_51_149_192,r_94_53_57,r_94_53_57,1.0,2,59,57,66
45,r_117_123_128,r_116_5_180,seq128,r_117_123_128,0.57,0,128,128,66
89,seq93,r_95_147_185,r_126_92_166,r_126_92_166,0.6,1,167,166,66
19,r_82_132_122,seq81,seq131,r_82_132_122,0.95,0,122,122,66
27,r_24_58_33,r_60_98_135,r_43_59_87,r_24_58_33,1.0,89,122,33,66
83,seq79,seq67,r_37_77_46,r_37_77_46,0.98,6,52,46,66
41,r_84_49_184,seq83,r_122_52_140,r_122_52_140,0.9,49,189,140,66
3,r_3_44_165,seq4,r_134_2_64,r_134_2_64,1.0,4,68,64,66
10,r_120_17_68,r_119_108_62,seq29,r_120_17_68,1.0,0,68,68,66
90,seq96,r_95_147_185,r_60_98_135,r_60_98_135,0.99,46,181,135,66
26,r_100_80_146,r_107_101_14,r_99_78_130,r_107_101_14,0.52,132,146,14,66
26,r_100_80_146,r_99_78_130,r_107_101_14,r_100_80_146,0.59,-16,130,146,66
72,seq50,r_51_149_192,r_122_52_140,r_122_52_140,1.0,51,191,140,66
4,r_25_7_71,r_23_18_156,r_14_13_109,r_25_7_71,0.61,2,73,71,66
0,r_134_2_64,seq135,r_3_44_165,r_134_2_64,0.99,0,64,64,66
63,seq22,r_23_18_156,seq21,r_23_18_156,0.86,0,156,156,66
48,r_126_92_166,seq128,seq93,r_126_92_166,0.58,0,166,166,66
49,r_87_139_71,r_121_142_49,r_12_141_146,r_12_141_146,1.0,1,147,146,66
27,r_24_58_33,r_25_7_71,r_60_98_135,r_24_58_33,0.97,0,33,33,66
2,r_8_72_113,r_12_141_146,seq75,r_8_72_113,0.7,0,113,113,66
0,r_134_2_64,r_3_44_165,seq4,r_3_44_165,1.0,0,165,165,66
17,r_70_103_28,seq67,seq102,r_70_103_28,1.0,0,28,28,66
39,r_94_53_57,r_95_147_185,seq54,r_94_53_57,1.0,-1,56,57,66
2,r_8_72_113,seq11,r_12_141_146,r_12_141_146,0.68,-102,44,146,66
47,r_0_61_70,seq1,seq62,r_0_61_70,1.0,0,70,70,66
18,r_19_97_54,seq26,seq105,r_19_97_54,0.91,0,54,54,66
25,r_56_76_72,seq55,r_37_77_46,r_37_77_46,0.57,26,72,46,66
20,r_34_30_182,r_35_146_50,seq29,r_35_146_50,1.0,0,50,50,66
33,r_122_52_140,seq128,seq54,r_122_52_140,0.91,0,140,140,66
23,r_107_101_14,r_116_5_180,r_99_78_130,r_107_101_14,0.9,0,14,14,66
58,seq11,r_8_72_113,r_14_13_109,r_8_72_113,0.85,-48,65,113,66
36,r_130_39_49,seq131,r_64_46_14,r_130_39_49,1.0,1,50,49,66
77,seq66,r_60_98_135,r_145_65_92,r_145_65_92,0.64,34,126,92,66
34,r_90_47_149,seq91,r_138_40_92,r_138_40_92,0.54,58,150,92,66
40,r_64_46_14,seq66,seq48,r_64_46_14,0.83,0,14,14,66
5,r_121_142_49,r_122_52_140,r_10_143_3,r_121_142_49,0.74,8,57,49,66
9,r_119_108_62,r_120_17_68,seq114,r_120_17_68,1.0,-2,66,68,66
82,seq75,r_73_129_33,r_125_74_17,r_73_129_33,0.56,0,33,33,66
22,r_51_149_192,seq50,r_121_142_49,r_121_142_49,1.0,143,192,49,66
28,r_23_18_156,seq22,r_89_20_137,r_89_20_137,0.95,19,156,137,66
75,seq57,seq79,r_24_58_33,r_24_58_33,0.93,13,46,33,66
49,r_87_139_71,r_84_49_184,r_121_142_49,r_87_139_71,0.99,0,71,71,66
7,r_144_109_184,r_10_143_3,r_110_115_177,r_110_115_177,0.57,6,183,177,66
44,r_118_41_69,r_110_115_177,seq42,r_118_41_69,1.0,0,69,69,66
35,r_138_40_92,r_140_63_97,r_130_39_49,r_138_40_92,0.94,0,92,92,66
12,r_43_59_87,r_38_45_32,r_24_58_33,r_38_45_32,0.54,55,87,32,66
23,r_107_101_14,r_99_78_130,seq105,r_99_78_130,1.0,0,130,130,66
84,seq81,r_82_132_122,seq57,r_82_132_122,0.62,0,122,122,66
30,r_57_77_60,r_76_120_181,r_142_78_94,r_142_78_94,0.94,20,114,94,67
30,r_57_77_60,seq55,r_76_120_181,r_57_77_60,0.99,0,60,60,67
32,r_34_115_46,seq33,seq112,r_34_115_46,1.0,0,46,46,67
14,r_134_114_171,seq136,r_4_113_29,r_4_113_29,0.97,147,176,29,67
3,r_127_19_47,seq130,r_17_26_141,r_127_19_47,1.0,0,47,47,67
71,seq54,r_52_117_155,seq49,r_52_117_155,0.93,0,155,155,67
16,r_88_140_132,seq87,seq137,r_88_140_132,0.99,0,132,132,67
21,r_71_135_88,r_70_102_114,r_119_132_49,r_71_135_88,0.97,0,88,88,67
39,r_133_121_94,r_134_114_171,r_84_123_19,r_84_123_19,0.78,80,99,19,67
15,r_146_25_176,r_131_85_151,r_14_148_32,r_146_25_176,0.6,-68,108,176,67
1,r_149_36_122,seq147,r_47_35_85,r_149_36_122,0.99,0,122,122,67
97,seq136,r_134_114_171,r_71_135_88,r_71_135_88,1.0,80,168,88,67
5,r_37_62_99,r_38_40_163,r_15_64_27,r_37_62_99,0.74,0,99,99,67
46,r_32_67_95,r_38_40_163,seq66,r_32_67_95,0.92,0,95,95,67
55,seq9,r_13_128_88,r_122_10_14,r_122_10_14,0.86,0,14,14,67
45,r_5_145_139,seq6,r_146_25_176,r_5_145_139,0.8,0,139,139,67
19,r_31_109_172,r_30_63_172,r_4_113_29,r_30_63_172,0.5,0,172,172,67
40,r_119_132_49,r_118_93_159,seq136,r_119_132_49,0.96,1,50,49,67
31,r_89_23_141,r_92_18_165,r_111_21_132,r_111_21_132,0.5,9,141,132,67
36,r_14_148_32,seq16,seq147,r_14_148_32,1.0,0,32,32,67
89,seq105,r_104_90_181,r_70_102_114,r_70_102_114,0.97,59,173,114,67
26,r_82_139_62,seq83,r_2_138_16,r_82_139_62,1.0,0,62,62,67
72,seq55,r_57_77_60,seq54,r_57_77_60,1.0,0,60,60,67
4,r_13_128_88,seq12,seq130,r_13_128_88,1.0,0,88,88,67
0,r_38_40_163,r_31_109_172,r_47_35_85,r_38_40_163,0.83,-47,116,163,67
15,r_146_25_176,r_14_148_32,r_5_145_139,r_5_145_139,0.83,1,140,139,67
20,r_47_35_85,r_48_75_90,seq33,r_48_75_90,0.62,-5,85,90,67
15,r_146_25_176,r_149_36_122,r_131_85_151,r_146_25_176,0.42,-84,92,176,67
48,r_76_120_181,r_88_140_132,r_57_77_60,r_57_77_60,0.96,0,60,60,67
10,r_4_113_29,r_111_21_132,r_34_115_46,r_4_113_29,0.97,44,73,29,67
6,r_1_0_101,seq12,r_15_64_27,r_15_64_27,0.38,69,96,27,67
34,r_39_72_16,r_44_124_152,r_70_102_114,r_39_72_16,0.78,0,16,16,67
76,seq65,r_61_74_46,r_15_64_27,r_61_74_46,0.9,-9,37,46,67
42,r_2_138_16,seq68,r_134_114_171,r_2_138_16,0.99,1,17,16,67
22,r_70_102_114,r_39_72_16,seq105,r_70_102_114,1.0,1,115,114,67
2,r_98_110_180,r_99_101_195,r_4_113_29,r_4_113_29,0.82,155,184,29,67
10,r_4_113_29,r_5_145_139,r_111_21_132,r_4_113_29,1.0,0,29,29,67
29,r_30_63_172,seq29,r_37_62_99,r_37_62_99,0.96,76,175,99,67
24,r_48_75_90,r_47_35_85,r_57_77_60,r_47_35_85,1.0,0,85,85,67
34,r_39_72_16,r_70_102_114,seq83,r_70_102_114,0.78,1,115,114,67
33,r_111_21_132,seq112,seq24,r_111_21_132,0.99,0,132,132,67
48,r_76_120_181,r_57_77_60,r_52_117_155,r_76_120_181,0.53,0,181,181,67
64,seq29,r_30_63_172,r_149_36_122,r_149_36_122,1.0,53,175,122,67
88,seq97,r_98_110_180,r_103_100_7,r_103_100_7,0.57,130,137,7,67
22,r_70_102_114,r_71_135_88,r_39_72_16,r_39_72_16,0.6,0,16,16,67
45,r_5_145_139,r_146_25_176,r_14_148_32,r_146_25_176,0.86,0,176,176,67
6,r_1_0_101,r_15_64_27,r_28_53_192,r_28_53_192,0.55,-8,184,192,67
42,r_2_138_16,r_134_114_171,r_82_139_62,r_82_139_62,0.94,29,91,62,67
80,seq73,seq79,r_61_74_46,r_61_74_46,1.0,3,49,46,67
38,r_131_85_151,r_134_114_171,seq83,r_131_85_151,0.65,0,151,151,67
52,seq6,r_5_145_139,seq3,r_5_145_139,1.0,0,139,139,67
77,seq66,seq68,r_32_67_95,r_32_67_95,0.9,12,107,95,67
17,r_44_124_152,seq45,r_84_123_19,r_44_124_152,0.82,0,152,152,67
9,r_52_117_155,seq54,seq116,r_52_117_155,0.82,0,155,155,67
37,r_84_123_19,seq125,r_133_121_94,r_133_121_94,0.57,20,114,94,67
27,r_15_64_27,seq16,seq65,r_15_64_27,0.9,1,28,27,67
28,r_142_78_94,seq144,r_57_77_60,r_142_78_94,1.0,0,94,94,67
49,r_104_90_181,seq105,seq91,r_104_90_181,0.39,0,181,181,67
8,r_61_74_46,seq60,seq73,r_61_74_46,0.94,0,46,46,67
44,r_96_42_176,seq95,r_149_36_122,r_96_42_176,0.71,0,176,176,67
35,r_92_18_165,seq91,r_127_19_47,r_92_18_165,0.81,0,165,165,67
12,r_118_93_159,seq116,seq95,r_118_93_159,0.71,0,159,159,67
15,r_146_25_176,r_5_145_139,r_17_26_141,r_146_25_176,0.99,0,176,176,67
93,seq100,r_101_115_183,r_55_104_20,r_55_104_20,0.81,62,82,20,68
30,r_69_0_170,r_67_56_93,r_103_73_80,r_103_73_80,0.78,13,93,80,68
36,r_49_128_121,seq50,seq139,r_49_128_121,0.81,0,121,121,68
16,r_120_111_54,r_118_91_138,seq113,r_118_91_138,0.92,-83,55,138,68
36,r_49_128_121,seq139,r_45_131_36,r_45_131_36,0.73,127,163,36,68
8,r_101_115_183,seq100,r_147_114_61,r_101_115_183,0.54,0,183,183,68
35,r_55_104_20,r_49_128_121,seq100,r_55_104_20,1.0,0,20,20,68
25,r_44_37_91,r_86_47_3,r_89_42_12,r_89_42_12,0.55,81,93,12,68
55,seq12,r_13_105_79,seq19,r_13_105_79,1.0,0,79,79,68
21,r_122_54_90,r_123_34_189,seq53,r_122_54_90,1.0,0,90,90,68
46,r_48_137_155,seq50,seq139,r_48_137_155,0.9,0,155,155,68
42,r_10_72_104,seq12,r_103_73_80,r_10_72_104,1.0,0,104,104,68
45,r_80_15_123,seq81,seq14,r_80_15_123,0.96,1,124,123,68
25,r_44_37_91,r_45_131_36,r_86_47_3,r_45_131_36,1.0,0,36,36,68
92,seq99,r_110_17_175,seq79,r_110_17_175,0.89,-9,166,175,68
92,seq99,r_59_46_153,r_110_17_175,r_59_46_153,0.84,-11,142,153,68
27,r_40_20_20,seq38,seq19,r_40_20_20,0.89,-1,19,20,68
37,r_74_124_29,r_59_46_153,r_123_34_189,r_74_124_29,1.0,0,29,29,68
67,seq41,r_43_85_75,r_89_42_12,r_43_85_75,1.0,0,75,75,68
47,r_5_112_163,r_127_16_102,r_120_111_54,r_5_112_163,1.0,0,163,163,68
3,r_67_56_93,r_69_0_170,seq79,r_69_0_170,0.73,-12,158,170,68
36,r_49_128_121,r_45_131_36,seq130,r_49_128_121,0.49,78,199,121,68
10,r_78_134_104,seq77,r_129_133_68,r_78_134_104,1.0,0,104,104,68
86,seq87,r_18_84_43,r_43_85_75,r_43_85_75,1.0,0,75,75,68
26,r_127_16_102,seq126,seq14,r_127_16_102,0.96,0,102,102,68
43,r_123_34_189,r_121_144_44,r_74_124_29,r_123_34_189,0.99,-153,36,189,68
4,r_59_46_153,seq58,r_86_47_3,r_59_46_153,0.9,1,154,153,68
0,r_29_95_103,seq30,seq96,r_29_95_103,1.0,0,103,103,68
2,r_18_84_43,seq14,seq87,r_18_84_43,1.0,0,43,43,68
1,r_61_25_16,seq62,r_29_95_103,r_61_25_16,0.92,0,16,16,68
20,r_118_91_138,seq117,seq92,r_118_91_138,0.87,0,138,138,68
13,r_11_24_61,r_13_105_79,r_27_23_79,r_13_105_79,0.82,-18,61,79,68
92,seq99,r_80_15_123,seq100,r_80_15_123,0.4,-73,50,123,68
15,r_125_102_67,r_127_16_102,r_55_104_20,r_125_102_67,0.99,0,67,67,68
48,r_149_83_124,r_147_114_61,seq146,r_147_114_61,0.97,0,61,61,68
6,r_147_114_61,r_149_83_124,seq117,r_147_114_61,0.99,0,61,61,68
99,seq126,r_45_131_36,r_49_128_121,r_49_128_121,0.94,20,141,121,68
19,r_148_36_48,r_149_83_124,seq12,r_148_36_48,0.97,0,48,48,68
30,r_69_0_170,r_103_73_80,r_93_1_69,r_69_0_170,0.59,0,170,170,68
87,seq90,seq92,r_70_88_36,r_70_88_36,0.97,104,140,36,68
41,r_143_141_27,seq130,r_35_142_122,r_35_142_122,1.0,4,126,122,68
47,r_5_112_163,r_3_119_108,r_127_16_102,r_5_112_163,1.0,-55,108,163,68
40,r_4_106_82,r_5_112_163,r_55_104_20,r_4_106_82,0.99,0,82,82,68
18,r_27_23_79,seq28,r_11_24_61,r_11_24_61,0.9,15,76,61,68
29,r_93_1_69,seq92,seq6,r_93_1_69,1.0,0,69,69,68
35,r_55_104_20,seq100,r_13_105_79,r_13_105_79,1.0,60,139,79,68
33,r_13_105_79,seq12,r_55_104_20,r_13_105_79,0.96,0,79,79,68
48,r_149_83_124,seq146,r_18_84_43,r_149_83_124,1.0,0,124,124,68
5,r_121_144_44,r_122_54_90,seq145,r_121_144_44,0.95,0,44,44,68
88,seq92,seq90,r_118_91_138,r_118_91_138,0.99,2,140,138,68
68,seq135,seq136,r_129_133_68,r_129_133_68,0.88,14,82,68,68
61,seq21,r_22_138_182,r_61_25_16,r_61_25_16,0.55,164,180,16,68
34,r_86_47_3,r_44_37_91,r_59_46_153,r_59_46_153,1.0,13,166,153,68
81,seq76,r_75_116_90,seq77,r_75_116_90,1.0,0,90,90,68
9,r_43_85_75,seq41,seq87,r_43_85_75,1.0,0,75,75,68
22,r_89_42_12,seq90,seq41,r_89_42_12,0.98,1,13,12,68
37,r_74_124_29,r_123_34_189,r_49_128_121,r_49_128_121,0.74,67,188,121,68
29,r_93_1_69,seq6,r_69_0_170,r_69_0_170,0.97,3,173,170,68
28,r_22_138_182,seq21,seq139,r_22_138_182,0.4,0,182,182,68
91,seq97,r_98_52_187,r_29_95_103,r_29_95_103,1.0,84,187,103,68
11,r_45_131_36,r_44_37_91,seq135,r_45_131_36,0.99,0,36,36,68
86,seq87,seq81,r_18_84_43,r_18_84_43,1.0,2,45,43,68
49,r_3_119_108,r_5_112_163,r_75_116_90,r_75_116_90,0.57,18,108,90,68
7,r_75_116_90,seq76,seq117,r_75_116_90,0.89,0,90,90,68
44,r_103_73_80,seq100,seq71,r_103_73_80,0.95,0,80,80,68
23,r_64_26_134,seq60,r_11_24_61,r_64_26_134,0.89,0,134,134,68
31,r_70_88_36,seq71,seq90,r_70_88_36,0.92,0,36,36,68
1,r_61_25_16,r_29_95_103,r_27_23_79,r_29_95_103,0.98,-55,48,103,68
12,r_35_142_122,r_33_63_152,r_143_141_27,r_35_142_122,0.94,0,122,122,68
93,seq105,r_106_137_164,r_143_107_120,r_143_107_120,0.49,44,164,120,69
30,r_147_35_93,r_148_89_127,seq36,r_147_35_93,0.8,0,93,93,69
92,seq103,r_106_137_164,seq95,r_106_137_164,0.56,-116,48,164,69
43,r_38_20_89,r_37_90_129,r_45_21_176,r_37_90_129,0.97,-35,94,129,69
41,r_134_41_153,r_3_113_98,r_29_42_67,r_134_41_153,0.66,0,153,153,69
54,seq6,seq4,r_0_5_117,r_0_5_117,0.54,0,117,117,69
83,seq82,r_84_88_186,r_146_79_11,r_146_79_11,0.94,63,74,11,69
3,r_45_21_176,seq51,r_38_20_89,r_45_21_176,0.96,0,176,176,69
16,r_67_145_161,r_64_102_179,r_22_66_55,r_22_66_55,1.0,3,58,55,69
21,r_123_70_124,seq124,seq68,r_123_70_124,0.88,1,125,124,69
1,r_32_72_155,seq31,seq73,r_32_72_155,0.57,0,155,155,69
97,seq124,r_123_70_124,seq127,r_123_70_124,0.99,1,125,124,69
24,r_109_141_21,r_143_107_120,r_34_144_73,r_109_141_21,0.99,99,120,21,69
19,r_76_94_141,seq77,seq93,r_76_94_141,0.82,0,141,141,69
95,seq116,r_118_25_36,r_140_115_14,r_118_25_36,0.98,2,38,36,69
66,seq31,r_32_72_155,r_118_25_36,r_118_25_36,0.98,124,160,36,69
76,seq138,r_139_83_118,seq135,r_139_83_118,1.0,0,118,118,69
41,r_134_41_153,r_19_130_45,r_34_144_73,r_19_130_45,0.7,54,99,45,69
31,r_29_42_67,r_32_72_155,r_43_53_189,r_29_42_67,0.93,0,67,67,69
67,seq36,r_37_90_129,r_147_35_93,r_147_35_93,0.98,5,98,93,69
3,r_45_21_176,r_47_80_151,seq51,r_47_80_151,0.55,-47,104,151,69
10,r_3_113_98,seq4,r_63_114_15,r_3_113_98,0.98,0,98,98,69
16,r_67_145_161,r_22_66_55,r_34_144_73,r_22_66_55,0.75,106,161,55,69
4,r_121_33_185,seq120,r_147_35_93,r_147_35_93,0.64,91,184,93,69
0,r_119_11_82,r_121_33_185,seq10,r_119_11_82,1.0,0,82,82,69
63,seq149,r_148_89_127,r_109_141_21,r_148_89_127,0.68,0,127,127,69
73,seq57,r_61_9_116,r_22_66_55,r_22_66_55,0.58,60,115,55,69
13,r_34_144_73,r_38_20_89,r_109_141_21,r_34_144_73,0.61,0,73,73,69
46,r_52_30_15,r_32_72_155,r_75_28_46,r_52_30_15,0.77,75,90,15,69
41,r_134_41_153,r_142_117_115,r_19_130_45,r_19_130_45,0.91,-4,41,45,69
15,r_142_117_115,r_143_107_120,seq116,r_142_117_115,0.84,0,115,115,69
48,r_128_78_193,seq127,r_47_80_151,r_47_80_151,0.67,42,193,151,69
6,r_43_53_189,r_34_144_73,r_29_42_67,r_43_53_189,0.55,-117,72,189,69
99,seq127,r_128_78_193,r_19_130_45,r_19_130_45,0.99,148,193,45,69
46,r_52_30_15,seq49,r_32_72_155,r_52_30_15,0.74,-3,12,15,69
40,r_81_108_11,seq82,seq105,r_81_108_11,0.88,-1,10,11,69
35,r_44_39_12,r_47_80_151,r_40_48_79,r_40_48_79,0.95,-67,12,79,69
2,r_47_80_151,r_45_21_176,r_146_79_11,r_45_21_176,0.66,-25,151,176,69
47,r_23_74_104,seq24,seq77,r_23_74_104,0.84,0,104,104,69
24,r_109_141_21,r_106_137_164,r_143_107_120,r_109_141_21,0.91,1,22,21,69
36,r_140_115_14,r_146_79_11,seq116,r_140_115_14,0.91,-4,10,14,69
25,r_111_2_128,r_121_33_185,r_140_115_14,r_121_33_185,0.45,-141,44,185,69
27,r_22_66_55,seq71,seq65,r_22_66_55,0.65,-5,50,55,69
29,r_63_114_15,r_61_9_116,r_112_129_170,r_61_9_116,0.85,-99,17,116,69
8,r_146_79_11,r_142_117_115,seq82,r_146_79_11,0.82,-1,10,11,69
35,r_44_39_12,r_40_48_79,r_29_42_67,r_44_39_12,0.69,78,90,12,69
33,r_139_83_118,seq138,r_84_88_186,r_139_83_118,0.91,0,118,118,69
42,r_112_129_170,r_121_33_185,r_63_114_15,r_112_129_170,0.45,-148,22,170,69
42,r_112_129_170,r_63_114_15,r_19_130_45,r_112_129_170,0.58,0,170,170,69
38,r_0_5_117,seq1,seq6,r_0_5_117,0.76,0,117,117,69
52,seq4,r_3_113_98,seq6,r_3_113_98,1.0,2,100,98,69
77,seq65,r_64_102_179,r_22_66_55,r_22_66_55,1.0,20,75,55,69
28,r_19_130_45,r_8_13_163,seq133,r_19_130_45,1.0,0,45,45,69
34,r_148_89_127,seq149,r_84_88_186,r_148_89_127,0.93,0,127,127,69
5,r_118_25_36,seq116,r_136_26_29,r_118_25_36,0.99,2,38,36,69
81,seq73,seq77,r_32_72_155,r_32_72_155,0.67,7,162,155,69
17,r_27_104_124,r_32_72_155,r_75_28_46,r_75_28_46,1.0,8,54,46,69
25,r_111_2_128,r_140_115_14,seq4,r_111_2_128,0.88,0,128,128,69
9,r_40_48_79,r_43_53_189,r_122_50_72,r_122_50_72,0.96,2,74,72,69
31,r_29_42_67,r_43_53_189,r_134_41_153,r_134_41_153,1.0,36,189,153,69
29,r_63_114_15,r_112_129_170,r_3_113_98,r_3_113_98,0.94,0,98,98,69
22,r_101_55_148,seq100,seq54,r_101_55_148,0.61,0,148,148,69
52,seq4,seq6,r_111_2_128,r_111_2_128,0.98,1,129,128,69
91,seq100,r_101_55_148,seq98,r_101_55_148,0.81,0,148,148,69
37,r_136_26_29,r_142_117_115,r_118_25_36,r_136_26_29,0.93,2,31,29,69
49,r_122_50_72,r_121_33_185,seq49,r_122_50_72,1.0,0,72,72,69
56,seq10,r_8_13_163,r_119_11_82,r_119_11_82,1.0,12,94,82,69
44,r_37_90_129,seq36,r_84_88_186,r_37_90_129,0.5,0,129,129,69
64,seq24,r_47_80_151,r_123_70_124,r_123_70_124,0.74,8,132,124,69
94,seq110,r_112_129_170,r_140_115_14,r_112_129_170,0.45,-2,168,170,69
41,r_134_41_153,r_34_144_73,r_3_113_98,r_3_113_98,0.64,14,112,98,69
17,r_27_104_124,r_75_28_46,r_81_108_11,r_27_104_124,1.0,0,124,124,69
39,r_75_28_46,seq77,r_52_30_15,r_75_28_46,0.84,0,46,46,69
92,seq103,seq95,r_81_108_11,r_81_108_11,0.52,67,78,11,69
30,r_79_99_73,seq82,r_129_98_22,r_79_99_73,0.74,0,73,73,70
36,r_124_87_182,seq117,r_27_86_37,r_124_87_182,0.42,0,182,182,70
54,seq6,r_5_106_164,r_50_7_50,r_50_7_50,0.89,49,99,50,70
37,r_32_143_101,seq31,r_144_121_143,r_32_143_101,0.76,0,101,101,70
10,r_76_109_52,seq82,r_93_108_52,r_76_109_52,0.95,0,52,52,70
42,r_71_77_191,r_69_14_149,r_49_70_52,r_49_70_52,0.93,76,128,52,70
80,seq140,r_137_78_170,r_116_138_69,r_116_138_69,0.99,101,170,69,70
46,r_13_60_8,r_61_113_66,r_131_63_17,r_61_113_66,0.98,0,66,66,70
33,r_107_51_48,seq54,seq57,r_107_51_48,0.6,84,132,48,70
32,r_93_108_52,seq95,r_76_109_52,r_76_109_52,0.99,2,54,52,70
31,r_69_14_149,r_71_77_191,seq15,r_69_14_149,0.84,0,149,149,70
41,r_5_106_164,seq6,seq111,r_5_106_164,0.78,0,164,164,70
67,seq30,r_29_42_166,r_25_19_121,r_29_42_166,0.79,0,166,166,70
26,r_11_147_17,seq146,r_46_149_176,r_46_149_176,1.0,1,177,176,70
3,r_136_65_1,r_69_14_149,r_131_63_17,r_131_63_17,0.6,99,116,17,70
26,r_11_147_17,r_5_106_164,seq146,r_11_147_17,1.0,0,17,17,70
90,seq102,r_100_44_177,r_53_101_70,r_53_101_70,0.99,104,174,70,70
17,r_96_39_157,seq110,r_129_98_22,r_129_98_22,1.0,2,24,22,70
14,r_85_125_201,r_27_86_37,r_144_121_143,r_85_125_201,0.4,0,201,201,70
4,r_103_0_83,r_100_44_177,seq3,r_103_0_83,0.97,0,83,83,70
0,r_55_145_95,seq57,seq146,r_55_145_95,1.0,0,95,95,70
11,r_123_105_72,r_118_21_157,seq110,r_123_105_72,1.0,0,72,72,70
22,r_58_90_108,r_73_37_166,seq59,r_58_90_108,0.37,-55,53,108,70
20,r_25_19_121,seq26,seq20,r_25_19_121,0.41,0,121,121,70
15,r_53_101_70,r_55_145_95,seq102,r_53_101_70,0.64,0,70,70,70
48,r_100_44_177,seq102,r_29_42_166,r_100_44_177,0.36,0,177,177,70
13,r_83_34_9,r_33_89_171,seq31,r_33_89_171,0.94,0,171,171,70
6,r_144_121_143,r_142_104_122,r_32_143_101,r_144_121_143,0.6,-32,111,143,70
19,r_97_8_22,r_85_125_201,seq10,r_97_8_22,0.99,0,22,22,70
85,seq88,r_85_125_201,r_58_90_108,r_58_90_108,0.95,5,113,108,70
2,r_129_98_22,r_96_39_157,r_79_99_73,r_79_99_73,0.51,15,88,73,70
27,r_73_37_166,seq74,r_83_34_9,r_83_34_9,0.67,157,166,9,70
22,r_58_90_108,seq59,seq88,r_58_90_108,1.0,0,108,108,70
14,r_85_125_201,seq88,r_27_86_37,r_27_86_37,0.98,20,57,37,70
24,r_131_63_17,seq130,r_13_60_8,r_131_63_17,0.98,0,17,17,70
40,r_118_21_157,seq117,r_25_19_121,r_25_19_121,0.54,37,158,121,70
18,r_61_113_66,r_69_14_149,seq117,r_61_113_66,1.0,0,66,66,70
29,r_35_2_67,r_36_134_87,seq3,r_35_2_67,0.91,0,67,67,70
5,r_139_22_28,r_137_78_170,seq23,r_139_22_28,1.0,0,28,28,70
16,r_27_86_37,r_28_18_120,r_85_125_201,r_27_86_37,0.94,0,37,37,70
25,r_142_104_122,r_144_121_143,r_123_105_72,r_142_104_122,0.99,1,123,122,70
11,r_123_105_72,seq110,r_142_104_122,r_142_104_122,1.0,6,128,122,70
65,seq23,seq26,r_139_22_28,r_139_22_28,1.0,68,96,28,70
68,seq31,r_32_143_101,r_83_34_9,r_32_143_101,1.0,0,101,101,70
2,r_129_98_22,seq130,r_96_39_157,r_129_98_22,1.0,0,22,22,70
42,r_71_77_191,r_49_70_52,r_148_81_21,r_71_77_191,0.78,0,191,191,70
63,seq146,r_137_78_170,r_144_121_143,r_144_121_143,0.49,-107,36,143,70
37,r_32_143_101,r_144_121_143,seq141,r_144_121_143,1.0,0,143,143,70
39,r_49_70_52,seq48,r_56_67_12,r_49_70_52,0.98,0,52,52,70
26,r_11_147_17,seq146,r_144_121_143,r_11_147_17,0.49,53,70,17,70
34,r_24_52_60,r_25_19_121,seq57,r_24_52_60,0.99,0,60,60,70
60,seq15,seq17,r_69_14_149,r_69_14_149,0.7,7,156,149,70
81,seq74,r_73_37_166,r_4_68_75,r_4_68_75,1.0,90,165,75,70
7,r_148_81_21,r_137_78_170,seq82,r_148_81_21,0.96,0,21,21,70
6,r_144_121_143,r_32_143_101,r_41_122_8,r_144_121_143,1.0,0,143,143,70
9,r_46_149_176,seq48,r_11_147_17,r_46_149_176,0.66,0,176,176,70
28,r_56_67_12,r_55_145_95,r_69_14_149,r_56_67_12,0.6,0,12,12,70
28,r_56_67_12,r_69_14_149,r_4_68_75,r_4_68_75,0.99,61,136,75,70
45,r_50_7_50,r_55_145_95,seq6,r_50_7_50,0.95,0,50,50,70
77,seq62,r_69_14_149,r_131_63_17,r_131_63_17,0.76,18,35,17,70
49,r_116_138_69,r_123_105_72,seq140,r_116_138_69,1.0,0,69,69,70
33,r_107_51_48,seq110,seq54,r_107_51_48,0.94,1,49,48,70
44,r_72_47_137,r_73_37_166,seq48,r_72_47_137,0.75,0,137,137,70
26,r_11_147_17,r_144_121_143,seq146,r_144_121_143,1.0,-2,141,143,70
17,r_96_39_157,r_129_98_22,seq38,r_96_39_157,0.75,0,157,157,70
55,seq135,r_11_147_17,r_144_121_143,r_144_121_143,0.5,-85,58,143,70
79,seq66,r_69_14_149,r_4_68_75,r_4_68_75,0.98,32,107,75,70
12,r_4_68_75,seq3,r_56_67_12,r_4_68_75,1.0,0,75,75,70
93,seq110,r_113_69_176,r_73_109_73,r_73_109_73,1.0,2,75,73,71
23,r_22_17_52,r_21_87_160,r_18_43_136,r_22_17_52,0.48,0,52,52,71
44,r_18_43_136,r_22_17_52,seq44,r_18_43_136,1.0,0,136,136,71
36,r_45_90_75,seq46,seq92,r_45_90_75,1.0,0,75,75,71
92,seq107,r_106_126_169,r_58_108_92,r_58_108_92,1.0,1,93,92,71
66,seq44,seq50,r_18_43_136,r_18_43_136,1.0,9,145,136,71
8,r_111_49_147,r_113_69_176,seq48,r_111_49_147,0.92,0,147,147,71
43,r_144_42_129,seq142,seq44,r_144_42_129,0.8,0,129,129,71
32,r_61_12_30,r_68_114_182,seq11,r_61_12_30,0.99,1,31,30,71
37,r_57_119_131,seq56,seq117,r_57_119_131,0.94,0,131,131,71
81,seq80,r_82_88_60,r_34_132_7,r_34_132_7,0.57,38,45,7,71
86,seq92,r_85_139_130,r_45_90_75,r_45_90_75,0.97,1,76,75,71
16,r_39_105_99,r_31_64_139,r_4_40_58,r_4_40_58,1.0,2,60,58,71
21,r_73_109_73,r_74_60_111,seq110,r_73_109_73,0.97,0,73,73,71
1,r_13_10_109,seq15,r_61_12_30,r_13_10_109,1.0,0,109,109,71
5,r_27_26_181,seq35,r_2_25_157,r_2_25_157,0.95,0,157,157,71
46,r_99_116_177,seq102,r_45_90_75,r_45_90_75,1.0,10,85,75,71
22,r_5_125_82,r_37_3_19,seq124,r_5_125_82,1.0,0,82,82,71
45,r_91_130_1,seq102,seq120,r_91_130_1,0.43,64,65,1,71
10,r_55_93_43,r_57_119_131,seq98,r_55_93_43,1.0,0,43,43,71
19,r_85_139_130,seq86,seq138,r_85_139_130,0.91,0,130,130,71
33,r_54_115_90,r_113_69_176,r_57_119_131,r_57_119_131,0.66,40,171,131,71
46,r_99_116_177,r_45_90_75,r_55_93_43,r_55_93_43,0.3,94,137,43,71
95,seq120,r_121_101_72,seq124,r_121_101_72,0.52,0,72,72,71
13,r_4_40_58,r_5_125_82,seq35,r_4_40_58,1.0,0,58,58,71
31,r_106_126_169,seq107,r_5_125_82,r_5_125_82,1.0,87,169,82,71
3,r_97_149_79,seq96,seq148,r_97_149_79,1.0,0,79,79,71
58,seq146,r_145_135_86,seq142,r_145_135_86,0.94,-43,43,86,71
73,seq56,r_57_119_131,seq59,r_57_119_131,0.99,0,131,131,71
11,r_68_114_182,seq66,r_7_67_95,r_7_67_95,1.0,36,131,95,71
20,r_94_143_165,seq98,r_97_149_79,r_97_149_79,1.0,86,165,79,71
98,seq124,seq128,r_5_125_82,r_5_125_82,1.0,42,124,82,71
41,r_38_51_59,seq35,seq50,r_38_51_59,1.0,0,59,59,71
15,r_121_101_72,seq120,seq102,r_121_101_72,0.93,0,72,72,71
4,r_7_67_95,r_37_3_19,r_68_114_182,r_7_67_95,1.0,0,95,95,71
57,seq15,seq20,r_6_14_159,r_6_14_159,0.91,14,173,159,71
12,r_113_69_176,r_54_115_90,r_28_78_2,r_113_69_176,0.66,2,178,176,71
6,r_8_79_60,r_7_67_95,seq80,r_8_79_60,1.0,1,61,60,71
85,seq89,r_85_139_130,r_82_88_60,r_82_88_60,0.96,17,77,60,71
26,r_37_3_19,r_38_51_59,r_5_125_82,r_37_3_19,0.99,0,19,19,71
4,r_7_67_95,r_4_40_58,r_37_3_19,r_7_67_95,0.63,-67,28,95,71
0,r_6_14_159,r_37_3_19,seq15,r_6_14_159,0.84,0,159,159,71
27,r_112_63_136,r_113_69_176,r_7_67_95,r_112_63_136,0.83,0,136,136,71
2,r_104_133_95,r_106_126_169,r_34_132_7,r_104_133_95,0.96,0,95,95,71
81,seq80,r_34_132_7,r_8_79_60,r_8_79_60,0.88,-34,26,60,71
74,seq59,r_58_108_92,seq56,r_58_108_92,1.0,-1,91,92,71
29,r_74_60_111,seq75,r_65_62_13,r_74_60_111,0.9,0,111,111,71
40,r_95_0_12,r_97_149_79,seq1,r_95_0_12,1.0,1,13,12,71
66,seq44,r_45_90_75,seq50,r_45_90_75,0.97,-18,57,75,71
46,r_99_116_177,r_55_93_43,r_57_119_131,r_99_116_177,0.71,0,177,177,71
33,r_54_115_90,r_53_84_182,r_113_69_176,r_54_115_90,0.98,0,90,90,71
16,r_39_105_99,r_4_40_58,r_58_108_92,r_39_105_99,1.0,0,99,99,71
70,seq50,seq52,r_38_51_59,r_38_51_59,1.0,14,73,59,71
38,r_58_108_92,seq59,seq107,r_58_108_92,0.97,0,92,92,71
75,seq66,r_68_114_182,r_7_67_95,r_7_67_95,1.0,39,134,95,71
0,r_6_14_159,r_4_40_58,r_37_3_19,r_6_14_159,0.81,-112,47,159,71
17,r_32_16_57,r_31_64_139,seq20,r_32_16_57,0.95,3,60,57,71
94,seq117,r_113_69_176,r_57_119_131,r_57_119_131,0.91,0,131,131,71
9,r_2_25_157,seq1,r_27_26_181,r_2_25_157,0.88,0,157,157,71
26,r_37_3_19,r_5_125_82,r_95_0_12,r_5_125_82,1.0,0,82,82,71
11,r_68_114_182,r_7_67_95,r_54_115_90,r_68_114_182,0.94,0,182,182,71
4,r_7_67_95,r_68_114_182,r_112_63_136,r_112_63_136,0.79,44,180,136,71
49,r_118_131_73,r_111_49_147,r_91_130_1,r_111_49_147,0.97,-74,73,147,71
7,r_145_135_86,seq146,seq137,r_145_135_86,0.82,1,87,86,71
44,r_18_43_136,r_13_10_109,r_22_17_52,r_13_10_109,1.0,-41,68,109,71
42,r_82_88_60,seq81,seq86,r_82_88_60,1.0,-1,59,60,71
22,r_5_125_82,r_4_40_58,r_37_3_19,r_37_3_19,0.49,9,28,19,71
55,seq11,seq9,r_61_12_30,r_61_12_30,1.0,2,32,30,71
35,r_31_64_139,seq35,r_7_67_95,r_31_64_139,0.96,0,139,139,71
12,r_113_69_176,r_112_63_136,r_54_115_90,r_54_115_90,0.55,16,106,90,71
23,r_22_17_52,r_18_43_136,seq15,r_18_43_136,1.0,0,136,136,71
84,seq86,r_85_139_130,r_82_88_60,r_82_88_60,0.95,70,130,60,71
37,r_62_102_16,seq60,r_101_149_62,r_62_102_16,0.6,0,16,16,72
14,r_9_33_101,r_10_73_176,r_133_34_10,r_9_33_101,0.9,0,101,101,72
53,seq8,r_10_73_176,r_87_4_137,r_87_4_137,0.88,26,163,137,72
6,r_100_136_18,seq97,seq137,r_100_136_18,1.0,0,18,18,72
18,r_95_122_51,r_63_94_4,seq121,r_95_122_51,1.0,0,51,51,72
87,seq99,seq97,r_26_98_23,r_26_98_23,1.0,0,23,23,72
16,r_87_4_137,seq84,seq8,r_87_4_137,1.0,0,137,137,72
39,r_77_128_110,r_75_110_163,r_64_129_76,r_75_110_163,1.0,-53,110,163,72
29,r_89_28_21,r_88_112_91,seq31,r_89_28_21,0.77,-8,13,21,72
5,r_125_142_64,r_130_61_92,seq140,r_125_142_64,0.94,0,64,64,72
45,r_91_145_103,r_92_74_46,seq42,r_91_145_103,0.55,-40,63,103,72
19,r_22_96_126,r_23_104_182,r_26_98_23,r_22_96_126,0.94,0,126,126,72
7,r_6_115_53,r_9_33_101,seq116,r_6_115_53,1.0,1,54,53,72
15,r_5_24_21,r_9_33_101,seq25,r_5_24_21,0.96,0,21,21,72
66,seq27,seq32,r_89_28_21,r_89_28_21,0.43,74,95,21,72
69,seq36,r_89_28_21,r_9_33_101,r_9_33_101,1.0,9,110,101,72
38,r_51_105_160,r_41_49_19,r_69_107_65,r_41_49_19,0.86,141,160,19,72
32,r_134_85_69,seq144,seq135,r_134_85_69,0.49,-28,41,69,72
31,r_64_129_76,r_67_65_180,seq131,r_64_129_76,1.0,0,76,76,72
41,r_23_104_182,seq25,r_57_103_44,r_23_104_182,0.29,1,183,182,72
67,seq31,r_30_16_163,r_89_28_21,r_30_16_163,0.82,0,163,163,72
89,seq106,seq108,r_69_107_65,r_69_107_65,1.0,9,74,65,72
49,r_141_79_22,seq144,seq78,r_141_79_22,0.94,0,22,22,72
10,r_69_107_65,r_70_7_150,r_57_103_44,r_70_7_150,0.91,-85,65,150,72
26,r_88_112_91,r_91_145_103,seq108,r_88_112_91,0.99,0,91,91,72
72,seq44,r_47_147_159,r_117_46_51,r_117_46_51,1.0,108,159,51,72
4,r_101_149_62,r_62_102_16,seq146,r_101_149_62,0.93,0,62,62,72
45,r_91_145_103,seq42,r_101_149_62,r_91_145_103,1.0,0,103,103,72
11,r_66_40_54,r_67_65_180,seq39,r_67_65_180,0.77,-126,54,180,72
4,r_101_149_62,seq106,r_62_102_16,r_62_102_16,0.96,11,27,16,72
22,r_117_46_51,seq116,seq44,r_117_46_51,1.0,0,51,51,72
37,r_62_102_16,r_101_149_62,r_57_103_44,r_101_149_62,0.98,0,62,62,72
13,r_11_59_113,seq8,r_67_65_180,r_11_59_113,1.0,0,113,113,72
8,r_57_103_44,r_66_40_54,r_62_102_16,r_66_40_54,0.68,-10,44,54,72
85,seq93,r_134_85_69,r_9_33_101,r_9_33_101,0.62,27,128,101,72
63,seq19,r_21_68_54,seq17,r_21_68_54,0.61,-30,24,54,72
2,r_75_110_163,seq76,seq108,r_75_110_163,0.63,0,163,163,72
43,r_41_49_19,r_45_14_60,r_51_105_160,r_41_49_19,0.63,0,19,19,72
40,r_30_16_163,seq31,seq17,r_30_16_163,0.61,0,163,163,72
24,r_113_2_70,seq108,seq3,r_113_2_70,1.0,0,70,70,72
32,r_134_85_69,seq135,seq84,r_134_85_69,0.83,-3,66,69,72
43,r_41_49_19,r_51_105_160,r_130_61_92,r_130_61_92,0.98,67,159,92,72
33,r_45_14_60,r_43_37_211,seq13,r_45_14_60,1.0,0,60,60,72
66,seq27,r_89_28_21,r_9_33_101,r_9_33_101,0.86,9,110,101,72
88,seq131,r_132_48_142,r_64_129_76,r_64_129_76,0.83,64,140,76,72
65,seq25,r_23_104_182,r_5_24_21,r_5_24_21,0.96,136,157,21,72
85,seq93,r_18_127_159,r_134_85_69,r_134_85_69,0.89,25,94,69,72
61,seq17,r_18_127_159,r_30_16_163,r_18_127_159,0.73,4,163,159,72
68,seq32,r_35_119_186,r_133_34_10,r_133_34_10,1.0,2,12,10,72
48,r_92_74_46,r_91_145_103,seq76,r_91_145_103,0.85,-57,46,103,72
38,r_51_105_160,r_50_54_41,r_41_49_19,r_41_49_19,0.78,18,37,19,72
17,r_21_68_54,seq20,seq72,r_21_68_54,0.95,0,54,54,72
44,r_47_147_159,r_43_37_211,r_101_149_62,r_101_149_62,0.6,97,159,62,72
23,r_10_73_176,seq8,r_92_74_46,r_10_73_176,0.61,0,176,176,72
12,r_1_148_69,seq0,seq146,r_1_148_69,1.0,0,69,69,72
36,r_26_98_23,seq27,seq99,r_26_98_23,0.7,0,23,23,72
51,seq129,r_130_142_139,r_25_128_118,r_25_128_118,1.0,21,139,118,73
36,r_132_65_204,r_133_118_102,r_134_6_208,r_133_118_102,1.0,-1,101,102,73
9,r_58_77_66,r_78_1_191,r_99_87_24,r_58_77_66,0.7,125,191,66,73
38,r_73_120_209,r_39_75_153,r_130_142_139,r_73_120_209,0.51,0,209,209,73
14,r_3_127_141,seq0,r_92_123_33,r_3_127_141,0.94,0,141,141,73
8,r_78_1_191,seq81,r_24_4_12,r_78_1_191,0.46,0,191,191,73
43,r_25_128_118,r_23_102_183,seq129,r_25_128_118,0.97,0,118,118,73
40,r_68_2_11,r_64_47_142,seq0,r_68_2_11,1.0,1,12,11,73
7,r_135_90_74,r_104_105_99,seq100,r_135_90_74,0.52,39,113,74,73
81,seq88,r_99_87_24,r_58_77_66,r_58_77_66,0.96,23,89,66,73
37,r_39_75_153,r_38_14_181,seq61,r_38_14_181,0.55,-27,154,181,73
20,r_44_98_112,r_133_118_102,r_7_97_125,r_7_97_125,0.92,4,129,125,73
59,seq21,seq28,r_125_20_72,r_125_20_72,1.0,24,96,72,73
71,seq59,r_58_77_66,seq57,r_58_77_66,0.93,0,66,66,73
16,r_125_20_72,r_126_43_183,seq21,r_125_20_72,0.99,0,72,72,73
21,r_41_145_166,r_38_14_181,seq149,r_41_145_166,0.64,0,166,166,73
5,r_9_32_128,seq8,r_125_20_72,r_9_32_128,0.77,0,128,128,73
46,r_133_118_102,r_132_65_204,seq119,r_133_118_102,1.0,0,102,102,73
32,r_60_52_195,r_73_120_209,r_53_51_113,r_60_52_195,0.75,0,195,195,73
69,seq56,r_55_121_199,r_53_51_113,r_55_121_199,0.9,0,199,199,73
45,r_7_97_125,seq8,r_44_98_112,r_7_97_125,1.0,0,125,125,73
19,r_64_47_142,seq63,seq46,r_64_47_142,0.67,0,142,142,73
41,r_5_62_37,r_3_127_141,seq61,r_5_62_37,1.0,0,37,37,73
66,seq46,r_48_95_105,seq56,r_48_95_105,0.55,0,105,105,73
39,r_137_19_29,r_126_43_183,r_34_37_129,r_137_19_29,0.57,0,29,29,73
35,r_42_85_46,r_36_16_129,seq81,r_42_85_46,1.0,0,46,46,73
3,r_36_16_129,r_38_14_181,r_72_17_38,r_72_17_38,1.0,105,143,38,73
10,r_23_102_183,seq22,r_74_114_179,r_23_102_183,0.36,0,183,183,73
26,r_71_66_50,r_70_79_80,r_45_69_77,r_45_69_77,1.0,3,80,77,73
4,r_86_124_152,seq81,r_3_127_141,r_86_124_152,0.81,0,152,152,73
20,r_44_98_112,r_38_14_181,r_133_118_102,r_44_98_112,0.7,0,112,112,73
67,seq49,r_55_121_199,r_53_51_113,r_55_121_199,0.59,-140,59,199,73
48,r_70_79_80,seq63,seq81,r_70_79_80,0.6,0,80,80,73
50,seq0,r_3_127_141,r_68_2_11,r_68_2_11,1.0,1,12,11,73
13,r_126_43_183,r_92_123_33,r_9_32_128,r_126_43_183,0.46,0,183,183,73
6,r_38_14_181,r_39_75_153,r_34_37_129,r_39_75_153,0.83,1,154,153,73
85,seq136,r_134_6_208,r_130_142_139,r_134_6_208,0.42,0,208,208,73
36,r_132_65_204,r_134_6_208,r_99_87_24,r_132_65_204,0.51,0,204,204,73
39,r_137_19_29,r_34_37_129,r_72_17_38,r_72_17_38,0.98,4,42,38,73
27,r_146_10_90,seq149,seq8,r_146_10_90,1.0,0,90,90,73
22,r_92_123_33,r_126_43_183,r_86_124_152,r_86_124_152,0.73,29,181,152,73
22,r_92_123_33,seq91,r_126_43_183,r_92_123_33,1.0,0,33,33,73
29,r_31_11_193,seq30,r_78_1_191,r_78_1_191,0.61,2,193,191,73
24,r_40_89_99,r_38_14_181,seq88,r_40_89_99,0.99,0,99,99,73
15,r_72_17_38,r_74_114_179,r_137_19_29,r_72_17_38,0.96,0,38,38,73
25,r_18_94_10,r_36_16_129,seq96,r_18_94_10,0.84,0,10,10,73
32,r_60_52_195,r_70_79_80,r_73_120_209,r_73_120_209,0.57,-140,69,209,73
38,r_73_120_209,r_74_114_179,r_39_75_153,r_39_75_153,0.98,24,177,153,73
34,r_33_76_167,r_35_12_168,seq80,r_33_76_167,0.96,0,167,167,73
60,seq22,r_23_102_183,seq26,r_23_102_183,0.94,0,183,183,73
17,r_101_67_193,seq100,r_45_69_77,r_45_69_77,1.0,116,193,77,73
84,seq96,r_101_67_193,r_18_94_10,r_18_94_10,0.56,3,13,10,73
9,r_58_77_66,seq59,r_78_1_191,r_58_77_66,0.95,0,66,66,73
28,r_45_69_77,r_48_95_105,seq61,r_45_69_77,0.97,0,77,77,73
84,seq96,r_18_94_10,r_48_95_105,r_48_95_105,1.0,2,107,105,73
13,r_126_43_183,r_130_142_139,r_92_123_33,r_92_123_33,1.0,24,57,33,73
7,r_135_90_74,seq136,r_104_105_99,r_135_90_74,1.0,0,74,74,73
44,r_54_106_197,r_55_121_199,r_104_105_99,r_104_105_99,0.59,98,197,99,73
31,r_24_4_12,r_36_16_129,r_68_2_11,r_24_4_12,1.0,0,12,12,73
23,r_55_121_199,seq56,seq122,r_55_121_199,0.77,0,199,199,73
6,r_38_14_181,r_34_37_129,r_35_12_168,r_38_14_181,0.34,0,181,181,73
12,r_48_95_105,seq46,seq96,r_48_95_105,1.0,0,105,105,73
30,r_137_5_93,r_143_135_31,seq6,r_137_5_93,1.0,0,93,93,74
36,r_100_106_143,r_101_136_114,seq96,r_101_136_114,0.71,-33,81,114,74
53,seq4,r_3_47_140,seq1,r_3_47_140,0.97,0,140,140,74
43,r_33_83_95,r_28_63_129,r_123_86_92,r_33_83_95,0.97,0,95,95,74
26,r_121_78_43,r_87_122_10,seq76,r_121_78_43,0.98,0,43,43,74
37,r_15_116_149,r_19_14_106,seq118,r_15_116_149,0.73,0,149,149,74
16,r_103_8_101,seq105,seq6,r_103_8_101,1.0,0,101,101,74
39,r_89_53_126,r_88_79_54,seq52,r_88_79_54,0.41,74,128,54,74
1,r_111_130_13,r_104_139_129,seq129,r_111_130_13,0.84,5,18,13,74
5,r_88_79_54,r_73_98_125,r_123_86_92,r_88_79_54,0.88,73,127,54,74
46,r_17_40_133,seq16,r_99_42_48,r_17_40_133,0.83,0,133,133,74
42,r_131_85_161,seq129,r_123_86_92,r_123_86_92,0.54,69,161,92,74
45,r_28_63_129,seq30,seq60,r_28_63_129,0.37,1,130,129,74
31,r_123_86_92,seq126,r_93_124_49,r_93_124_49,0.96,3,52,49,74
24,r_55_41_112,seq48,r_99_42_48,r_99_42_48,1.0,65,113,48,74
19,r_113_23_103,r_108_112_150,seq22,r_113_23_103,1.0,0,103,103,74
95,seq118,r_117_127_69,seq105,r_117_127_69,0.73,-2,67,69,74
77,seq56,r_18_57_23,r_59_27_83,r_59_27_83,0.78,38,121,83,74
68,seq32,r_33_83_95,r_134_29_9,r_33_83_95,0.8,-53,42,95,74
3,r_70_75_121,seq69,r_121_78_43,r_121_78_43,0.91,26,69,43,74
10,r_59_27_83,seq58,r_134_29_9,r_59_27_83,1.0,0,83,83,74
27,r_13_109_163,seq6,seq16,r_13_109_163,0.48,-111,52,163,74
4,r_101_136_114,r_100_106_143,r_143_135_31,r_101_136_114,0.95,0,114,114,74
77,seq56,r_99_42_48,r_18_57_23,r_99_42_48,0.52,43,91,48,74
31,r_123_86_92,r_93_124_49,r_80_82_115,r_123_86_92,0.99,1,93,92,74
13,r_104_139_129,seq105,r_143_135_31,r_143_135_31,0.6,98,129,31,74
98,seq126,r_146_125_177,r_117_127_69,r_117_127_69,0.98,0,69,69,74
15,r_87_122_10,r_146_125_177,seq128,r_146_125_177,0.23,-9,168,177,74
48,r_144_45_165,r_143_135_31,r_3_47_140,r_144_45_165,0.3,0,165,165,74
49,r_134_29_9,r_28_63_129,r_59_27_83,r_59_27_83,0.53,14,97,83,74
6,r_117_127_69,seq118,seq126,r_117_127_69,0.97,0,69,69,74
2,r_18_57_23,r_17_40_133,seq58,r_18_57_23,0.64,0,23,23,74
36,r_100_106_143,seq96,r_25_102_41,r_100_106_143,0.68,0,143,143,74
8,r_93_124_49,r_94_95_43,r_123_86_92,r_93_124_49,1.0,0,49,49,74
41,r_80_82_115,r_51_81_25,r_123_86_92,r_123_86_92,1.0,23,115,92,74
38,r_71_62_145,seq69,r_28_63_129,r_71_62_145,0.96,0,145,145,74
29,r_43_147_95,seq44,r_143_135_31,r_43_147_95,0.88,0,95,95,74
8,r_93_124_49,r_123_86_92,r_143_135_31,r_123_86_92,0.92,1,93,92,74
25,r_72_141_131,r_71_62_145,r_31_145_6,r_72_141_131,0.62,0,131,131,74
49,r_134_29_9,r_146_125_177,r_28_63_129,r_134_29_9,0.87,1,10,9,74
88,seq91,r_92_77_106,r_94_95_43,r_92_77_106,1.0,0,106,106,74
65,seq132,r_131_85_161,seq133,r_131_85_161,1.0,-64,97,161,74
61,seq16,r_17_40_133,seq21,r_17_40_133,0.97,0,133,133,74
32,r_24_34_114,seq26,r_99_42_48,r_99_42_48,0.81,66,114,48,74
38,r_71_62_145,r_72_141_131,seq69,r_72_141_131,0.51,0,131,131,74
77,seq56,seq58,r_99_42_48,r_99_42_48,0.45,15,63,48,74
34,r_9_54_121,seq11,r_59_27_83,r_9_54_121,0.99,0,121,121,74
21,r_25_102_41,r_24_34_114,seq105,r_25_102_41,0.97,0,41,41,74
47,r_51_81_25,seq50,r_80_82_115,r_51_81_25,0.99,0,25,25,74
17,r_3_47_140,seq4,r_99_42_48,r_3_47_140,0.69,0,140,140,74
18,r_99_42_48,r_101_136_114,seq44,r_99_42_48,0.99,0,48,48,74
41,r_80_82_115,r_73_98_125,r_51_81_25,r_51_81_25,0.99,-1,24,25,74
45,r_28_63_129,seq60,r_71_62_145,r_71_62_145,0.54,1,146,145,74
23,r_92_77_106,seq91,r_121_78_43,r_92_77_106,0.91,0,106,106,74
82,seq68,r_67_10_157,seq65,r_67_10_157,1.0,0,157,157,74
35,r_66_138_128,r_67_10_157,r_143_135_31,r_67_10_157,0.89,-29,128,157,74
43,r_21_95_178,r_26_36_107,seq22,r_26_36_107,0.92,-44,63,107,75
54,seq6,r_10_11_88,r_94_8_65,r_94_8_65,0.99,0,65,65,75
37,r_69_46_105,seq67,seq45,r_69_46_105,0.93,0,105,105,75
45,r_16_23_49,r_20_118_70,r_96_25_26,r_16_23_49,0.98,0,49,49,75
19,r_20_118_70,r_12_28_120,seq127,r_20_118_70,0.79,0,70,70,75
34,r_85_140_109,r_86_88_25,seq89,r_85_140_109,0.86,-84,25,109,75
71,seq52,r_49_146_146,seq53,r_49_146_146,0.89,0,146,146,75
16,r_119_87_113,r_120_106_94,r_20_118_70,r_20_118_70,0.9,25,95,70,75
5,r_12_28_120,seq13,r_37_34_4,r_12_28_120,0.78,0,120,120,75
46,r_99_83_139,r_98_148_188,seq81,r_99_83_139,0.72,2,141,139,75
11,r_86_88_25,r_85_140_109,seq89,r_85_140_109,0.94,-84,25,109,75
84,seq89,r_85_140_109,r_86_88_25,r_85_140_109,0.96,-81,28,109,75
33,r_10_11_88,r_94_8_65,r_109_9_140,r_109_9_140,1.0,5,145,140,75
41,r_117_15_128,seq105,r_143_14_27,r_117_15_128,0.53,0,128,128,75
3,r_19_42_23,r_20_118_70,seq45,r_19_42_23,0.86,0,23,23,75
10,r_121_30_60,r_120_106_94,r_97_33_21,r_121_30_60,1.0,0,60,60,75
26,r_59_68_127,seq57,seq67,r_59_68_127,0.57,-4,123,127,75
4,r_75_100_142,seq73,seq101,r_75_100_142,0.76,0,142,142,75
62,seq29,seq41,r_19_42_23,r_19_42_23,0.64,33,56,23,75
39,r_56_63_49,r_55_125_152,seq61,r_56_63_49,0.95,0,49,49,75
20,r_116_136_121,seq105,seq135,r_116_136_121,0.81,0,121,121,75
15,r_120_106_94,r_119_87_113,seq105,r_120_106_94,0.92,1,95,94,75
57,seq138,seq135,r_85_140_109,r_85_140_109,1.0,4,113,109,75
6,r_43_51_181,seq45,r_71_50_172,r_71_50_172,0.68,7,179,172,75
47,r_18_3_83,r_12_28_120,r_58_2_57,r_18_3_83,0.75,0,83,83,75
19,r_20_118_70,r_19_42_23,r_12_28_120,r_20_118_70,0.45,-48,22,70,75
16,r_119_87_113,r_20_118_70,seq89,r_119_87_113,0.84,0,113,113,75
7,r_26_36_107,r_96_25_26,r_62_35_37,r_26_36_107,0.78,0,107,107,75
9,r_27_92_46,r_26_36_107,seq93,r_27_92_46,0.98,0,46,46,75
27,r_76_123_84,r_75_100_142,seq122,r_76_123_84,0.88,0,84,84,75
44,r_49_146_146,r_144_103_183,r_134_145_180,r_144_103_183,0.89,0,183,183,75
81,seq141,r_131_38_29,r_142_147_13,r_131_38_29,0.78,-8,21,29,75
87,seq101,r_98_148_188,r_75_100_142,r_75_100_142,0.59,33,175,142,75
30,r_58_2_57,r_59_68_127,seq6,r_59_68_127,0.5,-69,58,127,75
36,r_144_103_183,r_143_14_27,r_142_147_13,r_143_14_27,0.97,0,27,27,75
21,r_131_38_29,r_134_145_180,seq39,r_131_38_29,0.88,0,29,29,75
2,r_60_7_143,seq61,r_94_8_65,r_60_7_143,0.73,0,143,143,75
47,r_18_3_83,r_20_118_70,r_12_28_120,r_20_118_70,0.88,-2,68,70,75
18,r_72_84_144,r_71_50_172,r_86_88_25,r_72_84_144,0.72,3,147,144,75
17,r_142_147_13,r_149_133_83,r_144_103_183,r_142_147_13,0.41,30,43,13,75
24,r_44_139_164,r_43_51_181,r_85_140_109,r_44_139_164,0.5,0,164,164,75
34,r_85_140_109,seq89,seq138,r_85_140_109,0.75,0,109,109,75
25,r_94_8_65,seq93,seq6,r_94_8_65,0.97,0,65,65,75
43,r_21_95_178,seq22,r_27_92_46,r_21_95_178,0.51,0,178,178,75
33,r_10_11_88,seq6,r_94_8_65,r_94_8_65,1.0,9,74,65,75
42,r_62_35_37,seq61,r_131_38_29,r_131_38_29,0.72,18,47,29,75
68,seq135,r_134_145_180,r_116_136_121,r_116_136_121,0.98,28,149,121,75
61,seq132,r_134_145_180,r_149_133_83,r_149_133_83,1.0,97,180,83,75
32,r_77_107_161,seq73,seq108,r_77_107_161,0.69,0,161,161,75
38,r_71_50_172,r_70_124_191,seq52,r_71_50_172,0.53,0,172,172,75
75,seq64,r_65_54_88,seq66,r_65_54_88,0.49,0,88,88,75
25,r_94_8_65,seq6,r_60_7_143,r_60_7_143,0.76,19,162,143,75
22,r_109_9_140,seq108,r_10_11_88,r_109_9_140,0.67,0,140,140,75
35,r_70_124_191,r_59_68_127,r_55_125_152,r_70_124_191,0.48,0,191,191,75
28,r_65_54_88,seq64,seq53,r_65_54_88,0.69,0,88,88,75
49,r_134_145_180,seq132,r_49_146_146,r_49_146_146,0.93,34,180,146,75
7,r_26_36_107,r_21_95_178,r_96_25_26,r_96_25_26,0.73,35,61,26,75
44,r_49_146_146,seq52,r_144_103_183,r_49_146_146,0.47,0,146,146,75
23,r_37_34_4,seq39,r_62_35_37,r_62_35_37,0.77,40,77,37,75
17,r_142_147_13,r_144_103_183,seq141,r_142_147_13,0.59,158,171,13,75
40,r_143_14_27,r_144_103_183,seq13,r_143_14_27,0.66,0,27,27,75
35,r_70_124_191,r_71_50_172,r_59_68_127,r_70_124_191,0.47,-19,172,191,75
12,r_98_148_188,r_99_83_139,seq101,r_99_83_139,1.0,0,139,139,75
1,r_96_25_26,r_98_148_188,seq24,r_96_25_26,0.99,0,26,26,75
30,r_86_85_105,seq88,r_81_87_81,r_81_87_81,0.98,24,105,81,76
9,r_62_66_12,r_65_138_42,seq67,r_62_66_12,0.87,0,12,12,76
0,r_127_144_11,r_129_137_72,r_145_22_139,r_127_144_11,0.78,0,11,11,76
92,seq103,r_105_79_155,r_33_107_135,r_33_107_135,0.91,26,161,135,76
14,r_129_137_72,seq130,r_65_138_42,r_129_137_72,1.0,0,72,72,76
8,r_53_70_181,seq55,r_86_85_105,r_53_70_181,0.5,0,181,181,76
59,seq15,r_16_93_116,r_52_17_49,r_16_93_116,1.0,0,116,116,76
55,seq6,seq2,r_99_5_63,r_99_5_63,1.0,37,100,63,76
16,r_99_5_63,r_100_26_91,seq6,r_99_5_63,1.0,0,63,63,76
21,r_94_114_51,r_105_79_155,r_74_113_72,r_105_79_155,0.7,-82,73,155,76
1,r_112_121_158,r_94_114_51,seq117,r_112_121_158,0.71,0,158,158,76
5,r_68_146_138,seq73,r_134_148_118,r_68_146_138,0.92,0,138,138,76
46,r_100_26_91,seq97,seq28,r_100_26_91,0.97,0,91,91,76
45,r_81_87_81,r_80_39_68,seq88,r_80_39_68,1.0,-8,60,68,76
2,r_8_40_134,seq14,r_80_39_68,r_8_40_134,1.0,0,134,134,76
15,r_65_138_42,r_63_84_52,seq133,r_65_138_42,1.0,0,42,42,76
95,seq117,r_118_25_184,r_112_121_158,r_112_121_158,0.8,27,185,158,76
31,r_7_47_103,r_8_40_134,r_12_45_81,r_7_47_103,0.81,0,103,103,76
41,r_106_110_118,r_105_79_155,r_32_109_16,r_106_110_118,0.66,1,119,118,76
67,seq36,r_35_101_108,seq28,r_35_101_108,1.0,1,109,108,76
3,r_34_27_40,r_35_101_108,seq28,r_35_101_108,1.0,-46,62,108,76
10,r_72_1_137,seq73,seq2,r_72_1_137,0.64,1,138,137,76
36,r_32_109_16,seq29,r_111_126_107,r_32_109_16,1.0,0,16,16,76
26,r_48_115_160,seq49,r_112_121_158,r_48_115_160,0.66,0,160,160,76
35,r_111_126_107,r_112_121_158,r_32_109_16,r_32_109_16,0.99,3,19,16,76
4,r_13_98_14,seq14,seq97,r_13_98_14,1.0,0,14,14,76
11,r_119_10_163,r_118_25_184,seq14,r_118_25_184,0.54,-21,163,184,76
20,r_104_128_89,r_105_79_155,seq130,r_104_128_89,0.99,0,89,89,76
98,seq125,seq116,r_111_126_107,r_111_126_107,0.8,6,113,107,76
57,seq130,r_129_137_72,r_124_131_119,r_129_137_72,0.64,-1,71,72,76
6,r_69_24_65,r_72_1_137,seq23,r_69_24_65,1.0,0,65,65,76
89,seq89,seq88,r_135_90_38,r_135_90_38,1.0,0,38,38,76
0,r_127_144_11,r_145_22_139,r_108_143_15,r_145_22_139,0.9,0,139,139,76
36,r_32_109_16,r_111_126_107,r_106_110_118,r_111_126_107,1.0,0,107,107,76
27,r_141_56_97,seq140,seq57,r_141_56_97,1.0,0,97,97,76
2,r_8_40_134,r_7_47_103,seq14,r_7_47_103,0.97,1,104,103,76
40,r_105_79_155,r_106_110_118,seq103,r_106_110_118,0.97,1,119,118,76
32,r_136_95_27,r_134_148_118,r_13_98_14,r_136_95_27,1.0,0,27,27,76
18,r_80_39_68,r_81_87_81,seq38,r_80_39_68,0.98,0,68,68,76
24,r_11_77_147,seq14,seq76,r_11_77_147,0.79,0,147,147,76
35,r_111_126_107,r_32_109_16,seq125,r_111_126_107,0.99,0,107,107,76
33,r_16_93_116,seq15,r_132_92_46,r_16_93_116,0.99,0,116,116,76
48,r_132_92_46,r_13_98_14,r_16_93_116,r_16_93_116,1.0,10,126,116,76
47,r_145_22_139,r_127_144_11,seq23,r_145_22_139,0.81,0,139,139,76
68,seq38,r_37_96_175,r_80_39_68,r_80_39_68,1.0,3,71,68,76
39,r_63_84_52,r_60_64_170,seq88,r_63_84_52,1.0,0,52,52,76
77,seq57,r_60_64_170,r_141_56_97,r_141_56_97,1.0,1,98,97,76
47,r_145_22_139,seq142,r_127_144_11,r_127_144_11,0.6,16,27,11,76
40,r_105_79_155,seq103,seq75,r_105_79_155,0.73,6,161,155,76
34,r_124_131_119,seq122,seq133,r_124_131_119,0.99,0,119,119,76
48,r_132_92_46,seq133,r_13_98_14,r_132_92_46,1.0,0,46,46,76
42,r_108_143_15,r_112_121_158,seq142,r_108_143_15,0.7,0,15,15,76
17,r_33_107_135,seq19,seq103,r_33_107_135,0.89,1,136,135,76
22,r_139_18_61,r_141_56_97,r_52_17_49,r_139_18_61,1.0,0,61,61,76
28,r_134_148_118,seq133,seq149,r_134_148_118,0.79,0,118,118,76
91,seq102,r_106_110_118,seq103,r_106_110_118,0.98,4,122,118,76
49,r_74_113_72,r_72_1_137,r_94_114_51,r_72_1_137,0.92,-72,65,137,76
7,r_52_17_49,seq54,r_139_18_61,r_139_18_61,0.95,0,61,61,76
23,r_12_45_81,seq14,seq44,r_12_45_81,1.0,0,81,81,76
12,r_35_101_108,seq36,r_13_98_14,r_35_101_108,1.0,0,108,108,76
40,r_33_78_9,r_75_13_204,r_96_76_16,r_33_78_9,0.56,136,145,9,77
30,r_14_107_72,seq11,seq108,r_14_107_72,1.0,0,72,72,77
36,r_47_17_155,seq48,seq18,r_47_17_155,0.85,0,155,155,77
8,r_116_19_123,seq117,seq26,r_116_19_123,0.77,2,125,123,77
53,seq134,r_99_127_13,r_67_135_94,r_67_135_94,1.0,58,152,94,77
43,r_113_91_126,r_105_68_203,r_63_93_114,r_113_91_126,0.97,0,126,126,77
26,r_72_133_43,r_75_13_204,seq131,r_72_133_43,1.0,0,43,43,77
83,seq66,r_67_135_94,seq70,r_67_135_94,1.0,0,94,94,77
16,r_94_77_172,seq90,r_96_76_16,r_96_76_16,0.83,130,146,16,77
97,seq117,r_116_19_123,seq104,r_116_19_123,1.0,2,125,123,77
46,r_146_92_180,seq147,r_63_93_114,r_146_92_180,0.48,0,180,180,77
42,r_36_73_176,seq37,seq74,r_36_73_176,0.7,0,176,176,77
65,seq20,seq26,r_22_29_92,r_22_29_92,0.71,72,164,92,77
45,r_1_53_77,seq0,seq52,r_1_53_77,1.0,0,77,77,77
19,r_119_42_65,r_99_127_13,seq39,r_119_42_65,1.0,0,65,65,77
10,r_7_144_46,r_10_65_177,seq147,r_7_144_46,1.0,0,46,46,77
25,r_145_44_47,r_146_92_180,r_103_46_9,r_145_44_47,0.85,0,47,47,77
8,r_116_19_123,seq26,r_47_17_155,r_116_19_123,0.54,27,150,123,77
39,r_110_12_140,r_43_111_14,seq11,r_110_12_140,1.0,0,140,140,77
21,r_40_6_26,seq39,r_10_65_177,r_40_6_26,1.0,1,27,26,77
44,r_128_114_54,r_129_35_88,seq100,r_129_35_88,0.62,-34,54,88,77
3,r_67_135_94,seq66,seq137,r_67_135_94,1.0,0,94,94,77
8,r_116_19_123,r_47_17_155,seq20,r_47_17_155,0.45,20,175,155,77
72,seq37,r_36_73_176,r_129_35_88,r_129_35_88,1.0,60,148,88,77
4,r_56_50_171,seq52,r_31_55_88,r_31_55_88,1.0,59,147,88,77
0,r_149_95_174,seq147,r_84_88_71,r_149_95_174,0.59,0,174,174,77
11,r_3_5_65,r_4_87_148,r_40_6_26,r_3_5_65,0.91,75,140,65,77
13,r_80_25_129,r_75_13_204,seq26,r_80_25_129,0.94,0,129,129,77
98,seq124,r_123_9_141,r_99_127_13,r_123_9_141,0.72,0,141,141,77
20,r_103_46_9,r_106_89_215,seq45,r_103_46_9,0.96,2,11,9,77
15,r_86_120_109,r_84_88_71,seq124,r_86_120_109,1.0,1,110,109,77
48,r_85_115_150,r_84_88_71,r_43_111_14,r_85_115_150,0.96,2,152,150,77
57,seq11,r_14_107_72,seq15,r_14_107_72,0.92,0,72,72,77
21,r_40_6_26,r_10_65_177,r_3_5_65,r_10_65_177,0.6,-46,131,177,77
49,r_8_121_51,r_10_65_177,r_99_127_13,r_8_121_51,1.0,0,51,51,77
5,r_43_111_14,r_110_12_140,r_128_114_54,r_110_12_140,0.78,0,140,140,77
27,r_129_35_88,seq131,seq37,r_129_35_88,0.99,0,88,88,77
34,r_101_143_49,seq100,seq142,r_101_143_49,1.0,1,50,49,77
7,r_21_148_19,r_22_29_92,seq147,r_21_148_19,1.0,0,19,19,77
41,r_10_65_177,r_40_6_26,seq60,r_10_65_177,0.53,0,177,177,77
47,r_75_13_204,seq74,r_110_12_140,r_110_12_140,0.6,60,200,140,77
14,r_58_69_47,seq52,seq79,r_58_69_47,0.73,0,47,47,77
74,seq45,seq48,r_103_46_9,r_103_46_9,0.86,57,66,9,77
29,r_31_55_88,r_32_41_199,seq52,r_31_55_88,0.95,1,89,88,77
24,r_22_29_92,seq20,seq30,r_22_29_92,0.5,0,92,92,77
33,r_122_81_93,r_123_9_141,seq83,r_122_81_93,1.0,0,93,93,77
50,seq0,r_1_53_77,seq2,r_1_53_77,1.0,0,77,77,77
70,seq30,r_32_41_199,r_22_29_92,r_22_29_92,0.87,13,105,92,77
32,r_4_87_148,r_3_5_65,r_84_88_71,r_4_87_148,0.98,0,148,148,77
38,r_32_41_199,seq30,r_119_42_65,r_119_42_65,1.0,134,199,65,77
5,r_43_111_14,r_47_17_155,r_110_12_140,r_43_111_14,0.99,-1,13,14,77
35,r_63_93_114,r_94_77_172,r_113_91_126,r_113_91_126,0.91,14,140,126,77
17,r_59_118_191,seq61,r_43_111_14,r_59_118_191,0.54,-2,189,191,77
63,seq18,seq15,r_47_17_155,r_47_17_155,0.95,13,168,155,77
96,seq108,r_112_98_90,r_14_107_72,r_14_107_72,1.0,6,78,72,77
6,r_96_76_16,seq97,r_33_78_9,r_96_76_16,1.0,0,16,16,77
41,r_10_65_177,r_8_121_51,r_40_6_26,r_8_121_51,0.95,0,51,51,77
22,r_84_88_71,r_85_115_150,r_4_87_148,r_84_88_71,0.94,81,152,71,77
28,r_112_98_90,r_113_91_126,seq97,r_113_91_126,0.77,-36,90,126,77
37,r_28_54_31,seq30,seq52,r_28_54_31,0.78,0,31,31,77
23,r_105_68_203,seq100,r_58_69_47,r_58_69_47,0.66,155,202,47,77
73,seq39,r_103_46_9,r_119_42_65,r_119_42_65,1.0,0,65,65,77
39,r_110_12_140,r_106_89_215,r_43_111_14,r_43_111_14,0.63,32,46,14,77
12,r_16_51_96,seq18,seq52,r_16_51_96,0.93,0,96,96,77
93,seq111,r_109_38_108,r_119_112_54,r_109_38_108,1.0,-1,107,108,78
30,r_31_26_201,seq30,r_42_29_30,r_42_29_30,1.0,158,188,30,78
36,r_3_48_107,seq2,r_22_53_20,r_3_48_107,0.59,0,107,107,78
14,r_94_44_65,seq97,seq43,r_94_44_65,1.0,0,65,65,78
43,r_24_100_154,seq21,seq101,r_24_100_154,0.9,0,154,154,78
37,r_147_146_30,seq145,r_131_140_29,r_131_140_29,0.99,120,149,29,78
10,r_42_29_30,seq43,r_25_62_159,r_42_29_30,0.98,0,30,30,78
16,r_106_148_182,seq107,seq145,r_106_148_182,0.2,0,182,182,78
21,r_11_60_137,seq12,seq59,r_11_60_137,0.95,0,137,137,78
1,r_15_127_123,seq14,seq128,r_15_127_123,0.97,0,123,123,78
5,r_138_49_181,seq134,r_27_137_72,r_27_137_72,1.0,6,78,72,78
42,r_98_116_112,seq97,r_105_117_92,r_98_116_112,0.23,10,122,112,78
80,seq71,r_70_110_191,r_10_75_114,r_10_75_114,1.0,77,191,114,78
23,r_17_68_44,seq21,seq67,r_17_68_44,0.98,0,44,44,78
19,r_20_50_144,seq21,r_22_53_20,r_20_50_144,0.52,0,144,144,78
66,seq21,r_20_50_144,r_92_19_54,r_92_19_54,0.93,88,142,54,78
76,seq59,r_63_132_200,r_11_60_137,r_11_60_137,1.0,5,142,137,78
41,r_25_62_159,r_27_137_72,r_42_29_30,r_25_62_159,0.74,-87,72,159,78
18,r_51_5_25,r_15_127_123,r_102_6_32,r_15_127_123,0.68,-77,46,123,78
46,r_54_86_152,r_52_120_25,r_130_55_23,r_54_86_152,1.0,-131,21,152,78
89,seq97,r_95_61_151,r_124_96_150,r_95_61_151,0.81,0,151,151,78
38,r_92_19_54,seq85,seq21,r_92_19_54,1.0,1,55,54,78
73,seq47,seq46,r_94_44_65,r_94_44_65,1.0,8,73,65,78
11,r_10_75_114,r_13_89_141,seq73,r_10_75_114,0.93,0,114,114,78
20,r_32_104_169,r_31_26_201,seq103,r_32_104_169,0.78,0,169,169,78
13,r_95_61_151,seq97,r_11_60_137,r_11_60_137,0.72,14,151,137,78
98,seq123,r_124_96_150,seq122,r_124_96_150,0.48,-58,92,150,78
46,r_54_86_152,r_130_55_23,seq85,r_54_86_152,0.96,0,152,152,78
22,r_102_6_32,seq101,r_51_5_25,r_102_6_32,1.0,0,32,32,78
48,r_13_89_141,seq12,r_56_88_70,r_13_89_141,0.92,0,141,141,78
40,r_90_78_44,seq85,seq79,r_90_78_44,0.59,0,44,44,78
26,r_22_53_20,seq18,r_54_86_152,r_22_53_20,0.96,0,20,20,78
29,r_131_140_29,seq128,seq142,r_131_140_29,1.0,0,29,29,78
31,r_4_36_47,r_15_127_123,seq37,r_4_36_47,0.44,0,47,47,78
99,seq125,r_126_45_91,seq128,r_126_45_91,1.0,-11,80,91,78
5,r_138_49_181,r_27_137_72,r_20_50_144,r_20_50_144,0.61,37,181,144,78
10,r_42_29_30,r_25_62_159,r_72_28_145,r_42_29_30,0.74,116,146,30,78
27,r_121_69_162,seq122,seq71,r_121_69_162,0.48,0,162,162,78
39,r_23_0_34,seq21,seq1,r_23_0_34,0.81,7,41,34,78
4,r_130_55_23,r_131_140_29,r_22_53_20,r_130_55_23,0.99,0,23,23,78
41,r_25_62_159,r_42_29_30,r_95_61_151,r_25_62_159,0.96,0,159,159,78
47,r_57_93_161,seq58,r_56_88_70,r_56_88_70,0.5,91,161,70,78
24,r_105_117_92,seq107,seq114,r_105_117_92,0.68,3,95,92,78
34,r_27_137_72,r_138_49_181,seq133,r_27_137_72,0.58,111,183,72,78
25,r_72_28_145,seq74,r_42_29_30,r_72_28_145,0.95,0,145,145,78
33,r_34_84_68,r_33_35_163,seq82,r_34_84_68,1.0,0,68,68,78
6,r_52_120_25,r_51_5_25,r_119_112_54,r_52_120_25,0.97,0,25,25,78
6,r_52_120_25,r_119_112_54,seq122,r_52_120_25,0.64,64,89,25,78
61,seq14,r_15_127_123,seq9,r_15_127_123,1.0,0,123,123,78
34,r_27_137_72,r_25_62_159,r_138_49_181,r_27_137_72,1.0,0,72,72,78
45,r_139_99_132,seq145,seq101,r_139_99_132,0.99,-24,108,132,78
2,r_108_80_29,r_105_117_92,seq82,r_108_80_29,0.6,2,31,29,78
17,r_109_38_108,seq111,r_33_35_163,r_109_38_108,1.0,0,108,108,78
94,seq114,r_109_38_108,r_105_117_92,r_109_38_108,1.0,-14,94,108,78
26,r_22_53_20,r_54_86_152,r_20_50_144,r_22_53_20,0.79,125,145,20,78
28,r_149_16_148,seq145,seq39,r_149_16_148,1.0,0,148,148,78
28,r_149_16_148,r_147_146_30,seq145,r_149_16_148,0.44,-71,77,148,78
18,r_51_5_25,r_52_120_25,r_15_127_123,r_51_5_25,0.89,0,25,25,78
44,r_56_88_70,r_54_86_152,seq87,r_56_88_70,0.69,0,70,70,78
35,r_124_96_150,r_121_69_162,seq97,r_121_69_162,0.83,-6,156,162,78
68,seq37,seq39,r_4_36_47,r_4_36_47,0.83,12,59,47,78
12,r_64_81_89,seq59,seq82,r_64_81_89,0.99,0,89,89,78
30,r_144_120_165,seq145,r_51_121_65,r_144_120_165,0.69,0,165,165,79
55,seq136,r_135_59_32,seq139,r_135_59_32,1.0,1,33,32,79
36,r_64_128_187,seq62,r_87_129_115,r_87_129_115,0.76,72,187,115,79
8,r_95_55_119,r_99_75_171,r_71_57_59,r_95_55_119,0.52,0,119,119,79
43,r_96_82_73,seq97,r_130_86_71,r_96_82_73,0.64,4,77,73,79
54,seq7,r_6_44_163,r_17_8_45,r_17_8_45,0.83,17,62,45,79
12,r_137_21_54,seq139,r_22_125_150,r_137_21_54,0.91,0,54,54,79
37,r_2_49_163,r_0_138_168,seq52,r_2_49_163,0.82,1,164,163,79
16,r_123_107_97,r_124_84_143,seq102,r_123_107_97,0.99,0,97,97,79
21,r_0_138_168,r_2_49_163,seq139,r_0_138_168,0.62,-4,164,168,79
1,r_109_83_92,seq108,r_130_86_71,r_109_83_92,0.7,0,92,92,79
97,seq116,seq113,r_68_117_60,r_68_117_60,1.0,20,80,60,79
24,r_91_27_100,r_93_43_28,seq90,r_93_43_28,0.51,0,28,28,79
27,r_71_57_59,seq67,seq58,r_71_57_59,0.65,0,59,59,79
42,r_39_14_65,seq46,seq16,r_39_14_65,0.96,0,65,65,79
80,seq58,seq56,r_71_57_59,r_71_57_59,0.95,21,80,59,79
14,r_76_146_46,r_77_115_198,seq145,r_76_146_46,1.0,0,46,46,79
45,r_100_63_82,r_104_42_169,seq62,r_100_63_82,1.0,0,82,82,79
24,r_91_27_100,seq90,seq26,r_91_27_100,0.97,0,100,100,79
19,r_147_29_71,seq145,seq28,r_147_29_71,1.0,0,71,71,79
2,r_89_33_98,r_34_19_115,r_110_37_31,r_89_33_98,0.72,17,115,98,79
76,seq52,r_51_121_65,seq54,r_51_121_65,0.96,0,65,65,79
32,r_34_19_115,r_89_33_98,r_25_18_16,r_34_19_115,0.79,0,115,115,79
31,r_22_125_150,r_23_103_160,r_51_121_65,r_23_103_160,0.58,-10,150,160,79
33,r_87_129_115,seq72,seq133,r_87_129_115,0.99,0,115,115,79
41,r_15_10_37,seq16,seq9,r_15_10_37,0.49,46,83,37,79
67,seq26,seq24,r_91_27_100,r_91_27_100,0.94,2,102,100,79
89,seq94,r_95_55_119,seq98,r_95_55_119,0.91,-25,94,119,79
4,r_23_103_160,r_137_21_54,seq102,r_23_103_160,0.92,0,160,160,79
90,seq97,r_96_82_73,seq98,r_96_82_73,1.0,1,74,73,79
40,r_93_43_28,r_91_27_100,seq48,r_93_43_28,0.85,0,28,28,79
5,r_135_59_32,seq136,seq62,r_135_59_32,1.0,1,33,32,79
7,r_25_18_16,r_31_50_133,seq20,r_25_18_16,0.68,6,22,16,79
26,r_79_61_184,seq78,r_135_59_32,r_135_59_32,1.0,152,184,32,79
3,r_77_115_198,r_79_61_184,r_130_86_71,r_130_86_71,0.69,16,87,71,79
4,r_23_103_160,r_22_125_150,r_137_21_54,r_137_21_54,1.0,96,150,54,79
0,r_68_117_60,seq67,seq116,r_68_117_60,1.0,0,60,60,79
63,seq145,r_144_120_165,r_76_146_46,r_76_146_46,0.97,114,160,46,79
11,r_124_84_143,seq122,r_109_83_92,r_124_84_143,0.64,0,143,143,79
98,seq119,r_124_84_143,r_51_121_65,r_51_121_65,0.93,78,143,65,79
15,r_81_92_98,r_79_61_184,seq90,r_79_61_184,0.7,-84,100,184,79
48,r_6_44_163,seq7,r_93_43_28,r_6_44_163,0.7,0,163,163,79
46,r_140_114_55,seq133,seq116,r_140_114_55,0.91,0,55,55,79
12,r_137_21_54,r_22_125_150,seq16,r_22_125_150,1.0,-6,144,150,79
6,r_73_126_160,seq72,seq131,r_73_126_160,0.65,3,163,160,79
57,seq139,seq133,r_0_138_168,r_0_138_168,0.63,8,176,168,79
85,seq78,r_79_61_184,r_130_86_71,r_130_86_71,1.0,114,185,71,79
99,seq122,r_124_84_143,r_51_121_65,r_51_121_65,0.77,78,143,65,79
87,seq85,r_81_92_98,r_130_86_71,r_130_86_71,1.0,7,78,71,79
25,r_110_37_31,r_109_83_92,seq36,r_110_37_31,0.48,0,31,31,79
29,r_11_66_115,seq9,r_45_65_4,r_11_66_115,0.68,0,115,115,79
43,r_96_82_73,r_130_86_71,r_106_80_157,r_106_80_157,1.0,6,163,157,79
49,r_88_60_10,r_89_33_98,seq62,r_88_60_10,0.47,0,10,10,79
33,r_87_129_115,r_91_27_100,seq72,r_91_27_100,0.37,-38,62,100,79
88,seq90,r_89_33_98,r_81_92_98,r_89_33_98,0.79,0,98,98,79
50,seq131,r_130_86_71,seq133,r_130_86_71,1.0,1,72,71,79
65,seq149,r_148_69_182,seq142,r_148_69_182,0.87,0,182,182,79
68,seq28,r_30_132_194,r_137_21_54,r_137_21_54,1.0,133,187,54,79
38,r_148_69_182,seq149,seq67,r_148_69_182,0.68,0,182,182,79
52,seq5,r_6_44_163,r_17_8_45,r_17_8_45,0.86,97,142,45,79
76,seq52,seq54,r_31_50_133,r_31_50_133,1.0,15,148,133,79
34,r_45_65_4,seq67,r_11_66_115,r_45_65_4,0.66,112,116,4,79
57,seq139,r_137_21_54,seq136,r_137_21_54,0.82,-16,38,54,79
47,r_31_50_133,seq32,seq52,r_31_50_133,0.87,0,133,133,79
32,r_34_19_115,seq46,r_38_118_138,r_34_19_115,0.42,-67,48,115,79
81,seq62,r_64_128_187,r_135_59_32,r_135_59_32,0.97,143,175,32,79
17,r_130_86_71,seq131,seq85,r_130_86_71,1.0,1,72,71,79
13,r_17_8_45,r_23_103_160,seq7,r_17_8_45,0.97,1,46,45,79
94,seq108,r_109_83_92,seq102,r_109_83_92,1.0,0,92,92,79
9,r_30_132_194,seq28,r_73_126_160,r_73_126_160,0.56,24,184,160,79
3,r_77_115_198,r_76_146_46,r_79_61_184,r_76_146_46,0.97,0,46,46,79
23,r_1_111_59,r_2_49_163,seq112,r_1_111_59,1.0,0,59,59,79
96,seq113,seq116,r_68_117_60,r_68_117_60,1.0,57,117,60,79
28,r_51_121_65,r_124_84_143,seq122,r_124_84_143,1.0,0,143,143,79
44,r_127_35_50,seq134,r_110_37_31,r_127_35_50,0.93,0,50,50,79
28,r_51_121_65,seq52,r_124_84_143,r_51_121_65,1.0,0,65,65,79
35,r_104_42_169,seq102,seq41,r_104_42_169,0.78,0,169,169,79
32,r_34_19_115,r_38_118_138,r_89_33_98,r_34_19_115,0.51,-26,89,115,79
84,seq72,r_73_126_160,seq67,r_73_126_160,1.0,0,160,160,79
93,seq108,r_105_53_120,r_80_107_21,r_105_53_120,0.52,-10,110,120,80
30,r_97_61_100,r_96_115_196,seq63,r_97_61_100,0.99,0,100,100,80
48,r_65_1_126,seq66,r_73_3_43,r_65_1_126,0.99,0,126,126,80
36,r_126_102_116,r_127_142_72,seq125,r_127_142_72,1.0,-1,71,72,80
92,seq145,r_146_120_76,seq136,r_146_120_76,0.89,0,76,76,80
64,seq24,seq27,r_116_28_23,r_116_28_23,1.0,5,28,23,80
37,r_54_20_145,seq56,r_37_21_134,r_54_20_145,0.87,0,145,145,80
7,r_13_36_42,r_12_113_46,seq35,r_13_36_42,1.0,0,42,42,80
21,r_143_31_76,r_144_18_111,seq30,r_143_31_76,0.71,0,76,76,80
39,r_79_55_91,seq81,seq56,r_79_55_91,0.62,0,91,91,80
80,seq72,r_77_114_158,r_95_68_90,r_95_68_90,0.61,38,128,90,80
5,r_95_68_90,seq94,seq71,r_95_68_90,0.99,0,90,90,80
46,r_110_67_172,seq117,r_29_112_45,r_29_112_45,1.0,34,79,45,80
42,r_77_114_158,seq78,r_19_76_69,r_19_76_69,1.0,15,84,69,80
22,r_74_118_24,r_73_3_43,seq117,r_74_118_24,1.0,0,24,24,80
27,r_88_42_23,r_95_68_90,r_0_40_19,r_88_42_23,0.97,0,23,23,80
45,r_23_6_2,r_5_43_106,r_73_3_43,r_23_6_2,0.6,104,106,2,80
19,r_144_18_111,r_143_31_76,r_127_142_72,r_144_18_111,0.81,-35,76,111,80
31,r_44_104_54,r_54_20_145,r_90_103_135,r_44_104_54,1.0,0,54,54,80
27,r_88_42_23,r_0_40_19,r_137_41_107,r_137_41_107,0.99,25,132,107,80
65,seq27,seq24,r_116_28_23,r_116_28_23,1.0,5,28,23,80
43,r_121_58_16,seq117,seq59,r_121_58_16,0.98,0,16,16,80
3,r_69_39_103,seq71,r_13_36_42,r_69_39_103,0.99,0,103,103,80
90,seq98,r_99_86_186,r_64_100_11,r_64_100_11,0.76,156,167,11,80
26,r_50_91_180,r_45_84_180,r_140_92_14,r_140_92_14,0.96,166,180,14,80
8,r_29_112_45,r_110_67_172,r_16_111_96,r_16_111_96,1.0,76,172,96,80
14,r_60_47_53,r_48_147_153,r_79_55_91,r_60_47_53,0.9,100,153,53,80
4,r_146_120_76,seq145,seq122,r_146_120_76,0.97,0,76,76,80
63,seq22,r_19_76_69,seq17,r_19_76_69,1.0,0,69,69,80
73,seq52,r_45_84_180,r_105_53_120,r_105_53_120,0.92,10,130,120,80
29,r_5_43_106,seq11,r_23_6_2,r_23_6_2,0.43,39,41,2,80
11,r_62_26_70,seq63,r_116_28_23,r_62_26_70,1.0,0,70,70,80
46,r_110_67_172,r_29_112_45,seq66,r_110_67_172,0.71,0,172,172,80
20,r_64_100_11,r_62_26_70,seq98,r_64_100_11,0.89,0,11,11,80
15,r_137_41_107,seq136,r_88_42_23,r_137_41_107,0.69,0,107,107,80
48,r_65_1_126,seq63,seq66,r_65_1_126,0.41,-54,72,126,80
17,r_34_10_33,r_37_21_134,seq11,r_34_10_33,1.0,0,33,33,80
94,seq117,seq122,r_74_118_24,r_74_118_24,1.0,0,24,24,80
41,r_49_2_9,r_5_43_106,r_73_3_43,r_73_3_43,0.73,0,43,43,80
62,seq17,r_16_111_96,seq22,r_16_111_96,1.0,0,96,96,80
19,r_144_18_111,r_127_142_72,seq17,r_144_18_111,0.99,0,111,111,80
99,seq125,seq123,r_29_112_45,r_29_112_45,1.0,65,110,45,80
8,r_29_112_45,seq33,r_110_67_172,r_29_112_45,1.0,0,45,45,80
36,r_126_102_116,seq125,r_44_104_54,r_126_102_116,0.99,0,116,116,80
16,r_12_113_46,r_13_36_42,seq122,r_12_113_46,1.0,0,46,46,80
47,r_48_147_153,r_54_20_145,r_60_47_53,r_48_147_153,0.74,-90,63,153,80
77,seq63,r_121_58_16,r_97_61_100,r_97_61_100,0.73,2,102,100,80
40,r_37_21_134,seq35,seq22,r_37_21_134,0.76,0,134,134,80
18,r_19_76_69,seq22,r_77_114_158,r_19_76_69,1.0,0,69,69,80
1,r_116_28_23,r_110_67_172,seq27,r_116_28_23,0.99,-1,22,23,80
24,r_105_53_120,r_106_148_99,seq108,r_106_148_99,0.98,0,99,99,80
88,seq93,r_90_103_135,r_140_92_14,r_140_92_14,0.81,38,52,14,80
80,seq72,r_73_3_43,r_77_114_158,r_73_3_43,0.71,-23,20,43,80
2,r_0_40_19,r_5_43_106,r_88_42_23,r_88_42_23,0.97,1,24,23,80
33,r_70_8_76,seq71,seq9,r_70_8_76,1.0,0,76,76,80
6,r_73_3_43,seq72,r_49_2_9,r_73_3_43,1.0,0,43,43,80
34,r_140_92_14,seq141,r_149_87_8,r_140_92_14,0.94,0,14,14,80
76,seq59,r_60_47_53,r_121_58_16,r_121_58_16,0.91,7,23,16,80
47,r_48_147_153,r_60_47_53,r_106_148_99,r_48_147_153,0.77,0,153,153,80
50,seq129,r_130_25_145,seq136,r_130_25_145,0.98,0,145,145,80
42,r_77_114_158,r_19_76_69,r_12_113_46,r_77_114_158,0.82,0,158,158,80
38,r_109_32_107,r_105_53_120,seq30,r_109_32_107,0.98,0,107,107,80
77,seq63,r_62_26_70,r_121_58_16,r_62_26_70,0.86,0,70,70,80
25,r_80_107_21,r_79_55_91,r_105_53_120,r_80_107_21,1.0,0,21,21,80
0,r_128_139_14,r_127_142_72,seq138,r_128_139_14,0.53,0,14,14,80
81,seq75,r_77_114_158,seq78,r_77_114_158,0.93,-1,157,158,80
25,r_80_107_21,r_105_53_120,seq108,r_105_53_120,1.0,-11,109,120,80
9,r_96_115_196,r_97_61_100,seq98,r_97_61_100,1.0,-2,98,100,80
63,seq22,seq17,r_37_21_134,r_37_21_134,0.95,4,138,134,80
29,r_5_43_106,r_23_6_2,r_88_42_23,r_5_43_106,0.98,1,107,106,80
14,r_60_47_53,seq59,r_48_147_153,r_60_47_53,0.96,0,53,53,80
91,seq101,seq94,r_126_102_116,r_126_102_116,1.0,34,150,116,80
24,r_105_53_120,seq108,seq52,r_105_53_120,0.97,1,121,120,80
12,r_106_148_99,seq145,r_48_147_153,r_48_147_153,1.0,0,153,153,80
56,seq9,r_5_43_106,r_70_8_76,r_70_8_76,0.63,2,78,76,80
18,r_19_76_69,r_77_114_158,seq78,r_77_114_158,1.0,0,158,158,80
23,r_90_103_135,seq89,r_44_104_54,r_44_104_54,1.0,81,135,54,80
35,r_127_142_72,r_144_18_111,seq136,r_144_18_111,1.0,-10,101,111,80
35,r_127_142_72,r_126_102_116,r_144_18_111,r_127_142_72,0.76,0,72,72,80
12,r_106_148_99,r_105_53_120,seq145,r_106_148_99,0.61,0,99,99,80
62,seq17,seq22,r_144_18_111,r_144_18_111,0.99,5,116,111,80
24,r_106_50_36,r_107_42_206,seq47,r_106_50_36,0.75,0,36,36,81
51,seq1,r_2_139_164,seq0,r_2_139_164,0.71,0,164,164,81
36,r_56_65_173,seq58,seq64,r_56_65_173,0.4,0,173,173,81
8,r_40_86_140,r_41_34_111,r_116_89_38,r_40_86_140,0.84,0,140,140,81
53,seq133,r_136_33_136,r_114_137_60,r_114_137_60,0.94,15,75,60,81
43,r_3_145_64,r_2_139_164,seq148,r_3_145_64,1.0,0,64,64,81
37,r_114_137_60,r_107_42_206,r_25_141_17,r_114_137_60,1.0,0,60,60,81
20,r_24_108_36,r_26_22_124,seq109,r_24_108_36,1.0,0,36,36,81
19,r_90_5_156,r_54_87_189,seq4,r_90_5_156,0.96,-34,122,156,81
30,r_52_95_12,seq47,seq94,r_52_95_12,0.86,0,12,12,81
71,seq58,r_57_77_92,seq55,r_57_77_92,1.0,0,92,92,81
21,r_27_72_91,seq30,seq73,r_27_72_91,0.77,1,92,91,81
39,r_21_131_88,r_26_22_124,seq132,r_21_131_88,0.99,0,88,88,81
1,r_118_135_104,r_117_20_190,r_46_134_96,r_118_135_104,1.0,0,104,104,81
23,r_111_67_19,r_118_135_104,seq68,r_111_67_19,0.82,0,19,19,81
5,r_98_19_67,seq96,r_45_13_8,r_98_19_67,0.87,0,67,67,81
46,r_138_115_108,r_140_130_137,r_107_42_206,r_107_42_206,0.43,-98,108,206,81
42,r_10_123_79,seq11,seq122,r_10_123_79,0.97,0,79,79,81
45,r_117_20_190,r_118_135_104,seq119,r_118_135_104,1.0,-7,97,104,81
52,seq4,seq8,r_113_23_30,r_113_23_30,0.44,96,126,30,81
95,seq122,seq121,r_10_123_79,r_10_123_79,1.0,21,100,79,81
3,r_17_83_43,seq15,r_116_89_38,r_17_83_43,1.0,0,43,43,81
89,seq104,r_103_82_147,seq100,r_103_82_147,0.98,-22,125,147,81
10,r_136_33_136,r_138_115_108,r_114_137_60,r_114_137_60,0.81,33,93,60,81
59,seq148,r_79_146_127,r_71_147_161,r_71_147_161,1.0,3,164,161,81
10,r_136_33_136,r_114_137_60,seq32,r_136_33_136,1.0,0,136,136,81
32,r_102_61_40,seq100,seq60,r_102_61_40,0.99,0,40,40,81
74,seq64,r_63_128_102,r_56_65_173,r_63_128_102,0.98,-51,51,102,81
41,r_97_9_182,r_98_19_67,seq96,r_98_19_67,1.0,-11,56,67,81
59,seq148,r_3_145_64,r_79_146_127,r_79_146_127,1.0,1,128,127,81
0,r_71_147_161,seq70,seq148,r_71_147_161,0.75,1,162,161,81
11,r_48_92_94,seq47,r_112_93_1,r_48_92_94,0.67,0,94,94,81
46,r_138_115_108,r_107_42_206,r_24_108_36,r_107_42_206,0.55,-9,197,206,81
15,r_79_146_127,seq78,seq148,r_79_146_127,0.96,0,127,127,81
48,r_12_44_149,seq18,seq35,r_12_44_149,0.72,0,149,149,81
6,r_57_77_92,seq58,seq76,r_57_77_92,0.88,0,92,92,81
59,seq148,seq133,r_3_145_64,r_3_145_64,0.99,-1,63,64,81
16,r_66_142_7,r_140_130_137,r_149_143_19,r_66_142_7,0.62,51,58,7,81
87,seq96,r_97_9_182,r_7_99_133,r_7_99_133,0.67,15,148,133,81
13,r_26_22_124,r_24_108_36,r_113_23_30,r_26_22_124,0.62,-88,36,124,81
87,seq96,r_98_19_67,r_97_9_182,r_98_19_67,1.0,0,67,67,81
2,r_2_139_164,seq1,r_25_141_17,r_2_139_164,0.67,0,164,164,81
47,r_7_99_133,seq8,seq96,r_7_99_133,0.53,0,133,133,81
40,r_38_49_164,r_43_39_34,r_106_50_36,r_106_50_36,0.99,128,164,36,81
18,r_63_128_102,seq60,seq126,r_63_128_102,1.0,0,102,102,81
29,r_43_39_34,r_38_49_164,seq37,r_38_49_164,0.64,0,164,164,81
52,seq4,r_6_81_44,seq0,r_6_81_44,0.4,1,45,44,81
14,r_25_141_17,r_26_22_124,r_66_142_7,r_25_141_17,0.99,0,17,17,81
17,r_116_89_38,r_114_137_60,seq84,r_116_89_38,0.97,0,38,38,81
91,seq109,r_107_42_206,r_24_108_36,r_24_108_36,0.98,13,49,36,81
50,seq0,r_2_139_164,seq1,r_2_139_164,0.73,-19,145,164,81
88,seq100,r_102_61_40,r_51_101_6,r_102_61_40,1.0,0,40,40,81
38,r_103_82_147,seq104,r_6_81_44,r_103_82_147,0.82,0,147,147,81
77,seq70,r_71_147_161,seq69,r_71_147_161,1.0,0,161,161,81
4,r_6_81_44,seq4,seq80,r_6_81_44,0.93,0,44,44,81
9,r_113_23_30,r_106_50_36,r_26_22_124,r_113_23_30,0.98,0,30,30,81
45,r_117_20_190,seq119,r_98_19_67,r_117_20_190,0.7,0,190,190,81
25,r_140_130_137,r_25_141_17,r_63_128_102,r_140_130_137,1.0,0,137,137,81
22,r_59_14_120,seq60,r_98_19_67,r_59_14_120,0.53,1,121,120,81
28,r_41_34_111,r_40_86_140,seq35,r_40_86_140,0.94,-29,111,140,81
7,r_46_134_96,r_40_86_140,r_25_141_17,r_46_134_96,0.87,0,96,96,81
44,r_129_144_197,seq127,r_118_135_104,r_118_135_104,1.0,94,198,104,81
7,r_46_134_96,r_25_141_17,r_118_135_104,r_118_135_104,0.47,25,129,104,81
25,r_140_130_137,r_138_115_108,r_25_141_17,r_140_130_137,0.85,-88,49,137,81
33,r_149_143_19,seq148,r_66_142_7,r_66_142_7,0.54,12,19,7,81
35,r_54_87_189,seq58,r_40_86_140,r_40_86_140,0.54,47,187,140,81
84,seq84,r_85_88_199,r_116_89_38,r_116_89_38,1.0,83,121,38,81
40,r_47_93_142,r_109_46_36,seq91,r_47_93_142,0.69,0,142,142,82
30,r_134_142_182,seq131,r_107_137_112,r_107_137_112,1.0,69,181,112,82
47,r_42_33_160,r_20_88_186,r_5_41_21,r_42_33_160,0.83,-138,22,160,82
36,r_96_117_154,r_55_97_4,r_99_119_75,r_99_119_75,0.62,79,154,75,82
19,r_74_9_44,r_72_129_51,seq7,r_74_9_44,0.99,0,44,44,82
92,seq108,r_107_137_112,seq111,r_107_137_112,0.97,-38,74,112,82
8,r_118_16_80,r_115_84_159,r_15_71_156,r_118_16_80,0.97,0,80,80,82
17,r_20_88_186,r_22_100_121,seq24,r_22_100_121,0.99,-71,50,121,82
43,r_140_98_102,seq135,r_55_97_4,r_140_98_102,0.93,2,104,102,82
37,r_121_77_159,r_115_84_159,r_68_75_98,r_68_75_98,0.62,71,169,98,82
59,seq131,r_134_142_182,r_141_132_114,r_141_132_114,0.99,42,156,114,82
21,r_68_75_98,r_69_70_101,r_21_80_10,r_68_75_98,0.79,0,98,98,82
1,r_141_132_114,seq135,seq131,r_141_132_114,1.0,0,114,114,82
46,r_40_106_87,seq37,seq103,r_40_106_87,0.98,0,87,87,82
42,r_31_29_138,seq32,seq28,r_31_29_138,0.34,6,144,138,82
7,r_109_46_36,r_47_93_142,seq44,r_109_46_36,0.84,109,145,36,82
32,r_19_66_35,r_20_88_186,r_30_67_38,r_19_66_35,0.94,0,35,35,82
31,r_115_84_159,seq122,seq82,r_115_84_159,0.59,0,159,159,82
41,r_55_97_4,r_96_117_154,r_140_98_102,r_140_98_102,1.0,52,154,102,82
89,seq94,r_95_127_103,r_55_97_4,r_95_127_103,1.0,-36,67,103,82
10,r_14_146_161,r_12_23_157,r_124_145_9,r_14_146_161,0.82,-3,158,161,82
26,r_89_8_174,seq91,seq7,r_89_8_174,0.53,0,174,174,82
72,seq49,r_48_73_159,seq54,r_48_73_159,0.57,-13,146,159,82
4,r_128_144_96,seq126,r_124_145_9,r_128_144_96,0.99,0,96,96,82
11,r_53_25_61,r_57_52_173,seq26,r_53_25_61,0.91,0,61,61,82
20,r_99_119_75,seq94,seq122,r_99_119_75,0.93,-1,74,75,82
48,r_148_38_57,seq149,seq37,r_148_38_57,1.0,0,57,57,82
40,r_47_93_142,r_43_104_126,r_109_46_36,r_109_46_36,0.75,0,36,36,82
0,r_5_41_21,r_42_33_160,r_90_39_159,r_90_39_159,0.78,3,162,159,82
2,r_48_73_159,seq49,r_141_132_114,r_141_132_114,0.91,49,163,114,82
15,r_45_63_33,r_43_104_126,r_69_70_101,r_45_63_33,0.94,0,33,33,82
14,r_72_129_51,r_74_9_44,seq130,r_74_9_44,0.91,3,47,44,82
24,r_17_76_101,r_14_146_161,r_68_75_98,r_17_76_101,0.92,0,101,101,82
8,r_118_16_80,r_15_71_156,r_102_13_104,r_118_16_80,0.89,52,132,80,82
25,r_107_137_112,seq108,seq138,r_107_137_112,0.99,0,112,112,82
33,r_120_60_130,r_115_84_159,seq59,r_120_60_130,0.54,0,130,130,82
50,seq130,r_134_142_182,r_0_133_69,r_0_133_69,1.0,30,99,69,82
70,seq135,r_140_98_102,seq136,r_140_98_102,1.0,-31,71,102,82
39,r_101_1_52,r_102_13_104,seq3,r_101_1_52,1.0,0,52,52,82
38,r_43_104_126,seq44,r_40_106_87,r_43_104_126,0.73,1,127,126,82
34,r_69_70_101,r_68_75_98,r_30_67_38,r_69_70_101,0.94,-3,98,101,82
0,r_5_41_21,r_17_76_101,r_42_33_160,r_5_41_21,0.92,0,21,21,82
9,r_90_39_159,seq91,r_148_38_57,r_148_38_57,0.79,102,159,57,82
22,r_12_23_157,r_14_146_161,seq24,r_12_23_157,0.75,0,157,157,82
28,r_22_100_121,seq26,r_55_97_4,r_22_100_121,0.9,0,121,121,82
81,seq79,seq86,r_21_80_10,r_21_80_10,0.81,9,19,10,82
7,r_109_46_36,r_107_137_112,r_47_93_142,r_109_46_36,0.94,0,36,36,82
18,r_50_78_39,r_48_73_159,r_21_80_10,r_21_80_10,0.8,31,41,10,82
49,r_15_71_156,r_14_146_161,r_21_80_10,r_21_80_10,0.75,154,164,10,82
44,r_2_18_153,seq4,seq24,r_2_18_153,0.58,0,153,153,82
23,r_95_127_103,seq94,seq126,r_95_127_103,0.7,1,104,103,82
79,seq139,r_140_98_102,seq136,r_140_98_102,1.0,2,104,102,82
12,r_30_67_38,seq28,r_19_66_35,r_30_67_38,0.98,0,38,38,82
26,r_142_134_89,r_34_129_52,r_35_135_76,r_35_135_76,0.42,57,133,76,83
9,r_36_57_7,r_56_139_71,r_113_55_17,r_56_139_71,0.99,0,71,71,83
14,r_131_42_182,seq132,r_18_43_79,r_18_43_79,0.68,103,182,79,83
8,r_19_94_167,r_18_43_79,seq86,r_19_94_167,0.81,1,168,167,83
53,seq132,r_131_42_182,r_34_129_52,r_34_129_52,1.0,128,180,52,83
43,r_15_138_100,r_16_124_110,r_56_139_71,r_56_139_71,0.76,29,100,71,83
37,r_113_55_17,r_114_70_100,r_36_57_7,r_113_55_17,1.0,0,17,17,83
41,r_118_50_19,seq48,r_133_45_28,r_133_45_28,0.72,48,76,28,83
19,r_92_79_178,seq86,seq80,r_92_79_178,0.84,0,178,178,83
55,seq137,r_142_134_89,r_56_139_71,r_56_139_71,1.0,4,75,71,83
71,seq41,seq40,r_91_38_83,r_91_38_83,1.0,54,137,83,83
21,r_97_4_61,seq101,r_13_3_99,r_97_4_61,1.0,3,64,61,83
39,r_114_70_100,seq116,seq69,r_114_70_100,1.0,0,100,100,83
46,r_93_100_92,r_92_79_178,seq99,r_93_100_92,1.0,0,92,92,83
92,seq112,r_114_70_100,seq116,r_114_70_100,1.0,-80,20,100,83
83,seq82,r_85_60_95,seq78,r_85_60_95,1.0,0,95,95,83
45,r_88_127_109,r_87_90_79,r_34_129_52,r_88_127_109,0.99,0,109,109,83
19,r_92_79_178,r_93_100_92,seq86,r_93_100_92,1.0,0,92,92,83
11,r_39_84_59,r_83_146_174,r_61_81_176,r_83_146_174,0.71,0,174,174,83
22,r_52_125_15,r_56_139_71,r_131_42_182,r_52_125_15,0.8,0,15,15,83
38,r_18_43_79,r_44_122_145,r_148_24_128,r_18_43_79,0.88,67,146,79,83
42,r_110_26_53,r_95_109_4,seq27,r_110_26_53,1.0,0,53,53,83
31,r_1_20_132,seq0,r_148_24_128,r_148_24_128,0.55,4,132,128,83
89,seq104,seq107,r_68_103_65,r_68_103_65,1.0,57,122,65,83
10,r_91_38_83,r_93_100_92,seq41,r_91_38_83,1.0,1,84,83,83
26,r_142_134_89,seq141,r_34_129_52,r_34_129_52,1.0,37,89,52,83
4,r_123_54_77,seq120,r_36_57_7,r_123_54_77,0.99,1,78,77,83
30,r_46_136_26,r_39_84_59,r_131_42_182,r_46_136_26,0.92,0,26,26,83
48,r_83_146_174,r_85_60_95,r_39_84_59,r_83_146_174,0.5,-79,95,174,83
6,r_13_3_99,seq12,r_97_4_61,r_97_4_61,1.0,38,99,61,83
0,r_56_139_71,seq137,r_15_138_100,r_15_138_100,1.0,20,120,100,83
0,r_56_139_71,r_36_57_7,seq137,r_56_139_71,1.0,0,71,71,83
27,r_67_9_118,seq69,seq8,r_67_9_118,0.9,0,118,118,83
16,r_133_45_28,seq128,seq48,r_133_45_28,1.0,0,28,28,83
24,r_87_90_79,r_89_143_142,seq86,r_89_143_142,0.98,0,142,142,83
22,r_52_125_15,r_131_42_182,r_16_124_110,r_16_124_110,0.99,7,117,110,83
18,r_85_60_95,r_83_146_174,seq63,r_85_60_95,1.0,0,95,95,83
24,r_87_90_79,r_88_127_109,r_89_143_142,r_88_127_109,0.99,-16,93,109,83
25,r_72_47_91,seq69,r_133_45_28,r_72_47_91,0.97,0,91,91,83
48,r_83_146_174,r_39_84_59,seq145,r_83_146_174,0.83,1,175,174,83
11,r_39_84_59,seq40,r_83_146_174,r_39_84_59,1.0,0,59,59,83
50,seq0,r_1_20_132,r_133_45_28,r_1_20_132,0.54,40,172,132,83
32,r_68_103_65,r_67_9_118,seq104,r_68_103_65,1.0,1,66,65,83
38,r_18_43_79,r_19_94_167,r_44_122_145,r_18_43_79,0.62,0,79,79,83
72,seq48,seq40,r_133_45_28,r_133_45_28,0.97,31,59,28,83
28,r_7_119_45,r_6_144_148,seq120,r_7_119_45,0.99,0,45,45,83
49,r_29_53_20,r_35_135_76,r_36_57_7,r_29_53_20,0.97,1,21,20,83
33,r_51_58_15,r_19_94_167,seq69,r_51_58_15,0.8,3,18,15,83
17,r_44_122_145,seq40,r_18_43_79,r_18_43_79,0.5,-8,71,79,83
30,r_46_136_26,r_131_42_182,r_35_135_76,r_35_135_76,1.0,1,77,76,83
41,r_118_50_19,r_123_54_77,seq48,r_118_50_19,0.93,0,19,19,83
7,r_61_81_176,seq63,seq78,r_61_81_176,0.61,0,176,176,83
44,r_105_49_153,seq107,r_118_50_19,r_105_49_153,0.58,0,153,153,83
23,r_89_143_142,r_87_90_79,seq141,r_89_143_142,0.93,0,142,142,83
17,r_44_122_145,r_18_43_79,r_7_119_45,r_44_122_145,0.95,0,145,145,83
40,r_115_71_27,seq116,seq69,r_115_71_27,0.98,0,27,27,83
12,r_16_124_110,seq14,r_52_125_15,r_16_124_110,0.99,0,110,110,83
30,r_53_3_132,r_57_51_94,seq2,r_53_3_132,0.99,0,132,132,84
36,r_89_132_93,seq88,seq131,r_89_132_93,1.0,0,93,93,84
14,r_118_54_194,r_119_90_114,r_91_122_147,r_118_54_194,0.56,-77,117,194,84
53,seq133,seq135,r_111_139_48,r_111_139_48,0.99,62,110,48,84
43,r_30_121_147,seq28,r_91_122_147,r_30_121_147,0.74,0,147,147,84
47,r_57_51_94,r_53_3_132,seq69,r_53_3_132,1.0,0,132,132,84
17,r_100_4_149,r_6_21_199,r_53_3_132,r_6_21_199,0.88,0,199,199,84
37,r_92_138_67,r_91_122_147,r_111_139_48,r_91_122_147,0.88,-80,67,147,84
59,seq18,r_19_23_18,r_38_16_62,r_38_16_62,1.0,15,77,62,84
24,r_5_26_16,r_6_21_199,r_63_35_75,r_6_21_199,0.51,-183,16,199,84
21,r_142_134_93,seq141,r_111_139_48,r_142_134_93,0.99,0,93,93,84
39,r_91_122_147,r_93_58_104,seq99,r_93_58_104,0.94,0,104,104,84
1,r_12_87_139,seq14,seq88,r_12_87_139,0.66,-13,126,139,84
46,r_102_136_197,r_100_4_149,r_95_113_36,r_100_4_149,0.57,-4,145,149,84
42,r_93_58_104,r_91_122_147,seq61,r_93_58_104,0.98,0,104,104,84
12,r_73_145_117,r_74_80_28,r_44_72_8,r_73_145_117,0.53,-87,30,117,84
88,seq88,seq84,r_12_87_139,r_12_87_139,0.99,24,163,139,84
47,r_57_51_94,seq69,r_120_45_79,r_57_51_94,0.36,77,171,94,84
40,r_44_72_8,seq83,r_116_75_31,r_44_72_8,0.5,148,156,8,84
41,r_59_41_88,r_57_51_94,seq50,r_59_41_88,0.88,0,88,88,84
10,r_119_90_114,r_118_54_194,seq96,r_119_90_114,0.61,0,114,114,84
90,seq99,r_98_9_126,r_119_90_114,r_98_9_126,0.99,0,126,126,84
3,r_74_80_28,r_73_145_117,seq82,r_73_145_117,0.79,-87,30,117,84
26,r_127_60_175,r_89_132_93,r_97_62_123,r_127_60_175,0.67,1,176,175,84
26,r_127_60_175,r_128_144_159,r_89_132_93,r_89_132_93,1.0,65,158,93,84
72,seq135,seq133,r_52_137_15,r_52_137_15,0.94,3,18,15,84
14,r_118_54_194,r_91_122_147,r_127_60_175,r_118_54_194,0.59,0,194,194,84
0,r_63_35_75,seq64,seq36,r_63_35_75,0.82,0,75,75,84
11,r_128_144_159,r_129_17_148,r_127_60_175,r_129_17_148,0.75,0,148,148,84
20,r_11_130_172,seq8,r_89_132_93,r_11_130_172,0.68,0,172,172,84
15,r_120_45_79,r_118_54_194,seq46,r_120_45_79,0.97,0,79,79,84
48,r_148_79_121,r_149_70_187,r_74_80_28,r_148_79_121,0.98,0,121,121,84
12,r_73_145_117,r_44_72_8,r_147_20_174,r_73_145_117,0.98,0,117,117,84
6,r_15_109_155,r_19_23_18,r_43_112_25,r_15_109_155,0.74,0,155,155,84
49,r_52_137_15,r_55_40_14,seq135,r_52_137_15,0.91,0,15,15,84
99,seq125,r_126_13_138,seq124,r_126_13_138,1.0,0,138,138,84
32,r_56_66_116,r_53_3_132,seq69,r_53_3_132,1.0,-11,121,132,84
31,r_6_21_199,r_5_26_16,r_11_130_172,r_5_26_16,0.92,-6,10,16,84
87,seq86,seq83,r_42_85_30,r_42_85_30,0.97,138,168,30,84
39,r_91_122_147,seq99,r_30_121_147,r_30_121_147,0.52,0,147,147,84
4,r_111_139_48,r_108_65_169,r_52_137_15,r_111_139_48,0.96,1,49,48,84
4,r_111_139_48,r_52_137_15,r_92_138_67,r_92_138_67,1.0,13,80,67,84
74,seq47,r_48_68_135,seq50,r_48_68_135,0.7,0,135,135,84
18,r_129_17_148,r_128_144_159,seq18,r_129_17_148,0.86,0,148,148,84
29,r_147_20_174,r_149_70_187,r_129_17_148,r_147_20_174,0.61,1,175,174,84
32,r_56_66_116,r_63_35_75,r_53_3_132,r_53_3_132,0.48,-63,69,132,84
34,r_149_70_187,r_73_145_117,r_146_67_82,r_149_70_187,0.5,0,187,187,84
25,r_146_67_82,r_147_20_174,seq69,r_146_67_82,0.99,0,82,82,84
19,r_101_140_41,r_100_4_149,r_147_20_174,r_101_140_41,0.58,0,41,41,84
2,r_42_85_30,seq46,seq86,r_42_85_30,0.97,0,30,30,84
33,r_108_65_169,seq110,r_63_35_75,r_108_65_169,0.75,0,169,169,84
88,seq88,r_89_132_93,seq84,r_89_132_93,0.89,0,93,93,84
70,seq36,seq28,r_63_35_75,r_63_35_75,1.0,12,87,75,84
12,r_73_145_117,r_147_20_174,r_128_144_159,r_73_145_117,0.99,51,168,117,84
52,seq131,r_128_144_159,r_89_132_93,r_89_132_93,0.9,19,112,93,84
34,r_149_70_187,r_148_79_121,r_73_145_117,r_149_70_187,0.75,-66,121,187,84
17,r_100_4_149,r_102_136_197,r_6_21_199,r_100_4_149,0.88,0,149,149,84
13,r_43_112_25,r_42_85_30,seq110,r_43_112_25,0.96,-2,23,25,84
31,r_6_21_199,r_11_130_172,r_100_4_149,r_6_21_199,0.69,-49,150,199,84
11,r_128_144_159,r_127_60_175,r_73_145_117,r_127_60_175,0.43,-15,160,175,84
22,r_38_16_62,seq28,seq18,r_38_16_62,1.0,0,62,62,84
28,r_97_62_123,r_98_9_126,seq61,r_97_62_123,0.6,2,125,123,84
7,r_1_37_84,seq0,r_63_35_75,r_1_37_84,1.0,0,84,84,84
44,r_48_68_135,seq47,r_146_67_82,r_146_67_82,1.0,53,135,82,84
5,r_116_75_31,r_117_143_141,seq76,r_116_75_31,0.81,0,31,31,84
35,r_98_9_126,seq99,seq7,r_98_9_126,0.98,0,126,126,84
84,seq82,r_81_94_135,r_74_80_28,r_81_94_135,0.91,0,135,135,84
44,r_60_30_17,r_29_128_148,r_58_28_80,r_60_30_17,0.86,131,148,17,85
9,r_127_8_182,r_80_129_18,r_79_11_157,r_127_8_182,0.48,0,182,182,85
8,r_76_116_168,seq74,r_144_114_98,r_76_116_168,0.7,0,168,168,85
17,r_48_0_48,seq46,seq3,r_48_0_48,0.63,2,50,48,85
0,r_24_122_71,seq120,r_13_121_101,r_13_121_101,0.99,28,129,101,85
48,r_79_11_157,r_81_26_120,r_61_78_12,r_61_78_12,1.0,0,12,12,85
54,seq140,r_139_66_168,r_34_142_38,r_34_142_38,0.58,31,69,38,85
83,seq82,r_84_126_143,r_61_78_12,r_84_126_143,0.86,-30,113,143,85
38,r_29_128_148,r_35_104_151,r_60_30_17,r_29_128_148,0.65,-132,16,148,85
16,r_56_18_153,r_57_43_101,seq55,r_57_43_101,0.78,-25,76,101,85
21,r_144_114_98,seq145,seq115,r_144_114_98,1.0,0,98,98,85
1,r_139_66_168,seq140,r_85_69_54,r_139_66_168,0.96,0,168,168,85
5,r_32_98_61,r_33_73_135,r_141_99_12,r_32_98_61,1.0,0,61,61,85
42,r_58_28_80,r_57_43_101,r_60_30_17,r_58_28_80,0.84,0,80,80,85
44,r_60_30_17,r_76_116_168,r_29_128_148,r_29_128_148,0.45,-131,17,148,85
11,r_61_78_12,r_79_11_157,r_51_90_47,r_79_11_157,0.99,0,157,157,85
24,r_81_26_120,seq82,r_58_28_80,r_81_26_120,1.0,0,120,120,85
19,r_103_20_103,r_102_109_164,seq21,r_103_20_103,1.0,0,103,103,85
33,r_80_129_18,r_127_8_182,r_29_128_148,r_29_128_148,0.66,34,182,148,85
27,r_65_17_101,seq16,r_103_20_103,r_65_17_101,0.52,17,118,101,85
38,r_29_128_148,r_60_30_17,r_80_129_18,r_60_30_17,0.76,131,148,17,85
39,r_105_123_42,r_124_2_123,seq148,r_124_2_123,0.8,4,127,123,85
15,r_149_108_59,r_139_66_168,seq106,r_149_108_59,0.99,0,59,59,85
67,seq41,r_39_112_161,r_93_40_48,r_93_40_48,0.98,31,79,48,85
14,r_42_4_21,r_48_0_48,seq5,r_42_4_21,0.5,1,22,21,85
10,r_71_27_176,seq67,r_58_28_80,r_58_28_80,0.77,96,176,80,85
57,seq16,r_85_69_54,r_19_59_170,r_19_59_170,0.41,-33,137,170,85
99,seq120,r_9_136_6,r_24_122_71,r_24_122_71,0.77,-2,69,71,85
16,r_56_18_153,seq55,r_103_20_103,r_56_18_153,0.91,0,153,153,85
39,r_105_123_42,seq148,r_84_126_143,r_105_123_42,0.6,106,148,42,85
13,r_38_1_168,r_35_104_151,seq46,r_35_104_151,0.65,-126,25,151,85
4,r_77_96_64,r_76_116_168,seq97,r_77_96_64,1.0,0,64,64,85
0,r_24_122_71,seq25,seq120,r_24_122_71,1.0,1,72,71,85
73,seq55,r_56_18_153,r_31_54_8,r_56_18_153,0.56,0,153,153,85
20,r_52_22_96,seq53,seq21,r_52_22_96,0.98,0,96,96,85
17,r_48_0_48,r_38_1_168,seq23,r_38_1_168,1.0,-7,161,168,85
49,r_102_109_164,r_32_98_61,r_144_114_98,r_102_109_164,0.5,0,164,164,85
17,r_48_0_48,seq3,r_38_1_168,r_38_1_168,0.53,-28,140,168,85
12,r_33_73_135,r_38_1_168,seq72,r_33_73_135,0.81,0,135,135,85
28,r_88_134_36,seq86,r_9_136_6,r_88_134_36,1.0,1,37,36,85
13,r_38_1_168,seq46,r_124_2_123,r_124_2_123,0.56,45,168,123,85
62,seq21,r_19_59_170,r_103_20_103,r_103_20_103,1.0,62,165,103,85
27,r_65_17_101,r_71_27_176,seq16,r_71_27_176,0.63,-75,101,176,85
64,seq25,r_24_122_71,seq23,r_24_122_71,0.89,-47,24,71,85
35,r_141_99_12,r_139_66_168,seq100,r_141_99_12,0.5,0,12,12,85
24,r_81_26_120,r_79_11_157,seq82,r_81_26_120,0.44,-68,52,120,85
36,r_49_7_49,seq53,seq5,r_49_7_49,0.95,-4,45,49,85
2,r_119_83_138,seq115,r_61_78_12,r_119_83_138,0.69,0,138,138,85
47,r_133_117_117,r_137_132_63,r_68_118_5,r_133_117_117,0.98,0,117,117,85
18,r_57_43_101,r_56_18_153,seq45,r_56_18_153,0.74,-51,102,153,85
48,r_79_11_157,r_61_78_12,seq14,r_79_11_157,0.89,0,157,157,85
6,r_85_69_54,r_84_126_143,r_125_64_29,r_85_69_54,0.98,0,54,54,85
70,seq46,r_47_138_96,seq45,r_47_138_96,1.0,0,96,96,85
61,seq148,seq143,r_34_142_38,r_34_142_38,1.0,110,148,38,85
32,r_47_138_96,seq46,r_34_142_38,r_47_138_96,0.6,0,96,96,85
52,seq5,seq3,r_49_7_49,r_49_7_49,1.0,15,64,49,85
45,r_34_142_38,r_33_73_135,seq140,r_34_142_38,1.0,0,38,38,85
34,r_19_59_170,seq21,r_139_66_168,r_139_66_168,0.84,0,168,168,85
31,r_51_90_47,seq50,seq94,r_51_90_47,1.0,0,47,47,85
33,r_80_129_18,r_81_26_120,r_127_8_182,r_80_129_18,1.0,0,18,18,85
29,r_124_2_123,r_139_66_168,r_105_123_42,r_105_123_42,0.96,0,42,42,85
11,r_61_78_12,r_76_116_168,seq82,r_61_78_12,0.98,0,12,12,85
29,r_124_2_123,r_105_123_42,seq3,r_124_2_123,1.0,0,123,123,85
22,r_13_121_101,seq15,r_24_122_71,r_13_121_101,0.71,0,101,101,85
49,r_102_109_164,r_103_20_103,r_32_98_61,r_102_109_164,0.74,-101,63,164,85
9,r_127_8_182,r_139_66_168,r_80_129_18,r_80_129_18,0.94,0,18,18,85
23,r_39_112_161,seq41,r_144_114_98,r_39_112_161,0.89,0,161,161,85
41,r_10_6_64,r_13_121_101,r_49_7_49,r_10_6_64,1.0,-7,57,64,85
91,seq97,r_93_40_48,r_141_99_12,r_93_40_48,1.0,-3,45,48,85
7,r_125_64_29,r_124_2_123,seq70,r_125_64_29,1.0,0,29,29,85
43,r_93_40_48,seq89,seq41,r_93_40_48,1.0,0,48,48,85
12,r_33_73_135,r_32_98_61,r_38_1_168,r_32_98_61,1.0,0,61,61,85
39,r_105_123_42,r_119_83_138,r_124_2_123,r_105_123_42,0.99,0,42,42,85
93,seq145,r_144_79_169,r_103_142_141,r_103_142_141,0.85,28,169,141,86
30,r_63_8_127,seq62,seq9,r_63_8_127,0.87,0,127,127,86
36,r_40_105_160,r_25_38_14,r_61_109_45,r_25_38_14,0.59,146,160,14,86
92,seq100,r_101_53_93,seq98,r_101_53_93,0.88,0,93,93,86
14,r_131_46_136,r_132_110_175,r_95_49_127,r_131_46_136,0.73,0,136,136,86
41,r_118_0_46,r_1_18_71,seq9,r_118_0_46,0.45,26,72,46,86
8,r_66_51_157,r_63_8_127,seq75,r_63_8_127,0.73,-9,118,127,86
43,r_138_139_21,r_140_32_112,seq145,r_140_32_112,0.95,0,112,112,86
4,r_137_93_10,r_116_7_173,r_95_49_127,r_137_93_10,0.54,0,10,10,86
71,seq41,r_42_129_126,seq33,r_42_129_126,0.93,0,126,126,86
16,r_91_31_122,r_92_14_163,seq30,r_91_31_122,0.98,0,122,122,86
39,r_143_54_95,r_144_79_169,r_101_53_93,r_143_54_95,0.85,1,96,95,86
1,r_148_120_89,r_147_96_114,seq119,r_148_120_89,0.93,0,89,89,86
5,r_121_78_65,r_124_83_100,seq77,r_121_78_65,0.78,0,65,65,86
46,r_127_125_82,seq128,r_48_123_16,r_48_123_16,0.67,66,82,16,86
7,r_103_142_141,r_141_108_15,seq145,r_103_142_141,0.91,1,142,141,86
45,r_130_6_146,r_132_110_175,r_59_4_6,r_130_6_146,0.87,0,146,146,86
42,r_11_58_45,r_66_51_157,r_56_90_181,r_11_58_45,0.35,22,67,45,86
19,r_56_90_181,seq57,r_27_115_166,r_27_115_166,0.86,21,187,166,86
26,r_65_3_48,r_63_8_127,r_59_4_6,r_59_4_6,0.73,45,51,6,86
31,r_113_60_108,seq114,r_11_58_45,r_11_58_45,0.7,63,108,45,86
3,r_74_34_131,r_73_146_159,seq33,r_74_34_131,0.99,0,131,131,86
9,r_141_108_15,r_144_79_169,seq106,r_141_108_15,0.79,1,16,15,86
40,r_61_109_45,r_63_8_127,r_141_108_15,r_61_109_45,0.97,0,45,45,86
78,seq68,r_63_8_127,seq75,r_63_8_127,0.93,-56,71,127,86
0,r_27_115_166,seq29,r_148_120_89,r_148_120_89,0.57,77,166,89,86
63,seq22,r_23_28_82,seq20,r_23_28_82,0.82,0,82,82,86
38,r_147_96_114,r_144_79_169,r_21_94_90,r_147_96_114,0.89,0,114,114,86
11,r_117_37_191,seq119,r_25_38_14,r_117_37_191,0.28,0,191,191,86
20,r_21_94_90,seq22,r_95_49_127,r_21_94_90,0.91,0,90,90,86
13,r_43_122_120,r_42_129_126,r_48_123_16,r_48_123_16,1.0,104,120,16,86
98,seq114,r_113_60_108,seq111,r_113_60_108,0.94,-10,98,108,86
15,r_39_97_86,r_40_105_160,seq98,r_39_97_86,0.99,0,86,86,86
48,r_45_149_123,seq47,seq145,r_45_149_123,0.91,0,123,123,86
4,r_137_93_10,r_95_49_127,r_21_94_90,r_21_94_90,1.0,36,126,90,86
22,r_1_18_71,seq9,r_118_0_46,r_1_18_71,0.95,-50,21,71,86
99,seq119,r_116_7_173,r_148_120_89,r_148_120_89,0.63,59,148,89,86
47,r_102_35_10,r_101_53_93,seq36,r_102_35_10,0.97,0,10,10,86
41,r_118_0_46,seq119,r_1_18_71,r_118_0_46,0.88,0,46,46,86
8,r_66_51_157,seq75,seq52,r_66_51_157,0.62,1,158,157,86
10,r_48_123_16,r_124_83_100,r_127_125_82,r_124_83_100,0.8,0,100,100,86
27,r_104_70_63,r_103_142_141,seq69,r_104_70_63,0.99,0,63,63,86
42,r_11_58_45,seq12,r_66_51_157,r_11_58_45,0.79,0,45,45,86
2,r_116_7_173,r_117_37_191,r_63_8_127,r_117_37_191,0.6,-15,176,191,86
37,r_95_49_127,r_91_31_122,r_137_93_10,r_137_93_10,0.81,0,10,10,86
18,r_25_38_14,r_40_105_160,r_74_34_131,r_25_38_14,0.76,146,160,14,86
29,r_81_64_140,seq80,seq62,r_81_64_140,0.54,0,140,140,86
25,r_101_53_93,seq100,r_143_54_95,r_101_53_93,0.6,3,96,93,86
20,r_21_94_90,r_95_49_127,r_147_96_114,r_95_49_127,0.67,0,127,127,86
50,seq128,r_132_110_175,r_16_126_37,r_16_126_37,1.0,75,112,37,86
61,seq19,seq17,r_1_18_71,r_1_18_71,1.0,2,73,71,86
32,r_76_67_120,seq77,seq75,r_76_67_120,0.49,0,120,120,86
12,r_16_126_37,seq17,seq128,r_16_126_37,1.0,0,37,37,86
22,r_1_18_71,r_118_0_46,seq19,r_1_18_71,1.0,0,71,71,86
38,r_147_96_114,r_148_120_89,r_144_79_169,r_148_120_89,0.52,0,89,89,86
77,seq62,r_63_8_127,r_66_51_157,r_63_8_127,0.81,0,127,127,86
10,r_48_123_16,r_45_149_123,r_124_83_100,r_48_123_16,0.96,7,23,16,86
34,r_124_83_100,seq119,seq84,r_124_83_100,0.69,0,100,100,86
81,seq75,r_73_146_159,r_104_70_63,r_104_70_63,0.75,96,159,63,86
17,r_73_146_159,seq75,r_45_149_123,r_73_146_159,0.67,0,159,159,86
77,seq62,r_66_51_157,r_81_64_140,r_66_51_157,0.8,-8,149,157,86
37,r_95_49_127,r_137_93_10,seq47,r_95_49_127,0.72,0,127,127,86
49,r_50_99_41,r_45_149_123,seq100,r_50_99_41,0.98,0,41,41,86
7,r_103_142_141,r_104_70_63,r_141_108_15,r_104_70_63,0.91,2,65,63,86
44,r_92_14_163,seq86,seq15,r_92_14_163,0.9,0,163,163,86
23,r_140_32_112,r_138_139_21,seq33,r_140_32_112,0.98,0,112,112,86
75,seq55,r_73_146_159,seq68,r_73_146_159,0.97,-20,139,159,86
35,r_42_129_126,seq41,seq128,r_42_129_126,0.98,0,126,126,86
42,r_11_58_45,r_56_90_181,r_113_60_108,r_113_60_108,0.83,0,108,108,86
40,r_17_53_54,r_45_126_163,r_83_50_139,r_17_53_54,0.89,85,139,54,87
30,r_110_122_196,seq107,r_85_120_193,r_85_120_193,0.57,1,194,193,87
51,seq130,seq134,r_92_128_20,r_92_128_20,0.92,137,157,20,87
6,r_92_128_20,r_93_48_105,r_129_80_200,r_92_128_20,0.93,0,20,20,87
14,r_82_30_112,r_85_120_193,r_114_32_3,r_82_30_112,1.0,0,112,112,87
8,r_143_19_127,seq142,seq11,r_143_19_127,0.95,1,128,127,87
12,r_41_40_122,r_106_56_22,r_65_75_179,r_41_40_122,0.45,9,131,122,87
48,r_2_105_112,r_110_122_196,r_92_128_20,r_92_128_20,0.49,117,137,20,87
33,r_69_139_56,seq70,seq142,r_69_139_56,0.98,0,56,56,87
37,r_52_149_104,seq46,r_102_147_21,r_52_149_104,1.0,0,104,104,87
13,r_13_109_144,r_110_122_196,seq107,r_110_122_196,0.95,0,196,196,87
16,r_65_75_179,r_64_47_130,r_116_62_16,r_65_75_179,0.81,-47,132,179,87
39,r_38_6_63,r_39_127_91,seq7,r_38_6_63,1.0,0,63,63,87
1,r_20_138_129,seq23,seq137,r_20_138_129,0.72,0,129,129,87
3,r_42_100_131,r_106_56_22,r_98_104_157,r_42_100_131,0.8,0,131,131,87
22,r_113_74_24,seq112,seq76,r_113_74_24,0.99,0,24,24,87
18,r_141_77_26,r_140_15_184,seq78,r_141_77_26,0.94,0,26,26,87
77,seq55,seq57,r_106_56_22,r_106_56_22,0.98,9,31,22,87
69,seq27,seq25,r_22_26_84,r_22_26_84,0.98,10,94,84,87
16,r_65_75_179,r_116_62_16,r_36_84_130,r_65_75_179,0.77,0,179,179,87
19,r_10_89_161,r_14_9_108,seq90,r_10_89_161,0.8,0,161,161,87
95,seq107,r_108_54_158,r_13_109_144,r_13_109_144,0.68,15,159,144,87
31,r_22_26_84,seq23,seq27,r_22_26_84,0.87,0,84,84,87
41,r_33_49_194,r_36_84_130,r_94_35_46,r_94_35_46,0.91,84,130,46,87
0,r_18_144_75,r_13_109_144,seq142,r_18_144_75,0.63,0,75,75,87
20,r_116_62_16,r_119_37_173,r_65_75_179,r_116_62_16,1.0,0,16,16,87
96,seq112,r_143_19_127,r_92_128_20,r_143_19_127,1.0,0,127,127,87
3,r_42_100_131,r_43_117_98,r_106_56_22,r_43_117_98,0.59,0,98,98,87
10,r_73_16_64,seq76,seq11,r_73_16_64,1.0,0,64,64,87
0,r_18_144_75,r_17_53_54,r_13_109_144,r_17_53_54,0.8,-22,32,54,87
26,r_121_34_180,seq123,r_94_35_46,r_121_34_180,0.36,0,180,180,87
4,r_119_37_173,r_121_34_180,r_41_40_122,r_119_37_173,0.56,0,173,173,87
78,seq57,r_58_96_75,r_106_56_22,r_58_96_75,0.93,0,75,75,87
11,r_43_117_98,r_42_100_131,r_68_132_44,r_42_100_131,0.83,-34,97,131,87
17,r_36_84_130,r_33_49_194,r_94_35_46,r_94_35_46,1.0,2,48,46,87
13,r_13_109_144,seq11,r_110_122_196,r_13_109_144,0.85,0,144,144,87
98,seq123,r_119_37_173,r_43_117_98,r_43_117_98,0.44,75,173,98,87
48,r_2_105_112,seq3,r_110_122_196,r_2_105_112,0.79,0,112,112,87
45,r_94_35_46,r_103_148_211,r_36_84_130,r_94_35_46,0.99,1,47,46,87
27,r_129_80_200,seq130,r_92_128_20,r_92_128_20,0.99,10,30,20,87
42,r_88_101_44,r_85_120_193,r_98_104_157,r_88_101_44,1.0,1,45,44,87
2,r_58_96_75,seq57,seq97,r_58_96_75,1.0,0,75,75,87
43,r_111_124_199,seq142,r_63_115_136,r_63_115_136,1.0,0,136,136,87
70,seq28,seq27,r_114_32_3,r_114_32_3,0.43,109,112,3,87
6,r_92_128_20,r_129_80_200,r_68_132_44,r_68_132_44,0.99,156,200,44,87
12,r_41_40_122,r_65_75_179,r_119_37_173,r_119_37_173,0.97,0,173,173,87
20,r_116_62_16,r_65_75_179,seq59,r_65_75_179,0.58,0,179,179,87
61,seq142,r_140_15_184,r_69_139_56,r_69_139_56,0.97,118,174,56,87
32,r_63_115_136,r_65_75_179,r_92_128_20,r_63_115_136,0.98,0,136,136,87
38,r_64_47_130,r_65_75_179,seq46,r_64_47_130,0.7,2,132,130,87
85,seq72,r_71_29_31,seq76,r_71_29_31,1.0,-1,30,31,87
25,r_102_147_21,r_103_148_211,seq145,r_102_147_21,0.97,0,21,21,87
24,r_106_56_22,r_110_122_196,seq55,r_106_56_22,0.94,1,23,22,87
34,r_81_91_41,r_82_30_112,seq90,r_81_91_41,0.99,0,41,41,87
15,r_71_29_31,seq72,r_114_32_3,r_71_29_31,1.0,0,31,31,87
45,r_94_35_46,r_36_84_130,r_33_49_194,r_36_84_130,1.0,0,130,130,87
84,seq70,r_68_132_44,seq66,r_68_132_44,1.0,-8,36,44,87
25,r_102_147_21,seq145,r_52_149_104,r_52_149_104,1.0,1,105,104,87
40,r_17_53_54,r_18_144_75,r_45_126_163,r_17_53_54,0.99,0,54,54,87
43,r_111_124_199,r_129_80_200,seq142,r_111_124_199,0.55,-174,25,199,87
28,r_39_127_91,r_41_40_122,r_92_128_20,r_39_127_91,1.0,0,91,91,87
48,r_2_105_112,r_92_128_20,r_13_109_144,r_2_105_112,0.58,56,168,112,87
49,r_108_54_158,seq107,r_17_53_54,r_17_53_54,0.71,104,158,54,87
71,seq31,seq25,r_114_32_3,r_114_32_3,0.4,26,29,3,87
56,seq7,r_13_109_144,r_38_6_63,r_38_6_63,0.88,15,78,63,87
23,r_93_48_105,seq90,seq46,r_93_48_105,0.93,0,105,105,87
96,seq112,r_113_74_24,r_143_19_127,r_113_74_24,0.67,1,25,24,87
17,r_36_84_130,r_94_35_46,seq76,r_36_84_130,0.91,0,130,130,87
35,r_83_50_139,r_85_120_193,r_17_53_54,r_17_53_54,0.98,85,139,54,87
12,r_41_40_122,r_39_127_91,r_106_56_22,r_39_127_91,0.84,0,91,91,87
8,r_26_142_151,r_75_25_48,seq101,r_75_25_48,0.91,100,148,48,88
40,r_93_110_155,r_77_96_123,r_114_121_125,r_93_110_155,0.79,0,155,155,88
30,r_20_113_146,seq19,seq111,r_20_113_146,0.92,0,146,146,88
14,r_77_96_123,seq78,seq97,r_77_96_123,0.38,3,126,123,88
8,r_26_142_151,r_27_100_139,r_75_25_48,r_75_25_48,1.0,88,136,48,88
17,r_12_133_135,r_13_31_52,r_99_17_9,r_13_31_52,0.92,-2,50,52,88
43,r_43_18_61,r_6_41_3,r_99_17_9,r_43_18_61,1.0,0,61,61,88
37,r_81_58_81,r_84_116_87,seq57,r_81_58_81,0.99,0,81,81,88
67,seq36,r_115_34_4,r_148_37_88,r_148_37_88,1.0,9,97,88,88
16,r_61_7_124,seq64,seq9,r_61_7_124,0.98,0,124,124,88
21,r_68_139_60,r_69_8_109,r_141_140_117,r_68_139_60,1.0,1,61,60,88
1,r_149_87_186,seq146,r_136_89_155,r_136_89_155,0.76,27,182,155,88
46,r_1_91_188,seq2,seq92,r_1_91_188,0.34,0,188,188,88
42,r_124_53_128,r_125_49_173,seq52,r_124_53_128,0.67,0,128,128,88
80,seq78,r_77_96_123,r_107_79_102,r_107_79_102,0.99,22,124,102,88
20,r_73_38_53,seq72,r_59_66_196,r_73_38_53,0.92,0,53,53,88
19,r_114_121_125,seq111,seq118,r_114_121_125,0.57,0,125,125,88
44,r_14_109_39,r_15_51_88,seq111,r_14_109_39,1.0,0,39,39,88
76,seq64,r_61_7_124,r_39_62_129,r_61_7_124,0.98,0,124,124,88
39,r_141_140_117,seq137,r_65_138_8,r_65_138_8,0.84,21,29,8,88
31,r_69_8_109,r_68_139_60,seq70,r_68_139_60,1.0,0,60,60,88
33,r_115_34_4,seq36,r_94_35_71,r_94_35_71,1.0,0,71,71,88
41,r_107_79_102,seq106,seq78,r_107_79_102,0.92,0,102,102,88
3,r_136_89_155,seq132,r_107_79_102,r_136_89_155,0.6,0,155,155,88
10,r_6_41_3,r_43_18_61,r_59_66_196,r_43_18_61,0.99,0,61,61,88
5,r_75_25_48,r_27_100_139,r_99_17_9,r_27_100_139,1.0,-42,97,139,88
8,r_26_142_151,seq101,r_81_58_81,r_26_142_151,0.54,31,182,151,88
26,r_71_131_71,seq70,seq132,r_71_131_71,1.0,0,71,71,88
72,seq52,seq55,r_15_51_88,r_15_51_88,1.0,9,97,88,88
29,r_104_29_27,seq102,seq30,r_104_29_27,1.0,1,28,27,88
4,r_125_49_173,seq123,r_88_50_56,r_125_49_173,0.61,0,173,173,88
0,r_47_126_82,seq48,r_122_127_76,r_47_126_82,0.99,0,82,82,88
11,r_145_143_184,seq146,r_90_144_92,r_90_144_92,1.0,91,183,92,88
49,r_0_54_7,seq55,r_81_58_81,r_81_58_81,1.0,42,123,81,88
6,r_15_51_88,r_12_133_135,seq52,r_15_51_88,1.0,0,88,88,88
10,r_6_41_3,r_59_66_196,r_63_42_133,r_63_42_133,0.75,0,133,133,88
27,r_94_35_71,r_93_110_155,r_115_34_4,r_94_35_71,1.0,0,71,71,88
47,r_90_144_92,seq92,r_145_143_184,r_90_144_92,1.0,0,92,92,88
40,r_93_110_155,r_94_35_71,r_77_96_123,r_94_35_71,1.0,0,71,71,88
18,r_148_37_88,r_149_87_186,seq36,r_148_37_88,1.0,0,88,88,88
24,r_60_83_62,r_59_66_196,seq82,r_60_83_62,1.0,0,62,62,88
31,r_69_8_109,seq70,seq9,r_69_8_109,1.0,0,109,109,88
20,r_73_38_53,r_59_66_196,seq46,r_73_38_53,0.6,90,143,53,88
32,r_4_40_169,r_1_91_188,r_6_41_3,r_4_40_169,0.41,0,169,169,88
38,r_33_95_84,seq32,seq97,r_33_95_84,1.0,0,84,84,88
75,seq57,seq55,r_81_58_81,r_81_58_81,1.0,0,81,81,88
9,r_76_67_101,seq72,seq70,r_76_67_101,0.9,0,101,101,88
29,r_104_29_27,seq30,r_13_31_52,r_13_31_52,0.97,121,173,52,88
22,r_84_116_87,seq85,seq111,r_84_116_87,0.92,0,87,87,88
25,r_13_31_52,r_15_51_88,seq32,r_13_31_52,0.9,0,52,52,88
28,r_28_117_175,seq30,r_114_121_125,r_114_121_125,0.51,52,177,125,88
91,seq106,r_107_79_102,seq102,r_107_79_102,1.0,0,102,102,88
5,r_75_25_48,r_76_67_101,r_27_100_139,r_75_25_48,0.96,1,49,48,88
17,r_12_133_135,r_99_17_9,r_71_131_71,r_12_133_135,0.91,0,135,135,88
12,r_63_42_133,seq64,r_6_41_3,r_63_42_133,0.47,0,133,133,88
45,r_147_86_18,r_149_87_186,seq85,r_147_86_18,1.0,0,18,18,88
84,seq92,r_90_144_92,r_147_86_18,r_90_144_92,0.47,-1,91,92,88
30,r_35_124_167,r_34_6_65,r_90_36_55,r_35_124_167,1.0,-102,65,167,89
42,r_23_43_34,r_22_127_176,r_117_48_17,r_23_43_34,0.99,0,34,34,89
18,r_42_133_39,r_44_147_134,seq134,r_42_133_39,1.0,0,39,39,89
8,r_44_147_134,seq45,r_42_133_39,r_42_133_39,0.9,93,132,39,89
54,seq134,r_132_51_189,r_42_133_39,r_42_133_39,0.82,72,111,39,89
37,r_22_127_176,r_25_10_120,seq26,r_25_10_120,0.79,-59,61,120,89
21,r_28_129_66,r_25_10_120,seq131,r_28_129_66,1.0,0,66,66,89
1,r_30_119_64,seq32,r_78_118_20,r_30_119_64,1.0,0,64,64,89
5,r_102_31_176,seq113,r_139_29_148,r_139_29_148,0.63,24,172,148,89
46,r_24_61_99,r_25_10_120,seq59,r_24_61_99,0.99,0,99,99,89
32,r_79_63_168,r_57_82_45,seq66,r_79_63_168,0.56,0,168,168,89
45,r_96_88_70,seq94,seq92,r_96_88_70,0.43,20,90,70,89
16,r_86_58_38,seq85,seq59,r_86_58_38,0.97,4,42,38,89
19,r_121_112_99,seq123,r_95_115_23,r_121_112_99,1.0,0,99,99,89
28,r_130_2_44,r_139_29_148,seq7,r_130_2_44,1.0,0,44,44,89
66,seq32,r_38_136_135,r_52_33_63,r_52_33_63,0.91,11,74,63,89
76,seq72,seq70,r_140_71_59,r_140_71_59,1.0,8,67,59,89
77,seq75,seq70,r_116_76_45,r_116_76_45,1.0,5,50,45,89
39,r_90_36_55,r_38_136_135,r_54_37_79,r_38_136_135,0.76,0,135,135,89
3,r_34_6_65,r_35_124_167,seq7,r_34_6_65,1.0,0,65,65,89
10,r_91_103_187,seq92,r_146_104_155,r_91_103_187,0.28,0,187,187,89
25,r_57_82_45,r_55_114_172,r_79_63_168,r_57_82_45,0.66,0,45,45,89
48,r_38_136_135,seq32,r_35_124_167,r_38_136_135,0.32,-95,40,135,89
0,r_139_29_148,r_146_104_155,seq26,r_139_29_148,0.75,0,148,148,89
31,r_117_48_17,r_44_147_134,r_81_47_43,r_117_48_17,0.74,53,70,17,89
8,r_44_147_134,r_42_133_39,seq148,r_42_133_39,0.75,122,161,39,89
20,r_65_89_141,seq62,r_96_88_70,r_65_89_141,0.62,0,141,141,89
15,r_9_73_108,r_77_14_1,r_140_71_59,r_9_73_108,0.98,0,108,108,89
49,r_64_41_78,r_23_43_34,r_9_73_108,r_9_73_108,0.98,72,180,108,89
4,r_78_118_20,seq123,r_30_119_64,r_30_119_64,1.0,64,128,64,89
14,r_137_40_36,r_132_51_189,seq32,r_137_40_36,0.98,0,36,36,89
26,r_140_71_59,seq141,seq72,r_140_71_59,1.0,0,59,59,89
99,seq126,seq123,r_78_118_20,r_78_118_20,0.88,108,128,20,89
6,r_109_149_28,seq110,seq148,r_109_149_28,1.0,0,28,28,89
30,r_35_124_167,r_90_36_55,r_142_144_133,r_35_124_167,0.83,0,167,167,89
43,r_74_3_53,seq72,r_130_2_44,r_74_3_53,0.98,0,53,53,89
2,r_15_98_101,seq17,seq99,r_15_98_101,1.0,0,101,101,89
93,seq113,seq111,r_95_115_23,r_95_115_23,1.0,1,24,23,89
33,r_49_1_30,r_52_33_63,seq0,r_49_1_30,0.89,0,30,30,89
40,r_138_105_79,r_146_104_155,seq107,r_138_105_79,0.89,0,79,79,89
29,r_106_46_106,seq107,seq45,r_106_46_106,0.89,0,106,106,89
48,r_38_136_135,r_35_124_167,r_142_144_133,r_142_144_133,0.97,2,135,133,89
88,seq145,r_146_104_155,r_142_144_133,r_146_104_155,1.0,0,155,155,89
70,seq59,r_55_114_172,r_24_61_99,r_24_61_99,0.99,5,104,99,89
65,seq26,r_27_87_97,r_22_127_176,r_27_87_97,1.0,1,98,97,89
68,seq53,r_54_37_79,seq70,r_54_37_79,0.96,0,79,79,89
42,r_23_43_34,r_117_48_17,r_106_46_106,r_106_46_106,1.0,49,155,106,89
32,r_79_63_168,seq84,r_57_82_45,r_57_82_45,0.92,18,63,45,89
38,r_4_135_131,seq5,r_142_144_133,r_4_135_131,0.98,0,131,131,89
52,seq131,r_132_51_189,r_30_119_64,r_30_119_64,1.0,123,187,64,89
34,r_25_10_120,seq26,seq16,r_25_10_120,0.6,0,120,120,89
44,r_95_115_23,r_96_88_70,seq113,r_95_115_23,0.95,6,29,23,89
4,r_78_118_20,r_79_63_168,seq123,r_78_118_20,0.95,1,21,20,89
39,r_90_36_55,r_91_103_187,r_38_136_135,r_90_36_55,1.0,0,55,55,89
41,r_81_47_43,seq80,r_117_48_17,r_81_47_43,1.0,0,43,43,89
81,seq84,seq85,r_65_89_141,r_65_89_141,0.88,52,193,141,89
25,r_57_82_45,r_79_63_168,seq83,r_79_63_168,0.63,-54,114,168,89
37,r_22_127_176,seq26,r_30_119_64,r_22_127_176,0.79,0,176,176,89
68,seq53,seq70,r_21_50_137,r_21_50_137,1.0,1,138,137,89
22,r_21_50_137,seq19,seq53,r_21_50_137,0.99,0,137,137,89
49,r_64_41_78,r_65_89_141,r_23_43_34,r_64_41_78,0.83,12,90,78,89
7,r_54_37_79,seq53,r_90_36_55,r_54_37_79,0.98,0,79,79,89
23,r_27_87_97,seq26,seq85,r_27_87_97,1.0,1,98,97,89
82,seq85,seq84,r_27_87_97,r_27_87_97,1.0,55,152,97,89
95,seq148,r_139_29_148,r_109_149_28,r_109_149_28,0.91,1,29,28,89
31,r_117_48_17,r_139_29_148,r_44_147_134,r_117_48_17,0.55,0,17,17,89
35,r_146_104_155,seq145,r_138_105_79,r_138_105_79,0.97,76,155,79,89
12,r_132_51_189,seq131,r_21_50_137,r_132_51_189,0.54,0,189,189,89
36,r_42_45_173,r_41_14_199,r_127_44_81,r_127_44_81,1.0,92,173,81,90
8,r_12_105_159,seq16,r_66_106_155,r_12_105_159,0.93,0,159,159,90
43,r_62_36_101,seq63,seq35,r_62_36_101,0.95,0,101,101,90
24,r_4_51_157,seq6,seq52,r_4_51_157,0.92,0,157,157,90
83,seq141,seq142,r_83_140_44,r_83_140_44,1.0,50,94,44,90
33,r_39_19_56,r_40_80_133,seq20,r_39_19_56,1.0,0,56,56,90
71,seq52,r_55_144_114,r_54_38_60,r_55_144_114,1.0,0,114,114,90
16,r_15_0_145,seq16,seq1,r_15_0_145,0.91,0,145,145,90
1,r_34_110_66,seq35,r_111_65_117,r_34_110_66,0.98,0,66,66,90
5,r_33_89_109,seq35,seq88,r_33_89_109,0.74,0,109,109,90
46,r_114_95_89,r_112_2_108,seq92,r_114_95_89,0.98,0,89,89,90
19,r_139_128_130,seq141,seq129,r_139_128_130,0.7,0,130,130,90
12,r_68_99_17,seq67,seq102,r_68_99_17,0.6,0,17,17,90
11,r_61_76_36,seq75,r_111_65_117,r_111_65_117,1.0,56,173,117,90
66,seq31,r_29_124_197,r_39_19_56,r_39_19_56,1.0,127,183,56,90
57,seq11,r_39_19_56,seq27,r_39_19_56,0.45,58,114,56,90
67,seq35,r_34_110_66,seq27,r_34_110_66,1.0,0,66,66,90
10,r_28_100_104,seq27,seq102,r_28_100_104,1.0,0,104,104,90
1,r_34_110_66,r_111_65_117,r_50_113_110,r_34_110_66,0.85,51,117,66,90
71,seq52,r_54_38_60,r_3_53_131,r_3_53_131,0.91,15,146,131,90
26,r_103_79_125,seq102,seq77,r_103_79_125,0.85,0,125,125,90
4,r_9_70_193,seq10,seq71,r_9_70_193,0.29,0,193,193,90
20,r_104_133_109,r_103_79_125,seq137,r_104_133_109,0.71,0,109,109,90
13,r_146_7_97,seq145,seq10,r_146_7_97,1.0,0,97,97,90
15,r_101_82_98,r_107_91_189,seq84,r_101_82_98,0.84,1,99,98,90
41,r_149_23_20,r_146_7_97,seq22,r_149_23_20,0.92,0,20,20,90
6,r_87_32_130,r_94_85_33,seq35,r_87_32_130,0.94,0,130,130,90
62,seq20,seq22,r_39_19_56,r_39_19_56,1.0,38,94,56,90
21,r_37_147_12,r_34_110_66,seq145,r_37_147_12,0.89,0,12,12,90
27,r_112_2_108,r_111_65_117,seq8,r_112_2_108,0.99,1,109,108,90
3,r_83_140_44,seq84,seq141,r_83_140_44,0.98,1,45,44,90
2,r_107_91_189,seq102,r_114_95_89,r_114_95_89,1.0,108,197,89,90
47,r_134_126_74,r_136_24_149,seq125,r_134_126_74,0.63,-1,73,74,90
40,r_143_131_73,r_146_7_97,seq132,r_143_131_73,0.76,0,73,73,90
18,r_50_113_110,r_49_17_198,r_34_110_66,r_50_113_110,0.91,0,110,110,90
24,r_4_51_157,r_3_53_131,seq6,r_3_53_131,1.0,-1,130,131,90
25,r_130_5_98,seq132,seq6,r_130_5_98,0.99,0,98,98,90
88,seq92,r_93_72_88,r_114_95_89,r_114_95_89,0.72,0,89,89,90
65,seq27,r_28_100_104,r_26_21_196,r_28_100_104,1.0,-1,103,104,90
61,seq145,r_146_7_97,r_37_147_12,r_146_7_97,0.76,-22,75,97,90
32,r_40_80_133,r_54_38_60,r_103_79_125,r_40_80_133,0.89,0,133,133,90
38,r_127_44_81,seq125,seq48,r_127_44_81,1.0,0,81,81,90
52,seq6,r_4_51_157,r_130_5_98,r_130_5_98,0.63,0,98,98,90
34,r_54_38_60,r_55_144_114,r_127_44_81,r_54_38_60,1.0,48,108,60,90
75,seq63,r_62_36_101,seq60,r_62_36_101,1.0,0,101,101,90
57,seq11,seq16,r_39_19_56,r_39_19_56,0.56,23,79,56,90
17,r_57_121_107,r_58_81_173,seq120,r_57_121_107,0.7,0,107,107,90
9,r_18_116_63,seq20,seq117,r_18_116_63,1.0,0,63,63,90
0,r_43_97_25,r_42_45_173,seq98,r_43_97_25,0.99,0,25,25,90
28,r_93_72_88,seq92,r_61_76_36,r_93_72_88,0.87,1,89,88,90
91,seq102,r_103_79_125,r_28_100_104,r_28_100_104,0.79,21,125,104,90
11,r_61_76_36,r_62_36_101,seq75,r_62_36_101,0.99,-65,36,101,90
49,r_55_144_114,seq52,seq145,r_55_144_114,0.9,0,114,114,90
57,seq11,seq31,r_130_5_98,r_130_5_98,0.77,106,204,98,90
56,seq10,r_9_70_193,r_130_5_98,r_130_5_98,1.0,97,195,98,90
7,r_58_81_173,seq60,r_103_79_125,r_58_81_173,0.53,0,173,173,90
35,r_30_64_3,r_66_106_155,r_61_76_36,r_30_64_3,0.55,145,148,3,90
84,seq84,seq78,r_101_82_98,r_101_82_98,0.92,12,110,98,90
30,r_89_42_110,seq94,r_96_19_149,r_89_42_110,0.59,-32,78,110,91
17,r_40_31_56,r_41_113_190,r_57_28_1,r_40_31_56,0.99,1,57,56,91
98,seq125,seq126,r_26_124_29,r_26_124_29,1.0,2,31,29,91
14,r_105_70_198,seq104,r_98_106_117,r_98_106_117,0.99,36,153,117,91
8,r_36_58_76,r_38_79_84,seq55,r_36_58_76,0.58,0,76,76,91
43,r_92_131_181,r_90_147_167,r_108_101_199,r_108_101_199,0.58,-29,170,199,91
0,r_41_113_190,seq63,r_89_42_110,r_89_42_110,0.94,3,113,110,91
37,r_128_77_139,seq125,seq78,r_128_77_139,0.91,0,139,139,91
16,r_107_95_141,r_108_101_199,r_118_97_136,r_108_101_199,0.95,-56,143,199,91
21,r_57_28_1,r_27_0_104,r_40_31_56,r_57_28_1,0.9,103,104,1,91
1,r_133_22_153,seq125,r_1_21_150,r_133_22_153,0.85,0,153,153,91
20,r_13_130_126,seq17,r_15_132_68,r_13_130_126,0.97,0,126,126,91
5,r_27_0_104,r_57_28_1,seq3,r_27_0_104,0.98,0,104,104,91
42,r_44_86_74,r_43_109_149,seq88,r_44_86_74,0.98,0,74,74,91
80,seq69,r_68_48_72,seq114,r_68_48_72,0.79,36,108,72,91
97,seq123,r_133_22_153,r_15_132_68,r_15_132_68,0.98,-1,67,68,91
45,r_72_127_137,seq71,seq126,r_72_127_137,0.96,0,137,137,91
15,r_91_52_21,r_90_147_167,seq49,r_91_52_21,0.99,0,21,21,91
31,r_9_18_81,r_8_84_188,seq17,r_8_84_188,0.63,-107,81,188,91
41,r_30_45_151,r_57_28_1,r_91_52_21,r_30_45_151,0.48,0,151,151,91
67,seq34,r_35_59_120,seq33,r_35_59_120,1.0,-8,112,120,91
89,seq94,r_96_19_149,r_107_95_141,r_96_19_149,0.82,1,150,149,91
10,r_8_84_188,r_9_18_81,r_120_12_55,r_120_12_55,0.97,27,82,55,91
90,seq104,r_105_70_198,r_98_106_117,r_98_106_117,0.98,58,175,117,91
26,r_118_97_136,seq117,seq94,r_118_97_136,0.52,0,136,136,91
4,r_90_147_167,r_92_131_181,r_2_148_139,r_90_147_167,0.73,0,167,167,91
11,r_96_19_149,seq94,r_9_18_81,r_96_19_149,0.96,1,150,149,91
13,r_98_106_117,r_96_19_149,r_105_70_198,r_96_19_149,0.59,-32,117,149,91
30,r_89_42_110,r_96_19_149,r_41_113_190,r_89_42_110,0.57,0,110,110,91
48,r_10_144_161,r_9_18_81,r_120_12_55,r_120_12_55,0.94,24,79,55,91
6,r_108_101_199,r_107_95_141,seq117,r_107_95_141,1.0,0,141,141,91
62,seq17,seq14,r_9_18_81,r_9_18_81,0.44,-2,79,81,91
19,r_26_124_29,r_27_0_104,seq125,r_26_124_29,1.0,0,29,29,91
10,r_8_84_188,r_120_12_55,r_87_83_119,r_8_84_188,0.38,0,188,188,91
27,r_81_99_75,seq80,r_100_111_200,r_81_99_75,0.89,3,78,75,91
39,r_53_122_39,seq50,seq121,r_53_122_39,0.99,0,39,39,91
2,r_15_132_68,seq16,r_26_124_29,r_15_132_68,1.0,0,68,68,91
47,r_102_73_113,seq104,r_100_111_200,r_100_111_200,0.42,-109,91,200,91
0,r_41_113_190,r_89_42_110,r_43_109_149,r_41_113_190,0.39,0,190,190,91
40,r_29_103_165,r_57_28_1,r_43_109_149,r_57_28_1,0.57,164,165,1,91
74,seq55,r_56_51_183,r_36_58_76,r_36_58_76,0.99,70,146,76,91
29,r_43_109_149,r_44_86_74,r_68_48_72,r_43_109_149,1.0,-75,74,149,91
24,r_56_51_183,seq55,r_68_48_72,r_68_48_72,1.0,112,184,72,91
25,r_68_48_72,seq69,seq49,r_68_48_72,1.0,0,72,72,91
33,r_85_24_96,seq88,seq23,r_85_24_96,0.97,0,96,96,91
48,r_10_144_161,r_120_12_55,seq140,r_10_144_161,0.97,0,161,161,91
64,seq23,r_20_110_185,r_133_22_153,r_133_22_153,0.7,32,185,153,91
88,seq88,r_87_83_119,r_44_86_74,r_44_86_74,1.0,45,119,74,91
32,r_38_79_84,seq37,seq80,r_38_79_84,1.0,0,84,84,91
28,r_11_6_197,r_10_144_161,r_120_12_55,r_120_12_55,1.0,0,55,55,91
22,r_25_54_30,r_27_0_104,seq55,r_27_0_104,0.54,-74,30,104,91
81,seq71,r_72_127_137,seq74,r_72_127_137,1.0,-114,23,137,91
46,r_120_12_55,seq114,r_11_6_197,r_120_12_55,1.0,0,55,55,91
94,seq117,r_118_97_136,seq119,r_118_97_136,1.0,0,136,136,91
9,r_149_67_178,seq141,r_36_58_76,r_36_58_76,0.68,102,178,76,91
29,r_43_109_149,r_68_48_72,seq117,r_43_109_149,0.97,0,149,149,91
0,r_41_113_190,r_40_31_56,seq63,r_40_31_56,0.9,-3,53,56,91
23,r_2_148_139,seq3,r_145_137_51,r_2_148_139,0.94,0,139,139,91
47,r_102_73_113,r_100_111_200,seq71,r_102_73_113,0.71,0,113,113,91
12,r_1_21_150,seq3,seq23,r_1_21_150,0.86,0,150,150,91
93,seq117,r_112_5_66,r_145_116_55,r_112_5_66,0.76,-10,56,66,92
12,r_46_135_33,r_43_92_42,r_132_144_179,r_46_135_33,0.99,0,33,33,92
16,r_112_5_66,r_26_88_124,seq6,r_26_88_124,1.0,-27,97,124,92
14,r_0_131_152,seq1,seq130,r_0_131_152,0.77,-1,151,152,92
8,r_32_39_110,r_33_121_138,r_86_45_90,r_32_39_110,0.63,0,110,110,92
43,r_11_96_128,seq13,seq93,r_11_96_128,0.83,0,128,128,92
2,r_38_111_193,seq34,r_125_36_31,r_125_36_31,1.0,2,33,31,92
16,r_112_5_66,seq117,r_26_88_124,r_112_5_66,0.98,0,66,66,92
21,r_26_88_124,seq23,r_43_92_42,r_26_88_124,0.98,0,124,124,92
39,r_15_52_178,seq13,seq19,r_15_52_178,0.35,-105,73,178,92
1,r_83_37_100,seq84,r_125_36_31,r_83_37_100,0.99,0,100,100,92
42,r_99_128_60,r_98_90_176,seq127,r_99_128_60,1.0,0,60,60,92
69,seq34,r_35_109_167,r_83_37_100,r_83_37_100,0.9,67,167,100,92
45,r_126_103_105,seq127,seq104,r_126_103_105,0.67,0,105,105,92
34,r_102_51_29,r_108_101_129,seq49,r_102_51_29,1.0,0,29,29,92
24,r_94_146_105,r_105_106_131,r_16_147_2,r_105_106_131,0.62,36,167,131,92
19,r_35_109_167,seq34,seq123,r_35_109_167,0.91,1,168,167,92
27,r_100_28_49,r_30_63_132,r_55_27_60,r_30_63_132,1.0,0,132,132,92
95,seq120,seq117,r_74_119_129,r_74_119_129,0.99,0,129,129,92
39,r_15_52_178,seq19,r_67_53_124,r_67_53_124,0.73,54,178,124,92
26,r_30_63_132,r_29_59_56,r_100_28_49,r_30_63_132,1.0,-83,49,132,92
67,seq23,seq13,r_95_24_72,r_95_24_72,1.0,1,73,72,92
98,seq123,r_124_76_62,r_122_48_149,r_124_76_62,0.95,-25,37,62,92
17,r_89_107_32,seq91,r_108_101_129,r_89_107_32,1.0,0,32,32,92
90,seq93,r_94_146_105,r_61_97_103,r_94_146_105,0.97,0,105,105,92
75,seq62,seq54,r_14_64_13,r_14_64_13,1.0,13,26,13,92
29,r_77_31_27,r_83_37_100,r_33_121_138,r_77_31_27,0.94,1,28,27,92
0,r_55_27_60,r_56_41_126,r_100_28_49,r_55_27_60,1.0,0,60,60,92
73,seq54,seq62,r_14_64_13,r_14_64_13,1.0,52,65,13,92
11,r_86_45_90,r_87_141_181,seq44,r_86_45_90,0.97,0,90,90,92
15,r_81_42_60,r_83_37_100,seq44,r_81_42_60,0.64,0,60,60,92
48,r_134_47_166,r_132_144_179,seq49,r_134_47_166,0.72,0,166,166,92
46,r_60_4_58,r_61_97_103,seq3,r_60_4_58,0.98,0,58,58,92
12,r_46_135_33,r_132_144_179,r_0_131_152,r_0_131_152,1.0,27,179,152,92
6,r_95_24_72,seq91,seq23,r_95_24_72,1.0,0,72,72,92
2,r_38_111_193,r_125_36_31,r_137_143_77,r_38_111_193,0.27,0,193,193,92
99,seq127,seq123,r_99_128_60,r_99_128_60,1.0,13,73,60,92
74,seq58,r_55_27_60,r_85_57_38,r_55_27_60,0.83,-24,36,60,92
28,r_14_64_13,r_26_88_124,seq62,r_14_64_13,0.95,0,13,13,92
38,r_33_121_138,r_77_31_27,seq123,r_33_121_138,0.96,0,138,138,92
47,r_139_40_130,r_137_143_77,r_32_39_110,r_139_40_130,0.95,0,130,130,92
40,r_56_41_126,seq58,r_32_39_110,r_32_39_110,0.84,16,126,110,92
18,r_132_144_179,r_133_138_146,r_46_135_33,r_46_135_33,1.0,54,87,33,92
24,r_94_146_105,seq93,r_105_106_131,r_94_146_105,0.95,0,105,105,92
33,r_61_97_103,seq58,seq93,r_61_97_103,0.76,0,103,103,92
44,r_85_57_38,seq84,seq58,r_85_57_38,0.92,-2,36,38,92
27,r_100_28_49,r_108_101_129,r_30_63_132,r_100_28_49,1.0,0,49,49,92
8,r_32_39_110,r_86_45_90,r_139_40_130,r_139_40_130,1.0,0,130,130,92
20,r_29_59_56,r_30_63_132,r_85_57_38,r_85_57_38,0.98,18,56,38,92
25,r_65_114_58,seq66,r_145_116_55,r_65_114_58,1.0,0,58,58,92
38,r_33_121_138,r_32_39_110,r_77_31_27,r_33_121_138,0.88,-59,79,138,92
52,seq3,r_0_131_152,r_60_4_58,r_60_4_58,0.82,17,75,58,92
24,r_94_146_105,r_16_147_2,r_132_144_179,r_132_144_179,0.57,11,190,179,92
9,r_74_119_129,seq73,seq120,r_74_119_129,0.94,0,129,129,92
26,r_30_63_132,r_100_28_49,r_14_64_13,r_30_63_132,0.94,0,132,132,92
37,r_125_36_31,r_38_111_193,r_83_37_100,r_83_37_100,1.0,54,154,100,92
29,r_77_31_27,r_33_121_138,r_100_28_49,r_77_31_27,0.62,111,138,27,92
22,r_67_53_124,seq66,r_102_51_29,r_102_51_29,0.62,96,125,29,92
91,seq130,r_132_144_179,r_0_131_152,r_0_131_152,0.98,5,157,152,92
37,r_125_36_31,r_126_103_105,r_38_111_193,r_125_36_31,0.97,0,31,31,92
49,r_124_76_62,seq123,seq75,r_124_76_62,1.0,0,62,62,92
72,seq49,r_102_51_29,r_140_50_129,r_140_50_129,1.0,9,138,129,92
7,r_122_48_149,seq123,seq49,r_122_48_149,0.71,0,149,149,92
18,r_132_144_179,r_46_135_33,r_94_146_105,r_132_144_179,0.48,8,187,179,92
23,r_133_138_146,r_132_144_179,r_137_143_77,r_132_144_179,0.72,-33,146,179,92
35,r_140_50_129,seq142,seq49,r_140_50_129,0.98,0,129,129,92
32,r_43_92_42,seq44,seq91,r_43_92_42,0.99,0,42,42,92
30,r_51_95_157,seq53,r_36_97_140,r_51_95_157,0.74,0,157,157,93
60,seq145,seq146,r_129_144_120,r_129_144_120,0.75,7,127,120,93
9,r_9_105_43,r_8_135_194,r_98_106_29,r_9_105_43,1.0,0,43,43,93
36,r_74_126_124,seq73,seq125,r_74_126_124,0.9,2,126,124,93
8,r_87_54_161,seq86,r_21_55_127,r_21_55_127,0.55,34,161,127,93
53,seq5,r_6_15_163,r_122_3_122,r_122_3_122,0.96,41,163,122,93
43,r_6_15_163,seq5,r_39_19_103,r_39_19_103,0.68,60,163,103,93
32,r_98_106_29,seq94,r_104_45_141,r_98_106_29,0.97,2,31,29,93
54,seq139,seq143,r_52_136_51,r_52_136_51,1.0,47,98,51,93
37,r_11_93_177,r_10_99_120,r_8_135_194,r_10_99_120,1.0,-42,78,120,93
16,r_103_65_92,r_104_45_141,seq66,r_103_65_92,0.9,0,92,92,93
39,r_120_110_151,seq121,r_62_111_142,r_120_110_151,0.57,0,151,151,93
97,seq121,r_122_3_122,r_123_43_182,r_122_3_122,1.0,0,122,122,93
46,r_77_20_146,r_78_18_157,r_39_19_103,r_39_19_103,0.86,45,148,103,93
42,r_113_41_69,seq114,r_29_42_6,r_113_41_69,0.99,0,69,69,93
11,r_132_84_12,seq130,seq83,r_132_84_12,0.95,-1,11,12,93
80,seq130,seq139,r_88_131_121,r_88_131_121,0.89,8,129,121,93
32,r_98_106_29,r_104_45_141,seq107,r_104_45_141,1.0,0,141,141,93
69,seq133,seq139,r_79_134_51,r_79_134_51,1.0,19,70,51,93
14,r_112_91_54,r_78_18_157,r_128_89_34,r_112_91_54,0.62,84,138,54,93
19,r_102_28_183,r_104_45_141,r_98_106_29,r_102_28_183,0.66,-48,135,183,93
26,r_62_111_142,r_9_105_43,r_120_110_151,r_62_111_142,0.56,10,152,142,93
14,r_112_91_54,r_128_89_34,r_11_93_177,r_11_93_177,0.83,5,182,177,93
41,r_128_89_34,r_129_144_120,r_88_131_121,r_128_89_34,0.98,0,34,34,93
15,r_88_131_121,r_128_89_34,seq130,r_88_131_121,1.0,0,121,121,93
44,r_92_67_107,seq86,r_112_91_54,r_112_91_54,0.98,0,54,54,93
3,r_82_34_137,seq83,r_35_37_12,r_82_34_137,0.79,0,137,137,93
23,r_129_144_120,seq125,r_141_127_75,r_129_144_120,0.59,-44,76,120,93
26,r_62_111_142,seq66,r_9_105_43,r_9_105_43,0.62,98,141,43,93
23,r_129_144_120,r_128_89_34,seq125,r_128_89_34,1.0,0,34,34,93
4,r_29_42_6,r_39_19_103,r_113_41_69,r_113_41_69,1.0,17,86,69,93
45,r_7_31_24,r_8_135_194,r_30_100_157,r_7_31_24,0.74,0,24,24,93
0,r_75_76_45,r_74_126_124,r_132_84_12,r_74_126_124,0.95,-28,96,124,93
20,r_101_138_123,seq115,seq147,r_101_138_123,0.35,-63,60,123,93
13,r_10_99_120,r_11_93_177,seq94,r_10_99_120,0.97,0,120,120,93
15,r_88_131_121,r_90_149_75,r_128_89_34,r_88_131_121,0.73,-47,74,121,93
57,seq14,r_21_55_127,seq16,r_21_55_127,0.96,-37,90,127,93
12,r_30_100_157,r_7_31_24,r_10_99_120,r_30_100_157,0.51,0,157,157,93
6,r_8_135_194,r_11_93_177,r_52_136_51,r_52_136_51,0.91,143,194,51,93
87,seq86,r_87_54_161,r_128_89_34,r_128_89_34,0.99,122,156,34,93
12,r_30_100_157,r_33_32_160,r_7_31_24,r_7_31_24,0.68,24,48,24,93
2,r_78_18_157,seq80,r_39_19_103,r_78_18_157,0.54,0,157,157,93
41,r_128_89_34,r_88_131_121,seq86,r_88_131_121,0.95,0,121,121,93
47,r_36_97_140,r_35_37_12,seq94,r_36_97_140,0.83,0,140,140,93
18,r_122_3_122,seq121,seq4,r_122_3_122,0.96,0,122,122,93
29,r_141_127_75,r_140_61_201,r_129_144_120,r_141_127_75,0.69,0,75,75,93
24,r_39_19_103,r_36_97_140,seq16,r_39_19_103,0.49,0,103,103,93
25,r_137_108_178,seq139,seq107,r_137_108_178,0.35,-1,177,178,93
20,r_101_138_123,seq147,seq139,r_101_138_123,0.64,-28,95,123,93
33,r_21_55_127,seq14,seq53,r_21_55_127,0.85,0,127,127,93
31,r_104_45_141,r_103_65_92,r_98_106_29,r_104_45_141,0.58,-107,34,141,93
38,r_38_85_94,r_39_19_103,seq83,r_38_85_94,1.0,0,94,94,93
52,seq4,r_6_15_163,r_122_3_122,r_122_3_122,0.96,0,122,122,93
14,r_112_91_54,r_92_67_107,r_78_18_157,r_78_18_157,0.55,-67,90,157,93
21,r_52_136_51,seq53,seq139,r_52_136_51,1.0,0,51,51,93
34,r_47_63_181,r_48_119_185,r_103_65_92,r_103_65_92,0.99,89,181,92,93
75,seq58,r_57_25_105,seq56,r_57_25_105,0.99,0,105,105,93
45,r_7_31_24,r_30_100_157,r_33_32_160,r_30_100_157,1.0,0,157,157,93
19,r_102_28_183,r_98_106_29,r_7_31_24,r_102_28_183,0.93,-4,179,183,93
17,r_70_49_181,r_69_40_190,r_104_45_141,r_104_45_141,0.66,40,181,141,93
10,r_79_134_51,seq80,seq133,r_79_134_51,1.0,-1,50,51,93
23,r_129_144_120,r_141_127_75,seq145,r_129_144_120,0.46,-1,119,120,93
31,r_104_45_141,r_98_106_29,seq46,r_104_45_141,0.73,0,141,141,93
37,r_11_93_177,r_8_135_194,r_112_91_54,r_8_135_194,0.67,-16,178,194,93
22,r_57_25_105,seq58,seq24,r_57_25_105,0.98,0,105,105,93
44,r_92_67_107,r_112_91_54,r_103_65_92,r_92_67_107,0.9,0,107,107,93
14,r_112_91_54,r_113_41_69,r_92_67_107,r_112_91_54,0.95,0,54,54,93
82,seq73,r_74_126_124,r_132_84_12,r_74_126_124,0.95,2,126,124,93
93,seq107,r_105_136_185,r_23_106_120,r_23_106_120,1.0,35,155,120,94
46,r_79_74_17,r_81_31_100,r_75_32_76,r_79_74_17,0.99,1,18,17,94
36,r_23_106_120,seq27,seq107,r_23_106_120,0.99,0,120,120,94
9,r_109_100_60,r_101_39_158,r_124_102_131,r_109_100_60,0.74,98,158,60,94
43,r_49_96_115,r_48_97_82,seq51,r_48_97_82,1.0,0,82,82,94
37,r_17_84_125,seq27,r_110_14_33,r_110_14_33,1.0,42,75,33,94
55,seq7,r_8_1_164,r_140_21_55,r_140_21_55,1.0,101,156,55,94
3,r_139_98_22,r_101_39_158,r_137_99_66,r_139_98_22,0.98,43,65,22,94
16,r_28_148_69,seq27,r_103_143_16,r_28_148_69,1.0,0,69,69,94
1,r_120_92_77,seq121,seq94,r_120_92_77,0.87,1,78,77,94
21,r_124_102_131,r_119_42_146,r_20_126_6,r_124_102_131,0.8,-55,76,131,94
5,r_108_35_92,r_109_100_60,r_144_111_55,r_109_100_60,0.72,0,60,60,94
18,r_2_112_88,seq4,r_127_0_20,r_127_0_20,1.0,6,26,20,94
45,r_86_9_83,r_85_40_155,seq10,r_86_9_83,1.0,0,83,83,94
21,r_124_102_131,seq131,r_119_42_146,r_124_102_131,0.54,-86,45,131,94
19,r_72_76_60,r_71_67_117,seq89,r_72_76_60,1.0,0,60,60,94
29,r_75_32_76,r_48_97_82,seq30,r_75_32_76,1.0,0,76,76,94
42,r_144_111_55,r_145_15_165,seq114,r_144_111_55,0.88,3,58,55,94
15,r_81_31_100,r_122_83_9,r_75_32_76,r_81_31_100,1.0,0,100,100,94
13,r_110_14_33,seq114,seq16,r_110_14_33,1.0,1,34,33,94
4,r_101_39_158,r_104_88_182,r_139_98_22,r_139_98_22,0.97,6,28,22,94
31,r_36_87_188,seq27,r_108_35_92,r_108_35_92,1.0,6,98,92,94
41,r_29_113_174,seq30,r_2_112_88,r_29_113_174,0.6,0,174,174,94
67,seq134,r_133_146_166,r_11_132_52,r_11_132_52,1.0,114,166,52,94
30,r_127_0_20,r_128_53_150,seq4,r_127_0_20,1.0,0,20,20,94
26,r_55_19_115,seq56,r_140_21_55,r_55_19_115,0.92,2,117,115,94
15,r_81_31_100,r_93_64_145,r_122_83_9,r_122_83_9,0.74,2,11,9,94
21,r_124_102_131,r_20_126_6,r_109_100_60,r_124_102_131,0.58,0,131,131,94
0,r_128_53_150,seq129,seq54,r_128_53_150,0.97,1,151,150,94
20,r_47_37_118,seq45,r_108_35_92,r_47_37_118,0.97,0,118,118,94
42,r_144_111_55,seq114,r_2_112_88,r_2_112_88,1.0,4,92,88,94
5,r_108_35_92,r_36_87_188,r_140_21_55,r_36_87_188,0.59,-21,167,188,94
6,r_60_26_76,seq58,r_24_25_20,r_60_26_76,0.99,0,76,76,94
43,r_49_96_115,seq51,seq94,r_49_96_115,1.0,0,115,115,94
2,r_140_21_55,seq30,r_55_19_115,r_55_19_115,1.0,4,119,115,94
23,r_130_3_45,r_128_53_150,seq4,r_130_3_45,1.0,0,45,45,94
4,r_101_39_158,r_139_98_22,r_109_100_60,r_109_100_60,0.89,7,67,60,94
56,seq10,r_11_132_52,r_17_84_125,r_11_132_52,0.98,-4,48,52,94
27,r_93_64_145,seq94,seq65,r_93_64_145,0.94,0,145,145,94
39,r_13_38_56,seq12,seq52,r_13_38_56,1.0,0,56,56,94
47,r_85_40_155,seq90,seq41,r_85_40_155,0.95,0,155,155,94
37,r_17_84_125,r_110_14_33,r_122_83_9,r_17_84_125,1.0,0,125,125,94
3,r_139_98_22,r_137_99_66,r_101_39_158,r_139_98_22,0.86,6,28,22,94
24,r_149_135_137,r_145_15_165,seq141,r_145_15_165,0.94,-24,141,165,94
33,r_91_147_90,seq90,r_103_143_16,r_91_147_90,0.88,0,90,90,94
48,r_122_83_9,r_81_31_100,r_138_82_82,r_122_83_9,0.74,91,100,9,94
88,seq77,r_80_116_68,r_44_78_43,r_44_78_43,0.62,27,70,43,94
11,r_103_143_16,r_101_39_158,seq142,r_103_143_16,0.88,1,17,16,94
32,r_104_88_182,seq107,r_120_92_77,r_120_92_77,1.0,105,182,77,94
38,r_137_99_66,r_138_82_82,r_139_98_22,r_137_99_66,0.78,-1,65,66,94
68,seq41,seq45,r_101_39_158,r_101_39_158,0.76,14,172,158,94
34,r_138_82_82,seq141,r_122_83_9,r_138_82_82,0.95,3,85,82,94
29,r_75_32_76,r_79_74_17,r_48_97_82,r_48_97_82,1.0,-30,52,82,94
46,r_79_74_17,r_75_32_76,seq73,r_75_32_76,1.0,-8,68,76,94
9,r_109_100_60,r_108_35_92,r_101_39_158,r_109_100_60,0.76,0,60,60,94
31,r_36_87_188,r_108_35_92,r_120_92_77,r_36_87_188,0.74,0,188,188,94
12,r_48_97_82,r_101_39_158,r_139_98_22,r_101_39_158,1.0,-27,131,158,94
22,r_66_125_91,seq68,seq129,r_66_125_91,1.0,0,91,91,94
40,r_11_132_52,r_13_38_56,seq134,r_11_132_52,1.0,0,52,52,94
4,r_101_39_158,r_109_100_60,r_85_40_155,r_109_100_60,1.0,98,158,60,94
28,r_133_146_166,seq134,r_91_147_90,r_91_147_90,0.57,76,166,90,94
29,r_75_32_76,seq54,r_79_74_17,r_79_74_17,1.0,7,24,17,94
2,r_140_21_55,r_138_82_82,seq30,r_140_21_55,0.94,0,55,55,94
7,r_119_42_146,seq121,seq41,r_119_42_146,0.94,0,146,146,94
18,r_2_112_88,r_127_0_20,r_144_111_55,r_2_112_88,1.0,0,88,88,94
44,r_8_1_164,seq7,r_130_3_45,r_130_3_45,0.98,119,164,45,94
5,r_108_35_92,r_144_111_55,r_36_87_188,r_108_35_92,0.99,0,92,92,94
35,r_80_116_68,r_81_31_100,seq115,r_81_31_100,0.6,-34,66,100,94
12,r_48_97_82,r_49_96_115,r_101_39_158,r_48_97_82,0.95,0,82,82,94
84,seq68,seq69,r_71_67_117,r_71_67_117,0.82,36,153,117,94
40,r_137_55_11,r_56_36_123,r_131_58_77,r_131_58_77,1.0,48,125,77,95
9,r_56_36_123,r_59_111_99,r_137_55_11,r_137_55_11,0.61,1,12,11,95
36,r_113_120_145,r_114_128_122,seq116,r_114_128_122,0.86,0,122,122,95
9,r_56_36_123,r_137_55_11,r_19_35_83,r_56_36_123,0.83,0,123,123,95
14,r_22_15_147,seq20,r_4_16_58,r_4_16_58,0.96,89,147,58,95
53,seq133,seq136,r_73_134_154,r_73_134_154,1.0,18,172,154,95
43,r_89_23_114,seq88,r_99_28_43,r_89_23_114,1.0,0,114,114,95
54,seq129,seq133,r_114_128_122,r_114_128_122,1.0,1,123,122,95
37,r_37_3_106,r_42_44_114,r_50_6_67,r_37_3_106,0.69,0,106,106,95
20,r_77_93_39,seq79,seq91,r_77_93_39,0.93,1,40,39,95
71,seq136,r_135_39_131,seq138,r_135_39_131,1.0,0,131,131,95
16,r_25_2_102,seq27,r_50_6_67,r_50_6_67,0.82,34,101,67,95
97,seq116,r_115_7_92,seq112,r_115_7_92,0.98,1,93,92,95
5,r_60_92_103,seq61,r_77_93_39,r_60_92_103,0.99,0,103,103,95
46,r_33_43_173,r_34_108_106,r_19_35_83,r_33_43_173,1.0,-89,84,173,95
42,r_115_7_92,seq116,r_50_6_67,r_115_7_92,0.98,0,92,92,95
45,r_32_81_97,r_34_108_106,r_13_83_44,r_32_81_97,0.76,0,97,97,95
19,r_24_148_157,seq27,r_141_146_113,r_24_148_157,0.6,0,157,157,95
34,r_118_75_168,r_115_7_92,seq91,r_118_75_168,0.65,-142,26,168,95
22,r_124_78_123,r_125_76_47,r_64_123_14,r_124_78_123,0.99,-108,15,123,95
38,r_96_110_69,r_118_75_168,r_90_119_40,r_118_75_168,0.66,-6,162,168,95
41,r_94_26_154,r_95_71_191,r_99_28_43,r_99_28_43,0.61,111,154,43,95
89,seq88,r_89_23_114,seq84,r_89_23_114,1.0,-20,94,114,95
3,r_59_111_99,seq57,seq112,r_59_111_99,1.0,0,99,99,95
5,r_60_92_103,r_77_93_39,seq91,r_60_92_103,0.57,52,155,103,95
10,r_34_108_106,r_33_43_173,seq109,r_34_108_106,1.0,0,106,106,95
26,r_95_71_191,r_94_26_154,r_34_108_106,r_34_108_106,0.67,48,154,106,95
40,r_137_55_11,r_131_58_77,r_97_54_136,r_97_54_136,0.66,15,151,136,95
28,r_126_38_47,seq127,seq40,r_126_38_47,1.0,0,47,47,95
4,r_97_54_136,seq107,r_137_55_11,r_97_54_136,0.88,0,136,136,95
0,r_74_104_180,seq79,r_118_75_168,r_74_104_180,0.41,-13,167,180,95
50,seq149,r_147_106_52,r_141_146_113,r_147_106_52,0.99,0,52,52,95
13,r_53_117_119,r_59_111_99,seq51,r_59_111_99,0.99,-3,96,99,95
33,r_0_86_39,seq1,seq85,r_0_86_39,1.0,0,39,39,95
98,seq121,r_124_78_123,r_64_123_14,r_124_78_123,0.9,-1,122,123,95
15,r_5_70_84,seq8,seq69,r_5_70_84,1.0,0,84,84,95
48,r_141_146_113,r_143_62_185,seq149,r_141_146_113,0.84,0,113,113,95
34,r_118_75_168,r_90_119_40,r_74_104_180,r_90_119_40,0.49,137,177,40,95
12,r_90_119_40,r_118_75_168,r_60_92_103,r_60_92_103,0.79,79,182,103,95
17,r_147_106_52,seq149,seq109,r_147_106_52,1.0,0,52,52,95
6,r_139_122_125,r_143_62_185,r_64_123_14,r_139_122_125,0.86,0,125,125,95
8,r_13_83_44,r_5_70_84,seq82,r_13_83_44,1.0,0,44,44,95
27,r_73_134_154,r_72_29_154,seq133,r_73_134_154,0.65,0,154,154,95
34,r_118_75_168,seq91,seq112,r_118_75_168,0.38,-125,43,168,95
25,r_105_14_51,seq102,seq9,r_105_14_51,1.0,0,51,51,95
22,r_124_78_123,r_64_123_14,seq79,r_124_78_123,1.0,0,123,123,95
2,r_19_35_83,r_22_15_147,r_33_43_173,r_19_35_83,0.98,0,83,83,95
12,r_90_119_40,seq91,r_118_75_168,r_90_119_40,0.88,0,40,40,95
18,r_50_6_67,r_53_117_119,seq8,r_50_6_67,0.95,0,67,67,95
24,r_72_29_154,r_73_134_154,seq31,r_72_29_154,0.49,0,154,154,95
23,r_64_123_14,seq65,r_124_78_123,r_64_123_14,0.98,0,14,14,95
32,r_101_18_68,r_100_12_138,seq21,r_101_18_68,0.63,0,68,68,95
38,r_96_110_69,r_94_26_154,r_118_75_168,r_96_110_69,0.77,9,78,69,95
97,seq116,seq112,r_53_117_119,r_53_117_119,0.96,0,119,119,95
13,r_53_117_119,seq51,seq116,r_53_117_119,1.0,0,119,119,95
34,r_118_75_168,r_74_104_180,r_125_76_47,r_125_76_47,0.64,133,180,47,95
47,r_4_16_58,r_5_70_84,r_99_28_43,r_4_16_58,1.0,-3,55,58,95
36,r_113_120_145,seq116,r_64_123_14,r_113_120_145,0.82,0,145,145,95
0,r_74_104_180,r_118_75_168,r_34_108_106,r_74_104_180,0.52,0,180,180,95
96,seq112,seq116,r_59_111_99,r_59_111_99,1.0,1,100,99,95
90,seq91,r_77_93_39,r_60_92_103,r_60_92_103,1.0,63,166,103,95
91,seq98,r_100_12_138,r_34_108_106,r_34_108_106,0.66,30,136,106,95
49,r_114_128_122,r_113_120_145,seq129,r_114_128_122,0.86,0,122,122,95
44,r_135_39_131,seq136,seq40,r_135_39_131,0.98,0,131,131,95
34,r_118_75_168,seq112,r_90_119_40,r_90_119_40,0.41,40,80,40,95
35,r_131_58_77,seq130,seq57,r_131_58_77,0.99,1,78,77,95
64,seq27,r_25_2_102,r_99_28_43,r_99_28_43,1.0,1,44,43,95
40,r_137_55_11,r_135_39_131,r_56_36_123,r_137_55_11,0.77,0,11,11,95
23,r_64_123_14,r_124_78_123,r_139_122_125,r_64_123_14,0.81,111,125,14,95
36,r_127_79_152,seq128,r_125_80_152,r_127_79_152,0.65,0,152,152,96
14,r_94_78_135,r_31_92_114,r_137_76_133,r_94_78_135,0.72,1,136,135,96
47,r_57_38_26,seq41,r_66_40_61,r_66_40_61,1.0,9,70,61,96
41,r_86_59_16,r_85_124_156,r_58_35_122,r_86_59_16,0.7,1,17,16,96
14,r_94_78_135,r_95_107_121,r_31_92_114,r_31_92_114,0.76,7,121,114,96
17,r_15_33_50,seq19,r_36_90_170,r_15_33_50,0.78,0,50,50,96
83,seq77,r_74_34_81,r_84_112_165,r_74_34_81,1.0,0,81,81,96
37,r_58_35_122,r_56_16_80,seq55,r_56_16_80,1.0,0,80,80,96
71,seq32,r_36_90_170,r_15_33_50,r_15_33_50,0.62,85,135,50,96
16,r_52_2_91,r_122_53_2,r_3_106_176,r_52_2_91,1.0,0,91,91,96
21,r_125_80_152,r_126_97_78,seq121,r_126_97_78,0.7,1,79,78,96
39,r_148_105_104,seq144,seq104,r_148_105_104,0.43,8,112,104,96
25,r_75_18_40,r_74_34_81,seq21,r_75_18_40,0.96,0,40,40,96
21,r_125_80_152,r_62_139_78,r_127_79_152,r_62_139_78,1.0,73,151,78,96
1,r_56_16_80,r_58_35_122,r_75_18_40,r_56_16_80,0.83,0,80,80,96
5,r_84_112_165,r_70_83_28,seq114,r_84_112_165,0.52,0,165,165,96
46,r_61_11_145,seq63,r_45_9_26,r_61_11_145,0.55,0,145,145,96
42,r_68_64_112,r_71_120_160,seq63,r_68_64_112,0.73,0,112,112,96
22,r_36_90_170,seq32,r_109_37_50,r_109_37_50,1.0,8,58,50,96
45,r_115_44_79,seq114,seq43,r_115_44_79,1.0,0,79,79,96
10,r_103_129_20,seq104,seq128,r_103_129_20,0.98,0,20,20,96
19,r_3_106_176,seq0,r_95_107_121,r_95_107_121,0.67,56,177,121,96
95,seq111,r_113_146_91,seq114,r_113_146_91,1.0,0,91,91,96
33,r_109_37_50,r_62_139_78,r_36_90_170,r_109_37_50,0.67,0,50,50,96
31,r_71_120_160,r_69_116_70,r_67_47_171,r_69_116_70,1.0,-1,69,70,96
30,r_108_49_30,r_109_37_50,seq51,r_108_49_30,0.99,0,30,30,96
89,seq93,r_94_78_135,r_31_92_114,r_31_92_114,0.6,22,136,114,96
3,r_48_23_120,r_50_4_126,seq24,r_48_23_120,0.75,1,121,120,96
26,r_117_99_155,seq118,seq100,r_117_99_155,0.61,1,156,155,96
4,r_85_124_156,r_84_112_165,seq121,r_85_124_156,0.65,0,156,156,96
78,seq55,r_58_35_122,r_122_53_2,r_58_35_122,0.99,-5,117,122,96
0,r_73_27_106,seq72,seq29,r_73_27_106,1.0,0,106,106,96
11,r_126_97_78,r_125_80_152,seq96,r_126_97_78,1.0,0,78,78,96
28,r_45_9_26,seq43,seq10,r_45_9_26,0.99,0,26,26,96
13,r_101_140_83,seq100,r_62_139_78,r_101_140_83,0.99,0,83,83,96
98,seq118,r_117_99_155,seq111,r_117_99_155,0.89,1,156,155,96
15,r_70_83_28,r_84_112_165,r_125_80_152,r_125_80_152,0.56,13,165,152,96
48,r_67_47_171,r_71_120_160,seq65,r_71_120_160,0.81,0,160,160,96
93,seq104,r_148_105_104,r_31_92_114,r_31_92_114,0.5,29,143,114,96
37,r_58_35_122,seq55,r_15_33_50,r_58_35_122,1.0,1,123,122,96
6,r_138_22_146,seq136,r_48_23_120,r_138_22_146,0.64,2,148,146,96
99,seq121,r_125_80_152,r_62_139_78,r_62_139_78,0.63,48,126,78,96
9,r_17_54_35,r_15_33_50,seq55,r_17_54_35,1.0,0,35,35,96
39,r_148_105_104,seq104,r_95_107_121,r_148_105_104,0.64,22,126,104,96
24,r_89_149_24,seq87,seq144,r_89_149_24,0.97,0,24,24,96
22,r_36_90_170,r_109_37_50,r_46_91_9,r_46_91_9,0.7,161,170,9,96
2,r_31_92_114,seq29,seq93,r_31_92_114,0.92,0,114,114,96
41,r_86_59_16,r_58_35_122,r_68_64_112,r_58_35_122,0.99,-7,115,122,96
93,seq104,r_103_129_20,seq87,r_103_129_20,0.54,4,24,20,96
33,r_109_37_50,r_108_49_30,r_62_139_78,r_108_49_30,0.69,0,30,30,96
18,r_137_76_133,r_138_22_146,seq77,r_137_76_133,0.96,0,133,133,96
29,r_69_116_70,r_71_120_160,seq114,r_69_116_70,1.0,0,70,70,96
48,r_67_47_171,seq65,r_108_49_30,r_67_47_171,0.89,1,172,171,96
43,r_39_81_37,seq41,seq82,r_39_81_37,0.99,0,37,37,96
17,r_15_33_50,r_36_90_170,r_74_34_81,r_74_34_81,1.0,20,101,81,96
70,seq29,seq28,r_73_27_106,r_73_27_106,1.0,42,148,106,96
47,r_57_38_26,r_56_16_80,seq41,r_57_38_26,0.99,1,27,26,96
34,r_74_34_81,seq77,r_15_33_50,r_74_34_81,1.0,0,81,81,96
81,seq65,r_67_47_171,r_94_78_135,r_94_78_135,0.67,39,174,135,96
27,r_123_12_33,r_126_97_78,seq13,r_123_12_33,1.0,0,33,33,96
25,r_75_18_40,seq21,r_56_16_80,r_56_16_80,1.0,7,87,80,96
31,r_71_120_160,r_67_47_171,seq121,r_71_120_160,0.55,0,160,160,96
49,r_113_146_91,seq111,seq145,r_113_146_91,0.99,0,91,91,96
21,r_125_80_152,seq121,r_62_139_78,r_62_139_78,0.92,48,126,78,96
7,r_95_107_121,r_94_78_135,r_148_105_104,r_95_107_121,0.88,0,121,121,96
44,r_122_53_2,r_52_2_91,seq55,r_52_2_91,1.0,0,91,91,96
20,r_119_98_28,seq118,seq100,r_119_98_28,0.99,1,29,28,96
32,r_1_133_23,r_3_106_176,seq132,r_1_133_23,1.0,0,23,23,96
23,r_50_4_126,seq51,r_3_106_176,r_50_4_126,0.89,0,126,126,96
85,seq82,r_85_124_156,r_39_81_37,r_39_81_37,1.0,5,42,37,96
82,seq72,r_73_27_106,r_39_81_37,r_73_27_106,0.49,-1,105,106,96
35,r_66_40_61,r_67_47_171,r_57_38_26,r_66_40_61,1.0,0,61,61,96
12,r_62_139_78,r_61_11_145,seq141,r_62_139_78,0.99,0,78,78,96
84,seq141,r_138_22_146,r_62_139_78,r_62_139_78,0.63,68,146,78,96
30,r_24_30_176,seq25,r_41_28_56,r_24_30_176,0.23,0,176,176,97
51,seq2,r_9_53_163,r_3_1_73,r_9_53_163,0.56,-96,67,163,97
14,r_91_149_67,r_93_11_96,seq148,r_91_149_67,0.97,0,67,67,97
43,r_88_54_125,seq85,r_114_62_38,r_88_54_125,0.47,0,125,125,97
15,r_86_101_31,r_83_127_74,r_76_98_25,r_86_101_31,0.89,1,32,31,97
54,seq8,r_9_53_163,r_93_11_96,r_93_11_96,1.0,67,163,96,97
37,r_133_74_64,r_134_13_173,r_89_75_3,r_133_74_64,0.96,1,65,64,97
19,r_78_135_164,r_133_74_64,r_6_139_63,r_78_135_164,0.82,0,164,164,97
55,seq137,r_134_13_173,r_6_139_63,r_6_139_63,1.0,12,75,63,97
16,r_41_28_56,seq40,seq29,r_41_28_56,0.9,6,62,56,97
21,r_66_120_168,seq63,r_136_119_60,r_66_120_168,0.49,0,168,168,97
1,r_19_71_152,seq21,r_81_20_104,r_81_20_104,1.0,1,105,104,97
46,r_136_119_60,seq137,r_27_122_8,r_136_119_60,0.96,0,60,60,97
42,r_109_138_179,r_106_125_133,r_116_108_31,r_109_138_179,0.86,-50,129,179,97
18,r_3_1_73,r_52_7_63,seq0,r_3_1_73,0.53,0,73,73,97
13,r_130_105_48,seq131,r_106_125_133,r_130_105_48,0.87,0,48,48,97
32,r_129_82_153,seq131,seq80,r_129_82_153,0.65,0,153,153,97
45,r_134_13_173,r_140_22_176,r_102_14_65,r_102_14_65,0.8,108,173,65,97
36,r_87_43_28,r_88_54_125,seq40,r_87_43_28,1.0,0,28,28,97
32,r_129_82_153,r_128_35_34,seq131,r_128_35_34,1.0,0,34,34,97
47,r_128_35_34,r_129_82_153,r_33_110_137,r_128_35_34,1.0,0,34,34,97
19,r_78_135_164,r_81_20_104,r_133_74_64,r_78_135_164,0.92,-69,95,164,97
11,r_102_14_65,seq15,r_84_17_21,r_84_17_21,0.33,145,166,21,97
10,r_33_110_137,r_128_35_34,r_12_111_68,r_33_110_137,0.79,0,137,137,97
31,r_83_127_74,seq85,seq131,r_83_127_74,0.99,0,74,74,97
89,seq92,r_93_11_96,seq90,r_93_11_96,0.88,0,96,96,97
27,r_5_31_31,r_6_139_63,seq29,r_5_31_31,1.0,0,31,31,97
10,r_33_110_137,r_34_79_101,r_128_35_34,r_33_110_137,0.92,-36,101,137,97
8,r_37_64_23,r_41_28_56,seq63,r_37_64_23,0.99,0,23,23,97
4,r_52_7_63,r_57_72_137,seq8,r_52_7_63,1.0,0,63,63,97
0,r_96_126_175,seq94,r_83_127_74,r_83_127_74,0.81,101,175,74,97
11,r_102_14_65,seq100,seq15,r_102_14_65,1.0,0,65,65,97
98,seq121,r_123_68_120,r_27_122_8,r_123_68_120,0.98,-21,99,120,97
10,r_33_110_137,r_12_111_68,r_106_125_133,r_33_110_137,0.39,23,160,137,97
48,r_50_104_132,seq51,r_130_105_48,r_130_105_48,0.73,84,132,48,97
13,r_130_105_48,r_106_125_133,r_50_104_132,r_106_125_133,0.83,-1,132,133,97
99,seq124,seq131,r_106_125_133,r_106_125_133,1.0,6,139,133,97
41,r_114_62_38,seq112,r_37_64_23,r_114_62_38,1.0,0,38,38,97
42,r_109_138_179,r_116_108_31,r_6_139_63,r_6_139_63,1.0,116,179,63,97
2,r_60_73_154,seq51,r_19_71_152,r_19_71_152,1.0,3,155,152,97
67,seq29,r_36_32_67,r_5_31_31,r_5_31_31,1.0,4,35,31,97
18,r_3_1_73,r_6_139_63,r_52_7_63,r_52_7_63,1.0,0,63,63,97
29,r_9_53_163,seq8,r_37_64_23,r_9_53_163,0.52,0,163,163,97
24,r_107_115_70,r_106_125_133,seq117,r_107_115_70,0.89,3,73,70,97
25,r_93_11_96,seq92,seq8,r_93_11_96,1.0,0,96,96,97
33,r_140_22_176,r_134_13_173,seq23,r_140_22_176,0.32,1,177,176,97
44,r_44_59_20,r_41_28_56,seq56,r_44_59_20,1.0,0,20,20,97
47,r_128_35_34,r_33_110_137,r_118_45_32,r_33_110_137,1.0,0,137,137,97
20,r_118_45_32,seq117,seq39,r_118_45_32,0.99,0,32,32,97
61,seq18,seq16,r_84_17_21,r_84_17_21,1.0,52,73,21,97
38,r_84_17_21,r_86_101_31,seq18,r_84_17_21,1.0,0,21,21,97
34,r_6_139_63,r_3_1_73,seq137,r_6_139_63,1.0,0,63,63,97
51,seq2,seq0,r_93_11_96,r_93_11_96,0.52,65,161,96,97
17,r_81_20_104,r_19_71_152,seq21,r_19_71_152,0.91,-3,149,152,97
17,r_81_20_104,r_89_75_3,r_19_71_152,r_81_20_104,1.0,0,104,104,97
9,r_147_38_124,seq145,seq39,r_147_38_124,0.71,0,124,124,97
1,r_19_71_152,r_81_20_104,r_123_68_120,r_19_71_152,1.0,0,152,152,97
22,r_106_125_133,r_109_138_179,seq124,r_106_125_133,0.85,0,133,133,97
28,r_103_95_87,r_106_125_133,r_130_105_48,r_130_105_48,0.77,10,58,48,97
49,r_34_79_101,r_33_110_137,seq80,r_34_79_101,1.0,0,101,101,97
7,r_12_111_68,seq16,seq112,r_12_111_68,1.0,0,68,68,97
5,r_116_108_31,seq117,r_109_138_179,r_116_108_31,0.9,0,31,31,97
23,r_123_68_120,seq121,seq69,r_123_68_120,0.93,0,120,120,97
28,r_103_95_87,r_130_105_48,r_76_98_25,r_103_95_87,0.53,0,87,87,97
35,r_57_72_137,seq56,r_123_68_120,r_57_72_137,0.71,0,137,137,97
12,r_141_55_178,seq142,r_37_64_23,r_37_64_23,0.83,155,178,23,97
33,r_48_119_45,r_45_143_111,seq132,r_48_119_45,0.96,0,45,45,98
14,r_30_135_185,seq31,r_11_134_102,r_30_135_185,0.48,0,185,185,98
8,r_36_17_183,seq37,seq18,r_36_17_183,0.68,0,183,183,98
53,seq132,r_130_46_105,r_138_133_80,r_130_46_105,0.58,-22,83,105,98
22,r_102_72_36,seq76,r_122_70_60,r_122_70_60,0.86,12,72,60,98
37,r_122_70_60,seq132,r_102_72_36,r_122_70_60,0.91,0,60,60,98
59,seq139,r_140_121_105,seq137,r_140_121_105,0.72,0,105,105,98
71,seq38,r_39_58_185,r_83_42_43,r_83_42_43,1.0,143,186,43,98
16,r_25_47_79,seq27,seq52,r_25_47_79,0.58,0,79,79,98
39,r_35_87_165,r_30_135_185,r_142_89_129,r_35_87_165,0.72,0,165,165,98
97,seq111,r_112_82_103,r_56_116_63,r_56_116_63,0.59,40,103,63,98
5,r_23_34_130,r_24_109_150,seq29,r_24_109_150,0.7,-18,132,150,98
46,r_93_85_77,seq90,seq88,r_93_85_77,0.52,0,77,77,98
42,r_130_46_105,seq132,r_25_47_79,r_130_46_105,0.66,0,105,105,98
25,r_3_19_56,r_36_17_183,r_71_79_31,r_71_79_31,0.53,180,211,31,98
11,r_92_95_25,r_93_85_77,seq94,r_92_95_25,0.62,0,25,25,98
45,r_110_40_66,r_112_82_103,r_83_42_43,r_112_82_103,0.69,-37,66,103,98
89,seq96,r_115_16_149,r_56_116_63,r_56_116_63,0.93,37,100,63,98
33,r_48_119_45,seq132,r_140_121_105,r_140_121_105,0.55,24,129,105,98
1,r_97_62_35,seq96,seq61,r_97_62_35,0.97,0,35,35,98
31,r_56_116_63,r_54_78_158,seq111,r_56_116_63,1.0,0,63,63,98
41,r_45_143_111,seq51,seq145,r_45_143_111,0.99,0,111,111,98
72,seq44,r_45_143_111,r_32_53_119,r_45_143_111,0.93,-27,84,111,98
88,seq94,seq96,r_92_95_25,r_92_95_25,0.72,24,49,25,98
4,r_24_109_150,r_23_34_130,seq108,r_23_34_130,0.69,21,151,130,98
73,seq49,seq51,r_105_50_27,r_105_50_27,1.0,116,143,27,98
2,r_20_129_191,seq18,r_3_19_56,r_3_19_56,1.0,0,56,56,98
48,r_100_15_114,seq98,r_75_12_12,r_100_15_114,0.94,0,114,114,98
25,r_3_19_56,seq5,r_20_129_191,r_3_19_56,1.0,0,56,56,98
85,seq88,seq90,r_142_89_129,r_142_89_129,0.91,7,136,129,98
3,r_144_0_50,seq145,seq1,r_144_0_50,1.0,0,50,50,98
40,r_140_121_105,seq139,r_48_119_45,r_48_119_45,0.57,60,105,45,98
29,r_41_77_190,r_43_6_76,r_83_42_43,r_41_77_190,1.0,-114,76,190,98
61,seq18,r_3_19_56,r_36_17_183,r_36_17_183,0.92,3,186,183,98
24,r_32_53_119,r_33_146_162,seq52,r_33_146_162,0.54,-37,125,162,98
64,seq21,r_24_109_150,r_39_58_185,r_24_109_150,0.95,-3,147,150,98
47,r_83_42_43,r_41_77_190,seq38,r_41_77_190,0.96,-4,186,190,98
22,r_102_72_36,r_100_15_114,seq76,r_102_72_36,0.82,4,40,36,98
58,seq10,r_11_134_102,r_75_12_12,r_11_134_102,0.55,-5,97,102,98
70,seq37,r_36_17_183,r_83_42_43,r_83_42_43,0.84,139,182,43,98
47,r_83_42_43,seq90,r_41_77_190,r_83_42_43,0.99,0,43,43,98
61,seq18,r_20_129_191,r_3_19_56,r_3_19_56,1.0,9,65,56,98
38,r_54_78_158,seq57,r_71_79_31,r_54_78_158,0.8,0,158,158,98
34,r_112_82_103,seq111,seq81,r_112_82_103,0.76,0,103,103,98
17,r_39_58_185,r_41_77_190,r_105_50_27,r_105_50_27,0.55,149,176,27,98
25,r_3_19_56,r_20_129_191,r_36_17_183,r_36_17_183,0.48,14,197,183,98
9,r_43_6_76,r_41_77_190,seq7,r_43_6_76,0.98,0,76,76,98
28,r_11_134_102,seq10,r_75_12_12,r_75_12_12,0.81,12,24,12,98
32,r_105_50_27,seq103,seq51,r_105_50_27,0.99,3,30,27,98
0,r_71_79_31,r_59_123_187,seq80,r_71_79_31,0.86,0,31,31,98
28,r_11_134_102,r_75_12_12,r_138_133_80,r_11_134_102,0.75,0,102,102,98
29,r_41_77_190,r_83_42_43,r_128_69_191,r_41_77_190,0.81,0,190,190,98
58,seq10,r_75_12_12,r_43_6_76,r_43_6_76,0.73,72,148,76,98
60,seq145,r_144_0_50,seq149,r_144_0_50,1.0,-2,48,50,98
7,r_4_141_85,seq5,seq149,r_4_141_85,0.99,0,85,85,98
35,r_55_63_32,r_56_116_63,seq64,r_55_63_32,0.67,0,32,32,98
44,r_138_133_80,seq139,seq132,r_138_133_80,0.8,0,80,80,98
23,r_118_101_193,seq132,r_22_117_74,r_22_117_74,0.94,60,134,74,98
20,r_73_2_58,seq74,seq1,r_73_2_58,1.0,0,58,58,98
6,r_75_12_12,r_71_79_31,r_136_13_2,r_75_12_12,1.0,0,12,12,98
12,r_114_84_182,seq111,r_71_79_31,r_114_84_182,0.27,0,182,182,98
84,seq81,seq76,r_112_82_103,r_112_82_103,0.39,22,125,103,98
30,r_101_66_98,r_102_51_151,seq68,r_101_66_98,0.86,0,98,98,99
23,r_118_22_27,r_16_18_80,r_7_19_136,r_7_19_136,1.0,3,139,136,99
38,r_69_10_46,seq68,seq12,r_69_10_46,1.0,0,46,46,99
36,r_130_144_93,seq131,seq145,r_130_144_93,0.92,0,93,93,99
14,r_8_5_179,seq9,seq4,r_8_5_179,0.39,1,180,179,99
8,r_141_73_165,seq145,r_64_74_16,r_141_73_165,0.6,0,165,165,99
59,seq12,seq9,r_69_10_46,r_69_10_46,1.0,37,83,46,99
16,r_65_104_128,r_78_85_159,seq105,r_65_104_128,0.89,0,128,128,99
39,r_7_19_136,seq9,r_118_22_27,r_7_19_136,0.9,0,136,136,99
46,r_44_24_74,seq49,seq30,r_44_24_74,0.59,1,75,74,99
24,r_26_136_11,r_29_109_51,seq138,r_26_136_11,0.72,0,11,11,99
80,seq55,seq52,r_91_54_91,r_91_54_91,1.0,9,100,91,99
7,r_124_135_141,r_148_123_35,r_26_136_11,r_124_135_141,0.92,0,141,141,99
3,r_21_47_78,seq30,r_118_22_27,r_118_22_27,0.85,7,34,27,99
45,r_62_20_128,seq59,r_118_22_27,r_118_22_27,0.8,101,128,27,99
1,r_148_123_35,r_149_11_145,r_115_103_162,r_148_123_35,0.8,0,35,35,99
31,r_6_125_152,seq4,r_148_123_35,r_6_125_152,0.36,0,152,152,99
60,seq13,r_14_67_176,r_2_15_38,r_2_15_38,1.0,-2,36,38,99
43,r_16_18_80,r_2_15_38,r_118_22_27,r_16_18_80,0.83,0,80,80,99
0,r_3_127_103,seq0,r_92_128_53,r_3_127_103,0.99,0,103,103,99
11,r_106_25_146,seq114,r_44_24_74,r_44_24_74,0.51,72,146,74,99
20,r_108_95_83,seq110,seq97,r_108_95_83,0.81,0,83,83,99
13,r_133_89_94,seq132,r_117_88_96,r_133_89_94,0.57,1,95,94,99
98,seq120,r_119_57_158,r_116_98_5,r_119_57_158,0.69,0,158,158,99
15,r_142_43_161,seq145,seq45,r_142_43_161,0.71,1,162,161,99
23,r_118_22_27,r_117_88_96,r_21_47_78,r_118_22_27,1.0,0,27,27,99
32,r_29_109_51,seq30,seq110,r_29_109_51,1.0,0,51,51,99
43,r_16_18_80,r_14_67_176,r_2_15_38,r_2_15_38,1.0,4,42,38,99
81,seq58,seq59,r_119_57_158,r_119_57_158,0.97,2,160,158,99
42,r_14_67_176,r_16_18_80,r_2_15_38,r_14_67_176,0.97,-134,42,176,99
2,r_117_88_96,r_115_103_162,r_133_89_94,r_115_103_162,0.5,-66,96,162,99
47,r_140_107_84,r_141_73_165,seq100,r_140_107_84,0.9,0,84,84,99
17,r_149_11_145,r_148_123_35,seq146,r_148_123_35,0.99,-8,27,35,99
40,r_91_54_91,seq97,seq55,r_91_54_91,1.0,0,91,91,99
18,r_37_93_70,seq34,seq97,r_37_93_70,1.0,1,71,70,99
29,r_80_126_135,r_79_27_159,r_26_136_11,r_79_27_159,0.81,-24,135,159,99
5,r_143_56_28,r_141_73_165,seq58,r_143_56_28,0.98,0,28,28,99
25,r_115_103_162,r_117_88_96,seq105,r_117_88_96,1.0,-20,76,96,99
10,r_63_90_34,r_62_20_128,seq97,r_63_90_34,0.95,1,35,34,99
64,seq132,r_133_89_94,r_26_136_11,r_133_89_94,0.94,0,94,94,99
4,r_2_15_38,r_16_18_80,r_14_67_176,r_16_18_80,1.0,0,80,80,99
3,r_21_47_78,r_118_22_27,seq49,r_21_47_78,0.89,0,78,78,99
37,r_122_82_45,r_124_135_141,seq81,r_122_82_45,1.0,0,45,45,99
77,seq50,seq55,r_102_51_151,r_102_51_151,1.0,1,152,151,99
34,r_79_27_159,r_78_85_159,seq30,r_79_27_159,0.45,0,159,159,99
22,r_96_48_18,r_94_17_146,seq49,r_96_48_18,0.97,0,18,18,99
4,r_2_15_38,r_3_127_103,r_16_18_80,r_2_15_38,0.86,0,38,38,99
27,r_92_128_53,seq131,r_3_127_103,r_3_127_103,1.0,1,104,103,99
81,seq58,r_78_85_159,seq59,r_78_85_159,0.72,-50,109,159,99
94,seq105,r_102_51_151,r_65_104_128,r_65_104_128,0.8,23,151,128,99
23,r_118_22_27,r_21_47_78,r_16_18_80,r_16_18_80,0.95,-1,79,80,99
53,seq4,seq0,r_8_5_179,r_8_5_179,0.72,0,179,179,99
4,r_2_15_38,r_14_67_176,seq13,r_14_67_176,0.98,-11,165,176,99
91,seq97,r_94_17_146,r_63_90_34,r_63_90_34,0.63,113,147,34,99
49,r_137_112_164,seq138,r_63_90_34,r_63_90_34,0.67,126,160,34,99
56,seq9,r_8_5_179,r_69_10_46,r_69_10_46,1.0,69,115,46,99
44,r_84_41_139,r_86_28_182,r_77_39_9,r_86_28_182,0.61,-43,139,182,99
17,r_149_11_145,seq146,r_69_10_46,r_69_10_46,0.65,100,146,46,99
35,r_119_57_158,seq120,seq58,r_119_57_158,0.45,0,158,158,99
12,r_87_23_163,seq83,r_106_25_146,r_106_25_146,0.66,17,163,146,99
7,r_124_135_141,r_122_82_45,r_148_123_35,r_122_82_45,0.92,0,45,45,99
