36,r_15_31_104,seq18,seq32,r_15_31_104,1.0,3,107,104,0
30,r_110_92_42,r_108_16_59,seq93,r_110_92_42,0.77,5,47,42,0
37,r_24_46_92,r_23_95_170,r_47_48_140,r_24_46_92,1.0,0,92,92,0
16,r_50_56_167,r_47_48_140,seq58,r_50_56_167,0.6,0,167,167,0
21,r_10_20_83,r_9_137_109,seq19,r_10_20_83,1.0,2,85,83,0
39,r_59_21_64,r_60_86_114,r_23_95_170,r_59_21_64,1.0,0,64,64,0
1,r_77_6_158,seq73,r_42_5_79,r_42_5_79,0.55,79,158,79,0
33,r_22_131_38,r_23_95_170,seq130,r_22_131_38,1.0,0,38,38,0
45,r_84_55_137,seq93,r_147_54_51,r_84_55_137,0.72,0,137,137,0
66,seq36,r_35_70_125,seq29,r_35_70_125,0.9,0,125,125,0
3,r_7_148_43,r_9_137_109,r_149_146_129,r_7_148_43,0.92,0,43,43,0
14,r_79_83_36,r_78_33_135,seq82,r_78_33_135,0.95,-86,49,135,0
39,r_59_21_64,r_23_95_170,r_10_20_83,r_23_95_170,0.76,0,170,170,0
31,r_129_122_113,seq130,seq127,r_129_122_113,0.96,1,114,113,0
41,r_30_133_97,seq29,r_102_135_7,r_30_133_97,1.0,0,97,97,0
10,r_9_137_109,r_10_20_83,r_44_8_67,r_44_8_67,0.82,1,68,67,0
35,r_118_12_55,r_117_116_77,seq11,r_118_12_55,1.0,0,55,55,0
26,r_57_91_111,seq58,r_113_90_32,r_57_91_111,0.62,3,114,111,0
0,r_94_1_173,r_97_109_196,r_108_16_59,r_108_16_59,1.0,114,173,59,0
63,seq29,r_30_133_97,seq34,r_30_133_97,1.0,0,97,97,0
20,r_134_124_95,seq141,seq125,r_134_124_95,1.0,0,95,95,0
15,r_35_70_125,seq36,seq68,r_35_70_125,0.85,0,125,125,0
48,r_78_33_135,r_81_66_189,r_15_31_104,r_78_33_135,0.96,0,135,135,0
11,r_147_54_51,r_149_146_129,r_84_55_137,r_147_54_51,0.97,0,51,51,0
62,seq28,r_27_144_142,seq25,r_27_144_142,1.0,0,142,142,0
9,r_64_74_35,seq63,seq73,r_64_74_35,0.89,0,35,35,0
15,r_35_70_125,seq68,r_120_69_168,r_35_70_125,0.61,54,179,125,0
49,r_128_112_50,seq125,seq114,r_128_112_50,0.89,4,54,50,0
47,r_67_49_131,seq65,r_47_48_140,r_67_49_131,0.77,0,131,131,0
40,r_27_144_142,seq28,r_17_145_54,r_27_144_142,0.78,0,142,142,0
18,r_44_8_67,seq45,r_9_137_109,r_44_8_67,0.99,0,67,67,0
27,r_113_90_32,r_118_12_55,seq89,r_113_90_32,0.95,0,32,32,0
3,r_7_148_43,r_149_146_129,r_17_145_54,r_7_148_43,0.39,45,88,43,0
24,r_41_88_134,seq43,r_57_91_111,r_41_88_134,0.95,1,135,134,0
25,r_23_95_170,r_24_46_92,r_59_21_64,r_23_95_170,0.59,-78,92,170,0
64,seq32,seq34,r_15_31_104,r_15_31_104,1.0,9,113,104,0
58,seq143,r_149_146_129,r_17_145_54,r_17_145_54,1.0,34,88,54,0
10,r_9_137_109,r_44_8_67,r_102_135_7,r_9_137_109,1.0,0,109,109,0
65,seq34,r_35_70_125,seq29,r_35_70_125,0.87,-11,114,125,0
32,r_60_86_114,seq61,r_113_90_32,r_60_86_114,0.91,3,117,114,0
56,seq141,seq138,r_102_135_7,r_102_135_7,0.96,44,51,7,0
38,r_111_13_130,r_117_116_77,seq14,r_111_13_130,1.0,0,130,130,0
34,r_149_146_129,seq143,r_17_145_54,r_17_145_54,1.0,11,65,54,0
55,seq11,r_15_31_104,r_118_12_55,r_118_12_55,0.84,2,57,55,0
81,seq68,r_71_132_175,r_85_80_40,r_85_80_40,0.7,137,177,40,0
17,r_2_103_66,seq3,seq105,r_2_103_66,1.0,0,66,66,0
25,r_23_95_170,r_59_21_64,r_26_96_110,r_23_95_170,0.81,0,170,170,0
28,r_42_5_79,r_41_88_134,seq4,r_42_5_79,1.0,0,79,79,0
46,r_17_145_54,r_15_31_104,r_149_146_129,r_17_145_54,0.99,0,54,54,0
7,r_120_69_168,seq119,r_35_70_125,r_120_69_168,0.52,0,168,168,0
44,r_26_96_110,r_27_144_142,seq98,r_26_96_110,0.99,0,110,110,0
18,r_44_8_67,r_9_137_109,r_108_16_59,r_9_137_109,1.0,0,109,109,0
12,r_71_132_175,seq68,r_102_135_7,r_102_135_7,0.89,170,177,7,0
30,r_90_63_170,seq89,r_17_65_37,r_90_63_170,0.68,2,172,170,1
51,seq131,r_130_47_184,r_72_133_162,r_72_133_162,0.68,25,187,162,1
36,r_130_47_184,seq131,r_127_44_54,r_127_44_54,1.0,133,187,54,1
97,seq148,seq146,r_112_149_53,r_112_149_53,0.89,-8,45,53,1
18,r_15_102_156,r_17_65_37,r_28_119_136,r_15_102_156,0.62,-122,34,156,1
74,seq64,r_62_114_80,r_17_65_37,r_17_65_37,0.61,0,37,37,1
22,r_52_135_137,r_51_105_44,seq53,r_51_105_44,0.62,13,57,44,1
21,r_104_87_104,seq106,seq86,r_104_87_104,0.66,3,107,104,1
39,r_50_147_88,r_42_12_157,r_112_149_53,r_50_147_88,0.95,3,91,88,1
5,r_132_18_142,seq131,seq20,r_132_18_142,0.88,0,142,142,1
46,r_41_85_125,r_42_12_157,r_104_87_104,r_41_85_125,0.85,3,128,125,1
42,r_35_99_100,seq37,seq98,r_35_99_100,0.98,1,101,100,1
6,r_51_105_44,r_52_135_137,seq106,r_51_105_44,0.99,0,44,44,1
45,r_42_12_157,r_45_43_167,r_132_18_142,r_45_43_167,0.71,-10,157,167,1
19,r_126_138_195,r_129_75_124,seq134,r_129_75_124,0.92,4,128,124,1
43,r_2_145_20,seq11,seq148,r_2_145_20,0.89,0,20,20,1
41,r_19_67_119,seq20,r_66_69_2,r_19_67_119,0.96,1,120,119,1
3,r_97_110_133,r_94_27_168,r_109_107_183,r_97_110_133,0.78,0,133,133,1
26,r_28_119_136,seq25,r_39_122_90,r_28_119_136,0.88,0,136,136,1
0,r_39_122_90,r_42_12_157,seq124,r_39_122_90,0.73,0,90,90,1
73,seq60,seq64,r_139_61_89,r_139_61_89,0.93,2,91,89,1
11,r_72_133_162,seq71,r_52_135_137,r_72_133_162,0.52,0,162,162,1
95,seq113,r_112_149_53,r_96_111_12,r_96_111_12,0.61,4,16,12,1
13,r_32_34_150,seq30,r_49_36_26,r_32_34_150,0.54,0,150,150,1
15,r_79_38_86,seq83,r_45_43_167,r_79_38_86,0.97,0,86,86,1
48,r_9_26_103,seq8,seq25,r_9_26_103,0.99,2,105,103,1
18,r_15_102_156,r_21_14_139,seq103,r_15_102_156,0.99,0,156,156,1
57,seq142,r_141_55_174,r_4_144_84,r_4_144_84,0.9,90,174,84,1
27,r_140_115_78,r_141_55_174,r_96_111_12,r_141_55_174,0.64,-96,78,174,1
22,r_52_135_137,seq53,seq134,r_52_135_137,0.69,1,138,137,1
2,r_31_101_115,seq29,seq100,r_31_101_115,0.83,0,115,115,1
12,r_127_44_54,r_126_138_195,r_45_43_167,r_127_44_54,0.89,1,55,54,1
24,r_62_114_80,seq64,r_96_111_12,r_62_114_80,1.0,0,80,80,1
16,r_17_65_37,r_15_102_156,seq64,r_17_65_37,1.0,0,37,37,1
44,r_128_56_41,r_127_44_54,seq53,r_128_56_41,0.99,0,41,41,1
25,r_4_144_84,r_6_3_48,seq143,r_4_144_84,0.95,0,84,84,1
50,seq1,r_0_121_144,r_139_61_89,r_0_121_144,0.49,7,151,144,1
58,seq143,r_141_55_174,r_4_144_84,r_4_144_84,0.88,17,101,84,1
32,r_13_95_87,seq25,seq93,r_13_95_87,0.94,0,87,87,1
38,r_129_75_124,r_126_138_195,seq76,r_129_75_124,0.91,2,126,124,1
66,seq37,r_35_99_100,r_49_36_26,r_49_36_26,0.5,1,27,26,1
31,r_112_149_53,seq113,seq148,r_112_149_53,0.84,-8,45,53,1
17,r_123_16_186,seq124,r_21_14_139,r_123_16_186,0.35,1,187,186,1
94,seq108,r_109_107_183,r_96_111_12,r_96_111_12,0.83,63,75,12,1
9,r_77_58_109,seq76,seq59,r_77_58_109,0.99,0,109,109,1
93,seq106,r_104_87_104,r_51_105_44,r_51_105_44,1.0,1,45,44,1
49,r_23_88_52,seq25,seq86,r_23_88_52,1.0,0,52,52,1
7,r_48_24_69,r_39_122_90,seq25,r_48_24_69,1.0,1,70,69,1
18,r_15_102_156,r_28_119_136,r_21_14_139,r_28_119_136,0.92,-25,111,136,1
23,r_0_121_144,seq1,r_28_119_136,r_0_121_144,0.6,0,144,144,1
47,r_49_36_26,r_48_24_69,seq37,r_49_36_26,0.99,0,26,26,1
35,r_139_61_89,seq148,seq60,r_139_61_89,0.96,1,90,89,1
99,seq122,r_123_51_65,r_117_119_29,r_123_51_65,1.0,-14,51,65,2
32,r_26_138_46,r_27_141_128,seq147,r_26_138_46,0.7,0,46,46,2
36,r_139_68_58,r_148_114_165,seq69,r_139_68_58,1.0,0,58,58,2
98,seq118,r_121_25_63,r_117_119_29,r_121_25_63,0.81,-44,19,63,2
23,r_148_114_165,r_144_116_152,r_17_149_13,r_17_149_13,0.98,10,23,13,2
3,r_17_149_13,r_148_114_165,r_41_140_80,r_41_140_80,1.0,85,165,80,2
21,r_30_112_193,r_31_14_151,r_9_32_18,r_9_32_18,0.97,145,163,18,2
39,r_109_108_174,seq110,seq107,r_109_108_174,0.51,-1,173,174,2
1,r_96_53_129,seq99,seq56,r_96_53_129,1.0,1,130,129,2
97,seq115,r_117_119_29,r_111_131_76,r_111_131_76,0.98,68,144,76,2
46,r_28_81_72,r_27_141_128,r_80_95_180,r_28_81_72,1.0,0,72,72,2
42,r_74_2_143,seq72,r_82_1_40,r_74_2_143,0.84,0,143,143,2
16,r_24_126_10,seq128,r_97_125_38,r_97_125_38,0.99,-1,37,38,2
12,r_54_23_26,seq56,seq21,r_54_23_26,0.99,-3,23,26,2
15,r_113_145_51,r_144_116_152,r_41_140_80,r_113_145_51,0.92,69,120,51,2
95,seq107,r_111_131_76,r_109_108_174,r_111_131_76,0.85,1,77,76,2
41,r_12_43_67,seq13,r_76_42_49,r_12_43_67,1.0,-2,65,67,2
15,r_113_145_51,r_111_131_76,r_144_116_152,r_113_145_51,1.0,0,51,51,2
10,r_91_8_150,seq93,seq7,r_91_8_150,0.73,0,150,150,2
8,r_144_116_152,r_113_145_51,seq115,r_144_116_152,0.86,0,152,152,2
11,r_111_131_76,seq110,seq132,r_111_131_76,0.94,1,77,76,2
3,r_17_149_13,r_15_61_30,r_148_114_165,r_17_149_13,1.0,0,13,13,2
30,r_76_42_49,r_47_63_183,r_12_43_67,r_12_43_67,0.99,5,72,67,2
8,r_144_116_152,r_142_35_144,r_113_145_51,r_113_145_51,0.99,0,51,51,2
6,r_80_95_180,r_84_22_166,r_28_81_72,r_28_81_72,1.0,28,100,72,2
0,r_82_1_40,r_80_95_180,r_106_0_22,r_80_95_180,0.58,-140,40,180,2
0,r_82_1_40,r_106_0_22,r_74_2_143,r_74_2_143,0.95,0,143,143,2
13,r_40_120_33,seq39,r_117_119_29,r_40_120_33,0.99,0,33,33,2
27,r_137_60_77,seq136,seq75,r_137_60_77,0.99,0,77,77,2
2,r_41_140_80,seq44,r_113_145_51,r_41_140_80,1.0,0,80,80,2
47,r_65_77_114,r_62_55_146,seq75,r_62_55_146,0.99,-19,127,146,2
40,r_94_38_131,r_84_22_166,seq37,r_94_38_131,0.74,0,131,131,2
18,r_103_90_175,seq105,r_133_86_107,r_133_86_107,0.96,74,181,107,2
24,r_142_35_144,r_144_116_152,r_9_32_18,r_142_35_144,0.92,0,144,144,2
25,r_123_51_65,seq122,seq52,r_123_51_65,1.0,0,65,65,2
33,r_85_101_110,r_89_124_178,seq100,r_85_101_110,0.78,7,117,110,2
4,r_15_61_30,r_18_129_182,seq66,r_15_61_30,0.75,1,31,30,2
48,r_127_46_89,r_24_126_10,seq44,r_127_46_89,1.0,0,89,89,2
30,r_76_42_49,r_78_67_102,r_47_63_183,r_76_42_49,0.94,0,49,49,2
28,r_117_119_29,seq115,seq118,r_117_119_29,0.52,-10,19,29,2
29,r_97_125_38,seq98,r_24_126_10,r_97_125_38,0.95,-3,35,38,2
38,r_34_92_135,r_31_14_151,seq87,r_34_92_135,0.81,0,135,135,2
81,seq147,r_148_114_165,r_113_145_51,r_113_145_51,1.0,45,96,51,2
9,r_31_14_151,r_30_112_193,seq16,r_31_14_151,0.43,12,163,151,2
96,seq110,r_109_108_174,r_148_114_165,r_148_114_165,0.75,3,168,165,2
22,r_9_32_18,r_31_14_151,seq39,r_9_32_18,0.58,145,163,18,2
49,r_84_22_166,r_89_124_178,r_54_23_26,r_84_22_166,0.85,0,166,166,2
7,r_121_25_63,r_123_51_65,seq29,r_121_25_63,1.0,0,63,63,2
35,r_130_146_115,seq132,r_41_140_80,r_130_146_115,0.99,0,115,115,2
23,r_148_114_165,r_17_149_13,seq110,r_148_114_165,0.67,0,165,165,2
36,r_30_126_62,seq28,r_129_69_167,r_30_126_62,1.0,-1,61,62,3
14,r_145_148_90,r_147_143_127,r_35_149_133,r_35_149_133,0.98,3,136,133,3
76,seq60,seq57,r_99_59_33,r_99_59_33,1.0,-2,31,33,3
31,r_86_103_19,r_88_74_132,seq102,r_88_74_132,0.71,-114,18,132,3
83,seq77,r_70_76_15,r_46_71_71,r_46_71_71,1.0,0,71,71,3
37,r_42_61_152,r_45_87_193,seq62,r_42_61_152,0.89,0,152,152,3
96,seq140,r_145_148_90,r_108_141_57,r_108_141_57,0.97,2,59,57,3
21,r_22_98_118,seq21,seq101,r_22_98_118,0.98,1,119,118,3
39,r_132_142_95,seq131,r_108_141_57,r_132_142_95,0.91,3,98,95,3
1,r_81_43_88,seq82,seq49,r_81_43_88,1.0,-2,86,88,3
5,r_24_127_150,seq28,r_30_126_62,r_30_126_62,0.95,89,151,62,3
42,r_123_4_120,r_121_27_92,r_33_122_86,r_123_4_120,0.72,-34,86,120,3
45,r_137_97_137,seq138,seq94,r_137_97_137,0.69,2,139,137,3
19,r_88_74_132,r_85_37_196,r_92_72_96,r_92_72_96,1.0,39,135,96,3
47,r_90_58_130,r_89_139_40,r_93_34_148,r_89_139_40,0.99,1,41,40,3
54,seq5,r_8_124_136,r_112_7_16,r_112_7_16,0.51,-1,15,16,3
38,r_104_67_182,r_44_106_82,r_18_66_91,r_44_106_82,0.57,100,182,82,3
41,r_119_25_72,r_114_105_189,seq29,r_119_25_72,1.0,-1,71,72,3
3,r_147_143_127,r_145_148_90,r_108_141_57,r_108_141_57,0.97,71,128,57,3
10,r_35_149_133,r_36_23_181,r_145_148_90,r_35_149_133,1.0,0,133,133,3
40,r_33_122_86,r_123_4_120,r_129_69_167,r_123_4_120,0.85,0,120,120,3
26,r_3_40_60,r_18_66_91,seq41,r_18_66_91,1.0,-17,74,91,3
40,r_33_122_86,r_129_69_167,r_8_124_136,r_33_122_86,0.72,61,147,86,3
20,r_96_54_155,seq95,seq52,r_96_54_155,0.6,1,156,155,3
13,r_121_27_92,r_123_4_120,r_119_25_72,r_121_27_92,0.83,0,92,92,3
42,r_123_4_120,r_33_122_86,seq5,r_123_4_120,1.0,0,120,120,3
15,r_16_38_175,seq21,r_3_40_60,r_3_40_60,0.69,115,175,60,3
8,r_108_141_57,seq107,seq140,r_108_141_57,1.0,-4,53,57,3
49,r_44_106_82,r_104_67_182,r_20_109_52,r_104_67_182,1.0,0,182,182,3
4,r_135_133_30,r_89_139_40,seq136,r_135_133_30,0.43,107,137,30,3
6,r_92_72_96,r_93_34_148,seq73,r_92_72_96,1.0,0,96,96,3
55,seq136,r_137_97_137,r_31_134_42,r_31_134_42,0.92,8,50,42,3
34,r_112_7_16,r_108_141_57,seq5,r_112_7_16,0.99,0,16,16,3
36,r_30_126_62,r_129_69_167,r_24_127_150,r_30_126_62,0.92,88,150,62,3
27,r_18_66_91,seq21,seq64,r_18_66_91,1.0,-1,90,91,3
2,r_55_130_160,seq56,seq131,r_55_130_160,0.68,0,160,160,3
40,r_33_122_86,seq41,r_123_4_120,r_33_122_86,0.82,0,86,86,3
29,r_26_63_114,r_24_127_150,r_18_66_91,r_24_127_150,1.0,-36,114,150,3
24,r_46_71_71,r_45_87_193,seq73,r_46_71_71,1.0,0,71,71,3
43,r_99_59_33,r_100_14_162,seq60,r_99_59_33,0.98,-2,31,33,3
33,r_53_75_129,seq56,r_92_72_96,r_53_75_129,0.76,0,129,129,3
47,r_90_58_130,r_93_34_148,seq57,r_90_58_130,0.88,-1,129,130,3
32,r_36_23_181,r_35_149_133,r_3_40_60,r_36_23_181,0.69,-48,133,181,3
0,r_89_139_40,r_90_58_130,seq140,r_89_139_40,1.0,-1,39,40,3
38,r_104_67_182,seq107,r_44_106_82,r_44_106_82,1.0,2,84,82,3
77,seq138,r_137_97_137,seq136,r_137_97_137,0.93,2,139,137,3
68,seq41,r_80_39_25,r_3_40_60,r_3_40_60,0.63,34,94,60,3
68,seq41,r_33_122_86,r_80_39_25,r_80_39_25,1.0,1,26,25,3
85,seq82,r_81_43_88,seq83,r_81_43_88,0.97,-35,53,88,3
9,r_100_14_162,seq101,seq15,r_100_14_162,0.71,0,162,162,3
7,r_20_109_52,r_18_66_91,r_125_110_3,r_20_109_52,1.0,1,53,52,3
22,r_70_76_15,seq77,r_46_71_71,r_46_71_71,1.0,93,164,71,3
28,r_129_69_167,seq128,r_18_66_91,r_129_69_167,0.7,0,167,167,3
91,seq101,r_100_14_162,r_22_98_118,r_22_98_118,0.58,44,162,118,3
32,r_36_23_181,r_3_40_60,r_121_27_92,r_3_40_60,0.76,128,188,60,3
49,r_44_106_82,r_45_87_193,r_104_67_182,r_44_106_82,1.0,1,83,82,3
17,r_80_39_25,r_88_74_132,seq41,r_80_39_25,0.99,0,25,25,3
82,seq73,seq77,r_92_72_96,r_92_72_96,1.0,4,100,96,3
35,r_93_34_148,seq91,r_3_40_60,r_93_34_148,0.96,0,148,148,3
30,r_110_74_76,r_137_109_6,seq75,r_110_74_76,1.0,0,76,76,4
14,r_59_138_180,r_57_55_161,r_129_136_4,r_59_138_180,0.63,0,180,180,4
8,r_108_142_110,r_137_109_6,seq143,r_108_142_110,0.78,0,110,110,4
43,r_148_102_94,seq149,r_8_101_73,r_148_102_94,0.93,1,95,94,4
37,r_95_103_138,r_93_60_179,seq106,r_95_103_138,0.88,0,138,138,4
26,r_124_86_21,r_123_80_124,r_95_103_138,r_124_86_21,0.78,0,21,21,4
55,seq5,r_6_141_191,r_89_3_116,r_89_3_116,0.81,61,177,116,4
86,seq75,r_76_36_54,r_110_74_76,r_110_74_76,0.99,4,80,76,4
21,r_25_47_87,seq24,r_53_45_23,r_53_45_23,0.59,64,87,23,4
39,r_22_122_103,seq23,seq121,r_22_122_103,0.98,0,103,103,4
42,r_105_58_108,r_107_115_163,r_57_55_161,r_105_58_108,0.99,0,108,108,4
7,r_93_60_179,r_51_92_88,r_49_61_159,r_51_92_88,0.65,91,179,88,4
45,r_38_134_160,seq40,r_129_136_4,r_38_134_160,0.65,0,160,160,4
66,seq23,r_22_122_103,r_26_18_17,r_22_122_103,1.0,1,104,103,4
10,r_8_101_73,seq11,r_105_58_108,r_8_101_73,0.87,0,73,73,4
62,seq16,seq14,r_85_15_47,r_85_15_47,1.0,10,57,47,4
4,r_19_63_148,seq20,r_94_67_48,r_19_63_148,0.61,2,150,148,4
78,seq43,r_44_81_129,r_140_42_25,r_140_42_25,0.95,109,134,25,4
11,r_13_113_154,seq14,r_137_109_6,r_13_113_154,0.48,1,155,154,4
20,r_44_81_129,seq43,r_128_77_38,r_128_77_38,1.0,96,134,38,4
13,r_111_144_199,r_116_46_96,seq106,r_116_46_96,1.0,0,96,96,4
48,r_123_80_124,r_124_86_21,seq119,r_124_86_21,0.99,0,21,21,4
6,r_87_12_125,r_93_60_179,seq11,r_87_12_125,0.52,5,130,125,4
10,r_8_101_73,r_105_58_108,r_148_102_94,r_105_58_108,0.48,-2,106,108,4
16,r_97_90_34,seq98,r_70_88_53,r_97_90_34,0.98,0,34,34,4
41,r_84_56_151,r_85_15_47,r_79_83_75,r_84_56_151,0.58,-104,47,151,4
41,r_84_56_151,r_79_83_75,r_57_55_161,r_57_55_161,0.39,-3,158,161,4
47,r_130_126_150,seq133,seq125,r_130_126_150,0.5,8,158,150,4
27,r_128_77_38,seq127,seq78,r_128_77_38,1.0,0,38,38,4
40,r_140_42_25,seq143,seq43,r_140_42_25,1.0,1,26,25,4
29,r_7_117_109,r_6_141_191,seq118,r_7_117_109,0.98,0,109,109,4
24,r_89_3_116,r_93_60_179,seq5,r_89_3_116,0.72,0,116,116,4
33,r_116_46_96,r_111_144_199,r_53_45_23,r_116_46_96,0.92,0,96,96,4
48,r_123_80_124,seq119,r_128_77_38,r_123_80_124,0.92,0,124,124,4
64,seq20,r_19_63_148,r_26_18_17,r_19_63_148,0.88,2,150,148,4
50,seq149,r_148_102_94,seq147,r_148_102_94,1.0,1,95,94,4
15,r_70_88_53,seq69,r_97_90_34,r_70_88_53,0.81,4,57,53,4
3,r_85_15_47,r_84_56_151,seq16,r_85_15_47,0.95,0,47,47,4
38,r_114_72_79,r_111_144_199,r_94_67_48,r_114_72_79,1.0,0,79,79,4
34,r_137_109_6,r_110_74_76,seq106,r_110_74_76,1.0,1,77,76,4
5,r_94_67_48,r_93_60_179,seq64,r_94_67_48,0.81,9,57,48,4
94,seq118,seq119,r_7_117_109,r_7_117_109,1.0,0,109,109,4
9,r_51_92_88,r_57_55_161,r_70_88_53,r_57_55_161,0.78,-73,88,161,4
18,r_27_100_13,seq28,seq99,r_27_100_13,0.91,0,13,13,4
26,r_124_86_21,r_95_103_138,r_51_92_88,r_95_103_138,0.96,0,138,138,4
22,r_91_17_91,r_93_60_179,seq16,r_91_17_91,0.96,1,92,91,4
28,r_35_73_83,seq32,r_110_74_76,r_110_74_76,0.99,11,87,76,4
0,r_76_36_54,seq75,seq32,r_76_36_54,0.98,5,59,54,4
7,r_93_60_179,r_89_3_116,r_51_92_88,r_93_60_179,0.6,-78,101,179,4
44,r_139_96_101,seq143,r_51_92_88,r_139_96_101,1.0,1,102,101,4
35,r_4_37_168,r_6_141_191,r_76_36_54,r_6_141_191,0.6,-21,170,191,4
30,r_79_51_60,r_84_73_164,seq52,r_79_51_60,1.0,0,60,60,5
14,r_25_63_104,seq24,seq59,r_25_63_104,1.0,0,104,104,5
53,seq8,r_9_31_148,r_1_4_21,r_9_31_148,0.95,-1,147,148,5
12,r_77_10_173,r_104_17_144,r_137_78_16,r_77_10_173,0.77,-159,14,173,5
71,seq56,r_134_60_7,r_103_72_143,r_103_72_143,0.32,31,174,143,5
39,r_83_11_72,r_84_73_164,r_122_15_42,r_83_11_72,0.62,0,72,72,5
5,r_104_17_144,r_103_72_143,r_92_20_76,r_103_72_143,0.78,1,144,143,5
46,r_54_40_131,r_50_44_198,seq41,r_54_40_131,0.48,5,136,131,5
42,r_22_26_55,seq16,seq28,r_22_26_55,0.98,0,55,55,5
8,r_107_69_56,r_104_17_144,seq68,r_107_69_56,0.79,-2,54,56,5
45,r_128_114_106,seq126,r_116_117_24,r_128_114_106,0.43,0,106,106,5
19,r_147_82_135,seq148,seq85,r_147_82_135,0.88,1,136,135,5
95,seq111,r_110_80_86,r_116_117_24,r_110_80_86,0.92,-18,68,86,5
31,r_102_144_170,r_101_39_174,seq145,r_102_144_170,0.69,1,171,170,5
10,r_113_34_88,seq115,r_7_36_33,r_113_34_88,1.0,-1,87,88,5
40,r_45_43_129,r_46_29_22,r_149_47_28,r_149_47_28,0.99,0,28,28,5
4,r_21_125_85,seq19,seq126,r_21_125_85,1.0,1,86,85,5
11,r_94_100_83,seq96,seq99,r_94_100_83,0.7,-8,75,83,5
13,r_48_23_14,r_50_44_198,seq24,r_50_44_198,0.48,-47,151,198,5
98,seq136,r_135_124_181,seq138,r_135_124_181,0.6,-38,143,181,5
15,r_101_39_174,r_102_144_170,r_45_43_129,r_101_39_174,0.52,1,175,174,5
48,r_86_37_150,r_87_97_193,seq33,r_86_37_150,0.66,2,152,150,5
12,r_77_10_173,r_137_78_16,r_133_14_6,r_77_10_173,0.58,1,174,173,5
6,r_81_143_119,r_84_73_164,seq146,r_81_143_119,0.95,0,119,119,5
99,seq126,r_128_114_106,r_21_125_85,r_21_125_85,0.59,21,106,85,5
2,r_13_27_98,seq12,seq28,r_13_27_98,0.98,0,98,98,5
47,r_9_31_148,seq8,seq24,r_9_31_148,0.67,-1,147,148,5
3,r_35_88_54,seq38,seq89,r_35_88_54,1.0,-1,53,54,5
26,r_149_47_28,seq148,r_45_43_129,r_149_47_28,1.0,0,28,28,5
9,r_142_109_34,seq141,r_116_117_24,r_142_109_34,0.94,7,41,34,5
33,r_110_80_86,seq111,seq85,r_110_80_86,0.81,0,86,86,5
37,r_7_36_33,r_5_55_197,seq38,r_7_36_33,1.0,-1,32,33,5
17,r_123_106_187,r_122_15_42,r_104_17_144,r_122_15_42,0.87,-4,38,42,5
27,r_18_118_39,r_22_26_55,r_116_117_24,r_18_118_39,1.0,-5,34,39,5
49,r_122_15_42,r_123_106_187,seq12,r_122_15_42,0.98,0,42,42,5
32,r_103_72_143,r_104_17_144,seq70,r_103_72_143,0.89,1,144,143,5
22,r_127_112_31,seq126,r_116_117_24,r_127_112_31,0.97,-1,30,31,5
77,seq67,seq59,r_120_66_73,r_120_66_73,0.99,1,74,73,5
34,r_30_6_159,seq33,r_5_55_197,r_30_6_159,0.66,2,161,159,5
94,seq108,r_120_66_73,r_142_109_34,r_120_66_73,0.85,0,73,73,5
37,r_7_36_33,seq38,r_113_34_88,r_113_34_88,1.0,5,93,88,5
29,r_137_78_16,r_77_10_173,r_147_82_135,r_147_82_135,0.76,39,174,135,5
28,r_92_20_76,seq91,seq19,r_92_20_76,1.0,-1,75,76,5
35,r_46_29_22,r_45_43_129,seq28,r_46_29_22,0.77,6,28,22,5
56,seq12,r_13_27_98,r_133_14_6,r_13_27_98,1.0,1,99,98,5
7,r_120_66_73,seq108,seq67,r_120_66_73,0.95,0,73,73,5
23,r_0_61_165,r_5_55_197,seq59,r_0_61_165,0.65,0,165,165,5
92,seq99,seq98,r_94_100_83,r_94_100_83,0.82,-55,28,83,5
17,r_123_106_187,r_104_17_144,seq132,r_104_17_144,0.54,-26,118,144,5
29,r_137_78_16,r_135_124_181,r_77_10_173,r_137_78_16,0.94,-1,15,16,5
30,r_57_62_88,seq58,r_25_61_37,r_57_62_88,1.0,0,88,88,6
27,r_144_128_41,r_149_105_153,seq129,r_144_128_41,0.83,3,44,41,6
36,r_29_146_139,seq36,r_74_30_92,r_74_30_92,1.0,23,115,92,6
25,r_99_13_48,r_97_79_95,seq12,r_99_13_48,1.0,0,48,48,6
14,r_97_79_95,r_103_70_119,r_78_56_187,r_78_56_187,0.8,-92,95,187,6
8,r_11_87_100,r_14_91_106,r_143_88_85,r_143_88_85,0.98,15,100,85,6
43,r_21_104_149,seq19,r_51_113_14,r_21_104_149,0.88,0,149,149,6
13,r_142_22_136,r_143_88_85,seq141,r_143_88_85,0.95,-33,52,85,6
83,seq82,r_81_134_182,r_24_80_97,r_24_80_97,1.0,71,168,97,6
37,r_130_86_176,seq129,r_18_84_39,r_130_86_176,0.49,0,176,176,6
23,r_6_122_54,seq2,r_123_140_177,r_6_122_54,1.0,0,54,54,6
16,r_40_43_181,r_39_55_142,r_92_44_38,r_40_43_181,0.86,-39,142,181,6
1,r_143_88_85,r_142_22_136,seq89,r_143_88_85,0.99,0,85,85,6
5,r_118_42_75,r_123_140_177,r_92_44_38,r_118_42_75,0.72,0,75,75,6
42,r_39_55_142,r_40_43_181,seq58,r_39_55_142,0.8,0,142,142,6
36,r_29_146_139,r_74_30_92,r_20_145_36,r_29_146_139,1.0,0,139,139,6
45,r_83_8_2,r_21_104_149,r_121_9_131,r_83_8_2,0.55,130,132,2,6
11,r_53_67_188,r_132_52_125,r_57_62_88,r_53_67_188,0.82,2,190,188,6
24,r_132_52_125,r_53_67_188,r_78_56_187,r_132_52_125,0.52,65,190,125,6
11,r_53_67_188,r_33_60_16,r_132_52_125,r_132_52_125,1.0,1,126,125,6
66,seq32,seq36,r_94_34_20,r_94_34_20,1.0,95,115,20,6
94,seq114,r_102_112_19,r_51_113_14,r_51_113_14,0.61,37,51,14,6
76,seq147,r_149_105_153,r_20_145_36,r_20_145_36,0.99,63,99,36,6
3,r_47_127_101,seq46,r_144_128_41,r_47_127_101,1.0,0,101,101,6
28,r_18_84_39,r_14_91_106,seq85,r_18_84_39,0.5,0,39,39,6
19,r_17_38_23,r_14_91_106,seq37,r_14_91_106,0.49,-82,24,106,6
26,r_50_110_17,r_48_15_165,seq111,r_50_110_17,1.0,0,17,17,6
15,r_20_145_36,r_14_91_106,seq147,r_20_145_36,1.0,0,36,36,6
14,r_97_79_95,r_78_56_187,seq77,r_78_56_187,0.56,1,188,187,6
4,r_121_9_131,seq120,r_83_8_2,r_121_9_131,0.98,0,131,131,6
0,r_14_91_106,seq12,seq90,r_14_91_106,1.0,0,106,106,6
63,seq23,seq36,r_142_22_136,r_142_22_136,1.0,2,138,136,6
20,r_119_98_166,r_123_140_177,seq100,r_119_98_166,0.34,1,167,166,6
98,seq120,r_121_9_131,r_6_122_54,r_6_122_54,0.92,77,131,54,6
41,r_59_35_59,r_57_62_88,seq37,r_59_35_59,1.0,0,59,59,6
48,r_103_70_119,seq100,seq71,r_103_70_119,0.99,0,119,119,6
11,r_53_67_188,r_54_124_50,r_33_60_16,r_53_67_188,0.82,-137,51,188,6
47,r_33_60_16,r_24_80_97,seq58,r_33_60_16,0.99,0,16,16,6
13,r_142_22_136,seq141,seq23,r_142_22_136,1.0,0,136,136,6
6,r_24_80_97,seq36,seq82,r_24_80_97,0.99,0,97,97,6
62,seq19,r_21_104_149,r_136_10_49,r_136_10_49,0.85,100,149,49,6
99,seq125,r_130_86_176,r_54_124_50,r_54_124_50,1.0,13,63,50,6
31,r_25_61_37,r_29_146_139,seq63,r_25_61_37,1.0,0,37,37,6
87,seq93,r_95_41_116,seq90,r_95_41_116,1.0,-12,104,116,6
22,r_78_56_187,r_97_79_95,r_39_55_142,r_78_56_187,0.81,1,188,187,6
40,r_96_28_99,r_103_70_119,r_68_27_57,r_96_28_99,0.98,0,99,99,6
18,r_123_140_177,r_121_9_131,r_6_122_54,r_6_122_54,0.91,13,67,54,6
29,r_48_15_165,r_49_7_178,seq16,r_48_15_165,0.63,-8,157,165,6
24,r_132_52_125,seq135,r_53_67_188,r_132_52_125,0.9,1,126,125,6
33,r_49_7_178,r_48_15_165,seq4,r_48_15_165,0.43,-26,139,165,6
64,seq26,seq36,r_68_27_57,r_68_27_57,1.0,19,76,57,6
7,r_51_113_14,r_59_35_59,seq114,r_51_113_14,0.47,3,17,14,6
77,seq71,seq73,r_103_70_119,r_103_70_119,1.0,31,150,119,6
84,seq85,seq90,r_18_84_39,r_18_84_39,1.0,4,43,39,6
34,r_74_30_92,seq71,r_94_34_20,r_74_30_92,0.97,0,92,92,6
39,r_136_10_49,seq135,seq19,r_136_10_49,1.0,2,51,49,6
69,seq135,r_136_10_49,seq133,r_136_10_49,1.0,0,49,49,6
17,r_69_131_96,seq72,seq133,r_69_131_96,1.0,0,96,96,6
10,r_54_124_50,r_53_67_188,seq125,r_54_124_50,1.0,0,50,50,6
22,r_78_56_187,seq77,r_97_79_95,r_97_79_95,1.0,7,102,95,6
49,r_31_64_60,seq36,seq63,r_31_64_60,0.99,0,60,60,6
82,seq77,r_78_56_187,r_97_79_95,r_97_79_95,1.0,66,161,95,6
38,r_68_27_57,r_69_131_96,seq26,r_68_27_57,1.0,0,57,57,6
30,r_149_15_169,r_147_118_67,r_136_14_157,r_147_118_67,0.54,-1,66,67,7
44,r_105_133_171,r_111_106_41,r_129_132_121,r_111_106_41,0.53,130,171,41,7
51,seq7,r_6_28_62,seq10,r_6_28_62,0.65,46,108,62,7
33,r_0_61_50,seq1,seq62,r_0_61_50,1.0,1,51,50,7
16,r_5_32_130,r_99_4_90,r_98_31_78,r_5_32_130,0.79,1,131,130,7
14,r_101_95_105,seq100,seq93,r_101_95_105,0.84,0,105,105,7
8,r_98_31_78,seq100,seq34,r_98_31_78,1.0,1,79,78,7
43,r_134_112_56,r_136_14_157,seq113,r_134_112_56,1.0,8,64,56,7
83,seq87,seq88,r_103_86_75,r_103_86_75,0.98,-1,74,75,7
37,r_60_143_129,seq62,seq145,r_60_143_129,0.94,0,129,129,7
16,r_5_32_130,r_3_24_113,r_99_4_90,r_99_4_90,0.75,10,100,90,7
1,r_130_89_132,r_129_132_121,seq88,r_130_89_132,0.96,0,132,132,7
5,r_138_128_4,r_129_132_121,r_146_127_82,r_146_127_82,1.0,22,104,82,7
46,r_126_135_93,r_129_132_121,r_136_14_157,r_136_14_157,0.66,-62,95,157,7
2,r_9_148_139,r_149_15_169,r_21_139_106,r_149_15_169,0.95,0,169,169,7
23,r_111_106_41,r_123_77_166,r_105_133_171,r_111_106_41,1.0,3,44,41,7
19,r_23_37_127,seq25,seq36,r_23_37_127,0.52,11,138,127,7
95,seq113,r_123_77_166,r_134_112_56,r_134_112_56,0.98,57,113,56,7
39,r_63_2_37,r_5_32_130,r_99_4_90,r_63_2_37,0.53,94,131,37,7
31,r_136_14_157,r_137_45_143,r_126_135_93,r_126_135_93,0.94,-1,92,93,7
41,r_115_144_123,seq114,seq145,r_115_144_123,0.82,2,125,123,7
3,r_91_59_65,seq90,r_0_61_50,r_91_59_65,0.99,0,65,65,7
10,r_94_109_73,seq93,seq110,r_94_109_73,0.65,1,74,73,7
46,r_126_135_93,r_136_14_157,r_21_139_106,r_126_135_93,0.89,13,106,93,7
44,r_105_133_171,seq108,r_111_106_41,r_111_106_41,1.0,2,43,41,7
26,r_99_4_90,seq100,r_63_2_37,r_99_4_90,1.0,0,90,90,7
4,r_6_28_62,seq7,seq29,r_6_28_62,0.94,7,69,62,7
0,r_64_92_86,seq65,seq93,r_64_92_86,1.0,0,86,86,7
20,r_146_127_82,seq145,r_138_128_4,r_146_127_82,0.97,2,84,82,7
48,r_124_57_84,seq125,r_42_56_27,r_124_57_84,1.0,-1,83,84,7
57,seq22,r_20_122_108,r_55_19_36,r_20_122_108,0.54,-14,94,108,7
6,r_123_77_166,r_120_131_184,seq72,r_123_77_166,0.42,0,166,166,7
85,seq90,r_91_59_65,seq93,r_91_59_65,1.0,0,65,65,7
99,seq125,r_124_57_84,r_129_132_121,r_124_57_84,1.0,-1,83,84,7
30,r_149_15_169,r_9_148_139,r_12_11_8,r_149_15_169,0.94,0,169,169,7
39,r_63_2_37,r_64_92_86,r_5_32_130,r_64_92_86,0.51,-48,38,86,7
30,r_149_15_169,r_136_14_157,r_9_148_139,r_9_148_139,0.56,-4,135,139,7
25,r_55_19_36,r_64_92_86,seq22,r_64_92_86,0.89,-48,38,86,7
2,r_9_148_139,seq10,r_149_15_169,r_9_148_139,0.87,0,139,139,7
47,r_116_33_131,seq114,r_98_31_78,r_116_33_131,0.99,0,131,131,7
40,r_20_122_108,seq22,seq121,r_20_122_108,1.0,0,108,108,7
29,r_69_50_134,seq68,r_40_51_142,r_69_50_134,0.95,0,134,134,7
24,r_3_24_113,r_5_32_130,seq25,r_3_24_113,0.82,3,116,113,7
34,r_42_56_27,seq65,r_124_57_84,r_124_57_84,0.9,5,89,84,7
34,r_42_56_27,r_44_46_181,seq65,r_42_56_27,0.84,1,28,27,7
32,r_137_45_143,r_136_14_157,r_27_41_7,r_27_41_7,0.82,136,143,7,7
38,r_119_8_150,seq117,r_98_31_78,r_119_8_150,0.97,0,150,150,7
52,seq10,r_9_148_139,r_98_31_78,r_98_31_78,0.55,61,139,78,7
60,seq29,seq34,r_6_28_62,r_6_28_62,0.92,34,96,62,7
17,r_40_51_142,seq43,r_69_50_134,r_69_50_134,0.91,12,146,134,7
31,r_136_14_157,r_126_135_93,r_12_11_8,r_136_14_157,0.95,1,158,157,7
22,r_147_118_67,r_149_15_169,seq117,r_147_118_67,0.99,-1,66,67,7
28,r_21_139_106,seq22,r_126_135_93,r_21_139_106,1.0,1,107,106,7
7,r_103_86_75,seq104,seq87,r_103_86_75,0.57,0,75,75,7
42,r_58_107_18,r_60_143_129,seq108,r_58_107_18,1.0,0,18,18,7
35,r_142_30_70,seq140,r_6_28_62,r_142_30_70,1.0,0,70,70,7
23,r_111_106_41,r_105_133_171,r_94_109_73,r_105_133_171,0.78,0,171,171,7
45,r_79_76_155,seq73,seq80,r_79_76_155,0.64,-118,37,155,7
84,seq88,seq87,r_130_89_132,r_130_89_132,0.99,8,140,132,7
97,seq122,seq128,r_51_121_54,r_51_121_54,1.0,4,58,54,8
30,r_66_52_146,r_65_142_147,r_109_56_69,r_109_56_69,0.81,77,146,69,8
44,r_69_46_151,r_82_70_53,r_106_47_117,r_69_46_151,0.94,0,151,151,8
8,r_73_5_140,seq74,r_53_3_126,r_73_5_140,0.92,3,143,140,8
53,seq4,seq6,r_73_5_140,r_73_5_140,1.0,48,188,140,8
43,r_141_80_105,seq138,r_119_79_39,r_141_80_105,0.93,0,105,105,8
14,r_130_14_45,seq131,seq13,r_130_14_45,1.0,0,45,45,8
48,r_113_25_31,r_114_144_158,seq24,r_113_25_31,1.0,2,33,31,8
21,r_134_72_137,seq138,seq74,r_134_72_137,0.86,0,137,137,8
5,r_78_34_159,seq74,r_139_32_49,r_78_34_159,0.75,0,159,159,8
46,r_10_116_145,seq11,r_88_9_95,r_88_9_95,0.88,-2,93,95,8
42,r_106_47_117,seq108,r_16_48_120,r_106_47_117,1.0,3,120,117,8
69,seq37,seq38,r_103_36_106,r_103_36_106,1.0,15,121,106,8
45,r_112_1_197,r_109_56_69,r_51_121_54,r_112_1_197,0.93,-127,70,197,8
19,r_97_62_134,seq95,r_149_63_14,r_97_62_134,0.74,0,134,134,8
76,seq54,r_53_3_126,seq55,r_53_3_126,1.0,-10,116,126,8
38,r_83_22_108,seq93,r_113_25_31,r_83_22_108,0.99,2,110,108,8
36,r_82_70_53,r_83_22_108,r_69_46_151,r_82_70_53,0.71,3,56,53,8
31,r_103_36_106,seq104,seq37,r_103_36_106,0.95,0,106,106,8
41,r_88_9_95,r_86_89_28,r_10_116_145,r_88_9_95,0.92,1,96,95,8
26,r_2_26_47,seq4,seq27,r_2_26_47,0.95,2,49,47,8
46,r_10_116_145,r_88_9_95,seq115,r_10_116_145,1.0,0,145,145,8
3,r_126_18_97,seq128,seq13,r_126_18_97,1.0,0,97,97,8
10,r_33_8_131,seq31,seq7,r_33_8_131,0.52,9,140,131,8
47,r_127_21_6,r_126_18_97,r_10_116_145,r_127_21_6,0.78,6,12,6,8
49,r_139_32_49,r_134_72_137,seq31,r_139_32_49,1.0,0,49,49,8
41,r_88_9_95,r_10_116_145,r_126_18_97,r_10_116_145,1.0,0,145,145,8
4,r_75_15_66,seq74,seq13,r_75_15_66,1.0,3,69,66,8
0,r_96_76_98,r_97_62_134,seq74,r_96_76_98,0.95,4,102,98,8
39,r_149_63_14,seq146,seq61,r_149_63_14,1.0,0,14,14,8
20,r_16_48_120,r_17_50_166,r_106_47_117,r_106_47_117,0.72,3,120,117,8
15,r_109_56_69,r_112_1_197,seq55,r_109_56_69,1.0,1,70,69,8
18,r_117_68_118,r_112_1_197,r_82_70_53,r_117_68_118,0.59,0,118,118,8
13,r_119_79_39,r_78_34_159,r_141_80_105,r_141_80_105,0.81,-2,103,105,8
6,r_20_59_138,r_19_81_157,r_97_62_134,r_20_59_138,0.87,1,139,138,8
33,r_51_121_54,r_53_3_126,seq122,r_51_121_54,1.0,0,54,54,8
13,r_119_79_39,seq122,r_78_34_159,r_119_79_39,0.88,0,39,39,8
23,r_111_91_34,r_109_56_69,seq90,r_111_91_34,0.99,1,35,34,8
36,r_82_70_53,r_69_46_151,r_117_68_118,r_82_70_53,0.76,98,151,53,8
7,r_92_35_41,seq90,seq31,r_92_35_41,0.99,0,41,41,8
38,r_83_22_108,r_82_70_53,seq93,r_82_70_53,0.99,3,56,53,8
2,r_58_110_148,seq61,r_112_1_197,r_58_110_148,0.68,0,148,148,8
40,r_53_3_126,seq54,seq4,r_53_3_126,0.56,0,126,126,8
29,r_57_120_132,r_58_110_148,r_51_121_54,r_58_110_148,0.62,-16,132,148,8
24,r_19_81_157,r_17_50_166,seq94,r_19_81_157,0.61,1,158,157,8
47,r_127_21_6,r_10_116_145,r_30_28_174,r_10_116_145,0.82,-1,144,145,8
88,seq99,seq100,r_111_91_34,r_111_91_34,0.96,134,168,34,8
70,seq38,r_39_43_77,seq37,r_39_43_77,0.98,5,82,77,8
44,r_69_46_151,r_71_87_18,r_82_70_53,r_82_70_53,0.59,2,55,53,8
68,seq31,r_33_8_131,r_139_32_49,r_139_32_49,1.0,23,72,49,8
34,r_124_67_71,seq125,r_82_70_53,r_124_67_71,1.0,3,74,71,8
25,r_98_64_22,r_96_76_98,r_66_52_146,r_98_64_22,0.94,-1,21,22,8
75,seq49,seq45,r_16_48_120,r_16_48_120,0.98,4,124,120,8
45,r_112_1_197,r_51_121_54,r_58_110_148,r_58_110_148,1.0,0,148,148,8
11,r_71_87_18,r_69_46_151,r_86_89_28,r_71_87_18,0.61,2,20,18,8
17,r_65_142_147,r_66_52_146,seq138,r_65_142_147,0.77,1,148,147,8
25,r_98_64_22,r_66_52_146,r_20_59_138,r_20_59_138,0.99,34,172,138,8
16,r_105_145_1,r_132_143_178,r_58_110_148,r_105_145_1,0.44,178,179,1,8
22,r_39_43_77,seq38,r_44_41_5,r_39_43_77,0.98,0,77,77,8
28,r_114_144_158,seq115,r_65_142_147,r_114_144_158,0.48,1,159,158,8
30,r_54_133_166,r_53_148_177,seq128,r_53_148_177,0.27,-10,167,177,9
36,r_49_31_62,r_50_67_136,seq32,r_50_67_136,0.66,-74,62,136,9
9,r_65_15_13,r_14_87_175,r_3_13_57,r_65_15_13,0.82,75,88,13,9
27,r_73_30_20,r_75_94_103,seq32,r_73_30_20,0.99,0,20,20,9
20,r_114_78_36,r_116_38_142,seq77,r_114_78_36,0.73,5,41,36,9
14,r_118_18_199,r_119_141_174,r_101_115_73,r_101_115_73,0.68,82,155,73,9
8,r_137_149_121,r_138_40_129,seq145,r_138_40_129,0.95,-6,123,129,9
43,r_62_125_172,seq61,r_143_136_110,r_143_136_110,0.69,63,173,110,9
83,seq77,r_79_124_128,r_44_80_109,r_44_80_109,0.71,23,132,109,9
86,seq84,r_85_57_182,r_14_87_175,r_14_87_175,0.93,9,184,175,9
16,r_83_120_135,seq82,r_102_122_46,r_83_120_135,0.77,2,137,135,9
21,r_50_67_136,r_48_42_189,r_144_72_68,r_50_67_136,0.97,0,136,136,9
1,r_143_136_110,seq145,r_64_135_12,r_143_136_110,0.43,13,123,110,9
46,r_138_40_129,r_64_135_12,seq39,r_138_40_129,0.86,0,129,129,9
42,r_85_57_182,seq84,r_50_67_136,r_50_67_136,0.88,48,184,136,9
49,r_93_130_52,r_95_46_84,seq129,r_95_46_84,0.96,-28,56,84,9
45,r_119_141_174,r_118_18_199,r_143_136_110,r_118_18_199,0.31,-10,189,199,9
12,r_92_0_23,r_95_46_84,seq1,r_92_0_23,0.99,0,23,23,9
41,r_45_69_141,seq43,r_144_72_68,r_45_69_141,1.0,2,143,141,9
3,r_75_94_103,seq71,r_123_97_19,r_75_94_103,0.83,8,111,103,9
26,r_142_11_137,seq140,seq12,r_142_11_137,0.96,0,137,137,9
48,r_60_5_40,r_62_125_172,seq7,r_60_5_40,1.0,0,40,40,9
4,r_53_148_177,r_54_133_166,r_17_52_70,r_17_52_70,1.0,97,167,70,9
11,r_121_103_150,r_119_141_174,r_104_108_186,r_121_103_150,0.38,7,157,150,9
13,r_3_13_57,seq2,r_65_15_13,r_3_13_57,0.89,4,61,57,9
15,r_44_80_109,r_45_69_141,r_114_78_36,r_114_78_36,0.75,73,109,36,9
6,r_116_38_142,r_117_90_75,r_101_115_73,r_116_38_142,0.65,-59,83,142,9
7,r_74_110_25,r_75_94_103,seq109,r_74_110_25,0.9,-1,24,25,9
5,r_14_87_175,r_65_15_13,r_6_88_117,r_6_88_117,0.81,60,177,117,9
9,r_65_15_13,r_75_94_103,r_14_87_175,r_65_15_13,0.98,0,13,13,9
37,r_102_122_46,r_104_108_186,r_121_103_150,r_102_122_46,0.86,3,49,46,9
47,r_19_146_149,seq20,r_137_149_121,r_19_146_149,0.81,0,149,149,9
76,seq129,seq132,r_93_130_52,r_93_130_52,1.0,3,55,52,9
40,r_101_115_73,r_104_108_186,r_118_18_199,r_101_115_73,0.67,18,91,73,9
18,r_48_42_189,r_50_67_136,r_147_37_28,r_48_42_189,0.97,-52,137,189,9
29,r_117_90_75,r_116_38_142,seq84,r_116_38_142,0.9,-62,80,142,9
24,r_104_108_186,r_101_115_73,r_121_103_150,r_121_103_150,0.73,-59,91,150,9
8,r_137_149_121,seq145,r_19_146_149,r_19_146_149,0.58,26,175,149,9
74,seq36,seq39,r_147_37_28,r_147_37_28,1.0,13,41,28,9
6,r_116_38_142,r_101_115_73,r_147_37_28,r_116_38_142,1.0,1,143,142,9
61,seq145,r_143_136_110,r_137_149_121,r_143_136_110,0.53,13,123,110,9
32,r_144_72_68,r_143_136_110,r_56_68_11,r_144_72_68,0.85,1,69,68,9
0,r_47_63_37,r_50_67_136,seq61,r_47_63_37,0.87,2,39,37,9
38,r_9_58_171,r_14_87_175,r_29_59_170,r_29_59_170,0.82,1,171,170,9
52,seq2,r_3_13_57,r_60_5_40,r_60_5_40,0.87,24,64,40,9
77,seq43,r_45_69_141,r_16_41_8,r_45_69_141,1.0,2,143,141,9
5,r_14_87_175,seq10,r_65_15_13,r_65_15_13,1.0,0,13,13,9
60,seq12,r_14_87_175,r_142_11_137,r_142_11_137,0.98,14,151,137,9
17,r_95_46_84,r_85_57_182,seq43,r_95_46_84,1.0,0,84,84,9
22,r_147_37_28,r_143_136_110,seq36,r_147_37_28,1.0,0,28,28,9
37,r_102_122_46,r_121_103_150,r_83_120_135,r_102_122_46,0.5,103,149,46,9
4,r_53_148_177,r_17_52_70,r_137_149_121,r_53_148_177,0.82,2,179,177,9
44,r_29_59_170,seq28,r_50_67_136,r_50_67_136,0.54,35,171,136,9
23,r_6_88_117,seq8,r_117_90_75,r_6_88_117,0.95,0,117,117,9
35,r_76_86_88,r_79_124_128,seq84,r_76_86_88,0.93,0,88,88,9
37,r_13_137_56,seq14,seq138,r_13_137_56,1.0,0,56,56,10
30,r_47_10_139,r_46_117_192,seq11,r_47_10_139,0.98,0,139,139,10
36,r_63_48_101,r_62_139_191,seq45,r_63_48_101,0.99,1,102,101,10
14,r_96_133_162,seq100,r_147_104_96,r_147_104_96,1.0,8,104,96,10
8,r_105_82_178,seq107,r_34_81_73,r_105_82_178,0.46,0,178,178,10
43,r_146_65_121,seq145,seq67,r_146_65_121,0.97,0,121,121,10
21,r_92_32_15,r_93_85_107,r_34_81_73,r_92_32_15,0.86,0,15,15,10
59,seq143,r_144_39_82,seq145,r_144_39_82,1.0,0,82,82,10
20,r_77_50_27,r_83_86_124,seq45,r_77_50_27,0.78,9,36,27,10
16,r_23_41_75,seq25,seq36,r_23_41_75,0.9,0,75,75,10
39,r_147_104_96,seq148,r_88_106_85,r_147_104_96,0.87,1,97,96,10
1,r_98_141_104,seq97,seq143,r_98_141_104,1.0,0,104,104,10
28,r_30_29_135,r_34_81_73,seq28,r_34_81_73,0.77,-22,51,73,10
46,r_149_54_86,seq148,seq51,r_149_54_86,1.0,0,86,86,10
55,seq138,seq140,r_13_137_56,r_13_137_56,1.0,0,56,56,10
19,r_8_76_106,seq7,r_83_86_124,r_8_76_106,1.0,0,106,106,10
95,seq148,r_149_54_86,seq145,r_149_54_86,1.0,0,86,86,10
66,seq134,seq143,r_96_133_162,r_96_133_162,1.0,6,168,162,10
31,r_88_106_85,r_89_71_114,r_80_124_98,r_88_106_85,0.58,-59,26,85,10
41,r_26_123_2,r_121_132_188,r_80_124_98,r_80_124_98,1.0,0,98,98,10
3,r_80_124_98,seq78,r_26_123_2,r_80_124_98,1.0,0,98,98,10
10,r_53_15_81,seq51,r_31_16_8,r_53_15_81,0.6,27,108,81,10
45,r_22_108_16,seq20,seq111,r_22_108_16,0.52,0,16,16,10
5,r_27_110_30,seq25,seq111,r_27_110_30,0.99,0,30,30,10
0,r_37_9_83,r_38_17_164,seq6,r_37_9_83,1.0,0,83,83,10
11,r_79_135_70,r_80_124_98,r_0_136_25,r_79_135_70,0.88,0,70,70,10
13,r_35_116_183,seq36,seq114,r_35_116_183,0.36,0,183,183,10
48,r_112_57_29,r_129_5_126,seq58,r_112_57_29,1.0,0,29,29,10
21,r_92_32_15,r_34_81_73,r_24_33_122,r_34_81_73,0.97,7,80,73,10
31,r_88_106_85,r_80_124_98,seq107,r_88_106_85,0.94,0,85,85,10
14,r_96_133_162,r_147_104_96,seq134,r_96_133_162,0.99,0,162,162,10
42,r_34_81_73,r_37_9_83,r_92_32_15,r_92_32_15,0.95,2,17,15,10
22,r_131_64_169,r_44_130_63,r_142_61_9,r_131_64_169,0.87,0,169,169,10
2,r_69_73_59,seq70,seq75,r_69_73_59,0.67,2,61,59,10
47,r_19_101_127,r_31_16_8,seq100,r_19_101_127,0.93,0,127,127,10
40,r_113_90_150,seq114,seq95,r_113_90_150,0.98,0,150,150,10
70,seq51,r_52_1_50,r_77_50_27,r_52_1_50,0.9,0,50,50,10
18,r_31_16_8,r_19_101_127,r_53_15_81,r_19_101_127,0.76,-40,87,127,10
29,r_93_85_107,seq91,r_83_86_124,r_93_85_107,0.9,0,107,107,10
24,r_74_18_125,seq75,r_53_15_81,r_74_18_125,0.74,2,127,125,10
33,r_144_39_82,seq143,seq36,r_144_39_82,0.98,0,82,82,10
70,seq51,r_77_50_27,r_149_54_86,r_149_54_86,0.83,50,136,86,10
64,seq28,seq25,r_30_29_135,r_30_29_135,0.55,12,147,135,10
6,r_89_71_114,r_88_106_85,seq91,r_88_106_85,0.49,-60,25,85,10
88,seq107,r_105_82_178,r_88_106_85,r_88_106_85,1.0,73,158,85,10
6,r_89_71_114,seq91,r_72_115_198,r_89_71_114,0.86,-3,111,114,10
32,r_121_132_188,r_26_123_2,r_79_135_70,r_79_135_70,0.96,120,190,70,10
34,r_72_115_198,seq78,r_89_71_114,r_89_71_114,0.71,-3,111,114,10
17,r_0_136_25,r_144_39_82,r_79_135_70,r_0_136_25,0.94,46,71,25,10
81,seq91,r_93_85_107,seq95,r_93_85_107,1.0,0,107,107,10
9,r_66_42_77,seq67,r_23_41_75,r_66_42_77,0.95,2,79,77,10
44,r_52_1_50,seq51,seq6,r_52_1_50,1.0,0,50,50,10
22,r_131_64_169,seq134,r_44_130_63,r_44_130_63,1.0,0,63,63,10
91,seq114,r_113_90_150,seq118,r_113_90_150,1.0,0,150,150,10
51,seq3,seq6,r_87_2_39,r_87_2_39,1.0,1,40,39,10
49,r_99_49_79,seq100,r_77_50_27,r_99_49_79,1.0,0,79,79,10
7,r_129_5_126,seq128,seq4,r_129_5_126,0.98,0,126,126,10
23,r_44_130_63,r_46_117_192,r_131_64_169,r_44_130_63,1.0,0,63,63,10
17,r_0_136_25,r_8_76_106,r_144_39_82,r_0_136_25,0.97,0,25,25,10
82,seq94,r_93_85_107,seq95,r_93_85_107,1.0,0,107,107,10
27,r_87_2_39,r_83_86_124,seq3,r_87_2_39,1.0,0,39,39,10
42,r_34_81_73,r_92_32_15,seq78,r_34_81_73,0.99,3,76,73,10
35,r_24_33_122,seq28,r_92_32_15,r_92_32_15,0.44,104,119,15,10
12,r_59_55_147,r_62_139_191,r_149_54_86,r_149_54_86,0.6,61,147,86,10
23,r_44_130_63,r_131_64_169,r_121_132_188,r_131_64_169,0.53,0,169,169,10
84,seq97,r_98_141_104,seq100,r_98_141_104,1.0,5,109,104,10
93,seq113,r_112_106_120,seq122,r_112_106_120,0.56,4,124,120,11
44,r_66_140_176,seq69,r_41_139_102,r_66_140_176,0.99,1,177,176,11
36,r_17_25_177,seq12,r_45_39_136,r_17_25_177,0.4,-38,139,177,11
43,r_63_7_65,r_64_101_187,r_52_8_56,r_63_7_65,0.96,0,65,65,11
37,r_52_8_56,seq54,seq12,r_52_8_56,0.76,8,64,56,11
55,seq138,seq133,r_41_139_102,r_41_139_102,1.0,15,117,102,11
30,r_9_78_9,r_74_75_189,r_48_79_19,r_48_79_19,0.53,25,44,19,11
16,r_108_126_147,r_110_137_154,seq124,r_110_137_154,0.49,-7,147,154,11
21,r_144_82_121,seq143,seq81,r_144_82_121,1.0,0,121,121,11
39,r_146_38_123,seq147,seq37,r_146_38_123,0.75,0,123,123,11
98,seq124,r_125_20_52,r_109_15_105,r_125_20_52,0.85,0,52,52,11
5,r_24_107_100,r_30_72_193,r_110_137_154,r_24_107_100,0.9,0,100,100,11
42,r_118_88_113,seq119,r_80_84_57,r_118_88_113,0.99,0,113,113,11
45,r_62_87_141,r_64_101_187,r_65_85_116,r_64_101_187,0.85,-47,140,187,11
9,r_125_20_52,seq124,seq21,r_125_20_52,1.0,0,52,52,11
19,r_127_105_133,seq128,r_24_107_100,r_24_107_100,0.84,33,133,100,11
24,r_64_101_187,r_62_87_141,r_83_103_18,r_83_103_18,0.62,148,166,18,11
78,seq69,r_66_140_176,r_83_103_18,r_66_140_176,1.0,1,177,176,11
31,r_18_58_79,seq19,seq59,r_18_58_79,1.0,0,79,79,11
3,r_42_55_87,r_43_16_130,seq56,r_42_55_87,0.58,1,88,87,11
10,r_112_106_120,seq113,r_24_107_100,r_24_107_100,0.99,24,124,100,11
26,r_110_137_154,r_24_107_100,r_41_139_102,r_41_139_102,0.5,52,154,102,11
26,r_110_137_154,r_109_15_105,r_24_107_100,r_110_137_154,0.88,-49,105,154,11
78,seq69,r_68_134_122,r_66_140_176,r_68_134_122,1.0,0,122,122,11
0,r_71_2_106,seq70,r_61_0_95,r_71_2_106,0.94,0,106,106,11
73,seq54,r_52_8_56,r_136_53_31,r_136_53_31,0.98,33,64,31,11
20,r_135_3_181,seq133,r_120_49_92,r_120_49_92,0.65,89,181,92,11
13,r_109_15_105,r_110_137_154,r_63_7_65,r_109_15_105,0.99,0,105,105,11
15,r_41_139_102,r_43_16_130,seq138,r_41_139_102,0.99,0,102,102,11
48,r_34_99_91,r_30_72_193,r_83_103_18,r_34_99_91,1.0,0,91,91,11
62,seq21,seq12,r_125_20_52,r_125_20_52,1.0,22,74,52,11
99,seq149,r_148_11_103,seq147,r_148_11_103,1.0,0,103,103,11
27,r_27_89_166,r_30_72_193,r_118_88_113,r_27_89_166,0.8,0,166,166,11
71,seq44,r_45_39_136,r_116_46_35,r_116_46_35,1.0,2,37,35,11
40,r_148_11_103,seq149,seq12,r_148_11_103,1.0,0,103,103,11
18,r_45_39_136,seq44,r_146_38_123,r_146_38_123,1.0,13,136,123,11
29,r_61_0_95,seq60,seq4,r_61_0_95,1.0,0,95,95,11
24,r_64_101_187,r_65_85_116,r_62_87_141,r_65_85_116,0.9,3,119,116,11
25,r_50_130_178,r_33_47_14,seq128,r_33_47_14,0.58,165,179,14,11
33,r_68_134_122,seq69,seq133,r_68_134_122,1.0,0,122,122,11
47,r_136_53_31,r_135_3_181,seq54,r_136_53_31,1.0,0,31,31,11
68,seq133,r_135_3_181,r_68_134_122,r_68_134_122,0.93,1,123,122,11
38,r_65_85_116,r_64_101_187,r_86_92_159,r_64_101_187,0.86,-68,119,187,11
52,seq4,seq12,r_71_2_106,r_71_2_106,1.0,11,117,106,11
5,r_24_107_100,r_110_137_154,r_112_106_120,r_24_107_100,0.82,54,154,100,11
41,r_48_79_19,r_50_130_178,r_9_78_9,r_48_79_19,0.67,0,19,19,11
38,r_65_85_116,r_86_92_159,r_62_87_141,r_62_87_141,0.88,20,161,141,11
22,r_74_75_189,r_76_10_151,seq73,r_76_10_151,0.95,0,151,151,11
28,r_67_1_112,r_66_140_176,r_71_2_106,r_66_140_176,0.81,-64,112,176,11
49,r_80_84_57,seq81,seq90,r_80_84_57,0.75,5,62,57,11
56,seq12,seq21,r_148_11_103,r_148_11_103,1.0,1,104,103,11
44,r_66_140_176,r_67_1_112,seq69,r_67_1_112,0.94,0,112,112,11
98,seq124,seq128,r_108_126_147,r_108_126_147,0.59,0,147,147,11
82,seq81,r_80_84_57,r_144_82_121,r_144_82_121,1.0,7,128,121,11
79,seq70,r_71_2_106,r_74_75_189,r_71_2_106,1.0,0,106,106,11
35,r_76_10_151,r_74_75_189,r_52_8_56,r_74_75_189,0.56,-38,151,189,11
93,seq105,r_106_146_66,r_66_104_54,r_106_146_66,0.66,0,66,66,12
13,r_74_7_18,seq75,seq0,r_74_7_18,0.74,0,18,18,12
44,r_65_101_94,seq102,r_135_120_110,r_65_101_94,0.51,74,168,94,12
22,r_2_36_121,r_35_126_145,r_148_34_159,r_2_36_121,0.92,37,158,121,12
36,r_88_77_141,seq87,r_122_71_47,r_122_71_47,0.66,94,141,47,12
16,r_66_104_54,r_65_101_94,seq105,r_66_104_54,0.83,1,55,54,12
14,r_22_39_143,r_23_128_179,r_27_46_120,r_23_128_179,0.98,-36,143,179,12
8,r_106_146_66,seq105,seq149,r_106_146_66,1.0,0,66,66,12
37,r_81_30_140,seq85,seq32,r_81_30_140,0.97,2,142,140,12
59,seq17,r_13_139_164,r_115_18_56,r_115_18_56,1.0,10,66,56,12
19,r_143_94_172,r_106_146_66,r_84_95_50,r_143_94_172,0.89,1,173,172,12
6,r_13_139_164,r_99_15_105,r_141_137_98,r_13_139_164,1.0,0,164,164,12
43,r_19_54_27,r_13_139_164,r_53_14_180,r_19_54_27,1.0,0,27,27,12
5,r_27_46_120,seq26,r_37_47_10,r_27_46_120,1.0,0,120,120,12
46,r_80_52_123,r_81_30_140,r_27_46_120,r_80_52_123,0.94,0,123,123,12
42,r_135_120_110,r_140_145_178,seq118,r_135_120_110,1.0,0,110,110,12
19,r_143_94_172,r_141_137_98,r_106_146_66,r_106_146_66,0.75,42,108,66,12
95,seq113,r_116_44_186,r_3_111_60,r_3_111_60,1.0,129,189,60,12
39,r_121_98_102,seq124,r_108_90_124,r_121_98_102,0.95,0,102,102,12
15,r_99_15_105,r_13_139_164,seq9,r_13_139_164,1.0,0,164,164,12
21,r_131_119_26,seq129,seq118,r_131_119_26,0.99,1,27,26,12
41,r_116_44_186,seq113,r_27_46_120,r_27_46_120,1.0,69,189,120,12
67,seq42,seq40,r_147_43_34,r_147_43_34,0.99,30,64,34,12
89,seq91,r_92_28_99,seq89,r_92_28_99,1.0,0,99,99,12
3,r_140_145_178,seq138,r_93_142_181,r_140_145_178,0.4,2,180,178,12
10,r_92_28_99,seq91,seq32,r_92_28_99,1.0,5,104,99,12
90,seq97,r_96_82_189,r_84_95_50,r_84_95_50,1.0,43,93,50,12
72,seq138,r_140_145_178,r_141_137_98,r_141_137_98,0.57,26,124,98,12
12,r_122_71_47,r_121_98_102,r_33_73_51,r_122_71_47,0.9,4,51,47,12
4,r_108_90_124,seq110,seq89,r_108_90_124,0.89,0,124,124,12
18,r_84_95_50,r_81_30_140,seq97,r_84_95_50,0.87,2,52,50,12
0,r_93_142_181,seq89,r_140_145_178,r_140_145_178,0.44,4,182,178,12
11,r_109_127_95,r_108_90_124,r_41_130_37,r_109_127_95,0.82,0,95,95,12
15,r_99_15_105,r_117_11_147,r_13_139_164,r_13_139_164,0.62,-59,105,164,12
48,r_148_34_159,seq149,r_2_36_121,r_148_34_159,0.77,0,159,159,12
6,r_13_139_164,r_16_78_115,r_99_15_105,r_13_139_164,0.69,-48,116,164,12
62,seq26,r_27_46_120,seq32,r_27_46_120,0.92,0,120,120,12
85,seq85,r_81_30_140,r_56_79_78,r_81_30_140,0.92,-8,132,140,12
32,r_35_126_145,r_2_36_121,r_83_125_122,r_35_126_145,0.99,1,146,145,12
27,r_56_79_78,seq57,seq85,r_56_79_78,0.68,10,88,78,12
47,r_23_128_179,seq20,seq129,r_23_128_179,0.38,-1,178,179,12
40,r_144_107_69,r_143_94_172,seq110,r_144_107_69,1.0,2,71,69,12
25,r_21_76_93,r_22_39_143,r_122_71_47,r_21_76_93,0.97,0,93,93,12
43,r_19_54_27,r_53_14_180,r_27_46_120,r_27_46_120,1.0,62,182,120,12
33,r_141_137_98,r_143_94_172,seq138,r_141_137_98,0.86,1,99,98,12
35,r_83_125_122,r_109_127_95,r_35_126_145,r_35_126_145,0.87,3,148,145,12
58,seq12,seq17,r_99_15_105,r_99_15_105,1.0,16,121,105,12
29,r_115_18_56,r_116_44_186,seq17,r_115_18_56,0.99,0,56,56,12
61,seq149,r_148_34_159,r_106_146_66,r_106_146_66,0.7,78,144,66,12
32,r_35_126_145,seq42,r_2_36_121,r_2_36_121,0.8,0,121,121,12
38,r_100_25_87,r_117_11_147,seq20,r_100_25_87,0.88,1,88,87,12
39,r_121_98_102,r_122_71_47,seq124,r_122_71_47,1.0,4,51,47,12
45,r_33_73_51,r_31_45_160,seq75,r_33_73_51,1.0,1,52,51,12
60,seq20,r_23_128_179,r_100_25_87,r_100_25_87,1.0,91,178,87,12
20,r_147_43_34,r_143_94_172,seq42,r_147_43_34,0.92,0,34,34,12
94,seq110,r_108_90_124,r_144_107_69,r_144_107_69,0.57,58,127,69,12
2,r_41_130_37,seq40,seq133,r_41_130_37,0.78,0,37,37,12
9,r_3_111_60,seq0,seq113,r_3_111_60,1.0,0,60,60,12
26,r_53_14_180,r_19_54_27,r_99_15_105,r_99_15_105,0.66,76,181,105,12
29,r_115_18_56,seq17,r_99_15_105,r_99_15_105,0.99,16,121,105,12
22,r_2_36_121,r_1_58_176,r_35_126_145,r_2_36_121,0.94,0,121,121,12
28,r_112_4_144,seq113,r_74_7_18,r_112_4_144,0.82,0,144,144,12
49,r_38_72_61,seq40,r_122_71_47,r_38_72_61,0.98,1,62,61,12
96,seq118,r_117_11_147,r_131_119_26,r_131_119_26,0.63,5,31,26,12
7,r_16_78_115,r_13_139_164,r_122_71_47,r_16_78_115,1.0,1,116,115,12
44,r_65_101_94,seq64,seq102,r_65_101_94,0.67,10,104,94,12
26,r_53_14_180,r_41_130_37,r_19_54_27,r_53_14_180,0.99,-148,32,180,12
59,seq17,r_115_18_56,r_99_15_105,r_99_15_105,1.0,10,115,105,12
35,r_83_125_122,r_81_30_140,r_109_127_95,r_83_125_122,0.53,2,124,122,12
93,seq110,r_109_126_143,seq108,r_109_126_143,0.89,6,149,143,13
90,seq99,r_107_73_98,r_11_100_37,r_11_100_37,0.84,4,41,37,13
92,seq108,r_107_73_98,seq110,r_107_73_98,1.0,1,99,98,13
41,r_3_114_17,r_5_33_25,r_115_105_136,r_3_114_17,1.0,0,17,17,13
14,r_92_94_15,r_93_31_144,r_18_90_149,r_92_94_15,0.96,134,149,15,13
43,r_141_123_106,r_138_148_180,seq119,r_141_123_106,0.39,-9,97,106,13
8,r_23_56_30,r_17_34_194,seq58,r_23_56_30,1.0,1,31,30,13
83,seq74,r_76_60_147,r_107_73_98,r_107_73_98,0.97,55,153,98,13
41,r_3_114_17,seq119,r_113_116_183,r_3_114_17,0.63,167,184,17,13
26,r_44_61_86,r_27_97_122,r_23_56_30,r_44_61_86,0.79,0,86,86,13
59,seq130,r_131_47_145,seq129,r_131_47_145,0.97,0,145,145,13
16,r_95_122_198,r_92_94_15,r_27_97_122,r_27_97_122,1.0,0,122,122,13
21,r_149_132_92,r_145_55_158,seq133,r_145_55_158,0.93,-66,92,158,13
39,r_75_52_114,seq74,seq51,r_75_52_114,0.95,0,114,114,13
1,r_50_104_139,seq51,r_115_105_136,r_50_104_139,0.91,0,139,139,13
5,r_138_148_180,r_139_53_140,r_72_147_33,r_138_148_180,0.9,-40,140,180,13
46,r_13_146_64,r_10_26_82,r_145_55_158,r_13_146_64,1.0,3,67,64,13
42,r_25_49_190,r_18_90_149,r_64_24_117,r_64_24_117,0.76,5,122,117,13
7,r_115_105_136,r_3_114_17,r_50_104_139,r_115_105_136,0.77,3,139,136,13
19,r_29_85_193,r_28_118_178,r_10_26_82,r_29_85_193,0.65,-14,179,193,13
11,r_113_116_183,seq111,r_3_114_17,r_113_116_183,0.45,1,184,183,13
4,r_59_78_58,r_62_80_80,r_102_77_52,r_102_77_52,1.0,6,58,52,13
10,r_42_134_175,seq41,r_79_142_54,r_42_134_175,0.64,0,175,175,13
20,r_5_33_25,seq2,r_22_36_14,r_5_33_25,0.88,0,25,25,13
26,r_44_61_86,r_43_83_76,r_27_97_122,r_43_83_76,0.94,-4,72,76,13
22,r_11_100_37,seq99,r_35_101_74,r_35_101_74,1.0,23,97,74,13
0,r_10_26_82,r_12_124_188,r_29_85_193,r_10_26_82,0.74,3,85,82,13
11,r_113_116_183,r_112_45_113,seq111,r_112_45_113,1.0,0,113,113,13
13,r_106_9_138,seq103,seq7,r_106_9_138,0.98,1,139,138,13
46,r_13_146_64,r_145_55_158,r_140_144_165,r_145_55_158,0.94,-10,148,158,13
27,r_65_32_69,r_67_63_156,seq38,r_65_32_69,1.0,0,69,69,13
2,r_27_97_122,r_29_85_193,r_95_122_198,r_27_97_122,0.98,0,122,122,13
41,r_3_114_17,r_115_105_136,seq119,r_115_105_136,0.96,3,139,136,13
47,r_109_126_143,seq110,r_14_125_137,r_14_125_137,0.75,12,149,137,13
40,r_18_90_149,seq19,r_92_94_15,r_18_90_149,0.9,4,153,149,13
18,r_35_101_74,r_37_96_170,r_11_100_37,r_35_101_74,0.83,1,75,74,13
29,r_107_73_98,seq108,seq74,r_107_73_98,0.98,1,99,98,13
24,r_93_31_144,r_92_94_15,seq40,r_93_31_144,0.94,0,144,144,13
36,r_102_77_52,r_106_9_138,r_59_78_58,r_102_77_52,0.94,0,52,52,13
25,r_43_83_76,r_44_61_86,r_84_91_196,r_43_83_76,0.97,1,77,76,13
6,r_79_142_54,r_75_52_114,r_140_144_165,r_79_142_54,1.0,0,54,54,13
58,seq137,r_138_148_180,r_79_142_54,r_79_142_54,1.0,127,181,54,13
70,seq46,r_37_96_170,r_112_45_113,r_112_45_113,0.82,11,124,113,13
7,r_115_105_136,seq117,r_3_114_17,r_3_114_17,1.0,0,17,17,13
22,r_11_100_37,r_10_26_82,seq99,r_11_100_37,1.0,1,38,37,13
61,seq16,r_14_125_137,seq19,r_14_125_137,1.0,-49,88,137,13
32,r_76_60_147,seq74,r_23_56_30,r_23_56_30,0.68,123,153,30,13
34,r_12_124_188,seq7,r_14_125_137,r_14_125_137,0.94,51,188,137,13
60,seq143,r_145_55_158,r_140_144_165,r_145_55_158,0.75,0,158,158,13
17,r_62_80_80,r_64_24_117,r_59_78_58,r_64_24_117,1.0,-37,80,117,13
45,r_72_147_33,seq70,seq143,r_72_147_33,0.97,0,33,33,13
9,r_64_24_117,seq58,r_25_49_190,r_64_24_117,0.87,0,117,117,13
28,r_112_45_113,r_113_116_183,seq46,r_112_45_113,1.0,0,113,113,13
49,r_37_96_170,seq38,r_27_97_122,r_27_97_122,0.9,48,170,122,13
44,r_67_63_156,seq66,r_23_56_30,r_23_56_30,0.62,126,156,30,13
35,r_139_53_140,r_138_148_180,r_75_52_114,r_139_53_140,0.8,0,140,140,13
12,r_14_125_137,seq16,seq119,r_14_125_137,0.96,0,137,137,13
4,r_14_73_14,r_12_93_91,seq72,r_14_73_14,0.98,-1,13,14,14
36,r_16_102_60,r_12_93_91,seq101,r_16_102_60,0.75,0,60,60,14
53,seq4,r_6_56_184,r_60_22_152,r_60_22_152,0.59,32,184,152,14
43,r_110_132_144,r_109_28_122,r_146_133_123,r_109_28_122,0.97,0,122,122,14
37,r_109_28_122,r_110_132_144,r_84_27_58,r_110_132_144,0.84,-22,122,144,14
55,seq136,r_148_131_9,r_104_135_85,r_104_135_85,0.99,-9,76,85,14
26,r_83_36_50,r_85_139_141,seq38,r_83_36_50,1.0,0,50,50,14
1,r_77_33_96,seq75,seq29,r_77_33_96,0.94,0,96,96,14
5,r_130_124_150,seq128,seq123,r_130_124_150,0.41,6,156,150,14
42,r_6_56_184,seq4,r_5_58_41,r_5_58_41,1.0,143,184,41,14
19,r_129_48_71,r_130_124_150,seq49,r_129_48_71,1.0,-1,70,71,14
49,r_32_51_27,seq29,seq50,r_32_51_27,1.0,0,27,27,14
31,r_8_64_130,r_9_2_155,seq65,r_8_64_130,1.0,0,130,130,14
41,r_9_2_155,r_6_56_184,seq3,r_9_2_155,0.52,1,156,155,14
89,seq101,r_103_92_113,r_16_102_60,r_16_102_60,0.97,0,60,60,14
3,r_125_95_153,seq123,seq98,r_125_95_153,0.85,2,155,153,14
28,r_143_52_160,r_140_37_95,r_69_141_42,r_143_52_160,1.0,-118,42,160,14
14,r_25_116_22,r_26_10_194,seq117,r_25_116_22,0.98,-1,21,22,14
7,r_26_10_194,r_25_116_22,r_100_24_25,r_26_10_194,0.94,-172,22,194,14
47,r_84_27_58,r_85_139_141,r_78_43_4,r_84_27_58,1.0,0,58,58,14
0,r_60_22_152,seq62,seq21,r_60_22_152,0.95,0,152,152,14
11,r_140_37_95,r_143_52_160,r_83_36_50,r_140_37_95,0.88,0,95,95,14
20,r_7_71_97,r_8_64_130,r_14_73_14,r_7_71_97,0.99,0,97,97,14
30,r_41_112_177,r_26_10_194,r_78_43_4,r_41_112_177,0.74,-166,11,177,14
15,r_59_40_81,seq62,r_78_43_4,r_59_40_81,1.0,0,81,81,14
48,r_104_135_85,r_103_92_113,seq136,r_104_135_85,1.0,0,85,85,14
12,r_5_58_41,r_57_70_154,r_121_55_12,r_57_70_154,0.55,4,158,154,14
79,seq72,r_69_141_42,r_14_73_14,r_14_73_14,0.57,0,14,14,14
21,r_69_141_42,r_143_52_160,r_17_144_82,r_17_144_82,0.66,78,160,82,14
74,seq54,r_14_73_14,r_143_52_160,r_143_52_160,0.62,-4,156,160,14
45,r_57_70_154,seq62,r_5_58_41,r_5_58_41,1.0,4,45,41,14
27,r_17_144_82,seq13,r_69_141_42,r_17_144_82,0.99,0,82,82,14
30,r_41_112_177,r_78_43_4,r_25_116_22,r_78_43_4,0.49,173,177,4,14
93,seq117,r_115_108_159,r_25_116_22,r_25_116_22,1.0,6,28,22,14
12,r_5_58_41,r_7_71_97,r_57_70_154,r_5_58_41,0.66,-1,40,41,14
40,r_47_0_84,seq44,seq3,r_47_0_84,1.0,0,84,84,14
29,r_115_108_159,seq117,seq105,r_115_108_159,0.23,6,165,159,14
46,r_61_114_19,r_60_22_152,seq117,r_61_114_19,0.77,0,19,19,14
24,r_66_46_93,seq62,seq44,r_66_46_93,0.98,0,93,93,14
33,r_18_42_70,r_12_93_91,r_78_43_4,r_18_42_70,0.62,-10,60,70,14
47,r_84_27_58,r_78_43_4,r_109_28_122,r_109_28_122,1.0,2,124,122,14
88,seq98,r_97_31_176,r_125_95_153,r_125_95_153,0.7,23,176,153,14
39,r_107_82_26,seq106,seq81,r_107_82_26,1.0,4,30,26,14
77,seq65,seq62,r_8_64_130,r_8_64_130,1.0,15,145,130,14
2,r_100_24_25,r_99_79_187,r_26_10_194,r_100_24_25,0.94,0,25,25,14
45,r_57_70_154,r_5_58_41,r_14_73_14,r_57_70_154,0.49,4,158,154,14
17,r_103_92_113,seq101,r_12_93_91,r_103_92_113,0.41,1,114,113,14
25,r_78_43_4,r_41_112_177,r_59_40_81,r_59_40_81,0.98,56,137,81,14
9,r_12_93_91,seq11,seq89,r_12_93_91,1.0,0,91,91,14
22,r_121_55_12,r_120_127_195,seq68,r_121_55_12,0.79,1,13,12,14
28,r_143_52_160,r_69_141_42,seq54,r_69_141_42,0.69,118,160,42,14
23,r_85_139_141,r_84_27_58,seq81,r_84_27_58,0.99,-2,56,58,14
32,r_53_113_54,seq54,r_25_116_22,r_53_113_54,0.98,-2,52,54,14
44,r_138_19_151,seq137,seq15,r_138_19_151,0.99,0,151,151,14
21,r_69_141_42,seq72,r_143_52_160,r_69_141_42,0.98,0,42,42,14
22,r_121_55_12,seq68,r_5_58_41,r_5_58_41,1.0,20,61,41,14
35,r_67_96_80,seq72,seq98,r_67_96_80,0.97,0,80,80,14
23,r_85_139_141,seq81,seq137,r_85_139_141,0.75,4,145,141,14
36,r_35_139_81,seq36,r_4_136_55,r_35_139_81,0.99,0,81,81,15
6,r_122_47_44,seq118,seq46,r_122_47_44,0.74,2,46,44,15
14,r_10_38_77,r_8_132_141,seq36,r_10_38_77,1.0,0,77,77,15
8,r_48_63_92,seq45,seq62,r_48_63_92,0.98,1,93,92,15
1,r_21_72_130,r_22_0_50,r_121_24_11,r_22_0_50,0.87,0,50,50,15
43,r_81_15_143,r_74_127_110,r_76_106_148,r_74_127_110,0.85,-20,90,110,15
83,seq84,r_83_99_172,r_37_79_58,r_37_79_58,1.0,116,174,58,15
55,seq138,r_135_43_146,r_4_136_55,r_4_136_55,0.97,93,148,55,15
86,seq89,r_82_94_21,r_27_90_48,r_27_90_48,1.0,63,111,48,15
16,r_64_133_5,seq142,r_4_136_55,r_4_136_55,1.0,7,62,55,15
21,r_82_94_21,seq89,r_50_93_97,r_50_93_97,1.0,14,111,97,15
1,r_21_72_130,r_121_24_11,r_149_71_56,r_21_72_130,1.0,0,130,130,15
97,seq118,r_120_56_107,r_28_117_75,r_28_117_75,0.68,32,107,75,15
46,r_69_9_105,seq68,seq7,r_69_9_105,0.99,0,105,105,15
30,r_97_19_59,r_98_12_74,seq20,r_97_19_59,0.99,0,59,59,15
35,r_121_24_11,r_122_47_44,seq25,r_121_24_11,0.99,0,11,11,15
76,seq58,r_57_32_121,r_50_93_97,r_57_32_121,0.59,-59,62,121,15
37,r_49_96_25,r_48_63_92,seq101,r_49_96_25,0.96,1,26,25,15
31,r_126_114_76,seq131,seq110,r_126_114_76,0.82,4,80,76,15
41,r_75_66_129,r_74_127_110,r_48_63_92,r_48_63_92,0.61,18,110,92,15
23,r_119_13_26,r_122_47_44,seq14,r_119_13_26,1.0,0,26,26,15
95,seq111,r_113_91_183,r_44_112_42,r_44_112_42,0.9,7,49,42,15
10,r_1_105_69,r_3_53_111,seq104,r_1_105_69,0.96,0,69,69,15
15,r_147_30_147,r_146_11_156,r_57_32_121,r_147_30_147,1.0,0,147,147,15
26,r_61_103_79,seq60,seq102,r_61_103_79,0.95,6,85,79,15
20,r_113_91_183,seq111,r_126_114_76,r_126_114_76,0.74,16,92,76,15
13,r_76_106_148,r_74_127_110,r_83_99_172,r_74_127_110,0.52,-20,90,110,15
15,r_147_30_147,r_148_59_98,r_146_11_156,r_148_59_98,0.7,0,98,98,15
49,r_51_141_179,seq55,seq142,r_51_141_179,0.64,0,179,179,15
27,r_27_90_48,r_22_0_50,seq89,r_27_90_48,1.0,0,48,48,15
40,r_116_42_33,r_122_47_44,seq41,r_116_42_33,0.99,0,33,33,15
19,r_4_136_55,r_3_53_111,seq138,r_4_136_55,1.0,0,55,55,15
9,r_109_80_52,seq110,r_37_79_58,r_37_79_58,0.52,1,59,58,15
29,r_22_0_50,seq29,seq7,r_22_0_50,0.79,0,50,50,15
39,r_149_71_56,r_148_59_98,seq73,r_149_71_56,0.93,0,56,56,15
2,r_78_23_125,seq77,r_121_24_11,r_78_23_125,1.0,0,125,125,15
47,r_50_93_97,r_51_141_179,seq92,r_50_93_97,0.99,1,98,97,15
42,r_100_39_40,r_98_12_74,r_116_42_33,r_100_39_40,0.71,0,40,40,15
18,r_107_26_145,seq110,r_78_23_125,r_107_26_145,0.86,1,146,145,15
24,r_148_59_98,r_147_30_147,seq58,r_148_59_98,0.65,0,98,98,15
25,r_135_43_146,seq134,seq46,r_135_43_146,0.62,2,148,146,15
33,r_8_132_141,seq7,seq131,r_8_132_141,0.99,0,141,141,15
3,r_37_79_58,r_35_139_81,r_109_80_52,r_37_79_58,0.86,1,59,58,15
20,r_113_91_183,r_126_114_76,r_27_90_48,r_113_91_183,0.68,-5,178,183,15
32,r_120_56_107,seq118,seq55,r_120_56_107,0.77,0,107,107,15
57,seq14,seq16,r_119_13_26,r_119_13_26,1.0,18,44,26,15
38,r_28_117_75,r_21_72_130,seq118,r_28_117_75,0.92,0,75,75,15
77,seq60,r_61_103_79,seq62,r_61_103_79,1.0,6,85,79,15
34,r_83_99_172,seq84,r_1_105_69,r_1_105_69,0.96,105,174,69,15
66,seq34,seq17,r_70_33_35,r_70_33_35,1.0,3,38,35,15
17,r_74_127_110,r_75_66_129,seq131,r_74_127_110,0.94,0,110,110,15
96,seq115,r_120_56_107,r_28_117_75,r_28_117_75,0.77,32,107,75,15
13,r_76_106_148,r_83_99_172,r_1_105_69,r_76_106_148,0.71,0,148,148,15
7,r_70_33_35,r_69_9_105,seq34,r_70_33_35,1.0,0,35,35,15
22,r_3_53_111,seq5,r_120_56_107,r_3_53_111,0.97,1,112,111,15
28,r_85_137_80,r_108_86_2,r_4_136_55,r_85_137_80,0.85,0,80,80,15
0,r_123_128_31,r_122_47_44,seq131,r_122_47_44,0.99,2,46,44,15
49,r_51_141_179,r_50_93_97,seq55,r_50_93_97,1.0,1,98,97,15
43,r_81_15_143,r_76_106_148,seq16,r_81_15_143,1.0,0,143,143,15
44,r_57_32_121,seq58,seq31,r_57_32_121,1.0,0,121,121,15
63,seq25,r_22_0_50,r_121_24_11,r_22_0_50,0.98,0,50,50,15
11,r_44_112_42,seq45,seq111,r_44_112_42,0.97,4,46,42,15
12,r_146_11_156,seq142,seq6,r_146_11_156,0.61,-1,155,156,15
30,r_143_84_160,seq142,r_9_86_145,r_143_84_160,0.54,0,160,160,16
44,r_69_121_72,r_122_66_166,seq118,r_122_66_166,1.0,0,166,166,16
14,r_20_32_120,r_21_111_110,seq33,r_21_111_110,0.51,0,110,110,16
8,r_72_14_112,r_76_115_156,r_58_8_66,r_76_115_156,0.94,-41,115,156,16
54,seq6,r_7_102_176,r_72_14_112,r_72_14_112,0.61,69,181,112,16
37,r_101_62_167,r_98_4_183,r_61_60_141,r_61_60_141,0.51,22,163,141,16
3,r_68_99_89,r_98_4_183,r_90_97_108,r_68_99_89,0.67,96,185,89,16
55,seq135,r_137_117_64,r_134_1_123,r_137_117_64,1.0,3,67,64,16
21,r_134_1_123,seq135,seq2,r_134_1_123,1.0,0,123,123,16
39,r_120_46_79,r_119_81_151,seq45,r_120_46_79,1.0,1,80,79,16
1,r_122_66_166,r_119_81_151,r_69_121_72,r_69_121_72,0.99,65,137,72,16
55,seq135,r_134_1_123,seq133,r_134_1_123,1.0,-9,114,123,16
5,r_64_3_73,r_65_56_81,seq0,r_65_56_81,0.7,-1,80,81,16
46,r_137_117_64,seq135,r_119_81_151,r_137_117_64,0.9,3,67,64,16
42,r_24_47_169,seq26,r_120_46_79,r_120_46_79,1.0,97,176,79,16
93,seq103,r_126_100_95,r_137_117_64,r_126_100_95,0.58,-59,36,95,16
13,r_104_11_48,r_106_42_111,seq12,r_104_11_48,0.63,0,48,48,16
45,r_119_81_151,r_122_66_166,r_9_86_145,r_119_81_151,0.65,0,151,151,16
19,r_105_124_63,r_106_42_111,seq128,r_105_124_63,0.86,0,63,63,16
31,r_21_111_110,r_20_32_120,seq110,r_21_111_110,1.0,0,110,110,16
41,r_87_13_143,seq85,r_72_14_112,r_87_13_143,0.65,0,143,143,16
10,r_77_144_17,r_90_97_108,seq149,r_77_144_17,0.95,0,17,17,16
29,r_131_78_129,r_79_145_187,r_119_81_151,r_79_145_187,0.69,0,187,187,16
3,r_68_99_89,seq67,r_98_4_183,r_68_99_89,0.48,0,89,89,16
26,r_126_100_95,seq128,r_68_99_89,r_126_100_95,0.99,0,95,95,16
27,r_10_73_43,r_9_86_145,seq74,r_10_73_43,0.79,9,52,43,16
4,r_90_97_108,r_89_63_191,r_68_99_89,r_89_63_191,0.58,-70,121,191,16
0,r_106_42_111,r_108_15_188,seq43,r_106_42_111,0.98,0,111,111,16
11,r_107_127_68,r_108_15_188,r_105_124_63,r_108_15_188,1.0,-120,68,188,16
20,r_76_115_156,seq75,r_55_114_3,r_76_115_156,0.77,0,156,156,16
98,seq118,r_119_81_151,r_69_121_72,r_69_121_72,0.81,65,137,72,16
48,r_65_56_81,r_68_99_89,r_57_28_159,r_68_99_89,0.73,-6,83,89,16
49,r_57_28_159,r_65_56_81,r_82_29_84,r_82_29_84,0.96,90,174,84,16
6,r_82_29_84,r_87_13_143,r_57_28_159,r_82_29_84,0.93,2,86,84,16
87,seq85,r_87_13_143,r_38_83_77,r_38_83_77,0.8,53,130,77,16
22,r_98_4_183,r_68_99_89,r_64_3_73,r_98_4_183,0.84,-11,172,183,16
2,r_108_15_188,seq110,r_54_17_62,r_108_15_188,0.5,0,188,188,16
47,r_9_86_145,seq12,seq85,r_9_86_145,0.49,1,146,145,16
40,r_7_102_176,seq6,r_68_99_89,r_68_99_89,0.88,92,181,89,16
18,r_38_83_77,seq43,seq85,r_38_83_77,0.99,-2,75,77,16
29,r_131_78_129,seq133,r_79_145_187,r_131_78_129,0.98,0,129,129,16
24,r_89_63_191,seq91,r_129_88_46,r_129_88_46,1.0,29,75,46,16
65,seq133,r_132_19_119,seq135,r_132_19_119,0.99,0,119,119,16
61,seq18,r_68_99_89,r_54_17_62,r_54_17_62,0.58,0,62,62,16
38,r_147_109_121,r_148_136_185,r_21_111_110,r_147_109_121,0.85,0,121,121,16
46,r_137_117_64,seq118,seq135,r_137_117_64,0.59,106,170,64,16
1,r_122_66_166,r_69_121_72,r_61_60_141,r_122_66_166,0.96,0,166,166,16
46,r_137_117_64,r_119_81_151,seq118,r_119_81_151,0.83,-30,121,151,16
15,r_129_88_46,seq130,r_89_63_191,r_129_88_46,1.0,0,46,46,16
94,seq110,r_108_15_188,r_21_111_110,r_21_111_110,0.99,78,188,110,16
9,r_58_8_66,r_57_28_159,seq12,r_58_8_66,0.7,0,66,66,16
32,r_146_23_20,r_148_136_185,seq26,r_146_23_20,0.98,0,20,20,16
22,r_98_4_183,r_101_62_167,r_68_99_89,r_68_99_89,0.95,18,107,89,16
28,r_80_125_142,r_89_63_191,r_105_124_63,r_80_125_142,0.7,0,142,142,16
49,r_57_28_159,r_58_8_66,r_65_56_81,r_57_28_159,0.58,-93,66,159,16
7,r_54_17_62,seq53,seq18,r_54_17_62,0.92,2,64,62,16
44,r_69_121_72,r_68_99_89,r_122_66_166,r_69_121_72,0.91,0,72,72,16
12,r_79_145_187,r_89_63_191,r_131_78_129,r_131_78_129,0.94,13,142,129,16
12,r_79_145_187,r_131_78_129,r_77_144_17,r_79_145_187,1.0,0,187,187,16
84,seq140,r_141_25_96,seq138,r_141_25_96,1.0,0,96,96,16
30,r_82_25_140,r_80_147_147,r_81_19_121,r_80_147_147,1.0,-7,140,147,17
51,seq135,r_131_23_130,r_42_134_26,r_131_23_130,0.58,-24,106,130,17
92,seq105,r_108_49_118,r_28_106_132,r_28_106_132,0.8,7,139,132,17
14,r_116_8_103,r_114_112_46,seq10,r_116_8_103,1.0,0,103,103,17
29,r_141_128_51,seq126,r_42_134_26,r_141_128_51,0.38,54,105,51,17
59,seq20,r_22_41_127,r_81_19_121,r_81_19_121,0.96,1,122,121,17
71,seq59,r_60_21_180,seq57,r_60_21_180,0.99,-31,149,180,17
15,r_85_104_23,r_86_65_48,r_103_33_133,r_85_104_23,0.85,-1,22,23,17
21,r_24_3_101,seq20,r_43_2_57,r_24_3_101,0.63,1,102,101,17
39,r_80_147_147,seq83,r_44_149_72,r_80_147_147,0.9,0,147,147,17
1,r_44_149_72,r_97_139_29,r_80_147_147,r_80_147_147,0.63,0,147,147,17
27,r_7_29_9,r_9_38_162,r_28_106_132,r_7_29_9,0.83,1,10,9,17
24,r_43_2_57,r_44_149_72,seq4,r_43_2_57,1.0,0,57,57,17
5,r_143_68_174,seq145,seq66,r_143_68_174,0.51,0,174,174,17
46,r_11_144_107,seq10,r_40_142_8,r_11_144_107,1.0,0,107,107,17
42,r_9_38_162,seq10,seq39,r_9_38_162,0.8,2,164,162,17
45,r_28_106_132,r_30_52_58,r_7_29_9,r_30_52_58,1.0,0,58,58,17
15,r_85_104_23,r_103_33_133,r_28_106_132,r_85_104_23,0.98,112,135,23,17
27,r_7_29_9,r_28_106_132,seq31,r_28_106_132,1.0,0,132,132,17
17,r_129_123_39,r_131_23_130,seq124,r_129_123_39,0.98,0,39,39,17
31,r_51_101_187,seq54,r_16_100_4,r_16_100_4,0.85,183,187,4,17
20,r_26_50_20,seq32,seq48,r_26_50_20,0.97,2,22,20,17
3,r_71_125_66,r_73_45_71,seq124,r_71_125_66,1.0,1,67,66,17
10,r_107_91_87,r_108_49_118,seq92,r_107_91_87,0.89,6,93,87,17
26,r_95_5_64,seq96,r_43_2_57,r_95_5_64,1.0,0,64,64,17
72,seq138,r_140_117_198,r_97_139_29,r_97_139_29,1.0,59,88,29,17
4,r_70_93_146,seq69,seq94,r_70_93_146,0.84,1,147,146,17
78,seq75,r_73_45_71,r_15_74_80,r_15_74_80,1.0,2,82,80,17
0,r_136_72_95,seq137,r_15_74_80,r_136_72_95,1.0,1,96,95,17
11,r_131_23_130,r_133_115_168,r_81_19_121,r_131_23_130,0.75,0,130,130,17
37,r_103_33_133,r_102_132_41,r_85_104_23,r_103_33_133,0.99,-111,22,133,17
48,r_97_139_29,r_95_5_64,r_140_117_198,r_97_139_29,1.0,0,29,29,17
7,r_42_134_26,seq34,seq135,r_42_134_26,0.84,0,26,26,17
2,r_102_132_41,r_103_33_133,r_42_134_26,r_102_132_41,1.0,0,41,41,17
6,r_27_120_97,seq31,seq119,r_27_120_97,1.0,0,97,97,17
50,seq4,r_122_1_35,r_43_2_57,r_43_2_57,1.0,2,59,57,17
33,r_108_49_118,seq105,r_26_50_20,r_108_49_118,0.93,4,122,118,17
13,r_127_89_55,seq126,seq87,r_127_89_55,1.0,0,55,55,17
40,r_84_47_85,r_86_65_48,r_127_89_55,r_84_47_85,0.71,-28,57,85,17
36,r_140_117_198,r_143_68_174,r_97_139_29,r_97_139_29,0.97,16,45,29,17
47,r_60_21_180,seq59,r_81_19_121,r_81_19_121,1.0,59,180,121,17
25,r_133_115_168,seq135,r_114_112_46,r_133_115_168,0.36,1,169,168,17
33,r_108_49_118,r_107_91_87,seq105,r_107_91_87,0.9,7,94,87,17
88,seq96,r_95_5_64,seq98,r_95_5_64,1.0,0,64,64,17
65,seq39,seq37,r_9_38_162,r_9_38_162,0.96,2,164,162,17
9,r_62_6_116,r_86_65_48,r_24_3_101,r_62_6_116,1.0,1,117,116,17
66,seq48,seq83,r_26_50_20,r_26_50_20,0.91,33,53,20,17
29,r_141_128_51,seq145,seq126,r_141_128_51,0.98,5,56,51,17
32,r_15_74_80,seq14,seq75,r_15_74_80,1.0,0,80,80,17
38,r_73_45_71,seq76,r_26_50_20,r_73_45_71,0.56,20,91,71,17
98,seq124,r_118_130_143,r_129_123_39,r_129_123_39,0.84,1,40,39,17
52,seq137,r_136_72_95,seq126,r_136_72_95,0.97,7,102,95,17
77,seq69,r_70_93_146,seq66,r_70_93_146,0.95,1,147,146,17
41,r_122_1_35,r_118_130_143,seq4,r_122_1_35,1.0,0,35,35,17
45,r_28_106_132,r_7_29_9,seq105,r_28_106_132,1.0,0,132,132,17
9,r_62_6_116,r_71_125_66,r_86_65_48,r_62_6_116,0.93,-55,61,116,17
50,seq4,r_15_74_80,r_122_1_35,r_122_1_35,0.93,0,35,35,17
37,r_103_33_133,r_85_104_23,r_22_41_127,r_103_33_133,0.96,2,135,133,17
28,r_148_0_98,r_143_68_174,r_122_1_35,r_148_0_98,0.99,0,98,98,17
1,r_44_149_72,r_43_2_57,r_97_139_29,r_44_149_72,1.0,-15,57,72,17
49,r_46_36_124,seq48,seq35,r_46_36_124,0.94,1,125,124,17
44,r_16_100_4,seq99,r_51_101_187,r_51_101_187,0.93,0,187,187,17
23,r_22_41_127,seq20,r_46_36_124,r_46_36_124,0.9,7,131,124,17
19,r_30_52_58,r_28_106_132,seq54,r_30_52_58,1.0,0,58,58,17
16,r_109_61_113,r_110_77_181,r_108_49_118,r_108_49_118,0.8,-66,52,118,17
35,r_110_77_181,seq111,r_136_72_95,r_136_72_95,0.99,90,185,95,17
40,r_84_47_85,r_127_89_55,r_26_50_20,r_84_47_85,0.79,1,86,85,17
26,r_143_127_27,seq146,seq128,r_143_127_27,1.0,0,27,27,18
14,r_60_126_181,seq59,r_11_119_47,r_60_126_181,0.43,1,182,181,18
8,r_110_24_11,r_114_141_134,seq26,r_110_24_11,1.0,0,11,11,18
43,r_53_83_122,r_51_57_158,r_46_133_142,r_53_83_122,0.51,-49,73,122,18
71,seq39,seq35,r_140_38_103,r_140_38_103,1.0,29,132,103,18
16,r_43_132_66,seq32,seq131,r_43_132_66,1.0,0,66,66,18
39,r_104_95_172,seq105,r_42_96_62,r_42_96_62,0.99,113,175,62,18
1,r_63_78_145,seq62,r_123_80_88,r_63_78_145,0.78,0,145,145,18
46,r_65_98_73,seq64,r_40_100_2,r_65_98_73,1.0,8,81,73,18
42,r_16_136_77,seq15,r_19_147_21,r_16_136_77,0.51,0,77,77,18
80,seq62,r_63_78_145,seq59,r_63_78_145,1.0,-71,74,145,18
45,r_77_117_123,seq84,seq118,r_77_117_123,0.93,0,123,123,18
10,r_11_119_47,seq13,seq121,r_11_119_47,1.0,-1,46,47,18
95,seq115,r_114_141_134,seq101,r_114_141_134,1.0,0,134,134,18
35,r_138_70_22,r_137_33_125,seq71,r_138_70_22,1.0,0,22,22,18
41,r_123_80_88,r_125_142_143,r_34_79_49,r_123_80_88,1.0,0,88,88,18
67,seq26,seq35,r_113_27_38,r_113_27_38,1.0,45,83,38,18
48,r_76_55_51,seq84,seq56,r_76_55_51,1.0,1,52,51,18
4,r_31_73_107,seq32,r_111_75_43,r_31_73_107,1.0,0,107,107,18
63,seq131,r_125_142_143,r_43_132_66,r_43_132_66,0.96,2,68,66,18
20,r_137_33_125,r_140_38_103,r_16_136_77,r_137_33_125,0.43,-47,78,125,18
15,r_148_134_5,seq131,r_21_135_151,r_21_135_151,0.98,13,164,151,18
57,seq139,r_145_69_186,r_114_141_134,r_114_141_134,0.92,5,139,134,18
6,r_51_57_158,seq49,seq58,r_51_57_158,0.8,0,158,158,18
13,r_103_130_33,r_106_41_132,seq131,r_103_130_33,0.98,0,33,33,18
37,r_34_79_49,r_37_81_64,r_72_82_42,r_72_82_42,1.0,7,49,42,18
94,seq107,r_106_41_132,r_54_108_10,r_54_108_10,0.59,2,12,10,18
2,r_114_141_134,seq115,seq139,r_114_141_134,0.94,0,134,134,18
47,r_97_74_75,seq99,r_111_75_43,r_97_74_75,0.95,-5,70,75,18
18,r_120_8_115,seq121,seq10,r_120_8_115,0.98,0,115,115,18
29,r_125_142_143,seq128,r_19_147_21,r_125_142_143,0.55,0,143,143,18
25,r_102_29_159,seq107,r_50_30_124,r_102_29_159,0.88,0,159,159,18
64,seq20,r_21_135_151,r_9_18_40,r_21_135_151,0.64,0,151,151,18
20,r_137_33_125,r_16_136_77,seq32,r_137_33_125,1.0,1,126,125,18
21,r_9_18_40,seq10,seq20,r_9_18_40,0.86,-3,37,40,18
61,seq15,r_16_136_77,seq44,r_16_136_77,1.0,0,77,77,18
11,r_113_27_38,r_111_75_43,seq26,r_113_27_38,1.0,0,38,38,18
77,seq56,r_60_126_181,r_76_55_51,r_76_55_51,0.96,2,53,51,18
85,seq84,r_76_55_51,r_72_82_42,r_76_55_51,1.0,-12,39,51,18
32,r_111_75_43,r_114_141_134,r_72_82_42,r_111_75_43,0.93,-7,36,43,18
96,seq118,r_116_87_196,r_43_132_66,r_43_132_66,1.0,117,183,66,18
22,r_21_135_151,seq20,r_148_134_5,r_21_135_151,0.83,0,151,151,18
28,r_140_38_103,seq139,seq39,r_140_38_103,0.99,0,103,103,18
43,r_53_83_122,r_46_133_142,seq84,r_53_83_122,1.0,0,122,122,18
12,r_54_108_10,seq56,seq107,r_54_108_10,0.97,2,12,10,18
56,seq10,seq13,r_120_8_115,r_120_8_115,1.0,40,155,115,18
23,r_5_109_89,seq6,r_28_112_9,r_5_109_89,0.98,0,89,89,18
32,r_111_75_43,r_72_82_42,r_97_74_75,r_97_74_75,0.99,12,87,75,18
49,r_19_147_21,r_21_135_151,seq146,r_19_147_21,1.0,-1,20,21,18
36,r_42_96_62,r_43_132_66,r_40_100_2,r_42_96_62,1.0,-3,59,62,18
23,r_5_109_89,r_28_112_9,seq115,r_28_112_9,0.45,169,178,9,18
84,seq71,seq67,r_138_70_22,r_138_70_22,0.89,45,67,22,18
30,r_60_147_68,seq64,seq148,r_60_147_68,1.0,0,68,68,19
92,seq113,r_98_79_187,r_21_112_133,r_21_112_133,1.0,0,133,133,19
14,r_133_76_104,seq134,seq70,r_133_76_104,1.0,0,104,104,19
8,r_21_112_133,r_22_18_102,seq113,r_21_112_133,0.99,0,133,133,19
54,seq6,r_7_31_69,r_24_1_6,r_7_31_69,1.0,0,69,69,19
55,seq9,r_8_99_139,seq10,r_8_99_139,1.0,-38,101,139,19
16,r_129_111_191,r_121_40_57,seq131,r_129_111_191,0.41,-101,90,191,19
21,r_8_99_139,seq9,seq101,r_8_99_139,0.99,0,139,139,19
39,r_145_63_147,seq144,seq64,r_145_63_147,0.95,0,147,147,19
34,r_27_71_41,r_29_57_137,seq72,r_27_71_41,1.0,1,42,41,19
1,r_105_82_96,seq106,r_78_85_81,r_105_82_96,0.88,3,99,96,19
46,r_22_18_102,r_21_112_133,r_88_20_86,r_22_18_102,0.98,27,129,102,19
45,r_86_61_149,r_89_0_197,r_145_63_147,r_145_63_147,0.63,6,153,147,19
22,r_95_26_43,seq113,seq30,r_95_26_43,0.95,3,46,43,19
77,seq64,r_77_17_198,r_55_84_108,r_55_84_108,0.86,12,120,108,19
66,seq30,r_28_48_140,r_7_31_69,r_7_31_69,0.98,7,76,69,19
20,r_102_44_21,r_100_114_196,seq43,r_102_44_21,0.67,0,21,21,19
85,seq93,seq113,r_75_96_55,r_75_96_55,1.0,-1,54,55,19
76,seq56,r_55_84_108,r_49_52_143,r_49_52_143,0.67,-33,110,143,19
31,r_127_109_30,seq126,r_69_110_60,r_69_110_60,0.8,9,69,60,19
3,r_107_39_90,seq108,seq36,r_107_39_90,0.79,0,90,90,19
10,r_136_35_109,seq137,r_107_39_90,r_136_35_109,1.0,0,109,109,19
76,seq56,r_49_52_143,r_29_57_137,r_29_57_137,0.95,1,138,137,19
16,r_129_111_191,seq131,r_34_45_127,r_129_111_191,0.31,-27,164,191,19
0,r_121_40_57,seq118,seq41,r_121_40_57,0.99,3,60,57,19
13,r_132_14_92,seq131,seq13,r_132_14_92,1.0,0,92,92,19
15,r_42_81_116,seq41,r_55_84_108,r_42_81_116,0.77,11,127,116,19
48,r_138_62_188,seq137,r_74_58_9,r_138_62_188,0.56,0,188,188,19
77,seq64,r_55_84_108,r_145_63_147,r_145_63_147,0.78,11,158,147,19
63,seq19,r_16_2_52,seq15,r_16_2_52,1.0,2,54,52,19
27,r_49_52_143,seq50,r_149_53_160,r_149_53_160,0.69,1,161,160,19
19,r_124_12_42,seq125,seq19,r_124_12_42,1.0,0,42,42,19
47,r_37_117_99,seq36,seq118,r_37_117_99,0.59,2,101,99,19
18,r_143_139_168,seq148,seq134,r_143_139_168,0.54,2,170,168,19
64,seq148,r_149_53_160,r_60_147_68,r_60_147_68,1.0,92,160,68,19
61,seq144,r_145_63_147,seq148,r_145_63_147,1.0,0,147,147,19
32,r_68_135_73,seq65,seq134,r_68_135_73,1.0,0,73,73,19
38,r_47_92_150,seq50,r_75_96_55,r_47_92_150,0.35,1,151,150,19
2,r_16_2_52,r_21_112_133,seq3,r_16_2_52,0.73,2,54,52,19
75,seq137,r_136_35_109,seq134,r_136_35_109,1.0,0,109,109,19
26,r_119_141_11,r_107_39_90,r_149_53_160,r_119_141_11,0.9,11,22,11,19
81,seq72,seq73,r_27_71_41,r_27_71_41,1.0,4,45,41,19
9,r_7_31_69,seq6,seq30,r_7_31_69,1.0,0,69,69,19
63,seq19,seq15,r_88_20_86,r_88_20_86,1.0,49,135,86,19
26,r_119_141_11,r_149_53_160,r_38_140_152,r_149_53_160,0.46,-7,153,160,19
77,seq64,r_60_147_68,r_77_17_198,r_60_147_68,0.96,-20,48,68,19
28,r_149_53_160,seq148,r_49_52_143,r_149_53_160,0.73,0,160,160,19
7,r_55_84_108,seq56,r_78_85_81,r_55_84_108,0.54,2,110,108,19
44,r_88_20_86,r_89_0_197,seq15,r_88_20_86,1.0,0,86,86,19
23,r_25_128_113,seq30,seq125,r_25_128_113,0.95,1,114,113,19
23,r_116_132_51,r_118_137_131,seq130,r_116_132_51,0.62,1,52,51,20
30,r_70_62_62,r_74_81_98,seq65,r_70_62_62,1.0,0,62,62,20
1,r_7_110_11,r_15_67_176,seq109,r_7_110_11,0.98,0,11,11,20
8,r_5_63_77,seq8,r_70_62_62,r_5_63_77,1.0,0,77,77,20
37,r_91_3_172,r_90_0_126,r_71_92_83,r_91_3_172,0.84,-75,97,172,20
24,r_4_122_16,r_15_67_176,seq121,r_4_122_16,1.0,0,16,16,20
16,r_118_137_131,r_114_47_157,r_112_136_94,r_114_47_157,0.99,-25,132,157,20
21,r_117_146_105,r_118_137_131,r_113_147_1,r_117_146_105,0.92,1,106,105,20
39,r_71_92_83,r_74_81_98,r_91_3_172,r_71_92_83,1.0,0,83,83,20
46,r_78_120_129,seq77,seq121,r_78_120_129,0.83,0,129,129,20
18,r_10_108_29,r_15_67_176,r_7_110_11,r_10_108_29,0.98,0,29,29,20
69,seq29,seq27,r_128_28_9,r_128_28_9,0.89,108,117,9,20
45,r_129_60_97,seq130,seq59,r_129_60_97,0.96,2,99,97,20
19,r_149_44_73,seq148,seq45,r_149_44_73,1.0,0,73,73,20
39,r_71_92_83,r_91_3_172,seq89,r_91_3_172,0.87,0,172,172,20
31,r_139_123_140,seq140,r_4_122_16,r_139_123_140,0.54,0,140,140,20
41,r_20_96_189,seq18,r_37_95_48,r_37_95_48,0.96,141,189,48,20
89,seq77,r_78_120_129,r_74_81_98,r_78_120_129,0.4,-3,126,129,20
44,r_103_124_55,seq102,r_12_125_57,r_12_125_57,0.99,0,57,57,20
3,r_79_134_61,r_80_93_188,r_116_132_51,r_79_134_61,1.0,1,62,61,20
10,r_90_0_126,seq89,seq1,r_90_0_126,0.98,0,126,126,20
26,r_35_68_100,seq33,seq72,r_35_68_100,1.0,1,101,100,20
0,r_51_41_114,r_48_131_166,r_149_44_73,r_51_41_114,1.0,0,114,114,20
38,r_114_47_157,seq121,r_34_57_3,r_114_47_157,0.95,0,157,157,20
20,r_97_126_174,seq94,seq121,r_97_126_174,0.67,0,174,174,20
15,r_61_119_170,r_64_14_194,seq121,r_61_119_170,0.71,0,170,170,20
6,r_42_135_165,seq43,r_79_134_61,r_42_135_165,0.72,2,167,165,20
7,r_48_131_166,r_61_119_170,r_116_132_51,r_48_131_166,0.98,-1,165,166,20
40,r_105_54_134,r_101_39_193,seq55,r_105_54_134,0.93,0,134,134,20
74,seq40,r_38_83_163,r_51_41_114,r_51_41_114,0.99,49,163,114,20
29,r_38_83_163,seq40,seq84,r_38_83_163,0.79,0,163,163,20
32,r_112_136_94,r_118_137_131,r_141_142_186,r_141_142_186,1.0,-93,93,186,20
38,r_114_47_157,r_118_137_131,seq121,r_118_137_131,0.63,1,132,131,20
75,seq43,r_42_135_165,r_51_41_114,r_51_41_114,0.49,52,166,114,20
49,r_36_85_23,r_42_135_165,seq87,r_36_85_23,1.0,0,23,23,20
4,r_12_125_57,seq11,r_103_124_55,r_12_125_57,1.0,0,57,57,20
11,r_17_100_53,seq8,r_37_95_48,r_17_100_53,0.89,0,53,53,20
81,seq59,seq53,r_129_60_97,r_129_60_97,1.0,17,114,97,20
2,r_99_106_39,seq94,seq102,r_99_106_39,0.99,0,39,39,20
17,r_127_145_137,r_114_47_157,seq144,r_127_145_137,0.91,-2,135,137,20
94,seq94,r_99_106_39,r_97_126_174,r_99_106_39,0.77,0,39,39,20
9,r_74_81_98,seq73,seq77,r_74_81_98,0.83,0,98,98,20
37,r_91_3_172,r_71_92_83,seq1,r_91_3_172,0.96,2,174,172,20
22,r_49_82_149,r_48_131_166,seq84,r_48_131_166,0.87,-16,150,166,20
7,r_48_131_166,r_50_133_128,r_61_119_170,r_50_133_128,0.85,0,128,128,20
5,r_37_95_48,r_38_83_163,seq94,r_37_95_48,1.0,1,49,48,20
35,r_50_133_128,r_48_131_166,r_116_132_51,r_116_132_51,0.97,77,128,51,20
12,r_15_67_176,seq9,seq66,r_15_67_176,0.74,0,176,176,20
51,seq1,r_4_111_190,r_121_2_24,r_121_2_24,1.0,66,90,24,21
14,r_134_45_130,seq136,r_19_50_59,r_134_45_130,1.0,1,131,130,21
32,r_40_140_14,r_41_31_126,seq139,r_40_140_14,1.0,0,14,14,21
43,r_95_5_65,seq94,seq6,r_95_5_65,1.0,0,65,65,21
87,seq96,r_97_38_28,r_143_72_139,r_97_38_28,0.97,1,29,28,21
37,r_24_8_81,seq23,seq6,r_24_8_81,0.79,0,81,81,21
27,r_19_50_59,seq13,r_51_47_185,r_19_50_59,0.99,0,59,59,21
5,r_59_84_145,seq58,seq83,r_59_84_145,0.56,0,145,145,21
48,r_121_2_24,seq125,r_4_111_190,r_121_2_24,1.0,0,24,24,21
19,r_49_149_113,r_48_123_192,seq148,r_49_149_113,0.99,0,113,113,21
80,seq78,seq83,r_29_77_6,r_29_77_6,0.76,17,23,6,21
31,r_101_3_80,seq100,r_121_2_24,r_101_3_80,0.82,1,81,80,21
41,r_42_127_134,r_41_31_126,seq128,r_42_127_134,0.99,1,135,134,21
67,seq34,r_39_63_103,r_33_53_189,r_39_63_103,1.0,-6,97,103,21
3,r_41_31_126,r_42_127_134,seq30,r_42_127_134,0.99,-2,132,134,21
10,r_11_88_107,seq6,r_132_89_37,r_11_88_107,1.0,1,108,107,21
26,r_75_67_116,seq73,seq69,r_75_67_116,0.68,0,116,116,21
1,r_117_93_52,seq116,seq94,r_117_93_52,1.0,0,52,52,21
4,r_115_98_91,seq116,seq96,r_115_98_91,0.8,0,91,91,21
0,r_17_85_84,r_16_90_186,r_71_86_64,r_17_85_84,0.92,0,84,84,21
13,r_62_119_159,r_64_10_172,r_0_120_121,r_62_119_159,0.82,0,159,159,21
98,seq116,r_115_98_91,r_36_122_41,r_36_122_41,1.0,50,91,41,21
11,r_87_20_75,r_29_77_6,r_132_89_37,r_132_89_37,1.0,3,40,37,21
6,r_133_118_47,seq116,r_0_120_121,r_0_120_121,1.0,21,142,121,21
23,r_26_91_15,r_21_18_38,seq94,r_26_91_15,1.0,0,15,15,21
21,r_4_111_190,r_121_2_24,r_126_144_147,r_121_2_24,0.39,166,190,24,21
87,seq96,r_143_72_139,r_115_98_91,r_143_72_139,0.72,-35,104,139,21
25,r_0_120_121,r_24_8_81,r_133_118_47,r_0_120_121,0.99,-1,120,121,21
21,r_4_111_190,seq1,r_121_2_24,r_121_2_24,1.0,5,29,24,21
2,r_71_86_64,r_68_79_151,r_132_89_37,r_132_89_37,0.59,32,69,37,21
47,r_107_52_86,seq106,r_19_50_59,r_107_52_86,1.0,1,87,86,21
29,r_66_55_125,r_68_79_151,seq56,r_68_79_151,0.92,-22,129,151,21
24,r_143_72_139,seq148,seq80,r_143_72_139,0.89,6,145,139,21
35,r_9_145_29,seq148,r_126_144_147,r_9_145_29,0.45,120,149,29,21
25,r_0_120_121,r_4_111_190,r_24_8_81,r_4_111_190,0.46,-122,68,190,21
48,r_121_2_24,r_4_111_190,r_64_10_172,r_64_10_172,0.67,18,190,172,21
59,seq13,r_19_50_59,r_147_14_44,r_147_14_44,0.93,12,56,44,21
88,seq100,r_101_3_80,seq102,r_101_3_80,1.0,1,81,80,21
50,seq128,r_131_82_170,r_42_127_134,r_42_127_134,0.79,36,170,134,21
58,seq12,r_21_18_38,r_33_53_189,r_21_18_38,0.33,97,135,38,21
70,seq46,r_48_123_192,r_51_47_185,r_48_123_192,0.32,-15,177,192,21
8,r_132_89_37,r_87_20_75,r_71_86_64,r_87_20_75,0.85,1,76,75,21
49,r_36_122_41,seq34,r_133_118_47,r_36_122_41,1.0,1,42,41,21
68,seq37,r_39_63_103,r_97_38_28,r_39_63_103,0.72,0,103,103,21
35,r_9_145_29,seq6,seq148,r_9_145_29,1.0,0,29,29,21
61,seq15,r_16_90_186,r_87_20_75,r_87_20_75,1.0,111,186,75,21
28,r_92_99_19,r_95_5_65,seq148,r_92_99_19,1.0,3,22,19,21
34,r_39_63_103,seq37,seq65,r_39_63_103,1.0,0,103,103,21
17,r_51_47_185,r_48_123_192,r_19_50_59,r_19_50_59,0.99,-1,58,59,21
75,seq65,r_64_10_172,r_39_63_103,r_39_63_103,1.0,70,173,103,21
9,r_97_38_28,seq96,seq37,r_97_38_28,0.99,1,29,28,21
28,r_92_99_19,seq148,r_36_122_41,r_36_122_41,0.9,63,104,41,21
22,r_131_82_170,seq128,r_68_79_151,r_131_82_170,0.5,0,170,170,21
18,r_21_18_38,r_24_8_81,seq13,r_24_8_81,0.71,-40,41,81,21
8,r_132_89_37,r_133_118_47,r_87_20_75,r_132_89_37,0.99,1,38,37,21
7,r_68_79_151,seq69,seq78,r_68_79_151,0.5,0,151,151,21
44,r_16_90_186,seq15,r_26_91_15,r_26_91_15,0.85,171,186,15,21
11,r_87_20_75,r_132_89_37,r_21_18_38,r_87_20_75,1.0,1,76,75,21
12,r_130_76_142,r_131_82_170,seq74,r_130_76_142,0.94,0,142,142,21
84,seq83,seq78,r_59_84_145,r_59_84_145,0.46,6,151,145,21
45,r_147_14_44,r_146_28_193,seq13,r_147_14_44,1.0,0,44,44,21
93,seq113,r_95_4_135,r_0_123_20,r_0_123_20,0.67,45,65,20,22
30,r_79_145_181,seq77,r_15_149_110,r_15_149_110,0.96,75,185,110,22
36,r_40_136_75,r_38_112_167,r_90_138_5,r_40_136_75,1.0,0,75,75,22
14,r_14_118_85,seq10,seq116,r_14_118_85,1.0,0,85,85,22
8,r_20_146_192,r_15_149_110,seq24,r_15_149_110,0.99,-13,97,110,22
5,r_86_139_45,seq84,r_90_138_5,r_86_139_45,1.0,1,46,45,22
39,r_42_54_66,r_40_136_75,r_51_53_199,r_42_54_66,0.59,2,68,66,22
1,r_127_65_102,seq126,seq66,r_127_65_102,0.85,2,104,102,22
17,r_52_74_126,r_73_59_172,r_29_87_79,r_73_59_172,0.75,7,179,172,22
46,r_101_98_81,r_102_44_88,seq97,r_102_44_88,1.0,-6,82,88,22
42,r_124_103_98,seq125,r_2_105_87,r_2_105_87,1.0,23,110,87,22
34,r_36_43_46,r_39_111_28,r_18_37_7,r_39_111_28,0.99,-13,15,28,22
19,r_95_4_135,seq97,r_121_3_18,r_95_4_135,0.49,-1,134,135,22
33,r_18_37_7,r_38_112_167,r_51_53_199,r_51_53_199,0.58,-30,169,199,22
76,seq66,seq64,r_127_65_102,r_127_65_102,1.0,3,105,102,22
48,r_110_31_77,r_39_111_28,seq34,r_110_31_77,1.0,3,80,77,22
41,r_15_149_110,seq16,seq148,r_15_149_110,1.0,0,110,110,22
67,seq34,r_33_9_177,r_45_35_138,r_45_35_138,0.99,17,155,138,22
85,seq89,seq94,r_41_88_10,r_41_88_10,0.8,35,45,10,22
10,r_60_19_71,r_58_132_120,seq16,r_60_19_71,1.0,0,71,71,22
26,r_144_50_106,r_143_114_182,r_51_53_199,r_144_50_106,0.98,4,110,106,22
4,r_51_53_199,r_52_74_126,r_42_54_66,r_51_53_199,0.96,-73,126,199,22
11,r_45_35_138,seq47,seq34,r_45_35_138,0.75,1,139,138,22
44,r_67_21_12,seq66,seq24,r_67_21_12,0.99,0,12,12,22
15,r_30_12_185,seq28,r_55_13_147,r_55_13_147,0.98,41,188,147,22
34,r_36_43_46,r_18_37_7,seq47,r_36_43_46,0.9,4,50,46,22
6,r_102_44_88,r_101_98_81,r_36_43_46,r_102_44_88,1.0,0,88,88,22
9,r_39_111_28,r_42_54_66,r_110_31_77,r_39_111_28,1.0,0,28,28,22
2,r_55_13_147,r_71_56_33,seq10,r_55_13_147,0.63,0,147,147,22
47,r_107_17_84,seq106,r_60_19_71,r_107_17_84,1.0,0,84,84,22
40,r_49_93_74,r_51_53_199,seq94,r_49_93_74,1.0,1,75,74,22
29,r_38_112_167,r_40_136_75,r_18_37_7,r_40_136_75,1.0,0,75,75,22
24,r_71_56_33,r_55_13_147,seq61,r_55_13_147,0.97,0,147,147,22
25,r_143_114_182,seq141,r_14_118_85,r_14_118_85,0.91,97,182,85,22
20,r_90_138_5,r_143_114_182,r_78_137_52,r_78_137_52,0.92,13,65,52,22
32,r_32_99_103,r_33_9_177,r_101_98_81,r_32_99_103,0.98,1,104,103,22
38,r_58_132_120,seq61,seq131,r_58_132_120,0.95,1,121,120,22
60,seq148,r_143_114_182,r_15_149_110,r_15_149_110,1.0,25,135,110,22
81,seq77,r_79_145_181,r_29_87_79,r_29_87_79,1.0,106,185,79,22
17,r_52_74_126,r_51_53_199,r_73_59_172,r_52_74_126,1.0,0,126,126,22
13,r_140_57_22,r_143_114_182,seq61,r_140_57_22,0.92,1,23,22,22
31,r_115_7_51,r_119_11_193,seq6,r_115_7_51,1.0,0,51,51,22
37,r_121_3_18,seq1,r_95_4_135,r_95_4_135,1.0,27,162,135,22
21,r_130_108_149,seq113,r_143_114_182,r_130_108_149,0.68,-100,49,149,22
29,r_38_112_167,r_18_37_7,r_39_111_28,r_38_112_167,0.53,0,167,167,22
22,r_80_46_171,seq77,r_102_44_88,r_102_44_88,0.98,83,171,88,22
28,r_78_137_52,seq77,r_90_138_5,r_78_137_52,1.0,8,60,52,22
7,r_22_133_137,seq25,r_58_132_120,r_22_133_137,0.95,0,137,137,22
48,r_110_31_77,seq104,r_39_111_28,r_39_111_28,0.83,14,42,28,22
23,r_33_9_177,seq34,seq8,r_33_9_177,0.39,0,177,177,22
9,r_39_111_28,r_110_31_77,seq104,r_110_31_77,1.0,0,77,77,22
35,r_2_105_87,seq1,r_124_103_98,r_2_105_87,1.0,0,87,87,22
12,r_29_87_79,r_30_12_185,seq84,r_29_87_79,1.0,0,79,79,22
21,r_130_108_149,r_143_114_182,seq125,r_130_108_149,0.67,-66,83,149,22
37,r_121_3_18,r_119_11_193,seq1,r_121_3_18,1.0,0,18,18,22
84,seq84,r_85_83_35,r_29_87_79,r_29_87_79,1.0,0,79,79,22
30,r_143_23_119,seq144,seq25,r_143_23_119,0.99,0,119,119,23
51,seq3,r_5_94_157,r_83_4_62,r_83_4_62,0.99,96,158,62,23
36,r_79_43_79,seq78,r_100_41_66,r_79_43_79,1.0,0,79,79,23
14,r_115_93_121,seq114,seq89,r_115_93_121,0.88,2,123,121,23
8,r_50_110_188,r_49_149_199,r_106_111_154,r_106_111_154,0.67,35,189,154,23
43,r_106_111_154,r_105_28_166,seq108,r_106_111_154,0.91,0,154,154,23
54,seq10,r_7_14_140,r_57_6_67,r_57_6_67,1.0,74,141,67,23
16,r_9_20_40,r_8_126_98,seq19,r_8_126_98,0.57,-57,41,98,23
37,r_1_145_23,r_2_101_63,seq144,r_1_145_23,0.96,0,23,23,23
46,r_69_37_151,seq72,r_27_36_131,r_69_37_151,0.99,0,151,151,23
80,seq85,r_84_125_95,seq89,r_84_125_95,1.0,0,95,95,23
45,r_7_14_140,seq10,seq19,r_7_14_140,0.47,2,142,140,23
19,r_51_102_19,r_50_110_188,seq104,r_51_102_19,1.0,0,19,19,23
38,r_130_29_20,r_30_86_129,seq25,r_30_86_129,1.0,0,129,129,23
31,r_27_36_131,r_30_86_129,r_128_39_65,r_128_39_65,0.62,64,129,65,23
41,r_46_120_14,r_45_67_80,r_119_11_147,r_46_120_14,1.0,-1,13,14,23
3,r_75_53_110,seq78,r_56_54_142,r_75_53_110,0.47,33,143,110,23
10,r_24_65_163,seq25,r_103_66_138,r_24_65_163,0.89,0,163,163,23
4,r_83_4_62,seq82,r_33_0_57,r_83_4_62,1.0,0,62,62,23
0,r_98_17_133,seq99,seq16,r_98_17_133,0.91,0,133,133,23
20,r_8_126_98,r_7_14_140,r_84_125_95,r_8_126_98,0.99,0,98,98,23
13,r_18_139_148,seq16,r_61_141_44,r_18_139_148,0.89,0,148,148,23
15,r_57_6_67,r_56_54_142,seq10,r_57_6_67,1.0,0,67,67,23
48,r_56_54_142,r_57_6_67,seq59,r_57_6_67,0.99,0,67,67,23
12,r_26_34_60,r_31_91_130,r_143_23_119,r_26_34_60,0.99,73,133,60,23
6,r_97_88_162,seq96,r_115_93_121,r_97_88_162,0.5,0,162,162,23
85,seq99,r_98_17_133,r_51_102_19,r_98_17_133,0.58,0,133,133,23
1,r_38_48_47,r_44_118_196,seq47,r_38_48_47,1.0,1,48,47,23
63,seq140,seq142,r_61_141_44,r_61_141_44,0.94,10,54,44,23
33,r_128_39_65,r_44_118_196,r_27_36_131,r_128_39_65,0.71,29,94,65,23
27,r_32_136_29,r_33_0_57,seq135,r_32_136_29,1.0,0,29,29,23
38,r_130_29_20,seq129,r_30_86_129,r_130_29_20,1.0,0,20,20,23
26,r_119_11_147,seq117,r_46_120_14,r_46_120_14,1.0,1,15,14,23
65,seq47,r_49_149_199,r_38_48_47,r_38_48_47,1.0,1,48,47,23
2,r_124_76_139,seq122,seq77,r_124_76_139,0.99,0,139,139,23
41,r_46_120_14,r_119_11_147,seq117,r_119_11_147,0.75,0,147,147,23
18,r_30_86_129,r_27_36_131,seq85,r_30_86_129,0.99,0,129,129,23
29,r_49_149_199,r_50_110_188,r_38_48_47,r_38_48_47,1.0,140,187,47,23
25,r_31_91_130,r_33_0_57,r_26_34_60,r_33_0_57,0.97,4,61,57,23
33,r_128_39_65,seq129,r_44_118_196,r_128_39_65,0.56,1,66,65,23
48,r_56_54_142,seq59,r_75_53_110,r_56_54_142,0.7,-6,136,142,23
64,seq42,r_44_118_196,r_100_41_66,r_100_41_66,1.0,3,69,66,23
32,r_58_40_180,seq62,r_100_41_66,r_58_40_180,0.69,0,180,180,23
17,r_45_67_80,seq42,seq71,r_45_67_80,1.0,0,80,80,23
25,r_31_91_130,r_26_34_60,r_115_93_121,r_31_91_130,1.0,1,131,130,23
26,r_119_11_147,r_46_120_14,seq12,r_119_11_147,0.89,0,147,147,23
9,r_33_0_57,r_32_136_29,r_31_91_130,r_32_136_29,1.0,0,29,29,23
94,seq116,seq114,r_46_120_14,r_46_120_14,0.97,17,31,14,23
22,r_103_66_138,seq104,seq62,r_103_66_138,0.99,2,140,138,23
28,r_70_137_86,seq72,seq135,r_70_137_86,0.98,0,86,86,23
49,r_21_90_125,seq19,r_115_93_121,r_21_90_125,0.88,0,125,125,23
47,r_61_141_44,seq59,seq140,r_61_141_44,1.0,0,44,44,23
56,seq142,r_143_23_119,seq140,r_143_23_119,1.0,-1,118,119,23
7,r_2_101_63,seq3,r_51_102_19,r_2_101_63,1.0,1,64,63,23
44,r_84_125_95,seq85,r_8_126_98,r_84_125_95,0.85,2,97,95,23
35,r_105_28_166,r_106_111_154,r_51_102_19,r_51_102_19,0.77,135,154,19,23
12,r_26_34_60,r_30_86_129,r_31_91_130,r_26_34_60,0.85,9,69,60,23
35,r_105_28_166,r_51_102_19,r_130_29_20,r_51_102_19,0.51,147,166,19,23
9,r_33_0_57,r_31_91_130,seq3,r_33_0_57,0.9,2,59,57,23
40,r_24_142_67,seq147,r_22_140_161,r_22_140_161,0.83,9,170,161,24
92,seq102,r_103_27_174,seq98,r_103_27_174,0.8,6,180,174,24
14,r_47_57_144,seq44,r_139_55_86,r_139_55_86,1.0,60,146,86,24
8,r_22_140_161,seq23,r_24_142_67,r_24_142_67,1.0,95,162,67,24
45,r_0_96_197,r_1_123_85,r_109_2_10,r_0_96_197,0.94,-187,10,197,24
1,r_114_37_32,r_120_124_118,r_38_43_114,r_114_37_32,1.0,0,32,32,24
13,r_11_144_135,r_52_19_39,r_148_146_169,r_11_144_135,1.0,0,135,135,24
1,r_114_37_32,r_38_43_114,seq35,r_114_37_32,0.63,85,117,32,24
5,r_85_127_186,seq84,r_120_124_118,r_85_127_186,0.44,0,186,186,24
46,r_38_43_114,r_36_15_105,seq42,r_36_15_105,0.9,4,109,105,24
69,seq50,r_49_12_180,r_67_48_56,r_67_48_56,0.7,127,183,56,24
41,r_141_134_22,r_148_146_169,seq133,r_141_134_22,0.92,3,25,22,24
19,r_7_83_156,seq6,seq86,r_7_83_156,0.57,7,163,156,24
99,seq126,r_39_125_73,r_75_129_136,r_75_129_136,1.0,0,136,136,24
95,seq110,seq126,r_70_111_131,r_70_111_131,0.94,-2,129,131,24
31,r_87_20_158,seq84,seq31,r_87_20_158,0.82,12,170,158,24
34,r_39_125_73,r_66_121_8,r_120_124_118,r_39_125_73,0.85,47,120,73,24
26,r_36_15_105,r_38_43_114,r_145_16_82,r_145_16_82,1.0,27,109,82,24
72,seq56,r_53_10_133,r_139_55_86,r_139_55_86,1.0,48,134,86,24
0,r_13_40_109,seq14,r_122_41_54,r_122_41_54,1.0,53,107,54,24
11,r_139_55_86,seq138,seq56,r_139_55_86,1.0,2,88,86,24
99,seq126,r_66_121_8,r_39_125_73,r_39_125_73,1.0,21,94,73,24
13,r_11_144_135,seq8,r_52_19_39,r_11_144_135,0.46,-37,98,135,24
98,seq119,r_120_124_118,r_95_118_83,r_95_118_83,1.0,31,114,83,24
30,r_109_2_10,r_108_18_122,r_0_96_197,r_109_2_10,0.87,0,10,10,24
15,r_53_10_133,seq56,seq8,r_53_10_133,0.7,1,134,133,24
48,r_145_16_82,seq147,seq17,r_145_16_82,1.0,1,83,82,24
4,r_66_121_8,seq126,r_1_123_85,r_1_123_85,1.0,2,87,85,24
57,seq17,r_13_40_109,r_145_16_82,r_145_16_82,1.0,18,100,82,24
62,seq30,seq31,r_61_29_119,r_61_29_119,0.71,4,123,119,24
27,r_75_129_136,seq74,seq126,r_75_129_136,1.0,0,136,136,24
21,r_117_28_18,r_114_37_32,r_106_25_4,r_106_25_4,0.99,14,18,4,24
2,r_61_29_119,r_62_64_47,seq30,r_61_29_119,0.87,2,121,119,24
49,r_21_79_75,seq42,seq80,r_21_79_75,0.69,-30,45,75,24
47,r_70_111_131,r_68_58_165,seq110,r_70_111_131,1.0,2,133,131,24
40,r_24_142_67,seq26,seq147,r_24_142_67,1.0,1,68,67,24
18,r_62_64_47,r_61_29_119,r_88_65_52,r_62_64_47,0.78,74,121,47,24
29,r_69_5_113,r_68_58_165,seq3,r_69_5_113,0.8,1,114,113,24
25,r_120_124_118,seq119,r_39_125_73,r_39_125_73,1.0,46,119,73,24
33,r_95_118_83,seq97,seq116,r_95_118_83,1.0,1,84,83,24
88,seq97,r_95_118_83,seq99,r_95_118_83,1.0,1,84,83,24
37,r_32_63_37,seq33,r_62_64_47,r_32_63_37,0.82,1,38,37,24
65,seq35,r_34_4_145,r_114_37_32,r_114_37_32,0.87,50,82,32,24
42,r_52_19_39,seq17,r_108_18_122,r_108_18_122,1.0,8,130,122,24
52,seq6,r_7_83_156,r_34_4_145,r_7_83_156,0.57,7,163,156,24
9,r_67_48_56,r_68_58_165,seq50,r_67_48_56,0.48,-2,54,56,24
34,r_39_125_73,seq42,r_66_121_8,r_39_125_73,0.95,0,73,73,24
44,r_122_41_54,r_114_37_32,r_13_40_109,r_13_40_109,1.0,0,109,109,24
60,seq23,r_22_140_161,r_106_25_4,r_22_140_161,0.91,1,162,161,24
43,r_46_132_35,r_47_57_144,r_141_134_22,r_46_132_35,1.0,0,35,35,24
42,r_52_19_39,r_53_10_133,seq17,r_52_19_39,0.89,0,39,39,24
16,r_88_65_52,r_92_45_139,r_62_64_47,r_88_65_52,0.97,1,53,52,24
28,r_1_123_85,r_0_96_197,r_66_121_8,r_1_123_85,1.0,0,85,85,24
39,r_143_90_29,r_148_146_169,seq89,r_143_90_29,1.0,4,33,29,24
12,r_113_51_183,seq116,r_67_48_56,r_113_51_183,0.63,0,183,183,24
23,r_108_18_122,r_109_2_10,r_145_16_82,r_109_2_10,0.67,1,11,10,24
23,r_108_18_122,r_145_16_82,r_52_19_39,r_52_19_39,0.88,71,110,39,24
55,seq138,r_24_142_67,r_148_146_169,r_24_142_67,0.35,120,187,67,24
30,r_91_74_89,r_98_143_138,seq75,r_91_74_89,0.98,0,89,89,25
45,r_14_3_41,seq12,r_60_6_21,r_14_3_41,0.71,2,43,41,25
36,r_13_84_182,seq12,r_116_78_158,r_116_78_158,0.56,24,182,158,25
92,seq111,r_110_81_188,r_2_104_78,r_2_104_78,1.0,110,188,78,25
14,r_117_56_152,seq118,seq54,r_117_56_152,0.88,0,152,152,25
8,r_110_81_188,seq111,r_116_78_158,r_116_78_158,0.99,30,188,158,25
43,r_52_77_117,r_53_134_100,r_50_44_5,r_52_77_117,0.47,-22,95,117,25
74,seq59,r_60_6_21,r_66_102_49,r_60_6_21,0.39,5,26,21,25
71,seq136,seq138,r_71_137_83,r_71_137_83,1.0,30,113,83,25
24,r_139_49_16,seq141,r_51_5_119,r_139_49_16,1.0,0,16,16,25
21,r_1_67_147,r_7_147_184,r_113_63_87,r_7_147_184,0.59,-37,147,184,25
97,seq121,r_120_62_172,r_86_122_103,r_86_122_103,0.95,69,172,103,25
5,r_30_88_153,r_29_43_168,r_105_89_90,r_30_88_153,0.83,0,153,153,25
46,r_148_24_162,r_149_36_99,r_53_134_100,r_148_24_162,0.98,-64,98,162,25
42,r_7_147_184,r_1_67_147,r_60_6_21,r_7_147_184,0.74,-37,147,184,25
24,r_139_49_16,r_51_5_119,seq54,r_51_5_119,1.0,2,121,119,25
19,r_149_36_99,r_148_24_162,seq39,r_149_36_99,0.97,2,101,99,25
1,r_19_21_30,seq16,seq20,r_19_21_30,1.0,0,30,30,25
31,r_146_133_185,seq145,r_53_134_100,r_53_134_100,1.0,88,188,100,25
41,r_70_65_114,seq69,r_124_64_69,r_70_65_114,0.95,0,114,114,25
89,seq107,r_106_45_157,seq109,r_106_45_157,1.0,0,157,157,25
3,r_29_43_168,seq26,r_149_36_99,r_149_36_99,0.9,71,170,99,25
27,r_95_68_31,r_94_80_176,seq69,r_95_68_31,0.99,0,31,31,25
26,r_132_41_108,r_146_133_185,seq32,r_132_41_108,0.99,0,108,108,25
0,r_98_143_138,seq112,r_34_99_37,r_34_99_37,1.0,25,62,37,25
43,r_52_77_117,r_50_44_5,seq79,r_52_77_117,0.9,0,117,117,25
11,r_33_22_65,seq32,r_19_21_30,r_33_22_65,0.99,3,68,65,25
20,r_0_15_142,r_1_67_147,seq12,r_0_15_142,0.53,1,143,142,25
13,r_94_80_176,seq93,r_116_78_158,r_116_78_158,0.59,19,177,158,25
46,r_148_24_162,r_53_134_100,seq26,r_148_24_162,0.97,0,162,162,25
15,r_2_104_78,r_0_15_142,seq100,r_2_104_78,0.97,0,78,78,25
48,r_25_61_107,r_29_43_168,r_113_63_87,r_25_61_107,1.0,1,108,107,25
4,r_60_6_21,r_7_147_184,r_87_4_134,r_87_4_134,1.0,50,184,134,25
35,r_48_18_141,r_139_49_16,seq17,r_48_18_141,1.0,0,141,141,25
6,r_106_45_157,seq107,r_50_44_5,r_106_45_157,0.9,0,157,157,25
85,seq96,r_98_143_138,r_34_99_37,r_34_99_37,0.92,102,139,37,25
0,r_98_143_138,r_34_99_37,seq144,r_98_143_138,0.99,1,139,138,25
4,r_60_6_21,seq59,r_7_147_184,r_60_6_21,1.0,2,23,21,25
2,r_116_78_158,seq114,seq79,r_116_78_158,0.54,0,158,158,25
47,r_53_134_100,seq54,seq141,r_53_134_100,1.0,2,102,100,25
23,r_34_99_37,seq37,r_98_143_138,r_34_99_37,1.0,0,37,37,25
40,r_115_35_116,r_116_78_158,r_149_36_99,r_116_78_158,0.97,-42,116,158,25
25,r_27_135_88,seq26,r_71_137_83,r_27_135_88,1.0,2,90,88,25
47,r_53_134_100,seq141,r_146_133_185,r_53_134_100,0.45,86,186,100,25
7,r_97_31_22,r_98_143_138,seq32,r_97_31_22,1.0,1,23,22,25
88,seq103,r_101_92_139,r_66_102_49,r_66_102_49,1.0,40,89,49,25
32,r_105_89_90,r_101_92_139,r_90_38_199,r_105_89_90,1.0,2,92,90,25
38,r_120_62_172,seq121,r_25_61_107,r_120_62_172,0.61,0,172,172,25
34,r_90_38_199,r_87_4_134,r_105_89_90,r_90_38_199,0.96,-65,134,199,25
17,r_47_40_82,r_48_18_141,seq39,r_47_40_82,1.0,0,82,82,25
37,r_51_5_119,r_139_49_16,r_14_3_41,r_51_5_119,1.0,0,119,119,25
28,r_124_64_69,seq59,r_70_65_114,r_70_65_114,1.0,54,168,114,25
28,r_124_64_69,seq121,seq59,r_124_64_69,1.0,0,69,69,25
37,r_51_5_119,r_48_18_141,r_139_49_16,r_139_49_16,0.65,15,31,16,25
49,r_86_122_103,seq75,seq128,r_86_122_103,0.85,0,103,103,25
56,seq12,r_13_84_182,r_0_15_142,r_0_15_142,0.75,40,182,142,25
42,r_7_147_184,r_60_6_21,r_98_143_138,r_7_147_184,0.98,0,184,184,25
44,r_71_137_83,seq72,seq136,r_71_137_83,1.0,1,84,83,25
79,seq75,seq72,r_91_74_89,r_91_74_89,1.0,15,104,89,25
35,r_48_18_141,r_47_40_82,r_139_49_16,r_48_18_141,0.96,-59,82,141,25
16,r_66_102_49,seq59,seq103,r_66_102_49,1.0,0,49,49,25
12,r_87_4_134,r_90_38_199,r_14_3_41,r_87_4_134,0.95,0,134,134,25
23,r_34_99_37,r_98_143_138,seq96,r_98_143_138,0.91,1,139,138,25
30,r_131_12_109,seq134,seq5,r_131_12_109,1.0,1,110,109,26
36,r_102_62_90,seq103,seq61,r_102_62_90,1.0,0,90,90,26
92,seq103,r_102_62_90,r_147_105_8,r_102_62_90,1.0,0,90,90,26
14,r_57_149_125,r_56_132_168,r_97_143_100,r_57_149_125,0.74,1,126,125,26
8,r_56_132_168,r_57_149_125,r_146_65_120,r_56_132_168,0.91,-42,126,168,26
18,r_31_15_17,r_30_99_96,seq22,r_31_15_17,0.95,-1,16,17,26
3,r_72_84_48,r_78_42_141,seq83,r_72_84_48,0.65,-13,35,48,26
37,r_0_120_83,r_3_41_117,seq119,r_0_120_83,1.0,0,83,83,26
22,r_138_141_76,seq139,r_8_142_40,r_8_142_40,1.0,17,57,40,26
55,seq14,r_13_110_102,seq24,r_13_110_102,0.97,-22,80,102,26
86,seq82,r_81_7_183,r_72_84_48,r_72_84_48,0.88,130,178,48,26
16,r_89_133_112,r_88_87_71,seq134,r_89_133_112,0.99,3,115,112,26
39,r_10_115_148,r_11_54_152,seq116,r_10_115_148,0.93,0,148,148,26
1,r_50_121_161,r_48_104_171,r_0_120_83,r_0_120_83,0.76,79,162,83,26
42,r_21_35_137,seq19,seq36,r_21_35_137,0.61,5,142,137,26
19,r_85_46_179,seq83,r_18_51_126,r_85_46_179,0.45,1,180,179,26
95,seq111,r_114_126_188,r_13_110_102,r_13_110_102,1.0,87,189,102,26
31,r_124_67_151,seq125,r_146_65_120,r_124_67_151,0.85,0,151,151,26
41,r_90_108_167,r_88_87_71,r_13_110_102,r_88_87_71,0.73,98,169,71,26
67,seq36,r_37_73_174,r_101_34_75,r_101_34_75,1.0,101,176,75,26
90,seq96,r_95_80_91,seq92,r_95_80_91,1.0,-3,88,91,26
48,r_8_142_40,r_0_120_83,r_138_141_76,r_8_142_40,1.0,0,40,40,26
4,r_47_64_63,seq53,r_107_63_36,r_47_64_63,0.53,3,66,63,26
0,r_37_73_174,seq36,seq74,r_37_73_174,0.34,2,176,174,26
11,r_113_86_178,r_114_126_188,r_72_84_48,r_113_86_178,0.62,2,180,178,26
20,r_112_17_62,r_113_86_178,seq24,r_112_17_62,1.0,1,63,62,26
13,r_114_126_188,r_113_86_178,r_26_123_176,r_114_126_188,0.7,-10,178,188,26
98,seq119,r_122_128_144,r_0_120_83,r_0_120_83,1.0,-3,80,83,26
69,seq39,r_37_73_174,r_91_40_41,r_91_40_41,0.93,9,50,41,26
6,r_122_128_144,seq119,r_1_127_26,r_122_128_144,0.9,0,144,144,26
99,seq125,r_124_67_151,r_0_120_83,r_0_120_83,0.93,68,151,83,26
12,r_77_45_180,seq74,r_18_51_126,r_77_45_180,0.83,0,180,180,26
27,r_13_110_102,seq14,seq109,r_13_110_102,1.0,2,104,102,26
26,r_91_40_41,r_95_80_91,seq39,r_91_40_41,0.99,0,41,41,26
2,r_18_51_126,seq19,seq39,r_18_51_126,0.51,1,127,126,26
40,r_101_34_75,r_94_100_28,seq36,r_101_34_75,0.94,0,75,75,26
24,r_97_143_100,seq98,seq144,r_97_143_100,1.0,0,100,100,26
25,r_146_65_120,seq145,seq66,r_146_65_120,1.0,0,120,120,26
33,r_11_54_152,r_10_115_148,seq52,r_11_54_152,0.62,-4,148,152,26
47,r_1_127_26,r_130_59_165,r_122_128_144,r_1_127_26,0.97,140,166,26,26
21,r_58_135_23,r_57_149_125,seq139,r_58_135_23,0.96,1,24,23,26
32,r_30_99_96,seq29,seq98,r_30_99_96,0.97,0,96,96,26
38,r_78_42_141,r_77_45_180,r_3_41_117,r_3_41_117,0.7,24,141,117,26
28,r_107_63_36,r_113_86_178,seq66,r_107_63_36,1.0,-1,35,36,26
9,r_148_55_53,seq144,r_107_63_36,r_148_55_53,1.0,-2,51,53,26
17,r_9_136_34,r_10_115_148,r_58_135_23,r_9_136_34,0.97,1,35,34,26
77,seq66,seq68,r_107_63_36,r_107_63_36,1.0,0,36,36,26
49,r_26_123_176,seq28,seq125,r_26_123_176,0.51,0,176,176,26
7,r_48_104_171,seq49,r_147_105_8,r_48_104_171,0.87,0,171,171,26
44,r_2_16_111,r_3_41_117,r_112_17_62,r_112_17_62,1.0,49,111,62,26
8,r_56_132_168,r_146_65_120,r_89_133_112,r_56_132_168,0.98,1,169,168,26
47,r_1_127_26,r_0_120_83,r_130_59_165,r_1_127_26,1.0,0,26,26,26
35,r_81_7_183,seq82,seq5,r_81_7_183,0.24,1,184,183,26
12,r_77_45_180,r_78_42_141,seq74,r_78_42_141,0.93,0,141,141,26
84,seq76,r_77_45_180,seq74,r_77_45_180,0.52,0,180,180,26
36,r_130_38_62,seq129,r_63_43_51,r_130_38_62,0.71,0,62,62,27
9,r_106_82_35,r_81_144_116,r_145_84_12,r_81_144_116,1.0,4,120,116,27
16,r_2_9_15,r_3_31_120,r_15_11_84,r_2_9_15,0.71,-1,14,15,27
8,r_68_112_145,seq67,seq111,r_68_112_145,0.98,1,146,145,27
43,r_96_61_66,seq95,seq44,r_96_61_66,1.0,0,66,66,27
19,r_3_31_120,r_77_5_55,seq32,r_3_31_120,0.99,-3,117,120,27
30,r_145_84_12,r_134_86_27,seq83,r_145_84_12,0.96,0,12,12,27
39,r_102_60_137,seq103,seq58,r_102_60_137,0.97,0,137,137,27
1,r_59_140_172,seq58,r_81_144_116,r_59_140_172,0.49,1,173,172,27
97,seq116,r_118_16_158,r_40_115_80,r_40_115_80,1.0,78,158,80,27
5,r_114_66_134,seq116,seq67,r_114_66_134,0.99,2,136,134,27
6,r_74_93_44,r_76_1_164,seq91,r_74_93_44,1.0,0,44,44,27
45,r_117_64_8,r_3_31_120,r_65_131_192,r_117_64_8,0.47,26,34,8,27
36,r_130_38_62,r_63_43_51,r_119_41_86,r_119_41_86,1.0,12,98,86,27
2,r_81_144_116,r_68_112_145,r_106_82_35,r_106_82_35,0.99,0,35,35,27
33,r_0_105_57,r_3_31_120,seq107,r_0_105_57,0.99,0,57,57,27
41,r_133_52_60,r_141_33_166,seq49,r_133_52_60,1.0,0,60,60,27
14,r_134_86_27,r_137_25_79,seq85,r_134_86_27,0.98,-1,26,27,27
3,r_101_143_95,r_102_60_137,r_53_136_75,r_101_143_95,0.95,0,95,95,27
42,r_37_100_54,r_40_115_80,seq98,r_37_100_54,1.0,0,54,54,27
10,r_76_1_164,seq78,r_13_75_114,r_13_75_114,1.0,31,145,114,27
14,r_134_86_27,seq85,r_57_87_93,r_57_87_93,1.0,11,104,93,27
4,r_56_26_69,r_57_87_93,seq24,r_57_87_93,0.91,-23,70,93,27
20,r_23_28_103,seq19,seq29,r_23_28_103,0.51,8,111,103,27
15,r_89_62_127,seq88,r_96_61_66,r_89_62_127,0.9,0,127,127,27
46,r_27_47_74,r_36_4_168,r_127_46_5,r_27_47_74,0.84,-16,58,74,27
13,r_77_5_55,r_3_31_120,r_15_11_84,r_3_31_120,0.47,21,141,120,27
2,r_81_144_116,r_106_82_35,r_101_143_95,r_81_144_116,1.0,4,120,116,27
23,r_48_126_45,seq44,seq128,r_48_126_45,1.0,0,45,45,27
99,seq149,r_148_39_130,seq146,r_148_39_130,0.98,0,130,130,27
9,r_106_82_35,seq107,r_81_144_116,r_106_82_35,0.93,0,35,35,27
24,r_13_75_114,r_76_1_164,seq67,r_76_1_164,1.0,1,165,164,27
13,r_77_5_55,r_79_90_98,r_3_31_120,r_77_5_55,1.0,0,55,55,27
13,r_77_5_55,r_15_11_84,r_36_4_168,r_77_5_55,0.68,104,159,55,27
10,r_76_1_164,r_13_75_114,r_77_5_55,r_13_75_114,0.57,51,165,114,27
24,r_13_75_114,seq14,r_76_1_164,r_13_75_114,0.99,0,114,114,27
25,r_99_30_153,r_101_143_95,r_37_100_54,r_99_30_153,0.66,-84,69,153,27
82,seq85,r_134_86_27,r_57_87_93,r_57_87_93,1.0,3,96,93,27
88,seq103,r_102_60_137,r_37_100_54,r_37_100_54,0.97,47,101,54,27
11,r_124_18_16,r_125_120_42,r_51_17_9,r_124_18_16,0.78,0,16,16,27
32,r_53_136_75,seq54,seq138,r_53_136_75,1.0,0,75,75,27
38,r_73_12_83,r_72_122_196,r_15_11_84,r_73_12_83,1.0,1,84,83,27
26,r_65_131_192,seq24,r_117_64_8,r_117_64_8,0.6,4,12,8,27
34,r_36_4_168,seq35,r_77_5_55,r_77_5_55,1.0,113,168,55,27
48,r_92_97_46,seq91,seq95,r_92_97_46,1.0,3,49,46,27
17,r_141_33_166,seq138,seq34,r_141_33_166,0.67,0,166,166,27
25,r_99_30_153,r_37_100_54,seq32,r_99_30_153,0.99,0,153,153,27
22,r_137_25_79,seq138,r_56_26_69,r_137_25_79,1.0,0,79,79,27
7,r_57_87_93,seq54,r_134_86_27,r_57_87_93,1.0,0,93,93,27
44,r_79_90_98,seq78,seq91,r_79_90_98,0.73,0,98,98,27
31,r_125_120_42,r_124_18_16,seq123,r_124_18_16,0.96,0,16,16,27
35,r_40_115_80,r_63_43_51,seq116,r_40_115_80,1.0,0,80,80,27
19,r_3_31_120,r_0_105_57,r_77_5_55,r_3_31_120,0.9,-63,57,120,27
36,r_127_140_92,r_130_88_184,seq141,r_127_140_92,0.88,2,94,92,28
26,r_148_24_45,r_147_100_115,seq26,r_148_24_45,1.0,0,45,45,28
14,r_143_45_135,r_142_28_149,r_38_44_68,r_38_44_68,0.94,67,135,68,28
43,r_94_70_141,seq90,r_120_68_24,r_120_68_24,0.99,118,142,24,28
81,seq74,r_75_10_48,r_115_72_14,r_75_10_48,0.44,-16,32,48,28
37,r_71_43_157,seq74,r_64_19_190,r_71_43_157,0.82,1,158,157,28
71,seq46,seq50,r_38_44_68,r_38_44_68,0.65,14,82,68,28
16,r_110_112_168,seq109,r_31_113_85,r_31_113_85,1.0,103,188,85,28
21,r_145_132_111,seq141,seq133,r_145_132_111,0.87,0,111,111,28
39,r_18_57_100,seq15,seq58,r_18_57_100,0.78,10,110,100,28
1,r_54_117_144,seq55,seq119,r_54_117_144,0.68,0,144,144,28
46,r_65_83_189,seq66,r_144_73_35,r_65_83_189,0.47,0,189,189,28
8,r_126_111_7,r_143_45_135,seq119,r_143_45_135,0.6,-111,24,135,28
69,seq41,r_37_0_186,r_77_39_138,r_77_39_138,0.99,0,138,138,28
3,r_116_4_70,r_115_72_14,seq103,r_115_72_14,0.94,0,14,14,28
45,r_137_40_142,r_138_134_39,r_77_39_138,r_137_40_142,0.86,0,142,142,28
2,r_144_73_35,r_145_132_111,r_115_72_14,r_144_73_35,0.86,0,35,35,28
24,r_37_0_186,seq41,r_23_7_198,r_23_7_198,0.67,-21,177,198,28
19,r_22_2_56,r_23_7_198,seq5,r_22_2_56,0.71,5,61,56,28
95,seq109,r_110_112_168,r_34_108_65,r_34_108_65,1.0,123,188,65,28
76,seq55,r_54_117_144,seq58,r_54_117_144,0.91,0,144,144,28
31,r_147_100_115,seq141,r_76_146_51,r_76_146_51,0.97,17,68,51,28
41,r_47_81_161,seq48,r_67_80_120,r_47_81_161,0.75,0,161,161,28
67,seq133,r_138_134_39,r_145_132_111,r_145_132_111,0.98,0,111,111,28
3,r_116_4_70,seq103,r_106_3_13,r_116_4_70,0.94,0,70,70,28
5,r_115_72_14,r_116_4_70,r_71_43_157,r_115_72_14,1.0,0,14,14,28
13,r_59_122_108,seq58,seq119,r_59_122_108,1.0,0,108,108,28
15,r_31_113_85,r_29_131_145,r_125_114_72,r_31_113_85,0.96,0,85,85,28
23,r_106_3_13,r_110_112_168,r_22_2_56,r_106_3_13,0.99,0,13,13,28
44,r_125_114_72,r_118_102_173,r_31_113_85,r_31_113_85,1.0,1,86,85,28
85,seq86,r_85_98_134,seq95,r_85_98_134,1.0,0,134,134,28
99,seq124,r_138_134_39,r_145_132_111,r_145_132_111,0.97,-3,108,111,28
42,r_69_62_197,r_75_10_48,r_120_68_24,r_69_62_197,0.98,-173,24,197,28
30,r_76_146_51,r_147_100_115,seq141,r_147_100_115,0.78,2,117,115,28
4,r_105_61_38,r_110_112_168,seq66,r_105_61_38,1.0,1,39,38,28
30,r_76_146_51,seq74,r_147_100_115,r_76_146_51,0.95,0,51,51,28
40,r_51_11_163,seq52,r_75_10_48,r_75_10_48,0.82,123,171,48,28
18,r_38_44_68,r_37_0_186,seq46,r_38_44_68,0.46,0,68,68,28
24,r_37_0_186,r_38_44_68,seq41,r_38_44_68,0.9,2,70,68,28
25,r_77_39_138,r_78_33_90,seq79,r_78_33_90,1.0,1,91,90,28
33,r_107_30_69,r_110_112_168,r_99_32_3,r_107_30_69,1.0,0,69,69,28
32,r_142_28_149,seq141,r_99_32_3,r_142_28_149,0.98,0,149,149,28
34,r_29_131_145,seq26,r_145_132_111,r_29_131_145,0.7,0,145,145,28
17,r_34_108_65,seq25,seq109,r_34_108_65,1.0,0,65,65,28
25,r_77_39_138,seq79,seq41,r_77_39_138,1.0,0,138,138,28
31,r_147_100_115,r_76_146_51,r_85_98_134,r_85_98_134,0.54,0,134,134,28
29,r_120_68_24,r_69_62_197,r_94_70_141,r_94_70_141,0.92,9,150,141,28
22,r_56_97_131,seq58,r_147_100_115,r_56_97_131,0.88,0,131,131,28
28,r_78_33_90,r_77_39_138,seq26,r_78_33_90,0.98,1,91,90,28
29,r_120_68_24,seq119,r_69_62_197,r_120_68_24,1.0,0,24,24,28
7,r_99_32_3,r_31_113_85,r_107_30_69,r_99_32_3,0.99,82,85,3,28
44,r_125_114_72,r_138_134_39,r_118_102_173,r_125_114_72,0.29,2,74,72,28
82,seq79,seq90,r_67_80_120,r_67_80_120,0.7,3,123,120,28
47,r_123_20_43,seq119,r_23_7_198,r_123_20_43,1.0,0,43,43,28
12,r_85_98_134,seq86,r_147_100_115,r_85_98_134,0.88,0,134,134,28
6,r_75_10_48,seq74,r_22_2_56,r_75_10_48,0.99,0,48,48,28
5,r_115_72_14,r_71_43_157,r_144_73_35,r_115_72_14,0.99,45,59,14,28
14,r_9_136_152,r_8_16_110,seq6,r_8_16_110,0.97,3,113,110,29
43,r_126_31_72,seq129,seq35,r_126_31_72,1.0,0,72,72,29
54,seq138,r_133_131_121,r_143_91_164,r_133_131_121,0.86,-2,119,121,29
14,r_9_136_152,seq6,seq138,r_9_136_152,1.0,0,152,152,29
37,r_58_73_149,r_57_36_171,r_134_72_32,r_134_72_32,0.83,117,149,32,29
7,r_3_105_59,r_5_109_41,r_149_2_3,r_5_109_41,0.96,1,42,41,29
16,r_112_18_75,seq113,r_142_15_26,r_112_18_75,1.0,0,75,75,29
39,r_24_103_102,seq26,seq104,r_24_103_102,1.0,-1,101,102,29
5,r_63_120_155,seq64,r_139_128_4,r_63_120_155,0.9,1,156,155,29
29,r_134_72_32,r_135_95_118,r_78_76_45,r_78_76_45,0.78,-13,32,45,29
46,r_41_0_125,seq42,r_149_2_3,r_41_0_125,1.0,0,125,125,29
42,r_137_29_106,r_133_131_121,seq27,r_137_29_106,0.82,0,106,106,29
4,r_56_51_56,r_57_36_171,seq52,r_56_51_56,0.63,3,59,56,29
58,seq14,r_17_74_48,r_142_15_26,r_142_15_26,0.85,1,27,26,29
8,r_100_144_19,seq104,seq146,r_100_144_19,1.0,-1,18,19,29
66,seq35,r_34_108_184,r_57_36_171,r_57_36_171,0.59,13,184,171,29
36,r_70_4_49,r_75_148_98,r_149_2_3,r_70_4_49,1.0,4,53,49,29
10,r_135_95_118,r_133_131_121,r_32_98_27,r_135_95_118,0.98,1,119,118,29
26,r_118_46_165,seq114,r_10_119_89,r_10_119_89,1.0,10,99,89,29
72,seq47,r_41_0_125,r_54_48_23,r_41_0_125,0.73,-62,63,125,29
20,r_10_119_89,r_9_136_152,r_118_46_165,r_118_46_165,0.8,-76,89,165,29
13,r_49_116_70,seq52,seq115,r_49_116_70,1.0,1,71,70,29
15,r_133_131_121,r_135_95_118,r_92_132_25,r_133_131_121,0.96,0,121,121,29
57,seq141,r_143_91_164,r_79_140_40,r_79_140_40,0.95,116,156,40,29
0,r_142_15_26,r_143_91_164,seq14,r_142_15_26,1.0,0,26,26,29
85,seq87,r_88_37_115,r_110_90_46,r_110_90_46,1.0,73,119,46,29
3,r_145_13_50,seq146,seq12,r_145_13_50,1.0,0,50,50,29
33,r_101_81_17,seq102,seq80,r_101_81_17,1.0,0,17,17,29
56,seq12,seq26,r_145_13_50,r_145_13_50,1.0,0,50,50,29
27,r_34_108_184,seq35,r_49_116_70,r_49_116_70,0.82,114,184,70,29
7,r_3_105_59,r_149_2_3,seq106,r_3_105_59,0.94,0,59,59,29
47,r_40_22_140,seq47,seq23,r_40_22_140,0.46,1,141,140,29
40,r_88_37_115,seq87,seq35,r_88_37_115,0.74,0,115,115,29
24,r_7_62_47,r_8_16_110,seq64,r_7_62_47,1.0,3,50,47,29
25,r_86_125_61,seq80,seq122,r_86_125_61,1.0,0,61,61,29
20,r_10_119_89,r_118_46_165,r_49_116_70,r_118_46_165,1.0,-1,164,165,29
68,seq42,r_41_0_125,r_54_48_23,r_41_0_125,0.82,0,125,125,29
21,r_54_48_23,seq50,seq47,r_54_48_23,0.72,1,24,23,29
32,r_30_147_91,r_34_108_184,seq146,r_30_147_91,0.93,0,91,91,29
38,r_59_127_63,r_58_73_149,r_92_132_25,r_59_127_63,0.87,0,63,63,29
44,r_17_74_48,seq14,r_134_72_32,r_134_72_32,0.84,17,49,32,29
16,r_112_18_75,r_142_15_26,r_8_16_110,r_8_16_110,0.98,1,111,110,29
17,r_57_36_171,r_58_73_149,r_126_31_72,r_126_31_72,0.96,95,167,72,29
26,r_118_46_165,r_10_119_89,seq43,r_118_46_165,1.0,0,165,165,29
12,r_92_132_25,seq93,seq130,r_92_132_25,1.0,0,25,25,29
22,r_8_16_110,r_9_136_152,r_112_18_75,r_8_16_110,0.67,1,111,110,29
35,r_32_98_27,r_33_111_133,seq99,r_32_98_27,0.82,1,28,27,29
49,r_39_28_132,seq38,r_137_29_106,r_137_29_106,0.46,28,134,106,29
23,r_33_111_133,r_34_108_184,r_5_109_41,r_33_111_133,0.83,-1,132,133,29
1,r_79_140_40,r_78_76_45,seq141,r_79_140_40,1.0,0,40,40,29
84,seq84,r_82_60_166,r_78_76_45,r_82_60_166,0.52,0,166,166,29
8,r_33_135_160,seq35,r_15_134_107,r_33_135_160,0.63,1,161,160,30
43,r_34_10_66,seq35,seq8,r_34_10_66,1.0,0,66,66,30
69,seq45,seq44,r_137_46_43,r_137_46_43,1.0,0,43,43,30
16,r_13_83_176,seq12,r_25_82_13,r_13_83_176,0.62,0,176,176,30
21,r_62_43_61,r_52_60_175,seq42,r_62_43_61,1.0,0,61,61,30
39,r_71_127_69,seq70,r_125_78_146,r_71_127_69,1.0,0,69,69,30
1,r_24_146_99,seq22,r_147_143_190,r_24_146_99,1.0,0,99,99,30
46,r_6_115_98,r_7_41_194,seq116,r_6_115_98,1.0,0,98,98,30
5,r_53_101_24,r_52_60_175,seq100,r_53_101_24,0.99,1,25,24,30
76,seq70,r_71_127_69,r_106_96_16,r_71_127_69,0.74,8,77,69,30
37,r_47_17_29,r_51_50_192,seq18,r_47_17_29,1.0,0,29,29,30
39,r_71_127_69,r_125_78_146,r_103_126_138,r_71_127_69,0.98,78,147,69,30
31,r_119_65_157,seq120,r_132_66_147,r_119_65_157,0.7,1,158,157,30
15,r_72_63_122,r_52_60_175,r_136_64_169,r_72_63_122,0.47,54,176,122,30
27,r_137_46_43,r_136_64_169,seq45,r_137_46_43,1.0,0,43,43,30
26,r_0_54_141,r_4_21_93,r_27_1_87,r_0_54_141,0.98,-53,88,141,30
14,r_113_130_32,r_129_98_162,r_108_128_46,r_113_130_32,0.69,133,165,32,30
36,r_86_105_12,r_72_63_122,seq104,r_86_105_12,0.98,0,12,12,30
4,r_85_149_90,seq84,seq148,r_85_149_90,1.0,0,90,90,30
0,r_19_99_105,seq20,r_53_101_24,r_19_99_105,1.0,0,105,105,30
63,seq35,r_33_135_160,seq38,r_33_135_160,0.96,1,161,160,30
11,r_27_1_87,seq28,r_0_54_141,r_27_1_87,0.94,0,87,87,30
22,r_132_66_147,r_125_78_146,r_119_65_157,r_132_66_147,0.61,14,161,147,30
13,r_15_134_107,r_13_83_176,seq138,r_15_134_107,1.0,0,107,107,30
25,r_131_118_59,r_132_66_147,r_69_121_17,r_131_118_59,1.0,0,59,59,30
98,seq148,r_147_143_190,r_85_149_90,r_85_149_90,1.0,7,97,90,30
26,r_0_54_141,r_27_1_87,seq55,r_0_54_141,0.88,1,142,141,30
15,r_72_63_122,seq74,r_52_60_175,r_72_63_122,0.66,7,129,122,30
6,r_4_21_93,r_0_54_141,seq22,r_0_54_141,0.8,-48,93,141,30
99,seq123,r_147_143_190,r_75_122_57,r_75_122_57,1.0,0,57,57,30
3,r_75_122_57,seq76,seq123,r_75_122_57,1.0,0,57,57,30
42,r_69_121_17,r_71_127_69,seq116,r_69_121_17,0.95,0,17,17,30
9,r_25_82_13,r_27_1_87,seq80,r_25_82_13,0.97,0,13,13,30
2,r_92_11_67,seq90,r_34_10_66,r_92_11_67,1.0,0,67,67,30
40,r_103_126_138,seq100,r_71_127_69,r_103_126_138,0.95,0,138,138,30
11,r_27_1_87,r_0_54_141,r_124_2_94,r_0_54_141,0.99,-2,139,141,30
18,r_37_89_127,seq38,seq88,r_37_89_127,0.86,0,127,127,30
23,r_106_96_16,r_108_128_46,seq95,r_106_96_16,0.98,1,17,16,30
24,r_5_23_72,r_15_134_107,seq22,r_5_23_72,0.99,0,72,72,30
87,seq95,r_93_26_113,r_106_96_16,r_106_96_16,0.57,1,17,16,30
34,r_93_26_113,seq84,seq28,r_93_26_113,1.0,1,114,113,30
35,r_125_78_146,r_71_127_69,seq77,r_125_78_146,0.68,1,147,146,30
33,r_133_31_142,r_132_66_147,seq30,r_133_31_142,0.9,0,142,142,30
47,r_129_98_162,r_113_130_32,r_19_99_105,r_19_99_105,0.61,60,165,105,30
47,r_129_98_162,r_132_66_147,r_113_130_32,r_113_130_32,0.81,-1,31,32,30
32,r_52_60_175,seq55,seq57,r_52_60_175,0.37,-2,173,175,30
44,r_36_3_82,r_4_21_93,r_124_2_94,r_36_3_82,0.84,12,94,82,30
38,r_136_64_169,seq138,r_72_63_122,r_136_64_169,0.66,0,169,169,30
60,seq28,r_27_1_87,r_51_50_192,r_27_1_87,0.59,0,87,87,30
17,r_141_117_96,r_147_143_190,seq114,r_141_117_96,0.99,1,97,96,30
14,r_113_130_32,seq114,r_129_98_162,r_113_130_32,0.99,-1,31,32,30
96,seq116,seq120,r_6_115_98,r_6_115_98,1.0,86,184,98,30
41,r_87_94_55,seq88,r_106_96_16,r_106_96_16,0.99,35,51,16,30
22,r_132_66_147,r_133_31_142,r_125_78_146,r_133_31_142,0.54,0,142,142,30
28,r_124_2_94,r_125_78_146,r_36_3_82,r_124_2_94,0.49,0,94,94,30
49,r_61_79_139,seq57,r_25_82_13,r_61_79_139,0.63,1,140,139,30
44,r_36_3_82,r_37_89_127,r_4_21_93,r_4_21_93,0.95,-10,83,93,30
35,r_125_78_146,r_124_2_94,r_71_127_69,r_125_78_146,1.0,-73,73,146,30
36,r_28_141_111,r_27_60_170,seq140,r_28_141_111,1.0,0,111,111,31
14,r_27_60_170,r_28_141_111,r_25_114_198,r_28_141_111,0.95,0,111,111,31
8,r_92_101_97,seq87,seq100,r_92_101_97,1.0,0,97,97,31
43,r_15_127_120,r_16_137_123,r_22_126_90,r_22_126_90,0.8,30,120,90,31
31,r_122_29_15,r_123_113_73,r_30_17_125,r_122_29_15,0.81,0,15,15,31
39,r_91_57_65,r_92_101_97,seq56,r_92_101_97,0.55,-29,68,97,31
48,r_19_142_60,r_123_113_73,r_102_133_114,r_123_113_73,0.74,44,117,73,31
1,r_22_126_90,seq21,seq128,r_22_126_90,1.0,2,92,90,31
4,r_50_132_40,seq49,r_123_113_73,r_50_132_40,1.0,0,40,40,31
5,r_93_115_155,seq94,r_123_113_73,r_93_115_155,0.59,0,155,155,31
80,seq71,seq76,r_48_72_138,r_48_72_138,0.96,-8,130,138,31
21,r_20_84_35,r_19_142_60,r_85_81_197,r_20_84_35,0.82,1,36,35,31
45,r_32_10_62,seq33,seq9,r_32_10_62,0.98,5,67,62,31
19,r_102_133_114,seq100,r_50_132_40,r_50_132_40,0.94,89,129,40,31
70,seq45,r_46_105_195,r_135_44_53,r_135_44_53,1.0,0,53,53,31
23,r_26_40_51,r_25_114_198,seq39,r_26_40_51,1.0,0,51,51,31
66,seq33,seq39,r_58_34_115,r_58_34_115,0.98,6,121,115,31
41,r_149_118_134,r_148_2_180,r_52_119_117,r_149_118_134,0.66,0,134,134,31
3,r_67_55_61,seq70,seq56,r_67_55_61,0.99,0,61,61,31
90,seq100,r_102_133_114,r_92_101_97,r_92_101_97,1.0,30,127,97,31
35,r_135_44_53,seq134,seq45,r_135_44_53,1.0,0,53,53,31
32,r_66_6_39,seq70,r_5_121_199,r_66_6_39,1.0,2,41,39,31
0,r_123_113_73,seq125,r_69_116_69,r_69_116_69,1.0,4,73,69,31
11,r_88_111_188,r_35_90_1,r_11_112_157,r_11_112_157,0.51,31,188,157,31
13,r_83_31_139,r_85_81_197,r_122_29_15,r_83_31_139,0.8,0,139,139,31
15,r_16_137_123,seq14,seq140,r_16_137_123,1.0,0,123,123,31
48,r_19_142_60,seq18,r_123_113_73,r_19_142_60,1.0,1,61,60,31
4,r_50_132_40,r_123_113_73,r_102_133_114,r_102_133_114,0.83,1,115,114,31
31,r_122_29_15,r_58_34_115,r_83_31_139,r_83_31_139,0.85,6,145,139,31
6,r_99_79_113,seq104,r_20_84_35,r_99_79_113,1.0,0,113,113,31
62,seq147,r_148_2_180,seq146,r_148_2_180,0.85,0,180,180,31
52,seq134,r_135_44_53,seq128,r_135_44_53,1.0,0,53,53,31
27,r_53_80_136,r_48_72_138,r_99_79_113,r_99_79_113,0.99,23,136,113,31
79,seq70,seq75,r_110_68_163,r_110_68_163,0.89,9,172,163,31
10,r_41_8_57,r_42_38_179,r_66_6_39,r_41_8_57,1.0,2,59,57,31
2,r_48_72_138,r_53_80_136,seq71,r_48_72_138,0.61,-2,136,138,31
40,r_130_0_146,seq128,r_41_8_57,r_130_0_146,0.74,0,146,146,31
29,r_58_34_115,seq56,seq33,r_58_34_115,0.97,0,115,115,31
34,r_25_114_198,r_27_60_170,r_32_10_62,r_25_114_198,0.63,-28,170,198,31
25,r_110_68_163,seq117,seq70,r_110_68_163,0.75,0,163,163,31
34,r_25_114_198,r_26_40_51,r_27_60_170,r_26_40_51,0.91,0,51,51,31
33,r_69_116_69,seq70,r_123_113_73,r_69_116_69,1.0,0,69,69,31
88,seq94,r_93_115_155,r_35_90_1,r_93_115_155,0.97,0,155,155,31
14,r_27_60_170,r_25_114_198,r_67_55_61,r_27_60_170,0.9,0,170,170,31
38,r_1_77_167,seq7,seq75,r_1_77_167,0.57,-7,160,167,31
77,seq62,seq59,r_129_63_29,r_129_63_29,1.0,64,93,29,31
17,r_52_119_117,r_53_80_136,r_69_116_69,r_53_80_136,0.61,-19,117,136,31
18,r_30_17_125,r_41_8_57,r_122_29_15,r_122_29_15,0.66,6,21,15,31
9,r_129_63_29,r_123_113_73,seq62,r_129_63_29,1.0,0,29,29,31
31,r_122_29_15,r_30_17_125,r_58_34_115,r_122_29_15,0.66,110,125,15,31
22,r_47_43_127,r_48_72_138,r_42_38_179,r_47_43_127,0.72,0,127,127,31
28,r_131_144_91,r_130_0_146,r_97_145_8,r_130_0_146,0.75,-60,86,146,31
7,r_65_108_95,seq70,r_123_113_73,r_65_108_95,0.98,0,95,95,31
18,r_30_17_125,r_122_29_15,seq18,r_30_17_125,0.59,0,125,125,31
44,r_148_2_180,seq147,r_41_8_57,r_148_2_180,0.6,0,180,180,31
79,seq70,r_65_108_95,seq75,r_65_108_95,0.94,-31,64,95,31
44,r_129_28_69,r_29_74_155,r_50_31_44,r_29_74_155,0.83,4,159,155,32
36,r_93_37_85,seq94,seq39,r_93_37_85,0.82,0,85,85,32
37,r_140_23_170,r_139_0_194,r_85_142_28,r_85_142_28,0.82,0,28,28,32
86,seq94,r_93_37_85,r_99_97_167,r_93_37_85,0.99,0,85,85,32
21,r_133_143_187,r_104_134_30,r_85_142_28,r_85_142_28,0.59,162,190,28,32
39,r_90_119_172,r_99_97_167,r_62_88_113,r_62_88_113,0.83,10,123,113,32
1,r_122_35_120,seq123,seq34,r_122_35_120,0.88,0,120,120,32
42,r_29_74_155,r_33_7_177,r_129_28_69,r_129_28_69,1.0,0,69,69,32
80,seq80,r_73_77_79,r_52_82_131,r_52_82_131,0.82,-2,129,131,32
31,r_40_55_62,r_41_127_86,seq56,r_40_55_62,1.0,0,62,62,32
41,r_107_109_105,seq108,r_126_110_75,r_126_110_75,0.79,-4,71,75,32
10,r_118_9_186,r_117_46_133,r_141_116_11,r_118_9_186,0.67,-52,134,186,32
19,r_145_10_24,r_144_149_160,seq11,r_145_10_24,0.95,0,24,24,32
16,r_139_0_194,r_140_23_170,r_19_138_37,r_19_138_37,1.0,-1,36,37,32
5,r_85_142_28,seq83,r_140_23_170,r_85_142_28,0.51,2,30,28,32
26,r_58_106_77,seq56,seq108,r_58_106_77,1.0,-2,75,77,32
0,r_137_72_83,r_18_136_4,seq83,r_137_72_83,0.69,2,85,83,32
11,r_52_82_131,seq51,seq83,r_52_82_131,0.37,-8,123,131,32
20,r_36_60_146,seq38,r_48_61_40,r_36_60_146,0.77,0,146,146,32
15,r_19_138_37,r_20_47_193,r_139_0_194,r_19_138_37,1.0,0,37,37,32
6,r_68_102_179,seq59,r_113_66_81,r_113_66_81,1.0,6,87,81,32
49,r_92_26_47,seq89,seq25,r_92_26_47,1.0,0,47,47,32
3,r_104_134_30,r_133_143_187,r_54_135_78,r_54_135_78,0.77,3,81,78,32
5,r_85_142_28,r_140_23_170,r_19_138_37,r_140_23_170,0.78,1,171,170,32
27,r_113_66_81,r_112_65_184,r_69_67_125,r_113_66_81,0.95,2,83,81,32
38,r_50_31_44,r_44_75_46,seq27,r_50_31_44,1.0,0,44,44,32
64,seq25,r_33_7_177,r_15_24_22,r_15_24_22,0.99,2,24,22,32
47,r_117_46_133,r_118_9_186,r_30_45_66,r_117_46_133,0.85,1,134,133,32
40,r_30_45_66,r_33_7_177,seq49,r_30_45_66,0.98,0,66,66,32
18,r_126_110_75,r_122_35_120,r_107_109_105,r_122_35_120,0.53,-41,79,120,32
29,r_41_127_86,seq38,seq123,r_41_127_86,0.95,0,86,86,32
46,r_48_61_40,r_44_75_46,seq63,r_48_61_40,0.9,-7,33,40,32
25,r_115_111_196,r_107_109_105,r_141_116_11,r_115_111_196,0.26,-97,99,196,32
3,r_104_134_30,seq103,r_133_143_187,r_104_134_30,0.45,-1,29,30,32
6,r_68_102_179,r_113_66_81,seq101,r_68_102_179,0.45,0,179,179,32
65,seq27,r_33_7_177,r_129_28_69,r_129_28_69,0.9,0,69,69,32
42,r_29_74_155,r_129_28_69,r_44_75_46,r_29_74_155,0.86,4,159,155,32
32,r_54_135_78,r_78_71_18,r_104_134_30,r_54_135_78,0.99,0,78,78,32
34,r_32_81_145,r_33_7_177,r_52_82_131,r_32_81_145,0.61,1,146,145,32
17,r_112_65_184,r_113_66_81,r_126_110_75,r_113_66_81,0.67,-10,71,81,32
94,seq108,r_107_109_105,r_58_106_77,r_58_106_77,1.0,30,107,77,32
9,r_43_16_102,seq49,seq17,r_43_16_102,0.98,1,103,102,32
37,r_140_23_170,r_85_142_28,r_92_26_47,r_85_142_28,0.71,143,171,28,32
28,r_114_1_108,r_112_65_184,r_139_0_194,r_112_65_184,0.83,-74,110,184,32
64,seq25,r_15_24_22,r_92_26_47,r_92_26_47,0.9,21,68,47,32
7,r_69_67_125,seq70,r_113_66_81,r_113_66_81,0.96,48,129,81,32
44,r_129_28_69,seq130,r_29_74_155,r_129_28_69,0.97,5,74,69,32
10,r_118_9_186,r_141_116_11,r_145_10_24,r_118_9_186,0.9,0,186,186,32
17,r_112_65_184,r_126_110_75,r_69_67_125,r_126_110_75,0.57,110,185,75,32
35,r_62_88_113,seq63,seq89,r_62_88_113,0.66,2,115,113,32
12,r_128_8_63,r_122_35_120,r_145_10_24,r_128_8_63,0.95,1,64,63,32
33,r_15_24_22,seq13,seq25,r_15_24_22,1.0,0,22,22,32
84,seq89,r_99_97_167,r_62_88_113,r_62_88_113,0.87,10,123,113,32
2,r_44_75_46,r_43_16_102,seq76,r_43_16_102,0.97,-57,45,102,32
93,seq106,r_107_122_162,r_100_108_100,r_100_108_100,0.44,-7,93,100,33
91,seq97,r_99_111_49,r_59_98_52,r_59_98_52,0.94,-2,50,52,33
30,r_91_56_123,seq78,seq57,r_91_56_123,0.96,0,123,123,33
47,r_53_132_37,seq52,r_131_4_155,r_53_132_37,0.97,0,37,37,33
16,r_82_94_11,r_76_38_152,seq97,r_82_94_11,0.69,5,16,11,33
36,r_6_95_81,r_7_86_110,r_59_98_52,r_7_86_110,0.78,-29,81,110,33
12,r_33_43_51,r_30_117_151,r_133_42_4,r_33_43_51,0.6,-5,46,51,33
27,r_3_1_39,r_8_32_29,r_60_0_22,r_3_1_39,0.36,-19,20,39,33
92,seq104,r_102_115_179,r_49_103_147,r_49_103_147,1.0,33,180,147,33
8,r_76_38_152,r_75_125_150,seq40,r_76_38_152,0.56,0,152,152,33
58,seq19,seq14,r_139_21_154,r_139_21_154,1.0,8,162,154,33
37,r_55_5_63,seq57,r_146_11_32,r_55_5_63,0.88,1,64,63,33
55,seq14,r_7_86_110,r_61_15_82,r_7_86_110,0.95,-26,84,110,33
21,r_140_90_86,r_139_21_154,seq81,r_140_90_86,1.0,0,86,86,33
69,seq45,r_44_67_190,r_61_15_82,r_61_15_82,0.77,108,190,82,33
45,r_75_125_150,r_76_38_152,r_22_126_25,r_75_125_150,0.88,2,152,150,33
22,r_107_122_162,seq116,r_31_112_34,r_31_112_34,1.0,2,36,34,33
19,r_41_130_138,r_133_42_4,seq134,r_41_130_138,0.84,0,138,138,33
1,r_31_112_34,r_33_43_51,seq106,r_31_112_34,0.85,0,34,34,33
43,r_46_71_20,r_47_63_109,seq72,r_46_71_20,0.99,0,20,20,33
13,r_39_101_54,seq40,seq104,r_39_101_54,1.0,0,54,54,33
41,r_44_67_190,seq45,seq66,r_44_67_190,0.34,0,190,190,33
89,seq92,r_107_122_162,r_100_108_100,r_100_108_100,0.42,-13,87,100,33
10,r_131_4_155,r_129_18_158,r_23_2_146,r_129_18_158,0.5,-3,155,158,33
90,seq93,r_105_26_112,r_82_94_11,r_105_26_112,0.89,-34,78,112,33
26,r_139_21_154,seq138,seq19,r_139_21_154,0.94,0,154,154,33
71,seq52,r_61_15_82,r_91_56_123,r_91_56_123,0.98,20,143,123,33
71,seq52,r_53_132_37,r_17_119_196,r_53_132_37,0.68,-3,34,37,33
4,r_17_119_196,seq14,r_129_18_158,r_129_18_158,0.56,4,162,158,33
0,r_23_2_146,seq24,r_3_1_39,r_23_2_146,0.68,5,151,146,33
5,r_135_127_35,seq134,r_22_126_25,r_135_127_35,0.64,0,35,35,33
63,seq27,r_23_2_146,r_105_26_112,r_105_26_112,0.96,33,145,112,33
15,r_7_86_110,r_6_95_81,r_55_5_63,r_6_95_81,0.99,-16,65,81,33
54,seq13,r_8_32_29,r_146_11_32,r_146_11_32,0.6,0,32,32,33
6,r_47_63_109,r_50_110_116,seq64,r_47_63_109,0.96,0,109,109,33
34,r_133_42_4,r_41_130_138,r_33_43_51,r_41_130_138,0.87,-79,59,138,33
42,r_60_0_22,r_59_98_52,r_3_1_39,r_59_98_52,0.99,-28,24,52,33
40,r_129_18_158,r_41_130_138,r_61_15_82,r_129_18_158,0.52,1,159,158,33
22,r_107_122_162,r_31_112_34,r_113_123_9,r_107_122_162,0.58,-3,159,162,33
2,r_29_12_91,r_30_117_151,r_146_11_32,r_29_12_91,0.98,5,96,91,33
40,r_129_18_158,r_131_4_155,r_41_130_138,r_129_18_158,0.24,-16,142,158,33
18,r_49_103_147,seq51,seq104,r_49_103_147,0.77,0,147,147,33
15,r_7_86_110,r_55_5_63,r_9_87_94,r_7_86_110,0.94,0,110,110,33
25,r_48_96_106,r_50_110_116,r_6_95_81,r_50_110_116,0.92,-10,106,116,33
33,r_28_88_80,r_29_12_91,seq84,r_28_88_80,1.0,0,80,80,33
47,r_53_132_37,r_131_4_155,seq134,r_131_4_155,0.94,0,155,155,33
20,r_146_11_32,r_145_147_182,seq13,r_146_11_32,0.9,0,32,32,33
70,seq51,r_50_110_116,seq27,r_50_110_116,1.0,0,116,116,33
39,r_145_147_182,r_146_11_32,seq149,r_146_11_32,1.0,-2,30,32,33
32,r_61_15_82,seq62,seq14,r_61_15_82,0.68,0,82,82,33
38,r_89_141_134,seq78,seq138,r_89_141_134,0.85,1,135,134,33
29,r_59_98_52,seq58,seq97,r_59_98_52,1.0,0,52,52,33
1,r_31_112_34,seq106,r_99_111_49,r_31_112_34,0.8,16,50,34,33
68,seq40,r_39_101_54,seq36,r_39_101_54,0.99,-8,46,54,33
48,r_99_111_49,seq97,r_31_112_34,r_99_111_49,0.81,1,50,49,33
7,r_8_32_29,r_7_86_110,seq34,r_7_86_110,0.83,-80,30,110,33
17,r_100_108_100,r_105_26_112,r_31_112_34,r_100_108_100,0.7,0,100,100,33
28,r_128_74_73,seq124,r_73_85_187,r_128_74_73,1.0,1,74,73,33
99,seq124,r_128_74_73,r_22_126_25,r_22_126_25,0.96,1,26,25,33
49,r_30_117_151,seq34,seq116,r_30_117_151,0.93,0,151,151,33
44,r_68_16_188,seq70,r_61_15_82,r_68_16_188,0.54,0,188,188,33
3,r_22_126_25,r_23_2_146,seq124,r_22_126_25,1.0,0,25,25,33
35,r_105_26_112,seq104,seq27,r_105_26_112,0.92,0,112,112,33
58,seq19,r_20_109_40,seq14,r_20_109_40,1.0,-2,38,40,33
30,r_129_85_147,seq128,r_149_84_100,r_149_84_100,0.95,47,147,100,34
36,r_141_75_199,r_142_93_168,r_23_139_158,r_23_139_158,0.75,12,170,158,34
92,seq108,r_107_109_122,seq106,r_107_109_122,1.0,0,122,122,34
20,r_51_80_41,r_52_113_80,seq79,r_51_80_41,0.97,0,41,41,34
14,r_104_37_130,seq105,r_45_39_24,r_104_37_130,1.0,1,131,130,34
81,seq79,seq83,r_51_80_41,r_51_80_41,0.99,14,55,41,34
83,seq87,seq83,r_149_84_100,r_149_84_100,1.0,9,109,100,34
37,r_144_27_156,seq145,r_48_25_98,r_144_27_156,0.63,0,156,156,34
16,r_36_63_152,r_35_11_185,seq64,r_36_63_152,0.92,0,152,152,34
21,r_66_130_170,r_65_67_172,r_16_137_153,r_66_130_170,0.51,2,172,170,34
39,r_116_86_97,seq117,seq87,r_116_86_97,0.86,0,97,97,34
5,r_10_56_114,r_9_20_124,seq55,r_10_56_114,1.0,1,115,114,34
46,r_28_114_135,seq24,r_52_113_80,r_28_114_135,0.99,0,135,135,34
32,r_40_122_78,r_123_47_162,seq128,r_123_47_162,1.0,0,162,162,34
19,r_9_20_124,seq8,seq19,r_9_20_124,0.34,9,133,124,34
41,r_127_6_101,r_129_85_147,seq7,r_127_6_101,1.0,0,101,101,34
89,seq103,r_102_12_137,seq105,r_102_12_137,1.0,0,137,137,34
90,seq105,r_104_37_130,seq103,r_104_37_130,0.99,1,131,130,34
4,r_142_93_168,r_141_75_199,seq94,r_142_93_168,0.82,2,170,168,34
78,seq64,r_66_130_170,r_36_63_152,r_36_63_152,0.72,4,156,152,34
0,r_119_72_118,seq118,r_126_71_136,r_119_72_118,0.78,16,134,118,34
7,r_110_30_117,seq1,seq32,r_110_30_117,0.4,28,145,117,34
11,r_65_67_172,r_66_130_170,r_101_68_69,r_101_68_69,1.0,58,127,69,34
31,r_29_146_28,r_41_90_75,seq145,r_29_146_28,1.0,0,28,28,34
13,r_48_25_98,seq50,seq24,r_48_25_98,1.0,0,98,98,34
33,r_70_59_39,seq73,seq58,r_70_59_39,1.0,0,39,39,34
48,r_123_47_162,r_124_38_157,r_40_122_78,r_40_122_78,1.0,16,94,78,34
57,seq13,seq17,r_102_12_137,r_102_12_137,1.0,45,182,137,34
27,r_102_12_137,seq103,seq13,r_102_12_137,0.86,0,137,137,34
67,seq145,r_142_93_168,r_29_146_28,r_29_146_28,1.0,1,29,28,34
40,r_76_3_146,seq77,seq4,r_76_3_146,0.98,0,146,146,34
24,r_101_68_69,seq100,r_65_67_172,r_101_68_69,1.0,0,69,69,34
25,r_107_109_122,seq108,seq111,r_107_109_122,0.88,0,122,122,34
6,r_88_91_188,seq87,seq111,r_88_91_188,0.54,-76,112,188,34
48,r_123_47_162,r_40_122_78,seq32,r_123_47_162,1.0,0,162,162,34
50,seq128,r_129_85_147,seq125,r_129_85_147,0.87,0,147,147,34
58,seq143,r_141_75_199,seq131,r_141_75_199,0.7,-64,135,199,34
32,r_40_122_78,seq42,r_123_47_162,r_40_122_78,1.0,0,78,78,34
38,r_52_113_80,seq50,seq112,r_52_113_80,0.98,-1,79,80,34
47,r_2_138_27,r_5_61_46,r_141_75_199,r_2_138_27,1.0,0,27,27,34
34,r_92_69_166,seq94,r_101_68_69,r_101_68_69,1.0,100,169,69,34
94,seq112,r_115_53_182,r_52_113_80,r_52_113_80,1.0,15,95,80,34
9,r_134_97_163,seq133,seq94,r_134_97_163,0.94,0,163,163,34
96,seq118,r_119_72_118,r_52_113_80,r_52_113_80,0.92,38,118,80,34
10,r_147_98_50,r_149_84_100,seq99,r_147_98_50,0.98,1,51,50,34
28,r_41_90_75,r_40_122_78,seq94,r_41_90_75,0.87,0,75,75,34
49,r_14_82_74,r_16_137_153,seq83,r_14_82_74,1.0,0,74,74,34
7,r_110_30_117,seq111,seq1,r_110_30_117,0.5,0,117,117,34
8,r_5_61_46,seq1,seq54,r_5_61_46,1.0,0,46,46,34
44,r_126_71_136,r_129_85_147,r_119_72_118,r_126_71_136,0.66,2,138,136,34
23,r_140_33_62,r_142_93_168,seq32,r_140_33_62,1.0,0,62,62,34
82,seq83,seq87,r_14_82_74,r_14_82_74,1.0,35,109,74,34
35,r_16_137_153,seq17,seq136,r_16_137_153,0.88,0,153,153,34
12,r_149_84_100,seq148,r_116_86_97,r_149_84_100,1.0,2,102,100,34
42,r_35_146_31,r_32_89_125,seq144,r_35_146_31,1.0,0,31,31,35
23,r_42_113_27,seq44,seq109,r_42_113_27,1.0,1,28,27,35
8,r_47_94_187,seq48,seq96,r_47_94_187,0.58,1,188,187,35
37,r_77_74_143,seq75,r_148_72_118,r_148_72_118,0.93,53,171,118,35
39,r_45_130_112,r_47_94_187,r_95_129_97,r_45_130_112,1.0,3,115,112,35
1,r_73_135_133,r_77_74_143,r_95_129_97,r_73_135_133,0.92,1,134,133,35
5,r_138_57_98,r_139_83_178,seq58,r_138_57_98,0.96,0,98,98,35
80,seq147,r_148_72_118,r_139_83_178,r_148_72_118,0.91,-14,104,118,35
45,r_40_46_144,seq39,r_62_51_137,r_40_46_144,0.59,0,144,144,35
69,seq44,r_42_113_27,r_23_43_34,r_42_113_27,1.0,1,28,27,35
15,r_84_49_151,r_122_85_45,r_62_51_137,r_84_49_151,0.88,3,154,151,35
31,r_71_90_154,r_69_5_162,r_32_89_125,r_71_90_154,0.91,0,154,154,35
10,r_21_2_25,r_20_93_26,seq1,r_20_93_26,0.45,-9,17,26,35
3,r_11_118_106,seq12,seq117,r_11_118_106,1.0,2,108,106,35
40,r_122_85_45,r_123_0_149,r_82_86_62,r_122_85_45,1.0,0,45,45,35
26,r_78_25_99,r_77_74_143,r_92_26_85,r_78_25_99,0.97,0,99,99,35
16,r_92_26_85,r_30_91_5,seq27,r_92_26_85,1.0,0,85,85,35
4,r_110_133_185,seq109,r_73_135_133,r_110_133_185,0.47,0,185,185,35
78,seq68,r_69_5_162,r_77_74_143,r_69_5_162,0.46,0,162,162,35
19,r_16_134_44,seq17,seq128,r_16_134_44,1.0,1,45,44,35
11,r_69_5_162,r_71_90_154,r_21_2_25,r_69_5_162,0.81,-8,154,162,35
20,r_148_72_118,seq147,r_77_74_143,r_148_72_118,0.72,0,118,118,35
30,r_111_41_11,r_114_141_127,seq44,r_111_41_11,1.0,0,11,11,35
48,r_114_141_127,r_110_133_185,r_28_140_128,r_114_141_127,0.85,2,129,127,35
49,r_102_80_71,r_73_135_133,r_82_86_62,r_73_135_133,1.0,1,134,133,35
47,r_8_76_121,r_21_2_25,r_3_79_63,r_8_76_121,0.99,3,124,121,35
13,r_123_0_149,seq125,r_21_2_25,r_123_0_149,0.86,0,149,149,35
6,r_29_136_60,r_23_43_34,seq128,r_29_136_60,0.98,2,62,60,35
21,r_30_91_5,r_92_26_85,r_20_93_26,r_92_26_85,0.95,0,85,85,35
43,r_124_116_47,seq125,seq115,r_124_116_47,0.99,0,47,47,35
27,r_28_140_128,seq27,r_114_141_127,r_28_140_128,0.96,0,128,128,35
2,r_95_129_97,r_97_34_190,r_16_134_44,r_95_129_97,1.0,0,97,97,35
47,r_8_76_121,r_9_145_94,r_21_2_25,r_9_145_94,0.84,0,94,94,35
28,r_50_38_38,r_47_94_187,seq39,r_50_38_38,0.88,3,41,38,35
29,r_14_63_189,seq15,r_84_49_151,r_84_49_151,0.75,39,190,151,35
24,r_23_43_34,seq27,seq44,r_23_43_34,0.65,41,75,34,35
25,r_82_86_62,r_84_49_151,r_122_85_45,r_122_85_45,1.0,111,156,45,35
33,r_97_34_190,seq96,r_92_26_85,r_92_26_85,0.57,105,190,85,35
14,r_20_93_26,r_21_2_25,r_30_91_5,r_20_93_26,0.84,-1,25,26,35
58,seq15,r_14_63_189,r_21_2_25,r_21_2_25,0.89,165,190,25,35
70,seq48,r_47_94_187,r_84_49_151,r_84_49_151,0.97,20,171,151,35
42,r_35_146_31,seq144,r_9_145_94,r_9_145_94,1.0,21,115,94,35
32,r_62_51_137,r_67_55_176,r_40_46_144,r_62_51_137,0.41,7,144,137,35
38,r_121_131_159,seq119,r_73_135_133,r_121_131_159,0.59,2,161,159,35
15,r_84_49_151,seq87,r_122_85_45,r_122_85_45,1.0,1,46,45,35
17,r_32_89_125,seq31,r_20_93_26,r_32_89_125,0.92,0,125,125,35
13,r_123_0_149,r_122_85_45,seq125,r_123_0_149,0.74,-103,46,149,35
94,seq117,seq119,r_11_118_106,r_11_118_106,1.0,49,155,106,35
9,r_70_53_134,r_69_5_162,r_138_57_98,r_138_57_98,0.56,40,138,98,35
22,r_81_36_113,r_73_135_133,seq31,r_81_36_113,0.97,1,114,113,35
93,seq115,seq117,r_124_116_47,r_124_116_47,1.0,-2,45,47,35
49,r_102_80_71,seq103,r_73_135_133,r_102_80_71,0.98,0,71,71,35
56,seq12,r_11_118_106,r_21_2_25,r_11_118_106,1.0,2,108,106,35
7,r_9_145_94,r_8_76_121,r_35_146_31,r_9_145_94,0.99,0,94,94,35
44,r_4_149_145,seq7,seq147,r_4_149_145,0.98,0,145,145,35
79,seq75,r_77_74_143,r_3_79_63,r_3_79_63,1.0,108,171,63,35
35,r_3_79_63,r_4_149_145,seq75,r_3_79_63,1.0,1,64,63,35
12,r_65_10_169,r_67_55_176,r_21_2_25,r_65_10_169,0.67,0,169,169,35
84,seq96,r_97_34_190,r_47_94_187,r_47_94_187,0.71,3,190,187,35
93,seq113,r_111_72_191,seq115,r_111_72_191,0.65,-115,76,191,36
30,r_123_3_144,r_122_130_121,r_104_10_190,r_122_130_121,0.71,2,123,121,36
16,r_75_129_15,r_74_100_129,seq128,r_75_129_15,0.99,0,15,15,36
20,r_48_96_41,r_47_20_76,seq102,r_48_96_41,1.0,0,41,41,36
14,r_98_22_86,r_101_107_68,seq23,r_98_22_86,1.0,-1,85,86,36
8,r_38_114_122,r_39_35_177,seq106,r_38_114_122,0.99,0,122,122,36
53,seq4,r_5_109_69,seq0,r_5_109_69,1.0,0,69,69,36
86,seq89,seq115,r_29_90_117,r_29_90_117,1.0,31,148,117,36
83,seq82,r_77_92_108,r_59_84_25,r_77_92_108,1.0,-41,67,108,36
37,r_21_126_101,r_19_81_91,r_47_20_76,r_21_126_101,0.82,-10,91,101,36
86,seq89,r_88_17_80,seq115,r_88_17_80,1.0,2,82,80,36
21,r_47_20_76,r_38_114_122,seq23,r_38_114_122,0.83,-44,78,122,36
39,r_121_2_115,seq120,seq0,r_121_2_115,1.0,0,115,115,36
1,r_97_73_92,seq102,seq69,r_97_73_92,1.0,1,93,92,36
5,r_104_10_190,seq103,r_45_11_37,r_104_10_190,0.28,0,190,190,36
32,r_137_13_143,r_140_145_44,seq15,r_137_13_143,0.64,-1,142,143,36
45,r_25_124_71,r_26_67_73,seq125,r_25_124_71,1.0,1,72,71,36
19,r_5_109_69,seq4,r_110_112_187,r_5_109_69,1.0,0,69,69,36
95,seq117,r_116_58_110,seq115,r_116_58_110,1.0,0,110,110,36
31,r_40_66_160,r_39_35_177,r_26_67_73,r_26_67_73,0.94,91,164,73,36
41,r_95_56_181,r_93_33_194,r_27_53_52,r_95_56_181,0.48,0,181,181,36
89,seq102,r_101_107_68,r_74_100_129,r_74_100_129,0.99,4,133,129,36
30,r_123_3_144,r_104_10_190,seq4,r_123_3_144,1.0,0,144,144,36
10,r_122_130_121,r_123_3_144,r_75_129_15,r_122_130_121,0.96,2,123,121,36
26,r_19_81_91,r_21_126_101,r_97_73_92,r_19_81_91,1.0,0,91,91,36
40,r_45_11_37,seq43,seq8,r_45_11_37,1.0,0,37,37,36
17,r_83_86_133,r_77_92_108,r_59_84_25,r_83_86_133,0.79,-109,24,133,36
4,r_37_94_100,r_38_114_122,r_48_96_41,r_38_114_122,0.71,-22,100,122,36
0,r_138_78_185,seq139,r_97_73_92,r_138_78_185,0.48,2,187,185,36
63,seq18,r_24_136_183,r_88_17_80,r_88_17_80,1.0,7,87,80,36
46,r_27_53_52,seq28,seq54,r_27_53_52,1.0,0,52,52,36
37,r_21_126_101,r_47_20_76,seq125,r_21_126_101,0.89,0,101,101,36
13,r_101_107_68,r_98_22_86,seq106,r_98_22_86,1.0,-1,85,86,36
15,r_29_90_117,r_31_41_128,seq89,r_29_90_117,0.98,0,117,117,36
57,seq139,r_138_78_185,seq141,r_138_78_185,0.66,2,187,185,36
6,r_110_112_187,r_101_107_68,r_5_109_69,r_5_109_69,1.0,10,79,69,36
54,seq134,seq139,r_99_133_34,r_99_133_34,0.56,0,34,34,36
99,seq125,seq120,r_21_126_101,r_21_126_101,1.0,28,129,101,36
27,r_91_7_93,r_104_10_190,r_45_11_37,r_91_7_93,1.0,0,93,93,36
18,r_77_92_108,seq69,r_48_96_41,r_77_92_108,1.0,1,109,108,36
2,r_88_17_80,seq89,seq18,r_88_17_80,1.0,2,82,80,36
29,r_39_35_177,r_40_66_160,r_31_41_128,r_40_66_160,0.99,4,164,160,36
36,r_99_133_34,r_104_10_190,seq134,r_99_133_34,0.99,0,34,34,36
24,r_9_148_118,seq8,seq149,r_9_148_118,1.0,0,118,118,36
43,r_46_79_7,seq82,r_147_80_140,r_147_80_140,0.96,12,152,140,36
47,r_59_84_25,r_83_86_133,seq82,r_83_86_133,1.0,0,133,133,36
47,r_59_84_25,r_51_60_1,r_83_86_133,r_59_84_25,0.75,-1,24,25,36
65,seq23,r_24_136_183,r_98_22_86,r_98_22_86,1.0,97,183,86,36
18,r_77_92_108,r_83_86_133,seq69,r_77_92_108,0.63,-53,55,108,36
38,r_127_6_151,seq128,r_123_3_144,r_127_6_151,0.6,0,151,151,36
67,seq28,r_27_53_52,r_31_41_128,r_27_53_52,1.0,0,52,52,36
34,r_93_33_194,r_95_56_181,r_37_94_100,r_37_94_100,1.0,81,181,100,36
32,r_137_13_143,r_146_68_79,r_140_145_44,r_146_68_79,0.94,-51,28,79,36
48,r_140_145_44,seq142,seq149,r_140_145_44,0.74,2,46,44,36
94,seq115,r_98_22_86,seq118,r_98_22_86,1.0,0,86,86,36
9,r_26_67_73,r_24_136_183,r_61_64_116,r_26_67_73,1.0,1,74,73,36
22,r_61_64_116,r_62_36_164,seq65,r_62_36_164,0.91,0,164,164,36
28,r_116_58_110,seq117,seq57,r_116_58_110,0.99,0,110,110,36
49,r_74_100_129,seq70,seq102,r_74_100_129,0.96,0,129,129,36
7,r_146_68_79,seq149,seq69,r_146_68_79,0.99,0,79,79,36
23,r_105_135_179,seq106,r_99_133_34,r_99_133_34,0.78,146,180,34,36
17,r_83_86_133,r_59_84_25,seq85,r_83_86_133,0.95,0,133,133,36
35,r_62_36_164,r_61_64_116,r_39_35_177,r_62_36_164,0.78,0,164,164,36
12,r_147_80_140,seq149,r_46_79_7,r_147_80_140,0.73,3,143,140,36
30,r_38_116_104,r_37_30_140,r_124_117_80,r_38_116_104,0.53,0,104,104,37
44,r_4_65_172,r_84_7_51,r_48_66_41,r_4_65_172,0.81,5,177,172,37
18,r_61_146_20,r_68_144_67,seq147,r_61_146_20,0.7,0,20,20,37
36,r_58_113_129,r_59_57_106,seq114,r_58_113_129,0.92,4,133,129,37
53,seq134,r_137_3_153,r_8_136_76,r_8_136_76,0.79,78,154,76,37
91,seq96,r_97_32_43,seq94,r_97_32_43,1.0,0,43,43,37
16,r_39_110_88,r_37_30_140,r_102_111_75,r_39_110_88,1.0,3,91,88,37
21,r_124_117_80,seq126,seq114,r_124_117_80,0.85,11,91,80,37
1,r_84_7_51,r_4_65_172,r_2_17_192,r_4_65_172,0.64,5,177,172,37
97,seq114,seq106,r_124_117_80,r_124_117_80,0.65,2,82,80,37
46,r_122_120_100,seq121,r_130_118_78,r_122_120_100,0.66,4,104,100,37
5,r_97_32_43,seq96,seq29,r_97_32_43,1.0,0,43,43,37
81,seq75,seq80,r_41_76_181,r_41_76_181,0.54,-7,174,181,37
45,r_137_3_153,seq134,r_84_7_51,r_137_3_153,0.99,0,153,153,37
26,r_1_16_141,seq75,seq18,r_1_16_141,0.86,1,142,141,37
26,r_1_16_141,seq78,r_42_107_126,r_1_16_141,0.53,-46,95,141,37
31,r_81_47_85,seq80,seq46,r_81_47_85,0.9,0,85,85,37
41,r_8_136_76,r_4_65_172,seq134,r_8_136_76,1.0,0,76,76,37
80,seq73,r_71_53_98,r_105_72_24,r_105_72_24,0.8,9,33,24,37
3,r_68_144_67,r_70_92_187,seq145,r_68_144_67,1.0,0,67,67,37
20,r_74_89_58,seq75,seq90,r_74_89_58,0.92,1,59,58,37
90,seq94,r_95_5_149,seq96,r_95_5_149,0.85,1,150,149,37
26,r_1_16_141,r_27_12_178,seq78,r_27_12_178,0.55,-105,73,178,37
11,r_48_66_41,seq46,seq67,r_48_66_41,0.99,0,41,41,37
17,r_105_72_24,seq106,seq73,r_105_72_24,1.0,0,24,24,37
26,r_1_16_141,r_42_107_126,seq75,r_1_16_141,0.76,-14,127,141,37
15,r_13_91_142,seq14,r_74_89_58,r_13_91_142,0.6,2,144,142,37
6,r_70_92_187,seq69,r_24_93_4,r_70_92_187,0.34,0,187,187,37
1,r_84_7_51,seq86,r_4_65_172,r_84_7_51,1.0,0,51,51,37
2,r_130_118_78,seq131,r_122_120_100,r_130_118_78,0.99,1,79,78,37
41,r_8_136_76,seq134,r_88_135_160,r_88_135_160,1.0,5,165,160,37
47,r_127_56_84,r_124_117_80,r_59_57_106,r_127_56_84,1.0,0,84,84,37
74,seq51,r_50_10_138,r_108_52_62,r_108_52_62,1.0,0,62,62,37
29,r_77_98_167,seq78,seq99,r_77_98_167,0.83,0,167,167,37
42,r_102_111_75,seq114,r_39_110_88,r_39_110_88,1.0,1,89,88,37
24,r_108_52_62,r_109_125_65,seq51,r_108_52_62,1.0,0,62,62,37
25,r_37_30_140,seq36,r_97_32_43,r_97_32_43,0.98,102,145,43,37
33,r_22_87_74,r_27_12_178,r_24_93_4,r_22_87_74,1.0,6,80,74,37
60,seq18,r_19_139_188,r_2_17_192,r_19_139_188,0.68,0,188,188,37
9,r_71_53_98,seq73,r_108_52_62,r_71_53_98,0.69,0,98,98,37
96,seq106,r_109_125_65,seq114,r_109_125_65,0.54,3,68,65,37
22,r_109_125_65,r_108_52_62,seq126,r_108_52_62,0.86,0,62,62,37
7,r_33_119_189,seq34,r_122_120_100,r_122_120_100,0.72,89,189,100,37
44,r_4_65_172,r_8_136_76,r_84_7_51,r_4_65_172,0.57,-96,76,172,37
12,r_44_9_55,seq45,seq11,r_44_9_55,0.65,23,78,55,37
84,seq80,r_81_47_85,seq78,r_81_47_85,1.0,0,85,85,37
51,seq4,r_2_61_92,r_37_21_11,r_2_61_92,0.98,-23,69,92,38
56,seq138,r_141_71_197,r_7_140_35,r_7_140_35,1.0,11,46,35,38
14,r_119_5_152,r_120_25_175,seq6,r_120_25_175,0.44,-23,152,175,38
54,seq135,r_134_67_53,seq131,r_134_67_53,0.91,-34,19,53,38
8,r_120_25_175,seq121,r_119_5_152,r_119_5_152,0.64,23,175,152,38
37,r_137_3_147,r_141_71_197,seq4,r_137_3_147,0.45,0,147,147,38
54,seq135,seq131,r_56_136_167,r_56_136_167,0.98,12,179,167,38
43,r_80_128_28,seq79,r_129_31_98,r_80_128_28,0.97,-1,27,28,38
1,r_77_66_85,r_78_139_93,seq65,r_78_139_93,1.0,-8,85,93,38
5,r_14_36_164,seq12,r_132_35_122,r_132_35_122,0.94,46,168,122,38
46,r_10_106_88,seq8,r_127_100_83,r_10_106_88,0.98,0,88,88,38
42,r_116_110_49,r_111_145_154,seq114,r_111_145_154,1.0,0,154,154,38
32,r_129_31_98,r_80_128_28,seq34,r_129_31_98,0.95,0,98,98,38
33,r_37_21_11,r_22_90_127,seq26,r_22_90_127,1.0,0,127,127,38
39,r_75_15_29,r_69_95_153,seq11,r_75_15_29,1.0,0,29,29,38
31,r_39_99_71,r_42_146_140,seq102,r_39_99_71,1.0,1,72,71,38
41,r_147_20_76,r_149_57_196,r_49_19_44,r_147_20_76,1.0,-1,75,76,38
10,r_104_126_102,r_103_46_146,r_9_125_54,r_104_126_102,1.0,0,102,102,38
35,r_134_67_53,seq135,seq68,r_134_67_53,1.0,0,53,53,38
0,r_42_146_140,seq43,seq144,r_42_146_140,0.98,2,142,140,38
11,r_141_71_197,seq143,r_28_142_148,r_28_142_148,1.0,0,148,148,38
23,r_149_57_196,r_147_20_76,r_141_71_197,r_147_20_76,0.99,-19,57,76,38
15,r_78_139_93,r_77_66_85,r_7_140_35,r_78_139_93,1.0,0,93,93,38
4,r_49_19_44,seq11,r_147_20_76,r_147_20_76,0.97,41,117,76,38
65,seq30,r_29_130_38,r_32_17_180,r_29_130_38,1.0,-1,37,38,38
27,r_127_100_83,r_129_31_98,r_39_99_71,r_127_100_83,1.0,0,83,83,38
50,seq131,seq135,r_29_130_38,r_29_130_38,1.0,0,38,38,38
51,seq4,r_37_21_11,r_137_3_147,r_137_3_147,1.0,1,148,147,38
70,seq47,seq45,r_118_48_23,r_118_48_23,1.0,0,23,23,38
2,r_23_44_106,r_22_90_127,seq43,r_23_44_106,0.97,0,106,106,38
40,r_51_16_110,seq52,seq18,r_51_16_110,0.99,1,111,110,38
18,r_103_46_146,r_104_126_102,r_10_106_88,r_103_46_146,0.71,-46,100,146,38
29,r_56_136_167,seq58,seq135,r_56_136_167,0.81,0,167,167,38
23,r_149_57_196,r_141_71_197,r_55_148_113,r_55_148_113,1.0,2,115,113,38
24,r_55_148_113,r_56_136_167,r_149_57_196,r_55_148_113,1.0,2,115,113,38
16,r_29_130_38,seq30,seq131,r_29_130_38,1.0,-1,37,38,38
34,r_7_140_35,seq138,r_78_139_93,r_78_139_93,1.0,12,105,93,38
25,r_41_70_64,r_42_146_140,seq73,r_41_70_64,1.0,1,65,64,38
43,r_80_128_28,r_129_31_98,r_9_125_54,r_129_31_98,0.61,0,98,98,38
64,seq27,r_28_142_148,seq26,r_28_142_148,0.99,0,148,148,38
88,seq91,seq94,r_107_92_68,r_107_92_68,0.63,19,87,68,38
6,r_22_90_127,r_37_21_11,r_107_92_68,r_22_90_127,0.93,0,127,127,38
38,r_0_1_117,seq30,r_32_17_180,r_0_1_117,0.34,6,123,117,38
52,seq133,r_132_35_122,seq135,r_132_35_122,1.0,0,122,122,38
4,r_49_19_44,seq59,seq11,r_49_19_44,0.97,0,44,44,38
21,r_107_92_68,r_104_126_102,seq91,r_104_126_102,1.0,-45,57,102,38
18,r_103_46_146,r_10_106_88,r_118_48_23,r_103_46_146,0.99,0,146,146,38
75,seq59,r_56_136_167,r_63_123_199,r_56_136_167,0.82,0,167,167,38
79,seq68,seq64,r_134_67_53,r_134_67_53,1.0,0,53,53,38
17,r_60_117_84,seq62,r_29_130_38,r_60_117_84,0.99,2,86,84,38
32,r_129_31_98,r_127_100_83,r_80_128_28,r_80_128_28,0.98,1,29,28,38
9,r_28_142_148,seq27,r_141_71_197,r_28_142_148,0.79,0,148,148,38
22,r_54_33_181,seq53,r_132_35_122,r_54_33_181,0.29,0,181,181,38
28,r_132_35_122,seq133,seq34,r_132_35_122,0.45,0,122,122,38
49,r_2_61_92,seq4,seq62,r_2_61_92,0.99,0,92,92,38
30,r_9_125_54,r_10_106_88,r_85_122_24,r_9_125_54,1.0,0,54,54,38
34,r_7_140_35,seq6,seq138,r_7_140_35,1.0,0,35,35,38
20,r_118_48_23,r_119_5_152,seq47,r_118_48_23,1.0,0,23,23,38
7,r_32_17_180,seq34,r_49_19_44,r_49_19_44,1.0,139,183,44,38
44,r_111_145_154,r_116_110_49,seq144,r_111_145_154,0.85,0,154,154,38
12,r_108_13_198,seq115,r_69_95_153,r_108_13_198,0.72,-47,151,198,38
17,r_24_128_45,seq23,seq124,r_24_128_45,1.0,0,45,45,39
36,r_109_125_198,seq115,r_91_113_41,r_91_113_41,0.68,55,96,41,39
14,r_148_14_102,r_146_20_171,seq15,r_148_14_102,1.0,0,102,102,39
8,r_52_7_197,r_51_74_61,r_48_26_178,r_52_7_197,0.65,-133,64,197,39
53,seq145,r_146_20_171,r_37_141_36,r_37_141_36,0.99,136,172,36,39
54,seq139,r_146_20_171,r_8_140_81,r_8_140_81,0.99,4,85,81,39
18,r_118_131_56,r_120_143_79,r_129_130_7,r_129_130_7,1.0,49,56,7,39
16,r_127_19_77,seq124,seq22,r_127_19_77,1.0,0,77,77,39
21,r_36_102_159,seq35,seq101,r_36_102_159,0.9,1,160,159,39
39,r_60_44_101,seq61,r_99_43_9,r_99_43_9,0.58,91,100,9,39
5,r_45_32_71,r_48_26_178,seq31,r_45_32_71,0.89,0,71,71,39
46,r_97_138_119,r_98_40_128,seq139,r_97_138_119,0.98,0,119,119,39
42,r_137_69_195,r_135_71_99,r_68_134_57,r_137_69_195,0.99,-96,99,195,39
45,r_21_12_116,seq22,seq13,r_21_12_116,0.57,15,131,116,39
19,r_33_122_63,r_34_56_113,seq121,r_33_122_63,1.0,0,63,63,39
66,seq39,r_38_25_89,seq35,r_38_25_89,1.0,2,91,89,39
37,r_2_96_25,r_5_116_149,r_97_138_119,r_2_96_25,1.0,0,25,25,39
61,seq23,r_24_128_45,r_34_56_113,r_24_128_45,0.99,0,45,45,39
31,r_51_74_61,r_52_7_197,seq75,r_51_74_61,0.96,2,63,61,39
3,r_146_20_171,seq145,seq22,r_146_20_171,0.79,1,172,171,39
10,r_89_47_183,seq88,r_98_40_128,r_98_40_128,0.85,55,183,128,39
33,r_126_9_127,r_24_128_45,r_148_14_102,r_126_9_127,0.99,1,128,127,39
26,r_38_25_89,seq39,r_48_26_178,r_38_25_89,0.99,65,154,89,39
41,r_91_113_41,seq90,r_82_114_11,r_91_113_41,0.95,15,56,41,39
1,r_82_114_11,seq75,seq115,r_82_114_11,0.99,2,13,11,39
4,r_5_116_149,r_6_46_182,r_82_114_11,r_5_116_149,0.94,0,149,149,39
0,r_117_133_70,seq115,r_68_134_57,r_117_133_70,1.0,1,71,70,39
11,r_107_11_164,seq104,r_21_12_116,r_107_11_164,0.88,0,164,164,39
20,r_106_57_30,r_107_11_164,seq55,r_106_57_30,1.0,0,30,30,39
62,seq27,r_29_83_133,r_142_28_53,r_142_28_53,0.95,80,133,53,39
22,r_34_56_113,r_48_26_178,r_106_57_30,r_34_56_113,0.82,-4,109,113,39
2,r_132_79_160,r_129_130_7,r_78_81_35,r_132_79_160,0.61,1,161,160,39
47,r_135_71_99,r_137_69_195,seq70,r_135_71_99,1.0,0,99,99,39
40,r_49_86_68,r_48_26_178,seq85,r_49_86_68,0.76,2,70,68,39
29,r_136_100_95,r_137_69_195,seq101,r_136_100_95,1.0,0,95,95,39
23,r_123_110_59,r_82_114_11,r_77_111_82,r_77_111_82,1.0,5,87,82,39
24,r_6_46_182,seq4,r_98_40_128,r_98_40_128,0.86,54,182,128,39
25,r_120_143_79,seq119,r_37_141_36,r_120_143_79,1.0,1,80,79,39
33,r_126_9_127,seq124,r_24_128_45,r_24_128_45,1.0,40,85,45,39
64,seq31,seq30,r_45_32_71,r_45_32_71,1.0,37,108,71,39
58,seq17,r_18_149_190,r_146_20_171,r_18_149_190,0.23,0,190,190,39
44,r_3_63_29,r_5_116_149,seq61,r_3_63_29,1.0,1,30,29,39
65,seq35,r_36_102_159,seq39,r_36_102_159,1.0,-18,141,159,39
68,seq42,r_48_26_178,r_99_43_9,r_99_43_9,0.86,169,178,9,39
32,r_78_81_35,r_80_10_157,r_132_79_160,r_132_79_160,0.52,0,160,160,39
52,seq4,r_6_46_182,seq1,r_6_46_182,0.8,0,182,182,39
28,r_142_28_53,r_146_20_171,seq27,r_142_28_53,1.0,0,53,53,39
34,r_68_134_57,seq67,r_137_69_195,r_68_134_57,1.0,0,57,57,39
61,seq23,seq22,r_52_7_197,r_52_7_197,0.58,-18,179,197,39
60,seq22,r_21_12_116,r_127_19_77,r_127_19_77,1.0,67,144,77,39
9,r_80_10_157,r_78_81_35,r_148_14_102,r_148_14_102,0.88,56,158,102,39
23,r_123_110_59,seq124,r_82_114_11,r_123_110_59,0.99,0,59,59,39
37,r_2_96_25,r_97_138_119,r_136_100_95,r_2_96_25,1.0,94,119,25,39
22,r_34_56_113,r_33_122_63,r_48_26_178,r_33_122_63,1.0,0,63,63,39
91,seq144,r_146_20_171,r_37_141_36,r_37_141_36,0.89,37,73,36,39
43,r_112_64_46,r_117_133_70,seq61,r_112_64_46,1.0,0,46,46,39
49,r_129_130_7,r_132_79_160,r_118_131_56,r_118_131_56,1.0,36,92,56,39
7,r_8_140_81,seq13,seq139,r_8_140_81,1.0,0,81,81,39
8,r_52_7_197,r_48_26_178,seq50,r_52_7_197,0.38,-88,109,197,39
13,r_37_141_36,r_36_102_159,seq144,r_37_141_36,1.0,2,38,36,39
35,r_77_111_82,seq76,r_123_110_59,r_77_111_82,1.0,0,82,82,39
12,r_48_26_178,seq42,r_38_25_89,r_38_25_89,1.0,89,178,89,39
40,r_111_108_61,r_106_67_162,r_61_112_126,r_111_108_61,1.0,101,162,61,40
4,r_120_3_13,r_124_104_187,seq4,r_120_3_13,1.0,0,13,13,40
92,seq114,seq115,r_32_113_135,r_32_113_135,0.98,3,138,135,40
14,r_128_126_159,r_131_99_195,seq118,r_131_99_195,0.48,-34,161,195,40
8,r_61_112_126,seq59,r_42_62_18,r_42_62_18,0.93,47,65,18,40
43,r_137_20_123,seq138,r_9_21_25,r_137_20_123,0.9,0,123,123,40
37,r_36_27_3,r_28_51_140,r_71_31_95,r_36_27_3,0.59,138,141,3,40
3,r_45_140_124,seq58,r_44_141_15,r_45_140_124,0.59,-6,118,124,40
1,r_133_55_111,r_7_132_27,seq56,r_133_55_111,1.0,0,111,111,40
5,r_117_139_75,seq116,seq138,r_117_139_75,1.0,0,75,75,40
46,r_98_68_188,seq96,r_106_67_162,r_98_68_188,0.4,0,188,188,40
42,r_24_134_186,seq25,r_79_33_127,r_79_33_127,1.0,5,132,127,40
22,r_65_35_132,seq64,r_29_66_57,r_29_66_57,1.0,1,58,57,40
45,r_1_47_134,seq4,r_107_52_125,r_1_47_134,0.63,0,134,134,40
39,r_7_132_27,r_8_74_56,r_133_55_111,r_7_132_27,1.0,0,27,27,40
33,r_92_38_4,seq25,r_48_37_72,r_48_37_72,1.0,21,93,72,40
11,r_42_62_18,r_61_112_126,seq58,r_61_112_126,1.0,0,126,126,40
39,r_7_132_27,r_133_55_111,seq135,r_133_55_111,1.0,0,111,111,40
90,seq102,r_105_18_181,r_16_103_138,r_16_103_138,1.0,43,181,138,40
26,r_105_18_181,seq102,r_9_21_25,r_105_18_181,0.59,0,181,181,40
8,r_61_112_126,r_42_62_18,r_95_110_80,r_61_112_126,1.0,0,126,126,40
0,r_28_51_140,r_36_27_3,r_107_52_125,r_28_51_140,0.89,1,141,140,40
63,seq25,r_28_51_140,r_89_26_71,r_89_26_71,0.86,-1,70,71,40
73,seq138,r_137_20_123,r_117_139_75,r_117_139_75,0.79,48,123,75,40
13,r_89_26_71,seq85,seq25,r_89_26_71,1.0,0,71,71,40
15,r_53_11_76,r_50_147_120,r_9_21_25,r_53_11_76,1.0,0,76,76,40
49,r_145_101_130,seq144,seq102,r_145_101_130,0.99,1,131,130,40
27,r_32_113_135,seq25,seq114,r_32_113_135,0.95,2,137,135,40
7,r_106_67_162,r_111_108_61,r_123_76_64,r_106_67_162,0.97,0,162,162,40
42,r_24_134_186,r_79_33_127,seq129,r_24_134_186,1.0,0,186,186,40
11,r_42_62_18,seq41,r_61_112_126,r_42_62_18,0.84,0,18,18,40
22,r_65_35_132,r_29_66_57,r_79_33_127,r_29_66_57,0.94,75,132,57,40
47,r_136_39_107,seq135,r_40_6_170,r_136_39_107,1.0,0,107,107,40
30,r_82_22_51,seq81,r_92_38_4,r_82_22_51,1.0,0,51,51,40
40,r_111_108_61,seq109,r_106_67_162,r_111_108_61,0.58,24,85,61,40
18,r_13_75_166,seq12,r_123_76_64,r_13_75_166,0.71,0,166,166,40
29,r_71_31_95,seq72,seq30,r_71_31_95,1.0,1,96,95,40
19,r_91_100_53,seq93,seq102,r_91_100_53,1.0,-2,51,53,40
10,r_142_73_22,seq143,seq72,r_142_73_22,1.0,0,22,22,40
35,r_40_6_170,r_136_39_107,seq4,r_40_6_170,0.98,5,175,170,40
25,r_123_76_64,r_124_104_187,r_90_77_52,r_123_76_64,0.88,0,64,64,40
64,seq30,r_28_51_140,r_71_31_95,r_71_31_95,0.76,8,103,95,40
47,r_136_39_107,r_40_6_170,r_23_43_26,r_40_6_170,0.99,7,177,170,40
6,r_29_66_57,r_65_35_132,seq64,r_65_35_132,1.0,0,132,132,40
77,seq72,seq70,r_142_73_22,r_142_73_22,1.0,15,37,22,40
68,seq54,seq49,r_107_52_125,r_107_52_125,1.0,21,146,125,40
32,r_48_37_72,r_53_11_76,r_92_38_4,r_48_37_72,0.86,0,72,72,40
38,r_107_52_125,r_106_67_162,seq54,r_107_52_125,0.87,0,125,125,40
9,r_23_43_26,r_28_51_140,seq41,r_23_43_26,0.93,7,33,26,40
34,r_80_87_87,r_79_33_127,seq88,r_80_87_87,1.0,0,87,87,40
75,seq64,seq63,r_29_66_57,r_29_66_57,1.0,14,71,57,40
28,r_90_77_52,seq93,seq78,r_90_77_52,1.0,-2,50,52,40
1,r_133_55_111,r_136_39_107,r_7_132_27,r_7_132_27,0.97,11,38,27,40
3,r_45_140_124,seq63,seq58,r_45_140_124,0.51,-82,42,124,40
3,r_45_140_124,r_44_141_15,seq63,r_45_140_124,0.53,-107,17,124,40
21,r_9_21_25,r_7_132_27,seq19,r_9_21_25,0.88,0,25,25,40
91,seq109,r_111_108_61,r_95_110_80,r_95_110_80,1.0,5,85,80,40
24,r_44_141_15,r_45_140_124,seq143,r_44_141_15,0.78,0,15,15,40
49,r_145_101_130,r_146_34_104,seq144,r_146_34_104,1.0,0,104,104,40
41,r_8_74_56,seq2,seq70,r_8_74_56,1.0,2,58,56,40
7,r_106_67_162,r_107_52_125,r_111_108_61,r_107_52_125,0.63,0,125,125,40
44,r_146_34_104,r_145_101_130,r_92_38_4,r_146_34_104,1.0,0,104,104,40
23,r_79_33_127,seq81,r_146_34_104,r_79_33_127,0.98,0,127,127,40
6,r_29_66_57,r_28_51_140,r_65_35_132,r_29_66_57,1.0,0,57,57,40
35,r_40_6_170,seq41,r_136_39_107,r_136_39_107,1.0,1,108,107,40
12,r_16_103_138,seq12,seq102,r_16_103_138,0.99,0,138,138,40
14,r_99_120_105,r_101_100_129,seq122,r_101_100_129,0.68,-19,110,129,41
43,r_76_66_96,seq78,r_109_67_52,r_76_66_96,0.79,0,96,96,41
37,r_98_92_95,r_97_147_138,seq91,r_97_147_138,0.92,-6,132,138,41
24,r_138_71_47,r_95_19_109,r_114_70_7,r_138_71_47,0.66,2,49,47,41
86,seq85,r_81_104_168,seq88,r_81_104_168,0.36,-18,150,168,41
16,r_31_60_2,seq61,r_112_59_49,r_112_59_49,1.0,19,68,49,41
1,r_4_77_146,r_11_116_170,seq78,r_4_77_146,0.51,1,147,146,41
5,r_141_64_79,r_146_29_97,seq61,r_141_64_79,0.85,1,80,79,41
46,r_53_127_128,seq52,r_130_125_114,r_53_127_128,1.0,0,128,128,41
42,r_149_144_50,r_146_29_97,r_110_145_13,r_146_29_97,1.0,0,97,97,41
45,r_56_140_62,seq57,r_87_143_46,r_56_140_62,1.0,-1,61,62,41
15,r_126_148_160,r_124_89_87,r_130_125_114,r_126_148_160,0.92,-102,58,160,41
89,seq91,r_93_5_48,r_98_92_95,r_93_5_48,1.0,-9,39,48,41
19,r_95_19_109,r_94_40_112,r_15_24_57,r_95_19_109,0.9,-1,108,109,41
15,r_126_148_160,r_130_125_114,r_110_145_13,r_126_148_160,0.47,3,163,160,41
31,r_55_47_88,seq52,r_129_48_19,r_55_47_88,1.0,0,88,88,41
22,r_134_43_21,r_42_142_63,r_1_44_42,r_42_142_63,0.62,-20,43,63,41
3,r_132_84_74,seq131,r_27_83_102,r_27_83_102,0.61,9,111,102,41
10,r_2_75_144,r_11_116_170,seq74,r_11_116_170,0.57,-25,145,170,41
26,r_27_83_102,r_28_106_145,r_132_84_74,r_27_83_102,0.98,0,102,102,41
0,r_119_136_92,seq118,seq137,r_119_136_92,0.69,1,93,92,41
13,r_130_125_114,seq131,r_53_127_128,r_53_127_128,0.99,19,147,128,41
49,r_139_86_165,r_87_143_46,r_132_84_74,r_139_86_165,0.55,2,167,165,41
17,r_109_67_52,seq108,r_68_73_28,r_109_67_52,0.97,0,52,52,41
11,r_112_59_49,seq113,r_31_60_2,r_112_59_49,1.0,0,49,49,41
69,seq49,seq46,r_129_48_19,r_129_48_19,1.0,5,24,19,41
85,seq80,r_81_104_168,r_132_84_74,r_132_84_74,0.75,87,161,74,41
47,r_124_89_87,r_126_148_160,seq90,r_124_89_87,0.65,0,87,87,41
74,seq137,r_135_107_116,r_119_136_92,r_135_107_116,0.47,-23,93,116,41
29,r_146_29_97,r_149_144_50,r_14_30_141,r_146_29_97,0.85,0,97,97,41
33,r_33_58_91,seq39,r_141_64_79,r_33_58_91,0.67,-1,90,91,41
88,seq90,seq88,r_124_89_87,r_124_89_87,0.89,25,112,87,41
44,r_87_143_46,seq90,r_110_145_13,r_87_143_46,0.63,-1,45,46,41
65,seq39,seq34,r_94_40_112,r_94_40_112,0.99,17,129,112,41
34,r_8_82_151,r_11_116_170,seq88,r_8_82_151,0.64,0,151,151,41
17,r_109_67_52,r_68_73_28,r_76_66_96,r_76_66_96,0.99,2,98,96,41
75,seq57,r_56_140_62,seq54,r_56_140_62,1.0,-1,61,62,41
9,r_42_142_63,seq41,r_87_143_46,r_42_142_63,1.0,0,63,63,41
28,r_94_40_112,r_95_19_109,seq39,r_94_40_112,0.85,0,112,112,41
49,r_139_86_165,r_141_64_79,r_87_143_46,r_141_64_79,0.93,1,80,79,41
8,r_1_44_42,r_4_77_146,r_134_43_21,r_1_44_42,0.98,4,46,42,41
82,seq74,r_68_73_28,r_2_75_144,r_2_75_144,0.81,7,151,144,41
6,r_110_145_13,r_119_136_92,r_149_144_50,r_110_145_13,0.71,-1,12,13,41
25,r_129_48_19,r_109_67_52,seq49,r_129_48_19,0.98,0,19,19,41
79,seq65,r_68_73_28,r_109_67_52,r_109_67_52,0.93,99,151,52,41
22,r_134_43_21,r_132_84_74,r_42_142_63,r_134_43_21,0.76,-1,20,21,41
36,r_93_5_48,seq91,seq9,r_93_5_48,0.98,0,48,48,41
93,seq118,r_116_75_83,seq121,r_116_75_83,1.0,0,83,83,42
15,r_93_18_142,seq95,r_11_14_70,r_93_18_142,0.9,0,142,142,42
40,r_131_53_16,r_52_24_131,r_142_70_47,r_131_53_16,0.96,116,132,16,42
30,r_110_58_64,seq109,seq59,r_110_58_64,1.0,1,65,64,42
36,r_37_124_125,r_61_39_2,seq128,r_37_124_125,1.0,0,125,125,42
1,r_147_74_11,seq146,seq71,r_147_74_11,0.82,0,11,11,42
41,r_0_56_174,r_78_1_143,r_110_58_64,r_0_56_174,0.96,1,175,174,42
43,r_122_139_86,seq121,seq143,r_122_139_86,0.99,1,87,86,42
37,r_55_31_129,seq54,r_4_30_14,r_4_30_14,0.99,122,136,14,42
16,r_78_1_143,seq77,r_9_5_8,r_78_1_143,0.75,0,143,143,42
21,r_132_96_197,r_133_15_128,r_73_135_77,r_73_135_77,0.92,51,128,77,42
39,r_49_81_163,r_47_148_185,r_116_75_83,r_116_75_83,1.0,87,170,83,42
46,r_113_137_73,seq112,r_98_136_80,r_113_137_73,0.87,2,75,73,42
69,seq54,r_55_31_129,r_142_70_47,r_142_70_47,1.0,95,142,47,42
10,r_35_106_48,r_34_117_183,seq105,r_35_106_48,1.0,0,48,48,42
35,r_72_38_19,r_69_141_153,r_61_39_2,r_69_141_153,0.81,-117,36,153,42
29,r_45_138_30,seq46,seq140,r_45_138_30,0.94,0,30,30,42
4,r_34_117_183,r_35_106_48,r_4_30_14,r_35_106_48,0.99,-2,46,48,42
5,r_21_86_36,seq57,r_107_90_41,r_21_86_36,0.47,19,55,36,42
76,seq79,r_80_89_145,r_116_75_83,r_116_75_83,1.0,30,113,83,42
31,r_60_144_116,r_62_13_195,r_122_139_86,r_60_144_116,1.0,1,117,116,42
41,r_0_56_174,r_6_2_85,r_78_1_143,r_78_1_143,0.99,6,149,143,42
49,r_123_76_22,r_129_16_196,seq77,r_123_76_22,1.0,0,22,22,42
3,r_80_89_145,seq79,r_107_90_41,r_107_90_41,1.0,103,144,41,42
26,r_11_14_70,seq12,seq17,r_11_14_70,0.6,18,88,70,42
72,seq63,r_62_13_195,r_40_64_137,r_40_64_137,0.81,0,137,137,42
2,r_52_24_131,r_55_31_129,r_131_53_16,r_131_53_16,1.0,0,16,16,42
0,r_85_65_122,seq82,r_104_68_123,r_104_68_123,0.5,2,125,123,42
73,seq71,r_73_135_77,r_147_74_11,r_73_135_77,1.0,0,77,77,42
20,r_40_64_137,seq41,seq63,r_40_64_137,0.75,0,137,137,42
60,seq29,seq32,r_4_30_14,r_4_30_14,0.97,30,44,14,42
15,r_93_18_142,r_94_3_117,seq95,r_94_3_117,0.56,0,117,117,42
48,r_27_88_63,seq26,r_107_90_41,r_27_88_63,0.98,0,63,63,42
4,r_34_117_183,r_4_30_14,seq112,r_4_30_14,0.61,169,183,14,42
66,seq46,seq43,r_28_44_35,r_28_44_35,1.0,23,58,35,42
6,r_73_135_77,seq71,r_7_134_3,r_73_135_77,1.0,0,77,77,42
62,seq36,r_37_124_125,r_61_39_2,r_37_124_125,0.99,-15,110,125,42
2,r_52_24_131,r_131_53_16,seq22,r_52_24_131,0.97,0,131,131,42
45,r_69_141_153,r_73_135_77,r_142_70_47,r_69_141_153,1.0,-103,50,153,42
27,r_104_68_123,seq111,r_85_65_122,r_104_68_123,0.94,0,123,123,42
47,r_94_3_117,r_93_18_142,r_9_5_8,r_94_3_117,0.89,0,117,117,42
40,r_131_53_16,r_132_96_197,r_52_24_131,r_131_53_16,1.0,0,16,16,42
5,r_21_86_36,r_23_103_179,seq57,r_21_86_36,0.94,0,36,36,42
25,r_19_48_126,seq20,seq50,r_19_48_126,0.77,0,126,126,42
33,r_67_66_106,r_62_13_195,r_85_65_122,r_85_65_122,0.58,3,125,122,42
42,r_142_70_47,seq143,r_69_141_153,r_142_70_47,1.0,0,47,47,42
58,seq22,r_23_103_179,r_52_24_131,r_52_24_131,0.97,48,179,131,42
44,r_28_44_35,r_25_87_182,seq46,r_28_44_35,1.0,1,36,35,42
42,r_142_70_47,r_69_141_153,r_4_30_14,r_69_141_153,0.97,0,153,153,42
38,r_133_15_128,r_132_96_197,r_11_14_70,r_133_15_128,0.7,0,128,128,42
7,r_4_30_14,r_6_2_85,seq29,r_4_30_14,1.0,0,14,14,42
34,r_25_87_182,seq26,r_80_89_145,r_25_87_182,0.32,0,182,182,42
45,r_69_141_153,r_142_70_47,r_45_138_30,r_69_141_153,0.91,0,153,153,42
17,r_84_92_76,r_85_65_122,seq91,r_84_92_76,1.0,0,76,76,42
9,r_116_75_83,seq118,r_123_76_22,r_116_75_83,0.9,0,83,83,42
18,r_107_90_41,r_21_86_36,r_27_88_63,r_27_88_63,1.0,3,66,63,42
28,r_98_136_80,seq97,r_113_137_73,r_98_136_80,1.0,2,82,80,42
18,r_107_90_41,seq108,r_21_86_36,r_107_90_41,1.0,1,42,41,42
56,seq146,seq145,r_8_149_67,r_8_149_67,1.0,2,69,67,42
13,r_8_149_67,r_0_56_174,seq146,r_8_149_67,0.75,-47,20,67,42
79,seq91,seq97,r_84_92_76,r_84_92_76,1.0,10,86,76,42
30,r_80_20_136,r_81_17_64,r_78_75_93,r_81_17_64,1.0,0,64,64,43
51,seq132,r_131_98_163,seq128,r_131_98_163,1.0,0,163,163,43
36,r_53_2_111,seq54,r_93_3_83,r_93_3_83,0.64,31,114,83,43
47,r_77_148_18,r_71_127_42,seq149,r_77_148_18,0.89,-1,17,18,43
14,r_72_44_187,r_73_97_171,r_78_75_93,r_73_97_171,0.72,0,171,171,43
8,r_59_112_165,r_65_147_153,r_47_62_65,r_47_62_65,1.0,32,97,65,43
86,seq91,r_92_84_152,seq89,r_92_84_152,0.75,0,152,152,43
16,r_47_62_65,r_46_14_158,r_4_63_19,r_47_62_65,1.0,0,65,65,43
21,r_23_11_105,r_26_138_188,r_125_7_10,r_23_11_105,0.63,7,112,105,43
39,r_8_86_120,seq10,seq87,r_8_86_120,0.94,0,120,120,43
46,r_73_97_171,r_72_44_187,seq96,r_73_97_171,0.42,0,171,171,43
42,r_68_146_109,seq69,seq145,r_68_146_109,1.0,0,109,109,43
63,seq149,seq143,r_77_148_18,r_77_148_18,0.95,38,56,18,43
33,r_130_66_32,r_131_98_163,r_0_67_26,r_130_66_32,1.0,0,32,32,43
45,r_81_17_64,r_80_20_136,seq18,r_81_17_64,0.75,1,65,64,43
31,r_120_45_88,seq122,r_46_14_158,r_120_45_88,1.0,0,88,88,43
84,seq87,r_92_84_152,r_8_86_120,r_8_86_120,0.98,1,121,120,43
10,r_46_14_158,r_47_62_65,r_85_42_8,r_47_62_65,1.0,0,65,65,43
52,seq5,r_46_14_158,r_93_3_83,r_93_3_83,0.92,-4,79,83,43
4,r_28_108_41,r_23_11_105,seq106,r_28_108_41,1.0,0,41,41,43
26,r_56_1_180,seq57,r_93_3_83,r_93_3_83,0.99,100,183,83,43
8,r_59_112_165,r_47_62_65,r_55_121_59,r_59_112_165,1.0,3,168,165,43
18,r_50_70_36,seq49,r_0_67_26,r_50_70_36,0.81,0,36,36,43
41,r_55_121_59,r_56_1_180,seq123,r_55_121_59,0.99,0,59,59,43
48,r_103_101_54,seq104,r_100_115_174,r_103_101_54,1.0,3,57,54,43
6,r_94_60_162,r_93_3_83,seq87,r_93_3_83,0.99,-5,78,83,43
0,r_0_67_26,r_31_13_25,r_68_146_109,r_0_67_26,1.0,0,26,26,43
19,r_82_58_49,r_80_20_136,seq57,r_82_58_49,1.0,0,49,49,43
87,seq96,r_100_115_174,r_142_95_43,r_142_95_43,0.73,0,43,43,43
5,r_71_127_42,r_131_98_163,r_135_126_90,r_71_127_42,0.92,66,108,42,43
10,r_46_14_158,r_120_45_88,r_125_7_10,r_46_14_158,0.77,0,158,158,43
0,r_0_67_26,r_68_146_109,r_130_66_32,r_68_146_109,1.0,0,109,109,43
27,r_21_43_67,seq22,seq41,r_21_43_67,0.94,2,69,67,43
30,r_80_20_136,r_78_75_93,seq18,r_80_20_136,1.0,0,136,136,43
3,r_4_63_19,seq5,seq64,r_4_63_19,1.0,1,20,19,43
2,r_100_115_174,seq99,r_118_117_100,r_118_117_100,0.5,74,174,100,43
40,r_65_147_153,seq64,r_77_148_18,r_65_147_153,0.91,0,153,153,43
29,r_78_75_93,r_68_146_109,r_50_70_36,r_78_75_93,0.99,-18,75,93,43
48,r_103_101_54,r_100_115_174,r_6_102_119,r_6_102_119,1.0,0,119,119,43
13,r_125_7_10,seq122,seq10,r_125_7_10,1.0,0,10,10,43
5,r_71_127_42,r_68_146_109,r_131_98_163,r_71_127_42,1.0,2,44,42,43
9,r_134_35_44,r_131_98_163,seq38,r_134_35_44,1.0,0,44,44,43
34,r_9_144_17,seq10,seq145,r_9_144_17,1.0,0,17,17,43
88,seq99,r_100_115_174,r_131_98_163,r_100_115_174,0.64,0,174,174,43
50,seq128,r_129_32_128,seq133,r_129_32_128,1.0,-15,113,128,43
58,seq141,r_140_51_58,seq145,r_140_51_58,0.97,3,61,58,43
6,r_94_60_162,seq87,r_4_63_19,r_94_60_162,0.76,0,162,162,43
14,r_72_44_187,r_78_75_93,r_120_45_88,r_72_44_187,0.9,2,189,187,43
20,r_142_95_43,seq143,seq96,r_142_95_43,0.94,1,44,43,43
10,r_46_14_158,r_85_42_8,r_120_45_88,r_120_45_88,1.0,2,90,88,43
38,r_29_88_132,r_26_138_188,r_90_74_196,r_29_88_132,0.98,1,133,132,43
76,seq49,r_50_70_36,r_76_48_11,r_50_70_36,0.67,0,36,36,43
17,r_140_51_58,seq141,seq49,r_140_51_58,1.0,0,58,58,43
24,r_76_48_11,r_71_127_42,seq49,r_76_48_11,0.99,1,12,11,43
31,r_120_45_88,r_46_14_158,r_140_51_58,r_46_14_158,0.91,0,158,158,43
22,r_93_3_83,r_94_60_162,seq5,r_93_3_83,1.0,0,83,83,43
28,r_6_102_119,seq10,r_103_101_54,r_6_102_119,0.9,0,119,119,43
49,r_129_32_128,seq128,seq33,r_129_32_128,0.99,0,128,128,43
7,r_135_126_90,seq136,r_71_127_42,r_135_126_90,0.95,0,90,90,43
79,seq57,r_56_1_180,r_82_58_49,r_82_58_49,1.0,37,86,49,43
35,r_25_83_130,r_26_138_188,r_78_75_93,r_25_83_130,0.91,0,130,130,43
84,seq87,r_93_3_83,r_92_84_152,r_93_3_83,0.89,-5,78,83,43
30,r_61_121_171,seq60,seq122,r_61_121_171,0.85,0,171,171,44
36,r_81_68_90,seq80,r_69_90_198,r_81_68_90,0.81,1,91,90,44
52,seq3,r_5_0_31,r_116_4_16,r_116_4_16,0.49,21,37,16,44
45,r_147_125_14,seq137,r_124_113_182,r_124_113_182,0.57,-168,14,182,44
33,r_116_4_16,r_118_54_191,seq3,r_116_4_16,1.0,0,16,16,44
37,r_46_143_159,r_48_126_112,r_51_44_148,r_48_126_112,0.99,1,113,112,44
13,r_43_130_45,r_41_7_131,seq131,r_43_130_45,1.0,0,45,45,44
55,seq8,seq10,r_142_9_87,r_142_9_87,1.0,1,88,87,44
39,r_142_9_87,r_144_32_108,seq8,r_142_9_87,0.98,0,87,87,44
1,r_30_132_172,seq29,r_43_130_45,r_30_132_172,0.86,0,172,172,44
97,seq109,r_108_16_97,r_119_110_80,r_108_16_97,1.0,0,97,97,44
14,r_55_120_43,r_46_143_159,seq123,r_55_120_43,1.0,0,43,43,44
5,r_96_115_144,r_99_140_130,seq109,r_96_115_144,0.76,-10,134,144,44
42,r_117_34_71,r_118_54_191,r_35_67_179,r_117_34_71,1.0,0,71,71,44
18,r_83_104_41,seq82,r_85_102_21,r_83_104_41,0.67,4,45,41,44
19,r_87_28_98,r_88_63_126,seq27,r_87_28_98,1.0,0,98,98,44
95,seq105,seq100,r_85_102_21,r_85_102_21,0.65,23,44,21,44
31,r_31_58_155,seq38,r_144_32_108,r_144_32_108,0.82,4,112,108,44
41,r_39_45_3,r_41_7_131,r_49_42_93,r_41_7_131,0.99,-15,116,131,44
16,r_97_129_19,r_96_115_144,seq131,r_97_129_19,0.99,-1,18,19,44
3,r_73_53_161,seq76,r_31_58_155,r_73_53_161,0.98,0,161,161,44
26,r_108_16_97,seq109,seq15,r_108_16_97,0.96,0,97,97,44
4,r_99_140_130,r_96_115_144,seq139,r_99_140_130,0.94,0,130,130,44
0,r_40_19_65,r_46_143_159,r_106_21_10,r_40_19_65,1.0,0,65,65,44
15,r_64_20_78,r_61_121_171,r_40_19_65,r_64_20_78,1.0,0,78,78,44
31,r_31_58_155,r_144_32_108,seq57,r_31_58_155,0.86,0,155,155,44
49,r_85_102_21,seq105,r_98_103_84,r_98_103_84,0.99,17,101,84,44
37,r_46_143_159,r_51_44_148,seq145,r_46_143_159,1.0,0,159,159,44
27,r_112_18_83,r_108_16_97,r_40_19_65,r_40_19_65,1.0,18,83,65,44
12,r_106_21_10,seq100,seq10,r_106_21_10,1.0,0,10,10,44
2,r_62_91_137,r_61_121_171,seq92,r_62_91_137,0.68,1,138,137,44
47,r_98_103_84,r_96_115_144,r_83_104_41,r_98_103_84,0.63,4,88,84,44
40,r_41_7_131,r_39_45_3,seq3,r_41_7_131,0.96,0,131,131,44
29,r_35_67_179,r_37_36_34,r_117_34_71,r_117_34_71,1.0,12,83,71,44
35,r_114_127_86,r_55_120_43,seq145,r_114_127_86,0.85,8,94,86,44
10,r_5_0_31,seq3,seq1,r_5_0_31,0.72,18,49,31,44
42,r_117_34_71,r_35_67_179,r_37_36_34,r_35_67_179,0.87,0,179,179,44
32,r_124_113_182,r_147_125_14,r_96_115_144,r_124_113_182,0.5,0,182,182,44
38,r_144_32_108,seq141,r_31_58_155,r_144_32_108,0.97,0,108,108,44
77,seq57,r_46_143_159,r_11_56_100,r_11_56_100,0.72,10,110,100,44
21,r_118_54_191,r_112_18_83,r_55_120_43,r_118_54_191,1.0,-140,51,191,44
34,r_133_101_75,seq131,seq100,r_133_101_75,0.98,1,76,75,44
49,r_85_102_21,r_87_28_98,seq105,r_85_102_21,0.97,0,21,21,44
48,r_26_128_23,r_30_132_172,r_97_129_19,r_26_128_23,0.87,0,23,23,44
45,r_147_125_14,r_124_113_182,r_48_126_112,r_48_126_112,1.0,28,140,112,44
17,r_48_126_112,r_46_143_159,r_147_125_14,r_48_126_112,0.77,0,112,112,44
94,seq100,seq105,r_133_101_75,r_133_101_75,0.71,1,76,75,44
9,r_78_33_184,seq79,r_117_34_71,r_78_33_184,0.71,0,184,184,44
96,seq107,seq100,r_55_120_43,r_55_120_43,1.0,23,66,43,44
29,r_35_67_179,r_117_34_71,r_81_68_90,r_35_67_179,0.66,0,179,179,44
22,r_6_74_127,seq3,seq76,r_6_74_127,0.96,1,128,127,44
28,r_75_111_125,seq76,r_119_110_80,r_75_111_125,1.0,0,125,125,44
91,seq92,r_88_63_126,r_59_89_63,r_59_89_63,0.46,63,126,63,44
7,r_59_89_63,r_61_121_171,seq92,r_59_89_63,0.99,5,68,63,44
44,r_11_56_100,seq10,seq57,r_11_56_100,1.0,0,100,100,44
11,r_95_13_32,r_96_115_144,seq12,r_95_13_32,1.0,0,32,32,44
23,r_88_63_126,seq92,seq60,r_88_63_126,0.96,0,126,126,44
35,r_114_127_86,r_112_18_83,r_55_120_43,r_55_120_43,0.64,38,81,43,44
12,r_50_31_87,r_30_20_146,r_19_32_40,r_30_20_146,1.0,0,146,146,45
30,r_62_95_115,r_60_1_192,seq94,r_62_95_115,0.97,0,115,115,45
23,r_148_49_18,r_144_21_148,seq52,r_148_49_18,0.96,0,18,18,45
27,r_47_5_20,seq43,seq6,r_47_5_20,0.84,0,20,20,45
14,r_14_93_169,r_4_10_10,r_62_95_115,r_14_93_169,0.46,0,169,169,45
53,seq6,r_7_132_63,r_47_5_20,r_7_132_63,0.71,0,63,63,45
43,r_115_75_175,r_114_15_67,seq116,r_114_15_67,1.0,0,67,67,45
54,seq9,r_14_93_169,r_114_15_67,r_114_15_67,1.0,91,158,67,45
3,r_73_128_35,r_71_107_99,seq129,r_73_128_35,0.88,0,35,35,45
16,r_36_74_19,r_35_67_62,seq72,r_36_74_19,0.98,2,21,19,45
21,r_133_37_105,r_127_102_124,seq40,r_133_37_105,0.57,2,107,105,45
1,r_30_20_146,seq33,r_50_31_87,r_50_31_87,1.0,18,105,87,45
42,r_91_26_170,seq90,r_11_24_41,r_91_26_170,0.37,1,171,170,45
80,seq68,seq87,r_44_79_121,r_44_79_121,0.73,-3,118,121,45
98,seq123,r_127_102_124,r_108_125_46,r_127_102_124,1.0,-65,59,124,45
1,r_30_20_146,r_50_31_87,r_144_21_148,r_30_20_146,0.87,2,148,146,45
29,r_110_17_145,r_71_107_99,seq18,r_110_17_145,1.0,0,145,145,45
45,r_38_89_85,seq41,seq90,r_38_89_85,0.99,1,86,85,45
24,r_92_149_45,r_142_113_185,seq145,r_142_113_185,0.66,-18,167,185,45
19,r_44_79_121,seq45,r_134_80_12,r_44_79_121,0.84,2,123,121,45
41,r_88_122_69,seq87,seq121,r_88_122_69,0.98,0,69,69,45
96,seq116,r_115_75_175,r_71_107_99,r_71_107_99,0.75,70,169,99,45
20,r_103_64_59,seq104,seq63,r_103_64_59,1.0,0,59,59,45
4,r_101_139_76,r_100_83_178,seq140,r_101_139_76,1.0,0,76,76,45
46,r_84_61_155,r_146_85_33,seq57,r_84_61_155,0.75,1,156,155,45
15,r_56_119_66,r_62_95_115,seq121,r_56_119_66,0.99,0,66,66,45
17,r_19_32_40,r_22_29_166,seq33,r_19_32_40,1.0,-3,37,40,45
57,seq13,r_14_93_169,r_4_10_10,r_14_93_169,0.98,0,169,169,45
13,r_22_29_166,seq18,r_30_20_146,r_22_29_166,0.34,-17,149,166,45
6,r_127_102_124,seq129,seq104,r_127_102_124,0.97,0,124,124,45
62,seq23,r_25_66_187,r_11_24_41,r_11_24_41,0.95,101,142,41,45
85,seq141,r_142_113_185,r_92_149_45,r_92_149_45,1.0,37,82,45,45
5,r_108_125_46,seq121,seq123,r_108_125_46,0.51,69,115,46,45
5,r_108_125_46,r_110_17_145,seq121,r_108_125_46,0.59,7,53,46,45
34,r_146_85_33,r_144_21_148,r_84_61_155,r_146_85_33,1.0,0,33,33,45
39,r_11_24_41,r_12_111_47,seq23,r_11_24_41,0.95,0,41,41,45
2,r_35_67_62,r_38_89_85,seq65,r_35_67_62,0.54,10,72,62,45
40,r_81_69_118,r_82_53_136,r_134_80_12,r_82_53_136,0.57,-41,95,136,45
18,r_25_66_187,seq23,r_135_55_36,r_135_55_36,0.64,151,187,36,45
29,r_110_17_145,r_109_76_104,r_71_107_99,r_110_17_145,0.97,-41,104,145,45
49,r_34_46_26,seq33,seq45,r_34_46_26,1.0,0,26,26,45
48,r_12_111_47,seq13,seq112,r_12_111_47,1.0,0,47,47,45
34,r_146_85_33,r_84_61_155,r_134_80_12,r_84_61_155,0.99,1,156,155,45
25,r_131_120_119,r_127_102_124,r_56_119_66,r_131_120_119,0.94,3,122,119,45
33,r_109_76_104,r_110_17_145,seq77,r_109_76_104,1.0,0,104,104,45
31,r_16_3_34,seq18,seq2,r_16_3_34,0.97,0,34,34,45
44,r_118_39_108,seq116,seq40,r_118_39_108,1.0,0,108,108,45
32,r_4_10_10,r_14_93_169,r_114_15_67,r_114_15_67,1.0,102,169,67,45
38,r_71_107_99,seq72,r_12_111_47,r_71_107_99,1.0,1,100,99,45
44,r_118_39_108,r_117_70_52,seq116,r_117_70_52,1.0,0,52,52,45
60,seq18,r_22_29_166,r_110_17_145,r_110_17_145,0.99,4,149,145,45
13,r_22_29_166,r_19_32_40,seq18,r_19_32_40,1.0,6,46,40,45
0,r_135_55_36,r_127_102_124,seq58,r_135_55_36,1.0,1,37,36,45
9,r_144_21_148,seq145,r_30_20_146,r_144_21_148,0.89,0,148,148,45
37,r_134_80_12,r_81_69_118,r_146_85_33,r_146_85_33,0.78,130,163,33,45
22,r_8_99_60,r_7_132_63,seq97,r_8_99_60,0.99,0,60,60,45
7,r_7_132_63,seq6,seq129,r_7_132_63,1.0,0,63,63,45
13,r_22_29_166,r_30_20_146,seq27,r_22_29_166,0.73,0,166,166,45
11,r_117_70_52,r_118_39_108,r_36_74_19,r_117_70_52,1.0,0,52,52,45
37,r_134_80_12,r_135_55_36,r_81_69_118,r_134_80_12,0.95,1,13,12,45
52,seq2,r_4_10_10,r_16_3_34,r_16_3_34,0.93,7,41,34,45
35,r_114_15_67,r_115_75_175,r_4_10_10,r_114_15_67,1.0,0,67,67,45
95,seq112,r_110_17_145,r_12_111_47,r_12_111_47,0.48,4,51,47,45
12,r_50_31_87,seq51,r_30_20_146,r_50_31_87,0.98,0,87,87,45
24,r_92_149_45,seq94,r_142_113_185,r_92_149_45,1.0,0,45,45,45
46,r_84_61_155,r_82_53_136,r_146_85_33,r_146_85_33,1.0,13,46,33,45
40,r_59_104_39,r_106_84_110,r_20_105_92,r_59_104_39,0.95,71,110,39,46
8,r_101_54_96,r_100_5_195,seq52,r_101_54_96,0.94,1,97,96,46
43,r_111_80_113,seq112,seq81,r_111_80_113,0.9,2,115,113,46
60,seq142,r_143_125_137,r_88_141_32,r_88_141_32,0.99,1,33,32,46
40,r_59_104_39,r_51_40_116,r_106_84_110,r_59_104_39,1.0,0,39,39,46
30,r_79_117_148,r_95_97_107,r_113_78_40,r_113_78_40,0.97,-1,39,40,46
86,seq83,seq86,r_106_84_110,r_106_84_110,0.93,2,112,110,46
16,r_29_17_171,r_32_30_17,seq19,r_29_17_171,0.52,1,172,171,46
21,r_144_140_112,r_143_125_137,seq139,r_144_140_112,0.66,7,119,112,46
1,r_2_26_161,r_99_1_63,seq27,r_99_1_63,0.7,98,161,63,46
1,r_2_26_161,seq3,r_99_1_63,r_99_1_63,1.0,3,66,63,46
5,r_33_108_93,r_32_30_17,seq110,r_33_108_93,0.71,0,93,93,46
46,r_44_121_85,seq43,seq122,r_44_121_85,1.0,0,85,85,46
42,r_107_130_177,r_106_84_110,seq110,r_106_84_110,0.95,-4,106,110,46
15,r_89_77_26,r_100_5_195,seq86,r_89_77_26,0.48,108,134,26,46
62,seq145,r_144_140_112,r_120_147_54,r_120_147_54,0.96,-2,52,54,46
27,r_106_84_110,r_59_104_39,seq83,r_106_84_110,1.0,0,110,110,46
31,r_14_123_144,r_11_135_162,seq122,r_14_123_144,0.72,1,145,144,46
41,r_67_98_72,r_69_16_165,r_95_97_107,r_69_16_165,0.95,-86,79,165,46
67,seq27,r_28_126_73,seq22,r_28_126_73,1.0,-1,72,73,46
3,r_143_125_137,seq145,r_28_126_73,r_28_126_73,1.0,75,148,73,46
26,r_99_1_63,r_101_54_96,r_2_26_161,r_99_1_63,1.0,0,63,63,46
14,r_113_78_40,r_79_117_148,seq81,r_79_117_148,1.0,3,151,148,46
0,r_102_91_5,r_92_24_186,r_89_77_26,r_92_24_186,0.55,0,186,186,46
63,seq19,seq21,r_76_18_132,r_76_18_132,1.0,7,139,132,46
20,r_76_18_132,seq75,seq19,r_76_18_132,0.99,0,132,132,46
13,r_51_40_116,seq50,seq41,r_51_40_116,0.6,14,130,116,46
44,r_120_147_54,seq122,seq145,r_120_147_54,0.97,-3,51,54,46
48,r_103_35_146,r_106_84_110,r_109_36_151,r_106_84_110,1.0,-2,108,110,46
85,seq81,r_82_47_187,r_113_78_40,r_113_78_40,0.97,147,187,40,46
99,seq127,r_134_137_174,r_28_126_73,r_28_126_73,1.0,14,87,73,46
70,seq37,r_38_93_58,r_29_17_171,r_38_93_58,0.99,1,59,58,46
30,r_79_117_148,r_113_78_40,r_96_119_98,r_113_78_40,0.58,111,151,40,46
2,r_70_39_66,r_69_16_165,seq37,r_70_39_66,0.96,0,66,66,46
47,r_25_133_169,seq27,r_136_129_62,r_25_133_169,0.65,0,169,169,46
4,r_7_115_47,seq9,seq112,r_7_115_47,1.0,0,47,47,46
74,seq49,seq50,r_72_56_15,r_72_56_15,0.63,131,146,15,46
18,r_92_24_186,r_102_91_5,seq22,r_92_24_186,0.39,0,186,186,46
61,seq15,seq21,r_69_16_165,r_69_16_165,1.0,25,190,165,46
25,r_28_126_73,seq27,seq127,r_28_126_73,1.0,0,73,73,46
33,r_63_8_127,r_64_146_190,seq10,r_63_8_127,0.99,0,127,127,46
64,seq21,r_20_105_92,seq19,r_20_105_92,1.0,-5,87,92,46
50,seq0,r_2_26_161,r_99_1_63,r_99_1_63,1.0,98,161,63,46
45,r_61_58_192,seq60,r_148_62_8,r_148_62_8,0.91,7,15,8,46
42,r_107_130_177,seq110,r_136_129_62,r_107_130_177,0.83,1,178,177,46
38,r_96_119_98,r_95_97_107,seq118,r_96_119_98,0.99,-3,95,98,46
52,seq3,r_2_26_161,r_114_4_87,r_114_4_87,1.0,7,94,87,46
6,r_6_57_36,r_7_115_47,r_72_56_15,r_6_57_36,1.0,0,36,36,46
17,r_100_5_195,r_101_54_96,r_67_98_72,r_101_54_96,0.99,-3,93,96,46
27,r_106_84_110,r_114_4_87,r_59_104_39,r_106_84_110,0.59,-70,40,110,46
39,r_72_56_15,r_70_39_66,seq49,r_72_56_15,0.72,0,15,15,46
26,r_99_1_63,r_2_26_161,seq0,r_2_26_161,0.95,0,161,161,46
32,r_48_73_20,r_46_42_70,seq74,r_48_73_20,0.99,0,20,20,46
28,r_95_97_107,seq94,r_67_98_72,r_95_97_107,0.62,1,108,107,46
91,seq94,r_95_97_107,seq86,r_95_97_107,0.98,13,120,107,46
49,r_11_135_162,seq10,r_136_129_62,r_11_135_162,0.88,0,162,162,46
7,r_114_4_87,r_111_80_113,seq3,r_114_4_87,1.0,0,87,87,46
11,r_88_141_32,r_95_97_107,seq142,r_88_141_32,0.9,0,32,32,46
23,r_69_16_165,seq68,seq15,r_69_16_165,0.46,0,165,165,46
19,r_38_93_58,seq37,seq86,r_38_93_58,0.95,0,58,58,46
14,r_113_78_40,r_114_4_87,r_79_117_148,r_113_78_40,0.98,-2,38,40,46
12,r_20_105_92,seq21,r_59_104_39,r_20_105_92,1.0,0,92,92,46
4,r_98_59_28,seq96,seq55,r_98_59_28,0.9,1,29,28,47
14,r_107_38_170,r_106_76_189,seq36,r_107_38_170,0.68,0,170,170,47
43,r_26_143_165,seq27,r_54_117_150,r_26_143_165,0.61,0,165,165,47
37,r_121_19_113,seq120,r_18_73_172,r_121_19_113,1.0,0,113,113,47
59,seq17,r_14_30_108,r_128_15_95,r_128_15_95,1.0,18,113,95,47
86,seq94,r_93_23_185,seq91,r_93_23_185,0.73,-9,176,185,47
16,r_42_58_139,r_43_81_138,seq57,r_42_58_139,0.92,0,139,139,47
26,r_108_97_16,r_109_148_109,seq96,r_108_97_16,0.88,0,16,16,47
21,r_44_77_117,r_43_81_138,r_95_80_10,r_44_77_117,0.98,0,117,117,47
39,r_106_76_189,r_107_38_170,r_64_102_80,r_64_102_80,0.92,90,170,80,47
5,r_3_144_79,seq8,seq149,r_3_144_79,0.99,0,79,79,47
7,r_20_32_47,r_18_73_172,seq34,r_20_32_47,0.6,8,55,47,47
1,r_11_71_39,r_10_12_30,r_136_72_4,r_11_71_39,1.0,0,39,39,47
7,r_20_32_47,seq34,r_110_40_112,r_110_40_112,0.99,27,139,112,47
45,r_89_146_168,r_90_56_169,r_109_148_109,r_90_56_169,0.78,0,169,169,47
19,r_39_134_195,r_43_81_138,r_37_87_197,r_43_81_138,0.97,-20,118,138,47
11,r_142_45_161,seq140,r_46_47_18,r_142_45_161,0.84,0,161,161,47
0,r_18_73_172,r_121_19_113,r_11_71_39,r_18_73_172,1.0,0,172,172,47
95,seq120,r_121_19_113,seq119,r_121_19_113,1.0,1,114,113,47
11,r_142_45_161,r_129_131_179,seq140,r_142_45_161,0.49,-124,37,161,47
89,seq100,r_101_79_133,seq99,r_101_79_133,1.0,0,133,133,47
10,r_101_79_133,seq100,r_95_80_10,r_101_79_133,0.86,0,133,133,47
47,r_74_33_57,r_136_72_4,seq34,r_74_33_57,1.0,1,58,57,47
0,r_18_73_172,r_29_22_51,r_121_19_113,r_121_19_113,0.99,1,114,113,47
13,r_139_88_186,seq138,r_145_92_32,r_139_88_186,0.4,1,187,186,47
15,r_43_81_138,r_42_58_139,seq83,r_43_81_138,0.81,0,138,138,47
48,r_113_70_76,r_114_21_81,r_11_71_39,r_113_70_76,1.0,1,77,76,47
57,seq138,r_139_88_186,r_135_116_46,r_139_88_186,0.47,-1,185,186,47
12,r_95_80_10,r_13_78_8,r_101_79_133,r_101_79_133,0.97,7,140,133,47
33,r_28_133_14,r_29_22_51,seq130,r_28_133_14,0.99,0,14,14,47
6,r_109_148_109,seq112,seq147,r_109_148_109,1.0,0,109,109,47
5,r_3_144_79,seq149,r_106_76_189,r_3_144_79,0.44,92,171,79,47
27,r_64_102_80,r_66_65_110,seq104,r_64_102_80,0.98,0,80,80,47
12,r_95_80_10,r_98_59_28,r_13_78_8,r_95_80_10,0.93,0,10,10,47
22,r_125_75_43,seq126,r_136_72_4,r_125_75_43,1.0,0,43,43,47
30,r_135_116_46,seq130,seq119,r_135_116_46,0.63,5,51,46,47
18,r_114_21_81,seq115,seq27,r_114_21_81,1.0,0,81,81,47
29,r_145_92_32,seq147,seq94,r_145_92_32,0.97,3,35,32,47
37,r_121_19_113,r_18_73_172,r_128_15_95,r_18_73_172,1.0,0,172,172,47
58,seq140,r_142_45_161,r_82_141_152,r_142_45_161,0.76,-8,153,161,47
32,r_54_117_150,seq53,seq119,r_54_117_150,0.88,0,150,150,47
34,r_90_56_169,seq91,r_42_58_139,r_90_56_169,0.71,0,169,169,47
31,r_136_72_4,r_74_33_57,r_125_75_43,r_136_72_4,0.77,54,58,4,47
39,r_106_76_189,r_64_102_80,r_44_77_117,r_64_102_80,0.76,109,189,80,47
9,r_93_23_185,seq94,r_29_22_51,r_29_22_51,0.98,134,185,51,47
28,r_128_15_95,seq123,seq17,r_128_15_95,1.0,0,95,95,47
49,r_41_137_105,r_43_81_138,seq138,r_41_137_105,0.77,0,105,105,47
23,r_35_61_92,r_37_87_197,seq62,r_35_61_92,1.0,1,93,92,47
51,seq4,r_2_113_167,seq0,r_2_113_167,0.74,0,167,167,48
36,r_45_10_62,seq46,r_9_68_80,r_45_10_62,0.58,2,64,62,48
37,r_103_117_16,seq100,seq116,r_103_117_16,0.78,0,16,16,48
29,r_56_60_190,r_55_64_83,r_33_53_4,r_56_60_190,0.81,-145,45,190,48
43,r_15_51_108,seq16,seq52,r_15_51_108,0.87,0,108,108,48
83,seq86,seq74,r_111_87_146,r_111_87_146,1.0,8,154,146,48
86,seq96,seq93,r_134_97_154,r_134_97_154,0.78,4,158,154,48
16,r_26_119_94,seq27,seq120,r_26_119_94,1.0,0,94,94,48
21,r_7_20_109,seq8,seq21,r_7_20_109,0.76,5,114,109,48
91,seq105,seq100,r_91_104_31,r_91_104_31,0.89,21,52,31,48
1,r_122_72_64,seq120,seq75,r_122_72_64,1.0,1,65,64,48
46,r_145_34_128,seq149,r_77_35_58,r_145_34_128,0.8,0,128,128,48
42,r_141_73_88,seq142,seq75,r_141_73_88,1.0,1,89,88,48
19,r_9_68_80,r_45_10_62,seq75,r_9_68_80,0.61,0,80,80,48
45,r_3_58_130,seq4,seq57,r_3_58_130,0.99,0,130,130,48
19,r_9_68_80,seq5,r_45_10_62,r_45_10_62,0.9,8,70,62,48
64,seq132,r_131_138_93,r_88_129_44,r_88_129_44,0.86,-3,41,44,48
20,r_65_18_117,r_55_64_83,seq19,r_65_18_117,0.68,1,118,117,48
76,seq62,r_63_108_133,seq59,r_63_108_133,0.98,0,133,133,48
38,r_91_104_31,r_94_29_137,seq105,r_91_104_31,0.78,0,31,31,48
31,r_1_109_145,r_2_113_167,r_90_110_65,r_90_110_65,0.5,80,145,65,48
41,r_111_87_146,seq112,seq86,r_111_87_146,0.99,0,146,146,48
30,r_22_89_34,seq21,seq96,r_22_89_34,0.97,0,34,34,48
3,r_77_35_58,r_76_128_67,seq32,r_77_35_58,1.0,0,58,58,48
10,r_6_17_141,seq8,r_65_18_117,r_65_18_117,0.99,27,144,117,48
26,r_131_138_93,seq132,r_130_136_3,r_131_138_93,0.91,0,93,93,48
4,r_24_118_125,seq27,r_103_117_16,r_24_118_125,0.95,0,125,125,48
0,r_31_71_84,seq32,r_122_72_64,r_31_71_84,0.95,0,84,84,48
73,seq52,seq57,r_15_51_108,r_15_51_108,1.0,5,113,108,48
11,r_94_29_137,r_95_36_170,r_99_30_119,r_94_29_137,0.66,0,137,137,48
7,r_98_61_139,r_91_104_31,seq62,r_98_61_139,1.0,0,139,139,48
20,r_65_18_117,r_66_127_100,r_55_64_83,r_66_127_100,0.63,0,100,100,48
13,r_126_147_96,r_125_146_140,r_69_148_98,r_69_148_98,1.0,0,98,98,48
15,r_90_110_65,seq93,seq112,r_90_110_65,0.98,0,65,65,48
6,r_55_64_83,r_54_11_157,seq75,r_55_64_83,0.77,0,83,83,48
62,seq19,seq21,r_6_17_141,r_6_17_141,0.97,-4,137,141,48
99,seq149,r_145_34_128,r_69_148_98,r_69_148_98,0.83,21,119,98,48
27,r_2_113_167,seq4,r_24_118_125,r_2_113_167,0.52,0,167,167,48
76,seq62,seq59,r_98_61_139,r_98_61_139,0.58,14,153,139,48
87,seq144,seq149,r_126_147_96,r_126_147_96,0.83,-6,90,96,48
47,r_99_30_119,r_98_61_139,seq27,r_99_30_119,1.0,0,119,119,48
40,r_14_106_188,seq16,r_63_108_133,r_63_108_133,0.79,55,188,133,48
74,seq57,seq52,r_33_53_4,r_33_53_4,0.81,66,70,4,48
18,r_38_133_132,r_44_28_175,r_66_127_100,r_38_133_132,0.84,0,132,132,48
25,r_69_148_98,seq74,seq149,r_69_148_98,1.0,0,98,98,48
39,r_12_114_59,seq13,r_103_117_16,r_12_114_59,1.0,0,59,59,48
61,seq16,r_14_106_188,r_6_17_141,r_6_17_141,0.95,47,188,141,48
28,r_54_11_157,r_55_64_83,r_33_53_4,r_54_11_157,0.9,-112,45,157,48
34,r_66_127_100,r_65_18_117,seq132,r_66_127_100,1.0,0,100,100,48
60,seq143,r_111_87_146,seq140,r_111_87_146,0.95,-45,101,146,48
17,r_134_97_154,r_125_146_140,seq96,r_134_97_154,0.58,-2,152,154,48
9,r_76_128_67,r_69_148_98,seq132,r_76_128_67,0.89,0,67,67,48
28,r_54_11_157,r_33_53_4,r_45_10_62,r_54_11_157,0.82,0,157,157,48
36,r_45_10_62,r_9_68_80,seq21,r_9_68_80,0.94,0,80,80,48
49,r_83_115_110,seq84,r_103_117_16,r_83_115_110,1.0,0,110,110,48
7,r_98_61_139,r_99_30_119,r_91_104_31,r_98_61_139,0.85,-20,119,139,48
44,r_125_146_140,seq132,r_69_148_98,r_69_148_98,1.0,52,150,98,48
82,seq84,r_83_115_110,r_25_82_8,r_83_115_110,1.0,-32,78,110,48
35,r_44_28_175,seq41,r_94_29_137,r_94_29_137,0.97,38,175,137,48
24,r_88_129_44,seq96,seq132,r_88_129_44,0.93,-13,31,44,48
12,r_63_108_133,seq62,seq107,r_63_108_133,1.0,0,133,133,48
36,r_45_10_62,seq21,r_54_11_157,r_54_11_157,0.95,1,158,157,48
14,r_39_23_39,r_38_133_132,seq27,r_39_23_39,1.0,0,39,39,48
2,r_50_47_45,seq49,seq48,r_50_47_45,1.0,0,45,45,48
30,r_143_127_76,r_148_75_125,r_17_128_24,r_143_127_76,0.93,0,76,76,49
20,r_52_98_15,r_73_28_136,r_99_119_194,r_52_98_15,1.0,-3,12,15,49
14,r_13_7_104,r_14_31_180,seq4,r_13_7_104,0.98,0,104,104,49
8,r_27_64_190,seq23,r_77_25_73,r_77_25_73,1.0,-1,72,73,49
11,r_41_18_29,seq39,r_9_20_49,r_41_18_29,0.75,0,29,29,49
26,r_77_25_73,seq85,r_123_76_32,r_123_76_32,0.68,5,37,32,49
37,r_135_100_116,seq134,r_52_98_15,r_135_100_116,0.98,0,116,116,49
43,r_99_119_194,seq103,r_52_98_15,r_52_98_15,0.97,-1,14,15,49
59,seq16,r_19_11_131,r_130_15_88,r_130_15_88,1.0,24,112,88,49
29,r_125_91_52,seq126,seq92,r_125_91_52,1.0,-1,51,52,49
1,r_26_112_69,r_27_64_190,r_111_114_102,r_26_112_69,1.0,0,69,69,49
46,r_146_57_147,r_145_116_119,r_81_147_18,r_146_57_147,0.78,-26,121,147,49
42,r_35_107_167,seq36,r_24_108_36,r_24_108_36,0.69,131,167,36,49
73,seq53,r_56_48_96,r_121_58_26,r_121_58_26,0.7,3,29,26,49
27,r_132_95_25,seq133,seq97,r_132_95_25,1.0,0,25,25,49
19,r_73_28_136,r_69_1_138,r_77_25_73,r_73_28_136,0.48,0,136,136,49
71,seq45,r_44_38_98,r_43_46_75,r_44_38_98,1.0,-43,55,98,49
15,r_9_20_49,seq8,r_19_11_131,r_9_20_49,0.88,-8,41,49,49
15,r_9_20_49,r_19_11_131,r_41_18_29,r_9_20_49,0.67,87,136,49,49
76,seq62,r_69_1_138,r_55_63_66,r_69_1_138,0.97,-70,68,138,49
31,r_130_15_88,seq129,seq16,r_130_15_88,1.0,0,88,88,49
41,r_33_71_62,r_30_66_151,seq68,r_33_71_62,0.97,-1,61,62,49
67,seq36,r_35_107_167,r_44_38_98,r_44_38_98,0.92,69,167,98,49
54,seq8,r_9_20_49,seq12,r_9_20_49,0.87,0,49,49,49
3,r_102_93_114,seq104,seq92,r_102_93_114,0.53,0,114,114,49
90,seq97,seq96,r_132_95_25,r_132_95_25,0.99,51,76,25,49
47,r_81_147_18,seq85,seq149,r_81_147_18,0.98,0,18,18,49
8,r_27_64_190,r_77_25_73,r_30_66_151,r_30_66_151,0.93,39,190,151,49
72,seq47,r_73_28_136,r_37_49_13,r_37_49_13,0.83,-2,11,13,49
78,seq68,r_69_1_138,r_33_71_62,r_33_71_62,0.61,3,65,62,49
63,seq23,seq22,r_73_28_136,r_73_28_136,1.0,16,152,136,49
16,r_54_80_56,r_56_48_96,seq82,r_54_80_56,0.96,1,57,56,49
46,r_146_57_147,r_81_147_18,r_121_58_26,r_146_57_147,0.99,0,147,147,49
68,seq134,r_135_100_116,r_29_136_16,r_29_136_16,0.98,0,16,16,49
13,r_145_116_119,r_146_57_147,r_21_115_33,r_145_116_119,0.94,2,121,119,49
23,r_131_50_23,r_130_15_88,r_37_49_13,r_131_50_23,0.98,1,24,23,49
6,r_56_48_96,seq53,r_37_49_13,r_56_48_96,0.83,0,96,96,49
0,r_19_11_131,seq16,r_9_20_49,r_9_20_49,0.79,-15,34,49,49
99,seq126,r_124_72_171,r_143_127_76,r_143_127_76,0.98,96,172,76,49
0,r_19_11_131,r_9_20_49,seq12,r_19_11_131,0.55,5,136,131,49
2,r_3_94_172,seq5,r_132_95_25,r_3_94_172,0.63,1,173,172,49
4,r_17_128_24,seq16,seq129,r_17_128_24,1.0,0,24,24,49
25,r_74_89_63,r_73_28_136,seq90,r_74_89_63,1.0,1,64,63,49
33,r_111_114_102,seq122,r_26_112_69,r_26_112_69,1.0,2,71,69,49
61,seq149,r_148_75_125,r_81_147_18,r_148_75_125,0.82,-27,98,125,49
32,r_69_1_138,seq68,r_2_10_199,r_69_1_138,0.89,0,138,138,49
12,r_138_105_37,r_139_51_198,seq104,r_138_105_37,1.0,0,37,37,49
38,r_148_75_125,seq149,seq68,r_148_75_125,0.96,0,125,125,49
5,r_37_49_13,r_41_18_29,seq47,r_37_49_13,1.0,0,13,13,49
36,r_21_115_33,seq22,seq117,r_21_115_33,1.0,0,33,33,49
34,r_124_72_171,seq126,r_148_75_125,r_124_72_171,0.45,1,172,171,49
81,seq82,r_83_61_176,r_54_80_56,r_54_80_56,1.0,124,180,56,49
17,r_30_66_151,seq32,r_0_65_107,r_30_66_151,0.94,0,151,151,49
48,r_29_136_16,r_30_66_151,seq134,r_29_136_16,0.99,0,16,16,49
9,r_44_38_98,seq45,seq40,r_44_38_98,1.0,1,99,98,49
49,r_14_31_180,r_13_7_104,seq8,r_13_7_104,1.0,0,104,104,49
26,r_77_25_73,r_123_76_32,r_27_64_190,r_77_25_73,1.0,0,73,73,49
35,r_123_76_32,r_130_15_88,seq90,r_123_76_32,0.96,0,32,32,49
44,r_55_63_66,r_56_48_96,seq62,r_56_48_96,0.81,-29,67,96,49
88,seq92,seq96,r_125_91_52,r_125_91_52,0.98,0,52,52,49
10,r_121_58_26,seq122,seq53,r_121_58_26,0.99,1,27,26,49
22,r_42_101_21,r_41_18_29,seq104,r_42_101_21,0.97,-1,20,21,49
30,r_9_95_71,seq10,r_98_115_193,r_9_95_71,1.0,1,72,71,50
14,r_68_111_106,r_69_4_198,r_128_118_84,r_68_111_106,0.73,1,107,106,50
43,r_51_138_88,r_53_103_101,r_48_131_32,r_53_103_101,0.57,-13,88,101,50
5,r_1_65_112,seq3,r_58_0_20,r_58_0_20,1.0,2,22,20,50
86,seq80,r_81_105_62,r_74_79_66,r_74_79_66,1.0,1,67,66,50
16,r_108_89_103,seq110,r_91_87_83,r_108_89_103,0.55,13,116,103,50
21,r_30_26_111,seq31,seq27,r_30_26_111,0.34,3,114,111,50
39,r_81_105_62,seq80,r_146_106_61,r_146_106_61,1.0,6,67,61,50
1,r_82_135_156,seq84,r_22_136_58,r_22_136_58,0.53,99,157,58,50
46,r_121_60_138,seq119,r_52_56_141,r_121_60_138,0.82,0,138,138,50
0,r_58_0_20,r_125_14_55,seq3,r_58_0_20,0.47,146,166,20,50
29,r_22_136_58,r_23_21_150,r_48_131_32,r_23_21_150,0.66,-92,58,150,50
32,r_48_131_32,seq49,r_145_130_14,r_48_131_32,0.99,1,33,32,50
19,r_78_44_169,r_77_88_140,r_69_4_198,r_77_88_140,0.87,0,140,140,50
33,r_91_87_83,r_86_41_172,r_77_88_140,r_91_87_83,0.95,90,173,83,50
11,r_63_104_23,seq59,seq102,r_63_104_23,0.95,0,23,23,50
89,seq92,r_91_87_83,r_9_95_71,r_9_95_71,1.0,39,110,71,50
37,r_76_37_17,r_68_111_106,seq36,r_76_37_17,0.76,-2,15,17,50
13,r_145_130_14,r_146_106_61,r_132_129_152,r_145_130_14,0.65,-3,11,14,50
10,r_112_16_136,r_114_2_191,r_125_14_55,r_114_2_191,0.96,-54,137,191,50
26,r_86_41_172,seq90,r_91_87_83,r_91_87_83,0.53,30,113,83,50
4,r_24_124_125,r_25_39_155,r_48_131_32,r_25_39_155,0.95,-31,124,155,50
20,r_146_106_61,seq142,seq102,r_146_106_61,0.99,0,61,61,50
48,r_35_66_145,seq36,r_5_67_43,r_5_67_43,1.0,103,146,43,50
25,r_125_14_55,r_123_109_166,seq13,r_125_14_55,1.0,1,56,55,50
31,r_15_134_13,seq12,seq133,r_15_134_13,1.0,0,13,13,50
6,r_25_39_155,r_23_21_150,seq40,r_23_21_150,0.43,8,158,150,50
85,seq141,r_139_97_181,r_149_140_102,r_149_140_102,1.0,79,181,102,50
42,r_5_67_43,seq7,r_69_4_198,r_5_67_43,1.0,0,43,43,50
5,r_1_65_112,r_58_0_20,r_69_4_198,r_1_65_112,0.98,2,114,112,50
41,r_72_20_44,r_74_79_66,seq18,r_72_20_44,1.0,2,46,44,50
0,r_58_0_20,r_1_65_112,r_125_14_55,r_58_0_20,0.95,94,114,20,50
19,r_78_44_169,r_69_4_198,r_25_39_155,r_78_44_169,0.82,0,169,169,50
27,r_100_62_75,seq99,seq57,r_100_62_75,0.98,2,77,75,50
87,seq84,r_85_42_120,r_96_83_135,r_85_42_120,0.96,0,120,120,50
2,r_128_118_84,r_123_109_166,seq117,r_128_118_84,0.79,7,91,84,50
47,r_98_115_193,r_96_83_135,r_9_95_71,r_9_95_71,1.0,66,137,71,50
40,r_74_79_66,seq70,seq80,r_74_79_66,1.0,2,68,66,50
18,r_77_88_140,r_78_44_169,r_91_87_83,r_77_88_140,0.77,0,140,140,50
92,seq102,seq101,r_63_104_23,r_63_104_23,1.0,0,23,23,50
33,r_91_87_83,seq92,r_86_41_172,r_91_87_83,0.65,10,93,83,50
44,r_116_47_33,seq117,seq49,r_116_47_33,0.96,0,33,33,50
65,seq27,r_28_137_165,r_30_26_111,r_28_137_165,0.99,5,170,165,50
70,seq36,r_28_137_165,r_76_37_17,r_76_37_17,0.52,-2,15,17,50
38,r_85_42_120,seq84,seq43,r_85_42_120,0.76,0,120,120,50
34,r_38_8_164,seq36,seq7,r_38_8_164,0.89,1,165,164,50
96,seq117,r_116_47_33,seq113,r_116_47_33,1.0,0,33,33,50
94,seq110,r_108_89_103,seq107,r_108_89_103,1.0,7,110,103,50
0,r_58_0_20,seq57,r_1_65_112,r_58_0_20,1.0,1,21,20,50
9,r_123_109_166,r_93_122_8,seq110,r_123_109_166,0.45,3,169,166,50
26,r_86_41_172,r_91_87_83,r_25_39_155,r_86_41_172,1.0,1,173,172,50
22,r_29_120_118,r_28_137_165,seq119,r_29_120_118,0.83,2,120,118,50
28,r_139_97_181,seq141,r_19_94_134,r_139_97_181,0.49,1,182,181,50
7,r_96_83_135,r_98_115_193,seq84,r_96_83_135,0.54,2,137,135,50
23,r_53_103_101,r_52_56_141,r_146_106_61,r_53_103_101,1.0,0,101,101,50
35,r_149_140_102,seq147,seq141,r_149_140_102,1.0,0,102,102,50
12,r_93_122_8,r_123_109_166,r_28_137_165,r_123_109_166,0.56,4,170,166,50
30,r_50_126_69,r_49_42_184,r_116_130_59,r_50_126_69,1.0,0,69,69,51
4,r_73_15_29,r_74_120_104,seq16,r_73_15_29,0.97,0,29,29,51
36,r_24_99_90,seq23,seq101,r_24_99_90,1.0,0,90,90,51
9,r_51_76_48,r_75_148_168,seq78,r_51_76_48,0.46,120,168,48,51
92,seq106,r_109_98_118,r_46_111_67,r_46_111_67,1.0,6,73,67,51
11,r_22_60_26,r_21_107_148,seq62,r_22_60_26,0.59,3,29,26,51
53,seq4,r_5_28_165,seq2,r_5_28_165,0.92,0,165,165,51
43,r_84_61_154,r_82_114_178,r_30_59_88,r_84_61_154,0.87,1,155,154,51
83,seq83,r_82_114_178,r_102_81_47,r_102_81_47,0.82,136,183,47,51
37,r_77_17_83,seq78,seq16,r_77_17_83,1.0,1,84,83,51
55,seq129,r_128_79_179,r_50_126_69,r_50_126_69,1.0,4,73,69,51
21,r_3_132_77,seq2,seq133,r_3_132_77,1.0,0,77,77,51
42,r_70_110_151,seq68,r_46_111_67,r_46_111_67,0.68,87,154,67,51
15,r_20_10_49,r_21_107_148,r_37_7_19,r_20_10_49,0.98,1,50,49,51
45,r_102_81_47,r_103_138_140,r_6_85_32,r_102_81_47,1.0,4,51,47,51
40,r_141_69_24,r_145_45_160,seq68,r_141_69_24,1.0,0,24,24,51
19,r_74_120_104,r_75_148_168,r_115_123_100,r_75_148_168,0.83,-63,105,168,51
9,r_51_76_48,r_50_126_69,r_75_148_168,r_51_76_48,0.98,0,48,48,51
1,r_37_7_19,r_40_38_9,seq9,r_37_7_19,1.0,0,19,19,51
15,r_20_10_49,r_37_7_19,r_105_11_129,r_105_11_129,0.96,24,153,129,51
50,seq0,r_6_85_32,seq9,r_6_85_32,0.81,-5,27,32,51
3,r_145_45_160,seq140,seq27,r_145_45_160,0.87,0,160,160,51
10,r_72_33_120,r_75_148_168,seq31,r_72_33_120,0.84,0,120,120,51
26,r_49_42_184,r_50_126_69,seq55,r_50_126_69,1.0,-3,66,69,51
72,seq135,r_134_52_157,r_3_132_77,r_3_132_77,1.0,78,155,77,51
78,seq62,seq58,r_86_63_142,r_86_63_142,0.91,5,147,142,51
0,r_87_12_60,r_80_48_76,seq13,r_87_12_60,0.81,0,60,60,51
5,r_100_18_35,seq95,seq19,r_100_18_35,1.0,0,35,35,51
20,r_75_148_168,r_74_120_104,r_51_76_48,r_75_148_168,0.76,-95,73,168,51
13,r_80_48_76,r_86_63_142,seq47,r_80_48_76,1.0,0,76,76,51
48,r_93_117_79,r_92_144_117,seq118,r_92_144_117,1.0,-44,73,117,51
17,r_56_137_51,seq55,seq136,r_56_137_51,1.0,0,51,51,51
12,r_143_53_10,seq58,r_134_52_157,r_134_52_157,0.93,21,178,157,51
6,r_82_114_178,seq83,seq113,r_82_114_178,0.24,5,183,178,51
99,seq124,r_128_79_179,r_131_125_125,r_131_125_125,0.84,2,127,125,51
12,r_143_53_10,r_145_45_160,seq58,r_143_53_10,0.9,0,10,10,51
2,r_71_41_63,r_72_33_120,seq36,r_71_41_63,0.75,2,65,63,51
47,r_109_98_118,seq106,r_24_99_90,r_24_99_90,1.0,28,118,90,51
74,seq47,seq31,r_80_48_76,r_80_48_76,1.0,1,77,76,51
18,r_131_125_125,seq135,seq124,r_131_125_125,0.93,0,125,125,51
46,r_6_85_32,r_3_132_77,seq83,r_6_85_32,0.94,1,33,32,51
24,r_21_107_148,seq16,seq106,r_21_107_148,0.72,2,150,148,51
25,r_5_28_165,seq4,r_72_33_120,r_5_28_165,0.83,0,165,165,51
33,r_57_122_114,seq58,r_115_123_100,r_57_122_114,0.97,0,114,114,51
20,r_75_148_168,r_51_76_48,seq147,r_75_148_168,0.95,0,168,168,51
32,r_116_130_59,r_115_123_100,seq129,r_116_130_59,1.0,0,59,59,51
38,r_105_11_129,r_109_98_118,r_20_10_49,r_105_11_129,0.72,1,130,129,51
52,seq2,r_3_132_77,seq4,r_3_132_77,1.0,0,77,77,51
41,r_146_39_27,seq147,seq36,r_146_39_27,1.0,1,28,27,51
39,r_29_112_50,seq31,seq106,r_29_112_50,1.0,1,51,50,51
75,seq136,r_145_45_160,r_56_137_51,r_56_137_51,0.99,0,51,51,51
94,seq113,r_115_123_100,seq118,r_115_123_100,0.63,10,110,100,51
26,r_49_42_184,seq55,r_40_38_9,r_49_42_184,0.4,-7,177,184,51
22,r_92_144_117,seq91,seq140,r_92_144_117,1.0,0,117,117,51
28,r_86_63_142,r_82_114_178,seq62,r_86_63_142,0.79,-2,140,142,51
23,r_30_59_88,seq31,seq62,r_30_59_88,0.5,2,90,88,51
82,seq78,r_77_17_83,r_102_81_47,r_77_17_83,1.0,7,90,83,51
79,seq65,r_64_149_180,r_30_59_88,r_30_59_88,0.55,76,164,88,51
35,r_127_43_109,r_128_79_179,seq44,r_127_43_109,0.99,0,109,109,51
95,seq147,r_145_45_160,r_56_137_51,r_56_137_51,0.93,7,58,51,51
18,r_21_96_22,r_33_105_86,r_98_131_186,r_21_96_22,0.92,-2,20,22,52
36,r_94_32_159,seq92,r_125_25_28,r_125_25_28,0.6,132,160,28,52
34,r_76_23_157,r_64_84_188,r_125_25_28,r_76_23_157,0.62,3,160,157,52
8,r_124_68_110,seq121,seq69,r_124_68_110,1.0,1,111,110,52
43,r_136_97_199,r_135_42_97,seq133,r_135_42_97,1.0,0,97,97,52
83,seq89,seq81,r_30_88_55,r_30_88_55,0.92,33,88,55,52
37,r_59_37_192,r_56_130_77,r_50_57_69,r_56_130_77,0.97,-8,69,77,52
55,seq12,r_11_65_87,seq19,r_11_65_87,0.94,-12,75,87,52
16,r_11_65_87,seq12,seq66,r_11_65_87,0.93,1,88,87,52
1,r_78_29_133,r_76_23_157,r_125_25_28,r_125_25_28,0.92,105,133,28,52
38,r_53_43_74,r_40_58_98,r_135_42_97,r_135_42_97,0.86,1,98,97,52
46,r_129_24_16,r_135_42_97,r_31_26_26,r_31_26_26,0.84,-10,16,26,52
45,r_8_149_51,r_6_148_137,seq146,r_8_149_51,0.84,0,51,51,52
19,r_1_83_122,r_6_148_137,seq82,r_6_148_137,0.97,-13,124,137,52
13,r_98_131_186,seq89,r_21_96_22,r_21_96_22,0.67,-1,21,22,52
35,r_106_140_47,seq109,seq145,r_106_140_47,1.0,0,47,47,52
39,r_4_111_15,r_110_51_172,r_134_113_138,r_134_113_138,0.84,34,172,138,52
31,r_134_113_138,seq133,seq115,r_134_113_138,0.96,0,138,138,52
3,r_30_88_55,r_33_105_86,seq89,r_30_88_55,0.93,0,55,55,52
41,r_62_85_71,r_64_84_188,r_63_86_63,r_64_84_188,0.98,-102,86,188,52
14,r_52_126_40,seq60,seq128,r_52_126_40,1.0,0,40,40,52
26,r_56_130_77,r_59_37_192,seq128,r_56_130_77,1.0,0,77,77,52
4,r_117_137_115,r_119_18_194,r_106_140_47,r_117_137_115,0.95,1,116,115,52
11,r_93_0_111,r_94_32_159,seq16,r_93_0_111,0.42,19,130,111,52
12,r_108_9_29,seq109,r_1_83_122,r_108_9_29,0.93,0,29,29,52
20,r_33_105_86,r_28_55_162,seq109,r_33_105_86,0.79,0,86,86,52
12,r_108_9_29,r_1_83_122,r_75_10_91,r_108_9_29,0.99,63,92,29,52
13,r_98_131_186,r_21_96_22,r_52_126_40,r_21_96_22,0.62,165,187,22,52
6,r_5_139_177,seq2,r_142_141_121,r_5_139_177,0.73,0,177,177,52
62,seq20,r_33_105_86,r_144_22_65,r_144_22_65,0.87,15,80,65,52
5,r_110_51_172,r_4_111_15,r_48_99_196,r_110_51_172,0.67,0,172,172,52
21,r_125_25_28,r_124_68_110,r_31_26_26,r_125_25_28,0.99,0,28,28,52
10,r_6_148_137,r_108_9_29,r_8_149_51,r_6_148_137,0.95,0,137,137,52
27,r_28_55_162,r_31_26_26,r_50_57_69,r_28_55_162,0.48,0,162,162,52
39,r_4_111_15,r_5_139_177,r_110_51_172,r_4_111_15,1.0,1,16,15,52
40,r_44_54_88,r_75_10_91,r_50_57_69,r_75_10_91,0.71,0,91,91,52
29,r_142_141_121,seq145,r_106_140_47,r_106_140_47,1.0,76,123,47,52
24,r_143_79_66,r_144_22_65,seq81,r_143_79_66,0.49,-1,65,66,52
10,r_6_148_137,r_8_149_51,r_108_9_29,r_8_149_51,0.94,-2,49,51,52
35,r_106_140_47,seq145,r_142_141_121,r_142_141_121,0.75,2,123,121,52
33,r_40_58_98,seq39,r_50_57_69,r_40_58_98,0.87,0,98,98,52
65,seq35,seq34,r_61_36_19,r_61_36_19,0.96,1,20,19,52
32,r_75_10_91,r_78_29_133,r_108_9_29,r_75_10_91,0.78,0,91,91,52
38,r_53_43_74,r_56_130_77,r_40_58_98,r_53_43_74,0.81,2,76,74,52
34,r_76_23_157,r_78_29_133,r_64_84_188,r_78_29_133,0.55,0,133,133,52
22,r_132_77_156,seq133,r_13_74_30,r_132_77_156,0.43,1,157,156,52
28,r_50_57_69,seq49,r_59_37_192,r_50_57_69,0.55,11,80,69,52
49,r_7_107_68,r_6_148_137,seq109,r_6_148_137,0.58,-74,63,137,52
18,r_21_96_22,r_98_131_186,r_30_88_55,r_98_131_186,0.64,1,187,186,52
44,r_63_86_63,r_64_84_188,seq87,r_63_86_63,0.86,0,63,63,52
23,r_135_42_97,r_136_97_199,r_53_43_74,r_135_42_97,1.0,-1,96,97,52
82,seq87,seq81,r_63_86_63,r_63_86_63,0.97,3,66,63,52
5,r_110_51_172,seq112,r_4_111_15,r_4_111_15,1.0,9,24,15,52
42,r_61_36_19,r_62_85_71,seq35,r_61_36_19,0.93,-1,18,19,52
30,r_48_34_102,seq47,r_104_35_46,r_104_35_46,1.0,61,107,46,53
33,r_4_20_197,seq6,r_45_5_51,r_4_20_197,0.64,-146,51,197,53
9,r_114_14_117,r_122_113_36,r_100_15_33,r_114_14_117,1.0,2,119,117,53
62,seq23,r_22_9_191,r_144_24_26,r_144_24_26,1.0,2,28,26,53
8,r_36_78_122,seq37,seq80,r_36_78_122,1.0,0,122,122,53
43,r_97_42_72,r_99_53_146,seq43,r_97_42_72,0.92,0,72,72,53
9,r_114_14_117,r_111_115_159,r_122_113_36,r_122_113_36,1.0,-2,34,36,53
83,seq86,seq88,r_65_85_69,r_65_85_69,1.0,76,145,69,53
7,r_77_55_106,r_82_136_115,r_108_76_41,r_108_76_41,0.95,1,42,41,53
34,r_108_76_41,seq106,r_77_55_106,r_108_76_41,0.93,1,42,41,53
46,r_90_124_128,seq86,seq125,r_90_124_128,0.99,0,128,128,53
42,r_138_107_172,r_139_8_188,seq106,r_138_107_172,0.74,0,172,172,53
7,r_77_55_106,r_108_76_41,r_46_54_65,r_77_55_106,0.96,0,106,106,53
45,r_133_13_112,seq132,r_100_15_33,r_133_13_112,0.81,1,113,112,53
19,r_129_79_165,seq128,seq80,r_129_79_165,0.86,0,165,165,53
66,seq37,r_36_78_122,r_17_38_73,r_36_78_122,0.93,-15,107,122,53
97,seq121,r_118_120_119,r_29_123_114,r_29_123_114,1.0,2,116,114,53
31,r_99_53_146,r_94_92_50,r_77_55_106,r_94_92_50,0.99,96,146,50,53
41,r_142_1_105,r_139_8_188,r_127_2_101,r_139_8_188,1.0,-83,105,188,53
58,seq16,r_17_38_73,r_100_15_33,r_100_15_33,1.0,1,34,33,53
23,r_144_24_26,r_148_145_8,seq23,r_144_24_26,1.0,0,26,26,53
38,r_46_54_65,r_48_34_102,seq58,r_46_54_65,0.55,-6,59,65,53
26,r_127_2_101,r_126_116_183,r_83_0_53,r_127_2_101,0.99,0,101,101,53
4,r_17_38_73,seq16,seq37,r_17_38_73,0.63,-2,71,73,53
20,r_65_85_69,r_68_71_194,seq86,r_65_85_69,1.0,0,69,69,53
98,seq125,r_126_116_183,r_90_124_128,r_90_124_128,0.87,1,129,128,53
57,seq141,r_139_8_188,r_84_143_113,r_84_143_113,0.99,33,146,113,53
13,r_59_117_14,r_114_14_117,r_122_113_36,r_114_14_117,0.96,-38,79,117,53
6,r_51_10_144,r_56_12_174,seq11,r_51_10_144,0.31,1,145,144,53
13,r_59_117_14,r_62_64_61,r_114_14_117,r_59_117_14,1.0,0,14,14,53
2,r_40_87_134,seq41,seq86,r_40_87_134,0.97,0,134,134,53
40,r_126_116_183,seq128,r_59_117_14,r_126_116_183,0.69,0,183,183,53
18,r_118_120_119,seq119,r_29_123_114,r_29_123_114,0.84,5,119,114,53
34,r_108_76_41,r_77_55_106,seq80,r_77_55_106,1.0,0,106,106,53
44,r_72_60_43,r_75_73_151,r_62_64_61,r_72_60_43,1.0,-2,41,43,53
10,r_122_113_36,seq121,r_59_117_14,r_122_113_36,0.98,0,36,36,53
70,seq43,seq41,r_97_42_72,r_97_42_72,1.0,33,105,72,53
21,r_148_145_8,r_144_24_26,r_75_73_151,r_148_145_8,0.8,31,39,8,53
32,r_137_105_161,r_139_8_188,seq106,r_137_105_161,0.86,0,161,161,53
21,r_148_145_8,r_75_73_151,r_82_136_115,r_75_73_151,0.68,-52,99,151,53
11,r_83_0_53,r_82_136_115,r_29_123_114,r_83_0_53,1.0,0,53,53,53
24,r_100_15_33,r_98_130_52,seq16,r_100_15_33,1.0,0,33,33,53
17,r_29_123_114,seq30,seq121,r_29_123_114,1.0,1,115,114,53
11,r_83_0_53,r_29_123_114,r_127_2_101,r_83_0_53,1.0,51,104,53,53
22,r_44_57_135,r_40_87_134,seq58,r_40_87_134,1.0,0,134,134,53
49,r_45_5_51,r_40_87_134,r_4_20_197,r_40_87_134,0.99,-46,88,134,53
16,r_101_25_56,r_102_26_192,seq30,r_101_25_56,1.0,0,56,56,53
82,seq80,r_81_27_124,r_108_76_41,r_81_27_124,0.59,0,124,124,53
21,r_148_145_8,r_82_136_115,r_28_147_4,r_82_136_115,0.59,11,126,115,53
14,r_98_130_52,r_99_53_146,seq132,r_98_130_52,1.0,0,52,52,53
40,r_72_51_35,r_70_95_195,seq50,r_72_51_35,0.99,-4,31,35,54
30,r_141_127_68,seq142,seq123,r_141_127_68,1.0,0,68,68,54
36,r_28_117_193,r_31_134_118,r_21_20_36,r_31_134_118,1.0,0,118,118,54
43,r_144_116_169,r_148_96_122,r_111_149_78,r_111_149_78,0.52,3,81,78,54
22,r_0_26_55,r_1_69_85,seq22,r_0_26_55,0.96,-1,54,55,54
25,r_47_131_57,seq46,seq132,r_47_131_57,1.0,0,57,57,54
37,r_31_134_118,r_28_117_193,r_47_131_57,r_28_117_193,0.75,-75,118,193,54
16,r_87_65_71,seq88,r_70_95_195,r_87_65_71,0.72,0,71,71,54
39,r_9_62_67,seq8,r_63_106_175,r_9_62_67,1.0,0,67,67,54
46,r_98_11_179,seq97,r_85_12_52,r_85_12_52,0.71,127,179,52,54
42,r_1_69_85,seq2,seq67,r_1_69_85,1.0,0,85,85,54
18,r_129_56_26,r_138_5_53,seq57,r_129_56_26,1.0,0,26,26,54
80,seq82,r_81_146_79,seq86,r_81_146_79,1.0,-6,73,79,54
32,r_68_76_62,r_77_145_152,seq79,r_77_145_152,0.87,0,152,152,54
69,seq45,r_44_102_106,r_124_55_8,r_44_102_106,0.92,-45,61,106,54
19,r_21_20_36,r_31_134_118,r_28_117_193,r_31_134_118,0.94,0,118,118,54
8,r_30_74_27,r_24_80_104,seq75,r_30_74_27,0.93,0,27,27,54
1,r_148_96_122,r_147_90_32,r_144_116_169,r_147_90_32,0.99,-2,30,32,54
39,r_9_62_67,r_63_106_175,r_124_55_8,r_63_106_175,0.97,0,175,175,54
31,r_59_29_174,seq53,r_0_26_55,r_0_26_55,1.0,111,166,55,54
41,r_78_60_149,seq79,r_124_55_8,r_124_55_8,0.67,145,153,8,54
11,r_25_71_23,r_24_80_104,seq67,r_25_71_23,0.83,0,23,23,54
87,seq92,seq91,r_130_93_13,r_130_93_13,1.0,1,14,13,54
89,seq103,r_99_52_165,r_27_105_9,r_99_52_165,0.7,-58,107,165,54
10,r_99_52_165,r_100_94_66,r_124_55_8,r_99_52_165,0.63,1,166,165,54
14,r_38_32_144,r_137_37_6,r_21_20_36,r_38_32_144,0.63,5,149,144,54
4,r_81_146_79,seq82,r_111_149_78,r_81_146_79,1.0,0,79,79,54
78,seq143,r_148_96_122,r_144_116_169,r_148_96_122,0.85,-18,104,122,54
20,r_36_66_95,r_38_32_144,r_1_69_85,r_1_69_85,0.87,14,99,85,54
62,seq33,r_24_80_104,r_21_20_36,r_24_80_104,0.65,-64,40,104,54
13,r_43_64_176,seq42,r_87_65_71,r_43_64_176,0.47,1,177,176,54
4,r_81_146_79,r_111_149_78,r_77_145_152,r_77_145_152,1.0,14,166,152,54
6,r_24_80_104,seq22,seq82,r_24_80_104,0.71,2,106,104,54
48,r_85_12_52,r_83_54_173,seq7,r_85_12_52,1.0,1,53,52,54
21,r_77_145_152,r_68_76_62,r_81_146_79,r_77_145_152,0.85,0,152,152,54
85,seq89,seq88,r_147_90_32,r_147_90_32,1.0,107,139,32,54
80,seq82,seq86,r_24_80_104,r_24_80_104,0.99,3,107,104,54
5,r_137_37_6,r_38_32_144,seq35,r_137_37_6,0.57,143,149,6,54
36,r_28_117_193,r_21_20_36,r_141_127_68,r_28_117_193,0.79,-3,190,193,54
2,r_121_112_177,r_122_19_188,seq113,r_122_19_188,0.59,-2,186,188,54
21,r_77_145_152,r_78_60_149,r_68_76_62,r_77_145_152,0.62,-93,59,152,54
47,r_41_115_119,seq42,seq123,r_41_115_119,0.94,1,120,119,54
53,seq6,r_4_23_151,r_138_5_53,r_138_5_53,0.96,0,53,53,54
43,r_144_116_169,r_111_149_78,seq118,r_144_116_169,0.92,0,169,169,54
33,r_110_136_140,seq113,seq132,r_110_136_140,0.94,0,140,140,54
88,seq97,r_98_11_179,r_148_96_122,r_148_96_122,0.95,57,179,122,54
32,r_68_76_62,r_70_95_195,r_77_145_152,r_68_76_62,0.7,-3,59,62,54
61,seq22,r_24_80_104,r_0_26_55,r_0_26_55,0.8,40,95,55,54
1,r_148_96_122,r_111_149_78,seq97,r_148_96_122,1.0,-1,121,122,54
34,r_44_102_106,seq45,seq103,r_44_102_106,1.0,3,109,106,54
24,r_130_93_13,r_138_5_53,seq92,r_130_93_13,1.0,0,13,13,54
81,seq84,r_83_54_173,r_147_90_32,r_147_90_32,1.0,143,175,32,54
9,r_63_106_175,seq53,seq107,r_63_106_175,0.35,0,175,175,54
1,r_148_96_122,r_144_116_169,r_111_149_78,r_111_149_78,1.0,-1,77,78,54
0,r_147_90_32,r_148_96_122,seq89,r_147_90_32,1.0,0,32,32,54
62,seq33,r_21_20_36,r_38_32_144,r_38_32_144,0.96,1,145,144,54
49,r_4_23_151,seq6,r_0_26_55,r_0_26_55,0.73,96,151,55,54
7,r_49_73_88,seq50,r_25_71_23,r_49_73_88,0.93,2,90,88,54
23,r_111_149_78,seq113,r_81_146_79,r_111_149_78,0.95,1,79,78,54
35,r_83_54_173,seq84,r_124_55_8,r_83_54_173,0.38,2,175,173,54
44,r_138_5_53,seq135,seq6,r_138_5_53,1.0,0,53,53,54
19,r_21_20_36,r_28_117_193,r_38_32_144,r_21_20_36,0.69,106,142,36,54
30,r_5_16_86,r_4_87_154,r_138_17_19,r_5_16_86,1.0,0,86,86,55
44,r_32_106_48,r_88_112_52,r_132_105_121,r_132_105_121,1.0,-3,118,121,55
36,r_101_25_144,seq102,seq21,r_101_25_144,0.99,0,144,144,55
14,r_37_7_161,seq38,r_8_3_7,r_8_3_7,0.39,154,161,7,55
8,r_19_9_189,r_18_124_132,r_44_20_40,r_19_9_189,1.0,-57,132,189,55
20,r_44_20_40,r_43_107_79,r_19_9_189,r_44_20_40,0.98,0,40,40,55
55,seq136,r_137_0_186,r_54_135_17,r_54_135_17,0.87,169,186,17,55
39,r_134_15_156,seq131,r_5_16_86,r_134_15_156,0.79,0,156,156,55
1,r_123_57_107,seq121,seq56,r_123_57_107,0.98,0,107,107,55
5,r_10_94_93,seq12,seq92,r_10_94_93,1.0,0,93,93,55
46,r_139_27_112,seq140,seq28,r_139_27_112,1.0,0,112,112,55
42,r_18_124_132,r_19_9_189,r_104_120_108,r_18_124_132,0.98,0,132,132,55
69,seq45,r_47_64_163,seq42,r_47_64_163,1.0,0,163,163,55
19,r_126_90_11,r_84_13_158,r_41_86_128,r_126_90_11,0.72,138,149,11,55
44,r_32_106_48,r_33_23_69,r_88_112_52,r_32_106_48,0.99,0,48,48,55
19,r_126_90_11,r_89_71_62,r_84_13_158,r_89_71_62,1.0,0,62,62,55
66,seq38,r_37_7_161,r_46_36_129,r_46_36_129,0.95,32,161,129,55
31,r_8_3_7,r_4_87_154,r_19_9_189,r_8_3_7,0.4,147,154,7,55
26,r_59_62_122,seq56,seq63,r_59_62_122,0.97,0,122,122,55
72,seq51,r_52_79_134,seq50,r_52_79_134,1.0,-16,118,134,55
4,r_84_13_158,seq85,r_19_9_189,r_84_13_158,0.87,0,158,158,55
0,r_43_107_79,seq45,r_88_112_52,r_43_107_79,1.0,0,79,79,55
63,seq26,r_24_93_137,seq21,r_24_93_137,0.99,-19,118,137,55
11,r_4_87_154,r_8_3_7,r_126_90_11,r_4_87_154,0.74,0,154,154,55
13,r_83_40_74,seq80,seq39,r_83_40_74,1.0,-1,73,74,55
15,r_41_86_128,seq39,r_126_90_11,r_41_86_128,1.0,0,128,128,55
48,r_6_119_187,r_8_3_7,r_104_120_108,r_8_3_7,0.46,180,187,7,55
6,r_35_67_166,seq38,r_53_72_89,r_35_67_166,0.87,0,166,166,55
85,seq85,r_84_13_158,r_10_94_93,r_10_94_93,0.97,65,158,93,55
29,r_61_129_10,r_60_143_31,seq131,r_61_129_10,0.88,0,10,10,55
27,r_11_98_88,seq12,seq102,r_11_98_88,1.0,0,88,88,55
25,r_60_143_31,seq63,seq145,r_60_143_31,0.9,3,34,31,55
53,seq131,r_133_118_75,r_54_135_17,r_54_135_17,0.74,1,18,17,55
2,r_133_118_75,r_132_105_121,seq117,r_133_118_75,0.89,0,75,75,55
47,r_52_79_134,seq51,seq80,r_52_79_134,1.0,0,134,134,55
43,r_138_17_19,r_139_27_112,seq14,r_138_17_19,0.87,0,19,19,55
40,r_104_120_108,r_101_25_144,seq122,r_104_120_108,0.9,1,109,108,55
18,r_33_23_69,seq34,r_24_93_137,r_33_23_69,1.0,1,70,69,55
17,r_54_135_17,seq56,seq131,r_54_135_17,1.0,0,17,17,55
24,r_46_36_129,r_47_64_163,seq38,r_46_36_129,0.95,0,129,129,55
31,r_8_3_7,r_19_9_189,r_37_7_161,r_37_7_161,0.84,4,165,161,55
33,r_31_146_172,seq28,seq145,r_31_146_172,0.53,0,172,172,55
64,seq28,r_31_146_172,r_139_27_112,r_139_27_112,1.0,45,157,112,55
19,r_126_90_11,seq128,r_89_71_62,r_126_90_11,0.95,2,13,11,55
7,r_89_71_62,r_126_90_11,r_144_76_5,r_89_71_62,1.0,0,62,62,55
32,r_75_30_80,seq73,seq28,r_75_30_80,0.99,1,81,80,55
7,r_89_71_62,r_88_112_52,r_126_90_11,r_126_90_11,0.99,3,14,11,55
34,r_49_111_83,r_52_79_134,r_88_112_52,r_49_111_83,0.99,0,83,83,55
49,r_47_64_163,seq42,r_53_72_89,r_47_64_163,1.0,0,163,163,55
9,r_132_105_121,r_134_15_156,r_32_106_48,r_132_105_121,0.99,2,123,121,55
41,r_88_112_52,r_89_71_62,seq113,r_88_112_52,0.63,-1,51,52,55
22,r_53_72_89,seq56,seq73,r_53_72_89,1.0,0,89,89,55
28,r_22_130_157,seq21,r_54_135_17,r_22_130_157,0.9,1,158,157,55
49,r_47_64_163,r_46_36_129,seq42,r_46_36_129,0.95,0,129,129,55
56,seq12,r_11_98_88,r_8_3_7,r_11_98_88,1.0,0,88,88,55
18,r_33_23_69,r_24_93_137,seq21,r_24_93_137,1.0,0,137,137,55
23,r_137_0_186,seq136,r_84_13_158,r_84_13_158,0.72,28,186,158,55
82,seq80,seq82,r_52_79_134,r_52_79_134,1.0,15,149,134,55
12,r_103_65_175,seq102,r_35_67_166,r_103_65_175,0.71,1,176,175,55
30,r_54_74_96,r_52_56_5,r_108_75_2,r_54_74_96,1.0,0,96,96,56
36,r_1_139_175,seq2,r_145_147_45,r_1_139_175,0.46,0,175,175,56
17,r_31_93_29,r_32_65_30,seq92,r_31_93_29,1.0,0,29,29,56
8,r_0_85_152,seq6,seq83,r_0_85_152,0.82,0,152,152,56
83,seq89,r_73_64_154,r_55_90_64,r_55_90_64,0.99,2,66,64,56
37,r_96_107_83,seq91,r_17_106_74,r_96_107_83,0.99,2,85,83,56
49,r_23_141_38,r_24_97_86,r_145_147_45,r_23_141_38,0.99,0,38,38,56
59,seq15,seq13,r_114_14_50,r_114_14_50,1.0,93,143,50,56
71,seq48,r_49_100_131,seq45,r_49_100_131,1.0,0,131,131,56
16,r_8_28_88,r_9_10_28,seq29,r_8_28_88,0.93,0,88,88,56
21,r_73_64_154,seq72,r_46_66_49,r_73_64_154,0.79,0,154,154,56
39,r_9_10_28,r_8_28_88,r_114_14_50,r_9_10_28,0.58,81,109,28,56
1,r_20_41_84,r_24_97_86,r_43_69_124,r_20_41_84,0.75,1,85,84,56
46,r_4_116_82,r_1_139_175,r_3_117_53,r_1_139_175,1.0,-93,82,175,56
42,r_62_134_128,r_35_59_9,r_78_135_132,r_62_134_128,0.93,4,132,128,56
6,r_46_66_49,r_47_101_66,r_32_65_30,r_47_101_66,0.82,-17,49,66,56
1,r_20_41_84,r_43_69_124,r_27_42_122,r_20_41_84,0.83,49,133,84,56
35,r_32_65_30,r_58_94_181,r_46_66_49,r_32_65_30,0.69,23,53,30,56
69,seq40,r_43_69_124,r_20_41_84,r_20_41_84,0.77,-1,83,84,56
19,r_43_69_124,seq40,r_46_66_49,r_43_69_124,0.46,6,130,124,56
22,r_60_71_42,r_58_94_181,r_46_66_49,r_60_71_42,0.81,4,46,42,56
66,seq36,r_37_57_78,seq33,r_37_57_78,0.93,-5,73,78,56
35,r_32_65_30,r_31_93_29,r_58_94_181,r_32_65_30,0.56,-8,22,30,56
31,r_86_122_117,seq83,seq123,r_86_122_117,0.82,5,122,117,56
41,r_112_51_70,seq113,seq50,r_112_51_70,1.0,0,70,70,56
47,r_22_61_141,seq33,r_35_59_9,r_22_61_141,0.81,0,141,141,56
89,seq99,seq98,r_47_101_66,r_47_101_66,1.0,7,73,66,56
3,r_55_90_64,r_52_56_5,seq89,r_55_90_64,1.0,0,64,64,56
10,r_58_94_181,r_35_59_9,r_47_101_66,r_47_101_66,1.0,115,181,66,56
90,seq102,seq111,r_95_103_56,r_95_103_56,1.0,86,142,56,56
72,seq50,r_52_56_5,r_112_51_70,r_112_51_70,1.0,2,72,70,56
0,r_47_101_66,seq48,seq99,r_47_101_66,1.0,0,66,66,56
63,seq29,r_30_88_170,r_8_28_88,r_8_28_88,0.75,82,170,88,56
11,r_24_97_86,r_22_61_141,r_47_101_66,r_22_61_141,0.87,-55,86,141,56
20,r_120_131_108,seq123,seq130,r_120_131_108,0.96,2,110,108,56
13,r_17_106_74,seq16,seq104,r_17_106_74,1.0,0,74,74,56
15,r_127_148_148,r_129_79_150,r_145_147_45,r_129_79_150,0.63,-1,149,150,56
48,r_84_63_110,r_86_122_117,r_35_59_9,r_84_63_110,0.97,0,110,110,56
13,r_17_106_74,seq104,r_96_107_83,r_17_106_74,0.67,70,144,74,56
62,seq21,r_24_97_86,seq33,r_24_97_86,1.0,-5,81,86,56
5,r_3_117_53,r_119_133_165,r_4_116_82,r_3_117_53,0.62,112,165,53,56
27,r_105_26_93,seq110,r_8_28_88,r_105_26_93,0.98,0,93,93,56
5,r_3_117_53,r_1_139_175,r_119_133_165,r_3_117_53,1.0,0,53,53,56
53,seq137,r_25_140_16,r_78_135_132,r_78_135_132,0.65,8,140,132,56
2,r_118_76_129,r_119_133_165,seq77,r_118_76_129,0.97,0,129,129,56
47,r_22_61_141,r_24_97_86,seq33,r_24_97_86,1.0,0,86,86,56
40,r_30_88_170,seq29,r_55_90_64,r_55_90_64,0.82,106,170,64,56
29,r_129_79_150,r_127_148_148,seq77,r_129_79_150,0.82,1,151,150,56
24,r_132_19_120,r_128_126_136,r_8_28_88,r_132_19_120,0.86,1,121,120,56
25,r_119_133_165,r_118_76_129,r_3_117_53,r_3_117_53,0.87,76,129,53,56
33,r_136_5_112,seq137,seq6,r_136_5_112,0.99,0,112,112,56
34,r_25_140_16,r_31_93_29,seq138,r_25_140_16,0.96,1,17,16,56
32,r_95_103_56,seq91,seq104,r_95_103_56,1.0,1,57,56,56
70,seq45,r_44_109_161,r_112_51_70,r_112_51_70,0.86,92,162,70,56
54,seq138,r_145_147_45,r_25_140_16,r_25_140_16,0.97,7,23,16,56
38,r_27_42_122,r_30_88_170,r_20_41_84,r_30_88_170,0.77,-37,133,170,56
60,seq16,r_17_106_74,seq36,r_17_106_74,0.96,-1,73,74,56
94,seq113,r_115_68_172,r_95_103_56,r_95_103_56,0.95,116,172,56,56
9,r_78_135_132,seq80,r_62_134_128,r_78_135_132,0.89,1,133,132,56
28,r_35_59_9,r_62_134_128,r_46_66_49,r_62_134_128,0.71,0,128,128,56
25,r_119_133_165,r_3_117_53,r_120_131_108,r_119_133_165,0.99,0,165,165,56
7,r_44_109_161,seq45,seq104,r_44_109_161,0.5,0,161,161,56
44,r_37_57_78,seq36,r_52_56_5,r_37_57_78,0.96,2,80,78,56
12,r_52_56_5,r_54_74_96,r_37_57_78,r_52_56_5,0.72,91,96,5,56
45,r_18_81_19,r_30_88_170,seq83,r_18_81_19,1.0,-1,18,19,56
30,r_13_99_67,r_14_41_111,seq96,r_13_99_67,0.99,0,67,67,57
36,r_79_36_167,seq81,seq35,r_79_36_167,0.52,0,167,167,57
17,r_102_40_57,seq101,seq35,r_102_40_57,1.0,0,57,57,57
43,r_110_28_170,seq140,r_115_111_10,r_115_111_10,0.48,80,90,10,57
31,r_88_112_35,r_87_124_103,seq113,r_88_112_35,0.99,0,35,35,57
83,seq81,r_79_36_167,r_11_80_118,r_11_80_118,0.74,16,134,118,57
42,r_141_10_52,seq140,r_11_80_118,r_141_10_52,0.94,0,52,52,57
41,r_49_4_16,r_43_8_101,r_2_37_114,r_49_4_16,0.9,2,18,16,57
21,r_74_143_171,seq72,seq142,r_74_143_171,0.63,0,171,171,57
5,r_62_18_98,r_61_93_179,seq16,r_62_18_98,1.0,1,99,98,57
46,r_52_71_175,r_51_15_199,r_104_75_18,r_104_75_18,0.84,157,175,18,57
32,r_19_1_85,r_23_48_190,r_119_5_104,r_119_5_104,0.71,0,104,104,57
6,r_2_37_114,r_49_4_16,r_76_39_14,r_2_37_114,0.91,1,115,114,57
45,r_128_135_78,seq129,seq131,r_128_135_78,0.75,18,96,78,57
48,r_11_80_118,r_141_10_52,seq81,r_11_80_118,0.63,0,118,118,57
19,r_57_92_193,r_59_133_144,r_55_63_54,r_59_133_144,0.59,0,144,144,57
66,seq31,r_30_65_148,r_100_32_46,r_100_32_46,0.98,102,148,46,57
3,r_14_41_111,r_13_99_67,seq16,r_13_99_67,0.98,-7,60,67,57
26,r_59_133_144,r_57_92_193,seq134,r_59_133_144,0.97,0,144,144,57
4,r_138_127_62,seq139,seq129,r_138_127_62,0.91,4,66,62,57
9,r_17_98_39,r_19_1_85,seq96,r_17_98_39,1.0,0,39,39,57
0,r_43_8_101,seq42,r_141_10_52,r_43_8_101,0.75,6,107,101,57
11,r_23_48_190,seq27,r_106_24_99,r_106_24_99,1.0,1,100,99,57
32,r_19_1_85,r_17_98_39,r_23_48_190,r_17_98_39,1.0,0,39,39,57
67,seq33,r_23_48_190,r_100_32_46,r_100_32_46,1.0,10,56,46,57
13,r_77_46_66,r_79_36_167,seq42,r_77_46_66,0.95,0,66,66,57
48,r_11_80_118,r_9_94_65,r_141_10_52,r_11_80_118,0.99,-53,65,118,57
6,r_2_37_114,seq7,r_49_4_16,r_2_37_114,0.53,-54,60,114,57
76,seq64,r_62_18_98,r_55_63_54,r_62_18_98,0.54,-44,54,98,57
27,r_132_103_163,seq136,seq105,r_132_103_163,0.73,3,166,163,57
58,seq140,r_141_10_52,seq144,r_141_10_52,0.99,1,53,52,57
1,r_87_124_103,seq89,seq85,r_87_124_103,0.55,-54,49,103,57
41,r_49_4_16,r_2_37_114,r_58_3_115,r_49_4_16,0.91,99,115,16,57
38,r_56_120_42,r_57_92_193,seq121,r_56_120_42,1.0,1,43,42,57
74,seq54,r_55_63_54,r_149_53_64,r_149_53_64,1.0,12,76,64,57
18,r_70_116_106,seq72,r_56_120_42,r_70_116_106,0.87,0,106,106,57
15,r_115_111_10,r_123_86_192,seq113,r_115_111_10,0.72,8,18,10,57
3,r_14_41_111,seq16,r_102_40_57,r_14_41_111,0.66,-2,109,111,57
96,seq113,r_115_111_10,r_88_112_35,r_88_112_35,1.0,19,54,35,57
25,r_119_5_104,r_118_126_184,seq7,r_119_5_104,1.0,0,104,104,57
43,r_110_28_170,r_115_111_10,seq27,r_110_28_170,0.62,0,170,170,57
33,r_22_91_86,r_23_48_190,r_9_94_65,r_23_48_190,1.0,-104,86,190,57
40,r_104_75_18,seq105,seq72,r_104_75_18,0.77,0,18,18,57
42,r_141_10_52,r_11_80_118,r_43_8_101,r_141_10_52,0.67,66,118,52,57
34,r_149_53_64,seq148,seq54,r_149_53_64,1.0,0,64,64,57
1,r_87_124_103,seq85,seq122,r_87_124_103,1.0,4,107,103,57
2,r_100_32_46,r_102_40_57,seq33,r_100_32_46,0.92,1,47,46,57
94,seq107,r_106_24_99,seq109,r_106_24_99,0.96,1,100,99,57
28,r_68_97_130,seq69,seq96,r_68_97_130,0.98,0,130,130,57
49,r_58_3_115,r_59_133_144,r_49_4_16,r_58_3_115,0.6,2,117,115,57
7,r_146_6_186,seq145,r_119_5_104,r_119_5_104,0.9,82,186,104,57
44,r_9_94_65,r_11_80_118,seq90,r_9_94_65,1.0,0,65,65,57
17,r_102_40_57,seq35,r_14_41_111,r_14_41_111,0.96,7,118,111,57
12,r_106_24_99,seq107,r_23_48_190,r_106_24_99,0.99,1,100,99,57
30,r_147_104_171,r_148_128_131,r_72_145_48,r_72_145_48,0.97,75,123,48,58
20,r_70_6_8,r_71_141_94,r_8_14_145,r_70_6_8,0.75,4,12,8,58
36,r_12_93_188,seq11,r_18_94_170,r_18_94_170,0.51,18,188,170,58
54,seq134,seq131,r_103_135_24,r_103_135_24,0.98,49,73,24,58
16,r_109_116_62,r_108_61_101,seq117,r_108_61_101,0.69,-30,71,101,58
1,r_115_79_185,r_113_62_181,r_54_81_55,r_54_81_55,0.51,131,186,55,58
42,r_1_60_144,r_0_69_87,r_8_14_145,r_0_69_87,0.93,2,89,87,58
45,r_121_90_142,seq120,r_89_95_172,r_121_90_142,0.66,0,142,142,58
19,r_126_7_92,seq127,r_70_6_8,r_126_7_92,0.98,0,92,92,58
38,r_84_130_17,r_78_112_134,seq129,r_84_130_17,1.0,0,17,17,58
95,seq117,seq122,r_2_118_75,r_2_118_75,1.0,18,93,75,58
66,seq35,r_34_44_179,seq36,r_34_44_179,0.76,3,182,179,58
39,r_45_77_36,seq46,seq80,r_45_77_36,0.89,1,37,36,58
31,r_148_128_131,r_147_104_171,seq129,r_148_128_131,0.81,0,131,131,58
41,r_91_67_84,seq99,r_0_69_87,r_91_67_84,0.94,5,89,84,58
17,r_3_42_91,seq43,r_114_68_100,r_114_68_100,0.6,32,132,100,58
24,r_54_81_55,seq56,seq80,r_54_81_55,0.99,0,55,55,58
63,seq30,r_29_17_25,r_26_27_27,r_29_17_25,0.9,2,27,25,58
26,r_0_69_87,r_1_60_144,r_91_67_84,r_0_69_87,0.99,2,89,87,58
35,r_144_88_42,r_146_74_102,r_89_95_172,r_144_88_42,0.92,0,42,42,58
14,r_29_17_25,r_18_94_170,r_8_14_145,r_18_94_170,0.86,0,170,170,58
11,r_114_68_100,r_115_79_185,r_91_67_84,r_114_68_100,0.71,0,100,100,58
15,r_105_5_67,r_108_61_101,r_70_6_8,r_105_5_67,1.0,4,71,67,58
4,r_18_94_170,r_29_17_25,seq92,r_18_94_170,0.8,0,170,170,58
6,r_98_75_74,seq99,r_54_81_55,r_98_75_74,0.63,2,76,74,58
62,seq25,r_26_27_27,seq24,r_26_27_27,0.36,76,103,27,58
8,r_146_74_102,r_72_145_48,r_98_75_74,r_146_74_102,1.0,0,102,102,58
42,r_1_60_144,r_8_14_145,r_136_57_58,r_1_60_144,0.94,0,144,144,58
0,r_72_145_48,r_146_74_102,r_147_104_171,r_146_74_102,1.0,2,104,102,58
87,seq92,r_91_67_84,seq87,r_91_67_84,1.0,2,86,84,58
30,r_147_104_171,r_72_145_48,r_101_111_12,r_147_104_171,0.97,0,171,171,58
2,r_8_14_145,seq20,r_29_17_25,r_29_17_25,0.94,58,83,25,58
47,r_83_59_10,r_58_63_150,r_108_61_101,r_108_61_101,0.96,26,127,101,58
14,r_29_17_25,seq30,r_18_94_170,r_29_17_25,1.0,2,27,25,58
0,r_72_145_48,r_147_104_171,r_41_149_113,r_147_104_171,0.97,-7,164,171,58
40,r_71_141_94,seq122,seq140,r_71_141_94,0.98,0,94,94,58
29,r_108_61_101,seq107,r_136_57_58,r_136_57_58,0.88,43,101,58,58
25,r_2_118_75,r_0_69_87,seq117,r_2_118_75,0.99,2,77,75,58
43,r_41_149_113,r_147_104_171,seq143,r_147_104_171,1.0,3,174,171,58
33,r_89_95_172,seq99,seq87,r_89_95_172,0.48,-83,89,172,58
4,r_18_94_170,r_19_55_68,r_29_17_25,r_18_94_170,0.99,-139,31,170,58
20,r_70_6_8,r_8_14_145,r_126_7_92,r_126_7_92,1.0,13,105,92,58
34,r_4_28_146,r_8_14_145,seq30,r_4_28_146,0.7,2,148,146,58
60,seq20,r_8_14_145,r_76_23_59,r_76_23_59,1.0,46,105,59,58
17,r_3_42_91,r_8_14_145,seq43,r_3_42_91,0.5,13,104,91,58
50,seq129,seq131,r_84_130_17,r_84_130_17,1.0,1,18,17,58
9,r_37_73_151,seq38,r_146_74_102,r_37_73_151,0.53,1,152,151,58
96,seq120,r_121_90_142,seq122,r_121_90_142,0.98,0,142,142,58
28,r_76_23_59,seq85,r_21_10_139,r_76_23_59,0.96,1,60,59,58
5,r_136_57_58,seq131,r_125_53_3,r_136_57_58,1.0,0,58,58,58
18,r_100_33_40,r_101_111_12,seq32,r_100_33_40,0.98,2,42,40,58
49,r_78_112_134,seq80,r_101_111_12,r_78_112_134,0.86,0,134,134,58
0,r_72_145_48,r_115_79_185,r_146_74_102,r_72_145_48,0.96,0,48,48,58
56,seq11,r_12_93_188,r_105_5_67,r_105_5_67,1.0,121,188,67,58
7,r_9_119_154,r_12_93_188,r_109_116_62,r_9_119_154,0.75,1,155,154,58
44,r_13_123_177,r_8_14_145,r_9_119_154,r_8_14_145,0.6,32,177,145,58
23,r_22_16_119,r_21_10_139,r_29_17_25,r_29_17_25,0.97,107,132,25,58
6,r_98_75_74,r_54_81_55,r_146_74_102,r_146_74_102,0.93,1,103,102,58
10,r_103_135_24,r_100_33_40,seq134,r_103_135_24,1.0,0,24,24,58
12,r_19_55_68,seq20,r_136_57_58,r_19_55_68,0.99,4,72,68,58
30,r_131_85_72,seq130,r_5_86_46,r_131_85_72,0.71,1,73,72,59
36,r_34_113_142,seq35,seq110,r_34_113_142,0.88,0,142,142,59
9,r_92_42_69,r_41_27_156,r_58_39_159,r_58_39_159,0.61,2,161,159,59
43,r_101_66_82,r_106_16_160,r_8_64_78,r_101_66_82,0.92,1,83,82,59
1,r_5_86_46,seq6,seq87,r_5_86_46,1.0,0,46,46,59
86,seq87,seq84,r_5_86_46,r_5_86_46,1.0,15,61,46,59
16,r_147_57_84,seq145,r_58_39_159,r_147_57_84,0.88,2,86,84,59
21,r_75_25_99,seq76,seq26,r_75_25_99,1.0,0,99,99,59
39,r_44_32_143,r_43_59_158,seq35,r_43_59_158,0.99,-10,148,158,59
5,r_116_7_98,seq117,seq9,r_116_7_98,1.0,0,98,98,59
46,r_102_129_102,r_106_16_160,seq125,r_102_129_102,0.98,9,111,102,59
57,seq139,r_137_77_167,r_109_138_16,r_109_138_16,0.79,17,33,16,59
80,seq72,r_73_140_141,r_56_70_21,r_73_140_141,0.65,2,143,141,59
10,r_106_16_160,seq97,r_15_103_191,r_106_16_160,0.99,0,160,160,59
27,r_88_21_54,r_91_13_137,seq22,r_88_21_54,1.0,0,54,54,59
4,r_94_148_14,seq93,r_147_57_84,r_94_148_14,0.92,1,15,14,59
66,seq26,seq23,r_75_25_99,r_75_25_99,1.0,6,105,99,59
37,r_123_61_24,r_141_100_135,seq60,r_123_61_24,1.0,1,25,24,59
31,r_137_77_167,seq139,r_63_80_94,r_137_77_167,0.44,0,167,167,59
3,r_43_59_158,r_41_27_156,r_147_57_84,r_147_57_84,0.58,74,158,84,59
10,r_106_16_160,r_102_129_102,seq97,r_102_129_102,0.81,9,111,102,59
26,r_67_51_153,r_65_29_83,r_101_66_82,r_67_51_153,0.98,-69,84,153,59
16,r_147_57_84,r_58_39_159,r_43_59_158,r_147_57_84,0.97,75,159,84,59
0,r_133_105_60,r_131_85_72,seq97,r_133_105_60,1.0,0,60,60,59
11,r_63_80_94,seq60,seq79,r_63_80_94,0.85,3,97,94,59
15,r_40_62_134,r_41_27_156,r_123_61_24,r_40_62_134,0.68,1,135,134,59
48,r_12_132_79,seq14,seq130,r_12_132_79,1.0,0,79,79,59
4,r_94_148_14,r_147_57_84,r_114_149_81,r_94_148_14,0.98,69,83,14,59
14,r_19_45_51,r_40_62_134,seq50,r_40_62_134,0.98,-40,94,134,59
6,r_73_140_141,seq72,r_109_138_16,r_73_140_141,0.94,2,143,141,59
13,r_109_138_16,r_114_149_81,seq139,r_109_138_16,0.82,0,16,16,59
9,r_92_42_69,r_91_13_137,r_41_27_156,r_92_42_69,0.98,0,69,69,59
56,seq9,seq6,r_116_7_98,r_116_7_98,0.99,17,115,98,59
99,seq125,r_128_71_177,r_73_140_141,r_73_140_141,0.52,36,177,141,59
41,r_124_38_38,r_128_71_177,r_41_27_156,r_124_38_38,1.0,0,38,38,59
22,r_58_39_159,r_147_57_84,r_92_42_69,r_58_39_159,0.96,0,159,159,59
41,r_124_38_38,r_41_27_156,r_44_32_143,r_41_27_156,0.72,5,161,156,59
47,r_3_111_129,seq1,r_74_112_4,r_3_111_129,0.95,0,129,129,59
18,r_33_18_93,r_34_113_142,r_15_103_191,r_33_18_93,0.99,3,96,93,59
29,r_15_103_191,seq14,r_33_18_93,r_33_18_93,0.89,27,120,93,59
24,r_41_27_156,r_43_59_158,r_75_25_99,r_75_25_99,0.93,59,158,99,59
7,r_56_70_21,r_58_39_159,seq72,r_58_39_159,0.61,-131,28,159,59
25,r_104_134_75,r_106_16_160,seq135,r_104_134_75,0.94,0,75,75,59
33,r_114_149_81,seq110,r_94_148_14,r_114_149_81,0.99,5,86,81,59
50,seq1,r_3_111_129,r_10_2_42,r_3_111_129,0.9,0,129,129,59
32,r_91_13_137,seq89,r_17_11_1,r_91_13_137,0.99,0,137,137,59
34,r_8_64_78,seq9,r_123_61_24,r_8_64_78,1.0,0,78,78,59
14,r_19_45_51,r_15_103_191,r_40_62_134,r_19_45_51,0.86,0,51,51,59
77,seq60,r_63_80_94,r_123_61_24,r_123_61_24,0.7,15,39,24,59
81,seq76,r_75_25_99,r_63_80_94,r_75_25_99,0.89,0,99,99,59
83,seq82,r_83_115_45,r_78_81_136,r_83_115_45,0.98,6,51,45,59
26,r_67_51_153,r_101_66_82,seq50,r_67_51_153,1.0,1,154,153,59
9,r_92_42_69,seq95,r_91_13_137,r_92_42_69,0.56,-40,29,69,59
22,r_58_39_159,r_67_51_153,r_147_57_84,r_147_57_84,0.96,4,88,84,59
28,r_47_55_166,seq50,seq54,r_47_55_166,0.7,0,166,166,59
56,seq9,r_8_64_78,seq6,r_8_64_78,0.96,0,78,78,59
18,r_33_18_93,r_15_103_191,r_91_13_137,r_33_18_93,0.61,85,178,93,59
44,r_126_98_155,r_128_71_177,r_141_100_135,r_128_71_177,0.97,-21,156,177,59
23,r_78_81_136,seq79,seq82,r_78_81_136,0.32,18,154,136,59
29,r_15_103_191,r_33_18_93,r_106_16_160,r_106_16_160,0.91,0,160,160,59
82,seq79,r_78_81_136,r_63_80_94,r_63_80_94,1.0,42,136,94,59
35,r_128_71_177,seq125,r_56_70_21,r_128_71_177,0.47,0,177,177,59
8,r_10_2_42,r_8_64_78,seq1,r_8_64_78,0.99,-36,42,78,59
2,r_83_115_45,seq82,seq117,r_83_115_45,1.0,0,45,45,59
4,r_50_74_28,seq49,seq73,r_50_74_28,0.84,1,29,28,60
16,r_81_14_14,r_84_31_87,r_13_58_105,r_81_14_14,0.96,0,14,14,60
14,r_118_75_96,seq125,r_50_74_28,r_118_75_96,1.0,0,96,96,60
43,r_2_72_154,seq1,r_50_74_28,r_2_72_154,0.62,8,162,154,60
37,r_79_112_34,seq78,r_108_77_138,r_79_112_34,0.9,1,35,34,60
21,r_47_51_67,seq46,seq49,r_47_51_67,0.44,-24,43,67,60
1,r_141_18_95,seq140,seq17,r_141_18_95,1.0,0,95,95,60
5,r_56_59_93,r_68_52_137,r_13_58_105,r_13_58_105,0.83,14,119,105,60
19,r_139_22_120,seq138,seq21,r_139_22_120,0.99,0,120,120,60
6,r_61_92_18,r_65_0_111,seq94,r_61_92_18,1.0,3,21,18,60
31,r_108_77_138,seq110,r_50_74_28,r_108_77_138,0.9,0,138,138,60
41,r_30_120_78,seq28,r_101_122_25,r_30_120_78,0.98,0,78,78,60
11,r_149_48_27,r_146_83_125,seq49,r_149_48_27,1.0,0,27,27,60
3,r_84_31_87,r_8_82_57,seq28,r_84_31_87,0.89,0,87,87,60
26,r_104_113_88,r_103_134_195,r_79_112_34,r_79_112_34,1.0,47,81,34,60
16,r_81_14_14,r_13_58_105,seq11,r_13_58_105,0.76,0,105,105,60
7,r_12_38_68,seq41,r_23_37_160,r_23_37_160,0.62,-3,157,160,60
0,r_103_134_195,r_104_113_88,seq106,r_103_134_195,0.47,-134,61,195,60
12,r_117_34_139,r_126_136_168,r_131_119_79,r_117_34_139,0.49,-42,97,139,60
89,seq94,seq86,r_127_93_33,r_127_93_33,1.0,3,36,33,60
3,r_84_31_87,r_81_14_14,seq86,r_84_31_87,0.7,-74,13,87,60
30,r_20_145_26,seq21,seq144,r_20_145_26,1.0,0,26,26,60
98,seq114,r_116_124_147,r_104_113_88,r_116_124_147,0.91,-3,144,147,60
46,r_65_0_111,r_7_64_52,seq1,r_65_0_111,0.81,8,119,111,60
15,r_98_10_153,r_97_133_177,seq11,r_97_133_177,0.5,-24,153,177,60
48,r_116_124_147,seq114,r_30_120_78,r_116_124_147,0.93,0,147,147,60
13,r_146_83_125,r_147_95_47,r_57_148_19,r_146_83_125,0.81,-88,37,125,60
49,r_57_148_19,r_146_83_125,seq125,r_146_83_125,0.84,0,125,125,60
13,r_146_83_125,r_57_148_19,r_8_82_57,r_146_83_125,0.98,0,125,125,60
62,seq21,seq11,r_123_19_82,r_123_19_82,1.0,4,86,82,60
3,r_84_31_87,seq86,r_61_92_18,r_61_92_18,0.44,21,39,18,60
27,r_127_93_33,r_131_119_79,seq94,r_127_93_33,1.0,0,33,33,60
62,seq21,r_123_19_82,r_139_22_120,r_139_22_120,0.96,4,124,120,60
17,r_8_82_57,r_127_93_33,r_146_83_125,r_146_83_125,0.86,1,126,125,60
22,r_7_64_52,r_65_0_111,r_56_59_93,r_65_0_111,1.0,0,111,111,60
2,r_135_90_166,seq142,seq91,r_135_90_166,0.56,0,166,166,60
47,r_23_37_160,seq25,r_12_38_68,r_23_37_160,0.61,2,162,160,60
40,r_109_33_163,seq110,seq35,r_109_33_163,0.78,1,164,163,60
18,r_3_60_150,seq4,r_56_59_93,r_56_59_93,0.6,68,161,93,60
29,r_131_119_79,seq129,seq125,r_131_119_79,0.88,0,79,79,60
24,r_123_19_82,seq125,seq21,r_123_19_82,1.0,0,82,82,60
7,r_12_38_68,r_39_5_116,seq41,r_39_5_116,0.88,6,122,116,60
17,r_8_82_57,r_84_31_87,r_127_93_33,r_84_31_87,0.76,8,95,87,60
33,r_121_9_102,seq125,seq11,r_121_9_102,1.0,0,102,102,60
44,r_101_122_25,seq102,seq125,r_101_122_25,1.0,0,25,25,60
45,r_13_58_105,r_12_38_68,r_81_14_14,r_81_14_14,0.69,1,15,14,60
61,seq17,seq11,r_141_18_95,r_141_18_95,1.0,1,96,95,60
32,r_39_5_116,r_42_6_143,r_12_38_68,r_12_38_68,0.84,21,89,68,60
38,r_42_6_143,seq43,r_121_9_102,r_121_9_102,0.96,42,144,102,60
25,r_32_130_11,r_61_92_18,seq129,r_32_130_11,0.69,0,11,11,60
22,r_7_64_52,r_8_82_57,r_65_0_111,r_7_64_52,0.71,-3,49,52,60
32,r_39_5_116,r_12_38_68,seq4,r_39_5_116,0.75,3,119,116,60
17,r_8_82_57,r_12_38_68,r_84_31_87,r_8_82_57,1.0,1,58,57,60
3,r_84_31_87,r_61_92_18,r_8_82_57,r_8_82_57,0.55,-1,56,57,60
36,r_147_95_47,r_146_83_125,seq99,r_147_95_47,1.0,0,47,47,60
45,r_13_58_105,r_81_14_14,r_56_59_93,r_13_58_105,0.86,0,105,105,60
12,r_117_34_139,r_131_119_79,r_149_48_27,r_117_34_139,1.0,1,140,139,60
9,r_97_133_177,seq99,r_20_145_26,r_97_133_177,0.54,3,180,177,60
85,seq86,seq88,r_66_87_38,r_66_87_38,1.0,-1,37,38,60
37,r_79_112_34,r_108_77_138,r_104_113_88,r_108_77_138,0.87,-9,129,138,60
34,r_66_87_38,r_68_52_137,seq86,r_66_87_38,1.0,-1,37,38,60
49,r_57_148_19,r_56_59_93,r_146_83_125,r_57_148_19,1.0,0,19,19,60
91,seq99,r_97_133_177,seq96,r_97_133_177,0.85,3,180,177,60
46,r_65_0_111,seq78,r_7_64_52,r_7_64_52,0.91,2,54,52,60
7,r_12_38_68,seq15,r_39_5_116,r_12_38_68,0.75,-2,66,68,60
23,r_53_26_121,r_29_55_12,seq25,r_53_26_121,0.82,1,122,121,60
35,r_126_136_168,seq128,seq132,r_126_136_168,0.42,1,169,168,60
84,seq85,seq91,r_127_93_33,r_127_93_33,0.97,78,111,33,60
36,r_114_90_143,r_115_82_79,r_108_122_185,r_115_82_79,0.86,-3,76,79,61
92,seq111,r_107_74_186,r_147_110_27,r_147_110_27,0.94,33,60,27,61
29,r_117_77_45,r_115_82_79,r_79_81_196,r_117_77_45,0.87,0,45,45,61
30,r_31_2_56,seq32,r_55_6_13,r_31_2_56,1.0,0,56,56,61
37,r_22_148_144,seq23,seq146,r_22_148_144,0.77,0,144,144,61
59,seq146,r_149_136_108,seq145,r_149_136_108,0.73,7,115,108,61
24,r_45_76_15,r_43_18_156,r_79_81_196,r_45_76_15,0.98,1,16,15,61
16,r_100_135_98,r_98_141_190,r_16_137_95,r_16_137_95,0.86,4,99,95,61
21,r_44_34_99,r_43_18_156,r_52_35_2,r_44_34_99,0.56,2,101,99,61
11,r_12_40_53,seq33,r_56_39_97,r_56_39_97,0.71,2,99,97,61
11,r_12_40_53,r_37_9_88,seq33,r_12_40_53,0.68,35,88,53,61
46,r_24_104_138,seq23,r_115_82_79,r_24_104_138,0.5,0,138,138,61
42,r_139_85_155,seq142,r_115_82_79,r_139_85_155,0.53,0,155,155,61
12,r_147_110_27,r_149_136_108,seq111,r_147_110_27,0.95,3,30,27,61
53,seq5,r_7_65_135,r_55_6_13,r_55_6_13,0.99,3,16,13,61
7,r_13_75_151,r_38_19_33,r_45_76_15,r_13_75_151,0.99,1,152,151,61
69,seq46,r_48_41_199,r_123_47_145,r_123_47_145,1.0,28,173,145,61
39,r_4_49_19,r_7_65_135,seq50,r_4_49_19,0.99,0,19,19,61
1,r_68_10_55,r_70_58_72,seq11,r_68_10_55,1.0,0,55,55,61
45,r_55_6_13,r_53_89_34,seq5,r_55_6_13,1.0,0,13,13,61
76,seq66,seq83,r_129_64_106,r_129_64_106,0.52,-9,97,106,61
0,r_38_19_33,r_52_35_2,seq17,r_38_19_33,1.0,0,33,33,61
35,r_1_29_46,r_7_65_135,seq32,r_1_29_46,1.0,0,46,46,61
31,r_131_118_120,seq132,r_147_110_27,r_131_118_120,0.86,4,124,120,61
41,r_138_109_172,seq134,r_147_110_27,r_138_109_172,0.37,1,173,172,61
3,r_42_101_166,r_43_18_156,seq96,r_42_101_166,0.97,-10,156,166,61
10,r_94_57_162,seq86,r_70_58_72,r_70_58_72,0.83,91,163,72,61
26,r_7_65_135,seq5,seq66,r_7_65_135,1.0,0,135,135,61
71,seq54,r_53_89_34,r_48_41_199,r_53_89_34,1.0,0,34,34,61
4,r_107_74_186,r_108_122_185,r_13_75_151,r_13_75_151,0.87,36,187,151,61
13,r_43_18_156,r_42_101_166,r_38_19_33,r_42_101_166,0.98,-10,156,166,61
49,r_53_89_34,seq54,seq87,r_53_89_34,1.0,0,34,34,61
6,r_129_64_106,seq130,seq66,r_129_64_106,0.71,7,113,106,61
36,r_114_90_143,r_108_122_185,r_53_89_34,r_114_90_143,0.82,3,146,143,61
27,r_123_47_145,seq120,seq46,r_123_47_145,0.66,0,145,145,61
14,r_80_3_42,r_68_10_55,r_55_6_13,r_55_6_13,1.0,29,42,13,61
2,r_56_39_97,seq61,r_12_40_53,r_56_39_97,0.97,2,99,97,61
47,r_113_14_84,seq112,r_38_19_33,r_113_14_84,1.0,0,84,84,61
40,r_8_51_122,r_7_65_135,seq54,r_8_51_122,0.95,0,122,122,61
18,r_149_136_108,seq146,r_16_137_95,r_16_137_95,1.0,20,115,95,61
33,r_70_58_72,seq67,seq59,r_70_58_72,1.0,3,75,72,61
44,r_91_128_17,r_94_57_162,seq127,r_91_128_17,0.74,3,20,17,61
19,r_116_133_11,r_115_82_79,seq132,r_116_133_11,0.77,3,14,11,61
32,r_16_137_95,seq17,r_100_135_98,r_16_137_95,1.0,0,95,95,61
71,seq54,r_48_41_199,r_8_51_122,r_8_51_122,1.0,-1,121,122,61
34,r_108_122_185,r_107_74_186,seq130,r_108_122_185,0.41,2,187,185,61
7,r_13_75_151,r_12_40_53,r_38_19_33,r_12_40_53,0.73,3,56,53,61
11,r_12_40_53,r_13_75_151,r_37_9_88,r_12_40_53,1.0,0,53,53,61
81,seq83,r_88_103_167,r_115_82_79,r_115_82_79,0.69,28,107,79,61
17,r_97_140_130,seq99,r_16_137_95,r_16_137_95,0.95,45,140,95,61
9,r_115_82_79,r_114_90_143,seq83,r_115_82_79,0.83,8,87,79,61
38,r_37_9_88,r_12_40_53,r_68_10_55,r_37_9_88,0.98,0,88,88,61
22,r_71_106_146,seq72,r_147_110_27,r_147_110_27,0.77,134,161,27,61
56,seq142,r_139_85_155,r_16_137_95,r_16_137_95,1.0,28,123,95,61
23,r_25_60_134,seq23,seq59,r_25_60_134,0.91,2,136,134,61
25,r_15_20_12,r_16_137_95,seq21,r_15_20_12,1.0,0,12,12,61
38,r_37_9_88,r_52_35_2,r_12_40_53,r_12_40_53,0.97,4,57,53,61
29,r_143_60_101,r_144_125_56,seq148,r_144_125_56,0.51,-29,27,56,62
22,r_108_96_104,r_107_26_27,r_51_109_11,r_107_26_27,0.86,0,27,27,62
14,r_128_116_169,seq127,r_3_115_114,r_3_115_114,0.99,56,170,114,62
8,r_63_104_158,r_61_64_52,r_110_105_37,r_63_104_158,0.56,4,162,158,62
59,seq138,r_144_125_56,r_56_141_65,r_56_141_65,1.0,2,67,65,62
21,r_56_141_65,r_63_104_158,seq138,r_56_141_65,1.0,0,65,65,62
39,r_147_81_120,seq146,r_84_41_199,r_147_81_120,0.87,1,121,120,62
5,r_97_58_82,r_103_98_46,seq57,r_97_58_82,1.0,2,84,82,62
46,r_37_92_143,seq36,r_42_93_102,r_37_92_143,0.87,0,143,143,62
24,r_51_109_11,seq49,r_108_96_104,r_51_109_11,0.9,0,11,11,62
12,r_119_29_34,seq121,seq27,r_119_29_34,1.0,0,34,34,62
69,seq134,r_136_137_97,r_111_135_10,r_136_137_97,1.0,-16,81,97,62
24,r_51_109_11,r_108_96_104,seq113,r_108_96_104,0.9,14,118,104,62
19,r_118_80_61,seq121,seq79,r_118_80_61,1.0,0,61,61,62
99,seq127,r_128_116_169,r_67_126_24,r_67_126_24,1.0,-1,23,24,62
31,r_13_129_74,r_16_142_112,r_144_125_56,r_144_125_56,0.56,16,72,56,62
41,r_3_115_114,seq5,seq112,r_3_115_114,1.0,0,114,114,62
67,seq31,r_34_21_59,r_87_33_130,r_87_33_130,0.95,6,136,130,62
0,r_43_50_19,r_42_93_102,seq48,r_43_50_19,0.73,-2,17,19,62
4,r_145_4_156,seq146,seq1,r_145_4_156,0.75,0,156,156,62
63,seq146,r_145_4_156,seq148,r_145_4_156,0.98,0,156,156,62
11,r_16_142_112,seq15,seq148,r_16_142_112,0.8,0,112,112,62
20,r_130_89_137,seq131,seq90,r_130_89_137,0.99,1,138,137,62
13,r_87_33_130,r_86_18_183,seq31,r_86_18_183,0.53,-53,130,183,62
15,r_99_10_132,seq100,seq7,r_99_10_132,0.95,0,132,132,62
48,r_46_140_89,seq53,r_56_141_65,r_46_140_89,1.0,0,89,89,62
16,r_25_101_47,r_28_120_123,seq100,r_25_101_47,1.0,0,47,47,62
85,seq79,seq78,r_118_80_61,r_118_80_61,1.0,2,63,61,62
27,r_103_98_46,seq106,r_108_96_104,r_108_96_104,1.0,11,115,104,62
1,r_149_55_53,seq146,seq54,r_149_55_53,1.0,0,53,53,62
26,r_85_47_41,r_87_33_130,seq48,r_85_47_41,1.0,0,41,41,62
87,seq88,r_86_18_183,r_84_41_199,r_86_18_183,0.71,0,183,183,62
22,r_108_96_104,r_51_109_11,r_103_98_46,r_108_96_104,1.0,0,104,104,62
47,r_71_114_99,seq73,seq112,r_71_114_99,0.7,0,99,99,62
40,r_12_139_133,seq15,r_56_141_65,r_12_139_133,0.95,0,133,133,62
32,r_35_11_32,r_37_92_143,seq15,r_37_92_143,0.55,-116,27,143,62
25,r_32_65_129,r_34_21_59,r_97_58_82,r_32_65_129,0.9,0,129,129,62
3,r_144_125_56,r_143_60_101,r_67_126_24,r_144_125_56,0.91,-5,51,56,62
37,r_110_105_37,r_117_45_86,seq106,r_110_105_37,1.0,1,38,37,62
38,r_86_18_183,seq88,seq17,r_86_18_183,0.65,0,183,183,62
34,r_9_133_150,seq8,seq131,r_9_133_150,0.91,1,151,150,62
77,seq54,seq53,r_149_55_53,r_149_55_53,1.0,0,53,53,62
17,r_19_74_60,r_12_139_133,r_76_72_117,r_19_74_60,1.0,0,60,60,62
9,r_28_120_123,seq27,r_75_122_105,r_28_120_123,0.92,0,123,123,62
96,seq121,r_118_80_61,r_130_89_137,r_118_80_61,0.71,0,61,61,62
6,r_107_26_27,r_108_96_104,seq27,r_107_26_27,0.92,0,27,27,62
29,r_143_60_101,seq148,r_61_64_52,r_143_60_101,1.0,0,101,101,62
28,r_42_93_102,seq44,seq94,r_42_93_102,0.93,1,103,102,62
42,r_102_52_35,r_99_10_132,seq53,r_102_52_35,1.0,0,35,35,62
49,r_136_137_97,seq134,r_56_141_65,r_56_141_65,1.0,21,86,65,62
7,r_75_122_105,seq73,seq121,r_75_122_105,0.99,2,107,105,62
44,r_82_68_166,r_84_41_199,seq69,r_82_68_166,0.65,0,166,166,62
23,r_34_21_59,r_28_120_123,seq36,r_28_120_123,1.0,-33,90,123,62
10,r_67_126_24,seq69,seq127,r_67_126_24,0.98,0,24,24,62
76,seq53,seq54,r_102_52_35,r_102_52_35,1.0,0,35,35,62
35,r_117_45_86,seq112,seq44,r_117_45_86,0.99,1,87,86,62
93,seq116,r_114_136_148,r_58_119_103,r_58_119_103,0.97,47,150,103,63
36,r_128_16_170,r_133_129_160,seq28,r_128_16_170,0.71,0,170,170,63
14,r_21_123_117,r_22_33_189,seq122,r_21_123_117,0.97,1,118,117,63
8,r_26_88_190,r_27_30_195,r_6_82_164,r_6_82_164,0.52,26,190,164,63
43,r_90_130_184,seq93,r_51_131_145,r_51_131_145,0.58,39,184,145,63
83,seq93,r_90_130_184,r_94_92_94,r_90_130_184,0.89,-31,153,184,63
37,r_107_112_70,seq106,seq117,r_107_112_70,0.87,7,77,70,63
13,r_70_13_45,r_68_10_109,r_121_11_48,r_121_11_48,0.87,0,48,48,63
9,r_12_142_14,r_18_32_163,seq144,r_12_142_14,1.0,0,14,14,63
86,seq102,r_101_65_74,seq103,r_101_65_74,0.66,-1,73,74,63
24,r_46_118_16,r_42_86_105,seq120,r_46_118_16,0.89,0,16,16,63
16,r_0_60_167,seq4,r_98_77_4,r_98_77_4,0.81,163,167,4,63
21,r_1_19_79,r_2_54_176,seq20,r_1_19_79,0.88,20,99,79,63
1,r_18_32_163,r_27_30_195,seq17,r_18_32_163,0.68,-98,65,163,63
5,r_83_97_44,r_94_92_94,r_34_96_83,r_83_97_44,0.48,41,85,44,63
42,r_2_54_176,seq4,r_66_52_171,r_66_52_171,0.64,5,176,171,63
48,r_145_79_32,seq140,seq81,r_145_79_32,1.0,2,34,32,63
7,r_66_52_171,r_31_67_93,seq55,r_66_52_171,0.86,0,171,171,63
45,r_68_10_109,seq69,r_121_11_48,r_68_10_109,1.0,0,109,109,63
31,r_39_85_50,seq40,seq84,r_39_85_50,0.97,0,50,50,63
95,seq120,r_114_136_148,r_46_118_16,r_46_118_16,0.77,21,37,16,63
44,r_80_134_21,r_104_72_116,seq135,r_80_134_21,0.99,1,22,21,63
0,r_6_82_164,seq15,r_42_86_105,r_42_86_105,0.66,59,164,105,63
11,r_124_7_149,seq122,r_35_8_2,r_124_7_149,0.89,0,149,149,63
20,r_105_146_81,seq106,seq140,r_105_146_81,0.99,0,81,81,63
47,r_126_3_28,r_133_129_160,seq4,r_126_3_28,0.93,1,29,28,63
15,r_76_89_99,r_68_10_109,r_94_92_94,r_68_10_109,1.0,-1,108,109,63
6,r_25_113_136,r_18_32_163,r_107_112_70,r_25_113_136,0.8,0,136,136,63
27,r_99_41_131,seq100,seq40,r_99_41_131,0.72,1,132,131,63
39,r_53_75_33,seq55,seq74,r_53_75_33,0.91,8,41,33,63
2,r_104_72_116,seq103,r_64_71_67,r_104_72_116,0.68,3,119,116,63
74,seq63,r_64_71_67,r_101_65_74,r_64_71_67,0.55,6,73,67,63
18,r_58_119_103,r_56_115_186,r_46_118_16,r_58_119_103,0.65,0,103,103,63
29,r_42_86_105,seq44,seq87,r_42_86_105,0.94,3,108,105,63
33,r_64_71_67,seq63,seq69,r_64_71_67,0.79,6,73,67,63
65,seq29,r_31_67_93,r_6_82_164,r_31_67_93,0.92,-3,90,93,63
65,seq29,r_27_30_195,r_18_32_163,r_18_32_163,0.62,3,166,163,63
28,r_61_36_57,r_66_52_171,seq48,r_61_36_57,0.79,-3,54,57,63
38,r_114_136_148,seq116,r_80_134_21,r_80_134_21,0.87,129,150,21,63
77,seq74,r_68_10_109,r_53_75_33,r_68_10_109,0.81,-49,60,109,63
75,seq69,r_68_10_109,r_64_71_67,r_68_10_109,0.91,-36,73,109,63
17,r_5_139_91,seq4,r_95_138_58,r_5_139_91,1.0,0,91,91,63
25,r_101_65_74,r_66_52_171,r_31_67_93,r_101_65_74,0.58,96,170,74,63
96,seq137,r_133_129_160,r_95_138_58,r_95_138_58,1.0,28,86,58,63
41,r_121_11_48,seq122,r_70_13_45,r_121_11_48,1.0,0,48,48,63
12,r_95_138_58,seq100,seq137,r_95_138_58,1.0,0,58,58,63
7,r_66_52_171,seq63,r_31_67_93,r_31_67_93,1.0,9,102,93,63
23,r_31_67_93,seq29,r_66_52_171,r_31_67_93,0.99,0,93,93,63
85,seq100,r_95_138_58,r_83_97_44,r_95_138_58,1.0,0,58,58,63
23,r_31_67_93,r_66_52_171,r_101_65_74,r_66_52_171,1.0,5,176,171,63
30,r_50_114_122,r_53_1_194,r_133_119_65,r_53_1_194,0.59,-72,122,194,64
36,r_138_112_176,r_137_141_38,r_50_114_122,r_137_141_38,0.48,139,177,38,64
32,r_39_73_54,r_38_117_143,r_100_68_51,r_39_73_54,1.0,1,55,54,64
14,r_99_77_142,seq95,seq78,r_99_77_142,0.78,4,146,142,64
8,r_45_113_199,r_47_103_167,r_109_44_147,r_45_113_199,0.8,-31,168,199,64
43,r_64_128_148,r_65_143_190,seq125,r_65_143_190,0.74,-42,148,190,64
54,seq6,seq8,r_49_5_36,r_49_5_36,1.0,38,74,36,64
37,r_47_103_167,r_45_113_199,r_90_102_135,r_47_103_167,0.82,1,168,167,64
59,seq145,r_146_19_103,seq147,r_146_19_103,1.0,1,104,103,64
39,r_38_117_143,seq40,r_133_119_65,r_38_117_143,0.93,0,143,143,64
1,r_53_1_194,r_54_139_179,r_135_57_97,r_135_57_97,0.8,83,180,97,64
5,r_46_88_104,r_45_113_199,seq95,r_46_88_104,0.99,0,104,104,64
46,r_126_13_62,seq127,seq14,r_126_13_62,1.0,1,63,62,64
80,seq78,seq80,r_99_77_142,r_99_77_142,0.8,4,146,142,64
34,r_134_105_15,r_135_57_97,seq104,r_134_105_15,0.46,0,15,15,64
69,seq36,r_38_117_143,r_16_37_78,r_38_117_143,0.69,-45,98,143,64
45,r_133_119_65,seq131,seq118,r_133_119_65,0.98,1,66,65,64
24,r_4_48_64,r_53_1_194,r_135_57_97,r_135_57_97,0.86,49,146,97,64
66,seq29,r_30_85_123,r_25_24_119,r_30_85_123,1.0,0,123,123,64
38,r_31_144_35,r_25_24_119,seq142,r_31_144_35,1.0,0,35,35,64
2,r_100_68_51,r_99_77_142,seq67,r_100_68_51,1.0,0,51,51,64
31,r_55_108_138,r_53_1_194,r_133_119_65,r_53_1_194,0.86,-55,139,194,64
41,r_98_41_113,r_99_77_142,seq36,r_98_41_113,0.99,0,113,113,64
3,r_0_58_188,seq20,r_135_57_97,r_0_58_188,0.32,0,188,188,64
10,r_121_56_89,seq123,r_4_48_64,r_121_56_89,0.98,2,91,89,64
26,r_90_102_135,r_99_77_142,r_134_105_15,r_90_102_135,0.94,0,135,135,64
4,r_122_35_72,r_121_56_89,seq34,r_122_35_72,1.0,0,72,72,64
32,r_39_73_54,r_100_68_51,r_43_76_112,r_43_76_112,1.0,1,113,112,64
0,r_116_96_130,seq120,seq95,r_116_96_130,0.99,0,130,130,64
11,r_135_57_97,r_137_141_38,r_4_48_64,r_135_57_97,1.0,0,97,97,64
20,r_71_82_163,seq67,r_30_85_123,r_71_82_163,0.59,0,163,163,64
13,r_110_97_110,r_109_44_147,seq94,r_110_97_110,0.73,1,111,110,64
15,r_18_22_141,r_17_92_124,r_25_24_119,r_17_92_124,0.99,0,124,124,64
19,r_12_60_18,r_18_22_141,seq59,r_12_60_18,0.98,0,18,18,64
6,r_51_15_93,seq52,r_126_13_62,r_51_15_93,0.88,0,93,93,64
18,r_109_44_147,r_133_119_65,r_45_113_199,r_109_44_147,0.94,0,147,147,64
72,seq52,r_4_48_64,r_135_57_97,r_4_48_64,0.42,85,149,64,64
27,r_136_91_154,r_137_141_38,r_17_92_124,r_136_91_154,0.8,0,154,154,64
47,r_17_92_124,r_18_22_141,seq95,r_17_92_124,0.98,0,124,124,64
40,r_93_87_162,seq95,r_30_85_123,r_30_85_123,1.0,43,166,123,64
18,r_109_44_147,r_110_97_110,r_133_119_65,r_109_44_147,0.8,-36,111,147,64
24,r_4_48_64,r_3_89_131,r_53_1_194,r_4_48_64,1.0,0,64,64,64
25,r_65_143_190,r_64_128_148,r_83_66_81,r_83_66_81,0.49,67,148,81,64
33,r_146_19_103,seq145,seq20,r_146_19_103,0.98,1,104,103,64
68,seq34,seq20,r_122_35_72,r_122_35_72,1.0,2,74,72,64
61,seq20,r_25_24_119,r_146_19_103,r_146_19_103,1.0,0,103,103,64
10,r_121_56_89,r_4_48_64,r_135_57_97,r_121_56_89,0.5,58,147,89,64
60,seq147,seq145,r_31_144_35,r_31_144_35,0.99,92,127,35,64
11,r_135_57_97,r_4_48_64,r_121_56_89,r_4_48_64,0.59,83,147,64,64
9,r_74_9_91,seq67,seq10,r_74_9_91,1.0,1,92,91,64
17,r_115_7_16,r_116_96_130,seq8,r_115_7_16,0.7,0,16,16,64
22,r_83_66_81,seq81,r_65_143_190,r_83_66_81,0.95,0,81,81,64
28,r_30_85_123,seq29,seq84,r_30_85_123,0.99,0,123,123,64
55,seq8,seq6,r_115_7_16,r_115_7_16,0.98,13,29,16,64
73,seq59,r_65_143_190,r_12_60_18,r_12_60_18,0.66,-3,15,18,64
44,r_27_61_155,r_25_24_119,seq62,r_27_61_155,0.64,0,155,155,64
23,r_54_139_179,r_53_1_194,r_137_141_38,r_137_141_38,0.61,142,180,38,64
35,r_111_130_149,seq120,r_64_128_148,r_64_128_148,0.48,1,149,148,64
26,r_58_86_26,r_59_4_183,seq84,r_58_86_26,0.98,1,27,26,65
30,r_1_102_158,seq2,seq103,r_1_102_158,0.57,1,159,158,65
51,seq2,r_1_102_158,seq0,r_1_102_158,0.79,1,159,158,65
36,r_134_61_62,r_136_40_146,r_5_57_66,r_134_61_62,1.0,-2,60,62,65
43,r_128_132_113,r_129_122_171,r_95_131_61,r_95_131_61,1.0,112,173,61,65
15,r_117_87_164,r_89_125_126,r_39_81_106,r_117_87_164,0.72,3,167,164,65
83,seq92,r_93_38_172,seq80,r_93_38_172,0.91,-74,98,172,65
37,r_111_17_125,seq112,r_62_16_48,r_111_17_125,0.93,0,125,125,65
59,seq20,r_19_60_154,r_119_23_111,r_119_23_111,0.97,45,156,111,65
3,r_53_27_44,r_54_43_9,r_137_56_12,r_137_56_12,0.75,-1,11,12,65
16,r_119_23_111,r_118_32_153,seq24,r_119_23_111,0.59,0,111,111,65
21,r_116_34_73,r_118_32_153,seq35,r_116_34_73,0.96,0,73,73,65
39,r_129_122_171,r_128_132_113,r_89_125_126,r_128_132_113,0.65,60,173,113,65
25,r_77_44_13,r_72_69_181,r_6_45_17,r_77_44_13,0.91,2,15,13,65
42,r_120_25_79,r_118_32_153,r_53_27_44,r_120_25_79,0.99,0,79,79,65
19,r_142_64_99,r_143_47_140,r_72_69_181,r_142_64_99,0.96,7,106,99,65
27,r_5_57_66,r_59_4_183,r_19_60_154,r_19_60_154,0.68,29,183,154,65
66,seq37,r_39_81_106,r_6_45_17,r_39_81_106,0.74,0,106,106,65
41,r_18_70_139,seq22,r_62_16_48,r_62_16_48,1.0,22,70,48,65
20,r_52_88_115,r_54_43_9,r_137_56_12,r_52_88_115,0.8,-93,22,115,65
67,seq42,r_41_79_64,r_54_43_9,r_41_79_64,0.6,-36,28,64,65
24,r_121_78_53,r_120_25_79,seq73,r_121_78_53,0.99,0,53,53,65
13,r_144_12_24,r_143_47_140,seq9,r_144_12_24,0.99,1,25,24,65
4,r_130_83_141,r_128_132_113,seq80,r_128_132_113,0.71,28,141,113,65
0,r_114_145_84,r_111_17_125,seq141,r_114_145_84,1.0,0,84,84,65
63,seq31,r_30_65_127,seq35,r_30_65_127,0.97,4,131,127,65
11,r_14_90_107,seq13,seq80,r_14_90_107,0.98,4,111,107,65
46,r_137_56_12,r_52_88_115,r_146_55_76,r_146_55_76,0.67,12,88,76,65
15,r_117_87_164,r_118_32_153,r_89_125_126,r_117_87_164,0.45,-11,153,164,65
48,r_148_99_92,seq147,seq100,r_148_99_92,0.93,0,92,92,65
49,r_59_4_183,r_5_57_66,seq2,r_5_57_66,0.29,117,183,66,65
6,r_10_76_159,seq9,seq73,r_10_76_159,0.66,1,160,159,65
22,r_28_139_11,r_30_65_127,seq141,r_28_139_11,0.96,0,11,11,65
46,r_137_56_12,r_140_51_138,r_52_88_115,r_137_56_12,0.8,0,12,12,65
27,r_5_57_66,r_1_102_158,r_59_4_183,r_5_57_66,0.97,1,67,66,65
35,r_62_16_48,r_63_96_121,r_18_70_139,r_62_16_48,0.97,0,48,48,65
22,r_28_139_11,seq141,r_85_138_119,r_85_138_119,0.99,22,141,119,65
3,r_53_27_44,r_137_56_12,seq26,r_53_27_44,0.97,2,46,44,65
2,r_39_81_106,seq37,seq82,r_39_81_106,0.68,0,106,106,65
41,r_18_70_139,r_62_16_48,r_97_71_4,r_18_70_139,0.98,1,140,139,65
47,r_11_149_97,r_10_76_159,seq147,r_11_149_97,1.0,0,97,97,65
51,seq2,seq0,r_59_4_183,r_59_4_183,0.6,-1,182,183,65
18,r_143_47_140,seq141,seq48,r_143_47_140,0.93,0,140,140,65
29,r_109_21_169,seq110,r_119_23_111,r_119_23_111,0.73,60,171,111,65
35,r_62_16_48,r_18_70_139,r_111_17_125,r_111_17_125,0.78,15,140,125,65
33,r_91_107_110,r_89_125_126,seq110,r_89_125_126,0.73,-12,114,126,65
64,seq35,r_29_33_28,r_116_34_73,r_116_34_73,1.0,36,109,73,65
88,seq103,seq105,r_1_102_158,r_1_102_158,0.99,6,164,158,65
20,r_52_88_115,r_137_56_12,seq80,r_137_56_12,0.59,109,121,12,65
68,seq135,r_136_40_146,seq133,r_136_40_146,1.0,0,146,146,65
38,r_146_55_76,r_148_99_92,r_137_56_12,r_146_55_76,0.94,1,77,76,65
34,r_136_40_146,seq135,r_6_45_17,r_136_40_146,0.82,0,146,146,65
23,r_89_125_126,r_14_90_107,seq124,r_89_125_126,1.0,1,127,126,65
17,r_30_65_127,seq31,r_72_69_181,r_30_65_127,0.57,16,143,127,65
9,r_41_79_64,seq42,seq80,r_41_79_64,0.69,4,68,64,65
62,seq26,seq35,r_53_27_44,r_53_27_44,0.84,4,48,44,65
10,r_6_45_17,r_10_76_159,r_77_44_13,r_6_45_17,0.61,4,21,17,65
49,r_59_4_183,r_63_96_121,r_5_57_66,r_59_4_183,0.9,-107,76,183,65
7,r_118_32_153,r_117_87_164,r_29_33_28,r_118_32_153,0.87,0,153,153,65
44,r_95_131_61,seq94,r_128_132_113,r_95_131_61,0.93,-1,60,61,65
23,r_89_125_126,r_91_107_110,r_14_90_107,r_14_90_107,0.68,7,114,107,65
12,r_63_96_121,r_59_4_183,r_148_99_92,r_63_96_121,0.92,0,121,121,65
93,seq112,r_113_49_160,r_80_115_65,r_80_115_65,0.98,61,126,65,66
30,r_55_146_74,seq56,seq147,r_55_146_74,1.0,2,76,74,66
36,r_93_110_110,r_94_1_129,r_80_115_65,r_93_110_110,0.67,0,110,110,66
14,r_102_145_100,seq101,r_19_144_54,r_102_145_100,1.0,1,101,100,66
7,r_5_38_28,seq4,seq37,r_5_38_28,1.0,3,31,28,66
75,seq51,r_52_134_19,r_80_115_65,r_52_134_19,0.92,1,20,19,66
26,r_99_58_43,r_102_145_100,seq57,r_99_58_43,1.0,0,43,43,66
37,r_17_87_83,seq21,seq82,r_17_87_83,1.0,0,83,83,66
3,r_59_95_24,r_96_74_105,r_93_110_110,r_59_95_24,0.8,82,106,24,66
31,r_43_50_40,r_39_27_186,seq51,r_43_50_40,1.0,0,40,40,66
21,r_39_27_186,seq37,r_98_28_152,r_98_28_152,0.99,36,188,152,66
1,r_96_74_105,r_59_95_24,r_77_68_30,r_96_74_105,1.0,1,106,105,66
15,r_97_137_14,r_98_28_152,seq136,r_97_137_14,0.97,3,17,14,66
5,r_80_115_65,seq81,seq112,r_80_115_65,1.0,0,65,65,66
46,r_73_14_168,r_75_35_194,r_23_15_111,r_73_14_168,0.67,0,168,168,66
45,r_148_16_108,seq149,r_23_15_111,r_148_16_108,1.0,0,108,108,66
19,r_98_28_152,seq100,seq24,r_98_28_152,0.92,2,154,152,66
1,r_96_74_105,r_111_78_80,r_59_95_24,r_59_95_24,0.99,1,25,24,66
52,seq4,r_2_20_96,seq46,r_2_20_96,0.51,13,109,96,66
66,seq30,seq29,r_120_31_63,r_120_31_63,1.0,30,93,63,66
10,r_111_78_80,r_113_49_160,seq81,r_111_78_80,1.0,2,82,80,66
72,seq46,seq47,r_116_45_140,r_116_45_140,1.0,0,140,140,66
4,r_3_83_70,seq4,seq82,r_3_83_70,1.0,0,70,70,66
73,seq47,r_48_105_132,seq46,r_48_105_132,0.99,1,133,132,66
11,r_18_114_180,seq21,r_80_115_65,r_18_114_180,0.62,0,180,180,66
20,r_120_31_63,r_121_63_142,seq30,r_120_31_63,1.0,0,63,63,66
13,r_60_79_145,seq57,r_111_78_80,r_111_78_80,1.0,73,153,80,66
48,r_94_1_129,r_93_110_110,r_116_45_140,r_93_110_110,0.87,0,110,110,66
62,seq24,r_25_42_162,seq8,r_25_42_162,0.62,1,163,162,66
85,seq81,seq82,r_111_78_80,r_111_78_80,1.0,35,115,80,66
27,r_2_20_96,seq4,seq21,r_2_20_96,0.93,-1,95,96,66
42,r_0_6_112,r_106_130_106,seq24,r_0_6_112,0.7,-99,13,112,66
42,r_0_6_112,r_9_107_42,seq7,r_0_6_112,0.9,-7,105,112,66
63,seq132,r_133_131_25,r_52_134_19,r_52_134_19,1.0,0,19,19,66
2,r_106_130_106,seq104,r_133_131_25,r_106_130_106,0.98,0,106,106,66
47,r_116_45_140,r_117_71_146,seq46,r_116_45_140,0.99,1,141,140,66
18,r_84_123_147,seq82,seq124,r_84_123_147,0.74,0,147,147,66
78,seq57,seq61,r_99_58_43,r_99_58_43,1.0,9,52,43,66
24,r_44_65_113,seq46,r_77_68_30,r_44_65_113,0.99,0,113,113,66
44,r_52_134_19,seq51,seq132,r_52_134_19,1.0,1,20,19,66
42,r_0_6_112,seq24,r_9_107_42,r_9_107_42,0.48,51,93,42,66
38,r_48_105_132,seq47,seq100,r_48_105_132,0.97,0,132,132,66
52,seq4,r_3_83_70,r_2_20_96,r_3_83_70,0.99,0,70,70,66
25,r_85_103_10,r_84_123_147,seq101,r_85_103_10,0.97,1,11,10,66
77,seq56,r_55_146_74,seq54,r_55_146_74,1.0,2,76,74,66
16,r_19_144_54,r_18_114_180,seq147,r_19_144_54,1.0,0,54,54,66
34,r_75_35_194,r_73_14_168,r_77_68_30,r_73_14_168,0.95,-41,127,168,66
35,r_139_89_44,seq141,r_77_68_30,r_139_89_44,0.98,0,44,44,66
40,r_9_107_42,r_18_114_180,seq112,r_9_107_42,1.0,0,42,42,66
17,r_76_86_86,r_75_35_194,seq82,r_75_35_194,0.6,-93,101,194,66
33,r_143_109_23,r_148_16_108,seq112,r_143_109_23,0.99,0,23,23,66
28,r_25_42_162,seq24,r_5_38_28,r_5_38_28,0.81,135,163,28,66
49,r_121_63_142,seq122,r_77_68_30,r_121_63_142,0.77,0,142,142,66
74,seq136,seq135,r_97_137_14,r_97_137_14,1.0,5,19,14,66
23,r_117_71_146,r_36_118_2,r_77_68_30,r_117_71_146,0.77,0,146,146,66
3,r_59_95_24,r_60_79_145,r_96_74_105,r_59_95_24,0.99,1,25,24,66
35,r_139_89_44,r_77_68_30,seq92,r_77_68_30,0.55,68,98,30,66
12,r_36_118_2,r_117_71_146,seq119,r_117_71_146,0.98,0,146,146,66
93,seq116,r_110_17_135,r_94_105_1,r_110_17_135,0.98,-68,67,135,67
30,r_70_63_60,r_73_90_95,r_52_62_58,r_70_63_60,1.0,0,60,60,67
36,r_126_71_167,seq125,r_10_76_116,r_126_71_167,0.65,1,168,167,67
14,r_10_76_116,r_9_14_160,seq75,r_10_76_116,0.98,1,117,116,67
41,r_112_135_49,r_110_17_135,seq136,r_112_135_49,0.96,0,49,49,67
43,r_72_109_103,r_73_90_95,seq108,r_72_109_103,0.94,3,106,103,67
37,r_139_0_133,r_138_113_172,r_1_99_184,r_139_0_133,0.91,0,133,133,67
86,seq143,r_142_97_164,seq145,r_142_97_164,1.0,1,165,164,67
21,r_132_111_146,seq134,seq108,r_132_111_146,0.92,0,146,146,67
39,r_4_56_113,r_5_54_142,r_52_62_58,r_4_56_113,0.8,1,114,113,67
97,seq121,r_122_131_82,seq117,r_122_131_82,0.94,0,82,82,67
5,r_30_37_120,r_29_43_177,r_123_38_98,r_123_38_98,1.0,39,137,98,67
46,r_36_85_79,r_35_69_176,seq84,r_36_85_79,0.99,1,80,79,67
42,r_73_90_95,r_72_109_103,r_144_92_102,r_73_90_95,1.0,7,102,95,67
19,r_9_14_160,seq7,r_110_17_135,r_110_17_135,1.0,26,161,135,67
2,r_1_99_184,r_10_76_116,seq15,r_10_76_116,0.69,-67,49,116,67
13,r_89_146_161,r_144_92_102,r_112_135_49,r_89_146_161,0.89,0,161,161,67
76,seq66,r_65_101_159,seq68,r_65_101_159,0.92,-23,136,159,67
67,seq42,r_41_33_165,seq44,r_41_33_165,0.53,0,165,165,67
10,r_142_97_164,seq143,r_31_93_69,r_142_97_164,0.82,1,165,164,67
2,r_1_99_184,r_139_0_133,r_65_101_159,r_1_99_184,1.0,0,184,184,67
26,r_110_17_135,seq108,seq15,r_110_17_135,0.98,0,135,135,67
0,r_74_8_185,r_72_109_103,seq75,r_72_109_103,1.0,2,105,103,67
11,r_80_148_115,seq81,seq149,r_80_148_115,1.0,0,115,115,67
20,r_122_131_82,seq121,seq134,r_122_131_82,0.98,0,82,82,67
13,r_89_146_161,r_87_128_149,r_144_92_102,r_144_92_102,1.0,47,149,102,67
15,r_138_113_172,r_139_0_133,r_67_137_105,r_138_113_172,0.68,-39,133,172,67
48,r_65_101_159,seq66,seq103,r_65_101_159,0.7,0,159,159,67
15,r_138_113_172,r_67_137_105,r_132_111_146,r_138_113_172,1.0,0,172,172,67
62,seq23,r_24_91_104,seq22,r_24_91_104,1.0,4,108,104,67
85,seq86,seq81,r_89_146_161,r_89_146_161,0.53,-59,102,161,67
2,r_1_99_184,seq15,r_139_0_133,r_139_0_133,0.88,1,134,133,67
24,r_130_115_22,r_114_46_188,r_94_105_1,r_130_115_22,0.59,43,65,22,67
99,seq149,seq145,r_80_148_115,r_80_148_115,1.0,15,130,115,67
0,r_74_8_185,seq75,seq2,r_74_8_185,0.77,0,185,185,67
27,r_129_83_78,r_132_111_146,seq84,r_129_83_78,1.0,0,78,78,67
47,r_26_20_99,r_27_11_126,seq21,r_26_20_99,0.74,16,115,99,67
24,r_130_115_22,r_129_83_78,r_114_46_188,r_130_115_22,0.97,0,22,22,67
40,r_87_128_149,r_89_146_161,seq133,r_87_128_149,0.8,0,149,149,67
18,r_123_38_98,seq121,seq32,r_123_38_98,1.0,2,100,98,67
37,r_139_0_133,r_1_99_184,r_74_8_185,r_139_0_133,0.84,51,184,133,67
50,seq2,r_5_54_142,r_140_3_59,r_140_3_59,1.0,87,146,59,67
32,r_29_43_177,r_30_37_120,r_5_54_142,r_29_43_177,0.21,2,179,177,67
38,r_67_137_105,seq68,r_112_135_49,r_67_137_105,0.87,0,105,105,67
77,seq68,r_67_137_105,seq66,r_67_137_105,1.0,1,106,105,67
34,r_102_55_108,seq103,seq50,r_102_55_108,1.0,0,108,108,67
60,seq21,seq13,r_26_20_99,r_26_20_99,0.91,38,137,99,67
8,r_52_62_58,seq50,seq64,r_52_62_58,1.0,0,58,58,67
54,seq136,seq141,r_112_135_49,r_112_135_49,1.0,4,53,49,67
17,r_48_88_150,seq50,r_73_90_95,r_48_88_150,0.88,1,151,150,67
31,r_140_3_59,r_139_0_133,seq2,r_140_3_59,0.98,0,59,59,67
29,r_53_34_37,r_52_62_58,seq32,r_53_34_37,0.73,2,39,37,67
22,r_144_92_102,seq145,r_73_90_95,r_144_92_102,1.0,0,102,102,67
28,r_5_54_142,seq2,r_107_49_5,r_5_54_142,0.5,4,146,142,67
4,r_40_60_33,r_35_69_176,seq64,r_40_60_33,0.99,0,33,33,67
23,r_24_91_104,seq23,r_144_92_102,r_24_91_104,1.0,0,104,104,67
12,r_31_93_69,r_30_37_120,seq95,r_31_93_69,1.0,0,69,69,67
30,r_4_30_126,seq6,seq28,r_4_30_126,0.9,0,126,126,68
36,r_68_46_88,r_70_135_173,seq45,r_68_46_88,0.99,0,88,88,68
34,r_11_97_45,seq12,seq96,r_11_97_45,1.0,0,45,45,68
37,r_27_141_131,seq28,seq140,r_27_141_131,0.99,0,131,131,68
55,seq12,r_11_97_45,seq21,r_11_97_45,1.0,-2,43,45,68
16,r_137_13_135,r_139_130_178,seq12,r_137_13_135,0.96,0,135,135,68
21,r_38_48_84,seq37,r_1_44_115,r_1_44_115,1.0,2,117,115,68
39,r_148_104_105,seq149,r_110_103_74,r_148_104_105,1.0,0,105,105,68
1,r_131_52_99,r_132_61_149,r_38_48_84,r_131_52_99,0.79,0,99,99,68
5,r_101_87_171,seq99,r_122_90_153,r_122_90_153,0.75,17,170,153,68
42,r_117_89_111,seq116,seq88,r_117_89_111,0.77,0,111,111,68
75,seq60,r_95_26_56,r_54_107_195,r_54_107_195,0.5,-145,50,195,68
32,r_57_147_157,r_76_56_63,seq149,r_57_147_157,0.93,0,157,157,68
45,r_80_142_148,r_82_102_66,seq79,r_82_102_66,0.94,3,69,66,68
76,seq134,r_137_13_135,r_67_136_52,r_67_136_52,0.97,1,53,52,68
19,r_118_63_81,r_117_89_111,r_55_66_29,r_118_63_81,0.6,0,81,81,68
23,r_132_61_149,r_131_52_99,r_59_133_16,r_132_61_149,0.96,-120,29,149,68
31,r_3_78_50,r_4_30_126,seq79,r_3_78_50,1.0,0,50,50,68
3,r_100_62_152,seq99,r_132_61_149,r_100_62_152,0.5,0,152,152,68
43,r_55_66_29,r_57_147_157,seq64,r_55_66_29,0.98,0,29,29,68
4,r_29_144_121,r_27_141_131,seq143,r_29_144_121,0.82,0,121,121,68
0,r_18_25_65,r_19_47_167,r_95_26_56,r_18_25_65,1.0,0,65,65,68
11,r_122_90_153,seq123,r_84_91_137,r_84_91_137,0.49,21,158,137,68
20,r_19_47_167,r_15_124_180,r_131_52_99,r_19_47_167,0.63,0,167,167,68
13,r_84_91_137,seq85,r_117_89_111,r_84_91_137,0.44,12,149,137,68
48,r_138_121_67,r_137_13_135,seq123,r_138_121_67,1.0,0,67,67,68
47,r_59_133_16,r_57_147_157,r_132_61_149,r_59_133_16,0.95,0,16,16,68
57,seq17,r_15_124_180,r_92_20_127,r_92_20_127,1.0,54,181,127,68
6,r_70_135_173,seq64,r_67_136_52,r_67_136_52,1.0,121,173,52,68
62,seq28,r_27_141_131,r_18_25_65,r_18_25_65,0.76,66,131,65,68
49,r_67_136_52,r_68_46_88,seq134,r_67_136_52,1.0,-1,51,52,68
51,seq6,r_129_2_28,r_65_5_140,r_65_5_140,0.98,20,160,140,68
87,seq96,r_110_103_74,r_11_97_45,r_11_97_45,1.0,0,45,45,68
99,seq149,r_148_104_105,seq145,r_148_104_105,0.87,0,105,105,68
77,seq64,r_70_135_173,r_55_66_29,r_55_66_29,1.0,0,29,29,68
22,r_129_2_28,r_1_44_115,seq6,r_1_44_115,1.0,1,116,115,68
99,seq149,seq145,r_57_147_157,r_57_147_157,0.89,1,158,157,68
2,r_77_14_145,r_80_142_148,r_137_13_135,r_77_14_145,0.95,2,147,145,68
40,r_36_72_116,seq37,seq71,r_36_72_116,0.69,0,116,116,68
74,seq58,r_57_147_157,r_76_56_63,r_76_56_63,0.73,94,157,63,68
18,r_15_124_180,seq17,r_138_121_67,r_15_124_180,0.4,1,181,180,68
29,r_53_112_181,seq49,r_110_103_74,r_110_103_74,0.64,107,181,74,68
24,r_92_20_127,seq86,seq17,r_92_20_127,0.95,1,128,127,68
35,r_76_56_63,r_57_147_157,seq58,r_57_147_157,1.0,0,157,157,68
33,r_65_5_140,seq64,seq6,r_65_5_140,0.95,1,141,140,68
47,r_59_133_16,r_132_61_149,r_139_130_178,r_132_61_149,0.94,3,152,149,68
88,seq99,r_100_62_152,r_110_103_74,r_100_62_152,1.0,0,152,152,68
32,r_57_147_157,seq58,r_76_56_63,r_76_56_63,1.0,-2,61,63,68
38,r_81_106_109,r_80_142_148,r_110_103_74,r_80_142_148,0.83,-38,110,148,68
45,r_80_142_148,seq79,seq143,r_80_142_148,0.97,3,151,148,68
81,seq79,r_80_142_148,r_3_78_50,r_3_78_50,0.6,101,151,50,68
17,r_139_130_178,r_137_13_135,r_67_136_52,r_139_130_178,0.64,-43,135,178,68
94,seq140,seq149,r_27_141_131,r_27_141_131,0.75,-8,123,131,68
41,r_33_119_24,seq34,seq116,r_33_119_24,1.0,0,24,24,68
9,r_82_102_66,r_81_106_109,seq99,r_82_102_66,0.44,-5,61,66,68
26,r_1_44_115,r_129_2_28,r_68_46_88,r_1_44_115,1.0,1,116,115,68
14,r_115_98_32,r_118_63_81,seq99,r_115_98_32,0.68,-1,31,32,68
96,seq123,r_122_90_153,r_138_121_67,r_138_121_67,1.0,91,158,67,68
7,r_16_114_38,r_15_124_180,r_33_119_24,r_16_114_38,1.0,0,38,38,68
26,r_1_44_115,seq6,r_129_2_28,r_129_2_28,1.0,1,29,28,68
56,seq143,seq149,r_29_144_121,r_29_144_121,0.9,0,121,121,68
22,r_129_2_28,r_137_13_135,r_1_44_115,r_129_2_28,1.0,1,29,28,68
35,r_76_56_63,r_77_14_145,r_57_147_157,r_76_56_63,0.92,3,66,63,68
23,r_132_61_149,r_59_133_16,r_100_62_152,r_132_61_149,0.89,3,152,149,68
84,seq86,r_92_20_127,seq88,r_92_20_127,0.98,-29,98,127,68
55,seq12,seq21,r_137_13_135,r_137_13_135,1.0,1,136,135,68
40,r_123_126_148,r_107_124_81,seq128,r_123_126_148,0.57,-3,145,148,69
30,r_83_17_98,seq82,r_9_19_7,r_83_17_98,1.0,0,98,98,69
44,r_60_125_62,r_123_126_148,r_107_124_81,r_60_125_62,0.94,84,146,62,69
36,r_104_148_106,r_103_43_189,r_133_149_102,r_104_148_106,0.93,1,107,106,69
8,r_1_81_65,seq2,r_101_84_61,r_1_81_65,1.0,0,65,65,69
37,r_28_143_57,seq27,seq142,r_28_143_57,1.0,0,57,57,69
54,seq132,r_133_149_102,r_131_37_156,r_133_149_102,1.0,1,103,102,69
16,r_74_75_38,r_77_122_186,r_16_69_160,r_74_75_38,0.56,148,186,38,69
21,r_90_13_74,r_89_80_184,seq12,r_90_13_74,1.0,0,74,74,69
1,r_133_149_102,seq132,r_104_148_106,r_133_149_102,0.96,5,107,102,69
5,r_107_124_81,r_109_25_191,r_60_125_62,r_107_124_81,1.0,0,81,81,69
42,r_48_105_183,r_49_40_179,r_47_99_16,r_47_99_16,0.9,167,183,16,69
48,r_116_113_82,r_68_117_14,seq112,r_116_113_82,0.96,-6,76,82,69
14,r_129_106_46,r_130_139_80,r_109_25_191,r_129_106_46,1.0,0,46,46,69
19,r_79_42_107,r_89_80_184,seq35,r_79_42_107,0.76,-2,105,107,69
35,r_24_20_11,r_45_23_1,r_9_19_7,r_24_20_11,1.0,0,11,11,69
31,r_86_141_152,r_87_120_178,r_28_143_57,r_28_143_57,0.9,95,152,57,69
41,r_140_7_138,seq142,r_71_5_34,r_140_7_138,0.91,0,138,138,69
3,r_16_69_160,seq18,r_11_67_21,r_16_69_160,0.84,0,160,160,69
9,r_47_99_16,r_57_22_48,seq98,r_47_99_16,0.88,0,16,16,69
54,seq132,r_131_37_156,seq128,r_131_37_156,1.0,0,156,156,69
18,r_130_139_80,r_131_37_156,seq144,r_130_139_80,0.67,0,80,80,69
26,r_68_117_14,r_71_5_34,r_93_118_4,r_71_5_34,0.58,-20,14,34,69
73,seq136,r_137_96_140,r_138_134_27,r_137_96_140,1.0,0,140,140,69
11,r_76_91_112,r_77_122_186,r_89_80_184,r_77_122_186,0.96,-69,117,186,69
20,r_44_135_173,seq46,r_138_134_27,r_44_135_173,0.65,0,173,173,69
13,r_49_40_179,r_48_105_183,r_95_41_137,r_49_40_179,0.62,1,180,179,69
15,r_137_96_140,seq136,seq94,r_137_96_140,0.93,0,140,140,69
48,r_116_113_82,r_133_149_102,r_68_117_14,r_68_117_14,0.77,4,18,14,69
18,r_130_139_80,seq144,r_133_149_102,r_133_149_102,0.81,63,165,102,69
12,r_57_22_48,seq54,seq21,r_57_22_48,0.96,0,48,48,69
2,r_38_4_166,seq39,r_71_5_34,r_71_5_34,0.71,133,167,34,69
40,r_123_126_148,r_116_113_82,r_107_124_81,r_107_124_81,0.99,1,82,81,69
24,r_101_84_61,seq97,seq82,r_101_84_61,1.0,0,61,61,69
25,r_131_37_156,seq132,seq35,r_131_37_156,0.91,0,156,156,69
88,seq94,r_95_41_137,r_137_96_140,r_137_96_140,0.78,4,144,140,69
58,seq142,r_140_7_138,r_28_143_57,r_28_143_57,1.0,9,66,57,69
27,r_71_5_34,seq66,seq6,r_71_5_34,1.0,0,34,34,69
18,r_130_139_80,r_129_106_46,r_131_37_156,r_129_106_46,1.0,0,46,46,69
34,r_77_122_186,r_74_75_38,r_107_124_81,r_77_122_186,0.48,0,186,186,69
32,r_88_108_53,r_89_80_184,r_129_106_46,r_88_108_53,1.0,0,53,53,69
81,seq65,r_64_61_181,r_16_69_160,r_16_69_160,0.72,24,184,160,69
17,r_109_25_191,r_107_124_81,r_88_108_53,r_109_25_191,1.0,-110,81,191,69
22,r_58_26_174,r_48_105_183,r_45_23_1,r_48_105_183,0.63,-9,174,183,69
28,r_14_59_111,seq12,seq46,r_14_59_111,1.0,1,112,111,69
49,r_64_61_181,seq65,r_14_59_111,r_14_59_111,0.97,73,184,111,69
7,r_51_10_109,r_48_105_183,r_90_13_74,r_48_105_183,0.94,-74,109,183,69
44,r_60_125_62,r_58_26_174,r_123_126_148,r_60_125_62,1.0,-1,61,62,69
40,r_36_138_30,seq37,seq137,r_36_138_30,0.92,1,31,30,70
38,r_46_26_18,r_34_130_128,r_66_25_50,r_46_26_18,0.83,34,52,18,70
36,r_39_83_150,seq38,r_93_82_34,r_39_83_150,0.93,0,150,150,70
8,r_3_145_161,r_4_0_173,r_113_146_47,r_3_145_161,0.71,0,161,161,70
43,r_41_124_79,seq37,r_103_126_15,r_41_124_79,1.0,0,79,79,70
18,r_112_15_137,r_113_146_47,r_116_73_92,r_113_146_47,0.82,-13,34,47,70
54,seq137,seq133,r_36_138_30,r_36_138_30,0.97,48,78,30,70
37,r_27_136_72,seq28,r_36_138_30,r_27_136_72,0.91,1,73,72,70
59,seq20,r_21_29_189,r_131_22_21,r_131_22_21,1.0,168,189,21,70
24,r_103_126_15,r_97_55_159,r_122_95_196,r_97_55_159,0.53,-143,16,159,70
21,r_4_0_173,r_3_145_161,seq1,r_3_145_161,0.88,0,161,161,70
39,r_141_14_119,seq142,r_10_13_151,r_141_14_119,1.0,0,119,119,70
1,r_116_73_92,r_122_95_196,seq74,r_116_73_92,0.66,20,112,92,70
46,r_120_57_156,r_122_95_196,seq58,r_120_57_156,0.71,0,156,156,70
45,r_88_11_103,seq91,r_10_13_151,r_88_11_103,1.0,0,103,103,70
29,r_89_78_37,r_88_11_103,seq80,r_88_11_103,0.98,-65,38,103,70
31,r_2_86_109,r_3_145_161,r_128_85_44,r_2_86_109,1.0,0,109,109,70
3,r_117_32_78,r_116_73_92,seq31,r_117_32_78,1.0,0,78,78,70
14,r_131_22_21,r_149_115_31,seq20,r_131_22_21,0.96,0,21,21,70
90,seq96,r_94_18_140,seq84,r_94_18_140,1.0,-1,139,140,70
26,r_71_90_178,seq74,seq91,r_71_90_178,0.36,1,179,178,70
11,r_68_17_87,r_109_35_183,r_112_15_137,r_68_17_87,0.52,-46,41,87,70
16,r_54_75_127,r_9_53_29,r_116_73_92,r_54_75_127,0.99,0,127,127,70
0,r_45_119_158,seq44,seq114,r_45_119_158,0.96,0,158,158,70
20,r_93_82_34,seq92,r_128_85_44,r_128_85_44,0.63,30,74,44,70
15,r_144_135_148,seq143,r_27_136_72,r_27_136_72,1.0,76,148,72,70
57,seq143,r_144_135_148,seq140,r_144_135_148,0.86,4,152,148,70
6,r_5_62_176,seq7,r_104_51_56,r_104_51_56,1.0,122,178,56,70
27,r_104_51_56,seq107,r_9_53_29,r_104_51_56,1.0,0,56,56,70
2,r_97_55_159,r_105_106_60,r_59_47_184,r_97_55_159,0.86,0,159,159,70
87,seq84,r_88_11_103,r_128_85_44,r_88_11_103,0.97,-60,43,103,70
2,r_97_55_159,r_98_139_59,r_105_106_60,r_98_139_59,1.0,1,60,59,70
47,r_34_130_128,seq33,seq129,r_34_130_128,1.0,1,129,128,70
98,seq148,r_144_135_148,r_113_146_47,r_113_146_47,0.68,1,48,47,70
34,r_127_52_11,r_54_75_127,r_9_53_29,r_54_75_127,0.72,0,127,127,70
28,r_113_146_47,r_112_15_137,seq148,r_113_146_47,1.0,1,48,47,70
33,r_23_6_172,seq24,seq7,r_23_6_172,0.39,-1,171,172,70
4,r_149_115_31,seq148,r_103_126_15,r_149_115_31,0.84,0,31,31,70
88,seq91,r_88_11_103,r_128_85_44,r_88_11_103,1.0,0,103,103,70
20,r_93_82_34,r_128_85_44,r_39_83_150,r_39_83_150,1.0,0,150,150,70
68,seq44,r_45_119_158,r_104_51_56,r_104_51_56,0.98,102,158,56,70
52,seq7,r_5_62_176,r_23_6_172,r_23_6_172,0.45,6,178,172,70
19,r_66_25_50,seq64,r_46_26_18,r_66_25_50,1.0,0,50,50,70
75,seq63,r_56_125_95,r_9_53_29,r_56_125_95,0.55,-37,58,95,70
48,r_147_19_27,r_149_115_31,seq20,r_147_19_27,1.0,0,27,27,70
74,seq61,r_56_125_95,r_9_53_29,r_56_125_95,0.65,-37,58,95,70
34,r_127_52_11,r_116_73_92,r_54_75_127,r_127_52_11,1.0,0,11,11,70
81,seq129,r_122_95_196,r_34_130_128,r_34_130_128,0.98,8,136,128,70
9,r_109_35_183,seq108,r_117_32_78,r_117_32_78,1.0,104,182,78,70
13,r_128_85_44,seq108,seq84,r_128_85_44,0.83,3,47,44,70
7,r_56_125_95,r_59_47_184,r_103_126_15,r_56_125_95,1.0,0,95,95,70
18,r_112_15_137,r_116_73_92,r_10_13_151,r_112_15_137,0.98,0,137,137,70
23,r_98_139_59,r_97_55_159,seq140,r_98_139_59,1.0,1,60,59,70
11,r_68_17_87,r_112_15_137,r_23_6_172,r_68_17_87,1.0,0,87,87,70
42,r_9_53_29,r_10_13_151,r_127_52_11,r_9_53_29,0.73,0,29,29,70
16,r_54_75_127,r_56_125_95,r_9_53_29,r_54_75_127,0.59,-96,31,127,70
38,r_46_26_18,r_56_125_95,r_34_130_128,r_46_26_18,0.71,0,18,18,70
11,r_68_17_87,r_23_6_172,r_94_18_140,r_94_18_140,1.0,4,144,140,70
36,r_48_72_110,r_47_77_164,seq70,r_48_72_110,0.98,0,110,110,71
8,r_33_5_57,r_35_7_190,seq0,r_33_5_57,1.0,3,60,57,71
20,r_12_116_40,seq13,r_115_135_89,r_12_116_40,0.99,0,40,40,71
37,r_115_135_89,r_114_138_41,r_12_116_40,r_115_135_89,0.94,-46,43,89,71
16,r_90_83_179,seq91,r_143_82_37,r_143_82_37,1.0,142,179,37,71
39,r_137_112_116,seq139,seq113,r_137_112_116,0.98,0,116,116,71
97,seq119,r_122_142_177,r_88_120_60,r_88_120_60,1.0,0,60,60,71
42,r_58_6_113,seq56,r_33_5_57,r_58_6_113,1.0,0,113,113,71
35,r_93_27_36,r_99_95_13,seq28,r_93_27_36,1.0,0,36,36,71
19,r_111_66_94,seq107,seq70,r_111_66_94,0.99,1,95,94,71
45,r_38_94_23,r_39_136_149,r_99_95_13,r_38_94_23,1.0,0,23,23,71
78,seq64,seq70,r_51_65_31,r_51_65_31,0.83,26,57,31,71
31,r_39_136_149,seq40,r_131_128_144,r_39_136_149,0.76,0,149,149,71
41,r_31_106_87,seq30,seq113,r_31_106_87,1.0,0,87,87,71
30,r_32_53_34,r_35_7_190,seq52,r_32_53_34,1.0,0,34,34,71
3,r_144_127_183,r_149_14_84,r_21_145_4,r_149_14_84,1.0,-12,72,84,71
0,r_59_74_100,r_58_6_113,seq73,r_59_74_100,0.98,0,100,100,71
13,r_18_36_67,seq28,r_35_7_190,r_18_36_67,1.0,2,69,67,71
15,r_149_14_84,seq148,seq13,r_149_14_84,1.0,0,84,84,71
48,r_4_100_181,seq0,r_33_5_57,r_33_5_57,1.0,28,85,57,71
37,r_115_135_89,r_12_116_40,r_131_128_144,r_115_135_89,1.0,0,89,89,71
13,r_18_36_67,r_35_7_190,r_81_34_151,r_81_34_151,0.89,39,190,151,71
6,r_35_7_190,r_33_5_57,seq37,r_33_5_57,0.88,3,60,57,71
99,seq126,seq139,r_41_124_26,r_41_124_26,1.0,39,65,26,71
6,r_35_7_190,r_18_36_67,r_33_5_57,r_35_7_190,0.41,0,190,190,71
2,r_122_142_177,r_121_29_120,r_118_125_147,r_121_29_120,0.99,0,120,120,71
47,r_96_61_159,r_99_95_13,seq63,r_96_61_159,0.49,0,159,159,71
29,r_81_34_151,seq80,r_18_36_67,r_81_34_151,0.95,0,151,151,71
43,r_51_65_31,r_49_24_198,seq64,r_51_65_31,0.99,0,31,31,71
6,r_35_7_190,seq37,r_18_36_67,r_35_7_190,0.63,-109,81,190,71
33,r_89_15_132,seq91,r_149_14_84,r_89_15_132,0.91,0,132,132,71
48,r_4_100_181,r_33_5_57,r_129_97_63,r_4_100_181,0.92,0,181,181,71
11,r_55_109_16,r_49_24_198,seq107,r_55_109_16,0.92,0,16,16,71
58,seq16,r_20_3_105,r_149_14_84,r_149_14_84,1.0,4,88,84,71
1,r_143_82_37,r_132_141_180,seq78,r_143_82_37,1.0,0,37,37,71
70,seq44,r_45_146_184,r_81_34_151,r_81_34_151,0.73,33,184,151,71
98,seq123,r_121_29_120,seq126,r_121_29_120,0.87,-76,44,120,71
32,r_134_11_106,r_132_141_180,r_149_14_84,r_132_141_180,1.0,-74,106,180,71
77,seq63,r_62_98_186,r_96_61_159,r_96_61_159,1.0,27,186,159,71
68,seq42,r_41_124_26,r_45_146_184,r_41_124_26,0.88,-6,20,26,71
68,seq42,r_45_146_184,seq44,r_45_146_184,0.27,0,184,184,71
34,r_88_120_60,r_89_15_132,seq119,r_88_120_60,1.0,2,62,60,71
17,r_129_97_63,r_132_141_180,r_99_95_13,r_129_97_63,1.0,0,63,63,71
9,r_75_133_72,seq73,r_131_128_144,r_75_133_72,1.0,0,72,72,71
22,r_105_67_55,r_99_95_13,seq68,r_105_67_55,1.0,0,55,55,71
28,r_47_77_164,r_48_72_110,seq57,r_48_72_110,1.0,0,110,110,71
49,r_76_60_171,seq73,r_32_53_34,r_76_60_171,0.77,0,171,171,71
7,r_118_125_147,seq119,seq126,r_118_125_147,0.58,-2,145,147,71
44,r_69_26_73,seq68,r_93_27_36,r_69_26_73,1.0,0,73,73,71
23,r_121_29_120,r_122_142_177,r_149_14_84,r_122_142_177,0.84,-57,120,177,71
26,r_99_95_13,r_93_27_36,r_38_94_23,r_99_95_13,0.93,23,36,13,71
82,seq73,r_76_60_171,r_59_74_100,r_59_74_100,1.0,71,171,100,71
28,r_47_77_164,seq57,r_59_74_100,r_47_77_164,0.95,0,164,164,71
10,r_41_124_26,seq42,seq126,r_41_124_26,0.98,1,27,26,71
40,r_9_70_182,r_23_25_137,r_4_72_149,r_4_72_149,0.98,33,182,149,72
18,r_29_107_60,r_30_39_95,r_106_112_131,r_29_107_60,1.0,-1,59,60,72
16,r_44_108_15,r_40_7_123,seq109,r_44_108_15,1.0,0,15,15,72
36,r_40_7_123,seq38,seq8,r_40_7_123,0.87,1,124,123,72
8,r_32_5_154,seq33,seq2,r_32_5_154,0.64,0,154,154,72
43,r_56_92_64,seq57,seq91,r_56_92_64,1.0,1,65,64,72
83,seq76,r_77_55_127,seq90,r_77_55_127,0.99,0,127,127,72
59,seq137,seq135,r_87_136_79,r_87_136_79,1.0,72,151,79,72
87,seq90,r_89_69_70,seq76,r_89_69_70,0.71,-13,57,70,72
19,r_115_100_73,r_82_117_25,r_54_101_68,r_115_100_73,1.0,0,73,73,72
21,r_87_136_79,seq88,seq137,r_87_136_79,1.0,0,79,79,72
1,r_122_63_132,seq131,r_52_64_82,r_122_63_132,0.89,0,132,132,72
46,r_12_28_1,r_26_142_69,r_23_25_137,r_26_142_69,1.0,-6,63,69,72
45,r_114_126_99,r_110_97_187,r_10_130_53,r_114_126_99,1.0,0,99,99,72
19,r_115_100_73,r_54_101_68,seq98,r_115_100_73,0.35,78,151,73,72
34,r_143_78_54,seq141,seq79,r_143_78_54,1.0,0,54,54,72
66,seq21,r_24_42_128,r_103_22_113,r_103_22_113,0.44,7,120,113,72
37,r_43_11_27,r_40_7_123,seq13,r_43_11_27,0.93,2,29,27,72
31,r_1_119_139,seq2,seq118,r_1_119_139,0.98,1,140,139,72
67,seq33,r_32_5_154,r_146_35_50,r_146_35_50,1.0,104,154,50,72
96,seq118,r_82_117_25,r_1_119_139,r_1_119_139,0.98,4,143,139,72
42,r_82_117_25,r_80_120_180,r_115_100_73,r_82_117_25,1.0,0,25,25,72
10,r_36_148_161,seq33,seq149,r_36_148_161,0.83,0,161,161,72
32,r_146_35_50,r_147_73_196,r_31_34_6,r_146_35_50,1.0,-1,49,50,72
26,r_52_64_82,r_53_68_147,seq62,r_52_64_82,1.0,0,82,82,72
4,r_80_120_180,seq79,r_1_119_139,r_80_120_180,0.61,0,180,180,72
0,r_24_42_128,r_23_25_137,r_30_39_95,r_24_42_128,0.87,1,129,128,72
73,seq50,r_30_39_95,r_53_68_147,r_30_39_95,0.39,-19,76,95,72
11,r_4_72_149,r_6_27_106,r_89_69_70,r_4_72_149,0.6,0,149,149,72
20,r_3_47_122,r_4_72_149,seq48,r_3_47_122,0.66,0,122,122,72
5,r_123_83_14,r_122_63_132,seq79,r_123_83_14,0.97,0,14,14,72
13,r_17_113_155,r_15_37_167,r_44_108_15,r_17_113_155,0.74,0,155,155,72
15,r_54_101_68,r_53_68_147,seq102,r_54_101_68,1.0,0,68,68,72
48,r_89_69_70,seq90,seq71,r_89_69_70,0.96,-3,67,70,72
6,r_26_142_69,r_12_28_1,seq145,r_26_142_69,0.99,0,69,69,72
40,r_9_70_182,r_10_130_53,r_23_25_137,r_10_130_53,1.0,0,53,53,72
27,r_103_22_113,seq102,r_51_104_49,r_51_104_49,0.99,13,62,49,72
84,seq79,r_80_120_180,r_143_78_54,r_143_78_54,1.0,1,55,54,72
35,r_51_104_49,r_54_101_68,r_103_22_113,r_103_22_113,0.52,-64,49,113,72
75,seq59,seq60,r_84_58_30,r_84_58_30,0.99,0,30,30,72
24,r_6_27_106,r_4_72_149,r_12_28_1,r_4_72_149,0.66,-12,137,149,72
35,r_51_104_49,r_103_22_113,r_29_107_60,r_103_22_113,1.0,2,115,113,72
35,r_51_104_49,r_29_107_60,r_46_105_140,r_46_105_140,0.99,3,143,140,72
33,r_46_105_140,seq48,r_51_104_49,r_51_104_49,0.71,93,142,49,72
88,seq91,seq76,r_56_92_64,r_56_92_64,0.93,14,78,64,72
39,r_138_129_59,seq135,r_10_130_53,r_138_129_59,1.0,0,59,59,72
58,seq8,r_23_25_137,r_40_7_123,r_40_7_123,0.83,36,159,123,72
19,r_115_100_73,seq118,r_82_117_25,r_82_117_25,1.0,0,25,25,72
68,seq38,r_40_7_123,r_30_39_95,r_40_7_123,1.0,-28,95,123,72
52,seq2,r_1_119_139,r_32_5_154,r_1_119_139,0.49,1,140,139,72
27,r_103_22_113,r_51_104_49,seq21,r_103_22_113,1.0,0,113,113,72
81,seq71,seq66,r_89_69_70,r_89_69_70,1.0,44,114,70,72
94,seq102,seq98,r_54_101_68,r_54_101_68,1.0,2,70,68,72
9,r_15_37_167,seq13,r_146_35_50,r_146_35_50,0.95,117,167,50,72
42,r_82_117_25,r_115_100_73,seq118,r_115_100_73,1.0,0,73,73,72
28,r_53_68_147,seq50,r_89_69_70,r_53_68_147,1.0,0,147,147,72
28,r_53_68_147,r_52_64_82,seq50,r_52_64_82,1.0,-4,78,82,72
91,seq96,r_95_65_171,r_110_97_187,r_110_97_187,0.51,-10,177,187,72
44,r_95_65_171,seq96,seq67,r_95_65_171,0.52,-3,168,171,72
41,r_10_130_53,r_9_70_182,seq131,r_10_130_53,1.0,0,53,53,72
23,r_77_55_127,seq76,r_3_47_122,r_77_55_127,0.88,0,127,127,72
22,r_84_58_30,r_86_81_192,seq59,r_84_58_30,0.98,-1,29,30,72
12,r_128_75_89,seq131,seq74,r_128_75_89,0.99,1,90,89,72
93,seq111,seq103,r_48_112_63,r_48_112_63,1.0,32,95,63,73
30,r_54_45_108,r_52_35_172,r_132_46_79,r_132_46_79,1.0,16,95,79,73
44,r_133_94_170,r_91_131_45,r_63_93_9,r_133_94_170,0.66,0,170,170,73
36,r_16_58_144,seq15,seq61,r_16_58_144,0.97,0,144,144,73
8,r_137_101_132,seq138,r_67_110_84,r_137_101_132,0.89,6,138,132,73
37,r_145_50_141,seq144,seq49,r_145_50_141,0.93,0,141,141,73
5,r_99_130_17,r_100_25_78,r_134_39_127,r_99_130_17,0.91,-1,16,17,73
32,r_91_131_45,r_63_93_9,r_99_130_17,r_91_131_45,0.92,0,45,45,73
65,seq24,r_51_120_135,r_100_25_78,r_100_25_78,0.86,1,79,78,73
15,r_90_77_26,r_89_88_151,r_76_74_136,r_90_77_26,0.98,3,29,26,73
16,r_89_88_151,r_87_75_168,r_63_93_9,r_87_75_168,0.48,14,182,168,73
21,r_148_21_177,r_149_147_113,seq10,r_148_21_177,0.53,0,177,177,73
1,r_48_112_63,r_51_120_135,seq111,r_48_112_63,1.0,0,63,63,73
42,r_52_35_172,r_54_45_108,seq55,r_52_35_172,0.64,-57,115,172,73
13,r_66_142_41,r_67_110_84,seq144,r_66_142_41,1.0,0,41,41,73
45,r_127_43_134,r_124_141_192,r_54_45_108,r_127_43_134,0.94,0,134,134,73
24,r_100_25_78,seq103,seq24,r_100_25_78,0.88,0,78,78,73
11,r_63_93_9,seq96,r_73_92_128,r_73_92_128,0.84,-1,127,128,73
65,seq24,r_23_102_57,r_51_120_135,r_23_102_57,0.8,2,59,57,73
2,r_23_102_57,seq24,seq103,r_23_102_57,1.0,0,57,57,73
31,r_76_74_136,r_83_60_145,seq72,r_83_60_145,0.77,-5,140,145,73
46,r_68_113_56,r_91_131_45,seq122,r_68_113_56,0.38,38,94,56,73
67,seq32,r_33_104_124,r_38_29_102,r_33_104_124,1.0,2,126,124,73
3,r_17_7_105,r_16_58_144,r_37_9_2,r_16_58_144,0.89,-73,71,144,73
10,r_51_120_135,seq49,r_121_19_199,r_51_120_135,0.96,0,135,135,73
90,seq103,seq106,r_33_104_124,r_33_104_124,1.0,7,131,124,73
5,r_99_130_17,r_134_39_127,r_91_131_45,r_99_130_17,0.93,47,64,17,73
26,r_126_105_129,r_127_43_134,r_33_104_124,r_126_105_129,1.0,0,129,129,73
4,r_67_110_84,seq70,r_48_112_63,r_67_110_84,0.99,0,84,84,73
14,r_135_117_191,r_137_101_132,r_41_136_21,r_41_136_21,0.95,3,24,21,73
0,r_44_20_157,seq47,r_17_7_105,r_44_20_157,0.89,2,159,157,73
63,seq144,r_145_50_141,seq146,r_145_50_141,0.97,-4,137,141,73
73,seq49,r_51_120_135,r_134_39_127,r_134_39_127,0.73,8,135,127,73
20,r_81_53_142,r_83_60_145,seq55,r_81_53_142,0.96,1,143,142,73
48,r_78_26_147,seq79,r_100_25_78,r_78_26_147,0.69,0,147,147,73
49,r_41_136_21,r_135_117_191,r_1_139_71,r_1_139_71,1.0,86,157,71,73
99,seq125,r_126_105_129,seq129,r_126_105_129,1.0,-20,109,129,73
27,r_143_13_96,r_145_50_141,seq14,r_143_13_96,0.97,0,96,96,73
29,r_109_57_36,r_107_64_91,seq56,r_109_57_36,1.0,0,36,36,73
9,r_114_69_53,seq118,seq70,r_114_69_53,1.0,0,53,53,73
4,r_67_110_84,r_68_113_56,seq70,r_68_113_56,0.95,-7,49,56,73
47,r_83_60_145,seq82,seq61,r_83_60_145,0.58,3,148,145,73
18,r_149_147_113,r_148_21_177,seq146,r_148_21_177,0.88,0,177,177,73
33,r_107_64_91,seq106,seq79,r_107_64_91,1.0,0,91,91,73
22,r_27_115_38,r_38_29_102,seq116,r_27_115_38,1.0,0,38,38,73
34,r_59_97_103,seq61,seq98,r_59_97_103,0.99,0,103,103,73
60,seq140,seq138,r_1_139_71,r_1_139_71,1.0,0,71,71,73
17,r_33_104_124,seq32,seq103,r_33_104_124,0.99,0,124,124,73
28,r_124_141_192,r_126_105_129,seq129,r_126_105_129,1.0,-20,109,129,73
24,r_100_25_78,r_99_130_17,seq103,r_99_130_17,0.7,-2,15,17,73
41,r_22_12_29,seq24,seq15,r_22_12_29,0.94,0,29,29,73
7,r_87_75_168,r_89_88_151,r_90_77_26,r_90_77_26,0.92,143,169,26,73
44,r_133_94_170,r_134_39_127,r_91_131_45,r_133_94_170,0.81,-106,64,170,73
11,r_63_93_9,r_91_131_45,seq96,r_91_131_45,0.9,-13,32,45,73
23,r_134_39_127,r_133_94_170,r_54_45_108,r_134_39_127,0.92,0,127,127,73
49,r_41_136_21,r_44_20_157,r_135_117_191,r_41_136_21,1.0,-1,20,21,73
79,seq70,seq71,r_114_69_53,r_114_69_53,1.0,36,89,53,73
46,r_68_113_56,r_67_110_84,r_91_131_45,r_67_110_84,0.68,-28,56,84,73
35,r_132_46_79,r_133_94_170,seq47,r_132_46_79,1.0,0,79,79,73
12,r_1_139_71,seq2,seq140,r_1_139_71,1.0,0,71,71,73
6,r_65_80_48,r_67_110_84,seq82,r_67_110_84,1.0,-36,48,84,73
30,r_50_47_120,seq48,seq44,r_50_47_120,1.0,0,120,120,74
84,seq142,r_143_58_124,seq144,r_143_58_124,0.6,-104,20,124,74
36,r_39_81_102,seq40,seq82,r_39_81_102,1.0,0,102,102,74
23,r_33_146_28,seq30,seq144,r_33_146_28,1.0,0,28,28,74
63,seq27,seq30,r_131_26_23,r_131_26_23,1.0,25,48,23,74
8,r_112_145_151,seq113,r_33_146_28,r_33_146_28,0.84,123,151,28,74
54,seq138,r_134_127_193,r_103_137_72,r_103_137_72,1.0,5,77,72,74
83,seq82,r_83_6_188,r_52_128_178,r_52_128_178,0.91,10,188,178,74
55,seq11,r_12_9_186,r_100_13_101,r_100_13_101,1.0,87,188,101,74
46,r_15_28_160,seq14,r_64_29_143,r_15_28_160,0.91,1,161,160,74
42,r_85_2_78,r_87_116_192,seq1,r_85_2_78,1.0,0,78,78,74
93,seq129,r_87_116_192,r_21_126_6,r_21_126_6,0.61,33,39,6,74
14,r_56_38_18,r_68_55_1,seq40,r_56_38_18,1.0,2,20,18,74
76,seq59,r_60_118_162,r_143_58_124,r_143_58_124,0.83,38,162,124,74
11,r_131_26_23,seq130,seq27,r_131_26_23,1.0,0,23,23,74
3,r_84_18_100,r_83_6_188,r_10_17_36,r_84_18_100,1.0,0,100,100,74
10,r_148_78_106,seq149,r_46_80_5,r_148_78_106,1.0,1,107,106,74
26,r_4_20_133,r_3_110_174,seq22,r_4_20_133,0.94,0,133,133,74
81,seq70,r_72_66_2,r_51_71_26,r_51_71_26,1.0,12,38,26,74
20,r_103_137_72,r_104_109_86,seq138,r_103_137_72,1.0,5,77,72,74
51,seq130,r_131_26_23,r_148_78_106,r_131_26_23,0.73,0,23,23,74
31,r_10_17_36,seq7,seq19,r_10_17_36,0.99,5,41,36,74
37,r_0_41_44,r_3_110_174,seq42,r_0_41_44,1.0,0,44,44,74
2,r_106_74_169,r_124_147_197,r_43_105_66,r_43_105_66,1.0,47,113,66,74
47,r_143_58_124,seq149,seq59,r_143_58_124,0.99,0,124,124,74
74,seq54,r_52_128_178,r_117_53_37,r_117_53_37,0.96,87,124,37,74
18,r_104_109_86,r_103_137_72,r_119_111_4,r_103_137_72,0.99,5,77,72,74
29,r_100_13_101,seq101,seq11,r_100_13_101,1.0,0,101,101,74
24,r_64_29_143,seq61,r_131_26_23,r_64_29_143,0.93,1,144,143,74
27,r_16_77_49,r_15_28_160,r_46_80_5,r_16_77_49,1.0,1,50,49,74
16,r_117_53_37,seq123,seq54,r_117_53_37,1.0,0,37,37,74
34,r_43_105_66,r_106_74_169,r_93_120_60,r_106_74_169,0.94,-9,160,169,74
50,seq1,r_3_110_174,r_85_2_78,r_85_2_78,0.98,76,154,78,74
9,r_62_136_54,r_64_29_143,r_134_127_193,r_62_136_54,1.0,0,54,54,74
34,r_43_105_66,seq44,r_106_74_169,r_43_105_66,1.0,0,66,66,74
17,r_93_120_60,seq91,seq121,r_93_120_60,0.86,2,62,60,74
43,r_23_95_50,seq22,r_96_94_7,r_23_95_50,1.0,0,50,50,74
96,seq121,seq107,r_93_120_60,r_93_120_60,0.91,6,66,60,74
31,r_10_17_36,seq19,r_84_18_100,r_84_18_100,0.97,2,102,100,74
28,r_60_118_162,seq59,r_93_120_60,r_93_120_60,0.53,102,162,60,74
49,r_34_75_129,seq35,seq73,r_34_75_129,0.99,0,129,129,74
2,r_106_74_169,r_43_105_66,r_51_71_26,r_106_74_169,1.0,0,169,169,74
7,r_83_6_188,seq82,r_89_5_55,r_89_5_55,1.0,133,188,55,74
44,r_63_79_79,r_64_29_143,r_46_80_5,r_64_29_143,0.62,-61,82,143,74
41,r_89_5_55,r_87_116_192,seq7,r_89_5_55,1.0,0,55,55,74
33,r_141_90_29,seq139,seq98,r_141_90_29,0.91,-3,26,29,74
79,seq139,r_134_127_193,r_132_140_187,r_134_127_193,0.39,-25,168,193,74
1,r_51_71_26,r_50_47_120,seq70,r_51_71_26,1.0,0,26,26,74
30,r_73_33_121,r_71_67_187,r_45_34_149,r_73_33_121,1.0,0,121,121,75
44,r_74_36_182,r_113_75_32,r_0_37_142,r_74_36_182,0.44,0,182,182,75
36,r_120_105_114,r_121_72_168,seq104,r_121_72_168,0.73,-43,125,168,75
9,r_108_6_148,r_31_107_70,seq5,r_108_6_148,1.0,0,148,148,75
14,r_121_72_168,seq122,r_71_67_187,r_121_72_168,0.53,0,168,168,75
8,r_100_14_133,r_102_57_153,seq15,r_100_14_133,0.92,0,133,133,75
43,r_78_101_139,seq80,r_120_105_114,r_78_101_139,0.94,0,139,139,75
32,r_3_16_164,r_29_1_99,r_129_17_97,r_3_16_164,0.91,1,165,164,75
83,seq80,r_79_26_122,seq82,r_79_26_122,1.0,0,122,122,75
37,r_45_34_149,seq48,r_73_33_121,r_73_33_121,1.0,62,183,121,75
42,r_2_44_52,r_3_16_164,seq48,r_2_44_52,0.99,0,52,52,75
19,r_31_107_70,r_108_6_148,r_81_106_96,r_31_107_70,0.66,78,148,70,75
16,r_56_24_68,seq55,seq25,r_56_24_68,1.0,1,69,68,75
21,r_134_35_169,seq136,r_49_42_110,r_49_42_110,0.89,59,169,110,75
5,r_27_132_152,seq25,seq131,r_27_132_152,0.73,0,152,152,75
46,r_123_21_33,seq19,r_98_22_85,r_98_22_85,1.0,6,91,85,75
19,r_31_107_70,r_27_132_152,r_108_6_148,r_31_107_70,1.0,0,70,70,75
12,r_98_22_85,r_97_12_95,r_123_21_33,r_123_21_33,0.63,53,86,33,75
95,seq116,r_115_125_86,r_135_117_15,r_135_117_15,1.0,0,15,15,75
66,seq25,r_27_132_152,r_56_24_68,r_56_24_68,1.0,84,152,68,75
3,r_32_51_43,r_31_107_70,r_77_95_8,r_32_51_43,0.99,1,44,43,75
31,r_102_57_153,seq116,r_61_111_50,r_61_111_50,1.0,52,102,50,75
0,r_70_4_58,r_73_33_121,seq5,r_70_4_58,0.84,0,58,58,75
10,r_109_119_51,seq110,seq124,r_109_119_51,0.68,18,69,51,75
73,seq52,r_53_141_100,seq82,r_53_141_100,1.0,0,100,100,75
11,r_0_37_142,r_3_16_164,r_2_44_52,r_2_44_52,0.97,90,142,52,75
39,r_20_89_30,seq19,seq90,r_20_89_30,0.88,1,31,30,75
20,r_147_63_189,seq145,r_32_51_43,r_32_51_43,0.74,147,190,43,75
15,r_93_39_188,r_77_95_8,r_49_42_110,r_93_39_188,0.36,0,188,188,75
48,r_99_23_76,r_98_22_85,r_56_24_68,r_56_24_68,1.0,8,76,68,75
49,r_113_75_32,r_74_36_182,seq82,r_74_36_182,0.93,-60,122,182,75
49,r_113_75_32,seq114,r_74_36_182,r_113_75_32,1.0,0,32,32,75
24,r_66_128_35,seq64,seq131,r_66_128_35,1.0,0,35,35,75
27,r_130_28_156,seq131,seq30,r_130_28_156,0.64,1,157,156,75
2,r_53_141_100,seq52,seq140,r_53_141_100,1.0,0,100,100,75
40,r_41_83_132,r_49_42_110,r_113_75_32,r_41_83_132,1.0,2,134,132,75
18,r_71_67_187,r_73_33_121,seq82,r_73_33_121,1.0,0,121,121,75
29,r_29_1_99,r_27_132_152,r_3_16_164,r_29_1_99,0.93,0,99,99,75
46,r_123_21_33,r_115_125_86,seq19,r_123_21_33,1.0,0,33,33,75
44,r_74_36_182,seq76,r_113_75_32,r_113_75_32,1.0,8,40,32,75
50,seq131,r_130_28_156,r_40_133_119,r_40_133_119,0.91,38,157,119,75
45,r_135_117_15,seq136,seq116,r_135_117_15,0.99,0,15,15,75
47,r_103_91_24,r_115_125_86,r_96_92_49,r_103_91_24,1.0,0,24,24,75
51,seq5,r_3_16_164,r_70_4_58,r_70_4_58,1.0,1,59,58,75
22,r_43_68_38,r_49_42_110,seq65,r_43_68_38,1.0,0,38,38,75
32,r_3_16_164,r_0_37_142,r_29_1_99,r_29_1_99,0.96,29,128,99,75
41,r_61_111_50,r_60_10_146,seq104,r_61_111_50,1.0,0,50,50,75
28,r_18_137_22,seq19,seq136,r_18_137_22,0.95,0,22,22,75
34,r_146_8_79,r_147_63_189,seq9,r_146_8_79,0.98,0,79,79,75
75,seq55,r_56_24_68,seq54,r_56_24_68,1.0,1,69,68,75
31,r_102_57_153,r_61_111_50,seq58,r_102_57_153,0.98,0,153,153,75
17,r_81_106_96,seq85,r_31_107_70,r_81_106_96,1.0,0,96,96,75
9,r_108_6_148,seq104,r_31_107_70,r_31_107_70,1.0,15,85,70,75
29,r_29_1_99,r_3_16_164,r_70_4_58,r_3_16_164,0.52,1,165,164,75
3,r_32_51_43,r_77_95_8,seq82,r_32_51_43,0.36,54,97,43,75
23,r_60_10_146,seq58,seq9,r_60_10_146,0.91,0,146,146,75
35,r_40_133_119,r_49_42_110,seq131,r_40_133_119,0.92,0,119,119,75
12,r_98_22_85,r_99_23_76,r_97_12_95,r_99_23_76,0.96,0,76,76,75
30,r_77_7_70,r_78_74_179,seq6,r_77_7_70,0.99,0,70,70,76
36,r_138_80_62,seq137,seq81,r_138_80_62,1.0,0,62,62,76
8,r_79_25_79,seq81,seq24,r_79_25_79,0.94,0,79,79,76
43,r_135_75_181,r_134_110_67,seq137,r_134_110_67,0.96,9,76,67,76
54,seq129,r_130_72_196,r_70_132_58,r_70_132_58,1.0,132,190,58,76
37,r_142_133_144,r_140_17_120,r_70_132_58,r_70_132_58,0.62,62,120,58,76
55,seq137,r_136_107_176,r_70_132_58,r_70_132_58,1.0,101,159,58,76
16,r_70_132_58,seq66,r_130_72_196,r_70_132_58,1.0,0,58,58,76
5,r_21_43_132,r_19_61_97,r_79_25_79,r_21_43_132,0.74,-26,106,132,76
46,r_145_14_105,r_144_39_77,r_101_143_69,r_145_14_105,0.92,-28,77,105,76
42,r_34_131_130,r_32_91_107,r_79_25_79,r_79_25_79,0.7,28,107,79,76
32,r_63_111_126,seq82,r_52_113_124,r_63_111_126,0.73,27,153,126,76
7,r_71_8_139,r_37_69_41,r_77_7_70,r_71_8_139,1.0,3,142,139,76
34,r_44_1_29,seq45,seq4,r_44_1_29,1.0,0,29,29,76
19,r_5_106_61,r_13_30_122,seq104,r_5_106_61,1.0,-1,60,61,76
38,r_141_122_45,r_140_17_120,r_120_112_186,r_140_17_120,0.88,-73,47,120,76
66,seq38,seq45,r_119_23_55,r_119_23_55,1.0,16,71,55,76
42,r_34_131_130,r_79_25_79,r_70_132_58,r_34_131_130,1.0,0,130,130,76
3,r_120_112_186,seq126,r_141_122_45,r_141_122_45,0.72,10,55,45,76
41,r_144_39_77,r_145_14_105,r_47_40_14,r_144_39_77,1.0,0,77,77,76
67,seq45,r_46_146_184,r_57_42_23,r_46_146_184,0.7,-11,173,184,76
10,r_136_107_176,seq137,r_134_110_67,r_134_110_67,1.0,109,176,67,76
40,r_33_16_74,seq15,r_140_17_120,r_140_17_120,1.0,2,122,120,76
26,r_140_17_120,r_142_133_144,r_33_16_74,r_140_17_120,0.97,0,120,120,76
16,r_70_132_58,r_130_72_196,r_142_133_144,r_142_133_144,0.99,-9,135,144,76
4,r_78_74_179,r_77_7_70,r_12_76_128,r_78_74_179,0.96,-107,72,179,76
0,r_134_110_67,r_135_75_181,seq105,r_134_110_67,1.0,2,69,67,76
63,seq28,r_27_18_137,r_79_25_79,r_79_25_79,0.99,60,139,79,76
73,seq59,r_58_114_171,r_51_53_7,r_58_114_171,0.92,-17,154,171,76
11,r_89_41_112,seq88,r_57_42_23,r_89_41_112,0.95,0,112,112,76
20,r_32_91_107,r_34_131_130,seq90,r_32_91_107,1.0,0,107,107,76
48,r_3_9_101,seq4,r_77_7_70,r_3_9_101,0.95,0,101,101,76
2,r_37_69_41,r_36_65_194,r_71_8_139,r_37_69_41,1.0,0,41,41,76
4,r_78_74_179,r_12_76_128,seq66,r_78_74_179,0.21,0,179,179,76
57,seq15,seq11,r_33_16_74,r_33_16_74,1.0,6,80,74,76
6,r_101_143_69,r_99_10_160,seq139,r_101_143_69,1.0,7,76,69,76
62,seq24,r_26_20_152,r_79_25_79,r_79_25_79,1.0,73,152,79,76
15,r_54_2_13,r_57_42_23,seq4,r_54_2_13,0.88,0,13,13,76
2,r_37_69_41,r_71_8_139,seq66,r_71_8_139,1.0,0,139,139,76
46,r_145_14_105,r_101_143_69,seq11,r_145_14_105,1.0,0,105,105,76
27,r_99_10_160,seq102,r_3_9_101,r_3_9_101,0.58,59,160,101,76
47,r_46_146_184,seq48,r_101_143_69,r_46_146_184,0.5,0,184,184,76
40,r_33_16_74,r_32_91_107,seq15,r_33_16_74,0.9,0,74,74,76
58,seq147,r_119_23_55,seq148,r_119_23_55,1.0,-27,28,55,76
18,r_130_72_196,seq129,r_70_132_58,r_70_132_58,1.0,30,88,58,76
43,r_135_75_181,seq137,r_78_74_179,r_135_75_181,0.85,0,181,181,76
33,r_58_114_171,seq59,r_52_113_124,r_52_113_124,0.99,47,171,124,76
29,r_119_23_55,seq126,seq22,r_119_23_55,1.0,0,55,55,76
65,seq35,r_36_65_194,r_13_30_122,r_13_30_122,1.0,68,190,122,76
52,seq4,r_3_9_101,r_54_2_13,r_3_9_101,0.79,0,101,101,76
5,r_21_43_132,r_79_25_79,r_57_42_23,r_21_43_132,0.97,1,133,132,76
45,r_47_40_14,r_46_146_184,r_57_42_23,r_47_40_14,0.5,27,41,14,76
1,r_57_42_23,r_52_113_124,r_47_40_14,r_52_113_124,0.62,-101,23,124,76
67,seq45,r_44_1_29,r_46_146_184,r_44_1_29,0.93,-8,21,29,76
21,r_67_124_25,seq68,r_115_125_43,r_67_124_25,0.92,0,25,25,76
22,r_31_121_91,seq29,r_141_122_45,r_31_121_91,0.99,0,91,91,76
49,r_13_30_122,seq11,seq29,r_13_30_122,0.84,0,122,122,76
56,seq11,r_13_30_122,r_77_7_70,r_77_7_70,0.86,52,122,70,76
7,r_71_8_139,seq66,r_37_69_41,r_37_69_41,0.99,23,64,41,76
23,r_12_76_128,seq11,r_78_74_179,r_12_76_128,0.92,0,128,128,76
35,r_19_61_97,r_21_43_132,seq62,r_19_61_97,0.92,0,97,97,76
12,r_52_113_124,r_51_53_7,r_120_112_186,r_52_113_124,1.0,0,124,124,76
30,r_49_110_86,r_53_23_154,seq111,r_49_110_86,0.95,1,87,86,77
44,r_75_137_97,r_138_14_183,seq136,r_138_14_183,0.98,0,183,183,77
51,seq2,r_1_3_109,seq0,r_1_3_109,1.0,1,110,109,77
36,r_15_127_103,r_11_4_83,r_41_125_2,r_15_127_103,0.99,1,104,103,77
14,r_69_139_189,r_68_80_122,r_101_67_41,r_101_67_41,0.97,87,128,41,77
53,seq8,r_6_22_175,r_131_5_30,r_131_5_30,0.98,145,175,30,77
43,r_94_117_77,seq93,seq121,r_94_117_77,1.0,0,77,77,77
97,seq111,seq93,r_49_110_86,r_49_110_86,0.89,3,89,86,77
83,seq87,r_86_20_184,r_124_102_59,r_124_102_59,0.99,128,187,59,77
16,r_30_35_100,seq34,seq40,r_30_35_100,0.86,5,105,100,77
21,r_112_28_185,seq114,r_71_77_130,r_71_77_130,0.87,55,185,130,77
39,r_141_48_139,r_140_31_150,seq40,r_141_48_139,0.55,0,139,139,77
1,r_53_23_154,seq54,r_132_18_80,r_53_23_154,0.81,0,154,154,77
5,r_105_82_123,seq106,r_129_81_4,r_105_82_123,0.73,0,123,123,77
46,r_27_122_129,seq26,r_142_123_40,r_27_122_129,0.88,0,129,129,77
4,r_124_102_59,r_41_125_2,r_66_100_35,r_124_102_59,0.99,0,59,59,77
48,r_41_125_2,r_120_144_93,r_15_127_103,r_15_127_103,0.94,14,117,103,77
28,r_147_37_58,seq146,seq36,r_147_37_58,1.0,0,58,58,77
35,r_50_32_82,seq33,r_140_31_150,r_140_31_150,0.99,8,158,150,77
38,r_101_67_41,r_69_139_189,r_130_62_190,r_130_62_190,0.63,-1,189,190,77
31,r_134_12_171,r_135_19_153,seq136,r_135_19_153,0.89,0,153,153,77
10,r_138_14_183,seq136,r_75_137_97,r_75_137_97,1.0,2,99,97,77
26,r_120_144_93,seq121,r_38_148_87,r_38_148_87,0.93,10,97,87,77
72,seq136,r_138_14_183,r_75_137_97,r_75_137_97,1.0,2,99,97,77
17,r_140_31_150,r_130_62_190,r_50_32_82,r_140_31_150,0.8,0,150,150,77
18,r_61_29_49,seq60,seq33,r_61_29_49,0.67,0,49,49,77
14,r_69_139_189,r_101_67_41,r_75_137_97,r_69_139_189,0.87,0,189,189,77
0,r_130_62_190,seq133,r_63_55_104,r_63_55_104,0.89,86,190,104,77
11,r_118_13_133,r_119_74_176,seq10,r_118_13_133,0.64,0,133,133,77
40,r_51_72_29,r_129_81_4,r_92_73_78,r_92_73_78,1.0,15,93,78,77
13,r_135_19_153,r_134_12_171,r_132_18_80,r_132_18_80,0.89,73,153,80,77
98,seq114,r_115_24_124,r_112_28_185,r_115_24_124,1.0,-41,83,124,77
15,r_68_80_122,r_69_139_189,r_129_81_4,r_68_80_122,0.52,6,128,122,77
6,r_83_39_146,seq79,r_147_37_58,r_147_37_58,1.0,90,148,58,77
48,r_41_125_2,r_124_102_59,r_120_144_93,r_124_102_59,1.0,0,59,59,77
8,r_128_98_57,r_130_62_190,seq96,r_128_98_57,0.98,0,57,57,77
24,r_119_74_176,r_94_117_77,r_129_81_4,r_119_74_176,1.0,0,176,176,77
99,seq121,r_120_144_93,r_94_117_77,r_94_117_77,1.0,40,117,77,77
10,r_138_14_183,r_75_137_97,r_53_23_154,r_138_14_183,0.59,0,183,183,77
2,r_108_113_158,seq107,seq114,r_108_113_158,0.94,1,159,158,77
47,r_1_3_109,seq2,r_11_4_83,r_1_3_109,0.98,1,110,109,77
29,r_16_95_164,seq17,r_124_102_59,r_16_95_164,0.68,0,164,164,77
24,r_119_74_176,r_118_13_133,r_94_117_77,r_94_117_77,0.68,56,133,77,77
20,r_63_55_104,seq64,r_21_56_16,r_63_55_104,0.7,-49,55,104,77
25,r_78_58_106,r_83_39_146,r_21_56_16,r_78_58_106,0.67,0,106,106,77
33,r_7_57_142,r_6_22_175,r_78_58_106,r_7_57_142,0.78,0,142,142,77
31,r_134_12_171,seq136,r_118_13_133,r_134_12_171,0.51,0,171,171,77
32,r_115_24_124,seq114,r_132_18_80,r_115_24_124,0.98,0,124,124,77
52,seq133,r_130_62_190,r_116_143_33,r_116_143_33,1.0,157,190,33,77
34,r_38_148_87,seq36,r_120_144_93,r_38_148_87,0.99,0,87,87,77
45,r_131_5_30,r_124_102_59,seq8,r_131_5_30,0.94,0,30,30,77
60,seq26,r_27_122_129,r_61_29_49,r_27_122_129,0.87,0,129,129,77
40,r_51_72_29,r_50_32_82,r_129_81_4,r_51_72_29,0.87,13,42,29,77
17,r_140_31_150,r_141_48_139,r_130_62_190,r_141_48_139,0.56,0,139,139,77
9,r_132_18_80,r_130_62_190,seq17,r_132_18_80,0.99,0,80,80,77
19,r_116_143_33,r_115_24_124,seq149,r_116_143_33,1.0,0,33,33,77
98,seq114,r_112_28_185,r_108_113_158,r_108_113_158,0.82,27,185,158,77
22,r_92_73_78,seq97,r_51_72_29,r_92_73_78,0.9,-1,77,78,77
35,r_50_32_82,r_30_35_100,seq33,r_50_32_82,0.59,21,103,82,77
42,r_66_100_35,r_68_80_122,seq99,r_66_100_35,0.78,0,35,35,77
7,r_6_22_175,seq8,r_53_23_154,r_53_23_154,0.83,21,175,154,77
44,r_75_137_97,seq76,r_138_14_183,r_75_137_97,1.0,0,97,97,77
41,r_142_123_40,r_140_31_150,seq121,r_142_123_40,0.75,0,40,40,77
38,r_101_67_41,seq97,r_69_139_189,r_101_67_41,0.81,0,41,41,77
79,seq76,r_75_137_97,r_129_81_4,r_75_137_97,1.0,0,97,97,77
35,r_50_32_82,r_53_23_154,r_30_35_100,r_30_35_100,0.61,-17,83,100,77
12,r_11_4_83,seq9,r_1_3_109,r_1_3_109,0.82,8,117,109,77
36,r_37_53_53,r_39_107_177,seq51,r_37_53_53,0.74,8,61,53,78
9,r_89_125_8,r_127_115_198,r_84_124_55,r_84_124_55,1.0,13,68,55,78
17,r_81_52_197,r_84_124_55,r_142_80_57,r_81_52_197,0.99,-140,57,197,78
14,r_100_63_102,seq98,seq62,r_100_63_102,0.98,1,103,102,78
53,seq135,r_137_141_15,r_55_136_165,r_55_136_165,0.99,3,168,165,78
43,r_30_12_65,seq28,r_10_7_2,r_30_12_65,0.99,0,65,65,78
86,seq88,seq83,r_111_87_103,r_111_87_103,1.0,22,125,103,78
15,r_145_106_32,r_144_138_187,seq105,r_144_138_187,0.53,-153,34,187,78
46,r_86_32_24,seq88,seq26,r_86_32_24,0.87,1,25,24,78
59,seq148,seq147,r_120_149_78,r_120_149_78,0.45,-2,76,78,78
37,r_122_99_49,r_118_19_143,seq98,r_118_19_143,0.72,-93,50,143,78
39,r_14_85_167,seq15,seq83,r_14_85_167,0.69,2,169,167,78
5,r_39_107_177,r_37_53_53,r_16_38_22,r_39_107_177,0.97,-116,61,177,78
32,r_54_2_29,r_0_5_90,r_57_1_183,r_54_2_29,0.87,155,184,29,78
45,r_71_117_84,seq69,seq123,r_71_117_84,1.0,1,85,84,78
27,r_29_70_54,seq28,seq69,r_29_70_54,1.0,0,54,54,78
19,r_64_24_166,seq62,seq25,r_64_24_166,0.65,0,166,166,78
58,seq147,r_101_20_26,seq148,r_101_20_26,0.54,-8,18,26,78
0,r_101_20_26,r_100_63_102,seq21,r_101_20_26,0.7,-2,24,26,78
31,r_79_113_99,seq69,seq112,r_79_113_99,0.87,0,99,99,78
10,r_9_36_141,r_10_7_2,seq35,r_10_7_2,0.52,139,141,2,78
72,seq51,seq50,r_37_53_53,r_37_53_53,0.7,8,61,53,78
16,r_110_33_12,r_34_78_107,r_16_38_22,r_34_78_107,1.0,0,107,107,78
73,seq56,r_55_136_165,r_100_63_102,r_100_63_102,0.79,67,169,102,78
46,r_86_32_24,seq26,r_76_31_69,r_76_31_69,1.0,12,81,69,78
48,r_82_8_80,seq83,r_10_7_2,r_82_8_80,0.99,0,80,80,78
49,r_16_38_22,r_39_107_177,r_110_33_12,r_39_107_177,0.83,3,180,177,78
8,r_3_109_17,r_10_7_2,r_95_108_3,r_3_109_17,1.0,0,17,17,78
6,r_76_31_69,seq77,r_86_32_24,r_76_31_69,0.98,1,70,69,78
16,r_110_33_12,r_111_87_103,r_34_78_107,r_110_33_12,0.96,0,12,12,78
85,seq83,r_82_8_80,seq88,r_82_8_80,1.0,0,80,80,78
5,r_39_107_177,r_16_38_22,r_3_109_17,r_39_107_177,0.74,3,180,177,78
49,r_16_38_22,r_23_132_191,r_39_107_177,r_16_38_22,1.0,-6,16,22,78
60,seq21,r_23_132_191,r_101_20_26,r_101_20_26,0.88,1,27,26,78
2,r_13_130_169,seq21,r_89_125_8,r_13_130_169,0.38,-2,167,169,78
47,r_45_114_121,seq48,r_71_117_84,r_45_114_121,0.94,5,126,121,78
40,r_22_131_111,r_23_132_191,r_144_138_187,r_22_131_111,0.85,5,116,111,78
20,r_142_80_57,r_144_138_187,r_81_52_197,r_142_80_57,0.99,0,57,57,78
24,r_55_136_165,seq56,seq135,r_55_136_165,0.54,2,167,165,78
25,r_129_74_175,seq128,r_11_72_157,r_11_72_157,0.95,19,176,157,78
33,r_23_132_191,r_22_131_111,seq15,r_22_131_111,0.87,5,116,111,78
85,seq83,seq88,r_14_85_167,r_14_85_167,0.7,2,169,167,78
28,r_0_5_90,r_10_7_2,r_54_2_29,r_54_2_29,0.99,5,34,29,78
28,r_0_5_90,r_54_2_29,r_10_7_2,r_0_5_90,0.96,0,90,90,78
26,r_103_92_23,r_104_116_192,seq93,r_103_92_23,0.92,-1,22,23,78
32,r_54_2_29,seq51,r_0_5_90,r_54_2_29,0.98,0,29,29,78
34,r_95_108_3,r_118_19_143,r_3_109_17,r_95_108_3,0.65,18,21,3,78
86,seq88,r_86_32_24,seq83,r_86_32_24,0.82,4,28,24,78
22,r_84_124_55,seq83,r_89_125_8,r_84_124_55,1.0,0,55,55,78
23,r_59_140_48,r_64_24_166,r_137_141_15,r_59_140_48,1.0,0,48,48,78
44,r_111_87_103,seq112,seq88,r_111_87_103,0.98,0,103,103,78
35,r_11_72_157,r_10_7_2,seq73,r_11_72_157,0.34,0,157,157,78
12,r_120_149_78,r_118_19_143,seq148,r_120_149_78,0.68,3,81,78,78
26,r_5_49_26,seq4,r_27_53_25,r_5_49_26,0.52,1,27,26,79
37,r_92_135_54,r_97_59_74,r_15_148_40,r_92_135_54,0.98,2,56,54,79
30,r_110_9_66,r_112_100_196,seq8,r_110_9_66,0.97,0,66,66,79
36,r_79_85_4,r_84_87_159,r_109_82_24,r_79_85_4,0.51,156,160,4,79
86,seq99,r_103_143_167,r_11_98_102,r_11_98_102,0.81,7,109,102,79
16,r_12_47_185,r_13_62_139,r_37_10_131,r_13_62_139,0.48,0,139,139,79
21,r_34_74_120,seq33,seq76,r_34_74_120,1.0,0,120,120,79
5,r_103_143_167,seq102,r_15_148_40,r_15_148_40,1.0,128,168,40,79
46,r_13_62_139,r_12_47_185,seq63,r_13_62_139,0.69,0,139,139,79
42,r_90_51_105,seq89,r_27_53_25,r_90_51_105,1.0,1,106,105,79
35,r_27_53_25,r_37_10_131,r_5_49_26,r_27_53_25,0.8,2,27,25,79
45,r_95_88_64,r_97_59_74,r_86_23_101,r_95_88_64,0.99,1,65,64,79
85,seq144,r_147_50_178,r_72_145_19,r_72_145_19,0.63,15,34,19,79
32,r_75_137_35,seq76,seq139,r_75_137_35,1.0,0,35,35,79
66,seq36,r_37_10_131,seq31,r_37_10_131,0.74,-16,115,131,79
43,r_78_65_42,r_80_61_96,seq66,r_78_65_42,0.97,1,43,42,79
55,seq133,r_134_39_45,seq131,r_134_39_45,1.0,0,45,45,79
17,r_21_111_46,r_11_98_102,r_112_100_196,r_112_100_196,0.62,-150,46,196,79
10,r_19_142_165,r_13_62_139,r_93_20_32,r_19_142_165,0.91,-66,99,165,79
48,r_72_145_19,r_70_141_127,seq144,r_72_145_19,0.97,-4,15,19,79
14,r_15_148_40,r_11_98_102,r_72_145_19,r_15_148_40,0.77,0,40,40,79
0,r_22_6_89,seq31,seq7,r_22_6_89,0.5,2,91,89,79
11,r_80_61_96,seq76,seq63,r_80_61_96,0.85,3,99,96,79
20,r_37_10_131,seq36,r_93_20_32,r_93_20_32,1.0,83,115,32,79
13,r_126_104_72,seq128,seq102,r_126_104_72,0.86,13,85,72,79
15,r_52_115_154,r_54_71_164,seq113,r_52_115_154,0.98,1,155,154,79
54,seq4,r_5_49_26,seq7,r_5_49_26,0.86,1,27,26,79
6,r_64_121_87,seq66,seq116,r_64_121_87,1.0,0,87,87,79
62,seq131,r_132_26_100,r_130_127_129,r_132_26_100,0.99,0,100,100,79
40,r_18_24_29,r_11_98_102,r_140_25_31,r_18_24_29,0.98,4,33,29,79
10,r_19_142_165,r_93_20_32,r_70_141_127,r_19_142_165,1.0,0,165,165,79
27,r_107_48_184,r_112_100_196,r_5_49_26,r_107_48_184,0.57,0,184,184,79
87,seq102,r_103_143_167,r_126_104_72,r_126_104_72,0.62,96,168,72,79
72,seq57,r_52_115_154,r_138_58_18,r_138_58_18,0.53,7,25,18,79
3,r_134_39_45,seq133,seq31,r_134_39_45,1.0,0,45,45,79
2,r_44_146_180,seq46,r_103_143_167,r_44_146_180,0.51,0,180,180,79
4,r_109_82_24,r_112_100_196,seq81,r_109_82_24,0.87,0,24,24,79
18,r_97_59_74,r_91_35_198,r_138_58_18,r_97_59_74,0.93,0,74,74,79
29,r_38_28_150,seq33,r_132_26_100,r_132_26_100,1.0,71,171,100,79
25,r_55_40_117,r_52_115_154,seq41,r_55_40_117,0.46,7,124,117,79
68,seq41,r_42_114_192,r_55_40_117,r_55_40_117,0.74,18,135,117,79
1,r_149_136_48,seq144,r_75_137_35,r_75_137_35,1.0,21,56,35,79
58,seq139,r_140_25_31,r_149_136_48,r_140_25_31,0.99,0,31,31,79
45,r_95_88_64,r_11_98_102,r_84_87_159,r_95_88_64,0.72,95,159,64,79
38,r_70_141_127,seq69,r_92_135_54,r_70_141_127,0.95,1,128,127,79
47,r_93_20_32,r_92_135_54,seq7,r_93_20_32,1.0,0,32,32,79
75,seq66,r_64_121_87,r_78_65_42,r_64_121_87,0.99,-6,81,87,79
38,r_70_141_127,r_92_135_54,r_19_142_165,r_19_142_165,0.71,13,178,165,79
60,seq16,seq14,r_93_20_32,r_93_20_32,1.0,45,77,32,79
9,r_138_58_18,r_149_136_48,seq57,r_138_58_18,0.99,-3,15,18,79
37,r_92_135_54,r_15_148_40,r_149_136_48,r_15_148_40,0.52,102,142,40,79
28,r_140_25_31,seq33,r_132_26_100,r_132_26_100,1.0,23,123,100,79
28,r_140_25_31,r_126_104_72,seq33,r_140_25_31,1.0,0,31,31,79
45,r_95_88_64,r_86_23_101,r_11_98_102,r_95_88_64,0.87,37,101,64,79
7,r_11_98_102,r_13_62_139,seq99,r_11_98_102,0.99,0,102,102,79
44,r_147_50_178,seq144,r_5_49_26,r_5_49_26,0.6,152,178,26,79
23,r_84_87_159,r_79_85_4,r_95_88_64,r_95_88_64,0.62,96,160,64,79
31,r_29_56_33,seq31,seq57,r_29_56_33,1.0,0,33,33,79
82,seq83,r_84_87_159,seq81,r_84_87_159,0.4,3,162,159,79
16,r_12_47_185,r_37_10_131,r_29_56_33,r_12_47_185,0.99,0,185,185,79
30,r_24_60_150,r_29_125_165,seq64,r_24_60_150,0.87,0,150,150,80
9,r_16_56_42,seq17,seq57,r_16_56_42,1.0,1,43,42,80
36,r_29_125_165,r_28_22_154,seq126,r_29_125_165,0.92,-1,164,165,80
8,r_26_81_60,r_24_60_150,seq80,r_26_81_60,0.99,4,64,60,80
43,r_63_130_138,seq64,seq143,r_63_130_138,0.95,0,138,138,80
32,r_105_46_28,r_104_51_144,r_47_87_159,r_105_46_28,1.0,3,31,28,80
16,r_85_123_80,r_40_89_35,seq126,r_85_123_80,0.99,1,81,80,80
54,seq10,r_9_145_90,seq12,r_9_145_90,1.0,-18,72,90,80
83,seq92,r_94_35_98,r_140_91_2,r_94_35_98,1.0,-31,67,98,80
37,r_118_108_99,seq121,seq107,r_118_108_99,1.0,0,99,99,80
21,r_110_120_93,seq109,r_42_119_27,r_110_120_93,1.0,0,93,93,80
1,r_9_145_90,seq10,seq144,r_9_145_90,1.0,0,90,90,80
14,r_32_45_130,r_34_131_192,r_147_44_8,r_147_44_8,0.48,35,43,8,80
22,r_40_89_35,seq37,r_85_123_80,r_40_89_35,0.98,0,35,35,80
16,r_85_123_80,r_90_50_46,r_40_89_35,r_85_123_80,0.96,-36,44,80,80
42,r_70_138_137,r_69_4_181,r_73_135_24,r_69_4_181,0.68,-40,141,181,80
46,r_47_87_159,r_41_72_44,r_105_46_28,r_47_87_159,0.99,-124,35,159,80
32,r_105_46_28,r_47_87_159,r_32_45_130,r_47_87_159,1.0,-10,149,159,80
98,seq126,r_85_123_80,r_29_125_165,r_29_125_165,0.83,7,172,165,80
45,r_76_43_79,r_78_38_107,r_147_44_8,r_147_44_8,0.96,71,79,8,80
41,r_42_119_27,r_41_72_44,seq121,r_42_119_27,1.0,0,27,27,80
66,seq37,r_36_0_171,r_78_38_107,r_78_38_107,1.0,41,148,107,80
17,r_7_53_38,seq5,r_114_54_12,r_7_53_38,1.0,1,39,38,80
31,r_94_35_98,seq92,r_90_50_46,r_94_35_98,0.48,0,98,98,80
67,seq48,seq57,r_90_50_46,r_90_50_46,1.0,27,73,46,80
3,r_124_111_125,seq126,r_118_108_99,r_124_111_125,0.99,2,127,125,80
40,r_128_99_23,r_127_31_120,seq98,r_128_99_23,0.94,5,28,23,80
4,r_34_131_192,r_47_87_159,r_16_56_42,r_34_131_192,0.57,-98,94,192,80
11,r_62_88_131,seq64,r_40_89_35,r_62_88_131,0.51,2,133,131,80
20,r_102_49_168,seq103,r_16_56_42,r_102_49_168,0.71,0,168,168,80
46,r_47_87_159,r_105_46_28,r_62_88_131,r_47_87_159,0.67,0,159,159,80
48,r_142_96_136,seq139,seq97,r_142_96_136,0.95,0,136,136,80
13,r_93_106_37,r_94_35_98,seq109,r_93_106_37,0.55,0,37,37,80
0,r_41_72_44,r_55_33_191,seq71,r_41_72_44,1.0,1,45,44,80
6,r_78_38_107,seq77,r_86_39_6,r_78_38_107,1.0,1,108,107,80
2,r_147_44_8,r_47_87_159,r_76_43_79,r_76_43_79,0.6,6,85,79,80
27,r_127_31_120,r_129_75_184,r_95_30_64,r_127_31_120,0.79,0,120,120,80
22,r_40_89_35,r_85_123_80,r_26_81_60,r_40_89_35,0.87,46,81,35,80
22,r_40_89_35,r_26_81_60,r_62_88_131,r_40_89_35,0.48,99,134,35,80
47,r_36_0_171,seq37,r_113_2_126,r_36_0_171,0.55,0,171,171,80
18,r_129_75_184,r_127_31_120,r_85_123_80,r_129_75_184,0.92,-78,106,184,80
29,r_146_14_105,seq144,seq15,r_146_14_105,0.99,0,105,105,80
64,seq27,r_24_60_150,r_95_30_64,r_95_30_64,0.98,83,147,64,80
19,r_73_135_24,r_74_66_21,r_136_137_4,r_73_135_24,1.0,1,25,24,80
77,seq77,r_78_38_107,seq79,r_78_38_107,0.9,1,108,107,80
69,seq57,r_55_33_191,r_16_56_42,r_16_56_42,1.0,6,48,42,80
34,r_132_84_82,seq133,r_40_89_35,r_132_84_82,0.94,0,82,82,80
15,r_90_50_46,r_85_123_80,seq48,r_90_50_46,1.0,1,47,46,80
35,r_3_58_83,r_118_108_99,seq148,r_3_58_83,0.4,58,141,83,80
7,r_69_4_181,r_74_66_21,r_113_2_126,r_69_4_181,1.0,1,182,181,80
28,r_113_2_126,seq109,seq1,r_113_2_126,0.6,0,126,126,80
49,r_28_22_154,r_29_125_165,r_146_14_105,r_146_14_105,0.97,50,155,105,80
12,r_114_54_12,r_110_120_93,r_55_33_191,r_114_54_12,1.0,0,12,12,80
7,r_69_4_181,r_70_138_137,r_74_66_21,r_70_138_137,1.0,4,141,137,80
18,r_129_75_184,r_85_123_80,r_41_72_44,r_129_75_184,0.73,1,185,184,80
23,r_95_30_64,seq107,r_29_125_165,r_95_30_64,1.0,-1,63,64,80
79,seq80,seq79,r_26_81_60,r_26_81_60,1.0,5,65,60,80
35,r_3_58_83,seq1,r_118_108_99,r_3_58_83,0.99,0,83,83,80
23,r_95_30_64,r_29_125_165,r_127_31_120,r_127_31_120,0.78,47,167,120,80
84,seq97,seq103,r_142_96_136,r_142_96_136,0.93,0,136,136,80
47,r_47_106_19,seq48,r_107_101_196,r_47_106_19,0.97,3,22,19,81
36,r_62_121_127,seq64,seq123,r_62_121_127,0.75,3,130,127,81
8,r_140_87_177,seq144,r_103_90_37,r_103_90_37,0.63,142,179,37,81
32,r_37_11_44,r_38_25_110,seq10,r_37_11_44,0.76,1,45,44,81
39,r_91_73_71,r_89_141_184,seq77,r_89_141_184,0.51,-107,77,184,81
43,r_26_82_27,r_27_6_142,seq77,r_26_82_27,0.97,0,27,27,81
5,r_132_45_180,seq131,r_134_44_56,r_134_44_56,0.99,128,184,56,81
12,r_71_63_28,r_70_104_97,seq64,r_71_63_28,0.45,7,35,28,81
56,seq10,seq0,r_37_11_44,r_37_11_44,1.0,5,49,44,81
19,r_38_25_110,r_39_40_92,r_41_24_95,r_39_40_92,1.0,17,109,92,81
48,r_103_90_37,r_102_13_179,r_89_141_184,r_103_90_37,0.97,2,39,37,81
41,r_41_24_95,r_39_40_92,seq22,r_41_24_95,1.0,0,95,95,81
40,r_88_127_30,r_83_80_14,seq126,r_88_127_30,0.91,2,32,30,81
24,r_93_81_54,seq94,seq77,r_93_81_54,0.97,1,55,54,81
3,r_14_3_116,seq22,seq0,r_14_3_116,0.52,-6,110,116,81
26,r_147_54_150,seq146,r_109_52_40,r_147_54_150,0.62,1,151,150,81
16,r_102_13_179,seq126,r_119_122_140,r_119_122_140,0.6,-2,138,140,81
4,r_129_23_118,seq126,r_38_25_110,r_129_23_118,1.0,0,118,118,81
63,seq22,r_19_4_181,r_41_24_95,r_41_24_95,1.0,12,107,95,81
11,r_84_57_80,seq85,seq60,r_84_57_80,0.62,1,81,80,81
44,r_98_74_12,seq99,r_83_80_14,r_98_74_12,0.86,0,12,12,81
16,r_102_13_179,r_119_122_140,r_37_11_44,r_102_13_179,0.98,0,179,179,81
17,r_89_141_184,r_83_80_14,r_103_90_37,r_103_90_37,0.99,0,37,37,81
20,r_1_110_24,seq0,seq111,r_1_110_24,1.0,0,24,24,81
46,r_95_43_41,r_97_143_104,r_134_44_56,r_95_43_41,0.77,4,45,41,81
62,seq149,r_148_21_103,r_119_122_140,r_148_21_103,1.0,1,104,103,81
49,r_67_12_51,r_66_29_161,r_37_11_44,r_67_12_51,1.0,0,51,51,81
99,seq126,seq124,r_88_127_30,r_88_127_30,0.99,43,73,30,81
30,r_66_29_161,r_71_63_28,seq31,r_66_29_161,0.95,1,162,161,81
16,r_102_13_179,r_103_90_37,seq126,r_103_90_37,0.91,2,39,37,81
87,seq96,r_97_143_104,seq94,r_97_143_104,1.0,12,116,104,81
1,r_42_35_10,seq56,seq36,r_42_35_10,0.97,0,10,10,81
30,r_66_29_161,r_67_12_51,r_71_63_28,r_67_12_51,1.0,0,51,51,81
18,r_34_28_135,r_33_16_159,r_19_4_181,r_34_28_135,0.59,0,135,135,81
29,r_86_120_154,r_89_141_184,r_119_122_140,r_86_120_154,0.28,3,157,154,81
25,r_39_40_92,r_41_24_95,seq32,r_41_24_95,1.0,0,95,95,81
48,r_103_90_37,r_89_141_184,r_83_80_14,r_103_90_37,0.41,146,183,37,81
52,seq131,r_132_45_180,r_51_133_33,r_51_133_33,0.98,151,184,33,81
21,r_134_44_56,r_140_87_177,r_95_43_41,r_134_44_56,0.83,0,56,56,81
34,r_27_6_142,seq22,seq9,r_27_6_142,0.43,0,142,142,81
7,r_109_52_40,r_119_122_140,seq49,r_109_52_40,0.94,3,43,40,81
10,r_51_133_33,seq49,seq131,r_51_133_33,0.95,2,35,33,81
25,r_39_40_92,seq32,seq31,r_39_40_92,0.65,69,161,92,81
22,r_148_21_103,seq149,seq20,r_148_21_103,1.0,1,104,103,81
28,r_116_113_94,seq118,r_1_110_24,r_1_110_24,1.0,77,101,24,81
91,seq146,r_147_54_150,r_119_122_140,r_147_54_150,0.78,1,151,150,81
72,seq56,seq46,r_128_55_49,r_128_55_49,0.84,-5,44,49,81
55,seq9,seq5,r_27_6_142,r_27_6_142,0.74,-1,141,142,81
17,r_89_141_184,r_103_90_37,r_115_142_50,r_89_141_184,0.32,0,184,184,81
35,r_7_17_98,seq9,seq18,r_7_17_98,0.86,0,98,98,81
51,seq133,r_135_17_185,r_143_128_158,r_143_128_158,0.81,27,185,158,82
9,r_122_136_43,r_125_105_100,seq137,r_122_136_43,0.85,0,43,43,82
36,r_106_132_124,seq115,r_107_108_96,r_106_132_124,0.44,-43,81,124,82
28,r_33_71_194,seq25,r_121_30_16,r_121_30_16,1.0,0,16,16,82
36,r_106_132_124,r_107_108_96,seq133,r_106_132_124,0.98,0,124,124,82
8,r_98_23_162,r_93_109_118,r_102_96_186,r_93_109_118,0.83,1,119,118,82
43,r_60_57_137,seq59,r_100_54_23,r_60_57_137,0.96,0,137,137,82
39,r_93_109_118,r_98_23_162,r_74_110_64,r_93_109_118,0.87,1,119,118,82
1,r_69_120_169,seq70,r_82_116_165,r_69_120_169,0.48,0,169,169,82
42,r_111_130_156,seq115,r_74_110_64,r_74_110_64,1.0,6,70,64,82
77,seq52,seq55,r_26_53_61,r_26_53_61,0.93,-20,41,61,82
45,r_140_32_107,seq141,seq25,r_140_32_107,1.0,0,107,107,82
73,seq44,seq52,r_139_45_13,r_139_45_13,1.0,0,13,13,82
29,r_119_67_57,seq115,seq68,r_119_67_57,1.0,1,58,57,82
19,r_10_124_161,seq11,r_1_123_51,r_1_123_51,1.0,111,162,51,82
4,r_82_116_165,r_127_77_17,seq117,r_82_116_165,1.0,0,165,165,82
41,r_58_51_112,seq59,r_100_54_23,r_58_51_112,0.93,0,112,112,82
15,r_1_123_51,r_107_108_96,r_10_124_161,r_10_124_161,0.73,0,161,161,82
15,r_1_123_51,seq8,r_125_105_100,r_1_123_51,1.0,0,51,51,82
3,r_102_96_186,r_101_90_141,seq103,r_102_96_186,0.77,-40,146,186,82
10,r_26_53_61,seq28,seq52,r_26_53_61,0.85,1,62,61,82
26,r_86_138_152,seq83,seq137,r_86_138_152,0.95,0,152,152,82
2,r_139_45_13,r_140_32_107,seq44,r_139_45_13,0.77,0,13,13,82
4,r_82_116_165,seq81,r_127_77_17,r_127_77_17,0.97,89,106,17,82
15,r_1_123_51,r_125_105_100,r_107_108_96,r_1_123_51,0.69,50,101,51,82
49,r_126_112_77,r_94_131_22,r_113_114_126,r_126_112_77,1.0,1,78,77,82
0,r_73_56_92,r_69_120_169,r_100_54_23,r_73_56_92,1.0,0,92,92,82
22,r_149_129_53,seq148,r_94_131_22,r_149_129_53,1.0,-2,51,53,82
20,r_143_128_158,r_147_19_190,r_94_131_22,r_143_128_158,0.84,0,158,158,82
48,r_66_92_181,seq68,r_36_104_178,r_36_104_178,0.7,3,181,178,82
6,r_22_61_179,r_33_71_194,r_13_62_42,r_13_62_42,0.82,137,179,42,82
23,r_127_77_17,r_135_17_185,seq76,r_127_77_17,0.74,-1,16,17,82
80,seq63,r_58_51_112,r_13_62_42,r_13_62_42,0.69,1,43,42,82
27,r_118_97_160,seq117,r_102_96_186,r_118_97_160,0.87,0,160,160,82
47,r_18_27_94,seq16,seq28,r_18_27_94,0.89,1,95,94,82
40,r_14_87_132,seq15,seq83,r_14_87_132,0.95,0,132,132,82
78,seq55,seq52,r_100_54_23,r_100_54_23,1.0,14,37,23,82
7,r_125_105_100,r_1_123_51,seq103,r_125_105_100,1.0,1,101,100,82
34,r_74_110_64,r_111_130_156,r_107_108_96,r_111_130_156,1.0,1,157,156,82
25,r_107_108_96,r_106_132_124,r_74_110_64,r_74_110_64,1.0,60,124,64,82
14,r_4_145_25,r_7_88_34,seq146,r_4_145_25,1.0,0,25,25,82
58,seq15,r_14_87_132,seq16,r_14_87_132,1.0,0,132,132,82
37,r_13_62_42,r_14_87_132,seq63,r_13_62_42,1.0,0,42,42,82
42,r_111_130_156,r_74_110_64,r_94_131_22,r_111_130_156,0.93,1,157,156,82
32,r_75_38_150,seq76,seq37,r_75_38_150,0.7,0,150,150,82
34,r_74_110_64,r_73_56_92,r_111_130_156,r_74_110_64,1.0,0,64,64,82
49,r_126_112_77,r_135_17_185,r_94_131_22,r_94_131_22,1.0,1,23,22,82
38,r_100_54_23,r_101_90_141,seq55,r_100_54_23,1.0,0,23,23,82
17,r_47_35_82,seq46,seq39,r_47_35_82,0.84,-5,77,82,82
85,seq76,r_82_116_165,r_127_77_17,r_127_77_17,0.79,-1,16,17,82
94,seq148,r_147_19_190,r_4_145_25,r_4_145_25,0.99,165,190,25,82
21,r_94_131_22,r_98_23_162,r_126_112_77,r_94_131_22,0.94,-1,21,22,82
31,r_121_30_16,r_33_71_194,seq25,r_121_30_16,0.32,101,117,16,82
28,r_33_71_194,r_121_30_16,r_140_32_107,r_140_32_107,1.0,0,107,107,82
21,r_94_131_22,r_126_112_77,r_149_129_53,r_94_131_22,0.86,48,70,22,82
44,r_64_29_103,r_69_120_169,seq28,r_64_29_103,1.0,0,103,103,82
8,r_98_23_162,r_102_96_186,r_121_30_16,r_98_23_162,0.94,0,162,162,82
31,r_121_30_16,r_122_136_43,r_33_71_194,r_121_30_16,1.0,0,16,16,82
5,r_7_88_34,seq8,seq89,r_7_88_34,1.0,0,34,34,82
12,r_95_78_148,r_98_23_162,seq79,r_95_78_148,0.93,0,148,148,82
7,r_125_105_100,r_122_136_43,r_1_123_51,r_125_105_100,0.99,-55,45,100,82
36,r_77_145_140,seq79,seq147,r_77_145_140,0.94,0,140,140,83
9,r_28_37_9,r_38_8_144,r_133_35_54,r_28_37_9,0.98,126,135,9,83
30,r_128_143_46,seq127,seq142,r_128_143_46,1.0,1,47,46,83
53,seq137,r_138_119_72,seq139,r_138_119_72,0.79,0,72,72,83
43,r_100_87_124,r_96_76_172,r_141_88_39,r_100_87_124,0.96,0,124,124,83
18,r_109_30_51,seq110,seq33,r_109_30_51,1.0,0,51,51,83
54,seq11,r_10_57_115,seq13,r_10_57_115,1.0,0,115,115,83
37,r_10_57_115,seq11,r_104_59_3,r_10_57_115,1.0,0,115,115,83
16,r_7_74_73,r_3_1_132,seq75,r_7_74_73,1.0,0,73,73,83
39,r_65_41_158,seq64,seq40,r_65_41_158,0.78,1,159,158,83
5,r_95_9_150,r_96_76_172,r_38_8_144,r_96_76_172,0.46,-22,150,172,83
42,r_90_15_76,r_91_93_24,seq18,r_90_15_76,1.0,0,76,76,83
22,r_91_93_24,r_90_15_76,seq92,r_90_15_76,1.0,-18,58,76,83
44,r_19_60_48,seq17,r_104_59_3,r_19_60_48,1.0,0,48,48,83
27,r_122_103_11,r_96_76_172,seq105,r_96_76_172,0.92,-71,101,172,83
45,r_99_25_27,r_95_9_150,seq26,r_99_25_27,1.0,2,29,27,83
31,r_138_119_72,seq137,r_118_116_77,r_138_119_72,1.0,0,72,72,83
41,r_81_121_74,seq82,r_118_116_77,r_81_121_74,1.0,1,75,74,83
90,seq97,r_96_76_172,seq101,r_96_76_172,0.93,0,172,172,83
26,r_56_108_127,seq55,seq111,r_56_108_127,0.99,2,129,127,83
8,r_20_134_103,r_6_21_13,r_32_136_40,r_20_134_103,0.73,0,103,103,83
35,r_24_130_17,r_27_63_33,seq135,r_24_130_17,1.0,0,17,17,83
21,r_6_21_13,r_5_61_67,r_20_134_103,r_6_21_13,0.92,0,13,13,83
20,r_132_125_175,seq131,r_94_129_37,r_94_129_37,0.82,138,175,37,83
13,r_5_61_67,r_7_74_73,r_104_59_3,r_104_59_3,1.0,64,67,3,83
48,r_114_52_22,r_120_16_198,seq51,r_114_52_22,0.98,-1,21,22,83
12,r_38_8_144,r_28_37_9,r_3_1_132,r_38_8_144,0.92,0,144,144,83
6,r_2_34_114,r_3_1_132,seq33,r_2_34_114,0.56,5,119,114,83
62,seq22,r_23_106_121,r_2_34_114,r_23_106_121,0.61,1,122,121,83
21,r_6_21_13,r_20_134_103,seq33,r_20_134_103,1.0,0,103,103,83
19,r_133_35_54,r_132_125_175,seq36,r_133_35_54,1.0,1,55,54,83
38,r_84_49_55,seq82,r_114_52_22,r_84_49_55,0.99,1,56,55,83
74,seq55,r_56_108_127,seq67,r_56_108_127,0.86,2,129,127,83
24,r_23_106_121,seq22,seq111,r_23_106_121,1.0,1,122,121,83
25,r_140_42_97,seq139,seq39,r_140_42_97,0.79,2,99,97,83
46,r_85_124_31,seq82,seq127,r_85_124_31,1.0,0,31,31,83
88,seq89,seq86,r_141_88_39,r_141_88_39,1.0,72,111,39,83
32,r_71_47_146,r_70_0_174,r_73_48_106,r_70_0_174,0.98,-28,146,174,83
25,r_140_42_97,seq39,r_46_54_141,r_140_42_97,0.53,47,144,97,83
77,seq67,seq64,r_146_68_170,r_146_68_170,1.0,8,178,170,83
3,r_27_63_33,seq29,seq62,r_27_63_33,1.0,0,33,33,83
67,seq36,r_38_8_144,r_133_35_54,r_133_35_54,0.69,1,55,54,83
60,seq147,r_146_68_170,r_77_145_140,r_77_145_140,0.89,30,170,140,83
12,r_38_8_144,seq36,r_28_37_9,r_28_37_9,0.93,7,16,9,83
2,r_141_88_39,seq142,seq89,r_141_88_39,1.0,0,39,39,83
17,r_123_66_186,r_120_16_198,r_146_68_170,r_123_66_186,0.38,0,186,186,83
40,r_112_148_30,seq111,seq147,r_112_148_30,0.99,0,30,30,83
34,r_94_129_37,r_95_9_150,seq127,r_94_129_37,1.0,0,37,37,83
23,r_73_48_106,seq75,seq44,r_73_48_106,0.99,0,106,106,83
29,r_32_136_40,seq31,seq135,r_32_136_40,1.0,0,40,40,83
79,seq75,r_73_48_106,r_7_74_73,r_7_74_73,0.98,34,107,73,83
8,r_20_134_103,r_27_63_33,r_6_21_13,r_20_134_103,0.5,-90,13,103,83
27,r_122_103_11,r_117_98_191,r_96_76_172,r_122_103_11,0.87,0,11,11,83
30,r_32_23_27,seq28,r_133_22_93,r_133_22_93,0.99,23,116,93,84
8,r_94_98_114,seq96,r_102_62_193,r_94_98_114,0.8,4,118,114,84
5,r_148_27_12,r_144_70_23,seq28,r_148_27_12,0.89,0,12,12,84
19,r_109_75_17,r_110_52_106,r_74_137_81,r_109_75_17,0.84,-1,16,17,84
19,r_109_75_17,r_74_137_81,seq76,r_74_137_81,1.0,0,81,81,84
86,seq84,r_85_124_136,seq93,r_85_124_136,0.73,0,136,136,84
21,r_112_63_149,seq113,seq65,r_112_63_149,0.67,1,150,149,84
39,r_110_52_106,r_119_92_138,r_91_53_47,r_110_52_106,0.65,0,106,106,84
1,r_105_87_117,r_103_46_152,seq89,r_105_87_117,0.69,1,118,117,84
46,r_66_116_175,seq65,seq115,r_66_116_175,0.47,1,176,175,84
42,r_103_46_152,r_104_64_171,r_40_51_48,r_103_46_152,0.56,0,152,152,84
28,r_5_101_190,r_7_71_116,seq2,r_5_101_190,0.61,-129,61,190,84
69,seq139,r_140_147_50,r_39_141_38,r_39_141_38,0.96,30,68,38,84
45,r_104_64_171,r_103_46_152,r_94_98_114,r_104_64_171,0.78,-19,152,171,84
19,r_109_75_17,seq76,seq73,r_109_75_17,0.33,139,156,17,84
43,r_108_125_53,r_106_24_94,seq128,r_108_125_53,0.63,5,58,53,84
11,r_107_13_22,r_32_23_27,r_60_14_118,r_60_14_118,0.62,3,121,118,84
29,r_39_141_38,r_38_3_41,seq139,r_39_141_38,1.0,0,38,38,84
45,r_104_64_171,r_94_98_114,r_112_63_149,r_94_98_114,0.55,62,176,114,84
31,r_42_55_115,seq41,r_90_56_113,r_42_55_115,0.99,1,116,115,84
41,r_133_22_93,seq131,r_32_23_27,r_133_22_93,1.0,0,93,93,84
11,r_107_13_22,r_105_87_117,r_32_23_27,r_105_87_117,0.6,-94,23,117,84
3,r_106_24_94,r_103_46_152,r_148_27_12,r_106_24_94,0.98,1,95,94,84
10,r_140_147_50,seq139,seq149,r_140_147_50,0.91,18,68,50,84
15,r_1_16_99,seq19,r_8_17_153,r_8_17_153,0.62,-1,152,153,84
4,r_38_3_41,r_37_30_172,seq2,r_38_3_41,1.0,0,41,41,84
26,r_97_44_64,seq96,seq41,r_97_44_64,1.0,1,65,64,84
12,r_74_137_81,seq57,r_109_75_17,r_109_75_17,0.63,7,24,17,84
85,seq80,r_77_4_187,r_0_81_28,r_0_81_28,0.77,21,49,28,84
0,r_86_111_144,seq89,seq113,r_86_111_144,0.71,1,145,144,84
20,r_59_36_112,r_60_14_118,seq34,r_59_36_112,0.99,0,112,112,84
47,r_0_81_28,r_1_16_99,seq80,r_0_81_28,1.0,1,29,28,84
15,r_1_16_99,seq2,seq19,r_1_16_99,0.6,4,103,99,84
48,r_79_18_88,seq80,seq19,r_79_18_88,0.96,2,90,88,84
65,seq28,r_33_100_196,r_148_27_12,r_148_27_12,1.0,0,12,12,84
13,r_91_53_47,r_45_138_163,r_110_52_106,r_91_53_47,0.61,67,114,47,84
27,r_20_88_131,seq19,seq89,r_20_88_131,0.64,1,132,131,84
2,r_82_25_104,r_85_124_136,r_106_24_94,r_85_124_136,0.57,-32,104,136,84
40,r_114_26_165,seq115,r_148_27_12,r_114_26_165,0.75,1,166,165,84
24,r_35_21_79,seq34,r_32_23_27,r_35_21_79,1.0,0,79,79,84
33,r_102_62_193,r_103_46_152,r_94_98_114,r_102_62_193,0.86,-51,142,193,84
13,r_91_53_47,r_90_56_113,r_45_138_163,r_91_53_47,0.81,3,50,47,84
64,seq149,r_146_15_134,r_140_147_50,r_146_15_134,0.86,-61,73,134,84
18,r_99_135_55,r_102_62_193,seq134,r_99_135_55,0.97,0,55,55,84
68,seq34,r_37_30_172,r_59_36_112,r_59_36_112,0.97,55,167,112,84
32,r_145_43_182,seq149,r_59_36_112,r_145_43_182,0.43,0,182,182,84
38,r_7_71_116,r_8_17_153,seq73,r_7_71_116,0.76,1,117,116,84
34,r_129_78_96,seq128,seq76,r_129_78_96,0.96,5,101,96,84
9,r_146_15_134,seq149,r_60_14_118,r_146_15_134,0.77,0,134,134,84
12,r_74_137_81,r_109_75_17,r_39_141_38,r_74_137_81,0.99,0,81,81,84
28,r_5_101_190,r_119_92_138,r_7_71_116,r_5_101_190,0.68,-178,12,190,84
22,r_77_4_187,seq76,r_38_3_41,r_77_4_187,0.2,0,187,187,84
49,r_8_17_153,seq9,r_1_16_99,r_1_16_99,0.64,54,153,99,84
7,r_119_92_138,seq120,seq93,r_119_92_138,0.93,1,139,138,84
44,r_90_56_113,seq89,r_42_55_115,r_90_56_113,1.0,5,118,113,84
23,r_85_124_136,seq84,seq131,r_85_124_136,0.86,0,136,136,84
3,r_106_24_94,r_148_27_12,r_82_25_104,r_106_24_94,0.66,44,138,94,84
16,r_50_95_52,r_45_138_163,seq93,r_50_95_52,0.83,0,52,52,84
6,r_144_70_23,r_146_15_134,seq69,r_144_70_23,0.95,0,23,23,84
35,r_37_30_172,seq34,r_33_100_196,r_37_30_172,0.62,0,172,172,84
84,seq76,r_77_4_187,r_129_78_96,r_129_78_96,1.0,91,187,96,84
37,r_88_114_56,r_87_13_77,seq118,r_88_114_56,1.0,0,56,56,85
30,r_37_111_91,r_36_123_124,seq112,r_37_111_91,1.0,1,92,91,85
6,r_0_4_185,r_70_17_33,r_97_1_34,r_0_4_185,0.87,-139,46,185,85
43,r_50_137_132,r_46_11_172,seq138,r_50_137_132,0.93,0,132,132,85
9,r_97_1_34,r_100_12_52,seq2,r_97_1_34,1.0,0,34,34,85
54,seq134,r_133_116_127,seq132,r_133_116_127,0.93,6,133,127,85
83,seq91,r_93_42_171,seq92,r_93_42_171,0.99,0,171,171,85
55,seq9,r_5_85_183,r_30_6_73,r_30_6_73,1.0,111,184,73,85
39,r_53_18_90,seq52,r_70_17_33,r_53_18_90,0.74,0,90,90,85
1,r_80_77_153,r_81_57_139,r_35_84_112,r_35_84_112,0.67,27,139,112,85
97,seq124,seq125,r_36_123_124,r_36_123_124,1.0,10,134,124,85
46,r_147_56_150,seq146,seq55,r_147_56_150,0.79,0,150,150,85
69,seq52,r_53_18_90,r_101_59_75,r_101_59_75,1.0,7,82,75,85
45,r_72_8_116,seq73,seq9,r_72_8_116,1.0,0,116,116,85
19,r_63_135_125,seq62,seq138,r_63_135_125,0.88,2,127,125,85
76,seq66,r_69_99_154,r_86_68_88,r_86_68_88,0.77,66,154,88,85
7,r_21_19_68,r_20_7_133,r_70_17_33,r_20_7_133,1.0,0,133,133,85
31,r_109_22_178,seq107,r_67_23_120,r_109_22_178,0.66,0,178,178,85
41,r_20_7_133,r_21_19_68,r_30_6_73,r_21_19_68,0.61,65,133,68,85
20,r_45_38_22,r_47_43_31,r_36_123_124,r_45_38_22,0.55,0,22,22,85
38,r_24_108_152,r_67_23_120,r_136_105_1,r_24_108_152,1.0,0,152,152,85
47,r_36_123_124,r_37_111_91,r_45_38_22,r_36_123_124,0.67,-96,28,124,85
27,r_100_12_52,r_10_141_83,r_87_13_77,r_100_12_52,0.92,31,83,52,85
72,seq58,seq52,r_81_57_139,r_81_57_139,1.0,31,170,139,85
27,r_100_12_52,seq98,r_10_141_83,r_100_12_52,1.0,0,52,52,85
0,r_87_13_77,r_86_68_88,r_100_12_52,r_87_13_77,0.95,0,77,77,85
11,r_115_39_113,seq118,r_45_38_22,r_115_39_113,1.0,1,114,113,85
15,r_61_76_100,r_63_135_125,seq78,r_61_76_100,1.0,0,100,100,85
49,r_101_59_75,seq52,r_81_57_139,r_81_57_139,1.0,31,170,139,85
18,r_67_23_120,r_86_68_88,r_109_22_178,r_109_22_178,0.88,1,179,178,85
0,r_87_13_77,r_100_12_52,r_44_14_168,r_44_14_168,0.92,1,169,168,85
36,r_71_41_59,r_45_38_22,r_93_42_171,r_93_42_171,0.98,6,177,171,85
13,r_51_144_36,r_53_18_90,r_110_143_16,r_51_144_36,1.0,0,36,36,85
10,r_70_17_33,r_40_16_48,r_53_18_90,r_53_18_90,0.98,19,109,90,85
8,r_131_128_20,seq129,seq127,r_131_128_20,0.59,8,28,20,85
2,r_79_121_130,r_81_57_139,seq122,r_79_121_130,0.99,-1,129,130,85
40,r_81_57_139,r_80_77_153,r_101_59_75,r_80_77_153,0.88,-14,139,153,85
18,r_67_23_120,seq66,r_24_108_152,r_67_23_120,0.75,-6,114,120,85
35,r_25_83_57,r_35_84_112,r_82_49_138,r_25_83_57,0.86,0,57,57,85
35,r_25_83_57,r_82_49_138,r_35_84_112,r_25_83_57,0.92,82,139,57,85
25,r_133_116_127,seq134,seq113,r_133_116_127,0.91,6,133,127,85
10,r_70_17_33,r_67_23_120,r_40_16_48,r_70_17_33,0.7,3,36,33,85
47,r_36_123_124,r_45_38_22,seq124,r_36_123_124,1.0,0,124,124,85
20,r_45_38_22,r_36_123_124,r_115_39_113,r_45_38_22,1.0,102,124,22,85
68,seq48,r_46_11_172,r_47_43_31,r_46_11_172,0.96,0,172,172,85
48,r_10_141_83,r_100_12_52,r_142_96_191,r_10_141_83,1.0,0,83,83,85
18,r_67_23_120,r_24_108_152,r_86_68_88,r_24_108_152,0.97,0,152,152,85
38,r_24_108_152,r_21_19_68,r_67_23_120,r_24_108_152,0.76,-48,104,152,85
1,r_80_77_153,r_35_84_112,r_61_76_100,r_80_77_153,0.76,2,155,153,85
34,r_69_99_154,seq66,seq98,r_69_99_154,0.86,0,154,154,85
99,seq127,r_126_26_32,r_131_128_20,r_126_26_32,0.69,-16,16,32,85
33,r_110_143_16,seq112,r_142_96_191,r_110_143_16,0.97,2,18,16,85
17,r_60_149_80,r_47_43_31,seq146,r_60_149_80,1.0,0,80,80,85
48,r_10_141_83,seq32,r_100_12_52,r_10_141_83,0.81,-29,54,83,85
14,r_126_26_32,seq125,seq27,r_126_26_32,1.0,0,32,32,85
28,r_30_6_73,seq32,seq9,r_30_6_73,1.0,0,73,73,85
49,r_101_59_75,seq103,seq52,r_101_59_75,1.0,0,75,75,85
7,r_21_19_68,r_24_108_152,r_20_7_133,r_21_19_68,0.79,14,82,68,85
23,r_142_96_191,r_133_116_127,r_10_141_83,r_10_141_83,0.52,4,87,83,85
33,r_110_143_16,r_142_96_191,r_51_144_36,r_110_143_16,0.92,40,56,16,85
36,r_71_41_59,r_72_8_116,r_45_38_22,r_71_41_59,1.0,0,59,59,85
44,r_117_34_28,r_115_39_113,seq33,r_117_34_28,0.96,0,28,28,85
95,seq120,seq134,r_36_123_124,r_36_123_124,0.88,18,142,124,85
84,seq92,r_93_42_171,seq91,r_93_42_171,1.0,0,171,171,85
41,r_66_129_45,seq65,seq128,r_66_129_45,0.99,0,45,45,86
14,r_132_98_118,r_42_122_83,r_78_93_136,r_132_98_118,0.98,0,118,118,86
14,r_132_98_118,r_133_144_97,r_42_122_83,r_132_98_118,0.83,-21,97,118,86
8,r_126_139_67,r_125_14_162,r_140_80_154,r_126_139_67,1.0,0,67,67,86
37,r_92_64_89,seq91,seq65,r_92_64_89,0.8,0,89,89,86
59,seq143,r_142_36_126,seq146,r_142_36_126,1.0,0,126,126,86
21,r_56_136_72,seq58,r_27_135_27,r_56_136_72,1.0,0,72,72,86
39,r_10_20_91,seq8,r_118_22_37,r_10_20_91,0.97,2,93,91,86
5,r_94_40_147,r_97_19_148,seq41,r_94_40_147,0.97,0,147,147,86
42,r_104_53_171,seq108,r_18_48_53,r_18_48_53,1.0,114,167,53,86
8,r_126_139_67,r_115_149_100,r_114_141_173,r_114_141_173,0.93,-5,168,173,86
45,r_99_121_104,r_100_120_121,r_42_122_83,r_100_120_121,0.71,-16,105,121,86
11,r_43_2_87,seq6,r_75_1_179,r_75_1_179,0.47,0,179,179,86
34,r_134_12_10,r_137_81_47,seq11,r_134_12_10,0.95,0,10,10,86
15,r_118_22_37,r_21_101_192,r_10_20_91,r_10_20_91,1.0,74,165,91,86
11,r_43_2_87,r_35_44_6,seq6,r_43_2_87,1.0,2,89,87,86
18,r_21_101_192,seq25,r_118_22_37,r_118_22_37,0.9,6,43,37,86
80,seq65,seq63,r_92_64_89,r_92_64_89,0.93,3,92,89,86
3,r_15_84_168,seq17,r_23_85_76,r_23_85_76,0.99,92,168,76,86
10,r_103_131_101,seq108,seq123,r_103_131_101,0.96,0,101,101,86
26,r_90_96_15,r_94_40_147,r_89_95_138,r_90_96_15,0.45,133,148,15,86
8,r_126_139_67,r_140_80_154,r_115_149_100,r_126_139_67,0.48,87,154,67,86
0,r_115_149_100,r_114_141_173,seq147,r_115_149_100,1.0,0,100,100,86
31,r_18_48_53,r_16_7_199,seq47,r_18_48_53,1.0,0,53,53,86
73,seq46,seq49,r_35_44_6,r_35_44_6,0.72,93,99,6,86
23,r_59_30_41,seq46,seq31,r_59_30_41,1.0,0,41,41,86
20,r_75_1_179,seq69,r_43_2_87,r_43_2_87,1.0,92,179,87,86
19,r_27_135_27,r_32_71_113,seq138,r_27_135_27,0.99,0,27,27,86
13,r_140_80_154,r_145_77_94,r_126_139_67,r_140_80_154,0.72,-88,66,154,86
48,r_23_85_76,seq24,seq87,r_23_85_76,1.0,0,76,76,86
15,r_118_22_37,seq116,r_21_101_192,r_118_22_37,1.0,0,37,37,86
13,r_140_80_154,r_126_139_67,r_137_81_47,r_140_80_154,0.76,0,154,154,86
6,r_68_51_122,seq69,seq49,r_68_51_122,0.45,18,140,122,86
85,seq83,seq86,r_23_85_76,r_23_85_76,1.0,15,91,76,86
9,r_42_122_83,r_66_129_45,r_99_121_104,r_99_121_104,0.88,19,123,104,86
27,r_89_95_138,seq87,r_90_96_15,r_89_95_138,0.41,1,139,138,86
29,r_133_144_97,r_132_98_118,seq146,r_133_144_97,1.0,0,97,97,86
35,r_0_62_50,seq4,r_61_73_170,r_0_62_50,1.0,1,51,50,86
24,r_97_19_148,r_94_40_147,r_16_7_199,r_97_19_148,0.94,1,149,148,86
40,r_29_102_40,r_32_71_113,r_13_107_23,r_29_102_40,1.0,0,40,40,86
25,r_32_71_113,seq31,r_109_70_19,r_32_71_113,1.0,0,113,113,86
43,r_35_44_6,r_43_2_87,seq46,r_43_2_87,1.0,0,87,87,86
33,r_142_36_126,seq143,seq34,r_142_36_126,0.72,0,126,126,86
64,seq24,r_23_85_76,seq25,r_23_85_76,1.0,0,76,76,86
19,r_27_135_27,seq138,r_56_136_72,r_56_136_72,1.0,1,73,72,86
2,r_137_81_47,seq138,seq87,r_137_81_47,1.0,1,48,47,86
35,r_0_62_50,r_3_60_18,seq4,r_3_60_18,0.9,5,23,18,86
68,seq31,r_32_71_113,seq28,r_32_71_113,1.0,0,113,113,86
16,r_13_107_23,r_10_20_91,r_38_106_8,r_13_107_23,1.0,0,23,23,86
74,seq47,seq49,r_18_48_53,r_18_48_53,1.0,4,57,53,86
32,r_61_73_170,r_68_51_122,r_0_62_50,r_0_62_50,1.0,15,65,50,86
52,seq4,seq11,r_134_12_10,r_134_12_10,0.5,70,80,10,86
46,r_52_76_32,seq49,seq69,r_52_76_32,0.83,17,49,32,86
75,seq49,seq47,r_68_51_122,r_68_51_122,0.85,-6,116,122,86
22,r_3_60_18,r_0_62_50,r_61_73_170,r_61_73_170,1.0,-152,18,170,86
4,r_79_117_21,r_78_93_136,seq123,r_79_117_21,0.82,0,21,21,86
9,r_42_122_83,r_43_2_87,r_66_129_45,r_43_2_87,0.95,-4,83,87,86
28,r_114_141_173,r_66_129_45,r_126_139_67,r_114_141_173,0.99,-5,168,173,86
28,r_114_141_173,r_115_149_100,r_66_129_45,r_114_141_173,0.87,-73,100,173,86
80,seq65,r_66_129_45,seq63,r_66_129_45,0.96,0,45,45,86
49,r_33_50_158,seq34,r_68_51_122,r_33_50_158,0.57,0,158,158,86
7,r_100_120_121,r_94_40_147,r_42_122_83,r_94_40_147,1.0,-26,121,147,86
12,r_145_77_94,seq146,r_52_76_32,r_145_77_94,1.0,0,94,94,86
84,seq74,r_68_51_122,r_145_77_94,r_145_77_94,1.0,13,107,94,86
23,r_82_37_52,seq83,seq34,r_82_37_52,1.0,0,52,52,87
24,r_38_126_35,seq43,r_124_61_97,r_38_126_35,1.0,1,36,35,87
24,r_38_126_35,r_116_84_128,r_89_125_113,r_38_126_35,0.94,85,120,35,87
9,r_73_20_37,r_21_92_167,r_28_19_55,r_21_92_167,1.0,0,167,167,87
14,r_51_4_71,seq53,seq2,r_51_4_71,1.0,0,71,71,87
5,r_115_72_22,r_116_84_128,seq75,r_115_72_22,0.96,0,22,22,87
16,r_1_25_58,seq5,seq23,r_1_25_58,0.69,5,63,58,87
18,r_81_52_50,r_82_37_52,seq53,r_81_52_50,0.96,0,50,50,87
97,seq112,r_113_36_155,seq111,r_113_36_155,0.54,1,156,155,87
11,r_71_48_56,r_7_46_1,r_114_50_79,r_114_50_79,0.99,13,92,79,87
46,r_27_102_174,seq23,r_88_106_5,r_27_102_174,0.68,2,176,174,87
42,r_110_79_190,seq109,r_116_84_128,r_116_84_128,0.97,62,190,128,87
24,r_38_126_35,r_124_61_97,r_116_84_128,r_124_61_97,1.0,0,97,97,87
19,r_114_50_79,r_113_36_155,r_95_49_27,r_114_50_79,1.0,0,79,79,87
13,r_13_30_166,seq5,r_86_14_25,r_86_14_25,1.0,9,34,25,87
95,seq109,r_110_79_190,r_127_136_51,r_110_79_190,0.38,0,190,190,87
39,r_21_92_167,r_26_60_149,r_73_20_37,r_73_20_37,1.0,0,37,37,87
39,r_21_92_167,r_73_20_37,r_116_84_128,r_21_92_167,0.86,0,167,167,87
31,r_144_70_132,r_143_101_197,seq69,r_144_70_132,0.89,0,132,132,87
94,seq107,seq104,r_133_108_47,r_133_108_47,0.99,2,49,47,87
10,r_113_36_155,seq112,r_82_37_52,r_113_36_155,0.62,0,155,155,87
20,r_86_14_25,r_94_15_196,r_13_30_166,r_86_14_25,1.0,0,25,25,87
26,r_26_60_149,r_27_102_174,r_124_61_97,r_26_60_149,0.75,0,149,149,87
0,r_116_84_128,seq117,seq83,r_116_84_128,0.92,2,130,128,87
30,r_8_130_12,r_26_60_149,seq129,r_8_130_12,0.79,-1,11,12,87
15,r_3_33_80,seq5,seq34,r_3_33_80,1.0,0,80,80,87
48,r_66_55_65,r_67_63_62,seq56,r_66_55_65,1.0,0,65,65,87
57,seq10,r_11_65_182,r_86_14_25,r_86_14_25,0.82,157,182,25,87
13,r_13_30_166,r_86_14_25,seq31,r_13_30_166,0.61,-1,165,166,87
6,r_149_87_133,r_148_12_142,seq90,r_149_87_133,0.6,1,134,133,87
17,r_124_61_97,r_38_126_35,r_67_63_62,r_124_61_97,0.99,0,97,97,87
9,r_73_20_37,r_71_48_56,r_21_92_167,r_73_20_37,1.0,-2,35,37,87
27,r_11_65_182,seq10,seq64,r_11_65_182,0.73,0,182,182,87
11,r_71_48_56,r_74_80_181,r_7_46_1,r_71_48_56,1.0,1,57,56,87
47,r_9_123_145,r_11_65_182,r_91_118_46,r_9_123_145,0.81,2,147,145,87
36,r_91_118_46,r_94_15_196,seq117,r_91_118_46,1.0,0,46,46,87
40,r_148_12_142,seq142,r_86_14_25,r_148_12_142,0.59,1,143,142,87
17,r_124_61_97,r_127_136_51,r_38_126_35,r_38_126_35,1.0,8,43,35,87
25,r_44_76_114,seq45,r_115_72_22,r_44_76_114,0.97,0,114,114,87
33,r_7_46_1,seq45,r_97_47_87,r_97_47_87,1.0,13,100,87,87
44,r_95_49_27,r_94_15_196,seq56,r_95_49_27,0.9,0,27,27,87
20,r_86_14_25,r_13_30_166,r_148_12_142,r_148_12_142,0.87,27,169,142,87
38,r_119_57_171,seq120,seq59,r_119_57_171,0.69,0,171,171,87
34,r_28_19_55,r_26_60_149,seq18,r_26_60_149,1.0,-84,65,149,87
4,r_54_140_38,seq53,seq142,r_54_140_38,1.0,0,38,38,87
29,r_133_108_47,seq131,seq107,r_133_108_47,0.94,1,48,47,87
7,r_128_40_57,r_127_136_51,seq43,r_128_40_57,1.0,-1,56,57,87
28,r_89_125_113,r_94_15_196,r_38_126_35,r_89_125_113,0.94,1,114,113,87
49,r_97_47_87,r_98_135_178,r_7_46_1,r_97_47_87,0.99,0,87,87,87
1,r_145_105_20,r_149_87_133,r_88_106_5,r_145_105_20,0.99,0,20,20,87
79,seq59,r_58_0_163,r_114_50_79,r_114_50_79,1.0,84,163,79,87
12,r_58_0_163,seq59,seq2,r_58_0_163,0.66,1,164,163,87
23,r_82_37_52,seq34,r_113_36_155,r_113_36_155,1.0,10,165,155,87
2,r_127_136_51,r_128_40_57,seq137,r_128_40_57,1.0,-12,45,57,87
2,r_54_43_86,r_45_61_148,r_26_24_146,r_45_61_148,0.55,0,148,148,88
14,r_113_124_10,r_127_141_166,r_136_125_167,r_136_125_167,0.76,4,171,167,88
43,r_148_52_73,r_147_109_102,r_116_51_4,r_148_52_73,1.0,0,73,73,88
30,r_137_9_18,r_136_125_167,seq10,r_137_9_18,1.0,0,18,18,88
83,seq85,r_86_102_109,r_146_84_60,r_146_84_60,1.0,57,117,60,88
37,r_89_20_192,r_88_14_180,r_65_90_15,r_89_20_192,0.47,-12,180,192,88
15,r_136_125_167,seq138,r_113_124_10,r_136_125_167,0.68,4,171,167,88
55,seq133,r_134_8_141,seq138,r_134_8_141,0.88,0,141,141,88
16,r_58_81_185,seq56,r_6_82_57,r_6_82_57,0.96,128,185,57,88
39,r_55_110_93,r_58_81_185,r_17_104_42,r_55_110_93,0.74,0,93,93,88
1,r_34_60_25,r_38_27_104,seq59,r_34_60_25,0.96,-7,18,25,88
0,r_147_109_102,r_129_143_45,r_55_110_93,r_147_109_102,0.94,0,102,102,88
5,r_88_14_180,r_89_20_192,seq31,r_89_20_192,0.4,-12,180,192,88
46,r_40_16_82,r_38_27_104,seq15,r_40_16_82,0.85,2,84,82,88
42,r_45_61_148,seq32,r_54_43_86,r_54_43_86,0.63,3,89,86,88
77,seq63,r_54_43_86,r_99_64_32,r_99_64_32,0.88,9,41,32,88
45,r_127_141_166,seq123,seq142,r_127_141_166,0.49,-11,155,166,88
13,r_121_67_51,r_113_124_10,r_99_64_32,r_121_67_51,0.99,0,51,51,88
57,seq10,seq12,r_137_9_18,r_137_9_18,1.0,6,24,18,88
99,seq123,seq119,r_46_122_26,r_46_122_26,0.99,33,59,26,88
76,seq62,r_54_43_86,seq63,r_54_43_86,0.86,0,86,86,88
31,r_135_106_136,r_134_8_141,seq105,r_135_106_136,0.87,0,136,136,88
41,r_139_72_142,seq142,seq73,r_139_72_142,0.97,0,142,142,88
67,seq32,r_33_25_123,seq31,r_33_25_123,1.0,3,126,123,88
89,seq101,r_100_13_186,r_135_106_136,r_135_106_136,0.98,50,186,136,88
28,r_17_104_42,r_18_111_133,seq103,r_17_104_42,0.89,0,42,42,88
48,r_65_90_15,r_54_43_86,seq87,r_65_90_15,0.81,0,15,15,88
90,seq103,r_100_13_186,r_17_104_42,r_17_104_42,1.0,22,64,42,88
72,seq47,r_48_80_92,r_79_50_6,r_48_80_92,1.0,0,92,92,88
0,r_147_109_102,r_148_52_73,r_129_143_45,r_148_52_73,0.88,0,73,73,88
11,r_19_57_111,seq28,seq56,r_19_57_111,0.88,2,113,111,88
20,r_38_27_104,seq39,seq28,r_38_27_104,0.91,11,115,104,88
15,r_136_125_167,r_134_8_141,seq138,r_134_8_141,0.59,-3,138,141,88
13,r_121_67_51,r_99_64_32,r_126_66_128,r_126_66_128,1.0,9,137,128,88
8,r_6_82_57,r_5_114_162,r_118_78_1,r_6_82_57,1.0,0,57,57,88
6,r_21_71_59,r_22_131_137,seq70,r_21_71_59,1.0,0,59,59,88
2,r_54_43_86,r_26_24_146,r_2_44_118,r_54_43_86,0.51,84,170,86,88
10,r_99_64_32,seq63,r_126_66_128,r_126_66_128,1.0,36,164,128,88
27,r_126_66_128,r_127_141_166,r_121_67_51,r_127_141_166,0.82,-37,129,166,88
34,r_149_37_33,r_148_52_73,seq36,r_149_37_33,0.96,0,33,33,88
2,r_54_43_86,seq59,r_45_61_148,r_54_43_86,0.64,7,93,86,88
47,r_86_102_109,seq85,r_55_110_93,r_55_110_93,1.0,24,117,93,88
40,r_33_25_123,seq32,r_26_24_146,r_33_25_123,0.8,3,126,123,88
18,r_91_145_65,seq87,seq144,r_91_145_65,1.0,9,74,65,88
25,r_116_51_4,r_54_43_86,r_148_52_73,r_148_52_73,1.0,13,86,73,88
33,r_22_131_137,seq23,seq132,r_22_131_137,0.97,0,137,137,88
3,r_129_143_45,seq130,seq144,r_129_143_45,0.95,6,51,45,88
44,r_46_122_26,r_45_61_148,seq123,r_46_122_26,1.0,1,27,26,88
10,r_99_64_32,r_100_13_186,seq63,r_99_64_32,1.0,0,32,32,88
74,seq59,r_54_43_86,r_34_60_25,r_54_43_86,0.86,-29,57,86,88
32,r_74_108_182,seq73,r_147_109_102,r_147_109_102,1.0,83,185,102,88
38,r_98_53_164,seq97,r_148_52_73,r_98_53_164,0.51,0,164,164,88
76,seq62,seq63,r_45_61_148,r_45_61_148,0.81,9,157,148,88
75,seq138,r_139_72_142,seq142,r_139_72_142,1.0,0,142,142,88
8,r_6_82_57,r_118_78_1,r_49_83_76,r_49_83_76,1.0,20,96,76,88
60,seq15,r_18_111_133,r_40_16_82,r_18_111_133,0.68,-53,80,133,88
61,seq144,r_147_109_102,r_129_143_45,r_147_109_102,0.72,-45,57,102,88
22,r_68_96_11,r_54_43_86,seq97,r_68_96_11,0.65,2,13,11,88
7,r_11_1_114,seq12,seq0,r_11_1_114,0.57,2,116,114,88
23,r_75_41_159,seq76,seq42,r_75_41_159,0.78,0,159,159,88
42,r_45_61_148,r_54_43_86,seq62,r_45_61_148,0.95,0,148,148,88
79,seq70,seq69,r_21_71_59,r_21_71_59,1.0,33,92,59,88
35,r_49_83_76,r_48_80_92,r_6_82_57,r_6_82_57,0.97,19,76,57,88
12,r_5_114_162,seq4,seq115,r_5_114_162,0.93,0,162,162,88
30,r_103_125_106,seq104,seq123,r_103_125_106,0.84,6,112,106,89
8,r_82_105_78,seq84,seq104,r_82_105_78,0.94,0,78,78,89
26,r_29_128_37,r_30_142_191,seq132,r_29_128_37,1.0,0,37,37,89
20,r_89_102_41,r_93_133_130,seq104,r_89_102_41,0.92,-2,39,41,89
37,r_7_83_52,seq8,seq84,r_7_83_52,1.0,-1,51,52,89
86,seq84,r_85_78_158,r_7_83_52,r_7_83_52,1.0,106,158,52,89
16,r_4_106_170,seq3,r_121_109_82,r_4_106_170,0.86,0,170,170,89
21,r_5_56_64,seq8,seq57,r_5_56_64,0.99,1,65,64,89
39,r_40_50_22,r_49_9_184,r_127_47_60,r_127_47_60,1.0,124,184,60,89
22,r_95_71_35,seq96,seq75,r_95_71_35,1.0,0,35,35,89
5,r_54_70_80,seq57,seq75,r_54_70_80,1.0,0,80,80,89
46,r_60_44_88,seq61,seq46,r_60_44_88,1.0,2,90,88,89
41,r_136_112_39,seq129,seq111,r_136_112_39,0.85,-2,37,39,89
13,r_16_88_105,r_130_94_108,r_120_86_156,r_16_88_105,0.54,60,165,105,89
11,r_120_86_156,seq119,r_16_88_105,r_120_86_156,0.72,4,160,156,89
76,seq48,r_49_9_184,r_127_47_60,r_127_47_60,1.0,106,166,60,89
31,r_117_52_173,seq111,seq119,r_117_52_173,0.73,-112,61,173,89
10,r_55_114_172,seq57,r_136_112_39,r_55_114_172,0.57,0,172,172,89
4,r_121_109_82,r_120_86_156,seq107,r_121_109_82,0.59,3,85,82,89
0,r_93_133_130,seq91,seq132,r_93_133_130,0.79,6,136,130,89
11,r_120_86_156,r_121_109_82,seq119,r_120_86_156,0.71,-71,85,156,89
68,seq31,r_32_138_87,r_72_33_9,r_72_33_9,0.59,1,10,9,89
12,r_11_108_50,r_10_6_17,seq107,r_11_108_50,1.0,0,50,50,89
13,r_16_88_105,seq14,r_87_41_116,r_16_88_105,0.42,0,105,105,89
36,r_58_90_53,r_54_70_80,seq91,r_58_90_53,1.0,1,54,53,89
85,seq79,r_77_113_138,r_85_78_158,r_77_113_138,1.0,0,138,138,89
15,r_141_63_43,r_140_27_56,seq61,r_141_63_43,0.99,0,43,43,89
27,r_13_35_90,seq14,seq34,r_13_35_90,0.99,0,90,90,89
87,seq91,r_92_146_76,r_58_90_53,r_58_90_53,0.68,16,69,53,89
7,r_87_41_116,r_16_88_105,seq39,r_87_41_116,0.84,0,116,116,89
2,r_127_47_60,seq132,seq48,r_127_47_60,1.0,1,61,60,89
47,r_76_24_68,seq75,seq22,r_76_24_68,1.0,0,68,68,89
48,r_80_74_47,r_62_81_1,seq75,r_80_74_47,0.94,-2,45,47,89
40,r_139_149_86,r_148_126_137,seq144,r_148_126_137,0.57,-16,121,137,89
29,r_49_9_184,r_40_50_22,r_10_6_17,r_49_9_184,0.19,0,184,184,89
18,r_19_53_19,seq17,seq57,r_19_53_19,0.92,0,19,19,89
33,r_145_36_117,seq143,r_13_35_90,r_145_36_117,0.97,0,117,117,89
58,seq14,r_12_110_169,seq8,r_12_110_169,0.98,0,169,169,89
44,r_148_126_137,r_139_149_86,r_103_125_106,r_148_126_137,0.51,1,138,137,89
32,r_116_67_58,seq111,seq68,r_116_67_58,1.0,2,60,58,89
38,r_92_146_76,seq91,seq144,r_92_146_76,0.92,-3,73,76,89
52,seq3,r_4_106_170,r_147_23_99,r_147_23_99,0.96,71,170,99,89
34,r_131_100_70,r_130_94_108,seq96,r_131_100_70,0.76,-5,65,70,89
13,r_16_88_105,r_87_41_116,r_130_94_108,r_87_41_116,0.83,0,116,116,89
17,r_147_23_99,r_148_126_137,r_76_24_68,r_147_23_99,0.7,0,99,99,89
43,r_97_122_26,r_95_71_35,seq124,r_95_71_35,0.91,-10,25,35,89
31,r_117_52_173,seq119,r_5_56_64,r_117_52_173,0.55,0,173,173,89
1,r_62_81_1,r_80_74_47,seq84,r_80_74_47,0.58,-6,41,47,89
28,r_32_138_87,seq31,seq132,r_32_138_87,0.99,3,90,87,89
49,r_45_101_114,seq46,r_121_109_82,r_45_101_114,0.99,0,114,114,89
3,r_140_27_56,r_139_149_86,seq25,r_140_27_56,1.0,0,56,56,89
7,r_87_41_116,r_117_52_173,r_16_88_105,r_16_88_105,0.69,1,106,105,89
44,r_148_126_137,r_147_23_99,r_139_149_86,r_147_23_99,1.0,-1,98,99,89
35,r_15_28_71,r_16_88_105,seq25,r_16_88_105,0.91,-62,43,105,89
23,r_12_110_169,seq14,r_121_109_82,r_12_110_169,0.92,0,169,169,89
30,r_118_135_93,seq121,r_66_136_62,r_118_135_93,1.0,0,93,93,90
36,r_142_84_80,seq134,r_83_74_180,r_142_84_80,0.75,-1,79,80,90
2,r_2_71_190,seq0,r_12_72_124,r_2_71_190,0.84,0,190,190,90
9,r_138_69_74,r_68_14_155,seq63,r_68_14_155,1.0,1,156,155,90
54,seq134,r_133_54_47,seq140,r_133_54_47,1.0,-2,45,47,90
14,r_146_56_69,r_147_51_127,r_58_127_186,r_146_56_69,0.88,0,69,69,90
53,seq5,r_8_55_174,r_88_9_81,r_88_9_81,0.99,93,174,81,90
43,r_25_75_60,r_27_45_181,seq76,r_25_75_60,1.0,1,61,60,90
37,r_147_51_127,r_145_111_178,r_50_52_112,r_147_51_127,0.99,0,127,127,90
59,seq143,r_147_51_127,r_34_149_84,r_34_149_84,0.48,42,126,84,90
10,r_141_3_10,r_133_54_47,r_4_139_187,r_141_3_10,0.98,0,10,10,90
71,seq47,r_48_125_113,seq46,r_48_125_113,0.96,-20,93,113,90
16,r_88_9_81,r_91_131_125,r_114_7_7,r_88_9_81,0.89,0,81,81,90
21,r_96_38_128,seq104,r_39_70_191,r_96_38_128,0.99,2,130,128,90
39,r_1_37_159,r_2_71_190,r_96_38_128,r_1_37_159,0.73,0,159,159,90
1,r_11_26_77,r_27_45_181,r_59_36_29,r_27_45_181,0.98,2,183,181,90
1,r_11_26_77,r_12_72_124,r_27_45_181,r_12_72_124,0.6,-41,83,124,90
4,r_144_105_48,r_146_56_69,seq104,r_144_105_48,0.91,0,48,48,90
5,r_39_70_191,seq28,r_96_38_128,r_96_38_128,1.0,10,138,128,90
46,r_64_85_129,seq67,r_142_84_80,r_142_84_80,0.94,51,131,80,90
42,r_16_106_111,r_17_20_51,r_144_105_48,r_16_106_111,0.97,0,111,111,90
32,r_58_127_186,r_146_56_69,r_48_125_113,r_146_56_69,0.55,117,186,69,90
45,r_27_45_181,r_25_75_60,r_11_26_77,r_25_75_60,0.97,1,61,60,90
72,seq53,r_57_107_122,r_133_54_47,r_133_54_47,0.95,0,47,47,90
50,seq0,r_2_71_190,r_141_3_10,r_141_3_10,1.0,0,10,10,90
41,r_48_125_113,seq47,seq128,r_48_125_113,0.93,0,113,113,90
26,r_57_107_122,r_58_127_186,r_16_106_111,r_57_107_122,0.95,0,122,122,90
14,r_146_56_69,r_58_127_186,r_133_54_47,r_58_127_186,0.86,0,186,186,90
0,r_91_131_125,r_90_101_177,seq130,r_91_131_125,0.87,0,125,125,90
15,r_22_92_120,seq23,seq93,r_22_92_120,0.96,1,121,120,90
48,r_68_14_155,r_62_15_123,r_138_69_74,r_68_14_155,0.65,-82,73,155,90
57,seq140,r_138_69_74,seq137,r_138_69_74,1.0,-11,63,74,90
12,r_35_49_147,r_59_36_29,seq47,r_35_49_147,0.98,0,147,147,90
13,r_59_36_29,r_35_49_147,seq33,r_35_49_147,1.0,0,147,147,90
6,r_12_72_124,seq13,seq95,r_12_72_124,0.79,1,125,124,90
13,r_59_36_29,r_57_107_122,r_35_49_147,r_59_36_29,0.99,0,29,29,90
10,r_141_3_10,r_4_139_187,seq0,r_4_139_187,0.74,-14,173,187,90
31,r_4_139_187,seq0,r_141_3_10,r_141_3_10,1.0,0,10,10,90
12,r_35_49_147,r_34_149_84,r_59_36_29,r_59_36_29,0.55,-1,28,29,90
2,r_2_71_190,r_1_37_159,seq0,r_1_37_159,0.94,0,159,159,90
40,r_61_43_91,seq60,seq42,r_61_43_91,1.0,2,93,91,90
18,r_145_111_178,r_147_51_127,r_34_149_84,r_145_111_178,0.95,-86,92,178,90
29,r_34_149_84,r_30_132_197,r_145_111_178,r_34_149_84,0.99,0,84,84,90
24,r_62_15_123,r_64_85_129,seq21,r_62_15_123,0.93,0,123,123,90
48,r_68_14_155,r_138_69_74,r_17_20_51,r_138_69_74,0.67,82,156,74,90
54,seq134,seq140,r_66_136_62,r_66_136_62,0.89,20,82,62,90
3,r_133_54_47,seq134,seq53,r_133_54_47,1.0,0,47,47,90
35,r_65_102_27,r_62_15_123,seq103,r_62_15_123,0.66,-94,29,123,90
32,r_58_127_186,r_57_107_122,r_146_56_69,r_146_56_69,0.98,0,69,69,90
38,r_31_24_149,r_30_132_197,seq23,r_31_24_149,0.59,0,149,149,90
71,seq47,seq46,r_35_49_147,r_35_49_147,0.99,9,156,147,90
34,r_89_120_65,r_91_131_125,seq119,r_89_120_65,0.79,0,65,65,90
47,r_32_40_59,r_31_24_149,seq41,r_32_40_59,1.0,0,59,59,90
45,r_27_45_181,r_11_26_77,seq44,r_11_26_77,0.63,104,181,77,90
9,r_138_69_74,seq140,r_68_14_155,r_138_69_74,1.0,-1,73,74,90
31,r_4_139_187,r_141_3_10,seq137,r_141_3_10,0.67,177,187,10,90
29,r_34_149_84,r_145_111_178,r_10_148_151,r_10_148_151,0.98,11,162,151,90
28,r_6_97_142,r_8_55_174,seq104,r_6_97_142,0.79,1,143,142,90
49,r_90_101_177,seq93,seq98,r_90_101_177,0.31,7,184,177,90
7,r_66_136_62,r_62_15_123,seq134,r_66_136_62,1.0,0,62,62,90
18,r_145_111_178,r_34_149_84,r_115_110_199,r_115_110_199,0.8,-19,180,199,90
44,r_83_74_180,r_86_100_157,r_142_84_80,r_142_84_80,1.0,-1,79,80,90
23,r_30_132_197,r_31_24_149,seq28,r_31_24_149,0.59,0,149,149,90
36,r_23_135_72,r_22_138_145,seq136,r_23_135_72,0.51,1,73,72,91
14,r_120_101_63,seq121,seq102,r_120_101_63,1.0,0,63,63,91
8,r_108_129_152,r_109_149_192,r_9_124_123,r_9_124_123,1.0,41,164,123,91
43,r_70_15_114,seq71,seq13,r_70_15_114,0.98,0,114,114,91
83,seq80,r_81_6_92,r_91_84_17,r_81_6_92,0.88,0,92,92,91
37,r_17_49_165,r_53_19_2,seq47,r_17_49_165,0.76,0,165,165,91
39,r_57_122_116,r_58_139_162,seq128,r_57_122_116,0.99,0,116,116,91
97,seq121,r_123_77_156,seq130,r_123_77_156,1.0,-20,136,156,91
5,r_132_41_170,seq130,r_89_43_91,r_132_41_170,0.74,0,170,170,91
46,r_12_69_113,seq11,r_72_68_130,r_12_69_113,0.96,1,114,113,91
19,r_117_32_117,r_116_52_141,seq34,r_117_32_117,0.91,0,117,117,91
66,seq42,seq39,r_89_43_91,r_89_43_91,1.0,54,145,91,91
41,r_1_88_179,r_4_140_127,r_8_38_138,r_4_140_127,0.59,4,131,127,91
3,r_133_20_94,seq136,seq21,r_133_20_94,0.96,0,94,94,91
10,r_65_25_139,seq66,seq26,r_65_25_139,0.84,1,140,139,91
90,seq102,r_99_137_171,r_120_101_63,r_120_101_63,1.0,109,172,63,91
26,r_109_149_192,r_108_129_152,r_131_110_134,r_131_110_134,0.52,30,164,134,91
72,seq51,seq48,r_79_50_69,r_79_50_69,1.0,1,70,69,91
78,seq130,r_132_41_170,r_9_124_123,r_9_124_123,0.86,47,170,123,91
63,seq34,r_31_90_188,r_117_32_117,r_117_32_117,1.0,15,132,117,91
11,r_99_137_171,seq102,r_22_138_145,r_99_137_171,0.55,1,172,171,91
20,r_62_33_191,r_65_25_139,r_100_63_126,r_65_25_139,0.76,-12,127,139,91
41,r_1_88_179,r_8_38_138,seq87,r_1_88_179,0.98,4,183,179,91
15,r_22_138_145,seq21,r_73_134_56,r_22_138_145,0.73,0,145,145,91
48,r_58_139_162,seq56,r_22_138_145,r_58_139_162,0.61,0,162,162,91
6,r_75_111_74,r_81_6_92,seq114,r_75_111_74,1.0,0,74,74,91
7,r_81_6_92,seq2,r_8_38_138,r_81_6_92,0.53,36,128,92,91
45,r_54_27_49,seq55,seq28,r_54_27_49,0.97,-2,47,49,91
28,r_24_115_38,seq26,r_116_52_141,r_24_115_38,1.0,0,38,38,91
42,r_106_83_13,r_99_137_171,seq82,r_106_83_13,0.66,0,13,13,91
2,r_4_140_127,seq2,r_7_147_8,r_4_140_127,0.91,0,127,127,91
40,r_85_148_132,seq86,r_4_140_127,r_85_148_132,0.87,1,133,132,91
29,r_116_52_141,r_117_32_117,r_24_115_38,r_24_115_38,0.81,35,73,38,91
24,r_98_113_106,r_99_137_171,seq114,r_98_113_106,1.0,0,106,106,91
25,r_100_63_126,r_99_137_171,r_62_33_191,r_99_137_171,0.67,-44,127,171,91
33,r_123_77_156,seq128,seq76,r_123_77_156,0.56,1,157,156,91
32,r_107_29_73,r_98_113_106,seq28,r_107_29_73,1.0,-2,71,73,91
4,r_112_5_43,seq114,seq2,r_112_5_43,1.0,1,44,43,91
21,r_73_134_56,r_65_25_139,seq136,r_73_134_56,1.0,0,56,56,91
34,r_89_43_91,seq86,seq42,r_89_43_91,1.0,0,91,91,91
75,seq61,r_60_35_177,seq55,r_60_35_177,0.68,5,182,177,91
60,seq21,r_22_138_145,r_133_20_94,r_133_20_94,0.79,51,145,94,91
17,r_64_105_61,r_65_25_139,seq103,r_64_105_61,0.63,1,62,61,91
15,r_22_138_145,r_73_134_56,r_58_139_162,r_22_138_145,0.44,24,169,145,91
28,r_24_115_38,r_116_52_141,seq119,r_116_52_141,1.0,1,142,141,91
29,r_116_52_141,r_24_115_38,seq51,r_116_52_141,1.0,1,142,141,91
22,r_9_124_123,r_8_38_138,seq125,r_9_124_123,0.98,1,124,123,91
49,r_94_96_172,seq95,r_126_93_41,r_126_93_41,1.0,11,52,41,91
7,r_81_6_92,seq80,seq2,r_81_6_92,0.59,2,94,92,91
44,r_79_50_69,r_81_6_92,seq51,r_79_50_69,1.0,2,71,69,91
84,seq82,r_81_6_92,r_91_84_17,r_81_6_92,0.91,-41,51,92,91
23,r_8_38_138,seq11,seq39,r_8_38_138,0.55,6,144,138,91
30,r_126_93_41,seq128,r_94_96_172,r_126_93_41,1.0,0,41,41,91
35,r_31_90_188,seq34,seq86,r_31_90_188,0.39,0,188,188,91
38,r_91_84_17,r_89_43_91,seq82,r_91_84_17,0.88,1,18,17,91
12,r_16_3_184,seq13,r_112_5_43,r_112_5_43,1.0,141,184,43,91
40,r_18_11_98,seq9,r_119_10_157,r_119_10_157,1.0,5,162,157,92
14,r_59_131_127,r_57_23_192,seq133,r_59_131_127,1.0,0,127,127,92
8,r_149_1_112,seq148,r_38_19_71,r_149_1_112,1.0,0,112,112,92
43,r_0_39_103,r_18_11_98,r_40_117_175,r_0_39_103,0.66,-2,101,103,92
37,r_20_27_132,r_18_11_98,r_38_19_71,r_38_19_71,0.94,30,101,71,92
21,r_83_138_188,r_84_54_86,r_60_82_24,r_83_138_188,0.56,-102,86,188,92
1,r_72_13_60,r_80_88_107,seq14,r_72_13_60,1.0,1,61,60,92
39,r_105_48_18,seq103,seq45,r_105_48_18,1.0,0,18,18,92
43,r_0_39_103,r_40_117_175,seq31,r_40_117_175,0.93,-16,159,175,92
45,r_94_115_170,seq93,seq113,r_94_115_170,0.62,0,170,170,92
19,r_30_120_120,seq31,r_7_121_43,r_30_120_120,0.84,0,120,120,92
15,r_38_19_71,r_20_27_132,r_50_15_100,r_38_19_71,0.85,62,133,71,92
95,seq103,r_106_76_82,r_46_104_44,r_46_104_44,0.78,43,87,44,92
78,seq68,seq78,r_4_67_143,r_4_67_143,0.73,1,144,143,92
31,r_24_123_87,seq25,r_122_53_148,r_24_123_87,0.99,0,87,87,92
41,r_124_145_64,r_122_53_148,r_37_147_30,r_124_145_64,1.0,0,64,64,92
3,r_17_141_93,r_18_11_98,r_86_142_58,r_17_141_93,0.97,0,93,93,92
10,r_40_117_175,r_41_127_91,r_0_39_103,r_40_117_175,0.87,-84,91,175,92
4,r_86_142_58,seq93,r_149_1_112,r_86_142_58,0.95,4,62,58,92
0,r_116_71_163,seq113,r_36_70_76,r_36_70_76,1.0,86,162,76,92
63,seq31,r_30_120_120,r_32_34_176,r_30_120_120,1.0,0,120,120,92
11,r_21_98_65,r_20_27_132,r_73_96_8,r_21_98_65,1.0,1,66,65,92
98,seq113,r_114_143_155,r_94_115_170,r_94_115_170,0.61,-4,166,170,92
37,r_20_27_132,r_38_19_71,seq28,r_20_27_132,0.73,1,133,132,92
15,r_38_19_71,r_41_127_91,r_20_27_132,r_38_19_71,1.0,0,71,71,92
48,r_108_56_125,r_106_76_82,r_102_22_185,r_108_56_125,0.3,-38,87,125,92
16,r_140_85_46,seq146,r_64_90_13,r_140_85_46,0.72,1,47,46,92
26,r_37_147_30,r_40_117_175,seq148,r_37_147_30,0.96,0,30,30,92
21,r_83_138_188,r_60_82_24,r_101_136_173,r_83_138_188,0.4,0,188,188,92
2,r_60_82_24,r_83_138_188,r_80_88_107,r_80_88_107,0.73,81,188,107,92
99,seq126,seq113,r_61_125_114,r_61_125_114,1.0,35,149,114,92
36,r_7_121_43,seq113,r_30_120_120,r_30_120_120,1.0,42,162,120,92
10,r_40_117_175,r_0_39_103,r_107_112_110,r_40_117_175,0.92,0,175,175,92
27,r_122_53_148,seq113,seq52,r_122_53_148,0.87,0,148,148,92
4,r_86_142_58,r_149_1_112,r_17_141_93,r_86_142_58,0.79,53,111,58,92
47,r_41_127_91,r_40_117_175,seq129,r_41_127_91,0.99,0,91,91,92
40,r_18_11_98,r_17_141_93,seq9,r_17_141_93,0.91,1,94,93,92
18,r_12_144_151,r_2_6_66,r_18_11_98,r_12_144_151,0.34,-50,101,151,92
29,r_80_88_107,seq78,seq89,r_80_88_107,0.79,2,109,107,92
25,r_102_22_185,seq103,r_38_19_71,r_38_19_71,0.69,114,185,71,92
33,r_50_15_100,r_49_128_193,r_38_19_71,r_49_128_193,1.0,-91,102,193,92
32,r_3_109_174,r_2_6_66,r_73_96_8,r_2_6_66,0.55,108,174,66,92
38,r_119_10_157,seq113,r_18_11_98,r_119_10_157,0.85,0,157,157,92
5,r_64_90_13,seq62,seq91,r_64_90_13,0.97,0,13,13,92
34,r_106_76_82,seq103,seq75,r_106_76_82,0.54,5,87,82,92
2,r_60_82_24,r_59_131_127,r_83_138_188,r_60_82_24,0.99,1,25,24,92
35,r_46_104_44,seq47,seq103,r_46_104_44,1.0,0,44,44,92
48,r_108_56_125,r_102_22_185,r_134_55_89,r_108_56_125,1.0,1,126,125,92
17,r_4_67_143,r_2_6_66,seq68,r_4_67_143,0.99,0,143,143,92
9,r_134_55_89,seq139,seq58,r_134_55_89,0.99,0,89,89,92
31,r_24_123_87,r_122_53_148,r_7_121_43,r_122_53_148,1.0,0,148,148,92
22,r_114_143_155,seq113,r_12_144_151,r_12_144_151,0.75,11,162,151,92
36,r_7_121_43,r_4_67_143,seq113,r_7_121_43,1.0,0,43,43,92
56,seq14,r_20_27_132,r_38_19_71,r_38_19_71,0.93,33,104,71,92
7,r_36_70_76,seq33,r_106_76_82,r_36_70_76,1.0,1,77,76,92
79,seq69,seq78,r_106_76_82,r_106_76_82,0.98,65,147,82,92
12,r_101_136_173,seq99,r_16_135_12,r_16_135_12,0.62,163,175,12,92
18,r_12_144_151,r_18_11_98,r_17_141_93,r_12_144_151,0.99,1,152,151,92
30,r_28_96_170,seq32,r_104_94_92,r_104_94_92,1.0,88,180,92,93
12,r_139_146_87,seq148,r_105_145_118,r_105_145_118,0.99,9,127,118,93
36,r_39_59_159,seq38,r_123_69_56,r_123_69_56,0.95,103,159,56,93
14,r_36_51_64,seq37,seq52,r_36_51_64,1.0,1,65,64,93
37,r_10_71_134,r_16_20_161,seq70,r_16_20_161,0.71,-27,134,161,93
1,r_57_77_60,r_54_50_121,r_81_76_79,r_57_77_60,0.68,7,67,60,93
46,r_117_90_106,seq112,seq93,r_117_90_106,1.0,0,106,106,93
42,r_46_110_169,r_47_9_192,seq109,r_46_110_169,0.76,0,169,169,93
18,r_27_107_26,r_30_29_48,r_106_79_165,r_27_107_26,0.99,0,26,26,93
80,seq72,seq78,r_81_76_79,r_81_76_79,0.62,7,86,79,93
45,r_26_64_91,r_30_29_48,seq65,r_26_64_91,0.82,0,91,91,93
19,r_126_143_90,seq125,seq144,r_126_143_90,0.93,2,92,90,93
41,r_1_31_166,seq2,seq32,r_1_31_166,0.84,0,166,166,93
10,r_128_55_184,r_115_130_1,r_86_56_19,r_86_56_19,0.82,166,185,19,93
22,r_102_0_34,seq87,seq2,r_102_0_34,1.0,0,34,34,93
57,seq144,r_136_135_58,r_126_143_90,r_126_143_90,0.74,-32,58,90,93
44,r_105_145_118,seq109,r_139_146_87,r_105_145_118,0.94,1,119,118,93
61,seq25,r_21_13_186,r_124_24_17,r_124_24_17,1.0,1,18,17,93
73,seq52,r_54_50_121,r_36_51_64,r_36_51_64,1.0,5,69,64,93
96,seq121,r_119_4_174,r_129_120_43,r_129_120_43,1.0,1,44,43,93
20,r_84_118_131,r_82_53_182,r_114_116_102,r_84_118_131,0.92,2,133,131,93
15,r_74_85_136,seq72,r_95_80_75,r_95_80_75,0.88,67,142,75,93
48,r_18_73_85,r_21_13_186,r_11_75_77,r_21_13_186,1.0,-99,87,186,93
4,r_119_4_174,r_129_120_43,r_97_7_63,r_119_4_174,0.64,0,174,174,93
25,r_123_69_56,seq122,r_60_66_69,r_123_69_56,1.0,0,56,56,93
8,r_124_24_17,r_123_69_56,seq25,r_124_24_17,0.47,0,17,17,93
27,r_82_53_182,r_83_101_176,r_86_56_19,r_83_101_176,0.64,6,182,176,93
2,r_133_22_95,r_132_41_128,r_21_13_186,r_133_22_95,0.99,0,95,95,93
47,r_95_80_75,seq99,r_74_85_136,r_95_80_75,0.93,3,78,75,93
29,r_132_41_128,r_133_22_95,r_128_55_184,r_133_22_95,0.99,0,95,95,93
24,r_58_17_78,r_54_50_121,r_61_14_7,r_58_17_78,0.79,2,80,78,93
64,seq37,r_36_51_64,r_131_33_9,r_36_51_64,1.0,1,65,64,93
50,seq2,r_1_31_166,r_102_0_34,r_102_0_34,0.9,40,74,34,93
65,seq38,r_39_59_159,r_132_41_128,r_132_41_128,0.97,31,159,128,93
21,r_35_8_24,r_36_51_64,r_61_14_7,r_35_8_24,0.99,0,24,24,93
38,r_11_75_77,r_10_71_134,r_81_76_79,r_11_75_77,1.0,0,77,77,93
77,seq65,seq63,r_26_64_91,r_26_64_91,0.97,22,113,91,93
4,r_119_4_174,seq112,r_129_120_43,r_129_120_43,1.0,11,54,43,93
34,r_114_116_102,seq113,r_84_118_131,r_84_118_131,0.99,3,134,131,93
29,r_132_41_128,r_128_55_184,seq40,r_132_41_128,1.0,0,128,128,93
3,r_149_100_32,seq148,seq98,r_149_100_32,1.0,0,32,32,93
97,seq122,r_123_69_56,seq138,r_123_69_56,1.0,0,56,56,93
59,seq148,r_149_100_32,seq147,r_149_100_32,0.99,0,32,32,93
33,r_68_3_12,r_57_77_60,seq2,r_68_3_12,0.99,0,12,12,93
17,r_97_7_63,seq91,seq5,r_97_7_63,0.96,1,64,63,93
9,r_104_94_92,r_105_145_118,seq93,r_104_94_92,1.0,0,92,92,93
28,r_106_79_165,r_27_107_26,r_74_85_136,r_106_79_165,0.87,0,165,165,93
28,r_106_79_165,r_105_145_118,r_27_107_26,r_27_107_26,0.98,2,28,26,93
39,r_129_120_43,r_128_55_184,seq121,r_129_120_43,1.0,1,44,43,93
7,r_83_101_176,r_82_53_182,r_104_94_92,r_104_94_92,1.0,87,179,92,93
18,r_27_107_26,r_106_79_165,seq109,r_27_107_26,0.41,139,165,26,93
44,r_105_145_118,r_104_94_92,seq109,r_104_94_92,0.98,0,92,92,93
23,r_108_137_84,seq111,r_136_135_58,r_108_137_84,1.0,0,84,84,93
35,r_12_140_155,r_16_20_161,seq138,r_12_140_155,0.75,0,155,155,93
12,r_139_146_87,r_136_135_58,seq148,r_139_146_87,0.84,3,90,87,93
30,r_51_138_137,r_48_130_138,r_71_139_22,r_51_138_137,0.67,0,137,137,94
36,r_19_0_158,seq16,r_128_140_161,r_128_140_161,0.72,34,195,161,94
8,r_32_66_186,seq30,r_64_69_181,r_32_66_186,0.29,0,186,186,94
43,r_60_79_127,r_61_58_192,r_67_7_189,r_67_7_189,0.8,-44,145,189,94
76,seq63,r_64_69_181,r_115_65_15,r_115_65_15,0.98,14,29,15,94
54,seq129,r_128_140_161,r_76_127_79,r_76_127_79,0.99,82,161,79,94
37,r_149_113_97,r_148_33_198,seq109,r_149_113_97,0.7,0,97,97,94
3,r_71_139_22,r_137_42_160,r_51_138_137,r_71_139_22,0.68,140,162,22,94
3,r_71_139_22,r_70_25_31,r_137_42_160,r_71_139_22,0.99,0,22,22,94
16,r_28_135_140,seq24,seq136,r_28_135_140,0.9,1,141,140,94
21,r_31_108_177,seq30,seq109,r_31_108_177,0.64,0,177,177,94
39,r_128_140_161,seq129,seq143,r_128_140_161,0.6,0,161,161,94
46,r_2_80_114,r_3_147_191,r_77_81_99,r_2_80_114,0.99,1,115,114,94
7,r_47_38_61,r_44_11_171,seq40,r_47_38_61,0.44,-12,49,61,94
19,r_107_36_145,seq105,r_26_37_56,r_107_36_145,0.87,0,145,145,94
1,r_29_83_20,r_28_135_140,seq84,r_29_83_20,0.88,-1,19,20,94
11,r_67_7_189,r_104_68_17,r_123_22_187,r_123_22_187,0.67,2,189,187,94
45,r_26_37_56,r_27_53_167,seq45,r_26_37_56,1.0,-1,55,56,94
66,seq30,r_31_108_177,r_70_25_31,r_70_25_31,0.82,146,177,31,94
10,r_27_53_167,seq23,seq54,r_27_53_167,0.84,1,168,167,94
26,r_115_65_15,r_114_46_131,seq63,r_115_65_15,0.95,2,17,15,94
20,r_52_74_101,r_51_138_137,r_112_73_33,r_52_74_101,0.87,3,104,101,94
48,r_95_18_120,seq99,seq16,r_95_18_120,1.0,1,121,120,94
49,r_104_68_17,r_67_7_189,r_32_66_186,r_67_7_189,0.17,0,189,189,94
13,r_56_118_35,seq120,r_82_117_100,r_82_117_100,0.95,11,111,100,94
6,r_76_127_79,r_77_81_99,seq129,r_76_127_79,1.0,0,79,79,94
74,seq55,r_115_65_15,r_107_36_145,r_107_36_145,0.83,17,162,145,94
27,r_131_98_146,r_128_140_161,r_20_96_58,r_20_96_58,0.93,90,148,58,94
41,r_137_42_160,seq136,r_71_139_22,r_71_139_22,1.0,1,23,22,94
18,r_114_46_131,r_115_65_15,seq109,r_115_65_15,0.95,2,17,15,94
24,r_126_75_51,r_77_81_99,r_104_68_17,r_77_81_99,0.9,1,100,99,94
2,r_10_35_118,seq13,r_67_7_189,r_10_35_118,0.61,13,131,118,94
41,r_137_42_160,r_71_139_22,r_47_38_61,r_137_42_160,0.79,2,162,160,94
47,r_20_96_58,r_19_0_158,seq97,r_20_96_58,1.0,2,60,58,94
74,seq55,r_57_101_116,r_115_65_15,r_57_101_116,0.87,1,117,116,94
29,r_59_43_66,r_64_69_181,seq45,r_59_43_66,0.73,0,66,66,94
12,r_77_81_99,r_126_75_51,r_29_83_20,r_77_81_99,1.0,1,100,99,94
15,r_90_94_96,r_92_86_110,seq99,r_90_94_96,0.48,-43,53,96,94
25,r_12_116_59,seq13,r_128_140_161,r_12_116_59,0.96,10,69,59,94
33,r_64_69_181,seq63,r_104_68_17,r_104_68_17,0.99,168,185,17,94
28,r_124_72_174,r_134_125_89,r_52_74_101,r_134_125_89,0.62,85,174,89,94
13,r_56_118_35,r_57_101_116,seq120,r_56_118_35,0.97,0,35,35,94
11,r_67_7_189,r_71_139_22,r_104_68_17,r_67_7_189,0.85,-172,17,189,94
49,r_104_68_17,r_107_36_145,r_67_7_189,r_104_68_17,0.94,0,17,17,94
42,r_112_73_33,r_104_68_17,r_52_74_101,r_52_74_101,0.74,38,139,101,94
32,r_85_78_163,seq88,r_60_79_127,r_85_78_163,0.6,0,163,163,94
38,r_100_119_104,seq102,seq121,r_100_119_104,0.97,2,106,104,94
24,r_126_75_51,r_124_72_174,r_77_81_99,r_126_75_51,1.0,0,51,51,94
34,r_82_117_100,seq84,r_56_118_35,r_82_117_100,0.99,-1,99,100,94
5,r_34_133_91,r_71_139_22,r_114_46_131,r_34_133_91,0.5,-53,38,91,94
17,r_134_125_89,seq136,r_124_72_174,r_134_125_89,0.64,1,90,89,94
42,r_112_73_33,seq111,r_104_68_17,r_112_73_33,0.96,0,33,33,94
9,r_44_11_171,seq45,seq9,r_44_11_171,0.73,0,171,171,94
14,r_70_25_31,r_67_7_189,seq24,r_70_25_31,0.99,0,31,31,94
96,seq136,r_137_42_160,r_28_135_140,r_28_135_140,0.72,8,148,140,94
37,r_149_113_97,seq109,r_21_106_28,r_149_113_97,0.34,71,168,97,94
22,r_57_101_116,seq55,seq102,r_57_101_116,0.96,1,117,116,94
28,r_124_72_174,seq120,r_134_125_89,r_134_125_89,1.0,26,115,89,94
43,r_60_79_127,r_67_7_189,r_85_78_163,r_60_79_127,0.51,37,164,127,94
18,r_114_46_131,seq109,r_59_43_66,r_114_46_131,0.79,1,132,131,94
23,r_148_33_198,r_149_113_97,seq145,r_149_113_97,1.0,-11,86,97,94
17,r_134_125_89,r_124_72_174,r_100_119_104,r_124_72_174,0.9,-2,172,174,94
95,seq111,r_112_73_33,seq109,r_112_73_33,0.88,-4,29,33,94
35,r_123_22_187,seq121,seq4,r_123_22_187,0.45,1,188,187,94
12,r_77_81_99,r_76_127_79,r_126_75_51,r_77_81_99,0.85,-26,73,99,94
5,r_34_133_91,r_114_46_131,r_71_139_22,r_34_133_91,0.72,2,93,91,94
95,seq111,seq109,r_149_113_97,r_149_113_97,0.71,71,168,97,94
30,r_119_144_72,r_111_10_100,seq145,r_119_144_72,0.59,3,75,72,95
8,r_88_85_126,seq90,seq84,r_88_85_126,0.97,3,129,126,95
37,r_23_27_65,seq22,seq25,r_23_27_65,1.0,0,65,65,95
38,r_79_105_17,r_75_76_160,seq106,r_79_105_17,0.99,-1,16,17,95
86,seq90,r_92_69_108,r_88_85_126,r_92_69_108,0.91,1,109,108,95
16,r_146_116_150,seq147,r_115_112_94,r_146_116_150,0.6,2,152,150,95
39,r_87_141_119,seq86,seq142,r_87_141_119,0.71,1,120,119,95
1,r_132_29_132,seq134,r_54_31_133,r_132_29_132,0.97,2,134,132,95
86,seq90,r_140_94_61,r_63_89_157,r_63_89_157,0.63,0,157,157,95
19,r_63_89_157,r_65_126_116,r_58_77_58,r_63_89_157,0.68,-41,116,157,95
15,r_15_135_24,seq137,r_101_139_137,r_101_139_137,0.83,0,137,137,95
66,seq28,r_46_57_56,r_26_42_21,r_46_57_56,1.0,5,61,56,95
76,seq61,r_65_126_116,seq62,r_65_126_116,0.87,-18,98,116,95
26,r_1_18_22,seq3,r_38_17_18,r_1_18_22,1.0,1,23,22,95
41,r_110_40_176,r_108_109_42,r_118_41_151,r_118_41_151,0.76,25,176,151,95
3,r_148_121_112,seq149,seq122,r_148_121_112,0.83,2,114,112,95
5,r_117_44_16,r_118_41_151,seq48,r_117_44_16,0.99,1,17,16,95
4,r_70_51_175,seq73,r_56_50_36,r_70_51_175,0.46,1,176,175,95
0,r_47_21_145,seq48,seq22,r_47_21_145,0.77,0,145,145,95
63,seq22,r_24_0_192,r_47_21_145,r_47_21_145,0.92,6,151,145,95
21,r_46_57_56,seq48,seq55,r_46_57_56,0.91,2,58,56,95
11,r_140_94_61,seq142,seq95,r_140_94_61,0.99,0,61,61,95
20,r_65_126_116,r_63_89_157,seq128,r_65_126_116,0.91,0,116,116,95
13,r_118_41_151,r_108_109_42,r_26_42_21,r_118_41_151,0.77,0,151,151,95
48,r_92_69_108,seq90,seq68,r_92_69_108,1.0,1,109,108,95
15,r_15_135_24,r_19_82_68,seq137,r_15_135_24,1.0,0,24,24,95
6,r_20_34_90,seq22,seq35,r_20_34_90,0.99,2,92,90,95
53,seq6,seq9,r_125_7_50,r_125_7_50,1.0,2,52,50,95
45,r_125_7_50,r_123_98_191,seq6,r_125_7_50,1.0,0,50,50,95
27,r_45_5_89,r_47_21_145,r_125_7_50,r_45_5_89,0.99,0,89,89,95
87,seq95,r_93_136_198,r_140_94_61,r_140_94_61,1.0,67,128,61,95
2,r_71_4_169,seq73,seq3,r_71_4_169,0.88,1,170,169,95
47,r_138_80_147,seq137,r_75_76_160,r_138_80_147,0.62,0,147,147,95
34,r_38_17_18,seq28,seq16,r_38_17_18,1.0,1,19,18,95
29,r_103_120_155,seq102,r_115_112_94,r_103_120_155,0.55,0,155,155,95
65,seq25,r_26_42_21,r_23_27_65,r_23_27_65,1.0,1,66,65,95
32,r_12_37_149,seq8,r_30_39_29,r_12_37_149,0.93,0,149,149,95
75,seq55,r_54_31_133,r_46_57_56,r_46_57_56,0.61,78,134,56,95
19,r_63_89_157,r_58_77_58,seq90,r_63_89_157,0.95,0,157,157,95
31,r_58_77_58,r_59_36_196,seq84,r_58_77_58,0.9,0,58,58,95
17,r_14_74_82,seq16,seq72,r_14_74_82,1.0,1,83,82,95
9,r_107_60_85,r_111_10_100,r_59_36_196,r_107_60_85,0.93,0,85,85,95
22,r_54_31_133,seq55,r_132_29_132,r_132_29_132,0.64,2,134,132,95
49,r_111_10_100,seq113,seq11,r_111_10_100,1.0,0,100,100,95
7,r_53_67_184,r_56_50_36,r_91_64_31,r_91_64_31,0.85,152,183,31,95
44,r_59_36_196,r_58_77_58,r_107_60_85,r_107_60_85,0.97,4,89,85,95
23,r_13_97_190,seq8,r_123_98_191,r_13_97_190,0.38,0,190,190,95
12,r_101_139_137,r_103_120_155,r_15_135_24,r_101_139_137,0.84,2,139,137,95
36,r_37_130_75,r_40_51_186,seq132,r_37_130_75,1.0,1,76,75,96
23,r_137_7_140,r_141_114_178,r_53_11_136,r_137_7_140,0.99,0,140,140,96
27,r_149_29_26,r_56_25_137,r_12_28_145,r_149_29_26,0.52,119,145,26,96
19,r_147_129_91,seq146,r_37_130_75,r_37_130_75,0.54,16,91,75,96
55,seq134,seq128,r_49_133_123,r_49_133_123,1.0,2,125,123,96
19,r_147_129_91,r_149_29_26,seq146,r_149_29_26,1.0,2,28,26,96
71,seq38,r_40_51_186,r_36_45_7,r_40_51_186,0.49,0,186,186,96
21,r_101_100_152,r_98_54_166,r_42_89_138,r_101_100_152,0.57,16,168,152,96
39,r_64_118_84,seq65,r_63_119_20,r_64_118_84,0.85,0,84,84,96
1,r_42_89_138,r_36_45_7,seq92,r_36_45_7,0.69,131,138,7,96
5,r_142_91_87,seq143,seq92,r_142_91_87,0.92,-1,86,87,96
46,r_79_121_101,seq80,r_5_120_33,r_5_120_33,0.99,76,109,33,96
42,r_124_14_180,r_123_35_90,r_5_120_33,r_124_14_180,0.71,-104,76,180,96
92,seq103,r_102_17_39,seq113,r_102_17_39,0.81,-19,20,39,96
45,r_62_66_97,seq61,seq67,r_62_66_97,0.68,3,100,97,96
30,r_31_70_44,r_32_104_52,seq68,r_31_70_44,1.0,0,44,44,96
27,r_149_29_26,r_27_94_113,r_56_25_137,r_149_29_26,0.7,93,119,26,96
38,r_50_15_181,r_10_60_6,r_124_14_180,r_50_15_181,0.9,0,181,181,96
31,r_12_28_145,seq13,r_149_29_26,r_12_28_145,0.67,0,145,145,96
41,r_90_19_175,seq92,r_76_20_1,r_90_19_175,0.57,0,175,175,96
3,r_112_74_85,seq109,r_55_73_68,r_112_74_85,1.0,1,86,85,96
10,r_99_86_103,r_98_54_166,r_4_83_79,r_99_86_103,0.88,6,109,103,96
43,r_69_8_23,seq67,seq9,r_69_8_23,1.0,1,24,23,96
8,r_5_120_33,r_124_14_180,r_58_122_81,r_58_122_81,1.0,99,180,81,96
4,r_47_138_170,r_48_110_171,seq140,r_48_110_171,0.52,-1,170,171,96
9,r_102_17_39,seq103,seq18,r_102_17_39,1.0,0,39,39,96
0,r_98_54_166,r_99_86_103,seq96,r_99_86_103,0.93,-7,96,103,96
11,r_108_116_95,seq105,r_64_118_84,r_64_118_84,1.0,12,96,84,96
47,r_63_119_20,r_62_66_97,seq115,r_63_119_20,1.0,0,20,20,96
15,r_53_11_136,r_56_25_137,r_69_8_23,r_56_25_137,0.59,1,138,137,96
48,r_4_83_79,seq2,seq84,r_4_83_79,1.0,-1,78,79,96
13,r_27_94_113,r_149_29_26,seq96,r_27_94_113,0.98,2,115,113,96
2,r_30_6_30,seq2,r_69_8_23,r_30_6_30,0.5,96,126,30,96
0,r_98_54_166,seq96,seq52,r_98_54_166,0.98,2,168,166,96
17,r_34_57_38,r_47_138_170,seq52,r_34_57_38,1.0,-7,31,38,96
8,r_5_120_33,seq9,r_124_14_180,r_5_120_33,1.0,-1,32,33,96
79,seq68,seq67,r_31_70_44,r_31_70_44,1.0,0,44,44,96
6,r_139_46_50,r_141_114_178,r_47_138_170,r_139_46_50,1.0,0,50,50,96
74,seq52,r_56_25_137,r_10_60_6,r_56_25_137,0.77,0,137,137,96
18,r_49_133_123,r_47_138_170,seq134,r_49_133_123,0.96,0,123,123,96
25,r_95_144_72,seq96,seq143,r_95_144_72,0.91,0,72,72,96
2,r_30_6_30,r_31_70_44,seq2,r_30_6_30,1.0,0,30,30,96
33,r_40_51_186,seq38,r_98_54_166,r_98_54_166,0.66,20,186,166,96
6,r_139_46_50,r_47_138_170,r_36_45_7,r_47_138_170,0.53,0,170,170,96
70,seq33,r_32_104_52,r_36_45_7,r_32_104_52,0.99,-4,48,52,96
42,r_124_14_180,r_5_120_33,r_50_15_181,r_5_120_33,0.67,147,180,33,96
61,seq13,r_12_28_145,r_102_17_39,r_102_17_39,0.56,130,169,39,96
32,r_48_110_171,r_47_138_170,seq109,r_48_110_171,0.55,-1,170,171,96
38,r_50_15_181,r_56_25_137,r_10_60_6,r_56_25_137,0.54,-26,111,137,96
77,seq65,r_64_118_84,seq67,r_64_118_84,1.0,0,84,84,96
13,r_27_94_113,seq16,r_149_29_26,r_149_29_26,0.87,1,27,26,96
60,seq140,r_141_114_178,r_47_138_170,r_141_114_178,0.34,2,180,178,96
27,r_149_29_26,r_147_129_91,r_27_94_113,r_149_29_26,1.0,2,28,26,96
22,r_55_73_68,r_56_25_137,r_112_74_85,r_55_73_68,0.85,20,88,68,96
28,r_81_145_160,seq88,r_95_144_72,r_95_144_72,0.97,89,161,72,96
49,r_44_59_119,seq43,r_10_60_6,r_44_59_119,1.0,0,119,119,96
7,r_123_35_90,r_124_14_180,r_36_45_7,r_123_35_90,1.0,0,90,90,96
44,r_141_114_178,seq140,r_108_116_95,r_141_114_178,0.38,2,180,178,96
81,seq75,r_50_15_181,r_71_148_162,r_50_15_181,0.82,-141,40,181,96
98,seq115,r_117_106_148,r_63_119_20,r_63_119_20,1.0,8,28,20,96
35,r_58_122_81,r_56_25_137,r_5_120_33,r_58_122_81,1.0,0,81,81,96
12,r_56_25_137,seq52,seq23,r_56_25_137,0.76,0,137,137,96
14,r_32_104_52,seq33,seq103,r_32_104_52,1.0,0,52,52,96
16,r_51_91_21,seq52,seq90,r_51_91_21,0.75,-5,16,21,97
36,r_146_145_80,r_144_4_97,r_128_148_88,r_144_4_97,0.89,0,97,97,97
14,r_57_92_72,seq60,r_51_91_21,r_57_92_72,0.52,1,73,72,97
8,r_37_72_152,seq40,r_80_74_100,r_37_72_152,0.59,2,154,152,97
43,r_116_66_126,seq119,r_48_70_23,r_116_66_126,0.93,0,126,126,97
54,seq138,r_137_99_96,r_128_148_88,r_137_99_96,0.41,0,96,96,97
86,seq98,r_97_81_53,r_137_99_96,r_137_99_96,0.98,3,99,96,97
1,r_48_70_23,r_49_133_56,seq75,r_48_70_23,0.51,-5,18,23,97
5,r_122_89_190,seq126,r_57_92_72,r_122_89_190,0.3,0,190,190,97
46,r_137_99_96,seq138,seq98,r_137_99_96,1.0,0,96,96,97
42,r_71_64_12,r_62_124_120,seq61,r_62_124_120,1.0,0,120,120,97
45,r_76_117_154,seq75,seq118,r_76_117_154,0.87,0,154,154,97
31,r_8_94_158,r_7_22_169,r_101_95_41,r_101_95_41,0.58,117,158,41,97
41,r_144_4_97,r_146_145_80,r_35_2_99,r_144_4_97,0.84,2,99,97,97
3,r_129_111_84,r_128_148_88,seq110,r_129_111_84,0.93,2,86,84,97
10,r_142_25_103,r_146_145_80,seq26,r_142_25_103,1.0,0,103,103,97
26,r_46_17_183,seq45,r_58_27_141,r_58_27_141,0.55,43,184,141,97
11,r_35_2_99,seq32,seq0,r_35_2_99,1.0,1,100,99,97
85,seq93,r_51_91_21,r_101_95_41,r_101_95_41,0.93,3,44,41,97
20,r_104_123_143,seq103,r_62_124_120,r_104_123_143,0.62,0,143,143,97
13,r_1_24_105,seq0,r_3_23_18,r_1_24_105,0.96,0,105,105,97
15,r_80_74_100,seq77,r_135_73_30,r_135_73_30,0.84,75,105,30,97
48,r_149_63_128,r_146_145_80,r_71_64_12,r_149_63_128,0.98,0,128,128,97
18,r_139_59_58,seq140,seq60,r_139_59_58,1.0,0,58,58,97
6,r_67_39_127,r_76_117_154,seq40,r_67_39_127,0.8,0,127,127,97
27,r_34_108_93,seq32,seq105,r_34_108_93,0.94,0,93,93,97
2,r_7_22_169,seq5,r_1_24_105,r_1_24_105,0.99,66,171,105,97
47,r_50_88_117,seq52,seq90,r_50_88_117,0.48,5,122,117,97
40,r_128_148_88,r_127_109_160,r_146_145_80,r_128_148_88,0.89,0,88,88,97
29,r_127_109_160,seq134,r_129_111_84,r_129_111_84,1.0,79,163,84,97
24,r_16_96_146,seq30,r_137_99_96,r_137_99_96,0.69,50,146,96,97
25,r_21_41_87,seq20,seq42,r_21_41_87,0.99,1,88,87,97
70,seq52,r_50_88_117,r_21_41_87,r_21_41_87,0.71,35,122,87,97
64,seq134,r_132_69_144,r_49_133_56,r_49_133_56,0.92,17,73,56,97
32,r_143_79_57,r_142_25_103,r_87_78_33,r_143_79_57,1.0,0,57,57,97
58,seq19,r_18_44_114,seq20,r_18_44_114,1.0,1,115,114,97
65,seq40,r_37_72_152,r_21_41_87,r_21_41_87,1.0,52,139,87,97
37,r_38_141_45,r_37_72_152,seq140,r_38_141_45,1.0,0,45,45,97
22,r_28_33_38,seq20,seq32,r_28_33_38,1.0,0,38,38,97
68,seq45,r_46_17_183,r_18_44_114,r_18_44_114,0.99,59,173,114,97
38,r_120_13_131,seq126,seq14,r_120_13_131,0.94,0,131,131,97
75,seq60,r_58_27_141,r_139_59_58,r_139_59_58,0.99,83,141,58,97
34,r_49_133_56,seq45,seq134,r_49_133_56,1.0,1,57,56,97
60,seq26,seq30,r_142_25_103,r_142_25_103,1.0,0,103,103,97
17,r_62_124_120,r_71_64_12,seq126,r_62_124_120,1.0,0,120,120,97
9,r_58_27_141,seq60,seq30,r_58_27_141,0.77,0,141,141,97
28,r_10_136_107,r_128_148_88,r_15_130_172,r_15_130_172,1.0,10,182,172,97
49,r_101_95_41,r_100_12_67,seq93,r_101_95_41,1.0,0,41,41,97
28,r_10_136_107,r_15_130_172,r_128_148_88,r_10_136_107,0.98,2,109,107,97
54,seq138,r_128_148_88,r_10_136_107,r_10_136_107,0.92,1,108,107,97
91,seq110,seq112,r_129_111_84,r_129_111_84,0.96,13,97,84,97
0,r_97_81_53,seq98,r_87_78_33,r_97_81_53,0.86,0,53,53,97
7,r_18_44_114,seq19,seq45,r_18_44_114,1.0,1,115,114,97
44,r_113_131_110,seq115,r_49_133_56,r_49_133_56,0.82,56,112,56,97
23,r_147_68_90,r_146_145_80,r_48_70_23,r_147_68_90,1.0,0,90,90,97
35,r_100_12_67,r_104_123_143,seq11,r_100_12_67,1.0,1,68,67,97
51,seq129,r_128_88_97,r_148_132_86,r_128_88_97,0.91,0,97,97,98
14,r_19_35_172,r_20_65_178,r_99_40_28,r_19_35_172,0.48,4,176,172,98
46,r_123_4_22,seq120,seq2,r_123_4_22,1.0,0,22,22,98
8,r_57_134_143,r_69_56_168,r_148_132_86,r_57_134_143,0.86,0,143,143,98
7,r_133_102_187,r_57_134_143,r_1_101_46,r_133_102_187,0.98,0,187,187,98
5,r_87_24_23,r_85_114_161,r_76_25_20,r_85_114_161,0.95,-139,22,161,98
86,seq86,r_85_114_161,r_127_79_106,r_127_79_106,0.87,55,161,106,98
16,r_107_7_174,r_105_67_165,seq0,r_105_67_165,0.36,8,173,165,98
21,r_127_79_106,r_133_102_187,r_60_78_62,r_127_79_106,1.0,0,106,106,98
39,r_128_88_97,seq129,r_39_81_9,r_128_88_97,0.99,0,97,97,98
42,r_105_67_165,r_106_26_155,r_49_64_87,r_106_26_155,0.46,2,157,155,98
22,r_108_112_58,r_107_7_174,r_23_113_30,r_108_112_58,1.0,0,58,58,98
2,r_39_81_9,r_57_134_143,seq82,r_39_81_9,0.78,1,10,9,98
45,r_135_115_133,seq140,seq116,r_135_115_133,0.9,0,133,133,98
66,seq33,r_34_89_138,seq29,r_34_89_138,0.62,0,138,138,98
1,r_99_40_28,r_100_122_153,seq41,r_99_40_28,0.86,7,35,28,98
31,r_100_122_153,r_103_111_135,r_1_101_46,r_1_101_46,0.57,32,78,46,98
3,r_10_139_108,seq9,seq140,r_10_139_108,1.0,0,108,108,98
10,r_47_80_60,seq48,r_39_81_9,r_47_80_60,0.96,0,60,60,98
0,r_23_113_30,seq116,r_108_112_58,r_108_112_58,1.0,15,73,58,98
26,r_20_65_178,r_19_35_172,r_49_64_87,r_19_35_172,0.46,4,176,172,98
18,r_27_141_75,r_87_24_23,r_73_143_35,r_27_141_75,0.85,0,75,75,98
95,seq116,seq110,r_23_113_30,r_23_113_30,1.0,0,30,30,98
11,r_49_64_87,seq50,seq63,r_49_64_87,0.83,13,100,87,98
20,r_17_5_185,seq16,r_123_4_22,r_123_4_22,0.98,163,185,22,98
48,r_66_77_111,r_69_56_168,r_127_79_106,r_127_79_106,0.67,7,113,106,98
28,r_142_124_37,r_148_132_86,seq125,r_142_124_37,0.87,0,37,37,98
18,r_27_141_75,r_32_130_159,r_87_24_23,r_87_24_23,0.87,-1,22,23,98
99,seq125,seq120,r_142_124_37,r_142_124_37,0.74,30,67,37,98
12,r_70_91_18,r_72_75_107,seq92,r_70_91_18,0.81,0,18,18,98
70,seq41,seq38,r_99_40_28,r_99_40_28,0.97,13,41,28,98
18,r_27_141_75,r_73_143_35,r_10_139_108,r_10_139_108,0.99,70,178,108,98
41,r_1_101_46,seq0,r_100_122_153,r_1_101_46,1.0,1,47,46,98
41,r_1_101_46,r_100_122_153,r_107_7_174,r_100_122_153,1.0,0,153,153,98
37,r_84_97_10,r_87_24_23,seq98,r_84_97_10,0.78,0,10,10,98
25,r_58_6_66,r_61_117_93,seq9,r_61_117_93,0.7,-26,67,93,98
33,r_126_28_80,r_127_79_106,r_76_25_20,r_76_25_20,0.48,60,80,20,98
92,seq98,r_106_26_155,r_84_97_10,r_84_97_10,0.69,1,11,10,98
0,r_23_113_30,r_21_42_113,seq116,r_23_113_30,1.0,-1,29,30,98
32,r_60_78_62,r_61_117_93,seq74,r_60_78_62,0.61,0,62,62,98
38,r_21_42_113,seq33,r_109_45_63,r_109_45_63,1.0,30,93,63,98
34,r_147_22_140,seq146,seq29,r_147_22_140,1.0,0,140,140,98
60,seq18,r_20_65_178,seq14,r_20_65_178,0.75,-2,176,178,98
41,r_1_101_46,r_107_7_174,r_138_104_173,r_1_101_46,0.97,128,174,46,98
17,r_131_12_148,r_133_102_187,seq13,r_131_12_148,0.9,0,148,148,98
9,r_61_117_93,seq59,seq118,r_61_117_93,1.0,0,93,93,98
31,r_100_122_153,r_1_101_46,seq120,r_100_122_153,1.0,0,153,153,98
49,r_103_111_135,r_100_122_153,r_108_112_58,r_108_112_58,0.67,78,136,58,98
7,r_133_102_187,r_131_12_148,r_57_134_143,r_133_102_187,0.72,-39,148,187,98
23,r_106_26_155,r_105_67_165,r_87_24_23,r_106_26_155,0.41,2,157,155,98
36,r_73_143_35,r_72_75_107,seq144,r_73_143_35,0.99,0,35,35,98
82,seq63,r_57_134_143,r_49_64_87,r_57_134_143,0.61,-51,92,143,98
40,r_15_145_27,seq14,seq146,r_15_145_27,1.0,0,27,27,98
35,r_148_132_86,seq146,seq129,r_148_132_86,0.85,3,89,86,98
36,r_72_14_62,r_74_59_103,r_11_16_148,r_72_14_62,1.0,0,62,62,99
14,r_37_8_172,seq38,r_2_17_53,r_2_17_53,0.42,120,173,53,99
8,r_134_105_174,r_141_135_1,seq108,r_134_105_174,0.69,0,174,174,99
43,r_106_94_138,seq108,r_143_93_120,r_143_93_120,0.97,19,139,120,99
55,seq140,r_143_93_120,r_83_144_2,r_143_93_120,0.92,-31,89,120,99
21,r_62_149_73,r_60_90_165,seq148,r_62_149_73,1.0,1,74,73,99
1,r_96_41_134,r_95_142_190,r_79_35_17,r_95_142_190,0.68,-56,134,190,99
5,r_58_146_123,r_60_90_165,r_83_144_2,r_58_146_123,0.96,0,123,123,99
46,r_50_65_98,seq47,seq63,r_50_65_98,1.0,0,98,98,99
42,r_127_21_71,seq126,seq20,r_127_21_71,1.0,0,71,71,99
18,r_30_55_108,r_57_53_126,r_79_35_17,r_57_53_126,0.56,17,143,126,99
34,r_66_42_29,seq63,seq38,r_66_42_29,0.93,0,29,29,99
19,r_1_88_147,seq4,r_54_91_107,r_1_88_147,0.88,0,147,147,99
39,r_101_113_37,seq110,r_131_114_56,r_131_114_56,0.86,32,88,56,99
76,seq68,r_69_13_67,r_15_73_8,r_69_13_67,1.0,0,67,67,99
25,r_79_35_17,r_78_111_158,seq38,r_78_111_158,0.83,-141,17,158,99
10,r_143_93_120,seq140,seq85,r_143_93_120,0.91,2,122,120,99
47,r_86_76_28,r_87_82_97,r_98_22_117,r_87_82_97,0.58,-57,40,97,99
26,r_78_111_158,seq77,seq110,r_78_111_158,0.94,0,158,158,99
78,seq75,r_74_59_103,r_15_73_8,r_74_59_103,1.0,1,104,103,99
11,r_60_90_165,r_61_139_191,r_54_91_107,r_54_91_107,0.68,59,166,107,99
32,r_137_6_32,seq136,seq5,r_137_6_32,0.99,0,32,32,99
20,r_33_27_91,seq34,seq26,r_33_27_91,0.94,4,95,91,99
13,r_54_91_107,r_57_53_126,seq92,r_54_91_107,1.0,0,107,107,99
15,r_57_53_126,r_54_91_107,r_30_55_108,r_57_53_126,0.87,-19,107,126,99
48,r_3_112_77,r_1_88_147,r_131_114_56,r_3_112_77,1.0,0,77,77,99
24,r_95_142_190,r_143_93_120,r_83_144_2,r_95_142_190,0.96,0,190,190,99
0,r_2_17_53,r_1_88_147,seq18,r_2_17_53,0.53,3,56,53,99
85,seq92,seq89,r_54_91_107,r_54_91_107,1.0,13,120,107,99
37,r_56_48_33,r_57_53_126,seq47,r_56_48_33,0.92,7,40,33,99
27,r_24_125_127,r_23_67_155,seq126,r_24_125_127,0.98,0,127,127,99
39,r_101_113_37,seq102,seq110,r_101_113_37,1.0,1,38,37,99
40,r_23_67_155,seq26,seq63,r_23_67_155,0.47,0,155,155,99
18,r_30_55_108,seq26,r_57_53_126,r_30_55_108,0.97,0,108,108,99
29,r_98_22_117,seq99,r_31_25_26,r_98_22_117,0.97,0,117,117,99
24,r_95_142_190,r_96_41_134,r_143_93_120,r_95_142_190,0.95,-56,134,190,99
47,r_86_76_28,r_98_22_117,seq85,r_98_22_117,0.93,-6,111,117,99
17,r_87_82_97,seq89,seq85,r_87_82_97,0.57,-7,90,97,99
49,r_49_97_72,r_50_65_98,seq99,r_49_97_72,0.95,0,72,72,99
30,r_131_114_56,r_134_105_174,r_101_113_37,r_131_114_56,0.99,-2,54,56,99
15,r_57_53_126,r_30_55_108,seq52,r_57_53_126,0.68,10,136,126,99
7,r_11_16_148,r_10_7_82,r_72_14_62,r_72_14_62,1.0,51,113,62,99
44,r_9_130_94,seq5,r_116_129_84,r_9_130_94,0.91,0,94,94,99
35,r_61_139_191,r_60_90_165,r_23_67_155,r_23_67_155,0.8,11,166,155,99
12,r_74_59_103,seq75,seq63,r_74_59_103,0.8,1,104,103,99
23,r_12_147_11,r_11_16_148,r_83_144_2,r_12_147_11,0.95,0,11,11,99
