30,r_70_48_62,seq13,seq43,r_70_48_62,1.0,0,62,62,0
93,seq110,r_136_74_76,seq117,r_136_74_76,0.84,-21,55,76,0
36,r_65_24_136,seq12,r_132_88_123,r_132_88_123,0.55,13,136,123,0
43,r_146_16_75,seq138,r_92_14_140,r_146_16_75,1.0,0,75,75,0
22,r_50_127_61,r_18_30_191,seq7,r_50_127_61,1.0,-2,59,61,0
19,r_116_80_151,r_133_10_34,r_107_83_139,r_116_80_151,0.87,0,151,151,0
86,seq87,r_6_89_86,seq120,r_6_89_86,1.0,-5,81,86,0
21,r_107_83_139,r_71_96_95,seq23,r_71_96_95,1.0,-6,89,95,0
46,r_136_74_76,seq110,seq137,r_136_74_76,1.0,0,76,76,0
42,r_147_28_100,seq37,r_77_140_7,r_147_28_100,1.0,0,100,100,0
69,seq37,r_147_28_100,seq54,r_147_28_100,1.0,-29,71,100,0
48,r_103_60_57,seq13,seq90,r_103_60_57,0.53,53,110,57,0
89,seq98,r_41_1_24,r_75_113_127,r_75_113_127,1.0,5,132,127,0
84,seq84,r_34_73_155,r_36_63_28,r_36_63_28,0.59,0,28,28,0
8,r_148_86_22,r_65_24_136,seq119,r_148_86_22,0.56,-1,21,22,0
60,seq15,r_36_63_28,r_59_144_88,r_59_144_88,0.92,0,88,88,0
31,r_115_69_26,r_72_21_148,r_93_61_110,r_115_69_26,1.0,0,26,26,0
89,seq98,r_97_118_63,r_41_1_24,r_97_118_63,0.87,-1,62,63,0
67,seq32,r_34_73_155,seq82,r_34_73_155,0.65,-104,51,155,0
3,r_139_29_89,seq104,seq20,r_139_29_89,1.0,0,89,89,0
16,r_133_10_34,r_116_80_151,seq120,r_116_80_151,0.88,0,151,151,0
63,seq20,seq137,r_139_29_89,r_139_29_89,1.0,1,90,89,0
11,r_71_96_95,r_107_83_139,seq26,r_71_96_95,0.91,0,95,95,0
21,r_107_83_139,seq23,seq122,r_107_83_139,1.0,0,139,139,0
15,r_6_89_86,seq87,r_114_95_11,r_6_89_86,0.97,0,86,86,0
48,r_103_60_57,seq104,seq13,r_103_60_57,1.0,0,57,57,0
26,r_9_39_25,r_33_121_190,seq137,r_9_39_25,0.69,0,25,25,0
6,r_92_14_140,r_147_28_100,r_146_16_75,r_92_14_140,0.83,-60,80,140,0
33,r_112_135_37,r_6_89_86,seq101,r_6_89_86,0.97,-49,37,86,0
10,r_77_140_7,seq104,r_147_28_100,r_147_28_100,1.0,20,120,100,0
93,seq110,seq117,r_25_131_94,r_25_131_94,1.0,0,94,94,0
87,seq90,r_132_88_123,r_103_60_57,r_103_60_57,0.66,67,124,57,0
2,r_57_22_117,r_72_21_148,r_139_29_89,r_57_22_117,1.0,0,117,117,0
47,r_0_55_65,seq43,r_99_134_187,r_0_55_65,0.99,0,65,65,0
40,r_142_49_177,r_18_30_191,seq3,r_142_49_177,0.65,0,177,177,0
18,r_45_66_154,seq17,r_40_19_108,r_45_66_154,0.66,0,154,154,0
24,r_4_125_92,r_93_61_110,seq42,r_4_125_92,1.0,0,92,92,0
45,r_149_81_46,r_97_118_63,seq47,r_149_81_46,1.0,0,46,46,0
43,r_146_16_75,r_92_14_140,seq54,r_92_14_140,1.0,2,142,140,0
64,seq23,r_107_83_139,seq62,r_107_83_139,1.0,0,139,139,0
47,r_0_55_65,r_99_134_187,r_50_127_61,r_99_134_187,0.56,-54,133,187,0
50,seq129,r_59_144_88,seq122,r_59_144_88,1.0,-4,84,88,0
58,seq12,r_65_24_136,seq8,r_65_24_136,1.0,0,136,136,0
70,seq42,seq129,r_4_125_92,r_4_125_92,1.0,4,96,92,0
6,r_92_14_140,r_146_16_75,r_136_74_76,r_92_14_140,1.0,2,142,140,0
20,r_27_64_166,r_59_144_88,seq122,r_59_144_88,0.95,-32,56,88,0
20,r_27_64_166,seq122,r_9_39_25,r_27_64_166,0.78,0,166,166,0
38,r_72_21_148,seq26,r_147_28_100,r_72_21_148,0.58,0,148,148,0
25,r_114_95_11,r_149_81_46,seq85,r_114_95_11,0.89,0,11,11,0
75,seq52,r_111_94_178,seq58,r_111_94_178,0.73,0,178,178,0
17,r_25_131_94,seq47,seq110,r_25_131_94,0.95,1,95,94,0
32,r_36_63_28,seq3,seq84,r_36_63_28,0.96,1,29,28,0
41,r_41_1_24,r_53_102_111,seq98,r_41_1_24,1.0,0,24,24,0
9,r_99_134_187,seq78,r_41_1_24,r_41_1_24,0.74,163,187,24,0
31,r_115_69_26,r_93_61_110,seq82,r_93_61_110,0.49,8,118,110,0
16,r_133_10_34,r_103_60_57,r_116_80_151,r_133_10_34,0.85,1,35,34,0
28,r_111_94_178,seq52,r_57_22_117,r_57_22_117,0.87,61,178,117,0
13,r_46_145_53,r_40_19_108,seq123,r_46_145_53,1.0,-6,47,53,0
49,r_97_118_63,seq98,seq7,r_97_118_63,1.0,0,63,63,0
7,r_40_19_108,seq101,r_70_48_62,r_70_48_62,0.99,47,109,62,0
44,r_75_113_127,seq101,seq98,r_75_113_127,0.89,1,128,127,0
23,r_132_88_123,seq90,r_148_86_22,r_132_88_123,0.96,0,123,123,0
91,seq104,r_103_60_57,r_77_140_7,r_103_60_57,0.99,-12,45,57,0
19,r_116_80_151,seq11,r_133_10_34,r_133_10_34,0.72,6,40,34,0
35,r_93_61_110,r_4_125_92,seq130,r_4_125_92,0.91,0,92,92,0
12,r_53_102_111,r_45_66_154,seq123,r_53_102_111,0.99,0,111,111,0
30,r_48_88_64,seq16,r_132_99_196,r_48_88_64,0.98,0,64,64,1
36,r_123_96_30,r_132_99_196,r_48_88_64,r_123_96_30,0.62,50,80,30,1
26,r_38_25_43,r_136_15_69,r_6_129_117,r_38_25_43,0.97,1,44,43,1
66,seq41,seq80,r_26_5_37,r_26_5_37,1.0,18,55,37,1
14,r_145_108_144,r_85_51_95,r_59_83_54,r_145_108_144,0.76,-53,91,144,1
8,r_28_98_177,r_132_99_196,r_136_15_69,r_136_15_69,1.0,10,79,69,1
53,seq140,r_43_31_137,r_139_69_74,r_139_69_74,0.85,66,140,74,1
43,r_132_99_196,r_28_98_177,r_136_15_69,r_136_15_69,1.0,109,178,69,1
18,r_50_60_32,r_37_133_154,r_14_18_174,r_50_60_32,1.0,0,32,32,1
3,r_127_11_102,r_75_113_35,r_44_143_87,r_75_113_35,1.0,0,35,35,1
37,r_122_34_101,seq79,seq64,r_122_34_101,0.99,0,101,101,1
59,seq23,seq140,r_139_69_74,r_139_69_74,1.0,6,80,74,1
21,r_14_18_174,r_20_144_110,r_50_60_32,r_14_18_174,0.92,-62,112,174,1
39,r_148_120_60,seq118,seq30,r_148_120_60,1.0,0,60,60,1
5,r_7_76_178,seq117,seq32,r_7_76_178,0.54,0,178,178,1
42,r_66_19_88,seq13,r_8_103_39,r_66_19_88,1.0,0,88,88,1
0,r_65_130_187,seq16,r_134_29_23,r_65_130_187,1.0,0,187,187,1
14,r_145_108_144,r_59_83_54,seq13,r_145_108_144,1.0,0,144,144,1
7,r_17_147_156,r_126_105_26,seq16,r_126_105_26,0.6,130,156,26,1
31,r_87_95_51,seq10,r_134_29_23,r_87_95_51,1.0,1,52,51,1
24,r_75_113_35,r_43_31_137,seq140,r_43_31_137,0.89,-13,124,137,1
19,r_20_144_110,r_14_18_174,seq86,r_20_144_110,0.65,3,113,110,1
72,seq63,seq81,r_131_54_24,r_131_54_24,0.98,7,31,24,1
33,r_36_94_153,seq62,r_26_5_37,r_26_5_37,0.62,99,136,37,1
7,r_17_147_156,r_92_53_70,r_126_105_26,r_17_147_156,0.96,-105,51,156,1
76,seq72,r_136_15_69,seq64,r_136_15_69,1.0,0,69,69,1
11,r_149_42_58,seq56,seq86,r_149_42_58,1.0,0,58,58,1
41,r_52_102_132,seq93,r_43_31_137,r_52_102_132,0.95,0,132,132,1
45,r_126_105_26,r_149_42_58,r_17_147_156,r_17_147_156,0.74,-130,26,156,1
8,r_28_98_177,r_136_15_69,seq62,r_28_98_177,0.84,1,178,177,1
4,r_91_67_119,seq30,r_22_57_19,r_22_57_19,0.62,100,119,19,1
0,r_65_130_187,seq106,seq16,r_65_130_187,0.38,-48,139,187,1
20,r_136_15_69,seq72,r_28_98_177,r_136_15_69,1.0,0,69,69,1
98,seq121,r_2_1_181,r_87_95_51,r_87_95_51,1.0,76,127,51,1
48,r_44_143_87,r_127_11_102,seq24,r_44_143_87,0.99,0,87,87,1
16,r_8_103_39,r_2_1_181,seq47,r_8_103_39,1.0,1,40,39,1
6,r_139_69_74,seq77,seq23,r_139_69_74,1.0,0,74,74,1
62,seq30,r_91_67_119,r_148_120_60,r_148_120_60,1.0,59,119,60,1
21,r_14_18_174,r_50_60_32,r_148_120_60,r_14_18_174,0.68,2,176,174,1
74,seq68,r_100_70_161,seq46,r_100_70_161,0.93,0,161,161,1
24,r_75_113_35,r_127_11_102,r_43_31_137,r_75_113_35,0.96,0,35,35,1
10,r_114_116_141,r_43_31_137,r_38_25_43,r_114_116_141,0.62,-55,86,141,1
27,r_2_1_181,seq121,r_17_147_156,r_2_1_181,0.63,0,181,181,1
87,seq93,r_52_102_132,r_126_105_26,r_126_105_26,0.67,106,132,26,1
30,r_48_88_64,r_132_99_196,r_123_96_30,r_132_99_196,0.91,-89,107,196,1
35,r_131_54_24,seq32,seq63,r_131_54_24,1.0,0,24,24,1
47,r_45_128_81,seq68,r_4_142_22,r_45_128_81,1.0,0,81,81,1
74,seq68,r_45_128_81,r_100_70_161,r_45_128_81,1.0,0,81,81,1
29,r_6_129_117,seq47,r_38_25_43,r_38_25_43,0.96,80,123,43,1
46,r_22_57_19,seq23,seq117,r_22_57_19,0.99,0,19,19,1
15,r_26_5_37,r_43_31_137,seq41,r_26_5_37,1.0,1,38,37,1
58,seq141,seq32,r_49_82_97,r_49_82_97,1.0,6,103,97,1
20,r_136_15_69,r_28_98_177,r_126_105_26,r_28_98_177,0.76,1,178,177,1
68,seq47,r_6_129_117,r_8_103_39,r_8_103_39,0.97,84,123,39,1
61,seq27,r_73_39_182,seq13,r_73_39_182,0.73,-43,139,182,1
32,r_49_82_97,r_2_1_181,seq141,r_49_82_97,0.96,0,97,97,1
38,r_43_31_137,seq140,r_52_102_132,r_43_31_137,0.81,3,140,137,1
33,r_36_94_153,r_26_5_37,r_131_54_24,r_36_94_153,1.0,0,153,153,1
10,r_114_116_141,r_38_25_43,seq84,r_114_116_141,0.7,-27,114,141,1
25,r_134_29_23,seq56,seq121,r_134_29_23,1.0,0,23,23,1
45,r_126_105_26,r_17_147_156,seq115,r_17_147_156,0.54,0,156,156,1
1,r_124_12_20,r_8_103_39,seq46,r_124_12_20,1.0,1,21,20,1
9,r_85_51_95,seq9,seq16,r_85_51_95,0.98,2,97,95,1
11,r_149_42_58,r_126_105_26,seq56,r_126_105_26,0.91,-2,24,26,1
36,r_123_96_30,r_85_51_95,r_132_99_196,r_123_96_30,0.91,0,30,30,1
13,r_4_142_22,r_132_99_196,seq13,r_4_142_22,1.0,1,23,22,1
28,r_59_83_54,r_145_108_144,seq140,r_145_108_144,0.98,-23,121,144,1
22,r_107_111_183,seq86,r_100_70_161,r_100_70_161,0.65,22,183,161,1
49,r_138_61_63,seq41,seq117,r_138_61_63,0.91,0,63,63,1
28,r_59_83_54,seq13,r_145_108_144,r_59_83_54,1.0,1,55,54,1
10,r_114_116_141,r_124_12_20,r_43_31_137,r_114_116_141,0.73,-116,25,141,1
18,r_50_60_32,r_14_18_174,r_73_39_182,r_50_60_32,0.23,151,183,32,1
44,r_40_104_159,seq89,r_49_82_97,r_40_104_159,0.96,0,159,159,1
23,r_92_53_70,r_17_147_156,r_137_0_1,r_92_53_70,1.0,0,70,70,1
84,seq86,r_37_133_154,r_149_42_58,r_149_42_58,0.99,48,106,58,1
30,r_15_36_77,seq129,seq105,r_15_36_77,1.0,0,77,77,2
38,r_113_48_50,r_42_114_116,r_72_130_72,r_113_48_50,0.63,34,84,50,2
87,seq93,r_53_107_125,r_65_27_35,r_65_27_35,0.6,16,51,35,2
92,seq101,r_21_139_169,r_103_127_75,r_103_127_75,0.84,2,77,75,2
43,r_126_124_111,seq11,seq78,r_126_124_111,0.52,14,125,111,2
14,r_32_119_45,r_12_35_152,r_7_112_12,r_32_119_45,1.0,0,45,45,2
91,seq131,r_75_47_55,r_49_134_107,r_49_134_107,0.88,5,112,107,2
3,r_46_100_173,seq146,r_90_117_27,r_46_100_173,0.81,0,173,173,2
71,seq50,r_29_63_88,seq26,r_29_63_88,1.0,1,89,88,2
86,seq85,r_106_52_135,seq77,r_106_52_135,0.86,-25,110,135,2
5,r_92_6_167,seq59,seq51,r_92_6_167,0.74,0,167,167,2
46,r_106_52_135,seq85,seq98,r_106_52_135,0.79,0,135,135,2
21,r_12_35_152,r_32_119_45,r_70_128_109,r_32_119_45,0.97,0,45,45,2
19,r_39_136_118,seq146,r_49_134_107,r_39_136_118,1.0,0,118,118,2
11,r_24_95_175,seq50,r_72_130_72,r_24_95_175,0.63,0,175,175,2
66,seq26,r_80_22_91,r_56_122_134,r_80_22_91,1.0,0,91,91,2
31,r_121_17_102,seq3,r_103_127_75,r_121_17_102,1.0,0,102,102,2
3,r_46_100_173,r_75_47_55,seq146,r_75_47_55,1.0,0,55,55,2
0,r_4_57_57,r_20_62_86,r_15_36_77,r_4_57_57,0.9,23,80,57,2
41,r_31_99_199,r_49_134_107,seq9,r_49_134_107,0.86,12,119,107,2
67,seq28,seq59,r_29_63_88,r_29_63_88,1.0,12,100,88,2
22,r_42_114_116,r_61_108_67,seq137,r_42_114_116,0.98,1,117,116,2
10,r_61_108_67,seq73,r_42_114_116,r_61_108_67,1.0,0,67,67,2
52,seq2,r_30_104_131,r_7_112_12,r_7_112_12,0.99,0,12,12,2
45,r_65_27_35,seq78,r_89_16_142,r_65_27_35,0.99,0,35,35,2
11,r_24_95_175,r_141_43_106,seq50,r_141_43_106,1.0,0,106,106,2
40,r_74_143_176,r_7_112_12,r_46_100_173,r_46_100_173,0.87,1,174,173,2
13,r_87_44_108,seq41,r_132_67_31,r_87_44_108,1.0,0,108,108,2
48,r_141_43_106,r_24_95_175,seq137,r_141_43_106,1.0,0,106,106,2
38,r_113_48_50,r_72_130_72,r_74_143_176,r_113_48_50,0.61,68,118,50,2
4,r_89_16_142,r_65_27_35,r_70_128_109,r_89_16_142,0.99,0,142,142,2
57,seq11,r_126_124_111,r_30_104_131,r_126_124_111,0.73,21,132,111,2
6,r_116_33_187,r_4_57_57,r_133_58_192,r_4_57_57,0.95,3,60,57,2
27,r_14_111_130,r_29_63_88,r_55_5_141,r_29_63_88,0.53,-16,72,88,2
10,r_61_108_67,r_7_112_12,r_55_5_141,r_55_5_141,0.59,0,141,141,2
4,r_89_16_142,r_53_107_125,r_65_27_35,r_65_27_35,1.0,15,50,35,2
90,seq98,seq9,r_90_117_27,r_90_117_27,0.99,28,55,27,2
2,r_20_62_86,r_72_130_72,r_4_57_57,r_20_62_86,0.67,-23,63,86,2
25,r_132_67_31,seq93,seq19,r_132_67_31,1.0,0,31,31,2
47,r_34_135_103,seq50,r_55_5_141,r_34_135_103,0.49,-35,68,103,2
0,r_4_57_57,r_15_36_77,seq120,r_15_36_77,0.52,75,152,77,2
38,r_113_48_50,r_15_36_77,r_42_114_116,r_113_48_50,0.99,0,50,50,2
40,r_74_143_176,seq118,r_7_112_12,r_74_143_176,0.51,-48,128,176,2
18,r_110_125_83,r_80_22_91,r_65_27_35,r_110_125_83,1.0,0,83,83,2
29,r_25_115_90,seq2,r_12_35_152,r_25_115_90,0.59,1,91,90,2
16,r_83_109_34,r_88_145_99,seq138,r_83_109_34,0.77,3,37,34,2
20,r_76_91_54,seq37,seq129,r_76_91_54,1.0,1,55,54,2
33,r_86_8_184,seq149,r_15_36_77,r_15_36_77,0.89,109,186,77,2
64,seq149,r_86_8_184,r_21_139_169,r_86_8_184,0.45,2,186,184,2
72,seq51,r_40_71_171,r_80_22_91,r_80_22_91,0.65,2,93,91,2
6,r_116_33_187,r_133_58_192,r_15_36_77,r_15_36_77,0.58,111,188,77,2
38,r_113_48_50,r_74_143_176,r_53_107_125,r_113_48_50,0.4,86,136,50,2
61,seq18,seq131,r_72_130_72,r_72_130_72,1.0,6,78,72,2
32,r_72_130_72,r_10_54_196,seq18,r_72_130_72,0.99,0,72,72,2
47,r_34_135_103,r_55_5_141,seq9,r_34_135_103,1.0,0,103,103,2
26,r_7_112_12,r_61_108_67,seq2,r_7_112_12,0.92,0,12,12,2
28,r_82_97_43,r_103_127_75,seq60,r_82_97_43,0.93,2,45,43,2
34,r_55_5_141,r_14_111_130,r_61_108_67,r_55_5_141,0.91,0,141,141,2
21,r_12_35_152,r_25_115_90,seq41,r_12_35_152,1.0,1,153,152,2
39,r_75_47_55,r_46_100_173,seq131,r_75_47_55,1.0,0,55,55,2
10,r_61_108_67,r_42_114_116,r_7_112_12,r_42_114_116,0.56,7,123,116,2
45,r_65_27_35,r_89_16_142,r_110_125_83,r_65_27_35,0.92,91,126,35,2
81,seq77,r_144_38_68,seq85,r_144_38_68,1.0,6,74,68,2
17,r_88_145_99,seq18,seq146,r_88_145_99,0.98,0,99,99,2
27,r_14_111_130,r_55_5_141,seq50,r_55_5_141,1.0,-24,117,141,2
9,r_29_63_88,r_24_95_175,seq28,r_29_63_88,1.0,0,88,88,2
29,r_25_115_90,r_12_35_152,r_103_127_75,r_12_35_152,0.84,3,155,152,2
22,r_42_114_116,seq9,r_61_108_67,r_61_108_67,0.92,0,67,67,2
72,seq51,r_80_22_91,r_92_6_167,r_92_6_167,1.0,0,167,167,2
91,seq131,seq18,r_75_47_55,r_75_47_55,0.99,23,78,55,2
68,seq37,r_76_91_54,seq148,r_76_91_54,1.0,1,55,54,2
75,seq60,r_144_38_68,r_82_97_43,r_82_97_43,1.0,2,45,43,2
2,r_20_62_86,r_4_57_57,seq64,r_20_62_86,0.87,-4,82,86,2
44,r_53_107_125,r_89_16_142,seq9,r_53_107_125,0.97,0,125,125,2
21,r_12_35_152,r_70_128_109,r_25_115_90,r_25_115_90,0.89,0,90,90,2
82,seq78,seq118,r_126_124_111,r_126_124_111,0.45,14,125,111,2
0,r_4_57_57,r_133_58_192,r_20_62_86,r_4_57_57,0.93,0,57,57,2
62,seq19,seq148,r_132_67_31,r_132_67_31,1.0,3,34,31,2
35,r_103_127_75,seq81,seq101,r_103_127_75,0.94,1,76,75,2
12,r_49_134_107,r_31_99_199,r_39_136_118,r_39_136_118,0.97,1,119,118,2
87,seq93,r_132_67_31,r_53_107_125,r_132_67_31,0.88,1,32,31,2
30,r_51_49_131,seq132,r_58_149_106,r_58_149_106,0.66,27,133,106,3
14,r_58_149_106,seq93,r_45_33_82,r_58_149_106,0.98,0,106,106,3
53,seq132,seq138,r_17_96_58,r_17_96_58,1.0,5,63,58,3
43,r_45_33_82,seq85,r_147_40_187,r_45_33_82,0.92,0,82,82,3
20,r_92_62_33,r_9_71_79,seq5,r_92_62_33,0.93,3,36,33,3
42,r_21_54_140,r_9_71_79,seq27,r_21_54_140,1.0,0,140,140,3
21,r_143_84_124,r_7_144_163,r_17_96_58,r_143_84_124,1.0,0,124,124,3
39,r_83_31_145,r_88_4_174,seq94,r_83_31_145,0.86,0,145,145,3
43,r_45_33_82,r_147_40_187,r_58_149_106,r_58_149_106,0.57,32,138,106,3
5,r_66_6_63,seq130,seq87,r_66_6_63,0.99,0,63,63,3
46,r_99_53_93,r_50_103_161,seq106,r_99_53_93,1.0,0,93,93,3
42,r_21_54_140,r_148_119_96,r_9_71_79,r_21_54_140,0.82,-44,96,140,3
11,r_147_40_187,r_7_144_163,r_45_33_82,r_147_40_187,0.94,-104,83,187,3
45,r_55_100_133,r_21_54_140,r_114_8_104,r_55_100_133,0.6,1,134,133,3
11,r_147_40_187,r_45_33_82,seq94,r_147_40_187,0.45,0,187,187,3
9,r_2_61_17,seq106,seq138,r_2_61_17,0.97,0,17,17,3
24,r_88_4_174,r_111_102_90,r_2_61_17,r_88_4_174,0.49,0,174,174,3
10,r_101_36_179,seq47,seq93,r_101_36_179,0.41,-133,46,179,3
8,r_41_38_184,r_64_81_183,r_48_35_51,r_48_35_51,0.47,54,105,51,3
33,r_110_108_156,seq93,seq104,r_110_108_156,1.0,0,156,156,3
76,seq69,r_89_121_144,seq46,r_89_121_144,0.89,3,147,144,3
6,r_67_82_34,r_20_115_3,seq120,r_67_82_34,1.0,0,34,34,3
38,r_44_30_152,seq140,r_37_28_132,r_37_28_132,0.96,20,152,132,3
90,seq142,seq116,r_148_119_96,r_148_119_96,1.0,12,108,96,3
26,r_59_19_99,seq43,r_20_115_3,r_59_19_99,0.98,0,99,99,3
16,r_20_115_3,seq129,r_59_19_99,r_59_19_99,1.0,6,105,99,3
71,seq46,r_57_136_119,r_79_60_186,r_79_60_186,0.59,2,188,186,3
4,r_50_103_161,r_99_53_93,r_66_6_63,r_50_103_161,0.57,-68,93,161,3
78,seq140,r_44_30_152,r_11_127_77,r_11_127_77,0.97,72,149,77,3
0,r_64_81_183,seq94,r_18_137_78,r_18_137_78,0.98,107,185,78,3
11,r_147_40_187,r_131_109_64,r_7_144_163,r_131_109_64,0.88,0,64,64,3
13,r_148_119_96,r_21_54_140,seq142,r_148_119_96,0.73,0,96,96,3
38,r_44_30_152,r_48_35_51,seq140,r_48_35_51,1.0,0,51,51,3
15,r_37_28_132,seq133,r_9_71_79,r_37_28_132,0.68,0,132,132,3
4,r_50_103_161,r_66_6_63,r_134_42_138,r_50_103_161,1.0,2,163,161,3
62,seq24,r_79_60_186,r_105_125_65,r_105_125_65,1.0,123,188,65,3
2,r_9_71_79,r_21_54_140,r_37_28_132,r_9_71_79,1.0,60,139,79,3
16,r_20_115_3,r_67_82_34,seq129,r_67_82_34,1.0,0,34,34,3
10,r_101_36_179,seq93,seq23,r_101_36_179,0.74,0,179,179,3
27,r_56_16_126,seq128,r_99_53_93,r_56_16_126,0.97,1,127,126,3
87,seq94,r_64_81_183,r_147_40_187,r_64_81_183,0.4,5,188,183,3
2,r_9_71_79,r_57_136_119,r_21_54_140,r_9_71_79,0.98,0,79,79,3
47,r_57_136_119,seq27,seq46,r_57_136_119,0.96,0,119,119,3
40,r_89_121_144,seq69,r_2_61_17,r_89_121_144,0.72,2,146,144,3
18,r_10_0_114,r_110_108_156,seq70,r_10_0_114,0.96,0,114,114,3
29,r_90_112_95,r_64_81_183,r_111_102_90,r_90_112_95,0.99,0,95,95,3
24,r_88_4_174,r_83_31_145,r_111_102_90,r_111_102_90,0.9,6,96,90,3
25,r_15_80_143,seq87,r_37_28_132,r_15_80_143,0.62,0,143,143,3
33,r_110_108_156,r_10_0_114,seq93,r_10_0_114,0.88,0,114,114,3
34,r_11_127_77,r_147_40_187,seq140,r_11_127_77,1.0,1,78,77,3
64,seq27,r_57_136_119,r_48_35_51,r_48_35_51,0.76,68,119,51,3
37,r_146_97_11,seq138,seq135,r_146_97_11,0.95,0,11,11,3
68,seq34,r_7_144_163,seq123,r_7_144_163,0.98,1,164,163,3
92,seq106,r_134_42_138,r_99_53_93,r_99_53_93,0.64,0,93,93,3
32,r_122_75_115,seq85,seq123,r_122_75_115,0.87,3,118,115,3
77,seq70,seq23,r_10_0_114,r_10_0_114,0.98,0,114,114,3
8,r_41_38_184,r_48_35_51,r_56_16_126,r_41_38_184,0.82,1,185,184,3
75,seq68,seq130,r_131_109_64,r_131_109_64,0.97,0,64,64,3
3,r_111_102_90,r_83_31_145,r_90_112_95,r_83_31_145,0.61,-44,101,145,3
31,r_17_96_58,r_10_0_114,seq132,r_17_96_58,1.0,0,58,58,3
17,r_134_42_138,seq5,r_21_54_140,r_134_42_138,0.83,2,140,138,3
41,r_48_35_51,r_44_30_152,r_3_118_13,r_48_35_51,0.99,0,51,51,3
22,r_131_109_64,r_147_40_187,seq68,r_131_109_64,1.0,0,64,64,3
45,r_55_100_133,r_114_8_104,r_7_144_163,r_7_144_163,1.0,2,165,163,3
28,r_65_139_122,seq140,seq63,r_65_139_122,0.97,0,122,122,3
7,r_7_144_163,seq34,r_55_100_133,r_7_144_163,0.67,1,164,163,3
64,seq27,r_48_35_51,r_21_54_140,r_21_54_140,0.4,5,145,140,3
35,r_18_137_78,r_21_54_140,r_64_81_183,r_64_81_183,0.7,-98,85,183,3
12,r_105_125_65,seq135,seq24,r_105_125_65,1.0,0,65,65,3
93,seq113,seq20,r_59_9_27,r_59_9_27,0.9,116,143,27,4
30,r_60_38_87,seq114,seq46,r_60_38_87,1.0,1,88,87,4
36,r_6_75_142,seq31,seq97,r_6_75_142,0.95,0,142,142,4
43,r_21_99_102,seq136,seq114,r_21_99_102,0.76,0,102,102,4
54,seq5,seq86,r_58_87_51,r_58_87_51,1.0,42,93,51,4
37,r_81_39_151,seq146,r_91_111_41,r_81_39_151,0.54,0,151,151,4
28,r_119_55_47,seq132,r_23_48_74,r_23_48_74,1.0,6,80,74,4
45,r_59_9_27,r_57_133_45,seq25,r_59_9_27,1.0,0,27,27,4
39,r_23_48_74,seq11,r_119_55_47,r_23_48_74,0.98,0,74,74,4
43,r_21_99_102,seq114,r_134_66_157,r_134_66_157,0.99,1,158,157,4
1,r_40_42_175,seq14,r_24_131_181,r_40_42_175,0.6,0,175,175,4
46,r_137_139_189,r_73_1_177,r_18_115_104,r_18_115_104,0.99,3,107,104,4
46,r_137_139_189,r_120_84_69,r_73_1_177,r_120_84_69,0.92,11,80,69,4
42,r_47_37_99,seq20,r_96_52_83,r_47_37_99,1.0,0,99,99,4
35,r_92_116_32,seq107,seq11,r_92_116_32,0.96,1,33,32,4
19,r_10_88_78,r_129_140_86,r_120_84_69,r_10_88_78,0.98,0,78,78,4
14,r_57_133_45,r_149_103_75,seq97,r_57_133_45,0.79,4,49,45,4
31,r_22_122_139,seq64,seq114,r_22_122_139,0.61,0,139,139,4
41,r_72_143_61,seq112,seq31,r_72_143_61,1.0,0,61,61,4
85,seq100,r_36_76_169,r_44_2_31,r_44_2_31,0.64,14,45,31,4
3,r_96_52_83,seq146,r_92_116_32,r_96_52_83,1.0,1,84,83,4
10,r_117_67_76,r_60_38_87,seq128,r_117_67_76,0.98,0,76,76,4
26,r_135_82_127,r_65_69_36,seq147,r_135_82_127,0.95,0,127,127,4
0,r_73_1_177,r_137_139_189,r_81_39_151,r_73_1_177,0.44,0,177,177,4
2,r_70_93_110,r_36_76_169,r_126_144_94,r_70_93_110,0.9,3,113,110,4
20,r_101_50_161,r_141_30_100,seq79,r_101_50_161,0.55,-38,123,161,4
13,r_35_138_133,seq142,seq79,r_35_138_133,0.85,0,133,133,4
48,r_34_54_184,r_18_115_104,r_123_27_67,r_34_54_184,1.0,-80,104,184,4
46,r_137_139_189,r_18_115_104,seq107,r_137_139_189,0.93,0,189,189,4
8,r_41_4_22,r_119_55_47,seq142,r_41_4_22,0.77,3,25,22,4
27,r_120_84_69,r_137_139_189,r_10_88_78,r_120_84_69,0.95,4,73,69,4
87,seq106,seq110,r_58_87_51,r_58_87_51,1.0,66,117,51,4
12,r_91_111_41,r_102_89_73,seq11,r_91_111_41,1.0,0,41,41,4
2,r_70_93_110,r_123_27_67,r_36_76_169,r_123_27_67,1.0,0,67,67,4
47,r_134_66_157,seq127,r_21_99_102,r_21_99_102,0.57,57,159,102,4
40,r_36_76_169,r_70_93_110,seq31,r_70_93_110,0.44,25,135,110,4
18,r_45_19_112,seq16,seq43,r_45_19_112,0.95,0,112,112,4
29,r_18_115_104,r_34_54_184,r_137_139_189,r_18_115_104,1.0,0,104,104,4
94,seq114,r_21_99_102,r_22_122_139,r_22_122_139,0.99,0,139,139,4
24,r_102_89_73,seq26,seq108,r_102_89_73,1.0,1,74,73,4
34,r_149_103_75,seq110,r_90_56_183,r_90_56_183,0.78,0,183,183,4
28,r_119_55_47,seq5,seq132,r_119_55_47,0.75,1,48,47,4
33,r_0_15_63,seq3,seq64,r_0_15_63,0.95,0,63,63,4
48,r_34_54_184,r_123_27_67,seq105,r_34_54_184,0.66,0,184,184,4
50,seq128,seq26,r_117_67_76,r_117_67_76,1.0,4,80,76,4
53,seq132,r_65_69_36,r_119_55_47,r_119_55_47,1.0,1,48,47,4
68,seq31,r_6_75_142,seq3,r_6_75_142,0.99,1,143,142,4
61,seq16,r_45_19_112,seq79,r_45_19_112,0.99,0,112,112,4
32,r_17_61_95,r_80_78_192,r_96_52_83,r_17_61_95,0.97,0,95,95,4
38,r_129_140_86,r_104_94_103,seq14,r_129_140_86,0.71,5,91,86,4
34,r_149_103_75,seq13,seq110,r_149_103_75,0.99,9,84,75,4
40,r_36_76_169,seq31,r_101_50_161,r_36_76_169,0.92,1,170,169,4
35,r_92_116_32,seq11,r_96_52_83,r_96_52_83,1.0,5,88,83,4
60,seq14,r_40_42_175,seq124,r_40_42_175,0.95,-54,121,175,4
81,seq142,r_32_95_159,r_123_27_67,r_123_27_67,1.0,37,104,67,4
17,r_77_28_88,seq109,r_119_55_47,r_77_28_88,0.98,0,88,88,4
9,r_104_94_103,r_65_69_36,seq11,r_104_94_103,1.0,1,104,103,4
29,r_18_115_104,r_137_139_189,r_44_2_31,r_137_139_189,0.68,1,190,189,4
25,r_58_87_51,r_149_103_75,seq5,r_58_87_51,0.64,1,52,51,4
49,r_141_30_100,r_101_50_161,seq11,r_101_50_161,0.67,-57,104,161,4
7,r_123_27_67,r_70_93_110,seq142,r_123_27_67,1.0,0,67,67,4
44,r_126_144_94,r_101_50_161,r_44_2_31,r_126_144_94,1.0,0,94,94,4
5,r_44_2_31,r_119_55_47,seq100,r_44_2_31,0.82,0,31,31,4
23,r_80_78_192,r_17_61_95,seq128,r_17_61_95,0.98,0,95,95,4
6,r_85_63_19,seq14,seq146,r_85_63_19,1.0,0,19,19,4
8,r_57_35_150,seq20,seq2,r_57_35_150,0.81,0,150,150,5
10,r_61_80_134,r_113_116_190,r_71_144_33,r_71_144_33,1.0,7,40,33,5
43,r_86_36_140,seq101,seq138,r_86_36_140,0.89,0,140,140,5
37,r_22_140_187,r_88_131_133,seq126,r_88_131_133,1.0,-18,115,133,5
19,r_32_13_6,r_11_1_173,seq93,r_11_1_173,0.92,0,173,173,5
12,r_109_68_135,r_139_24_20,r_23_46_28,r_23_46_28,1.0,14,42,28,5
86,seq97,r_90_75_124,r_32_13_6,r_90_75_124,0.9,2,126,124,5
16,r_132_18_79,seq56,seq91,r_132_18_79,1.0,1,80,79,5
21,r_63_3_82,r_53_98_176,r_122_117_70,r_63_3_82,1.0,0,82,82,5
97,seq123,r_113_116_190,r_90_75_124,r_90_75_124,1.0,66,190,124,5
5,r_112_49_126,seq5,seq126,r_112_49_126,0.99,1,127,126,5
46,r_94_125_149,seq73,r_134_115_13,r_94_125_149,0.92,0,149,149,5
14,r_107_50_49,seq147,seq108,r_107_50_49,0.98,1,50,49,5
45,r_71_144_33,r_61_80_134,r_113_116_190,r_61_80_134,0.98,-50,84,134,5
42,r_23_46_28,seq108,r_109_68_135,r_23_46_28,1.0,0,28,28,5
34,r_11_1_173,seq93,r_32_13_6,r_32_13_6,0.52,43,49,6,5
24,r_21_127_51,r_70_128_143,r_74_59_146,r_21_127_51,1.0,93,144,51,5
39,r_14_81_15,r_74_59_146,r_90_75_124,r_14_81_15,0.92,112,127,15,5
31,r_99_39_170,seq69,seq20,r_99_39_170,0.71,0,170,170,5
41,r_9_34_61,seq149,seq56,r_9_34_61,1.0,0,61,61,5
23,r_70_128_143,r_21_127_51,r_142_65_45,r_70_128_143,0.82,0,143,143,5
26,r_25_106_102,seq138,seq26,r_25_106_102,1.0,0,102,102,5
4,r_77_76_130,seq67,r_139_24_20,r_77_76_130,0.99,0,130,130,5
11,r_90_75_124,seq97,r_14_81_15,r_90_75_124,0.95,1,125,124,5
15,r_41_84_144,seq29,r_25_106_102,r_41_84_144,0.96,0,144,144,5
48,r_113_116_190,seq123,r_33_79_37,r_33_79_37,0.91,153,190,37,5
12,r_109_68_135,r_23_46_28,r_17_146_84,r_109_68_135,0.97,0,135,135,5
6,r_6_4_103,r_122_117_70,seq20,r_6_4_103,1.0,1,104,103,5
38,r_145_85_27,seq2,seq138,r_145_85_27,1.0,1,28,27,5
3,r_66_96_12,seq62,seq148,r_66_96_12,0.94,0,12,12,5
0,r_74_59_146,r_14_81_15,r_21_127_51,r_74_59_146,0.91,0,146,146,5
10,r_61_80_134,r_71_144_33,r_0_58_85,r_61_80_134,0.89,0,134,134,5
27,r_141_102_78,seq147,r_57_35_150,r_141_102_78,0.77,1,79,78,5
51,seq2,seq92,r_57_35_150,r_57_35_150,0.67,2,152,150,5
24,r_21_127_51,seq95,r_70_128_143,r_21_127_51,1.0,1,52,51,5
40,r_122_117_70,seq37,r_63_3_82,r_63_3_82,1.0,15,97,82,5
29,r_17_146_84,r_0_58_85,seq101,r_0_58_85,0.78,-1,84,85,5
57,seq12,seq123,r_60_133_58,r_60_133_58,0.74,-2,56,58,5
27,r_141_102_78,r_57_35_150,r_66_96_12,r_141_102_78,0.3,44,122,78,5
34,r_11_1_173,r_32_13_6,seq108,r_11_1_173,0.73,0,173,173,5
45,r_71_144_33,r_113_116_190,r_90_75_124,r_90_75_124,0.98,66,190,124,5
35,r_53_98_176,r_27_82_35,seq69,r_27_82_35,0.57,146,181,35,5
33,r_87_120_123,seq126,r_63_3_82,r_87_120_123,0.99,0,123,123,5
64,seq29,r_70_128_143,r_21_127_51,r_21_127_51,0.91,94,145,51,5
13,r_27_82_35,r_139_24_20,r_53_98_176,r_27_82_35,1.0,0,35,35,5
42,r_23_46_28,r_109_68_135,r_139_24_20,r_109_68_135,0.99,0,135,135,5
32,r_83_42_179,seq137,r_88_131_133,r_83_42_179,0.62,0,179,179,5
52,seq5,r_112_49_126,r_134_115_13,r_112_49_126,0.99,1,127,126,5
18,r_142_65_45,r_70_128_143,seq147,r_142_65_45,1.0,1,46,45,5
0,r_74_59_146,seq55,r_14_81_15,r_14_81_15,1.0,-1,14,15,5
51,seq2,r_145_85_27,seq92,r_145_85_27,0.99,4,31,27,5
87,seq148,r_109_68_135,r_66_96_12,r_66_96_12,0.96,1,13,12,5
27,r_141_102_78,r_66_96_12,seq136,r_141_102_78,0.59,81,159,78,5
2,r_118_44_31,seq40,seq78,r_118_44_31,1.0,0,31,31,5
17,r_88_131_133,r_22_140_187,r_145_85_27,r_88_131_133,0.98,1,134,133,5
45,r_71_144_33,r_122_117_70,r_61_80_134,r_71_144_33,1.0,0,33,33,5
39,r_14_81_15,seq93,r_74_59_146,r_14_81_15,1.0,0,15,15,5
9,r_38_130_65,r_87_120_123,r_134_115_13,r_38_130_65,1.0,1,66,65,5
37,r_22_140_187,seq126,seq51,r_22_140_187,0.82,1,188,187,5
22,r_33_79_37,r_11_1_173,seq56,r_33_79_37,1.0,0,37,37,5
80,seq78,seq28,r_118_44_31,r_118_44_31,1.0,14,45,31,5
49,r_47_114_148,seq101,seq29,r_47_114_148,0.91,0,148,148,5
7,r_31_111_87,seq7,seq55,r_31_111_87,0.96,0,87,87,5
44,r_0_58_85,r_17_146_84,seq95,r_0_58_85,1.0,0,85,85,5
23,r_70_128_143,seq29,r_21_127_51,r_21_127_51,1.0,43,94,51,5
20,r_60_133_58,r_83_42_179,seq12,r_60_133_58,1.0,0,58,58,5
82,seq91,seq93,r_132_18_79,r_132_18_79,1.0,23,102,79,5
35,r_53_98_176,r_63_3_82,r_27_82_35,r_53_98_176,0.98,-94,82,176,5
36,r_134_115_13,r_99_39_170,seq40,r_134_115_13,1.0,0,13,13,5
93,seq107,r_100_60_119,r_118_76_80,r_118_76_80,0.99,38,118,80,6
14,r_14_51_77,r_118_76_80,r_33_115_193,r_14_51_77,1.0,0,77,77,6
8,r_46_34_124,seq144,seq66,r_46_34_124,0.79,0,124,124,6
58,seq12,seq133,r_52_21_163,r_52_21_163,0.81,4,167,163,6
43,r_149_64_107,r_100_60_119,seq16,r_149_64_107,0.98,1,108,107,6
81,seq72,r_143_132_55,r_136_108_24,r_143_132_55,0.92,0,55,55,6
83,seq75,r_123_15_157,r_57_55_3,r_123_15_157,0.81,-27,130,157,6
12,r_13_44_53,r_62_25_64,r_30_69_150,r_30_69_150,0.94,17,167,150,6
59,seq141,r_122_78_103,seq45,r_122_78_103,1.0,-1,102,103,6
39,r_24_95_142,r_137_86_162,r_57_55_3,r_24_95_142,1.0,0,142,142,6
1,r_118_76_80,seq73,seq107,r_118_76_80,0.99,0,80,80,6
42,r_125_63_102,seq35,r_57_55_3,r_125_63_102,1.0,0,102,102,6
69,seq36,seq50,r_28_18_126,r_28_18_126,1.0,41,167,126,6
25,r_87_128_41,r_0_42_136,r_101_37_25,r_0_42_136,0.69,-95,41,136,6
23,r_101_37_25,r_0_42_136,seq35,r_101_37_25,1.0,4,29,25,6
41,r_56_54_87,seq121,seq109,r_56_54_87,0.93,1,88,87,6
89,seq94,seq8,r_118_76_80,r_118_76_80,1.0,36,116,80,6
3,r_137_86_162,seq93,seq133,r_137_86_162,0.81,0,162,162,6
10,r_0_42_136,seq27,seq36,r_0_42_136,0.88,0,136,136,6
26,r_30_69_150,seq35,r_13_44_53,r_30_69_150,0.81,0,150,150,6
72,seq41,r_82_1_177,r_100_60_119,r_100_60_119,0.56,24,143,119,6
4,r_28_18_126,r_130_129_73,r_13_44_53,r_28_18_126,0.98,-65,61,126,6
78,seq66,seq41,r_46_34_124,r_46_34_124,1.0,1,125,124,6
0,r_122_78_103,seq141,r_105_79_71,r_122_78_103,1.0,0,103,103,6
63,seq22,r_106_110_149,seq2,r_106_110_149,0.96,0,149,149,6
11,r_130_129_73,r_28_18_126,seq40,r_130_129_73,0.97,0,73,73,6
20,r_33_115_193,r_88_84_84,r_14_51_77,r_33_115_193,0.99,-113,80,193,6
48,r_100_60_119,seq107,seq41,r_100_60_119,0.8,0,119,119,6
49,r_89_29_180,r_148_74_37,r_106_110_149,r_89_29_180,0.71,0,180,180,6
4,r_28_18_126,r_13_44_53,seq36,r_28_18_126,1.0,0,126,126,6
34,r_143_132_55,seq72,seq133,r_143_132_55,1.0,0,55,55,6
45,r_145_19_125,r_68_26_75,seq112,r_68_26_75,0.86,-19,56,75,6
12,r_13_44_53,r_28_18_126,r_62_25_64,r_28_18_126,0.89,-13,113,126,6
28,r_148_74_37,r_130_129_73,r_89_29_180,r_148_74_37,0.99,0,37,37,6
5,r_47_146_21,r_105_79_71,seq147,r_105_79_71,1.0,-3,68,71,6
6,r_52_21_163,seq102,seq12,r_52_21_163,0.77,0,163,163,6
13,r_83_135_16,seq147,seq53,r_83_135_16,1.0,0,16,16,6
37,r_116_85_40,r_65_10_56,seq8,r_116_85_40,1.0,0,40,40,6
99,seq121,r_56_54_87,r_0_42_136,r_0_42_136,0.63,-4,132,136,6
27,r_82_1_177,seq41,r_106_110_149,r_106_110_149,0.65,28,177,149,6
15,r_68_26_75,r_136_108_24,r_39_59_7,r_68_26_75,0.91,-3,72,75,6
49,r_89_29_180,r_126_104_190,r_148_74_37,r_148_74_37,1.0,0,37,37,6
22,r_113_5_169,r_118_76_80,r_103_58_35,r_113_5_169,0.77,1,170,169,6
2,r_61_97_88,r_46_34_124,r_39_59_7,r_61_97_88,1.0,2,90,88,6
40,r_124_98_133,seq90,seq144,r_124_98_133,0.91,0,133,133,6
36,r_127_131_9,seq8,seq31,r_127_131_9,1.0,1,10,9,6
29,r_62_25_64,seq40,seq32,r_62_25_64,1.0,0,64,64,6
16,r_103_58_35,seq66,r_77_99_14,r_103_58_35,0.96,2,37,35,6
33,r_88_84_84,r_33_115_193,r_105_79_71,r_88_84_84,0.97,0,84,84,6
82,seq73,seq138,r_142_7_153,r_142_7_153,1.0,4,157,153,6
88,seq93,r_24_95_142,r_77_99_14,r_24_95_142,0.67,-1,141,142,6
62,seq147,seq8,r_145_19_125,r_145_19_125,1.0,4,129,125,6
47,r_136_108_24,r_13_44_53,seq72,r_136_108_24,0.82,0,24,24,6
68,seq35,r_125_63_102,seq109,r_125_63_102,1.0,-14,88,102,6
38,r_91_6_81,seq111,r_68_26_75,r_91_6_81,1.0,0,81,81,6
52,seq133,seq40,r_143_132_55,r_143_132_55,1.0,42,97,55,6
77,seq140,r_20_4_187,seq9,r_20_4_187,0.89,1,188,187,6
5,r_47_146_21,seq134,r_105_79_71,r_47_146_21,0.67,0,21,21,6
76,seq53,seq67,r_83_135_16,r_83_135_16,0.87,0,16,16,6
15,r_68_26_75,seq112,r_136_108_24,r_68_26_75,0.71,-44,31,75,6
75,seq50,seq36,r_123_15_157,r_123_15_157,1.0,10,167,157,6
12,r_13_44_53,r_33_115_193,r_28_18_126,r_13_44_53,0.97,0,53,53,6
45,r_145_19_125,seq112,seq147,r_145_19_125,1.0,0,125,125,6
17,r_142_7_153,r_113_5_169,seq73,r_142_7_153,0.77,0,153,153,6
9,r_123_15_157,seq75,seq50,r_123_15_157,0.95,0,157,157,6
90,seq96,seq144,r_149_64_107,r_149_64_107,0.99,7,114,107,6
28,r_148_74_37,r_89_29_180,seq48,r_89_29_180,0.95,0,180,180,6
22,r_113_5_169,r_100_60_119,r_118_76_80,r_118_76_80,0.88,3,83,80,6
18,r_105_79_71,r_136_108_24,r_122_78_103,r_122_78_103,1.0,-1,102,103,6
60,seq16,seq96,r_46_34_124,r_46_34_124,0.52,-100,24,124,6
91,seq144,r_46_34_124,r_65_10_56,r_65_10_56,0.93,11,67,56,6
24,r_65_10_56,r_116_85_40,r_124_98_133,r_116_85_40,0.76,0,40,40,6
7,r_106_110_149,seq22,r_68_26_75,r_106_110_149,1.0,0,149,149,6
18,r_105_79_71,r_47_146_21,r_136_108_24,r_105_79_71,0.98,0,71,71,6
82,seq73,r_118_76_80,seq138,r_118_76_80,1.0,0,80,80,6
35,r_43_81_134,r_137_86_162,r_130_129_73,r_130_129_73,0.9,61,134,73,6
30,r_77_99_14,r_46_34_124,seq93,r_77_99_14,0.98,0,14,14,6
30,r_114_99_160,r_101_36_196,r_123_90_102,r_114_99_160,0.89,0,160,160,7
44,r_98_56_140,r_85_93_19,seq135,r_98_56_140,0.64,0,140,140,7
94,seq112,r_85_93_19,seq111,r_85_93_19,0.97,-1,18,19,7
9,r_67_64_4,r_145_20_106,r_123_90_102,r_123_90_102,0.67,4,106,102,7
22,r_115_83_39,r_70_38_59,seq146,r_115_83_39,1.0,0,39,39,7
92,seq107,r_57_129_139,r_13_118_67,r_13_118_67,0.88,73,140,67,7
14,r_101_36_196,r_114_99_160,r_47_25_136,r_114_99_160,0.61,0,160,160,7
53,seq132,r_123_90_102,r_105_27_190,r_123_90_102,1.0,0,102,102,7
43,r_96_51_76,r_0_74_195,seq104,r_96_51_76,1.0,0,76,76,7
27,r_50_34_150,seq66,seq137,r_50_34_150,0.82,0,150,150,7
37,r_138_58_174,seq100,seq37,r_138_58_174,0.56,0,174,174,7
45,r_144_46_20,r_91_134_103,seq87,r_144_46_20,0.84,-1,19,20,7
16,r_105_27_190,seq132,r_60_53_1,r_60_53_1,0.76,189,190,1,7
21,r_72_97_154,seq135,r_19_140_95,r_72_97_154,0.64,6,160,154,7
39,r_12_16_132,seq26,seq120,r_12_16_132,0.9,0,132,132,7
1,r_47_25_136,r_89_48_179,r_95_136_43,r_47_25_136,0.92,0,136,136,7
5,r_70_38_59,seq130,r_71_81_163,r_70_38_59,0.88,-11,48,59,7
42,r_123_90_102,seq132,r_67_64_4,r_123_90_102,0.99,0,102,102,7
41,r_24_5_30,seq10,r_73_109_94,r_24_5_30,1.0,0,30,30,7
23,r_117_6_44,r_0_74_195,r_71_81_163,r_117_6_44,0.99,0,44,44,7
19,r_13_118_67,r_98_56_140,seq107,r_13_118_67,1.0,0,67,67,7
38,r_43_9_40,seq87,r_85_93_19,r_43_9_40,1.0,0,40,40,7
95,seq120,seq1,r_12_16_132,r_12_16_132,1.0,10,142,132,7
31,r_73_109_94,seq29,r_24_5_30,r_24_5_30,0.95,33,63,30,7
10,r_128_78_90,r_65_113_101,seq15,r_128_78_90,0.97,-3,87,90,7
44,r_98_56_140,r_13_118_67,r_85_93_19,r_98_56_140,0.9,-119,21,140,7
26,r_65_113_101,r_89_48_179,r_115_83_39,r_65_113_101,1.0,0,101,101,7
0,r_147_126_61,r_89_48_179,r_95_136_43,r_147_126_61,1.0,0,61,61,7
11,r_18_149_166,r_17_77_176,r_43_9_40,r_43_9_40,0.86,126,166,40,7
31,r_73_109_94,r_24_5_30,seq1,r_73_109_94,0.76,0,94,94,7
98,seq124,r_114_99_160,r_147_126_61,r_147_126_61,0.95,53,114,61,7
46,r_145_20_106,r_67_64_4,r_70_38_59,r_145_20_106,0.98,0,106,106,7
15,r_17_77_176,seq3,r_19_140_95,r_17_77_176,0.45,0,176,176,7
48,r_89_48_179,r_65_113_101,r_91_134_103,r_89_48_179,0.99,-76,103,179,7
36,r_85_93_19,seq112,r_98_56_140,r_85_93_19,0.92,0,19,19,7
32,r_54_119_66,seq52,seq1,r_54_119_66,0.82,53,119,66,7
12,r_91_134_103,r_89_48_179,seq111,r_89_48_179,0.93,0,179,179,7
6,r_30_49_86,seq120,seq42,r_30_49_86,1.0,0,86,86,7
47,r_71_81_163,r_35_14_143,r_70_38_59,r_71_81_163,0.82,-115,48,163,7
98,seq124,r_147_126_61,r_61_32_144,r_61_32_144,0.52,-2,142,144,7
5,r_70_38_59,r_71_81_163,r_145_20_106,r_70_38_59,0.88,104,163,59,7
0,r_147_126_61,r_95_136_43,r_47_25_136,r_47_25_136,1.0,23,159,136,7
36,r_85_93_19,r_98_56_140,r_19_140_95,r_85_93_19,0.71,77,96,19,7
27,r_50_34_150,r_116_92_93,seq66,r_50_34_150,0.77,-57,93,150,7
53,seq132,r_105_27_190,seq82,r_105_27_190,0.79,0,190,190,7
67,seq26,r_12_16_132,r_28_8_18,r_28_8_18,0.99,0,18,18,7
22,r_115_83_39,seq146,r_65_113_101,r_65_113_101,1.0,19,120,101,7
2,r_116_92_93,r_50_34_150,seq52,r_116_92_93,1.0,0,93,93,7
41,r_24_5_30,r_73_109_94,seq142,r_73_109_94,1.0,0,94,94,7
29,r_40_108_124,seq11,r_116_92_93,r_40_108_124,0.81,0,124,124,7
18,r_28_8_18,r_131_143_98,seq26,r_28_8_18,1.0,1,19,18,7
33,r_35_14_143,r_61_32_144,seq146,r_61_32_144,0.64,-1,143,144,7
48,r_89_48_179,r_91_134_103,r_70_38_59,r_89_48_179,0.34,0,179,179,7
47,r_71_81_163,r_70_38_59,r_65_113_101,r_71_81_163,0.91,0,163,163,7
3,r_2_76_47,r_13_118_67,r_28_8_18,r_2_76_47,1.0,0,47,47,7
20,r_95_136_43,r_13_118_67,r_101_36_196,r_95_136_43,0.97,1,44,43,7
32,r_54_119_66,seq133,seq52,r_54_119_66,0.99,0,66,66,7
52,seq3,r_17_77_176,seq139,r_17_77_176,0.98,0,176,176,7
20,r_95_136_43,r_101_36_196,r_147_126_61,r_147_126_61,0.9,2,63,61,7
20,r_95_136_43,r_147_126_61,r_47_25_136,r_47_25_136,0.99,9,145,136,7
14,r_101_36_196,r_47_25_136,r_110_69_182,r_110_69_182,0.52,2,184,182,7
75,seq52,r_19_140_95,r_116_92_93,r_116_92_93,0.6,2,95,93,7
17,r_61_32_144,r_35_14_143,seq124,r_61_32_144,0.9,0,144,144,7
28,r_57_129_139,seq107,seq39,r_57_129_139,0.63,0,139,139,7
49,r_41_84_128,r_105_27_190,r_70_38_59,r_41_84_128,0.85,0,128,128,7
7,r_19_140_95,seq52,r_85_93_19,r_19_140_95,0.96,0,95,95,7
82,seq75,r_71_81_163,r_145_20_106,r_145_20_106,0.6,31,137,106,7
12,r_91_134_103,r_71_81_163,r_89_48_179,r_91_134_103,0.97,0,103,103,7
23,r_117_6_44,r_71_81_163,seq62,r_71_81_163,0.57,-28,135,163,7
30,r_147_92_148,seq142,seq35,r_147_92_148,0.68,1,149,148,8
92,seq100,r_93_74_171,r_119_4_47,r_119_4_47,1.0,124,171,47,8
14,r_131_9_140,r_28_109_151,r_91_36_53,r_131_9_140,0.69,0,140,140,8
8,r_114_124_94,r_86_56_123,seq43,r_114_124_94,1.0,1,95,94,8
43,r_135_122_117,seq115,r_113_98_183,r_135_122_117,0.99,0,117,117,8
73,seq42,r_119_4_47,r_88_97_184,r_119_4_47,1.0,0,47,47,8
24,r_86_56_123,r_148_107_95,seq141,r_148_107_95,0.66,60,155,95,8
22,r_34_123_17,seq145,seq106,r_34_123_17,1.0,0,17,17,8
86,seq141,r_70_125_136,r_138_33_82,r_138_33_82,0.56,55,137,82,8
16,r_112_102_124,seq2,seq38,r_112_102_124,0.94,0,124,124,8
21,r_121_73_182,seq0,r_28_109_151,r_121_73_182,0.46,0,182,182,8
39,r_15_47_146,seq130,r_138_33_82,r_15_47_146,0.81,0,146,146,8
5,r_136_146_144,seq38,r_24_140_44,r_136_146_144,0.72,0,144,144,8
46,r_88_97_184,seq42,seq0,r_88_97_184,0.42,1,185,184,8
80,seq66,r_69_65_178,r_149_61_61,r_149_61_61,1.0,117,178,61,8
19,r_64_144_197,r_71_67_119,r_91_36_53,r_91_36_53,1.0,10,63,53,8
13,r_113_98_183,r_135_122_117,r_69_65_178,r_113_98_183,0.82,0,183,183,8
49,r_91_36_53,seq141,r_64_144_197,r_91_36_53,1.0,0,53,53,8
27,r_85_14_67,seq68,r_148_107_95,r_148_107_95,0.57,53,148,95,8
65,seq25,seq134,r_90_116_13,r_90_116_13,1.0,27,40,13,8
31,r_70_125_136,seq141,seq12,r_70_125_136,0.62,5,141,136,8
41,r_83_10_116,seq5,seq89,r_83_10_116,0.97,0,116,116,8
3,r_77_143_98,r_121_73_182,r_45_80_66,r_45_80_66,0.92,32,98,66,8
10,r_27_128_188,seq76,r_149_61_61,r_149_61_61,1.0,127,188,61,8
96,seq106,r_15_47_146,r_34_123_17,r_34_123_17,0.93,2,19,17,8
11,r_44_111_69,r_28_109_151,seq68,r_44_111_69,1.0,0,69,69,8
13,r_113_98_183,r_32_39_152,r_135_122_117,r_135_122_117,1.0,35,152,117,8
4,r_108_60_19,seq35,r_17_84_32,r_17_84_32,0.65,51,83,32,8
6,r_148_107_95,r_64_144_197,r_85_14_67,r_148_107_95,1.0,1,96,95,8
99,seq126,r_41_3_187,r_149_61_61,r_149_61_61,1.0,126,187,61,8
17,r_24_140_44,r_87_8_160,r_30_51_24,r_24_140_44,1.0,0,44,44,8
38,r_139_101_11,seq68,r_78_31_176,r_139_101_11,0.99,2,13,11,8
27,r_85_14_67,seq126,seq68,r_85_14_67,0.99,3,70,67,8
4,r_108_60_19,r_94_52_39,seq35,r_108_60_19,1.0,0,19,19,8
35,r_94_52_39,seq38,seq37,r_94_52_39,0.46,9,48,39,8
87,seq82,seq16,r_46_55_110,r_46_55_110,0.98,24,134,110,8
43,r_135_122_117,r_113_98_183,seq23,r_113_98_183,1.0,-7,176,183,8
2,r_28_109_151,r_27_128_188,seq104,r_28_109_151,0.93,0,151,151,8
47,r_46_55_110,seq141,seq82,r_46_55_110,0.93,1,111,110,8
40,r_20_127_131,seq130,seq104,r_20_127_131,0.98,0,131,131,8
74,seq43,r_64_144_197,r_114_124_94,r_114_124_94,1.0,4,98,94,8
18,r_45_80_66,r_131_9_140,seq2,r_45_80_66,1.0,0,66,66,8
24,r_86_56_123,seq37,r_148_107_95,r_86_56_123,0.72,0,123,123,8
25,r_81_18_68,r_112_102_124,seq105,r_81_18_68,1.0,0,68,68,8
33,r_149_61_61,r_147_92_148,seq66,r_149_61_61,1.0,0,61,61,8
69,seq35,seq145,r_108_60_19,r_108_60_19,1.0,1,20,19,8
42,r_119_4_47,seq42,seq100,r_119_4_47,1.0,0,47,47,8
20,r_17_84_32,seq23,r_108_60_19,r_108_60_19,0.86,13,32,19,8
70,seq37,r_86_56_123,r_94_52_39,r_86_56_123,1.0,0,123,123,8
45,r_50_11_15,r_113_98_183,seq2,r_50_11_15,0.96,0,15,15,8
32,r_57_75_103,seq23,r_24_140_44,r_57_75_103,1.0,0,103,103,8
98,seq118,seq13,r_30_51_24,r_30_51_24,0.99,16,40,24,8
34,r_32_39_152,r_113_98_183,seq23,r_113_98_183,0.83,-28,155,183,8
7,r_90_116_13,r_15_47_146,seq25,r_90_116_13,0.99,0,13,13,8
94,seq104,seq22,r_20_127_131,r_20_127_131,1.0,4,135,131,8
28,r_41_3_187,seq126,r_90_116_13,r_41_3_187,0.55,0,187,187,8
73,seq42,r_88_97_184,seq53,r_88_97_184,0.52,1,185,184,8
29,r_30_51_24,r_113_98_183,seq118,r_30_51_24,1.0,0,24,24,8
56,seq129,r_21_7_125,r_87_8_160,r_21_7_125,0.99,0,125,125,8
18,r_45_80_66,seq2,r_77_143_98,r_77_143_98,0.68,42,140,98,8
44,r_21_7_125,seq129,r_114_124_94,r_21_7_125,0.55,0,125,125,8
23,r_110_137_63,r_121_73_182,seq29,r_110_137_63,1.0,0,63,63,8
79,seq63,r_85_14_67,r_149_61_61,r_149_61_61,0.9,0,61,61,8
93,seq113,r_5_13_153,r_116_90_92,r_116_90_92,0.64,61,153,92,9
40,r_105_62_160,seq32,r_38_40_68,r_105_62_160,0.81,1,161,160,9
43,r_132_57_154,r_65_114_127,r_54_7_177,r_65_114_127,0.96,0,127,127,9
83,seq89,seq135,r_97_133_130,r_97_133_130,1.0,7,137,130,9
37,r_54_7_177,seq95,r_38_40_68,r_38_40_68,0.44,109,177,68,9
3,r_17_107_175,r_38_40_68,seq141,r_17_107_175,0.86,1,176,175,9
52,seq136,r_75_28_44,seq102,r_75_28_44,0.83,2,46,44,9
55,seq12,r_111_3_83,r_33_68_15,r_111_3_83,1.0,1,84,83,9
21,r_149_123_128,seq35,seq136,r_149_123_128,0.95,2,130,128,9
39,r_27_110_100,seq71,r_58_43_73,r_27_110_100,1.0,0,100,100,9
1,r_111_3_83,seq12,seq112,r_111_3_83,0.81,1,84,83,9
16,r_75_28_44,seq136,seq11,r_75_28_44,1.0,0,44,44,9
46,r_131_76_147,seq79,seq95,r_131_76_147,0.97,0,147,147,9
33,r_63_69_144,r_22_81_199,r_145_91_11,r_145_91_11,0.67,27,38,11,9
90,seq106,r_66_20_25,r_54_7_177,r_66_20_25,1.0,-2,23,25,9
7,r_51_122_55,seq137,seq11,r_51_122_55,1.0,0,55,55,9
69,seq45,r_10_86_179,r_6_64_56,r_6_64_56,1.0,123,179,56,9
45,r_70_2_165,r_46_53_119,seq121,r_46_53_119,0.84,7,126,119,9
33,r_63_69_144,r_145_91_11,seq12,r_63_69_144,0.88,0,144,144,9
24,r_22_81_199,r_145_91_11,r_25_85_148,r_25_85_148,1.0,0,148,148,9
6,r_8_87_34,seq103,r_50_30_186,r_8_87_34,1.0,0,34,34,9
38,r_29_47_111,r_14_118_41,seq112,r_29_47_111,1.0,0,111,111,9
41,r_98_73_89,r_105_62_160,seq106,r_98_73_89,0.97,0,89,89,9
3,r_17_107_175,r_29_47_111,r_38_40_68,r_17_107_175,0.82,-105,70,175,9
10,r_24_26_62,seq15,seq71,r_24_26_62,1.0,0,62,62,9
34,r_65_114_127,r_111_3_83,r_5_13_153,r_5_13_153,1.0,1,154,153,9
45,r_70_2_165,seq121,seq109,r_70_2_165,0.9,0,165,165,9
26,r_38_40_68,seq102,seq19,r_38_40_68,1.0,0,68,68,9
8,r_14_118_41,r_29_47_111,r_127_104_19,r_29_47_111,1.0,-1,110,111,9
4,r_134_100_145,seq56,seq136,r_134_100_145,0.63,0,145,145,9
86,seq99,seq125,r_55_41_6,r_55_41_6,1.0,4,10,6,9
0,r_50_30_186,seq109,r_8_87_34,r_8_87_34,0.99,62,96,34,9
20,r_52_74_77,seq23,seq141,r_52_74_77,0.95,0,77,77,9
13,r_116_90_92,r_27_110_100,seq113,r_116_90_92,1.0,0,92,92,9
98,seq125,seq99,r_138_67_78,r_138_67_78,1.0,20,98,78,9
15,r_130_92_101,r_96_18_195,r_24_26_62,r_130_92_101,1.0,3,104,101,9
48,r_82_119_21,seq19,seq142,r_82_119_21,0.73,0,21,21,9
47,r_37_124_117,r_25_85_148,r_63_69_144,r_37_124_117,1.0,30,147,117,9
85,seq95,r_54_7_177,r_131_76_147,r_131_76_147,0.52,1,148,147,9
63,seq23,r_51_122_55,r_46_53_119,r_46_53_119,0.92,1,120,119,9
52,seq136,seq102,r_149_123_128,r_149_123_128,1.0,0,128,128,9
0,r_50_30_186,r_8_87_34,r_52_74_77,r_8_87_34,0.45,152,186,34,9
8,r_14_118_41,r_75_28_44,r_29_47_111,r_14_118_41,1.0,0,41,41,9
38,r_29_47_111,r_17_107_175,r_14_118_41,r_14_118_41,1.0,1,42,41,9
47,r_37_124_117,r_22_81_199,r_25_85_148,r_37_124_117,0.74,0,117,117,9
40,r_105_62_160,r_98_73_89,seq32,r_98_73_89,0.99,0,89,89,9
14,r_36_4_47,seq95,seq72,r_36_4_47,0.99,0,47,47,9
74,seq139,r_97_133_130,seq143,r_97_133_130,1.0,0,130,130,9
29,r_127_104_19,r_29_47_111,r_38_40_68,r_127_104_19,0.82,73,92,19,9
12,r_6_64_56,seq103,seq144,r_6_64_56,1.0,-1,55,56,9
24,r_22_81_199,r_37_124_117,r_145_91_11,r_37_124_117,0.67,0,117,117,9
25,r_140_148_69,seq146,r_36_4_47,r_140_148_69,0.98,0,69,69,9
92,seq112,r_111_3_83,r_29_47_111,r_29_47_111,0.88,8,119,111,9
2,r_1_128_30,r_5_13_153,seq79,r_1_128_30,1.0,0,30,30,9
44,r_66_20_25,seq106,r_93_44_3,r_66_20_25,1.0,0,25,25,9
6,r_8_87_34,r_50_30_186,r_70_2_165,r_8_87_34,0.51,152,186,34,9
65,seq32,r_105_62_160,r_94_16_108,r_94_16_108,0.83,53,161,108,9
49,r_58_43_73,seq102,r_27_110_100,r_27_110_100,1.0,6,106,100,9
61,seq19,r_17_107_175,r_38_40_68,r_38_40_68,1.0,57,125,68,9
32,r_46_53_119,r_70_2_165,seq23,r_46_53_119,0.87,0,119,119,9
34,r_65_114_127,r_132_57_154,r_111_3_83,r_132_57_154,0.6,-26,128,154,9
57,seq142,seq101,r_82_119_21,r_82_119_21,1.0,1,22,21,9
60,seq146,r_140_148_69,r_129_147_97,r_140_148_69,1.0,0,69,69,9
17,r_39_78_125,r_65_114_127,r_22_81_199,r_39_78_125,0.91,0,125,125,9
9,r_97_133_130,seq139,seq89,r_97_133_130,0.93,0,130,130,9
90,seq106,r_54_7_177,r_98_73_89,r_98_73_89,0.92,0,89,89,9
31,r_145_91_11,r_63_69_144,r_39_78_125,r_39_78_125,0.48,9,134,125,9
22,r_61_48_60,seq117,seq141,r_61_48_60,0.95,2,62,60,9
31,r_145_91_11,r_29_47_111,r_63_69_144,r_145_91_11,0.95,0,11,11,9
76,seq72,seq77,r_36_4_47,r_36_4_47,0.86,0,47,47,9
28,r_94_16_108,seq109,seq32,r_94_16_108,1.0,0,108,108,9
1,r_111_3_83,seq112,r_65_114_127,r_65_114_127,0.92,1,128,127,9
18,r_108_59_27,seq141,seq56,r_108_59_27,1.0,-2,25,27,9
91,seq109,r_50_30_186,r_8_87_34,r_8_87_34,0.73,102,136,34,9
89,seq103,seq60,r_108_59_27,r_108_59_27,0.57,70,97,27,9
56,seq141,seq113,r_52_74_77,r_52_74_77,1.0,6,83,77,9
23,r_138_67_78,seq112,seq125,r_138_67_78,0.99,0,78,78,9
89,seq103,r_8_87_34,r_111_3_83,r_8_87_34,0.58,0,34,34,9
43,r_132_57_154,r_54_7_177,r_134_100_145,r_132_57_154,0.84,0,154,154,9
55,seq12,r_33_68_15,r_63_69_144,r_63_69_144,1.0,3,147,144,9
23,r_62_137_52,seq84,seq76,r_62_137_52,1.0,0,52,52,10
91,seq106,r_34_45_50,r_9_78_170,r_34_45_50,0.86,0,50,50,10
30,r_121_42_191,r_114_33_128,r_13_128_132,r_121_42_191,0.88,-63,128,191,10
51,seq4,r_20_54_57,r_71_57_1,r_20_54_57,0.46,77,134,57,10
6,r_80_22_32,seq139,seq100,r_80_22_32,1.0,0,32,32,10
14,r_111_69_107,r_88_44_108,seq0,r_88_44_108,0.84,4,112,108,10
8,r_24_7_175,seq23,r_122_123_88,r_122_123_88,0.98,86,174,88,10
49,r_31_115_169,r_67_81_71,r_20_54_57,r_31_115_169,0.74,1,170,169,10
43,r_15_64_131,seq84,r_129_65_72,r_15_64_131,0.9,0,131,131,10
86,seq96,r_49_63_117,r_119_46_96,r_119_46_96,1.0,24,120,96,10
16,r_18_52_100,r_114_33_128,seq12,r_18_52_100,0.63,0,100,100,10
21,r_35_32_146,seq21,seq76,r_35_32_146,0.97,0,146,146,10
1,r_61_144_18,seq0,r_89_75_11,r_61_144_18,0.62,0,18,18,10
5,r_109_26_78,seq19,seq76,r_109_26_78,0.98,0,78,78,10
42,r_50_5_145,r_97_1_159,r_114_33_128,r_50_5_145,0.93,0,145,145,10
19,r_88_44_108,r_111_69_107,r_80_22_32,r_88_44_108,0.97,2,110,108,10
41,r_92_38_73,r_97_1_159,r_122_123_88,r_92_38_73,0.7,20,93,73,10
3,r_20_54_57,seq4,r_31_115_169,r_20_54_57,0.28,113,170,57,10
90,seq105,r_114_33_128,r_16_91_15,r_114_33_128,0.61,-58,70,128,10
15,r_16_91_15,seq51,seq105,r_16_91_15,0.99,0,15,15,10
9,r_103_14_27,r_130_53_19,seq74,r_103_14_27,1.0,0,27,27,10
47,r_97_1_159,r_122_123_88,r_18_52_100,r_97_1_159,0.85,0,159,159,10
11,r_140_41_74,r_102_60_2,r_72_17_60,r_72_17_60,0.57,13,73,60,10
13,r_122_123_88,r_3_86_130,r_92_38_73,r_122_123_88,0.99,2,90,88,10
48,r_82_48_69,r_147_148_162,seq93,r_82_48_69,1.0,1,70,69,10
12,r_73_43_172,seq143,r_129_65_72,r_73_43_172,0.42,2,174,172,10
27,r_130_53_19,seq145,r_36_118_30,r_36_118_30,0.97,3,33,30,10
46,r_27_6_195,r_13_128_132,r_89_75_11,r_27_6_195,0.74,-155,40,195,10
33,r_149_37_46,seq23,r_83_11_31,r_149_37_46,1.0,0,46,46,10
40,r_114_33_128,r_67_81_71,r_50_5_145,r_114_33_128,0.72,17,145,128,10
4,r_34_45_50,seq106,r_29_107_7,r_34_45_50,0.88,0,50,50,10
2,r_146_25_102,r_147_148_162,r_29_107_7,r_146_25_102,0.99,0,102,102,10
47,r_97_1_159,r_50_5_145,r_122_123_88,r_122_123_88,1.0,57,145,88,10
18,r_72_17_60,r_73_43_172,seq106,r_72_17_60,1.0,0,60,60,10
29,r_131_85_165,seq132,seq55,r_131_85_165,0.42,-75,90,165,10
24,r_13_128_132,seq116,seq55,r_13_128_132,1.0,0,132,132,10
36,r_124_90_43,r_24_7_175,r_129_65_72,r_124_90_43,0.54,31,74,43,10
35,r_119_46_96,seq96,r_147_148_162,r_147_148_162,1.0,9,171,162,10
25,r_3_86_130,seq77,r_36_118_30,r_3_86_130,0.99,0,130,130,10
58,seq142,r_119_46_96,seq108,r_119_46_96,1.0,0,96,96,10
7,r_89_75_11,r_149_37_46,r_27_6_195,r_89_75_11,1.0,0,11,11,10
38,r_67_81_71,seq59,r_31_115_169,r_67_81_71,1.0,0,71,71,10
45,r_83_11_31,seq19,seq87,r_83_11_31,0.88,0,31,31,10
34,r_110_101_109,seq87,seq77,r_110_101_109,0.92,1,110,109,10
0,r_28_94_37,r_20_54_57,seq23,r_28_94_37,1.0,1,38,37,10
17,r_147_148_162,r_20_54_57,r_119_46_96,r_147_148_162,0.93,0,162,162,10
26,r_36_118_30,r_130_53_19,r_3_86_130,r_3_86_130,0.99,7,137,130,10
37,r_29_107_7,r_88_44_108,r_146_25_102,r_29_107_7,0.99,103,110,7,10
29,r_131_85_165,seq55,r_3_86_130,r_3_86_130,0.88,50,180,130,10
22,r_129_65_72,r_141_99_58,r_124_90_43,r_129_65_72,1.0,-12,60,72,10
28,r_134_138_84,r_88_44_108,r_109_26_78,r_134_138_84,1.0,-1,83,84,10
36,r_124_90_43,seq145,r_24_7_175,r_124_90_43,0.99,0,43,43,10
49,r_31_115_169,seq4,r_67_81_71,r_67_81_71,1.0,56,127,71,10
44,r_141_99_58,r_129_65_72,seq116,r_141_99_58,1.0,2,60,58,10
26,r_36_118_30,r_24_7_175,r_130_53_19,r_36_118_30,1.0,2,32,30,10
35,r_119_46_96,seq142,seq96,r_119_46_96,0.82,0,96,96,10
12,r_73_43_172,seq113,seq143,r_73_43_172,0.55,-98,74,172,10
93,seq113,r_26_112_126,r_34_93_148,r_26_112_126,0.69,-4,122,126,11
40,r_100_69_164,seq52,seq86,r_100_69_164,0.91,-1,163,164,11
30,r_12_98_85,r_56_82_173,seq30,r_12_98_85,0.85,10,95,85,11
36,r_11_47_118,seq61,seq76,r_11_47_118,0.7,0,118,118,11
26,r_3_92_19,r_87_64_136,r_145_28_57,r_3_92_19,0.49,38,57,19,11
41,r_123_102_199,r_72_122_104,r_48_53_42,r_123_102_199,0.98,-150,49,199,11
43,r_29_75_124,seq77,seq132,r_29_75_124,0.7,0,124,124,11
37,r_133_94_132,seq74,seq35,r_133_94_132,1.0,0,132,132,11
89,seq103,seq41,r_43_42_20,r_43_42_20,0.57,29,49,20,11
71,seq52,r_100_69_164,r_131_51_68,r_131_51_68,1.0,77,145,68,11
16,r_40_101_125,seq91,r_5_96_25,r_40_101_125,0.91,0,125,125,11
21,r_34_93_148,seq113,r_137_66_111,r_34_93_148,0.85,0,148,148,11
39,r_57_117_178,r_49_108_145,r_131_51_68,r_131_51_68,1.0,8,76,68,11
4,r_5_96_25,r_13_46_45,seq115,r_5_96_25,1.0,0,25,25,11
87,seq97,r_118_19_41,r_111_7_73,r_111_7_73,0.99,23,96,73,11
69,seq39,r_124_68_98,r_136_119_91,r_124_68_98,0.56,-2,96,98,11
45,r_124_68_98,seq135,r_79_45_12,r_124_68_98,0.95,0,98,98,11
54,seq10,r_34_93_148,r_50_65_14,r_50_65_14,0.94,1,15,14,11
38,r_107_1_34,r_8_89_198,seq97,r_107_1_34,1.0,1,35,34,11
46,r_43_42_20,r_140_54_88,seq41,r_43_42_20,0.72,0,20,20,11
67,seq35,r_8_89_198,r_133_94_132,r_133_94_132,1.0,4,136,132,11
11,r_125_84_26,seq142,seq132,r_125_84_26,0.65,1,27,26,11
3,r_87_64_136,seq116,seq76,r_87_64_136,0.94,1,137,136,11
10,r_72_122_104,r_80_27_153,seq62,r_72_122_104,0.93,0,104,104,11
90,seq104,r_73_4_35,r_137_66_111,r_137_66_111,0.75,0,111,111,11
88,seq99,r_67_88_81,r_17_128_50,r_17_128_50,1.0,1,51,50,11
72,seq138,r_49_108_145,r_131_51_68,r_131_51_68,1.0,78,146,68,11
0,r_56_82_173,r_0_109_6,r_72_122_104,r_72_122_104,0.85,69,173,104,11
73,seq60,r_83_23_128,r_48_53_42,r_48_53_42,0.8,87,129,42,11
13,r_105_90_97,seq76,r_13_46_45,r_105_90_97,1.0,0,97,97,11
98,seq121,r_140_54_88,seq60,r_140_54_88,0.73,1,89,88,11
15,r_143_58_144,seq148,r_0_109_6,r_143_58_144,0.47,3,147,144,11
93,seq113,r_34_93_148,seq91,r_34_93_148,0.68,-5,143,148,11
26,r_3_92_19,r_140_54_88,r_87_64_136,r_3_92_19,0.98,0,19,19,11
40,r_100_69_164,r_72_122_104,seq52,r_72_122_104,0.97,-55,49,104,11
6,r_73_4_35,seq104,seq74,r_73_4_35,0.72,-6,29,35,11
27,r_127_31_133,seq33,seq25,r_127_31_133,0.87,0,133,133,11
42,r_13_46_45,seq77,r_105_90_97,r_105_90_97,1.0,3,100,97,11
31,r_118_19_41,r_55_134_182,seq97,r_118_19_41,0.98,0,41,41,11
22,r_48_53_42,seq135,r_123_102_199,r_48_53_42,1.0,1,43,42,11
69,seq39,r_136_119_91,r_139_36_156,r_139_36_156,0.99,13,169,156,11
42,r_13_46_45,seq97,seq77,r_13_46_45,1.0,0,45,45,11
2,r_137_66_111,r_111_7_73,r_0_109_6,r_111_7_73,1.0,-12,61,73,11
47,r_131_51_68,seq33,r_57_117_178,r_131_51_68,1.0,0,68,68,11
29,r_21_85_152,r_55_134_182,seq147,r_21_85_152,0.81,0,152,152,11
14,r_50_65_14,r_124_68_98,seq10,r_50_65_14,1.0,3,17,14,11
33,r_141_24_80,seq77,seq32,r_141_24_80,0.98,0,80,80,11
58,seq146,r_80_27_153,seq149,r_80_27_153,0.64,-35,118,153,11
6,r_73_4_35,seq74,r_26_112_126,r_26_112_126,0.99,10,136,126,11
65,seq32,r_100_69_164,r_141_24_80,r_141_24_80,0.63,4,84,80,11
19,r_79_45_12,r_145_28_57,seq120,r_145_28_57,0.53,-44,13,57,11
34,r_140_54_88,seq121,r_48_53_42,r_48_53_42,0.88,47,89,42,11
79,seq76,r_0_109_6,r_87_64_136,r_87_64_136,1.0,1,137,136,11
48,r_17_128_50,r_131_51_68,seq99,r_17_128_50,1.0,0,50,50,11
81,seq78,r_59_18_8,r_143_58_144,r_143_58_144,0.8,26,170,144,11
9,r_136_119_91,seq14,seq135,r_136_119_91,0.87,0,91,91,11
96,seq116,r_87_64_136,seq74,r_87_64_136,0.94,6,142,136,11
2,r_137_66_111,r_0_109_6,seq104,r_137_66_111,1.0,1,112,111,11
28,r_59_18_8,seq78,r_80_27_153,r_80_27_153,0.57,2,155,153,11
1,r_145_28_57,r_139_36_156,r_3_92_19,r_145_28_57,1.0,0,57,57,11
44,r_111_7_73,r_137_66_111,seq97,r_111_7_73,1.0,0,73,73,11
23,r_144_44_146,seq147,r_131_51_68,r_131_51_68,0.91,109,177,68,11
79,seq76,r_105_90_97,r_0_109_6,r_105_90_97,0.98,0,97,97,11
35,r_26_112_126,seq113,r_73_4_35,r_26_112_126,0.98,0,126,126,11
93,seq114,seq38,r_21_47_39,r_21_47_39,1.0,35,74,39,12
36,r_71_78_138,seq97,r_31_94_38,r_71_78_138,0.83,0,138,138,12
53,seq4,seq57,r_88_80_98,r_88_80_98,1.0,2,100,98,12
37,r_26_42_107,seq0,r_10_145_196,r_26_42_107,1.0,0,107,107,12
59,seq143,seq102,r_77_73_80,r_77_73_80,1.0,16,96,80,12
46,r_146_104_183,r_141_87_146,seq0,r_146_104_183,0.79,2,185,183,12
21,r_129_50_93,r_105_11_190,seq65,r_129_50_93,0.69,0,93,93,12
39,r_77_73_80,seq29,seq112,r_77_73_80,0.99,0,80,80,12
1,r_96_74_171,r_43_85_1,r_66_27_11,r_43_85_1,0.22,171,172,1,12
46,r_146_104_183,r_12_117_170,r_141_87_146,r_146_104_183,0.35,-12,171,183,12
13,r_75_56_56,r_148_37_189,seq41,r_75_56_56,1.0,0,56,56,12
33,r_128_76_178,r_71_78_138,r_6_98_31,r_128_76_178,0.71,-136,42,178,12
19,r_82_90_129,seq1,r_139_86_166,r_82_90_129,0.84,1,130,129,12
33,r_128_76_178,r_6_98_31,r_10_145_196,r_10_145_196,0.47,-17,179,196,12
22,r_125_59_20,r_26_42_107,seq65,r_125_59_20,0.75,-1,19,20,12
31,r_121_20_161,r_10_145_196,r_2_34_14,r_2_34_14,0.61,147,161,14,12
41,r_33_134_192,seq38,r_46_79_92,r_46_79_92,1.0,0,92,92,12
49,r_19_15_33,seq107,seq29,r_19_15_33,1.0,0,33,33,12
3,r_88_80_98,r_43_85_1,seq4,r_88_80_98,0.98,0,98,98,12
10,r_123_45_71,r_128_76_178,r_67_58_174,r_123_45_71,0.99,6,77,71,12
26,r_49_22_118,r_95_17_184,seq38,r_49_22_118,0.98,1,119,118,12
73,seq57,seq112,r_77_73_80,r_77_73_80,1.0,17,97,80,12
11,r_132_14_100,seq35,seq29,r_132_14_100,0.98,5,105,100,12
20,r_109_135_135,seq115,seq133,r_109_135_135,0.71,2,137,135,12
5,r_2_34_14,r_120_137_13,seq8,r_2_34_14,0.99,0,14,14,12
15,r_46_79_92,seq127,r_33_134_192,r_46_79_92,1.0,1,93,92,12
48,r_54_55_172,r_111_68_167,seq8,r_54_55_172,0.61,-4,168,172,12
75,seq65,r_109_135_135,r_125_59_20,r_125_59_20,0.6,-1,19,20,12
57,seq138,r_36_72_125,seq99,r_36_72_125,0.96,-24,101,125,12
18,r_6_98_31,seq107,r_128_76_178,r_6_98_31,0.97,0,31,31,12
0,r_31_94_38,r_10_145_196,seq18,r_31_94_38,0.99,2,40,38,12
0,r_31_94_38,seq18,r_71_78_138,r_71_78_138,0.53,0,138,138,12
45,r_66_27_11,r_44_91_18,r_136_118_96,r_66_27_11,0.85,0,11,11,12
10,r_123_45_71,r_67_58_174,r_132_14_100,r_123_45_71,0.91,101,172,71,12
27,r_13_48_112,r_148_37_189,seq1,r_13_48_112,1.0,0,112,112,12
28,r_141_87_146,r_146_104_183,r_71_78_138,r_146_104_183,0.7,-9,174,183,12
16,r_40_39_37,r_49_22_118,seq107,r_49_22_118,0.93,-68,50,118,12
2,r_139_86_166,r_142_64_155,seq119,r_142_64_155,0.65,-6,149,155,12
47,r_95_17_184,r_49_22_118,r_40_39_37,r_49_22_118,1.0,1,119,118,12
43,r_89_84_19,r_9_63_140,seq103,r_89_84_19,0.99,0,19,19,12
40,r_136_118_96,r_66_27_11,seq16,r_136_118_96,0.86,1,97,96,12
29,r_9_63_140,seq133,r_21_47_39,r_9_63_140,0.67,2,142,140,12
23,r_116_70_17,seq112,r_111_68_167,r_116_70_17,1.0,0,17,17,12
24,r_148_37_189,seq16,seq35,r_148_37_189,0.61,0,189,189,12
25,r_105_11_190,r_129_50_93,r_81_28_49,r_81_28_49,0.88,78,127,49,12
51,seq1,r_13_48_112,r_12_117_170,r_12_117_170,0.98,3,173,170,12
47,r_95_17_184,r_40_39_37,seq83,r_95_17_184,0.95,0,184,184,12
97,seq124,r_120_137_13,seq114,r_120_137_13,0.69,13,26,13,12
50,seq0,r_26_42_107,seq126,r_26_42_107,1.0,0,107,107,12
58,seq140,r_111_68_167,r_32_52_60,r_32_52_60,0.99,16,76,60,12
71,seq51,seq93,r_120_137_13,r_120_137_13,0.94,8,21,13,12
70,seq41,seq25,r_75_56_56,r_75_56_56,1.0,20,76,56,12
4,r_130_100_42,seq60,seq23,r_130_100_42,1.0,0,42,42,12
45,r_66_27_11,seq119,r_96_74_171,r_66_27_11,0.49,164,175,11,12
32,r_43_85_1,r_88_80_98,r_96_74_171,r_88_80_98,0.98,0,98,98,12
38,r_142_64_155,r_139_86_166,seq127,r_139_86_166,0.53,-11,155,166,12
52,seq3,r_111_68_167,seq140,r_111_68_167,0.94,-91,76,167,12
6,r_120_137_13,seq124,seq51,r_120_137_13,1.0,2,15,13,12
65,seq29,r_19_15_33,r_132_14_100,r_132_14_100,1.0,2,102,100,12
60,seq16,r_148_37_189,r_136_118_96,r_136_118_96,1.0,60,156,96,12
45,r_66_27_11,r_136_118_96,r_142_64_155,r_136_118_96,0.67,-7,89,96,12
17,r_67_58_174,seq29,r_123_45_71,r_123_45_71,0.99,11,82,71,12
25,r_105_11_190,r_81_28_49,seq124,r_105_11_190,0.7,-2,188,190,12
9,r_32_52_60,seq108,seq140,r_32_52_60,1.0,0,60,60,12
97,seq124,r_130_100_42,r_105_11_190,r_105_11_190,0.44,-2,188,190,12
28,r_141_87_146,seq1,r_146_104_183,r_141_87_146,0.47,0,146,146,12
91,seq112,seq57,r_77_73_80,r_77_73_80,1.0,1,81,80,12
7,r_36_72_125,seq138,r_40_39_37,r_36_72_125,0.88,0,125,125,12
18,r_6_98_31,r_128_76_178,r_67_58_174,r_128_76_178,0.42,1,179,178,12
44,r_12_117_170,r_146_104_183,seq1,r_12_117_170,0.66,1,171,170,12
17,r_67_58_174,r_123_45_71,r_6_98_31,r_123_45_71,0.48,103,174,71,12
88,seq107,r_6_98_31,r_40_39_37,r_6_98_31,0.7,-8,23,31,12
35,r_24_149_115,seq92,r_130_100_42,r_24_149_115,0.99,0,115,115,12
34,r_44_91_18,seq7,seq131,r_44_91_18,0.97,0,18,18,12
12,r_111_68_167,r_54_55_172,r_44_91_18,r_111_68_167,0.42,0,167,167,12
42,r_81_28_49,seq103,r_10_145_196,r_81_28_49,0.98,2,51,49,12
14,r_21_47_39,seq8,seq114,r_21_47_39,0.99,0,39,39,12
23,r_116_70_17,r_111_68_167,r_32_52_60,r_32_52_60,0.77,107,167,60,12
30,r_16_47_90,seq75,r_135_108_81,r_16_47_90,0.83,0,90,90,13
44,r_95_39_142,r_139_55_32,r_49_116_9,r_95_39_142,0.99,3,145,142,13
51,seq132,r_61_9_100,seq148,r_61_9_100,0.79,-31,69,100,13
36,r_81_98_83,r_121_18_149,seq143,r_81_98_83,1.0,0,83,83,13
69,seq37,r_110_141_39,r_8_67_112,r_110_141_39,1.0,-4,35,39,13
14,r_59_86_178,seq103,r_121_18_149,r_59_86_178,0.41,1,179,178,13
10,r_110_141_39,seq37,seq97,r_110_141_39,1.0,1,40,39,13
43,r_69_14_141,seq114,seq111,r_69_14_141,0.73,0,141,141,13
54,seq10,r_122_128_180,seq35,r_122_128_180,0.65,-24,156,180,13
55,seq11,r_19_124_182,r_61_9_100,r_61_9_100,0.9,84,184,100,13
16,r_122_128_180,seq35,r_65_57_173,r_122_128_180,0.44,0,180,180,13
21,r_17_68_132,seq1,seq53,r_17_68_132,0.9,0,132,132,13
39,r_135_108_81,seq1,r_134_2_76,r_135_108_81,0.86,0,81,81,13
1,r_3_130_163,seq75,r_112_63_159,r_3_130_163,0.81,0,163,163,13
97,seq118,r_65_57_173,r_66_25_109,r_66_25_109,0.96,4,113,109,13
37,r_125_22_23,seq76,seq104,r_125_22_23,0.96,0,23,23,13
46,r_149_27_177,seq142,seq103,r_149_27_177,0.63,0,177,177,13
42,r_94_93_183,seq24,seq53,r_94_93_183,0.67,1,184,183,13
80,seq75,r_3_130_163,r_83_4_44,r_83_4_44,0.71,119,163,44,13
32,r_139_55_32,r_36_64_134,r_83_4_44,r_36_64_134,0.93,2,136,134,13
19,r_131_54_130,r_74_26_168,r_49_116_9,r_131_54_130,0.96,0,130,130,13
47,r_38_137_121,r_49_116_9,seq100,r_38_137_121,0.77,0,121,121,13
28,r_83_4_44,seq90,r_139_55_32,r_83_4_44,1.0,0,44,44,13
76,seq56,seq91,r_28_0_88,r_28_0_88,1.0,1,89,88,13
38,r_62_106_28,r_121_18_149,seq90,r_121_18_149,0.96,0,149,149,13
31,r_36_64_134,r_95_39_142,r_105_79_87,r_36_64_134,0.55,0,134,134,13
98,seq120,seq76,r_87_23_37,r_87_23_37,1.0,0,37,37,13
3,r_99_144_94,seq5,seq143,r_99_144_94,1.0,2,96,94,13
26,r_113_92_111,seq107,seq91,r_113_92_111,1.0,0,111,111,13
8,r_49_116_9,r_38_137_121,seq78,r_49_116_9,0.44,99,108,9,13
40,r_87_23_37,seq97,seq120,r_87_23_37,1.0,0,37,37,13
0,r_8_67_112,seq24,seq37,r_8_67_112,0.44,9,121,112,13
11,r_102_119_150,r_15_84_160,seq120,r_102_119_150,0.78,1,151,150,13
57,seq142,seq89,r_58_73_13,r_58_73_13,0.92,29,42,13,13
32,r_139_55_32,r_99_144_94,r_36_64_134,r_139_55_32,0.98,0,32,32,13
20,r_74_26_168,r_131_54_130,seq147,r_74_26_168,0.51,-38,130,168,13
84,seq90,r_83_4_44,r_121_18_149,r_83_4_44,1.0,0,44,44,13
15,r_15_84_160,seq104,seq29,r_15_84_160,0.75,3,163,160,13
48,r_66_25_109,r_123_44_128,seq118,r_66_25_109,0.93,0,109,109,13
62,seq21,r_34_140_169,r_61_9_100,r_61_9_100,0.76,18,118,100,13
85,seq91,seq56,r_113_92_111,r_113_92_111,1.0,2,113,111,13
27,r_136_43_198,seq100,r_135_108_81,r_135_108_81,1.0,23,104,81,13
87,seq97,r_123_44_128,r_110_141_39,r_110_141_39,1.0,28,67,39,13
47,r_38_137_121,r_61_9_100,r_49_116_9,r_61_9_100,0.56,0,100,100,13
29,r_61_9_100,r_38_137_121,seq21,r_61_9_100,1.0,0,100,100,13
38,r_62_106_28,r_136_43_198,r_121_18_149,r_62_106_28,1.0,2,30,28,13
23,r_134_2_76,seq100,r_135_108_81,r_134_2_76,0.7,28,104,76,13
24,r_19_124_182,seq11,r_99_144_94,r_99_144_94,0.99,90,184,94,13
34,r_72_126_45,seq100,r_135_108_81,r_135_108_81,1.0,37,118,81,13
25,r_105_79_87,seq146,r_110_141_39,r_110_141_39,1.0,49,88,39,13
33,r_34_140_169,seq21,r_49_116_9,r_34_140_169,0.56,0,169,169,13
82,seq78,r_49_116_9,r_81_98_83,r_81_98_83,0.99,48,131,83,13
88,seq100,r_136_43_198,r_38_137_121,r_38_137_121,1.0,9,130,121,13
68,seq35,r_122_128_180,seq10,r_122_128_180,0.61,-22,158,180,13
52,seq5,r_99_144_94,seq21,r_99_144_94,1.0,2,96,94,13
2,r_58_73_13,r_87_23_37,seq142,r_58_73_13,1.0,-1,12,13,13
51,seq132,seq148,r_49_116_9,r_49_116_9,0.53,106,115,9,13
20,r_74_26_168,seq147,r_8_67_112,r_74_26_168,0.78,-19,149,168,13
17,r_112_63_159,r_88_77_196,r_69_14_141,r_112_63_159,0.5,1,160,159,13
9,r_65_57_173,seq118,seq30,r_65_57_173,0.77,0,173,173,13
22,r_88_77_196,r_40_6_96,seq109,r_40_6_96,1.0,1,97,96,13
35,r_42_127_15,r_136_43_198,seq1,r_42_127_15,1.0,0,15,15,13
84,seq90,r_121_18_149,r_62_106_28,r_121_18_149,1.0,0,149,149,13
18,r_121_18_149,r_83_4_44,r_62_106_28,r_121_18_149,1.0,-108,41,149,13
34,r_72_126_45,seq56,seq100,r_72_126_45,1.0,1,46,45,13
49,r_28_0_88,seq107,seq56,r_28_0_88,1.0,0,88,88,13
8,r_49_116_9,seq78,r_131_54_130,r_131_54_130,0.51,1,131,130,13
7,r_85_133_70,r_61_9_100,seq56,r_85_133_70,1.0,2,72,70,13
18,r_121_18_149,r_62_106_28,seq70,r_121_18_149,0.95,0,149,149,13
44,r_95_39_142,r_36_64_134,r_139_55_32,r_139_55_32,0.76,43,75,32,13
23,r_134_2_76,seq75,seq100,r_134_2_76,0.96,0,76,76,13
12,r_40_6_96,r_88_77_196,r_31_52_27,r_40_6_96,1.0,1,97,96,13
30,r_50_72_77,seq26,r_108_137_167,r_50_72_77,0.98,0,77,77,14
16,r_98_46_63,r_45_93_159,seq88,r_45_93_159,0.76,-41,118,159,14
36,r_90_17_108,r_115_104_170,r_77_19_99,r_77_19_99,1.0,30,129,99,14
14,r_23_83_169,r_77_19_99,r_22_1_97,r_23_83_169,0.68,-69,100,169,14
8,r_115_104_170,r_90_17_108,r_146_16_123,r_146_16_123,0.99,0,123,123,14
43,r_112_15_147,seq29,r_22_1_97,r_112_15_147,0.77,0,147,147,14
83,seq80,r_146_16_123,seq27,r_146_16_123,1.0,0,123,123,14
37,r_125_96_131,seq12,r_50_72_77,r_125_96_131,0.96,0,131,131,14
10,r_21_87_198,r_9_67_120,r_33_121_6,r_21_87_198,0.76,-188,10,198,14
71,seq41,seq127,r_123_124_87,r_123_124_87,0.93,11,98,87,14
16,r_98_46_63,r_8_47_66,r_45_93_159,r_98_46_63,1.0,0,63,63,14
21,r_63_56_132,r_108_137_167,seq27,r_63_56_132,0.95,0,132,132,14
1,r_108_137_167,r_139_24_137,r_125_96_131,r_108_137_167,0.63,-29,138,167,14
97,seq117,seq105,r_129_111_121,r_129_111_121,1.0,4,125,121,14
5,r_78_60_140,seq128,seq70,r_78_60_140,0.94,0,140,140,14
42,r_68_101_100,seq35,r_8_47_66,r_68_101_100,1.0,0,100,100,14
80,seq73,r_112_15_147,r_10_54_101,r_112_15_147,0.96,0,147,147,14
32,r_132_69_93,r_23_83_169,r_36_79_144,r_132_69_93,1.0,65,158,93,14
45,r_9_67_120,seq95,r_107_51_49,r_9_67_120,0.96,1,121,120,14
19,r_142_100_136,seq127,seq109,r_142_100_136,0.7,0,136,136,14
4,r_64_148_48,r_68_101_100,seq38,r_64_148_48,0.98,-2,46,48,14
1,r_108_137_167,r_125_96_131,seq52,r_108_137_167,0.95,1,168,167,14
11,r_110_75_8,seq82,r_143_28_74,r_143_28_74,1.0,90,164,74,14
62,seq26,seq49,r_126_7_112,r_126_7_112,1.0,13,125,112,14
31,r_6_103_95,r_36_79_144,r_31_85_75,r_6_103_95,0.79,1,96,95,14
41,r_86_42_196,seq70,r_139_24_137,r_139_24_137,0.99,25,162,137,14
90,seq95,r_9_67_120,r_33_121_6,r_9_67_120,0.75,1,121,120,14
77,seq65,seq4,r_141_0_69,r_141_0_69,0.53,0,69,69,14
98,seq118,r_114_144_134,r_61_92_38,r_61_92_38,0.92,0,38,38,14
14,r_23_83_169,r_22_1_97,r_126_7_112,r_23_83_169,0.97,0,169,169,14
63,seq27,r_25_59_86,seq80,r_25_59_86,1.0,-4,82,86,14
15,r_22_1_97,seq27,r_132_69_93,r_22_1_97,1.0,0,97,97,14
48,r_40_71_80,seq73,seq74,r_40_71_80,0.97,0,80,80,14
6,r_139_24_137,r_108_137_167,seq70,r_139_24_137,0.86,1,138,137,14
62,seq26,r_50_72_77,seq49,r_50_72_77,1.0,0,77,77,14
27,r_8_47_66,seq105,r_23_83_169,r_8_47_66,1.0,-6,60,66,14
30,r_50_72_77,r_108_137_167,r_125_96_131,r_125_96_131,0.72,29,160,131,14
51,seq2,r_86_42_196,r_94_14_158,r_94_14_158,0.99,-3,155,158,14
2,r_141_0_69,seq99,seq4,r_141_0_69,1.0,1,70,69,14
53,seq4,seq65,r_141_0_69,r_141_0_69,0.59,1,70,69,14
27,r_8_47_66,r_23_83_169,r_68_101_100,r_8_47_66,0.84,52,118,66,14
25,r_13_147_126,seq66,seq27,r_13_147_126,0.98,0,126,126,14
33,r_146_16_123,seq80,r_115_104_170,r_146_16_123,0.73,0,123,123,14
64,seq29,r_112_15_147,r_10_54_101,r_112_15_147,0.93,0,147,147,14
8,r_115_104_170,r_146_16_123,r_40_71_80,r_115_104_170,1.0,0,170,170,14
32,r_132_69_93,seq18,r_23_83_169,r_132_69_93,0.99,1,94,93,14
38,r_25_59_86,seq27,r_31_85_75,r_25_59_86,1.0,0,86,86,14
17,r_143_28_74,seq74,r_110_75_8,r_143_28_74,0.94,0,74,74,14
94,seq109,r_11_134_180,r_142_100_136,r_142_100_136,0.57,44,180,136,14
86,seq84,seq34,r_116_55_33,r_116_55_33,1.0,-1,32,33,14
9,r_126_7_112,r_112_15_147,seq26,r_126_7_112,1.0,0,112,112,14
33,r_146_16_123,r_115_104_170,r_122_120_150,r_115_104_170,1.0,0,170,170,14
22,r_77_19_99,r_23_83_169,r_61_92_38,r_77_19_99,0.97,1,100,99,14
28,r_145_3_183,seq113,r_94_14_158,r_94_14_158,0.65,-9,149,158,14
91,seq99,r_23_83_169,r_50_72_77,r_50_72_77,0.91,9,86,77,14
49,r_129_111_121,r_115_104_170,seq117,r_129_111_121,1.0,2,123,121,14
44,r_133_44_135,seq70,r_48_97_23,r_133_44_135,0.79,0,135,135,14
7,r_116_55_33,r_108_137_167,seq84,r_116_55_33,1.0,-1,32,33,14
47,r_61_92_38,r_22_1_97,seq118,r_61_92_38,1.0,0,38,38,14
79,seq70,r_133_44_135,seq136,r_133_44_135,1.0,0,135,135,14
84,seq81,seq27,r_63_56_132,r_63_56_132,0.88,25,157,132,14
93,seq104,r_138_28_78,seq58,r_138_28_78,0.97,1,79,78,15
36,r_135_19_117,r_115_137_133,r_77_125_17,r_135_19_117,0.99,0,117,117,15
92,seq99,r_118_92_100,seq54,r_118_92_100,0.85,0,100,100,15
8,r_118_92_100,seq99,r_148_2_76,r_118_92_100,0.99,0,100,100,15
48,r_40_55_28,r_57_25_53,seq53,r_57_25_53,0.98,-23,30,53,15
83,seq79,r_78_62_126,r_63_85_50,r_63_85_50,0.87,22,72,50,15
37,r_127_90_175,seq59,r_12_102_166,r_127_90_175,0.54,0,175,175,15
4,r_3_107_38,r_77_125_17,r_4_101_94,r_4_101_94,0.45,19,113,94,15
28,r_112_69_16,r_138_28_78,seq49,r_112_69_16,0.77,86,102,16,15
19,r_78_62_126,r_63_85_50,seq99,r_78_62_126,1.0,1,127,126,15
16,r_12_102_166,seq131,seq66,r_12_102_166,0.85,0,166,166,15
42,r_70_73_190,r_114_141_87,r_77_125_17,r_114_141_87,0.96,0,87,87,15
32,r_71_103_182,r_50_20_104,r_23_97_21,r_71_103_182,0.44,2,184,182,15
45,r_148_2_76,seq119,r_38_36_41,r_148_2_76,0.87,7,83,76,15
19,r_78_62_126,seq66,r_63_85_50,r_63_85_50,1.0,16,66,50,15
12,r_77_125_17,r_78_62_126,r_114_141_87,r_77_125_17,0.98,0,17,17,15
28,r_112_69_16,seq49,r_23_97_21,r_112_69_16,0.33,157,173,16,15
76,seq60,r_50_20_104,r_82_130_61,r_82_130_61,0.58,1,62,61,15
39,r_63_85_50,r_78_62_126,seq66,r_78_62_126,1.0,1,127,126,15
31,r_145_65_130,r_0_75_55,seq88,r_145_65_130,0.86,1,131,130,15
41,r_47_87_118,seq76,r_31_46_62,r_47_87_118,0.98,0,118,118,15
67,seq134,r_4_101_94,r_139_17_85,r_4_101_94,0.73,1,95,94,15
46,r_38_36_41,r_140_37_99,r_148_2_76,r_140_37_99,0.5,0,99,99,15
3,r_56_32_64,seq116,seq14,r_56_32_64,1.0,3,67,64,15
10,r_4_101_94,seq134,r_3_107_38,r_4_101_94,0.92,1,95,94,15
22,r_23_97_21,r_33_21_59,r_57_25_53,r_23_97_21,0.99,38,59,21,15
23,r_114_141_87,r_144_142_42,r_3_107_38,r_114_141_87,0.88,-45,42,87,15
84,seq81,seq16,r_33_21_59,r_33_21_59,0.79,1,60,59,15
0,r_7_109_89,r_4_101_94,seq131,r_4_101_94,0.86,-6,88,94,15
63,seq29,seq88,r_124_108_71,r_124_108_71,1.0,8,79,71,15
29,r_34_48_40,r_47_87_118,seq64,r_34_48_40,0.98,1,41,40,15
11,r_31_46_62,r_98_149_110,r_70_73_190,r_31_46_62,0.7,49,111,62,15
28,r_112_69_16,seq5,r_27_91_92,r_112_69_16,0.77,9,25,16,15
20,r_98_149_110,r_31_46_62,seq86,r_98_149_110,1.0,1,111,110,15
30,r_123_43_11,r_77_125_17,seq30,r_123_43_11,0.95,0,11,11,15
46,r_38_36_41,seq53,r_140_37_99,r_38_36_41,0.68,6,47,41,15
57,seq14,seq67,r_56_32_64,r_56_32_64,1.0,9,73,64,15
12,r_77_125_17,r_114_141_87,r_3_107_38,r_114_141_87,0.92,0,87,87,15
62,seq26,r_82_130_61,seq76,r_82_130_61,1.0,0,61,61,15
86,seq86,r_40_55_28,r_98_149_110,r_98_149_110,0.94,6,116,110,15
4,r_3_107_38,r_114_141_87,r_77_125_17,r_114_141_87,1.0,0,87,87,15
87,seq88,seq58,r_145_65_130,r_145_65_130,0.85,14,144,130,15
2,r_110_10_101,seq131,r_40_55_28,r_110_10_101,1.0,0,101,101,15
47,r_57_25_53,r_140_37_99,r_23_97_21,r_57_25_53,1.0,0,53,53,15
40,r_147_39_141,seq64,seq99,r_147_39_141,1.0,2,143,141,15
18,r_124_108_71,seq41,seq29,r_124_108_71,1.0,0,71,71,15
24,r_42_44_165,r_96_111_4,seq6,r_42_44_165,0.69,0,165,165,15
34,r_50_20_104,r_71_103_182,r_106_84_188,r_71_103_182,0.6,-1,181,182,15
43,r_96_111_4,r_42_44_165,seq76,r_42_44_165,0.77,2,167,165,15
50,seq131,r_110_10_101,r_7_109_89,r_110_10_101,0.9,0,101,101,15
22,r_23_97_21,r_82_130_61,r_33_21_59,r_23_97_21,0.86,0,21,21,15
28,r_112_69_16,r_27_91_92,r_138_28_78,r_112_69_16,0.61,52,68,16,15
42,r_70_73_190,r_77_125_17,r_56_32_64,r_77_125_17,0.56,173,190,17,15
32,r_71_103_182,r_18_51_1,r_50_20_104,r_50_20_104,0.98,7,111,104,15
33,r_144_142_42,r_114_141_87,seq89,r_144_142_42,1.0,2,44,42,15
34,r_50_20_104,r_127_90_175,r_71_103_182,r_50_20_104,1.0,0,104,104,15
1,r_140_37_99,r_38_36_41,seq72,r_140_37_99,0.91,0,99,99,15
6,r_100_1_49,seq72,seq24,r_100_1_49,1.0,2,51,49,15
75,seq59,r_127_90_175,r_114_141_87,r_114_141_87,0.96,88,175,87,15
4,r_3_107_38,seq88,r_114_141_87,r_3_107_38,0.87,0,38,38,15
14,r_128_15_51,seq133,seq41,r_128_15_51,1.0,0,51,51,15
17,r_122_22_174,seq11,r_12_102_166,r_122_22_174,0.62,0,174,174,15
9,r_82_130_61,seq26,seq60,r_82_130_61,1.0,0,61,61,15
1,r_140_37_99,seq30,r_38_36_41,r_38_36_41,0.72,0,41,41,15
11,r_31_46_62,r_70_73_190,r_47_87_118,r_31_46_62,0.72,63,125,62,15
92,seq99,seq54,r_147_39_141,r_147_39_141,1.0,4,145,141,15
56,seq11,r_115_137_133,seq64,r_115_137_133,1.0,0,133,133,15
7,r_138_28_78,seq104,r_112_69_16,r_138_28_78,0.99,-1,77,78,15
82,seq76,r_47_87_118,seq26,r_47_87_118,1.0,1,119,118,15
35,r_139_17_85,r_110_10_101,seq134,r_110_10_101,0.74,-15,86,101,15
39,r_63_85_50,r_33_21_59,r_78_62_126,r_63_85_50,1.0,0,50,50,15
23,r_114_141_87,r_3_107_38,seq60,r_114_141_87,1.0,0,87,87,15
30,r_76_0_186,seq89,seq7,r_76_0_186,0.52,1,187,186,16
49,r_148_39_156,r_78_130_176,r_20_11_17,r_20_11_17,1.0,1,18,17,16
36,r_116_106_77,r_59_91_96,r_15_124_65,r_116_106_77,0.93,1,78,77,16
16,r_69_141_175,r_50_58_149,r_79_132_87,r_50_58_149,1.0,0,149,149,16
14,r_60_83_165,r_6_108_132,seq134,r_6_108_132,0.95,1,133,132,16
53,seq133,seq127,r_149_113_136,r_149_113_136,1.0,44,180,136,16
38,r_92_96_26,r_107_73_193,seq136,r_92_96_26,0.98,-1,25,26,16
37,r_123_25_140,r_50_58_149,r_72_77_59,r_123_25_140,0.8,0,140,140,16
3,r_72_77_59,r_60_83_165,r_123_25_140,r_123_25_140,0.99,8,148,140,16
16,r_69_141_175,r_66_49_118,r_50_58_149,r_66_49_118,1.0,0,118,118,16
21,r_17_5_142,seq90,r_92_96_26,r_17_5_142,0.57,0,142,142,16
46,r_59_91_96,r_116_106_77,r_88_129_40,r_59_91_96,0.9,-20,76,96,16
48,r_112_51_36,r_68_10_127,r_87_43_187,r_112_51_36,0.96,0,36,36,16
45,r_135_52_131,seq117,r_33_44_68,r_135_52_131,0.93,0,131,131,16
19,r_67_27_174,r_107_73_193,seq115,r_67_27_174,0.68,0,174,174,16
63,seq19,r_144_118_21,seq111,r_144_118_21,0.74,0,21,21,16
2,r_144_118_21,seq19,seq115,r_144_118_21,1.0,0,21,21,16
38,r_92_96_26,seq136,r_17_5_142,r_17_5_142,1.0,2,144,142,16
97,seq121,r_50_58_149,r_79_132_87,r_79_132_87,0.93,59,146,87,16
3,r_72_77_59,seq9,r_60_83_165,r_72_77_59,1.0,2,61,59,16
16,r_69_141_175,r_79_132_87,r_40_42_129,r_69_141_175,0.81,0,175,175,16
10,r_45_1_161,seq100,r_56_82_133,r_45_1_161,0.62,0,161,161,16
26,r_79_132_87,r_60_83_165,seq85,r_79_132_87,1.0,0,87,87,16
0,r_99_63_79,r_60_83_165,seq29,r_99_63_79,1.0,-2,77,79,16
14,r_60_83_165,seq134,r_72_77_59,r_72_77_59,0.53,108,167,59,16
31,r_46_70_32,seq111,seq139,r_46_70_32,1.0,0,32,32,16
11,r_66_49_118,r_69_141_175,r_15_124_65,r_66_49_118,1.0,0,118,118,16
20,r_84_62_60,seq137,seq101,r_84_62_60,0.99,0,60,60,16
13,r_149_113_136,seq136,r_23_3_33,r_149_113_136,0.94,0,136,136,16
15,r_68_10_127,seq75,r_116_106_77,r_68_10_127,1.0,1,128,127,16
17,r_23_3_33,r_98_145_73,seq103,r_23_3_33,1.0,0,33,33,16
49,r_148_39_156,r_20_11_17,r_88_129_40,r_148_39_156,0.9,0,156,156,16
6,r_33_44_68,r_34_57_43,r_112_51_36,r_33_44_68,0.96,3,71,68,16
62,seq146,r_87_43_187,seq85,r_87_43_187,0.6,-89,98,187,16
8,r_15_124_65,seq22,r_116_106_77,r_116_106_77,0.94,0,77,77,16
5,r_55_2_38,r_67_27_174,r_45_1_161,r_55_2_38,0.87,136,174,38,16
27,r_56_82_133,r_78_130_176,seq80,r_56_82_133,0.77,1,134,133,16
78,seq75,seq90,r_24_138_154,r_24_138_154,0.6,2,156,154,16
41,r_53_95_47,seq4,seq8,r_53_95_47,1.0,0,47,47,16
47,r_71_126_100,r_87_43_187,seq41,r_71_126_100,0.87,1,101,100,16
94,seq115,seq90,r_144_118_21,r_144_118_21,1.0,0,21,21,16
18,r_30_65_130,r_24_138_154,seq111,r_30_65_130,0.95,0,130,130,16
92,seq111,r_46_70_32,seq19,r_46_70_32,0.82,0,32,32,16
24,r_24_138_154,r_30_65_130,r_87_43_187,r_30_65_130,0.96,0,130,130,16
29,r_20_11_17,r_76_0_186,r_148_39_156,r_20_11_17,1.0,0,17,17,16
97,seq121,r_55_2_38,r_50_58_149,r_55_2_38,0.97,0,38,38,16
40,r_88_129_40,seq32,r_59_91_96,r_88_129_40,1.0,0,40,40,16
25,r_40_42_129,r_78_130_176,seq110,r_40_42_129,0.95,0,129,129,16
33,r_119_16_85,r_66_49_118,seq9,r_119_16_85,1.0,0,85,85,16
92,seq111,seq19,r_30_65_130,r_30_65_130,0.52,11,141,130,16
24,r_24_138_154,r_87_43_187,r_72_77_59,r_24_138_154,0.97,0,154,154,16
6,r_33_44_68,r_112_51_36,r_135_52_131,r_135_52_131,1.0,2,133,131,16
20,r_84_62_60,seq101,r_54_142_152,r_54_142_152,0.85,0,152,152,16
42,r_87_43_187,seq85,seq105,r_87_43_187,0.31,0,187,187,16
32,r_98_145_73,r_59_91_96,seq28,r_98_145_73,0.99,0,73,73,16
1,r_107_73_193,r_67_27_174,r_55_2_38,r_55_2_38,1.0,0,38,38,16
5,r_55_2_38,seq121,r_67_27_174,r_55_2_38,1.0,0,38,38,16
8,r_15_124_65,seq35,seq22,r_15_124_65,0.78,-7,58,65,16
9,r_125_93_177,seq127,r_33_44_68,r_33_44_68,1.0,109,177,68,16
8,r_15_124_65,r_116_106_77,r_66_49_118,r_66_49_118,1.0,7,125,118,16
22,r_31_47_13,seq22,seq122,r_31_47_13,0.97,0,13,13,16
29,r_20_11_17,r_148_39_156,seq8,r_148_39_156,1.0,-6,150,156,16
28,r_21_86_159,seq41,seq100,r_21_86_159,0.96,0,159,159,16
7,r_143_18_111,r_149_113_136,seq146,r_143_18_111,0.85,0,111,111,16
43,r_97_61_45,r_87_43_187,seq85,r_97_61_45,0.42,53,98,45,16
44,r_78_130_176,seq8,seq146,r_78_130_176,0.65,0,176,176,16
23,r_6_108_132,r_60_83_165,seq28,r_6_108_132,0.99,0,132,132,16
43,r_97_61_45,r_76_0_186,r_87_43_187,r_97_61_45,1.0,0,45,45,16
35,r_54_142_152,seq85,r_84_62_60,r_54_142_152,0.85,0,152,152,16
12,r_26_147_76,seq9,seq103,r_26_147_76,1.0,0,76,76,16
23,r_104_125_64,r_124_81_94,r_35_142_191,r_124_81_94,0.49,5,99,94,17
8,r_144_5_186,seq41,r_76_92_161,r_76_92_161,0.77,27,188,161,17
53,seq12,seq22,r_68_117_38,r_68_117_38,0.92,28,66,38,17
43,r_56_109_72,r_19_108_154,seq32,r_56_109_72,1.0,-1,71,72,17
54,seq13,r_2_51_167,r_147_79_124,r_147_79_124,1.0,24,148,124,17
13,r_80_115_117,r_46_110_42,r_2_51_167,r_46_110_42,1.0,1,43,42,17
5,r_23_86_22,seq32,r_146_148_104,r_23_86_22,0.97,0,22,22,17
45,r_0_9_97,r_112_97_128,r_45_52_4,r_112_97_128,0.94,2,130,128,17
16,r_30_59_70,r_76_92_161,r_114_149_61,r_30_59_70,0.99,0,70,70,17
21,r_140_27_96,r_136_49_157,r_100_17_90,r_140_27_96,1.0,0,96,96,17
39,r_3_6_82,seq88,r_43_8_181,r_3_6_82,1.0,0,82,82,17
24,r_28_85_29,r_16_55_175,r_0_9_97,r_28_85_29,0.88,1,30,29,17
1,r_89_47_160,r_45_52_4,seq50,r_89_47_160,0.31,0,160,160,17
46,r_124_81_94,r_130_34_73,r_104_125_64,r_124_81_94,0.93,-29,65,94,17
42,r_95_31_183,seq122,r_40_66_138,r_95_31_183,0.61,0,183,183,17
46,r_124_81_94,r_104_125_64,r_53_39_56,r_124_81_94,0.64,0,94,94,17
80,seq83,r_0_9_97,r_28_85_29,r_0_9_97,0.76,0,97,97,17
45,r_0_9_97,seq83,r_112_97_128,r_0_9_97,0.95,1,98,97,17
24,r_28_85_29,seq119,seq83,r_28_85_29,0.57,85,114,29,17
19,r_40_66_138,r_21_20_188,r_90_24_103,r_21_20_188,0.96,-49,139,188,17
30,r_94_111_46,r_100_17_90,seq102,r_94_111_46,1.0,0,46,46,17
70,seq62,seq60,r_74_38_54,r_74_38_54,1.0,-1,53,54,17
2,r_46_110_42,r_80_115_117,r_70_48_50,r_46_110_42,1.0,7,49,42,17
95,seq121,r_112_97_128,r_131_42_37,r_131_42_37,0.6,91,128,37,17
38,r_96_137_28,r_136_49_157,seq126,r_136_49_157,0.84,-1,156,157,17
39,r_3_6_82,r_43_8_181,r_100_17_90,r_43_8_181,0.77,0,181,181,17
31,r_145_138_99,r_43_8_181,seq78,r_145_138_99,0.92,1,100,99,17
41,r_112_97_128,seq121,seq84,r_112_97_128,0.99,0,128,128,17
36,r_4_64_151,r_131_42_37,r_23_86_22,r_131_42_37,0.69,-5,32,37,17
67,seq57,r_132_139_25,r_112_97_128,r_112_97_128,1.0,25,153,128,17
24,r_28_85_29,r_0_9_97,seq119,r_0_9_97,0.94,-17,80,97,17
3,r_100_17_90,r_146_148_104,r_36_143_93,r_100_17_90,0.98,1,91,90,17
67,seq57,seq84,r_132_139_25,r_132_139_25,1.0,3,28,25,17
15,r_21_20_188,r_80_115_117,seq63,r_21_20_188,0.75,0,188,188,17
26,r_58_128_146,seq123,r_100_17_90,r_58_128_146,0.65,0,146,146,17
78,seq78,r_21_20_188,r_80_115_117,r_80_115_117,1.0,71,188,117,17
0,r_147_79_124,seq101,seq13,r_147_79_124,1.0,0,124,124,17
44,r_53_39_56,r_98_134_140,seq44,r_53_39_56,0.92,0,56,56,17
20,r_91_33_112,r_82_87_74,r_43_8_181,r_82_87_74,1.0,1,75,74,17
98,seq126,r_80_115_117,seq13,r_80_115_117,0.79,-8,109,117,17
15,r_21_20_188,r_40_66_138,r_80_115_117,r_21_20_188,0.91,-49,139,188,17
4,r_131_42_37,r_98_134_140,r_114_149_61,r_131_42_37,0.98,103,140,37,17
11,r_90_24_103,r_70_48_50,seq41,r_90_24_103,0.98,-4,99,103,17
13,r_80_115_117,r_2_51_167,r_21_20_188,r_80_115_117,1.0,0,117,117,17
6,r_82_87_74,r_43_8_181,seq12,r_82_87_74,1.0,1,75,74,17
11,r_90_24_103,r_19_108_154,r_70_48_50,r_90_24_103,0.64,-38,65,103,17
38,r_96_137_28,seq71,r_136_49_157,r_96_137_28,1.0,0,28,28,17
74,seq71,r_43_8_181,seq116,r_43_8_181,0.63,-77,104,181,17
5,r_23_86_22,r_146_148_104,r_76_92_161,r_76_92_161,0.7,6,167,161,17
36,r_4_64_151,r_23_86_22,seq121,r_4_64_151,0.58,0,151,151,17
29,r_106_133_10,seq135,seq88,r_106_133_10,0.72,0,10,10,17
27,r_98_134_140,seq99,seq60,r_98_134_140,0.82,0,140,140,17
10,r_74_38_54,r_144_5_186,seq62,r_74_38_54,1.0,0,54,54,17
34,r_70_48_50,seq99,r_46_110_42,r_70_48_50,1.0,0,50,50,17
13,r_80_115_117,r_21_20_188,r_145_138_99,r_21_20_188,0.89,0,188,188,17
91,seq116,r_43_8_181,seq71,r_43_8_181,0.61,-49,132,181,17
22,r_43_8_181,r_3_6_82,r_98_134_140,r_43_8_181,0.58,0,181,181,17
20,r_91_33_112,r_43_8_181,seq12,r_91_33_112,0.96,1,113,112,17
18,r_129_67_159,seq73,r_82_87_74,r_129_67_159,0.8,0,159,159,17
35,r_136_49_157,r_96_137_28,seq84,r_96_137_28,0.51,129,157,28,17
25,r_36_143_93,r_58_128_146,r_100_17_90,r_36_143_93,0.89,1,94,93,17
95,seq121,r_131_42_37,r_4_64_151,r_4_64_151,0.83,0,151,151,17
33,r_146_148_104,r_100_17_90,r_144_5_186,r_100_17_90,1.0,1,91,90,17
73,seq69,r_80_115_117,seq13,r_80_115_117,0.58,-85,32,117,17
11,r_90_24_103,r_68_117_38,r_19_108_154,r_90_24_103,0.57,-65,38,103,17
74,seq71,r_96_137_28,r_43_8_181,r_96_137_28,0.76,1,29,28,17
48,r_132_139_25,seq22,seq57,r_132_139_25,1.0,-2,23,25,17
81,seq84,seq102,r_136_49_157,r_136_49_157,0.9,7,164,157,17
17,r_130_34_73,r_124_81_94,r_114_149_61,r_130_34_73,1.0,0,73,73,17
9,r_114_149_61,seq12,r_131_42_37,r_114_149_61,1.0,0,61,61,17
49,r_14_72_40,r_82_87_74,r_131_42_37,r_14_72_40,1.0,1,41,40,17
22,r_43_8_181,r_145_138_99,r_3_6_82,r_43_8_181,0.66,-97,84,181,17
28,r_25_1_129,seq12,seq101,r_25_1_129,0.93,0,129,129,17
35,r_136_49_157,r_140_27_96,r_96_137_28,r_96_137_28,0.53,0,28,28,17
56,seq18,r_76_92_161,r_100_17_90,r_100_17_90,0.83,71,161,90,17
7,r_19_108_154,seq103,seq83,r_19_108_154,0.63,1,155,154,17
23,r_104_125_64,seq107,r_124_81_94,r_104_125_64,0.84,0,64,64,17
86,seq102,seq84,r_94_111_46,r_94_111_46,1.0,13,59,46,17
12,r_68_117_38,r_90_24_103,seq12,r_68_117_38,0.94,0,38,38,17
80,seq83,r_28_85_29,r_19_108_154,r_19_108_154,0.72,2,156,154,17
4,r_131_42_37,r_4_64_151,r_98_134_140,r_131_42_37,1.0,0,37,37,17
40,r_139_114_8,r_144_23_71,r_93_70_67,r_139_114_8,1.0,63,71,8,18
30,r_123_108_141,r_6_63_106,seq143,r_6_63_106,0.81,1,107,106,18
6,r_56_128_52,r_65_24_134,seq117,r_56_128_52,0.85,0,52,52,18
30,r_123_108_141,seq143,r_112_40_86,r_123_108_141,1.0,0,141,141,18
14,r_22_103_75,r_17_52_103,r_130_25_11,r_22_103_75,1.0,0,75,75,18
8,r_8_138_139,r_88_11_166,r_93_70_67,r_8_138_139,0.96,0,139,139,18
58,seq145,r_87_78_163,r_137_27_101,r_87_78_163,0.78,0,163,163,18
28,r_140_72_132,r_112_40_86,r_101_39_40,r_140_72_132,0.97,-2,130,132,18
54,seq136,seq117,r_76_94_130,r_76_94_130,1.0,0,130,130,18
37,r_144_23_71,r_80_55_187,seq59,r_144_23_71,1.0,0,71,71,18
1,r_124_66_46,seq14,r_2_126_185,r_124_66_46,0.99,0,46,46,18
21,r_137_27_101,r_48_1_180,seq145,r_137_27_101,1.0,0,101,101,18
1,r_124_66_46,r_2_126_185,r_88_11_166,r_124_66_46,0.64,139,185,46,18
5,r_2_126_185,seq134,r_48_1_180,r_48_1_180,0.5,5,185,180,18
46,r_5_115_97,seq145,seq59,r_5_115_97,1.0,-2,95,97,18
42,r_89_44_78,r_140_72_132,r_93_70_67,r_89_44_78,0.92,0,78,78,18
7,r_29_61_55,r_45_132_72,seq37,r_29_61_55,1.0,0,55,55,18
80,seq73,seq147,r_17_52_103,r_17_52_103,0.95,3,106,103,18
10,r_91_131_43,seq104,r_106_97_33,r_91_131_43,1.0,0,43,43,18
19,r_34_35_70,r_89_44_78,r_56_128_52,r_34_35_70,1.0,3,73,70,18
47,r_88_11_166,seq62,r_6_63_106,r_88_11_166,0.99,0,166,166,18
25,r_122_82_36,r_50_33_190,seq105,r_122_82_36,1.0,0,36,36,18
76,seq59,r_144_23_71,r_5_115_97,r_144_23_71,0.81,34,105,71,18
31,r_90_18_160,seq79,seq47,r_90_18_160,0.83,0,160,160,18
20,r_106_97_33,seq135,seq146,r_106_97_33,1.0,0,33,33,18
41,r_17_52_103,seq117,seq73,r_17_52_103,0.84,3,106,103,18
3,r_141_68_165,seq58,r_54_69_63,r_141_68_165,0.91,0,165,165,18
26,r_15_13_2,seq110,r_99_81_89,r_99_81_89,1.0,14,103,89,18
73,seq51,r_112_40_86,r_12_71_83,r_12_71_83,0.99,0,83,83,18
11,r_65_24_134,seq84,r_56_128_52,r_56_128_52,0.79,83,135,52,18
36,r_50_33_190,r_122_82_36,r_101_39_40,r_50_33_190,1.0,-154,36,190,18
13,r_149_46_122,seq110,r_124_66_46,r_149_46_122,0.71,0,122,122,18
15,r_87_78_163,seq145,seq21,r_87_78_163,0.79,0,163,163,18
27,r_86_95_26,r_99_81_89,r_130_25_11,r_86_95_26,1.0,0,26,26,18
62,seq28,seq41,r_64_20_31,r_64_20_31,1.0,5,36,31,18
12,r_101_39_40,seq58,r_140_72_132,r_140_72_132,0.72,2,134,132,18
33,r_112_40_86,r_140_72_132,r_109_7_133,r_112_40_86,0.9,47,133,86,18
29,r_109_7_133,r_65_24_134,r_112_40_86,r_112_40_86,0.78,47,133,86,18
34,r_120_49_59,seq147,r_106_97_33,r_120_49_59,1.0,0,59,59,18
0,r_80_55_187,seq145,seq143,r_80_55_187,0.43,-1,186,187,18
36,r_50_33_190,r_101_39_40,seq3,r_50_33_190,0.54,0,190,190,18
32,r_57_148_18,r_123_108_141,seq96,r_57_148_18,0.91,-3,15,18,18
2,r_75_100_156,r_90_18_160,seq127,r_75_100_156,0.73,0,156,156,18
47,r_88_11_166,r_8_138_139,seq62,r_8_138_139,0.89,0,139,139,18
43,r_130_25_11,seq146,seq31,r_130_25_11,1.0,0,11,11,18
12,r_101_39_40,seq118,seq58,r_101_39_40,1.0,0,40,40,18
18,r_76_94_130,seq121,seq136,r_76_94_130,0.91,1,131,130,18
29,r_109_7_133,r_107_77_115,r_65_24_134,r_107_77_115,0.77,0,115,115,18
24,r_54_69_63,r_123_108_141,seq31,r_54_69_63,1.0,1,64,63,18
72,seq47,r_45_132_72,seq96,r_45_132_72,0.67,-29,43,72,18
58,seq145,r_5_115_97,r_87_78_163,r_5_115_97,1.0,-12,85,97,18
7,r_29_61_55,seq105,seq83,r_29_61_55,0.35,102,157,55,18
38,r_6_63_106,r_123_108_141,r_64_20_31,r_64_20_31,0.86,76,107,31,18
52,seq134,r_2_126_185,r_124_66_46,r_124_66_46,0.94,139,185,46,18
45,r_64_20_31,r_9_4_10,seq28,r_64_20_31,0.98,-1,30,31,18
17,r_93_70_67,seq110,r_139_114_8,r_93_70_67,0.9,0,67,67,18
22,r_99_81_89,seq105,r_15_13_2,r_99_81_89,1.0,0,89,89,18
28,r_140_72_132,r_89_44_78,r_112_40_86,r_89_44_78,1.0,0,78,78,18
51,seq3,r_101_39_40,seq36,r_101_39_40,0.98,0,40,40,18
49,r_107_77_115,r_109_7_133,seq73,r_107_77_115,0.97,0,115,115,18
0,r_80_55_187,r_144_23_71,seq145,r_144_23_71,1.0,-18,53,71,18
39,r_116_98_44,seq147,seq30,r_116_98_44,1.0,0,44,44,18
44,r_48_1_180,seq142,seq10,r_48_1_180,0.57,0,180,180,18
23,r_16_85_76,r_99_81_89,r_9_4_10,r_16_85_76,1.0,0,76,76,18
82,seq79,r_90_18_160,seq113,r_90_18_160,0.94,0,160,160,18
79,seq67,r_112_40_86,r_64_20_31,r_64_20_31,0.89,34,65,31,18
35,r_45_132_72,seq47,r_106_97_33,r_106_97_33,0.93,40,73,33,18
84,seq84,r_65_24_134,seq62,r_65_24_134,1.0,2,136,134,18
36,r_129_100_91,r_61_119_147,r_9_126_33,r_129_100_91,0.98,1,92,91,19
76,seq138,seq11,r_14_31_36,r_14_31_36,0.98,18,54,36,19
14,r_113_64_186,r_135_75_126,r_6_95_78,r_113_64_186,1.0,-57,129,186,19
8,r_107_52_133,seq40,r_106_139_3,r_107_52_133,0.72,0,133,133,19
43,r_128_46_180,seq56,r_116_32_27,r_116_32_27,0.65,153,180,27,19
37,r_123_117_130,seq73,r_147_63_55,r_123_117_130,0.86,1,131,130,19
45,r_102_50_49,seq22,r_9_126_33,r_102_50_49,1.0,0,49,49,19
71,seq136,seq115,r_37_109_150,r_37_109_150,0.84,1,151,150,19
16,r_101_17_187,r_81_97_191,r_16_26_41,r_101_17_187,0.35,1,188,187,19
21,r_135_75_126,r_113_64_186,seq115,r_135_75_126,0.81,0,126,126,19
1,r_0_78_15,seq134,r_59_44_77,r_59_44_77,1.0,7,84,77,19
97,seq121,r_5_20_139,r_142_148_70,r_142_148_70,0.68,0,70,70,19
5,r_125_82_99,seq141,seq112,r_125_82_99,0.98,0,99,99,19
46,r_47_39_138,r_35_67_149,r_104_87_62,r_47_39_138,0.57,0,138,138,19
42,r_90_43_165,seq134,r_104_87_62,r_104_87_62,1.0,103,165,62,19
80,seq73,r_123_117_130,r_104_87_62,r_104_87_62,0.88,14,76,62,19
21,r_135_75_126,seq115,r_2_54_172,r_2_54_172,0.62,2,174,172,19
19,r_99_111_115,seq133,seq58,r_99_111_115,0.9,1,116,115,19
30,r_9_126_33,r_37_109_150,r_129_100_91,r_9_126_33,0.99,60,93,33,19
61,seq143,r_145_85_48,seq72,r_145_85_48,1.0,0,48,48,19
38,r_140_27_47,r_60_62_123,seq22,r_140_27_47,1.0,0,47,47,19
31,r_2_54_172,r_13_68_173,r_135_75_126,r_135_75_126,0.99,46,172,126,19
30,r_9_126_33,seq112,r_37_109_150,r_9_126_33,0.85,1,34,33,19
51,seq130,r_99_111_115,r_48_18_132,r_48_18_132,0.92,2,134,132,19
89,seq93,r_30_53_90,r_16_26_41,r_30_53_90,0.94,0,90,90,19
23,r_15_34_39,r_145_85_48,seq115,r_15_34_39,1.0,1,40,39,19
49,r_19_28_184,r_14_31_36,seq23,r_14_31_36,0.78,-14,22,36,19
10,r_33_3_160,seq1,r_147_63_55,r_147_63_55,1.0,22,77,55,19
26,r_61_119_147,r_129_100_91,r_16_26_41,r_61_119_147,0.97,-55,92,147,19
72,seq51,r_35_67_149,r_76_124_81,r_76_124_81,0.57,68,149,81,19
41,r_147_63_55,r_113_64_186,r_33_3_160,r_147_63_55,1.0,1,56,55,19
4,r_6_95_78,seq72,seq133,r_6_95_78,1.0,0,78,78,19
33,r_145_85_48,seq143,seq105,r_145_85_48,1.0,0,48,48,19
0,r_59_44_77,seq130,r_0_78_15,r_59_44_77,1.0,1,78,77,19
73,seq56,r_128_46_180,r_66_137_105,r_66_137_105,1.0,75,180,105,19
11,r_104_87_62,seq134,seq73,r_104_87_62,1.0,0,62,62,19
20,r_13_68_173,r_2_54_172,seq130,r_2_54_172,0.38,0,172,172,19
13,r_4_91_89,seq115,seq88,r_4_91_89,0.98,0,89,89,19
15,r_30_53_90,seq94,seq51,r_30_53_90,1.0,0,90,90,19
48,r_24_114_101,seq41,r_145_85_48,r_24_114_101,1.0,0,101,101,19
12,r_14_31_36,seq40,r_35_67_149,r_35_67_149,0.93,1,150,149,19
6,r_106_139_3,seq25,r_107_52_133,r_107_52_133,0.59,3,136,133,19
62,seq144,r_2_54_172,r_6_95_78,r_6_95_78,0.96,87,165,78,19
14,r_113_64_186,r_6_95_78,r_123_117_130,r_113_64_186,0.72,1,187,186,19
10,r_33_3_160,r_147_63_55,seq72,r_33_3_160,0.96,0,160,160,19
27,r_118_29_146,seq115,seq141,r_118_29_146,0.89,0,146,146,19
53,seq132,r_33_3_160,r_123_117_130,r_123_117_130,0.73,26,156,130,19
79,seq72,seq112,r_33_3_160,r_33_3_160,0.71,1,161,160,19
2,r_48_18_132,seq115,seq130,r_48_18_132,0.98,0,132,132,19
41,r_147_63_55,r_33_3_160,r_123_117_130,r_123_117_130,0.71,30,160,130,19
47,r_12_108_135,seq122,seq130,r_12_108_135,0.96,0,135,135,19
3,r_116_32_27,r_113_64_186,seq57,r_116_32_27,1.0,0,27,27,19
40,r_71_83_190,seq51,r_15_34_39,r_15_34_39,0.8,151,190,39,19
18,r_5_20_139,seq121,seq134,r_5_20_139,0.94,0,139,139,19
29,r_149_69_181,seq40,r_4_91_89,r_149_69_181,0.4,0,181,181,19
74,seq57,seq74,r_116_32_27,r_116_32_27,1.0,1,28,27,19
25,r_66_137_105,r_49_120_124,seq7,r_66_137_105,0.98,0,105,105,19
64,seq22,seq122,r_140_27_47,r_140_27_47,1.0,17,64,47,19
58,seq10,r_128_46_180,r_66_137_105,r_66_137_105,0.98,44,149,105,19
65,seq23,r_19_28_184,r_123_117_130,r_19_28_184,0.35,-100,84,184,19
68,seq40,r_107_52_133,r_14_31_36,r_14_31_36,0.64,97,133,36,19
32,r_76_124_81,seq1,seq51,r_76_124_81,0.98,0,81,81,19
28,r_55_21_53,r_6_95_78,seq94,r_55_21_53,1.0,1,54,53,19
52,seq131,r_30_53_90,r_16_26_41,r_30_53_90,0.97,0,90,90,19
76,seq138,r_14_31_36,seq130,r_14_31_36,0.69,78,114,36,19
94,seq105,seq79,r_145_85_48,r_145_85_48,1.0,0,48,48,19
34,r_60_62_123,r_35_67_149,seq23,r_60_62_123,0.97,3,126,123,19
26,r_61_119_147,r_16_26_41,r_15_34_39,r_61_119_147,1.0,0,147,147,19
9,r_35_67_149,seq51,r_14_31_36,r_35_67_149,0.74,0,149,149,19
1,r_0_78_15,r_16_26_41,seq134,r_0_78_15,0.76,0,15,15,19
56,seq7,r_128_46_180,r_66_137_105,r_66_137_105,1.0,2,107,105,19
44,r_142_148_70,seq130,seq121,r_142_148_70,0.99,0,70,70,19
79,seq72,r_6_95_78,seq112,r_6_95_78,1.0,0,78,78,19
12,r_14_31_36,r_19_28_184,seq40,r_14_31_36,1.0,2,38,36,19
23,r_15_34_39,seq115,r_61_119_147,r_61_119_147,0.83,4,151,147,19
30,r_13_10_60,seq99,r_76_9_84,r_13_10_60,0.96,0,60,60,20
42,r_14_37_73,seq142,r_133_73_26,r_133_73_26,0.99,5,31,26,20
36,r_97_100_75,seq127,r_82_103_54,r_97_100_75,1.0,0,75,75,20
92,seq106,r_95_81_169,r_134_6_131,r_95_81_169,0.61,-35,134,169,20
4,r_133_73_26,r_97_100_75,r_14_37_73,r_133_73_26,1.0,0,26,26,20
31,r_22_132_2,seq41,r_56_62_17,r_56_62_17,0.98,1,18,17,20
54,seq12,r_105_88_195,r_124_36_148,r_124_36_148,1.0,20,168,148,20
83,seq77,r_134_6_131,r_110_86_50,r_110_86_50,1.0,83,133,50,20
5,r_63_144_116,seq99,seq79,r_63_144_116,0.47,35,151,116,20
37,r_74_46_167,r_112_58_111,r_35_85_9,r_112_58_111,0.92,-34,77,111,20
59,seq18,r_95_81_169,r_50_130_139,r_50_130_139,1.0,31,170,139,20
16,r_26_67_77,seq43,r_60_104_53,r_26_67_77,0.99,0,77,77,20
21,r_128_138_128,r_123_122_93,r_109_39_80,r_109_39_80,0.57,13,93,80,20
5,r_63_144_116,r_83_5_81,seq48,r_83_5_81,0.97,0,81,81,20
46,r_136_24_123,seq61,r_110_86_50,r_136_24_123,0.97,0,123,123,20
30,r_13_10_60,r_76_9_84,r_83_5_81,r_13_10_60,0.92,24,84,60,20
41,r_120_131_76,seq55,seq142,r_120_131_76,0.83,0,76,76,20
8,r_141_98_21,r_95_81_169,seq143,r_141_98_21,0.87,0,21,21,20
1,r_82_103_54,seq32,seq43,r_82_103_54,1.0,1,55,54,20
5,r_63_144_116,seq48,seq99,r_63_144_116,0.82,0,116,116,20
21,r_128_138_128,r_109_39_80,r_35_85_9,r_128_138_128,0.98,1,129,128,20
3,r_53_23_103,seq107,r_83_5_81,r_83_5_81,1.0,26,107,81,20
10,r_30_47_65,r_33_0_184,seq147,r_30_47_65,1.0,0,65,65,20
90,seq99,r_13_10_60,r_113_125_137,r_13_10_60,1.0,0,60,60,20
26,r_64_111_163,seq77,r_83_5_81,r_64_111_163,0.97,0,163,163,20
6,r_56_62_17,r_68_114_187,r_22_132_2,r_56_62_17,0.44,0,17,17,20
1,r_82_103_54,seq43,r_97_100_75,r_97_100_75,1.0,13,88,75,20
0,r_33_0_184,r_30_47_65,seq99,r_30_47_65,0.93,0,65,65,20
19,r_2_17_43,r_76_9_84,seq19,r_2_17_43,1.0,2,45,43,20
43,r_50_130_139,r_53_23_103,seq18,r_50_130_139,0.93,0,139,139,20
73,seq54,r_136_24_123,r_129_148_29,r_136_24_123,0.58,-49,74,123,20
20,r_83_5_81,r_63_144_116,r_13_10_60,r_83_5_81,1.0,0,81,81,20
13,r_80_7_199,r_3_121_125,r_71_72_57,r_80_7_199,0.83,-74,125,199,20
56,seq15,r_26_67_77,r_27_92_37,r_27_92_37,0.63,0,37,37,20
0,r_33_0_184,seq99,r_95_81_169,r_95_81_169,0.54,-19,150,169,20
39,r_38_115_20,seq42,seq4,r_38_115_20,1.0,0,20,20,20
47,r_28_65_155,seq29,seq93,r_28_65_155,0.61,-1,154,155,20
40,r_96_140_85,r_134_6_131,r_56_62_17,r_96_140_85,1.0,0,85,85,20
29,r_3_121_125,r_80_7_199,seq61,r_3_121_125,0.99,0,125,125,20
24,r_110_86_50,seq66,seq77,r_110_86_50,1.0,0,50,50,20
48,r_116_126_47,r_120_131_76,seq139,r_116_126_47,0.73,0,47,47,20
41,r_120_131_76,seq142,r_133_73_26,r_133_73_26,0.55,87,113,26,20
9,r_71_72_57,r_136_24_123,r_80_7_199,r_71_72_57,0.99,0,57,57,20
64,seq32,r_109_39_80,seq87,r_109_39_80,0.96,0,80,80,20
82,seq75,seq87,r_60_104_53,r_60_104_53,0.97,6,59,53,20
14,r_31_118_30,seq87,r_133_73_26,r_31_118_30,1.0,0,30,30,20
32,r_134_6_131,seq77,seq106,r_134_6_131,0.47,2,133,131,20
11,r_76_9_84,seq107,r_13_10_60,r_13_10_60,0.91,4,64,60,20
0,r_33_0_184,r_95_81_169,r_113_125_137,r_33_0_184,0.67,1,185,184,20
75,seq57,r_102_135_170,r_116_126_47,r_116_126_47,1.0,123,170,47,20
4,r_133_73_26,r_14_37_73,r_31_118_30,r_14_37_73,1.0,0,73,73,20
17,r_149_89_35,seq34,r_128_138_128,r_149_89_35,1.0,0,35,35,20
38,r_27_92_37,r_76_9_84,seq15,r_27_92_37,1.0,0,37,37,20
7,r_129_148_29,r_134_6_131,seq54,r_129_148_29,1.0,1,30,29,20
64,seq32,r_91_137_4,r_112_58_111,r_91_137_4,0.71,179,183,4,20
34,r_44_20_39,seq12,seq42,r_44_20_39,0.63,1,40,39,20
87,seq143,r_105_88_195,r_141_98_21,r_141_98_21,0.9,4,25,21,20
37,r_74_46_167,r_35_85_9,r_141_98_21,r_74_46_167,0.92,0,167,167,20
45,r_60_104_53,r_124_36_148,seq75,r_60_104_53,1.0,0,53,53,20
22,r_102_135_170,seq57,seq142,r_102_135_170,0.5,0,170,170,20
28,r_123_122_93,r_128_138_128,seq143,r_123_122_93,1.0,0,93,93,20
41,r_120_131_76,r_116_126_47,seq55,r_116_126_47,0.97,1,48,47,20
49,r_78_51_151,seq42,r_90_49_105,r_78_51_151,0.68,1,152,151,20
42,r_14_37_73,r_133_73_26,r_91_137_4,r_14_37_73,1.0,0,73,73,20
11,r_76_9_84,r_13_10_60,seq54,r_76_9_84,0.99,0,84,84,20
18,r_35_85_9,r_74_46_167,r_113_125_137,r_35_85_9,0.51,158,167,9,20
44,r_90_49_105,seq101,seq48,r_90_49_105,1.0,0,105,105,20
23,r_112_58_111,r_74_46_167,r_27_92_37,r_112_58_111,0.97,0,111,111,20
11,r_76_9_84,r_27_92_37,seq107,r_27_92_37,1.0,2,39,37,20
17,r_149_89_35,r_128_138_128,r_109_39_80,r_149_89_35,1.0,94,129,35,20
79,seq139,r_102_135_170,r_116_126_47,r_116_126_47,1.0,30,77,47,20
33,r_95_81_169,r_141_98_21,seq18,r_141_98_21,1.0,-2,19,21,20
35,r_109_39_80,seq32,r_149_89_35,r_109_39_80,1.0,0,80,80,20
65,seq34,r_149_89_35,seq70,r_149_89_35,1.0,0,35,35,20
12,r_124_36_148,seq119,seq12,r_124_36_148,1.0,0,148,148,20
44,r_65_17_32,r_112_32_178,r_4_48_149,r_4_48_149,1.0,30,179,149,21
36,r_105_131_62,seq113,r_124_117_23,r_105_131_62,1.0,0,62,62,21
28,r_148_99_31,seq53,seq90,r_148_99_31,1.0,-4,27,31,21
8,r_139_77_83,r_121_142_88,r_55_11_35,r_121_142_88,0.73,-5,83,88,21
46,r_85_47_127,r_57_54_150,r_64_146_16,r_64_146_16,0.94,-1,15,16,21
43,r_63_7_139,r_40_138_159,r_6_126_33,r_63_7_139,0.98,0,139,139,21
15,r_6_126_33,r_65_17_32,seq132,r_6_126_33,0.91,-1,32,33,21
37,r_45_19_192,r_39_144_119,seq52,r_39_144_119,1.0,0,119,119,21
64,seq26,r_147_141_25,r_31_119_90,r_31_119_90,0.86,2,92,90,21
71,seq41,r_93_1_153,r_139_77_83,r_139_77_83,0.99,70,153,83,21
39,r_130_3_199,r_58_42_171,r_45_19_192,r_58_42_171,0.99,0,171,171,21
1,r_89_44_133,seq98,seq10,r_89_44_133,0.98,0,133,133,21
5,r_40_138_159,r_63_7_139,seq15,r_63_7_139,0.6,0,139,139,21
74,seq56,seq27,r_105_131_62,r_105_131_62,1.0,9,71,62,21
34,r_64_146_16,r_28_13_15,r_85_47_127,r_64_146_16,0.99,-1,15,16,21
7,r_91_115_120,r_140_135_40,seq132,r_91_115_120,0.99,0,120,120,21
45,r_62_67_63,seq0,seq102,r_62_67_63,0.95,0,63,63,21
30,r_120_25_44,r_91_115_120,r_36_81_17,r_120_25_44,0.99,1,45,44,21
19,r_46_149_66,r_58_42_171,seq83,r_46_149_66,1.0,0,66,66,21
29,r_51_18_182,seq143,r_30_49_30,r_30_49_30,1.0,0,30,30,21
15,r_6_126_33,seq132,r_63_7_139,r_63_7_139,1.0,0,139,139,21
4,r_97_101_28,r_64_146_16,r_120_25_44,r_120_25_44,0.77,25,69,44,21
27,r_34_122_52,seq134,seq95,r_34_122_52,0.41,111,163,52,21
91,seq90,r_63_7_139,seq15,r_63_7_139,0.98,-104,35,139,21
95,seq98,r_89_44_133,seq82,r_89_44_133,0.89,0,133,133,21
69,seq35,r_140_135_40,seq59,r_140_135_40,0.65,-27,13,40,21
4,r_97_101_28,r_127_79_54,r_64_146_16,r_97_101_28,0.94,2,30,28,21
31,r_111_73_160,r_85_47_127,r_36_81_17,r_36_81_17,0.56,74,91,17,21
41,r_31_119_90,r_84_23_154,seq26,r_31_119_90,1.0,0,90,90,21
80,seq69,seq90,r_36_81_17,r_36_81_17,0.72,32,49,17,21
96,seq102,r_62_67_63,r_70_24_129,r_70_24_129,1.0,40,169,129,21
42,r_127_79_54,seq10,r_45_19_192,r_127_79_54,1.0,0,54,54,21
10,r_107_108_140,seq37,seq60,r_107_108_140,0.93,0,140,140,21
40,r_121_142_88,seq83,r_36_81_17,r_36_81_17,0.7,28,45,17,21
26,r_58_42_171,r_130_3_199,seq72,r_58_42_171,0.89,0,171,171,21
27,r_34_122_52,seq132,seq134,r_34_122_52,1.0,0,52,52,21
38,r_28_13_15,r_64_146_16,seq106,r_28_13_15,0.95,-1,14,15,21
13,r_147_141_25,r_94_104_198,seq12,r_147_141_25,0.99,0,25,25,21
73,seq53,seq143,r_30_49_30,r_30_49_30,0.92,73,103,30,21
11,r_16_118_164,seq0,r_30_49_30,r_16_118_164,0.77,0,164,164,21
46,r_85_47_127,r_64_146_16,r_70_24_129,r_70_24_129,0.92,3,132,129,21
25,r_112_32_178,seq80,r_65_17_32,r_65_17_32,0.99,1,33,32,21
48,r_116_43_122,seq143,seq134,r_116_43_122,0.99,0,122,122,21
74,seq56,r_65_17_32,seq27,r_65_17_32,1.0,-1,31,32,21
44,r_65_17_32,seq56,r_112_32_178,r_65_17_32,1.0,-1,31,32,21
2,r_70_24_129,r_86_38_36,seq102,r_70_24_129,0.99,0,129,129,21
0,r_57_54_150,r_120_25_44,r_46_149_66,r_46_149_66,0.97,87,153,66,21
0,r_57_54_150,seq83,r_120_25_44,r_120_25_44,1.0,0,44,44,21
62,seq145,seq128,r_103_96_27,r_103_96_27,1.0,0,27,27,21
21,r_140_135_40,seq35,seq87,r_140_135_40,0.98,0,40,40,21
47,r_109_114_94,r_123_136_105,seq15,r_109_114_94,0.99,0,94,94,21
18,r_22_74_87,seq75,seq102,r_22_74_87,0.94,0,87,87,21
20,r_110_50_57,seq78,r_64_146_16,r_110_50_57,1.0,0,57,57,21
23,r_123_136_105,r_147_141_25,seq0,r_123_136_105,0.71,0,105,105,21
34,r_64_146_16,r_85_47_127,r_110_50_57,r_110_50_57,0.98,75,132,57,21
33,r_39_144_119,r_45_19_192,r_86_38_36,r_39_144_119,1.0,3,122,119,21
64,seq26,r_123_136_105,r_147_141_25,r_147_141_25,0.74,39,64,25,21
88,seq83,r_121_142_88,r_46_149_66,r_46_149_66,1.0,26,92,66,21
50,seq0,r_16_118_164,r_123_136_105,r_123_136_105,0.8,59,164,105,21
70,seq37,r_107_108_140,seq128,r_107_108_140,0.97,0,140,140,21
6,r_86_38_36,r_70_24_129,r_39_144_119,r_86_38_36,0.98,82,118,36,21
97,seq106,r_91_115_120,r_28_13_15,r_28_13_15,1.0,-2,13,15,21
6,r_86_38_36,r_57_54_150,r_70_24_129,r_86_38_36,1.0,0,36,36,21
86,seq80,r_112_32_178,r_2_21_50,r_2_21_50,1.0,0,50,50,21
14,r_103_96_27,r_63_7_139,seq145,r_103_96_27,1.0,1,28,27,21
32,r_55_11_35,r_57_54_150,r_93_1_153,r_55_11_35,1.0,1,36,35,21
17,r_84_23_154,seq125,r_28_13_15,r_84_23_154,0.55,0,154,154,21
25,r_112_32_178,r_65_17_32,r_16_118_164,r_16_118_164,0.61,15,179,164,21
94,seq95,seq83,r_36_81_17,r_36_81_17,0.76,70,87,17,21
22,r_2_21_50,seq98,seq80,r_2_21_50,1.0,0,50,50,21
3,r_36_81_17,r_97_101_28,r_121_142_88,r_36_81_17,0.61,0,17,17,21
96,seq102,seq10,r_62_67_63,r_62_67_63,1.0,5,68,63,21
31,r_111_73_160,r_36_81_17,r_31_119_90,r_111_73_160,0.89,1,161,160,21
59,seq12,r_123_136_105,r_147_141_25,r_123_136_105,0.8,-59,46,105,21
23,r_123_136_105,r_109_114_94,r_147_141_25,r_123_136_105,0.67,-11,94,105,21
32,r_55_11_35,r_93_1_153,r_139_77_83,r_139_77_83,0.91,4,87,83,21
79,seq68,r_85_47_127,r_110_50_57,r_110_50_57,1.0,75,132,57,21
35,r_93_1_153,seq41,seq72,r_93_1_153,0.53,0,153,153,21
24,r_30_49_30,r_63_7_139,r_51_18_182,r_30_49_30,0.97,1,31,30,21
2,r_70_24_129,r_93_1_153,r_86_38_36,r_70_24_129,0.86,-93,36,129,21
7,r_91_115_120,r_120_25_44,r_140_135_40,r_91_115_120,1.0,-80,40,120,21
5,r_40_138_159,seq15,seq5,r_40_138_159,0.61,-4,155,159,21
93,seq112,r_81_136_125,seq27,r_81_136_125,1.0,0,125,125,22
44,r_83_128_95,seq115,seq122,r_83_128_95,1.0,0,95,95,22
36,r_9_129_116,seq123,r_99_68_76,r_9_129_116,0.92,0,116,116,22
9,r_62_39_31,r_104_111_21,r_57_24_89,r_57_24_89,1.0,24,113,89,22
14,r_81_136_125,seq112,r_5_107_3,r_81_136_125,0.87,0,125,125,22
91,seq105,r_33_16_134,r_104_111_21,r_104_111_21,0.63,-1,20,21,22
48,r_146_94_29,seq118,seq42,r_146_94_29,0.99,1,30,29,22
43,r_43_109_119,r_33_16_134,r_20_14_4,r_43_109_119,0.99,2,121,119,22
26,r_45_34_64,r_110_145_60,r_64_97_37,r_64_97_37,0.91,6,43,37,22
83,seq86,r_141_149_162,r_45_34_64,r_45_34_64,1.0,14,78,64,22
71,seq49,r_4_32_166,seq143,r_4_32_166,0.98,-71,95,166,22
21,r_80_148_153,seq29,r_110_145_60,r_80_148_153,0.81,0,153,153,22
39,r_77_82_82,seq65,seq27,r_77_82_82,1.0,0,82,82,22
5,r_25_126_62,r_58_87_83,seq98,r_25_126_62,1.0,0,62,62,22
9,r_62_39_31,seq8,r_104_111_21,r_62_39_31,0.56,0,31,31,22
8,r_40_92_24,seq53,seq19,r_40_92_24,0.93,0,24,24,22
32,r_30_95_33,r_141_149_162,r_45_34_64,r_30_95_33,0.82,73,106,33,22
45,r_141_149_162,seq86,r_45_34_64,r_45_34_64,1.0,13,77,64,22
32,r_30_95_33,seq44,r_141_149_162,r_30_95_33,1.0,0,33,33,22
35,r_41_15_100,r_58_87_83,seq118,r_41_15_100,1.0,0,100,100,22
30,r_104_111_21,r_48_96_128,seq105,r_104_111_21,1.0,0,21,21,22
19,r_139_3_115,seq29,seq49,r_139_3_115,1.0,0,115,115,22
11,r_91_38_15,r_137_117_163,r_62_39_31,r_91_38_15,0.57,149,164,15,22
66,seq36,r_33_16_134,r_137_117_163,r_33_16_134,0.99,-2,132,134,22
76,seq65,r_77_82_82,seq122,r_77_82_82,1.0,0,82,82,22
1,r_88_114_47,r_12_51_164,seq142,r_88_114_47,1.0,0,47,47,22
35,r_41_15_100,r_140_22_57,r_58_87_83,r_140_22_57,0.56,1,58,57,22
36,r_9_129_116,r_99_68_76,r_33_16_134,r_33_16_134,1.0,4,138,134,22
41,r_4_32_166,seq49,seq65,r_4_32_166,0.84,0,166,166,22
3,r_59_131_148,seq143,seq134,r_59_131_148,0.89,2,150,148,22
33,r_71_75_11,r_45_34_64,r_64_97_37,r_71_75_11,0.88,34,45,11,22
16,r_7_76_176,r_71_75_11,seq143,r_7_76_176,0.67,0,176,176,22
0,r_28_125_118,seq118,seq115,r_28_125_118,0.79,0,118,118,22
20,r_57_24_89,seq27,r_62_39_31,r_57_24_89,1.0,0,89,89,22
98,seq122,r_119_17_160,r_83_128_95,r_83_128_95,0.75,8,103,95,22
96,seq118,r_146_94_29,r_20_14_4,r_146_94_29,0.99,-2,27,29,22
57,seq13,r_58_87_83,r_113_52_137,r_58_87_83,0.44,14,97,83,22
6,r_0_63_120,seq29,r_9_129_116,r_0_63_120,1.0,3,123,120,22
2,r_12_51_164,seq116,r_33_16_134,r_12_51_164,0.77,0,164,164,22
10,r_72_89_36,r_132_54_183,seq47,r_132_54_183,0.68,0,183,183,22
26,r_45_34_64,r_64_97_37,r_141_149_162,r_45_34_64,1.0,0,64,64,22
47,r_58_87_83,seq13,seq19,r_58_87_83,1.0,0,83,83,22
40,r_133_21_150,seq65,seq13,r_133_21_150,0.92,0,150,150,22
16,r_7_76_176,r_45_34_64,r_71_75_11,r_45_34_64,0.92,-19,45,64,22
58,seq142,seq74,r_88_114_47,r_88_114_47,0.97,5,52,47,22
24,r_119_17_160,seq122,r_64_97_37,r_119_17_160,0.85,0,160,160,22
87,seq100,seq70,r_60_84_14,r_60_84_14,1.0,3,17,14,22
34,r_140_22_57,r_41_15_100,r_113_52_137,r_140_22_57,0.87,1,58,57,22
34,r_140_22_57,r_113_52_137,r_64_97_37,r_113_52_137,1.0,1,138,137,22
37,r_37_67_39,r_88_114_47,seq98,r_37_67_39,0.75,0,39,39,22
25,r_124_69_23,seq134,r_141_149_162,r_141_149_162,0.98,11,173,162,22
10,r_72_89_36,seq103,r_132_54_183,r_72_89_36,0.92,0,36,36,22
28,r_18_108_19,seq86,seq134,r_18_108_19,1.0,0,19,19,22
11,r_91_38_15,seq98,r_137_117_163,r_91_38_15,0.99,1,16,15,22
50,seq1,r_48_96_128,seq2,r_48_96_128,0.81,2,130,128,22
70,seq47,r_132_54_183,r_72_89_36,r_72_89_36,0.81,147,183,36,22
2,r_12_51_164,r_88_114_47,seq116,r_88_114_47,1.0,1,48,47,22
22,r_64_97_37,r_59_131_148,r_71_75_11,r_64_97_37,1.0,1,38,37,22
38,r_48_96_128,seq1,r_64_97_37,r_64_97_37,0.54,92,129,37,22
52,seq6,r_9_129_116,seq123,r_9_129_116,0.99,-1,115,116,22
45,r_141_149_162,r_45_34_64,r_124_69_23,r_141_149_162,0.92,0,162,162,22
42,r_60_84_14,r_46_93_192,seq100,r_60_84_14,1.0,1,15,14,22
17,r_33_16_134,r_43_109_119,seq36,r_43_109_119,0.97,2,121,119,22
27,r_85_73_40,r_124_69_23,seq23,r_85_73_40,1.0,0,40,40,22
18,r_113_52_137,r_48_96_128,r_140_22_57,r_113_52_137,0.8,-84,53,137,22
60,seq19,seq11,r_40_92_24,r_40_92_24,1.0,0,24,24,22
49,r_137_117_163,seq36,seq123,r_137_117_163,0.36,0,163,163,22
33,r_71_75_11,r_83_128_95,r_45_34_64,r_71_75_11,0.99,-1,10,11,22
17,r_33_16_134,seq36,r_9_129_116,r_33_16_134,0.9,1,135,134,22
56,seq11,seq19,r_99_68_76,r_99_68_76,0.81,12,88,76,22
18,r_113_52_137,r_140_22_57,r_62_39_31,r_113_52_137,0.93,0,137,137,22
26,r_45_34_64,r_141_149_162,seq86,r_141_149_162,1.0,-5,157,162,22
23,r_132_54_183,seq47,seq10,r_132_54_183,0.81,0,183,183,22
7,r_127_144_43,r_25_126_62,seq42,r_25_126_62,0.85,-17,45,62,22
61,seq23,seq106,r_85_73_40,r_85_73_40,1.0,9,49,40,22
97,seq117,r_36_50_52,r_16_69_104,r_36_50_52,0.97,0,52,52,23
40,r_20_61_61,r_147_129_140,seq130,r_147_129_140,0.6,0,140,140,23
30,r_142_126_75,seq123,seq64,r_142_126_75,1.0,0,75,75,23
9,r_1_22_65,seq105,r_55_81_85,r_55_81_85,0.8,1,86,85,23
51,seq3,r_131_70_181,r_147_129_140,r_147_129_140,0.99,13,153,140,23
14,r_7_133_90,r_42_66_149,seq94,r_7_133_90,1.0,2,92,90,23
53,seq136,seq18,r_75_80_51,r_75_80_51,1.0,21,72,51,23
54,seq137,seq32,r_26_87_116,r_26_87_116,1.0,18,134,116,23
37,r_97_41_142,seq112,seq141,r_97_41_142,0.95,0,142,142,23
22,r_8_111_56,r_68_101_178,r_21_86_78,r_8_111_56,0.69,1,57,56,23
71,seq38,r_98_76_57,r_71_102_160,r_98_76_57,0.51,12,69,57,23
16,r_6_144_167,r_131_70_181,r_39_2_87,r_6_144_167,0.61,0,167,167,23
21,r_147_129_140,r_59_92_67,r_20_61_61,r_147_129_140,1.0,-78,62,140,23
39,r_65_119_66,r_13_11_123,seq3,r_65_119_66,1.0,0,66,66,23
46,r_13_11_123,r_100_79_177,seq60,r_13_11_123,1.0,1,124,123,23
7,r_131_70_181,r_147_129_140,r_85_58_30,r_131_70_181,0.99,0,181,181,23
45,r_53_127_70,seq141,r_122_88_144,r_53_127_70,0.97,0,70,70,23
36,r_82_74_28,seq145,r_100_79_177,r_82_74_28,1.0,0,28,28,23
25,r_93_89_37,r_6_144_167,seq149,r_93_89_37,1.0,-1,36,37,23
13,r_139_0_58,r_97_41_142,r_82_74_28,r_139_0_58,0.97,0,58,58,23
41,r_26_87_116,r_100_79_177,seq137,r_26_87_116,0.99,0,116,116,23
4,r_35_121_153,r_100_79_177,r_98_76_57,r_35_121_153,0.85,0,153,153,23
0,r_39_2_87,seq51,r_75_80_51,r_39_2_87,1.0,0,87,87,23
11,r_59_92_67,r_147_129_140,seq134,r_59_92_67,1.0,0,67,67,23
56,seq141,r_139_0_58,r_97_41_142,r_97_41_142,1.0,-2,140,142,23
48,r_42_66_149,seq134,seq32,r_42_66_149,0.92,0,149,149,23
26,r_56_106_25,seq23,r_48_29_18,r_56_106_25,1.0,0,25,25,23
21,r_147_129_140,r_20_61_61,seq3,r_147_129_140,0.97,0,140,140,23
5,r_47_17_89,r_110_46_12,r_8_111_56,r_47_17_89,1.0,0,89,89,23
79,seq60,r_48_29_18,r_45_107_166,r_48_29_18,0.94,12,30,18,23
36,r_82_74_28,r_100_79_177,r_139_0_58,r_139_0_58,0.76,36,94,58,23
6,r_85_58_30,r_100_79_177,seq30,r_85_58_30,1.0,0,30,30,23
23,r_110_46_12,r_96_12_63,r_47_17_89,r_110_46_12,0.98,0,12,12,23
10,r_71_102_160,seq38,r_139_0_58,r_71_102_160,0.88,0,160,160,23
27,r_99_72_133,seq64,r_146_135_31,r_99_72_133,0.76,0,133,133,23
29,r_146_135_31,seq136,r_100_79_177,r_146_135_31,1.0,0,31,31,23
12,r_63_25_20,r_26_87_116,seq34,r_63_25_20,0.92,0,20,20,23
79,seq60,r_45_107_166,r_13_11_123,r_13_11_123,0.96,1,124,123,23
2,r_96_12_63,seq83,seq49,r_96_12_63,1.0,0,63,63,23
47,r_100_79_177,r_13_11_123,r_118_84_118,r_100_79_177,1.0,-54,123,177,23
20,r_103_132_46,r_99_72_133,seq32,r_103_132_46,1.0,0,46,46,23
40,r_20_61_61,r_21_86_78,r_147_129_140,r_20_61_61,1.0,0,61,61,23
18,r_125_5_154,seq123,r_9_114_199,r_125_5_154,0.8,0,154,154,23
33,r_45_107_166,seq83,r_99_72_133,r_45_107_166,0.48,0,166,166,23
64,seq28,seq123,r_120_27_86,r_120_27_86,1.0,2,88,86,23
61,seq149,seq143,r_93_89_37,r_93_89_37,1.0,0,37,37,23
68,seq33,r_148_104_136,r_53_127_70,r_53_127_70,0.72,67,137,70,23
3,r_128_4_47,r_9_114_199,seq54,r_128_4_47,1.0,0,47,47,23
98,seq123,r_142_126_75,seq31,r_142_126_75,1.0,-21,54,75,23
38,r_120_27_86,seq62,seq28,r_120_27_86,0.99,0,86,86,23
5,r_47_17_89,r_139_0_58,r_110_46_12,r_110_46_12,0.92,1,13,12,23
71,seq38,r_71_102_160,r_8_111_56,r_71_102_160,0.99,-3,157,160,23
34,r_21_86_78,r_20_61_61,r_8_111_56,r_21_86_78,0.65,-17,61,78,23
45,r_53_127_70,r_122_88_144,seq33,r_122_88_144,1.0,0,144,144,23
47,r_100_79_177,r_118_84_118,r_63_25_20,r_100_79_177,0.98,0,177,177,23
15,r_36_50_52,seq117,r_103_132_46,r_36_50_52,1.0,0,52,52,23
94,seq112,r_97_41_142,seq43,r_97_41_142,1.0,-12,130,142,23
9,r_1_22_65,r_9_114_199,seq105,r_1_22_65,0.86,0,65,65,23
77,seq54,seq73,r_128_4_47,r_128_4_47,1.0,5,52,47,23
29,r_146_135_31,r_100_79_177,r_99_72_133,r_146_135_31,0.73,131,162,31,23
10,r_71_102_160,r_98_76_57,seq38,r_71_102_160,0.5,-105,55,160,23
28,r_148_104_136,r_122_88_144,seq57,r_148_104_136,0.93,0,136,136,23
49,r_68_101_178,seq136,seq10,r_68_101_178,0.24,-11,167,178,23
7,r_131_70_181,r_6_144_167,r_147_129_140,r_147_129_140,0.96,27,167,140,23
44,r_98_76_57,r_71_102_160,seq62,r_98_76_57,0.92,9,66,57,23
87,seq83,r_96_12_63,seq57,r_96_12_63,1.0,-8,55,63,23
43,r_75_80_51,r_9_114_199,seq136,r_75_80_51,1.0,0,51,51,23
82,seq64,r_99_72_133,r_142_126_75,r_142_126_75,0.7,1,76,75,23
42,r_48_29_18,seq60,r_56_106_25,r_48_29_18,1.0,0,18,18,23
23,r_110_46_12,r_47_17_89,seq43,r_47_17_89,1.0,0,89,89,23
30,r_87_48_147,r_14_34_175,r_136_79_33,r_87_48_147,0.89,0,147,147,24
36,r_59_47_93,r_75_111_150,r_92_134_133,r_59_47_93,0.72,0,93,93,24
9,r_82_37_72,r_0_107_189,seq103,r_82_37_72,0.48,117,189,72,24
8,r_44_50_154,seq54,seq143,r_44_50_154,0.6,0,154,154,24
36,r_59_47_93,r_92_134_133,seq103,r_92_134_133,1.0,0,133,133,24
43,r_25_21_164,seq135,r_113_88_66,r_25_21_164,0.94,0,164,164,24
91,seq104,r_147_62_87,r_68_13_109,r_68_13_109,0.48,22,131,109,24
21,r_12_30_131,seq84,r_97_81_22,r_12_30_131,0.94,0,131,131,24
39,r_70_64_173,r_148_140_118,r_55_101_122,r_70_64_173,0.61,-55,118,173,24
1,r_106_126_171,seq120,seq96,r_106_126_171,0.33,0,171,171,24
31,r_75_111_150,seq3,seq129,r_75_111_150,0.99,0,150,150,24
5,r_145_130_78,r_25_21_164,r_89_6_32,r_25_21_164,0.78,-86,78,164,24
42,r_14_34_175,r_87_48_147,r_75_111_150,r_14_34_175,0.77,-28,147,175,24
69,seq35,seq143,r_29_73_94,r_29_73_94,1.0,12,106,94,24
24,r_67_69_4,seq95,r_58_61_6,r_58_61_6,0.56,103,109,6,24
77,seq133,r_66_83_30,r_86_8_97,r_86_8_97,1.0,5,102,97,24
66,seq31,r_11_9_107,seq1,r_11_9_107,1.0,0,107,107,24
31,r_75_111_150,r_59_47_93,seq3,r_59_47_93,1.0,0,93,93,24
41,r_114_124_152,seq84,r_141_71_13,r_141_71_13,0.65,139,152,13,24
49,r_89_6_32,r_44_50_154,r_18_63_106,r_89_6_32,1.0,1,33,32,24
67,seq32,seq143,r_29_73_94,r_29_73_94,1.0,12,106,94,24
3,r_18_63_106,seq56,r_58_61_6,r_18_63_106,0.95,0,106,106,24
90,seq103,r_68_13_109,seq117,r_68_13_109,1.0,-49,60,109,24
26,r_113_88_66,seq72,r_136_79_33,r_113_88_66,1.0,0,66,66,24
16,r_15_40_9,r_137_7_129,seq31,r_137_7_129,1.0,3,132,129,24
78,seq72,seq109,r_148_140_118,r_148_140_118,1.0,16,134,118,24
11,r_46_51_84,r_106_126_171,r_93_26_8,r_46_51_84,1.0,0,84,84,24
20,r_17_65_92,r_132_115_142,r_58_61_6,r_17_65_92,0.59,52,144,92,24
13,r_60_121_190,seq128,r_16_27_120,r_60_121_190,0.45,0,190,190,24
15,r_68_13_109,seq42,seq104,r_68_13_109,0.85,0,109,109,24
48,r_85_108_104,seq90,r_41_28_5,r_85_108_104,1.0,0,104,104,24
17,r_136_79_33,r_116_57_193,seq112,r_136_79_33,0.95,0,33,33,24
6,r_147_62_87,seq22,seq2,r_147_62_87,1.0,0,87,87,24
62,seq19,r_36_4_101,seq80,r_36_4_101,1.0,1,102,101,24
0,r_16_27_120,seq143,r_41_28_5,r_16_27_120,1.0,0,120,120,24
27,r_36_4_101,seq19,seq120,r_36_4_101,1.0,0,101,101,24
47,r_41_28_5,r_85_108_104,r_16_27_120,r_16_27_120,0.63,0,120,120,24
87,seq96,seq138,r_106_126_171,r_106_126_171,0.68,11,182,171,24
49,r_89_6_32,r_18_63_106,r_145_130_78,r_89_6_32,0.69,55,87,32,24
45,r_23_102_25,seq94,seq84,r_23_102_25,1.0,0,25,25,24
33,r_92_134_133,r_59_47_93,r_113_88_66,r_92_134_133,1.0,1,134,133,24
2,r_148_140_118,r_70_64_173,seq72,r_148_140_118,1.0,0,118,118,24
25,r_141_71_13,r_127_52_180,r_93_26_8,r_141_71_13,1.0,0,13,13,24
39,r_70_64_173,r_55_101_122,r_36_4_101,r_70_64_173,1.0,0,173,173,24
18,r_55_101_122,seq95,r_70_64_173,r_55_101_122,0.69,0,122,122,24
19,r_10_24_51,r_55_101_122,r_74_100_38,r_10_24_51,0.98,0,51,51,24
33,r_92_134_133,seq42,r_59_47_93,r_59_47_93,0.69,1,94,93,24
47,r_41_28_5,seq133,r_85_108_104,r_41_28_5,0.51,103,108,5,24
64,seq149,r_97_81_22,r_148_140_118,r_97_81_22,0.87,1,23,22,24
31,r_75_111_150,seq129,r_14_34_175,r_14_34_175,0.96,1,176,175,24
40,r_105_78_18,r_23_102_25,seq90,r_105_78_18,1.0,0,18,18,24
50,seq128,r_60_121_190,r_36_4_101,r_36_4_101,1.0,87,188,101,24
35,r_97_81_22,seq149,seq94,r_97_81_22,0.89,1,23,22,24
85,seq94,r_23_102_25,r_97_81_22,r_23_102_25,0.81,0,25,25,24
46,r_119_53_53,r_16_27_120,r_93_26_8,r_119_53_53,1.0,0,53,53,24
52,seq2,seq76,r_147_62_87,r_147_62_87,1.0,16,103,87,24
0,r_16_27_120,r_119_53_53,seq143,r_119_53_53,1.0,-1,52,53,24
77,seq133,seq80,r_66_83_30,r_66_83_30,1.0,0,30,30,24
9,r_82_37_72,seq117,r_0_107_189,r_82_37_72,0.9,0,72,72,24
96,seq120,r_106_126_171,r_36_4_101,r_36_4_101,1.0,70,171,101,24
7,r_74_100_38,r_18_63_106,seq84,r_74_100_38,0.99,0,38,38,24
16,r_15_40_9,r_136_79_33,r_137_7_129,r_15_40_9,0.94,2,11,9,24
32,r_66_83_30,seq2,seq133,r_66_83_30,1.0,0,30,30,24
37,r_137_7_129,r_15_40_9,seq54,r_137_7_129,0.5,3,132,129,24
28,r_0_107_189,r_82_37_72,r_127_52_180,r_127_52_180,0.38,9,189,180,24
29,r_93_26_8,seq118,r_46_51_84,r_46_51_84,1.0,1,85,84,24
22,r_132_115_142,r_17_65_92,seq149,r_132_115_142,0.41,2,144,142,24
28,r_0_107_189,seq42,r_82_37_72,r_82_37_72,0.75,-8,64,72,24
44,r_86_8_97,seq104,seq133,r_86_8_97,0.98,0,97,97,24
23,r_29_73_94,r_60_121_190,seq32,r_29_73_94,0.99,0,94,94,24
12,r_11_9_107,seq31,seq143,r_11_9_107,1.0,1,108,107,24
18,r_55_101_122,r_70_64_173,r_132_115_142,r_70_64_173,1.0,0,173,173,24
40,r_2_44_160,r_12_9_105,seq17,r_2_44_160,0.81,0,160,160,25
30,r_90_53_2,r_104_16_172,r_57_64_95,r_57_64_95,0.78,62,157,95,25
36,r_6_88_99,r_93_37_149,seq129,r_6_88_99,1.0,0,99,99,25
8,r_23_74_24,r_52_131_50,seq58,r_23_74_24,0.55,-5,19,24,25
92,seq111,r_108_103_119,r_91_128_34,r_108_103_119,1.0,0,119,119,25
24,r_12_9_105,r_2_44_160,seq121,r_2_44_160,0.95,0,160,160,25
14,r_34_144_59,seq145,r_78_94_176,r_34_144_59,1.0,0,59,59,25
71,seq59,r_43_118_87,seq30,r_43_118_87,0.92,11,98,87,25
5,r_72_106_109,r_34_144_59,r_92_41_43,r_72_106_109,0.87,-50,59,109,25
86,seq95,r_93_37_149,r_52_131_50,r_93_37_149,0.68,0,149,149,25
16,r_93_37_149,seq95,seq111,r_93_37_149,0.71,0,149,149,25
21,r_142_89_117,seq33,r_5_26_44,r_142_89_117,0.89,0,117,117,25
57,seq19,seq107,r_97_148_75,r_97_148_75,0.98,-1,74,75,25
1,r_125_8_122,seq46,seq133,r_125_8_122,1.0,0,122,122,25
46,r_4_27_145,r_99_85_186,r_78_94_176,r_4_27_145,0.99,0,145,145,25
42,r_43_118_87,seq59,seq129,r_43_118_87,1.0,0,87,87,25
76,seq69,r_99_85_186,r_42_38_64,r_42_38_64,0.92,-43,21,64,25
80,seq77,seq111,r_81_22_184,r_81_22_184,0.9,-1,183,184,25
45,r_97_148_75,r_76_54_106,seq19,r_97_148_75,1.0,0,75,75,25
9,r_102_119_15,r_31_14_175,seq7,r_102_119_15,0.96,2,17,15,25
0,r_52_131_50,seq133,seq35,r_52_131_50,0.97,0,50,50,25
95,seq117,r_31_14_175,r_5_26_44,r_5_26_44,0.96,131,175,44,25
66,seq46,r_114_96_129,r_3_146_133,r_114_96_129,1.0,0,129,129,25
31,r_70_143_134,r_47_86_130,seq1,r_47_86_130,0.84,-58,72,130,25
40,r_2_44_160,r_36_50_33,r_12_9_105,r_2_44_160,1.0,-128,32,160,25
89,seq105,r_134_101_138,r_90_53_2,r_134_101_138,0.98,-10,128,138,25
3,r_135_109_187,r_90_53_2,r_31_14_175,r_31_14_175,0.6,12,187,175,25
10,r_42_38_64,r_6_88_99,seq69,r_6_88_99,0.76,-23,76,99,25
26,r_134_101_138,seq105,r_102_119_15,r_134_101_138,0.98,0,138,138,25
78,seq129,r_137_73_136,r_6_88_99,r_6_88_99,1.0,3,102,99,25
11,r_99_85_186,r_4_27_145,r_52_131_50,r_99_85_186,0.91,-41,145,186,25
15,r_56_147_77,seq68,r_91_128_34,r_56_147_77,0.75,5,82,77,25
48,r_57_64_95,seq60,r_90_53_2,r_57_64_95,1.0,1,96,95,25
6,r_114_96_129,seq46,seq62,r_114_96_129,1.0,0,129,129,25
99,seq127,r_32_123_193,r_66_49_83,r_66_49_83,0.99,7,90,83,25
39,r_138_18_35,r_52_131_50,seq46,r_138_18_35,1.0,0,35,35,25
51,seq133,seq58,r_125_8_122,r_125_8_122,1.0,0,122,122,25
2,r_0_84_112,seq83,seq141,r_0_84_112,0.57,13,125,112,25
74,seq67,r_66_49_83,seq124,r_66_49_83,0.99,1,84,83,25
18,r_47_86_130,seq145,r_0_84_112,r_47_86_130,0.96,0,130,130,25
29,r_108_103_119,seq111,r_42_38_64,r_108_103_119,1.0,0,119,119,25
24,r_12_9_105,seq1,r_2_44_160,r_12_9_105,0.73,0,105,105,25
5,r_72_106_109,r_92_41_43,seq17,r_72_106_109,0.93,0,109,109,25
20,r_130_65_32,seq129,seq62,r_130_65_32,0.64,23,55,32,25
35,r_92_41_43,r_72_106_109,r_76_54_106,r_92_41_43,1.0,66,109,43,25
25,r_98_20_182,r_76_54_106,r_5_26_44,r_98_20_182,0.94,-75,107,182,25
33,r_113_112_157,seq28,r_3_146_133,r_113_112_157,0.61,0,157,157,25
44,r_61_79_10,r_135_109_187,seq48,r_61_79_10,0.98,0,10,10,25
38,r_66_49_83,seq67,seq127,r_66_49_83,0.98,0,83,83,25
77,seq71,seq33,r_10_132_46,r_10_132_46,1.0,22,68,46,25
97,seq121,r_39_63_48,seq45,r_39_63_48,1.0,0,48,48,25
47,r_36_50_33,r_2_44_160,seq33,r_36_50_33,1.0,0,33,33,25
12,r_5_26_44,r_52_131_50,seq25,r_5_26_44,0.92,0,44,44,25
51,seq133,r_52_131_50,seq58,r_52_131_50,0.75,0,50,50,25
17,r_31_14_175,seq117,r_76_54_106,r_76_54_106,1.0,69,175,106,25
96,seq120,r_137_73_136,r_43_118_87,r_43_118_87,1.0,24,111,87,25
13,r_39_63_48,seq121,seq117,r_39_63_48,1.0,1,49,48,25
31,r_70_143_134,seq1,r_11_122_63,r_70_143_134,1.0,0,134,134,25
43,r_10_132_46,r_125_8_122,seq71,r_10_132_46,1.0,0,46,46,25
7,r_11_122_63,seq136,r_29_149_57,r_11_122_63,1.0,0,63,63,25
35,r_92_41_43,seq46,r_72_106_109,r_92_41_43,1.0,0,43,43,25
23,r_76_54_106,seq116,r_92_41_43,r_76_54_106,0.99,1,107,106,25
41,r_140_139_31,r_134_101_138,seq129,r_140_139_31,0.92,1,32,31,25
19,r_29_149_57,r_34_144_59,seq60,r_29_149_57,1.0,0,57,57,25
93,seq112,r_82_41_183,seq136,r_82_41_183,0.89,-9,174,183,26
36,r_84_56_173,r_111_98_60,r_21_64_59,r_84_56_173,1.0,-113,60,173,26
30,r_117_37_199,r_21_64_59,r_132_101_28,r_117_37_199,0.98,-161,38,199,26
37,r_36_68_75,r_108_143_175,seq127,r_36_68_75,0.98,0,75,75,26
22,r_19_9_56,r_38_39_127,r_135_99_45,r_19_9_56,1.0,1,57,56,26
43,r_27_32_30,seq44,r_132_101_28,r_27_32_30,0.98,0,30,30,26
21,r_114_75_131,seq127,r_55_81_101,r_114_75_131,0.95,3,134,131,26
12,r_71_62_49,r_43_25_185,seq30,r_71_62_49,0.99,0,49,49,26
1,r_21_64_59,r_84_56_173,r_89_33_130,r_21_64_59,0.87,114,173,59,26
34,r_16_59_42,r_130_131_129,r_142_65_163,r_16_59_42,1.0,0,42,42,26
1,r_21_64_59,r_117_37_199,r_84_56_173,r_21_64_59,1.0,1,60,59,26
5,r_50_141_68,seq115,r_10_113_182,r_50_141_68,1.0,1,69,68,26
72,seq44,r_135_99_45,r_146_83_107,r_146_83_107,0.98,2,109,107,26
25,r_148_72_120,r_88_60_72,r_50_141_68,r_148_72_120,0.93,0,120,120,26
28,r_57_126_179,r_107_40_78,r_138_0_21,r_57_126_179,0.97,0,179,179,26
45,r_77_22_86,r_114_75_131,seq95,r_77_22_86,1.0,0,86,86,26
19,r_111_98_60,r_84_56_173,seq80,r_111_98_60,1.0,0,60,60,26
4,r_20_91_46,r_29_7_91,r_14_46_82,r_20_91_46,0.97,0,46,46,26
31,r_10_113_182,r_132_101_28,seq145,r_132_101_28,1.0,16,44,28,26
66,seq24,r_85_120_133,seq35,r_85_120_133,1.0,-2,131,133,26
85,seq86,seq144,r_16_59_42,r_16_59_42,1.0,12,54,42,26
3,r_89_33_130,r_31_109_159,r_21_64_59,r_21_64_59,0.68,73,132,59,26
10,r_29_7_91,seq49,r_111_98_60,r_29_7_91,0.96,0,91,91,26
8,r_142_65_163,r_16_59_42,r_135_99_45,r_142_65_163,0.81,2,165,163,26
72,seq44,r_66_125_62,r_135_99_45,r_66_125_62,0.61,-1,61,62,26
0,r_138_0_21,r_82_41_183,seq34,r_138_0_21,0.92,2,23,21,26
4,r_20_91_46,r_14_46_82,seq2,r_14_46_82,1.0,0,82,82,26
11,r_103_94_137,r_48_70_196,r_66_125_62,r_66_125_62,1.0,25,87,62,26
39,r_128_147_31,seq129,seq35,r_128_147_31,1.0,0,31,31,26
20,r_52_18_96,r_148_72_120,seq1,r_52_18_96,0.98,0,96,96,26
48,r_107_40_78,seq104,r_130_131_129,r_107_40_78,0.99,0,78,78,26
57,seq8,r_53_93_124,r_90_63_108,r_90_63_108,1.0,38,146,108,26
82,seq79,seq11,r_135_99_45,r_135_99_45,0.67,-1,44,45,26
31,r_10_113_182,r_50_141_68,r_14_46_82,r_14_46_82,0.86,100,182,82,26
6,r_15_100_146,seq137,seq104,r_15_100_146,0.75,0,146,146,26
48,r_107_40_78,r_130_131_129,seq69,r_130_131_129,1.0,0,129,129,26
7,r_14_46_82,r_89_33_130,r_38_39_127,r_38_39_127,0.62,5,132,127,26
8,r_142_65_163,seq86,r_16_59_42,r_16_59_42,1.0,15,57,42,26
99,seq127,r_114_75_131,seq104,r_114_75_131,1.0,3,134,131,26
5,r_50_141_68,r_10_113_182,r_148_72_120,r_148_72_120,1.0,62,182,120,26
36,r_84_56_173,r_21_64_59,seq106,r_84_56_173,0.75,0,173,173,26
49,r_6_116_13,r_15_100_146,seq115,r_6_116_13,1.0,-1,12,13,26
27,r_82_41_183,seq112,r_114_75_131,r_82_41_183,0.51,0,183,183,26
87,seq95,r_58_54_156,r_77_22_86,r_77_22_86,0.91,1,87,86,26
47,r_108_143_175,seq30,r_132_101_28,r_108_143_175,0.41,0,175,175,26
40,r_26_124_73,seq69,seq12,r_26_124_73,1.0,0,73,73,26
16,r_135_99_45,seq4,seq79,r_135_99_45,1.0,0,45,45,26
18,r_66_125_62,seq44,r_48_70_196,r_66_125_62,1.0,0,62,62,26
29,r_88_60_72,seq76,seq30,r_88_60_72,0.97,0,72,72,26
24,r_31_109_159,r_89_33_130,r_14_46_82,r_14_46_82,0.92,50,132,82,26
34,r_16_59_42,r_142_65_163,r_122_87_152,r_122_87_152,0.49,13,165,152,26
25,r_148_72_120,r_52_18_96,r_88_60_72,r_148_72_120,0.58,-24,96,120,26
33,r_90_63_108,r_148_72_120,seq137,r_90_63_108,0.82,0,108,108,26
13,r_102_73_40,seq80,seq127,r_102_73_40,1.0,0,40,40,26
50,seq1,seq49,r_52_18_96,r_52_18_96,1.0,7,103,96,26
68,seq30,r_108_143_175,r_71_62_49,r_71_62_49,0.97,113,162,49,26
14,r_132_101_28,r_10_113_182,r_117_37_199,r_132_101_28,0.98,2,30,28,26
31,r_10_113_182,seq145,r_50_141_68,r_50_141_68,0.91,12,80,68,26
32,r_38_39_127,seq105,r_14_46_82,r_38_39_127,1.0,1,128,127,26
38,r_146_83_107,r_89_33_130,seq44,r_146_83_107,0.98,0,107,107,26
75,seq49,r_29_7_91,seq11,r_29_7_91,0.97,0,91,91,26
60,seq12,r_89_33_130,r_26_124_73,r_26_124_73,1.0,6,79,73,26
11,r_103_94_137,r_66_125_62,seq95,r_103_94_137,1.0,0,137,137,26
17,r_48_70_196,r_103_94_137,r_66_125_62,r_48_70_196,0.55,-111,85,196,26
96,seq121,r_43_25_185,r_58_54_156,r_58_54_156,0.74,29,185,156,26
28,r_57_126_179,r_130_131_129,r_107_40_78,r_107_40_78,0.82,52,130,78,26
7,r_14_46_82,seq137,r_89_33_130,r_14_46_82,0.99,0,82,82,26
23,r_130_131_129,r_57_126_179,seq28,r_130_131_129,1.0,0,129,129,26
35,r_133_17_111,seq80,seq136,r_133_17_111,0.89,0,111,111,26
30,r_106_38_65,r_28_83_168,seq92,r_106_38_65,0.9,0,65,65,27
44,r_12_78_54,r_33_145_43,r_30_71_83,r_30_71_83,0.92,48,131,83,27
9,r_140_135_6,r_28_83_168,r_87_40_100,r_87_40_100,0.87,69,169,100,27
19,r_124_128_36,seq58,r_140_135_6,r_124_128_36,0.91,0,36,36,27
48,r_67_48_48,r_106_38_65,seq49,r_67_48_48,1.0,0,48,48,27
38,r_60_105_38,r_93_101_50,seq117,r_60_105_38,1.0,0,38,38,27
8,r_132_22_148,seq79,r_131_70_58,r_132_22_148,0.89,0,148,148,27
53,seq5,seq108,r_143_51_151,r_143_51_151,1.0,9,160,151,27
43,r_50_112_73,seq74,r_93_101_50,r_50_112_73,0.64,1,74,73,27
83,seq84,r_66_6_93,r_7_3_141,r_66_6_93,0.93,-2,91,93,27
37,r_77_46_103,seq149,r_50_112_73,r_77_46_103,0.98,0,103,103,27
72,seq54,r_24_68_69,r_7_3_141,r_24_68_69,0.76,-35,34,69,27
86,seq92,seq58,r_106_38_65,r_106_38_65,0.95,84,149,65,27
16,r_24_68_69,seq54,r_131_70_58,r_24_68_69,1.0,2,71,69,27
23,r_118_116_96,seq120,seq100,r_118_116_96,0.99,0,96,96,27
1,r_31_127_180,seq1,r_87_40_100,r_87_40_100,0.65,81,181,100,27
5,r_113_11_67,r_109_85_85,r_106_38_65,r_106_38_65,0.94,2,67,65,27
46,r_23_57_129,r_69_137_167,r_91_139_25,r_23_57_129,0.97,0,129,129,27
80,seq79,r_132_22_148,r_33_145_43,r_33_145_43,0.82,106,149,43,27
45,r_10_73_84,r_63_27_113,r_18_110_44,r_10_73_84,0.74,0,84,84,27
36,r_88_138_28,seq134,r_94_123_14,r_88_138_28,0.93,0,28,28,27
31,r_30_71_83,seq117,r_12_78_54,r_30_71_83,1.0,1,84,83,27
41,r_115_45_123,seq58,r_91_139_25,r_115_45_123,0.96,0,123,123,27
67,seq34,seq79,r_87_40_100,r_87_40_100,1.0,36,136,100,27
0,r_131_70_58,r_39_41_34,seq142,r_131_70_58,1.0,0,58,58,27
10,r_102_97_158,seq100,r_26_76_32,r_102_97_158,0.55,0,158,158,27
16,r_24_68_69,r_131_70_58,r_136_53_173,r_131_70_58,0.62,118,176,58,27
22,r_8_147_52,r_7_3_141,seq20,r_8_147_52,0.99,0,52,52,27
17,r_21_119_138,r_24_68_69,r_91_139_25,r_21_119_138,0.96,-114,24,138,27
4,r_7_3_141,seq121,seq100,r_7_3_141,0.68,2,143,141,27
39,r_61_55_13,r_8_147_52,seq117,r_61_55_13,0.65,1,14,13,27
20,r_90_36_63,seq9,r_69_137_167,r_90_36_63,1.0,1,64,63,27
13,r_136_53_173,seq142,r_24_68_69,r_24_68_69,1.0,107,176,69,27
15,r_94_123_14,seq92,r_88_138_28,r_88_138_28,0.91,-4,24,28,27
12,r_91_139_25,r_7_3_141,r_23_57_129,r_23_57_129,0.7,2,131,129,27
6,r_87_40_100,r_99_104_117,r_124_128_36,r_87_40_100,1.0,1,101,100,27
62,seq149,r_77_46_103,seq20,r_77_46_103,1.0,0,103,103,27
85,seq89,r_28_83_168,seq141,r_28_83_168,0.82,-29,139,168,27
12,r_91_139_25,r_66_6_93,r_7_3_141,r_91_139_25,0.8,1,26,25,27
3,r_93_101_50,r_118_116_96,r_35_148_197,r_93_101_50,1.0,0,50,50,27
42,r_28_83_168,r_106_38_65,r_140_135_6,r_28_83_168,0.8,-144,24,168,27
22,r_8_147_52,r_61_55_13,r_7_3_141,r_8_147_52,0.86,-40,12,52,27
47,r_114_15_86,r_109_85_85,r_124_128_36,r_124_128_36,1.0,63,99,36,27
18,r_42_82_110,r_143_51_151,r_87_40_100,r_143_51_151,1.0,-41,110,151,27
29,r_99_104_117,seq47,r_90_36_63,r_99_104_117,0.96,0,117,117,27
20,r_90_36_63,r_69_137_167,r_99_104_117,r_90_36_63,0.61,59,122,63,27
24,r_109_85_85,r_113_11_67,r_114_15_86,r_113_11_67,1.0,-5,62,67,27
35,r_111_95_57,r_94_123_14,r_60_105_38,r_111_95_57,1.0,0,57,57,27
11,r_33_145_43,r_77_46_103,seq79,r_33_145_43,1.0,0,43,43,27
25,r_143_51_151,seq47,seq5,r_143_51_151,0.95,0,151,151,27
33,r_66_6_93,seq84,seq54,r_66_6_93,0.99,0,93,93,27
39,r_61_55_13,seq117,r_18_110_44,r_18_110_44,0.98,13,57,44,27
70,seq47,r_99_104_117,r_63_27_113,r_99_104_117,1.0,0,117,117,27
42,r_28_83_168,r_140_135_6,r_23_57_129,r_28_83_168,0.92,0,168,168,27
19,r_124_128_36,r_140_135_6,r_114_15_86,r_114_15_86,1.0,5,91,86,27
43,r_50_112_73,r_93_101_50,r_77_46_103,r_50_112_73,0.93,53,126,73,27
96,seq121,r_7_3_141,r_23_57_129,r_23_57_129,0.96,14,143,129,27
34,r_26_76_32,r_63_27_113,seq43,r_26_76_32,1.0,0,32,32,27
28,r_17_129_98,seq13,seq125,r_17_129_98,0.84,3,101,98,27
49,r_69_137_167,seq43,r_88_138_28,r_88_138_28,0.68,139,167,28,27
72,seq54,r_7_3_141,r_66_6_93,r_66_6_93,0.72,19,112,93,27
7,r_14_133_136,seq86,r_60_105_38,r_14_133_136,1.0,0,136,136,27
44,r_12_78_54,r_115_45_123,r_33_145_43,r_33_145_43,0.92,17,60,43,27
23,r_118_116_96,r_93_101_50,seq120,r_93_101_50,1.0,0,50,50,27
17,r_21_119_138,r_91_139_25,r_99_104_117,r_21_119_138,0.99,0,138,138,27
21,r_18_110_44,seq13,r_61_55_13,r_18_110_44,1.0,0,44,44,27
61,seq20,r_63_27_113,r_8_147_52,r_8_147_52,1.0,0,52,52,27
84,seq86,r_14_133_136,seq72,r_14_133_136,0.98,0,136,136,27
30,r_137_7_119,r_72_139_143,seq31,r_137_7_119,0.9,0,119,119,28
16,r_73_56_15,r_32_0_57,seq96,r_73_56_15,1.0,1,16,15,28
36,r_116_89_116,seq8,r_54_50_25,r_116_89_116,0.73,3,119,116,28
49,r_103_133_158,r_98_15_185,seq31,r_98_15_185,0.68,-32,153,185,28
37,r_62_43_121,r_145_45_175,seq123,r_62_43_121,0.99,1,122,121,28
85,seq96,seq24,r_73_56_15,r_73_56_15,0.78,2,17,15,28
1,r_92_70_152,seq68,seq146,r_92_70_152,0.64,0,152,152,28
5,r_88_99_139,seq31,seq117,r_88_99_139,0.72,0,139,139,28
42,r_131_9_77,r_101_144_171,seq130,r_131_9_77,0.81,0,77,77,28
48,r_41_148_65,seq52,r_12_13_67,r_41_148_65,0.51,21,86,65,28
69,seq52,r_30_49_5,r_77_91_19,r_77_91_19,0.74,64,83,19,28
45,r_27_20_74,seq76,seq46,r_27_20_74,0.92,0,74,74,28
21,r_77_91_19,r_11_17_122,r_30_49_5,r_77_91_19,1.0,3,22,19,28
3,r_28_42_118,r_120_147_79,seq94,r_28_42_118,0.88,0,118,118,28
20,r_82_143_29,r_12_13_67,r_140_107_169,r_82_143_29,0.61,4,33,29,28
3,r_28_42_118,seq87,seq52,r_28_42_118,0.55,-58,60,118,28
10,r_78_124_114,r_103_133_158,seq106,r_78_124_114,0.97,0,114,114,28
19,r_22_141_21,r_11_17_122,seq134,r_22_141_21,0.88,2,23,21,28
26,r_108_142_155,seq23,r_22_141_21,r_108_142_155,0.71,0,155,155,28
72,seq57,r_86_104_98,r_108_142_155,r_86_104_98,0.86,0,98,98,28
4,r_40_3_72,r_35_122_160,seq123,r_40_3_72,1.0,0,72,72,28
78,seq76,seq130,r_84_119_123,r_84_119_123,0.98,0,123,123,28
0,r_12_13_67,r_90_63_194,r_73_56_15,r_12_13_67,0.93,-1,66,67,28
11,r_26_65_181,r_120_147_79,seq14,r_120_147_79,1.0,0,79,79,28
46,r_105_74_39,r_37_85_127,r_86_104_98,r_105_74_39,0.85,88,127,39,28
41,r_10_69_59,seq130,seq16,r_10_69_59,1.0,0,59,59,28
15,r_58_5_80,r_78_124_114,seq87,r_58_5_80,1.0,0,80,80,28
48,r_41_148_65,seq75,seq52,r_41_148_65,0.93,0,65,65,28
57,seq16,r_35_122_160,r_10_69_59,r_10_69_59,0.97,42,101,59,28
35,r_2_129_134,r_27_20_74,seq106,r_27_20_74,0.65,0,74,74,28
46,r_105_74_39,r_101_144_171,r_37_85_127,r_105_74_39,0.98,0,39,39,28
9,r_145_45_175,r_11_17_122,seq23,r_145_45_175,0.99,0,175,175,28
47,r_35_122_160,r_34_138_90,r_10_69_59,r_35_122_160,0.83,-70,90,160,28
72,seq57,r_108_142_155,seq93,r_108_142_155,0.76,-23,132,155,28
40,r_21_102_112,r_44_64_100,r_34_138_90,r_34_138_90,0.89,11,101,90,28
29,r_34_138_90,r_35_122_160,seq1,r_34_138_90,1.0,0,90,90,28
24,r_44_64_100,r_21_102_112,seq68,r_44_64_100,1.0,1,101,100,28
40,r_21_102_112,r_34_138_90,seq24,r_21_102_112,0.45,0,112,112,28
6,r_54_50_25,r_128_109_195,r_25_71_197,r_54_50_25,1.0,0,25,25,28
58,seq18,r_29_115_168,r_137_7_119,r_137_7_119,0.92,49,168,119,28
35,r_2_129_134,seq106,r_27_20_74,r_27_20_74,0.53,-45,29,74,28
38,r_29_115_168,seq18,r_131_9_77,r_131_9_77,0.49,91,168,77,28
77,seq75,r_41_148_65,seq55,r_41_148_65,0.93,0,65,65,28
35,r_2_129_134,seq106,seq8,r_2_129_134,0.66,2,136,134,28
34,r_120_147_79,r_26_65_181,r_82_143_29,r_120_147_79,1.0,0,79,79,28
25,r_11_17_122,r_77_91_19,seq14,r_77_91_19,0.99,3,22,19,28
47,r_35_122_160,r_10_69_59,r_116_89_116,r_116_89_116,0.56,3,119,116,28
60,seq23,r_98_15_185,r_145_45_175,r_98_15_185,0.57,-7,178,185,28
8,r_32_0_57,r_90_63_194,seq132,r_32_0_57,0.71,1,58,57,28
17,r_72_139_143,seq132,seq66,r_72_139_143,0.86,1,144,143,28
25,r_11_17_122,seq14,seq55,r_11_17_122,0.98,0,122,122,28
9,r_145_45_175,r_62_43_121,r_11_17_122,r_145_45_175,0.99,-53,122,175,28
47,r_35_122_160,r_116_89_116,r_88_99_139,r_35_122_160,0.85,1,161,160,28
22,r_84_119_123,seq123,seq76,r_84_119_123,0.91,-4,119,123,28
28,r_25_71_197,r_35_122_160,r_54_50_25,r_54_50_25,0.52,75,100,25,28
91,seq112,seq47,r_37_85_127,r_37_85_127,0.98,3,130,127,28
49,r_103_133_158,r_78_124_114,r_98_15_185,r_78_124_114,1.0,0,114,114,28
38,r_29_115_168,r_131_9_77,r_26_65_181,r_131_9_77,0.56,106,183,77,28
56,seq14,r_26_65_181,r_62_43_121,r_62_43_121,0.91,58,179,121,28
23,r_101_144_171,seq19,r_73_56_15,r_101_144_171,0.67,0,171,171,28
12,r_86_104_98,seq57,r_105_74_39,r_86_104_98,1.0,0,98,98,28
84,seq95,seq75,r_22_141_21,r_22_141_21,0.78,103,124,21,28
93,seq111,seq108,r_121_53_118,r_121_53_118,1.0,4,122,118,29
40,r_122_126_27,r_136_102_120,r_8_101_75,r_8_101_75,0.78,40,115,75,29
30,r_37_144_97,r_105_60_65,seq111,r_105_60_65,0.84,0,65,65,29
21,r_45_91_54,seq123,r_65_46_93,r_45_91_54,0.99,0,54,54,29
36,r_87_34_80,seq3,r_76_43_35,r_87_34_80,0.89,-3,77,80,29
30,r_37_144_97,seq111,seq17,r_37_144_97,0.82,2,99,97,29
8,r_14_0_132,r_23_20_164,r_81_145_2,r_14_0_132,0.96,0,132,132,29
24,r_23_20_164,r_52_48_101,seq24,r_23_20_164,0.95,0,164,164,29
37,r_40_2_177,seq55,r_110_33_94,r_110_33_94,0.99,81,175,94,29
3,r_136_102_120,r_122_126_27,seq132,r_136_102_120,0.91,9,129,120,29
16,r_143_41_146,seq64,seq149,r_143_41_146,0.67,0,146,146,29
39,r_25_49_144,r_69_93_140,seq18,r_25_49_144,0.88,-4,140,144,29
5,r_129_83_157,seq18,r_99_135_14,r_99_135_14,0.98,147,161,14,29
46,r_36_68_104,seq130,seq61,r_36_68_104,0.82,4,108,104,29
42,r_50_134_124,seq6,seq3,r_50_134_124,0.89,0,124,124,29
69,seq24,seq117,r_110_33_94,r_110_33_94,1.0,0,94,94,29
45,r_58_72_127,seq133,seq117,r_58_72_127,0.96,0,127,127,29
19,r_44_120_168,seq133,r_90_74_148,r_90_74_148,0.67,12,160,148,29
1,r_31_140_13,r_40_2_177,seq86,r_31_140_13,0.97,6,19,13,29
38,r_21_88_186,r_66_70_133,r_90_74_148,r_21_88_186,0.93,0,186,186,29
31,r_110_33_94,r_94_119_95,seq24,r_110_33_94,0.8,0,94,94,29
41,r_5_26_62,r_81_145_2,seq128,r_5_26_62,0.93,0,62,62,29
86,seq86,seq47,r_31_140_13,r_31_140_13,0.77,31,44,13,29
98,seq123,r_45_91_54,seq133,r_45_91_54,1.0,2,56,54,29
4,r_35_100_116,seq16,seq61,r_35_100_116,1.0,0,116,116,29
25,r_65_46_93,r_35_100_116,r_45_91_54,r_45_91_54,0.97,0,54,54,29
0,r_81_145_2,r_5_26_62,seq22,r_5_26_62,0.68,37,99,62,29
63,seq16,r_35_100_116,r_118_71_193,r_35_100_116,1.0,0,116,116,29
11,r_97_59_89,r_122_126_27,seq11,r_97_59_89,0.56,0,89,89,29
32,r_63_77_32,seq132,seq89,r_63_77_32,1.0,0,32,32,29
13,r_121_53_118,seq61,seq111,r_121_53_118,1.0,0,118,118,29
15,r_78_9_108,seq137,seq108,r_78_9_108,0.88,5,113,108,29
3,r_136_102_120,seq137,r_122_126_27,r_122_126_27,0.93,12,39,27,29
6,r_10_80_184,r_25_49_144,r_52_48_101,r_10_80_184,0.66,-56,128,184,29
0,r_81_145_2,seq22,r_69_93_140,r_69_93_140,0.99,1,141,140,29
87,seq89,seq30,r_63_77_32,r_63_77_32,1.0,3,35,32,29
27,r_52_48_101,r_129_83_157,seq146,r_52_48_101,1.0,0,101,101,29
81,seq64,r_143_41_146,seq27,r_143_41_146,1.0,0,146,146,29
2,r_127_112_87,seq108,r_56_96_147,r_127_112_87,0.81,0,87,87,29
43,r_99_135_14,r_14_0_132,seq6,r_99_135_14,0.95,1,15,14,29
47,r_32_147_53,r_127_112_87,seq130,r_32_147_53,0.99,0,53,53,29
29,r_94_119_95,seq64,seq109,r_94_119_95,1.0,0,95,95,29
24,r_23_20_164,r_14_0_132,r_52_48_101,r_23_20_164,0.66,-32,132,164,29
33,r_76_43_35,r_14_0_132,seq15,r_14_0_132,1.0,-37,95,132,29
50,seq128,seq7,r_5_26_62,r_5_26_62,1.0,11,73,62,29
70,seq132,seq125,r_136_102_120,r_136_102_120,0.95,32,152,120,29
38,r_21_88_186,r_56_96_147,r_66_70_133,r_56_96_147,0.95,0,147,147,29
52,seq130,r_36_68_104,r_32_147_53,r_32_147_53,1.0,55,108,53,29
6,r_10_80_184,r_52_48_101,r_5_26_62,r_10_80_184,0.99,0,184,184,29
34,r_118_71_193,r_65_46_93,r_45_91_54,r_45_91_54,0.72,46,100,54,29
60,seq11,seq38,r_97_59_89,r_97_59_89,1.0,3,92,89,29
10,r_85_142_12,r_50_134_124,seq55,r_85_142_12,0.77,0,12,12,29
81,seq64,r_94_119_95,r_143_41_146,r_94_119_95,1.0,0,95,95,29
17,r_90_74_148,seq6,seq67,r_90_74_148,0.73,0,148,148,29
21,r_45_91_54,r_65_46_93,r_118_71_193,r_65_46_93,0.96,5,98,93,29
26,r_116_57_178,r_105_60_65,r_14_0_132,r_105_60_65,0.35,113,178,65,29
2,r_127_112_87,r_56_96_147,r_95_107_136,r_127_112_87,0.99,51,138,87,29
22,r_139_92_98,r_58_72_127,r_8_101_75,r_139_92_98,0.79,0,98,98,29
28,r_69_93_140,r_25_49_144,r_14_0_132,r_25_49_144,1.0,-4,140,144,29
7,r_54_148_73,seq30,seq108,r_54_148_73,0.96,0,73,73,29
44,r_105_60_65,r_37_144_97,r_116_57_178,r_105_60_65,1.0,0,65,65,29
25,r_65_46_93,r_45_91_54,seq108,r_65_46_93,0.93,0,93,93,29
23,r_73_29_179,seq7,seq28,r_73_29_179,0.74,0,179,179,29
26,r_116_57_178,r_121_53_118,r_105_60_65,r_116_57_178,0.96,-146,32,178,29
36,r_87_34_80,r_76_43_35,r_103_13_125,r_103_13_125,0.97,3,128,125,29
40,r_122_126_27,r_97_59_89,r_136_102_120,r_122_126_27,1.0,0,27,27,29
35,r_8_101_75,r_90_74_148,r_122_126_27,r_8_101_75,0.99,3,78,75,29
12,r_66_70_133,seq146,r_127_112_87,r_66_70_133,0.61,1,134,133,29
84,seq79,r_82_62_190,r_97_59_89,r_97_59_89,1.0,101,190,89,29
93,seq104,r_85_54_145,r_81_76_9,r_85_54_145,0.96,-8,137,145,30
36,r_1_83_188,seq3,r_110_96_4,r_110_96_4,0.6,184,188,4,30
8,r_71_58_68,seq97,seq41,r_71_58_68,0.99,0,68,68,30
53,seq5,r_120_70_140,r_117_105_3,r_120_70_140,1.0,-9,131,140,30
43,r_89_25_173,r_12_82_65,seq67,r_12_82_65,1.0,1,66,65,30
69,seq129,r_19_8_29,r_27_61_14,r_27_61_14,0.95,19,33,14,30
55,seq136,seq143,r_91_40_91,r_91_40_91,1.0,26,117,91,30
16,r_118_80_67,seq138,seq141,r_118_80_67,1.0,0,67,67,30
39,r_35_132_137,seq78,r_127_9_54,r_35_132_137,1.0,0,137,137,30
1,r_123_29_64,r_107_24_162,seq3,r_123_29_64,1.0,-2,62,64,30
13,r_46_88_15,r_73_62_92,r_95_147_178,r_46_88_15,1.0,0,15,15,30
5,r_145_28_73,seq128,r_4_94_70,r_145_28_73,1.0,0,73,73,30
42,r_15_116_160,seq55,r_123_29_64,r_123_29_64,1.0,101,165,64,30
91,seq100,r_36_56_181,r_32_16_11,r_32_16_11,0.51,12,23,11,30
80,seq67,r_89_25_173,r_102_146_32,r_102_146_32,0.96,127,159,32,30
29,r_72_69_120,r_49_124_110,r_149_18_185,r_72_69_120,0.78,0,120,120,30
19,r_137_39_66,r_42_75_100,r_27_61_14,r_27_61_14,0.71,53,67,14,30
41,r_32_16_11,r_35_132_137,seq100,r_32_16_11,1.0,0,11,11,30
40,r_47_45_56,seq99,seq113,r_47_45_56,0.83,0,56,56,30
37,r_19_8_29,seq129,seq99,r_19_8_29,0.46,7,36,29,30
89,seq98,r_36_56_181,r_145_28_73,r_145_28_73,1.0,3,76,73,30
11,r_65_108_27,r_120_70_140,seq86,r_65_108_27,0.98,0,27,27,30
10,r_49_124_110,r_85_54_145,r_72_69_120,r_49_124_110,0.45,0,110,110,30
90,seq99,r_6_112_122,r_114_51_63,r_114_51_63,0.82,45,108,63,30
14,r_126_101_138,r_33_142_49,r_130_122_37,r_130_122_37,0.87,106,143,37,30
4,r_77_140_177,r_2_60_194,r_102_146_32,r_77_140_177,0.43,0,177,177,30
0,r_114_51_63,r_145_28_73,r_21_57_20,r_114_51_63,1.0,0,63,63,30
73,seq52,r_73_62_92,seq90,r_73_62_92,0.99,1,93,92,30
20,r_111_87_79,seq37,seq7,r_111_87_79,1.0,0,79,79,30
98,seq121,r_64_48_166,r_73_62_92,r_73_62_92,0.73,-9,83,92,30
15,r_117_105_3,r_120_70_140,seq5,r_120_70_140,1.0,-9,131,140,30
48,r_12_82_65,r_89_25_173,seq98,r_12_82_65,1.0,1,66,65,30
22,r_135_43_10,r_107_24_162,seq104,r_135_43_10,0.98,0,10,10,30
28,r_95_147_178,seq44,r_46_88_15,r_46_88_15,1.0,22,37,15,30
6,r_11_31_159,seq86,r_30_148_52,r_30_148_52,1.0,25,77,52,30
47,r_120_70_140,seq5,r_117_105_3,r_120_70_140,0.47,-92,48,140,30
99,seq125,r_42_75_100,r_15_116_160,r_42_75_100,0.86,1,101,100,30
18,r_149_18_185,r_72_69_120,r_110_96_4,r_149_18_185,0.82,0,185,185,30
31,r_130_122_37,r_71_58_68,seq139,r_130_122_37,1.0,0,37,37,30
30,r_27_61_14,seq129,r_137_39_66,r_137_39_66,1.0,11,77,66,30
69,seq129,r_27_61_14,r_42_75_100,r_42_75_100,1.0,1,101,100,30
34,r_30_148_52,r_2_60_194,r_11_31_159,r_30_148_52,1.0,1,53,52,30
2,r_4_94_70,seq136,seq98,r_4_94_70,1.0,1,71,70,30
14,r_126_101_138,r_133_26_57,r_33_142_49,r_126_101_138,0.99,-81,57,138,30
74,seq53,seq144,r_11_31_159,r_11_31_159,0.96,1,160,159,30
74,seq53,r_35_132_137,seq144,r_35_132_137,0.67,-28,109,137,30
24,r_73_62_92,seq52,seq0,r_73_62_92,0.99,0,92,92,30
34,r_30_148_52,r_11_31_159,seq86,r_11_31_159,0.99,-1,158,159,30
46,r_133_26_57,r_126_101_138,seq23,r_133_26_57,1.0,0,57,57,30
47,r_120_70_140,r_117_105_3,seq131,r_120_70_140,1.0,0,140,140,30
50,seq0,r_64_48_166,r_73_62_92,r_73_62_92,0.88,24,116,92,30
6,r_11_31_159,r_30_148_52,seq53,r_11_31_159,0.99,0,159,159,30
32,r_127_9_54,seq67,r_137_39_66,r_137_39_66,0.81,20,86,66,30
38,r_85_54_145,seq104,r_117_105_3,r_85_54_145,0.9,0,145,145,30
45,r_84_34_31,seq125,r_21_57_20,r_84_34_31,0.9,0,31,31,30
57,seq139,seq50,r_130_122_37,r_130_122_37,0.99,15,52,37,30
23,r_21_57_20,r_11_31_159,seq99,r_21_57_20,1.0,0,20,20,30
75,seq55,r_15_116_160,seq125,r_15_116_160,0.49,25,185,160,30
17,r_36_56_181,seq98,r_47_45_56,r_47_45_56,0.68,126,182,56,30
9,r_6_112_122,seq99,seq37,r_6_112_122,0.96,0,122,122,30
18,r_149_18_185,r_106_134_40,r_81_76_9,r_149_18_185,0.55,-144,41,185,30
49,r_68_13_169,r_2_60_194,r_133_26_57,r_2_60_194,0.43,-25,169,194,30
18,r_149_18_185,r_81_76_9,r_72_69_120,r_149_18_185,0.82,-68,117,185,30
44,r_91_40_91,seq98,seq136,r_91_40_91,0.98,1,92,91,30
82,seq78,r_35_132_137,seq144,r_35_132_137,0.81,0,137,137,30
32,r_127_9_54,r_137_39_66,r_35_132_137,r_35_132_137,0.69,0,137,137,30
27,r_106_134_40,r_149_18_185,seq136,r_106_134_40,1.0,1,41,40,30
29,r_72_69_120,r_149_18_185,r_33_142_49,r_149_18_185,0.91,0,185,185,30
35,r_42_75_100,seq125,seq129,r_42_75_100,1.0,1,101,100,30
10,r_49_124_110,r_72_69_120,r_33_142_49,r_72_69_120,0.6,19,139,120,30
30,r_27_61_14,seq38,seq129,r_27_61_14,0.96,0,14,14,30
93,seq106,seq121,r_117_119_95,r_117_119_95,0.72,2,97,95,31
31,r_120_64_30,r_133_110_198,seq19,r_120_64_30,1.0,9,39,30,31
39,r_46_80_154,seq140,r_0_102_32,r_46_80_154,0.69,31,185,154,31
53,seq4,r_63_5_136,r_89_104_54,r_89_104_54,1.0,80,134,54,31
46,r_58_129_11,r_144_65_169,seq60,r_58_129_11,0.82,0,11,11,31
37,r_54_81_126,r_86_3_180,seq62,r_54_81_126,0.77,0,126,126,31
3,r_100_127_119,r_27_9_31,seq42,r_100_127_119,1.0,0,119,119,31
26,r_89_104_54,r_143_14_197,seq4,r_89_104_54,1.0,1,55,54,31
71,seq38,seq123,r_49_11_82,r_49_11_82,1.0,8,90,82,31
39,r_46_80_154,r_12_72_114,seq19,r_12_72_114,1.0,0,114,114,31
28,r_130_78_196,r_112_32_36,r_23_98_15,r_112_32_36,0.67,0,36,36,31
5,r_117_119_95,seq4,seq106,r_117_119_95,0.59,2,97,95,31
42,r_148_82_81,r_144_65_169,seq132,r_148_82_81,0.81,-20,61,81,31
69,seq36,r_28_20_10,r_112_32_36,r_112_32_36,1.0,27,63,36,31
45,r_86_3_180,r_54_81_126,seq138,r_54_81_126,0.75,0,126,126,31
36,r_26_40_90,r_101_147_37,r_125_135_158,r_101_147_37,0.96,1,38,37,31
66,seq31,r_141_66_110,seq62,r_141_66_110,1.0,0,110,110,31
97,seq121,seq67,r_53_149_27,r_53_149_27,1.0,3,30,27,31
10,r_85_122_163,seq136,r_91_16_78,r_85_122_163,0.66,0,163,163,31
90,seq93,r_100_127_119,seq61,r_100_127_119,0.99,-6,113,119,31
8,r_23_98_15,r_130_78_196,r_51_146_157,r_51_146_157,1.0,14,171,157,31
15,r_112_32_36,r_130_78_196,r_22_44_125,r_112_32_36,1.0,0,36,36,31
1,r_53_149_27,r_100_127_119,seq121,r_53_149_27,1.0,0,27,27,31
49,r_43_10_165,seq61,seq21,r_43_10_165,0.61,-77,88,165,31
8,r_23_98_15,r_84_29_151,r_130_78_196,r_23_98_15,1.0,0,15,15,31
20,r_49_11_82,r_133_110_198,seq38,r_49_11_82,0.98,0,82,82,31
13,r_22_44_125,seq131,r_84_29_151,r_84_29_151,0.93,6,157,151,31
2,r_33_45_41,r_47_71_34,seq41,r_33_45_41,1.0,0,41,41,31
18,r_116_39_120,r_53_149_27,seq15,r_116_39_120,0.68,11,131,120,31
30,r_27_9_31,r_12_72_114,r_100_127_119,r_27_9_31,1.0,0,31,31,31
6,r_1_24_61,seq13,r_53_149_27,r_1_24_61,0.48,0,61,61,31
44,r_101_147_37,seq42,r_68_79_50,r_68_79_50,0.96,0,50,50,31
27,r_111_126_13,r_52_30_52,seq124,r_111_126_13,0.8,0,13,13,31
85,seq83,seq42,r_52_30_52,r_52_30_52,1.0,42,94,52,31
36,r_26_40_90,r_125_135_158,r_52_30_52,r_26_40_90,0.99,1,91,90,31
30,r_27_9_31,r_100_127_119,seq93,r_100_127_119,1.0,0,119,119,31
77,seq61,r_53_149_27,seq93,r_53_149_27,0.99,0,27,27,31
47,r_97_134_72,r_54_81_126,seq73,r_97_134_72,0.97,3,75,72,31
40,r_143_14_197,r_144_65_169,seq25,r_144_65_169,1.0,-46,123,169,31
18,r_116_39_120,r_99_103_18,r_53_149_27,r_53_149_27,0.98,56,83,27,31
29,r_74_108_77,seq25,seq34,r_74_108_77,1.0,0,77,77,31
24,r_144_65_169,r_143_14_197,seq19,r_143_14_197,0.85,-28,169,197,31
25,r_84_29_151,seq34,r_22_44_125,r_84_29_151,0.54,4,155,151,31
45,r_86_3_180,seq138,seq50,r_86_3_180,0.87,0,180,180,31
43,r_47_71_34,seq77,seq38,r_47_71_34,1.0,10,44,34,31
64,seq21,r_139_56_106,seq88,r_139_56_106,1.0,-3,103,106,31
32,r_99_103_18,r_116_39_120,seq106,r_116_39_120,0.73,-4,116,120,31
38,r_63_5_136,seq4,r_53_149_27,r_53_149_27,0.91,114,141,27,31
99,seq124,r_133_110_198,r_111_126_13,r_111_126_13,1.0,0,13,13,31
19,r_68_79_50,r_1_24_61,r_101_147_37,r_1_24_61,0.74,-11,50,61,31
34,r_12_72_114,r_46_80_154,r_144_65_169,r_12_72_114,0.84,0,114,114,31
49,r_43_10_165,seq21,seq93,r_43_10_165,0.65,-48,117,165,31
34,r_12_72_114,r_144_65_169,r_47_71_34,r_12_72_114,0.57,28,142,114,31
3,r_100_127_119,seq93,r_27_9_31,r_27_9_31,1.0,1,32,31,31
75,seq59,r_91_16_78,seq87,r_91_16_78,0.73,-1,77,78,31
2,r_33_45_41,seq41,r_6_114_83,r_33_45_41,0.71,49,90,41,31
39,r_46_80_154,seq19,seq140,r_46_80_154,0.92,1,155,154,31
94,seq107,r_51_146_157,seq50,r_51_146_157,0.75,1,158,157,31
9,r_91_16_78,seq59,r_111_126_13,r_91_16_78,0.98,-1,77,78,31
49,r_43_10_165,r_112_32_36,seq61,r_43_10_165,0.4,-135,30,165,31
22,r_6_114_83,seq73,r_33_45_41,r_33_45_41,0.79,42,83,41,31
49,r_43_10_165,seq93,r_116_39_120,r_43_10_165,0.9,-1,164,165,31
7,r_139_56_106,seq21,r_101_147_37,r_139_56_106,1.0,0,106,106,31
23,r_51_146_157,seq107,seq60,r_51_146_157,0.89,0,157,157,31
17,r_0_102_32,seq140,r_141_66_110,r_141_66_110,0.88,3,113,110,31
44,r_101_147_37,r_68_79_50,r_139_56_106,r_139_56_106,1.0,33,139,106,31
35,r_125_135_158,seq115,seq145,r_125_135_158,0.8,0,158,158,31
12,r_95_105_84,seq38,r_76_55_92,r_95_105_84,0.98,0,84,84,31
14,r_52_30_52,r_48_18_142,seq83,r_52_30_52,1.0,0,52,52,31
44,r_101_147_37,r_26_40_90,seq42,r_101_147_37,0.79,1,38,37,31
17,r_0_102_32,r_68_79_50,seq140,r_0_102_32,0.95,4,36,32,31
30,r_135_141_141,seq82,r_11_2_33,r_135_141_141,0.91,1,142,141,32
20,r_30_8_35,seq1,seq125,r_30_8_35,0.99,0,35,35,32
36,r_128_41_128,seq119,r_104_26_78,r_104_26_78,0.58,51,129,78,32
2,r_7_18_15,r_67_52_57,seq78,r_7_18_15,0.6,0,15,15,32
52,seq4,r_76_127_133,r_9_28_50,r_9_28_50,0.95,1,51,50,32
14,r_27_129_115,seq72,r_67_52_57,r_67_52_57,1.0,12,69,57,32
8,r_110_83_119,r_80_147_77,r_31_6_10,r_31_6_10,0.73,1,11,10,32
43,r_116_73_174,seq107,r_135_141_141,r_135_141_141,0.87,33,174,141,32
55,seq137,seq93,r_104_26_78,r_104_26_78,1.0,20,98,78,32
71,seq44,r_16_64_145,r_5_118_61,r_5_118_61,0.82,53,114,61,32
16,r_126_94_74,r_106_136_179,seq99,r_126_94_74,1.0,1,75,74,32
21,r_81_87_117,seq82,seq23,r_81_87_117,0.99,0,117,117,32
1,r_66_47_194,r_49_39_177,r_128_41_128,r_128_41_128,0.85,48,176,128,32
28,r_103_138_36,seq95,seq123,r_103_138_36,1.0,0,36,36,32
46,r_130_115_75,seq53,seq25,r_130_115_75,0.97,-1,74,75,32
42,r_104_26_78,seq91,seq137,r_104_26_78,1.0,0,78,78,32
24,r_36_146_81,seq19,r_60_59_132,r_60_59_132,0.73,29,161,132,32
34,r_31_6_10,r_109_79_38,r_110_83_119,r_31_6_10,0.99,0,10,10,32
19,r_122_145_98,r_12_100_193,seq35,r_122_145_98,1.0,1,99,98,32
39,r_11_2_33,seq42,r_65_45_19,r_65_45_19,1.0,9,28,19,32
9,r_124_24_39,r_16_64_145,seq37,r_124_24_39,1.0,1,40,39,32
7,r_9_28_50,seq93,seq4,r_9_28_50,1.0,1,51,50,32
38,r_140_88_107,r_9_28_50,r_49_39_177,r_49_39_177,0.94,3,180,177,32
35,r_21_0_58,r_68_132_163,seq107,r_21_0_58,1.0,0,58,58,32
41,r_112_58_103,r_81_87_117,r_109_79_38,r_112_58_103,0.99,0,103,103,32
12,r_76_127_133,seq4,r_5_118_61,r_76_127_133,0.93,1,134,133,32
67,seq35,r_149_84_190,r_122_145_98,r_122_145_98,1.0,92,190,98,32
3,r_5_118_61,seq53,seq44,r_5_118_61,1.0,0,61,61,32
10,r_60_59_132,r_149_84_190,r_65_45_19,r_60_59_132,0.88,0,132,132,32
26,r_131_111_105,seq13,seq1,r_131_111_105,0.89,0,105,105,32
8,r_110_83_119,r_31_6_10,seq23,r_110_83_119,0.92,0,119,119,32
37,r_117_62_138,seq61,r_27_129_115,r_117_62_138,1.0,0,138,138,32
12,r_76_127_133,seq4,r_81_87_117,r_76_127_133,0.66,-97,36,133,32
4,r_40_113_104,r_128_41_128,seq63,r_128_41_128,0.92,-23,105,128,32
0,r_68_132_163,seq33,r_16_64_145,r_68_132_163,0.72,0,163,163,32
63,seq23,r_126_94_74,seq144,r_126_94_74,1.0,-7,67,74,32
12,r_76_127_133,r_81_87_117,seq4,r_76_127_133,0.74,-64,69,133,32
11,r_16_64_145,seq44,r_143_85_59,r_16_64_145,0.75,0,145,145,32
13,r_77_142_130,seq102,r_30_8_35,r_77_142_130,1.0,0,130,130,32
15,r_67_52_57,r_117_62_138,r_27_129_115,r_67_52_57,1.0,5,62,57,32
48,r_98_38_76,r_81_87_117,r_50_69_40,r_98_38_76,0.99,0,76,76,32
6,r_149_84_190,seq35,seq102,r_149_84_190,0.31,0,190,190,32
40,r_65_45_19,r_5_118_61,r_11_2_33,r_65_45_19,1.0,0,19,19,32
15,r_67_52_57,r_27_129_115,seq72,r_27_129_115,1.0,1,116,115,32
33,r_50_69_40,seq101,r_30_8_35,r_50_69_40,0.99,0,40,40,32
23,r_108_10_45,seq34,seq148,r_108_10_45,0.63,1,46,45,32
47,r_120_32_65,seq33,seq17,r_120_32_65,1.0,0,65,65,32
24,r_36_146_81,seq53,seq19,r_36_146_81,0.99,3,84,81,32
45,r_22_51_44,r_5_118_61,seq34,r_5_118_61,1.0,-15,46,61,32
34,r_31_6_10,r_110_83_119,r_27_129_115,r_31_6_10,0.99,109,119,10,32
25,r_106_136_179,r_46_92_189,r_114_56_89,r_114_56_89,1.0,95,184,89,32
44,r_71_70_43,r_5_118_61,r_11_2_33,r_71_70_43,1.0,2,45,43,32
61,seq19,seq33,r_60_59_132,r_60_59_132,1.0,42,174,132,32
32,r_114_56_89,seq125,seq144,r_114_56_89,1.0,0,89,89,32
38,r_140_88_107,r_81_87_117,r_9_28_50,r_140_88_107,0.98,1,108,107,32
77,seq63,r_117_62_138,r_40_113_104,r_117_62_138,0.67,-34,104,138,32
18,r_109_79_38,seq95,seq57,r_109_79_38,0.94,0,38,38,32
31,r_143_85_59,r_21_0_58,seq123,r_143_85_59,1.0,-1,58,59,32
17,r_48_14_71,seq33,seq82,r_48_14_71,1.0,2,73,71,32
14,r_27_129_115,r_67_52_57,r_31_6_10,r_27_129_115,0.97,1,116,115,32
63,seq23,seq144,r_110_83_119,r_110_83_119,1.0,25,144,119,32
96,seq119,r_128_41_128,r_40_113_104,r_128_41_128,1.0,2,130,128,32
22,r_49_39_177,r_66_47_194,r_140_88_107,r_140_88_107,0.88,69,176,107,32
91,seq99,seq1,r_126_94_74,r_126_94_74,1.0,9,83,74,32
49,r_29_96_142,r_116_73_174,r_77_142_130,r_116_73_174,1.0,-32,142,174,32
88,seq95,r_103_138_36,seq35,r_103_138_36,0.98,0,36,36,32
18,r_109_79_38,seq57,r_112_58_103,r_112_58_103,1.0,0,103,103,32
95,seq107,seq137,r_21_0_58,r_21_0_58,1.0,0,58,58,32
30,r_81_76_192,seq122,r_128_79_104,r_128_79_104,0.97,13,117,104,33
92,seq113,r_135_8_158,r_75_148_2,r_135_8_158,0.99,-13,145,158,33
11,r_25_83_47,seq140,seq127,r_25_83_47,0.75,0,47,47,33
92,seq113,r_128_79_104,r_135_8_158,r_128_79_104,0.98,0,104,104,33
8,r_53_86_141,seq17,seq140,r_53_86_141,0.81,2,143,141,33
43,r_71_1_70,seq101,seq66,r_71_1_70,1.0,1,71,70,33
18,r_84_70_32,seq126,seq47,r_84_70_32,1.0,0,32,32,33
83,seq92,r_91_35_144,seq61,r_91_35_144,0.76,0,144,144,33
83,seq92,seq61,r_49_2_172,r_49_2_172,0.92,5,177,172,33
37,r_91_35_144,seq92,r_11_43_132,r_91_35_144,0.79,0,144,144,33
3,r_52_80_175,r_15_116_11,r_67_40_174,r_52_80_175,0.87,0,175,175,33
19,r_77_56_94,r_21_139_182,r_41_50_38,r_21_139_182,0.98,0,182,182,33
16,r_49_2_172,r_99_142_177,seq92,r_49_2_172,0.61,0,172,172,33
21,r_9_117_100,seq137,r_6_65_46,r_9_117_100,1.0,0,100,100,33
1,r_64_102_125,r_78_14_166,r_25_83_47,r_25_83_47,0.75,78,125,47,33
5,r_147_0_162,seq115,seq101,r_147_0_162,0.72,0,162,162,33
46,r_21_139_182,seq145,r_77_56_94,r_77_56_94,0.93,1,95,94,33
56,seq140,r_25_83_47,seq34,r_25_83_47,1.0,0,47,47,33
45,r_67_40_174,seq16,seq63,r_67_40_174,0.77,0,174,174,33
19,r_77_56_94,r_94_87_107,r_21_139_182,r_77_56_94,1.0,1,95,94,33
11,r_25_83_47,seq127,r_64_102_125,r_25_83_47,0.59,78,125,47,33
31,r_57_26_22,seq101,seq68,r_57_26_22,0.96,0,22,22,33
28,r_39_58_42,r_73_10_119,seq17,r_39_58_42,1.0,0,42,42,33
10,r_78_14_166,seq31,r_123_48_146,r_78_14_166,0.67,0,166,166,33
47,r_15_116_11,r_11_43_132,r_52_80_175,r_15_116_11,0.92,1,12,11,33
63,seq20,r_105_149_185,r_30_104_24,r_30_104_24,1.0,9,33,24,33
26,r_51_60_189,seq96,seq130,r_51_60_189,0.34,0,189,189,33
72,seq145,seq88,r_123_48_146,r_123_48_146,0.98,15,161,146,33
88,seq101,r_82_18_29,r_147_0_162,r_147_0_162,0.9,1,163,162,33
9,r_27_12_39,seq132,seq133,r_27_12_39,1.0,0,39,39,33
20,r_123_48_146,seq63,seq145,r_123_48_146,0.78,0,146,146,33
13,r_128_79_104,seq113,r_81_76_192,r_128_79_104,0.9,0,104,104,33
46,r_21_139_182,r_77_56_94,r_6_65_46,r_21_139_182,0.73,0,182,182,33
15,r_94_87_107,seq103,seq16,r_94_87_107,1.0,5,112,107,33
48,r_22_112_56,seq141,r_27_12_39,r_27_12_39,1.0,38,77,39,33
4,r_11_43_132,r_138_29_19,r_109_5_93,r_11_43_132,0.97,2,134,132,33
85,seq96,r_51_60_189,r_84_70_32,r_84_70_32,0.93,157,189,32,33
44,r_82_18_29,r_135_8_158,seq101,r_82_18_29,1.0,2,31,29,33
3,r_52_80_175,r_53_86_141,r_15_116_11,r_15_116_11,0.97,1,12,11,33
41,r_6_65_46,r_95_120_136,seq66,r_6_65_46,1.0,0,46,46,33
36,r_42_121_163,r_41_50_38,seq103,r_42_121_163,0.89,0,163,163,33
22,r_41_50_38,r_42_121_163,r_77_56_94,r_77_56_94,0.97,54,148,94,33
36,r_42_121_163,seq88,r_41_50_38,r_41_50_38,1.0,7,45,38,33
2,r_75_148_2,r_135_8_158,seq113,r_135_8_158,0.82,-13,145,158,33
40,r_131_119_97,seq19,seq23,r_131_119_97,1.0,1,98,97,33
4,r_11_43_132,r_30_104_24,r_138_29_19,r_11_43_132,0.93,-114,18,132,33
20,r_123_48_146,seq145,r_78_14_166,r_78_14_166,0.97,0,166,166,33
25,r_135_8_158,seq113,r_84_70_32,r_135_8_158,0.69,0,158,158,33
23,r_111_129_14,r_6_65_46,seq133,r_111_129_14,0.94,0,14,14,33
47,r_15_116_11,r_52_80_175,r_39_58_42,r_15_116_11,0.71,156,167,11,33
22,r_41_50_38,r_54_85_1,r_42_121_163,r_41_50_38,1.0,0,38,38,33
32,r_44_45_181,seq127,r_64_102_125,r_64_102_125,0.54,56,181,125,33
77,seq66,r_7_108_156,r_6_65_46,r_6_65_46,0.97,111,157,46,33
6,r_97_62_33,seq16,seq101,r_97_62_33,1.0,3,36,33,33
34,r_7_108_156,seq66,seq28,r_7_108_156,0.89,1,157,156,33
60,seq17,r_53_86_141,r_95_120_136,r_95_120_136,0.51,7,143,136,33
81,seq88,seq145,r_73_10_119,r_73_10_119,0.96,46,165,119,33
17,r_99_142_177,r_49_2_172,r_78_14_166,r_49_2_172,0.55,1,173,172,33
94,seq115,r_147_0_162,seq16,r_147_0_162,0.58,0,162,162,33
96,seq122,r_134_36_178,r_128_79_104,r_128_79_104,0.98,75,179,104,33
53,seq133,r_33_46_147,r_27_12_39,r_27_12_39,0.61,3,42,39,33
29,r_30_104_24,r_11_43_132,seq20,r_30_104_24,0.93,0,24,24,33
49,r_33_46_147,seq19,seq96,r_33_46_147,0.97,0,147,147,33
7,r_73_10_119,seq146,seq88,r_73_10_119,1.0,0,119,119,33
38,r_138_29_19,r_84_70_32,seq66,r_138_29_19,0.75,-1,18,19,33
12,r_98_55_113,r_135_8_158,r_71_1_70,r_98_55_113,0.99,1,114,113,33
44,r_26_112_186,r_106_61_75,r_147_64_76,r_106_61_75,0.43,111,186,75,34
36,r_71_60_92,r_45_76_96,r_113_133_164,r_71_60_92,0.74,0,92,92,34
36,r_71_60_92,r_113_133_164,r_2_73_121,r_71_60_92,0.83,46,138,92,34
92,seq109,seq30,r_24_63_62,r_24_63_62,1.0,6,68,62,34
14,r_67_47_64,r_106_61_75,r_25_65_23,r_67_47_64,0.67,-4,60,64,34
8,r_108_29_183,seq46,seq89,r_108_29_183,0.51,0,183,183,34
43,r_35_100_67,r_32_91_193,seq104,r_35_100_67,1.0,0,67,67,34
54,seq137,seq33,r_122_139_52,r_122_139_52,1.0,75,127,52,34
59,seq145,r_121_84_187,r_20_59_80,r_20_59_80,1.0,94,174,80,34
55,seq140,r_58_144_99,r_119_28_198,r_58_144_99,1.0,1,100,99,34
71,seq39,r_120_96_180,r_115_136_44,r_115_136_44,1.0,136,180,44,34
86,seq93,r_105_53_174,r_103_111_9,r_105_53_174,0.56,-80,94,174,34
21,r_102_70_105,seq54,r_75_17_8,r_102_70_105,0.87,0,105,105,34
39,r_20_59_80,seq42,seq137,r_20_59_80,1.0,0,80,80,34
1,r_118_132_93,r_11_74_98,r_106_61_75,r_106_61_75,1.0,18,93,75,34
42,r_58_144_99,seq140,seq127,r_58_144_99,1.0,1,100,99,34
34,r_94_99_89,r_97_1_123,r_49_134_63,r_94_99_89,0.71,20,109,89,34
32,r_92_27_43,r_32_91_193,seq89,r_32_91_193,0.4,-37,156,193,34
45,r_2_73_121,seq16,r_71_60_92,r_2_73_121,1.0,0,121,121,34
16,r_21_8_21,r_75_17_8,r_102_70_105,r_21_8_21,0.98,3,24,21,34
23,r_115_136_44,r_113_133_164,r_21_8_21,r_115_136_44,0.99,0,44,44,34
19,r_49_134_63,r_97_1_123,seq95,r_49_134_63,1.0,1,64,63,34
33,r_55_82_176,r_118_132_93,r_94_99_89,r_118_132_93,0.62,83,176,93,34
41,r_40_51_118,seq148,r_11_74_98,r_40_51_118,1.0,1,119,118,34
67,seq34,r_119_28_198,r_147_64_76,r_147_64_76,1.0,1,77,76,34
3,r_138_13_138,r_120_96_180,r_106_61_75,r_138_13_138,0.9,0,138,138,34
10,r_147_64_76,seq128,seq141,r_147_64_76,1.0,1,77,76,34
90,seq104,seq41,r_35_100_67,r_35_100_67,1.0,18,85,67,34
26,r_50_88_97,r_120_96_180,seq54,r_50_88_97,0.8,9,106,97,34
16,r_21_8_21,r_102_70_105,r_0_9_42,r_102_70_105,1.0,0,105,105,34
6,r_129_126_5,r_21_8_21,r_106_61_75,r_106_61_75,0.54,-49,26,75,34
34,r_94_99_89,r_49_134_63,r_55_82_176,r_94_99_89,0.58,79,168,89,34
73,seq42,r_20_59_80,seq143,r_20_59_80,1.0,0,80,80,34
11,r_45_76_96,seq89,seq104,r_45_76_96,1.0,1,97,96,34
20,r_11_74_98,seq42,r_75_17_8,r_11_74_98,1.0,0,98,98,34
13,r_121_84_187,seq145,r_142_78_116,r_142_78_116,1.0,69,185,116,34
4,r_142_78_116,r_19_10_29,seq98,r_142_78_116,1.0,2,118,116,34
70,seq146,r_122_139_52,seq6,r_122_139_52,1.0,0,52,52,34
12,r_79_83_26,r_94_99_89,r_12_5_55,r_94_99_89,0.68,1,90,89,34
15,r_113_133_164,seq95,r_71_60_92,r_71_60_92,0.97,1,93,92,34
62,seq149,seq98,r_103_111_9,r_103_111_9,0.58,129,138,9,34
15,r_113_133_164,r_115_136_44,seq95,r_115_136_44,0.86,1,45,44,34
12,r_79_83_26,r_38_14_53,r_94_99_89,r_79_83_26,1.0,0,26,26,34
5,r_77_85_25,r_3_80_106,seq137,r_3_80_106,0.98,0,106,106,34
6,r_129_126_5,r_106_61_75,r_97_1_123,r_97_1_123,1.0,51,174,123,34
0,r_19_10_29,r_142_78_116,seq31,r_142_78_116,1.0,2,118,116,34
10,r_147_64_76,seq141,r_26_112_186,r_26_112_186,0.47,4,190,186,34
72,seq41,r_25_65_23,r_35_100_67,r_35_100_67,1.0,23,90,67,34
87,seq95,seq114,r_49_134_63,r_49_134_63,1.0,0,63,63,34
31,r_25_65_23,seq141,seq41,r_25_65_23,0.77,0,23,23,34
47,r_135_7_129,seq18,seq66,r_135_7_129,0.83,1,130,129,34
40,r_12_5_55,seq43,seq128,r_12_5_55,0.76,0,55,55,34
64,seq30,r_24_63_62,r_97_1_123,r_97_1_123,0.98,13,136,123,34
29,r_97_1_123,r_49_134_63,r_94_99_89,r_97_1_123,0.97,-59,64,123,34
24,r_72_23_149,r_26_112_186,seq131,r_72_23_149,0.83,0,149,149,34
5,r_77_85_25,r_110_57_179,r_3_80_106,r_77_85_25,0.93,3,28,25,34
35,r_4_87_77,r_72_23_149,r_118_132_93,r_118_132_93,0.53,58,151,93,34
33,r_55_82_176,seq137,r_118_132_93,r_118_132_93,1.0,22,115,93,34
48,r_3_80_106,r_77_85_25,r_45_76_96,r_3_80_106,0.95,0,106,106,34
48,r_3_80_106,r_26_112_186,r_77_85_25,r_77_85_25,0.94,0,25,25,34
32,r_92_27_43,seq128,r_32_91_193,r_92_27_43,0.99,0,43,43,34
64,seq30,seq109,r_24_63_62,r_24_63_62,1.0,27,89,62,34
92,seq109,r_24_63_62,r_35_100_67,r_35_100_67,0.53,83,150,67,34
58,seq16,r_2_73_121,seq81,r_2_73_121,1.0,0,121,121,34
34,r_94_99_89,r_79_83_26,r_97_1_123,r_94_99_89,0.98,1,90,89,34
94,seq116,r_113_133_164,seq95,r_113_133_164,0.88,-112,52,164,34
0,r_19_10_29,seq42,r_142_78_116,r_19_10_29,1.0,0,29,29,34
38,r_105_53_174,seq93,r_56_86_166,r_105_53_174,0.78,0,174,174,34
28,r_32_91_193,seq89,r_92_27_43,r_92_27_43,1.0,10,53,43,34
34,r_94_99_89,seq128,r_79_83_26,r_79_83_26,0.8,31,57,26,34
2,r_38_14_53,seq46,seq39,r_38_14_53,1.0,0,53,53,34
17,r_106_61_75,r_67_47_64,r_26_112_186,r_106_61_75,0.96,-8,67,75,34
15,r_113_133_164,r_71_60_92,seq149,r_113_133_164,0.96,0,164,164,34
31,r_25_65_23,seq41,r_67_47_64,r_25_65_23,0.76,62,85,23,34
25,r_122_139_52,seq146,seq137,r_122_139_52,1.0,0,52,52,34
18,r_0_9_42,r_105_53_174,r_21_8_21,r_0_9_42,0.61,0,42,42,34
72,seq41,seq149,r_25_65_23,r_25_65_23,0.64,14,37,23,34
7,r_24_63_62,r_102_70_105,seq109,r_24_63_62,0.98,0,62,62,34
44,r_26_112_186,r_72_23_149,r_106_61_75,r_106_61_75,0.94,34,109,75,34
17,r_106_61_75,r_26_112_186,r_138_13_138,r_138_13_138,0.97,36,174,138,34
35,r_4_87_77,r_62_52_196,r_72_23_149,r_4_87_77,0.96,3,80,77,34
29,r_97_1_123,r_94_99_89,seq30,r_97_1_123,0.99,0,123,123,34
4,r_142_78_116,seq31,r_19_10_29,r_19_10_29,1.0,8,37,29,34
30,r_103_82_102,seq70,seq120,r_103_82_102,0.94,1,103,102,35
51,seq1,r_9_33_171,r_137_101_125,r_137_101_125,0.85,9,134,125,35
9,r_20_81_99,r_87_34_6,r_13_84_25,r_20_81_99,0.95,1,100,99,35
91,seq80,r_142_127_183,r_111_119_23,r_111_119_23,0.86,15,38,23,35
14,r_143_108_82,seq35,r_141_49_40,r_143_108_82,1.0,0,82,82,35
81,seq63,r_58_41_121,seq60,r_58_41_121,0.64,-10,111,121,35
37,r_142_127_183,r_22_59_150,r_21_110_142,r_21_110_142,0.4,2,144,142,35
71,seq39,r_23_113_145,r_10_45_56,r_10_45_56,0.69,73,129,56,35
86,seq72,seq51,r_102_71_65,r_102_71_65,1.0,42,107,65,35
16,r_96_116_190,r_21_110_142,r_26_4_22,r_96_116_190,0.51,-43,147,190,35
77,seq54,seq148,r_141_49_40,r_141_49_40,0.98,4,44,40,35
1,r_55_106_89,seq5,r_10_45_56,r_55_106_89,1.0,0,89,89,35
97,seq120,seq69,r_22_59_150,r_22_59_150,0.95,6,156,150,35
24,r_10_45_56,r_140_135_194,seq39,r_10_45_56,1.0,1,57,56,35
5,r_109_15_76,seq146,seq5,r_109_15_76,1.0,0,76,76,35
46,r_22_59_150,r_14_92_63,r_142_127_183,r_14_92_63,1.0,0,63,63,35
81,seq63,seq60,r_138_144_70,r_138_144_70,0.64,122,192,70,35
7,r_52_36_97,r_87_34_6,seq54,r_52_36_97,1.0,0,97,97,35
36,r_149_17_28,r_25_67_13,seq0,r_149_17_28,1.0,0,28,28,35
19,r_126_86_140,seq125,seq115,r_126_86_140,0.98,0,140,140,35
52,seq2,r_141_49_40,r_98_16_4,r_141_49_40,1.0,0,40,40,35
77,seq54,r_141_49_40,r_52_36_97,r_52_36_97,0.87,9,106,97,35
10,r_21_110_142,r_142_127_183,r_38_104_161,r_142_127_183,0.94,0,183,183,35
39,r_88_62_37,r_25_67_13,seq64,r_88_62_37,1.0,0,37,37,35
18,r_11_28_109,r_90_85_112,r_55_106_89,r_11_28_109,0.49,3,112,109,35
38,r_65_53_26,seq12,seq8,r_65_53_26,1.0,0,26,26,35
10,r_21_110_142,r_96_116_190,r_142_127_183,r_21_110_142,0.3,5,147,142,35
47,r_89_50_17,r_66_117_191,seq43,r_89_50_17,0.99,1,18,17,35
50,seq0,r_38_104_161,r_149_17_28,r_149_17_28,1.0,1,29,28,35
26,r_147_3_104,r_22_59_150,seq115,r_147_3_104,0.69,1,105,104,35
8,r_87_34_6,r_52_36_97,seq131,r_52_36_97,1.0,0,97,97,35
6,r_105_27_12,r_102_71_65,r_14_92_63,r_105_27_12,0.94,53,65,12,35
37,r_142_127_183,r_21_110_142,r_137_101_125,r_142_127_183,1.0,0,183,183,35
28,r_94_118_47,r_58_41_121,seq69,r_94_118_47,1.0,0,47,47,35
4,r_138_144_70,r_58_41_121,r_83_130_107,r_138_144_70,0.99,51,121,70,35
78,seq57,r_132_123_79,seq100,r_132_123_79,1.0,0,79,79,35
0,r_58_41_121,r_138_144_70,seq80,r_138_144_70,0.47,51,121,70,35
11,r_9_33_171,seq1,r_90_85_112,r_9_33_171,0.84,1,172,171,35
13,r_83_130_107,seq0,r_138_144_70,r_83_130_107,0.96,0,107,107,35
46,r_22_59_150,r_142_127_183,seq120,r_22_59_150,1.0,0,150,150,35
49,r_102_71_65,r_105_27_12,seq72,r_102_71_65,0.94,3,68,65,35
15,r_38_104_161,seq0,r_111_119_23,r_111_119_23,0.84,138,161,23,35
9,r_20_81_99,seq35,r_87_34_6,r_20_81_99,0.34,-40,59,99,35
52,seq2,r_98_16_4,r_65_53_26,r_65_53_26,0.45,135,161,26,35
21,r_141_49_40,seq54,r_143_108_82,r_143_108_82,0.53,1,83,82,35
41,r_26_4_22,seq51,r_96_116_190,r_26_4_22,0.83,1,23,22,35
21,r_141_49_40,seq2,seq54,r_141_49_40,1.0,0,40,40,35
30,r_103_82_102,seq120,r_112_48_151,r_112_48_151,0.93,0,151,151,35
41,r_26_4_22,r_96_116_190,r_88_62_37,r_26_4_22,0.46,168,190,22,35
40,r_14_92_63,r_22_59_150,r_105_27_12,r_14_92_63,0.97,0,63,63,35
42,r_7_91_38,r_9_33_171,r_25_67_13,r_9_33_171,0.58,-131,40,171,35
18,r_11_28_109,seq5,r_90_85_112,r_90_85_112,0.19,-19,93,112,35
25,r_137_101_125,r_22_59_150,seq1,r_137_101_125,0.81,0,125,125,35
43,r_111_119_23,r_22_59_150,r_21_110_142,r_22_59_150,0.6,-6,144,150,35
33,r_44_56_138,r_23_113_145,r_58_41_121,r_44_56_138,0.91,0,138,138,35
31,r_99_136_49,seq131,r_149_17_28,r_99_136_49,0.95,0,49,49,35
43,r_111_119_23,r_21_110_142,r_38_104_161,r_38_104_161,0.5,0,161,161,35
49,r_102_71_65,r_65_53_26,r_105_27_12,r_102_71_65,0.97,-48,17,65,35
61,seq18,r_40_95_185,r_65_53_26,r_65_53_26,0.94,159,185,26,35
34,r_40_95_185,seq18,r_7_91_38,r_7_91_38,0.7,147,185,38,35
57,seq8,r_66_117_191,r_65_53_26,r_65_53_26,1.0,26,52,26,35
2,r_13_84_25,r_9_33_171,r_97_76_196,r_13_84_25,1.0,0,25,25,35
32,r_61_124_19,r_38_104_161,r_105_27_12,r_61_124_19,1.0,0,19,19,35
17,r_132_123_79,seq57,seq6,r_132_123_79,1.0,0,79,79,35
43,r_111_119_23,seq125,r_22_59_150,r_111_119_23,0.98,0,23,23,35
0,r_58_41_121,seq80,r_44_56_138,r_44_56_138,0.75,0,138,138,35
56,seq129,r_97_76_196,r_13_84_25,r_13_84_25,0.99,4,29,25,35
22,r_139_24_111,seq39,seq131,r_139_24_111,0.87,0,111,111,35
7,r_52_36_97,seq131,r_87_34_6,r_87_34_6,0.77,30,36,6,35
35,r_97_76_196,seq129,r_13_84_25,r_13_84_25,1.0,7,32,25,35
48,r_121_75_42,seq69,seq18,r_121_75_42,1.0,0,42,42,35
44,r_90_85_112,seq57,r_89_50_17,r_90_85_112,1.0,0,112,112,35
16,r_96_116_190,r_26_4_22,r_126_86_140,r_96_116_190,0.82,0,190,190,35
27,r_25_67_13,r_88_62_37,r_7_91_38,r_88_62_37,0.95,0,37,37,35
82,seq64,r_96_116_190,r_88_62_37,r_88_62_37,1.0,94,131,37,35
6,r_105_27_12,r_132_123_79,r_102_71_65,r_105_27_12,0.99,0,12,12,35
93,seq100,seq43,r_77_21_89,r_77_21_89,0.83,0,89,89,36
30,r_77_21_89,seq145,seq100,r_77_21_89,0.75,0,89,89,36
44,r_117_80_17,seq134,r_129_28_49,r_129_28_49,1.0,50,99,49,36
0,r_78_59_28,r_57_94_103,seq54,r_78_59_28,1.0,0,28,28,36
36,r_48_42_99,r_70_62_155,r_81_7_97,r_48_42_99,1.0,0,99,99,36
14,r_79_87_76,seq61,r_82_76_62,r_82_76_62,0.52,14,76,62,36
8,r_148_139_135,seq26,seq43,r_148_139_135,1.0,0,135,135,36
54,seq134,r_35_111_64,r_129_28_49,r_129_28_49,0.99,17,66,49,36
19,r_71_108_8,r_84_50_133,seq130,r_84_50_133,0.96,0,133,133,36
40,r_74_127_33,r_32_8_157,r_79_87_76,r_32_8_157,0.64,-79,78,157,36
16,r_57_94_103,seq126,r_141_58_10,r_57_94_103,0.87,1,104,103,36
1,r_107_102_98,r_116_19_159,r_88_138_85,r_107_102_98,0.99,2,100,98,36
97,seq119,seq18,r_23_27_61,r_23_27_61,0.99,64,125,61,36
5,r_38_123_172,seq25,r_84_50_133,r_84_50_133,0.72,40,173,133,36
46,r_6_51_161,r_115_64_118,r_77_21_89,r_115_64_118,0.51,0,118,118,36
42,r_33_12_68,r_70_62_155,seq86,r_33_12_68,1.0,0,68,68,36
44,r_117_80_17,r_144_24_24,seq134,r_117_80_17,0.97,1,18,17,36
69,seq31,r_32_8_157,r_82_76_62,r_82_76_62,0.91,7,69,62,36
27,r_124_98_54,seq40,seq5,r_124_98_54,0.71,0,54,54,36
2,r_63_112_50,seq54,r_136_49_41,r_63_112_50,1.0,0,50,50,36
40,r_74_127_33,seq75,r_32_8_157,r_74_127_33,0.62,5,38,33,36
41,r_136_49_41,seq36,r_52_147_187,r_136_49_41,1.0,1,42,41,36
21,r_95_83_19,r_81_7_97,r_70_62_155,r_95_83_19,0.97,1,20,19,36
3,r_142_47_138,r_70_62_155,seq43,r_142_47_138,0.61,0,138,138,36
10,r_106_104_114,seq132,r_142_47_138,r_106_104_114,0.8,30,144,114,36
90,seq93,seq40,r_35_111_64,r_35_111_64,1.0,31,95,64,36
28,r_103_67_20,seq65,seq46,r_103_67_20,1.0,0,20,20,36
73,seq37,seq69,r_92_143_38,r_92_143_38,1.0,15,53,38,36
11,r_121_140_108,r_55_68_141,seq11,r_121_140_108,1.0,0,108,108,36
16,r_57_94_103,r_141_58_10,r_136_49_41,r_57_94_103,0.5,35,138,103,36
20,r_84_50_133,r_71_108_8,seq4,r_84_50_133,0.64,0,133,133,36
13,r_82_76_62,r_33_12_68,seq31,r_82_76_62,1.0,1,63,62,36
98,seq120,r_52_147_187,r_57_94_103,r_57_94_103,0.99,84,187,103,36
15,r_81_7_97,r_53_30_167,seq10,r_53_30_167,0.89,-61,106,167,36
48,r_1_41_74,seq86,seq85,r_1_41_74,0.99,0,74,74,36
17,r_141_58_10,seq0,r_63_112_50,r_63_112_50,0.99,9,59,50,36
21,r_95_83_19,r_70_62_155,r_23_27_61,r_95_83_19,0.93,73,92,19,36
59,seq14,r_39_131_37,r_9_113_9,r_39_131_37,0.98,0,37,37,36
45,r_144_24_24,r_107_102_98,seq99,r_144_24_24,0.79,1,25,24,36
47,r_52_147_187,seq120,r_77_21_89,r_77_21_89,0.7,98,187,89,36
83,seq75,r_74_127_33,r_9_113_9,r_74_127_33,0.9,0,33,33,36
46,r_6_51_161,r_77_21_89,r_107_102_98,r_6_51_161,1.0,0,161,161,36
18,r_122_73_185,seq135,r_9_113_9,r_122_73_185,0.29,0,185,185,36
29,r_35_111_64,seq134,seq93,r_35_111_64,0.96,2,66,64,36
4,r_66_17_43,r_3_2_82,seq16,r_66_17_43,1.0,0,43,43,36
24,r_3_2_82,seq135,seq54,r_3_2_82,1.0,0,82,82,36
33,r_146_109_77,seq69,r_9_113_9,r_146_109_77,0.92,0,77,77,36
64,seq20,r_116_19_159,seq5,r_116_19_159,0.99,0,159,159,36
17,r_141_58_10,r_63_112_50,r_57_94_103,r_57_94_103,0.99,2,105,103,36
17,r_141_58_10,r_79_87_76,seq0,r_141_58_10,0.96,0,10,10,36
37,r_92_143_38,r_124_98_54,seq37,r_92_143_38,1.0,0,38,38,36
58,seq13,r_60_97_179,r_114_128_81,r_114_128_81,0.98,6,87,81,36
77,seq46,seq34,r_103_67_20,r_103_67_20,1.0,17,37,20,36
41,r_136_49_41,r_52_147_187,r_63_112_50,r_63_112_50,0.56,3,53,50,36
38,r_60_97_179,seq4,seq26,r_60_97_179,0.46,0,179,179,36
61,seq16,r_137_72_154,r_66_17_43,r_66_17_43,0.78,0,43,43,36
7,r_88_138_85,r_32_8_157,r_107_102_98,r_88_138_85,0.53,26,111,85,36
9,r_114_128_81,r_121_140_108,seq13,r_114_128_81,1.0,0,81,81,36
22,r_53_30_167,r_81_7_97,r_129_28_49,r_129_28_49,0.66,118,167,49,36
34,r_39_131_37,seq14,seq61,r_39_131_37,1.0,0,37,37,36
49,r_116_19_159,seq20,r_114_128_81,r_116_19_159,0.77,0,159,159,36
23,r_115_64_118,r_6_51_161,r_1_41_74,r_115_64_118,0.99,0,118,118,36
19,r_71_108_8,seq130,r_106_104_114,r_106_104_114,0.5,-5,109,114,36
35,r_23_27_61,r_1_41_74,r_95_83_19,r_23_27_61,0.67,0,61,61,36
84,seq132,r_106_104_114,r_129_28_49,r_129_28_49,0.95,63,112,49,36
37,r_106_100_54,r_85_102_105,r_97_52_177,r_106_100_54,1.0,2,56,54,37
16,r_128_41_15,r_97_52_177,r_121_117_84,r_128_41_15,0.99,0,15,15,37
36,r_15_110_185,seq43,r_36_14_161,r_15_110_185,0.29,0,185,185,37
92,seq114,r_53_32_188,r_94_7_165,r_94_7_165,0.91,19,184,165,37
87,seq91,seq6,r_95_11_63,r_95_11_63,0.49,89,152,63,37
86,seq90,seq57,r_1_147_70,r_1_147_70,1.0,91,161,70,37
55,seq135,seq57,r_1_147_70,r_1_147_70,1.0,15,85,70,37
21,r_56_92_130,r_95_11_63,r_94_7_165,r_95_11_63,0.99,0,63,63,37
39,r_103_48_169,seq84,r_68_81_74,r_68_81_74,1.0,9,83,74,37
25,r_31_9_40,r_56_92_130,r_103_48_169,r_31_9_40,1.0,0,40,40,37
1,r_86_115_172,r_80_29_194,seq20,r_86_115_172,0.78,1,173,172,37
1,r_86_115_172,r_56_92_130,r_80_29_194,r_56_92_130,0.98,-43,87,130,37
87,seq91,r_95_11_63,seq6,r_95_11_63,0.74,34,97,63,37
5,r_87_30_96,seq43,r_75_79_49,r_87_30_96,0.97,0,96,96,37
32,r_75_79_49,seq130,r_24_78_128,r_75_79_49,0.93,1,50,49,37
42,r_104_42_112,seq69,r_62_67_12,r_104_42_112,1.0,0,112,112,37
45,r_72_112_186,r_116_107_87,seq119,r_116_107_87,0.58,98,185,87,37
19,r_24_78_128,r_44_88_68,seq144,r_44_88_68,1.0,-2,66,68,37
46,r_141_98_29,seq84,seq133,r_141_98_29,1.0,0,29,29,37
76,seq57,seq135,r_1_147_70,r_1_147_70,1.0,17,87,70,37
39,r_103_48_169,r_68_81_74,seq108,r_103_48_169,0.3,3,172,169,37
31,r_95_11_63,r_56_92_130,seq149,r_95_11_63,1.0,0,63,63,37
41,r_44_88_68,r_146_3_176,seq76,r_44_88_68,0.99,0,68,68,37
8,r_70_74_14,seq6,r_101_142_144,r_70_74_14,0.97,0,14,14,37
3,r_111_17_179,seq89,r_97_52_177,r_111_17_179,0.48,0,179,179,37
10,r_138_8_75,r_101_142_144,seq136,r_138_8_75,1.0,0,75,75,37
73,seq43,r_87_30_96,r_4_46_52,r_4_46_52,0.64,1,53,52,37
16,r_128_41_15,r_121_117_84,r_25_65_28,r_121_117_84,0.74,0,84,84,37
4,r_80_29_194,r_68_81_74,r_62_67_12,r_68_81_74,0.99,0,74,74,37
11,r_85_102_105,seq28,seq71,r_85_102_105,0.99,0,105,105,37
20,r_145_73_101,r_53_32_188,r_140_113_1,r_145_73_101,1.0,0,101,101,37
13,r_64_19_153,seq49,seq20,r_64_19_153,0.99,0,153,153,37
0,r_122_99_7,r_26_5_69,seq77,r_122_99_7,0.84,3,10,7,37
21,r_56_92_130,r_94_7_165,seq105,r_56_92_130,0.86,0,130,130,37
85,seq89,r_55_12_141,seq108,r_55_12_141,1.0,0,141,141,37
6,r_97_52_177,r_45_109_195,r_106_100_54,r_106_100_54,1.0,5,59,54,37
27,r_26_5_69,r_22_82_174,seq69,r_26_5_69,0.94,3,72,69,37
18,r_121_117_84,r_128_41_15,seq16,r_121_117_84,0.62,2,86,84,37
51,seq130,seq69,r_58_34_102,r_58_34_102,0.99,12,114,102,37
87,seq91,seq38,r_95_11_63,r_95_11_63,1.0,11,74,63,37
43,r_4_46_52,r_121_117_84,seq43,r_4_46_52,1.0,1,53,52,37
2,r_40_54_76,seq76,r_138_8_75,r_40_54_76,0.87,4,80,76,37
47,r_94_7_165,r_80_29_194,seq114,r_94_7_165,0.87,0,165,165,37
40,r_83_129_117,seq124,r_58_34_102,r_83_129_117,1.0,0,117,117,37
24,r_116_107_87,r_72_112_186,r_138_8_75,r_138_8_75,0.99,15,90,75,37
33,r_68_81_74,r_80_29_194,r_31_9_40,r_68_81_74,0.85,0,74,74,37
88,seq93,r_37_18_175,r_40_54_76,r_40_54_76,0.9,99,175,76,37
38,r_55_12_141,seq89,seq143,r_55_12_141,0.56,0,141,141,37
52,seq131,r_111_17_179,r_68_81_74,r_68_81_74,1.0,98,172,74,37
71,seq38,seq91,r_22_82_174,r_22_82_174,0.57,0,174,174,37
86,seq90,r_62_67_12,seq57,r_62_67_12,0.89,-1,11,12,37
34,r_146_3_176,seq123,r_68_81_74,r_146_3_176,0.17,0,176,176,37
51,seq130,r_75_79_49,seq69,r_75_79_49,0.99,1,50,49,37
75,seq49,r_64_19_153,seq39,r_64_19_153,0.97,-13,140,153,37
7,r_62_67_12,seq90,r_80_29_194,r_62_67_12,0.98,0,12,12,37
81,seq71,r_22_82_174,r_85_102_105,r_85_102_105,1.0,38,143,105,37
32,r_75_79_49,r_24_78_128,r_87_30_96,r_87_30_96,1.0,0,96,96,37
25,r_31_9_40,r_103_48_169,r_68_81_74,r_68_81_74,1.0,54,128,74,37
9,r_58_34_102,seq137,seq130,r_58_34_102,1.0,1,103,102,37
96,seq123,r_146_3_176,seq144,r_146_3_176,0.76,0,176,176,37
18,r_121_117_84,r_4_46_52,r_128_41_15,r_4_46_52,0.92,1,53,52,37
37,r_106_100_54,r_97_52_177,seq137,r_97_52_177,0.89,1,178,177,37
28,r_1_147_70,r_104_42_112,seq135,r_1_147_70,1.0,0,70,70,37
44,r_50_96_80,seq16,r_4_46_52,r_50_96_80,0.63,0,80,80,37
35,r_132_21_43,seq136,seq76,r_132_21_43,1.0,0,43,43,37
23,r_51_118_122,r_55_12_141,seq69,r_51_118_122,0.99,0,122,122,37
82,seq76,seq127,r_132_21_43,r_132_21_43,1.0,55,98,43,37
22,r_25_65_28,r_75_79_49,r_128_41_15,r_128_41_15,0.7,14,29,15,37
12,r_60_2_109,seq33,seq16,r_60_2_109,0.73,0,109,109,37
19,r_24_78_128,seq144,r_87_30_96,r_87_30_96,1.0,22,118,96,37
84,seq84,r_103_48_169,r_68_81_74,r_68_81_74,1.0,42,116,74,37
30,r_148_121_89,r_50_84_103,r_71_21_199,r_148_121_89,0.97,2,91,89,38
36,r_90_110_178,seq80,seq145,r_90_110_178,0.36,2,180,178,38
64,seq27,r_42_12_32,seq41,r_42_12_32,1.0,0,32,32,38
53,seq6,r_127_107_75,seq113,r_127_107_75,1.0,1,76,75,38
31,r_40_9_14,seq60,r_22_47_65,r_40_9_14,0.77,1,15,14,38
45,r_114_49_26,r_48_70_123,r_95_126_121,r_114_49_26,0.96,1,27,26,38
55,seq8,seq28,r_134_0_74,r_134_0_74,1.0,3,77,74,38
37,r_57_29_48,r_129_38_53,seq123,r_129_38_53,0.99,-2,51,53,38
1,r_104_33_153,seq60,r_95_126_121,r_95_126_121,0.8,1,122,121,38
13,r_101_81_41,seq16,r_22_47_65,r_101_81_41,1.0,0,41,41,38
34,r_23_64_15,seq119,seq15,r_23_64_15,0.99,0,15,15,38
32,r_88_136_5,r_48_70_123,r_61_93_184,r_88_136_5,0.46,118,123,5,38
39,r_42_12_32,seq27,r_135_1_170,r_42_12_32,1.0,0,32,32,38
19,r_20_31_93,seq102,seq54,r_20_31_93,0.98,0,93,93,38
8,r_22_47_65,seq142,r_40_9_14,r_40_9_14,0.9,7,21,14,38
27,r_135_1_170,r_42_12_32,r_62_26_116,r_62_26_116,0.86,55,171,116,38
78,seq67,seq113,r_83_2_71,r_83_2_71,0.49,93,164,71,38
39,r_42_12_32,r_135_1_170,r_39_34_3,r_42_12_32,0.75,139,171,32,38
41,r_13_55_122,seq7,r_77_115_18,r_13_55_122,0.88,0,122,122,38
46,r_146_24_22,r_98_69_119,seq132,r_146_24_22,0.62,-1,21,22,38
89,seq102,r_59_112_138,r_99_11_145,r_99_11_145,0.64,4,149,145,38
24,r_129_38_53,seq132,seq119,r_129_38_53,1.0,0,53,53,38
4,r_95_126_121,r_104_33_153,r_50_84_103,r_104_33_153,0.99,1,154,153,38
26,r_130_89_101,seq28,r_127_107_75,r_127_107_75,0.98,29,104,75,38
6,r_39_34_3,r_135_1_170,r_42_12_32,r_42_12_32,0.9,26,58,32,38
45,r_114_49_26,r_135_1_170,r_39_34_3,r_39_34_3,0.41,61,64,3,38
43,r_77_115_18,seq145,r_13_55_122,r_13_55_122,0.47,5,127,122,38
78,seq67,r_83_2_71,seq113,r_83_2_71,0.96,0,71,71,38
0,r_50_84_103,r_148_121_89,seq14,r_148_121_89,0.76,2,91,89,38
11,r_134_0_74,seq43,seq8,r_134_0_74,1.0,0,74,74,38
18,r_48_70_123,r_114_49_26,r_88_136_5,r_114_49_26,1.0,1,27,26,38
20,r_18_35_128,seq87,r_25_149_33,r_18_35_128,0.82,-1,127,128,38
98,seq123,r_71_21_199,r_57_29_48,r_57_29_48,0.99,23,71,48,38
15,r_97_46_163,r_90_110_178,r_4_120_117,r_97_46_163,0.56,5,168,163,38
48,r_147_75_127,r_48_70_123,seq119,r_147_75_127,0.98,-4,123,127,38
62,seq16,r_101_81_41,r_22_47_65,r_101_81_41,0.96,66,107,41,38
43,r_77_115_18,r_137_144_102,r_122_45_79,r_77_115_18,0.53,-1,17,18,38
42,r_122_45_79,seq119,r_77_115_18,r_122_45_79,0.85,-55,24,79,38
42,r_122_45_79,r_77_115_18,seq102,r_122_45_79,1.0,0,79,79,38
45,r_114_49_26,r_95_126_121,r_135_1_170,r_95_126_121,0.69,-75,46,121,38
87,seq92,r_71_21_199,r_137_144_102,r_137_144_102,1.0,39,141,102,38
51,seq132,r_129_38_53,r_146_24_22,r_129_38_53,0.87,0,53,53,38
10,r_83_2_71,seq67,seq106,r_83_2_71,0.7,-12,59,71,38
47,r_137_144_102,seq87,seq92,r_137_144_102,0.94,1,103,102,38
40,r_63_143_86,r_97_46_163,r_72_56_40,r_63_143_86,1.0,0,86,86,38
29,r_125_111_164,seq106,r_59_112_138,r_125_111_164,0.49,0,164,164,38
43,r_77_115_18,r_122_45_79,seq145,r_122_45_79,0.78,1,80,79,38
33,r_98_69_119,seq79,r_4_120_117,r_98_69_119,1.0,1,120,119,38
50,seq128,seq43,r_25_149_33,r_25_149_33,1.0,61,94,33,38
27,r_135_1_170,r_39_34_3,r_42_12_32,r_42_12_32,1.0,2,34,32,38
65,seq28,r_130_89_101,r_134_0_74,r_134_0_74,0.99,28,102,74,38
42,r_122_45_79,seq102,r_99_11_145,r_99_11_145,0.41,1,146,145,38
38,r_99_11_145,r_96_131_198,r_122_45_79,r_122_45_79,0.99,67,146,79,38
77,seq60,r_104_33_153,r_50_84_103,r_50_84_103,1.0,21,124,103,38
2,r_58_51_25,r_129_38_53,r_94_85_4,r_58_51_25,1.0,0,25,25,38
3,r_72_56_40,r_13_55_122,r_63_143_86,r_72_56_40,0.85,50,90,40,38
17,r_105_66_78,r_99_11_145,seq118,r_105_66_78,1.0,0,78,78,38
9,r_3_91_125,r_4_120_117,r_72_56_40,r_4_120_117,0.93,7,124,117,38
96,seq118,seq117,r_105_66_78,r_105_66_78,1.0,21,99,78,38
2,r_58_51_25,r_94_85_4,r_25_149_33,r_58_51_25,0.59,51,76,25,38
22,r_4_120_117,r_3_91_125,r_98_69_119,r_4_120_117,1.0,7,124,117,38
91,seq106,r_125_111_164,r_83_2_71,r_83_2_71,0.97,93,164,71,38
49,r_96_131_198,r_99_11_145,r_98_69_119,r_98_69_119,0.8,12,131,119,38
7,r_19_65_173,seq15,r_74_73_180,r_19_65_173,0.75,0,173,173,38
18,r_48_70_123,r_88_136_5,r_72_56_40,r_48_70_123,0.97,0,123,123,38
44,r_127_107_75,seq6,r_130_89_101,r_127_107_75,0.99,1,76,75,38
23,r_82_36_94,r_50_84_103,seq37,r_82_36_94,1.0,0,94,94,38
82,seq79,r_98_69_119,r_130_89_101,r_98_69_119,1.0,1,120,119,38
35,r_108_10_84,seq32,seq141,r_108_10_84,1.0,2,86,84,38
1,r_104_33_153,r_95_126_121,r_108_10_84,r_104_33_153,0.75,1,154,153,38
12,r_62_26_116,r_13_55_122,r_129_38_53,r_129_38_53,0.86,64,117,53,38
3,r_72_56_40,r_105_66_78,r_13_55_122,r_72_56_40,1.0,2,42,40,38
0,r_50_84_103,seq14,seq60,r_50_84_103,1.0,0,103,103,38
93,seq112,r_8_24_165,r_10_119_87,r_10_119_87,0.62,3,90,87,39
49,r_125_140_18,r_14_143_78,seq116,r_14_143_78,0.57,-60,18,78,39
8,r_114_146_155,r_65_13_185,r_134_90_132,r_114_146_155,0.87,0,155,155,39
43,r_5_20_100,seq116,r_9_72_98,r_5_20_100,0.85,0,100,100,39
3,r_104_53_112,r_144_93_43,seq115,r_104_53_112,0.96,2,114,112,39
71,seq49,r_33_102_126,seq50,r_33_102_126,1.0,-16,110,126,39
86,seq92,r_62_2_191,r_69_109_75,r_69_109_75,0.8,-1,74,75,39
16,r_17_61_178,r_113_86_162,r_147_128_184,r_147_128_184,0.32,-69,115,184,39
1,r_28_81_175,seq83,r_67_26_121,r_67_26_121,1.0,6,127,121,39
65,seq32,r_78_95_39,seq91,r_78_95_39,1.0,-10,29,39,39
4,r_9_72_98,seq83,r_54_47_37,r_54_47_37,1.0,3,40,37,39
46,r_3_76_92,r_8_24_165,r_145_38_48,r_3_76_92,0.99,0,92,92,39
42,r_19_133_139,seq130,r_59_74_95,r_19_133_139,0.84,1,140,139,39
1,r_28_81_175,r_67_26_121,seq130,r_28_81_175,0.92,0,175,175,39
76,seq58,r_139_97_29,seq91,r_139_97_29,0.76,-8,21,29,39
24,r_67_26_121,r_28_81_175,seq96,r_28_81_175,1.0,0,175,175,39
15,r_29_48_10,seq71,seq31,r_29_48_10,0.93,0,10,10,39
19,r_107_57_101,seq110,seq91,r_107_57_101,0.97,0,101,101,39
33,r_113_86_162,r_147_128_184,seq108,r_113_86_162,0.67,-6,156,162,39
39,r_54_47_37,r_107_57_101,r_9_72_98,r_54_47_37,1.0,0,37,37,39
45,r_7_56_57,seq21,seq52,r_7_56_57,0.96,0,57,57,39
39,r_54_47_37,r_9_72_98,r_23_18_60,r_9_72_98,0.6,0,98,98,39
31,r_10_119_87,r_84_100_177,seq112,r_10_119_87,0.94,0,87,87,39
6,r_88_34_55,seq49,r_98_120_194,r_88_34_55,0.99,0,55,55,39
81,seq71,r_29_48_10,r_148_37_80,r_29_48_10,0.45,2,12,10,39
22,r_70_75_22,seq55,r_1_141_71,r_1_141_71,1.0,1,72,71,39
10,r_35_106_106,seq142,r_135_41_31,r_35_106_106,0.99,0,106,106,39
26,r_69_109_75,seq22,seq92,r_69_109_75,0.97,0,75,75,39
16,r_17_61_178,r_147_128_184,r_10_119_87,r_17_61_178,1.0,0,178,178,39
14,r_135_41_31,r_65_13_185,r_35_106_106,r_35_106_106,1.0,79,185,106,39
0,r_46_124_115,seq103,seq138,r_46_124_115,0.98,0,115,115,39
20,r_136_132_99,r_149_25_122,seq31,r_136_132_99,0.96,1,100,99,39
13,r_129_118_168,r_94_85_154,r_70_75_22,r_70_75_22,0.95,132,154,22,39
30,r_126_39_11,r_67_26_121,r_134_90_132,r_126_39_11,1.0,0,11,11,39
48,r_84_100_177,seq91,r_69_109_75,r_84_100_177,0.63,0,177,177,39
22,r_70_75_22,r_0_11_131,seq55,r_70_75_22,0.82,0,22,22,39
27,r_65_13_185,r_35_106_106,r_70_75_22,r_65_13_185,0.97,0,185,185,39
21,r_87_111_38,r_129_118_168,seq49,r_129_118_168,0.71,-67,101,168,39
85,seq91,r_84_100_177,r_107_57_101,r_107_57_101,1.0,0,101,101,39
99,seq123,seq142,r_33_102_126,r_33_102_126,0.49,3,129,126,39
27,r_65_13_185,r_114_146_155,r_35_106_106,r_35_106_106,0.91,49,155,106,39
30,r_126_39_11,r_134_90_132,r_70_75_22,r_134_90_132,0.9,0,132,132,39
21,r_87_111_38,r_59_74_95,r_129_118_168,r_87_111_38,1.0,2,40,38,39
12,r_145_38_48,seq4,seq110,r_145_38_48,1.0,0,48,48,39
2,r_59_74_95,r_114_146_155,r_88_34_55,r_59_74_95,0.96,0,95,95,39
25,r_1_141_71,seq115,r_125_140_18,r_1_141_71,0.43,-46,25,71,39
40,r_89_73_160,r_98_120_194,seq64,r_89_73_160,0.55,0,160,160,39
74,seq52,r_134_90_132,r_7_56_57,r_7_56_57,0.9,24,81,57,39
18,r_148_37_80,r_46_124_115,seq71,r_148_37_80,0.96,0,80,80,39
29,r_0_11_131,r_89_73_160,seq103,r_0_11_131,0.87,0,131,131,39
24,r_67_26_121,seq15,r_28_81_175,r_67_26_121,1.0,0,121,121,39
33,r_113_86_162,r_17_61_178,r_147_128_184,r_17_61_178,0.31,-125,53,178,39
50,seq130,r_19_133_139,seq31,r_19_133_139,1.0,1,140,139,39
58,seq15,r_67_26_121,seq115,r_67_26_121,0.98,1,122,121,39
6,r_88_34_55,r_98_120_194,r_59_74_95,r_59_74_95,1.0,29,124,95,39
35,r_139_97_29,seq58,r_98_120_194,r_139_97_29,0.99,0,29,29,39
32,r_144_93_43,r_104_53_112,seq122,r_144_93_43,0.94,71,114,43,39
38,r_127_43_151,r_82_79_193,r_69_109_75,r_127_43_151,0.89,1,152,151,39
77,seq63,r_114_146_155,r_35_106_106,r_35_106_106,0.65,43,149,106,39
4,r_9_72_98,r_54_47_37,seq91,r_9_72_98,1.0,0,98,98,39
34,r_14_143_78,seq117,seq91,r_14_143_78,0.99,0,78,78,39
47,r_98_120_194,r_0_11_131,r_88_34_55,r_98_120_194,0.67,-139,55,194,39
41,r_78_95_39,seq32,seq115,r_78_95_39,0.87,4,43,39,39
17,r_60_105_74,seq12,seq42,r_60_105_74,0.99,1,75,74,39
94,seq115,seq116,r_104_53_112,r_104_53_112,0.98,66,178,112,39
25,r_1_141_71,r_125_140_18,r_70_75_22,r_1_141_71,1.0,1,72,71,39
3,r_104_53_112,r_14_143_78,r_144_93_43,r_104_53_112,0.82,-66,46,112,39
14,r_135_41_31,seq138,r_65_13_185,r_135_41_31,1.0,0,31,31,39
37,r_134_90_132,r_126_39_11,r_59_74_95,r_134_90_132,0.86,0,132,132,39
95,seq116,r_5_20_100,r_125_140_18,r_5_20_100,1.0,-45,55,100,39
28,r_149_25_122,seq32,seq138,r_149_25_122,0.88,0,122,122,39
56,seq12,r_60_105_74,seq83,r_60_105_74,0.85,1,75,74,39
7,r_23_18_60,r_1_141_71,r_54_47_37,r_23_18_60,0.98,0,60,60,39
23,r_8_24_165,r_14_143_78,r_144_93_43,r_8_24_165,1.0,-93,72,165,39
37,r_134_90_132,r_129_118_168,r_126_39_11,r_126_39_11,1.0,2,13,11,39
13,r_129_118_168,r_70_75_22,r_0_11_131,r_129_118_168,0.77,0,168,168,39
23,r_8_24_165,r_144_93_43,r_148_37_80,r_8_24_165,0.99,0,165,165,39
55,seq138,r_70_75_22,r_149_25_122,r_149_25_122,0.96,0,122,122,39
12,r_141_102_55,r_139_135_32,r_143_17_4,r_141_102_55,0.78,-22,33,55,40
12,r_141_102_55,r_143_17_4,r_13_109_130,r_141_102_55,0.86,-8,47,55,40
95,seq111,seq14,r_5_116_47,r_5_116_47,1.0,0,47,47,40
14,r_95_123_185,r_36_3_192,r_88_56_154,r_95_123_185,0.17,0,185,185,40
43,r_6_71_74,seq81,r_52_74_49,r_6_71_74,1.0,0,74,74,40
7,r_124_93_15,r_138_59_38,seq30,r_124_93_15,0.95,0,15,15,40
83,seq79,seq63,r_73_78_93,r_73_78_93,1.0,7,100,93,40
37,r_92_132_136,seq107,r_140_110_82,r_92_132_136,0.93,0,136,136,40
16,r_104_97_21,seq27,seq125,r_104_97_21,0.97,0,21,21,40
31,r_118_16_40,r_49_117_142,seq21,r_118_16_40,0.99,0,40,40,40
36,r_13_109_130,r_57_91_75,r_76_18_9,r_57_91_75,0.99,-64,11,75,40
59,seq21,seq61,r_148_145_132,r_148_145_132,1.0,36,168,132,40
29,r_52_74_49,r_13_109_130,r_5_116_47,r_52_74_49,1.0,2,51,49,40
71,seq48,seq55,r_120_64_126,r_120_64_126,0.94,1,127,126,40
39,r_120_64_126,r_148_145_132,seq48,r_148_145_132,0.61,-4,128,132,40
10,r_9_128_48,r_53_77_58,r_88_56_154,r_9_128_48,0.99,0,48,48,40
42,r_100_134_29,r_140_110_82,r_52_74_49,r_52_74_49,0.74,32,81,49,40
34,r_76_18_9,r_86_72_41,r_13_109_130,r_76_18_9,0.95,1,10,9,40
19,r_34_112_125,seq108,r_136_115_107,r_136_115_107,0.58,-11,96,107,40
45,r_139_135_32,r_141_102_55,seq54,r_139_135_32,0.99,0,32,32,40
27,r_42_4_171,seq48,r_9_128_48,r_42_4_171,0.91,0,171,171,40
76,seq61,r_31_66_76,seq21,r_31_66_76,1.0,1,77,76,40
12,r_141_102_55,r_13_109_130,r_76_18_9,r_13_109_130,1.0,0,130,130,40
89,seq98,r_1_122_189,r_13_109_130,r_13_109_130,1.0,60,190,130,40
46,r_35_85_17,seq54,seq106,r_35_85_17,1.0,0,17,17,40
4,r_53_77_58,seq142,seq149,r_53_77_58,1.0,0,58,58,40
24,r_12_65_60,r_140_110_82,r_60_133_57,r_12_65_60,0.44,-39,21,60,40
26,r_49_117_142,seq44,seq81,r_49_117_142,1.0,0,142,142,40
1,r_80_87_27,seq20,seq51,r_80_87_27,1.0,0,27,27,40
0,r_41_25_103,seq27,r_6_71_74,r_41_25_103,0.56,0,103,103,40
63,seq27,r_41_25_103,seq63,r_41_25_103,1.0,-6,97,103,40
20,r_140_110_82,seq15,r_138_59_38,r_140_110_82,0.97,0,82,82,40
13,r_57_91_75,seq63,seq55,r_57_91_75,1.0,0,75,75,40
5,r_86_72_41,r_126_90_90,r_146_40_65,r_126_90_90,0.82,0,90,90,40
46,r_35_85_17,seq106,r_39_131_131,r_39_131_131,0.97,8,139,131,40
30,r_7_114_12,r_140_110_82,seq107,r_7_114_12,0.97,-1,11,12,40
48,r_136_115_107,seq98,seq108,r_136_115_107,0.92,0,107,107,40
36,r_13_109_130,r_141_102_55,seq98,r_13_109_130,0.84,0,130,130,40
36,r_13_109_130,r_76_18_9,r_141_102_55,r_141_102_55,1.0,27,82,55,40
56,seq15,r_60_133_57,r_36_3_192,r_60_133_57,0.29,85,142,57,40
10,r_9_128_48,r_88_56_154,seq113,r_88_56_154,1.0,0,154,154,40
19,r_34_112_125,r_136_115_107,seq111,r_34_112_125,1.0,0,125,125,40
2,r_73_78_93,seq84,seq79,r_73_78_93,1.0,0,93,93,40
40,r_32_96_172,r_1_122_189,r_73_78_93,r_1_122_189,0.57,-17,172,189,40
74,seq55,seq26,r_57_91_75,r_57_91_75,1.0,68,143,75,40
18,r_39_131_131,seq89,r_35_85_17,r_39_131_131,0.96,1,132,131,40
42,r_100_134_29,seq23,seq70,r_100_134_29,0.63,109,138,29,40
99,seq149,seq10,r_53_77_58,r_53_77_58,1.0,0,58,58,40
34,r_76_18_9,r_13_109_130,r_141_102_55,r_76_18_9,0.89,90,99,9,40
64,seq28,r_42_4_171,seq48,r_42_4_171,0.83,-71,100,171,40
58,seq20,seq23,r_60_133_57,r_60_133_57,1.0,29,86,57,40
15,r_60_133_57,r_95_123_185,seq20,r_60_133_57,1.0,0,57,57,40
68,seq44,r_49_117_142,seq47,r_49_117_142,1.0,0,142,142,40
38,r_148_145_132,r_120_64_126,seq21,r_148_145_132,0.91,-1,131,132,40
8,r_31_66_76,seq70,r_143_17_4,r_31_66_76,0.5,84,160,76,40
23,r_38_83_43,seq61,r_36_3_192,r_38_83_43,0.83,0,43,43,40
81,seq70,seq61,r_127_147_5,r_127_147_5,0.34,157,162,5,40
17,r_146_40_65,seq20,r_86_72_41,r_146_40_65,1.0,-2,63,65,40
78,seq63,r_57_91_75,seq79,r_57_91_75,1.0,-25,50,75,40
5,r_86_72_41,seq44,r_126_90_90,r_86_72_41,1.0,0,41,41,40
9,r_88_56_154,seq113,r_104_97_21,r_88_56_154,0.93,0,154,154,40
92,seq106,r_148_145_132,seq33,r_148_145_132,0.99,-80,52,132,40
11,r_37_24_36,r_49_117_142,r_67_43_188,r_37_24_36,1.0,0,36,36,40
84,seq81,r_37_24_36,r_49_117_142,r_49_117_142,1.0,0,142,142,40
73,seq54,seq144,r_139_135_32,r_139_135_32,0.99,10,42,32,40
33,r_5_116_47,seq48,r_52_74_49,r_5_116_47,1.0,2,49,47,40
44,r_19_50_89,seq47,seq27,r_19_50_89,0.99,0,89,89,40
42,r_100_134_29,seq55,r_140_110_82,r_100_134_29,0.98,0,29,29,40
32,r_67_43_188,seq10,r_37_24_36,r_37_24_36,1.0,1,37,36,40
24,r_12_65_60,r_60_133_57,r_94_46_8,r_12_65_60,0.99,0,60,60,40
47,r_138_59_38,seq61,seq113,r_138_59_38,0.92,5,43,38,40
35,r_126_90_90,seq125,seq89,r_126_90_90,0.95,0,90,90,40
95,seq111,r_5_116_47,r_34_112_125,r_34_112_125,1.0,4,129,125,40
21,r_24_10_54,seq6,seq138,r_24_10_54,1.0,0,54,54,41
47,r_40_122_18,r_128_42_92,r_37_93_21,r_40_122_18,0.7,-1,17,18,41
8,r_102_115_158,seq31,seq124,r_102_115_158,0.78,1,159,158,41
43,r_132_81_94,r_91_114_96,r_49_9_39,r_132_81_94,0.98,0,94,94,41
83,seq75,r_148_78_63,seq120,r_148_78_63,1.0,0,63,63,41
37,r_148_78_63,seq75,r_118_60_161,r_148_78_63,1.0,0,63,63,41
24,r_61_29_30,r_3_134_148,r_88_111_113,r_61_29_30,0.94,0,30,30,41
1,r_46_56_98,seq52,r_89_98_28,r_46_56_98,0.99,0,98,98,41
5,r_130_110_126,seq70,r_32_149_104,r_130_110_126,0.92,-2,124,126,41
46,r_137_147_87,r_58_135_116,r_105_141_93,r_137_147_87,0.94,0,87,87,41
42,r_12_99_74,seq41,seq123,r_12_99_74,1.0,0,74,74,41
15,r_112_34_7,r_84_44_69,seq74,r_84_44_69,1.0,-11,58,69,41
39,r_33_126_24,seq74,seq138,r_33_126_24,1.0,0,24,24,41
24,r_61_29_30,r_88_111_113,seq13,r_88_111_113,0.69,0,113,113,41
19,r_142_140_163,seq41,seq11,r_142_140_163,0.82,0,163,163,41
30,r_143_87_14,r_84_44_69,seq53,r_143_87_14,0.96,-1,13,14,41
33,r_38_27_166,r_88_111_113,seq107,r_38_27_166,1.0,0,166,166,41
13,r_37_93_21,seq73,r_40_122_18,r_37_93_21,0.88,0,21,21,41
31,r_72_96_44,seq124,r_37_93_21,r_72_96_44,1.0,0,44,44,41
27,r_0_80_19,r_38_27_166,seq55,r_0_80_19,0.85,0,19,19,41
17,r_49_9_39,seq43,seq120,r_49_9_39,1.0,0,39,39,41
38,r_101_129_185,seq23,r_37_93_21,r_101_129_185,0.4,-20,165,185,41
41,r_94_4_105,r_101_129_185,seq36,r_94_4_105,1.0,0,105,105,41
67,seq41,r_12_99_74,r_142_140_163,r_12_99_74,0.99,0,74,74,41
89,seq95,seq139,r_46_56_98,r_46_56_98,1.0,18,116,98,41
3,r_91_114_96,seq70,seq43,r_91_114_96,1.0,0,96,96,41
10,r_71_21_173,r_146_16_67,r_89_98_28,r_71_21_173,0.7,-106,67,173,41
0,r_30_116_189,r_130_110_126,seq119,r_30_116_189,0.99,0,189,189,41
28,r_2_125_183,r_89_98_28,r_145_25_16,r_2_125_183,0.98,-163,20,183,41
26,r_146_16_67,r_71_21_173,seq70,r_146_16_67,1.0,0,67,67,41
14,r_58_135_116,seq65,seq36,r_58_135_116,0.73,0,116,116,41
29,r_89_98_28,seq67,seq139,r_89_98_28,1.0,0,28,28,41
4,r_84_44_69,r_112_34_7,r_113_62_174,r_84_44_69,1.0,0,69,69,41
0,r_30_116_189,r_113_62_174,r_130_110_126,r_130_110_126,1.0,19,145,126,41
63,seq31,r_102_115_158,seq8,r_102_115_158,0.95,0,158,158,41
34,r_88_111_113,seq36,r_61_29_30,r_61_29_30,0.84,0,30,30,41
11,r_26_106_86,seq14,seq41,r_26_106_86,1.0,0,86,86,41
18,r_57_76_26,r_30_116_189,seq39,r_57_76_26,0.93,1,27,26,41
48,r_121_1_142,seq117,r_112_34_7,r_121_1_142,0.73,-3,139,142,41
4,r_84_44_69,r_113_62_174,r_130_110_126,r_130_110_126,0.95,48,174,126,41
17,r_49_9_39,seq120,r_132_81_94,r_132_81_94,1.0,4,98,94,41
57,seq13,r_58_135_116,r_61_29_30,r_61_29_30,0.54,46,76,30,41
62,seq23,seq41,r_15_51_112,r_15_51_112,0.9,10,122,112,41
45,r_77_28_47,r_128_42_92,r_72_96_44,r_77_28_47,1.0,1,48,47,41
10,r_71_21_173,r_89_98_28,r_26_106_86,r_89_98_28,0.91,145,173,28,41
87,seq86,r_68_17_140,r_118_60_161,r_68_17_140,1.0,4,144,140,41
7,r_47_100_107,r_12_99_74,seq35,r_47_100_107,0.8,0,107,107,41
40,r_128_42_92,seq123,r_57_76_26,r_128_42_92,0.78,0,92,92,41
34,r_88_111_113,r_61_29_30,r_38_27_166,r_88_111_113,0.99,0,113,113,41
24,r_61_29_30,seq13,seq73,r_61_29_30,0.65,98,128,30,41
25,r_108_92_170,seq66,seq123,r_108_92_170,0.5,0,170,170,41
33,r_38_27_166,r_32_149_104,r_88_111_113,r_38_27_166,0.78,-62,104,166,41
64,seq35,seq65,r_47_100_107,r_47_100_107,0.98,19,126,107,41
12,r_109_69_32,r_3_134_148,seq73,r_109_69_32,0.68,0,32,32,41
6,r_145_25_16,r_2_125_183,r_101_129_185,r_101_129_185,0.65,0,185,185,41
68,seq43,seq119,r_91_114_96,r_91_114_96,1.0,30,126,96,41
32,r_68_17_140,seq86,seq48,r_68_17_140,0.91,9,149,140,41
38,r_101_129_185,r_94_4_105,seq23,r_94_4_105,0.96,0,105,105,41
52,seq6,r_68_17_140,seq123,r_68_17_140,0.97,-14,126,140,41
9,r_54_83_95,r_142_140_163,r_46_56_98,r_54_83_95,0.98,0,95,95,41
55,seq138,r_142_140_163,r_33_126_24,r_33_126_24,0.94,4,28,24,41
28,r_2_125_183,r_145_25_16,r_148_78_63,r_148_78_63,1.0,122,185,63,41
29,r_89_98_28,seq139,r_46_56_98,r_46_56_98,1.0,18,116,98,41
14,r_58_135_116,r_137_147_87,seq65,r_137_147_87,0.8,-34,53,87,41
91,seq103,r_15_51_112,seq59,r_15_51_112,1.0,1,113,112,41
49,r_20_64_109,r_3_134_148,r_15_51_112,r_20_64_109,0.67,3,112,109,41
7,r_47_100_107,r_105_141_93,r_12_99_74,r_12_99_74,1.0,20,94,74,41
44,r_50_19_128,r_68_17_140,seq22,r_50_19_128,0.89,1,129,128,41
23,r_105_141_93,r_47_100_107,seq53,r_105_141_93,1.0,1,94,93,41
38,r_101_129_185,r_37_93_21,r_145_25_16,r_101_129_185,0.56,0,185,185,41
35,r_32_149_104,r_38_27_166,r_84_44_69,r_32_149_104,0.89,0,104,104,41
6,r_145_25_16,r_108_92_170,r_2_125_183,r_145_25_16,0.97,3,19,16,41
82,seq74,r_33_126_24,r_112_34_7,r_33_126_24,0.94,-3,21,24,41
93,seq108,seq52,r_148_135_132,r_148_135_132,0.93,28,160,132,42
36,r_59_45_57,r_111_123_108,r_116_128_40,r_111_123_108,0.82,-33,75,108,42
92,seq107,seq82,r_143_34_60,r_143_34_60,1.0,61,121,60,42
8,r_111_123_108,seq29,seq6,r_111_123_108,1.0,0,108,108,42
43,r_114_84_94,seq41,seq85,r_114_84_94,1.0,1,95,94,42
60,seq19,r_113_132_32,seq24,r_113_132_32,0.93,1,33,32,42
37,r_39_55_179,seq127,seq96,r_39_55_179,0.39,-19,160,179,42
37,r_39_55_179,seq96,r_49_54_63,r_39_55_179,0.75,-1,178,179,42
19,r_113_132_32,seq29,seq67,r_113_132_32,0.3,81,113,32,42
86,seq93,seq85,r_139_110_62,r_139_110_62,1.0,14,76,62,42
39,r_7_134_166,seq141,r_78_126_136,r_78_126_136,0.73,30,166,136,42
32,r_95_87_85,r_92_102_10,seq67,r_95_87_85,0.81,0,85,85,42
24,r_60_21_115,seq53,r_50_125_157,r_50_125_157,1.0,0,157,157,42
45,r_86_58_111,seq140,seq47,r_86_58_111,0.91,0,111,111,42
54,seq9,seq149,r_98_71_168,r_98_71_168,1.0,0,168,168,42
29,r_142_73_52,seq42,r_89_51_171,r_142_73_52,0.79,6,58,52,42
10,r_68_18_48,r_143_34_60,seq42,r_68_18_48,1.0,0,48,48,42
6,r_92_102_10,seq6,r_95_87_85,r_92_102_10,0.94,0,10,10,42
31,r_144_37_105,seq30,r_116_128_40,r_144_37_105,0.53,-61,44,105,42
66,seq29,r_111_123_108,seq48,r_111_123_108,1.0,0,108,108,42
16,r_81_97_29,seq107,r_148_135_132,r_81_97_29,1.0,1,30,29,42
13,r_5_57_46,seq104,seq44,r_5_57_46,0.49,8,54,46,42
41,r_74_38_121,seq88,r_137_12_109,r_74_38_121,1.0,0,121,121,42
90,seq104,seq103,r_76_26_117,r_76_26_117,1.0,4,121,117,42
54,seq9,r_79_35_56,seq120,r_79_35_56,1.0,0,56,56,42
20,r_31_100_12,seq20,r_11_46_25,r_11_46_25,0.97,0,25,25,42
26,r_1_40_107,seq140,seq141,r_1_40_107,0.49,6,113,107,42
16,r_81_97_29,r_148_135_132,r_139_110_62,r_81_97_29,0.53,103,132,29,42
14,r_148_135_132,r_81_97_29,seq108,r_148_135_132,0.89,0,132,132,42
4,r_28_131_147,seq24,seq133,r_28_131_147,0.77,0,147,147,42
78,seq61,r_50_125_157,seq67,r_50_125_157,0.59,0,157,157,42
0,r_78_126_136,r_115_129_155,seq41,r_78_126_136,0.78,0,136,136,42
11,r_3_4_145,seq88,seq29,r_3_4_145,0.4,-64,81,145,42
25,r_72_63_59,seq44,seq66,r_72_63_59,1.0,0,59,59,42
48,r_98_71_168,seq0,seq9,r_98_71_168,0.8,0,168,168,42
62,seq149,r_94_90_159,seq9,r_94_90_159,0.97,0,159,159,42
75,seq53,seq66,r_60_21_115,r_60_21_115,0.84,6,121,115,42
27,r_27_23_127,r_148_135_132,r_118_136_2,r_27_23_127,0.9,0,127,127,42
9,r_119_70_44,r_76_26_117,r_115_129_155,r_119_70_44,0.87,1,45,44,42
3,r_115_129_155,seq122,r_119_70_44,r_119_70_44,1.0,1,45,44,42
2,r_105_146_161,seq56,seq6,r_105_146_161,0.83,0,161,161,42
18,r_139_110_62,r_99_65_194,seq93,r_139_110_62,1.0,0,62,62,42
28,r_116_128_40,seq88,r_59_45_57,r_116_128_40,0.89,17,57,40,42
24,r_60_21_115,seq42,seq53,r_60_21_115,0.89,0,115,115,42
32,r_95_87_85,r_79_35_56,r_92_102_10,r_95_87_85,0.69,-72,13,85,42
33,r_49_54_63,r_121_33_110,r_143_34_60,r_49_54_63,0.64,0,63,63,42
64,seq24,r_28_131_147,r_144_37_105,r_144_37_105,0.71,43,148,105,42
50,seq0,r_98_71_168,seq10,r_98_71_168,1.0,0,168,168,42
6,r_92_102_10,r_95_87_85,seq149,r_95_87_85,1.0,1,86,85,42
17,r_121_33_110,r_86_58_111,seq88,r_121_33_110,0.99,0,110,110,42
14,r_148_135_132,r_27_23_127,r_81_97_29,r_81_97_29,1.0,1,30,29,42
38,r_137_12_109,r_31_100_12,seq47,r_137_12_109,0.6,0,109,109,42
77,seq56,r_105_146_161,seq93,r_105_146_161,0.71,0,161,161,42
34,r_77_16_98,r_7_134_166,r_59_45_57,r_77_16_98,1.0,0,98,98,42
12,r_91_64_158,r_118_136_2,r_74_38_121,r_91_64_158,0.96,0,158,158,42
56,seq140,seq6,r_36_17_3,r_36_17_3,0.68,38,41,3,42
75,seq53,r_143_34_60,seq66,r_143_34_60,0.66,8,68,60,42
38,r_137_12_109,seq47,r_74_38_121,r_74_38_121,0.49,4,125,121,42
40,r_143_34_60,r_68_18_48,seq107,r_68_18_48,0.89,0,48,48,42
17,r_121_33_110,r_49_54_63,r_86_58_111,r_49_54_63,0.63,11,74,63,42
30,r_11_46_25,seq61,r_31_100_12,r_11_46_25,0.94,0,25,25,42
72,seq47,seq120,r_86_58_111,r_86_58_111,0.71,12,123,111,42
19,r_113_132_32,seq19,seq29,r_113_132_32,1.0,1,33,32,42
31,r_144_37_105,r_116_128_40,seq19,r_144_37_105,1.0,0,105,105,42
29,r_142_73_52,r_89_51_171,r_68_18_48,r_89_51_171,0.92,0,171,171,42
22,r_117_145_148,r_7_134_166,seq82,r_7_134_166,0.78,-16,150,166,42
42,r_83_32_20,seq120,seq42,r_83_32_20,0.93,1,21,20,42
7,r_50_125_157,seq61,r_60_21_115,r_50_125_157,0.49,0,157,157,42
44,r_76_26_117,seq29,seq104,r_76_26_117,0.97,3,120,117,42
46,r_79_35_56,seq9,seq138,r_79_35_56,1.0,0,56,56,42
60,seq19,seq24,r_144_37_105,r_144_37_105,1.0,0,105,105,42
12,r_91_64_158,seq140,r_118_136_2,r_118_136_2,0.44,114,116,2,42
84,seq85,seq93,r_114_84_94,r_114_84_94,1.0,16,110,94,42
44,r_147_132_148,r_90_42_21,seq67,r_147_132_148,0.97,0,148,148,43
16,r_6_91_111,r_94_149_20,seq88,r_94_149_20,0.89,-4,16,20,43
13,r_16_84_24,seq20,r_90_42_21,r_16_84_24,0.64,0,24,24,43
92,seq104,r_98_45_115,r_38_108_110,r_98_45_115,1.0,0,115,115,43
14,r_49_2_140,seq15,seq112,r_49_2_140,0.96,3,143,140,43
8,r_137_131_92,r_81_115_152,seq119,r_137_131_92,1.0,1,93,92,43
43,r_17_24_93,seq82,r_85_109_50,r_17_24_93,0.99,2,95,93,43
37,r_29_114_196,seq119,r_23_58_113,r_23_58_113,1.0,2,115,113,43
59,seq14,r_57_30_171,seq128,r_57_30_171,0.99,0,171,171,43
71,seq52,r_4_93_133,r_26_34_23,r_4_93_133,1.0,-3,130,133,43
86,seq83,seq110,r_70_148_85,r_70_148_85,0.52,-9,76,85,43
21,r_25_21_146,seq123,seq126,r_25_21_146,0.88,0,146,146,43
1,r_13_8_82,seq97,seq146,r_13_8_82,1.0,0,82,82,43
97,seq119,r_61_32_138,r_137_131_92,r_137_131_92,0.72,46,138,92,43
46,r_100_59_68,r_136_18_131,seq71,r_100_59_68,1.0,0,68,68,43
42,r_31_53_107,r_57_30_171,seq97,r_31_53_107,1.0,0,107,107,43
5,r_73_65_43,seq134,seq110,r_73_65_43,1.0,0,43,43,43
7,r_48_41_66,r_60_87_186,r_70_148_85,r_60_87_186,0.68,1,187,186,43
27,r_56_121_55,seq33,seq97,r_56_121_55,0.9,-1,54,55,43
19,r_36_51_125,r_60_87_186,seq82,r_36_51_125,0.84,0,125,125,43
66,seq33,r_4_93_133,r_26_34_23,r_4_93_133,0.55,-35,98,133,43
38,r_26_34_23,r_37_105_139,r_79_144_46,r_37_105_139,0.75,0,139,139,43
31,r_69_120_91,seq20,seq88,r_69_120_91,0.8,0,91,91,43
41,r_23_58_113,seq71,r_29_114_196,r_23_58_113,1.0,0,113,113,43
89,seq88,seq138,r_69_120_91,r_69_120_91,1.0,9,100,91,43
10,r_81_115_152,r_38_108_110,seq146,r_81_115_152,0.92,0,152,152,43
38,r_26_34_23,r_13_8_82,r_37_105_139,r_26_34_23,0.7,1,24,23,43
44,r_147_132_148,r_73_65_43,r_90_42_21,r_147_132_148,0.57,-127,21,148,43
81,seq75,seq128,r_50_86_15,r_50_86_15,0.66,98,113,15,43
70,seq46,r_60_87_186,seq11,r_60_87_186,0.45,-154,32,186,43
16,r_6_91_111,seq88,seq110,r_6_91_111,1.0,0,111,111,43
4,r_3_47_164,seq72,r_17_24_93,r_17_24_93,0.54,71,164,93,43
78,seq71,r_23_58_113,seq7,r_23_58_113,0.99,0,113,113,43
0,r_70_148_85,seq11,seq83,r_70_148_85,0.74,-1,84,85,43
20,r_37_105_139,seq33,seq126,r_37_105_139,0.87,0,139,139,43
46,r_100_59_68,seq71,r_4_93_133,r_4_93_133,1.0,8,141,133,43
15,r_143_101_169,r_57_30_171,r_6_91_111,r_57_30_171,0.69,-2,169,171,43
48,r_98_45_115,seq104,r_26_34_23,r_98_45_115,0.92,0,115,115,43
6,r_60_87_186,r_36_51_125,r_48_41_66,r_48_41_66,0.82,59,125,66,43
26,r_94_149_20,r_6_91_111,seq7,r_94_149_20,0.95,0,20,20,43
23,r_89_113_199,seq75,r_50_86_15,r_50_86_15,1.0,1,16,15,43
5,r_73_65_43,seq110,r_96_55_14,r_73_65_43,0.57,79,122,43,43
94,seq110,seq9,r_6_91_111,r_6_91_111,1.0,1,112,111,43
45,r_85_109_50,r_140_64_123,seq66,r_85_109_50,0.9,0,50,50,43
36,r_90_42_21,r_147_132_148,r_16_84_24,r_147_132_148,0.96,0,148,148,43
90,seq97,r_56_121_55,r_31_53_107,r_31_53_107,0.83,3,110,107,43
29,r_141_27_35,seq126,seq138,r_141_27_35,0.9,1,36,35,43
2,r_136_18_131,seq72,seq128,r_136_18_131,0.88,0,131,131,43
40,r_43_39_86,r_140_64_123,seq129,r_43_39_86,0.98,0,86,86,43
24,r_61_32_138,seq119,r_17_24_93,r_61_32_138,0.93,0,138,138,43
33,r_57_30_171,seq14,seq20,r_57_30_171,0.63,0,171,171,43
47,r_79_144_46,r_40_102_1,r_26_34_23,r_26_34_23,0.57,136,159,23,43
47,r_79_144_46,r_49_2_140,r_40_102_1,r_79_144_46,0.81,0,46,46,43
6,r_60_87_186,r_48_41_66,seq76,r_60_87_186,0.91,0,186,186,43
17,r_140_64_123,r_43_39_86,r_133_1_22,r_140_64_123,0.72,-93,30,123,43
61,seq145,r_89_113_199,r_122_116_100,r_122_116_100,1.0,9,109,100,43
36,r_90_42_21,seq44,r_147_132_148,r_90_42_21,0.78,0,21,21,43
22,r_96_55_14,r_137_131_92,seq9,r_96_55_14,1.0,0,14,14,43
25,r_133_1_22,seq71,r_140_64_123,r_133_1_22,0.97,0,22,22,43
30,r_50_86_15,r_28_0_193,r_89_113_199,r_50_86_15,1.0,0,15,15,43
64,seq20,r_133_1_22,r_57_30_171,r_57_30_171,0.88,5,176,171,43
56,seq9,seq63,r_96_55_14,r_96_55_14,1.0,27,41,14,43
45,r_85_109_50,seq66,r_17_24_93,r_17_24_93,1.0,25,118,93,43
29,r_141_27_35,seq138,r_118_77_49,r_118_77_49,0.52,11,60,49,43
81,seq75,r_89_113_199,seq128,r_89_113_199,0.74,-125,74,199,43
25,r_133_1_22,r_140_64_123,seq20,r_140_64_123,1.0,0,123,123,43
9,r_38_108_110,r_81_115_152,seq104,r_81_115_152,1.0,-11,141,152,43
96,seq112,r_99_125_191,r_49_2_140,r_49_2_140,0.98,0,140,140,43
34,r_95_124_37,r_12_54_195,seq135,r_95_124_37,1.0,0,37,37,43
28,r_92_127_170,r_28_0_193,r_25_21_146,r_25_21_146,0.74,24,170,146,43
49,r_122_116_100,r_12_54_195,seq145,r_122_116_100,0.97,0,100,100,43
82,seq76,r_56_121_55,r_60_87_186,r_60_87_186,0.66,0,186,186,43
7,r_48_41_66,r_17_24_93,r_60_87_186,r_48_41_66,1.0,0,66,66,43
17,r_140_64_123,r_133_1_22,r_13_8_82,r_140_64_123,1.0,0,123,123,43
12,r_28_0_193,r_92_127_170,r_85_109_50,r_85_109_50,0.74,120,170,50,43
85,seq87,seq37,r_144_91_155,r_144_91_155,0.99,1,156,155,44
14,r_137_28_61,seq15,r_116_12_29,r_137_28_61,1.0,0,61,61,44
8,r_76_138_182,r_6_50_178,r_128_55_80,r_128_55_80,0.89,100,180,80,44
93,seq112,seq132,r_81_7_42,r_81_7_42,1.0,6,48,42,44
37,r_148_110_60,seq59,seq123,r_148_110_60,1.0,0,60,60,44
3,r_146_19_51,r_64_121_160,r_39_51_125,r_146_19_51,0.6,109,160,51,44
16,r_101_14_75,seq49,seq10,r_101_14_75,0.85,2,77,75,44
21,r_117_107_117,seq77,r_64_121_160,r_64_121_160,0.56,0,160,160,44
5,r_89_120_165,seq100,r_148_110_60,r_89_120_165,0.85,0,165,165,44
46,r_108_2_116,r_42_56_88,r_137_28_61,r_108_2_116,0.51,-28,88,116,44
42,r_26_80_187,r_144_91_155,seq8,r_144_91_155,0.96,0,155,155,44
32,r_48_104_159,r_148_110_60,seq21,r_48_104_159,0.98,0,159,159,44
7,r_13_16_19,r_89_120_165,r_42_56_88,r_42_56_88,0.99,77,165,88,44
45,r_124_44_96,seq94,seq77,r_124_44_96,0.84,0,96,96,44
10,r_64_121_160,seq66,r_146_19_51,r_146_19_51,1.0,-3,48,51,44
24,r_111_109_196,r_142_119_6,seq130,r_111_109_196,0.38,-23,173,196,44
63,seq131,r_67_95_30,r_127_54_149,r_127_54_149,0.79,0,149,149,44
19,r_69_23_103,seq88,seq77,r_69_23_103,0.89,0,103,103,44
52,seq3,seq22,r_78_18_34,r_78_18_34,1.0,9,43,34,44
27,r_102_135_158,r_86_98_152,seq9,r_102_135_158,0.87,-6,152,158,44
20,r_115_133_199,seq21,r_143_11_44,r_143_11_44,0.95,-1,43,44,44
39,r_142_119_6,seq130,r_111_109_196,r_142_119_6,0.56,60,66,6,44
41,r_144_91_155,r_26_80_187,seq87,r_144_91_155,0.85,0,155,155,44
62,seq15,r_137_28_61,seq33,r_137_28_61,1.0,-5,56,61,44
90,seq100,r_89_120_165,r_42_56_88,r_42_56_88,0.86,77,165,88,44
57,seq9,r_108_2_116,r_102_135_158,r_102_135_158,1.0,0,158,158,44
26,r_127_54_149,seq37,seq131,r_127_54_149,0.61,0,149,149,44
14,r_137_28_61,r_116_12_29,seq90,r_116_12_29,0.67,97,126,29,44
63,seq131,r_99_24_129,r_67_95_30,r_99_24_129,0.8,2,131,129,44
73,seq37,r_127_54_149,r_106_68_83,r_106_68_83,0.85,66,149,83,44
11,r_17_113_115,seq123,r_128_55_80,r_17_113_115,1.0,0,115,115,44
13,r_86_98_152,r_106_68_83,r_48_104_159,r_106_68_83,0.97,-1,82,83,44
98,seq126,r_118_4_190,r_128_55_80,r_128_55_80,0.98,6,86,80,44
42,r_26_80_187,seq8,r_0_46_107,r_26_80_187,0.77,2,189,187,44
48,r_0_46_107,seq35,seq59,r_0_46_107,0.94,-17,90,107,44
0,r_47_92_89,r_102_135_158,seq149,r_47_92_89,0.99,0,89,89,44
57,seq9,r_41_57_133,r_108_2_116,r_108_2_116,0.89,19,135,116,44
13,r_86_98_152,r_48_104_159,seq36,r_86_98_152,1.0,0,152,152,44
6,r_27_82_78,r_128_55_80,seq141,r_27_82_78,0.86,3,81,78,44
99,seq149,r_115_133_199,r_47_92_89,r_47_92_89,1.0,12,101,89,44
4,r_43_72_28,seq149,seq3,r_43_72_28,0.53,0,28,28,44
30,r_81_7_42,seq21,seq112,r_81_7_42,1.0,-2,40,42,44
52,seq3,r_78_18_34,r_43_72_28,r_78_18_34,0.73,118,152,34,44
46,r_108_2_116,r_137_28_61,seq29,r_108_2_116,0.97,0,116,116,44
10,r_64_121_160,r_146_19_51,r_117_107_117,r_64_121_160,0.75,0,160,160,44
27,r_102_135_158,r_47_92_89,r_86_98_152,r_102_135_158,0.58,-78,80,158,44
87,seq90,r_76_138_182,r_137_28_61,r_137_28_61,1.0,18,79,61,44
38,r_84_65_20,r_148_110_60,seq140,r_84_65_20,0.99,0,20,20,44
7,r_13_16_19,seq130,r_89_120_165,r_13_16_19,0.99,0,19,19,44
3,r_146_19_51,r_47_92_89,r_64_121_160,r_146_19_51,1.0,1,52,51,44
40,r_125_93_172,r_76_138_182,r_106_68_83,r_125_93_172,0.85,0,172,172,44
18,r_45_83_130,seq37,r_146_19_51,r_45_83_130,0.8,4,134,130,44
29,r_42_56_88,r_108_2_116,r_13_16_19,r_42_56_88,1.0,0,88,88,44
24,r_111_109_196,seq130,r_142_119_6,r_111_109_196,0.56,-114,82,196,44
25,r_106_68_83,r_86_98_152,seq37,r_106_68_83,1.0,0,83,83,44
33,r_34_61_132,seq140,seq49,r_34_61_132,0.84,2,134,132,44
64,seq20,r_31_38_147,seq10,r_31_38_147,0.77,1,148,147,44
65,seq21,seq10,r_48_104_159,r_48_104_159,0.94,1,160,159,44
88,seq94,r_124_44_96,r_34_61_132,r_124_44_96,0.77,-2,94,96,44
31,r_78_18_34,r_89_120_165,seq85,r_78_18_34,1.0,0,34,34,44
61,seq141,seq62,r_27_82_78,r_27_82_78,1.0,29,107,78,44
32,r_48_104_159,r_17_113_115,r_148_110_60,r_148_110_60,0.86,12,72,60,44
47,r_67_95_30,r_0_46_107,r_52_70_2,r_0_46_107,0.55,-77,30,107,44
34,r_6_50_178,r_76_138_182,seq37,r_6_50_178,0.54,0,178,178,44
35,r_143_11_44,r_99_24_129,r_115_133_199,r_143_11_44,0.95,0,44,44,44
75,seq49,r_101_14_75,r_41_57_133,r_101_14_75,0.8,2,77,75,44
9,r_116_12_29,r_63_73_191,seq132,r_116_12_29,0.91,1,30,29,44
17,r_41_57_133,seq9,r_143_11_44,r_143_11_44,0.94,91,135,44,44
22,r_118_4_190,seq126,seq37,r_118_4_190,0.43,0,190,190,44
28,r_25_60_127,r_99_24_129,seq30,r_25_60_127,0.87,1,128,127,44
49,r_31_38_147,seq10,seq94,r_31_38_147,0.72,0,147,147,44
56,seq8,r_26_80_187,seq114,r_26_80_187,0.39,-5,182,187,44
44,r_39_51_125,seq87,seq66,r_39_51_125,1.0,0,125,125,44
0,r_47_92_89,r_146_19_51,r_102_135_158,r_146_19_51,1.0,-15,36,51,44
23,r_128_55_80,seq85,seq126,r_128_55_80,1.0,1,81,80,44
82,seq77,r_117_107_117,r_69_23_103,r_69_23_103,0.99,-2,101,103,44
79,seq66,r_64_121_160,r_39_51_125,r_39_51_125,0.83,10,135,125,44
12,r_136_53_145,seq29,seq88,r_136_53_145,0.91,1,146,145,44
36,r_16_13_73,seq19,seq36,r_16_13_73,1.0,1,74,73,45
38,r_149_145_39,r_70_7_104,r_122_92_69,r_149_145_39,0.97,38,77,39,45
14,r_130_61_102,r_3_111_183,r_125_38_55,r_3_111_183,1.0,-81,102,183,45
30,r_83_91_33,seq144,seq2,r_83_91_33,0.99,2,35,33,45
83,seq75,r_121_4_135,r_34_137_78,r_34_137_78,0.69,9,87,78,45
37,r_101_63_138,r_79_126_108,seq108,r_79_126_108,0.95,-2,106,108,45
4,r_125_38_55,r_35_21_110,r_130_61_102,r_125_38_55,1.0,55,110,55,45
28,r_87_1_24,r_93_86_103,seq0,r_87_1_24,1.0,0,24,24,45
71,seq36,r_3_111_183,r_16_13_73,r_16_13_73,1.0,20,93,73,45
16,r_121_4_135,seq128,seq146,r_121_4_135,0.99,0,135,135,45
39,r_79_126_108,r_101_63_138,seq19,r_79_126_108,0.91,2,110,108,45
1,r_56_55_101,seq0,seq99,r_56_55_101,1.0,0,101,101,45
5,r_82_98_129,r_33_52_171,r_125_38_55,r_82_98_129,0.92,0,129,129,45
69,seq30,r_49_139_181,r_125_38_55,r_125_38_55,1.0,126,181,55,45
45,r_81_18_132,seq26,seq62,r_81_18_132,0.99,0,132,132,45
24,r_78_58_188,r_125_38_55,r_56_55_101,r_78_58_188,0.8,0,188,188,45
38,r_149_145_39,seq19,r_70_7_104,r_149_145_39,1.0,1,40,39,45
27,r_35_21_110,r_9_51_111,r_96_94_133,r_96_94_133,0.99,33,166,133,45
31,r_138_25_179,seq32,seq135,r_138_25_179,0.56,0,179,179,45
3,r_47_29_83,r_49_139_181,seq0,r_47_29_83,1.0,0,83,83,45
2,r_71_31_29,seq17,seq127,r_71_31_29,0.94,0,29,29,45
26,r_96_94_133,r_33_52_171,seq65,r_96_94_133,0.86,0,133,133,45
72,seq134,r_20_72_195,r_93_86_103,r_93_86_103,0.99,11,114,103,45
29,r_44_112_155,r_14_48_94,r_113_110_35,r_44_112_155,0.73,-102,53,155,45
73,seq41,r_14_48_94,seq62,r_14_48_94,0.66,6,100,94,45
11,r_116_117_162,seq84,seq10,r_116_117_162,0.45,0,162,162,45
20,r_142_42_75,seq127,seq2,r_142_42_75,1.0,0,75,75,45
91,seq99,r_82_98_129,r_132_120_19,r_132_120_19,0.89,0,19,19,45
13,r_73_80_113,seq141,seq6,r_73_80_113,1.0,2,115,113,45
46,r_113_110_35,r_44_112_155,r_81_18_132,r_113_110_35,0.94,120,155,35,45
37,r_101_63_138,seq108,r_11_64_2,r_101_63_138,0.99,0,138,138,45
15,r_49_139_181,seq30,r_122_92_69,r_122_92_69,0.7,112,181,69,45
35,r_60_69_16,r_40_115_130,seq131,r_60_69_16,0.86,0,16,16,45
46,r_113_110_35,r_96_94_133,r_44_112_155,r_113_110_35,1.0,1,36,35,45
6,r_122_92_69,r_101_63_138,r_149_145_39,r_122_92_69,1.0,0,69,69,45
2,r_71_31_29,seq127,r_40_115_130,r_40_115_130,0.97,6,136,130,45
4,r_125_38_55,r_3_111_183,r_35_21_110,r_125_38_55,0.99,0,55,55,45
27,r_35_21_110,r_67_90_88,r_9_51_111,r_67_90_88,1.0,0,88,88,45
87,seq85,seq127,r_122_92_69,r_122_92_69,1.0,68,137,69,45
41,r_102_37_47,r_35_21_110,r_11_64_2,r_102_37_47,1.0,0,47,47,45
47,r_140_143_64,seq0,r_82_98_129,r_140_143_64,1.0,0,64,64,45
40,r_14_48_94,r_44_112_155,seq127,r_14_48_94,0.97,-1,93,94,45
24,r_78_58_188,r_35_21_110,r_125_38_55,r_78_58_188,0.98,-78,110,188,45
33,r_74_39_89,seq59,r_87_1_24,r_74_39_89,1.0,0,89,89,45
64,seq19,r_16_13_73,seq106,r_16_13_73,1.0,1,74,73,45
47,r_140_143_64,r_82_98_129,r_83_91_33,r_82_98_129,1.0,0,129,129,45
99,seq127,r_122_92_69,r_14_48_94,r_14_48_94,0.46,9,103,94,45
70,seq32,r_138_25_179,r_125_38_55,r_125_38_55,1.0,124,179,55,45
65,seq148,seq43,r_9_51_111,r_9_51_111,1.0,5,116,111,45
68,seq27,r_68_50_122,seq26,r_68_50_122,0.79,1,123,122,45
32,r_40_115_130,seq62,r_71_31_29,r_40_115_130,0.87,0,130,130,45
48,r_132_120_19,seq148,seq99,r_132_120_19,1.0,0,19,19,45
9,r_107_129_126,seq114,seq144,r_107_129_126,1.0,0,126,126,45
96,seq119,r_3_111_183,r_73_80_113,r_73_80_113,1.0,70,183,113,45
29,r_44_112_155,r_113_110_35,r_83_91_33,r_44_112_155,1.0,0,155,155,45
22,r_9_51_111,r_138_25_179,seq148,r_9_51_111,1.0,0,111,111,45
34,r_109_105_46,r_33_52_171,seq104,r_109_105_46,1.0,0,46,46,45
58,seq10,r_121_4_135,r_116_117_162,r_116_117_162,0.94,0,162,162,45
7,r_68_50_122,seq27,seq32,r_68_50_122,0.94,1,123,122,45
8,r_70_7_104,seq127,r_149_145_39,r_149_145_39,1.0,7,46,39,45
44,r_34_137_78,seq15,seq75,r_34_137_78,0.99,0,78,78,45
23,r_67_90_88,r_35_21_110,r_132_120_19,r_67_90_88,0.95,0,88,88,45
8,r_70_7_104,r_149_145_39,seq19,r_70_7_104,0.99,0,104,104,45
79,seq59,r_74_39_89,seq146,r_74_39_89,1.0,-6,83,89,45
12,r_53_54_185,seq26,r_121_4_135,r_121_4_135,0.52,4,139,135,45
21,r_133_100_44,r_14_48_94,seq104,r_133_100_44,0.94,0,44,44,45
12,r_53_54_185,r_121_4_135,seq84,r_53_54_185,0.93,-1,184,185,45
20,r_87_54_11,r_112_28_137,r_19_142_122,r_87_54_11,0.97,1,12,11,46
25,r_26_145_163,r_38_82_136,seq42,r_26_145_163,0.7,2,165,163,46
27,r_125_18_47,r_71_93_118,seq137,r_125_18_47,0.96,-3,44,47,46
9,r_11_68_12,r_52_113_82,seq59,r_11_68_12,1.0,0,12,12,46
36,r_57_80_74,seq63,seq70,r_57_80_74,0.73,-4,70,74,46
9,r_11_68_12,seq59,r_124_85_113,r_11_68_12,0.26,135,147,12,46
14,r_23_140_108,r_5_49_125,r_79_144_61,r_79_144_61,1.0,47,108,61,46
8,r_74_41_67,seq92,seq137,r_74_41_67,1.0,0,67,67,46
46,r_0_56_100,r_8_4_171,r_90_69_51,r_0_56_100,0.67,-58,42,100,46
53,seq133,seq78,r_83_104_143,r_83_104_143,0.5,-56,87,143,46
83,seq77,seq148,r_88_30_146,r_88_30_146,0.83,1,147,146,46
55,seq136,r_26_145_163,r_38_82_136,r_38_82_136,0.76,8,144,136,46
16,r_103_141_115,seq60,seq73,r_103_141_115,0.61,0,115,115,46
21,r_114_20_139,r_26_145_163,r_55_2_4,r_114_20_139,0.8,0,139,139,46
1,r_16_48_90,seq65,seq33,r_16_48_90,1.0,0,90,90,46
97,seq115,r_84_53_89,seq146,r_84_53_89,1.0,-13,76,89,46
39,r_35_22_18,r_103_141_115,seq64,r_35_22_18,0.81,0,18,18,46
80,seq73,seq102,r_103_141_115,r_103_141_115,1.0,27,142,115,46
50,seq128,r_108_121_36,seq73,r_108_121_36,0.86,-2,34,36,46
11,r_119_139_50,seq75,seq3,r_119_139_50,0.97,0,50,50,46
45,r_84_53_89,seq115,seq122,r_84_53_89,0.74,2,91,89,46
19,r_38_82_136,seq148,r_0_56_100,r_38_82_136,0.7,0,136,136,46
30,r_90_69_51,seq60,r_0_56_100,r_90_69_51,0.64,-1,50,51,46
12,r_83_104_143,r_72_62_103,seq92,r_83_104_143,0.85,0,143,143,46
66,seq34,r_32_15_63,r_55_2_4,r_32_15_63,0.98,-3,60,63,46
76,seq64,r_123_116_176,r_35_22_18,r_35_22_18,0.54,159,177,18,46
41,r_1_37_119,r_6_46_150,seq131,r_1_37_119,0.63,2,121,119,46
67,seq36,r_111_61_175,r_38_82_136,r_38_82_136,0.98,48,184,136,46
30,r_90_69_51,r_0_56_100,r_16_48_90,r_0_56_100,0.62,2,102,100,46
3,r_120_29_77,seq105,seq40,r_120_29_77,1.0,1,78,77,46
28,r_14_89_21,r_5_49_125,seq126,r_14_89_21,1.0,-1,20,21,46
4,r_55_2_4,r_6_46_150,r_114_20_139,r_55_2_4,0.57,146,150,4,46
0,r_39_43_172,seq13,r_114_20_139,r_114_20_139,0.85,34,173,139,46
37,r_108_121_36,seq128,seq58,r_108_121_36,1.0,-2,34,36,46
13,r_72_62_103,r_119_139_50,r_83_104_143,r_72_62_103,0.98,-40,63,103,46
98,seq122,r_16_48_90,r_84_53_89,r_16_48_90,0.97,-23,67,90,46
46,r_0_56_100,r_90_69_51,r_26_145_163,r_0_56_100,0.96,2,102,100,46
15,r_52_113_82,seq146,r_24_47_44,r_52_113_82,1.0,1,83,82,46
48,r_100_21_88,r_86_12_96,seq126,r_100_21_88,0.84,0,88,88,46
12,r_83_104_143,seq92,r_72_62_103,r_72_62_103,0.96,4,107,103,46
87,seq92,r_74_41_67,r_83_104_143,r_74_41_67,0.82,0,67,67,46
47,r_6_46_150,r_55_2_4,r_35_22_18,r_6_46_150,0.62,0,150,150,46
24,r_101_147_177,r_38_82_136,r_39_43_172,r_101_147_177,0.74,2,179,177,46
40,r_129_149_72,r_51_132_6,seq130,r_129_149_72,1.0,0,72,72,46
18,r_31_17_164,seq42,seq3,r_31_17_164,0.77,1,165,164,46
29,r_10_95_133,r_114_20_139,seq122,r_10_95_133,0.72,0,133,133,46
12,r_83_104_143,r_127_50_153,seq92,r_83_104_143,0.51,-88,55,143,46
24,r_101_147_177,r_26_145_163,r_38_82_136,r_38_82_136,0.78,8,144,136,46
25,r_26_145_163,r_114_20_139,r_38_82_136,r_26_145_163,0.82,-24,139,163,46
33,r_88_30_146,r_26_145_163,seq77,r_88_30_146,0.9,-2,144,146,46
71,seq137,r_8_4_171,r_125_18_47,r_125_18_47,0.99,-3,44,47,46
88,seq94,r_127_50_153,seq78,r_127_50_153,0.97,1,154,153,46
65,seq33,seq27,r_16_48_90,r_16_48_90,1.0,15,105,90,46
68,seq40,r_51_132_6,r_120_29_77,r_120_29_77,1.0,2,79,77,46
32,r_127_50_153,seq94,r_1_37_119,r_127_50_153,0.95,0,153,153,46
38,r_79_144_61,seq138,seq63,r_79_144_61,1.0,0,61,61,46
52,seq3,r_135_117_173,r_31_17_164,r_31_17_164,0.95,11,175,164,46
93,seq105,r_120_29_77,r_55_2_4,r_120_29_77,1.0,-31,46,77,46
30,r_90_69_51,r_16_48_90,r_66_107_196,r_90_69_51,0.4,88,139,51,46
34,r_123_116_176,seq64,r_124_85_113,r_124_85_113,0.86,64,177,113,46
46,r_0_56_100,r_26_145_163,r_38_82_136,r_0_56_100,0.83,44,144,100,46
17,r_112_28_137,seq131,seq75,r_112_28_137,0.91,0,137,137,46
50,seq128,seq73,r_135_117_173,r_135_117_173,0.63,-2,171,173,46
98,seq122,r_84_53_89,r_10_95_133,r_10_95_133,1.0,2,135,133,46
73,seq59,r_11_68_12,r_100_21_88,r_100_21_88,1.0,21,109,88,46
49,r_86_12_96,r_100_21_88,seq45,r_100_21_88,0.82,0,88,88,46
73,seq59,seq27,r_11_68_12,r_11_68_12,0.73,30,42,12,46
23,r_71_93_118,r_125_18_47,seq102,r_125_18_47,1.0,1,48,47,46
7,r_111_61_175,seq36,r_124_85_113,r_124_85_113,0.68,62,175,113,46
44,r_32_15_63,seq34,seq102,r_32_15_63,0.98,-1,62,63,46
42,r_24_47_44,seq60,seq75,r_24_47_44,1.0,0,44,44,46
31,r_19_142_122,r_23_140_108,r_87_54_11,r_87_54_11,1.0,1,12,11,46
49,r_86_12_96,seq45,r_0_56_100,r_86_12_96,0.63,45,141,96,46
35,r_5_49_125,seq58,r_52_113_82,r_52_113_82,0.86,44,126,82,46
23,r_71_93_118,seq102,seq99,r_71_93_118,0.8,2,120,118,46
84,seq78,r_127_50_153,seq94,r_127_50_153,0.97,1,154,153,46
93,seq111,r_135_95_132,seq53,r_135_95_132,1.0,0,132,132,47
18,r_147_42_19,r_123_120_193,r_118_25_157,r_118_25_157,0.59,-137,20,157,47
36,r_57_14_100,r_118_25_157,seq45,r_57_14_100,1.0,1,101,100,47
92,seq108,r_70_38_123,r_68_12_68,r_70_38_123,0.68,-55,68,123,47
14,r_97_84_76,seq107,r_68_12_68,r_97_84_76,0.98,0,76,76,47
8,r_119_37_116,seq4,seq129,r_119_37_116,0.46,0,116,116,47
43,r_94_109_121,r_102_18_135,r_144_77_144,r_94_109_121,0.69,5,126,121,47
30,r_67_34_56,seq53,seq52,r_67_34_56,0.99,0,56,56,47
37,r_0_2_87,seq131,r_96_31_183,r_0_2_87,0.56,16,103,87,47
55,seq10,seq143,r_13_139_73,r_13_139_73,1.0,60,133,73,47
9,r_142_6_15,r_61_122_101,seq51,r_142_6_15,0.56,-1,14,15,47
16,r_61_122_101,r_144_77_144,seq16,r_61_122_101,1.0,1,102,101,47
21,r_81_110_61,r_68_12_68,r_147_42_19,r_81_110_61,0.94,1,62,61,47
39,r_121_148_156,r_86_101_159,r_91_32_75,r_91_32_75,0.74,83,158,75,47
1,r_100_29_140,seq143,r_86_101_159,r_100_29_140,0.5,19,159,140,47
5,r_106_26_78,r_100_29_140,r_68_12_68,r_106_26_78,1.0,0,78,78,47
34,r_149_103_125,r_36_27_94,r_28_87_150,r_28_87_150,1.0,1,151,150,47
96,seq115,r_140_134_151,r_19_5_145,r_19_5_145,0.65,0,145,145,47
7,r_39_145_20,r_149_103_125,r_121_148_156,r_149_103_125,0.91,3,128,125,47
45,r_74_99_55,r_70_38_123,seq45,r_70_38_123,0.99,-30,93,123,47
19,r_13_139_73,r_61_122_101,seq10,r_13_139_73,0.99,0,73,73,47
12,r_19_5_145,seq105,r_144_77_144,r_144_77_144,0.35,-89,55,144,47
31,r_1_89_109,r_140_134_151,seq21,r_1_89_109,1.0,-2,107,109,47
41,r_28_87_150,seq52,r_149_103_125,r_28_87_150,0.64,1,151,150,47
12,r_19_5_145,r_144_77_144,seq115,r_19_5_145,0.74,0,145,145,47
30,r_67_34_56,seq52,r_11_49_70,r_67_34_56,0.73,31,87,56,47
32,r_7_132_41,seq17,seq131,r_7_132_41,1.0,-1,40,41,47
12,r_19_5_145,r_127_9_23,seq105,r_127_9_23,0.55,1,24,23,47
0,r_11_49_70,r_57_14_100,r_67_34_56,r_67_34_56,0.99,15,71,56,47
11,r_113_15_167,seq20,r_50_79_97,r_113_15_167,0.9,0,167,167,47
20,r_144_77_144,r_61_122_101,r_36_27_94,r_144_77_144,0.96,-45,99,144,47
13,r_46_71_82,r_119_37_116,r_147_42_19,r_46_71_82,0.99,1,83,82,47
34,r_149_103_125,seq22,r_39_145_20,r_39_145_20,1.0,0,20,20,47
48,r_92_44_129,seq4,r_68_12_68,r_92_44_129,0.77,0,129,129,47
28,r_36_27_94,r_144_77_144,r_149_103_125,r_36_27_94,0.88,42,136,94,47
33,r_140_134_151,seq141,seq3,r_140_134_151,1.0,1,152,151,47
20,r_144_77_144,r_36_27_94,r_94_109_121,r_144_77_144,1.0,-4,140,144,47
13,r_46_71_82,r_147_42_19,r_81_110_61,r_147_42_19,0.84,135,154,19,47
62,seq21,seq82,r_1_89_109,r_1_89_109,0.95,4,113,109,47
21,r_81_110_61,r_147_42_19,r_46_71_82,r_81_110_61,0.59,93,154,61,47
51,seq3,r_63_116_45,seq129,r_63_116_45,1.0,-3,42,45,47
23,r_130_64_35,r_70_38_123,seq62,r_130_64_35,1.0,0,35,35,47
42,r_118_25_157,r_11_49_70,r_147_42_19,r_147_42_19,0.64,5,24,19,47
27,r_102_18_135,r_96_31_183,r_68_12_68,r_102_18_135,0.87,0,135,135,47
51,seq3,seq129,r_140_134_151,r_140_134_151,0.96,2,153,151,47
79,seq56,r_91_32_75,r_70_38_123,r_70_38_123,0.99,25,148,123,47
7,r_39_145_20,seq16,r_149_103_125,r_39_145_20,0.98,-1,19,20,47
2,r_68_12_68,r_81_110_61,r_66_128_6,r_81_110_61,0.96,1,62,61,47
47,r_75_69_64,seq105,seq10,r_75_69_64,0.99,0,64,64,47
4,r_23_60_18,seq136,seq105,r_23_60_18,0.93,0,18,18,47
24,r_91_32_75,seq137,r_39_145_20,r_91_32_75,1.0,0,75,75,47
34,r_149_103_125,r_39_145_20,r_36_27_94,r_149_103_125,0.79,3,128,125,47
44,r_96_31_183,r_65_98_133,seq4,r_96_31_183,0.96,0,183,183,47
25,r_65_98_133,seq16,r_96_31_183,r_65_98_133,0.82,0,133,133,47
33,r_140_134_151,r_1_89_109,seq141,r_1_89_109,0.99,-8,101,109,47
80,seq62,r_24_146_137,r_130_64_35,r_130_64_35,0.5,1,36,35,47
70,seq45,r_123_120_193,r_57_14_100,r_57_14_100,0.99,1,101,100,47
42,r_118_25_157,r_147_42_19,seq105,r_118_25_157,0.64,-1,156,157,47
61,seq20,r_113_15_167,seq35,r_113_15_167,1.0,0,167,167,47
38,r_24_146_137,seq62,r_1_89_109,r_24_146_137,0.71,0,137,137,47
25,r_65_98_133,r_96_31_183,seq90,r_96_31_183,0.93,-5,178,183,47
26,r_127_9_23,r_19_5_145,seq108,r_127_9_23,0.78,-1,22,23,47
90,seq105,r_75_69_64,r_23_60_18,r_75_69_64,0.84,-21,43,64,47
96,seq115,r_100_29_140,r_140_134_151,r_100_29_140,0.52,-61,79,140,47
17,r_86_101_159,seq43,r_100_29_140,r_86_101_159,0.55,0,159,159,47
37,r_0_2_87,r_96_31_183,seq90,r_96_31_183,0.78,-27,156,183,47
3,r_63_116_45,seq3,seq45,r_63_116_45,0.8,1,46,45,47
6,r_85_76_27,r_100_29_140,seq104,r_85_76_27,0.98,0,27,27,47
22,r_50_79_97,r_149_103_125,r_11_49_70,r_50_79_97,0.98,4,101,97,47
28,r_36_27_94,seq4,r_144_77_144,r_36_27_94,0.95,0,94,94,47
91,seq107,r_97_84_76,r_123_120_193,r_123_120_193,0.42,0,193,193,47
84,seq82,r_58_138_80,r_117_59_176,r_117_59_176,0.92,8,184,176,47
49,r_135_95_132,seq111,r_7_132_41,r_135_95_132,0.95,0,132,132,47
18,r_147_42_19,r_118_25_157,r_46_71_82,r_46_71_82,0.88,2,84,82,47
44,r_96_31_183,r_102_18_135,r_65_98_133,r_96_31_183,0.97,-48,135,183,47
79,seq56,r_86_101_159,r_91_32_75,r_91_32_75,0.99,6,81,75,47
35,r_58_138_80,r_86_101_159,seq82,r_86_101_159,0.5,-81,78,159,47
84,seq82,seq21,r_58_138_80,r_58_138_80,0.94,1,81,80,47
30,r_102_130_152,seq136,seq139,r_102_130_152,0.69,0,152,152,48
36,r_121_72_67,seq37,r_111_147_114,r_121_72_67,1.0,1,68,67,48
9,r_68_74_69,r_115_100_196,r_47_65_150,r_47_65_150,1.0,2,152,150,48
36,r_121_72_67,r_111_147_114,seq67,r_111_147_114,1.0,0,114,114,48
8,r_47_65_150,r_127_24_60,r_83_29_51,r_47_65_150,0.86,-89,61,150,48
53,seq6,r_68_74_69,r_20_117_169,r_68_74_69,0.97,26,95,69,48
58,seq139,r_27_112_40,r_53_77_61,r_53_77_61,0.99,51,112,61,48
96,seq118,r_145_141_64,seq6,r_145_141_64,0.5,-22,42,64,48
43,r_33_90_165,seq95,seq140,r_33_90_165,0.41,1,166,165,48
14,r_84_92_45,seq4,seq95,r_84_92_45,0.96,0,45,45,48
21,r_99_125_160,seq91,r_73_128_46,r_99_125_160,0.9,0,160,160,48
39,r_38_22_139,seq136,seq34,r_38_22_139,0.95,1,140,139,48
97,seq124,seq18,r_73_128_46,r_73_128_46,1.0,19,65,46,48
48,r_9_113_36,seq137,r_17_14_20,r_9_113_36,0.94,0,36,36,48
59,seq140,r_32_78_104,r_98_28_13,r_98_28_13,0.5,10,23,13,48
69,seq41,r_142_48_184,r_42_134_59,r_42_134_59,1.0,19,78,59,48
58,seq139,r_53_77_61,r_102_130_152,r_102_130_152,0.93,13,165,152,48
5,r_26_81_25,r_84_92_45,r_19_101_170,r_26_81_25,1.0,0,25,25,48
19,r_35_131_125,r_11_106_132,r_27_112_40,r_35_131_125,0.87,1,126,125,48
27,r_19_101_170,r_26_81_25,r_32_78_104,r_32_78_104,0.78,67,171,104,48
45,r_98_28_13,seq39,seq140,r_98_28_13,0.82,0,13,13,48
38,r_36_60_31,r_30_69_183,r_5_12_174,r_5_12_174,0.59,9,183,174,48
38,r_36_60_31,r_93_59_124,r_30_69_183,r_36_60_31,0.97,0,31,31,48
71,seq46,r_146_0_27,r_138_122_39,r_138_122_39,1.0,6,45,39,48
31,r_42_134_59,seq64,r_80_94_29,r_42_134_59,0.98,5,64,59,48
41,r_145_141_64,r_115_100_196,seq140,r_145_141_64,1.0,0,64,64,48
51,seq4,r_84_92_45,r_114_58_172,r_84_92_45,1.0,0,45,45,48
84,seq86,r_83_29_51,r_54_120_4,r_83_29_51,1.0,-9,42,51,48
3,r_44_25_140,seq21,r_111_147_114,r_44_25_140,0.94,1,141,140,48
10,r_23_104_130,seq136,seq18,r_23_104_130,0.94,0,130,130,48
26,r_5_12_174,seq67,r_36_60_31,r_36_60_31,1.0,143,174,31,48
8,r_47_65_150,r_83_29_51,r_68_74_69,r_47_65_150,0.93,1,151,150,48
16,r_56_55_141,r_127_24_60,seq137,r_56_55_141,0.94,3,144,141,48
24,r_111_147_114,r_121_72_67,seq4,r_111_147_114,1.0,0,114,114,48
0,r_20_117_169,r_68_74_69,seq18,r_68_74_69,0.99,7,76,69,48
63,seq18,seq124,r_23_104_130,r_23_104_130,1.0,0,130,130,48
73,seq50,r_56_55_141,r_49_45_103,r_49_45_103,0.96,41,144,103,48
11,r_3_66_155,seq37,seq8,r_3_66_155,0.59,0,155,155,48
13,r_1_57_171,seq87,seq41,r_1_57_171,0.74,1,172,171,48
57,seq10,seq41,r_88_129_1,r_88_129_1,0.52,31,32,1,48
6,r_142_48_184,seq63,r_121_72_67,r_142_48_184,0.39,0,184,184,48
85,seq87,r_1_57_171,seq149,r_1_57_171,0.87,1,172,171,48
5,r_26_81_25,r_19_101_170,r_36_60_31,r_19_101_170,0.55,2,172,170,48
0,r_20_117_169,seq18,seq140,r_20_117_169,0.65,0,169,169,48
74,seq52,r_73_128_46,seq140,r_73_128_46,0.86,10,56,46,48
51,seq4,r_114_58_172,r_7_123_58,r_7_123_58,0.8,16,74,58,48
1,r_80_94_29,r_142_48_184,r_42_134_59,r_42_134_59,0.97,6,65,59,48
69,seq41,r_42_134_59,r_1_57_171,r_1_57_171,1.0,0,171,171,48
2,r_148_75_143,seq85,seq71,r_148_75_143,0.89,0,143,143,48
40,r_114_58_172,seq21,r_148_75_143,r_148_75_143,0.72,30,173,143,48
18,r_32_78_104,r_19_101_170,seq39,r_32_78_104,0.96,1,105,104,48
29,r_53_77_61,r_146_0_27,seq2,r_53_77_61,1.0,0,61,61,48
12,r_83_29_51,seq86,seq135,r_83_29_51,0.99,4,55,51,48
24,r_111_147_114,r_5_12_174,r_121_72_67,r_121_72_67,1.0,1,68,67,48
34,r_127_24_60,r_56_55_141,r_49_45_103,r_127_24_60,0.64,88,148,60,48
33,r_110_116_85,seq37,seq13,r_110_116_85,0.91,0,85,85,48
64,seq21,r_44_25_140,r_17_14_20,r_44_25_140,0.91,-63,77,140,48
1,r_80_94_29,r_44_25_140,r_142_48_184,r_80_94_29,1.0,0,29,29,48
68,seq39,r_115_100_196,r_32_78_104,r_32_78_104,1.0,5,109,104,48
23,r_30_69_183,r_27_112_40,r_36_60_31,r_30_69_183,1.0,-150,33,183,48
77,seq63,r_142_48_184,r_1_57_171,r_1_57_171,0.67,13,184,171,48
35,r_27_112_40,r_83_29_51,r_35_131_125,r_35_131_125,1.0,7,132,125,48
34,r_127_24_60,seq135,r_56_55_141,r_127_24_60,1.0,1,61,60,48
16,r_56_55_141,r_7_123_58,r_127_24_60,r_56_55_141,1.0,-82,59,141,48
47,r_138_122_39,seq8,seq46,r_138_122_39,1.0,0,39,39,48
17,r_7_123_58,r_56_55_141,seq31,r_7_123_58,0.9,4,62,58,48
9,r_68_74_69,r_20_117_169,r_115_100_196,r_68_74_69,0.64,0,69,69,48
27,r_19_101_170,r_32_78_104,r_26_81_25,r_19_101_170,1.0,-113,57,170,48
58,seq139,seq135,r_27_112_40,r_27_112_40,1.0,1,41,40,48
22,r_11_106_132,seq95,r_54_120_4,r_54_120_4,0.49,130,134,4,48
28,r_119_132_76,seq2,seq86,r_119_132_76,0.99,1,77,76,48
91,seq103,r_56_55_141,r_49_45_103,r_49_45_103,1.0,37,140,103,48
35,r_27_112_40,r_30_69_183,r_119_132_76,r_119_132_76,0.69,-36,40,76,48
59,seq140,r_98_28_13,r_145_141_64,r_145_141_64,1.0,1,65,64,48
17,r_7_123_58,seq31,r_93_59_124,r_93_59_124,0.91,1,125,124,48
66,seq34,seq64,r_51_97_12,r_51_97_12,0.93,8,20,12,48
35,r_27_112_40,r_119_132_76,r_83_29_51,r_27_112_40,0.92,12,52,40,48
23,r_30_69_183,r_36_60_31,r_142_48_184,r_30_69_183,0.44,0,183,183,48
46,r_73_128_46,seq52,seq124,r_73_128_46,1.0,0,46,46,48
51,seq3,r_2_75_68,r_52_107_26,r_52_107_26,0.98,57,83,26,49
36,r_55_144_144,seq111,r_122_73_158,r_55_144_144,0.82,0,144,144,49
5,r_52_107_26,seq57,seq126,r_52_107_26,1.0,0,26,26,49
8,r_110_18_66,r_101_106_186,r_146_24_156,r_110_18_66,0.97,1,67,66,49
37,r_77_132_18,r_61_4_166,r_71_5_177,r_71_5_177,0.62,0,177,177,49
30,r_19_91_12,seq126,seq48,r_19_91_12,0.9,0,12,12,49
21,r_139_148_167,seq33,r_110_18_66,r_139_148_167,0.62,0,167,167,49
39,r_27_133_113,seq67,seq7,r_27_133_113,0.98,0,113,113,49
1,r_49_121_127,seq97,r_142_9_111,r_142_9_111,0.88,12,123,111,49
46,r_64_40_62,seq21,seq79,r_64_40_62,1.0,1,63,62,49
42,r_142_9_111,seq69,seq10,r_142_9_111,0.63,1,112,111,49
7,r_119_25_185,seq81,r_26_98_69,r_119_25_185,0.87,0,185,185,49
45,r_72_68_120,seq94,r_2_75_68,r_72_68_120,0.99,2,122,120,49
13,r_56_134_67,seq69,seq35,r_56_134_67,0.64,0,67,67,49
66,seq33,r_139_148_167,seq111,r_139_148_167,0.99,-59,108,167,49
41,r_125_127_70,r_74_84_160,seq63,r_125_127_70,0.97,0,70,70,49
26,r_99_43_183,seq63,r_88_44_87,r_88_44_87,0.88,2,89,87,49
3,r_26_98_69,r_99_43_183,r_82_39_9,r_26_98_69,1.0,0,69,69,49
90,seq93,seq143,r_110_18_66,r_110_18_66,1.0,24,90,66,49
26,r_99_43_183,r_26_98_69,seq63,r_26_98_69,1.0,0,69,69,49
8,r_110_18_66,r_146_24_156,r_62_53_128,r_110_18_66,0.92,90,156,66,49
4,r_89_128_14,r_14_95_82,r_122_73_158,r_89_128_14,0.85,0,14,14,49
78,seq63,seq80,r_125_127_70,r_125_127_70,1.0,19,89,70,49
0,r_145_108_139,seq15,r_122_73_158,r_122_73_158,0.5,-19,139,158,49
11,r_74_84_160,seq45,seq11,r_74_84_160,0.39,5,165,160,49
15,r_115_109_55,r_56_134_67,seq21,r_115_109_55,0.99,0,55,55,49
48,r_146_24_156,r_72_68_120,r_110_18_66,r_110_18_66,0.98,1,67,66,49
4,r_89_128_14,r_122_73_158,r_112_130_83,r_112_130_83,1.0,0,83,83,49
6,r_41_60_130,seq46,r_142_9_111,r_41_60_130,0.76,0,130,130,49
40,r_76_96_53,seq23,seq48,r_76_96_53,1.0,0,53,53,49
85,seq81,seq21,r_51_1_76,r_51_1_76,1.0,7,83,76,49
27,r_103_149_176,seq97,r_74_84_160,r_103_149_176,0.47,0,176,176,49
13,r_56_134_67,r_115_109_55,seq69,r_115_109_55,0.99,0,55,55,49
12,r_147_70_20,seq36,seq57,r_147_70_20,0.89,0,20,20,49
2,r_2_75_68,seq3,r_72_68_120,r_72_68_120,1.0,8,128,120,49
47,r_61_4_166,r_88_44_87,r_77_132_18,r_88_44_87,1.0,0,87,87,49
18,r_71_5_177,r_85_141_99,seq16,r_85_141_99,1.0,-5,94,99,49
29,r_105_78_64,r_56_134_67,seq94,r_105_78_64,1.0,0,64,64,49
24,r_8_117_98,r_86_0_136,r_85_141_99,r_8_117_98,1.0,1,99,98,49
22,r_83_59_45,seq100,r_52_107_26,r_83_59_45,1.0,0,45,45,49
35,r_88_44_87,r_99_43_183,r_125_127_70,r_99_43_183,0.94,-4,179,183,49
25,r_118_135_121,r_74_84_160,r_112_130_83,r_118_135_121,0.99,0,121,121,49
43,r_30_38_114,r_86_0_136,seq48,r_30_38_114,1.0,0,114,114,49
33,r_50_42_105,r_74_84_160,seq69,r_50_42_105,0.96,0,105,105,49
48,r_146_24_156,r_110_18_66,seq58,r_146_24_156,0.95,0,156,156,49
47,r_61_4_166,r_77_132_18,r_26_98_69,r_77_132_18,0.5,148,166,18,49
32,r_86_0_136,seq79,seq111,r_86_0_136,0.99,0,136,136,49
38,r_62_53_128,seq66,r_110_18_66,r_62_53_128,0.81,0,128,128,49
20,r_6_140_27,r_64_40_62,r_147_70_20,r_6_140_27,1.0,0,27,27,49
34,r_112_130_83,r_101_106_186,r_89_128_14,r_112_130_83,0.99,0,83,83,49
99,seq126,seq12,r_52_107_26,r_52_107_26,0.93,9,35,26,49
17,r_85_141_99,r_71_5_177,r_8_117_98,r_85_141_99,0.95,0,99,99,49
9,r_51_1_76,r_41_60_130,seq81,r_51_1_76,1.0,0,76,76,49
29,r_105_78_64,seq94,r_110_18_66,r_105_78_64,0.42,116,180,64,49
28,r_14_95_82,seq34,seq79,r_14_95_82,0.99,0,82,82,49
91,seq94,r_72_68_120,seq104,r_72_68_120,1.0,2,122,120,49
49,r_123_136_187,seq114,r_50_42_105,r_123_136_187,0.58,0,187,187,49
56,seq15,r_145_108_139,seq111,r_145_108_139,0.68,0,139,139,49
26,r_99_43_183,r_88_44_87,seq93,r_99_43_183,0.58,1,184,183,49
35,r_88_44_87,r_61_4_166,r_99_43_183,r_88_44_87,0.89,0,87,87,49
43,r_30_38_114,r_49_121_127,r_86_0_136,r_30_38_114,0.53,-66,48,114,49
30,r_5_23_130,r_94_144_143,r_55_62_125,r_94_144_143,1.0,-13,130,143,50
44,r_114_123_13,r_17_116_139,r_88_26_145,r_114_123_13,0.56,126,139,13,50
36,r_19_91_181,seq11,r_37_112_28,r_37_112_28,1.0,155,183,28,50
9,r_37_112_28,r_67_72_142,r_94_144_143,r_67_72_142,1.0,0,142,142,50
25,r_146_20_47,seq48,r_147_28_168,r_146_20_47,0.98,1,48,47,50
44,r_114_123_13,r_59_104_91,r_17_116_139,r_114_123_13,0.97,0,13,13,50
14,r_88_26_145,seq101,r_8_110_30,r_8_110_30,0.71,119,149,30,50
8,r_143_135_101,r_82_99_160,r_146_20_47,r_143_135_101,1.0,0,101,101,50
43,r_33_21_41,seq54,r_85_14_53,r_85_14_53,1.0,28,81,53,50
54,seq6,seq30,r_127_22_118,r_127_22_118,0.92,0,118,118,50
83,seq71,r_15_106_136,seq101,r_15_106_136,0.94,0,136,136,50
37,r_50_86_72,r_141_93_106,seq31,r_141_93_106,0.92,-32,74,106,50
16,r_73_90_115,r_8_110_30,r_4_78_88,r_4_78_88,0.98,2,90,88,50
1,r_59_104_91,seq100,seq0,r_59_104_91,1.0,0,91,91,50
5,r_4_78_88,r_98_132_140,r_73_90_115,r_4_78_88,0.97,0,88,88,50
29,r_34_83_31,r_143_135_101,seq109,r_34_83_31,0.99,1,32,31,50
46,r_138_103_104,seq31,r_34_83_31,r_138_103_104,1.0,0,104,104,50
42,r_126_76_173,seq79,r_56_81_60,r_126_76_173,0.7,0,173,173,50
32,r_137_125_40,r_148_115_177,r_61_68_108,r_61_68_108,0.56,1,109,108,50
61,seq24,seq109,r_34_83_31,r_34_83_31,1.0,9,40,31,50
2,r_41_121_10,r_143_135_101,seq100,r_41_121_10,0.99,0,10,10,50
45,r_38_64_96,seq124,seq145,r_38_64_96,0.96,0,96,96,50
0,r_87_113_124,r_96_45_25,seq40,r_96_45_25,1.0,-1,24,25,50
66,seq31,r_138_103_104,r_50_86_72,r_138_103_104,0.93,0,104,104,50
31,r_56_81_60,r_143_135_101,seq2,r_56_81_60,1.0,4,64,60,50
41,r_89_140_97,r_15_106_136,seq2,r_89_140_97,0.98,0,97,97,50
3,r_66_84_68,r_94_144_143,seq40,r_66_84_68,0.87,0,68,68,50
90,seq97,seq118,r_136_107_64,r_136_107_64,1.0,15,79,64,50
26,r_58_139_111,r_55_62_125,seq65,r_58_139_111,0.55,0,111,111,50
32,r_137_125_40,r_15_106_136,r_148_115_177,r_137_125_40,0.9,0,40,40,50
11,r_134_3_126,r_17_116_139,seq25,r_134_3_126,0.93,1,127,126,50
20,r_82_99_160,seq74,r_15_106_136,r_82_99_160,0.89,0,160,160,50
13,r_108_70_132,r_127_22_118,r_58_139_111,r_108_70_132,0.59,-14,118,132,50
98,seq120,r_55_62_125,r_8_110_30,r_55_62_125,0.98,0,125,125,50
48,r_127_22_118,r_108_70_132,seq6,r_127_22_118,0.98,0,118,118,50
49,r_67_72_142,r_37_112_28,r_15_106_136,r_37_112_28,0.99,114,142,28,50
16,r_73_90_115,r_4_78_88,seq13,r_73_90_115,0.79,0,115,115,50
99,seq124,r_38_64_96,seq130,r_38_64_96,1.0,0,96,96,50
0,r_87_113_124,seq40,r_143_135_101,r_87_113_124,0.75,0,124,124,50
27,r_15_106_136,seq71,seq52,r_15_106_136,0.5,0,136,136,50
91,seq100,r_59_104_91,seq48,r_59_104_91,1.0,-37,54,91,50
40,r_147_28_168,r_49_16_190,seq24,r_147_28_168,0.6,0,168,168,50
23,r_141_93_106,seq12,seq0,r_141_93_106,0.99,0,106,106,50
18,r_94_144_143,r_5_23_130,seq54,r_5_23_130,1.0,0,130,130,50
61,seq24,r_34_83_31,r_147_28_168,r_147_28_168,0.8,5,173,168,50
24,r_128_142_131,seq36,seq47,r_128_142_131,0.93,0,131,131,50
15,r_85_14_53,r_148_115_177,r_33_21_41,r_85_14_53,1.0,0,53,53,50
47,r_17_116_139,r_114_123_13,r_34_83_31,r_17_116_139,0.95,0,139,139,50
27,r_15_106_136,seq52,r_67_72_142,r_67_72_142,0.78,5,147,142,50
50,seq0,r_148_115_177,r_141_93_106,r_141_93_106,0.86,71,177,106,50
19,r_96_45_25,r_87_113_124,seq7,r_96_45_25,0.93,0,25,25,50
64,seq29,r_66_84_68,r_8_110_30,r_66_84_68,0.81,-40,28,68,50
28,r_8_110_30,r_128_142_131,seq29,r_8_110_30,0.56,4,34,30,50
38,r_44_92_9,r_67_72_142,r_94_144_143,r_94_144_143,0.43,-1,142,143,50
77,seq54,seq71,r_94_144_143,r_94_144_143,0.32,3,146,143,50
47,r_17_116_139,r_55_62_125,r_114_123_13,r_114_123_13,0.64,17,30,13,50
5,r_4_78_88,r_73_90_115,r_94_144_143,r_73_90_115,1.0,0,115,115,50
34,r_61_68_108,seq130,r_137_125_40,r_61_68_108,0.95,0,108,108,50
17,r_55_62_125,r_17_116_139,seq63,r_55_62_125,0.97,0,125,125,50
25,r_146_20_47,r_147_28_168,r_143_135_101,r_143_135_101,0.99,8,109,101,50
9,r_37_112_28,r_87_113_124,r_67_72_142,r_37_112_28,0.98,1,29,28,50
49,r_67_72_142,r_88_26_145,r_37_112_28,r_37_112_28,1.0,1,29,28,50
29,r_34_83_31,seq109,r_138_103_104,r_138_103_104,1.0,2,106,104,50
22,r_136_107_64,r_17_116_139,seq97,r_136_107_64,1.0,0,64,64,50
7,r_49_16_190,r_147_28_168,r_143_135_101,r_143_135_101,1.0,67,168,101,50
13,r_108_70_132,r_58_139_111,r_143_135_101,r_108_70_132,0.9,0,132,132,50
82,seq130,r_61_68_108,r_119_32_198,r_61_68_108,1.0,-14,94,108,50
35,r_98_132_140,seq63,r_66_84_68,r_98_132_140,0.79,0,140,140,50
12,r_122_1_117,seq36,seq117,r_122_1_117,0.95,0,117,117,50
95,seq109,seq24,r_34_83_31,r_34_83_31,1.0,5,36,31,50
7,r_49_16_190,r_143_135_101,seq30,r_49_16_190,0.86,0,190,190,50
40,r_36_135_163,r_71_38_55,r_99_64_134,r_36_135_163,0.62,4,167,163,51
36,r_104_111_164,seq12,seq19,r_104_111_164,0.6,0,164,164,51
14,r_113_76_132,seq88,seq54,r_113_76_132,0.57,0,132,132,51
8,r_81_15_142,r_93_98_140,seq12,r_81_15_142,0.91,0,142,142,51
43,r_18_147_90,r_65_145_193,seq149,r_18_147_90,1.0,1,91,90,51
37,r_16_143_2,r_67_48_66,r_83_7_12,r_16_143_2,0.59,63,65,2,51
61,seq19,r_45_139_36,r_69_130_58,r_45_139_36,0.74,0,36,36,51
10,r_62_106_52,r_100_44_72,r_10_63_122,r_10_63_122,1.0,-70,52,122,51
26,r_25_120_171,r_102_28_62,r_87_91_162,r_25_120_171,0.79,-124,47,171,51
55,seq137,r_25_120_171,r_105_112_105,r_105_112_105,0.93,66,171,105,51
16,r_89_51_170,seq96,seq12,r_89_51_170,0.46,1,171,170,51
21,r_14_80_179,r_95_72_160,r_10_63_122,r_14_80_179,0.64,-35,144,179,51
39,r_79_146_70,seq118,r_133_20_51,r_79_146_70,1.0,1,71,70,51
97,seq124,seq11,r_97_35_141,r_97_35_141,0.93,2,143,141,51
7,r_59_86_9,r_10_63_122,r_100_44_72,r_100_44_72,1.0,27,99,72,51
1,r_69_130_58,seq19,seq11,r_69_130_58,1.0,1,59,58,51
19,r_122_6_129,r_89_51_170,r_23_50_196,r_89_51_170,0.92,-54,116,170,51
6,r_10_63_122,r_22_92_172,r_62_106_52,r_62_106_52,1.0,1,53,52,51
5,r_100_44_72,r_62_106_52,r_65_145_193,r_100_44_72,0.46,-20,52,72,51
46,r_101_5_30,r_10_63_122,r_23_50_196,r_101_5_30,1.0,-1,29,30,51
66,seq29,r_85_117_103,r_16_143_2,r_85_117_103,0.87,0,103,103,51
76,seq47,r_25_120_171,r_105_112_105,r_105_112_105,0.93,-3,102,105,51
31,r_95_72_160,r_1_57_80,r_14_80_179,r_1_57_80,1.0,-9,71,80,51
87,seq141,seq4,r_55_114_50,r_55_114_50,1.0,4,54,50,51
89,seq84,r_99_64_134,seq39,r_99_64_134,0.9,0,134,134,51
3,r_99_64_134,seq84,r_103_32_60,r_99_64_134,0.9,2,136,134,51
35,r_71_38_55,r_142_138_63,r_36_135_163,r_71_38_55,1.0,0,55,55,51
90,seq88,r_113_76_132,r_140_24_108,r_140_24_108,0.56,24,132,108,51
0,r_58_123_67,r_60_121_89,seq19,r_58_123_67,0.84,2,69,67,51
63,seq149,seq8,r_18_147_90,r_18_147_90,1.0,0,90,90,51
73,seq41,r_2_90_125,seq17,r_2_90_125,1.0,0,125,125,51
11,r_103_32_60,seq30,r_133_20_51,r_103_32_60,1.0,0,60,60,51
15,r_97_35_141,seq88,seq124,r_97_35_141,0.77,0,141,141,51
48,r_140_24_108,seq61,seq88,r_140_24_108,1.0,0,108,108,51
4,r_108_136_16,seq68,r_85_117_103,r_85_117_103,0.97,5,108,103,51
33,r_83_7_12,r_113_76_132,r_16_143_2,r_83_7_12,0.99,2,14,12,51
62,seq148,seq127,r_10_63_122,r_10_63_122,0.92,27,149,122,51
85,seq77,r_36_135_163,r_71_38_55,r_71_38_55,1.0,108,163,55,51
29,r_23_50_196,r_119_53_153,r_101_5_30,r_101_5_30,1.0,-1,29,30,51
42,r_3_9_24,seq27,seq56,r_3_9_24,1.0,0,24,24,51
10,r_62_106_52,r_10_63_122,r_100_44_72,r_62_106_52,0.54,70,122,52,51
25,r_133_20_51,r_2_90_125,seq19,r_133_20_51,0.98,0,51,51,51
41,r_45_139_36,seq19,seq30,r_45_139_36,1.0,0,36,36,51
2,r_119_53_153,r_89_51_170,r_67_48_66,r_67_48_66,1.0,7,73,66,51
47,r_22_92_172,r_10_63_122,r_59_86_9,r_10_63_122,0.71,-36,86,122,51
40,r_36_135_163,seq77,r_71_38_55,r_71_38_55,1.0,5,60,55,51
27,r_26_33_38,r_10_63_122,seq37,r_26_33_38,0.93,0,38,38,51
18,r_1_57_80,r_95_72_160,r_3_9_24,r_1_57_80,1.0,0,80,80,51
45,r_126_66_46,r_85_117_103,r_45_139_36,r_85_117_103,0.9,-10,93,103,51
24,r_102_28_62,r_25_120_171,seq39,r_102_28_62,1.0,3,65,62,51
45,r_126_66_46,seq11,r_85_117_103,r_126_66_46,0.91,0,46,46,51
82,seq68,seq4,r_108_136_16,r_108_136_16,0.72,21,37,16,51
35,r_71_38_55,r_36_135_163,seq77,r_36_135_163,0.53,0,163,163,51
13,r_131_107_35,seq77,seq13,r_131_107_35,0.97,0,35,35,51
47,r_22_92_172,r_59_86_9,r_97_35_141,r_22_92_172,0.77,1,173,172,51
26,r_25_120_171,r_87_91_162,seq137,r_87_91_162,0.84,-81,81,162,51
6,r_10_63_122,r_62_106_52,seq148,r_10_63_122,1.0,0,122,122,51
20,r_2_90_125,r_0_21_167,seq39,r_2_90_125,0.7,-1,124,125,51
68,seq31,r_93_98_140,seq75,r_93_98_140,0.85,0,140,140,51
32,r_60_121_89,seq129,r_26_33_38,r_60_121_89,1.0,0,89,89,51
38,r_0_21_167,r_2_90_125,seq17,r_2_90_125,1.0,0,125,125,51
34,r_70_46_118,seq78,seq11,r_70_46_118,0.94,0,118,118,51
25,r_133_20_51,seq19,r_79_146_70,r_79_146_70,0.81,9,79,70,51
31,r_95_72_160,r_14_80_179,r_1_57_80,r_95_72_160,0.83,0,160,160,51
3,r_99_64_134,r_103_32_60,r_36_135_163,r_36_135_163,0.69,5,168,163,51
22,r_67_48_66,r_16_143_2,r_119_53_153,r_67_48_66,1.0,0,66,66,51
49,r_93_98_140,r_81_15_142,seq19,r_81_15_142,0.77,-2,140,142,51
4,r_108_136_16,r_101_5_30,seq68,r_108_136_16,0.93,0,16,16,51
44,r_105_112_105,seq56,seq137,r_105_112_105,0.98,1,106,105,51
23,r_55_114_50,r_79_146_70,seq141,r_55_114_50,1.0,0,50,50,51
20,r_2_90_125,r_133_20_51,r_0_21_167,r_133_20_51,1.0,0,51,51,51
12,r_142_138_63,r_104_111_164,seq127,r_142_138_63,1.0,0,63,63,51
5,r_100_44_72,r_65_145_193,r_62_106_52,r_100_44_72,0.99,0,72,72,51
21,r_14_80_179,r_10_63_122,seq52,r_14_80_179,0.97,0,179,179,51
93,seq112,r_120_127_174,r_137_99_37,r_137_99_37,0.99,97,134,37,52
30,r_25_36_183,seq14,r_87_100_15,r_87_100_15,0.94,132,147,15,52
36,r_40_46_158,r_121_69_175,r_30_34_113,r_30_34_113,0.96,2,115,113,52
14,r_47_131_88,seq119,r_56_86_76,r_56_86_76,0.99,11,87,76,52
8,r_56_86_76,r_27_103_192,r_0_97_35,r_56_86_76,1.0,0,76,76,52
43,r_144_95_67,r_27_103_192,r_145_130_93,r_144_95_67,0.94,0,67,67,52
54,seq136,r_65_13_83,seq26,r_65_13_83,0.97,0,83,83,52
37,r_113_35_107,seq58,seq109,r_113_35_107,0.99,0,107,107,52
26,r_27_103_192,r_121_69_175,r_126_78_105,r_27_103_192,0.66,-77,115,192,52
15,r_30_34_113,r_68_147_139,r_122_133_40,r_122_133_40,0.52,-6,34,40,52
86,seq89,r_8_63_161,r_65_13_83,r_65_13_83,1.0,30,113,83,52
16,r_65_13_83,seq136,seq89,r_65_13_83,1.0,0,83,83,52
21,r_132_38_69,r_75_42_159,seq55,r_132_38_69,1.0,0,69,69,52
39,r_68_147_139,seq28,seq6,r_68_147_139,0.98,0,139,139,52
5,r_8_63_161,seq89,r_87_100_15,r_8_63_161,0.72,0,161,161,52
42,r_64_49_185,seq148,r_121_69_175,r_64_49_185,0.53,0,185,185,52
32,r_87_100_15,seq14,r_115_72_151,r_87_100_15,0.38,136,151,15,52
13,r_110_15_42,seq9,seq148,r_110_15_42,1.0,0,42,42,52
19,r_79_84_106,seq11,seq44,r_79_84_106,1.0,1,107,106,52
48,r_141_114_46,r_39_138_178,r_81_10_61,r_81_10_61,0.7,4,65,61,52
15,r_30_34_113,r_122_133_40,r_101_24_154,r_30_34_113,1.0,0,113,113,52
41,r_137_99_37,seq82,seq48,r_137_99_37,1.0,0,37,37,52
11,r_75_42_159,seq96,seq57,r_75_42_159,0.97,1,160,159,52
23,r_104_76_29,seq52,r_61_5_145,r_104_76_29,1.0,0,29,29,52
76,seq57,seq32,r_0_97_35,r_0_97_35,1.0,31,66,35,52
30,r_25_36_183,r_87_100_15,r_56_86_76,r_25_36_183,1.0,0,183,183,52
33,r_7_37_116,seq89,seq94,r_7_37_116,0.96,0,116,116,52
67,seq32,r_39_138_178,r_56_86_76,r_56_86_76,1.0,104,180,76,52
44,r_93_3_168,r_121_69_175,r_146_90_13,r_93_3_168,0.99,1,169,168,52
10,r_59_74_143,seq94,seq136,r_59_74_143,0.94,0,143,143,52
26,r_27_103_192,r_144_95_67,r_121_69_175,r_144_95_67,0.7,0,67,67,52
2,r_146_90_13,r_47_131_88,seq11,r_146_90_13,1.0,0,13,13,52
4,r_91_77_188,seq23,r_146_90_13,r_146_90_13,0.88,175,188,13,52
81,seq80,seq111,r_20_51_21,r_20_51_21,0.87,1,22,21,52
63,seq23,r_66_139_187,r_101_24_154,r_66_139_187,0.56,-2,185,187,52
29,r_0_97_35,seq57,r_56_86_76,r_56_86_76,1.0,14,90,76,52
83,seq83,seq6,r_2_143_49,r_2_143_49,1.0,-2,47,49,52
11,r_75_42_159,r_132_38_69,seq96,r_132_38_69,1.0,0,69,69,52
68,seq33,r_87_100_15,r_39_138_178,r_39_138_178,0.6,10,188,178,52
20,r_53_98_189,r_68_147_139,seq94,r_68_147_139,1.0,0,139,139,52
57,seq12,r_16_134_190,seq88,r_16_134_190,0.63,-35,155,190,52
6,r_145_130_93,seq44,r_144_95_67,r_144_95_67,1.0,12,79,67,52
62,seq22,r_120_127_174,r_31_116_75,r_31_116_75,1.0,3,78,75,52
32,r_87_100_15,r_91_77_188,seq14,r_87_100_15,0.99,0,15,15,52
27,r_126_78_105,seq148,r_27_103_192,r_126_78_105,0.96,2,107,105,52
47,r_16_134_190,seq12,r_104_76_29,r_104_76_29,0.85,161,190,29,52
48,r_141_114_46,seq124,r_39_138_178,r_141_114_46,0.99,-1,45,46,52
40,r_81_10_61,seq11,r_141_114_46,r_81_10_61,1.0,0,61,61,52
45,r_122_133_40,seq32,r_30_34_113,r_122_133_40,0.98,-4,36,40,52
74,seq52,seq117,r_1_85_90,r_1_85_90,1.0,53,143,90,52
18,r_39_138_178,seq32,seq33,r_39_138_178,0.77,0,178,178,52
24,r_31_116_75,seq23,seq22,r_31_116_75,1.0,1,76,75,52
54,seq136,seq26,r_59_74_143,r_59_74_143,0.97,-2,141,143,52
35,r_61_5_145,r_104_76_29,r_110_15_42,r_61_5_145,1.0,0,145,145,52
25,r_18_125_167,seq82,seq135,r_18_125_167,0.86,0,167,167,52
33,r_7_37_116,r_122_133_40,seq89,r_122_133_40,0.73,26,66,40,52
31,r_2_143_49,r_56_86_76,seq83,r_2_143_49,0.97,0,49,49,52
29,r_0_97_35,seq6,seq57,r_0_97_35,0.93,0,35,35,52
6,r_145_130_93,r_144_95_67,seq11,r_145_130_93,0.89,0,93,93,52
68,seq33,seq14,r_87_100_15,r_87_100_15,0.86,132,147,15,52
7,r_118_70_11,r_146_90_13,seq12,r_118_70_11,1.0,0,11,11,52
35,r_61_5_145,r_141_114_46,r_104_76_29,r_61_5_145,1.0,-116,29,145,52
38,r_66_139_187,seq23,r_144_95_67,r_144_95_67,1.0,121,188,67,52
52,seq6,r_1_85_90,seq29,r_1_85_90,1.0,0,90,90,52
34,r_115_72_151,seq52,r_87_100_15,r_115_72_151,0.81,0,151,151,52
75,seq55,seq107,r_132_38_69,r_132_38_69,1.0,6,75,69,52
45,r_122_133_40,r_30_34_113,r_1_85_90,r_122_133_40,0.7,83,123,40,52
17,r_101_24_154,r_121_69_175,seq4,r_101_24_154,0.42,11,165,154,52
43,r_144_95_67,r_145_130_93,seq44,r_145_130_93,1.0,0,93,93,52
0,r_20_51_21,r_93_3_168,seq80,r_20_51_21,1.0,0,21,21,52
46,r_92_108_58,seq135,seq28,r_92_108_58,1.0,1,59,58,52
22,r_54_19_155,seq109,seq32,r_54_19_155,0.79,0,155,155,52
53,seq135,r_92_108_58,seq17,r_92_108_58,1.0,-4,54,58,52
28,r_1_85_90,seq6,seq52,r_1_85_90,1.0,0,90,90,52
91,seq109,r_54_19_155,seq96,r_54_19_155,1.0,0,155,155,52
36,r_40_46_158,r_30_34_113,r_2_143_49,r_40_46_158,0.99,1,159,158,52
49,r_41_60_126,seq48,seq21,r_41_60_126,1.0,0,126,126,52
56,seq11,r_79_84_106,r_146_90_13,r_79_84_106,0.83,1,107,106,52
44,r_93_3_168,seq45,r_121_69_175,r_121_69_175,0.48,-45,130,175,52
12,r_121_69_175,r_101_24_154,r_81_10_61,r_81_10_61,0.59,114,175,61,52
23,r_104_76_29,r_61_5_145,seq73,r_61_5_145,1.0,1,146,145,52
93,seq107,r_7_96_134,r_102_43_58,r_102_43_58,0.66,3,61,58,53
30,r_120_112_67,seq58,seq35,r_120_112_67,1.0,0,67,67,53
51,seq1,seq42,r_133_55_12,r_133_55_12,0.53,74,86,12,53
36,r_74_47_93,seq40,r_141_134_107,r_74_47_93,0.89,0,93,93,53
12,r_87_83_45,seq86,r_25_123_119,r_87_83_45,0.88,1,46,45,53
14,r_21_16_106,r_68_37_120,r_102_43_58,r_21_16_106,0.82,2,108,106,53
43,r_53_135_99,r_141_134_107,seq35,r_53_135_99,1.0,0,99,99,53
83,seq84,seq113,r_118_48_24,r_118_48_24,1.0,52,76,24,53
19,r_31_89_32,r_25_123_119,seq20,r_25_123_119,0.98,-18,101,119,53
13,r_133_55_12,r_29_146_156,seq1,r_133_55_12,0.99,0,12,12,53
16,r_57_136_25,r_66_119_188,seq85,r_57_136_25,1.0,0,25,25,53
21,r_29_146_156,r_91_30_116,r_41_100_46,r_29_146_156,0.77,-38,118,156,53
1,r_103_82_143,seq90,seq42,r_103_82_143,0.76,4,147,143,53
42,r_62_72_137,seq64,seq108,r_62_72_137,0.74,0,137,137,53
69,seq49,r_149_4_148,seq108,r_149_4_148,0.97,0,148,148,53
55,seq8,r_60_19_171,r_115_51_55,r_115_51_55,1.0,-1,54,55,53
65,seq35,seq101,r_120_112_67,r_120_112_67,1.0,-8,59,67,53
66,seq40,r_74_47_93,seq88,r_74_47_93,1.0,0,93,93,53
31,r_9_71_163,seq88,r_131_137_50,r_131_137_50,0.4,45,95,50,53
41,r_91_30_116,r_29_146_156,r_59_32_135,r_91_30_116,0.96,0,116,116,53
10,r_60_19_171,seq8,seq128,r_60_19_171,0.72,0,171,171,53
28,r_131_137_50,r_60_19_171,seq129,r_131_137_50,0.66,2,52,50,53
7,r_111_110_22,r_62_72_137,seq85,r_111_110_22,1.0,0,22,22,53
26,r_75_44_158,r_26_28_176,r_138_79_61,r_75_44_158,0.68,0,158,158,53
47,r_102_43_58,seq85,seq107,r_102_43_58,1.0,0,58,58,53
4,r_33_70_85,r_36_145_87,r_95_17_42,r_33_70_85,0.57,1,86,85,53
11,r_26_28_176,seq127,seq15,r_26_28_176,0.52,0,176,176,53
20,r_141_134_107,r_138_79_61,seq46,r_138_79_61,1.0,-1,60,61,53
98,seq116,seq85,r_80_142_91,r_80_142_91,0.99,7,98,91,53
15,r_149_4_148,r_80_142_91,seq49,r_80_142_91,1.0,0,91,91,53
48,r_93_98_102,seq24,seq78,r_93_98_102,0.73,0,102,102,53
40,r_95_17_42,r_56_5_190,seq61,r_95_17_42,0.99,2,44,42,53
35,r_118_48_24,r_102_43_58,seq84,r_118_48_24,0.98,1,25,24,53
46,r_121_104_36,r_7_96_134,seq64,r_121_104_36,1.0,0,36,36,53
12,r_87_83_45,r_25_123_119,seq20,r_25_123_119,0.68,29,148,119,53
6,r_36_145_87,seq6,seq106,r_36_145_87,0.87,0,87,87,53
62,seq20,r_25_123_119,r_31_89_32,r_31_89_32,0.98,106,138,32,53
34,r_25_123_119,r_87_83_45,seq128,r_25_123_119,0.97,8,127,119,53
99,seq127,r_126_23_75,r_117_122_191,r_126_23_75,1.0,0,75,75,53
19,r_31_89_32,r_117_122_191,r_25_123_119,r_31_89_32,0.8,2,34,32,53
2,r_67_125_84,seq76,r_80_142_91,r_67_125_84,1.0,0,84,84,53
24,r_124_12_21,seq84,seq50,r_124_12_21,0.82,1,22,21,53
18,r_126_23_75,seq127,r_124_12_21,r_126_23_75,0.99,0,75,75,53
29,r_68_37_120,seq106,r_133_55_12,r_68_37_120,0.98,0,120,120,53
17,r_132_3_17,r_115_51_55,seq144,r_132_3_17,1.0,0,17,17,53
24,r_124_12_21,seq50,r_126_23_75,r_126_23_75,1.0,4,79,75,53
5,r_34_69_28,r_149_4_148,r_132_3_17,r_34_69_28,0.8,0,28,28,53
64,seq24,r_93_98_102,r_41_100_46,r_41_100_46,0.96,67,113,46,53
15,r_149_4_148,seq49,seq86,r_149_4_148,1.0,0,148,148,53
84,seq85,r_102_43_58,r_57_136_25,r_102_43_58,0.58,0,58,58,53
32,r_138_79_61,r_141_134_107,r_120_112_67,r_138_79_61,1.0,-1,60,61,53
23,r_27_13_53,r_36_145_87,seq11,r_27_13_53,1.0,0,53,53,53
21,r_29_146_156,r_41_100_46,seq50,r_29_146_156,0.92,0,156,156,53
71,seq54,r_41_100_46,r_9_71_163,r_9_71_163,1.0,0,163,163,53
34,r_25_123_119,seq20,r_87_83_45,r_87_83_45,1.0,28,73,45,53
25,r_45_140_167,r_41_100_46,seq116,r_45_140_167,0.68,1,168,167,53
9,r_56_5_190,r_59_32_135,r_149_4_148,r_56_5_190,0.98,0,190,190,53
3,r_41_100_46,r_74_47_93,seq54,r_41_100_46,0.55,0,46,46,53
31,r_9_71_163,r_131_137_50,seq54,r_9_71_163,0.97,0,163,163,53
25,r_45_140_167,r_7_96_134,r_41_100_46,r_45_140_167,0.92,-115,52,167,53
8,r_115_51_55,r_126_23_75,seq8,r_115_51_55,1.0,1,56,55,53
49,r_80_142_91,r_149_4_148,r_67_125_84,r_80_142_91,1.0,0,91,91,53
56,seq128,r_7_96_134,r_25_123_119,r_7_96_134,0.53,0,134,134,53
30,r_106_36_160,r_87_128_106,seq43,r_87_128_106,1.0,0,106,106,54
36,r_68_16_70,r_85_95_151,seq45,r_68_16_70,1.0,0,70,70,54
91,seq101,seq91,r_34_24_57,r_34_24_57,0.74,25,82,57,54
8,r_123_49_103,r_137_131_140,r_109_111_34,r_123_49_103,1.0,0,103,103,54
43,r_13_119_67,seq91,r_14_35_1,r_13_119_67,0.98,-1,66,67,54
0,r_146_6_27,r_145_10_122,r_137_131_140,r_146_6_27,0.98,0,27,27,54
37,r_100_124_90,seq138,r_105_17_60,r_100_124_90,0.98,4,94,90,54
86,seq91,seq101,r_4_79_181,r_4_79_181,0.57,-52,129,181,54
16,r_137_131_140,r_123_49_103,r_146_6_27,r_137_131_140,0.93,-65,75,140,54
39,r_0_39_112,r_132_44_126,r_29_18_53,r_132_44_126,0.97,-14,112,126,54
1,r_31_69_119,seq126,seq62,r_31_69_119,1.0,0,119,119,54
80,seq78,r_75_25_127,r_28_89_68,r_28_89_68,0.93,40,108,68,54
14,r_75_25_127,r_28_89_68,r_42_41_125,r_75_25_127,1.0,1,128,127,54
19,r_59_99_82,seq7,seq2,r_59_99_82,0.97,0,82,82,54
2,r_56_63_49,r_121_94_182,seq88,r_56_63_49,0.99,0,49,49,54
95,seq118,r_144_120_170,r_146_6_27,r_146_6_27,0.88,143,170,27,54
67,seq48,seq60,r_105_17_60,r_105_17_60,1.0,5,65,60,54
89,seq96,seq72,r_14_35_1,r_14_35_1,0.6,96,97,1,54
45,r_21_3_24,r_148_80_123,r_117_86_162,r_21_3_24,0.98,2,26,24,54
10,r_115_110_154,seq138,r_142_114_52,r_115_110_154,0.62,-86,68,154,54
90,seq97,r_149_23_94,r_129_70_7,r_149_23_94,0.94,0,94,94,54
14,r_75_25_127,seq78,r_28_89_68,r_28_89_68,0.99,12,80,68,54
16,r_137_131_140,r_146_6_27,r_148_80_123,r_137_131_140,0.99,0,140,140,54
4,r_144_120_170,seq118,r_123_49_103,r_123_49_103,0.97,67,170,103,54
11,r_28_89_68,r_145_10_122,seq78,r_28_89_68,0.97,0,68,68,54
22,r_29_18_53,seq93,seq130,r_29_18_53,0.96,0,53,53,54
13,r_65_135_101,seq118,r_105_17_60,r_65_135_101,1.0,0,101,101,54
57,seq12,r_117_86_162,r_74_5_43,r_74_5_43,0.84,113,156,43,54
91,seq101,r_38_40_44,seq91,r_38_40_44,1.0,0,44,44,54
6,r_76_113_61,seq118,seq77,r_76_113_61,0.53,2,63,61,54
62,seq26,r_134_58_178,r_149_23_94,r_149_23_94,1.0,66,160,94,54
40,r_85_95_151,r_13_119_67,r_146_6_27,r_85_95_151,0.87,0,151,151,54
40,r_85_95_151,r_68_16_70,r_13_119_67,r_68_16_70,0.71,0,70,70,54
0,r_146_6_27,r_137_131_140,r_98_55_176,r_137_131_140,0.79,0,140,140,54
10,r_115_110_154,r_142_114_52,r_29_18_53,r_115_110_154,0.86,1,155,154,54
5,r_14_35_1,r_149_23_94,r_129_70_7,r_14_35_1,0.85,31,32,1,54
26,r_142_114_52,seq130,r_115_110_154,r_142_114_52,0.87,2,54,52,54
87,seq92,r_121_94_182,r_109_111_34,r_109_111_34,1.0,148,182,34,54
21,r_147_57_40,seq22,seq8,r_147_57_40,1.0,0,40,40,54
18,r_30_9_75,r_75_25_127,r_53_107_55,r_75_25_127,1.0,-52,75,127,54
29,r_98_55_176,seq127,r_31_69_119,r_31_69_119,1.0,54,173,119,54
24,r_117_86_162,seq12,r_68_16_70,r_117_86_162,0.64,0,162,162,54
0,r_146_6_27,r_98_55_176,r_85_95_151,r_146_6_27,0.67,132,159,27,54
30,r_106_36_160,seq43,r_142_114_52,r_106_36_160,0.95,0,160,160,54
28,r_19_71_199,r_27_102_45,r_74_5_43,r_19_71_199,0.98,-153,46,199,54
44,r_53_107_55,seq20,seq81,r_53_107_55,1.0,0,55,55,54
68,seq136,r_66_37_166,r_30_9_75,r_30_9_75,1.0,91,166,75,54
32,r_149_23_94,seq97,seq26,r_149_23_94,1.0,0,94,94,54
38,r_105_17_60,seq143,seq48,r_105_17_60,1.0,0,60,60,54
48,r_38_40_44,seq101,seq20,r_38_40_44,1.0,0,44,44,54
34,r_66_37_166,seq136,r_59_99_82,r_59_99_82,0.95,84,166,82,54
45,r_21_3_24,r_117_86_162,r_75_25_127,r_75_25_127,0.81,12,139,127,54
41,r_74_5_43,seq20,r_19_71_199,r_74_5_43,0.93,0,43,43,54
81,seq81,r_148_80_123,r_30_9_75,r_30_9_75,0.6,48,123,75,54
17,r_148_80_123,seq81,seq60,r_148_80_123,0.83,0,123,123,54
9,r_132_44_126,seq104,r_105_17_60,r_132_44_126,0.88,1,127,126,54
27,r_34_24_57,r_32_61_95,seq101,r_34_24_57,1.0,0,57,57,54
26,r_142_114_52,r_115_110_154,r_56_63_49,r_115_110_154,0.7,-10,144,154,54
40,r_85_95_151,r_140_11_51,r_68_16_70,r_140_11_51,1.0,1,52,51,54
49,r_140_11_51,r_85_95_151,r_141_108_26,r_140_11_51,0.9,1,52,51,54
14,r_75_25_127,r_109_111_34,seq78,r_109_111_34,1.0,1,35,34,54
23,r_32_61_95,seq52,seq143,r_32_61_95,1.0,0,95,95,54
33,r_141_108_26,r_117_86_162,seq46,r_141_108_26,0.92,0,26,26,54
3,r_112_73_42,seq45,seq138,r_112_73_42,1.0,0,42,42,54
84,seq84,r_149_23_94,r_129_70_7,r_149_23_94,0.99,0,94,94,54
93,seq105,r_79_18_132,seq86,r_79_18_132,1.0,0,132,132,55
44,r_111_149_141,seq52,r_54_90_67,r_111_149_141,0.9,0,141,141,55
31,r_140_29_76,r_132_77_59,r_141_115_36,r_141_115_36,0.75,3,39,36,55
36,r_26_48_60,seq80,r_106_113_154,r_26_48_60,0.98,0,60,60,55
23,r_99_45_7,seq52,r_1_14_126,r_99_45_7,0.58,102,109,7,55
14,r_102_126_69,seq128,seq69,r_102_126_69,0.85,4,73,69,55
5,r_4_67_26,seq61,r_83_16_19,r_4_67_26,1.0,0,26,26,55
81,seq76,seq117,r_22_107_41,r_22_107_41,1.0,14,55,41,55
37,r_58_8_121,r_46_50_188,seq120,r_58_8_121,0.52,7,128,121,55
31,r_140_29_76,r_141_115_36,seq118,r_140_29_76,1.0,0,76,76,55
59,seq144,seq0,r_7_47_92,r_7_47_92,1.0,47,139,92,55
21,r_7_47_92,seq57,seq0,r_7_47_92,1.0,0,92,92,55
39,r_145_131_98,seq80,r_75_37_72,r_145_131_98,0.9,1,99,98,55
1,r_142_112_110,seq104,seq56,r_142_112_110,0.99,0,110,110,55
46,r_89_62_87,seq13,seq130,r_89_62_87,1.0,0,87,87,55
42,r_146_38_65,seq0,r_78_124_171,r_146_38_65,1.0,0,65,65,55
69,seq33,r_54_90_67,seq117,r_54_90_67,0.97,1,68,67,55
45,r_41_9_125,r_46_50_188,seq20,r_41_9_125,0.37,1,126,125,55
33,r_75_37_72,r_72_42_178,r_71_119_162,r_75_37_72,0.44,111,183,72,55
70,seq39,r_133_100_28,r_141_115_36,r_141_115_36,0.97,7,43,36,55
2,r_83_16_19,r_4_67_26,r_24_70_95,r_24_70_95,1.0,31,126,95,55
11,r_132_77_59,r_139_11_166,r_58_8_121,r_132_77_59,0.75,107,166,59,55
0,r_133_100_28,seq39,seq117,r_133_100_28,0.79,15,43,28,55
76,seq61,r_1_14_126,r_125_5_85,r_125_5_85,0.53,42,127,85,55
41,r_123_59_181,seq95,r_141_115_36,r_141_115_36,0.56,144,180,36,55
23,r_99_45_7,r_145_131_98,seq52,r_99_45_7,0.62,53,60,7,55
67,seq30,r_15_109_70,r_68_81_140,r_68_81_140,1.0,17,157,140,55
89,seq95,r_123_59_181,r_51_137_89,r_51_137_89,0.99,99,188,89,55
43,r_10_55_16,seq136,r_36_49_155,r_10_55_16,1.0,0,16,16,55
3,r_96_135_91,seq30,r_26_48_60,r_26_48_60,1.0,31,91,60,55
10,r_139_11_166,r_122_110_66,r_132_77_59,r_139_11_166,0.99,-100,66,166,55
72,seq43,r_127_73_105,r_142_112_110,r_142_112_110,0.84,-1,109,110,55
48,r_36_49_155,r_93_63_51,r_10_55_16,r_36_49_155,0.97,-127,28,155,55
4,r_54_90_67,seq33,seq40,r_54_90_67,1.0,1,68,67,55
16,r_93_63_51,r_36_49_155,seq143,r_93_63_51,1.0,0,51,51,55
63,seq23,r_71_119_162,seq17,r_71_119_162,0.8,-78,84,162,55
11,r_132_77_59,seq39,r_139_11_166,r_132_77_59,1.0,1,60,59,55
20,r_1_14_126,seq61,r_99_45_7,r_1_14_126,0.97,4,130,126,55
13,r_53_44_90,seq84,seq130,r_53_44_90,0.97,2,92,90,55
15,r_125_5_85,seq143,seq61,r_125_5_85,1.0,0,85,85,55
49,r_72_42_178,r_75_37_72,r_58_8_121,r_72_42_178,0.64,2,180,178,55
6,r_134_91_97,seq28,seq33,r_134_91_97,0.97,0,97,97,55
23,r_99_45_7,r_102_126_69,r_54_90_67,r_102_126_69,0.56,-54,15,69,55
36,r_26_48_60,r_106_113_154,r_96_135_91,r_106_113_154,0.84,-11,143,154,55
10,r_139_11_166,r_132_77_59,r_79_18_132,r_139_11_166,0.85,0,166,166,55
34,r_98_32_33,seq28,seq128,r_98_32_33,1.0,0,33,33,55
47,r_106_113_154,seq117,r_26_48_60,r_26_48_60,1.0,24,84,60,55
40,r_24_70_95,seq12,r_83_16_19,r_24_70_95,0.55,0,95,95,55
74,seq56,seq43,r_142_112_110,r_142_112_110,1.0,24,134,110,55
18,r_74_6_142,r_34_114_194,seq80,r_74_6_142,0.85,4,146,142,55
29,r_78_124_171,seq94,r_146_38_65,r_146_38_65,1.0,3,68,65,55
23,r_99_45_7,r_54_90_67,r_145_131_98,r_99_45_7,0.42,36,43,7,55
25,r_127_73_105,seq43,r_4_67_26,r_4_67_26,0.65,79,105,26,55
43,r_10_55_16,r_36_49_155,r_4_67_26,r_10_55_16,0.85,139,155,16,55
19,r_22_107_41,seq120,seq76,r_22_107_41,1.0,0,41,41,55
33,r_75_37_72,r_123_59_181,r_72_42_178,r_75_37_72,1.0,1,73,72,55
48,r_36_49_155,r_10_55_16,seq2,r_36_49_155,0.81,0,155,155,55
17,r_92_64_38,seq94,seq76,r_92_64_38,1.0,0,38,38,55
31,r_140_29_76,r_51_137_89,r_58_8_121,r_51_137_89,0.76,97,186,89,55
47,r_106_113_154,r_26_48_60,r_58_8_121,r_106_113_154,1.0,0,154,154,55
88,seq94,r_122_110_66,seq118,r_122_110_66,0.99,-2,64,66,55
50,seq0,seq144,r_7_47_92,r_7_47_92,1.0,6,98,92,55
2,r_83_16_19,r_21_35_138,r_10_55_16,r_83_16_19,0.95,1,20,19,55
42,r_146_38_65,r_78_124_171,r_58_8_121,r_146_38_65,0.62,106,171,65,55
32,r_68_81_140,seq105,seq30,r_68_81_140,0.86,0,140,140,55
38,r_15_109_70,r_106_113_154,r_92_64_38,r_92_64_38,0.57,105,143,38,55
77,seq65,seq136,r_87_97_3,r_87_97_3,0.61,27,30,3,55
69,seq33,seq117,r_134_91_97,r_134_91_97,0.94,2,99,97,55
27,r_141_115_36,seq2,seq39,r_141_115_36,1.0,0,36,36,55
9,r_21_35_138,seq69,seq12,r_21_35_138,0.47,7,145,138,55
29,r_78_124_171,r_146_38_65,r_36_49_155,r_78_124_171,0.93,0,171,171,55
22,r_122_110_66,r_139_11_166,seq104,r_122_110_66,1.0,0,66,66,55
31,r_140_29_76,seq118,r_51_137_89,r_51_137_89,0.73,24,113,89,55
28,r_79_18_132,seq105,r_93_63_51,r_79_18_132,0.99,0,132,132,55
73,seq52,r_111_149_141,seq130,r_111_149_141,0.59,4,145,141,55
84,seq84,r_7_47_92,r_71_119_162,r_71_119_162,0.98,0,162,162,55
2,r_83_16_19,r_10_55_16,r_4_67_26,r_4_67_26,0.99,12,38,26,55
49,r_72_42_178,seq0,r_75_37_72,r_75_37_72,0.88,0,72,72,55
7,r_46_50_188,r_58_8_121,r_142_112_110,r_58_8_121,0.57,68,189,121,55
66,seq28,r_98_32_33,seq147,r_98_32_33,1.0,0,33,33,55
44,r_111_149_141,seq130,seq52,r_111_149_141,0.59,-81,60,141,55
35,r_51_137_89,r_123_59_181,r_140_29_76,r_51_137_89,1.0,0,89,89,55
12,r_71_119_162,seq116,seq84,r_71_119_162,0.69,0,162,162,55
30,r_35_144_73,seq147,seq141,r_35_144_73,1.0,0,73,73,56
28,r_121_71_83,seq65,r_119_134_175,r_121_71_83,0.81,93,176,83,56
36,r_139_81_191,r_146_6_82,r_69_74_54,r_139_81_191,1.0,-109,82,191,56
9,r_77_36_123,r_51_27_147,r_121_71_83,r_77_36_123,0.66,-50,73,123,56
37,r_3_68_56,r_102_23_95,seq22,r_3_68_56,1.0,1,57,56,56
3,r_131_145_172,seq8,r_12_116_58,r_131_145_172,0.94,1,173,172,56
59,seq17,r_119_134_175,r_51_27_147,r_51_27_147,0.86,14,161,147,56
5,r_127_18_122,r_84_32_163,r_12_116_58,r_12_116_58,1.0,1,59,58,56
16,r_45_33_114,seq107,seq120,r_45_33_114,1.0,0,114,114,56
97,seq120,r_96_92_90,seq147,r_96_92_90,1.0,0,90,90,56
46,r_5_118_92,r_139_81_191,seq105,r_5_118_92,1.0,0,92,92,56
42,r_38_109_176,seq91,r_70_135_22,r_38_109_176,0.42,0,176,176,56
11,r_133_19_50,seq14,r_70_135_22,r_133_19_50,1.0,0,50,50,56
45,r_125_89_86,seq34,seq10,r_125_89_86,1.0,0,86,86,56
13,r_0_44_57,seq114,seq64,r_0_44_57,1.0,1,58,57,56
39,r_106_40_16,r_72_39_189,r_110_26_157,r_110_26_157,0.98,25,182,157,56
41,r_96_92_90,seq120,r_128_95_36,r_96_92_90,0.88,0,90,90,56
3,r_131_145_172,r_76_49_78,seq8,r_76_49_78,1.0,1,79,78,56
10,r_110_26_157,seq52,seq73,r_110_26_157,0.64,1,158,157,56
8,r_69_74_54,r_139_81_191,r_98_1_148,r_98_1_148,0.96,33,181,148,56
72,seq52,r_110_26_157,seq22,r_110_26_157,0.55,1,158,157,56
4,r_51_27_147,r_110_26_157,seq120,r_51_27_147,0.99,0,147,147,56
0,r_16_78_142,seq85,seq105,r_16_78_142,0.96,0,142,142,56
20,r_31_28_111,seq105,seq114,r_31_28_111,1.0,0,111,111,56
32,r_47_54_18,r_0_44_57,seq129,r_47_54_18,0.98,0,18,18,56
15,r_104_53_169,seq41,r_121_71_83,r_104_53_169,0.52,5,174,169,56
48,r_24_112_177,seq85,r_102_23_95,r_102_23_95,1.0,11,106,95,56
18,r_70_135_22,r_13_108_25,seq85,r_70_135_22,1.0,0,22,22,56
8,r_69_74_54,seq22,r_139_81_191,r_69_74_54,0.98,3,57,54,56
5,r_127_18_122,r_12_116_58,r_5_118_92,r_5_118_92,0.97,45,137,92,56
29,r_72_39_189,seq73,r_106_40_16,r_106_40_16,1.0,3,19,16,56
98,seq123,r_50_60_193,r_13_108_25,r_13_108_25,0.98,7,32,25,56
87,seq91,r_38_109_176,seq65,r_38_109_176,0.87,0,176,176,56
9,r_77_36_123,r_38_109_176,r_51_27_147,r_51_27_147,0.66,-94,53,147,56
39,r_106_40_16,r_98_1_148,r_72_39_189,r_98_1_148,0.66,-132,16,148,56
22,r_83_99_71,r_7_149_190,r_137_122_85,r_137_122_85,0.67,105,190,85,56
2,r_76_49_78,r_131_145_172,r_0_44_57,r_76_49_78,1.0,0,78,78,56
7,r_59_126_46,seq22,seq117,r_59_126_46,1.0,1,47,46,56
47,r_146_6_82,r_139_81_191,r_90_97_136,r_146_6_82,1.0,0,82,82,56
95,seq115,r_50_60_193,seq142,r_50_60_193,0.68,-36,157,193,56
40,r_137_122_85,seq65,r_83_99_71,r_83_99_71,0.5,16,87,71,56
96,seq117,seq148,r_59_126_46,r_59_126_46,1.0,5,51,46,56
24,r_2_80_187,seq10,r_16_78_142,r_16_78_142,0.98,45,187,142,56
27,r_140_136_49,r_84_32_163,r_133_19_50,r_140_136_49,1.0,1,50,49,56
35,r_7_149_190,r_83_99_71,r_16_78_142,r_83_99_71,0.22,119,190,71,56
25,r_67_138_138,r_61_82_149,r_70_135_22,r_67_138_138,0.98,0,138,138,56
65,seq29,seq65,r_104_53_169,r_104_53_169,0.77,19,188,169,56
43,r_128_95_36,r_76_49_78,seq143,r_128_95_36,1.0,1,37,36,56
70,seq46,seq14,r_75_111_79,r_75_111_79,1.0,12,91,79,56
65,seq29,r_37_93_126,seq65,r_37_93_126,0.95,0,126,126,56
38,r_87_11_145,seq34,r_128_95_36,r_87_11_145,0.82,-2,143,145,56
34,r_84_32_163,r_90_97_136,r_133_19_50,r_90_97_136,0.85,28,164,136,56
84,seq85,seq86,r_70_135_22,r_70_135_22,1.0,5,27,22,56
28,r_121_71_83,r_77_36_123,seq65,r_121_71_83,0.84,43,126,83,56
17,r_98_1_148,r_7_149_190,r_69_74_54,r_98_1_148,0.57,0,148,148,56
50,seq129,r_139_81_191,r_47_54_18,r_47_54_18,0.93,0,18,18,56
94,seq114,r_0_44_57,r_51_27_147,r_0_44_57,0.66,6,63,57,56
31,r_12_116_58,seq55,r_127_18_122,r_12_116_58,1.0,1,59,58,56
21,r_13_108_25,seq22,seq123,r_13_108_25,1.0,0,25,25,56
29,r_72_39_189,r_106_40_16,r_125_89_86,r_106_40_16,0.48,173,189,16,56
22,r_83_99_71,seq29,r_7_149_190,r_83_99_71,0.98,2,73,71,56
28,r_121_71_83,r_37_93_126,r_77_36_123,r_121_71_83,0.88,2,85,83,56
44,r_102_23_95,seq41,r_24_112_177,r_102_23_95,0.99,0,95,95,56
23,r_37_93_126,seq29,r_75_111_79,r_37_93_126,0.98,0,126,126,56
9,r_77_36_123,r_121_71_83,r_3_68_56,r_77_36_123,0.97,3,126,123,56
82,seq73,r_72_39_189,r_110_26_157,r_110_26_157,0.97,0,157,157,56
35,r_7_149_190,r_98_1_148,r_83_99_71,r_7_149_190,0.82,-114,76,190,56
12,r_61_82_149,seq143,seq41,r_61_82_149,0.94,0,149,149,56
30,r_91_121_175,r_57_119_191,seq0,r_91_121_175,0.53,0,175,175,57
36,r_65_68_92,seq127,seq101,r_65_68_92,0.97,1,93,92,57
92,seq109,r_100_115_171,r_30_8_118,r_30_8_118,0.93,53,171,118,57
14,r_57_119_191,r_25_89_165,r_27_15_6,r_57_119_191,0.52,-26,165,191,57
6,r_95_50_142,r_113_62_97,seq127,r_95_50_142,0.99,0,142,142,57
43,r_70_118_112,seq106,r_27_15_6,r_70_118_112,0.97,1,113,112,57
42,r_17_139_57,seq29,seq37,r_17_139_57,1.0,0,57,57,57
37,r_87_138_101,r_82_3_23,r_147_122_52,r_87_138_101,1.0,-77,24,101,57
33,r_20_98_105,r_143_117_69,seq106,r_20_98_105,0.7,11,116,105,57
21,r_28_44_131,r_60_149_156,seq6,r_28_44_131,0.94,0,131,131,57
39,r_107_39_81,seq79,r_78_114_12,r_107_39_81,1.0,0,81,81,57
6,r_95_50_142,r_66_55_174,r_113_62_97,r_113_62_97,0.82,6,103,97,57
1,r_60_149_156,r_28_44_131,r_132_4_83,r_132_4_83,0.85,45,128,83,57
5,r_113_62_97,seq74,seq29,r_113_62_97,1.0,0,97,97,57
9,r_71_63_31,seq106,seq1,r_71_63_31,0.98,0,31,31,57
2,r_83_9_56,r_87_138_101,r_78_114_12,r_83_9_56,0.92,-6,50,56,57
19,r_23_80_134,r_100_115_171,seq145,r_23_80_134,0.99,0,134,134,57
95,seq112,r_133_88_172,r_23_80_134,r_23_80_134,0.76,27,161,134,57
66,seq29,seq41,r_113_62_97,r_113_62_97,1.0,2,99,97,57
76,seq67,r_20_98_105,r_83_9_56,r_83_9_56,0.99,27,83,56,57
31,r_51_135_160,r_25_89_165,seq0,r_51_135_160,0.56,0,160,160,57
41,r_78_114_12,seq85,r_83_9_56,r_83_9_56,1.0,5,61,56,57
6,r_95_50_142,r_17_139_57,r_66_55_174,r_17_139_57,0.82,-2,55,57,57
67,seq31,r_14_61_159,r_73_45_58,r_73_45_58,0.97,101,159,58,57
15,r_147_122_52,r_144_18_140,r_87_138_101,r_147_122_52,0.6,-1,51,52,57
3,r_5_86_104,r_20_98_105,seq129,r_5_86_104,0.97,0,104,104,57
90,seq106,r_70_118_112,r_17_139_57,r_17_139_57,0.48,56,113,57,57
26,r_144_18_140,seq130,seq74,r_144_18_140,0.98,0,140,140,57
4,r_25_89_165,r_57_119_191,r_73_45_58,r_25_89_165,0.78,0,165,165,57
15,r_147_122_52,r_87_138_101,r_143_117_69,r_87_138_101,0.91,0,101,101,57
78,seq72,r_94_13_72,r_78_114_12,r_94_13_72,1.0,1,73,72,57
0,r_48_75_111,seq116,seq79,r_48_75_111,0.98,0,111,111,57
63,seq145,seq112,r_23_80_134,r_23_80_134,1.0,12,146,134,57
13,r_102_123_168,seq136,r_132_4_83,r_102_123_168,0.52,1,169,168,57
99,seq127,seq16,r_95_50_142,r_95_50_142,1.0,2,144,142,57
99,seq127,r_65_68_92,seq16,r_65_68_92,0.99,0,92,92,57
15,r_147_122_52,r_143_117_69,r_92_93_151,r_147_122_52,0.58,98,150,52,57
53,seq131,r_21_49_9,r_52_36_128,r_52_36_128,0.75,2,130,128,57
87,seq101,r_24_22_149,r_65_68_92,r_65_68_92,0.85,6,98,92,57
47,r_124_64_129,seq1,seq126,r_124_64_129,0.72,1,130,129,57
53,seq131,r_124_64_129,r_21_49_9,r_21_49_9,0.65,2,11,9,57
40,r_52_36_128,r_28_44_131,seq131,r_52_36_128,0.93,0,128,128,57
16,r_76_43_45,seq85,seq42,r_76_43_45,1.0,0,45,45,57
74,seq58,r_23_80_134,r_94_13_72,r_94_13_72,0.65,5,77,72,57
18,r_27_15_6,r_91_121_175,r_70_118_112,r_70_118_112,1.0,4,116,112,57
33,r_20_98_105,seq16,r_143_117_69,r_20_98_105,0.49,0,105,105,57
80,seq74,r_146_46_169,r_82_3_23,r_82_3_23,1.0,13,36,23,57
1,r_60_149_156,r_132_4_83,seq1,r_60_149_156,0.93,0,156,156,57
10,r_84_56_42,r_24_22_149,seq58,r_84_56_42,0.92,0,42,42,57
24,r_82_3_23,r_87_138_101,seq74,r_82_3_23,1.0,0,23,23,57
17,r_73_45_58,seq110,seq31,r_73_45_58,1.0,0,58,58,57
45,r_21_49_9,seq131,r_71_63_31,r_71_63_31,0.95,150,181,31,57
37,r_87_138_101,r_147_122_52,seq126,r_87_138_101,1.0,0,101,101,57
28,r_132_4_83,r_60_149_156,r_23_80_134,r_132_4_83,1.0,74,157,83,57
22,r_143_117_69,r_102_123_168,r_147_122_52,r_143_117_69,0.62,1,70,69,57
28,r_132_4_83,r_66_55_174,r_60_149_156,r_132_4_83,1.0,0,83,83,57
76,seq67,r_83_9_56,r_97_141_113,r_97_141_113,1.0,2,115,113,57
7,r_97_141_113,seq129,seq67,r_97_141_113,0.84,1,114,113,57
48,r_24_22_149,r_84_56_42,seq120,r_84_56_42,1.0,0,42,42,57
44,r_125_40_155,seq10,seq136,r_125_40_155,0.75,0,155,155,57
23,r_100_115_171,seq109,seq19,r_100_115_171,0.49,0,171,171,57
27,r_53_26_37,seq85,seq74,r_53_26_37,1.0,0,37,37,57
79,seq140,r_30_8_118,seq35,r_30_8_118,0.58,-3,115,118,57
35,r_30_8_118,seq140,seq109,r_30_8_118,0.9,-3,115,118,57
12,r_94_13_72,seq72,seq58,r_94_13_72,1.0,0,72,72,57
46,r_34_47_46,r_92_93_151,seq129,r_34_47_46,0.99,0,46,46,57
30,r_61_82_155,r_80_118_194,seq42,r_61_82_155,0.81,0,155,155,58
36,r_13_37_92,r_121_67_110,seq22,r_13_37_92,0.99,0,92,92,58
47,r_34_89_174,seq148,r_125_124_8,r_125_124_8,0.67,9,17,8,58
43,r_66_90_87,r_63_107_163,seq0,r_66_90_87,1.0,0,87,87,58
83,seq138,seq106,r_50_95_131,r_50_95_131,0.86,7,138,131,58
16,r_21_30_149,r_48_140_105,seq116,r_48_140_105,0.98,1,106,105,58
1,r_110_109_128,seq22,r_146_86_100,r_146_86_100,0.99,53,153,100,58
5,r_147_14_86,seq4,r_120_15_183,r_147_14_86,1.0,0,86,86,58
46,r_146_86_100,seq0,r_110_109_128,r_146_86_100,1.0,3,103,100,58
42,r_79_127_75,r_83_1_198,r_26_46_30,r_79_127_75,1.0,0,75,75,58
12,r_26_46_30,r_121_67_110,r_55_114_17,r_121_67_110,0.68,-80,30,110,58
47,r_34_89_174,r_3_88_109,seq40,r_34_89_174,1.0,0,174,174,58
48,r_75_45_41,seq72,seq10,r_75_45_41,0.99,0,41,41,58
7,r_85_12_64,r_132_115_133,seq35,r_132_115_133,1.0,3,136,133,58
66,seq27,r_132_115_133,r_58_39_59,r_58_39_59,1.0,44,103,59,58
15,r_120_15_183,r_147_14_86,seq131,r_120_15_183,0.76,0,183,183,58
3,r_80_118_194,r_61_82_155,r_59_136_85,r_61_82_155,0.49,-66,89,155,58
26,r_76_99_71,r_3_88_109,seq141,r_76_99_71,1.0,0,71,71,58
78,seq52,r_73_71_166,seq6,r_73_71_166,0.97,-11,155,166,58
0,r_2_74_162,seq43,r_66_90_87,r_66_90_87,0.88,75,162,87,58
56,seq10,r_33_113_14,r_75_45_41,r_75_45_41,1.0,1,42,41,58
11,r_48_140_105,r_21_30_149,r_19_112_179,r_48_140_105,0.59,2,107,105,58
13,r_5_17_142,seq134,r_48_140_105,r_5_17_142,0.74,9,151,142,58
34,r_145_100_25,r_59_136_85,seq6,r_145_100_25,0.87,-5,20,25,58
15,r_120_15_183,seq148,r_147_14_86,r_147_14_86,1.0,50,136,86,58
49,r_117_98_57,r_41_102_117,seq11,r_41_102_117,0.35,26,143,117,58
4,r_62_91_9,r_60_135_82,seq31,r_60_135_82,0.97,0,82,82,58
57,seq11,r_59_136_85,seq23,r_59_136_85,0.63,22,107,85,58
89,seq72,r_75_45_41,seq56,r_75_45_41,1.0,0,41,41,58
62,seq22,r_110_109_128,r_76_99_71,r_76_99_71,0.85,64,135,71,58
40,r_3_88_109,r_34_89_174,r_94_119_13,r_34_89_174,1.0,-3,171,174,58
21,r_94_119_13,seq70,seq54,r_94_119_13,0.91,-1,12,13,58
5,r_147_14_86,r_120_15_183,r_50_95_131,r_147_14_86,0.5,82,168,86,58
49,r_117_98_57,r_76_99_71,r_41_102_117,r_117_98_57,1.0,0,57,57,58
39,r_60_135_82,r_92_149_18,seq106,r_60_135_82,1.0,0,82,82,58
2,r_50_95_131,seq68,seq138,r_50_95_131,0.84,0,131,131,58
41,r_125_124_8,r_34_89_174,r_3_88_109,r_3_88_109,1.0,49,158,109,58
40,r_3_88_109,r_76_99_71,seq97,r_3_88_109,0.5,-28,81,109,58
18,r_132_115_133,seq35,r_79_127_75,r_79_127_75,0.88,57,132,75,58
29,r_77_137_98,seq141,r_94_119_13,r_77_137_98,1.0,0,98,98,58
24,r_73_71_166,seq52,r_62_91_9,r_73_71_166,0.89,0,166,166,58
25,r_129_81_107,seq131,seq43,r_129_81_107,0.82,3,110,107,58
10,r_16_105_36,seq141,seq4,r_16_105_36,1.0,0,36,36,58
33,r_41_102_117,r_59_136_85,r_96_139_10,r_96_139_10,0.95,58,68,10,58
65,seq25,r_63_107_163,r_129_81_107,r_63_107_163,0.62,-104,59,163,58
47,r_34_89_174,r_125_124_8,r_3_88_109,r_3_88_109,1.0,22,131,109,58
50,seq0,r_84_29_76,r_13_37_92,r_84_29_76,0.74,1,77,76,58
70,seq35,r_132_115_133,r_85_12_64,r_85_12_64,1.0,69,133,64,58
6,r_96_139_10,r_80_118_194,r_41_102_117,r_41_102_117,0.99,38,155,117,58
68,seq31,r_18_126_150,r_62_91_9,r_62_91_9,0.35,122,131,9,58
42,r_79_127_75,r_26_46_30,r_132_115_133,r_132_115_133,0.6,18,151,133,58
32,r_121_67_110,seq32,seq52,r_121_67_110,1.0,0,110,110,58
77,seq49,r_129_81_107,r_84_29_76,r_84_29_76,0.6,1,77,76,58
9,r_92_149_18,r_60_135_82,seq31,r_60_135_82,0.99,-10,72,82,58
19,r_55_114_17,r_121_67_110,seq123,r_55_114_17,0.86,0,17,17,58
17,r_111_103_96,seq72,r_130_143_50,r_130_143_50,0.61,46,96,50,58
22,r_84_29_76,seq0,seq49,r_84_29_76,1.0,1,77,76,58
28,r_59_136_85,seq11,r_80_118_194,r_59_136_85,0.79,11,96,85,58
7,r_85_12_64,seq72,r_132_115_133,r_85_12_64,1.0,0,64,64,58
44,r_58_39_59,r_92_149_18,seq27,r_58_39_59,1.0,1,60,59,58
23,r_130_143_50,seq122,r_121_67_110,r_130_143_50,1.0,0,50,50,58
9,r_92_149_18,r_58_39_59,r_60_135_82,r_92_149_18,0.52,0,18,18,58
94,seq106,seq54,r_60_135_82,r_60_135_82,0.99,29,111,82,58
16,r_21_30_149,seq116,seq0,r_21_30_149,0.85,0,149,149,58
11,r_48_140_105,r_19_112_179,r_5_17_142,r_48_140_105,0.88,48,153,105,58
35,r_19_112_179,r_33_113_14,r_147_14_86,r_147_14_86,1.0,94,180,86,58
39,r_60_135_82,seq31,r_92_149_18,r_60_135_82,0.51,-40,42,82,58
40,r_3_88_109,seq97,r_34_89_174,r_3_88_109,1.0,1,110,109,58
23,r_130_143_50,r_121_67_110,r_111_103_96,r_130_143_50,0.99,60,110,50,58
26,r_81_141_190,seq85,r_97_113_191,r_81_141_190,0.81,0,190,190,59
30,r_71_61_179,seq146,r_126_19_115,r_71_61_179,0.48,0,179,179,59
36,r_60_51_132,seq11,seq25,r_60_51_132,0.88,-7,125,132,59
6,r_117_26_145,r_23_49_37,r_122_48_156,r_117_26_145,0.42,13,158,145,59
8,r_33_111_94,r_122_48_156,seq121,r_33_111_94,0.99,1,95,94,59
53,seq10,r_143_144_186,r_52_147_168,r_52_147_168,0.7,18,186,168,59
43,r_131_1_158,r_57_69_185,seq92,r_131_1_158,0.92,0,158,158,59
20,r_78_4_131,r_99_37_43,seq120,r_78_4_131,0.58,1,132,131,59
83,seq84,seq109,r_16_47_62,r_16_47_62,0.97,3,65,62,59
21,r_30_8_183,r_126_19_115,seq74,r_126_19_115,0.73,68,183,115,59
1,r_46_112_159,r_88_3_10,r_126_19_115,r_88_3_10,0.74,149,159,10,59
4,r_122_48_156,r_33_111_94,r_42_100_44,r_122_48_156,0.9,-108,48,156,59
46,r_123_53_111,seq132,r_99_37_43,r_123_53_111,1.0,0,111,111,59
83,seq84,r_16_47_62,r_41_139_154,r_41_139_154,0.99,11,165,154,59
39,r_114_6_155,seq107,r_23_49_37,r_23_49_37,1.0,6,43,37,59
19,r_43_138_95,r_9_54_195,r_88_3_10,r_43_138_95,1.0,0,95,95,59
31,r_42_100_44,seq115,r_122_48_156,r_42_100_44,0.99,0,44,44,59
39,r_114_6_155,r_23_49_37,r_38_90_113,r_114_6_155,0.69,0,155,155,59
24,r_103_133_150,seq32,r_29_108_161,r_103_133_150,0.93,0,150,150,59
41,r_50_106_109,seq20,seq101,r_50_106_109,0.74,6,115,109,59
3,r_64_79_117,r_71_61_179,r_42_100_44,r_64_79_117,0.91,0,117,117,59
29,r_99_37_43,r_0_142_70,r_123_53_111,r_123_53_111,1.0,9,120,111,59
26,r_81_141_190,r_7_5_104,r_14_45_171,r_7_5_104,0.94,0,104,104,59
13,r_14_45_171,seq67,r_81_141_190,r_14_45_171,0.52,-94,77,171,59
0,r_88_3_10,r_29_108_161,r_46_112_159,r_88_3_10,0.99,0,10,10,59
15,r_126_19_115,r_30_8_183,seq115,r_30_8_183,0.68,-68,115,183,59
48,r_0_142_70,r_43_138_95,r_99_37_43,r_0_142_70,1.0,0,70,70,59
4,r_122_48_156,r_42_100_44,r_117_26_145,r_122_48_156,0.94,0,156,156,59
13,r_14_45_171,r_81_141_190,r_42_100_44,r_14_45_171,0.96,0,171,171,59
6,r_117_26_145,seq85,r_23_49_37,r_117_26_145,0.47,0,145,145,59
29,r_99_37_43,r_110_98_139,seq11,r_99_37_43,0.99,0,43,43,59
0,r_88_3_10,r_46_112_159,r_43_138_95,r_43_138_95,0.78,2,97,95,59
10,r_23_49_37,r_114_6_155,r_7_5_104,r_23_49_37,0.71,118,155,37,59
27,r_17_82_69,seq74,r_16_47_62,r_17_82_69,1.0,0,69,69,59
1,r_46_112_159,r_38_90_113,r_88_3_10,r_88_3_10,0.99,0,10,10,59
2,r_137_119_162,seq67,seq13,r_137_119_162,0.69,0,162,162,59
47,r_57_69_185,r_131_1_158,seq11,r_131_1_158,0.55,0,158,158,59
25,r_66_130_25,seq105,r_136_72_7,r_66_130_25,1.0,0,25,25,59
40,r_145_77_134,r_114_6_155,r_29_108_161,r_145_77_134,0.96,1,135,134,59
24,r_103_133_150,r_104_124_126,seq32,r_104_124_126,0.71,1,127,126,59
34,r_134_75_65,r_117_26_145,r_70_140_59,r_70_140_59,0.61,116,175,59,59
33,r_16_47_62,r_148_80_178,seq25,r_16_47_62,0.99,1,63,62,59
23,r_58_2_14,seq18,r_88_3_10,r_58_2_14,0.92,0,14,14,59
65,seq32,r_103_133_150,r_126_19_115,r_103_133_150,0.98,1,151,150,59
92,seq107,r_114_6_155,r_91_102_29,r_91_102_29,0.99,1,30,29,59
20,r_78_4_131,r_41_139_154,r_99_37_43,r_41_139_154,0.47,-33,121,154,59
20,r_78_4_131,seq39,r_41_139_154,r_41_139_154,0.85,-110,44,154,59
42,r_136_72_7,r_110_98_139,r_66_130_25,r_136_72_7,0.56,132,139,7,59
29,r_99_37_43,seq11,r_0_142_70,r_0_142_70,0.99,1,71,70,59
34,r_134_75_65,r_50_106_109,r_117_26_145,r_50_106_109,0.55,-44,65,109,59
45,r_91_102_29,r_110_98_139,seq107,r_91_102_29,1.0,1,30,29,59
10,r_23_49_37,r_97_113_191,r_114_6_155,r_23_49_37,1.0,1,38,37,59
32,r_97_113_191,r_23_49_37,seq73,r_23_49_37,1.0,-1,36,37,59
17,r_7_5_104,r_81_141_190,seq34,r_7_5_104,0.74,0,104,104,59
47,r_57_69_185,seq11,r_122_48_156,r_57_69_185,0.79,1,186,185,59
26,r_81_141_190,r_14_45_171,seq85,r_14_45_171,0.94,0,171,171,59
31,r_42_100_44,r_122_48_156,r_64_79_117,r_42_100_44,0.93,112,156,44,59
28,r_110_98_139,r_136_72_7,seq128,r_110_98_139,0.93,0,139,139,59
49,r_116_86_133,r_97_113_191,r_104_124_126,r_116_86_133,0.95,2,135,133,59
94,seq115,r_42_100_44,r_126_19_115,r_42_100_44,0.99,-8,36,44,59
7,r_38_90_113,seq93,seq85,r_38_90_113,1.0,0,113,113,59
12,r_41_139_154,seq101,seq84,r_41_139_154,0.99,1,155,154,59
93,seq115,r_80_122_73,seq0,r_80_122_73,1.0,1,74,73,60
36,r_57_135_72,seq26,seq139,r_57_135_72,1.0,0,72,72,60
92,seq113,r_46_148_168,r_87_123_91,r_87_123_91,0.98,5,96,91,60
66,seq35,r_92_105_97,r_39_126_148,r_39_126_148,0.91,23,171,148,60
14,r_11_15_159,r_99_21_124,r_61_20_80,r_61_20_80,0.7,22,102,80,60
5,r_91_42_25,r_11_15_159,seq75,r_91_42_25,0.97,1,26,25,60
53,seq7,r_39_126_148,r_109_94_63,r_109_94_63,0.65,85,148,63,60
83,seq89,r_62_120_96,seq116,r_62_120_96,1.0,0,96,96,60
55,seq138,r_128_140_185,r_74_14_82,r_74_14_82,1.0,6,88,82,60
16,r_86_76_109,r_38_2_146,r_132_9_9,r_132_9_9,0.76,101,110,9,60
21,r_92_105_97,seq75,seq117,r_92_105_97,0.65,0,97,97,60
39,r_80_122_73,seq115,seq75,r_80_122_73,1.0,0,73,73,60
1,r_3_72_81,seq34,seq47,r_3_72_81,1.0,4,85,81,60
46,r_79_145_6,r_36_77_114,seq95,r_36_77_114,1.0,0,114,114,60
42,r_58_127_74,seq30,r_110_25_136,r_58_127_74,1.0,0,74,74,60
45,r_62_120_96,seq89,seq108,r_62_120_96,1.0,0,96,96,60
20,r_16_96_54,seq95,seq75,r_16_96_54,1.0,-1,53,54,60
19,r_41_82_101,seq118,seq149,r_41_82_101,0.98,7,108,101,60
38,r_134_18_16,r_112_146_65,seq81,r_134_18_16,1.0,1,17,16,60
76,seq66,r_99_21_124,r_61_20_80,r_61_20_80,0.72,-1,79,80,60
31,r_110_25_136,seq106,r_58_127_74,r_58_127_74,1.0,11,85,74,60
13,r_61_20_80,r_11_15_159,r_28_129_110,r_61_20_80,0.98,43,123,80,60
10,r_74_14_82,r_87_123_91,seq138,r_74_14_82,0.99,1,83,82,60
47,r_56_78_55,r_131_69_166,r_29_133_137,r_29_133_137,0.6,0,137,137,60
90,seq107,r_29_133_137,seq143,r_29_133_137,1.0,0,137,137,60
26,r_38_2_146,r_86_76_109,r_61_20_80,r_38_2_146,0.7,-37,109,146,60
47,r_56_78_55,r_11_15_159,r_147_45_143,r_56_78_55,0.98,3,58,55,60
4,r_36_77_114,r_79_145_6,seq0,r_36_77_114,1.0,0,114,114,60
78,seq75,r_92_105_97,r_80_122_73,r_80_122_73,1.0,1,74,73,60
0,r_43_44_155,r_70_22_184,seq26,r_43_44_155,0.85,0,155,155,60
11,r_33_64_160,seq117,seq30,r_33_64_160,0.97,0,160,160,60
14,r_11_15_159,r_61_20_80,seq106,r_11_15_159,1.0,0,159,159,60
13,r_61_20_80,r_3_72_81,r_11_15_159,r_61_20_80,1.0,0,80,80,60
48,r_70_22_184,seq59,r_111_19_90,r_111_19_90,0.77,94,184,90,60
50,seq0,r_134_18_16,r_36_77_114,r_36_77_114,1.0,4,118,114,60
6,r_109_94_63,r_33_64_160,seq59,r_109_94_63,1.0,0,63,63,60
29,r_131_69_166,seq54,r_84_12_45,r_131_69_166,0.62,-152,14,166,60
62,seq24,r_32_40_161,r_57_135_72,r_57_135_72,1.0,101,173,72,60
26,r_38_2_146,r_61_20_80,r_132_9_9,r_38_2_146,1.0,0,146,146,60
27,r_137_93_157,seq119,seq102,r_137_93_157,0.98,0,157,157,60
7,r_10_104_39,r_4_52_75,seq98,r_10_104_39,1.0,2,41,39,60
87,seq101,r_103_97_187,r_109_94_63,r_109_94_63,1.0,57,120,63,60
2,r_39_126_148,seq7,r_84_12_45,r_39_126_148,0.92,0,148,148,60
40,r_128_140_185,seq26,seq35,r_128_140_185,0.47,0,185,185,60
74,seq59,r_43_44_155,r_109_94_63,r_109_94_63,1.0,44,107,63,60
18,r_87_123_91,seq0,seq113,r_87_123_91,1.0,0,91,91,60
24,r_147_45_143,r_79_145_6,r_28_129_110,r_147_45_143,0.93,0,143,143,60
25,r_29_133_137,seq107,r_56_78_55,r_29_133_137,0.99,0,137,137,60
33,r_65_1_183,seq85,r_10_104_39,r_10_104_39,0.61,144,183,39,60
64,seq30,r_58_127_74,seq141,r_58_127_74,1.0,1,75,74,60
88,seq102,r_112_146_65,seq53,r_112_146_65,1.0,0,65,65,60
29,r_131_69_166,r_84_12_45,seq54,r_84_12_45,0.71,3,48,45,60
65,seq34,r_3_72_81,seq85,r_3_72_81,1.0,4,85,81,60
68,seq47,seq6,r_3_72_81,r_3_72_81,0.78,-15,66,81,60
42,r_58_127_74,r_110_25_136,r_134_18_16,r_110_25_136,0.98,0,136,136,60
32,r_46_148_168,seq50,seq66,r_46_148_168,0.63,0,168,168,60
77,seq73,r_46_148_168,r_99_21_124,r_99_21_124,0.61,0,124,124,60
76,seq66,r_61_20_80,r_46_148_168,r_46_148_168,0.99,0,168,168,60
34,r_99_21_124,r_11_15_159,seq73,r_99_21_124,0.99,-1,123,124,60
31,r_110_25_136,r_58_127_74,seq119,r_110_25_136,0.99,0,136,136,60
60,seq149,seq85,r_41_82_101,r_41_82_101,0.98,8,109,101,60
81,seq85,r_65_1_183,seq34,r_65_1_183,0.82,-42,141,183,60
9,r_114_60_156,seq108,r_39_126_148,r_114_60_156,0.91,1,157,156,60
37,r_136_5_12,r_32_40_161,r_99_21_124,r_136_5_12,0.99,0,12,12,60
17,r_17_100_26,seq75,r_132_9_9,r_17_100_26,0.92,0,26,26,60
37,r_136_5_12,r_99_21_124,r_28_129_110,r_136_5_12,0.87,112,124,12,60
22,r_4_52_75,seq90,seq119,r_4_52_75,1.0,0,75,75,60
28,r_112_146_65,seq102,seq138,r_112_146_65,1.0,0,65,65,60
91,seq108,r_114_60_156,r_62_120_96,r_62_120_96,0.89,29,125,96,60
8,r_27_13_38,seq75,seq85,r_27_13_38,1.0,0,38,38,60
41,r_31_144_50,seq59,r_79_145_6,r_31_144_50,0.98,3,53,50,60
23,r_55_121_140,seq106,r_84_12_45,r_55_121_140,0.79,0,140,140,60
29,r_131_69_166,seq54,r_43_44_155,r_131_69_166,0.38,3,169,166,60
47,r_56_78_55,r_147_45_143,r_131_69_166,r_56_78_55,0.43,36,91,55,60
12,r_111_19_90,seq75,r_134_18_16,r_111_19_90,1.0,1,91,90,60
30,r_18_69_97,seq109,seq116,r_18_69_97,1.0,0,97,97,61
20,r_104_39_35,r_33_49_101,seq109,r_104_39_35,0.97,2,37,35,61
26,r_1_72_43,seq62,seq67,r_1_72_43,1.0,1,44,43,61
8,r_99_123_139,seq82,seq54,r_99_123_139,0.86,0,139,139,61
53,seq5,seq19,r_15_85_90,r_15_85_90,1.0,9,99,90,61
37,r_3_83_106,seq105,seq62,r_3_83_106,0.93,0,106,106,61
19,r_29_87_30,r_26_76_112,seq64,r_26_76_112,0.78,9,121,112,61
55,seq7,r_138_97_149,seq124,r_138_97_149,0.44,11,160,149,61
15,r_84_75_157,r_133_126_122,r_137_86_37,r_84_75_157,0.98,0,157,157,61
81,seq67,seq17,r_1_72_43,r_1_72_43,1.0,1,44,43,61
16,r_58_107_177,seq77,r_4_55_46,r_4_55_46,0.57,132,178,46,61
39,r_33_49_101,r_56_10_142,seq45,r_33_49_101,0.97,1,102,101,61
1,r_32_94_68,r_92_37_124,seq44,r_32_94_68,1.0,0,68,68,61
80,seq64,r_63_78_136,r_36_34_140,r_36_34_140,0.69,1,141,140,61
5,r_15_85_90,seq48,seq5,r_15_85_90,1.0,1,91,90,61
42,r_93_11_145,r_84_75_157,r_119_110_100,r_93_11_145,0.91,3,148,145,61
19,r_29_87_30,seq134,r_26_76_112,r_29_87_30,0.96,1,31,30,61
76,seq53,seq52,r_65_46_73,r_65_46_73,1.0,7,80,73,61
14,r_50_98_9,seq129,r_4_55_46,r_4_55_46,0.81,19,65,46,61
14,r_50_98_9,r_84_75_157,seq129,r_50_98_9,0.5,5,14,9,61
41,r_31_80_160,r_102_59_170,seq48,r_31_80_160,0.88,0,160,160,61
62,seq19,seq134,r_27_111_36,r_27_111_36,1.0,14,50,36,61
80,seq64,r_4_55_46,r_63_78_136,r_4_55_46,0.99,0,46,46,61
4,r_88_66_174,seq130,r_100_90_125,r_100_90_125,0.57,52,177,125,61
73,seq48,r_15_85_90,r_81_38_61,r_15_85_90,1.0,1,91,90,61
85,seq79,r_1_72_43,r_23_112_167,r_1_72_43,1.0,1,44,43,61
47,r_26_76_112,r_137_86_37,r_29_87_30,r_26_76_112,0.87,-92,20,112,61
15,r_84_75_157,r_93_11_145,r_133_126_122,r_133_126_122,0.54,8,130,122,61
6,r_23_112_167,seq120,r_93_11_145,r_23_112_167,0.72,1,168,167,61
21,r_13_14_115,seq28,r_136_30_74,r_136_30_74,0.91,44,118,74,61
79,seq62,r_1_72_43,seq21,r_1_72_43,1.0,1,44,43,61
27,r_95_139_103,seq130,r_16_101_32,r_95_139_103,0.77,1,104,103,61
12,r_57_145_23,seq77,seq142,r_57_145_23,1.0,-1,22,23,61
2,r_133_126_122,seq82,r_81_38_61,r_133_126_122,0.93,0,122,122,61
40,r_108_131_87,seq77,seq45,r_108_131_87,1.0,0,87,87,61
74,seq51,r_42_74_80,r_149_89_55,r_149_89_55,1.0,29,84,55,61
18,r_143_0_143,r_32_94_68,r_136_30_74,r_32_94_68,0.94,-8,60,68,61
29,r_36_34_140,r_102_59_170,seq64,r_36_34_140,0.84,0,140,140,61
24,r_68_127_88,seq53,seq43,r_68_127_88,0.97,0,88,88,61
43,r_63_78_136,r_29_87_30,seq130,r_63_78_136,0.86,1,137,136,61
43,r_63_78_136,r_4_55_46,r_29_87_30,r_63_78_136,0.6,-99,37,136,61
47,r_26_76_112,r_29_87_30,r_149_89_55,r_26_76_112,0.83,0,112,112,61
85,seq79,r_23_112_167,seq21,r_23_112_167,0.89,-18,149,167,61
25,r_117_132_58,r_133_126_122,seq71,r_117_132_58,0.72,0,58,58,61
32,r_41_118_114,r_92_37_124,r_15_85_90,r_41_118_114,0.99,0,114,114,61
38,r_136_30_74,r_95_139_103,r_143_0_143,r_136_30_74,0.8,0,74,74,61
38,r_136_30_74,r_143_0_143,r_13_14_115,r_136_30_74,0.83,40,114,74,61
64,seq22,seq116,r_18_69_97,r_18_69_97,0.99,58,155,97,61
46,r_149_89_55,r_140_144_105,seq51,r_149_89_55,1.0,0,55,55,61
17,r_91_125_89,seq109,seq44,r_91_125_89,0.98,0,89,89,61
0,r_27_111_36,seq105,seq19,r_27_111_36,1.0,1,37,36,61
9,r_65_46_73,seq47,seq53,r_65_46_73,1.0,0,73,73,61
3,r_4_55_46,seq64,r_50_98_9,r_4_55_46,1.0,0,46,46,61
96,seq120,r_100_90_125,seq21,r_100_90_125,0.87,0,125,125,61
89,seq105,r_27_111_36,r_16_101_32,r_27_111_36,1.0,1,37,36,61
22,r_119_110_100,seq116,seq12,r_119_110_100,0.84,1,101,100,61
34,r_137_86_37,seq121,seq109,r_137_86_37,0.98,0,37,37,61
7,r_42_74_80,seq51,seq35,r_42_74_80,0.71,4,84,80,61
18,r_143_0_143,r_136_30_74,seq45,r_143_0_143,0.99,0,143,143,61
59,seq142,seq141,r_57_145_23,r_57_145_23,0.96,19,42,23,61
44,r_100_90_125,seq120,r_42_74_80,r_100_90_125,0.78,0,125,125,61
23,r_81_38_61,r_15_85_90,r_93_11_145,r_15_85_90,0.98,-25,65,90,61
23,r_81_38_61,r_93_11_145,seq48,r_93_11_145,1.0,3,148,145,61
36,r_66_29_159,r_128_37_2,r_55_6_142,r_66_29_159,0.65,0,159,159,62
5,r_12_102_177,r_5_20_152,r_104_48_42,r_12_102_177,0.76,0,177,177,62
30,r_104_48_42,seq117,r_12_102_177,r_104_48_42,0.83,135,177,42,62
31,r_14_1_175,r_28_17_7,seq73,r_14_1_175,0.93,-132,43,175,62
54,seq9,r_30_145_62,seq0,r_30_145_62,1.0,0,62,62,62
37,r_114_54_145,r_35_27_166,seq0,r_114_54_145,0.95,0,145,145,62
10,r_31_119_176,r_12_102_177,r_65_131_52,r_65_131_52,0.98,0,52,52,62
41,r_35_27_166,seq50,r_129_90_32,r_35_27_166,0.97,0,166,166,62
55,seq140,seq57,r_4_109_107,r_4_109_107,0.72,-7,100,107,62
16,r_67_88_154,r_103_126_146,seq77,r_67_88_154,0.71,0,154,154,62
21,r_5_20_152,r_52_113_156,r_137_46_88,r_52_113_156,0.68,-4,152,156,62
39,r_78_130_116,seq73,r_22_125_66,r_78_130_116,0.99,0,116,116,62
1,r_25_86_172,seq146,r_30_145_62,r_30_145_62,0.76,111,173,62,62
5,r_12_102_177,r_61_64_143,r_137_46_88,r_137_46_88,1.0,34,122,88,62
30,r_104_48_42,r_4_109_107,seq117,r_4_109_107,0.84,56,163,107,62
25,r_137_46_88,r_49_68_112,r_12_102_177,r_49_68_112,0.82,0,112,112,62
80,seq79,seq72,r_78_130_116,r_78_130_116,1.0,47,163,116,62
45,r_138_40_83,seq63,r_65_131_52,r_138_40_83,1.0,0,83,83,62
30,r_104_48_42,seq117,r_22_125_66,r_104_48_42,0.56,2,44,42,62
93,seq108,seq7,r_16_69_15,r_16_69_15,0.98,24,39,15,62
0,r_52_113_156,r_49_68_112,seq19,r_52_113_156,0.89,0,156,156,62
65,seq44,seq77,r_80_135_36,r_80_135_36,0.92,11,47,36,62
19,r_61_64_143,r_49_68_112,r_12_102_177,r_49_68_112,1.0,-4,108,112,62
32,r_3_32_47,r_18_89_90,seq72,r_3_32_47,0.99,0,47,47,62
33,r_70_23_121,r_104_48_42,seq101,r_70_23_121,0.99,-13,108,121,62
44,r_22_125_66,r_70_23_121,r_104_48_42,r_104_48_42,0.56,4,46,42,62
30,r_104_48_42,r_22_125_66,r_4_109_107,r_22_125_66,0.56,6,72,66,62
41,r_35_27_166,r_114_54_145,seq50,r_114_54_145,0.65,-15,130,145,62
19,r_61_64_143,r_12_102_177,seq9,r_61_64_143,1.0,0,143,143,62
3,r_49_68_112,r_61_64_143,r_137_46_88,r_137_46_88,0.99,10,98,88,62
18,r_11_120_56,r_87_132_160,r_128_37_2,r_11_120_56,0.96,1,57,56,62
3,r_49_68_112,r_52_113_156,r_83_121_16,r_52_113_156,1.0,0,156,156,62
4,r_87_132_160,seq58,r_61_64_143,r_87_132_160,0.77,0,160,160,62
9,r_80_135_36,seq75,seq44,r_80_135_36,0.89,3,39,36,62
8,r_16_69_15,r_52_113_156,seq108,r_16_69_15,0.97,0,15,15,62
73,seq63,r_138_40_83,r_129_90_32,r_138_40_83,0.74,0,83,83,62
11,r_111_43_84,seq39,seq57,r_111_43_84,0.63,5,89,84,62
31,r_14_1_175,seq108,r_28_17_7,r_14_1_175,0.92,-148,27,175,62
13,r_34_99_173,seq97,r_104_48_42,r_104_48_42,0.67,131,173,42,62
47,r_129_90_32,r_34_99_173,seq39,r_129_90_32,0.98,-3,29,32,62
33,r_70_23_121,r_22_125_66,r_104_48_42,r_22_125_66,0.4,-25,41,66,62
15,r_81_13_140,seq97,r_148_36_67,r_81_13_140,0.96,0,140,140,62
20,r_65_131_52,seq15,r_31_119_176,r_65_131_52,1.0,0,52,52,62
31,r_14_1_175,seq73,r_128_37_2,r_128_37_2,0.8,171,173,2,62
85,seq93,seq76,r_10_118_57,r_10_118_57,1.0,13,70,57,62
48,r_26_95_37,r_30_145_62,seq53,r_26_95_37,1.0,0,37,37,62
0,r_52_113_156,r_10_118_57,r_49_68_112,r_49_68_112,1.0,1,113,112,62
10,r_31_119_176,r_65_131_52,seq60,r_65_131_52,0.57,124,176,52,62
27,r_18_89_90,seq53,seq75,r_18_89_90,1.0,1,91,90,62
44,r_22_125_66,r_104_48_42,seq79,r_22_125_66,0.89,6,72,66,62
2,r_128_37_2,seq44,r_11_120_56,r_11_120_56,1.0,25,81,56,62
29,r_127_51_182,seq72,r_31_119_176,r_127_51_182,0.44,0,182,182,62
24,r_38_71_96,r_62_105_197,seq42,r_38_71_96,1.0,0,96,96,62
25,r_137_46_88,r_134_149_150,r_49_68_112,r_137_46_88,0.69,0,88,88,62
20,r_65_131_52,r_31_119_176,r_138_40_83,r_138_40_83,0.84,93,176,83,62
14,r_94_33_28,seq60,seq108,r_94_33_28,1.0,2,30,28,62
28,r_122_141_54,seq19,r_66_29_159,r_122_141_54,1.0,0,54,54,62
38,r_148_36_67,seq136,r_26_95_37,r_26_95_37,0.99,33,70,37,62
77,seq75,r_114_54_145,r_18_89_90,r_18_89_90,0.93,55,145,90,62
97,seq117,r_104_48_42,seq63,r_104_48_42,1.0,6,48,42,62
34,r_4_109_107,seq39,seq140,r_4_109_107,0.77,3,110,107,62
5,r_12_102_177,r_137_46_88,r_5_20_152,r_137_46_88,0.45,65,153,88,62
17,r_134_149_150,seq21,seq97,r_134_149_150,0.75,0,150,150,62
3,r_49_68_112,r_137_46_88,r_52_113_156,r_49_68_112,0.54,0,112,112,62
6,r_83_121_16,seq136,seq58,r_83_121_16,0.96,0,16,16,62
28,r_122_141_54,r_66_29_159,r_128_37_2,r_66_29_159,1.0,-33,126,159,62
22,r_123_142_61,r_67_88_154,seq100,r_123_142_61,1.0,0,61,61,62
49,r_84_47_119,seq144,seq136,r_84_47_119,0.87,0,119,119,62
0,r_52_113_156,r_5_20_152,r_10_118_57,r_10_118_57,0.91,-9,48,57,62
23,r_8_2_157,seq144,r_52_113_156,r_8_2_157,0.58,0,157,157,62
25,r_137_46_88,r_12_102_177,r_65_131_52,r_12_102_177,0.97,-26,151,177,62
42,r_116_56_29,r_31_119_176,seq72,r_116_56_29,0.99,0,29,29,62
35,r_30_145_62,seq9,seq98,r_30_145_62,1.0,0,62,62,62
43,r_10_118_57,seq96,seq93,r_10_118_57,0.91,-9,48,57,62
8,r_102_35_39,r_89_101_139,r_85_22_188,r_102_35_39,1.0,0,39,39,63
36,r_113_72_101,r_31_3_113,seq12,r_113_72_101,1.0,0,101,101,63
14,r_33_95_182,r_88_108_3,seq14,r_33_95_182,0.47,0,182,182,63
64,seq133,seq40,r_93_119_17,r_93_119_17,0.91,17,34,17,63
31,r_1_28_40,seq16,r_89_101_139,r_1_28_40,1.0,0,40,40,63
32,r_18_116_132,seq97,r_2_140_28,r_2_140_28,1.0,17,45,28,63
19,r_89_101_139,r_1_28_40,seq46,r_89_101_139,0.83,1,140,139,63
55,seq12,seq68,r_113_72_101,r_113_72_101,1.0,1,102,101,63
86,seq78,r_31_3_113,r_112_96_6,r_31_3_113,0.99,0,113,113,63
2,r_2_140_28,r_117_110_160,r_18_116_132,r_2_140_28,1.0,0,28,28,63
26,r_139_19_66,r_122_17_64,r_31_3_113,r_139_19_66,0.95,33,99,66,63
42,r_122_17_64,seq62,r_41_36_159,r_122_17_64,1.0,0,64,64,63
43,r_0_144_30,seq107,seq46,r_0_144_30,0.97,2,32,30,63
30,r_57_99_43,r_139_19_66,r_93_119_17,r_57_99_43,0.29,116,159,43,63
32,r_18_116_132,r_2_140_28,seq26,r_18_116_132,1.0,0,132,132,63
45,r_41_36_159,r_122_17_64,r_13_94_105,r_41_36_159,1.0,0,159,159,63
69,seq45,r_55_126_173,r_15_23_56,r_15_23_56,1.0,118,174,56,63
45,r_41_36_159,seq70,r_122_17_64,r_122_17_64,1.0,40,104,64,63
41,r_6_48_25,seq115,seq42,r_6_48_25,0.67,0,25,25,63
11,r_66_121_31,r_34_10_65,seq64,r_66_121_31,1.0,0,31,31,63
1,r_120_74_34,seq90,r_66_121_31,r_120_74_34,1.0,0,34,34,63
77,seq62,seq16,r_104_105_103,r_104_105_103,0.94,16,119,103,63
12,r_93_119_17,seq129,seq133,r_93_119_17,0.96,0,17,17,63
67,seq40,seq115,r_30_124_133,r_30_124_133,1.0,3,136,133,63
30,r_57_99_43,r_41_36_159,r_139_19_66,r_41_36_159,0.53,-64,95,159,63
10,r_25_82_79,seq56,r_66_121_31,r_25_82_79,1.0,0,79,79,63
26,r_139_19_66,r_92_128_198,r_122_17_64,r_139_19_66,0.99,0,66,66,63
8,r_102_35_39,r_85_22_188,r_88_108_3,r_85_22_188,0.67,0,188,188,63
4,r_8_143_161,r_106_52_191,r_73_47_9,r_8_143_161,0.82,1,162,161,63
48,r_34_10_65,seq97,r_6_48_25,r_34_10_65,1.0,0,65,65,63
21,r_38_81_50,r_122_17_64,r_2_140_28,r_38_81_50,1.0,0,50,50,63
21,r_38_81_50,r_2_140_28,r_54_4_145,r_54_4_145,1.0,19,164,145,63
0,r_15_23_56,r_41_36_159,seq45,r_15_23_56,1.0,0,56,56,63
2,r_2_140_28,r_18_116_132,r_38_81_50,r_2_140_28,0.99,80,108,28,63
5,r_31_3_113,r_112_96_6,r_139_19_66,r_31_3_113,1.0,0,113,113,63
27,r_117_110_160,seq75,seq142,r_117_110_160,0.93,0,160,160,63
22,r_112_96_6,r_31_3_113,seq78,r_31_3_113,1.0,0,113,113,63
47,r_134_7_119,r_109_27_121,seq63,r_134_7_119,0.72,3,122,119,63
40,r_149_136_116,seq58,r_102_35_39,r_149_136_116,0.5,1,117,116,63
18,r_104_105_103,r_55_126_173,seq147,r_104_105_103,0.94,0,103,103,63
29,r_30_124_133,seq138,seq40,r_30_124_133,1.0,0,133,133,63
24,r_109_27_121,r_134_7_119,r_73_47_9,r_134_7_119,0.72,3,122,119,63
35,r_85_22_188,r_102_35_39,r_8_143_161,r_85_22_188,0.7,0,188,188,63
25,r_127_77_128,seq24,r_1_28_40,r_127_77_128,0.76,0,128,128,63
19,r_89_101_139,r_102_35_39,r_1_28_40,r_89_101_139,1.0,-98,41,139,63
70,seq46,r_80_67_175,r_0_144_30,r_0_144_30,0.88,77,107,30,63
42,r_122_17_64,r_41_36_159,seq70,r_41_36_159,1.0,0,159,159,63
38,r_141_83_63,r_25_82_79,seq53,r_25_82_79,0.98,-11,68,79,63
52,seq135,r_31_3_113,seq63,r_31_3_113,1.0,-32,81,113,63
77,seq62,r_122_17_64,seq16,r_122_17_64,0.94,0,64,64,63
70,seq46,r_0_144_30,r_89_101_139,r_89_101_139,0.95,2,141,139,63
30,r_57_99_43,r_11_65_187,r_41_36_159,r_57_99_43,0.72,0,43,43,63
46,r_60_86_38,r_30_124_133,seq146,r_60_86_38,1.0,0,38,38,63
17,r_13_94_105,seq137,r_41_36_159,r_13_94_105,0.61,55,160,105,63
79,seq64,r_109_27_121,r_66_121_31,r_66_121_31,1.0,19,50,31,63
31,r_1_28_40,r_89_101_139,r_127_77_128,r_127_77_128,0.84,16,144,128,63
28,r_91_100_42,seq138,r_111_118_102,r_111_118_102,0.45,-23,79,102,63
35,r_85_22_188,r_54_4_145,r_102_35_39,r_102_35_39,0.81,1,40,39,63
7,r_145_21_141,r_8_143_161,seq51,r_145_21_141,0.92,0,141,141,63
44,r_11_65_187,seq137,r_112_96_6,r_11_65_187,0.41,1,188,187,63
23,r_44_37_169,seq146,seq115,r_44_37_169,0.68,0,169,169,63
82,seq70,r_41_36_159,r_122_17_64,r_122_17_64,1.0,95,159,64,63
40,r_149_136_116,r_102_35_39,r_60_86_38,r_60_86_38,0.49,103,141,38,63
84,seq75,r_117_110_160,seq115,r_117_110_160,1.0,-7,153,160,63
36,r_49_15_97,r_28_79_184,seq40,r_49_15_97,1.0,0,97,97,64
14,r_145_99_116,seq103,r_8_70_69,r_8_70_69,1.0,0,69,69,64
8,r_126_43_158,seq89,seq130,r_126_43_158,0.63,1,159,158,64
53,seq132,r_97_122_180,r_120_88_122,r_120_88_122,0.67,0,122,122,64
43,r_8_70_69,seq40,r_145_99_116,r_8_70_69,1.0,0,69,69,64
54,seq6,r_90_136_168,seq82,r_90_136_168,0.99,0,168,168,64
37,r_120_88_122,r_92_16_91,seq32,r_92_16_91,1.0,1,92,91,64
16,r_125_108_71,r_36_98_194,seq115,r_125_108_71,0.39,79,150,71,64
21,r_14_119_175,seq118,r_92_16_91,r_14_119_175,0.52,2,177,175,64
37,r_120_88_122,seq32,seq132,r_120_88_122,0.99,0,122,122,64
97,seq121,r_36_98_194,seq115,r_36_98_194,0.41,-44,150,194,64
49,r_52_45_55,r_49_15_97,r_58_67_103,r_52_45_55,0.95,1,56,55,64
30,r_140_47_51,seq22,seq89,r_140_47_51,0.37,38,89,51,64
48,r_28_79_184,seq63,r_25_91_131,r_25_91_131,0.55,24,155,131,64
18,r_95_141_45,seq22,r_5_27_196,r_95_141_45,0.97,0,45,45,64
60,seq19,r_77_100_5,r_138_51_56,r_138_51_56,1.0,10,66,56,64
66,seq34,r_66_112_114,r_148_75_187,r_66_112_114,1.0,-15,99,114,64
31,r_68_85_67,seq11,r_105_23_42,r_68_85_67,0.99,0,67,67,64
10,r_38_80_106,seq74,seq102,r_38_80_106,1.0,0,106,106,64
26,r_58_67_103,seq129,r_8_70_69,r_8_70_69,1.0,6,75,69,64
0,r_66_112_114,seq34,r_3_65_87,r_66_112_114,0.73,1,115,114,64
11,r_29_144_152,seq74,r_149_39_125,r_149_39_125,0.97,28,153,125,64
20,r_149_39_125,seq18,r_29_144_152,r_149_39_125,0.99,4,129,125,64
3,r_41_4_46,seq106,seq81,r_41_4_46,0.91,3,49,46,64
13,r_117_135_115,seq63,seq10,r_117_135_115,0.97,0,115,115,64
46,r_86_7_25,seq35,r_0_42_74,r_0_42_74,1.0,28,102,74,64
39,r_105_23_42,r_77_100_5,seq116,r_105_23_42,1.0,0,42,42,64
74,seq63,r_28_79_184,r_25_91_131,r_28_79_184,0.78,-14,170,184,64
15,r_113_131_90,seq103,seq46,r_113_131_90,1.0,3,93,90,64
48,r_28_79_184,r_49_15_97,seq63,r_49_15_97,1.0,0,97,97,64
30,r_140_47_51,r_149_39_125,seq22,r_140_47_51,0.76,1,52,51,64
45,r_138_51_56,r_66_112_114,seq19,r_138_51_56,1.0,0,56,56,64
83,seq81,r_1_109_179,r_41_4_46,r_41_4_46,0.94,0,46,46,64
6,r_48_26_127,seq40,seq103,r_48_26_127,0.96,0,127,127,64
85,seq89,r_126_43_158,r_148_75_187,r_126_43_158,0.74,1,159,158,64
43,r_8_70_69,r_145_99_116,r_92_16_91,r_145_99_116,0.95,0,116,116,64
42,r_33_73_30,r_58_67_103,seq22,r_33_73_30,1.0,2,32,30,64
33,r_3_65_87,r_33_73_30,r_66_112_114,r_66_112_114,0.96,1,115,114,64
18,r_95_141_45,r_5_27_196,r_101_134_82,r_101_134_82,1.0,22,104,82,64
2,r_92_16_91,r_120_88_122,r_8_70_69,r_92_16_91,1.0,1,92,91,64
40,r_97_122_180,seq132,r_126_43_158,r_97_122_180,0.66,1,181,180,64
74,seq63,r_117_135_115,r_28_79_184,r_117_135_115,0.96,0,115,115,64
29,r_50_56_183,seq18,seq22,r_50_56_183,0.31,0,183,183,64
19,r_77_100_5,r_105_23_42,seq19,r_105_23_42,1.0,0,42,42,64
26,r_58_67_103,r_8_70_69,seq40,r_58_67_103,1.0,0,103,103,64
33,r_3_65_87,r_36_98_194,r_33_73_30,r_3_65_87,0.74,0,87,87,64
49,r_52_45_55,r_58_67_103,r_8_70_69,r_52_45_55,0.57,18,73,55,64
42,r_33_73_30,seq22,r_3_65_87,r_3_65_87,1.0,29,116,87,64
32,r_37_53_111,seq94,r_8_70_69,r_37_53_111,0.51,0,111,111,64
38,r_142_60_171,seq13,r_25_91_131,r_25_91_131,0.69,40,171,131,64
34,r_87_12_75,r_149_39_125,seq74,r_87_12_75,0.9,0,75,75,64
95,seq116,r_17_84_169,r_105_23_42,r_105_23_42,1.0,11,53,42,64
81,seq76,r_3_65_87,seq13,r_3_65_87,0.92,-27,60,87,64
90,seq106,r_41_4_46,r_57_143_1,r_41_4_46,0.95,3,49,46,64
14,r_145_99_116,r_8_70_69,seq13,r_145_99_116,1.0,0,116,116,64
96,seq118,r_14_119_175,r_66_112_114,r_14_119_175,0.43,3,178,175,64
22,r_101_134_82,r_38_80_106,r_95_141_45,r_101_134_82,0.91,0,82,82,64
28,r_90_136_168,seq82,r_120_88_122,r_90_136_168,0.67,1,169,168,64
91,seq107,r_29_144_152,r_113_131_90,r_113_131_90,0.97,52,142,90,64
23,r_31_83_107,seq111,seq130,r_31_83_107,1.0,1,108,107,64
48,r_28_79_184,r_25_91_131,seq111,r_28_79_184,0.8,0,184,184,64
89,seq103,r_92_16_91,r_48_26_127,r_48_26_127,1.0,1,128,127,64
35,r_62_104_166,seq64,r_25_91_131,r_62_104_166,0.74,0,166,166,64
12,r_146_139_77,r_25_91_131,seq35,r_146_139_77,1.0,0,77,77,64
36,r_113_30_169,seq89,seq36,r_113_30_169,0.74,0,169,169,65
57,seq19,r_37_49_162,r_20_4_97,r_37_49_162,0.98,1,163,162,65
47,r_42_129_30,r_107_134_83,seq32,r_107_134_83,0.49,-2,81,83,65
66,seq36,seq81,r_113_30_169,r_113_30_169,0.7,0,169,169,65
14,r_46_52_160,r_77_15_117,seq38,r_77_15_117,1.0,-5,112,117,65
8,r_148_55_87,seq14,seq12,r_148_55_87,0.96,1,88,87,65
53,seq135,r_70_76_63,seq51,r_70_76_63,1.0,1,64,63,65
32,r_17_18_8,seq6,r_37_49_162,r_17_18_8,1.0,2,10,8,65
68,seq39,seq84,r_41_11_123,r_41_11_123,1.0,8,131,123,65
37,r_47_50_115,seq146,r_77_15_117,r_47_50_115,0.98,2,117,115,65
16,r_20_4_97,seq32,r_60_101_19,r_20_4_97,1.0,0,97,97,65
21,r_8_145_136,seq62,r_104_131_109,r_8_145_136,0.94,0,136,136,65
1,r_105_22_128,seq19,r_121_117_199,r_105_22_128,0.97,0,128,128,65
5,r_112_98_98,r_118_138_192,r_16_58_54,r_112_98_98,1.0,0,98,98,65
46,r_121_117_199,seq14,r_143_1_185,r_143_1_185,0.54,-104,81,185,65
42,r_104_131_109,r_92_21_6,seq38,r_104_131_109,0.78,2,111,109,65
80,seq75,r_66_82_152,r_107_134_83,r_107_134_83,0.98,69,152,83,65
47,r_42_129_30,seq32,r_108_119_140,r_108_119_140,0.88,0,140,140,65
32,r_17_18_8,r_37_49_162,r_118_138_192,r_37_49_162,0.52,0,162,162,65
69,seq40,r_106_2_116,seq62,r_106_2_116,1.0,0,116,116,65
20,r_16_58_54,seq93,r_112_98_98,r_112_98_98,1.0,2,100,98,65
41,r_10_116_13,seq93,seq91,r_10_116_13,0.99,-1,12,13,65
46,r_121_117_199,r_143_1_185,r_105_22_128,r_105_22_128,0.98,1,129,128,65
27,r_60_101_19,r_47_50_115,r_20_4_97,r_60_101_19,1.0,93,112,19,65
76,seq62,r_8_145_136,seq40,r_8_145_136,1.0,0,136,136,65
31,r_137_63_112,r_148_55_87,r_28_68_80,r_137_63_112,0.95,-31,81,112,65
62,seq31,r_3_140_56,seq51,r_3_140_56,1.0,0,56,56,65
3,r_45_110_157,seq64,r_67_144_125,r_67_144_125,1.0,5,130,125,65
10,r_41_11_123,seq81,seq39,r_41_11_123,0.97,0,123,123,65
72,seq48,r_65_25_173,seq94,r_65_25_173,0.86,-1,172,173,65
4,r_143_1_185,r_45_110_157,r_17_18_8,r_143_1_185,0.38,0,185,185,65
0,r_71_136_176,seq57,r_69_141_7,r_71_136_176,0.4,-80,96,176,65
63,seq32,r_7_142_92,seq29,r_7_142_92,1.0,0,92,92,65
11,r_34_128_77,r_112_98_98,r_137_63_112,r_34_128_77,1.0,0,77,77,65
98,seq125,r_46_52_160,seq96,r_46_52_160,0.48,-83,77,160,65
15,r_13_23_178,seq75,r_113_30_169,r_13_23_178,0.33,4,182,178,65
48,r_65_25_173,seq48,seq109,r_65_25_173,0.54,-1,172,173,65
57,seq19,r_105_22_128,r_37_49_162,r_105_22_128,0.97,0,128,128,65
6,r_7_142_92,seq32,seq146,r_7_142_92,0.98,0,92,92,65
0,r_71_136_176,r_69_141_7,r_126_86_2,r_71_136_176,0.43,0,176,176,65
34,r_85_130_43,r_59_122_182,seq83,r_85_130_43,1.0,1,44,43,65
91,seq96,r_16_58_54,seq72,r_16_58_54,1.0,0,54,54,65
14,r_46_52_160,seq38,seq84,r_46_52_160,0.99,1,161,160,65
29,r_118_138_192,r_112_98_98,r_17_18_8,r_112_98_98,0.88,0,98,98,65
28,r_3_140_56,seq31,seq24,r_3_140_56,1.0,1,57,56,65
24,r_77_15_117,r_46_52_160,r_47_50_115,r_77_15_117,0.93,0,117,117,65
25,r_70_76_63,seq135,r_85_130_43,r_70_76_63,1.0,0,63,63,65
33,r_28_68_80,r_107_134_83,r_137_63_112,r_137_63_112,1.0,-31,81,112,65
43,r_115_120_36,seq73,r_10_116_13,r_115_120_36,1.0,1,37,36,65
27,r_60_101_19,r_46_52_160,r_47_50_115,r_46_52_160,0.71,-142,18,160,65
88,seq91,seq89,r_115_120_36,r_115_120_36,0.99,70,106,36,65
50,seq0,r_8_145_136,seq40,r_8_145_136,0.98,2,138,136,65
47,r_42_129_30,r_108_119_140,r_107_134_83,r_42_129_30,0.99,0,30,30,65
12,r_108_119_140,seq109,r_47_50_115,r_47_50_115,1.0,-1,114,115,65
60,seq27,r_59_122_182,r_61_79_144,r_59_122_182,0.9,-32,150,182,65
9,r_149_90_66,seq84,seq99,r_149_90_66,1.0,0,66,66,65
18,r_37_49_162,r_112_98_98,r_17_18_8,r_112_98_98,0.63,-45,53,98,65
12,r_108_119_140,r_47_50_115,r_42_129_30,r_108_119_140,1.0,0,140,140,65
28,r_3_140_56,seq24,r_66_82_152,r_66_82_152,1.0,4,156,152,65
22,r_106_2_116,seq40,r_107_134_83,r_106_2_116,0.94,0,116,116,65
49,r_123_9_181,seq96,seq72,r_123_9_181,0.64,-75,106,181,65
94,seq109,seq114,r_65_25_173,r_65_25_173,0.6,3,176,173,65
89,seq93,seq12,r_16_58_54,r_16_58_54,1.0,2,56,54,65
7,r_56_5_141,seq78,seq40,r_56_5_141,0.95,0,141,141,65
18,r_37_49_162,r_17_18_8,r_104_131_109,r_37_49_162,0.83,0,162,162,65
44,r_67_144_125,seq38,r_45_110_157,r_67_144_125,0.94,0,125,125,65
23,r_66_82_152,seq75,r_3_140_56,r_66_82_152,0.93,0,152,152,65
17,r_92_21_6,r_104_131_109,seq72,r_104_131_109,1.0,2,111,109,65
82,seq81,r_41_11_123,r_126_86_2,r_41_11_123,0.95,0,123,123,65
58,seq24,seq96,r_3_140_56,r_3_140_56,1.0,1,57,56,65
35,r_111_95_113,r_45_110_157,r_20_4_97,r_111_95_113,0.99,1,114,113,65
12,r_108_119_140,seq39,seq109,r_108_119_140,0.37,-68,72,140,65
95,seq114,seq109,r_47_50_115,r_47_50_115,0.98,24,139,115,65
20,r_16_58_54,seq96,seq93,r_16_58_54,1.0,0,54,54,65
36,r_137_80_63,r_133_84_150,seq130,r_137_80_63,1.0,0,63,63,66
14,r_12_105_189,r_74_149_93,seq101,r_74_149_93,1.0,-3,90,93,66
8,r_85_27_75,seq124,seq110,r_85_27_75,1.0,-1,74,75,66
43,r_113_94_127,seq124,r_128_141_115,r_113_94_127,1.0,0,127,127,66
30,r_116_96_14,r_59_121_90,seq32,r_59_121_90,0.63,-72,18,90,66
54,seq10,r_30_134_99,seq21,r_30_134_99,1.0,0,99,99,66
37,r_56_26_154,seq21,seq16,r_56_26_154,0.59,0,154,154,66
59,seq18,r_70_6_97,r_59_121_90,r_70_6_97,0.87,-7,90,97,66
71,seq48,r_55_42_142,r_122_57_144,r_122_57_144,1.0,29,173,144,66
16,r_30_134_99,seq10,seq91,r_30_134_99,0.95,0,99,99,66
39,r_4_31_74,seq112,seq52,r_4_31_74,1.0,0,74,74,66
97,seq124,r_113_94_127,r_67_19_12,r_113_94_127,0.89,0,127,127,66
5,r_122_57_144,seq124,r_5_45_67,r_5_45_67,1.0,53,120,67,66
46,r_132_64_79,r_47_34_1,r_60_39_138,r_132_64_79,0.86,1,80,79,66
27,r_81_100_83,seq146,r_28_115_11,r_28_115_11,0.77,13,24,11,66
32,r_28_115_11,r_81_100_83,seq143,r_81_100_83,1.0,0,83,83,66
46,r_132_64_79,r_60_39_138,seq109,r_60_39_138,0.64,1,139,138,66
22,r_41_83_36,r_133_84_150,r_54_107_15,r_41_83_36,1.0,0,36,36,66
27,r_81_100_83,r_28_115_11,seq32,r_81_100_83,1.0,0,83,83,66
11,r_54_107_15,r_53_111_169,seq22,r_54_107_15,0.99,0,15,15,66
17,r_60_39_138,r_98_135_47,r_142_145_27,r_60_39_138,0.86,-92,46,138,66
13,r_67_19_12,r_129_2_54,r_120_147_6,r_67_19_12,0.83,-1,11,12,66
3,r_117_136_172,seq140,r_70_6_97,r_117_136_172,0.33,0,172,172,66
42,r_129_2_54,seq37,r_59_121_90,r_129_2_54,0.99,0,54,54,66
2,r_59_121_90,r_129_2_54,seq18,r_59_121_90,0.94,1,91,90,66
10,r_5_45_67,seq66,seq112,r_5_45_67,1.0,0,67,67,66
23,r_70_6_97,r_78_144_131,r_29_138_66,r_78_144_131,1.0,0,131,131,66
17,r_60_39_138,r_132_64_79,seq99,r_60_39_138,0.92,1,139,138,66
14,r_12_105_189,seq101,seq10,r_12_105_189,0.31,0,189,189,66
4,r_68_73_124,seq92,seq63,r_68_73_124,0.75,0,124,124,66
2,r_59_121_90,seq146,r_129_2_54,r_129_2_54,1.0,2,56,54,66
20,r_71_103_117,r_133_84_150,r_74_149_93,r_74_149_93,0.76,25,118,93,66
29,r_17_33_26,r_70_6_97,r_88_38_111,r_17_33_26,0.7,0,26,26,66
15,r_128_141_115,seq15,r_133_84_150,r_128_141_115,0.96,1,116,115,66
48,r_35_49_170,seq95,seq11,r_35_49_170,0.68,0,170,170,66
6,r_74_149_93,r_12_105_189,r_8_126_190,r_74_149_93,0.96,1,94,93,66
87,seq95,r_35_49_170,seq21,r_35_49_170,1.0,0,170,170,66
35,r_148_23_32,seq91,seq140,r_148_23_32,0.57,-8,24,32,66
40,r_13_131_196,r_114_86_128,r_68_73_124,r_13_131_196,0.88,-68,128,196,66
18,r_51_102_181,seq66,r_44_40_167,r_51_102_181,0.52,-78,103,181,66
24,r_78_144_131,seq65,r_70_6_97,r_70_6_97,1.0,1,98,97,66
25,r_29_138_66,seq22,seq65,r_29_138_66,1.0,0,66,66,66
21,r_142_145_27,r_128_141_115,seq109,r_142_145_27,0.79,-1,26,27,66
33,r_0_50_107,seq101,seq9,r_0_50_107,0.92,0,107,107,66
47,r_88_38_111,r_17_33_26,r_148_23_32,r_88_38_111,1.0,0,111,111,66
88,seq99,r_72_97_198,r_60_39_138,r_60_39_138,0.53,9,147,138,66
50,seq130,r_76_118_178,r_137_80_63,r_137_80_63,1.0,37,100,63,66
6,r_74_149_93,r_8_126_190,r_54_107_15,r_74_149_93,0.49,88,181,93,66
65,seq32,r_58_77_85,r_116_96_14,r_58_77_85,0.98,1,86,85,66
17,r_60_39_138,r_142_145_27,r_132_64_79,r_60_39_138,0.64,-56,82,138,66
15,r_128_141_115,r_133_84_150,r_113_94_127,r_133_84_150,0.99,1,151,150,66
47,r_88_38_111,r_129_2_54,r_17_33_26,r_88_38_111,0.98,-66,45,111,66
34,r_104_87_186,seq9,seq139,r_104_87_186,0.47,1,187,186,66
1,r_89_1_28,r_60_39_138,seq127,r_89_1_28,0.98,0,28,28,66
44,r_133_84_150,r_71_103_117,r_128_141_115,r_133_84_150,1.0,-35,115,150,66
44,r_133_84_150,r_128_141_115,seq37,r_133_84_150,0.98,0,150,150,66
0,r_62_14_21,seq140,seq66,r_62_14_21,1.0,0,21,21,66
9,r_114_86_128,r_13_131_196,seq36,r_114_86_128,0.86,0,128,128,66
32,r_28_115_11,r_41_83_36,r_81_100_83,r_28_115_11,0.85,0,11,11,66
29,r_17_33_26,r_88_38_111,seq37,r_88_38_111,1.0,0,111,111,66
28,r_44_40_167,r_104_87_186,r_98_135_47,r_44_40_167,0.68,0,167,167,66
49,r_58_77_85,seq32,seq143,r_58_77_85,0.99,1,86,85,66
24,r_78_144_131,r_70_6_97,r_148_23_32,r_78_144_131,0.89,0,131,131,66
7,r_8_126_190,seq22,r_74_149_93,r_74_149_93,1.0,1,94,93,66
44,r_133_84_150,r_137_80_63,r_71_103_117,r_137_80_63,1.0,0,63,63,66
5,r_122_57_144,r_5_45_67,seq92,r_122_57_144,0.67,-1,143,144,66
23,r_70_6_97,seq18,r_78_144_131,r_70_6_97,0.92,0,97,97,66
19,r_98_135_47,r_60_39_138,seq15,r_98_135_47,1.0,0,47,47,66
12,r_53_111_169,seq65,r_28_115_11,r_53_111_169,0.58,0,169,169,66
42,r_129_2_54,r_59_121_90,r_28_115_11,r_129_2_54,0.61,51,105,54,66
84,seq91,r_148_23_32,r_30_134_99,r_30_134_99,0.69,-1,98,99,66
30,r_101_14_84,seq134,r_105_95_143,r_101_14_84,0.99,0,84,84,67
5,r_16_56_42,r_58_73_185,r_19_83_46,r_16_56_42,0.99,3,45,42,67
92,seq109,r_126_78_188,r_105_95_143,r_105_95_143,0.97,45,188,143,67
14,r_25_129_140,seq149,r_87_60_111,r_25_129_140,0.95,0,140,140,67
8,r_96_51_136,r_111_62_166,r_135_30_21,r_96_51_136,0.99,0,136,136,67
43,r_90_80_113,r_81_88_121,r_10_108_14,r_90_80_113,0.83,0,113,113,67
59,seq144,seq28,r_6_148_88,r_6_148_88,1.0,8,96,88,67
16,r_122_41_176,seq34,r_90_80_113,r_90_80_113,1.0,64,177,113,67
21,r_38_40_191,r_106_130_154,r_10_108_14,r_38_40_191,0.85,-37,154,191,67
46,r_113_5_107,r_77_118_142,seq112,r_113_5_107,0.87,-2,105,107,67
42,r_82_94_160,r_77_118_142,r_65_36_102,r_65_36_102,0.45,0,102,102,67
35,r_19_83_46,seq107,r_16_56_42,r_19_83_46,0.99,-1,45,46,67
44,r_65_36_102,r_82_94_160,seq4,r_82_94_160,1.0,0,160,160,67
69,seq34,r_122_41_176,seq31,r_122_41_176,0.55,1,177,176,67
45,r_47_3_181,r_99_137_118,seq53,r_99_137_118,1.0,0,118,118,67
19,r_106_130_154,r_38_40_191,r_50_85_98,r_106_130_154,0.85,2,156,154,67
39,r_8_70_19,r_50_85_98,seq140,r_8_70_19,1.0,0,19,19,67
95,seq116,seq61,r_11_2_120,r_11_2_120,1.0,32,152,120,67
11,r_24_86_13,r_27_110_162,seq143,r_24_86_13,0.77,0,13,13,67
31,r_87_60_111,seq0,r_58_73_185,r_87_60_111,1.0,0,111,111,67
36,r_7_9_52,seq15,seq34,r_7_9_52,1.0,1,53,52,67
71,seq42,r_43_125_108,seq145,r_43_125_108,0.97,-80,28,108,67
30,r_101_14_84,r_105_95_143,r_81_88_121,r_105_95_143,0.52,-20,123,143,67
80,seq140,r_117_114_164,r_8_70_19,r_8_70_19,0.94,0,19,19,67
26,r_43_125_108,seq42,seq54,r_43_125_108,0.92,0,108,108,67
4,r_100_79_86,r_87_60_111,seq112,r_100_79_86,1.0,1,87,86,67
0,r_136_57_95,r_25_129_140,r_100_79_86,r_136_57_95,1.0,0,95,95,67
73,seq52,r_76_146_172,r_101_14_84,r_101_14_84,1.0,25,109,84,67
13,r_77_118_142,seq22,r_92_124_10,r_77_118_142,0.57,0,142,142,67
15,r_66_37_169,seq31,r_77_118_142,r_66_37_169,0.75,0,169,169,67
48,r_138_49_62,seq53,r_24_86_13,r_138_49_62,1.0,1,63,62,67
6,r_131_69_124,seq112,r_81_88_121,r_131_69_124,0.89,0,124,124,67
1,r_68_59_48,seq102,seq145,r_68_59_48,1.0,-3,45,48,67
99,seq149,r_25_129_140,seq63,r_25_129_140,1.0,0,140,140,67
27,r_147_72_96,r_27_110_162,seq128,r_27_110_162,1.0,1,163,162,67
49,r_46_1_54,seq119,seq71,r_46_1_54,1.0,0,54,54,67
41,r_45_13_32,r_111_62_166,seq115,r_111_62_166,0.55,-27,139,166,67
47,r_58_73_185,r_16_56_42,r_126_78_188,r_16_56_42,1.0,-7,35,42,67
40,r_97_18_137,seq119,r_96_51_136,r_97_18_137,0.93,0,137,137,67
29,r_81_88_121,seq115,r_101_14_84,r_81_88_121,0.94,2,123,121,67
24,r_48_32_91,seq15,r_92_124_10,r_48_32_91,0.85,10,101,91,67
47,r_58_73_185,r_87_60_111,seq63,r_58_73_185,0.73,0,185,185,67
10,r_135_30_21,r_43_125_108,seq53,r_43_125_108,0.51,-86,22,108,67
25,r_11_2_120,r_77_118_142,seq116,r_11_2_120,0.94,1,121,120,67
47,r_58_73_185,r_126_78_188,r_87_60_111,r_87_60_111,1.0,1,112,111,67
20,r_142_127_183,r_45_13_32,seq75,r_45_13_32,1.0,0,32,32,67
42,r_82_94_160,r_65_36_102,seq115,r_82_94_160,1.0,0,160,160,67
20,r_142_127_183,seq75,r_133_29_41,r_133_29_41,0.51,143,184,41,67
32,r_105_95_143,seq141,seq109,r_105_95_143,0.98,0,143,143,67
60,seq17,r_117_114_164,seq109,r_117_114_164,0.76,0,164,164,67
2,r_133_29_41,r_68_59_48,seq53,r_133_29_41,0.83,-2,39,41,67
17,r_35_67_93,seq54,seq107,r_35_67_93,0.73,1,94,93,67
9,r_27_110_162,r_147_72_96,r_136_57_95,r_27_110_162,0.96,-1,161,162,67
38,r_10_108_14,r_6_148_88,seq139,r_10_108_14,0.55,1,15,14,67
31,r_87_60_111,r_58_73_185,r_111_62_166,r_87_60_111,0.96,66,177,111,67
28,r_111_62_166,r_45_13_32,r_25_129_140,r_111_62_166,0.67,1,167,166,67
22,r_6_148_88,r_131_69_124,seq144,r_6_148_88,1.0,0,88,88,67
28,r_111_62_166,r_96_51_136,r_45_13_32,r_45_13_32,0.58,-1,31,32,67
7,r_50_85_98,r_76_146_172,seq61,r_50_85_98,0.98,1,99,98,67
44,r_65_36_102,r_106_130_154,r_82_94_160,r_65_36_102,0.96,0,102,102,67
41,r_45_13_32,r_142_127_183,r_111_62_166,r_45_13_32,0.99,-1,31,32,67
23,r_126_78_188,seq109,r_23_121_45,r_23_121_45,0.95,143,188,45,67
91,seq107,r_19_83_46,r_131_69_124,r_19_83_46,0.89,2,48,46,67
12,r_99_137_118,r_47_3_181,r_68_59_48,r_47_3_181,0.83,-47,134,181,67
26,r_20_131_26,seq10,r_142_12_171,r_20_131_26,0.8,1,27,26,68
30,r_96_37_115,seq88,seq55,r_96_37_115,1.0,0,115,115,68
0,r_100_122_55,r_71_119_59,r_102_32_9,r_100_122_55,0.72,0,55,55,68
77,seq67,r_100_122_55,r_144_129_140,r_144_129_140,0.59,6,146,140,68
27,r_142_12_171,seq83,r_20_131_26,r_142_12_171,0.92,-151,20,171,68
92,seq110,r_104_93_143,seq51,r_104_93_143,0.61,-12,131,143,68
8,r_36_87_96,seq89,seq55,r_36_87_96,0.96,0,96,96,68
37,r_4_56_72,r_48_8_110,seq23,r_48_8_110,0.61,-37,73,110,68
16,r_2_39_21,r_121_19_194,r_117_76_4,r_2_39_21,1.0,0,21,21,68
59,seq146,seq137,r_148_66_94,r_148_66_94,1.0,8,102,94,68
71,seq55,r_7_75_144,r_96_37_115,r_96_37_115,0.87,31,146,115,68
21,r_94_105_121,r_68_138_162,r_148_66_94,r_68_138_162,0.79,-41,121,162,68
39,r_95_101_187,r_73_52_65,seq30,r_73_52_65,1.0,0,65,65,68
14,r_70_35_44,r_103_147_106,r_61_5_29,r_103_147_106,0.61,-62,44,106,68
1,r_148_66_94,seq74,seq146,r_148_66_94,1.0,0,94,94,68
77,seq67,r_104_93_143,r_100_122_55,r_104_93_143,0.44,-51,92,143,68
5,r_34_0_123,seq132,r_71_119_59,r_34_0_123,0.94,0,123,123,68
29,r_149_133_32,r_70_35_44,seq46,r_149_133_32,0.55,0,32,32,68
42,r_128_42_75,r_21_40_185,r_102_32_9,r_128_42_75,0.93,0,75,75,68
31,r_61_5_29,r_116_33_99,r_71_119_59,r_61_5_29,0.98,0,29,29,68
45,r_140_115_95,r_103_147_106,seq57,r_140_115_95,0.84,2,97,95,68
31,r_61_5_29,r_71_119_59,r_70_35_44,r_61_5_29,0.97,16,45,29,68
27,r_142_12_171,r_20_131_26,seq54,r_20_131_26,0.49,145,171,26,68
66,seq141,r_44_31_158,seq23,r_44_31_158,0.95,0,158,158,68
11,r_103_147_106,r_109_6_169,r_64_92_118,r_103_147_106,0.77,34,140,106,68
41,r_24_45_133,r_59_91_5,r_102_32_9,r_24_45_133,0.52,2,135,133,68
3,r_123_15_8,seq89,r_108_47_142,r_108_47_142,1.0,15,157,142,68
10,r_48_8_110,seq69,r_61_5_29,r_48_8_110,0.66,1,111,110,68
78,seq69,r_48_8_110,seq120,r_48_8_110,1.0,-10,100,110,68
63,seq27,r_64_92_118,r_117_76_4,r_64_92_118,0.83,0,118,118,68
11,r_103_147_106,r_127_97_11,r_109_6_169,r_127_97_11,0.56,95,106,11,68
20,r_21_40_185,r_128_42_75,seq143,r_128_42_75,0.86,0,75,75,68
13,r_59_91_5,r_24_45_133,r_106_1_39,r_59_91_5,0.66,135,140,5,68
48,r_73_52_65,r_95_101_187,seq120,r_73_52_65,1.0,0,65,65,68
49,r_116_33_99,seq51,r_20_131_26,r_116_33_99,1.0,0,99,99,68
6,r_136_38_180,seq55,r_94_105_121,r_94_105_121,0.61,59,180,121,68
70,seq54,r_85_78_186,seq50,r_85_78_186,0.73,-152,34,186,68
19,r_130_29_51,seq112,seq51,r_130_29_51,0.97,3,54,51,68
22,r_114_62_120,r_95_101_187,seq30,r_114_62_120,0.51,64,184,120,68
2,r_7_75_144,seq55,r_61_5_29,r_61_5_29,0.55,115,144,29,68
47,r_80_135_129,r_17_53_138,r_71_119_59,r_71_119_59,0.58,70,129,59,68
39,r_95_101_187,r_114_62_120,seq41,r_95_101_187,0.9,1,188,187,68
40,r_64_92_118,seq27,r_103_147_106,r_64_92_118,0.62,0,118,118,68
18,r_68_138_162,seq22,seq110,r_68_138_162,0.47,11,173,162,68
25,r_108_47_142,seq146,seq99,r_108_47_142,0.91,0,142,142,68
33,r_127_97_11,r_103_147_106,r_139_126_88,r_127_97_11,0.95,95,106,11,68
20,r_21_40_185,seq143,seq23,r_21_40_185,0.52,0,185,185,68
32,r_44_31_158,seq141,seq125,r_44_31_158,0.56,0,158,158,68
38,r_104_93_143,seq110,seq11,r_104_93_143,1.0,0,143,143,68
39,r_95_101_187,seq30,r_114_62_120,r_114_62_120,1.0,2,122,120,68
34,r_139_126_88,seq120,seq74,r_139_126_88,0.97,5,93,88,68
17,r_9_18_69,seq46,seq72,r_9_18_69,1.0,0,69,69,68
9,r_28_25_61,seq89,seq83,r_28_25_61,0.97,1,62,61,68
26,r_20_131_26,r_142_12_171,r_116_33_99,r_20_131_26,0.47,145,171,26,68
50,seq3,r_70_35_44,r_49_134_73,r_49_134_73,1.0,61,134,73,68
49,r_116_33_99,r_61_5_29,seq51,r_61_5_29,0.99,0,29,29,68
46,r_71_119_59,r_100_122_55,seq89,r_71_119_59,0.79,0,59,59,68
22,r_114_62_120,seq83,r_95_101_187,r_114_62_120,0.99,0,120,120,68
91,seq107,r_109_6_169,r_20_131_26,r_20_131_26,0.54,157,183,26,68
35,r_106_1_39,seq67,seq13,r_106_1_39,0.93,1,40,39,68
23,r_109_6_169,seq107,seq120,r_109_6_169,0.43,3,172,169,68
79,seq72,seq146,r_9_18_69,r_9_18_69,1.0,12,81,69,68
12,r_17_53_138,r_109_6_169,r_49_134_73,r_109_6_169,1.0,-30,139,169,68
84,seq83,seq118,r_28_25_61,r_28_25_61,1.0,17,78,61,68
26,r_105_91_24,seq56,seq108,r_105_91_24,0.99,2,26,24,69
40,r_42_17_7,r_145_14_110,seq149,r_145_14_110,1.0,0,110,110,69
51,seq2,r_60_78_138,seq104,r_60_78_138,0.71,0,138,138,69
36,r_120_34_185,r_102_74_189,r_138_65_103,r_120_34_185,0.46,0,185,185,69
14,r_103_139_104,seq133,r_138_65_103,r_103_139_104,0.96,0,104,104,69
8,r_129_126_188,r_102_74_189,r_42_17_7,r_129_126_188,0.54,1,189,188,69
43,r_63_46_160,seq44,r_28_66_41,r_28_66_41,1.0,124,165,41,69
37,r_23_144_157,r_125_118_28,seq113,r_125_118_28,0.62,0,28,28,69
71,seq40,r_9_61_183,seq148,r_9_61_183,0.54,1,184,183,69
39,r_10_20_181,seq134,r_145_14_110,r_10_20_181,0.56,0,181,181,69
26,r_105_91_24,seq108,r_82_135_59,r_82_135_59,1.0,0,59,59,69
1,r_1_50_155,seq140,r_143_25_86,r_1_50_155,0.81,0,155,155,69
5,r_92_72_100,r_77_49_108,seq6,r_92_72_100,0.96,1,101,100,69
25,r_131_57_137,seq95,seq73,r_131_57_137,0.46,-100,37,137,69
45,r_143_25_86,seq68,seq13,r_143_25_86,0.99,0,86,86,69
42,r_125_118_28,r_23_144_157,seq149,r_125_118_28,0.77,0,28,28,69
31,r_35_128_178,r_86_119_161,r_3_117_88,r_3_117_88,1.0,70,158,88,69
16,r_37_8_29,r_59_12_42,seq7,r_37_8_29,0.99,0,29,29,69
90,seq98,seq134,r_141_81_131,r_141_81_131,0.99,11,142,131,69
0,r_48_101_107,seq16,r_141_81_131,r_48_101_107,0.83,0,107,107,69
11,r_79_33_67,r_93_90_75,r_86_119_161,r_93_90_75,0.58,-4,71,75,69
13,r_130_123_194,r_58_100_146,r_63_46_160,r_58_100_146,0.88,0,146,146,69
44,r_54_136_35,seq32,seq115,r_54_136_35,1.0,0,35,35,69
15,r_59_12_42,r_37_8_29,r_86_119_161,r_37_8_29,0.83,-5,24,29,69
6,r_86_119_161,r_35_128_178,r_111_21_149,r_111_21_149,0.59,12,161,149,69
21,r_11_43_182,seq137,r_77_49_108,r_77_49_108,0.45,74,182,108,69
94,seq108,seq137,r_105_91_24,r_105_91_24,0.52,2,26,24,69
10,r_145_14_110,r_42_17_7,seq73,r_145_14_110,1.0,0,110,110,69
30,r_111_21_149,seq13,r_125_118_28,r_125_118_28,1.0,1,29,28,69
27,r_60_78_138,seq2,seq140,r_60_78_138,0.97,0,138,138,69
19,r_146_36_48,seq110,seq27,r_146_36_48,1.0,0,48,48,69
30,r_111_21_149,r_125_118_28,r_122_106_129,r_111_21_149,0.96,0,149,149,69
2,r_138_65_103,r_48_101_107,r_103_139_104,r_138_65_103,1.0,1,104,103,69
47,r_122_106_129,seq7,r_138_65_103,r_122_106_129,0.41,-26,103,129,69
18,r_112_30_71,seq2,seq99,r_112_30_71,1.0,0,71,71,69
29,r_93_90_75,r_79_33_67,seq44,r_93_90_75,0.97,-4,71,75,69
24,r_89_47_98,seq94,r_64_80_196,r_89_47_98,0.99,0,98,98,69
33,r_58_100_146,r_130_123_194,r_103_139_104,r_58_100_146,0.71,0,146,146,69
64,seq149,r_145_14_110,r_42_17_7,r_145_14_110,1.0,0,110,110,69
32,r_45_127_150,r_111_21_149,r_26_31_85,r_45_127_150,0.87,0,150,150,69
10,r_145_14_110,seq13,r_42_17_7,r_42_17_7,1.0,7,14,7,69
38,r_67_88_167,seq115,seq18,r_67_88_167,0.46,-62,105,167,69
14,r_103_139_104,r_138_65_103,r_58_100_146,r_58_100_146,1.0,2,148,146,69
34,r_28_66_41,r_11_43_182,seq32,r_28_66_41,1.0,0,41,41,69
21,r_11_43_182,r_28_66_41,seq137,r_28_66_41,1.0,0,41,41,69
70,seq38,r_64_80_196,r_59_12_42,r_59_12_42,0.84,7,49,42,69
60,seq16,r_138_65_103,seq6,r_138_65_103,1.0,-41,62,103,69
0,r_48_101_107,r_141_81_131,seq68,r_141_81_131,1.0,0,131,131,69
7,r_141_81_131,r_48_101_107,seq98,r_141_81_131,0.69,0,131,131,69
17,r_102_74_189,seq99,r_92_72_100,r_102_74_189,0.37,1,190,189,69
25,r_131_57_137,seq73,r_37_8_29,r_131_57_137,0.98,0,137,137,69
9,r_26_31_85,seq2,seq147,r_26_31_85,1.0,0,85,85,69
46,r_82_135_59,seq6,r_105_91_24,r_82_135_59,1.0,0,59,59,69
47,r_122_106_129,r_138_65_103,seq22,r_122_106_129,0.99,0,129,129,69
28,r_64_80_196,seq99,r_89_47_98,r_89_47_98,0.99,2,100,98,69
91,seq99,r_102_74_189,r_112_30_71,r_112_30_71,1.0,64,135,71,69
49,r_77_49_108,r_92_72_100,r_3_117_88,r_77_49_108,0.98,-9,99,108,69
41,r_124_114_58,seq84,seq147,r_124_114_58,1.0,0,58,58,69
7,r_141_81_131,seq115,r_48_101_107,r_48_101_107,0.71,3,110,107,69
23,r_3_117_88,r_48_101_107,r_86_119_161,r_3_117_88,0.99,0,88,88,69
94,seq108,r_105_91_24,r_82_135_59,r_82_135_59,1.0,12,71,59,69
31,r_35_128_178,r_3_117_88,r_138_65_103,r_3_117_88,0.99,90,178,88,69
15,r_59_12_42,r_86_119_161,seq38,r_59_12_42,0.93,0,42,42,69
12,r_9_61_183,seq40,r_86_119_161,r_9_61_183,0.39,1,184,183,69
23,r_3_117_88,r_86_119_161,r_77_49_108,r_3_117_88,0.75,64,152,88,69
20,r_39_70_54,r_75_53_169,seq62,r_39_70_54,1.0,0,54,54,69
30,r_93_145_169,r_119_97_185,r_1_0_44,r_93_145_169,0.74,0,169,169,70
43,r_20_34_63,seq21,seq25,r_20_34_63,1.0,0,63,63,70
54,seq10,r_89_132_71,r_114_106_151,r_89_132_71,0.9,0,71,71,70
37,r_87_84_186,seq14,r_122_30_85,r_87_84_186,0.52,0,186,186,70
3,r_104_101_144,r_9_78_53,r_121_100_106,r_104_101_144,0.98,0,144,144,70
16,r_32_128_21,r_68_8_74,seq107,r_32_128_21,1.0,0,21,21,70
71,seq45,r_7_61_104,r_138_102_10,r_7_61_104,0.66,0,104,104,70
21,r_90_69_118,seq17,seq86,r_90_69_118,0.92,0,118,118,70
39,r_133_88_78,seq14,seq125,r_133_88_78,0.99,1,79,78,70
1,r_38_15_141,seq142,r_89_132_71,r_38_15_141,0.58,0,141,141,70
5,r_59_64_167,r_124_31_150,seq21,r_124_31_150,0.62,1,151,150,70
7,r_77_48_159,r_116_139_15,r_114_106_151,r_77_48_159,0.46,0,159,159,70
45,r_149_92_168,r_28_148_198,seq46,r_149_92_168,0.52,0,168,168,70
19,r_129_41_99,seq71,seq10,r_129_41_99,0.9,0,99,99,70
34,r_9_78_53,seq33,r_104_101_144,r_9_78_53,1.0,1,54,53,70
95,seq108,seq115,r_68_8_74,r_68_8_74,0.51,3,77,74,70
3,r_104_101_144,seq54,r_9_78_53,r_9_78_53,1.0,2,55,53,70
46,r_19_36_51,seq142,r_110_63_80,r_110_63_80,0.99,5,85,80,70
89,seq142,r_38_15_141,r_110_63_80,r_110_63_80,0.73,62,142,80,70
60,seq147,r_113_111_95,r_143_35_34,r_143_35_34,0.48,5,39,34,70
90,seq86,seq94,r_90_69_118,r_90_69_118,1.0,2,120,118,70
26,r_3_82_128,seq25,r_146_103_88,r_3_82_128,0.81,0,128,128,70
72,seq46,r_123_39_60,seq42,r_123_39_60,1.0,1,61,60,70
16,r_32_128_21,seq107,r_2_12_124,r_2_12_124,1.0,3,127,124,70
4,r_123_39_60,seq46,r_99_98_31,r_123_39_60,0.96,0,60,60,70
47,r_65_72_100,seq50,r_85_43_8,r_65_72_100,1.0,2,102,100,70
11,r_7_61_104,seq45,seq118,r_7_61_104,1.0,0,104,104,70
98,seq120,r_136_76_161,r_122_30_85,r_122_30_85,0.99,76,161,85,70
31,r_117_11_13,seq5,seq94,r_117_11_13,1.0,0,13,13,70
46,r_19_36_51,r_110_63_80,seq142,r_19_36_51,0.99,0,51,51,70
91,seq94,r_117_11_13,r_113_111_95,r_113_111_95,1.0,39,134,95,70
42,r_134_6_41,seq107,r_2_12_124,r_134_6_41,1.0,0,41,41,70
7,r_77_48_159,r_99_98_31,r_116_139_15,r_77_48_159,1.0,-140,19,159,70
2,r_26_109_129,seq62,seq57,r_26_109_129,0.97,0,129,129,70
41,r_116_139_15,r_77_48_159,r_1_0_44,r_1_0_44,0.68,115,159,44,70
47,r_65_72_100,r_81_74_62,seq50,r_65_72_100,0.63,-38,62,100,70
40,r_121_100_106,seq107,seq4,r_121_100_106,1.0,-1,105,106,70
18,r_146_103_88,seq95,r_59_64_167,r_146_103_88,0.98,1,89,88,70
27,r_99_98_31,r_16_18_190,r_123_39_60,r_123_39_60,0.64,27,87,60,70
27,r_99_98_31,r_77_48_159,r_16_18_190,r_99_98_31,1.0,1,32,31,70
24,r_122_30_85,r_90_69_118,seq120,r_122_30_85,1.0,0,85,85,70
34,r_9_78_53,r_104_101_144,seq40,r_104_101_144,0.79,0,144,144,70
8,r_138_102_10,seq42,seq45,r_138_102_10,0.95,0,10,10,70
33,r_105_127_181,r_13_37_188,seq95,r_13_37_188,0.65,-7,181,188,70
25,r_126_58_54,r_81_74_62,seq70,r_81_74_62,0.62,-9,53,62,70
70,seq44,seq94,r_116_139_15,r_116_139_15,0.93,147,162,15,70
65,seq25,r_28_148_198,r_20_34_63,r_20_34_63,1.0,17,80,63,70
42,r_134_6_41,r_2_12_124,r_121_100_106,r_134_6_41,1.0,83,124,41,70
32,r_124_31_150,r_59_64_167,seq10,r_124_31_150,0.68,4,154,150,70
38,r_55_75_199,r_105_127_181,seq14,r_105_127_181,0.61,-37,144,181,70
67,seq33,r_9_78_53,seq50,r_9_78_53,1.0,-1,52,53,70
48,r_1_0_44,r_121_100_106,r_116_139_15,r_1_0_44,0.99,0,44,44,70
19,r_129_41_99,seq10,r_124_31_150,r_124_31_150,1.0,5,155,150,70
41,r_116_139_15,seq22,r_77_48_159,r_116_139_15,0.93,0,15,15,70
36,r_143_35_34,r_90_69_118,seq147,r_143_35_34,1.0,3,37,34,70
18,r_146_103_88,r_59_64_167,r_3_82_128,r_146_103_88,0.99,58,146,88,70
94,seq107,r_121_100_106,r_32_128_21,r_121_100_106,0.98,-3,103,106,70
9,r_136_76_161,seq120,seq108,r_136_76_161,0.91,0,161,161,70
91,seq94,seq86,r_117_11_13,r_117_11_13,1.0,12,25,13,70
0,r_113_111_95,r_16_18_190,seq94,r_113_111_95,0.93,0,95,95,70
22,r_2_12_124,r_135_91_130,r_32_128_21,r_135_91_130,0.95,-6,124,130,70
28,r_89_132_71,seq10,seq51,r_89_132_71,1.0,0,71,71,70
49,r_112_27_143,seq118,seq86,r_112_27_143,0.8,0,143,143,70
0,r_113_111_95,seq131,r_16_18_190,r_113_111_95,0.44,-47,48,95,70
44,r_81_74_62,r_65_72_100,r_85_43_8,r_85_43_8,1.0,54,62,8,70
17,r_114_106_151,seq10,seq67,r_114_106_151,0.6,0,151,151,70
82,seq62,r_26_109_129,seq125,r_26_109_129,1.0,0,129,129,70
35,r_135_91_130,r_2_12_124,seq95,r_135_91_130,0.83,-6,124,130,70
12,r_68_8_74,seq49,seq108,r_68_8_74,0.6,3,77,74,70
5,r_59_64_167,seq21,r_114_106_151,r_59_64_167,0.87,0,167,167,70
51,seq3,r_51_34_82,seq36,r_51_34_82,0.7,5,87,82,71
4,r_14_130_65,r_111_100_14,r_64_24_116,r_111_100_14,0.96,-1,13,14,71
92,seq102,r_16_39_189,r_92_77_68,r_92_77_68,1.0,121,189,68,71
69,seq41,r_120_2_36,r_4_124_20,r_120_2_36,0.64,0,36,36,71
25,r_74_18_170,r_61_115_57,r_51_34_82,r_74_18_170,0.76,-113,57,170,71
54,seq138,r_125_7_162,r_120_2_36,r_120_2_36,0.7,126,162,36,71
37,r_55_135_124,seq72,r_120_2_36,r_120_2_36,1.0,28,64,36,71
38,r_26_22_83,r_64_24_116,r_8_108_104,r_64_24_116,0.62,-100,16,116,71
17,r_111_100_14,r_14_130_65,r_54_12_110,r_111_100_14,0.91,0,14,14,71
42,r_53_33_84,r_44_104_66,r_71_89_8,r_53_33_84,0.88,-54,30,84,71
1,r_0_129_3,r_37_99_119,r_54_12_110,r_0_129_3,0.97,116,119,3,71
5,r_80_112_111,seq50,r_51_34_82,r_80_112_111,1.0,0,111,111,71
46,r_75_10_100,seq149,seq88,r_75_10_100,0.97,0,100,100,71
43,r_21_122_39,seq66,r_11_35_38,r_21_122_39,1.0,1,40,39,71
42,r_53_33_84,r_71_89_8,r_14_130_65,r_53_33_84,1.0,3,87,84,71
45,r_29_141_135,seq6,r_83_79_33,r_29_141_135,0.81,1,136,135,71
19,r_103_57_178,seq67,r_111_100_14,r_111_100_14,0.21,164,178,14,71
30,r_1_117_13,r_61_115_57,seq105,r_1_117_13,0.99,0,13,13,71
9,r_11_35_38,r_59_107_196,r_21_122_39,r_21_122_39,0.67,1,40,39,71
38,r_26_22_83,r_8_108_104,seq86,r_26_22_83,0.46,-26,57,83,71
39,r_71_89_8,r_53_33_84,r_61_115_57,r_71_89_8,1.0,79,87,8,71
41,r_142_90_2,seq41,r_55_135_124,r_55_135_124,1.0,16,140,124,71
80,seq70,r_103_57_178,r_62_98_28,r_62_98_28,0.86,11,39,28,71
25,r_74_18_170,r_134_45_27,r_11_35_38,r_74_18_170,0.66,-7,163,170,71
3,r_114_147_22,seq66,r_52_118_9,r_114_147_22,1.0,1,23,22,71
10,r_94_40_59,r_75_10_100,seq25,r_94_40_59,1.0,2,61,59,71
72,seq50,r_80_112_111,seq41,r_80_112_111,0.97,0,111,111,71
14,r_54_12_110,r_111_100_14,r_0_129_3,r_54_12_110,0.97,1,111,110,71
63,seq25,r_59_107_196,r_94_40_59,r_94_40_59,1.0,20,79,59,71
31,r_62_98_28,r_80_112_111,seq70,r_62_98_28,0.55,0,28,28,71
25,r_74_18_170,r_51_34_82,r_137_145_177,r_74_18_170,0.5,-92,78,170,71
77,seq66,r_21_122_39,r_134_45_27,r_21_122_39,0.61,1,40,39,71
20,r_113_48_140,seq133,r_20_28_18,r_113_48_140,0.94,1,141,140,71
47,r_68_85_29,r_44_104_66,r_1_117_13,r_68_85_29,1.0,0,29,29,71
18,r_120_2_36,seq41,r_55_135_124,r_120_2_36,1.0,0,36,36,71
17,r_111_100_14,r_92_77_68,r_103_57_178,r_103_57_178,0.54,5,183,178,71
15,r_51_34_82,seq3,seq67,r_51_34_82,0.98,0,82,82,71
48,r_13_73_121,r_113_48_140,r_8_108_104,r_13_73_121,0.54,0,121,121,71
49,r_132_9_172,r_68_85_29,r_83_79_33,r_132_9_172,0.76,0,172,172,71
6,r_16_39_189,seq102,r_20_28_18,r_16_39_189,0.25,0,189,189,71
38,r_26_22_83,seq86,seq66,r_26_22_83,0.91,0,83,83,71
0,r_52_118_9,r_144_91_58,r_114_147_22,r_144_91_58,0.9,0,58,58,71
85,seq86,r_64_24_116,seq143,r_64_24_116,0.87,-9,107,116,71
16,r_83_79_33,seq63,r_134_45_27,r_83_79_33,1.0,1,34,33,71
4,r_14_130_65,r_62_98_28,r_53_33_84,r_53_33_84,0.76,6,90,84,71
27,r_106_81_146,seq65,seq88,r_106_81_146,0.64,0,146,146,71
4,r_14_130_65,r_64_24_116,r_62_98_28,r_14_130_65,0.53,1,66,65,71
21,r_20_28_18,seq6,seq65,r_20_28_18,0.91,0,18,18,71
14,r_54_12_110,r_134_45_27,r_111_100_14,r_134_45_27,0.95,0,27,27,71
77,seq66,r_134_45_27,r_78_56_73,r_78_56_73,1.0,-1,72,73,71
40,r_8_108_104,seq88,seq63,r_8_108_104,0.97,0,104,104,71
29,r_92_77_68,r_78_56_73,seq102,r_92_77_68,0.83,0,68,68,71
25,r_74_18_170,r_137_145_177,r_134_45_27,r_74_18_170,0.37,-57,113,170,71
47,r_68_85_29,r_1_117_13,r_44_104_66,r_44_104_66,1.0,4,70,66,71
32,r_47_15_114,r_125_7_162,seq6,r_47_15_114,1.0,0,114,114,71
36,r_4_124_20,r_119_97_134,seq41,r_4_124_20,0.97,1,21,20,71
2,r_144_91_58,seq32,r_52_118_9,r_52_118_9,1.0,5,14,9,71
34,r_95_43_41,r_54_12_110,r_68_85_29,r_54_12_110,0.55,-69,41,110,71
75,seq63,seq23,r_8_108_104,r_8_108_104,1.0,8,112,104,71
26,r_61_115_57,r_74_18_170,r_71_89_8,r_61_115_57,1.0,0,57,57,71
49,r_132_9_172,r_113_48_140,r_68_85_29,r_132_9_172,0.57,-132,40,172,71
2,r_144_91_58,r_52_118_9,seq133,r_144_91_58,1.0,1,59,58,71
37,r_55_135_124,r_120_2_36,r_142_90_2,r_55_135_124,1.0,0,124,124,71
22,r_59_107_196,seq25,r_113_48_140,r_113_48_140,0.99,10,150,140,71
28,r_64_24_116,seq86,r_52_118_9,r_64_24_116,0.95,0,116,116,71
91,seq101,r_137_145_177,r_37_99_119,r_37_99_119,0.92,58,177,119,71
7,r_27_30_173,seq38,seq41,r_27_30_173,0.52,0,173,173,71
18,r_120_2_36,r_55_135_124,seq72,r_55_135_124,1.0,0,124,124,71
44,r_78_56_73,seq101,seq66,r_78_56_73,1.0,1,74,73,71
23,r_37_99_119,r_0_129_3,seq101,r_37_99_119,1.0,0,119,119,71
17,r_111_100_14,r_54_12_110,r_92_77_68,r_111_100_14,0.99,97,111,14,71
76,seq65,r_59_107_196,r_20_28_18,r_20_28_18,0.86,17,35,18,71
12,r_121_139_74,seq126,seq23,r_121_139_74,0.83,4,78,74,71
40,r_138_39_69,r_35_132_150,r_107_42_92,r_138_39_69,0.89,89,158,69,72
30,r_49_104_122,r_107_42_92,r_24_110_59,r_49_104_122,0.65,-33,89,122,72
19,r_17_117_43,seq59,r_100_2_197,r_17_117_43,1.0,0,43,43,72
51,seq131,r_62_70_163,r_76_47_93,r_76_47_93,0.65,70,163,93,72
36,r_72_90_124,seq36,seq40,r_72_90_124,0.76,1,125,124,72
25,r_120_101_27,seq103,r_22_128_23,r_120_101_27,1.0,1,28,27,72
92,seq99,seq57,r_53_37_50,r_53_37_50,1.0,47,97,50,72
14,r_109_23_111,seq149,r_96_143_81,r_96_143_81,0.69,33,114,81,72
8,r_124_111_64,r_87_116_86,r_27_34_55,r_124_111_64,1.0,0,64,64,72
5,r_21_83_104,r_108_46_180,r_105_114_185,r_21_83_104,0.94,1,105,104,72
37,r_87_116_86,seq106,seq19,r_87_116_86,0.75,0,86,86,72
48,r_139_122_33,seq7,r_120_101_27,r_139_122_33,1.0,0,33,33,72
54,seq7,seq71,r_119_20_94,r_119_20_94,1.0,10,104,94,72
83,seq141,r_108_46_180,r_92_112_141,r_92_112_141,0.9,39,180,141,72
37,r_87_116_86,r_124_111_64,seq106,r_124_111_64,0.96,0,64,64,72
22,r_4_15_70,r_25_41_90,r_91_61_82,r_4_15_70,0.79,112,182,70,72
55,seq8,seq74,r_76_47_93,r_76_47_93,1.0,35,128,93,72
39,r_10_3_87,seq50,seq113,r_10_3_87,1.0,0,87,87,72
1,r_92_112_141,seq14,r_89_130_40,r_92_112_141,0.75,0,141,141,72
5,r_21_83_104,r_75_48_48,r_108_46_180,r_75_48_48,0.99,0,48,48,72
80,seq129,seq19,r_87_116_86,r_87_116_86,1.0,63,149,86,72
44,r_147_134_19,r_118_82_192,seq113,r_147_134_19,0.79,-1,18,19,72
45,r_97_125_174,r_38_133_191,r_107_42_92,r_38_133_191,0.42,-15,176,191,72
18,r_75_48_48,r_126_68_51,r_31_63_62,r_31_63_62,0.47,38,100,62,72
24,r_100_2_197,r_17_117_43,r_145_30_121,r_145_30_121,1.0,45,166,121,72
9,r_27_34_55,r_66_79_83,r_124_111_64,r_66_79_83,1.0,0,83,83,72
27,r_105_114_185,r_21_83_104,r_108_46_180,r_108_46_180,0.66,5,185,180,72
82,seq78,r_120_101_27,r_66_79_83,r_66_79_83,1.0,5,88,83,72
95,seq106,r_87_116_86,r_55_16_166,r_87_116_86,0.68,1,87,86,72
31,r_80_26_151,r_35_132_150,seq106,r_80_26_151,0.98,0,151,151,72
34,r_0_86_39,seq71,r_107_42_92,r_0_86_39,1.0,0,39,39,72
20,r_58_73_139,seq131,r_89_130_40,r_89_130_40,1.0,2,42,40,72
16,r_89_130_40,r_58_73_139,r_92_112_141,r_89_130_40,0.99,101,141,40,72
79,seq71,r_0_86_39,r_126_68_51,r_0_86_39,1.0,0,39,39,72
4,r_145_30_121,seq88,r_100_2_197,r_145_30_121,1.0,0,121,121,72
0,r_91_61_82,seq5,r_33_127_60,r_91_61_82,1.0,0,82,82,72
63,seq149,r_109_23_111,r_107_42_92,r_107_42_92,0.9,22,114,92,72
29,r_24_110_59,seq8,seq81,r_24_110_59,0.96,0,59,59,72
11,r_62_70_163,seq131,seq14,r_62_70_163,0.76,0,163,163,72
30,r_49_104_122,r_24_110_59,r_31_63_62,r_49_104_122,0.92,0,122,122,72
9,r_27_34_55,seq5,r_66_79_83,r_27_34_55,0.97,0,55,55,72
5,r_21_83_104,r_105_114_185,r_145_30_121,r_21_83_104,0.56,84,188,104,72
16,r_89_130_40,seq9,r_58_73_139,r_89_130_40,1.0,0,40,40,72
6,r_119_20_94,r_35_132_150,seq7,r_119_20_94,1.0,2,96,94,72
62,seq19,seq129,r_87_116_86,r_87_116_86,1.0,35,121,86,72
2,r_31_63_62,r_126_68_51,r_49_104_122,r_49_104_122,1.0,31,153,122,72
34,r_0_86_39,r_107_42_92,seq137,r_107_42_92,1.0,1,93,92,72
27,r_105_114_185,seq8,r_21_83_104,r_105_114_185,0.35,-99,86,185,72
24,r_100_2_197,r_67_148_159,r_17_117_43,r_17_117_43,0.92,3,46,43,72
22,r_4_15_70,seq9,r_25_41_90,r_25_41_90,0.74,35,125,90,72
2,r_31_63_62,seq12,r_126_68_51,r_31_63_62,1.0,0,62,62,72
47,r_66_79_83,r_138_39_69,r_124_111_64,r_66_79_83,0.95,-14,69,83,72
40,r_138_39_69,r_66_79_83,r_35_132_150,r_35_132_150,0.93,-81,69,150,72
47,r_66_79_83,r_124_111_64,seq78,r_66_79_83,0.93,2,85,83,72
33,r_107_42_92,r_49_104_122,r_138_39_69,r_107_42_92,0.98,0,92,92,72
20,r_58_73_139,r_89_130_40,r_96_143_81,r_89_130_40,0.92,100,140,40,72
32,r_123_93_171,seq6,r_87_116_86,r_87_116_86,0.94,88,174,86,72
38,r_35_132_150,r_80_26_151,r_120_101_27,r_80_26_151,0.84,0,151,151,72
15,r_55_16_166,seq94,r_147_134_19,r_55_16_166,1.0,0,166,166,72
60,seq14,r_92_112_141,seq57,r_92_112_141,1.0,0,141,141,72
17,r_25_41_90,r_10_3_87,seq40,r_25_41_90,0.89,-2,88,90,72
18,r_75_48_48,r_21_83_104,r_126_68_51,r_75_48_48,1.0,0,48,48,72
96,seq113,r_147_134_19,r_10_3_87,r_10_3_87,1.0,2,89,87,72
22,r_4_15_70,r_109_23_111,seq9,r_4_15_70,0.99,0,70,70,72
28,r_67_148_159,r_55_16_166,seq94,r_55_16_166,0.56,-3,163,166,72
49,r_144_56_106,seq88,seq13,r_144_56_106,1.0,0,106,106,72
7,r_108_46_180,seq141,r_72_90_124,r_72_90_124,0.65,56,180,124,72
43,r_22_128_23,r_58_73_139,r_120_101_27,r_22_128_23,1.0,-1,22,23,72
23,r_76_47_93,seq32,seq8,r_76_47_93,1.0,0,93,93,72
42,r_53_37_50,seq88,seq99,r_53_37_50,1.0,0,50,50,72
35,r_33_127_60,r_31_63_62,seq18,r_33_127_60,1.0,0,60,60,72
82,seq78,seq113,r_120_101_27,r_120_101_27,0.8,9,36,27,72
12,r_96_143_81,seq106,seq12,r_96_143_81,1.0,1,82,81,72
37,r_97_93_183,r_147_136_199,r_11_42_42,r_11_42_42,0.97,26,68,42,73
59,seq142,r_102_79_182,seq80,r_102_79_182,0.91,0,182,182,73
20,r_125_60_26,seq46,r_6_109_29,r_125_60_26,1.0,0,26,26,73
19,r_112_113_165,seq17,r_49_28_161,r_112_113_165,0.56,-3,162,165,73
16,r_31_120_102,seq46,r_145_70_9,r_31_120_102,0.95,-2,100,102,73
21,r_12_15_119,seq56,seq66,r_12_15_119,0.97,0,119,119,73
1,r_119_134_63,r_48_127_101,seq53,r_119_134_63,0.89,2,65,63,73
14,r_13_92_155,r_49_28_161,r_63_45_41,r_63_45_41,1.0,2,43,41,73
24,r_23_146_61,r_31_120_102,r_19_54_81,r_31_120_102,0.63,1,103,102,73
19,r_112_113_165,r_9_41_69,seq17,r_9_41_69,1.0,1,70,69,73
30,r_2_100_13,r_137_33_173,seq62,r_137_33_173,0.69,-160,13,173,73
43,r_123_16_3,r_11_42_42,seq99,r_11_42_42,1.0,1,43,42,73
31,r_50_88_162,r_58_98_94,seq8,r_58_98_94,1.0,2,96,94,73
3,r_9_41_69,r_112_113_165,r_6_109_29,r_9_41_69,1.0,0,69,69,73
28,r_11_42_42,r_123_16_3,seq35,r_11_42_42,0.98,0,42,42,73
17,r_1_72_99,r_19_54_81,r_39_5_152,r_39_5_152,0.92,4,156,152,73
90,seq99,r_102_79_182,r_105_94_71,r_105_94_71,1.0,3,74,71,73
26,r_147_136_199,r_97_93_183,r_11_42_42,r_11_42_42,0.85,25,67,42,73
14,r_13_92_155,r_63_45_41,r_10_111_116,r_10_111_116,0.96,41,157,116,73
78,seq66,r_18_44_174,r_12_15_119,r_12_15_119,0.95,0,119,119,73
0,r_19_54_81,r_10_111_116,r_23_146_61,r_19_54_81,0.98,0,81,81,73
73,seq56,r_12_15_119,r_2_100_13,r_12_15_119,0.99,0,119,119,73
11,r_43_84_124,r_24_132_185,r_145_70_9,r_43_84_124,0.88,0,124,124,73
63,seq25,r_102_79_182,r_52_131_24,r_52_131_24,1.0,8,32,24,73
76,seq62,r_40_86_121,r_2_100_13,r_40_86_121,0.65,-108,13,121,73
15,r_48_127_101,seq83,seq61,r_48_127_101,0.99,0,101,101,73
48,r_21_75_137,seq69,r_119_134_63,r_21_75_137,0.79,0,137,137,73
23,r_52_131_24,r_18_44_174,seq25,r_52_131_24,0.99,0,24,24,73
6,r_39_5_152,r_115_124_128,seq144,r_115_124_128,0.69,-43,85,128,73
84,seq81,r_148_14_2,r_110_126_110,r_110_126_110,1.0,1,111,110,73
46,r_57_77_39,seq139,seq121,r_57_77_39,1.0,0,39,39,73
49,r_71_38_57,seq62,seq34,r_71_38_57,1.0,0,57,57,73
4,r_0_64_19,r_48_127_101,seq76,r_0_64_19,1.0,0,19,19,73
22,r_24_132_185,r_2_100_13,r_149_37_180,r_2_100_13,0.74,172,185,13,73
47,r_73_143_78,seq78,seq121,r_73_143_78,1.0,0,78,78,73
54,seq135,r_63_45_41,r_6_109_29,r_63_45_41,0.86,0,41,41,73
10,r_63_45_41,seq135,seq55,r_63_45_41,1.0,0,41,41,73
40,r_67_117_86,seq81,r_2_100_13,r_67_117_86,0.99,0,86,86,73
29,r_110_126_110,seq69,seq81,r_110_126_110,1.0,0,110,110,73
24,r_23_146_61,seq34,r_31_120_102,r_23_146_61,0.93,0,61,61,73
25,r_105_94_71,seq87,seq99,r_105_94_71,1.0,0,71,71,73
43,r_123_16_3,seq99,seq59,r_123_16_3,0.44,174,177,3,73
58,seq140,seq83,r_20_95_60,r_20_95_60,0.76,13,73,60,73
6,r_39_5_152,seq144,r_1_72_99,r_39_5_152,0.98,0,152,152,73
44,r_40_86_121,r_50_88_162,r_36_47_134,r_50_88_162,1.0,0,162,162,73
61,seq17,r_112_113_165,r_149_37_180,r_112_113_165,0.51,15,180,165,73
32,r_82_68_132,seq106,seq55,r_82_68_132,0.82,1,133,132,73
98,seq121,r_149_37_180,r_57_77_39,r_57_77_39,0.63,1,40,39,73
52,seq3,seq118,r_63_45_41,r_63_45_41,1.0,113,154,41,73
12,r_51_96_44,seq144,seq22,r_51_96_44,0.99,0,44,44,73
36,r_7_130_47,r_49_28_161,seq87,r_7_130_47,1.0,0,47,47,73
17,r_1_72_99,seq35,r_19_54_81,r_1_72_99,0.97,1,100,99,73
94,seq106,r_115_124_128,seq34,r_115_124_128,0.9,0,128,128,73
9,r_10_111_116,seq114,r_141_116_178,r_10_111_116,0.98,0,116,116,73
96,seq114,r_10_111_116,seq59,r_10_111_116,1.0,0,116,116,73
31,r_50_88_162,seq8,r_12_15_119,r_50_88_162,1.0,0,162,162,73
37,r_97_93_183,r_11_42_42,seq34,r_97_93_183,0.57,2,185,183,73
22,r_24_132_185,r_43_84_124,r_2_100_13,r_24_132_185,0.9,-61,124,185,73
56,seq138,seq87,r_7_130_47,r_7_130_47,0.86,65,112,47,73
44,r_40_86_121,seq62,r_50_88_162,r_40_86_121,0.93,1,122,121,73
35,r_58_98_94,r_50_88_162,r_105_94_71,r_58_98_94,1.0,0,94,94,73
84,seq81,r_67_117_86,r_148_14_2,r_67_117_86,0.94,-15,71,86,73
40,r_17_5_51,r_60_59_175,seq102,r_60_59_175,1.0,0,175,175,74
13,r_54_30_179,r_141_65_20,r_37_101_18,r_54_30_179,0.96,-161,18,179,74
44,r_138_124_38,seq69,r_13_116_107,r_13_116_107,1.0,46,153,107,74
8,r_13_116_107,seq119,r_138_124_38,r_13_116_107,0.85,0,107,107,74
43,r_145_12_136,seq125,r_113_32_125,r_145_12_136,0.7,2,138,136,74
36,r_95_103_39,seq55,r_82_61_74,r_95_103_39,1.0,0,39,39,74
83,seq86,r_84_21_132,r_148_72_77,r_84_21_132,0.9,2,134,132,74
37,r_93_108_17,r_81_35_120,r_66_2_138,r_93_108_17,0.51,104,121,17,74
45,r_82_61_74,r_95_103_39,r_42_71_65,r_82_61_74,0.95,0,74,74,74
59,seq15,r_85_110_173,r_131_4_113,r_131_4_113,1.0,60,173,113,74
19,r_37_101_18,r_54_30_179,r_94_44_57,r_94_44_57,0.85,122,179,57,74
55,seq7,r_107_87_176,r_81_35_120,r_81_35_120,0.78,1,121,120,74
16,r_113_32_125,seq83,seq74,r_113_32_125,1.0,0,125,125,74
39,r_48_41_163,seq69,seq106,r_48_41_163,0.66,0,163,163,74
1,r_3_19_156,seq26,r_148_72_77,r_3_19_156,0.54,0,156,156,74
91,seq109,r_94_44_57,seq104,r_94_44_57,1.0,-5,52,57,74
97,seq119,r_13_116_107,seq70,r_13_116_107,1.0,0,107,107,74
5,r_42_71_65,seq0,seq83,r_42_71_65,1.0,0,65,65,74
46,r_144_122_150,r_25_14_197,r_137_36_23,r_137_36_23,0.65,127,150,23,74
42,r_52_134_91,r_1_20_185,seq115,r_52_134_91,1.0,1,92,91,74
36,r_95_103_39,r_82_61_74,r_148_72_77,r_82_61_74,0.98,1,75,74,74
31,r_140_90_92,seq125,seq31,r_140_90_92,1.0,2,94,92,74
41,r_18_38_171,r_54_30_179,seq51,r_18_38_171,0.49,0,171,171,74
89,seq104,r_143_24_153,seq76,r_143_24_153,1.0,0,153,153,74
3,r_84_21_132,seq86,r_93_108_17,r_84_21_132,0.86,6,138,132,74
10,r_23_132_108,seq76,seq135,r_23_132_108,0.98,0,108,108,74
26,r_148_72_77,seq67,seq57,r_148_72_77,0.45,1,78,77,74
72,seq62,seq91,r_45_80_94,r_45_80_94,1.0,1,95,94,74
35,r_25_14_197,r_144_122_150,r_58_43_53,r_58_43_53,0.86,0,53,53,74
62,seq149,r_78_27_60,seq15,r_78_27_60,1.0,-5,55,60,74
78,seq74,seq98,r_113_32_125,r_113_32_125,1.0,9,134,125,74
0,r_66_2_138,seq125,seq129,r_66_2_138,0.9,0,138,138,74
15,r_107_87_176,seq79,r_66_2_138,r_107_87_176,0.83,0,176,176,74
37,r_93_108_17,r_66_2_138,r_84_21_132,r_93_108_17,0.71,121,138,17,74
19,r_37_101_18,r_97_10_56,r_54_30_179,r_37_101_18,1.0,0,18,18,74
13,r_54_30_179,r_37_101_18,r_137_36_23,r_54_30_179,0.62,0,179,179,74
6,r_60_59_175,r_40_75_137,r_17_5_51,r_17_5_51,1.0,86,137,51,74
85,seq91,seq62,r_49_63_127,r_49_63_127,0.96,11,138,127,74
27,r_45_80_94,seq106,seq62,r_45_80_94,1.0,0,94,94,74
11,r_94_44_57,seq109,r_37_101_18,r_94_44_57,1.0,0,57,57,74
47,r_78_27_60,seq149,seq69,r_78_27_60,0.99,0,60,60,74
14,r_16_33_47,seq111,seq73,r_16_33_47,0.55,10,57,47,74
18,r_128_114_80,r_131_4_113,r_42_71_65,r_128_114_80,1.0,0,80,80,74
29,r_40_75_137,r_60_59_175,seq91,r_40_75_137,0.95,0,137,137,74
63,seq26,r_78_27_60,r_3_19_156,r_78_27_60,0.93,-34,26,60,74
22,r_123_92_41,seq6,seq98,r_123_92_41,1.0,0,41,41,74
24,r_49_63_127,seq53,r_45_80_94,r_49_63_127,0.99,3,130,127,74
25,r_143_24_153,seq104,seq86,r_143_24_153,0.96,0,153,153,74
33,r_56_139_8,r_1_20_185,r_54_30_179,r_54_30_179,0.76,6,185,179,74
88,seq102,r_60_59_175,r_17_5_51,r_17_5_51,1.0,124,175,51,74
90,seq106,r_45_80_94,r_141_65_20,r_141_65_20,0.55,-1,19,20,74
61,seq147,seq98,r_113_32_125,r_113_32_125,0.99,9,134,125,74
48,r_141_65_20,r_99_47_49,seq106,r_141_65_20,1.0,-1,19,20,74
38,r_120_89_79,seq76,seq98,r_120_89_79,1.0,0,79,79,74
21,r_99_47_49,r_54_30_179,seq118,r_99_47_49,0.99,2,51,49,74
44,r_138_124_38,r_54_30_179,seq69,r_138_124_38,1.0,-1,37,38,74
45,r_82_61_74,seq129,r_95_103_39,r_95_103_39,0.99,2,41,39,74
28,r_58_43_53,seq106,r_25_14_197,r_58_43_53,1.0,0,53,53,74
75,seq69,r_48_41_163,r_78_27_60,r_78_27_60,1.0,6,66,60,74
81,seq79,r_107_87_176,r_60_59_175,r_60_59_175,0.76,1,176,175,74
6,r_60_59_175,r_17_5_51,r_140_90_92,r_60_59_175,0.84,0,175,175,74
9,r_85_110_173,seq15,r_140_90_92,r_85_110_173,0.49,0,173,173,74
40,r_17_5_51,seq6,r_60_59_175,r_17_5_51,1.0,1,52,51,74
49,r_81_35_120,r_93_108_17,seq7,r_81_35_120,0.99,1,121,120,74
20,r_137_36_23,seq102,seq111,r_137_36_23,1.0,0,23,23,74
7,r_131_4_113,seq9,seq15,r_131_4_113,1.0,0,113,113,74
79,seq76,r_120_89_79,seq104,r_120_89_79,1.0,0,79,79,74
12,r_50_96_186,seq136,r_49_63_127,r_50_96_186,0.39,-1,185,186,74
17,r_121_127_37,r_8_68_184,seq69,r_121_127_37,1.0,-1,36,37,74
4,r_97_10_56,seq98,seq53,r_97_10_56,1.0,0,56,56,74
1,r_3_19_156,r_85_110_173,seq26,r_85_110_173,0.56,-147,26,173,74
36,r_103_51_123,seq78,r_117_116_68,r_103_51_123,0.95,1,124,123,75
0,r_102_26_55,seq60,r_44_109_117,r_102_26_55,1.0,0,55,55,75
14,r_64_45_190,seq17,r_7_54_29,r_7_54_29,0.97,113,142,29,75
8,r_31_90_82,seq121,seq15,r_31_90_82,1.0,0,82,82,75
30,r_99_131_58,r_144_141_47,r_117_116_68,r_144_141_47,0.58,0,47,47,75
53,seq4,r_69_9_188,seq86,r_69_9_188,0.46,-94,94,188,75
43,r_145_3_120,r_41_139_161,r_63_113_35,r_145_3_120,1.0,0,120,120,75
37,r_134_8_144,r_71_33_153,r_53_1_100,r_71_33_153,0.84,-8,145,153,75
20,r_24_5_40,r_32_13_194,seq146,r_24_5_40,1.0,0,40,40,75
59,seq16,r_50_125_134,r_144_141_47,r_144_141_47,0.76,89,136,47,75
14,r_64_45_190,r_7_54_29,r_135_37_171,r_64_45_190,0.99,0,190,190,75
16,r_14_148_64,r_47_68_156,seq30,r_14_148_64,1.0,0,64,64,75
39,r_77_55_103,seq142,r_69_9_188,r_77_55_103,1.0,1,104,103,75
1,r_65_87_62,r_47_68_156,seq142,r_65_87_62,1.0,0,62,62,75
46,r_81_34_187,seq115,r_63_113_35,r_63_113_35,0.63,152,187,35,75
62,seq147,r_117_116_68,r_22_127_135,r_22_127_135,0.63,1,136,135,75
80,seq80,r_88_62_90,seq57,r_88_62_90,1.0,0,90,90,75
45,r_23_79_147,seq20,r_65_87_62,r_23_79_147,0.76,0,147,147,75
25,r_63_113_35,seq78,seq136,r_63_113_35,0.99,1,36,35,75
73,seq60,r_102_26_55,seq80,r_102_26_55,1.0,0,55,55,75
27,r_44_109_117,r_102_26_55,r_10_128_10,r_44_109_117,1.0,0,117,117,75
66,seq30,r_119_114_149,r_14_148_64,r_14_148_64,1.0,27,91,64,75
4,r_7_54_29,seq48,seq17,r_7_54_29,0.98,1,30,29,75
39,r_77_55_103,r_69_9_188,r_140_149_166,r_140_149_166,0.91,22,188,166,75
31,r_73_122_195,r_117_116_68,r_65_87_62,r_73_122_195,1.0,-127,68,195,75
41,r_88_62_90,seq80,seq129,r_88_62_90,0.99,0,90,90,75
30,r_99_131_58,r_117_116_68,seq146,r_99_131_58,1.0,0,58,58,75
10,r_21_93_71,r_69_9_188,seq85,r_21_93_71,1.0,0,71,71,75
90,seq100,seq52,r_83_27_98,r_83_27_98,1.0,16,114,98,75
40,r_36_42_17,seq146,seq111,r_36_42_17,0.95,0,17,17,75
34,r_69_9_188,r_77_55_103,seq78,r_69_9_188,0.74,0,188,188,75
11,r_117_116_68,r_73_122_195,seq121,r_117_116_68,1.0,0,68,68,75
13,r_105_19_137,seq20,seq6,r_105_19_137,0.99,1,138,137,75
15,r_138_49_106,seq111,r_14_148_64,r_138_49_106,0.74,0,106,106,75
27,r_44_109_117,seq110,r_102_26_55,r_102_26_55,0.97,1,56,55,75
85,seq92,r_29_38_182,r_117_116_68,r_117_116_68,1.0,114,182,68,75
48,r_118_11_18,r_12_25_54,r_65_87_62,r_118_11_18,0.83,0,18,18,75
19,r_12_25_54,r_23_79_147,seq35,r_12_25_54,0.95,0,54,54,75
0,r_102_26_55,r_44_109_117,seq143,r_44_109_117,0.91,0,117,117,75
0,r_102_26_55,seq143,seq58,r_102_26_55,0.47,100,155,55,75
5,r_94_66_53,r_50_125_134,r_118_11_18,r_94_66_53,0.92,0,53,53,75
2,r_119_114_149,seq70,seq2,r_119_114_149,0.93,0,149,149,75
47,r_140_149_166,r_23_79_147,seq20,r_23_79_147,0.82,-67,80,147,75
6,r_144_141_47,r_99_131_58,seq16,r_144_141_47,0.66,0,47,47,75
74,seq70,r_119_114_149,seq75,r_119_114_149,1.0,0,149,149,75
17,r_39_91_42,r_10_128_10,r_41_139_161,r_39_91_42,1.0,1,43,42,75
24,r_135_37_171,r_137_67_170,seq60,r_135_37_171,0.5,0,171,171,75
33,r_120_130_80,r_137_67_170,seq40,r_120_130_80,1.0,1,81,80,75
47,r_140_149_166,seq20,r_77_55_103,r_140_149_166,0.89,0,166,166,75
68,seq40,r_32_13_194,r_120_130_80,r_120_130_80,1.0,29,109,80,75
42,r_101_104_39,seq146,r_84_59_132,r_84_59_132,1.0,0,132,132,75
32,r_22_127_135,seq143,seq147,r_22_127_135,0.94,0,135,135,75
48,r_118_11_18,r_65_87_62,r_94_66_53,r_65_87_62,0.97,-9,53,62,75
34,r_69_9_188,r_21_93_71,seq4,r_21_93_71,1.0,0,71,71,75
60,seq17,r_64_45_190,r_7_54_29,r_7_54_29,0.9,106,135,29,75
25,r_63_113_35,seq136,r_145_3_120,r_145_3_120,1.0,11,131,120,75
9,r_84_59_132,seq78,r_101_104_39,r_84_59_132,0.91,0,132,132,75
31,r_73_122_195,r_65_87_62,seq107,r_73_122_195,0.38,-42,153,195,75
22,r_41_139_161,r_145_3_120,r_83_27_98,r_41_139_161,0.9,-39,122,161,75
49,r_83_27_98,r_61_46_146,seq100,r_83_27_98,0.98,0,98,98,75
7,r_89_43_122,r_61_46_146,seq146,r_89_43_122,0.66,0,122,122,75
44,r_53_1_100,seq60,seq111,r_53_1_100,1.0,1,101,100,75
17,r_39_91_42,r_41_139_161,r_83_27_98,r_83_27_98,1.0,23,121,98,75
82,seq85,r_81_34_187,r_21_93_71,r_21_93_71,0.97,8,79,71,75
34,r_69_9_188,seq4,r_77_55_103,r_77_55_103,1.0,-1,102,103,75
35,r_61_46_146,seq95,seq16,r_61_46_146,0.67,0,146,146,75
12,r_56_112_114,seq121,seq20,r_56_112_114,1.0,0,114,114,75
84,seq143,r_22_127_135,r_102_26_55,r_102_26_55,0.99,73,128,55,75
30,r_60_127_159,r_138_39_142,r_3_79_136,r_3_79_136,0.82,0,136,136,76
33,r_94_53_166,r_66_144_190,seq41,r_94_53_166,0.96,0,166,166,76
51,seq1,seq89,r_25_18_74,r_25_18_74,1.0,32,106,74,76
14,r_75_23_132,r_21_101_193,seq1,r_21_101_193,0.53,-61,132,193,76
43,r_135_124_121,seq100,seq78,r_135_124_121,0.9,2,123,121,76
60,seq148,r_81_116_186,r_104_126_10,r_104_126_10,0.6,9,19,10,76
37,r_14_121_90,r_15_5_97,seq30,r_14_121_90,0.87,1,91,90,76
3,r_65_54_45,seq6,r_71_10_88,r_71_10_88,0.97,23,111,88,76
16,r_112_51_194,r_61_73_140,r_105_102_100,r_112_51_194,0.87,-82,112,194,76
39,r_34_108_189,r_3_79_136,r_75_23_132,r_34_108_189,0.95,-53,136,189,76
54,seq8,r_58_19_198,r_36_13_35,r_36_13_35,1.0,9,44,35,76
46,r_62_90_147,r_71_10_88,r_61_73_140,r_71_10_88,0.65,0,88,88,76
42,r_107_96_2,r_137_64_114,r_123_142_118,r_107_96_2,0.73,112,114,2,76
13,r_29_4_36,seq35,r_52_69_53,r_29_4_36,1.0,5,41,36,76
52,seq130,seq27,r_46_98_46,r_46_98_46,1.0,1,47,46,76
19,r_137_64_114,r_107_96_2,seq148,r_137_64_114,1.0,0,114,114,76
38,r_36_13_35,seq111,seq8,r_36_13_35,1.0,0,35,35,76
31,r_128_42_196,seq31,r_109_131_154,r_109_131_154,0.96,-1,153,154,76
67,seq38,r_107_96_2,seq30,r_107_96_2,0.32,99,101,2,76
61,seq24,r_123_142_118,r_45_99_19,r_45_99_19,0.6,0,19,19,76
26,r_40_93_116,seq84,seq31,r_40_93_116,0.93,0,116,116,76
46,r_62_90_147,r_105_102_100,r_65_54_45,r_62_90_147,1.0,0,147,147,76
4,r_61_73_140,seq103,seq0,r_61_73_140,0.98,1,141,140,76
0,r_136_83_146,r_17_48_161,r_32_20_5,r_32_20_5,0.97,145,150,5,76
11,r_3_79_136,r_34_108_189,seq9,r_3_79_136,0.89,0,136,136,76
15,r_129_88_70,seq67,seq16,r_129_88_70,0.94,1,71,70,76
48,r_149_11_101,seq67,r_72_47_39,r_149_11_101,0.99,1,102,101,76
21,r_58_19_198,seq8,seq95,r_58_19_198,0.61,-145,53,198,76
39,r_34_108_189,r_75_23_132,seq111,r_34_108_189,1.0,0,189,189,76
85,seq89,r_81_116_186,r_70_147_111,r_70_147_111,1.0,76,187,111,76
3,r_65_54_45,r_123_142_118,seq6,r_65_54_45,0.92,5,50,45,76
36,r_37_55_13,seq111,r_137_64_114,r_37_55_13,0.28,175,188,13,76
27,r_70_147_111,seq16,seq43,r_70_147_111,0.98,0,111,111,76
46,r_62_90_147,r_61_73_140,r_105_102_100,r_105_102_100,0.6,1,101,100,76
2,r_15_5_97,r_14_121_90,seq141,r_15_5_97,0.72,-6,91,97,76
20,r_46_98_46,r_61_73_140,seq130,r_46_98_46,1.0,0,46,46,76
30,r_60_127_159,r_3_79_136,seq35,r_60_127_159,0.73,4,163,159,76
17,r_132_139_27,seq31,r_143_97_188,r_132_139_27,1.0,0,27,27,76
47,r_52_69_53,r_81_116_186,r_29_4_36,r_29_4_36,0.63,17,53,36,76
40,r_44_28_120,seq24,seq9,r_44_28_120,1.0,0,120,120,76
18,r_140_114_92,r_70_147_111,seq125,r_140_114_92,0.84,4,96,92,76
24,r_105_102_100,r_62_90_147,r_112_51_194,r_62_90_147,0.96,0,147,147,76
24,r_105_102_100,r_75_23_132,r_62_90_147,r_105_102_100,0.9,0,100,100,76
25,r_122_133_60,r_138_39_142,seq56,r_122_133_60,0.82,1,61,60,76
33,r_94_53_166,seq6,r_66_144_190,r_66_144_190,0.6,-79,111,190,76
64,seq31,r_128_42_196,r_40_93_116,r_40_93_116,1.0,8,124,116,76
32,r_138_39_142,r_60_127_159,seq91,r_138_39_142,0.72,0,142,142,76
29,r_143_97_188,seq50,r_132_139_27,r_132_139_27,0.98,25,52,27,76
99,seq125,r_37_55_13,r_129_88_70,r_37_55_13,0.69,0,13,13,76
75,seq67,r_129_88_70,seq12,r_129_88_70,1.0,1,71,70,76
1,r_7_22_23,seq30,seq111,r_7_22_23,0.98,0,23,23,76
9,r_123_142_118,seq24,r_107_96_2,r_123_142_118,0.74,0,118,118,76
28,r_25_18_74,seq50,seq1,r_25_18_74,0.91,0,74,74,76
49,r_45_99_19,r_122_133_60,seq24,r_45_99_19,0.99,0,19,19,76
44,r_71_10_88,r_62_90_147,r_65_54_45,r_71_10_88,0.96,0,88,88,76
23,r_109_131_154,seq16,r_128_42_196,r_109_131_154,0.78,0,154,154,76
41,r_72_47_39,r_14_121_90,seq68,r_72_47_39,0.57,1,40,39,76
82,seq84,r_40_93_116,seq9,r_40_93_116,1.0,1,117,116,76
10,r_104_126_10,r_15_5_97,seq148,r_104_126_10,0.94,1,11,10,76
60,seq148,r_104_126_10,r_137_64_114,r_137_64_114,1.0,0,114,114,76
35,r_74_2_125,seq43,r_72_47_39,r_74_2_125,0.97,0,125,125,76
36,r_37_55_13,seq125,seq111,r_37_55_13,1.0,0,13,13,76
93,seq108,r_75_25_187,r_123_54_5,r_123_54_5,0.7,182,187,5,77
44,r_103_10_189,r_102_146_19,r_21_97_55,r_21_97_55,0.66,134,189,55,77
51,seq3,r_24_118_79,seq86,r_24_118_79,1.0,1,80,79,77
71,seq42,seq70,r_5_13_22,r_5_13_22,1.0,1,23,22,77
36,r_62_1_181,r_120_37_128,r_19_11_66,r_62_1_181,0.96,-53,128,181,77
37,r_128_68_160,r_21_97_55,r_77_41_42,r_128_68_160,1.0,-105,55,160,77
92,seq107,r_4_64_90,seq58,r_4_64_90,1.0,-5,85,90,77
47,r_101_44_17,r_79_145_124,r_0_147_21,r_101_44_17,1.0,0,17,17,77
43,r_61_71_101,seq94,r_9_129_56,r_61_71_101,1.0,0,101,101,77
83,seq83,r_125_50_96,seq17,r_125_50_96,1.0,0,96,96,77
12,r_77_41_42,r_141_20_87,r_106_121_175,r_77_41_42,1.0,0,42,42,77
86,seq86,seq3,r_96_93_158,r_96_93_158,0.85,15,173,158,77
16,r_96_93_158,seq94,r_19_11_66,r_19_11_66,0.98,27,93,66,77
39,r_49_130_150,seq38,seq107,r_49_130_150,0.98,0,150,150,77
1,r_4_64_90,seq107,seq35,r_4_64_90,1.0,0,90,90,77
5,r_75_25_187,seq34,seq16,r_75_25_187,0.44,0,187,187,77
46,r_26_46_153,seq135,seq66,r_26_46_153,0.84,0,153,153,77
42,r_122_90_136,seq144,seq107,r_122_90_136,0.99,0,136,136,77
80,seq72,seq134,r_65_60_147,r_65_60_147,0.97,11,158,147,77
7,r_105_113_34,seq86,r_31_87_154,r_31_87_154,0.78,0,154,154,77
69,seq38,r_49_130_150,r_99_112_59,r_99_112_59,0.93,91,150,59,77
83,seq83,seq17,r_78_39_143,r_78_39_143,1.0,19,162,143,77
89,seq92,seq33,r_0_147_21,r_0_147_21,0.49,124,145,21,77
24,r_102_146_19,r_103_10_189,r_99_112_59,r_99_112_59,1.0,130,189,59,77
19,r_79_145_124,r_63_52_172,seq23,r_79_145_124,0.93,1,125,124,77
8,r_139_74_27,r_105_113_34,seq137,r_139_74_27,1.0,0,27,27,77
77,seq66,r_123_54_5,r_26_46_153,r_26_46_153,0.95,-3,150,153,77
66,seq34,r_75_25_187,r_95_27_31,r_95_27_31,0.99,46,77,31,77
32,r_63_52_172,seq17,seq56,r_63_52_172,0.99,0,172,172,77
34,r_5_13_22,r_22_88_97,seq42,r_5_13_22,1.0,0,22,22,77
31,r_100_59_94,seq16,seq51,r_100_59_94,1.0,0,94,94,77
26,r_73_133_11,r_132_127_54,r_124_15_1,r_73_133_11,0.89,0,11,11,77
45,r_0_147_21,r_103_10_189,r_101_44_17,r_0_147_21,1.0,0,21,21,77
3,r_7_6_173,seq35,r_57_98_196,r_57_98_196,0.64,-22,174,196,77
10,r_143_80_168,r_142_55_131,r_99_112_59,r_99_112_59,0.65,72,131,59,77
24,r_102_146_19,r_132_127_54,r_103_10_189,r_102_146_19,0.97,2,21,19,77
44,r_103_10_189,r_0_147_21,r_102_146_19,r_103_10_189,1.0,-168,21,189,77
33,r_78_39_143,r_100_59_94,r_61_71_101,r_78_39_143,0.54,11,154,143,77
72,seq47,seq109,r_123_54_5,r_123_54_5,0.75,115,120,5,77
16,r_96_93_158,r_19_11_66,seq86,r_96_93_158,1.0,0,158,158,77
4,r_22_88_97,seq89,seq85,r_22_88_97,1.0,0,97,97,77
49,r_9_129_56,r_65_60_147,r_61_71_101,r_9_129_56,0.99,64,120,56,77
78,seq69,seq144,r_43_29_146,r_43_29_146,0.99,11,157,146,77
0,r_43_29_146,seq34,seq69,r_43_29_146,0.96,0,146,146,77
73,seq51,r_131_18_126,r_100_59_94,r_100_59_94,0.98,34,128,94,77
20,r_76_115_65,seq82,r_132_127_54,r_76_115_65,0.92,0,65,65,77
13,r_141_20_87,seq82,r_14_12_77,r_141_20_87,0.72,0,87,87,77
15,r_31_87_154,seq2,r_105_113_34,r_31_87_154,0.86,0,154,154,77
48,r_125_50_96,seq83,r_0_147_21,r_125_50_96,0.99,0,96,96,77
12,r_77_41_42,r_106_121_175,seq107,r_77_41_42,0.52,133,175,42,77
36,r_62_1_181,r_19_11_66,seq58,r_62_1_181,1.0,0,181,181,77
87,seq89,r_22_88_97,seq148,r_22_88_97,1.0,-20,77,97,77
51,seq3,seq86,r_119_8_123,r_119_8_123,1.0,11,134,123,77
41,r_106_121_175,r_77_41_42,seq135,r_106_121_175,0.7,0,175,175,77
18,r_65_60_147,r_14_12_77,r_9_129_56,r_9_129_56,0.7,9,65,56,77
29,r_14_12_77,r_26_46_153,r_141_20_87,r_26_46_153,0.53,-68,85,153,77
25,r_131_18_126,seq51,r_57_98_196,r_131_18_126,0.85,2,128,126,77
33,r_78_39_143,seq56,r_100_59_94,r_100_59_94,0.63,50,144,94,77
82,seq82,r_57_98_196,r_61_71_101,r_61_71_101,0.99,64,165,101,77
88,seq91,r_49_130_150,r_99_112_59,r_99_112_59,0.97,73,132,59,77
32,r_63_52_172,r_79_145_124,seq17,r_79_145_124,1.0,1,125,124,77
60,seq149,seq140,r_21_97_55,r_21_97_55,1.0,8,63,55,77
92,seq107,seq58,r_122_90_136,r_122_90_136,1.0,1,137,136,77
2,r_95_27_31,seq144,seq34,r_95_27_31,1.0,0,31,31,77
30,r_104_45_48,r_128_68_160,seq144,r_104_45_48,1.0,0,48,48,77
9,r_99_112_59,seq23,seq91,r_99_112_59,1.0,2,61,59,77
41,r_106_121_175,r_128_68_160,r_77_41_42,r_77_41_42,0.97,9,51,42,77
37,r_128_68_160,r_77_41_42,r_96_93_158,r_128_68_160,0.73,0,160,160,77
22,r_142_55_131,r_143_80_168,r_132_127_54,r_142_55_131,0.94,0,131,131,77
91,seq144,r_122_90_136,r_104_45_48,r_104_45_48,0.96,88,136,48,77
49,r_9_129_56,seq86,r_65_60_147,r_9_129_56,1.0,6,62,56,77
28,r_21_97_55,r_128_68_160,seq149,r_21_97_55,1.0,0,55,55,77
7,r_105_113_34,seq94,seq86,r_105_113_34,0.53,3,37,34,77
18,r_65_60_147,r_9_129_56,seq72,r_65_60_147,0.9,0,147,147,77
23,r_19_11_66,seq85,seq16,r_19_11_66,0.95,0,66,66,77
14,r_132_127_54,r_9_129_56,seq84,r_132_127_54,1.0,0,54,54,77
82,seq82,r_76_115_65,r_57_98_196,r_76_115_65,0.65,8,73,65,77
35,r_120_37_128,r_62_1_181,seq34,r_120_37_128,1.0,0,128,128,77
84,seq84,seq35,r_132_127_54,r_132_127_54,1.0,17,71,54,77
93,seq110,r_6_98_190,r_3_15_42,r_3_15_42,0.99,148,190,42,78
44,r_31_108_184,r_94_60_77,r_84_63_105,r_84_63_105,0.58,80,185,105,78
36,r_49_70_144,seq1,seq13,r_49_70_144,0.86,0,144,144,78
92,seq106,r_101_96_157,seq103,r_101_96_157,1.0,0,157,157,78
14,r_147_48_107,seq139,r_79_62_197,r_147_48_107,0.95,2,109,107,78
8,r_26_74_70,r_65_145_186,seq42,r_26_74_70,0.95,1,71,70,78
49,r_65_145_186,seq103,r_38_30_95,r_65_145_186,0.75,-76,110,186,78
37,r_10_123_81,seq29,r_59_72_188,r_10_123_81,1.0,0,81,81,78
86,seq80,r_107_115_101,seq4,r_107_115_101,0.99,-40,61,101,78
16,r_58_25_135,r_109_92_168,r_85_102_173,r_58_25_135,0.71,0,135,135,78
16,r_58_25_135,r_85_102_173,r_49_70_144,r_85_102_173,0.75,3,176,173,78
39,r_86_83_18,r_38_30_95,seq87,r_86_83_18,1.0,0,18,18,78
5,r_50_56_69,seq111,seq11,r_50_56_69,1.0,0,69,69,78
32,r_69_81_75,r_65_145_186,seq41,r_69_81_75,0.51,27,102,75,78
7,r_122_52_113,r_137_127_40,seq78,r_122_52_113,1.0,1,114,113,78
69,seq33,r_84_63_105,seq13,r_84_63_105,1.0,0,105,105,78
45,r_24_68_161,seq29,r_97_43_1,r_24_68_161,0.69,1,162,161,78
15,r_3_15_42,seq44,r_6_98_190,r_3_15_42,0.92,0,42,42,78
19,r_93_75_114,seq141,r_50_56_69,r_93_75_114,0.94,0,114,114,78
15,r_3_15_42,r_6_98_190,r_107_115_101,r_107_115_101,1.0,29,130,101,78
1,r_100_134_60,r_140_14_25,seq28,r_140_14_25,0.96,0,25,25,78
27,r_59_72_188,r_10_123_81,r_122_52_113,r_10_123_81,0.45,107,188,81,78
95,seq113,r_7_88_163,seq18,r_7_88_163,0.81,8,171,163,78
39,r_86_83_18,seq87,r_117_144_76,r_117_144_76,1.0,29,105,76,78
31,r_97_43_1,seq80,r_24_68_161,r_24_68_161,0.96,1,162,161,78
84,seq78,r_35_82_56,r_122_52_113,r_122_52_113,0.5,21,134,113,78
10,r_85_102_173,r_64_66_141,r_58_25_135,r_85_102_173,0.62,-38,135,173,78
10,r_85_102_173,r_58_25_135,r_100_134_60,r_85_102_173,0.95,0,173,173,78
26,r_133_32_64,r_64_66_141,seq114,r_133_32_64,1.0,0,64,64,78
9,r_140_14_25,r_100_134_60,seq33,r_140_14_25,0.96,0,25,25,78
4,r_77_67_185,seq130,r_10_123_81,r_10_123_81,1.0,104,185,81,78
0,r_6_98_190,seq110,r_49_70_144,r_49_70_144,0.86,46,190,144,78
11,r_54_116_180,seq139,r_38_30_95,r_38_30_95,0.83,85,180,95,78
20,r_112_55_86,seq8,r_133_32_64,r_112_55_86,1.0,1,87,86,78
13,r_64_66_141,r_85_102_173,seq29,r_64_66_141,0.93,0,141,141,78
48,r_20_37_102,r_6_98_190,seq13,r_20_37_102,1.0,0,102,102,78
7,r_122_52_113,r_147_48_107,r_137_127_40,r_137_127_40,1.0,8,48,40,78
57,seq11,seq71,r_50_56_69,r_50_56_69,1.0,27,96,69,78
12,r_137_127_40,r_122_52_113,seq139,r_122_52_113,1.0,0,113,113,78
6,r_131_27_124,seq22,seq19,r_131_27_124,0.99,0,124,124,78
1,r_100_134_60,seq28,seq71,r_100_134_60,1.0,0,60,60,78
2,r_38_30_95,r_65_145_186,seq103,r_65_145_186,0.9,0,186,186,78
29,r_95_126_49,r_149_146_194,seq29,r_95_126_49,1.0,1,50,49,78
27,r_59_72_188,r_147_48_107,r_10_123_81,r_59_72_188,0.85,-100,88,188,78
30,r_143_5_57,seq111,r_54_116_180,r_54_116_180,0.38,-18,162,180,78
30,r_143_5_57,r_79_62_197,seq111,r_143_5_57,1.0,1,58,57,78
35,r_35_82_56,r_50_56_69,seq78,r_35_82_56,1.0,0,56,56,78
12,r_137_127_40,r_95_126_49,r_122_52_113,r_137_127_40,1.0,1,41,40,78
2,r_38_30_95,seq78,r_65_145_186,r_38_30_95,1.0,1,96,95,78
40,r_101_96_157,seq106,r_137_127_40,r_137_127_40,0.5,117,157,40,78
18,r_94_60_77,r_84_63_105,r_31_108_184,r_31_108_184,0.57,-107,77,184,78
41,r_0_148_23,r_6_98_190,r_133_32_64,r_133_32_64,0.94,17,81,64,78
43,r_36_9_32,r_109_92_168,seq80,r_36_9_32,0.99,2,34,32,78
33,r_53_121_137,r_76_142_179,seq87,r_53_121_137,0.6,0,137,137,78
50,seq128,r_24_68_161,r_95_126_49,r_95_126_49,0.9,86,135,49,78
65,seq22,r_131_27_124,r_149_146_194,r_131_27_124,0.99,0,124,124,78
32,r_69_81_75,seq51,r_65_145_186,r_69_81_75,0.93,0,75,75,78
38,r_47_136_94,seq51,seq139,r_47_136_94,1.0,1,95,94,78
14,r_147_48_107,r_79_62_197,seq80,r_147_48_107,0.57,58,165,107,78
34,r_107_115_101,r_79_62_197,r_3_15_42,r_79_62_197,0.94,-96,101,197,78
47,r_79_62_197,r_143_5_57,r_36_9_32,r_79_62_197,0.67,-140,57,197,78
47,r_79_62_197,r_36_9_32,r_147_48_107,r_147_48_107,1.0,4,111,107,78
94,seq111,r_50_56_69,r_47_136_94,r_50_56_69,0.66,0,69,69,78
41,r_0_148_23,r_2_104_5,r_6_98_190,r_0_148_23,1.0,1,24,23,78
96,seq114,seq17,r_133_32_64,r_133_32_64,1.0,14,78,64,78
37,r_10_123_81,r_59_72_188,r_53_121_137,r_53_121_137,0.67,51,188,137,78
22,r_84_63_105,seq33,r_26_74_70,r_84_63_105,0.89,0,105,105,78
28,r_117_144_76,seq4,r_86_83_18,r_117_144_76,1.0,0,76,76,78
49,r_65_145_186,r_26_74_70,seq103,r_26_74_70,0.86,16,86,70,78
18,r_94_60_77,r_31_108_184,seq51,r_31_108_184,0.82,1,185,184,78
44,r_31_108_184,r_47_136_94,r_94_60_77,r_31_108_184,0.87,-106,78,184,78
23,r_76_142_179,r_53_121_137,seq41,r_53_121_137,0.99,0,137,137,78
49,r_65_145_186,r_38_30_95,r_100_134_60,r_65_145_186,0.89,1,187,186,78
46,r_89_129_18,r_66_118_105,r_27_120_159,r_89_129_18,1.0,0,18,18,79
36,r_66_118_105,seq142,r_28_88_88,r_28_88_88,0.79,20,108,88,79
8,r_18_133_100,r_45_60_167,r_103_122_72,r_103_122_72,0.91,25,97,72,79
43,r_76_40_91,r_75_140_55,seq31,r_76_40_91,0.98,0,91,91,79
54,seq4,r_114_94_4,r_54_148_59,r_54_148_59,1.0,12,71,59,79
37,r_102_117_117,r_106_14_50,seq113,r_106_14_50,1.0,0,50,50,79
16,r_101_12_161,seq15,seq33,r_101_12_161,0.94,1,162,161,79
39,r_44_128_64,seq123,r_86_92_185,r_44_128_64,1.0,1,65,64,79
1,r_110_80_85,r_45_60_167,r_24_47_66,r_45_60_167,0.78,-82,85,167,79
5,r_141_90_186,r_70_68_146,r_100_64_119,r_100_64_119,0.59,33,152,119,79
11,r_106_14_50,r_102_117_117,seq107,r_106_14_50,0.99,0,50,50,79
2,r_108_63_158,r_73_145_78,r_106_14_50,r_108_63_158,0.73,-111,47,158,79
66,seq22,r_75_140_55,r_77_71_70,r_77_71_70,0.94,1,71,70,79
14,r_85_13_31,r_100_64_119,seq2,r_85_13_31,0.73,2,33,31,79
31,r_111_143_135,seq65,r_46_38_62,r_111_143_135,0.76,0,135,135,79
41,r_17_126_92,seq48,r_114_94_4,r_17_126_92,0.96,0,92,92,79
25,r_27_120_159,seq67,r_89_129_18,r_89_129_18,1.0,-1,17,18,79
3,r_28_88_88,seq113,seq49,r_28_88_88,1.0,1,89,88,79
10,r_95_138_155,seq56,r_100_64_119,r_95_138_155,0.84,0,155,155,79
20,r_86_92_185,r_139_109_46,seq124,r_139_109_46,1.0,1,47,46,79
6,r_75_140_55,seq22,r_76_40_91,r_75_140_55,0.66,3,58,55,79
4,r_45_60_167,r_110_80_85,r_18_133_100,r_110_80_85,1.0,0,85,85,79
45,r_24_47_66,r_119_11_29,seq132,r_119_11_29,0.95,-5,24,29,79
85,seq91,seq72,r_51_104_22,r_51_104_22,1.0,22,44,22,79
23,r_19_59_57,seq116,seq48,r_19_59_57,1.0,0,57,57,79
13,r_137_41_58,r_18_133_100,seq65,r_137_41_58,1.0,4,62,58,79
46,r_89_129_18,r_27_120_159,r_73_145_78,r_73_145_78,1.0,84,162,78,79
15,r_62_69_174,seq99,r_44_128_64,r_44_128_64,0.99,110,174,64,79
40,r_134_29_129,r_135_32_73,seq15,r_134_29_129,1.0,0,129,129,79
81,seq72,seq91,r_51_104_22,r_51_104_22,1.0,4,26,22,79
4,r_45_60_167,r_18_133_100,r_114_94_4,r_45_60_167,0.83,0,167,167,79
19,r_51_104_22,r_44_128_64,seq72,r_51_104_22,0.91,0,22,22,79
2,r_108_63_158,r_106_14_50,r_139_109_46,r_108_63_158,0.85,30,188,158,79
27,r_6_149_170,seq16,seq50,r_6_149_170,0.69,0,170,170,79
30,r_100_64_119,r_139_109_46,seq16,r_100_64_119,1.0,0,119,119,79
30,r_100_64_119,seq83,r_139_109_46,r_139_109_46,1.0,11,57,46,79
6,r_75_140_55,r_76_40_91,r_77_71_70,r_76_40_91,0.91,1,92,91,79
22,r_139_109_46,r_100_64_119,seq83,r_100_64_119,1.0,0,119,119,79
47,r_82_35_96,seq0,seq81,r_82_35_96,0.99,2,98,96,79
40,r_134_29_129,seq132,r_135_32_73,r_135_32_73,1.0,26,99,73,79
18,r_46_38_62,seq96,seq58,r_46_38_62,1.0,1,63,62,79
29,r_57_127_83,r_62_69_174,r_119_11_29,r_57_127_83,1.0,0,83,83,79
24,r_84_43_120,r_141_90_186,r_76_40_91,r_84_43_120,0.98,0,120,120,79
42,r_119_11_29,r_75_140_55,r_77_71_70,r_77_71_70,0.78,0,70,70,79
58,seq132,r_134_29_129,r_135_32_73,r_135_32_73,0.61,27,100,73,79
65,seq21,seq123,r_102_117_117,r_102_117_117,1.0,24,141,117,79
21,r_55_26_16,r_111_143_135,seq58,r_55_26_16,0.85,0,16,16,79
20,r_86_92_185,seq124,r_5_115_111,r_5_115_111,1.0,-4,107,111,79
32,r_135_32_73,seq96,seq132,r_135_32_73,1.0,0,73,73,79
38,r_70_68_146,r_141_90_186,r_73_145_78,r_70_68_146,0.75,3,149,146,79
77,seq56,r_95_138_155,seq113,r_95_138_155,0.94,4,159,155,79
5,r_141_90_186,r_100_64_119,r_18_133_100,r_141_90_186,0.98,0,186,186,79
39,r_44_128_64,r_86_92_185,r_5_115_111,r_5_115_111,1.0,0,111,111,79
48,r_23_10_42,r_100_64_119,seq99,r_23_10_42,0.77,2,44,42,79
20,r_86_92_185,r_5_115_111,r_95_138_155,r_95_138_155,0.62,30,185,155,79
45,r_24_47_66,seq132,seq96,r_24_47_66,1.0,0,66,66,79
17,r_97_74_189,r_5_115_111,r_6_149_170,r_97_74_189,0.55,-116,73,189,79
25,r_27_120_159,r_89_129_18,r_75_140_55,r_27_120_159,0.82,8,167,159,79
9,r_5_115_111,seq112,r_44_128_64,r_5_115_111,0.93,0,111,111,79
63,seq146,seq132,r_78_79_175,r_78_79_175,0.92,7,182,175,79
17,r_97_74_189,r_6_149_170,r_37_36_30,r_97_74_189,0.62,-90,99,189,79
26,r_114_94_4,seq4,r_17_126_92,r_17_126_92,0.93,11,103,92,79
37,r_102_117_117,seq113,seq21,r_102_117_117,1.0,1,118,117,79
28,r_77_71_70,r_62_69_174,r_119_11_29,r_77_71_70,1.0,0,70,70,79
33,r_3_61_43,r_95_138_155,seq1,r_3_61_43,0.98,0,43,43,79
49,r_54_148_59,seq144,seq4,r_54_148_59,1.0,0,59,59,79
7,r_73_145_78,seq58,r_51_104_22,r_73_145_78,1.0,0,78,78,79
44,r_78_79_175,seq121,seq146,r_78_79_175,0.77,1,176,175,79
42,r_119_11_29,r_24_47_66,r_75_140_55,r_119_11_29,1.0,0,29,29,79
82,seq81,seq131,r_82_35_96,r_82_35_96,1.0,39,135,96,79
35,r_8_52_104,seq2,r_46_38_62,r_8_52_104,1.0,0,104,104,79
22,r_139_109_46,r_86_92_185,r_100_64_119,r_139_109_46,1.0,1,47,46,79
12,r_103_122_72,seq33,r_18_133_100,r_103_122_72,1.0,2,74,72,79
37,r_117_75_55,seq100,seq57,r_117_75_55,1.0,1,56,55,80
30,r_114_77_108,r_139_33_110,seq133,r_114_77_108,1.0,0,108,108,80
51,seq128,r_101_53_160,r_113_37_77,r_113_37_77,0.75,39,116,77,80
93,seq100,r_117_75_55,r_104_12_157,r_117_75_55,1.0,1,56,55,80
40,r_22_72_43,seq65,seq95,r_22_72_43,1.0,0,43,43,80
14,r_25_130_82,r_103_16_148,seq82,r_25_130_82,1.0,0,82,82,80
43,r_20_19_126,r_51_47_169,seq2,r_51_47_169,1.0,-28,141,169,80
31,r_105_73_34,seq78,seq76,r_105_73_34,0.99,1,35,34,80
54,seq136,r_115_138_147,r_64_93_116,r_64_93_116,0.56,5,121,116,80
71,seq52,r_118_4_141,r_62_69_54,r_62_69_54,0.47,87,141,54,80
16,r_23_126_90,seq102,r_137_10_102,r_23_126_90,1.0,1,91,90,80
21,r_145_18_109,seq111,r_104_12_157,r_145_18_109,0.79,2,111,109,80
39,r_139_33_110,r_114_77_108,r_137_10_102,r_114_77_108,1.0,0,108,108,80
1,r_70_8_96,seq76,seq71,r_70_8_96,1.0,0,96,96,80
5,r_42_122_121,seq87,r_125_55_81,r_42_122_121,0.97,0,121,121,80
42,r_64_93_116,r_118_4_141,seq136,r_64_93_116,0.65,0,116,116,80
8,r_62_69_54,r_25_130_82,seq92,r_62_69_54,1.0,0,54,54,80
19,r_43_6_92,seq39,seq87,r_43_6_92,0.98,0,92,92,80
33,r_83_98_188,r_44_3_61,r_7_112_89,r_83_98_188,0.58,0,188,188,80
70,seq49,r_41_143_179,r_120_106_41,r_120_106_41,0.99,12,53,41,80
41,r_132_141_72,r_137_10_102,r_21_121_18,r_132_141_72,0.94,0,72,72,80
3,r_32_140_88,seq92,r_38_48_21,r_32_140_88,1.0,3,91,88,80
4,r_118_4_141,r_64_93_116,seq52,r_64_93_116,0.99,0,116,116,80
0,r_46_31_196,r_24_146_91,seq71,r_24_146_91,0.44,34,125,91,80
63,seq28,seq123,r_127_40_37,r_127_40_37,1.0,46,83,37,80
20,r_116_134_83,seq91,r_29_129_28,r_116_134_83,0.99,0,83,83,80
13,r_137_10_102,r_132_141_72,r_139_33_110,r_132_141_72,1.0,0,72,72,80
15,r_124_79_67,r_23_126_90,r_44_3_61,r_44_3_61,1.0,6,67,61,80
49,r_21_121_18,r_97_142_151,r_132_141_72,r_21_121_18,0.57,133,151,18,80
12,r_97_142_151,r_21_121_18,seq96,r_97_142_151,0.61,0,151,151,80
6,r_41_143_179,seq49,r_1_80_58,r_41_143_179,0.83,0,179,179,80
12,r_97_142_151,seq147,r_21_121_18,r_21_121_18,0.72,8,26,18,80
27,r_113_37_77,r_116_134_83,seq128,r_113_37_77,1.0,0,77,77,80
26,r_120_106_41,r_83_98_188,seq49,r_120_106_41,1.0,0,41,41,80
91,seq95,seq123,r_22_72_43,r_22_72_43,1.0,11,54,43,80
47,r_68_119_180,seq76,seq9,r_68_119_180,0.33,0,180,180,80
93,seq100,r_104_12_157,r_145_18_109,r_145_18_109,0.49,40,149,109,80
24,r_104_12_157,r_145_18_109,seq85,r_104_12_157,0.87,-1,156,157,80
18,r_67_131_114,seq82,seq65,r_67_131_114,0.92,1,115,114,80
29,r_115_138_147,r_7_112_89,seq136,r_7_112_89,1.0,-11,78,89,80
24,r_104_12_157,seq100,r_145_18_109,r_145_18_109,0.71,10,119,109,80
33,r_83_98_188,r_114_77_108,r_44_3_61,r_83_98_188,0.98,-80,108,188,80
48,r_99_63_19,r_27_60_3,r_7_112_89,r_7_112_89,1.0,30,119,89,80
68,seq36,seq61,r_127_40_37,r_127_40_37,1.0,68,105,37,80
32,r_26_50_176,seq111,r_90_81_26,r_26_50_176,0.45,0,176,176,80
48,r_99_63_19,r_46_31_196,r_27_60_3,r_99_63_19,1.0,0,19,19,80
52,seq2,r_13_135_172,r_15_56_78,r_15_56_78,1.0,94,172,78,80
34,r_44_3_61,r_32_140_88,seq91,r_44_3_61,1.0,0,61,61,80
2,r_127_40_37,seq11,seq36,r_127_40_37,1.0,0,37,37,80
9,r_15_56_78,r_101_53_160,seq2,r_15_56_78,1.0,0,78,78,80
17,r_108_45_13,r_103_16_148,seq17,r_108_45_13,0.99,0,13,13,80
21,r_145_18_109,r_104_12_157,seq100,r_104_12_157,1.0,0,157,157,80
29,r_115_138_147,seq136,r_15_56_78,r_115_138_147,1.0,1,148,147,80
22,r_13_135_172,seq2,r_97_142_151,r_97_142_151,0.84,21,172,151,80
28,r_86_74_71,seq39,r_120_106_41,r_86_74_71,0.93,0,71,71,80
7,r_29_129_28,seq65,r_116_134_83,r_116_134_83,0.97,2,85,83,80
44,r_51_47_169,r_20_19_126,r_21_121_18,r_51_47_169,0.75,-1,168,169,80
23,r_125_55_81,r_7_112_89,seq58,r_125_55_81,1.0,0,81,81,80
49,r_21_121_18,seq71,r_97_142_151,r_21_121_18,0.96,2,20,18,80
35,r_101_53_160,seq128,r_86_74_71,r_101_53_160,0.77,0,160,160,80
93,seq112,r_102_81_81,r_140_120_76,r_102_81_81,0.54,0,81,81,81
30,r_14_146_24,r_119_45_32,seq63,r_14_146_24,1.0,0,24,24,81
51,seq130,seq74,r_30_9_41,r_30_9_41,1.0,26,67,41,81
38,r_102_81_81,r_30_9_41,r_123_58_106,r_123_58_106,0.88,7,113,106,81
14,r_35_78_105,seq0,r_12_13_173,r_35_78_105,0.78,0,105,105,81
86,seq96,seq24,r_77_3_140,r_77_3_140,1.0,38,178,140,81
37,r_95_148_167,seq117,r_111_88_25,r_111_88_25,0.87,142,167,25,81
13,r_37_94_15,r_100_82_53,r_106_55_43,r_37_94_15,0.57,37,52,15,81
46,r_28_44_103,seq42,r_111_88_25,r_111_88_25,1.0,0,25,25,81
28,r_104_27_85,r_37_94_15,r_111_88_25,r_104_27_85,0.88,0,85,85,81
2,r_119_45_32,seq137,seq42,r_119_45_32,0.61,1,33,32,81
16,r_77_3_140,r_4_20_158,seq138,r_77_3_140,0.99,0,140,140,81
21,r_85_43_121,seq133,seq34,r_85_43_121,0.9,7,128,121,81
39,r_134_11_137,seq42,seq51,r_134_11_137,0.98,-1,136,137,81
13,r_37_94_15,r_50_127_55,r_100_82_53,r_37_94_15,0.98,0,15,15,81
25,r_15_89_16,r_60_16_148,seq110,r_15_89_16,0.95,0,16,16,81
5,r_1_39_149,r_59_84_152,r_60_16_148,r_1_39_149,0.95,0,149,149,81
43,r_50_127_55,seq86,seq125,r_50_127_55,1.0,0,55,55,81
14,r_35_78_105,r_12_13_173,r_25_6_125,r_35_78_105,0.9,23,128,105,81
32,r_54_126_27,r_4_20_158,seq116,r_4_20_158,0.99,0,158,158,81
69,seq48,r_114_105_88,seq65,r_114_105_88,1.0,0,88,88,81
45,r_123_58_106,r_124_141_135,r_102_81_81,r_124_141_135,0.99,-29,106,135,81
29,r_18_38_58,seq125,seq46,r_18_38_58,1.0,0,58,58,81
19,r_101_49_147,seq142,r_119_45_32,r_101_49_147,0.77,0,147,147,81
15,r_30_9_41,r_101_49_147,seq130,r_30_9_41,0.69,0,41,41,81
32,r_54_126_27,r_53_128_116,r_4_20_158,r_54_126_27,0.57,8,35,27,81
8,r_132_131_21,r_60_16_148,r_98_113_129,r_132_131_21,1.0,0,21,21,81
11,r_12_13_173,r_35_78_105,r_18_38_58,r_12_13_173,0.9,0,173,173,81
20,r_4_20_158,r_54_126_27,r_50_127_55,r_4_20_158,0.99,0,158,158,81
18,r_118_32_18,r_1_39_149,seq63,r_118_32_18,0.93,0,18,18,81
95,seq116,r_31_47_73,r_54_126_27,r_31_47_73,0.54,0,73,73,81
3,r_106_55_43,seq96,r_37_94_15,r_106_55_43,1.0,0,43,43,81
31,r_41_136_134,seq97,r_28_44_103,r_41_136_134,0.73,0,134,134,81
41,r_124_141_135,r_123_58_106,r_28_44_103,r_124_141_135,0.53,-29,106,135,81
10,r_59_84_152,r_66_73_151,r_119_45_32,r_59_84_152,0.93,0,152,152,81
90,seq108,r_140_120_76,r_31_47_73,r_140_120_76,0.95,3,79,76,81
8,r_132_131_21,r_98_113_129,r_149_87_74,r_132_131_21,0.98,108,129,21,81
4,r_92_40_86,r_95_148_167,seq61,r_92_40_86,0.99,5,91,86,81
24,r_10_103_77,seq72,seq19,r_10_103_77,0.37,102,179,77,81
86,seq96,r_106_55_43,seq24,r_106_55_43,1.0,0,43,43,81
0,r_145_91_66,seq33,seq72,r_145_91_66,0.83,0,66,66,81
73,seq61,r_102_81_81,seq137,r_102_81_81,0.93,1,82,81,81
11,r_12_13_173,seq79,r_35_78_105,r_35_78_105,1.0,1,106,105,81
20,r_4_20_158,r_77_3_140,r_54_126_27,r_4_20_158,0.91,-18,140,158,81
46,r_28_44_103,r_111_88_25,r_124_141_135,r_28_44_103,0.61,0,103,103,81
48,r_66_73_151,r_59_84_152,r_25_6_125,r_66_73_151,0.72,1,152,151,81
12,r_111_88_25,r_28_44_103,r_104_27_85,r_111_88_25,0.99,78,103,25,81
33,r_129_144_14,r_30_9_41,seq115,r_129_144_14,0.96,0,14,14,81
6,r_70_143_64,seq115,r_118_32_18,r_70_143_64,1.0,0,64,64,81
40,r_100_82_53,r_104_27_85,seq99,r_100_82_53,1.0,0,53,53,81
34,r_60_16_148,r_15_89_16,seq86,r_60_16_148,0.38,-132,16,148,81
73,seq61,seq137,r_98_113_129,r_98_113_129,0.97,2,131,129,81
27,r_22_71_118,seq63,r_37_94_15,r_22_71_118,0.97,0,118,118,81
13,r_37_94_15,r_106_55_43,r_22_71_118,r_22_71_118,1.0,16,134,118,81
49,r_57_90_45,seq36,seq63,r_57_90_45,1.0,0,45,45,81
47,r_140_120_76,seq108,seq112,r_140_120_76,0.87,0,76,76,81
54,seq137,seq61,r_37_94_15,r_37_94_15,0.67,71,86,15,81
24,r_10_103_77,r_66_73_151,r_145_91_66,r_145_91_66,1.0,36,102,66,81
88,seq99,seq107,r_100_82_53,r_100_82_53,1.0,1,54,53,81
34,r_60_16_148,seq86,r_1_39_149,r_1_39_149,0.85,1,150,149,81
58,seq19,r_12_13_173,seq7,r_12_13_173,1.0,1,174,173,81
68,seq46,r_83_80_123,r_18_38_58,r_18_38_58,0.99,67,125,58,81
46,r_28_44_103,r_124_141_135,r_41_136_134,r_28_44_103,0.79,32,135,103,81
54,seq137,r_123_58_106,seq61,r_123_58_106,0.59,-40,66,106,81
43,r_50_127_55,r_37_94_15,seq86,r_50_127_55,0.65,-42,13,55,81
28,r_104_27_85,r_100_82_53,r_37_94_15,r_104_27_85,0.94,-32,53,85,81
36,r_67_5_47,r_92_40_86,r_30_9_41,r_92_40_86,0.79,-39,47,86,81
26,r_98_113_129,r_8_2_6,r_132_131_21,r_132_131_21,1.0,1,22,21,81
9,r_17_68_183,seq138,r_85_43_121,r_85_43_121,0.48,62,183,121,81
26,r_98_113_129,r_132_131_21,seq61,r_98_113_129,1.0,0,129,129,81
12,r_111_88_25,seq7,r_28_44_103,r_111_88_25,1.0,0,25,25,81
22,r_149_87_74,seq107,r_132_131_21,r_149_87_74,0.99,0,74,74,81
41,r_124_141_135,r_28_44_103,seq133,r_124_141_135,0.89,2,137,135,81
58,seq19,seq65,r_12_13_173,r_12_13_173,0.66,-33,140,173,81
7,r_114_105_88,seq48,seq34,r_114_105_88,1.0,0,88,88,81
18,r_118_32_18,seq63,r_70_143_64,r_70_143_64,1.0,38,102,64,81
53,seq7,r_111_88_25,seq79,r_111_88_25,0.92,-2,23,25,81
23,r_31_47_73,seq116,seq46,r_31_47_73,0.53,0,73,73,81
24,r_10_103_77,r_145_91_66,seq72,r_145_91_66,0.41,75,141,66,81
35,r_83_80_123,seq46,seq142,r_83_80_123,0.9,-1,122,123,81
93,seq100,seq86,r_146_60_73,r_146_60_73,1.0,47,120,73,82
40,r_131_96_161,seq37,seq88,r_131_96_161,0.96,0,161,161,82
51,seq4,r_148_12_70,r_109_110_38,r_148_12_70,1.0,0,70,70,82
36,r_130_119_147,seq44,r_23_52_84,r_130_119_147,0.84,0,147,147,82
43,r_13_85_195,r_16_129_75,r_92_14_19,r_13_85_195,0.61,-121,74,195,82
37,r_67_103_67,seq3,seq47,r_67_103_67,1.0,0,67,67,82
40,r_131_96_161,r_97_82_47,seq37,r_97_82_47,1.0,0,47,47,82
16,r_145_30_92,seq137,seq35,r_145_30_92,1.0,0,92,92,82
21,r_117_50_66,seq114,r_63_2_141,r_117_50_66,1.0,0,66,66,82
1,r_146_60_73,seq35,seq137,r_146_60_73,1.0,0,73,73,82
5,r_39_38_193,seq54,r_57_125_41,r_57_125_41,0.99,24,65,41,82
89,seq88,seq83,r_135_29_80,r_135_29_80,1.0,21,101,80,82
35,r_28_126_160,r_90_79_199,r_136_87_26,r_136_87_26,1.0,7,33,26,82
13,r_20_5_114,r_145_30_92,seq127,r_20_5_114,0.82,0,114,114,82
46,r_109_110_38,seq4,r_93_115_95,r_93_115_95,1.0,0,95,95,82
18,r_148_12_70,seq4,r_109_110_38,r_109_110_38,0.86,5,43,38,82
39,r_15_75_1,seq4,r_77_1_48,r_15_75_1,0.51,108,109,1,82
28,r_62_112_39,r_118_18_61,seq142,r_62_112_39,0.49,0,39,39,82
10,r_90_79_199,r_28_126_160,r_136_87_26,r_90_79_199,0.79,-38,161,199,82
89,seq88,r_135_29_80,r_131_96_161,r_131_96_161,0.99,0,161,161,82
44,r_92_14_19,seq55,seq61,r_92_14_19,1.0,0,19,19,82
2,r_140_24_29,r_13_85_195,r_102_21_17,r_140_24_29,0.97,0,29,29,82
8,r_136_87_26,r_28_126_160,r_90_79_199,r_28_126_160,0.99,1,161,160,82
11,r_23_52_84,r_63_2_141,r_146_60_73,r_23_52_84,1.0,0,84,84,82
20,r_63_2_141,r_113_66_105,r_117_50_66,r_117_50_66,0.93,38,104,66,82
13,r_20_5_114,r_8_139_103,r_145_30_92,r_145_30_92,0.66,10,102,92,82
31,r_58_120_71,r_102_21_17,seq61,r_58_120_71,1.0,0,71,71,82
15,r_76_91_93,seq26,r_67_103_67,r_76_91_93,0.87,0,93,93,82
48,r_77_1_48,seq51,r_146_60_73,r_146_60_73,1.0,26,99,73,82
17,r_84_68_181,seq37,seq149,r_84_68_181,0.81,0,181,181,82
32,r_141_144_60,seq65,seq137,r_141_144_60,0.53,36,96,60,82
6,r_8_139_103,r_20_5_114,r_0_104_28,r_0_104_28,0.99,74,102,28,82
21,r_117_50_66,r_63_2_141,r_9_43_16,r_63_2_141,1.0,0,141,141,82
19,r_0_104_28,r_109_110_38,r_84_68_181,r_0_104_28,0.82,1,29,28,82
46,r_109_110_38,r_76_91_93,r_148_12_70,r_109_110_38,0.96,1,39,38,82
78,seq61,r_92_14_19,r_58_120_71,r_58_120_71,1.0,9,80,71,82
27,r_97_82_47,r_131_96_161,seq89,r_97_82_47,1.0,0,47,47,82
18,r_148_12_70,r_109_110_38,r_67_103_67,r_148_12_70,0.56,0,70,70,82
30,r_106_19_170,seq127,r_145_30_92,r_145_30_92,0.87,78,170,92,82
3,r_102_21_17,seq40,r_58_120_71,r_102_21_17,0.84,-1,16,17,82
34,r_57_125_41,seq88,r_39_38_193,r_57_125_41,1.0,3,44,41,82
31,r_58_120_71,r_8_139_103,r_102_21_17,r_58_120_71,0.36,-48,23,71,82
47,r_25_42_151,r_31_11_184,r_109_110_38,r_25_42_151,0.56,5,156,151,82
93,seq100,r_146_60_73,r_118_18_61,r_118_18_61,0.34,121,182,61,82
24,r_133_7_173,seq64,r_13_85_195,r_133_7_173,0.33,-3,170,173,82
35,r_28_126_160,r_136_87_26,seq51,r_28_126_160,0.87,7,167,160,82
20,r_63_2_141,r_117_50_66,seq70,r_63_2_141,1.0,0,141,141,82
43,r_13_85_195,r_92_14_19,r_133_7_173,r_133_7_173,0.84,-4,169,173,82
33,r_113_66_105,r_63_2_141,r_123_143_36,r_113_66_105,1.0,0,105,105,82
64,seq35,r_146_60_73,seq122,r_146_60_73,1.0,0,73,73,82
46,r_109_110_38,r_148_12_70,seq4,r_148_12_70,0.96,0,70,70,82
19,r_0_104_28,r_84_68_181,r_31_11_184,r_0_104_28,0.38,34,62,28,82
32,r_141_144_60,seq83,seq65,r_141_144_60,0.97,0,60,60,82
38,r_6_116_116,seq37,seq122,r_6_116_116,0.93,0,116,116,82
3,r_102_21_17,r_58_120_71,r_140_24_29,r_58_120_71,0.87,0,71,71,82
8,r_136_87_26,r_145_30_92,r_28_126_160,r_136_87_26,0.96,0,26,26,82
30,r_106_19_170,r_123_143_36,seq127,r_106_19_170,0.55,-138,32,170,82
17,r_84_68_181,r_131_96_161,seq37,r_131_96_161,0.81,-39,122,161,82
0,r_123_143_36,r_106_19_170,seq86,r_123_143_36,0.91,1,37,36,82
19,r_0_104_28,r_31_11_184,r_8_139_103,r_8_139_103,0.91,0,103,103,82
9,r_98_17_111,seq89,r_147_105_42,r_98_17_111,0.91,0,111,111,82
45,r_147_105_42,seq61,seq134,r_147_105_42,0.95,0,42,42,82
22,r_16_129_75,r_13_85_195,r_102_21_17,r_16_129_75,1.0,1,76,75,82
7,r_118_18_61,seq69,seq86,r_118_18_61,1.0,0,61,61,82
39,r_15_75_1,r_6_116_116,seq4,r_15_75_1,0.57,47,48,1,82
23,r_93_115_95,seq47,r_109_110_38,r_93_115_95,1.0,0,95,95,82
82,seq70,seq94,r_63_2_141,r_63_2_141,0.99,3,144,141,82
89,seq88,r_57_125_41,seq83,r_57_125_41,0.89,-17,24,41,82
93,seq104,seq115,r_29_70_48,r_29_70_48,1.0,13,61,48,83
40,r_7_135_158,r_55_76_73,r_112_138_39,r_7_135_158,0.9,0,158,158,83
30,r_16_116_198,seq144,seq66,r_16_116_198,0.36,-103,95,198,83
36,r_23_30_180,r_123_50_155,seq27,r_123_50_155,0.97,0,155,155,83
7,r_34_126_127,seq83,r_141_24_178,r_34_126_127,0.99,0,127,127,83
8,r_90_110_100,seq3,r_35_15_123,r_90_110_100,0.97,1,101,100,83
43,r_20_22_78,seq87,seq115,r_20_22_78,1.0,0,78,78,83
0,r_98_40_141,seq119,r_20_22_78,r_20_22_78,0.91,20,98,78,83
48,r_0_19_12,r_16_116_198,seq148,r_0_19_12,0.99,0,12,12,83
37,r_63_60_44,r_117_145_190,r_81_118_126,r_63_60_44,0.68,17,61,44,83
15,r_41_99_108,seq101,r_72_125_27,r_72_125_27,0.96,7,34,27,83
3,r_100_75_77,r_112_138_39,seq56,r_100_75_77,1.0,0,77,77,83
39,r_133_121_171,r_17_32_156,r_100_75_77,r_100_75_77,1.0,94,171,77,83
1,r_130_61_64,r_98_40_141,seq139,r_130_61_64,1.0,0,64,64,83
97,seq136,r_74_9_91,seq132,r_74_9_91,1.0,0,91,91,83
5,r_67_94_61,seq106,seq56,r_67_94_61,1.0,1,62,61,83
46,r_81_118_126,r_63_60_44,r_20_22_78,r_81_118_126,0.71,1,127,126,83
80,seq140,r_100_75_77,r_112_138_39,r_100_75_77,0.69,0,77,77,83
7,r_34_126_127,r_141_24_178,r_100_75_77,r_141_24_178,0.77,0,178,178,83
19,r_17_32_156,r_133_121_171,r_35_15_123,r_133_121_171,0.81,-4,167,171,83
15,r_41_99_108,r_72_125_27,seq144,r_41_99_108,1.0,0,108,108,83
16,r_92_111_38,r_67_94_61,seq97,r_92_111_38,0.83,0,38,38,83
66,seq42,r_35_15_123,r_128_73_125,r_128_73_125,0.99,1,126,125,83
73,seq56,seq10,r_31_38_22,r_31_38_22,0.99,0,22,22,83
26,r_29_70_48,r_11_143_94,seq104,r_29_70_48,1.0,0,48,48,83
76,seq64,r_142_96_116,seq83,r_142_96_116,1.0,0,116,116,83
38,r_55_76_73,r_7_135_158,r_113_43_21,r_7_135_158,0.83,0,158,158,83
41,r_77_36_107,r_34_126_127,r_41_99_108,r_77_36_107,0.98,3,110,107,83
67,seq44,r_107_84_96,seq82,r_107_84_96,1.0,0,96,96,83
80,seq140,r_112_138_39,r_142_96_116,r_142_96_116,1.0,8,124,116,83
3,r_100_75_77,seq42,r_112_138_39,r_112_138_39,0.8,1,40,39,83
44,r_113_43_21,r_141_24_178,r_7_135_158,r_113_43_21,0.98,0,21,21,83
36,r_23_30_180,seq27,r_90_110_100,r_23_30_180,0.99,0,180,180,83
4,r_128_73_125,seq45,seq42,r_128_73_125,0.94,0,125,125,83
9,r_112_138_39,r_114_78_196,r_58_21_16,r_112_138_39,0.77,0,39,39,83
0,r_98_40_141,r_130_61_64,seq119,r_130_61_64,1.0,0,64,64,83
13,r_142_96_116,seq64,seq140,r_142_96_116,0.91,0,116,116,83
25,r_68_108_32,r_100_75_77,seq44,r_68_108_32,1.0,0,32,32,83
21,r_85_147_50,r_117_145_190,seq39,r_85_147_50,1.0,3,53,50,83
57,seq144,seq95,r_41_99_108,r_41_99_108,1.0,42,150,108,83
23,r_58_21_16,r_98_40_141,r_100_75_77,r_58_21_16,0.99,0,16,16,83
69,seq46,r_100_75_77,r_17_32_156,r_100_75_77,0.99,-25,52,77,83
43,r_20_22_78,seq115,r_98_40_141,r_20_22_78,0.53,47,125,78,83
6,r_47_2_29,seq140,r_52_33_182,r_47_2_29,1.0,0,29,29,83
12,r_31_38_22,r_72_125_27,seq56,r_31_38_22,0.99,0,22,22,83
69,seq46,r_17_32_156,seq42,r_17_32_156,0.46,11,167,156,83
2,r_114_78_196,r_137_120_104,r_90_110_100,r_114_78_196,1.0,-97,99,196,83
40,r_7_135_158,r_117_145_190,r_55_76_73,r_55_76_73,1.0,6,79,73,83
18,r_35_15_123,seq42,r_90_110_100,r_90_110_100,0.85,26,126,100,83
29,r_62_105_150,seq139,r_142_96_116,r_62_105_150,0.95,0,150,150,83
24,r_137_120_104,r_114_78_196,r_0_19_12,r_137_120_104,1.0,0,104,104,83
45,r_14_129_46,r_100_75_77,seq3,r_14_129_46,0.91,0,46,46,83
17,r_122_93_18,r_17_32_156,seq25,r_122_93_18,0.98,0,18,18,83
73,seq56,r_31_38_22,r_100_75_77,r_100_75_77,1.0,-1,76,77,83
58,seq146,seq115,r_122_93_18,r_122_93_18,0.74,57,75,18,83
6,r_47_2_29,r_52_33_182,r_117_145_190,r_47_2_29,0.65,153,182,29,83
20,r_72_125_27,r_41_99_108,seq101,r_41_99_108,0.96,-5,103,108,83
11,r_65_13_25,seq132,seq6,r_65_13_25,1.0,3,28,25,83
42,r_52_33_182,r_47_2_29,r_74_9_91,r_47_2_29,0.53,153,182,29,83
32,r_18_37_122,r_141_24_178,seq71,r_18_37_122,0.98,0,122,122,83
38,r_55_76_73,r_100_75_77,r_7_135_158,r_55_76_73,0.99,0,73,73,83
20,r_72_125_27,r_11_143_94,r_41_99_108,r_72_125_27,0.97,0,27,27,83
34,r_103_1_160,seq8,r_74_9_91,r_74_9_91,0.45,69,160,91,83
42,r_52_33_182,r_7_135_158,r_47_2_29,r_47_2_29,0.88,-2,27,29,83
5,r_67_94_61,seq56,r_11_143_94,r_11_143_94,1.0,4,98,94,83
94,seq106,seq102,r_48_5_181,r_48_5_181,0.57,0,181,181,83
37,r_63_60_44,r_81_118_126,r_117_145_190,r_81_118_126,0.99,1,127,126,83
44,r_113_43_21,r_7_135_158,r_117_145_190,r_7_135_158,0.96,-87,71,158,83
22,r_11_143_94,seq139,r_67_94_61,r_11_143_94,0.66,0,94,94,83
28,r_74_9_91,seq136,r_14_129_46,r_74_9_91,1.0,0,91,91,83
49,r_123_50_155,r_23_30_180,seq6,r_123_50_155,0.85,0,155,155,83
7,r_34_126_127,r_77_36_107,seq83,r_77_36_107,0.98,1,108,107,83
17,r_122_93_18,seq25,r_20_22_78,r_20_22_78,1.0,55,133,78,83
33,r_51_131_26,seq45,r_58_21_16,r_51_131_26,0.97,0,26,26,83
23,r_58_21_16,r_100_75_77,r_112_138_39,r_100_75_77,1.0,0,77,77,83
84,seq83,r_34_126_127,seq28,r_34_126_127,0.99,-59,68,127,83
14,r_141_24_178,r_34_126_127,r_128_73_125,r_141_24_178,0.98,0,178,178,83
30,r_11_87_82,r_72_144_88,r_60_29_81,r_11_87_82,0.53,11,93,82,84
51,seq128,r_10_57_120,seq18,r_10_57_120,0.82,-27,93,120,84
36,r_121_19_124,r_48_9_155,r_107_86_31,r_121_19_124,0.64,0,124,124,84
92,seq146,seq111,r_59_20_161,r_59_20_161,0.62,-93,68,161,84
14,r_24_119_189,seq129,r_32_38_184,r_32_38_184,0.66,5,189,184,84
8,r_12_3_186,r_60_29_81,r_27_143_10,r_60_29_81,0.9,0,81,81,84
13,r_41_105_84,r_133_75_42,seq77,r_133_75_42,0.93,1,43,42,84
88,seq99,r_12_3_186,r_27_143_10,r_27_143_10,1.0,1,11,10,84
37,r_23_34_104,seq101,seq36,r_23_34_104,1.0,0,104,104,84
16,r_73_104_159,seq16,r_62_76_102,r_62_76_102,1.0,58,160,102,84
21,r_148_53_69,seq131,seq149,r_148_53_69,1.0,1,70,69,84
39,r_13_106_142,r_48_9_155,seq46,r_13_106_142,0.91,1,143,142,84
1,r_100_65_75,r_17_109_89,seq146,r_100_65_75,1.0,0,75,75,84
22,r_33_39_35,r_126_25_96,seq85,r_33_39_35,0.99,0,35,35,84
42,r_141_117_165,seq14,r_88_4_53,r_88_4_53,0.76,114,167,53,84
59,seq16,r_73_104_159,r_107_86_31,r_107_86_31,1.0,22,53,31,84
32,r_88_4_53,seq45,r_141_117_165,r_141_117_165,0.8,12,177,165,84
45,r_58_102_68,r_123_82_67,r_50_79_126,r_58_102_68,1.0,0,68,68,84
95,seq113,r_62_76_102,seq147,r_62_76_102,1.0,1,103,102,84
41,r_55_7_99,r_137_135_162,seq131,r_55_7_99,0.83,8,107,99,84
67,seq36,seq92,r_23_34_104,r_23_34_104,1.0,4,108,104,84
28,r_133_75_42,r_41_105_84,seq0,r_133_75_42,0.85,0,42,42,84
10,r_126_25_96,seq18,r_107_86_31,r_107_86_31,0.8,71,102,31,84
26,r_123_82_67,seq43,r_137_135_162,r_123_82_67,0.51,9,76,67,84
8,r_12_3_186,r_27_143_10,r_40_120_98,r_12_3_186,0.51,0,186,186,84
72,seq46,r_112_35_181,r_58_102_68,r_58_102_68,1.0,91,159,68,84
4,r_97_1_83,r_32_38_184,seq80,r_97_1_83,1.0,0,83,83,84
46,r_56_136_85,seq146,r_41_105_84,r_41_105_84,0.99,0,84,84,84
11,r_137_135_162,seq84,r_60_29_81,r_137_135_162,0.54,0,162,162,84
20,r_17_109_89,seq149,seq125,r_17_109_89,0.99,0,89,89,84
98,seq125,r_48_9_155,r_97_1_83,r_97_1_83,0.53,53,136,83,84
15,r_138_66_139,seq111,seq45,r_138_66_139,0.65,0,139,139,84
48,r_71_81_121,seq142,r_33_39_35,r_33_39_35,0.68,83,118,35,84
19,r_130_15_59,seq80,seq51,r_130_15_59,1.0,0,59,59,84
13,r_41_105_84,seq77,r_94_93_195,r_94_93_195,0.54,-123,72,195,84
6,r_47_83_168,seq149,r_148_53_69,r_148_53_69,1.0,26,95,69,84
29,r_48_9_155,r_17_109_89,seq42,r_48_9_155,0.76,-1,154,155,84
26,r_123_82_67,r_137_135_162,r_10_57_120,r_123_82_67,0.71,54,121,67,84
13,r_41_105_84,r_94_93_195,r_56_136_85,r_41_105_84,1.0,1,85,84,84
27,r_59_20_161,seq68,seq51,r_59_20_161,0.52,0,161,161,84
2,r_62_76_102,seq113,seq110,r_62_76_102,1.0,1,103,102,84
74,seq51,r_78_98_188,r_130_15_59,r_130_15_59,1.0,14,73,59,84
18,r_112_35_181,r_10_57_120,seq46,r_10_57_120,1.0,-49,71,120,84
29,r_48_9_155,r_13_106_142,r_17_109_89,r_17_109_89,0.98,54,143,89,84
24,r_124_103_71,seq42,seq46,r_124_103_71,1.0,0,71,71,84
43,r_107_86_31,r_41_105_84,seq16,r_107_86_31,1.0,0,31,31,84
53,seq131,r_31_114_116,r_5_54_25,r_5_54_25,1.0,0,25,25,84
25,r_140_139_154,seq68,seq80,r_140_139_154,0.61,1,155,154,84
46,r_56_136_85,r_40_120_98,seq146,r_56_136_85,0.43,-54,31,85,84
33,r_64_145_91,r_24_119_189,seq110,r_64_145_91,0.97,0,91,91,84
70,seq43,seq131,r_40_120_98,r_40_120_98,1.0,28,126,98,84
6,r_47_83_168,r_148_53_69,seq128,r_47_83_168,0.96,3,171,168,84
38,r_72_144_88,r_32_38_184,seq129,r_72_144_88,0.81,4,92,88,84
69,seq42,r_22_91_37,r_124_103_71,r_22_91_37,1.0,1,38,37,84
34,r_50_79_126,r_10_57_120,seq18,r_10_57_120,0.91,0,120,120,84
82,seq80,seq125,r_140_139_154,r_140_139_154,0.96,7,161,154,84
32,r_88_4_53,seq111,seq45,r_88_4_53,1.0,0,53,53,84
17,r_32_38_184,r_70_89_147,r_133_75_42,r_70_89_147,1.0,0,147,147,84
45,r_58_102_68,r_50_79_126,seq46,r_50_79_126,0.91,6,132,126,84
17,r_32_38_184,r_72_144_88,r_70_89_147,r_72_144_88,0.85,4,92,88,84
9,r_116_115_138,seq18,r_33_39_35,r_33_39_35,0.53,103,138,35,84
12,r_5_54_25,seq146,seq131,r_5_54_25,0.91,0,25,25,84
49,r_60_29_81,r_12_3_186,seq146,r_60_29_81,1.0,0,81,81,84
69,seq42,seq6,r_48_9_155,r_48_9_155,0.99,6,161,155,84
56,seq129,r_24_119_189,r_72_144_88,r_72_144_88,0.9,54,142,88,84
7,r_70_89_147,r_32_38_184,r_55_7_99,r_70_89_147,0.73,0,147,147,84
44,r_10_57_120,r_50_79_126,r_123_82_67,r_10_57_120,0.86,0,120,120,84
23,r_94_93_195,seq80,r_97_1_83,r_97_1_83,1.0,21,104,83,84
17,r_32_38_184,r_133_75_42,seq90,r_32_38_184,0.93,0,184,184,84
47,r_22_91_37,seq42,seq129,r_22_91_37,1.0,1,38,37,84
40,r_27_143_10,r_73_104_159,seq99,r_27_143_10,0.87,1,11,10,84
30,r_128_147_70,seq107,r_97_42_15,r_128_147_70,0.99,0,70,70,85
16,r_122_31_55,r_146_101_58,r_13_126_187,r_122_31_55,1.0,0,55,55,85
92,seq107,r_128_147_70,seq23,r_128_147_70,1.0,0,70,70,85
14,r_56_52_193,r_58_123_65,seq41,r_56_52_193,0.28,-21,172,193,85
43,r_7_114_154,seq77,seq70,r_7_114_154,0.75,1,155,154,85
37,r_36_110_117,seq124,seq88,r_36_110_117,1.0,2,119,117,85
59,seq141,seq82,r_118_138_96,r_118_138_96,0.73,-29,67,96,85
89,seq96,seq4,r_99_92_49,r_99_92_49,0.94,0,49,49,85
55,seq145,r_3_54_167,seq77,r_3_54_167,1.0,0,167,167,85
86,seq88,seq35,r_36_110_117,r_36_110_117,1.0,17,134,117,85
21,r_26_45_134,seq33,seq94,r_26_45_134,0.83,0,134,134,85
1,r_118_138_96,r_9_90_91,seq141,r_118_138_96,0.69,0,96,96,85
15,r_83_16_14,r_60_93_68,r_49_47_124,r_83_16_14,0.99,3,17,14,85
5,r_105_119_150,r_129_144_131,r_60_93_68,r_60_93_68,1.0,30,98,68,85
45,r_108_104_136,r_91_5_192,r_25_14_122,r_91_5_192,0.75,-34,158,192,85
19,r_121_32_121,r_26_45_134,seq4,r_121_32_121,0.98,0,121,121,85
11,r_100_8_31,r_91_5_192,r_18_137_2,r_100_8_31,0.99,0,31,31,85
15,r_83_16_14,r_49_47_124,r_48_29_52,r_83_16_14,0.94,110,124,14,85
70,seq50,seq125,r_22_106_53,r_22_106_53,1.0,0,53,53,85
27,r_97_42_15,seq70,r_49_47_124,r_49_47_124,1.0,0,124,124,85
78,seq139,r_80_120_23,r_146_101_58,r_146_101_58,0.46,65,123,58,85
0,r_46_38_43,r_99_92_49,r_64_21_105,r_46_38_43,0.91,0,43,43,85
41,r_40_78_186,r_86_69_127,r_97_42_15,r_40_78_186,0.57,0,186,186,85
27,r_97_42_15,r_15_53_129,seq70,r_97_42_15,0.86,2,17,15,85
46,r_18_137_2,r_13_126_187,r_100_8_31,r_100_8_31,0.68,3,34,31,85
10,r_111_76_178,seq11,r_3_54_167,r_3_54_167,0.78,11,178,167,85
90,seq98,r_25_14_122,seq77,r_25_14_122,0.7,5,127,122,85
26,r_13_126_187,r_60_93_68,r_122_31_55,r_13_126_187,1.0,-123,64,187,85
16,r_122_31_55,r_13_126_187,seq41,r_13_126_187,0.8,0,187,187,85
20,r_30_39_141,seq103,r_60_93_68,r_60_93_68,1.0,63,131,68,85
98,seq124,r_36_110_117,seq23,r_36_110_117,0.97,2,119,117,85
48,r_62_2_81,seq82,r_15_53_129,r_62_2_81,1.0,2,83,81,85
36,r_49_47_124,seq0,r_83_16_14,r_83_16_14,1.0,3,17,14,85
6,r_43_73_168,r_24_66_179,r_20_134_45,r_20_134_45,1.0,37,82,45,85
85,seq82,r_62_2_81,r_80_120_23,r_62_2_81,0.99,0,81,81,85
2,r_19_81_24,r_9_90_91,r_146_101_58,r_9_90_91,0.63,7,98,91,85
0,r_46_38_43,r_64_21_105,seq17,r_64_21_105,1.0,1,106,105,85
36,r_49_47_124,r_83_16_14,r_97_42_15,r_49_47_124,1.0,0,124,124,85
17,r_64_21_105,seq17,r_46_38_43,r_46_38_43,1.0,1,44,43,85
35,r_99_92_49,seq115,seq96,r_99_92_49,1.0,0,49,49,85
18,r_60_93_68,r_13_126_187,r_105_119_150,r_60_93_68,1.0,0,68,68,85
24,r_136_6_157,seq41,seq115,r_136_6_157,0.62,0,157,157,85
25,r_130_87_71,r_56_52_193,r_25_14_122,r_130_87_71,0.98,1,72,71,85
2,r_19_81_24,r_60_93_68,r_9_90_91,r_19_81_24,0.98,0,24,24,85
64,seq27,r_91_5_192,r_25_14_122,r_91_5_192,0.69,-112,80,192,85
47,r_20_134_45,r_43_73_168,r_84_71_56,r_43_73_168,0.98,1,169,168,85
50,seq0,seq89,r_48_29_52,r_48_29_52,1.0,15,67,52,85
6,r_43_73_168,r_20_134_45,r_100_8_31,r_20_134_45,0.53,131,176,45,85
47,r_20_134_45,r_91_5_192,r_43_73_168,r_20_134_45,1.0,0,45,45,85
34,r_140_85_120,r_136_6_157,r_67_149_3,r_140_85_120,1.0,0,120,120,85
5,r_105_119_150,r_60_93_68,r_19_81_24,r_105_119_150,1.0,2,152,150,85
9,r_3_54_167,seq145,seq142,r_3_54_167,0.67,0,167,167,85
26,r_13_126_187,r_122_31_55,seq63,r_13_126_187,0.64,0,187,187,85
13,r_80_120_23,r_100_8_31,seq82,r_80_120_23,0.75,0,23,23,85
7,r_22_106_53,r_48_29_52,seq50,r_22_106_53,1.0,0,53,53,85
28,r_146_101_58,r_148_102_1,r_19_81_24,r_19_81_24,0.98,53,77,24,85
49,r_129_144_131,r_105_119_150,r_60_93_68,r_60_93_68,0.99,79,147,68,85
18,r_60_93_68,r_105_119_150,r_30_39_141,r_105_119_150,0.97,2,152,150,85
32,r_48_29_52,r_36_110_117,seq0,r_48_29_52,1.0,0,52,52,85
44,r_9_90_91,seq37,r_91_5_192,r_9_90_91,0.93,7,98,91,85
23,r_86_69_127,r_40_78_186,r_22_106_53,r_22_106_53,1.0,74,127,53,85
17,r_64_21_105,r_46_38_43,seq72,r_64_21_105,1.0,1,106,105,85
79,seq70,r_97_42_15,r_7_114_154,r_7_114_154,0.98,2,156,154,85
84,seq79,r_28_132_189,r_9_90_91,r_9_90_91,0.53,48,139,91,85
44,r_19_26_182,seq93,r_145_21_117,r_145_21_117,0.37,66,183,117,86
36,r_105_1_136,seq116,r_71_144_61,r_105_1_136,0.77,0,136,136,86
14,r_67_11_189,r_100_52_114,seq116,r_100_52_114,1.0,-7,107,114,86
8,r_42_24_129,seq2,seq116,r_42_24_129,0.81,0,129,129,86
54,seq6,r_95_87_64,r_90_33_65,r_90_33_65,1.0,1,66,65,86
37,r_68_139_97,r_62_60_199,seq133,r_68_139_97,1.0,1,98,97,86
86,seq89,r_82_140_188,r_103_13_101,r_103_13_101,0.99,26,127,101,86
21,r_98_99_152,r_10_66_81,seq0,r_98_99_152,0.61,-66,86,152,86
39,r_75_23_162,seq102,seq63,r_75_23_162,0.42,-71,91,162,86
26,r_3_30_50,seq50,seq116,r_3_30_50,0.89,0,50,50,86
1,r_135_12_100,r_104_76_107,seq18,r_135_12_100,0.98,0,100,100,86
46,r_124_121_110,r_32_130_158,seq25,r_124_121_110,0.85,2,112,110,86
42,r_28_61_180,seq22,seq77,r_28_61_180,0.39,1,181,180,86
3,r_37_143_179,seq50,r_67_11_189,r_37_143_179,0.51,-105,74,179,86
75,seq50,r_3_30_50,r_47_120_41,r_47_120_41,1.0,9,50,41,86
12,r_43_132_113,r_127_59_35,seq110,r_43_132_113,0.83,-20,93,113,86
45,r_4_70_96,r_48_96_183,seq29,r_4_70_96,1.0,3,99,96,86
21,r_98_99_152,seq0,seq9,r_98_99_152,0.51,-9,143,152,86
35,r_106_72_38,seq31,seq9,r_106_72_38,1.0,0,38,38,86
19,r_126_34_131,seq9,r_42_24_129,r_126_34_131,0.71,0,131,131,86
43,r_47_120_41,seq93,seq50,r_47_120_41,1.0,0,41,41,86
68,seq133,seq123,r_145_21_117,r_145_21_117,1.0,7,124,117,86
89,seq102,r_75_23_162,r_49_65_168,r_75_23_162,0.96,-14,148,162,86
16,r_73_56_140,seq116,r_88_35_121,r_73_56_140,0.87,0,140,140,86
14,r_67_11_189,seq116,r_103_13_101,r_67_11_189,0.52,0,189,189,86
4,r_88_35_121,r_32_130_158,r_4_70_96,r_88_35_121,0.99,3,124,121,86
78,seq64,r_141_81_181,r_46_118_156,r_46_118_156,0.88,25,181,156,86
0,r_100_52_114,r_67_11_189,seq38,r_100_52_114,1.0,0,114,114,86
63,seq149,r_46_118_156,r_15_148_66,r_46_118_156,0.95,-77,79,156,86
15,r_32_130_158,r_103_13_101,seq79,r_103_13_101,1.0,0,101,101,86
52,seq2,r_95_87_64,r_103_13_101,r_103_13_101,0.68,70,171,101,86
6,r_58_91_105,r_48_96_183,r_44_131_5,r_58_91_105,0.61,1,106,105,86
99,seq125,r_145_21_117,r_107_134_25,r_145_21_117,1.0,1,118,117,86
3,r_37_143_179,r_67_11_189,seq147,r_37_143_179,0.41,2,181,179,86
27,r_36_112_175,r_48_96_183,r_58_91_105,r_48_96_183,0.63,-8,175,183,86
16,r_73_56_140,r_100_52_114,seq116,r_100_52_114,0.69,-75,39,114,86
47,r_90_33_65,seq25,seq6,r_90_33_65,1.0,0,65,65,86
12,r_43_132_113,r_51_146_48,r_127_59_35,r_127_59_35,0.72,5,40,35,86
18,r_103_13_101,r_32_130_158,seq89,r_103_13_101,1.0,0,101,101,86
24,r_71_144_61,r_19_26_182,seq29,r_71_144_61,1.0,0,61,61,86
34,r_48_96_183,r_128_92_2,r_43_132_113,r_48_96_183,0.88,0,183,183,86
33,r_69_101_78,seq5,seq116,r_69_101_78,1.0,1,79,78,86
68,seq133,r_15_148_66,seq123,r_15_148_66,0.6,11,77,66,86
20,r_127_59_35,r_49_65_168,seq53,r_127_59_35,0.98,3,38,35,86
32,r_104_76_107,r_135_12_100,seq20,r_135_12_100,0.48,2,102,100,86
82,seq80,seq93,r_108_117_54,r_108_117_54,1.0,3,57,54,86
38,r_10_66_81,r_98_99_152,r_15_148_66,r_10_66_81,0.62,22,103,81,86
52,seq2,r_42_24_129,r_95_87_64,r_42_24_129,0.95,-5,124,129,86
77,seq63,r_75_23_162,r_27_137_4,r_75_23_162,0.58,1,163,162,86
67,seq31,r_106_72_38,seq110,r_106_72_38,1.0,1,39,38,86
34,r_48_96_183,r_4_70_96,r_128_92_2,r_4_70_96,0.99,-1,95,96,86
60,seq18,seq2,r_135_12_100,r_135_12_100,0.97,0,100,100,86
81,seq79,r_32_130_158,r_57_85_69,r_32_130_158,0.69,2,160,158,86
17,r_141_81_181,seq64,r_88_35_121,r_88_35_121,0.7,60,181,121,86
9,r_46_118_156,seq8,r_62_60_199,r_46_118_156,0.8,0,156,156,86
48,r_108_117_54,seq17,seq80,r_108_117_54,1.0,0,54,54,86
28,r_145_21_117,seq125,seq133,r_145_21_117,1.0,0,117,117,86
49,r_107_134_25,r_74_142_174,r_51_146_48,r_51_146_48,0.52,124,172,48,86
56,seq9,r_126_34_131,seq16,r_126_34_131,0.98,0,131,131,86
44,r_19_26_182,r_71_144_61,seq93,r_19_26_182,0.48,-121,61,182,86
23,r_74_142_174,r_107_134_25,r_103_13_101,r_107_134_25,0.43,150,175,25,86
15,r_32_130_158,seq79,r_43_132_113,r_32_130_158,0.99,1,159,158,86
74,seq136,seq147,r_51_146_48,r_51_146_48,1.0,-2,46,48,86
27,r_102_49_39,seq52,r_145_101_83,r_145_101_83,1.0,4,87,83,87
40,r_50_17_9,seq105,r_32_76_100,r_32_76_100,1.0,0,100,100,87
30,r_66_10_125,seq142,r_6_9_184,r_66_10_125,0.98,0,125,125,87
36,r_33_12_121,seq52,seq47,r_33_12_121,0.54,-1,120,121,87
9,r_58_65_8,r_43_120_160,seq7,r_43_120_160,0.51,0,160,160,87
14,r_70_85_62,seq87,seq88,r_70_85_62,1.0,2,64,62,87
5,r_27_64_46,r_32_76_100,r_2_80_6,r_27_64_46,1.0,0,46,46,87
39,r_6_9_184,r_57_74_52,r_66_10_125,r_66_10_125,1.0,0,125,125,87
1,r_107_24_168,seq21,seq40,r_107_24_168,0.58,0,168,168,87
97,seq123,r_31_67_164,r_106_125_118,r_106_125_118,1.0,50,168,118,87
46,r_81_133_86,r_43_120_160,r_27_64_46,r_81_133_86,0.92,0,86,86,87
42,r_61_116_107,seq21,r_130_147_69,r_61_116_107,0.88,0,107,107,87
60,seq21,r_107_24_168,r_62_16_131,r_107_24_168,1.0,0,168,168,87
84,seq91,r_130_147_69,r_39_25_106,r_39_25_106,0.55,6,112,106,87
45,r_112_45_92,seq60,r_51_48_12,r_112_45_92,1.0,1,93,92,87
19,r_29_54_120,seq77,seq1,r_29_54_120,0.97,2,122,120,87
66,seq40,seq148,r_107_24_168,r_107_24_168,0.92,6,174,168,87
38,r_95_131_13,r_112_45_92,seq60,r_112_45_92,1.0,-2,90,92,87
39,r_6_9_184,r_66_10_125,r_27_64_46,r_6_9_184,0.75,1,185,184,87
31,r_32_76_100,seq91,r_50_17_9,r_32_76_100,0.99,0,100,100,87
3,r_20_3_115,seq21,seq138,r_20_3_115,0.98,2,117,115,87
10,r_53_23_140,seq118,seq42,r_53_23_140,0.74,0,140,140,87
26,r_35_127_98,seq47,r_95_131_13,r_35_127_98,0.85,0,98,98,87
72,seq60,seq143,r_95_131_13,r_95_131_13,0.51,71,84,13,87
38,r_95_131_13,seq148,r_112_45_92,r_95_131_13,0.98,1,14,13,87
4,r_62_16_131,r_111_90_113,seq126,r_111_90_113,0.95,1,114,113,87
0,r_39_25_106,seq79,seq91,r_39_25_106,1.0,0,106,106,87
11,r_72_141_82,r_39_25_106,r_57_74_52,r_72_141_82,1.0,0,82,82,87
13,r_84_96_167,seq88,r_115_117_135,r_84_96_167,0.58,0,167,167,87
15,r_15_13_124,seq137,r_128_144_99,r_15_13_124,0.96,1,125,124,87
48,r_38_8_183,seq88,r_22_132_97,r_22_132_97,0.95,87,184,97,87
17,r_41_14_37,r_108_75_198,seq1,r_41_14_37,0.98,0,37,37,87
57,seq143,seq60,r_35_127_98,r_35_127_98,0.85,63,161,98,87
6,r_108_75_198,r_41_14_37,seq139,r_41_14_37,0.92,0,37,37,87
62,seq30,seq93,r_34_103_175,r_34_103_175,0.9,0,175,175,87
85,seq93,r_69_110_134,r_58_65_8,r_69_110_134,0.3,-34,100,134,87
30,r_66_10_125,r_6_9_184,r_62_16_131,r_6_9_184,0.95,1,185,184,87
51,seq5,r_92_0_127,r_2_80_6,r_92_0_127,0.6,-101,26,127,87
2,r_22_132_97,seq63,seq138,r_22_132_97,1.0,0,97,97,87
47,r_57_74_52,r_6_9_184,r_72_141_82,r_72_141_82,1.0,43,125,82,87
18,r_145_101_83,r_34_103_175,r_102_49_39,r_145_101_83,1.0,0,83,83,87
29,r_106_125_118,seq42,seq123,r_106_125_118,0.99,0,118,118,87
24,r_34_103_175,seq1,seq30,r_34_103_175,0.55,0,175,175,87
34,r_43_120_160,r_58_65_8,r_112_45_92,r_43_120_160,0.81,0,160,160,87
70,seq47,r_35_127_98,seq89,r_35_127_98,1.0,0,98,98,87
65,seq146,r_92_0_127,seq118,r_92_0_127,1.0,0,127,127,87
61,seq26,r_115_117_135,r_35_127_98,r_115_117_135,0.74,4,139,135,87
32,r_111_90_113,r_62_16_131,r_124_55_35,r_111_90_113,0.93,1,114,113,87
52,seq7,r_69_110_134,seq93,r_69_110_134,0.98,-6,128,134,87
77,seq77,r_29_54_120,seq46,r_29_54_120,1.0,2,122,120,87
22,r_59_136_45,seq63,r_102_49_39,r_59_136_45,0.99,3,48,45,87
34,r_43_120_160,r_81_133_86,r_58_65_8,r_81_133_86,1.0,0,86,86,87
60,seq21,r_20_3_115,r_107_24_168,r_20_3_115,1.0,2,117,115,87
21,r_124_55_35,seq21,seq86,r_124_55_35,0.95,0,35,35,87
50,seq1,r_34_103_175,r_41_14_37,r_41_14_37,0.72,22,59,37,87
96,seq122,r_28_100_185,r_31_67_164,r_31_67_164,0.56,22,186,164,87
4,r_62_16_131,seq126,seq21,r_62_16_131,0.91,0,131,131,87
49,r_92_0_127,seq146,seq63,r_92_0_127,0.93,0,127,127,87
7,r_69_110_134,seq7,r_66_10_125,r_69_110_134,0.8,0,134,134,87
44,r_97_56_64,seq143,seq87,r_97_56_64,1.0,0,64,64,87
23,r_130_147_69,r_35_127_98,seq109,r_130_147_69,1.0,0,69,69,87
41,r_19_78_57,r_32_76_100,seq79,r_19_78_57,1.0,0,57,57,87
82,seq88,r_38_8_183,r_70_85_62,r_70_85_62,1.0,102,164,62,87
27,r_102_49_39,seq105,seq52,r_102_49_39,1.0,0,39,39,87
25,r_51_48_12,r_39_25_106,seq5,r_51_48_12,1.0,0,12,12,87
12,r_31_67_164,seq123,r_33_12_121,r_33_12_121,0.78,47,168,121,87
84,seq91,r_32_76_100,r_130_147_69,r_130_147_69,0.98,30,99,69,87
33,r_81_82_43,seq100,seq141,r_81_82_43,0.99,2,45,43,88
30,r_77_41_163,seq54,r_122_85_102,r_77_41_163,0.75,0,163,163,88
36,r_48_68_94,r_59_92_166,seq141,r_48_68_94,0.82,0,94,94,88
8,r_20_29_178,r_144_43_125,r_89_18_54,r_20_29_178,0.85,-53,125,178,88
53,seq3,r_80_94_190,r_16_104_168,r_16_104_168,0.56,2,170,168,88
45,r_33_79_61,seq34,r_35_115_73,r_33_79_61,0.72,16,77,61,88
16,r_140_146_158,seq149,r_23_67_114,r_140_146_158,0.69,0,158,158,88
1,r_12_45_134,seq139,seq11,r_12_45_134,0.88,1,135,134,88
5,r_59_92_166,seq10,r_145_118_110,r_145_118_110,0.84,59,169,110,88
46,r_93_38_115,seq0,seq27,r_93_38_115,1.0,2,117,115,88
10,r_66_7_18,r_77_41_163,seq19,r_66_7_18,1.0,0,18,18,88
11,r_26_78_51,r_53_36_69,r_66_7_18,r_26_78_51,1.0,-1,50,51,88
45,r_33_79_61,r_122_85_102,seq34,r_33_79_61,0.71,1,62,61,88
31,r_30_60_53,seq19,r_15_107_34,r_30_60_53,1.0,1,54,53,88
38,r_126_116_75,r_143_44_5,r_70_121_65,r_126_116_75,1.0,0,75,75,88
37,r_132_22_48,r_33_79_61,seq108,r_132_22_48,1.0,0,48,48,88
3,r_87_128_70,r_145_118_110,seq141,r_87_128_70,1.0,0,70,70,88
90,seq102,r_138_50_198,r_84_88_106,r_84_88_106,1.0,14,120,106,88
26,r_72_123_133,seq139,seq24,r_72_123_133,0.77,0,133,133,88
8,r_20_29_178,r_89_18_54,seq21,r_20_29_178,0.99,0,178,178,88
81,seq74,r_15_107_34,r_28_136_195,r_15_107_34,0.56,1,35,34,88
88,seq100,r_81_82_43,seq137,r_81_82_43,0.98,2,45,43,88
98,seq125,r_23_67_114,r_135_112_28,r_135_112_28,0.62,10,38,28,88
78,seq139,r_12_45_134,seq69,r_12_45_134,1.0,1,135,134,88
0,r_16_104_168,seq42,r_46_52_78,r_46_52_78,0.75,2,80,78,88
63,seq24,seq1,r_72_123_133,r_72_123_133,1.0,12,145,133,88
6,r_117_9_14,r_126_116_75,seq108,r_117_9_14,0.98,0,14,14,88
13,r_75_124_100,seq64,seq63,r_75_124_100,1.0,0,100,100,88
27,r_145_118_110,r_127_32_41,seq25,r_145_118_110,0.99,0,110,110,88
48,r_144_43_125,r_20_29_178,r_99_111_17,r_144_43_125,1.0,1,126,125,88
86,seq97,r_135_112_28,r_122_85_102,r_122_85_102,1.0,0,102,102,88
0,r_16_104_168,r_46_52_78,seq3,r_16_104_168,0.67,4,172,168,88
20,r_61_37_13,r_20_29_178,r_117_9_14,r_61_37_13,1.0,1,14,13,88
27,r_145_118_110,r_87_128_70,r_127_32_41,r_145_118_110,0.9,-36,74,110,88
19,r_15_107_34,seq74,seq54,r_15_107_34,0.98,0,34,34,88
22,r_23_67_114,r_135_112_28,r_143_44_5,r_23_67_114,1.0,0,114,114,88
2,r_13_58_109,seq1,r_109_5_67,r_13_58_109,1.0,0,109,109,88
40,r_51_113_66,r_144_43_125,r_15_107_34,r_51_113_66,0.61,0,66,66,88
29,r_84_88_106,seq131,seq102,r_84_88_106,0.98,-1,105,106,88
24,r_55_86_57,seq97,r_71_76_64,r_55_86_57,1.0,7,64,57,88
44,r_109_5_67,r_99_111_17,r_13_58_109,r_13_58_109,1.0,4,113,109,88
25,r_122_85_102,seq63,seq97,r_122_85_102,1.0,0,102,102,88
64,seq25,r_129_142_101,r_145_118_110,r_145_118_110,1.0,64,174,110,88
58,seq10,r_59_92_166,r_143_44_5,r_59_92_166,0.51,3,169,166,88
70,seq42,r_16_104_168,r_46_52_78,r_46_52_78,0.86,73,151,78,88
65,seq27,seq114,r_93_38_115,r_93_38_115,1.0,4,119,115,88
32,r_70_121_65,r_23_67_114,seq74,r_70_121_65,1.0,1,66,65,88
23,r_103_133_24,r_99_111_17,r_143_44_5,r_103_133_24,1.0,1,25,24,88
75,seq63,r_122_85_102,seq110,r_122_85_102,1.0,0,102,102,88
15,r_135_112_28,r_71_76_64,seq125,r_135_112_28,1.0,0,28,28,88
35,r_127_32_41,r_80_94_190,seq119,r_127_32_41,1.0,0,41,41,88
17,r_46_52_78,seq21,r_16_104_168,r_46_52_78,0.97,2,80,78,88
22,r_23_67_114,r_70_121_65,r_135_112_28,r_23_67_114,0.94,-86,28,114,88
9,r_14_95_81,seq19,r_70_121_65,r_14_95_81,1.0,0,81,81,88
49,r_71_76_64,seq105,r_55_86_57,r_71_76_64,1.0,0,64,64,88
7,r_83_17_150,r_57_6_93,seq27,r_83_17_150,0.88,0,150,150,88
18,r_143_44_5,r_126_116_75,r_103_133_24,r_143_44_5,0.79,70,75,5,88
44,r_109_5_67,seq31,r_99_111_17,r_109_5_67,0.88,0,67,67,88
14,r_89_18_54,seq131,seq1,r_89_18_54,1.0,0,54,54,88
17,r_46_52_78,r_16_104_168,seq42,r_16_104_168,0.78,4,172,168,88
42,r_147_106_29,seq137,seq105,r_147_106_29,1.0,0,29,29,88
57,seq137,r_147_106_29,seq100,r_147_106_29,1.0,0,29,29,88
21,r_148_49_42,seq3,seq21,r_148_49_42,0.93,2,44,42,88
81,seq74,r_28_136_195,r_70_121_65,r_70_121_65,0.99,3,68,65,88
40,r_84_8_85,r_64_90_49,r_106_37_16,r_64_90_49,0.68,105,154,49,89
51,seq129,r_98_131_162,seq47,r_98_131_162,1.0,2,164,162,89
54,seq6,r_109_77_57,r_54_35_13,r_109_77_57,0.99,0,57,57,89
4,r_140_114_26,seq80,r_73_33_189,r_140_114_26,1.0,0,26,26,89
43,r_22_100_27,seq80,r_88_85_32,r_88_85_32,0.82,30,62,32,89
1,r_5_55_46,r_19_142_64,seq61,r_5_55_46,1.0,0,46,46,89
5,r_106_37_16,r_19_142_64,seq126,r_106_37_16,0.97,0,16,16,89
8,r_44_11_66,r_144_136_105,seq146,r_144_136_105,1.0,0,105,105,89
86,seq97,r_45_67_177,r_25_134_8,r_45_67_177,0.56,1,178,177,89
43,r_22_100_27,r_88_85_32,seq80,r_22_100_27,0.55,91,118,27,89
46,r_27_74_68,r_84_8_85,seq122,r_27_74_68,1.0,0,68,68,89
42,r_135_36_186,seq32,r_16_87_127,r_16_87_127,0.98,60,187,127,89
80,seq80,r_22_100_27,r_16_87_127,r_16_87_127,0.99,12,139,127,89
45,r_26_124_72,seq24,r_140_114_26,r_26_124_72,1.0,0,72,72,89
21,r_127_15_22,r_44_11_66,seq52,r_127_15_22,1.0,0,22,22,89
66,seq47,r_16_87_127,seq129,r_16_87_127,1.0,0,127,127,89
39,r_137_38_9,r_75_93_135,r_104_70_124,r_104_70_124,0.85,12,136,124,89
41,r_16_87_127,seq47,seq80,r_16_87_127,0.97,0,127,127,89
3,r_65_17_118,r_43_130_196,r_64_90_49,r_64_90_49,1.0,15,64,49,89
26,r_120_94_172,r_46_71_181,seq129,r_120_94_172,0.72,0,172,172,89
20,r_64_90_49,seq14,r_106_37_16,r_64_90_49,1.0,0,49,49,89
37,r_39_78_123,r_29_66_23,seq122,r_29_66_23,0.98,-4,19,23,89
11,r_41_60_153,r_128_121_194,r_144_136_105,r_128_121_194,0.61,-41,153,194,89
99,seq126,r_65_17_118,r_106_37_16,r_106_37_16,0.9,3,19,16,89
13,r_98_131_162,seq129,seq40,r_98_131_162,0.93,0,162,162,89
4,r_140_114_26,r_73_33_189,seq125,r_140_114_26,0.32,164,190,26,89
29,r_54_35_13,seq133,seq110,r_54_35_13,0.68,1,14,13,89
62,seq24,r_26_124_72,seq116,r_26_124_72,1.0,0,72,72,89
8,r_44_11_66,r_127_15_22,r_106_37_16,r_44_11_66,0.93,-44,22,66,89
85,seq96,r_132_83_121,seq50,r_132_83_121,0.53,15,136,121,89
8,r_44_11_66,r_106_37_16,r_144_136_105,r_44_11_66,0.88,-2,64,66,89
36,r_73_33_189,r_140_114_26,r_86_30_104,r_86_30_104,0.87,86,190,104,89
36,r_73_33_189,r_34_115_50,r_140_114_26,r_73_33_189,0.94,-138,51,189,89
48,r_99_102_119,seq133,r_1_149_139,r_1_149_139,0.7,5,144,139,89
12,r_101_57_56,seq125,seq103,r_101_57_56,1.0,0,56,56,89
2,r_86_30_104,r_1_149_139,seq50,r_86_30_104,0.95,0,104,104,89
47,r_75_93_135,r_132_83_121,seq42,r_132_83_121,0.5,15,136,121,89
74,seq62,r_104_70_124,seq80,r_104_70_124,0.78,0,124,124,89
18,r_104_70_124,seq62,r_137_38_9,r_104_70_124,0.51,0,124,124,89
27,r_88_85_32,r_68_10_126,r_54_35_13,r_88_85_32,1.0,0,32,32,89
24,r_144_136_105,seq146,r_44_11_66,r_44_11_66,1.0,5,71,66,89
73,seq61,seq0,r_5_55_46,r_5_55_46,1.0,8,54,46,89
10,r_23_18_21,r_65_17_118,seq20,r_23_18_21,0.99,1,22,21,89
25,r_1_149_139,seq20,r_99_102_119,r_1_149_139,0.91,2,141,139,89
33,r_19_142_64,r_26_124_72,seq117,r_19_142_64,0.85,1,65,64,89
70,seq52,seq122,r_127_15_22,r_127_15_22,0.92,40,62,22,89
14,r_29_66_23,r_39_78_123,seq111,r_29_66_23,1.0,0,23,23,89
65,seq42,r_98_131_162,r_75_93_135,r_98_131_162,0.96,-78,84,162,89
38,r_3_48_70,r_43_130_196,seq118,r_3_48_70,1.0,0,70,70,89
9,r_34_115_50,r_73_33_189,seq111,r_34_115_50,1.0,1,51,50,89
24,r_144_136_105,r_44_11_66,r_137_38_9,r_144_136_105,1.0,0,105,105,89
34,r_109_77_57,seq6,seq118,r_109_77_57,0.91,0,57,57,89
17,r_4_105_76,seq103,seq91,r_4_105_76,1.0,0,76,76,89
94,seq118,seq146,r_109_77_57,r_109_77_57,1.0,9,66,57,89
37,r_39_78_123,seq122,seq91,r_39_78_123,0.88,0,123,123,89
91,seq111,r_7_112_199,r_34_115_50,r_34_115_50,1.0,22,72,50,89
7,r_46_71_181,r_120_94_172,seq13,r_46_71_181,0.64,-9,172,181,89
3,r_65_17_118,r_64_90_49,r_119_81_30,r_65_17_118,1.0,0,118,118,89
19,r_119_81_30,r_101_57_56,seq56,r_119_81_30,1.0,0,30,30,89
44,r_132_83_121,seq96,seq82,r_132_83_121,0.39,15,136,121,89
23,r_68_10_126,seq147,seq24,r_68_10_126,0.89,0,126,126,89
31,r_138_28_17,r_120_94_172,seq91,r_138_28_17,1.0,0,17,17,89
35,r_128_121_194,r_41_60_153,seq91,r_41_60_153,0.93,0,153,153,89
30,r_103_141_186,r_12_67_31,r_120_1_2,r_12_67_31,0.72,155,186,31,90
44,r_143_49_8,r_108_135_127,r_96_125_197,r_108_135_127,0.54,21,148,127,90
51,seq128,seq85,r_23_148_27,r_23_148_27,1.0,34,61,27,90
36,r_96_125_197,r_56_139_181,r_59_17_144,r_59_17_144,1.0,37,181,144,90
70,seq30,r_48_81_51,seq10,r_48_81_51,1.0,0,51,51,90
40,r_34_121_55,r_115_62_26,r_3_95_84,r_3_95_84,0.87,19,103,84,90
8,r_92_91_96,r_142_51_136,seq58,r_92_91_96,1.0,0,96,96,90
43,r_134_94_83,seq116,seq30,r_134_94_83,1.0,0,83,83,90
81,seq69,seq131,r_38_2_99,r_38_2_99,1.0,30,129,99,90
19,r_31_82_12,r_92_91_96,r_142_51_136,r_92_91_96,1.0,1,97,96,90
16,r_102_118_193,r_29_77_138,seq70,r_29_77_138,0.99,-26,112,138,90
21,r_136_66_139,r_16_53_167,r_26_37_42,r_136_66_139,0.43,0,139,139,90
39,r_5_8_67,seq69,r_115_62_26,r_5_8_67,1.0,0,67,67,90
42,r_22_68_169,seq113,r_31_82_12,r_31_82_12,0.61,157,169,12,90
45,r_122_129_155,seq127,seq70,r_122_129_155,0.48,0,155,155,90
0,r_107_36_146,r_120_1_2,seq39,r_107_36_146,0.91,1,147,146,90
33,r_149_110_137,r_120_1_2,r_147_109_64,r_120_1_2,0.74,137,139,2,90
2,r_40_100_49,seq0,r_115_62_26,r_40_100_49,1.0,0,49,49,90
49,r_98_54_53,r_134_94_83,seq146,r_98_54_53,0.53,0,53,53,90
41,r_79_7_13,r_88_52_199,seq93,r_79_7_13,0.94,0,13,13,90
96,seq116,seq24,r_16_53_167,r_16_53_167,0.86,2,169,167,90
3,r_76_57_114,seq43,seq74,r_76_57_114,1.0,0,114,114,90
10,r_29_77_138,r_42_114_117,r_102_118_193,r_42_114_117,1.0,0,117,117,90
26,r_142_51_136,r_147_109_64,r_31_82_12,r_147_109_64,0.98,0,64,64,90
4,r_87_133_140,seq127,r_79_7_13,r_87_133_140,0.58,1,141,140,90
0,r_107_36_146,r_130_65_112,r_120_1_2,r_130_65_112,0.69,-15,97,112,90
73,seq43,r_76_57_114,r_120_1_2,r_76_57_114,0.87,2,116,114,90
46,r_89_44_153,seq61,r_115_62_26,r_115_62_26,0.64,26,52,26,90
20,r_88_52_199,seq45,r_48_81_51,r_48_81_51,1.0,20,71,51,90
13,r_56_139_181,r_96_125_197,r_99_78_105,r_99_78_105,0.88,76,181,105,90
46,r_89_44_153,r_115_62_26,r_31_82_12,r_89_44_153,0.65,0,153,153,90
15,r_38_2_99,seq63,seq69,r_38_2_99,0.99,0,99,99,90
48,r_130_65_112,r_107_36_146,seq45,r_130_65_112,1.0,1,113,112,90
12,r_147_109_64,seq131,seq4,r_147_109_64,0.64,101,165,64,90
6,r_144_126_130,r_87_133_140,seq85,r_144_126_130,0.94,1,131,130,90
62,seq146,seq86,r_98_54_53,r_98_54_53,1.0,22,75,53,90
11,r_47_137_21,r_38_2_99,seq101,r_47_137_21,0.99,0,21,21,90
99,seq127,r_87_133_140,r_115_62_26,r_115_62_26,0.77,66,92,26,90
27,r_50_73_120,seq145,seq55,r_50_73_120,0.95,0,120,120,90
43,r_134_94_83,r_98_54_53,seq116,r_98_54_53,1.0,0,53,53,90
25,r_12_67_31,r_46_80_183,r_103_141_186,r_12_67_31,0.96,3,34,31,90
40,r_34_121_55,seq60,r_115_62_26,r_115_62_26,0.64,34,60,26,90
18,r_42_114_117,r_29_77_138,r_98_54_53,r_42_114_117,1.0,0,117,117,90
29,r_123_90_147,r_102_118_193,seq0,r_123_90_147,0.85,1,148,147,90
24,r_120_1_2,r_130_65_112,r_149_110_137,r_130_65_112,0.61,-15,97,112,90
82,seq70,r_102_118_193,r_122_129_155,r_122_129_155,0.96,21,176,155,90
50,seq0,seq9,r_123_90_147,r_123_90_147,0.72,6,153,147,90
19,r_31_82_12,r_143_49_8,r_89_44_153,r_89_44_153,0.77,0,153,153,90
58,seq140,r_3_95_84,seq11,r_3_95_84,1.0,0,84,84,90
19,r_31_82_12,seq55,r_92_91_96,r_31_82_12,0.99,1,13,12,90
38,r_59_17_144,r_16_53_167,r_31_82_12,r_59_17_144,0.81,0,144,144,90
77,seq60,r_34_121_55,seq14,r_34_121_55,0.59,5,60,55,90
47,r_23_148_27,r_149_110_137,seq128,r_23_148_27,0.99,0,27,27,90
34,r_84_104_59,r_136_66_139,seq70,r_84_104_59,0.99,6,65,59,90
7,r_26_37_42,r_123_90_147,r_12_67_31,r_26_37_42,1.0,1,43,42,90
10,r_29_77_138,r_102_118_193,seq145,r_29_77_138,0.89,0,138,138,90
70,seq30,seq10,r_134_94_83,r_134_94_83,1.0,2,85,83,90
33,r_149_110_137,r_23_148_27,r_120_1_2,r_23_148_27,0.9,0,27,27,90
81,seq69,r_5_8_67,seq131,r_5_8_67,1.0,0,67,67,90
17,r_3_95_84,seq140,r_34_121_55,r_3_95_84,0.97,0,84,84,90
25,r_12_67_31,r_103_141_186,r_26_37_42,r_12_67_31,0.75,143,174,31,90
26,r_142_51_136,r_31_82_12,r_42_114_117,r_142_51_136,1.0,0,136,136,90
96,seq116,r_134_94_83,seq24,r_134_94_83,1.0,-5,78,83,90
31,r_48_81_51,seq30,r_88_52_199,r_48_81_51,1.0,0,51,51,90
22,r_13_72_85,r_99_78_105,seq145,r_13_72_85,0.93,3,88,85,90
28,r_108_135_127,r_96_125_197,seq113,r_108_135_127,0.5,5,132,127,90
91,seq105,seq10,r_149_110_137,r_149_110_137,0.96,33,170,137,90
5,r_115_62_26,seq146,seq127,r_115_62_26,1.0,1,27,26,90
56,seq10,seq30,r_147_109_64,r_147_109_64,1.0,89,153,64,90
23,r_97_32_90,r_46_80_183,r_76_57_114,r_76_57_114,1.0,63,177,114,90
82,seq70,r_13_72_85,r_102_118_193,r_13_72_85,1.0,0,85,85,90
79,seq63,r_38_2_99,seq24,r_38_2_99,1.0,2,101,99,90
24,r_120_1_2,r_149_110_137,r_35_138_195,r_149_110_137,1.0,-1,136,137,90
35,r_46_80_183,r_97_32_90,r_50_73_120,r_50_73_120,0.81,63,183,120,90
12,r_147_109_64,r_142_51_136,seq131,r_147_109_64,1.0,0,64,64,90
19,r_31_82_12,r_142_51_136,r_143_49_8,r_142_51_136,1.0,0,136,136,90
84,seq74,r_97_32_90,r_76_57_114,r_76_57_114,1.0,1,115,114,90
30,r_45_117_92,r_79_21_122,r_20_4_45,r_45_117_92,0.97,1,93,92,91
36,r_7_138_67,r_55_104_179,seq36,r_7_138_67,1.0,0,67,67,91
5,r_20_4_45,seq92,seq80,r_20_4_45,1.0,0,45,45,91
43,r_51_3_153,r_67_133_147,r_34_94_119,r_51_3_153,0.91,-6,147,153,91
54,seq8,r_38_30_99,r_81_129_163,r_38_30_99,0.61,-18,81,99,91
37,r_5_43_160,seq136,r_102_112_133,r_5_43_160,0.6,1,161,160,91
54,seq8,r_81_129_163,r_40_76_143,r_40_76_143,0.95,12,155,143,91
59,seq144,r_10_110_157,r_121_22_149,r_10_110_157,0.85,0,157,157,91
87,seq93,seq66,r_58_63_23,r_58_63_23,1.0,0,23,23,91
71,seq36,seq148,r_7_138_67,r_7_138_67,1.0,23,90,67,91
16,r_71_47_60,seq134,seq145,r_71_47_60,1.0,1,61,60,91
21,r_91_101_93,seq132,r_53_114_168,r_91_101_93,0.88,-10,83,93,91
39,r_83_108_5,r_106_96_186,r_84_115_146,r_84_115_146,0.99,34,180,146,91
1,r_13_82_138,seq18,r_71_47_60,r_71_47_60,1.0,79,139,60,91
97,seq123,r_40_76_143,seq12,r_40_76_143,1.0,0,143,143,91
80,seq66,seq93,r_34_94_119,r_34_94_119,0.97,8,127,119,91
13,r_59_139_51,r_121_22_149,seq127,r_59_139_51,0.99,0,51,51,91
27,r_99_64_69,seq80,r_53_114_168,r_99_64_69,0.58,7,76,69,91
42,r_52_15_53,seq6,r_105_86_36,r_52_15_53,1.0,0,53,53,91
31,r_34_94_119,r_53_114_168,seq66,r_34_94_119,0.95,0,119,119,91
41,r_38_30_99,seq8,seq97,r_38_30_99,0.98,0,99,99,91
3,r_84_115_146,seq56,r_83_108_5,r_84_115_146,0.71,0,146,146,91
10,r_39_103_77,r_78_32_132,seq146,r_39_103_77,1.0,0,77,77,91
26,r_40_76_143,seq123,seq8,r_40_76_143,0.85,0,143,143,91
72,seq134,r_111_9_123,seq54,r_111_9_123,0.86,0,123,123,91
16,r_71_47_60,seq145,r_13_82_138,r_13_82_138,0.58,-3,135,138,91
4,r_107_46_117,seq17,seq23,r_107_46_117,0.97,0,117,117,91
78,seq56,r_84_115_146,r_59_139_51,r_59_139_51,0.59,95,146,51,91
19,r_102_112_133,r_121_22_149,seq33,r_121_22_149,0.99,-104,45,149,91
73,seq41,seq134,r_62_50_175,r_62_50_175,0.54,-29,146,175,91
11,r_49_26_150,seq143,seq29,r_49_26_150,0.82,0,150,150,91
20,r_111_9_123,seq134,r_52_15_53,r_111_9_123,0.86,0,123,123,91
15,r_61_24_182,seq66,seq57,r_61_24_182,0.45,1,183,182,91
48,r_109_37_115,seq97,r_19_11_112,r_109_37_115,1.0,0,115,115,91
27,r_99_64_69,r_53_114_168,r_1_90_101,r_1_90_101,0.96,65,166,101,91
49,r_78_32_132,r_52_15_53,seq98,r_78_32_132,0.99,0,132,132,91
57,seq142,r_121_22_149,r_102_112_133,r_121_22_149,0.99,0,149,149,91
6,r_81_129_163,seq54,r_91_101_93,r_81_129_163,0.64,1,164,163,91
21,r_91_101_93,r_53_114_168,r_81_129_163,r_81_129_163,0.71,10,173,163,91
99,seq127,seq132,r_59_139_51,r_59_139_51,1.0,71,122,51,91
2,r_87_73_130,seq25,seq149,r_87_73_130,0.92,0,130,130,91
40,r_19_11_112,seq145,seq68,r_19_11_112,0.66,8,120,112,91
74,seq42,r_125_130_176,r_131_48_181,r_125_130_176,0.62,0,176,176,91
29,r_67_133_147,r_51_3_153,r_40_76_143,r_67_133_147,0.76,0,147,147,91
24,r_79_21_122,r_27_113_128,r_60_128_71,r_79_21_122,0.86,0,122,122,91
25,r_53_114_168,r_34_94_119,r_91_101_93,r_53_114_168,0.71,-80,88,168,91
64,seq23,seq88,r_107_46_117,r_107_46_117,1.0,7,124,117,91
47,r_14_95_27,seq127,r_72_100_142,r_72_100_142,1.0,23,165,142,91
7,r_58_63_23,seq120,seq93,r_58_63_23,1.0,0,23,23,91
58,seq143,r_49_26_150,seq148,r_49_26_150,0.96,0,150,150,91
70,seq35,r_19_11_112,r_71_47_60,r_71_47_60,1.0,9,69,60,91
0,r_147_135_18,r_121_22_149,seq2,r_147_135_18,0.95,11,29,18,91
32,r_131_48_181,r_55_104_179,seq42,r_55_104_179,0.34,0,179,179,91
77,seq54,r_81_129_163,r_45_117_92,r_45_117_92,0.98,72,164,92,91
47,r_14_95_27,r_137_74_173,seq127,r_14_95_27,1.0,0,27,27,91
34,r_16_140_165,seq69,r_109_37_115,r_16_140_165,0.52,0,165,165,91
75,seq44,r_1_90_101,seq68,r_1_90_101,1.0,1,102,101,91
86,seq92,r_20_4_45,r_124_70_114,r_20_4_45,0.97,1,46,45,91
46,r_105_86_36,r_5_43_160,r_78_32_132,r_105_86_36,0.83,2,38,36,91
17,r_1_90_101,seq44,r_91_101_93,r_1_90_101,1.0,1,102,101,91
25,r_53_114_168,r_91_101_93,seq149,r_53_114_168,0.59,5,173,168,91
22,r_10_110_157,seq144,r_102_112_133,r_10_110_157,0.62,0,157,157,91
91,seq146,seq28,r_39_103_77,r_39_103_77,1.0,30,107,77,91
49,r_78_32_132,r_39_103_77,r_52_15_53,r_78_32_132,1.0,-64,68,132,91
44,r_124_70_114,seq92,seq18,r_124_70_114,0.95,0,114,114,91
73,seq41,r_62_50_175,seq54,r_62_50_175,0.7,1,176,175,91
23,r_72_100_142,seq98,r_14_95_27,r_72_100_142,0.91,0,142,142,91
82,seq69,r_62_50_175,seq144,r_62_50_175,0.99,0,175,175,91
95,seq120,r_58_63_23,seq68,r_58_63_23,1.0,3,26,23,91
46,r_105_86_36,r_78_32_132,r_52_15_53,r_105_86_36,0.8,25,61,36,91
35,r_62_50_175,seq69,seq33,r_62_50_175,0.73,0,175,175,91
12,r_60_128_71,r_34_94_119,r_52_15_53,r_60_128_71,0.64,1,72,71,91
30,r_50_15_129,seq97,r_6_59_101,r_50_15_129,0.98,0,129,129,92
8,r_90_74_122,seq124,seq51,r_90_74_122,0.98,0,122,122,92
10,r_139_8_10,r_115_147_140,r_127_43_72,r_139_8_10,0.7,0,10,10,92
16,r_101_89_149,r_145_49_193,seq5,r_101_89_149,0.96,0,149,149,92
21,r_53_25_80,r_108_57_11,r_128_36_74,r_53_25_80,0.99,0,80,80,92
1,r_1_56_171,r_22_14_189,seq87,r_1_56_171,0.69,0,171,171,92
46,r_44_96_97,r_2_91_152,seq40,r_2_91_152,0.65,-55,97,152,92
42,r_11_78_76,r_39_116_165,r_10_21_23,r_11_78_76,0.99,1,77,76,92
69,seq42,r_6_59_101,seq121,r_6_59_101,1.0,0,101,101,92
66,seq33,r_62_34_195,r_3_136_48,r_3_136_48,1.0,112,160,48,92
52,seq4,r_120_17_57,r_18_103_179,r_120_17_57,0.93,0,57,57,92
89,seq93,r_128_36_74,r_7_73_9,r_128_36_74,1.0,1,75,74,92
3,r_85_48_70,r_50_15_129,seq12,r_85_48_70,1.0,1,71,70,92
73,seq51,r_22_14_189,r_90_74_122,r_90_74_122,0.99,67,189,122,92
20,r_114_9_60,seq149,r_109_106_21,r_114_9_60,0.96,0,60,60,92
13,r_130_94_145,r_2_91_152,seq93,r_130_94_145,0.7,0,145,145,92
15,r_52_63_109,r_67_138_158,r_7_73_9,r_52_63_109,0.95,0,109,109,92
48,r_128_36_74,seq93,r_146_65_15,r_128_36_74,1.0,0,74,74,92
6,r_145_49_193,r_101_89_149,r_126_148_25,r_145_49_193,0.71,-44,149,193,92
92,seq102,seq82,r_55_54_46,r_55_54_46,1.0,12,58,46,92
10,r_139_8_10,r_127_43_72,seq27,r_127_43_72,1.0,0,72,72,92
27,r_68_111_106,seq93,seq149,r_68_111_106,1.0,1,107,106,92
44,r_92_37_69,seq102,r_79_110_113,r_92_37_69,0.87,13,82,69,92
24,r_67_138_158,seq12,r_130_94_145,r_67_138_158,0.52,0,158,158,92
2,r_146_65_15,r_90_74_122,r_53_25_80,r_146_65_15,0.77,99,114,15,92
25,r_126_148_25,seq87,r_145_49_193,r_126_148_25,0.99,0,25,25,92
40,r_108_57_11,r_53_25_80,seq12,r_53_25_80,1.0,0,80,80,92
24,r_67_138_158,r_52_63_109,seq12,r_52_63_109,0.97,0,109,109,92
33,r_95_125_153,r_134_119_41,r_108_57_11,r_134_119_41,0.69,112,153,41,92
4,r_6_59_101,r_38_100_95,r_50_15_129,r_50_15_129,0.99,10,139,129,92
32,r_141_28_196,seq83,r_31_132_73,r_31_132_73,1.0,18,91,73,92
5,r_127_43_72,r_139_8_10,seq4,r_127_43_72,1.0,0,72,72,92
31,r_104_26_47,r_23_77_38,seq72,r_104_26_47,0.99,0,47,47,92
5,r_127_43_72,r_146_65_15,r_139_8_10,r_146_65_15,0.62,3,18,15,92
26,r_30_117_22,seq142,seq13,r_30_117_22,0.98,0,22,22,92
47,r_84_99_28,r_113_80_143,seq45,r_84_99_28,0.95,-3,25,28,92
17,r_22_14_189,seq51,r_31_132_73,r_31_132_73,0.59,116,189,73,92
9,r_16_60_178,seq66,r_126_148_25,r_16_60_178,0.54,1,179,178,92
34,r_109_106_21,seq129,seq102,r_109_106_21,0.99,0,21,21,92
28,r_38_100_95,r_6_59_101,r_115_147_140,r_115_147_140,1.0,-1,139,140,92
29,r_10_21_23,r_131_41_154,r_11_78_76,r_11_78_76,1.0,79,155,76,92
22,r_115_147_140,seq83,r_38_100_95,r_38_100_95,0.78,45,140,95,92
29,r_10_21_23,r_1_56_171,r_131_41_154,r_10_21_23,1.0,1,24,23,92
0,r_3_136_48,r_44_96_97,seq33,r_3_136_48,1.0,0,48,48,92
56,seq12,r_67_138_158,r_108_57_11,r_67_138_158,0.44,0,158,158,92
7,r_113_80_143,seq33,seq124,r_113_80_143,0.87,0,143,143,92
23,r_18_103_179,seq149,seq87,r_18_103_179,0.46,0,179,179,92
19,r_55_54_46,r_31_132_73,seq102,r_55_54_46,1.0,1,47,46,92
35,r_31_132_73,seq93,r_141_28_196,r_31_132_73,1.0,0,73,73,92
12,r_23_77_38,r_104_26_47,seq66,r_104_26_47,0.68,-9,38,47,92
57,seq13,seq32,r_30_117_22,r_30_117_22,0.95,12,34,22,92
38,r_120_17_57,seq4,seq121,r_120_17_57,1.0,0,57,57,92
93,seq105,seq99,r_60_61_43,r_60_61_43,1.0,19,62,43,93
27,r_122_48_83,r_142_52_160,r_102_114_121,r_122_48_83,1.0,50,133,83,93
18,r_24_133_59,seq1,r_45_145_114,r_24_133_59,0.99,0,59,59,93
8,r_75_143_48,r_24_133_59,r_123_50_134,r_75_143_48,0.97,0,48,48,93
36,r_43_71_164,seq66,r_144_55_79,r_43_71_164,0.65,0,164,164,93
14,r_109_129_166,seq38,r_118_89_174,r_109_129_166,0.88,0,166,166,93
43,r_6_72_144,seq125,r_122_48_83,r_122_48_83,1.0,24,107,83,93
59,seq13,r_9_30_145,seq66,r_9_30_145,0.71,2,147,145,93
30,r_135_63_39,r_60_61_43,seq11,r_60_61_43,0.79,-4,39,43,93
71,seq38,r_126_16_133,r_42_95_6,r_126_16_133,1.0,0,133,133,93
16,r_4_59_139,r_121_67_150,seq91,r_4_59_139,0.79,0,139,139,93
39,r_123_50_134,seq29,seq35,r_123_50_134,0.98,0,134,134,93
1,r_144_55_79,seq51,r_75_143_48,r_144_55_79,0.98,1,80,79,93
5,r_19_108_75,seq130,r_106_21_21,r_19_108_75,1.0,0,75,75,93
46,r_18_127_66,r_9_30_145,seq15,r_18_127_66,0.71,11,77,66,93
42,r_115_23_67,seq149,r_75_143_48,r_115_23_67,1.0,0,67,67,93
80,seq66,r_43_71_164,r_18_127_66,r_43_71_164,1.0,1,165,164,93
13,r_142_52_160,r_135_63_39,r_22_65_11,r_142_52_160,0.94,-147,13,160,93
45,r_88_111_105,seq41,r_106_21_21,r_88_111_105,1.0,0,105,105,93
19,r_20_104_130,r_96_148_110,r_68_85_132,r_20_104_130,0.95,-1,129,130,93
47,r_5_137_198,r_92_69_52,seq73,r_92_69_52,1.0,0,52,52,93
95,seq110,r_147_124_98,seq146,r_147_124_98,0.99,1,99,98,93
76,seq51,r_118_89_174,r_116_3_101,r_116_3_101,1.0,1,102,101,93
31,r_26_57_120,seq1,r_47_138_112,r_26_57_120,0.92,-1,119,120,93
41,r_68_85_132,seq11,r_20_104_130,r_68_85_132,0.95,-1,131,132,93
3,r_116_3_101,seq53,seq51,r_116_3_101,0.99,0,101,101,93
4,r_113_81_143,seq2,seq132,r_113_81_143,0.91,0,143,143,93
0,r_45_145_114,seq12,seq1,r_45_145_114,1.0,0,114,114,93
63,seq149,r_122_48_83,seq130,r_122_48_83,1.0,0,83,83,93
11,r_47_138_112,r_102_114_121,seq76,r_47_138_112,1.0,0,112,112,93
12,r_106_21_21,r_134_70_85,seq119,r_106_21_21,1.0,0,21,21,93
20,r_141_82_173,seq2,r_42_95_6,r_141_82_173,0.72,0,173,173,93
15,r_9_30_145,seq13,seq34,r_9_30_145,0.63,2,147,145,93
13,r_142_52_160,r_22_65_11,seq139,r_142_52_160,0.61,0,160,160,93
6,r_28_62_187,seq17,r_97_7_123,r_97_7_123,0.72,64,187,123,93
85,seq76,r_120_136_190,r_47_138_112,r_47_138_112,1.0,78,190,112,93
10,r_118_89_174,r_106_21_21,r_109_129_166,r_109_129_166,0.91,9,175,166,93
27,r_122_48_83,seq149,r_142_52_160,r_122_48_83,1.0,2,85,83,93
98,seq119,seq131,r_106_21_21,r_106_21_21,1.0,0,21,21,93
43,r_6_72_144,r_122_48_83,r_88_111_105,r_6_72_144,1.0,0,144,144,93
2,r_32_36_88,r_43_71_164,r_42_95_6,r_32_36_88,1.0,0,88,88,93
28,r_22_65_11,seq84,r_142_52_160,r_22_65_11,0.99,0,11,11,93
29,r_87_83_69,seq112,seq0,r_87_83_69,1.0,1,70,69,93
24,r_42_95_6,r_94_90_192,r_32_36_88,r_32_36_88,1.0,15,103,88,93
25,r_134_70_85,seq29,seq132,r_134_70_85,1.0,2,87,85,93
8,r_75_143_48,r_123_50_134,r_115_23_67,r_75_143_48,0.91,20,68,48,93
95,seq110,seq146,r_97_7_123,r_97_7_123,0.96,8,131,123,93
61,seq17,r_28_62_187,r_87_83_69,r_87_83_69,1.0,111,180,69,93
32,r_121_67_150,seq132,r_144_55_79,r_144_55_79,0.99,71,150,79,93
22,r_56_25_29,r_140_64_168,seq40,r_56_25_29,0.98,1,30,29,93
38,r_96_148_110,r_20_104_130,r_24_133_59,r_96_148_110,0.73,12,122,110,93
52,seq2,r_141_82_173,r_144_55_79,r_144_55_79,1.0,91,170,79,93
67,seq33,r_144_55_79,r_92_69_52,r_92_69_52,0.59,0,52,52,93
34,r_97_7_123,seq12,seq110,r_97_7_123,1.0,0,123,123,93
60,seq15,seq34,r_18_127_66,r_18_127_66,0.83,23,89,66,93
17,r_147_124_98,seq110,seq29,r_147_124_98,1.0,1,99,98,93
10,r_118_89_174,r_39_101_93,r_106_21_21,r_118_89_174,0.99,-127,47,174,93
9,r_100_98_95,r_126_16_133,seq12,r_100_98_95,1.0,0,95,95,93
48,r_60_61_43,seq49,seq105,r_60_61_43,0.98,0,43,43,93
28,r_22_65_11,r_142_52_160,r_87_83_69,r_87_83_69,0.83,91,160,69,93
40,r_92_69_52,r_5_137_198,seq33,r_92_69_52,1.0,0,52,52,93
49,r_86_14_131,seq31,seq112,r_86_14_131,0.75,0,131,131,93
56,seq10,r_94_90_192,r_141_82_173,r_141_82_173,0.49,0,173,173,93
7,r_102_114_121,seq54,r_122_48_83,r_102_114_121,1.0,1,122,121,93
44,r_120_136_190,seq76,r_20_104_130,r_20_104_130,0.69,60,190,130,93
23,r_140_64_168,seq112,r_19_108_75,r_19_108_75,1.0,92,167,75,93
35,r_126_16_133,seq38,r_144_55_79,r_126_16_133,0.45,0,133,133,93
18,r_24_133_59,r_45_145_114,r_96_148_110,r_45_145_114,0.99,-14,100,114,93
37,r_56_127_46,seq33,seq29,r_56_127_46,0.98,1,47,46,94
40,r_98_139_157,seq15,r_111_22_25,r_98_139_157,0.88,0,157,157,94
40,r_98_139_157,r_0_78_57,seq15,r_0_78_57,0.97,1,58,57,94
5,r_12_132_40,r_23_39_134,r_89_52_159,r_89_52_159,0.69,17,176,159,94
36,r_36_118_172,seq76,r_93_82_53,r_93_82_53,0.85,121,174,53,94
43,r_149_7_106,seq104,r_143_94_49,r_149_7_106,0.99,0,106,106,94
54,seq135,r_96_110_116,r_13_4_91,r_13_4_91,1.0,35,126,91,94
16,r_57_84_158,r_24_134_72,r_119_42_86,r_57_84_158,1.0,-86,72,158,94
39,r_34_31_138,seq92,seq16,r_34_31_138,0.69,5,143,138,94
5,r_12_132_40,r_21_122_56,r_26_108_120,r_21_122_56,0.95,7,63,56,94
18,r_143_94_49,r_12_132_40,seq17,r_143_94_49,0.87,0,49,49,94
45,r_68_30_119,seq16,seq104,r_68_30_119,0.89,1,120,119,94
19,r_95_32_102,r_79_1_196,r_143_94_49,r_95_32_102,0.99,0,102,102,94
15,r_24_134_72,r_3_66_184,r_56_127_46,r_3_66_184,0.75,-7,177,184,94
47,r_21_122_56,r_147_45_126,r_0_78_57,r_21_122_56,1.0,-4,52,56,94
2,r_86_80_50,seq88,r_67_47_16,r_86_80_50,0.99,1,51,50,94
31,r_53_136_123,seq55,seq6,r_53_136_123,0.91,4,127,123,94
41,r_112_43_121,seq140,seq114,r_112_43_121,1.0,0,121,121,94
5,r_12_132_40,r_26_108_120,r_23_39_134,r_12_132_40,0.49,82,122,40,94
3,r_25_72_59,seq10,seq135,r_25_72_59,0.99,1,60,59,94
16,r_57_84_158,r_119_42_86,seq6,r_57_84_158,0.98,0,158,158,94
13,r_111_22_25,r_124_106_76,seq77,r_111_22_25,1.0,0,25,25,94
4,r_50_125_143,r_23_39_134,r_25_72_59,r_50_125_143,0.47,-9,134,143,94
21,r_0_78_57,r_98_139_157,r_21_122_56,r_0_78_57,1.0,1,58,57,94
20,r_147_45_126,seq76,r_86_80_50,r_147_45_126,0.78,2,128,126,94
18,r_143_94_49,r_93_82_53,r_12_132_40,r_12_132_40,0.52,-4,36,40,94
15,r_24_134_72,r_57_84_158,r_3_66_184,r_24_134_72,1.0,0,72,72,94
48,r_124_106_76,seq19,seq88,r_124_106_76,1.0,0,76,76,94
4,r_50_125_143,r_25_72_59,seq49,r_50_125_143,0.7,2,145,143,94
27,r_26_108_120,r_96_110_116,r_146_144_127,r_26_108_120,0.96,0,120,120,94
1,r_93_82_53,seq37,seq44,r_93_82_53,1.0,0,53,53,94
29,r_23_39_134,r_50_125_143,r_12_132_40,r_23_39_134,0.49,0,134,134,94
24,r_71_97_155,seq76,seq10,r_71_97_155,0.56,0,155,155,94
34,r_119_42_86,r_57_84_158,seq11,r_57_84_158,0.92,0,158,158,94
35,r_3_66_184,r_24_134_72,seq51,r_3_66_184,0.8,0,184,184,94
25,r_137_58_124,seq15,r_86_80_50,r_137_58_124,0.87,0,124,124,94
80,seq77,r_146_144_127,r_111_22_25,r_111_22_25,0.73,0,25,25,94
33,r_13_4_91,seq83,seq135,r_13_4_91,1.0,0,91,91,94
38,r_65_141_142,seq33,seq27,r_65_141_142,0.94,0,142,142,94
34,r_119_42_86,r_96_110_116,r_57_84_158,r_119_42_86,0.97,0,86,86,94
44,r_9_145_27,seq40,r_67_47_16,r_9_145_27,0.99,2,29,27,94
84,seq88,r_124_106_76,r_96_110_116,r_96_110_116,0.9,5,121,116,94
28,r_90_133_118,r_137_58_124,r_86_80_50,r_86_80_50,1.0,69,119,50,94
49,r_74_138_168,seq51,r_89_52_159,r_74_138_168,0.62,1,169,168,94
7,r_131_64_141,seq109,r_86_80_50,r_131_64_141,0.97,0,141,141,94
84,seq88,r_86_80_50,r_28_18_7,r_86_80_50,0.92,1,51,50,94
35,r_3_66_184,seq29,r_24_134_72,r_24_134_72,1.0,37,109,72,94
12,r_96_110_116,seq135,seq88,r_96_110_116,0.61,10,126,116,94
14,r_70_126_37,r_112_43_121,seq2,r_70_126_37,0.66,2,39,37,94
93,seq113,seq133,r_127_33_118,r_127_33_118,0.99,4,122,118,95
30,r_6_44_122,seq18,seq13,r_6_44_122,0.67,0,122,122,95
44,r_109_78_38,r_5_55_198,r_16_100_116,r_16_100_116,1.0,0,116,116,95
51,seq2,r_39_25_85,seq22,r_39_25_85,1.0,-1,84,85,95
36,r_69_119_68,seq42,r_81_34_83,r_69_119_68,0.9,0,68,68,95
69,seq38,r_49_103_51,r_5_55_198,r_49_103_51,1.0,0,51,51,95
14,r_66_15_86,r_31_35_188,seq145,r_31_35_188,1.0,0,188,188,95
8,r_115_64_64,seq123,seq18,r_115_64_64,0.89,4,68,64,95
48,r_82_99_49,seq8,seq110,r_82_99_49,0.53,90,139,49,95
37,r_88_138_145,r_61_52_184,r_146_118_77,r_88_138_145,0.95,0,145,145,95
19,r_1_20_9,r_89_46_144,r_131_130_93,r_1_20_9,0.96,135,144,9,95
71,seq41,r_59_36_178,r_27_105_13,r_27_105_13,0.8,165,178,13,95
16,r_104_102_114,seq37,r_9_111_29,r_104_102_114,0.98,1,115,114,95
21,r_112_106_113,r_94_147_197,r_30_83_10,r_112_106_113,0.85,0,113,113,95
5,r_79_140_147,r_16_100_116,r_10_98_58,r_10_98_58,0.99,58,116,58,95
46,r_31_35_188,r_54_139_121,r_66_15_86,r_66_15_86,1.0,41,127,86,95
45,r_127_33_118,seq90,seq113,r_127_33_118,0.76,1,119,118,95
1,r_74_135_59,seq113,r_4_48_30,r_74_135_59,1.0,0,59,59,95
0,r_81_34_83,r_69_119_68,seq133,r_81_34_83,0.89,0,83,83,95
33,r_9_111_29,seq47,r_104_102_114,r_104_102_114,1.0,6,120,114,95
27,r_30_83_10,seq120,r_112_106_113,r_112_106_113,1.0,6,119,113,95
76,seq51,r_108_17_176,seq149,r_108_17_176,0.61,1,177,176,95
24,r_93_137_189,r_131_130_93,r_115_64_64,r_93_137_189,0.72,0,189,189,95
39,r_56_91_54,r_16_100_116,seq125,r_16_100_116,1.0,0,116,116,95
31,r_97_3_165,seq90,r_69_119_68,r_69_119_68,0.91,104,172,68,95
75,seq136,seq132,r_49_103_51,r_49_103_51,1.0,1,52,51,95
41,r_94_147_197,r_112_106_113,r_43_117_76,r_94_147_197,1.0,-84,113,197,95
94,seq120,seq47,r_30_83_10,r_30_83_10,0.7,25,35,10,95
89,seq90,r_97_3_165,r_146_118_77,r_146_118_77,1.0,88,165,77,95
28,r_4_48_30,r_79_140_147,r_74_135_59,r_74_135_59,0.96,7,66,59,95
36,r_69_119_68,r_81_34_83,r_127_33_118,r_81_34_83,0.79,0,83,83,95
20,r_77_116_117,r_10_98_58,r_82_99_49,r_10_98_58,0.8,1,59,58,95
26,r_54_139_121,r_31_35_188,seq141,r_54_139_121,0.64,14,135,121,95
4,r_89_46_144,r_93_137_189,seq134,r_89_46_144,0.92,0,144,144,95
0,r_81_34_83,r_146_118_77,r_69_119_68,r_69_119_68,0.59,1,69,68,95
11,r_59_36_178,seq41,seq122,r_59_36_178,0.29,0,178,178,95
32,r_32_26_39,r_112_106_113,seq76,r_32_26_39,1.0,0,39,39,95
98,seq124,r_114_128_169,r_74_135_59,r_74_135_59,1.0,110,169,59,95
46,r_31_35_188,r_66_15_86,r_108_17_176,r_31_35_188,1.0,0,188,188,95
6,r_5_55_198,r_43_117_76,r_109_78_38,r_43_117_76,0.67,1,77,76,95
62,seq145,r_54_139_121,r_66_15_86,r_66_15_86,1.0,39,125,86,95
99,seq125,r_92_23_157,r_74_135_59,r_74_135_59,0.98,98,157,59,95
9,r_10_98_58,r_77_116_117,r_16_100_116,r_10_98_58,1.0,1,59,58,95
69,seq38,r_5_55_198,r_16_100_116,r_16_100_116,1.0,1,117,116,95
39,r_56_91_54,seq41,r_16_100_116,r_56_91_54,0.99,2,56,54,95
2,r_131_130_93,seq18,r_1_20_9,r_131_130_93,0.94,10,103,93,95
9,r_10_98_58,r_16_100_116,r_74_135_59,r_16_100_116,1.0,0,116,116,95
47,r_67_95_137,seq18,r_5_55_198,r_67_95_137,0.61,0,137,137,95
40,r_43_117_76,r_5_55_198,seq40,r_43_117_76,1.0,1,77,76,95
25,r_27_105_13,r_74_135_59,r_59_36_178,r_27_105_13,1.0,0,13,13,95
74,seq47,seq120,r_9_111_29,r_9_111_29,0.99,79,108,29,95
18,r_24_73_161,r_31_35_188,r_16_100_116,r_24_73_161,0.9,0,161,161,95
29,r_21_80_181,seq87,r_43_117_76,r_21_80_181,0.66,1,182,181,95
24,r_93_137_189,r_89_46_144,r_131_130_93,r_93_137_189,0.95,-45,144,189,95
48,r_82_99_49,r_77_116_117,seq8,r_82_99_49,0.92,67,116,49,95
28,r_4_48_30,seq141,r_79_140_147,r_4_48_30,0.99,0,30,30,95
58,seq13,seq134,r_6_44_122,r_6_44_122,0.91,18,140,122,95
6,r_5_55_198,r_109_78_38,r_67_95_137,r_67_95_137,0.76,4,141,137,95
68,seq37,r_104_102_114,seq85,r_104_102_114,1.0,0,114,114,95
42,r_49_103_51,seq136,r_77_116_117,r_77_116_117,1.0,10,127,117,95
61,seq144,r_108_17_176,seq149,r_108_17_176,0.98,-29,147,176,95
34,r_16_100_116,r_79_140_147,seq38,r_16_100_116,1.0,1,117,116,95
20,r_77_116_117,r_82_99_49,r_49_103_51,r_77_116_117,1.0,-1,116,117,95
60,seq143,seq7,r_72_50_22,r_72_50_22,1.0,3,25,22,95
48,r_82_99_49,seq76,r_77_116_117,r_82_99_49,0.61,0,49,49,95
5,r_79_140_147,r_10_98_58,seq110,r_79_140_147,1.0,0,147,147,95
25,r_27_105_13,r_59_36_178,seq41,r_59_36_178,0.5,0,178,178,95
49,r_126_14_97,seq19,seq18,r_126_14_97,0.9,1,98,97,95
7,r_146_118_77,r_81_34_83,seq90,r_146_118_77,0.83,-7,70,77,95
43,r_72_50_22,r_10_98_58,seq143,r_72_50_22,0.99,0,22,22,95
23,r_63_11_63,r_29_86_170,seq90,r_63_11_63,0.88,2,65,63,95
33,r_9_111_29,r_56_91_54,seq47,r_9_111_29,1.0,0,29,29,95
35,r_61_52_184,seq62,r_104_102_114,r_61_52_184,0.47,0,184,184,95
12,r_84_58_155,seq134,r_75_129_108,r_84_58_155,0.63,0,155,155,95
36,r_69_119_68,r_127_33_118,r_97_3_165,r_97_3_165,0.55,2,167,165,95
27,r_30_83_10,r_29_86_170,seq120,r_30_83_10,0.93,1,11,10,95
42,r_49_103_51,seq38,seq136,r_49_103_51,1.0,0,51,51,95
44,r_109_78_38,r_108_17_176,r_5_55_198,r_109_78_38,0.86,0,38,38,95
53,seq131,r_11_5_146,r_120_79_27,r_120_79_27,0.88,12,39,27,96
36,r_137_43_103,seq7,r_52_39_61,r_137_43_103,0.98,3,106,103,96
48,r_135_80_31,r_95_92_138,r_55_31_159,r_135_80_31,1.0,0,31,31,96
14,r_108_88_76,seq0,r_3_50_113,r_108_88_76,0.98,0,76,76,96
87,seq82,r_26_85_28,r_117_12_7,r_26_85_28,1.0,0,28,28,96
54,seq4,seq77,r_106_132_64,r_106_132_64,1.0,12,76,64,96
3,r_11_5_146,r_120_79_27,r_37_102_131,r_11_5_146,0.89,0,146,146,96
37,r_26_85_28,seq82,seq28,r_26_85_28,1.0,0,28,28,96
39,r_57_74_74,r_38_78_187,seq7,r_57_74_74,0.98,0,74,74,96
97,seq116,r_62_54_79,seq139,r_62_54_79,0.95,1,80,79,96
5,r_95_92_138,r_18_13_198,seq129,r_95_92_138,0.97,0,138,138,96
46,r_49_100_89,seq91,r_62_54_79,r_49_100_89,1.0,0,89,89,96
35,r_120_79_27,r_52_39_61,r_11_5_146,r_120_79_27,0.94,0,27,27,96
45,r_126_89_83,seq6,r_117_12_7,r_126_89_83,1.0,0,83,83,96
21,r_99_141_96,seq17,r_53_97_41,r_53_97_41,1.0,4,45,41,96
19,r_40_48_97,r_18_13_198,seq91,r_40_48_97,0.99,0,97,97,96
47,r_67_41_132,r_65_69_20,r_3_50_113,r_67_41_132,0.67,-21,111,132,96
27,r_36_64_21,r_117_12_7,r_20_122_139,r_20_122_139,1.0,7,146,139,96
40,r_23_94_105,r_133_84_39,seq128,r_133_84_39,0.6,94,133,39,96
18,r_115_125_85,r_70_93_17,seq9,r_70_93_17,0.65,-5,12,17,96
3,r_11_5_146,seq131,r_120_79_27,r_120_79_27,1.0,16,43,27,96
38,r_104_47_33,r_56_105_134,seq25,r_104_47_33,0.5,101,134,33,96
31,r_81_22_115,r_37_102_131,r_99_141_96,r_81_22_115,0.99,0,115,115,96
41,r_10_134_154,seq91,seq28,r_10_134_154,0.8,0,154,154,96
10,r_56_105_134,seq77,seq146,r_56_105_134,1.0,0,134,134,96
26,r_51_142_77,seq7,seq42,r_51_142_77,1.0,0,77,77,96
4,r_113_46_108,r_73_58_120,seq7,r_113_46_108,1.0,0,108,108,96
78,seq60,r_37_102_131,seq148,r_37_102_131,1.0,0,131,131,96
0,r_38_78_187,seq15,r_70_93_17,r_38_78_187,0.36,0,187,187,96
73,seq129,r_144_140_179,r_95_92_138,r_95_92_138,1.0,4,142,138,96
13,r_55_31_159,seq19,r_135_80_31,r_135_80_31,0.99,67,98,31,96
15,r_18_13_198,r_95_92_138,seq28,r_95_92_138,0.7,0,138,138,96
13,r_55_31_159,r_135_80_31,r_137_43_103,r_55_31_159,1.0,2,161,159,96
85,seq143,r_23_94_105,seq34,r_23_94_105,1.0,-18,87,105,96
99,seq124,seq86,r_115_125_85,r_115_125_85,1.0,38,123,85,96
7,r_62_54_79,r_133_84_39,r_49_100_89,r_62_54_79,0.72,35,114,79,96
8,r_106_132_64,r_137_43_103,seq66,r_106_132_64,0.6,-39,25,64,96
51,seq1,r_68_118_167,seq98,r_68_118_167,0.89,-58,109,167,96
49,r_65_69_20,r_87_76_80,seq25,r_65_69_20,0.95,5,25,20,96
24,r_52_39_61,seq0,r_137_43_103,r_137_43_103,1.0,7,110,103,96
16,r_70_93_17,r_115_125_85,r_35_114_11,r_70_93_17,0.98,0,17,17,96
2,r_109_121_98,r_61_16_181,seq14,r_61_16_181,0.75,-83,98,181,96
43,r_35_114_11,r_53_97_41,seq149,r_35_114_11,0.87,0,11,11,96
12,r_61_16_181,r_99_141_96,r_68_118_167,r_61_16_181,0.64,0,181,181,96
40,r_23_94_105,seq59,r_133_84_39,r_23_94_105,0.72,1,106,105,96
29,r_144_140_179,r_113_46_108,seq129,r_113_46_108,1.0,0,108,108,96
23,r_73_58_120,r_3_50_113,r_68_118_167,r_68_118_167,0.95,12,179,167,96
61,seq14,r_119_145_182,r_81_22_115,r_81_22_115,0.86,65,180,115,96
24,r_52_39_61,r_20_122_139,seq0,r_52_39_61,1.0,0,61,61,96
6,r_53_97_41,r_81_22_115,r_99_141_96,r_53_97_41,1.0,0,41,41,96
35,r_120_79_27,r_11_5_146,seq131,r_11_5_146,0.99,0,146,146,96
25,r_20_122_139,seq25,r_36_64_21,r_20_122_139,0.83,0,139,139,96
33,r_37_102_131,seq60,seq91,r_37_102_131,0.58,0,131,131,96
48,r_135_80_31,r_55_31_159,seq19,r_55_31_159,0.78,4,163,159,96
70,seq28,r_26_85_28,r_10_134_154,r_10_134_154,1.0,2,156,154,96
64,seq146,seq101,r_56_105_134,r_56_105_134,1.0,4,138,134,96
70,seq28,r_95_92_138,r_26_85_28,r_26_85_28,0.91,10,38,28,96
50,seq0,r_108_88_76,r_35_114_11,r_108_88_76,0.47,0,76,76,96
8,r_106_132_64,seq66,seq4,r_106_132_64,1.0,-1,63,64,96
20,r_21_130_30,seq86,r_67_41_132,r_67_41_132,1.0,0,132,132,96
32,r_33_127_183,seq138,r_68_118_167,r_33_127_183,0.47,0,183,183,96
77,seq59,r_23_94_105,seq34,r_23_94_105,1.0,-18,87,105,96
97,seq116,seq139,r_99_141_96,r_99_141_96,0.82,10,106,96,96
6,r_53_97_41,r_99_141_96,seq17,r_99_141_96,1.0,1,97,96,96
14,r_108_88_76,r_3_50_113,r_90_147_165,r_3_50_113,1.0,-1,112,113,96
28,r_3_50_113,r_67_41_132,r_73_58_120,r_67_41_132,0.73,0,132,132,96
81,seq66,r_24_96_151,seq7,r_24_96_151,0.83,-21,130,151,96
17,r_87_76_80,seq110,seq91,r_87_76_80,0.99,0,80,80,96
43,r_35_114_11,seq149,r_133_84_39,r_133_84_39,1.0,4,43,39,96
9,r_107_30_124,seq86,r_106_132_64,r_107_30_124,0.97,0,124,124,96
42,r_133_84_39,r_10_134_154,r_35_114_11,r_133_84_39,1.0,0,39,39,96
27,r_36_64_21,seq86,r_117_12_7,r_36_64_21,0.98,1,22,21,96
21,r_99_141_96,r_53_97_41,seq116,r_99_141_96,1.0,2,98,96,96
22,r_45_32_109,seq25,seq138,r_45_32_109,0.95,1,110,109,96
28,r_3_50_113,seq8,r_67_41_132,r_3_50_113,0.47,0,113,113,96
56,seq7,r_51_142_77,r_24_96_151,r_51_142_77,0.92,1,78,77,96
7,r_62_54_79,seq116,r_133_84_39,r_62_54_79,0.8,1,80,79,96
18,r_115_125_85,seq9,seq124,r_115_125_85,0.95,0,85,85,96
44,r_119_145_182,seq14,r_18_13_198,r_18_13_198,0.74,-16,182,198,96
23,r_73_58_120,r_144_140_179,r_3_50_113,r_73_58_120,0.98,1,121,120,96
47,r_67_41_132,r_3_50_113,r_21_130_30,r_67_41_132,1.0,0,132,132,96
79,seq138,r_33_127_183,seq111,r_33_127_183,0.96,-32,151,183,96
12,r_61_16_181,r_109_121_98,r_99_141_96,r_99_141_96,0.8,34,130,96,96
44,r_98_13_172,r_80_149_194,r_138_67_164,r_80_149_194,0.53,-22,172,194,97
51,seq1,r_85_121_174,seq73,r_85_121_174,0.39,0,174,174,97
36,r_36_109_105,seq100,r_23_131_179,r_36_109_105,1.0,0,105,105,97
8,r_84_96_103,seq116,r_78_3_95,r_84_96_103,1.0,0,103,103,97
53,seq4,seq100,r_43_83_140,r_43_83_140,0.99,0,140,140,97
30,r_93_127_94,r_98_13_172,seq12,r_93_127_94,0.99,0,94,94,97
33,r_82_54_56,r_146_20_72,seq103,r_82_54_56,0.99,0,56,56,97
39,r_33_41_136,seq35,seq144,r_33_41_136,0.56,0,136,136,97
1,r_113_64_57,r_114_63_188,r_72_105_142,r_72_105_142,0.98,14,156,142,97
97,seq122,r_138_67_164,r_135_101_119,r_135_101_119,0.91,38,157,119,97
5,r_142_50_121,seq44,r_6_29_92,r_142_50_121,0.98,0,121,121,97
42,r_14_123_90,seq106,seq90,r_14_123_90,1.0,0,90,90,97
45,r_72_105_142,r_37_71_189,r_113_64_57,r_72_105_142,0.93,0,142,142,97
29,r_114_63_188,seq104,r_113_64_57,r_113_64_57,0.99,1,58,57,97
19,r_34_21_165,seq108,seq8,r_34_21_165,0.6,0,165,165,97
95,seq115,r_49_26_167,r_95_28_154,r_49_26_167,0.83,-24,143,167,97
0,r_47_79_24,seq106,r_40_92_182,r_47_79_24,1.0,0,24,24,97
21,r_5_7_20,seq4,seq55,r_5_7_20,1.0,-1,19,20,97
35,r_135_101_119,r_138_67_164,r_118_99_29,r_138_67_164,0.99,-8,156,164,97
37,r_118_99_29,r_19_147_34,seq51,r_118_99_29,1.0,0,29,29,97
15,r_81_22_124,r_33_41_136,r_6_29_92,r_33_41_136,0.62,-106,30,136,97
31,r_95_28_154,seq91,seq115,r_95_28_154,0.37,1,155,154,97
41,r_23_131_179,r_65_107_161,r_36_109_105,r_36_109_105,0.95,1,106,105,97
78,seq74,r_65_107_161,r_36_109_105,r_65_107_161,1.0,2,163,161,97
3,r_80_149_194,r_98_13_172,r_32_86_52,r_32_86_52,0.79,122,174,52,97
17,r_65_107_161,seq74,seq17,r_65_107_161,1.0,1,162,161,97
47,r_138_67_164,r_113_64_57,seq122,r_113_64_57,1.0,-10,47,57,97
90,seq106,r_120_45_110,seq73,r_120_45_110,0.94,-37,73,110,97
75,seq61,seq62,r_31_46_32,r_31_46_32,0.63,-6,26,32,97
26,r_6_29_92,seq102,seq42,r_6_29_92,1.0,1,93,92,97
43,r_75_133_36,r_94_18_166,seq87,r_75_133_36,1.0,0,36,36,97
4,r_60_11_84,r_84_96_103,seq57,r_60_11_84,1.0,1,85,84,97
78,seq74,r_112_66_117,r_65_107_161,r_112_66_117,0.95,-11,106,117,97
73,seq57,seq35,r_60_11_84,r_60_11_84,1.0,1,85,84,97
11,r_78_3_95,seq55,seq128,r_78_3_95,1.0,0,95,95,97
46,r_32_86_52,r_93_127_94,seq104,r_93_127_94,0.85,-42,52,94,97
20,r_124_10_130,seq30,seq35,r_124_10_130,0.99,0,130,130,97
13,r_77_9_98,seq42,seq91,r_77_9_98,1.0,1,99,98,97
98,seq125,r_43_83_140,r_119_15_26,r_43_83_140,0.76,0,140,140,97
56,seq139,r_19_147_34,r_148_2_116,r_148_2_116,1.0,10,126,116,97
48,r_59_0_162,seq25,r_60_11_84,r_59_0_162,0.57,0,162,162,97
30,r_93_127_94,r_32_86_52,r_98_13_172,r_32_86_52,0.58,0,52,52,97
57,seq12,seq106,r_93_127_94,r_93_127_94,1.0,9,103,94,97
6,r_120_45_110,seq106,r_77_9_98,r_120_45_110,0.99,0,110,110,97
36,r_36_109_105,r_23_131_179,seq74,r_23_131_179,0.93,0,179,179,97
27,r_37_71_189,r_72_105_142,r_82_54_56,r_82_54_56,0.65,86,142,56,97
15,r_81_22_124,r_5_7_20,seq129,r_81_22_124,0.93,-2,122,124,97
2,r_94_18_166,seq30,r_132_53_1,r_94_18_166,0.61,0,166,166,97
10,r_31_46_32,r_52_27_51,seq61,r_31_46_32,0.84,-3,29,32,97
41,r_23_131_179,r_36_109_105,r_43_83_140,r_23_131_179,0.8,0,179,179,97
18,r_148_2_116,r_59_0_162,seq139,r_148_2_116,0.9,0,116,116,97
24,r_146_20_72,seq76,seq110,r_146_20_72,0.86,0,72,72,97
88,seq103,r_37_71_189,r_82_54_56,r_82_54_56,1.0,0,56,56,97
92,seq110,seq4,r_146_20_72,r_146_20_72,0.99,2,74,72,97
64,seq35,seq57,r_124_10_130,r_124_10_130,1.0,23,153,130,97
50,seq128,r_49_26_167,r_78_3_95,r_78_3_95,1.0,28,123,95,97
32,r_137_68_79,r_39_143_196,r_19_147_34,r_137_68_79,1.0,-2,77,79,97
56,seq139,seq122,r_19_147_34,r_19_147_34,0.6,1,35,34,97
38,r_112_66_117,seq74,seq116,r_112_66_117,1.0,0,117,117,97
34,r_49_26_167,seq128,seq73,r_49_26_167,0.55,0,167,167,97
60,seq17,seq42,r_65_107_161,r_65_107_161,0.79,11,172,161,97
17,r_65_107_161,r_112_66_117,seq74,r_112_66_117,0.96,-11,106,117,97
27,r_37_71_189,r_82_54_56,r_65_107_161,r_37_71_189,0.99,0,189,189,97
9,r_132_53_1,seq57,r_94_18_166,r_94_18_166,0.94,2,168,166,97
96,seq116,r_84_96_103,r_82_54_56,r_82_54_56,0.63,37,93,56,97
28,r_52_27_51,seq140,seq44,r_52_27_51,0.84,-2,49,51,97
29,r_114_63_188,r_113_64_57,r_49_26_167,r_114_63_188,0.56,0,188,188,97
16,r_19_147_34,seq139,r_137_68_79,r_137_68_79,0.99,13,92,79,97
1,r_113_64_57,r_138_67_164,r_114_63_188,r_113_64_57,1.0,0,57,57,97
44,r_98_13_172,r_32_86_52,r_80_149_194,r_32_86_52,0.54,11,63,52,97
23,r_85_121_174,seq1,r_47_79_24,r_47_79_24,0.99,150,174,24,97
71,seq55,r_78_3_95,r_5_7_20,r_5_7_20,0.98,-1,19,20,97
82,seq89,r_39_143_196,seq108,r_39_143_196,0.87,-75,121,196,97
35,r_135_101_119,r_59_0_162,r_138_67_164,r_135_101_119,0.6,0,119,119,97
96,seq116,r_82_54_56,r_112_66_117,r_112_66_117,1.0,0,117,117,97
12,r_43_83_140,seq125,seq4,r_43_83_140,0.97,0,140,140,97
16,r_48_102_67,r_76_37_47,seq100,r_76_37_47,0.75,-20,27,47,98
48,r_129_31_30,seq107,seq42,r_129_31_30,0.93,0,30,30,98
43,r_127_7_3,r_96_25_143,r_135_111_110,r_127_7_3,0.76,128,131,3,98
44,r_19_0_40,r_51_69_63,seq14,r_51_69_63,0.98,-1,62,63,98
54,seq10,seq105,r_83_55_127,r_83_55_127,0.96,22,149,127,98
37,r_43_22_87,r_115_91_16,r_23_77_57,r_43_22_87,0.59,0,87,87,98
59,seq18,r_5_36_174,r_4_75_129,r_4_75_129,0.43,46,175,129,98
3,r_140_116_22,seq40,r_114_26_25,r_140_116_22,0.91,0,22,22,98
27,r_51_69_63,r_19_0_40,seq61,r_51_69_63,0.94,0,63,63,98
86,seq104,r_79_3_91,r_73_113_19,r_79_3_91,0.8,-1,90,91,98
26,r_94_95_54,seq45,r_17_85_116,r_94_95_54,0.98,-2,52,54,98
39,r_4_75_129,seq124,r_140_116_22,r_4_75_129,0.98,0,129,129,98
1,r_64_2_85,r_72_21_17,seq81,r_64_2_85,0.98,0,85,85,98
16,r_48_102_67,seq100,r_115_91_16,r_48_102_67,1.0,1,68,67,98
4,r_86_139_48,r_144_145_81,r_39_34_104,r_86_139_48,1.0,0,48,48,98
46,r_63_62_24,r_15_56_192,seq89,r_15_56_192,0.53,-44,148,192,98
42,r_1_128_135,seq122,r_76_37_47,r_1_128_135,0.83,0,135,135,98
12,r_135_111_110,seq117,r_98_38_71,r_135_111_110,0.56,-80,30,110,98
80,seq87,r_73_113_19,r_12_138_130,r_12_138_130,0.99,-1,129,130,98
33,r_17_85_116,r_149_106_95,r_94_95_54,r_94_95_54,0.96,5,59,54,98
45,r_133_93_100,seq30,seq18,r_133_93_100,0.99,0,100,100,98
30,r_47_101_44,seq28,seq105,r_47_101_44,1.0,0,44,44,98
1,r_64_2_85,r_8_108_21,r_72_21_17,r_64_2_85,0.76,-66,19,85,98
40,r_67_58_29,r_19_0_40,r_15_56_192,r_67_58_29,0.99,0,29,29,98
34,r_71_88_162,r_103_148_49,r_8_108_21,r_71_88_162,0.99,-140,22,162,98
36,r_49_78_53,seq143,r_115_91_16,r_49_78_53,0.85,0,53,53,98
10,r_79_3_91,seq104,r_72_21_17,r_79_3_91,1.0,0,91,91,98
90,seq110,r_60_57_72,seq66,r_60_57_72,0.99,-5,67,72,98
86,seq104,r_50_137_7,r_12_138_130,r_50_137_7,0.51,163,170,7,98
8,r_83_55_127,r_103_148_49,r_39_34_104,r_83_55_127,0.9,1,128,127,98
72,seq61,r_39_34_104,r_51_69_63,r_51_69_63,0.55,1,64,63,98
29,r_115_91_16,r_43_22_87,r_49_78_53,r_115_91_16,0.58,37,53,16,98
78,seq81,seq121,r_64_2_85,r_64_2_85,1.0,7,92,85,98
0,r_12_138_130,seq16,r_73_113_19,r_12_138_130,0.99,0,130,130,98
11,r_149_106_95,r_15_56_192,r_94_95_54,r_149_106_95,0.76,-9,86,95,98
32,r_44_119_39,r_23_77_57,seq32,r_44_119_39,1.0,0,39,39,98
57,seq143,r_76_37_47,r_60_57_72,r_60_57_72,0.95,13,85,72,98
13,r_132_68_73,seq16,r_86_139_48,r_132_68_73,0.99,-1,72,73,98
98,seq124,r_4_75_129,r_35_84_62,r_35_84_62,0.98,67,129,62,98
15,r_60_57_72,seq110,seq143,r_60_57_72,1.0,0,72,72,98
12,r_135_111_110,r_98_38_71,seq32,r_135_111_110,1.0,0,110,110,98
6,r_5_36_174,seq18,seq142,r_5_36_174,0.56,1,175,174,98
21,r_8_108_21,r_71_88_162,seq20,r_71_88_162,0.97,0,162,162,98
33,r_17_85_116,r_94_95_54,r_127_7_3,r_17_85_116,1.0,0,116,116,98
10,r_79_3_91,r_72_21_17,r_71_88_162,r_71_88_162,0.89,5,167,162,98
51,seq6,r_47_101_44,r_50_137_7,r_47_101_44,1.0,-14,30,44,98
30,r_47_101_44,seq105,r_96_25_143,r_96_25_143,1.0,4,147,143,98
8,r_83_55_127,r_29_13_4,r_103_148_49,r_103_148_49,0.98,0,49,49,98
22,r_103_148_49,r_83_55_127,r_29_13_4,r_83_55_127,0.97,-1,126,127,98
47,r_52_11_147,r_63_62_24,seq121,r_63_62_24,0.87,124,148,24,98
23,r_72_21_17,seq141,seq9,r_72_21_17,0.94,0,17,17,98
44,r_19_0_40,seq118,r_51_69_63,r_19_0_40,1.0,0,40,40,98
34,r_71_88_162,r_8_108_21,r_79_3_91,r_8_108_21,0.91,141,162,21,98
25,r_146_147_94,seq53,r_35_84_62,r_146_147_94,1.0,0,94,94,98
28,r_15_56_192,r_149_106_95,r_67_58_29,r_67_58_29,1.0,1,30,29,98
70,seq53,r_146_147_94,r_127_7_3,r_146_147_94,1.0,-1,93,94,98
38,r_96_25_143,r_127_7_3,r_47_101_44,r_96_25_143,0.92,0,143,143,98
4,r_86_139_48,r_39_34_104,r_132_68_73,r_86_139_48,0.82,43,91,48,98
9,r_98_38_71,r_135_111_110,seq27,r_98_38_71,0.72,39,110,71,98
22,r_103_148_49,seq89,r_83_55_127,r_103_148_49,1.0,0,49,49,98
24,r_99_82_184,r_23_77_57,seq122,r_23_77_57,1.0,-13,44,57,98
31,r_76_37_47,r_48_102_67,seq143,r_76_37_47,0.98,0,47,47,98
35,r_114_26_25,seq32,r_140_116_22,r_114_26_25,0.85,1,26,25,98
2,r_33_41_36,seq142,seq141,r_33_41_36,1.0,3,39,36,98
17,r_144_145_81,seq136,seq30,r_144_145_81,0.99,1,82,81,98
9,r_98_38_71,r_133_93_100,r_135_111_110,r_98_38_71,0.96,0,71,71,98
21,r_8_108_21,r_64_2_85,r_71_88_162,r_8_108_21,0.89,0,21,21,98
26,r_94_95_54,r_17_85_116,r_149_106_95,r_17_85_116,1.0,0,116,116,98
96,seq122,r_1_128_135,seq45,r_1_128_135,0.75,-37,98,135,98
31,r_76_37_47,seq143,r_1_128_135,r_1_128_135,1.0,6,141,135,98
91,seq112,r_133_93_100,seq30,r_133_93_100,1.0,0,100,100,98
49,r_126_24_77,seq74,seq105,r_126_24_77,1.0,0,77,77,98
7,r_73_113_19,seq87,r_12_138_130,r_12_138_130,0.97,7,137,130,98
27,r_51_69_63,seq14,r_19_0_40,r_19_0_40,0.99,1,41,40,98
19,r_23_77_57,r_99_82_184,seq105,r_23_77_57,1.0,0,57,57,98
88,seq107,r_129_31_30,seq53,r_129_31_30,1.0,0,30,30,98
58,seq16,r_132_68_73,seq130,r_132_68_73,1.0,-25,48,73,98
84,seq97,seq61,r_86_139_48,r_86_139_48,0.99,68,116,48,98
40,r_27_135_18,r_1_78_150,seq100,r_1_78_150,1.0,0,150,150,99
30,r_6_38_61,seq136,seq84,r_6_38_61,1.0,1,62,61,99
51,seq3,r_71_26_62,seq84,r_71_26_62,1.0,1,63,62,99
36,r_40_104_167,seq87,seq116,r_40_104_167,0.71,0,167,167,99
17,r_131_146_29,r_28_141_100,seq56,r_131_146_29,0.93,0,29,29,99
14,r_96_35_60,seq24,seq4,r_96_35_60,1.0,0,60,60,99
29,r_95_61_46,r_6_38_61,seq109,r_95_61_46,0.99,0,46,46,99
4,r_0_115_53,seq113,r_62_64_124,r_0_115_53,0.97,0,53,53,99
87,seq98,r_126_144_49,r_67_23_20,r_67_23_20,0.98,9,29,20,99
3,r_28_141_100,r_103_93_189,r_63_51_81,r_28_141_100,1.0,0,100,100,99
71,seq54,seq91,r_13_9_79,r_13_9_79,1.0,4,83,79,99
16,r_103_93_189,r_11_39_192,r_0_115_53,r_11_39_192,0.1,-3,189,192,99
21,r_25_90_83,seq73,seq136,r_25_90_83,1.0,0,83,83,99
5,r_29_147_139,seq3,r_6_38_61,r_6_38_61,1.0,5,66,61,99
46,r_13_9_79,r_97_16_160,r_89_10_142,r_13_9_79,0.99,0,79,79,99
42,r_30_59_133,r_97_16_160,seq113,r_30_59_133,0.86,0,133,133,99
7,r_89_10_142,r_36_77_40,r_13_9_79,r_13_9_79,1.0,97,176,79,99
45,r_20_112_153,seq42,seq50,r_20_112_153,1.0,0,153,153,99
15,r_97_16_160,seq74,r_134_44_56,r_97_16_160,0.99,0,160,160,99
2,r_1_78_150,seq100,r_27_135_18,r_27_135_18,0.96,14,32,18,99
67,seq45,seq24,r_85_145_44,r_85_145_44,1.0,52,96,44,99
89,seq102,seq68,r_5_18_109,r_5_18_109,1.0,10,119,109,99
10,r_63_51_81,r_40_104_167,seq21,r_63_51_81,1.0,0,81,81,99
9,r_67_23_20,r_66_55_37,seq98,r_67_23_20,0.9,4,24,20,99
8,r_62_64_124,seq56,r_0_115_53,r_0_115_53,1.0,2,55,53,99
26,r_120_133_180,seq130,r_97_16_160,r_97_16_160,0.38,20,180,160,99
8,r_62_64_124,r_0_115_53,seq73,r_62_64_124,0.92,0,124,124,99
15,r_97_16_160,r_13_9_79,r_30_59_133,r_13_9_79,1.0,1,80,79,99
48,r_88_99_94,r_120_133_180,r_124_46_84,r_88_99_94,0.99,0,94,94,99
49,r_36_77_40,r_89_10_142,r_101_117_125,r_101_117_125,1.0,24,149,125,99
6,r_53_139_88,seq22,seq68,r_53_139_88,0.82,7,95,88,99
62,seq21,seq113,r_63_51_81,r_63_51_81,1.0,36,117,81,99
27,r_71_26_62,seq8,r_28_141_100,r_28_141_100,0.82,2,102,100,99
0,r_132_148_96,r_36_77_40,r_101_117_125,r_36_77_40,1.0,0,40,40,99
85,seq91,seq24,r_85_145_44,r_85_145_44,1.0,52,96,44,99
2,r_1_78_150,r_27_135_18,r_0_115_53,r_1_78_150,1.0,2,152,150,99
7,r_89_10_142,r_121_69_51,r_36_77_40,r_89_10_142,1.0,-98,44,142,99
5,r_29_147_139,r_6_38_61,r_95_61_46,r_29_147_139,0.91,0,139,139,99
32,r_121_69_51,seq91,seq83,r_121_69_51,1.0,0,51,51,99
40,r_27_135_18,seq72,r_1_78_150,r_27_135_18,0.82,1,19,18,99
27,r_71_26_62,seq3,seq8,r_71_26_62,1.0,1,63,62,99
0,r_132_148_96,r_101_117_125,r_57_7_193,r_57_7_193,1.0,-97,96,193,99
41,r_134_44_56,r_40_104_167,r_97_16_160,r_134_44_56,0.99,110,166,56,99
23,r_66_55_37,r_79_142_183,r_131_146_29,r_79_142_183,0.5,-146,37,183,99
25,r_143_108_13,seq14,seq92,r_143_108_13,0.84,0,13,13,99
18,r_5_18_109,seq75,seq102,r_5_18_109,1.0,0,109,109,99
24,r_57_7_193,seq91,r_132_148_96,r_132_148_96,1.0,0,96,96,99
38,r_94_105_36,r_0_115_53,seq68,r_94_105_36,1.0,0,36,36,99
15,r_97_16_160,r_30_59_133,seq74,r_30_59_133,0.95,0,133,133,99
61,seq19,r_107_129_90,seq22,r_107_129_90,1.0,0,90,90,99
12,r_85_145_44,seq56,seq45,r_85_145_44,0.91,0,44,44,99
34,r_47_34_164,seq138,r_53_139_88,r_47_34_164,0.81,0,164,164,99
3,r_28_141_100,r_131_146_29,r_103_93_189,r_131_146_29,1.0,2,31,29,99
33,r_140_82_24,r_66_55_37,r_143_108_13,r_140_82_24,0.6,0,24,24,99
49,r_36_77_40,r_132_148_96,r_89_10_142,r_89_10_142,0.7,-102,40,142,99
4,r_0_115_53,r_62_64_124,r_131_146_29,r_62_64_124,0.91,-40,84,124,99
25,r_143_108_13,seq92,r_140_82_24,r_143_108_13,0.93,14,27,13,99
28,r_114_37_147,seq19,seq100,r_114_37_147,0.83,0,147,147,99
41,r_134_44_56,seq137,r_40_104_167,r_134_44_56,1.0,2,58,56,99
44,r_124_46_84,seq8,seq75,r_124_46_84,1.0,0,84,84,99
13,r_43_111_28,r_124_46_84,seq74,r_43_111_28,1.0,0,28,28,99
84,seq87,r_40_104_167,seq138,r_40_104_167,1.0,0,167,167,99
