30,r_52_67_164,seq77,r_115_135_16,r_52_67_164,0.66,0,164,164,0
46,r_102_39_172,r_87_136_83,seq125,r_87_136_83,0.61,90,173,83,0
36,r_12_90_181,seq34,r_113_49_82,r_113_49_82,0.72,99,181,82,0
14,r_87_136_83,seq117,seq27,r_87_136_83,1,0,83,83,0
83,seq77,r_139_129_68,r_52_67_164,r_139_129_68,0.97,1,69,68,0
37,r_2_23_158,seq18,r_144_0_44,r_144_0_44,0.92,60,104,44,0
3,r_139_129_68,r_16_89_97,r_26_118_163,r_26_118_163,0.99,1,164,163,0
14,r_87_136_83,seq27,seq120,r_87_136_83,0.41,55,138,83,0
19,r_92_91_168,r_101_100_47,r_119_3_61,r_92_91_168,0.72,0,168,168,0
16,r_80_51_118,seq57,seq60,r_80_51_118,0.57,3,121,118,0
21,r_26_118_163,seq83,r_139_129_68,r_26_118_163,0.59,0,163,163,0
39,r_65_68_111,seq147,seq78,r_65_68_111,0.99,0,111,111,0
1,r_79_111_123,r_73_54_129,r_47_84_119,r_79_111_123,0.95,0,123,123,0
5,r_11_110_60,seq33,r_58_124_187,r_11_110_60,1,2,62,60,0
42,r_107_71_22,seq126,seq83,r_107_71_22,0.68,49,71,22,0
46,r_102_39_172,seq17,r_87_136_83,r_102_39_172,0.5,-25,147,172,0
9,r_58_124_187,seq62,r_74_28_133,r_74_28_133,1,0,133,133,0
42,r_107_71_22,r_148_29_197,r_87_136_83,r_107_71_22,0.63,164,186,22,0
45,r_50_134_126,seq63,seq77,r_50_134_126,0.6,0,126,126,0
24,r_149_13_102,r_26_118_163,r_141_88_142,r_149_13_102,1,61,163,102,0
28,r_141_88_142,r_30_128_105,seq57,r_141_88_142,0.96,2,144,142,0
43,r_14_145_20,r_2_23_158,seq78,r_14_145_20,0.91,0,20,20,0
41,r_148_29_197,r_131_142_153,r_107_71_22,r_107_71_22,0.86,128,150,22,0
84,seq78,seq109,r_14_145_20,r_14_145_20,0.88,29,49,20,0
3,r_139_129_68,seq77,r_122_15_64,r_139_129_68,0.53,1,69,68,0
13,r_144_0_44,r_132_86_19,r_2_23_158,r_144_0_44,0.7,19,63,44,0
26,r_9_48_178,seq18,seq130,r_9_48_178,0.46,0,178,178,0
72,seq55,seq103,r_101_100_47,r_101_100_47,1,140,187,47,0
35,r_20_8_17,r_141_88_142,seq116,r_141_88_142,0.59,-125,17,142,0
4,r_121_93_69,seq78,r_75_44_66,r_121_93_69,1,0,69,69,0
0,r_72_5_139,seq125,r_80_51_118,r_72_5_139,0.96,0,139,139,0
8,r_64_105_15,r_2_23_158,seq103,r_64_105_15,0.91,0,15,15,0
73,seq57,r_80_51_118,seq83,r_80_51_118,1,0,118,118,0
11,r_75_44_66,seq83,r_121_93_69,r_75_44_66,0.97,4,70,66,0
20,r_115_135_16,r_6_106_33,seq108,r_115_135_16,0.58,68,84,16,0
91,seq103,r_74_28_133,r_64_105_15,r_64_105_15,1,0,15,15,0
98,seq125,r_114_7_189,r_121_93_69,r_121_93_69,1,119,188,69,0
15,r_131_142_153,r_148_29_197,r_144_0_44,r_144_0_44,0.66,109,153,44,0
18,r_16_89_97,r_139_129_68,r_104_138_121,r_104_138_121,0.54,12,133,121,0
48,r_132_86_19,r_144_0_44,seq94,r_132_86_19,0.7,48,67,19,0
28,r_141_88_142,r_140_10_56,r_30_128_105,r_141_88_142,0.77,-34,108,142,0
62,seq31,seq69,r_36_53_91,r_36_53_91,1,37,128,91,0
33,r_19_127_176,seq70,r_74_28_133,r_19_127_176,0.97,0,176,176,0
5,r_11_110_60,r_58_124_187,r_20_8_17,r_11_110_60,0.32,85,145,60,0
27,r_30_128_105,r_58_124_187,r_141_88_142,r_30_128_105,0.85,1,106,105,0
13,r_144_0_44,r_2_23_158,r_131_142_153,r_144_0_44,0.98,114,158,44,0
13,r_144_0_44,r_131_142_153,r_58_124_187,r_144_0_44,0.81,146,190,44,0
47,r_73_54_129,r_79_111_123,seq146,r_73_54_129,0.74,0,129,129,0
37,r_2_23_158,r_144_0_44,seq81,r_2_23_158,1,0,158,158,0
6,r_101_100_47,r_75_44_66,r_92_91_168,r_92_91_168,1,-121,47,168,0
40,r_35_24_122,r_85_99_110,r_64_105_15,r_35_24_122,0.77,-29,93,122,0
18,r_16_89_97,r_80_51_118,r_139_129_68,r_16_89_97,0.95,4,101,97,0
29,r_119_3_61,seq61,seq96,r_119_3_61,0.92,0,61,61,0
17,r_56_98_43,seq40,seq43,r_56_98_43,0.94,0,43,43,0
27,r_30_128_105,r_141_88_142,r_115_135_16,r_141_88_142,0.7,-1,141,142,0
24,r_149_13_102,r_148_29_197,r_26_118_163,r_26_118_163,0.82,-76,87,163,0
5,r_11_110_60,r_20_8_17,seq43,r_11_110_60,0.6,111,171,60,0
25,r_104_138_121,seq63,r_16_89_97,r_104_138_121,0.84,0,121,121,0
33,r_19_127_176,r_47_84_119,seq70,r_47_84_119,0.98,0,119,119,0
28,r_141_88_142,r_20_8_17,seq22,r_20_8_17,0.81,0,17,17,0
6,r_101_100_47,r_92_91_168,r_6_106_33,r_92_91_168,0.89,0,168,168,0
20,r_115_135_16,seq108,r_52_67_164,r_115_135_16,0.5,148,164,16,0
13,r_144_0_44,seq94,r_132_86_19,r_132_86_19,0.98,1,20,19,0
38,r_113_49_82,seq18,seq146,r_113_49_82,1,2,84,82,0
16,r_80_51_118,seq60,r_72_5_139,r_72_5_139,0.79,8,147,139,0
28,r_141_88_142,seq22,r_140_10_56,r_140_10_56,0.8,15,71,56,0
34,r_36_53_91,seq123,seq31,r_36_53_91,1,0,91,91,0
99,seq126,r_107_71_22,seq120,r_107_71_22,0.56,0,22,22,0
81,seq70,r_19_127_176,r_113_49_82,r_113_49_82,0.99,95,177,82,0
9,r_58_124_187,r_30_128_105,seq62,r_30_128_105,0.56,-1,104,105,0
96,seq120,seq27,r_87_136_83,r_87_136_83,1,55,138,83,0
31,r_6_106_33,r_92_91_168,r_101_100_47,r_6_106_33,0.72,109,142,33,0
3,r_139_129_68,r_122_15_64,r_16_89_97,r_139_129_68,0.65,33,101,68,0
22,r_74_28_133,seq103,r_58_124_187,r_74_28_133,0.86,0,133,133,0
99,seq126,r_102_39_172,r_87_136_83,r_87_136_83,0.49,91,174,83,0
49,r_85_99_110,r_35_24_122,seq62,r_85_99_110,1,-1,109,110,0
56,seq18,r_9_48_178,seq69,r_9_48_178,0.66,0,178,178,0
7,r_122_15_64,seq96,seq133,r_122_15_64,0.97,2,66,64,0
44,r_37_38_128,seq66,seq59,r_37_38_128,0.92,0,128,128,0
23,r_114_7_189,seq125,r_20_8_17,r_20_8_17,0.68,171,188,17,0
31,r_6_106_33,seq41,r_92_91_168,r_6_106_33,1,0,33,33,0
19,r_92_91_168,r_35_24_122,r_101_100_47,r_92_91_168,0.87,-110,58,168,0
12,r_47_84_119,r_19_127_176,seq40,r_47_84_119,1,0,119,119,0
40,r_35_24_122,r_64_105_15,seq59,r_35_24_122,0.98,0,122,122,0
30,r_99_122_177,r_105_100_112,seq11,r_105_100_112,1,1,113,112,1
51,seq2,seq121,r_109_106_114,r_109_106_114,1,5,119,114,1
36,r_96_71_139,r_88_17_187,seq111,r_88_17_187,0.47,-103,84,187,1
38,r_102_31_165,r_115_114_132,r_57_145_116,r_102_31_165,0.97,0,165,165,1
14,r_66_54_68,r_38_62_59,r_88_17_187,r_66_54_68,0.71,-1,67,68,1
43,r_143_136_78,r_119_113_84,seq35,r_143_136_78,1,0,78,78,1
87,seq86,r_93_10_49,seq133,r_93_10_49,0.69,35,84,49,1
54,seq9,r_19_81_82,seq149,r_19_81_82,1,0,82,82,1
37,r_3_70_102,seq103,seq58,r_3_70_102,1,1,103,102,1
2,r_43_116_145,seq15,r_93_10_49,r_93_10_49,1,10,59,49,1
54,seq9,seq149,r_57_145_116,r_57_145_116,0.98,56,172,116,1
55,seq11,r_105_100_112,r_99_122_177,r_105_100_112,0.99,1,113,112,1
71,seq55,r_47_44_173,r_56_107_115,r_56_107_115,0.98,28,143,115,1
86,seq85,r_137_146_142,seq35,r_137_146_142,0.99,-9,133,142,1
16,r_48_7_192,r_109_106_114,r_123_51_104,r_48_7_192,0.84,-79,113,192,1
21,r_108_33_117,seq34,seq58,r_108_33_117,0.91,0,117,117,1
39,r_0_131_79,seq87,seq117,r_0_131_79,1,0,79,79,1
46,r_137_146_142,seq85,seq55,r_137_146_142,0.79,2,144,142,1
42,r_19_81_82,seq9,r_119_113_84,r_19_81_82,1,0,82,82,1
32,r_38_62_59,seq103,r_57_145_116,r_57_145_116,1,4,120,116,1
45,r_105_100_112,r_99_122_177,r_20_97_27,r_105_100_112,0.81,1,113,112,1
73,seq58,r_37_61_18,r_21_14_4,r_37_61_18,0.84,-4,14,18,1
19,r_56_107_115,seq103,seq55,r_56_107_115,0.88,0,115,115,1
22,r_90_144_46,r_105_100_112,seq120,r_90_144_46,1,0,46,46,1
49,r_20_97_27,r_109_106_114,seq77,r_20_97_27,1,0,27,27,1
47,r_65_22_85,r_93_10_49,r_57_145_116,r_93_10_49,0.81,3,52,49,1
31,r_88_17_187,seq4,r_148_75_72,r_148_75_72,0.87,115,187,72,1
41,r_73_130_94,r_108_33_117,seq4,r_73_130_94,0.85,1,95,94,1
3,r_47_44_173,seq55,r_128_95_110,r_128_95_110,0.52,63,173,110,1
20,r_109_106_114,r_20_97_27,r_48_7_192,r_20_97_27,1,1,28,27,1
10,r_128_95_110,r_5_139_124,r_148_75_72,r_128_95_110,0.85,0,110,110,1
26,r_12_8_159,r_125_69_2,r_96_71_139,r_12_8_159,0.38,-17,142,159,1
4,r_134_52_133,seq40,seq34,r_134_52_133,0.95,2,135,133,1
0,r_57_145_116,seq2,r_38_62_59,r_57_145_116,0.99,0,116,116,1
14,r_66_54_68,r_88_17_187,r_73_130_94,r_73_130_94,0.55,7,101,94,1
11,r_68_45_163,seq86,r_37_61_18,r_68_45_163,0.74,0,163,163,1
13,r_123_51_104,seq28,seq92,r_123_51_104,0.97,-1,103,104,1
48,r_112_138_120,seq117,seq92,r_112_138_120,0.98,4,124,120,1
49,r_20_97_27,seq77,r_105_100_112,r_105_100_112,0.87,11,123,112,1
85,seq84,seq111,r_5_139_124,r_5_139_124,1,2,126,124,1
2,r_43_116_145,r_93_10_49,r_48_7_192,r_43_116_145,0.56,0,145,145,1
56,seq15,r_43_116_145,r_93_10_49,r_93_10_49,0.96,1,50,49,1
10,r_128_95_110,r_148_75_72,r_47_44_173,r_47_44_173,0.96,3,176,173,1
27,r_101_46_150,seq92,r_37_61_18,r_101_46_150,0.71,1,151,150,1
9,r_63_98_45,r_32_142_196,seq80,r_63_98_45,0.9,0,45,45,1
30,r_99_122_177,seq11,r_115_114_132,r_99_122_177,0.99,0,177,177,1
2,r_43_116_145,r_48_7_192,r_53_50_152,r_48_7_192,0.73,-2,190,192,1
87,seq86,r_68_45_163,r_93_10_49,r_68_45_163,0.19,0,163,163,1
91,seq103,r_38_62_59,r_57_145_116,r_57_145_116,0.88,52,168,116,1
79,seq77,r_18_30_155,r_20_97_27,r_20_97_27,0.57,14,41,27,1
7,r_37_61_18,seq58,seq104,r_37_61_18,0.98,1,19,18,1
1,r_93_10_49,r_65_22_85,seq15,r_93_10_49,1,0,49,49,1
25,r_27_64_13,r_123_51_104,seq147,r_27_64_13,0.96,0,13,13,1
18,r_5_139_124,r_128_95_110,seq67,r_5_139_124,0.34,-14,110,124,1
24,r_135_13_171,r_148_75_72,r_91_110_40,r_135_13_171,0.73,0,171,171,1
34,r_53_50_152,r_119_113_84,seq11,r_53_50_152,1,1,153,152,1
16,r_48_7_192,r_123_51_104,r_43_116_145,r_43_116_145,0.77,0,145,145,1
33,r_115_114_132,seq147,r_102_31_165,r_115_114_132,0.78,2,134,132,1
50,seq1,r_102_31_165,r_18_30_155,r_102_31_165,0.67,-67,98,165,1
20,r_109_106_114,r_48_7_192,seq2,r_109_106_114,0.99,-1,113,114,1
32,r_38_62_59,r_66_54_68,seq103,r_38_62_59,0.98,1,60,59,1
38,r_102_31_165,seq67,r_115_114_132,r_115_114_132,0.56,3,135,132,1
52,seq4,r_88_17_187,r_73_130_94,r_73_130_94,0.98,93,187,94,1
77,seq72,r_125_69_2,r_65_22_85,r_65_22_85,1,2,87,85,1
34,r_53_50_152,seq87,r_119_113_84,r_119_113_84,1,7,91,84,1
33,r_115_114_132,r_18_30_155,r_99_122_177,r_99_122_177,0.98,0,177,177,1
6,r_91_110_40,seq86,seq104,r_91_110_40,1,0,40,40,1
8,r_18_30_155,seq124,seq67,r_18_30_155,0.96,0,155,155,1
94,seq117,r_112_138_120,r_0_131_79,r_0_131_79,0.5,45,124,79,1
29,r_141_129_42,r_137_146_142,seq59,r_141_129_42,1,0,42,42,1
36,r_96_71_139,seq111,r_65_22_85,r_96_71_139,0.98,0,139,139,1
28,r_148_75_72,r_135_13_171,r_47_44_173,r_47_44_173,0.47,5,178,173,1
83,seq82,r_148_75_72,seq60,r_148_75_72,0.7,-48,24,72,1
28,r_148_75_72,seq82,r_135_13_171,r_148_75_72,0.93,19,91,72,1
73,seq58,r_21_14_4,r_108_33_117,r_108_33_117,0.91,9,126,117,1
26,r_12_8_159,r_96_71_139,r_109_106_114,r_12_8_159,0.73,0,159,159,1
33,r_115_114_132,r_102_31_165,r_18_30_155,r_115_114_132,0.88,28,160,132,1
47,r_65_22_85,r_57_145_116,seq72,r_65_22_85,0.75,0,85,85,1
74,seq59,r_12_8_159,r_141_129_42,r_141_129_42,0.91,1,43,42,1
89,seq89,seq87,r_20_97_27,r_20_97_27,0.45,139,166,27,1
9,r_111_61_84,r_119_35_144,r_79_58_61,r_119_35_144,1,0,144,144,2
61,seq14,r_116_62_120,r_24_39_21,r_24_39_21,0.79,4,25,21,2
66,seq22,r_26_20_181,seq19,r_26_20_181,0.56,-126,55,181,2
39,r_4_86_58,seq144,r_110_53_86,r_110_53_86,1,5,91,86,2
55,seq7,r_56_146_104,r_45_145_3,r_56_146_104,1,0,104,104,2
71,seq42,r_116_62_120,seq14,r_116_62_120,0.96,2,122,120,2
1,r_13_98_147,r_43_107_126,r_130_122_55,r_130_122_55,1,34,89,55,2
5,r_43_107_126,r_13_98_147,r_12_32_79,r_12_32_79,0.52,48,127,79,2
46,r_79_58_61,seq96,seq82,r_79_58_61,0.99,0,61,61,2
42,r_18_59_183,seq34,r_54_88_69,r_18_59_183,0.39,0,183,183,2
6,r_127_2_141,seq9,seq48,r_127_2_141,0.71,0,141,141,2
86,seq82,r_4_86_58,r_119_35_144,r_4_86_58,1,0,58,58,2
74,seq50,r_132_23_163,r_15_33_43,r_15_33_43,1,1,44,43,2
16,r_94_41_46,r_115_74_42,r_26_20_181,r_26_20_181,0.61,-139,42,181,2
36,r_109_75_38,seq117,seq52,r_109_75_38,1,0,38,38,2
24,r_104_147_48,seq11,r_102_47_132,r_102_47_132,1,1,133,132,2
38,r_80_99_139,r_73_44_47,seq149,r_80_99_139,0.99,0,139,139,2
18,r_15_33_43,r_5_100_85,seq50,r_15_33_43,0.63,0,43,43,2
13,r_54_88_69,seq118,r_113_126_123,r_54_88_69,0.56,-15,54,69,2
41,r_37_36_114,r_12_32_79,r_31_129_6,r_12_32_79,0.68,-18,61,79,2
67,seq25,r_130_122_55,seq103,r_130_122_55,0.82,0,55,55,2
96,seq117,r_80_99_139,seq42,r_80_99_139,0.86,-27,112,139,2
24,r_104_147_48,seq68,seq11,r_104_147_48,1,0,48,48,2
11,r_5_100_85,r_15_33_43,seq19,r_15_33_43,0.59,-2,41,43,2
72,seq48,seq131,r_127_2_141,r_127_2_141,0.91,0,141,141,2
4,r_125_21_101,seq83,r_4_86_58,r_125_21_101,0.92,0,101,101,2
78,seq60,r_148_134_156,r_105_40_54,r_105_40_54,0.59,102,156,54,2
0,r_113_126_123,seq106,r_125_21_101,r_113_126_123,0.96,0,123,123,2
73,seq136,r_63_93_87,seq138,r_63_93_87,1,0,87,87,2
17,r_31_129_6,r_37_36_114,seq83,r_37_36_114,0.58,-1,113,114,2
20,r_64_89_140,seq108,seq9,r_64_89_140,0.96,0,140,140,2
15,r_87_28_118,seq66,r_15_33_43,r_87_28_118,0.94,0,118,118,2
48,r_110_53_86,seq38,r_4_86_58,r_110_53_86,1,0,86,86,2
3,r_135_71_59,r_3_27_98,seq7,r_3_27_98,0.96,-11,87,98,2
90,seq96,r_56_146_104,r_37_36_114,r_37_36_114,0.62,55,169,114,2
5,r_43_107_126,r_12_32_79,r_29_85_174,r_29_85_174,0.66,0,174,174,2
6,r_127_2_141,r_49_57_130,seq9,r_49_57_130,0.59,0,130,130,2
62,seq144,r_4_86_58,r_78_16_125,r_78_16_125,0.85,7,132,125,2
41,r_37_36_114,r_31_129_6,r_56_146_104,r_37_36_114,1,0,114,114,2
33,r_55_46_74,r_43_107_126,seq82,r_55_46_74,0.82,0,74,74,2
10,r_56_146_104,seq96,r_116_62_120,r_116_62_120,0.83,1,121,120,2
45,r_26_20_181,seq149,r_94_41_46,r_94_41_46,1,2,48,46,2
21,r_84_92_52,seq68,r_54_88_69,r_54_88_69,1,12,81,69,2
39,r_4_86_58,seq82,seq144,r_4_86_58,1,0,58,58,2
40,r_116_62_120,seq42,r_56_146_104,r_116_62_120,0.98,0,120,120,2
3,r_135_71_59,r_79_58_61,r_3_27_98,r_135_71_59,0.98,0,59,59,2
50,seq0,r_29_85_174,r_12_32_79,r_12_32_79,0.91,13,92,79,2
70,seq38,r_110_53_86,seq34,r_110_53_86,1,0,86,86,2
65,seq149,r_26_20_181,r_63_93_87,r_63_93_87,1,94,181,87,2
17,r_31_129_6,seq83,r_43_107_126,r_43_107_126,0.44,44,170,126,2
32,r_30_143_134,seq10,seq81,r_30_143_134,0.8,12,146,134,2
38,r_80_99_139,seq72,r_73_44_47,r_73_44_47,1,17,64,47,2
52,seq131,seq101,r_67_65_109,r_67_65_109,1,24,133,109,2
34,r_3_27_98,seq11,seq66,r_3_27_98,0.62,0,98,98,2
2,r_119_35_144,r_84_92_52,seq82,r_84_92_52,0.99,0,52,52,2
1,r_13_98_147,r_130_122_55,seq34,r_13_98_147,0.99,0,147,147,2
31,r_73_44_47,r_3_27_98,seq72,r_73_44_47,0.99,0,47,47,2
96,seq117,r_109_75_38,r_80_99_139,r_109_75_38,1,-5,33,38,2
43,r_105_40_54,r_13_98_147,seq60,r_105_40_54,0.83,0,54,54,2
2,r_119_35_144,r_111_61_84,r_73_44_47,r_119_35_144,1,0,144,144,2
86,seq82,r_119_35_144,r_55_46_74,r_55_46_74,0.51,3,77,74,2
2,r_119_35_144,seq82,r_111_61_84,r_111_61_84,0.98,6,90,84,2
45,r_26_20_181,r_94_41_46,seq52,r_94_41_46,0.38,135,181,46,2
41,r_37_36_114,r_56_146_104,seq96,r_37_36_114,0.5,55,169,114,2
81,seq139,r_114_69_179,r_77_142_155,r_77_142_155,0.44,24,179,155,2
94,seq108,r_64_89_140,seq34,r_64_89_140,1,5,145,140,2
21,r_84_92_52,r_119_35_144,seq68,r_84_92_52,0.78,0,52,52,2
9,r_111_61_84,seq112,r_119_35_144,r_111_61_84,0.62,0,84,84,2
66,seq22,seq19,r_94_41_46,r_94_41_46,0.85,51,97,46,2
47,r_24_39_21,r_114_69_179,seq14,r_24_39_21,0.97,0,21,21,2
31,r_73_44_47,seq72,r_119_35_144,r_119_35_144,0.98,4,148,144,2
28,r_130_122_55,r_13_98_147,r_94_41_46,r_13_98_147,0.63,0,147,147,2
29,r_12_32_79,r_31_129_6,seq83,r_12_32_79,0.98,5,84,79,2
64,seq19,seq22,r_115_74_42,r_115_74_42,0.97,3,45,42,2
13,r_54_88_69,r_113_126_123,r_84_92_52,r_54_88_69,0.45,2,71,69,2
49,r_29_85_174,seq83,r_43_107_126,r_43_107_126,0.86,40,166,126,2
33,r_55_46_74,seq22,r_43_107_126,r_43_107_126,0.65,-83,43,126,2
28,r_130_122_55,seq25,r_13_98_147,r_130_122_55,0.99,0,55,55,2
7,r_102_47_132,seq108,r_104_147_48,r_102_47_132,0.76,1,133,132,2
23,r_77_142_155,seq140,seq139,r_77_142_155,0.58,0,155,155,2
17,r_31_129_6,r_12_32_79,r_37_36_114,r_12_32_79,0.82,5,84,79,2
35,r_78_16_125,seq72,seq144,r_78_16_125,0.84,0,125,125,2
12,r_121_97_188,seq112,r_94_41_46,r_94_41_46,0.7,142,188,46,2
93,seq105,r_38_116_166,r_117_137_7,r_117_137_7,0.32,76,83,7,3
30,r_62_113_88,seq39,r_96_134_29,r_62_113_88,0.94,0,88,88,3
36,r_19_73_134,r_122_94_74,seq108,r_122_94_74,0.99,0,74,74,3
9,r_117_137_7,r_38_116_166,seq105,r_38_116_166,0.36,-66,100,166,3
87,seq144,r_135_42_79,r_35_104_28,r_35_104_28,0.82,0,28,28,3
8,r_127_10_135,seq40,r_117_137_7,r_127_10_135,0.59,0,135,135,3
7,r_48_0_31,r_9_93_87,r_139_37_12,r_48_0_31,0.95,0,31,31,3
83,seq88,r_25_44_118,seq129,r_25_44_118,0.92,0,118,118,3
40,r_115_76_38,r_65_7_91,r_20_81_41,r_115_76_38,1,1,39,38,3
86,seq95,r_66_26_150,r_30_33_125,r_30_33_125,0.73,16,141,125,3
16,r_38_116_166,r_72_146_159,r_19_73_134,r_38_116_166,0.81,-7,159,166,3
1,r_120_63_81,seq101,r_38_116_166,r_120_63_81,1,1,82,81,3
97,seq118,seq145,r_46_60_64,r_46_60_64,1,6,70,64,3
5,r_135_42_79,seq144,r_41_149_37,r_41_149_37,0.56,42,79,37,3
46,r_66_26_150,seq95,seq59,r_66_26_150,0.78,0,150,150,3
69,seq49,r_6_2_170,r_46_60_64,r_46_60_64,0.55,111,175,64,3
19,r_122_94_74,r_19_73_134,seq133,r_122_94_74,0.99,1,75,74,3
66,seq39,r_62_113_88,seq57,r_62_113_88,1,0,88,88,3
4,r_139_37_12,r_47_58_127,seq84,r_139_37_12,0.72,0,12,12,3
79,seq84,r_75_22_112,r_139_37_12,r_139_37_12,0.73,4,16,12,3
31,r_46_60_64,seq84,seq118,r_46_60_64,1,0,64,64,3
41,r_27_110_129,seq133,seq98,r_27_110_129,0.98,0,129,129,3
45,r_52_91_21,r_47_58_127,seq138,r_52_91_21,1,0,21,21,3
67,seq40,r_127_10_135,seq17,r_127_10_135,0.92,0,135,135,3
32,r_75_22_112,seq129,r_97_54_131,r_97_54_131,0.99,1,132,131,3
42,r_130_64_67,seq148,r_48_0_31,r_130_64_67,0.92,0,67,67,3
90,seq101,r_120_63_81,r_82_103_152,r_120_63_81,1,-16,65,81,3
34,r_41_149_37,seq100,r_114_21_160,r_41_149_37,0.98,1,38,37,3
26,r_24_99_149,r_69_143_78,r_20_81_41,r_24_99_149,1,-71,78,149,3
4,r_139_37_12,seq84,r_48_0_31,r_48_0_31,0.99,5,36,31,3
37,r_55_107_19,r_68_53_193,seq102,r_55_107_19,1,0,19,19,3
14,r_9_93_87,seq57,seq85,r_9_93_87,1,0,87,87,3
0,r_80_147_158,r_114_21_160,r_135_42_79,r_135_42_79,1,-1,78,79,3
89,seq100,r_41_149_37,seq28,r_41_149_37,0.99,-1,36,37,3
11,r_1_29_100,seq102,r_24_99_149,r_1_29_100,0.86,2,102,100,3
12,r_77_3_98,r_96_134_29,r_78_12_71,r_96_134_29,0.98,0,29,29,3
33,r_20_81_41,seq57,r_115_76_38,r_20_81_41,1,0,41,41,3
15,r_74_79_107,seq148,seq36,r_74_79_107,0.55,0,107,107,3
73,seq57,r_66_26_150,seq95,r_66_26_150,0.76,-34,116,150,3
12,r_77_3_98,r_78_12_71,r_11_125_22,r_77_3_98,0.99,0,98,98,3
44,r_121_126_61,seq40,r_65_7_91,r_65_7_91,0.88,16,107,91,3
76,seq71,r_45_123_1,r_8_67_35,r_8_67_35,0.95,19,54,35,3
0,r_80_147_158,r_135_42_79,seq129,r_80_147_158,0.95,0,158,158,3
36,r_19_73_134,seq108,r_117_137_7,r_19_73_134,0.83,0,134,134,3
42,r_130_64_67,r_45_123_1,seq148,r_45_123_1,0.56,35,36,1,3
10,r_11_125_22,r_131_106_163,r_77_3_98,r_77_3_98,0.99,65,163,98,3
27,r_97_54_131,r_68_53_193,r_75_22_112,r_97_54_131,1,0,131,131,3
22,r_114_21_160,r_41_149_37,r_1_29_100,r_114_21_160,1,0,160,160,3
21,r_96_134_29,r_77_3_98,r_45_123_1,r_96_134_29,1,0,29,29,3
26,r_24_99_149,r_20_81_41,r_1_29_100,r_24_99_149,0.57,-44,105,149,3
14,r_9_93_87,r_48_0_31,seq57,r_48_0_31,0.96,-4,27,31,3
39,r_47_58_127,r_121_126_61,r_139_37_12,r_47_58_127,0.99,0,127,127,3
18,r_68_53_193,r_97_54_131,r_96_134_29,r_68_53_193,0.98,-62,131,193,3
29,r_30_33_125,r_114_21_160,seq95,r_30_33_125,0.7,0,125,125,3
24,r_78_12_71,r_77_3_98,seq36,r_78_12_71,1,2,73,71,3
10,r_11_125_22,r_127_10_135,r_131_106_163,r_11_125_22,0.88,0,22,22,3
34,r_41_149_37,r_114_21_160,r_135_42_79,r_41_149_37,0.91,123,160,37,3
25,r_65_7_91,seq14,r_121_126_61,r_65_7_91,0.98,0,91,91,3
65,seq36,r_32_70_192,r_78_12_71,r_78_12_71,1,47,118,71,3
20,r_131_106_163,r_11_125_22,r_75_22_112,r_131_106_163,0.3,0,163,163,3
39,r_47_58_127,r_139_37_12,r_127_10_135,r_139_37_12,0.77,0,12,12,3
9,r_117_137_7,seq105,r_127_10_135,r_117_137_7,0.7,131,138,7,3
61,seq23,r_127_10_135,r_121_126_61,r_121_126_61,1,16,77,61,3
38,r_132_31_83,r_82_103_152,r_55_107_19,r_132_31_83,0.98,1,84,83,3
52,seq4,seq51,r_6_2_170,r_6_2_170,0.79,8,178,170,3
73,seq57,r_9_93_87,r_66_26_150,r_9_93_87,1,-1,86,87,3
75,seq61,seq13,r_48_0_31,r_48_0_31,0.92,31,62,31,3
11,r_1_29_100,r_24_99_149,r_114_21_160,r_114_21_160,0.93,-1,159,160,3
60,seq148,r_74_79_107,r_24_99_149,r_74_79_107,0.97,4,111,107,3
73,seq57,r_20_81_41,r_9_93_87,r_20_81_41,1,-2,39,41,3
17,r_69_143_78,r_24_99_149,seq133,r_69_143_78,1,0,78,78,3
94,seq108,r_19_73_134,seq14,r_19_73_134,0.71,-18,116,134,3
39,r_47_58_127,r_127_10_135,r_121_126_61,r_121_126_61,1,-1,60,61,3
22,r_114_21_160,r_30_33_125,r_41_149_37,r_114_21_160,0.63,-35,125,160,3
28,r_6_2_170,seq49,seq4,r_6_2_170,0.48,1,171,170,3
91,seq102,r_1_29_100,seq15,r_1_29_100,1,-17,83,100,3
49,r_72_146_159,r_38_116_166,r_65_7_91,r_72_146_159,0.88,0,159,159,3
56,seq14,r_65_7_91,seq138,r_65_7_91,0.91,2,93,91,3
44,r_121_126_61,r_1_29_100,seq40,r_121_126_61,1,1,62,61,3
23,r_89_111_138,seq83,seq101,r_89_111_138,0.98,0,138,138,3
43,r_35_104_28,r_120_63_81,seq144,r_35_104_28,1,0,28,28,3
36,r_19_73_134,r_117_137_7,r_38_116_166,r_19_73_134,0.7,31,165,134,3
24,r_31_112_68,seq64,r_142_1_197,r_142_1_197,0.55,-161,36,197,4
40,r_78_69_142,r_92_115_189,seq67,r_78_69_142,0.59,0,142,142,4
30,r_59_20_75,seq60,r_50_100_24,r_59_20_75,1,0,75,75,4
44,r_121_55_162,r_12_22_47,seq145,r_121_55_162,0.71,0,162,162,4
4,r_90_53_165,seq32,seq10,r_90_53_165,0.9,1,166,165,4
36,r_114_72_81,r_92_115_189,seq10,r_114_72_81,0.69,-15,66,81,4
32,r_45_11_134,seq40,r_17_96_69,r_17_96_69,0.74,22,91,69,4
14,r_36_76_72,seq29,r_106_98_161,r_36_76_72,1,0,72,72,4
8,r_17_96_69,seq10,seq111,r_17_96_69,1,0,69,69,4
4,r_90_53_165,r_105_9_4,seq32,r_90_53_165,0.72,-82,83,165,4
53,seq4,r_56_133_111,seq65,r_56_133_111,0.99,0,111,111,4
24,r_31_112_68,r_142_1_197,seq28,r_31_112_68,0.68,0,68,68,4
49,r_75_128_135,r_42_146_84,seq28,r_75_128_135,0.99,1,136,135,4
54,seq5,r_6_24_108,r_19_27_182,r_6_24_108,1,-5,103,108,4
37,r_3_23_133,seq97,seq60,r_3_23_133,0.5,0,133,133,4
54,seq5,r_19_27_182,seq91,r_19_27_182,0.98,-3,179,182,4
13,r_42_146_84,r_75_128_135,r_148_93_118,r_75_128_135,0.93,1,136,135,4
16,r_147_139_185,seq73,r_19_27_182,r_147_139_185,0.47,0,185,185,4
1,r_92_115_189,seq101,seq44,r_92_115_189,0.44,0,189,189,4
97,seq111,seq104,r_17_96_69,r_17_96_69,1,64,133,69,4
5,r_126_113_110,seq134,seq101,r_126_113_110,0.93,0,110,110,4
42,r_109_58_78,seq141,r_12_22_47,r_109_58_78,0.97,0,78,78,4
80,seq61,r_121_55_162,r_12_22_47,r_12_22_47,0.81,34,81,47,4
45,r_130_123_157,seq29,seq16,r_130_123_157,0.45,-65,92,157,4
76,seq48,r_122_49_124,seq131,r_122_49_124,1,0,124,124,4
26,r_103_39_145,r_89_143_73,seq108,r_103_39_145,0.99,0,145,145,4
41,r_122_49_124,seq48,r_52_87_123,r_122_49_124,0.9,0,124,124,4
3,r_41_30_167,seq57,r_83_8_153,r_41_30_167,0.82,0,167,167,4
47,r_2_63_184,r_14_116_38,r_82_33_119,r_14_116_38,0.8,-20,18,38,4
26,r_103_39_145,r_132_79_98,r_89_143_73,r_132_79_98,0.89,0,98,98,4
40,r_78_69_142,r_110_119_17,r_92_115_189,r_110_119_17,0.85,0,17,17,4
14,r_36_76_72,r_106_98_161,r_148_93_118,r_36_76_72,0.47,89,161,72,4
12,r_50_100_24,r_21_37_103,r_103_39_145,r_50_100_24,0.97,0,24,24,4
0,r_82_33_119,seq26,r_12_22_47,r_82_33_119,0.99,0,119,119,4
13,r_42_146_84,seq0,r_75_128_135,r_42_146_84,0.67,0,84,84,4
48,r_19_27_182,seq5,seq144,r_19_27_182,0.55,0,182,182,4
58,seq10,r_114_72_81,r_90_53_165,r_90_53_165,1,0,165,165,4
49,r_75_128_135,r_106_98_161,r_42_146_84,r_42_146_84,0.99,7,91,84,4
6,r_106_98_161,r_75_128_135,r_36_76_72,r_36_76_72,0.54,1,73,72,4
33,r_94_15_54,seq141,seq108,r_94_15_54,1,0,54,54,4
46,r_125_70_48,r_89_143_73,r_12_22_47,r_125_70_48,1,0,48,48,4
27,r_6_24_108,seq5,r_132_79_98,r_6_24_108,0.99,0,108,108,4
22,r_89_143_73,r_103_39_145,r_59_20_75,r_89_143_73,0.91,71,144,73,4
47,r_2_63_184,seq141,r_50_100_24,r_2_63_184,0.69,0,184,184,4
32,r_45_11_134,r_12_22_47,seq40,r_12_22_47,0.54,-4,43,47,4
47,r_2_63_184,r_82_33_119,seq141,r_82_33_119,1,-36,83,119,4
88,seq91,r_19_27_182,seq5,r_19_27_182,0.74,-2,180,182,4
2,r_14_116_38,r_2_63_184,seq48,r_14_116_38,1,8,46,38,4
58,seq10,r_17_96_69,r_21_37_103,r_17_96_69,1,0,69,69,4
6,r_106_98_161,r_36_76_72,r_54_95_158,r_106_98_161,0.94,0,161,161,4
12,r_50_100_24,r_103_39_145,r_59_20_75,r_59_20_75,1,7,82,75,4
19,r_12_22_47,r_121_55_162,r_109_58_78,r_109_58_78,0.97,2,80,78,4
77,seq138,r_142_1_197,r_118_68_44,r_118_68_44,0.9,11,55,44,4
38,r_56_133_111,seq4,seq134,r_56_133_111,0.96,0,111,111,4
21,r_62_135_192,r_19_27_182,seq104,r_19_27_182,0.65,-125,57,182,4
22,r_89_143_73,r_125_70_48,r_103_39_145,r_125_70_48,1,0,48,48,4
29,r_118_68_44,r_21_37_103,seq138,r_118_68_44,1,0,44,44,4
34,r_83_8_153,seq99,seq107,r_83_8_153,0.88,0,153,153,4
49,r_75_128_135,r_88_74_21,r_106_98_161,r_88_74_21,0.77,0,21,21,4
44,r_121_55_162,seq61,r_12_22_47,r_12_22_47,1,2,49,47,4
60,seq141,r_81_7_137,seq107,r_81_7_137,0.99,-1,136,137,4
45,r_130_123_157,seq16,r_51_13_5,r_51_13_5,0.57,152,157,5,4
81,seq64,seq129,r_85_124_126,r_85_124_126,0.91,1,127,126,4
17,r_81_7_137,seq141,r_126_113_110,r_81_7_137,0.84,0,137,137,4
50,seq0,r_21_37_103,r_42_146_84,r_21_37_103,0.49,-78,25,103,4
18,r_88_74_21,r_75_128_135,seq102,r_88_74_21,1,0,21,21,4
9,r_54_95_158,seq60,r_106_98_161,r_54_95_158,0.62,3,161,158,4
31,r_110_119_17,r_142_1_197,seq84,r_142_1_197,0.44,-9,188,197,4
32,r_45_11_134,r_17_96_69,r_21_37_103,r_45_11_134,0.93,0,134,134,4
28,r_86_127_67,seq60,seq40,r_86_127_67,0.99,0,67,67,4
91,seq101,r_92_115_189,r_126_113_110,r_126_113_110,0.98,1,111,110,4
7,r_132_79_98,r_103_39_145,seq0,r_132_79_98,0.7,0,98,98,4
23,r_52_87_123,seq141,r_122_49_124,r_52_87_123,1,1,124,123,4
19,r_12_22_47,r_45_11_134,r_121_55_162,r_12_22_47,0.74,0,47,47,4
31,r_110_119_17,r_78_69_142,r_142_1_197,r_110_119_17,0.95,0,17,17,4
79,seq60,r_86_127_67,r_54_95_158,r_86_127_67,1,0,67,67,4
35,r_21_37_103,seq10,seq60,r_21_37_103,0.98,2,105,103,4
93,seq107,r_10_101_130,seq27,r_10_101_130,0.98,0,130,130,5
30,r_64_35_133,r_46_42_106,r_81_111_95,r_46_42_106,0.63,0,106,106,5
46,r_127_149_18,seq86,r_108_135_120,r_127_149_18,1,0,18,18,5
4,r_2_38_170,r_33_138_153,seq8,r_2_38_170,0.87,0,170,170,5
36,r_65_121_146,r_115_93_101,r_110_50_69,r_65_121_146,0.51,-67,79,146,5
14,r_21_140_72,seq144,r_39_132_81,r_39_132_81,0.68,8,89,81,5
29,r_79_41_142,r_2_38_170,r_16_54_27,r_2_38_170,0.55,-81,89,170,5
14,r_21_140_72,r_122_133_143,seq144,r_21_140_72,0.77,2,74,72,5
8,r_114_56_112,r_48_4_156,seq24,r_114_56_112,0.98,0,112,112,5
37,r_126_44_171,seq131,r_36_6_195,r_126_44_171,0.46,3,174,171,5
59,seq144,seq113,r_39_132_81,r_39_132_81,1,84,165,81,5
16,r_108_135_120,seq106,seq112,r_108_135_120,0.96,0,120,120,5
21,r_91_96_155,r_10_101_130,r_48_4_156,r_91_96_155,0.68,1,156,155,5
39,r_67_52_184,r_62_28_174,seq92,r_62_28_174,0.34,0,174,174,5
1,r_136_51_107,seq142,r_20_117_169,r_20_117_169,0.94,0,169,169,5
1,r_136_51_107,seq66,seq142,r_136_51_107,0.99,2,109,107,5
42,r_19_137_66,seq23,r_63_139_196,r_19_137_66,1,3,69,66,5
32,r_36_6_195,seq53,r_126_44_171,r_36_6_195,0.54,-25,170,195,5
19,r_48_4_156,seq112,r_91_96_155,r_48_4_156,0.7,0,156,156,5
26,r_33_138_153,r_2_38_170,seq61,r_33_138_153,0.62,18,171,153,5
2,r_16_54_27,r_78_73_84,seq26,r_78_73_84,1,0,84,84,5
67,seq27,r_10_101_130,r_69_124_7,r_69_124_7,0.88,15,22,7,5
38,r_102_59_68,r_33_138_153,r_116_37_48,r_33_138_153,1,1,154,153,5
31,r_110_50_69,r_90_47_77,r_65_121_146,r_110_50_69,1,0,69,69,5
41,r_40_12_159,seq109,seq45,r_40_12_159,0.87,0,159,159,5
80,seq85,r_141_1_115,seq66,r_141_1_115,0.98,-66,49,115,5
67,seq27,r_69_124_7,seq107,r_69_124_7,0.47,114,121,7,5
89,seq98,seq15,r_34_82_85,r_34_82_85,1,22,107,85,5
10,r_7_29_103,seq109,seq94,r_7_29_103,0.96,0,103,103,5
90,seq145,seq123,r_81_111_95,r_81_111_95,1,0,95,95,5
26,r_33_138_153,seq145,r_102_59_68,r_102_59_68,0.77,0,68,68,5
7,r_90_47_77,r_126_44_171,r_43_77_125,r_43_77_125,0.58,1,126,125,5
11,r_81_111_95,seq88,seq145,r_81_111_95,0.99,0,95,95,5
22,r_55_119_51,seq24,seq106,r_55_119_51,1,0,51,51,5
20,r_115_93_101,r_65_121_146,seq45,r_115_93_101,0.99,0,101,101,5
13,r_104_100_141,seq70,r_81_111_95,r_104_100_141,0.96,0,141,141,5
46,r_127_149_18,r_108_135_120,r_55_119_51,r_127_149_18,0.95,90,108,18,5
15,r_63_139_196,r_43_77_125,r_148_60_166,r_43_77_125,1,0,125,125,5
48,r_10_101_130,seq107,r_91_96_155,r_10_101_130,0.88,0,130,130,5
33,r_13_22_54,r_148_60_166,seq5,r_13_22_54,1,0,54,54,5
5,r_147_58_164,seq49,seq53,r_147_58_164,0.58,-4,160,164,5
43,r_30_128_42,r_79_41_142,r_134_125_23,r_30_128_42,1,0,42,42,5
36,r_65_121_146,r_110_50_69,r_21_140_72,r_65_121_146,0.98,1,147,146,5
27,r_18_103_104,seq11,seq86,r_18_103_104,0.97,0,104,104,5
87,seq94,seq130,r_7_29_103,r_7_29_103,1,25,128,103,5
15,r_63_139_196,r_148_60_166,r_19_137_66,r_148_60_166,0.92,0,166,166,5
91,seq105,r_129_68_13,r_13_22_54,r_129_68_13,0.7,4,17,13,5
70,seq49,seq15,r_97_83_26,r_97_83_26,0.71,10,36,26,5
47,r_62_28_174,r_67_52_184,r_79_41_142,r_62_28_174,0.58,1,175,174,5
3,r_97_83_26,r_136_51_107,seq49,r_97_83_26,0.75,1,27,26,5
74,seq66,r_136_51_107,seq85,r_136_51_107,0.99,1,108,107,5
18,r_122_133_143,r_21_140_72,r_99_71_194,r_21_140_72,0.92,2,74,72,5
29,r_79_41_142,r_30_128_42,r_2_38_170,r_79_41_142,0.5,-65,77,142,5
25,r_46_42_106,r_64_35_133,seq95,r_46_42_106,0.82,0,106,106,5
4,r_2_38_170,seq26,seq17,r_2_38_170,0.39,-139,31,170,5
64,seq24,seq53,r_114_56_112,r_114_56_112,0.99,-3,109,112,5
50,seq0,seq75,r_18_103_104,r_18_103_104,0.97,-2,102,104,5
68,seq45,seq70,r_115_93_101,r_115_93_101,1,9,110,101,5
32,r_36_6_195,r_116_37_48,seq53,r_116_37_48,0.82,0,48,48,5
38,r_102_59_68,seq23,r_33_138_153,r_102_59_68,0.98,0,68,68,5
34,r_20_117_169,seq120,r_136_51_107,r_20_117_169,0.76,0,169,169,5
40,r_116_37_48,r_36_6_195,r_33_138_153,r_116_37_48,0.86,0,48,48,5
81,seq86,seq120,r_18_103_104,r_18_103_104,1,10,114,104,5
17,r_141_1_115,seq87,seq112,r_141_1_115,0.99,0,115,115,5
94,seq109,r_7_29_103,seq87,r_7_29_103,1,0,103,103,5
6,r_134_125_23,seq146,r_30_128_42,r_30_128_42,0.91,13,55,42,5
9,r_43_77_125,r_63_139_196,r_90_47_77,r_43_77_125,0.95,0,125,125,5
24,r_78_73_84,r_84_31_179,r_136_51_107,r_78_73_84,0.6,98,182,84,5
26,r_33_138_153,r_102_59_68,r_2_38_170,r_2_38_170,0.54,-16,154,170,5
96,seq113,seq144,r_21_140_72,r_21_140_72,1,19,91,72,5
31,r_110_50_69,r_65_121_146,seq5,r_65_121_146,0.98,1,147,146,5
24,r_78_73_84,r_16_54_27,r_84_31_179,r_78_73_84,1,0,84,84,5
72,seq57,r_64_35_133,r_115_93_101,r_64_35_133,0.86,-18,115,133,5
49,r_148_60_166,r_63_139_196,r_78_73_84,r_148_60_166,0.76,0,166,166,5
56,seq11,r_18_103_104,seq92,r_18_103_104,1,-5,99,104,5
18,r_122_133_143,r_99_71_194,seq9,r_122_133_143,0.6,0,143,143,5
44,r_34_82_85,r_108_135_120,seq98,r_34_82_85,1,0,85,85,5
23,r_84_31_179,seq142,r_78_73_84,r_78_73_84,0.99,3,87,84,5
82,seq87,r_141_1_115,seq14,r_141_1_115,1,0,115,115,5
6,r_134_125_23,seq123,seq146,r_134_125_23,0.99,0,23,23,5
11,r_81_111_95,seq145,r_104_100_141,r_104_100_141,1,2,143,141,5
2,r_16_54_27,r_69_124_7,r_78_73_84,r_16_54_27,0.99,0,27,27,5
24,r_78_73_84,seq26,r_16_54_27,r_16_54_27,0.96,4,31,27,5
12,r_99_71_194,r_122_133_143,r_79_41_142,r_99_71_194,0.69,-56,138,194,5
23,r_84_31_179,r_78_73_84,seq8,r_84_31_179,0.79,0,179,179,5
40,r_116_37_48,r_33_138_153,r_102_59_68,r_116_37_48,0.68,41,89,48,5
40,r_48_149_124,r_38_140_39,seq105,r_48_149_124,1,0,124,124,6
36,r_116_124_140,r_68_85_182,seq0,r_116_124_140,0.68,0,140,140,6
8,r_68_85_182,r_116_124_140,r_91_5_88,r_91_5_88,1,16,104,88,6
43,r_143_49_111,seq52,r_108_17_126,r_143_49_111,0.48,0,111,111,6
40,r_48_149_124,r_45_54_73,r_38_140_39,r_48_149_124,0.94,-85,39,124,6
71,seq51,seq103,r_34_97_110,r_34_97_110,1,3,113,110,6
1,r_18_118_136,seq115,seq41,r_18_118_136,0.95,0,136,136,6
46,r_6_98_185,r_39_138_1,r_90_93_141,r_90_93_141,0.89,44,185,141,6
7,r_28_87_128,seq72,r_109_59_75,r_28_87_128,0.98,-2,126,128,6
69,seq44,r_33_84_190,r_99_102_90,r_99_102_90,1,-3,87,90,6
19,r_95_81_151,seq4,r_20_122_21,r_95_81_151,0.85,2,153,151,6
24,r_90_93_141,r_68_85_182,r_6_98_185,r_90_93_141,0.43,41,182,141,6
27,r_91_5_88,r_68_85_182,r_90_93_141,r_90_93_141,0.7,33,174,141,6
73,seq53,seq19,r_20_122_21,r_20_122_21,1,10,31,21,6
30,r_139_64_64,r_13_86_40,r_110_2_55,r_139_64_64,0.92,0,64,64,6
43,r_143_49_111,r_108_17_126,seq112,r_108_17_126,0.96,0,126,126,6
37,r_14_63_36,r_109_59_75,seq10,r_14_63_36,1,0,36,36,6
38,r_39_138_1,r_60_29_76,r_12_8_53,r_39_138_1,0.39,155,156,1,6
67,seq129,seq103,r_14_63_36,r_14_63_36,0.65,106,142,36,6
30,r_139_64_64,r_126_119_37,r_13_86_40,r_139_64_64,0.93,-28,36,64,6
89,seq92,r_30_31_60,seq16,r_30_31_60,1,0,60,60,6
17,r_13_86_40,seq115,r_139_64_64,r_13_86_40,0.93,0,40,40,6
10,r_137_82_70,seq4,seq11,r_137_82_70,1,0,70,70,6
72,seq52,r_143_49_111,r_30_31_60,r_30_31_60,0.56,13,73,60,6
25,r_125_23_120,r_94_148_2,seq105,r_125_23_120,0.84,0,120,120,6
14,r_38_140_39,r_48_149_124,r_42_134_10,r_48_149_124,0.8,0,124,124,6
78,seq66,r_133_113_66,seq120,r_133_113_66,1,0,66,66,6
0,r_34_97_110,r_96_47_23,seq51,r_34_97_110,0.98,0,110,110,6
20,r_43_104_121,seq61,r_20_122_21,r_43_104_121,0.92,0,121,121,6
31,r_96_47_23,r_137_82_70,seq44,r_96_47_23,0.73,132,155,23,6
15,r_30_31_60,seq92,seq52,r_30_31_60,1,0,60,60,6
4,r_3_62_95,r_33_84_190,r_111_55_52,r_3_62_95,0.97,0,95,95,6
6,r_60_29_76,seq147,r_39_138_1,r_60_29_76,0.97,0,76,76,6
62,seq132,r_74_75_101,r_27_71_193,r_74_75_101,1,-20,81,101,6
42,r_110_2_55,seq106,r_139_64_64,r_139_64_64,0.81,9,73,64,6
85,seq76,r_78_46_167,seq50,r_78_46_167,0.99,-9,158,167,6
68,seq41,r_100_22_78,r_18_118_136,r_18_118_136,1,3,139,136,6
3,r_42_134_10,r_78_46_167,seq141,r_42_134_10,0.96,0,10,10,6
27,r_91_5_88,seq77,r_68_85_182,r_91_5_88,0.97,0,88,88,6
4,r_3_62_95,r_20_122_21,r_33_84_190,r_20_122_21,0.96,-2,19,21,6
31,r_96_47_23,seq51,r_34_97_110,r_96_47_23,0.92,0,23,23,6
9,r_12_8_53,r_28_87_128,seq77,r_12_8_53,0.97,0,53,53,6
24,r_90_93_141,r_20_122_21,r_68_85_182,r_90_93_141,0.78,0,141,141,6
2,r_78_46_167,seq76,seq132,r_78_46_167,0.67,0,167,167,6
93,seq107,r_33_84_190,r_99_102_90,r_99_102_90,1,-3,87,90,6
29,r_99_102_90,seq142,seq44,r_99_102_90,1,0,90,90,6
24,r_90_93_141,r_40_128_130,r_20_122_21,r_20_122_21,0.87,109,130,21,6
47,r_144_25_11,r_68_85_182,seq0,r_144_25_11,0.87,0,11,11,6
25,r_125_23_120,seq112,r_94_148_2,r_94_148_2,0.48,87,89,2,6
88,seq88,seq147,r_145_15_45,r_145_15_45,0.86,38,83,45,6
39,r_79_21_58,seq61,seq112,r_79_21_58,1,1,59,58,6
70,seq50,r_78_46_167,seq72,r_78_46_167,0.88,-52,115,167,6
8,r_68_85_182,r_91_5_88,r_90_93_141,r_90_93_141,0.88,1,142,141,6
31,r_96_47_23,seq26,r_137_82_70,r_96_47_23,0.57,112,135,23,6
32,r_45_54_73,r_48_149_124,r_65_37_42,r_45_54_73,1,0,73,73,6
38,r_39_138_1,seq7,r_60_29_76,r_60_29_76,0.99,6,82,76,6
23,r_126_119_37,r_139_64_64,seq70,r_126_119_37,0.99,-1,36,37,6
52,seq4,r_95_81_151,seq69,r_95_81_151,0.98,-1,150,151,6
77,seq61,r_43_104_121,seq32,r_43_104_121,0.45,2,123,121,6
34,r_74_75_101,seq132,r_14_63_36,r_74_75_101,0.98,0,101,101,6
93,seq107,r_20_122_21,r_33_84_190,r_20_122_21,0.97,-1,20,21,6
75,seq57,seq141,r_42_134_10,r_42_134_10,0.7,130,140,10,6
90,seq103,seq51,r_65_37_42,r_65_37_42,1,1,43,42,6
86,seq77,seq35,r_12_8_53,r_12_8_53,1,0,53,53,6
18,r_20_122_21,seq107,seq53,r_20_122_21,1,0,21,21,6
96,seq115,seq53,r_111_55_52,r_111_55_52,1,30,82,52,6
31,r_96_47_23,r_34_97_110,seq26,r_96_47_23,0.51,87,110,23,6
37,r_14_63_36,seq10,r_74_75_101,r_74_75_101,1,9,110,101,6
7,r_28_87_128,r_12_8_53,seq72,r_28_87_128,0.57,-75,53,128,6
45,r_65_37_42,seq88,seq103,r_65_37_42,1,0,42,42,6
22,r_9_146_71,seq41,seq106,r_9_146_71,1,0,71,71,6
17,r_13_86_40,r_139_64_64,seq106,r_139_64_64,0.94,0,64,64,6
28,r_133_113_66,seq66,seq147,r_133_113_66,1,0,66,66,6
91,seq105,seq26,r_48_149_124,r_48_149_124,0.99,6,130,124,6
26,r_108_17_126,r_143_49_111,r_74_75_101,r_108_17_126,0.91,0,126,126,6
49,r_109_59_75,seq41,seq11,r_109_59_75,1,0,75,75,6
42,r_110_2_55,r_109_59_75,seq106,r_110_2_55,0.39,0,55,55,6
44,r_40_128_130,r_90_93_141,seq88,r_40_128_130,0.92,0,130,130,6
4,r_3_62_95,r_111_55_52,r_20_122_21,r_3_62_95,0.4,56,151,95,6
79,seq67,seq4,r_135_127_158,r_135_127_158,0.8,0,158,158,6
12,r_100_22_78,seq4,seq41,r_100_22_78,1,0,78,78,6
14,r_38_140_39,r_9_146_71,r_48_149_124,r_38_140_39,0.98,0,39,39,6
82,seq70,seq35,r_126_119_37,r_126_119_37,0.93,1,38,37,6
5,r_145_15_45,r_78_46_167,seq88,r_145_15_45,0.95,-6,39,45,6
55,seq10,r_14_63_36,r_74_75_101,r_74_75_101,1,59,160,101,6
30,r_18_54_152,seq42,r_48_16_13,r_48_16_13,0.85,142,155,13,7
47,r_111_123_21,r_107_90_178,r_59_132_143,r_111_123_21,1,1,22,21,7
14,r_6_130_81,seq57,seq93,r_6_130_81,1,1,82,81,7
8,r_13_145_162,r_62_55_147,seq42,r_13_145_162,0.74,-69,93,162,7
89,seq104,r_9_112_46,r_60_92_18,r_60_92_18,1,7,25,18,7
53,seq5,r_26_129_86,r_121_113_34,r_26_129_86,0.95,1,87,86,7
36,r_137_30_10,seq64,r_9_112_46,r_9_112_46,0.83,4,50,46,7
54,seq7,r_53_96_166,r_23_25_44,r_23_25_44,0.91,16,60,44,7
37,r_85_77_177,seq2,seq74,r_85_77_177,0.45,-91,86,177,7
55,seq8,r_44_61_131,seq73,r_44_61_131,0.63,-27,104,131,7
16,r_62_55_147,r_13_145_162,seq78,r_62_55_147,0.92,0,147,147,7
39,r_24_31_119,r_108_46_112,r_65_81_58,r_65_81_58,1,34,92,58,7
1,r_72_32_64,seq119,seq139,r_72_32_64,1,1,65,64,7
97,seq120,r_43_51_195,r_15_35_164,r_15_35_164,0.61,3,167,164,7
42,r_44_61_131,seq8,seq68,r_44_61_131,0.72,1,132,131,7
69,seq45,seq71,r_136_124_33,r_136_124_33,0.98,62,95,33,7
83,seq80,r_127_83_182,r_148_21_125,r_127_83_182,0.61,-55,127,182,7
45,r_118_140_87,seq122,seq73,r_118_140_87,1,0,87,87,7
19,r_127_83_182,seq119,r_148_21_125,r_148_21_125,1,11,136,125,7
94,seq116,r_59_132_143,r_22_20_27,r_22_20_27,0.49,32,59,27,7
66,seq38,r_97_4_126,r_86_103_181,r_97_4_126,0.74,1,127,126,7
13,r_22_20_27,r_146_82_68,seq114,r_22_20_27,1,-1,26,27,7
12,r_95_70_26,r_65_81_58,seq78,r_95_70_26,0.88,5,31,26,7
20,r_65_81_58,r_56_134_199,r_24_31_119,r_65_81_58,0.83,0,58,58,7
20,r_65_81_58,r_107_90_178,r_86_103_181,r_86_103_181,0.94,0,181,181,7
96,seq119,r_127_83_182,r_148_21_125,r_148_21_125,0.99,57,182,125,7
31,r_107_90_178,r_111_123_21,r_108_46_112,r_111_123_21,0.94,0,21,21,7
10,r_100_27_90,r_127_83_182,r_26_129_86,r_100_27_90,0.96,0,90,90,7
90,seq105,seq64,r_125_101_51,r_125_101_51,1,11,62,51,7
28,r_59_132_143,seq93,r_111_123_21,r_111_123_21,0.54,-1,20,21,7
33,r_26_129_86,seq143,r_100_27_90,r_100_27_90,0.49,6,96,90,7
63,seq28,seq71,r_136_124_33,r_136_124_33,1,0,33,33,7
26,r_88_50_191,seq42,r_33_144_169,r_33_144_169,0.64,0,169,169,7
8,r_13_145_162,seq42,r_1_99_132,r_13_145_162,0.74,0,162,162,7
21,r_142_14_141,seq143,seq49,r_142_14_141,0.45,-14,127,141,7
4,r_109_29_106,r_76_37_159,r_6_130_81,r_76_37_159,0.53,-53,106,159,7
78,seq68,seq98,r_44_61_131,r_44_61_131,1,14,145,131,7
73,seq57,r_6_130_81,r_9_112_46,r_6_130_81,0.99,1,82,81,7
11,r_135_89_190,r_85_77_177,r_121_113_34,r_121_113_34,0.87,31,65,34,7
3,r_9_112_46,r_76_37_159,seq64,r_9_112_46,0.78,-10,36,46,7
98,seq122,r_118_140_87,seq126,r_118_140_87,1,0,87,87,7
15,r_108_46_112,r_24_31_119,seq28,r_108_46_112,1,0,112,112,7
57,seq11,r_15_35_164,r_59_132_143,r_59_132_143,0.82,21,164,143,7
12,r_95_70_26,seq78,r_94_10_117,r_95_70_26,0.91,92,118,26,7
6,r_146_82_68,seq67,seq38,r_146_82_68,1,0,68,68,7
23,r_48_16_13,r_127_83_182,r_1_99_132,r_48_16_13,0.78,2,15,13,7
99,seq126,seq122,r_24_31_119,r_24_31_119,1,26,145,119,7
38,r_76_37_159,seq131,seq42,r_76_37_159,1,0,159,159,7
27,r_15_35_164,seq11,seq120,r_15_35_164,0.73,0,164,164,7
27,r_15_35_164,r_148_21_125,seq11,r_148_21_125,0.86,-15,110,125,7
5,r_136_124_33,r_148_21_125,r_19_128_28,r_136_124_33,1,-1,32,33,7
21,r_142_14_141,seq49,seq52,r_142_14_141,0.73,2,143,141,7
69,seq45,r_136_124_33,r_133_69_67,r_136_124_33,0.48,141,174,33,7
2,r_148_21_125,r_15_35_164,r_127_83_182,r_148_21_125,1,0,125,125,7
40,r_133_69_67,seq105,seq71,r_133_69_67,0.95,0,67,67,7
36,r_137_30_10,seq143,seq64,r_137_30_10,0.93,0,10,10,7
74,seq58,r_62_55_147,seq42,r_62_55_147,0.61,-54,93,147,7
18,r_39_79_61,r_1_99_132,seq42,r_39_79_61,0.99,1,62,61,7
29,r_94_10_117,seq73,r_95_70_26,r_94_10_117,1,1,118,117,7
46,r_23_25_44,seq42,seq7,r_23_25_44,1,0,44,44,7
24,r_97_4_126,seq38,seq41,r_97_4_126,0.99,3,129,126,7
9,r_53_96_166,seq7,seq8,r_53_96_166,0.98,0,166,166,7
34,r_1_99_132,r_48_16_13,r_23_25_44,r_1_99_132,0.99,0,132,132,7
25,r_40_75_146,r_12_36_198,seq98,r_40_75_146,0.88,2,148,146,7
33,r_26_129_86,seq5,seq143,r_26_129_86,0.35,0,86,86,7
48,r_87_147_25,r_22_20_27,seq17,r_87_147_25,0.96,0,25,25,7
47,r_111_123_21,r_59_132_143,r_72_32_64,r_111_123_21,0.72,122,143,21,7
21,r_142_14_141,seq117,seq143,r_142_14_141,0.46,-42,99,141,7
88,seq102,r_76_37_159,r_115_66_130,r_115_66_130,0.62,13,143,130,7
19,r_127_83_182,r_148_21_125,seq38,r_127_83_182,0.93,0,182,182,7
65,seq139,seq41,r_72_32_64,r_72_32_64,1,13,77,64,7
21,r_142_14_141,r_23_25_44,r_97_4_126,r_142_14_141,0.49,-117,24,141,7
61,seq131,r_76_37_159,r_115_66_130,r_115_66_130,0.9,13,143,130,7
38,r_76_37_159,r_109_29_106,seq131,r_109_29_106,0.43,0,106,106,7
34,r_1_99_132,r_39_79_61,r_48_16_13,r_48_16_13,0.94,0,13,13,7
77,seq67,r_136_124_33,r_26_129_86,r_26_129_86,0.54,32,118,86,7
20,r_65_81_58,r_24_31_119,r_107_90_178,r_24_31_119,1,0,119,119,7
83,seq80,seq84,r_127_83_182,r_127_83_182,0.5,-112,70,182,7
17,r_33_144_169,seq38,r_88_50_191,r_33_144_169,0.35,0,169,169,7
22,r_125_101_51,seq38,seq105,r_125_101_51,0.75,-23,28,51,7
9,r_53_96_166,r_115_66_130,seq7,r_115_66_130,1,-9,121,130,7
63,seq28,r_136_124_33,r_108_46_112,r_108_46_112,1,3,115,112,7
96,seq119,r_72_32_64,r_127_83_182,r_72_32_64,1,1,65,64,7
31,r_107_90_178,r_108_46_112,r_65_81_58,r_107_90_178,0.86,-66,112,178,7
28,r_59_132_143,r_111_123_21,seq11,r_59_132_143,0.94,0,143,143,7
73,seq57,r_9_112_46,r_107_90_178,r_9_112_46,0.44,134,180,46,7
72,seq52,seq126,r_142_14_141,r_142_14_141,0.98,8,149,141,7
94,seq116,r_127_83_182,seq73,r_127_83_182,0.66,-53,129,182,7
43,r_19_128_28,seq116,r_136_124_33,r_19_128_28,1,5,33,28,7
20,r_65_81_58,r_95_70_26,r_56_134_199,r_95_70_26,0.52,-3,23,26,7
7,r_86_103_181,seq38,r_65_81_58,r_65_81_58,0.7,123,181,58,7
44,r_115_66_130,r_53_96_166,seq131,r_115_66_130,0.9,0,130,130,7
2,r_148_21_125,r_127_83_182,seq119,r_127_83_182,1,0,182,182,7
32,r_121_113_34,seq7,seq5,r_121_113_34,0.98,3,37,34,7
79,seq71,seq28,r_133_69_67,r_133_69_67,1,1,68,67,7
39,r_24_31_119,r_65_81_58,seq126,r_24_31_119,1,1,120,119,7
23,r_48_16_13,r_1_99_132,r_18_54_152,r_48_16_13,0.97,119,132,13,7
55,seq8,seq73,r_53_96_166,r_53_96_166,0.67,0,166,166,7
30,r_26_1_22,r_93_64_79,seq44,r_26_1_22,0.89,2,24,22,8
51,seq130,r_139_61_126,r_109_145_109,r_109_145_109,0.96,0,109,109,8
36,r_39_94_82,seq117,seq85,r_39_94_82,0.94,0,82,82,8
70,seq47,r_60_17_190,seq14,r_60_17_190,0.44,-139,51,190,8
92,seq101,r_22_105_167,r_133_128_187,r_22_105_167,0.94,0,167,167,8
14,r_60_17_190,r_79_74_73,r_132_9_71,r_60_17_190,0.94,-120,70,190,8
23,r_55_10_118,seq32,seq5,r_55_10_118,0.97,0,118,118,8
53,seq5,seq52,r_55_10_118,r_55_10_118,1,0,118,118,8
37,r_86_88_165,r_83_2_61,seq33,r_83_2_61,0.95,19,80,61,8
59,seq14,seq117,r_71_106_129,r_71_106_129,1,2,131,129,8
71,seq49,r_50_115_197,r_134_126_84,r_134_126_84,0.96,15,99,84,8
16,r_139_61_126,seq130,r_127_119_19,r_139_61_126,0.84,2,128,126,8
39,r_11_124_69,seq66,r_83_2_61,r_11_124_69,0.88,2,71,69,8
1,r_20_23_120,r_50_115_197,seq73,r_20_23_120,0.99,0,120,120,8
97,seq117,seq14,r_71_106_129,r_71_106_129,1,0,129,129,8
46,r_71_106_129,r_143_136_111,r_113_108_147,r_143_136_111,0.95,-42,69,111,8
42,r_93_64_79,seq110,seq32,r_93_64_79,1,0,79,79,8
32,r_45_46_108,seq6,seq43,r_45_46_108,1,0,108,108,8
24,r_113_108_147,r_38_118_54,r_127_119_19,r_113_108_147,0.8,0,147,147,8
11,r_132_9_71,r_60_17_190,r_104_82_188,r_104_82_188,0.62,2,190,188,8
39,r_11_124_69,r_83_2_61,r_22_105_167,r_22_105_167,0.77,0,167,167,8
7,r_48_131_83,r_89_41_122,seq73,r_89_41_122,1,1,123,122,8
67,seq43,r_62_27_31,r_45_46_108,r_45_46_108,1,7,115,108,8
3,r_75_112_124,r_109_145_109,seq66,r_75_112_124,0.61,-48,76,124,8
10,r_134_126_84,r_71_106_129,seq49,r_134_126_84,0.6,0,84,84,8
14,r_60_17_190,r_132_9_71,r_109_145_109,r_60_17_190,0.4,0,190,190,8
32,r_45_46_108,r_24_111_29,seq6,r_24_111_29,1,-5,24,29,8
4,r_79_74_73,seq53,r_57_123_18,r_79_74_73,1,0,73,73,8
0,r_90_140_26,r_93_64_79,seq65,r_93_64_79,1,0,79,79,8
43,r_127_119_19,r_149_13_87,r_28_116_43,r_127_119_19,1,25,44,19,8
73,seq52,seq5,r_121_70_162,r_121_70_162,0.47,7,169,162,8
11,r_132_9_71,r_120_92_80,r_60_17_190,r_132_9_71,0.96,0,71,71,8
13,r_121_70_162,seq54,seq52,r_121_70_162,0.56,0,162,162,8
46,r_71_106_129,r_113_108_147,r_134_126_84,r_71_106_129,0.94,0,129,129,8
48,r_38_118_54,seq43,r_113_108_147,r_38_118_54,1,3,57,54,8
79,seq63,r_57_123_18,seq146,r_57_123_18,0.92,0,18,18,8
49,r_67_8_158,r_40_144_28,seq85,r_67_8_158,0.96,0,158,158,8
5,r_57_123_18,r_81_7_168,r_79_74_73,r_79_74_73,1,81,154,73,8
8,r_62_27_31,seq5,seq43,r_62_27_31,0.8,1,32,31,8
27,r_120_92_80,r_132_9_71,seq32,r_132_9_71,0.71,-2,69,71,8
25,r_24_111_29,r_45_46_108,seq68,r_24_111_29,1,0,29,29,8
87,seq85,r_113_108_147,r_143_136_111,r_113_108_147,0.45,-97,50,147,8
31,r_98_21_23,seq32,seq96,r_98_21_23,0.99,0,23,23,8
22,r_81_7_168,r_57_123_18,seq5,r_81_7_168,0.89,0,168,168,8
40,r_104_82_188,r_84_30_195,r_132_9_71,r_84_30_195,0.29,-7,188,195,8
29,r_83_2_61,r_149_13_87,r_78_42_193,r_149_13_87,1,-22,65,87,8
33,r_72_25_94,seq12,seq43,r_72_25_94,0.92,0,94,94,8
48,r_38_118_54,r_113_108_147,r_39_94_82,r_38_118_54,0.78,77,131,54,8
70,seq47,seq14,r_149_13_87,r_149_13_87,0.99,30,117,87,8
64,seq33,seq130,r_22_105_167,r_22_105_167,0.63,22,189,167,8
27,r_120_92_80,seq32,r_138_148_7,r_120_92_80,1,0,80,80,8
22,r_81_7_168,r_29_77_182,r_57_123_18,r_57_123_18,0.87,3,21,18,8
68,seq44,r_86_88_165,r_83_2_61,r_86_88_165,0.79,-37,128,165,8
38,r_89_41_122,r_48_131_83,seq66,r_89_41_122,0.99,0,122,122,8
5,r_57_123_18,seq63,r_81_7_168,r_57_123_18,1,0,18,18,8
75,seq54,r_121_70_162,r_97_15_121,r_121_70_162,0.53,-39,123,162,8
41,r_28_116_43,r_147_91_189,r_127_119_19,r_28_116_43,1,0,43,43,8
81,seq66,r_11_124_69,r_24_111_29,r_11_124_69,0.92,0,69,69,8
87,seq85,r_39_94_82,r_67_8_158,r_67_8_158,0.67,0,158,158,8
9,r_84_30_195,r_104_82_188,r_100_4_91,r_100_4_91,1,80,171,91,8
18,r_40_144_28,r_78_42_193,seq73,r_40_144_28,1,0,28,28,8
17,r_36_16_16,seq142,seq56,r_36_16_16,0.92,0,16,16,8
90,seq96,r_104_82_188,r_98_21_23,r_98_21_23,0.91,17,40,23,8
37,r_86_88_165,seq33,seq37,r_86_88_165,0.8,0,165,165,8
28,r_149_13_87,r_139_61_126,seq37,r_149_13_87,0.92,0,87,87,8
46,r_71_106_129,r_134_126_84,seq117,r_134_126_84,0.67,60,144,84,8
96,seq114,r_29_77_182,r_57_123_18,r_57_123_18,0.79,4,22,18,8
35,r_78_42_193,r_40_144_28,r_83_2_61,r_40_144_28,1,0,28,28,8
49,r_67_8_158,r_48_131_83,r_40_144_28,r_40_144_28,0.67,33,61,28,8
24,r_113_108_147,seq85,r_38_118_54,r_38_118_54,1,4,58,54,8
42,r_93_64_79,seq32,r_97_15_121,r_93_64_79,0.86,37,116,79,8
44,r_100_4_91,r_55_10_118,r_84_30_195,r_100_4_91,1,0,91,91,8
43,r_127_119_19,r_55_10_118,r_149_13_87,r_127_119_19,0.92,3,22,19,8
23,r_55_10_118,r_100_4_91,seq32,r_55_10_118,0.58,-27,91,118,8
28,r_149_13_87,seq37,seq47,r_149_13_87,0.48,30,117,87,8
12,r_109_145_109,seq43,seq130,r_109_145_109,0.79,-19,90,109,8
78,seq59,r_60_17_190,r_107_18_38,r_107_18_38,1,3,41,38,8
84,seq73,r_48_131_83,r_40_144_28,r_40_144_28,0.69,55,83,28,8
28,r_103_131_43,seq4,r_23_77_90,r_103_131_43,1,0,43,43,9
30,r_17_100_75,seq130,seq140,r_17_100_75,1,0,75,75,9
44,r_94_144_179,r_61_42_68,r_98_132_122,r_94_144_179,0.97,0,179,179,9
51,seq3,r_51_7_189,r_127_35_139,r_127_35_139,0.67,28,167,139,9
2,r_108_68_110,r_92_28_123,r_56_60_157,r_108_68_110,0.99,0,110,110,9
13,r_12_113_13,r_148_59_174,r_117_84_58,r_117_84_58,1,6,64,58,9
14,r_15_97_93,seq45,seq5,r_15_97_93,0.93,0,93,93,9
29,r_21_8_150,r_88_147_108,r_33_141_36,r_33_141_36,1,9,45,36,9
8,r_34_0_154,seq18,r_36_111_85,r_34_0_154,0.75,0,154,154,9
53,seq5,seq143,r_15_97_93,r_15_97_93,1,4,97,93,9
43,r_128_31_140,r_118_122_197,r_23_77_90,r_128_31_140,0.69,0,140,140,9
22,r_62_38_185,seq109,seq16,r_62_38_185,0.99,0,185,185,9
3,r_142_133_107,r_95_65_182,seq10,r_95_65_182,0.97,1,183,182,9
59,seq130,r_17_100_75,seq101,r_17_100_75,1,0,75,75,9
31,r_102_58_15,r_61_42_68,seq40,r_102_58_15,0.9,0,15,15,9
21,r_51_7_189,seq3,r_19_43_115,r_51_7_189,0.22,1,190,189,9
39,r_95_65_182,seq137,r_142_133_107,r_142_133_107,0.99,2,109,107,9
1,r_127_35_139,seq85,seq3,r_127_35_139,0.65,0,139,139,9
5,r_61_42_68,seq39,r_80_6_187,r_61_42_68,1,1,69,68,9
46,r_120_74_63,r_72_29_151,r_86_116_30,r_120_74_63,1,1,64,63,9
42,r_47_135_147,r_56_60_157,r_92_28_123,r_56_60_157,0.63,-10,147,157,9
28,r_103_131_43,r_23_77_90,r_20_37_65,r_23_77_90,0.66,2,92,90,9
13,r_12_113_13,r_95_65_182,r_148_59_174,r_12_113_13,0.99,0,13,13,9
45,r_72_29_151,r_92_28_123,r_148_59_174,r_92_28_123,0.95,1,124,123,9
0,r_93_107_138,seq78,seq46,r_93_107_138,0.43,50,188,138,9
2,r_108_68_110,r_56_60_157,seq48,r_56_60_157,1,0,157,157,9
27,r_86_116_30,r_102_58_15,r_20_37_65,r_20_37_65,0.8,3,68,65,9
15,r_106_129_8,r_19_43_115,r_87_24_24,r_19_43_115,0.68,0,115,115,9
49,r_148_59_174,seq146,r_12_113_13,r_12_113_13,0.58,40,53,13,9
39,r_95_65_182,r_142_133_107,r_94_144_179,r_95_65_182,0.98,0,182,182,9
41,r_118_122_197,r_128_31_140,seq109,r_128_31_140,0.98,0,140,140,9
67,seq27,seq134,r_110_123_74,r_110_123_74,1,2,76,74,9
3,r_142_133_107,r_20_37_65,r_87_24_24,r_20_37_65,0.62,-5,60,65,9
27,r_86_116_30,seq137,r_102_58_15,r_86_116_30,0.97,1,31,30,9
10,r_139_67_126,seq3,seq71,r_139_67_126,0.46,-59,67,126,9
38,r_87_24_24,r_96_52_86,r_106_129_8,r_87_24_24,0.97,0,24,24,9
16,r_33_141_36,seq134,r_21_8_150,r_33_141_36,1,0,36,36,9
25,r_23_77_90,seq40,r_103_131_43,r_103_131_43,0.82,0,43,43,9
26,r_80_6_187,r_121_57_95,r_61_42_68,r_80_6_187,0.91,-114,73,187,9
16,r_33_141_36,r_21_8_150,seq2,r_21_8_150,0.99,0,150,150,9
4,r_88_147_108,r_21_8_150,r_61_42_68,r_88_147_108,0.98,0,108,108,9
0,r_93_107_138,seq4,seq78,r_93_107_138,0.59,0,138,138,9
63,seq18,r_34_0_154,seq143,r_34_0_154,0.74,0,154,154,9
11,r_20_37_65,r_142_133_107,r_86_116_30,r_20_37_65,1,-1,64,65,9
20,r_56_60_157,r_36_111_85,r_47_135_147,r_36_111_85,1,1,86,85,9
70,seq40,r_23_77_90,r_102_58_15,r_23_77_90,0.5,-51,39,90,9
49,r_148_59_174,r_12_113_13,seq138,r_148_59_174,0.57,0,174,174,9
4,r_88_147_108,r_61_42_68,r_92_28_123,r_88_147_108,0.34,68,176,108,9
36,r_91_81_16,r_20_37_65,seq126,r_91_81_16,0.67,1,17,16,9
6,r_110_123_74,seq70,seq27,r_110_123_74,1,1,75,74,9
15,r_106_129_8,r_87_24_24,r_72_29_151,r_72_29_151,1,14,165,151,9
5,r_61_42_68,r_80_6_187,seq99,r_80_6_187,0.9,0,187,187,9
25,r_23_77_90,r_103_131_43,r_21_8_150,r_23_77_90,1,0,90,90,9
10,r_139_67_126,seq71,seq82,r_139_67_126,1,1,127,126,9
19,r_22_75_34,r_13_1_79,r_96_52_86,r_22_75_34,1,0,34,34,9
47,r_96_52_86,seq82,r_102_58_15,r_96_52_86,1,0,86,86,9
40,r_30_115_159,seq16,seq69,r_30_115_159,0.57,1,160,159,9
45,r_72_29_151,r_148_59_174,r_106_129_8,r_72_29_151,0.61,0,151,151,9
18,r_98_132_122,r_34_0_154,seq9,r_98_132_122,0.57,0,122,122,9
20,r_56_60_157,r_108_68_110,r_53_11_64,r_56_60_157,0.85,2,159,157,9
24,r_105_44_114,seq2,seq48,r_105_44_114,0.96,0,114,114,9
34,r_117_84_58,r_142_133_107,r_12_113_13,r_117_84_58,1,0,58,58,9
33,r_92_28_123,r_72_29_151,seq85,r_92_28_123,1,1,124,123,9
25,r_23_77_90,r_21_8_150,r_128_31_140,r_23_77_90,0.93,58,148,90,9
58,seq140,seq125,r_17_100_75,r_17_100_75,0.68,8,83,75,9
20,r_56_60_157,r_47_135_147,r_108_68_110,r_47_135_147,0.99,0,147,147,9
3,r_142_133_107,r_87_24_24,r_95_65_182,r_142_133_107,0.92,0,107,107,9
99,seq126,seq46,r_91_81_16,r_91_81_16,1,6,22,16,9
48,r_83_49_54,seq99,seq3,r_83_49_54,1,2,56,54,9
90,seq99,r_121_57_95,r_94_144_179,r_121_57_95,1,-46,49,95,9
17,r_53_11_64,r_14_149_196,seq101,r_53_11_64,1,4,68,64,9
9,r_13_1_79,seq25,r_110_123_74,r_13_1_79,0.99,1,80,79,9
86,seq82,r_22_75_34,r_139_67_126,r_139_67_126,1,8,134,126,9
26,r_80_6_187,r_61_42_68,seq10,r_80_6_187,0.66,1,188,187,9
35,r_36_111_85,r_142_133_107,r_34_0_154,r_34_0_154,0.33,0,154,154,9
56,seq9,r_22_75_34,r_98_132_122,r_98_132_122,0.96,7,129,122,9
31,r_102_58_15,seq40,r_96_52_86,r_96_52_86,0.89,1,87,86,9
37,r_19_43_115,seq70,seq138,r_19_43_115,0.51,40,155,115,9
37,r_19_43_115,r_106_129_8,seq70,r_106_129_8,0.56,108,116,8,9
29,r_21_8_150,r_33_141_36,r_102_58_15,r_21_8_150,0.93,0,150,150,9
22,r_62_38_185,r_128_31_140,seq109,r_128_31_140,0.57,-13,127,140,9
2,r_108_68_110,seq146,r_92_28_123,r_108_68_110,0.42,-55,55,110,9
44,r_94_144_179,seq99,r_61_42_68,r_61_42_68,1,31,99,68,9
23,r_14_149_196,r_53_11_64,seq112,r_53_11_64,0.97,2,66,64,9
17,r_53_11_64,seq101,r_56_60_157,r_56_60_157,0.57,2,159,157,9
32,r_63_54_20,seq10,seq134,r_63_54_20,0.99,1,21,20,9
35,r_36_111_85,r_56_60_157,r_142_133_107,r_142_133_107,0.82,-106,1,107,9
12,r_121_57_95,seq99,seq119,r_121_57_95,1,0,95,95,9
19,r_22_75_34,r_96_52_86,seq82,r_96_52_86,1,0,86,86,9
84,seq76,seq130,r_53_11_64,r_53_11_64,0.97,15,79,64,9
93,seq109,r_28_12_99,seq62,r_28_12_99,0.93,-2,97,99,10
39,r_111_42_59,r_66_49_84,r_45_81_14,r_111_42_59,0.97,0,59,59,10
44,r_97_58_130,r_41_21_190,r_24_53_32,r_41_21_190,0.86,0,190,190,10
25,r_56_83_62,r_67_57_87,r_32_113_86,r_67_57_87,1,1,88,87,10
36,r_19_138_181,seq128,seq90,r_19_138_181,0.82,1,182,181,10
14,r_123_30_1,r_100_136_132,r_145_35_124,r_123_30_1,0.93,131,132,1,10
8,r_88_132_147,r_87_71_146,r_145_35_124,r_88_132_147,0.7,0,147,147,10
53,seq4,r_93_127_94,seq99,r_93_127_94,1,-5,89,94,10
43,r_110_91_127,r_56_83_62,r_97_58_130,r_56_83_62,1,0,62,62,10
17,r_142_75_52,r_68_60_53,r_28_12_99,r_28_12_99,1,3,102,99,10
37,r_34_2_113,seq131,seq99,r_34_2_113,0.99,0,113,113,10
3,r_44_137_12,r_3_141_182,r_67_57_87,r_67_57_87,1,95,182,87,10
19,r_70_36_173,r_135_39_41,seq103,r_70_36_173,0.89,0,173,173,10
86,seq99,seq125,r_34_2_113,r_34_2_113,1,0,113,113,10
1,r_41_21_190,seq43,r_24_53_32,r_24_53_32,1,84,116,32,10
47,r_3_141_182,r_44_137_12,seq72,r_3_141_182,0.97,0,182,182,10
46,r_32_113_86,r_87_71_146,seq105,r_87_71_146,0.79,1,147,146,10
42,r_51_50_128,seq140,seq104,r_51_50_128,0.95,0,128,128,10
80,seq86,seq40,r_38_61_110,r_38_61_110,0.41,68,178,110,10
5,r_1_27_43,r_76_122_46,r_101_33_157,r_1_27_43,0.59,0,43,43,10
77,seq77,r_135_39_41,seq62,r_135_39_41,1,0,41,41,10
45,r_100_136_132,r_123_30_1,seq143,r_100_136_132,0.96,0,132,132,10
16,r_66_49_84,r_111_42_59,seq47,r_111_42_59,0.68,0,59,59,10
19,r_70_36_173,r_48_9_198,r_135_39_41,r_135_39_41,1,27,68,41,10
61,seq146,seq89,r_135_39_41,r_135_39_41,1,7,48,41,10
66,seq43,r_41_21_190,r_24_53_32,r_24_53_32,1,158,190,32,10
11,r_102_148_21,seq47,r_96_26_54,r_96_26_54,1,3,57,54,10
97,seq117,r_144_84_58,seq146,r_144_84_58,0.75,-8,50,58,10
41,r_68_60_53,seq106,r_142_75_52,r_142_75_52,1,55,107,52,10
11,r_102_148_21,r_142_75_52,seq47,r_102_148_21,0.67,2,23,21,10
67,seq46,r_93_127_94,seq99,r_93_127_94,1,-5,89,94,10
23,r_80_11_56,r_45_81_14,seq82,r_80_11_56,1,0,56,56,10
26,r_126_17_104,r_147_7_121,seq139,r_126_17_104,1,0,104,104,10
4,r_78_74_185,r_145_35_124,r_6_63_138,r_78_74_185,0.96,-46,139,185,10
0,r_20_119_89,r_130_23_123,seq40,r_20_119_89,0.98,0,89,89,10
32,r_24_53_32,r_80_11_56,seq143,r_24_53_32,1,0,32,32,10
20,r_29_52_163,r_3_141_182,r_101_33_157,r_29_52_163,0.44,0,163,163,10
98,seq124,r_147_7_121,seq108,r_147_7_121,0.87,-56,65,121,10
15,r_0_18_150,seq37,r_102_148_21,r_0_18_150,0.83,0,150,150,10
48,r_28_12_99,seq109,r_142_75_52,r_28_12_99,0.92,1,100,99,10
95,seq114,seq90,r_135_39_41,r_135_39_41,0.31,45,86,41,10
17,r_142_75_52,seq54,r_68_60_53,r_142_75_52,1,0,52,52,10
6,r_67_57_87,seq103,r_44_137_12,r_67_57_87,0.97,0,87,87,10
23,r_80_11_56,r_24_53_32,r_45_81_14,r_45_81_14,0.43,2,16,14,10
33,r_96_26_54,r_48_9_198,r_102_148_21,r_96_26_54,1,0,54,54,10
21,r_120_118_134,seq116,r_96_26_54,r_120_118_134,0.92,0,134,134,10
7,r_45_81_14,r_80_11_56,r_111_42_59,r_45_81_14,1,45,59,14,10
3,r_44_137_12,seq108,r_3_141_182,r_44_137_12,1,0,12,12,10
5,r_1_27_43,r_101_33_157,seq46,r_101_33_157,0.64,0,157,157,10
25,r_56_83_62,r_32_113_86,seq103,r_56_83_62,0.42,96,158,62,10
10,r_31_94_117,r_133_121_103,r_22_14_129,r_133_121_103,0.8,-3,100,103,10
30,r_10_115_23,r_66_49_84,seq54,r_10_115_23,1,6,29,23,10
16,r_66_49_84,seq47,r_93_127_94,r_66_49_84,0.41,12,96,84,10
39,r_111_42_59,r_10_115_23,r_142_75_52,r_142_75_52,0.63,-36,16,52,10
83,seq143,seq43,r_24_53_32,r_24_53_32,1,0,32,32,10
2,r_130_23_123,r_3_141_182,seq46,r_130_23_123,0.9,1,124,123,10
1,r_41_21_190,r_24_53_32,r_97_58_130,r_41_21_190,0.65,-60,130,190,10
47,r_3_141_182,r_130_23_123,r_44_137_12,r_130_23_123,0.68,0,123,123,10
40,r_133_121_103,r_31_94_117,seq16,r_133_121_103,0.89,0,103,103,10
18,r_87_71_146,r_32_113_86,r_22_14_129,r_22_14_129,0.96,19,148,129,10
24,r_147_7_121,r_126_17_104,r_45_81_14,r_147_7_121,0.72,-17,104,121,10
25,r_56_83_62,r_110_91_127,r_67_57_87,r_67_57_87,0.48,-25,62,87,10
43,r_110_91_127,r_97_58_130,r_145_35_124,r_110_91_127,1,0,127,127,10
74,seq65,seq89,r_135_39_41,r_135_39_41,1,7,48,41,10
64,seq37,r_0_18_150,seq134,r_0_18_150,1,0,150,150,10
88,seq104,r_22_14_129,r_51_50_128,r_51_50_128,0.7,1,129,128,10
50,seq128,r_19_138_181,seq134,r_19_138_181,0.95,1,182,181,10
70,seq55,seq140,r_133_121_103,r_133_121_103,1,23,126,103,10
65,seq40,r_85_73_160,r_20_119_89,r_20_119_89,1,49,138,89,10
16,r_66_49_84,r_93_127_94,r_101_33_157,r_101_33_157,1,7,164,157,10
22,r_22_14_129,seq149,r_87_71_146,r_87_71_146,0.76,7,153,146,10
38,r_144_84_58,r_70_36_173,r_38_61_110,r_144_84_58,0.84,2,60,58,10
7,r_45_81_14,r_22_14_129,r_80_11_56,r_45_81_14,1,0,14,14,10
34,r_93_127_94,seq46,r_66_49_84,r_93_127_94,0.86,5,99,94,10
10,r_31_94_117,r_22_14_129,r_111_42_59,r_31_94_117,0.9,0,117,117,10
4,r_78_74_185,r_6_63_138,r_10_115_23,r_78_74_185,0.48,1,186,185,10
60,seq16,seq140,r_133_121_103,r_133_121_103,1,23,126,103,10
10,r_31_94_117,r_22_14_129,r_133_121_103,r_133_121_103,0.53,-68,35,103,10
39,r_111_42_59,r_142_75_52,r_66_49_84,r_111_42_59,0.57,-24,35,59,10
39,r_111_42_59,r_45_81_14,r_31_94_117,r_31_94_117,1,9,126,117,10
16,r_66_49_84,r_10_115_23,r_111_42_59,r_66_49_84,0.76,-49,35,84,10
92,seq108,r_45_81_14,r_111_42_59,r_111_42_59,1,-2,57,59,10
28,r_85_73_160,seq40,r_101_33_157,r_85_73_160,0.74,1,161,160,10
13,r_101_33_157,seq46,r_1_27_43,r_1_27_43,0.78,3,46,43,10
49,r_95_13_148,r_38_61_110,r_67_57_87,r_38_61_110,0.93,38,148,110,10
44,r_97_58_130,r_110_91_127,r_41_21_190,r_97_58_130,0.65,-2,128,130,10
27,r_135_39_41,seq77,seq65,r_135_39_41,1,0,41,41,10
35,r_6_63_138,seq69,r_78_74_185,r_6_63_138,0.65,0,138,138,10
12,r_145_35_124,r_78_74_185,r_123_30_1,r_145_35_124,0.97,0,124,124,10
24,r_147_7_121,r_45_81_14,seq69,r_147_7_121,0.94,0,121,121,10
51,seq128,r_49_58_177,r_7_126_109,r_7_126_109,1,0,109,109,11
36,r_66_81_71,r_120_5_194,seq17,r_66_81_71,0.99,0,71,71,11
19,r_130_119_15,r_99_94_168,seq42,r_130_119_15,0.96,0,15,15,11
8,r_50_78_61,r_131_38_182,seq141,r_50_78_61,1,0,61,61,11
7,r_36_27_172,r_132_28_125,r_133_12_167,r_36_27_172,0.9,0,172,172,11
54,seq140,r_132_28_125,seq125,r_132_28_125,0.58,0,125,125,11
3,r_64_31_134,r_148_113_40,seq141,r_64_31_134,0.78,1,135,134,11
53,seq9,r_132_28_125,r_138_54_183,r_132_28_125,0.4,-101,24,125,11
16,r_108_52_110,r_85_123_184,r_127_4_6,r_108_52_110,0.85,0,110,110,11
21,r_135_97_81,seq141,seq73,r_135_97_81,1,0,81,81,11
39,r_87_102_89,r_65_107_193,seq51,r_87_102_89,0.99,0,89,89,11
5,r_86_103_153,r_85_123_184,seq117,r_85_123_184,0.56,-31,153,184,11
46,r_145_122_103,r_1_8_189,seq51,r_145_122_103,1,0,103,103,11
42,r_89_3_93,seq29,seq23,r_89_3_93,0.74,0,93,93,11
31,r_39_96_113,r_44_48_54,seq51,r_39_96_113,0.97,-57,56,113,11
75,seq69,seq74,r_44_48_54,r_44_48_54,0.61,-4,50,54,11
45,r_61_10_62,seq105,seq144,r_61_10_62,1,0,62,62,11
15,r_37_21_8,r_83_142_85,seq74,r_83_142_85,0.99,1,86,85,11
33,r_1_8_189,seq19,r_132_28_125,r_132_28_125,0.59,64,189,125,11
11,r_83_142_85,r_37_21_8,seq29,r_83_142_85,1,0,85,85,11
65,seq42,seq19,r_130_119_15,r_130_119_15,0.98,25,40,15,11
95,seq114,r_2_60_162,seq63,r_2_60_162,0.96,0,162,162,11
32,r_85_123_184,r_90_98_33,seq125,r_85_123_184,0.8,0,184,184,11
66,seq43,r_86_103_153,r_7_126_109,r_7_126_109,0.6,-23,86,109,11
41,r_99_94_168,seq82,seq51,r_99_94_168,0.75,0,168,168,11
14,r_40_75_24,seq101,seq71,r_40_75_24,0.98,2,26,24,11
89,seq144,seq23,r_61_10_62,r_61_10_62,1,5,67,62,11
1,r_90_98_33,seq77,seq95,r_90_98_33,1,0,33,33,11
8,r_50_78_61,seq141,r_57_46_160,r_57_46_160,0.95,3,163,160,11
48,r_67_84_51,r_112_6_148,seq19,r_67_84_51,1,1,52,51,11
78,seq73,r_133_12_167,r_135_97_81,r_135_97_81,0.96,9,90,81,11
0,r_20_149_154,seq77,seq118,r_20_149_154,0.48,0,154,154,11
47,r_44_48_54,r_39_96_113,seq71,r_44_48_54,0.93,0,54,54,11
17,r_148_113_40,seq23,r_64_31_134,r_148_113_40,1,1,41,40,11
47,r_44_48_54,seq69,r_40_75_24,r_44_48_54,0.41,132,186,54,11
57,seq17,seq70,r_66_81_71,r_66_81_71,1,14,85,71,11
13,r_127_4_6,r_49_58_177,r_108_52_110,r_108_52_110,1,47,157,110,11
6,r_22_35_151,seq91,seq105,r_22_35_151,0.77,0,151,151,11
85,seq91,r_22_35_151,seq141,r_22_35_151,0.65,-2,149,151,11
27,r_121_109_47,r_49_58_177,seq51,r_121_109_47,0.86,0,47,47,11
91,seq105,seq76,r_22_35_151,r_22_35_151,0.88,-2,149,151,11
2,r_112_6_148,r_2_60_162,seq136,r_112_6_148,0.51,0,148,148,11
43,r_7_126_109,seq26,seq128,r_7_126_109,1,0,109,109,11
40,r_33_100_118,r_99_94_168,seq16,r_33_100_118,0.99,1,119,118,11
88,seq95,seq147,r_90_98_33,r_90_98_33,1,0,33,33,11
74,seq68,r_131_38_182,r_133_12_167,r_131_38_182,0.46,0,182,182,11
18,r_133_12_167,seq73,seq136,r_133_12_167,0.47,0,167,167,11
24,r_116_104_90,seq29,r_139_79_16,r_116_104_90,0.98,0,90,90,11
25,r_57_46_160,seq63,r_50_78_61,r_57_46_160,0.81,0,160,160,11
33,r_1_8_189,r_145_122_103,seq19,r_145_122_103,0.72,0,103,103,11
66,seq43,r_80_59_43,r_86_103_153,r_80_59_43,0.89,0,43,43,11
20,r_80_59_43,seq43,r_41_143_188,r_80_59_43,1,1,44,43,11
15,r_37_21_8,seq74,r_44_48_54,r_44_48_54,0.48,78,132,54,11
32,r_85_123_184,r_86_103_153,r_90_98_33,r_90_98_33,0.96,111,144,33,11
77,seq71,seq34,r_129_32_137,r_129_32_137,1,3,140,137,11
66,seq43,r_7_126_109,seq136,r_7_126_109,0.98,0,109,109,11
59,seq19,seq42,r_67_84_51,r_67_84_51,1,6,57,51,11
60,seq23,seq144,r_89_3_93,r_89_3_93,0.95,3,96,93,11
3,r_64_31_134,r_120_5_194,r_148_113_40,r_148_113_40,1,1,41,40,11
22,r_129_32_137,seq51,seq71,r_129_32_137,0.98,1,138,137,11
28,r_2_60_162,seq114,r_112_6_148,r_112_6_148,0.81,14,162,148,11
91,seq105,r_61_10_62,seq76,r_61_10_62,1,0,62,62,11
12,r_124_14_12,r_83_142_85,seq53,r_124_14_12,0.95,0,12,12,11
7,r_36_27_172,r_120_5_194,r_132_28_125,r_132_28_125,0.66,1,126,125,11
44,r_132_28_125,seq140,r_148_113_40,r_132_28_125,0.95,0,125,125,11
23,r_41_143_188,r_80_59_43,r_40_75_24,r_80_59_43,0.47,145,188,43,11
17,r_148_113_40,r_64_31_134,r_132_28_125,r_148_113_40,0.95,94,134,40,11
34,r_18_137_36,seq13,r_11_72_198,r_18_137_36,1,0,36,36,11
79,seq74,r_120_5_194,r_132_28_125,r_132_28_125,0.91,1,126,125,11
84,seq88,seq23,r_30_115_19,r_30_115_19,0.48,61,80,19,11
93,seq107,seq65,r_110_24_130,r_110_24_130,0.77,0,130,130,12
40,r_59_105_44,r_129_19_197,seq15,r_129_19_197,0.38,-60,137,197,12
30,r_13_52_107,seq65,seq71,r_13_52_107,0.99,0,107,107,12
8,r_129_19_197,r_43_62_160,r_48_103_99,r_48_103_99,0.76,20,119,99,12
54,seq135,r_53_120_101,r_102_69_134,r_53_120_101,1,0,101,101,12
83,seq71,seq37,r_13_52_107,r_13_52_107,0.95,0,107,107,12
59,seq15,r_129_19_197,r_59_105_44,r_59_105_44,0.99,138,182,44,12
39,r_93_35_70,r_102_69_134,r_43_62_160,r_93_35_70,1,0,70,70,12
97,seq114,seq4,r_139_7_53,r_139_7_53,1,17,70,53,12
42,r_45_40_176,r_64_146_187,r_47_18_115,r_45_40_176,0.2,1,177,176,12
45,r_126_30_57,r_76_28_138,seq113,r_126_30_57,0.99,1,58,57,12
19,r_89_60_48,r_80_109_120,r_128_115_55,r_128_115_55,0.64,64,119,55,12
11,r_68_122_124,r_50_84_43,seq51,r_68_122_124,1,0,124,124,12
34,r_139_7_53,r_64_146_187,seq114,r_139_7_53,1,1,54,53,12
20,r_106_74_147,seq10,r_143_57_128,r_106_74_147,1,0,147,147,12
38,r_76_28_138,seq29,r_126_30_57,r_76_28_138,0.99,0,138,138,12
39,r_93_35_70,r_43_62_160,r_48_103_99,r_93_35_70,0.92,64,134,70,12
31,r_53_120_101,seq135,seq144,r_53_120_101,0.99,0,101,101,12
18,r_91_136_46,seq82,r_25_90_72,r_25_90_72,1,4,76,72,12
14,r_27_6_169,r_137_131_192,r_95_116_15,r_27_6_169,0.87,-113,56,169,12
7,r_11_12_33,r_142_3_118,r_16_134_92,r_11_12_33,1,1,34,33,12
3,r_75_104_151,seq55,r_21_79_1,r_75_104_151,0.59,1,152,151,12
36,r_33_117_189,seq56,r_72_14_34,r_33_117_189,0.69,-160,29,189,12
26,r_147_85_179,seq83,seq88,r_147_85_179,0.32,-115,64,179,12
4,r_92_108_79,seq58,r_128_115_55,r_92_108_79,1,0,79,79,12
0,r_102_69_134,r_93_35_70,seq135,r_93_35_70,1,0,70,70,12
15,r_87_133_125,seq9,seq10,r_87_133_125,0.91,0,125,125,12
40,r_59_105_44,seq5,r_129_19_197,r_59_105_44,0.97,0,44,44,12
57,seq140,r_64_146_187,r_94_8_191,r_94_8_191,0.99,-1,190,191,12
6,r_1_70_198,r_38_97_104,seq83,r_38_97_104,1,-1,103,104,12
21,r_142_3_118,seq9,seq37,r_142_3_118,1,0,118,118,12
16,r_98_127_49,seq46,seq5,r_98_127_49,0.96,-3,46,49,12
0,r_102_69_134,seq135,seq130,r_102_69_134,0.99,2,136,134,12
36,r_33_117_189,r_72_14_34,r_16_134_92,r_16_134_92,0.8,97,189,92,12
10,r_63_41_136,seq82,r_80_109_120,r_63_41_136,0.9,0,136,136,12
27,r_54_138_86,seq56,r_89_60_48,r_54_138_86,1,0,86,86,12
74,seq46,r_98_127_49,r_137_131_192,r_98_127_49,0.62,7,56,49,12
87,seq82,r_63_41_136,r_91_136_46,r_91_136_46,0.69,23,69,46,12
48,r_72_14_34,r_64_146_187,r_33_117_189,r_72_14_34,1,1,35,34,12
2,r_124_148_141,seq2,seq86,r_124_148_141,0.83,0,141,141,12
25,r_61_96_31,r_68_122_124,r_137_131_192,r_61_96_31,0.95,0,31,31,12
47,r_43_62_160,seq86,r_11_12_33,r_43_62_160,0.69,0,160,160,12
20,r_106_74_147,r_91_136_46,r_68_122_124,r_91_136_46,1,0,46,46,12
24,r_38_97_104,r_1_70_198,seq121,r_1_70_198,0.7,-94,104,198,12
35,r_50_84_43,r_68_122_124,seq10,r_68_122_124,0.96,-18,106,124,12
48,r_72_14_34,r_33_117_189,r_92_108_79,r_92_108_79,0.73,110,189,79,12
70,seq37,seq71,r_142_3_118,r_142_3_118,0.93,1,119,118,12
10,r_63_41_136,r_119_132_28,seq82,r_119_132_28,0.97,4,32,28,12
20,r_106_74_147,r_68_122_124,seq10,r_68_122_124,0.74,-18,106,124,12
29,r_128_115_55,seq34,r_89_60_48,r_128_115_55,1,1,56,55,12
61,seq145,r_98_127_49,seq78,r_98_127_49,0.88,144,193,49,12
38,r_76_28_138,r_126_30_57,seq29,r_126_30_57,0.95,3,60,57,12
5,r_95_116_15,r_94_8_191,r_123_141_19,r_94_8_191,0.59,-165,26,191,12
71,seq39,seq121,r_94_8_191,r_94_8_191,0.57,-42,149,191,12
18,r_91_136_46,r_106_74_147,seq82,r_91_136_46,1,0,46,46,12
1,r_119_132_28,r_63_41_136,seq26,r_119_132_28,1,0,28,28,12
44,r_80_109_120,seq88,r_63_41_136,r_80_109_120,0.72,18,138,120,12
45,r_126_30_57,seq113,r_76_28_138,r_76_28_138,1,2,140,138,12
11,r_68_122_124,r_106_74_147,r_50_84_43,r_50_84_43,0.99,10,53,43,12
46,r_143_57_128,r_91_136_46,r_106_74_147,r_106_74_147,0.83,5,152,147,12
17,r_48_103_99,r_38_97_104,r_129_19_197,r_48_103_99,0.98,0,99,99,12
9,r_137_131_192,seq29,r_61_96_31,r_61_96_31,0.95,69,100,31,12
96,seq113,r_25_90_72,r_20_32_6,r_25_90_72,1,2,74,72,12
21,r_142_3_118,r_11_12_33,seq9,r_11_12_33,1,1,34,33,12
37,r_47_18_115,seq149,r_25_90_72,r_47_18_115,0.55,0,115,115,12
22,r_64_146_187,seq140,r_50_84_43,r_50_84_43,0.63,146,189,43,12
28,r_125_17_161,seq42,seq56,r_125_17_161,0.86,0,161,161,12
49,r_16_134_92,seq22,r_11_12_33,r_11_12_33,0.96,51,84,33,12
56,seq10,seq26,r_87_133_125,r_87_133_125,0.97,9,134,125,12
44,r_80_109_120,r_89_60_48,seq88,r_89_60_48,0.61,74,122,48,12
35,r_50_84_43,r_63_41_136,r_68_122_124,r_50_84_43,1,0,43,43,12
23,r_94_8_191,r_89_60_48,r_92_108_79,r_92_108_79,1,88,167,79,12
33,r_123_141_19,r_25_90_72,r_95_116_15,r_123_141_19,1,0,19,19,12
12,r_25_90_72,seq113,r_91_136_46,r_25_90_72,1,0,72,72,12
5,r_95_116_15,seq114,r_94_8_191,r_94_8_191,0.64,-176,15,191,12
65,seq26,seq10,r_119_132_28,r_119_132_28,1,11,39,28,12
26,r_147_85_179,r_1_70_198,r_11_12_33,r_147_85_179,0.68,0,179,179,12
30,r_99_129_133,seq68,seq80,r_99_129_133,0.71,5,138,133,13
51,seq128,seq126,r_27_44_70,r_27_44_70,0.85,3,73,70,13
36,r_18_140_162,seq78,seq90,r_18_140_162,0.69,0,162,162,13
47,r_96_38_72,r_137_74_168,r_148_112_108,r_96_38_72,0.51,43,115,72,13
14,r_148_112_108,r_9_107_4,r_1_135_51,r_1_135_51,1,19,70,51,13
53,seq131,seq54,r_91_35_90,r_91_35_90,1,2,92,90,13
37,r_113_46_137,r_64_43_8,seq95,r_113_46_137,0.58,0,137,137,13
59,seq16,r_109_3_114,r_127_88_169,r_109_3_114,0.91,0,114,114,13
16,r_137_74_168,r_32_106_96,r_96_38_72,r_96_38_72,0.93,17,89,72,13
21,r_57_42_177,seq14,seq142,r_57_42_177,0.23,0,177,177,13
39,r_39_133_166,seq0,seq115,r_39_133_166,0.37,0,166,166,13
1,r_147_25_161,seq122,r_62_86_43,r_147_25_161,0.68,0,161,161,13
97,seq122,r_147_25_161,seq63,r_147_25_161,0.93,0,161,161,13
80,seq80,r_62_86_43,r_99_129_133,r_99_129_133,1,3,136,133,13
5,r_40_10_124,r_36_11_121,r_148_112_108,r_148_112_108,0.63,13,121,108,13
46,r_71_110_122,seq21,seq145,r_71_110_122,0.97,0,122,122,13
42,r_138_119_97,seq47,r_27_44_70,r_138_119_97,0.84,5,102,97,13
51,seq128,r_27_44_70,r_32_106_96,r_32_106_96,0.99,1,97,96,13
58,seq15,r_69_26_67,r_124_105_7,r_69_26_67,1,-12,55,67,13
80,seq80,seq115,r_62_86_43,r_62_86_43,1,-1,42,43,13
45,r_23_29_62,seq114,r_121_8_69,r_23_29_62,0.96,0,62,62,13
19,r_139_31_152,seq92,r_118_144_120,r_139_31_152,0.94,0,152,152,13
59,seq16,r_127_88_169,r_66_45_26,r_127_88_169,0.88,0,169,169,13
48,r_79_13_151,r_61_146_181,seq14,r_61_146_181,0.88,2,183,181,13
27,r_60_51_6,r_113_46_137,r_124_105_7,r_124_105_7,0.81,179,186,7,13
95,seq115,seq6,r_39_133_166,r_39_133_166,0.69,2,168,166,13
12,r_121_8_69,seq97,r_19_94_29,r_121_8_69,0.46,-38,31,69,13
3,r_93_30_131,seq73,seq131,r_93_30_131,0.9,0,131,131,13
10,r_27_44_70,r_71_110_122,seq128,r_27_44_70,0.92,0,70,70,13
90,seq95,seq145,r_113_46_137,r_113_46_137,1,0,137,137,13
26,r_22_48_175,r_91_35_90,seq4,r_91_35_90,0.67,3,93,90,13
24,r_55_70_123,r_137_74_168,r_148_112_108,r_137_74_168,1,1,169,168,13
4,r_91_35_90,r_22_48_175,seq131,r_91_35_90,0.96,1,91,90,13
0,r_36_11_121,r_96_38_72,r_40_10_124,r_96_38_72,1,0,72,72,13
11,r_127_88_169,seq16,seq52,r_127_88_169,0.5,0,169,169,13
16,r_137_74_168,r_96_38_72,r_55_70_123,r_55_70_123,1,0,123,123,13
20,r_109_3_114,seq16,seq114,r_109_3_114,0.87,0,114,114,13
13,r_116_141_113,seq14,seq130,r_116_141_113,0.53,0,113,113,13
31,r_9_107_4,r_148_112_108,r_1_135_51,r_9_107_4,0.58,48,52,4,13
27,r_60_51_6,r_124_105_7,r_64_43_8,r_60_51_6,0.26,129,135,6,13
15,r_12_123_109,seq84,seq34,r_12_123_109,0.73,0,109,109,13
48,r_79_13_151,seq90,r_61_146_181,r_79_13_151,0.41,0,151,151,13
49,r_62_86_43,seq80,r_147_25_161,r_147_25_161,0.99,5,166,161,13
57,seq14,r_116_141_113,r_57_42_177,r_116_141_113,0.85,0,113,113,13
12,r_121_8_69,r_19_94_29,r_23_29_62,r_23_29_62,0.98,81,143,62,13
33,r_1_135_51,r_148_112_108,r_9_107_4,r_148_112_108,1,-6,102,108,13
33,r_1_135_51,r_61_146_181,r_148_112_108,r_1_135_51,1,3,54,51,13
14,r_148_112_108,r_1_135_51,r_96_38_72,r_148_112_108,0.92,-6,102,108,13
52,seq2,seq73,r_139_31_152,r_139_31_152,0.99,2,154,152,13
87,seq90,r_79_13_151,r_71_110_122,r_71_110_122,0.54,29,151,122,13
38,r_98_111_41,r_18_140_162,seq47,r_98_111_41,1,1,42,41,13
87,seq90,r_58_125_73,r_79_13_151,r_58_125_73,1,0,73,73,13
2,r_32_106_96,r_137_74_168,seq128,r_32_106_96,0.51,2,98,96,13
47,r_96_38_72,r_36_11_121,r_137_74_168,r_96_38_72,0.8,0,72,72,13
40,r_65_103_143,r_5_33_194,seq142,r_65_103_143,0.65,2,145,143,13
10,r_27_44_70,seq128,r_138_119_97,r_138_119_97,0.98,7,104,97,13
74,seq68,r_99_129_133,seq89,r_99_129_133,1,0,133,133,13
18,r_19_94_29,r_62_86_43,r_121_8_69,r_19_94_29,0.51,2,31,29,13
29,r_41_72_68,seq101,seq24,r_41_72_68,1,0,68,68,13
24,r_55_70_123,seq77,r_137_74_168,r_55_70_123,0.92,0,123,123,13
25,r_82_28_192,r_61_146_181,r_79_13_151,r_82_28_192,0.15,-11,181,192,13
65,seq142,seq52,r_65_103_143,r_65_103_143,0.79,8,151,143,13
61,seq21,r_71_110_122,r_132_136_119,r_71_110_122,0.62,0,122,122,13
52,seq2,r_108_50_86,seq73,r_108_50_86,0.96,0,86,86,13
77,seq76,r_69_26_67,r_124_105_7,r_69_26_67,0.99,-4,63,67,13
34,r_108_50_86,seq2,seq134,r_108_50_86,0.72,16,102,86,13
60,seq145,seq95,r_71_110_122,r_71_110_122,1,2,124,122,13
49,r_62_86_43,r_32_106_96,seq80,r_62_86_43,0.99,0,43,43,13
17,r_66_45_26,r_36_11_121,r_109_3_114,r_66_45_26,1,0,26,26,13
22,r_64_43_8,r_113_46_137,r_60_51_6,r_113_46_137,0.62,0,137,137,13
17,r_66_45_26,r_22_48_175,seq4,r_66_45_26,0.55,128,154,26,13
7,r_58_125_73,seq90,seq67,r_58_125_73,1,0,73,73,13
44,r_132_136_119,seq114,seq21,r_132_136_119,0.84,0,119,119,13
23,r_118_144_120,seq76,seq73,r_118_144_120,0.87,0,120,120,13
17,r_66_45_26,r_109_3_114,r_22_48_175,r_109_3_114,0.99,-3,111,114,13
16,r_137_74_168,r_55_70_123,seq63,r_137_74_168,0.98,0,168,168,13
28,r_102_53_78,seq142,seq101,r_102_53_78,0.65,0,78,78,13
36,r_68_37_135,seq88,seq138,r_68_37_135,0.72,2,137,135,14
37,r_25_5_114,seq82,seq40,r_25_5_114,0.96,0,114,114,14
3,r_10_21_31,r_58_69_163,r_140_132_57,r_140_132_57,0.59,67,124,57,14
59,seq142,seq117,r_146_15_131,r_146_15_131,0.58,-17,114,131,14
19,r_129_38_118,r_42_131_21,seq66,r_129_38_118,0.96,1,119,118,14
13,r_127_50_44,r_32_11_32,r_55_4_12,r_127_50_44,0.58,-32,12,44,14
55,seq138,seq48,r_68_37_135,r_68_37_135,0.99,18,153,135,14
16,r_118_24_100,seq119,r_111_67_19,r_118_24_100,0.98,0,100,100,14
39,r_2_72_145,r_100_33_1,r_127_50_44,r_2_72_145,0.66,2,147,145,14
1,r_54_104_18,r_64_148_50,r_130_97_61,r_54_104_18,0.8,0,18,18,14
42,r_107_6_121,seq71,r_140_132_57,r_107_6_121,0.83,0,121,121,14
27,r_130_97_61,seq43,r_54_104_18,r_54_104_18,0.85,5,23,18,14
45,r_105_0_60,seq138,r_81_137_37,r_105_0_60,1,0,60,60,14
1,r_54_104_18,r_130_97_61,seq43,r_130_97_61,1,3,64,61,14
30,r_64_148_50,r_87_103_85,seq65,r_64_148_50,1,0,50,50,14
73,seq53,r_81_137_37,r_8_56_67,r_81_137_37,0.7,0,37,37,14
66,seq35,r_124_106_169,r_62_123_181,r_124_106_169,0.33,14,183,169,14
5,r_115_96_17,r_77_93_38,seq144,r_115_96_17,0.92,20,37,17,14
2,r_32_11_32,seq78,seq9,r_32_11_32,1,0,32,32,14
31,r_146_15_131,seq121,seq142,r_146_15_131,0.69,1,132,131,14
41,r_8_56_67,seq53,r_77_93_38,r_8_56_67,1,0,67,67,14
43,r_55_4_12,seq109,r_127_50_44,r_55_4_12,0.91,0,12,12,14
89,seq90,seq46,r_134_112_148,r_134_112_148,0.96,1,149,148,14
10,r_134_112_148,seq57,seq90,r_134_112_148,0.8,0,148,148,14
58,seq13,r_10_21_31,r_100_33_1,r_10_21_31,0.61,1,32,31,14
22,r_99_26_34,r_32_11_32,r_42_131_21,r_42_131_21,0.9,13,34,21,14
26,r_47_147_117,seq66,seq110,r_47_147_117,0.96,0,117,117,14
4,r_126_102_141,r_27_141_123,r_80_74_42,r_80_74_42,0.49,99,141,42,14
78,seq66,r_47_147_117,seq89,r_47_147_117,0.97,0,117,117,14
63,seq30,r_146_15_131,r_52_18_108,r_52_18_108,1,3,111,108,14
11,r_45_101_68,r_124_106_169,r_55_4_12,r_45_101_68,0.96,0,68,68,14
20,r_100_33_1,r_2_72_145,r_81_137_37,r_81_137_37,0.9,108,145,37,14
98,seq121,r_146_15_131,r_52_18_108,r_52_18_108,1,24,132,108,14
25,r_22_85_26,r_8_56_67,seq53,r_8_56_67,1,0,67,67,14
48,r_113_149_46,r_44_120_165,seq94,r_44_120_165,0.45,0,165,165,14
69,seq43,seq128,r_54_104_18,r_54_104_18,1,0,18,18,14
13,r_127_50_44,r_55_4_12,r_2_72_145,r_2_72_145,0.76,1,146,145,14
14,r_111_67_19,r_25_5_114,seq31,r_111_67_19,1,0,19,19,14
6,r_81_137_37,seq53,seq13,r_81_137_37,1,1,38,37,14
92,seq98,seq109,r_77_93_38,r_77_93_38,1,4,42,38,14
47,r_52_18_108,r_113_149_46,seq30,r_52_18_108,1,0,108,108,14
40,r_19_39_101,r_80_74_42,r_99_26_34,r_19_39_101,0.63,-75,26,101,14
74,seq57,r_134_112_148,r_83_63_97,r_83_63_97,0.66,51,148,97,14
18,r_135_3_66,r_8_56_67,r_32_11_32,r_135_3_66,0.79,0,66,66,14
29,r_20_41_162,seq90,r_111_67_19,r_111_67_19,0.47,143,162,19,14
27,r_130_97_61,r_54_104_18,r_99_26_34,r_130_97_61,1,1,62,61,14
34,r_140_132_57,r_10_21_31,r_29_108_150,r_29_108_150,0.88,19,169,150,14
33,r_124_106_169,seq35,r_19_39_101,r_19_39_101,0.64,68,169,101,14
50,seq128,seq133,r_54_104_18,r_54_104_18,0.9,131,149,18,14
38,r_44_120_165,r_113_149_46,seq36,r_113_149_46,0.36,119,165,46,14
64,seq31,seq12,r_111_67_19,r_111_67_19,1,2,21,19,14
3,r_10_21_31,seq13,r_58_69_163,r_10_21_31,1,1,32,31,14
34,r_140_132_57,seq91,r_10_21_31,r_140_132_57,0.86,0,57,57,14
9,r_27_141_123,r_126_102_141,r_95_143_4,r_27_141_123,0.52,-7,116,123,14
96,seq117,seq142,r_87_103_85,r_87_103_85,1,7,92,85,14
7,r_77_93_38,r_115_96_17,seq98,r_77_93_38,1,0,38,38,14
49,r_83_63_97,seq28,seq57,r_83_63_97,1,0,97,97,14
25,r_22_85_26,r_45_101_68,r_8_56_67,r_22_85_26,0.98,0,26,26,14
56,seq139,r_29_108_150,r_19_39_101,r_19_39_101,0.51,1,102,101,14
3,r_10_21_31,r_140_132_57,seq136,r_10_21_31,0.45,136,167,31,14
19,r_129_38_118,r_80_74_42,r_42_131_21,r_129_38_118,0.79,-88,30,118,14
42,r_107_6_121,r_140_132_57,seq136,r_107_6_121,0.47,35,156,121,14
44,r_49_75_89,seq71,seq88,r_49_75_89,0.97,1,90,89,14
73,seq53,r_8_56_67,seq1,r_8_56_67,1,0,67,67,14
0,r_84_16_36,r_25_5_114,seq78,r_84_16_36,1,0,36,36,14
35,r_42_131_21,r_129_38_118,r_99_26_34,r_42_131_21,0.94,87,108,21,14
12,r_87_103_85,seq136,seq117,r_87_103_85,1,0,85,85,14
22,r_99_26_34,r_42_131_21,r_130_97_61,r_130_97_61,1,6,67,61,14
51,seq2,r_78_1_83,seq70,r_78_1_83,1,0,83,83,15
36,r_78_1_83,seq2,r_110_27_40,r_78_1_83,1,0,83,83,15
9,r_45_103_143,r_94_38_27,r_80_139_106,r_45_103_143,0.92,0,143,143,15
47,r_136_52_45,r_112_87_26,r_83_30_148,r_136_52_45,0.98,1,46,45,15
14,r_85_17_112,seq86,r_147_11_61,r_85_17_112,0.98,0,112,112,15
23,r_112_87_26,r_136_52_45,seq0,r_136_52_45,0.9,1,46,45,15
83,seq91,r_81_62_89,r_67_26_5,r_81_62_89,1,0,89,89,15
21,r_148_75_126,seq119,r_12_23_85,r_12_23_85,0.99,0,85,85,15
39,r_88_128_185,r_145_144_160,r_60_7_127,r_60_7_127,0.87,33,160,127,15
1,r_12_23_85,r_131_68_35,r_148_75_126,r_12_23_85,0.91,0,85,85,15
39,r_88_128_185,r_60_7_127,r_28_149_186,r_88_128_185,0.71,2,187,185,15
5,r_135_123_122,seq47,seq111,r_135_123_122,0.87,0,122,122,15
46,r_147_11_61,seq9,seq104,r_147_11_61,1,0,61,61,15
42,r_28_149_186,seq98,r_88_128_185,r_28_149_186,0.33,0,186,186,15
43,r_110_27_40,seq58,seq108,r_110_27_40,0.78,0,40,40,15
63,seq137,r_48_50_14,seq55,r_48_50_14,0.76,1,15,14,15
7,r_131_68_35,seq115,r_63_56_152,r_63_56_152,0.99,4,156,152,15
45,r_81_62_89,seq91,r_57_125_184,r_81_62_89,1,0,89,89,15
24,r_95_93_2,r_53_16_4,r_100_25_124,r_100_25_124,1,6,130,124,15
40,r_101_24_79,r_80_139_106,seq55,r_101_24_79,0.86,0,79,79,15
16,r_3_130_38,r_110_27_40,seq114,r_3_130_38,0.96,0,38,38,15
11,r_124_33_80,r_110_27_40,r_136_52_45,r_110_27_40,0.62,132,172,40,15
27,r_64_5_120,seq140,r_12_23_85,r_64_5_120,1,0,120,120,15
66,seq35,r_12_23_85,seq15,r_12_23_85,0.72,-17,68,85,15
13,r_94_38_27,r_81_62_89,seq59,r_94_38_27,0.98,-1,26,27,15
41,r_145_144_160,r_88_128_185,r_81_62_89,r_81_62_89,0.85,71,160,89,15
23,r_112_87_26,r_101_24_79,r_136_52_45,r_112_87_26,0.94,0,26,26,15
89,seq111,seq71,r_135_123_122,r_135_123_122,1,3,125,122,15
29,r_60_7_127,r_88_128_185,seq86,r_88_128_185,0.98,0,185,185,15
3,r_8_102_146,seq47,r_148_75_126,r_8_102_146,0.56,0,146,146,15
26,r_106_73_198,r_51_22_94,r_92_77_108,r_51_22_94,0.94,-11,83,94,15
8,r_46_69_16,r_122_65_157,seq54,r_122_65_157,0.99,1,158,157,15
72,seq54,r_40_142_170,seq143,r_40_142_170,0.98,-49,121,170,15
4,r_36_14_3,r_124_33_80,r_118_76_63,r_36_14_3,0.99,77,80,3,15
73,seq55,seq39,r_101_24_79,r_101_24_79,1,6,85,79,15
11,r_124_33_80,r_36_14_3,r_110_27_40,r_124_33_80,1,1,81,80,15
44,r_129_96_56,r_88_128_185,seq113,r_129_96_56,1,0,56,56,15
1,r_12_23_85,r_148_75_126,r_64_5_120,r_12_23_85,1,39,124,85,15
20,r_118_76_63,r_64_5_120,r_36_14_3,r_118_76_63,1,0,63,63,15
98,seq143,r_122_65_157,seq54,r_122_65_157,0.97,-6,151,157,15
47,r_136_52_45,seq121,r_112_87_26,r_112_87_26,0.81,3,29,26,15
33,r_80_139_106,seq140,r_45_103_143,r_45_103_143,1,0,143,143,15
21,r_148_75_126,r_12_23_85,r_8_102_146,r_148_75_126,1,2,128,126,15
15,r_31_126_183,seq108,r_105_89_43,r_105_89_43,1,140,183,43,15
48,r_72_4_192,r_45_103_143,r_41_82_48,r_72_4_192,0.79,-104,88,192,15
49,r_83_30_148,r_136_52_45,r_8_102_146,r_83_30_148,0.85,0,148,148,15
31,r_41_82_48,seq113,r_94_38_27,r_41_82_48,1,0,48,48,15
8,r_46_69_16,r_109_90_195,r_122_65_157,r_46_69_16,1,0,16,16,15
10,r_51_22_94,r_106_73_198,seq79,r_51_22_94,1,0,94,94,15
28,r_122_65_157,seq54,r_46_69_16,r_46_69_16,0.99,1,17,16,15
87,seq108,r_31_126_183,r_110_27_40,r_110_27_40,0.98,82,122,40,15
49,r_83_30_148,r_85_17_112,r_136_52_45,r_136_52_45,0.46,0,45,45,15
29,r_60_7_127,seq58,r_88_128_185,r_60_7_127,0.97,0,127,127,15
47,r_136_52_45,r_83_30_148,r_110_27_40,r_83_30_148,0.76,0,148,148,15
34,r_57_125_184,r_81_62_89,seq114,r_57_125_184,0.88,0,184,184,15
25,r_74_99_118,r_57_125_184,seq2,r_74_99_118,0.95,0,118,118,15
33,r_80_139_106,seq113,seq140,r_80_139_106,0.83,1,107,106,15
23,r_112_87_26,seq0,seq121,r_112_87_26,0.48,54,80,26,15
18,r_48_50_14,seq137,seq9,r_48_50_14,1,0,14,14,15
58,seq13,r_6_20_129,seq42,r_6_20_129,0.98,0,129,129,15
23,r_112_87_26,seq134,r_46_69_16,r_112_87_26,0.69,145,171,26,15
32,r_63_56_152,seq108,r_131_68_35,r_63_56_152,0.91,0,152,152,15
38,r_6_20_129,seq13,seq32,r_6_20_129,0.97,0,129,129,15
9,r_45_103_143,r_72_4_192,r_94_38_27,r_94_38_27,1,6,33,27,15
34,r_57_125_184,r_74_99_118,r_81_62_89,r_57_125_184,0.97,-89,95,184,15
6,r_97_43_54,seq132,seq9,r_97_43_54,1,-3,51,54,15
45,r_81_62_89,r_57_125_184,r_145_144_160,r_81_62_89,0.92,74,163,89,15
47,r_136_52_45,r_110_27_40,r_124_33_80,r_136_52_45,0.55,133,178,45,15
30,r_105_89_43,r_31_126_183,seq9,r_105_89_43,1,0,43,43,15
81,seq79,seq21,r_51_22_94,r_51_22_94,1,2,96,94,15
27,r_64_5_120,r_118_76_63,seq140,r_118_76_63,1,-23,40,63,15
94,seq117,seq120,r_94_38_27,r_94_38_27,1,123,150,27,15
28,r_122_65_157,r_46_69_16,seq141,r_122_65_157,0.8,1,158,157,15
13,r_94_38_27,seq59,r_41_82_48,r_41_82_48,0.93,7,55,48,15
7,r_131_68_35,r_12_23_85,seq115,r_12_23_85,0.99,-5,80,85,15
51,seq2,seq70,r_74_99_118,r_74_99_118,0.97,0,118,118,15
82,seq86,r_85_17_112,r_63_56_152,r_85_17_112,0.94,0,112,112,15
10,r_51_22_94,r_92_77_108,r_106_73_198,r_106_73_198,0.82,-182,16,198,15
35,r_19_49_147,seq13,r_135_123_122,r_19_49_147,0.55,2,149,147,15
84,seq98,r_28_149_186,r_147_11_61,r_147_11_61,1,125,186,61,15
30,r_147_57_125,r_92_70_146,r_83_108_26,r_147_57_125,0.74,0,125,125,16
4,r_78_12_195,r_83_108_26,r_65_2_104,r_83_108_26,0.99,0,26,26,16
43,r_142_90_133,r_45_126_172,seq75,r_45_126_172,0.2,-37,135,172,16
77,seq76,seq88,r_9_50_129,r_9_50_129,1,-1,128,129,16
22,r_4_19_54,seq67,r_58_62_87,r_4_19_54,0.87,0,54,54,16
83,seq91,seq48,r_83_108_26,r_83_108_26,0.8,99,125,26,16
59,seq22,r_27_23_154,r_119_95_127,r_119_95_127,0.81,7,134,127,16
16,r_1_46_3,r_139_3_105,seq53,r_139_3_105,0.99,3,108,105,16
21,r_13_44_103,seq75,r_78_12_195,r_13_44_103,1,1,104,103,16
39,r_136_63_130,r_47_29_185,seq100,r_136_63_130,0.93,0,130,130,16
97,seq115,r_81_7_96,seq67,r_81_7_96,1,-1,95,96,16
1,r_118_85_19,r_35_77_136,seq106,r_118_85_19,0.8,-1,18,19,16
37,r_122_34_23,r_92_70_146,seq137,r_122_34_23,0.86,0,23,23,16
5,r_45_126_172,r_142_90_133,r_16_28_21,r_16_28_21,0.89,114,135,21,16
46,r_81_7_96,seq115,seq106,r_81_7_96,0.98,0,96,96,16
42,r_124_40_99,r_135_6_149,r_17_145_68,r_124_40_99,1,0,99,99,16
26,r_101_51_184,r_133_60_148,seq48,r_133_60_148,0.6,-59,89,148,16
32,r_117_143_18,r_35_77_136,seq59,r_35_77_136,1,-42,94,136,16
7,r_92_70_146,r_147_57_125,seq82,r_147_57_125,0.71,0,125,125,16
45,r_139_3_105,r_1_46_3,seq138,r_139_3_105,1,0,105,105,16
24,r_43_134_45,seq79,r_130_11_117,r_130_11_117,1,7,124,117,16
70,seq66,r_130_11_117,seq138,r_130_11_117,0.9,-71,46,117,16
19,r_65_2_104,seq71,seq69,r_65_2_104,0.95,1,105,104,16
99,seq121,r_123_111_140,r_109_96_55,r_109_96_55,0.75,4,59,55,16
76,seq75,r_13_44_103,seq146,r_13_44_103,1,1,104,103,16
31,r_0_93_139,seq114,r_127_20_27,r_0_93_139,0.69,3,142,139,16
41,r_27_23_154,seq22,r_39_24_57,r_39_24_57,0.67,97,154,57,16
89,seq104,r_47_29_185,r_42_148_155,r_42_148_155,0.54,1,156,155,16
28,r_130_11_117,seq66,seq138,r_130_11_117,0.77,-78,39,117,16
17,r_54_52_17,r_135_6_149,seq8,r_135_6_149,0.91,-76,73,149,16
7,r_92_70_146,r_122_34_23,r_147_57_125,r_92_70_146,0.8,-124,22,146,16
67,seq56,r_25_113_48,seq91,r_25_113_48,0.73,1,49,48,16
78,seq79,r_45_126_172,r_43_134_45,r_43_134_45,0.96,57,102,45,16
5,r_45_126_172,r_16_28_21,seq56,r_45_126_172,0.9,0,172,172,16
49,r_123_111_140,r_47_29_185,r_117_143_18,r_123_111_140,0.64,42,182,140,16
32,r_117_143_18,r_81_7_96,r_35_77_136,r_117_143_18,0.47,0,18,18,16
4,r_78_12_195,r_65_2_104,r_13_44_103,r_13_44_103,0.75,8,111,103,16
13,r_35_77_136,r_117_143_18,seq107,r_35_77_136,0.99,0,136,136,16
15,r_58_62_87,r_4_19_54,seq21,r_58_62_87,1,0,87,87,16
15,r_58_62_87,seq141,r_4_19_54,r_4_19_54,0.94,2,56,54,16
13,r_35_77_136,seq59,r_117_143_18,r_117_143_18,0.96,21,39,18,16
66,seq55,seq121,r_41_15_51,r_41_15_51,1,8,59,51,16
27,r_17_145_68,seq61,seq100,r_17_145_68,1,0,68,68,16
24,r_43_134_45,r_86_33_75,seq79,r_43_134_45,1,1,46,45,16
8,r_25_113_48,seq56,seq107,r_25_113_48,0.99,1,49,48,16
47,r_133_60_148,r_86_33_75,seq48,r_86_33_75,0.96,0,75,75,16
3,r_127_20_27,r_133_60_148,r_0_93_139,r_127_20_27,0.87,0,27,27,16
40,r_119_95_127,seq94,seq22,r_119_95_127,0.98,0,127,127,16
18,r_10_37_177,seq129,r_49_131_33,r_10_37_177,0.54,0,177,177,16
17,r_54_52_17,seq26,r_135_6_149,r_54_52_17,0.7,0,17,17,16
35,r_16_28_21,r_135_6_149,seq8,r_135_6_149,1,-11,138,149,16
47,r_133_60_148,seq48,r_142_90_133,r_133_60_148,0.77,0,148,148,16
48,r_86_33_75,r_133_60_148,seq94,r_86_33_75,0.99,0,75,75,16
44,r_47_29_185,seq104,r_87_30_144,r_87_30_144,0.97,41,185,144,16
77,seq76,r_74_103_76,seq88,r_74_103_76,0.76,1,77,76,16
9,r_49_131_33,seq21,seq59,r_49_131_33,0.99,0,33,33,16
72,seq68,seq18,r_125_140_29,r_125_140_29,1,16,45,29,16
23,r_38_73_11,r_39_24_57,seq71,r_39_24_57,1,1,58,57,16
34,r_74_103_76,seq76,seq48,r_74_103_76,1,0,76,76,16
25,r_135_6_149,seq79,r_16_28_21,r_16_28_21,1,2,23,21,16
48,r_86_33_75,r_43_134_45,r_133_60_148,r_43_134_45,0.83,1,46,45,16
71,seq67,r_4_19_54,seq115,r_4_19_54,1,0,54,54,16
30,r_147_57_125,r_83_108_26,seq97,r_83_108_26,0.74,157,183,26,16
25,r_135_6_149,r_16_28_21,seq66,r_135_6_149,0.92,0,149,149,16
96,seq114,r_0_93_139,seq144,r_0_93_139,1,0,139,139,16
62,seq32,seq116,r_125_140_29,r_125_140_29,0.38,128,157,29,16
0,r_83_108_26,r_78_12_195,seq80,r_83_108_26,0.94,-1,25,26,16
20,r_39_24_57,r_109_96_55,r_27_23_154,r_39_24_57,0.64,70,127,57,16
28,r_130_11_117,seq138,r_43_134_45,r_130_11_117,0.99,1,118,117,16
49,r_123_111_140,seq107,r_47_29_185,r_123_111_140,0.87,0,140,140,16
56,seq144,r_149_99_153,r_14_64_70,r_14_64_70,1,-1,69,70,16
43,r_142_90_133,seq75,r_133_60_148,r_133_60_148,0.97,4,152,148,16
44,r_47_29_185,r_136_63_130,seq104,r_47_29_185,0.47,-56,129,185,16
68,seq59,r_35_77_136,r_49_131_33,r_49_131_33,0.97,0,33,33,16
20,r_39_24_57,r_38_73_11,seq22,r_39_24_57,0.76,1,58,57,16
20,r_39_24_57,seq22,r_109_96_55,r_39_24_57,0.45,24,81,57,16
33,r_125_140_29,r_38_73_11,seq68,r_125_140_29,0.98,0,29,29,16
12,r_9_50_129,seq110,seq76,r_9_50_129,0.98,0,129,129,16
35,r_16_28_21,seq114,r_135_6_149,r_16_28_21,0.98,0,21,21,16
22,r_4_19_54,r_58_62_87,seq141,r_58_62_87,1,0,87,87,16
14,r_109_96_55,seq48,seq121,r_109_96_55,1,0,55,55,16
30,r_103_36_185,r_141_123_157,r_7_0_175,r_103_36_185,0.75,-28,157,185,17
47,r_7_0_175,seq89,r_93_88_96,r_93_88_96,1,-2,94,96,17
37,r_63_105_16,r_68_61_125,r_147_95_193,r_63_105_16,0.93,0,16,16,17
53,seq8,r_145_129_189,r_114_92_62,r_114_92_62,1,20,82,62,17
17,r_101_66_82,r_35_37_61,r_21_115_44,r_101_66_82,0.45,-38,44,82,17
54,seq137,r_112_5_173,r_34_4_134,r_34_4_134,1,1,135,134,17
26,r_143_28_149,seq1,r_102_40_21,r_102_40_21,1,0,21,21,17
13,r_26_75_11,r_110_121_1,r_140_64_109,r_110_121_1,0.79,11,12,1,17
55,seq139,r_100_6_162,r_70_62_40,r_70_62_40,0.95,59,99,40,17
16,r_59_81_164,r_130_20_56,r_94_54_60,r_130_20_56,0.89,-31,25,56,17
21,r_145_129_189,seq85,seq80,r_145_129_189,0.47,0,189,189,17
39,r_38_76_120,r_68_61_125,r_130_20_56,r_38_76_120,0.83,0,120,120,17
97,seq122,r_108_98_199,r_46_25_45,r_46_25_45,0.52,86,131,45,17
80,seq71,seq97,r_111_67_130,r_111_67_130,0.87,42,172,130,17
46,r_118_77_108,seq56,r_21_115_44,r_118_77_108,0.9,0,108,108,17
10,r_116_29_101,r_113_47_57,seq52,r_113_47_57,0.91,-12,45,57,17
24,r_130_20_56,r_118_77_108,r_38_76_120,r_130_20_56,0.99,64,120,56,17
19,r_111_67_130,r_44_120_163,seq86,r_111_67_130,0.95,0,130,130,17
27,r_70_62_40,r_100_6_162,r_140_64_109,r_140_64_109,1,53,162,109,17
66,seq27,seq78,r_113_47_57,r_113_47_57,1,35,92,57,17
3,r_140_64_109,seq32,r_70_62_40,r_140_64_109,0.99,2,111,109,17
14,r_102_40_21,r_30_73_138,r_143_28_149,r_102_40_21,0.87,0,21,21,17
88,seq89,r_113_47_57,r_7_0_175,r_113_47_57,0.99,-6,51,57,17
42,r_21_115_44,r_101_66_82,seq142,r_101_66_82,0.72,1,83,82,17
16,r_59_81_164,r_94_54_60,seq86,r_59_81_164,0.47,-64,100,164,17
14,r_102_40_21,r_143_28_149,seq142,r_143_28_149,0.94,0,149,149,17
4,r_68_61_125,r_38_76_120,seq84,r_68_61_125,0.96,0,125,125,17
35,r_133_9_171,r_44_120_163,seq19,r_133_9_171,0.97,-10,161,171,17
0,r_44_120_163,r_111_67_130,r_133_9_171,r_111_67_130,1,0,130,130,17
20,r_93_88_96,r_112_5_173,r_7_0_175,r_93_88_96,1,0,96,96,17
98,seq124,seq52,r_101_66_82,r_101_66_82,1,1,83,82,17
15,r_127_60_69,seq84,seq13,r_127_60_69,0.96,1,70,69,17
42,r_21_115_44,seq142,r_118_77_108,r_21_115_44,0.6,62,106,44,17
12,r_100_6_162,r_70_62_40,seq2,r_100_6_162,0.55,1,163,162,17
85,seq85,r_145_129_189,r_114_92_62,r_114_92_62,1,127,189,62,17
80,seq71,r_70_62_40,seq97,r_70_62_40,0.89,-11,29,40,17
5,r_119_83_161,r_79_149_18,r_110_121_1,r_119_83_161,0.51,0,161,161,17
41,r_135_17_26,r_101_66_82,r_34_4_134,r_135_17_26,1,0,26,26,17
6,r_34_4_134,seq144,r_135_17_26,r_135_17_26,0.96,3,29,26,17
53,seq8,r_114_92_62,r_3_134_137,r_3_134_137,1,5,142,137,17
24,r_130_20_56,seq86,r_118_77_108,r_130_20_56,1,0,56,56,17
23,r_90_33_46,r_3_134_137,seq78,r_90_33_46,1,0,46,46,17
29,r_79_149_18,r_145_129_189,r_119_83_161,r_79_149_18,0.87,0,18,18,17
2,r_126_48_156,seq74,r_145_129_189,r_126_48_156,0.66,-38,118,156,17
41,r_135_17_26,r_34_4_134,seq144,r_34_4_134,1,0,134,134,17
12,r_100_6_162,seq139,r_70_62_40,r_70_62_40,1,0,40,40,17
40,r_65_39_68,seq80,seq106,r_65_39_68,1,0,68,68,17
36,r_72_136_182,r_90_33_46,r_138_107_10,r_72_136_182,0.99,-172,10,182,17
47,r_7_0_175,r_93_88_96,r_103_36_185,r_7_0_175,0.58,0,175,175,17
34,r_3_134_137,r_138_107_10,seq8,r_3_134_137,0.99,0,137,137,17
25,r_30_73_138,r_133_9_171,seq31,r_30_73_138,0.89,1,139,138,17
47,r_7_0_175,r_113_47_57,seq89,r_113_47_57,0.91,-6,51,57,17
28,r_55_132_30,seq27,r_79_149_18,r_55_132_30,0.98,0,30,30,17
32,r_113_47_57,r_7_0_175,seq45,r_113_47_57,1,0,57,57,17
58,seq14,seq12,r_35_37_61,r_35_37_61,0.99,43,104,61,17
0,r_44_120_163,r_133_9_171,r_113_47_57,r_44_120_163,0.84,-1,162,163,17
6,r_34_4_134,r_135_17_26,seq137,r_34_4_134,0.57,0,134,134,17
20,r_93_88_96,r_7_0_175,r_126_48_156,r_93_88_96,0.98,79,175,96,17
38,r_141_123_157,r_103_36_185,seq106,r_141_123_157,0.71,0,157,157,17
77,seq56,r_118_77_108,r_130_20_56,r_130_20_56,0.59,52,108,56,17
88,seq89,r_7_0_175,r_93_88_96,r_93_88_96,0.91,2,98,96,17
86,seq86,r_130_20_56,r_51_11_139,r_130_20_56,1,0,56,56,17
34,r_3_134_137,r_90_33_46,r_138_107_10,r_3_134_137,0.92,-124,13,137,17
18,r_46_25_45,seq78,r_18_128_110,r_18_128_110,0.99,1,111,110,17
5,r_119_83_161,r_21_115_44,r_79_149_18,r_119_83_161,0.72,-143,18,161,17
10,r_116_29_101,seq52,r_10_148_6,r_116_29_101,0.98,0,101,101,17
2,r_126_48_156,r_145_129_189,r_93_88_96,r_126_48_156,0.99,0,156,156,17
31,r_69_82_105,r_140_64_109,r_118_77_108,r_69_82_105,0.9,1,106,105,17
27,r_70_62_40,seq71,r_100_6_162,r_70_62_40,1,0,40,40,17
94,seq106,r_68_61_125,r_65_39_68,r_65_39_68,0.98,0,68,68,17
9,r_51_11_139,seq97,r_21_115_44,r_51_11_139,0.67,0,139,139,17
26,r_143_28_149,r_102_40_21,seq32,r_102_40_21,0.61,129,150,21,17
17,r_101_66_82,r_135_17_26,r_35_37_61,r_135_17_26,0.6,0,26,26,17
16,r_59_81_164,seq86,seq122,r_59_81_164,0.95,1,165,164,17
37,r_63_105_16,r_147_95_193,seq58,r_63_105_16,0.44,71,87,16,17
29,r_79_149_18,r_119_83_161,r_55_132_30,r_55_132_30,0.73,9,39,30,17
22,r_35_37_61,seq1,seq12,r_35_37_61,0.93,0,61,61,17
91,seq97,r_51_11_139,r_94_54_60,r_51_11_139,1,-5,134,139,17
15,r_127_60_69,seq13,seq2,r_127_60_69,0.46,41,110,69,17
7,r_114_92_62,seq96,seq8,r_114_92_62,1,0,62,62,17
44,r_18_128_110,r_51_11_139,r_46_25_45,r_18_128_110,0.98,0,110,110,17
42,r_21_115_44,seq99,r_101_66_82,r_21_115_44,0.99,0,44,44,17
79,seq58,r_147_95_193,r_63_105_16,r_63_105_16,0.65,167,183,16,17
35,r_133_9_171,r_30_73_138,r_44_120_163,r_30_73_138,0.92,1,139,138,17
17,r_101_66_82,r_21_115_44,seq124,r_101_66_82,0.95,0,82,82,17
51,seq3,seq38,r_65_89_120,r_65_89_120,0.7,1,121,120,18
45,r_107_46_43,r_51_26_154,seq104,r_107_46_43,1,0,43,43,18
9,r_129_52_35,seq57,r_30_93_94,r_30_93_94,1,77,171,94,18
39,r_36_47_131,r_119_80_84,r_81_138_89,r_36_47_131,0.9,0,131,131,18
36,r_102_12_58,r_100_123_102,r_65_89_120,r_102_12_58,1,0,58,58,18
14,r_53_59_148,r_35_33_12,r_95_70_54,r_53_59_148,0.53,0,148,148,18
43,r_29_25_179,seq141,r_0_72_70,r_0_72_70,1,0,70,70,18
13,r_115_18_52,r_63_136_76,r_42_20_190,r_115_18_52,1,0,52,52,18
54,seq135,seq140,r_137_6_101,r_137_6_101,1,52,153,101,18
49,r_61_23_38,r_115_18_52,r_39_143_67,r_61_23_38,0.98,0,38,38,18
21,r_65_89_120,r_48_111_115,r_102_12_58,r_102_12_58,0.88,22,80,58,18
39,r_36_47_131,r_14_55_111,r_119_80_84,r_119_80_84,0.9,27,111,84,18
46,r_88_121_172,r_42_20_190,r_8_7_60,r_88_121_172,0.48,0,172,172,18
42,r_73_82_125,seq112,seq71,r_73_82_125,0.46,2,127,125,18
32,r_15_86_155,r_61_23_38,r_137_6_101,r_15_86_155,0.89,0,155,155,18
69,seq133,r_147_130_161,seq132,r_147_130_161,0.54,-71,90,161,18
15,r_41_128_96,r_113_148_129,seq60,r_113_148_129,0.99,-4,125,129,18
19,r_101_22_198,seq125,r_64_75_73,r_64_75_73,0.82,12,85,73,18
19,r_101_22_198,r_64_75_73,seq125,r_101_22_198,0.68,-60,138,198,18
31,r_103_109_64,r_61_23_38,r_124_19_72,r_124_19_72,0.57,25,97,72,18
48,r_119_80_84,r_36_47_131,seq126,r_36_47_131,1,-14,117,131,18
66,seq27,r_99_32_157,seq149,r_99_32_157,0.87,11,168,157,18
76,seq62,r_100_123_102,seq38,r_100_123_102,1,2,104,102,18
32,r_15_86_155,r_95_70_54,r_61_23_38,r_15_86_155,0.89,-101,54,155,18
31,r_103_109_64,r_41_128_96,r_61_23_38,r_103_109_64,1,0,64,64,18
41,r_69_105_167,seq126,r_61_23_38,r_69_105_167,0.71,0,167,167,18
10,r_63_136_76,seq16,r_64_75_73,r_63_136_76,0.93,1,77,76,18
37,r_94_9_59,seq10,seq125,r_94_9_59,0.66,0,59,59,18
26,r_39_143_67,r_15_86_155,seq74,r_39_143_67,1,0,67,67,18
4,r_64_75_73,seq149,r_63_136_76,r_64_75_73,0.97,15,88,73,18
25,r_122_66_182,seq74,r_134_127_27,r_122_66_182,0.58,-155,27,182,18
18,r_134_127_27,seq98,r_122_66_182,r_134_127_27,0.66,0,27,27,18
20,r_110_34_142,seq77,r_118_97_6,r_110_34_142,0.78,0,142,142,18
67,seq28,r_79_1_192,r_67_146_44,r_67_146_44,1,0,44,44,18
15,r_41_128_96,r_103_109_64,r_50_96_107,r_103_109_64,0.99,0,64,64,18
48,r_119_80_84,r_48_111_115,r_36_47_131,r_119_80_84,0.98,1,85,84,18
37,r_94_9_59,seq125,r_64_75_73,r_94_9_59,0.69,17,76,59,18
16,r_67_146_44,seq106,seq28,r_67_146_44,1,-4,40,44,18
6,r_51_26_154,r_69_105_167,r_100_123_102,r_51_26_154,0.88,0,154,154,18
62,seq131,seq43,r_58_40_98,r_58_40_98,1,9,107,98,18
15,r_41_128_96,r_50_96_107,r_113_148_129,r_41_128_96,0.82,-1,95,96,18
7,r_113_148_129,r_41_128_96,seq108,r_113_148_129,1,0,129,129,18
0,r_13_76_24,r_124_19_72,seq78,r_124_19_72,0.95,-32,40,72,18
85,seq87,r_124_19_72,seq92,r_124_19_72,1,0,72,72,18
99,seq126,r_69_105_167,r_119_80_84,r_119_80_84,1,80,164,84,18
5,r_85_44_49,r_30_93_94,r_48_111_115,r_85_44_49,1,66,115,49,18
25,r_122_66_182,r_134_127_27,r_37_91_119,r_37_91_119,0.82,63,182,119,18
36,r_102_12_58,r_65_89_120,seq10,r_65_89_120,0.7,17,137,120,18
9,r_129_52_35,seq17,seq57,r_129_52_35,0.86,0,35,35,18
27,r_14_55_111,r_36_47_131,seq83,r_14_55_111,0.99,0,111,111,18
37,r_94_9_59,seq125,r_63_136_76,r_94_9_59,0.62,107,166,59,18
21,r_65_89_120,r_102_12_58,seq3,r_65_89_120,0.91,1,121,120,18
30,r_95_70_54,seq141,r_99_32_157,r_99_32_157,0.97,2,159,157,18
92,seq106,r_67_146_44,seq49,r_67_146_44,1,-2,42,44,18
87,seq92,seq87,r_50_96_107,r_50_96_107,1,1,108,107,18
82,seq78,r_124_19_72,r_13_76_24,r_124_19_72,0.94,-45,27,72,18
47,r_48_111_115,r_65_89_120,r_85_44_49,r_48_111_115,1,0,115,115,18
40,r_30_93_94,r_85_44_49,r_129_52_35,r_30_93_94,0.76,0,94,94,18
29,r_0_72_70,seq132,r_29_25_179,r_0_72_70,0.99,-3,67,70,18
24,r_99_32_157,seq27,r_95_70_54,r_99_32_157,0.74,0,157,157,18
43,r_29_25_179,r_0_72_70,r_129_52_35,r_129_52_35,0.8,144,179,35,18
33,r_8_7_60,seq132,seq77,r_8_7_60,0.73,1,61,60,18
49,r_61_23_38,r_39_143_67,r_103_109_64,r_61_23_38,0.93,29,67,38,18
88,seq144,r_69_105_167,r_119_80_84,r_119_80_84,0.98,52,136,84,18
37,r_94_9_59,r_64_75_73,seq125,r_94_9_59,0.6,74,133,59,18
42,r_73_82_125,seq71,r_79_1_192,r_73_82_125,0.58,62,187,125,18
38,r_42_20_190,r_88_121_172,r_115_18_52,r_115_18_52,1,90,142,52,18
52,seq4,seq87,r_50_96_107,r_50_96_107,0.99,58,165,107,18
34,r_58_40_98,seq57,seq131,r_58_40_98,1,0,98,98,18
60,seq16,r_63_136_76,r_8_7_60,r_63_136_76,0.97,1,77,76,18
45,r_107_46_43,seq104,r_8_7_60,r_8_7_60,0.89,46,106,60,18
7,r_113_148_129,seq60,r_41_128_96,r_41_128_96,0.93,0,96,96,18
29,r_0_72_70,r_29_25_179,r_53_59_148,r_53_59_148,1,31,179,148,18
22,r_124_19_72,seq87,r_103_109_64,r_124_19_72,1,0,72,72,18
17,r_100_123_102,r_8_7_60,r_51_26_154,r_51_26_154,0.97,0,154,154,18
28,r_21_117_104,seq74,r_103_109_64,r_21_117_104,0.48,0,104,104,18
30,r_95_70_54,r_15_86_155,seq141,r_95_70_54,1,0,54,54,18
7,r_113_148_129,r_79_1_192,seq60,r_79_1_192,0.71,-117,75,192,18
18,r_134_127_27,r_122_66_182,seq116,r_122_66_182,0.65,2,184,182,18
44,r_50_96_107,seq149,seq92,r_50_96_107,0.97,0,107,107,18
23,r_81_138_89,r_100_123_102,seq57,r_81_138_89,1,0,89,89,18
5,r_85_44_49,r_42_20_190,r_30_93_94,r_85_44_49,0.95,0,49,49,18
12,r_37_91_119,seq57,seq71,r_37_91_119,0.99,0,119,119,18
93,seq107,r_109_130_170,r_40_80_97,r_40_80_97,0.92,15,112,97,19
51,seq2,seq39,r_69_116_61,r_69_116_61,1,29,90,61,19
11,r_29_92_185,r_33_41_74,r_5_36_124,r_29_92_185,0.73,3,188,185,19
92,seq105,r_136_61_123,seq142,r_136_61_123,1,0,123,123,19
14,r_24_128_143,seq83,r_96_1_93,r_96_1_93,0.95,3,96,93,19
8,r_43_101_135,seq53,r_38_65_59,r_43_101_135,0.8,1,136,135,19
43,r_95_60_113,r_133_23_63,r_10_114_76,r_10_114_76,0.89,15,91,76,19
29,r_5_36_124,r_11_115_199,seq76,r_5_36_124,0.95,-2,122,124,19
22,r_81_67_1,r_34_141_18,seq82,r_34_141_18,1,8,26,18,19
41,r_38_65_59,seq14,r_43_101_135,r_43_101_135,0.64,1,136,135,19
59,seq13,seq131,r_48_46_65,r_48_46_65,1,-2,63,65,19
24,r_133_23_63,r_38_65_59,seq111,r_38_65_59,1,0,59,59,19
16,r_45_122_110,seq135,r_11_115_199,r_45_122_110,1,0,110,110,19
39,r_84_57_69,seq82,seq17,r_84_57_69,1,0,69,69,19
91,seq102,r_72_12_51,seq105,r_72_12_51,1,1,52,51,19
1,r_40_80_97,seq125,seq107,r_40_80_97,1,0,97,97,19
5,r_96_1_93,seq107,r_24_128_143,r_96_1_93,0.82,3,96,93,19
42,r_33_41_74,seq76,seq91,r_33_41_74,1,0,74,74,19
13,r_42_51_153,r_31_139_70,seq79,r_31_139_70,0.58,-29,41,70,19
26,r_117_89_151,seq74,r_90_50_44,r_90_50_44,0.8,107,151,44,19
7,r_103_71_9,r_77_78_147,seq74,r_77_78_147,0.69,-19,128,147,19
44,r_55_59_25,seq14,seq100,r_55_59_25,0.68,-7,18,25,19
45,r_21_22_149,r_62_104_82,r_134_110_191,r_62_104_82,1,0,82,82,19
11,r_29_92_185,seq91,seq132,r_29_92_185,0.49,-55,130,185,19
41,r_38_65_59,r_55_59_25,seq14,r_55_59_25,0.55,66,91,25,19
19,r_136_61_123,seq105,r_95_60_113,r_136_61_123,1,0,123,123,19
36,r_90_50_44,seq143,seq125,r_90_50_44,1,0,44,44,19
11,r_29_92_185,seq107,r_33_41_74,r_29_92_185,0.34,-16,169,185,19
28,r_47_49_29,seq131,r_149_16_56,r_47_49_29,0.8,0,29,29,19
10,r_73_66_121,seq14,r_93_108_6,r_73_66_121,0.58,-9,112,121,19
90,seq100,seq85,r_55_59_25,r_55_59_25,0.57,119,144,25,19
81,seq79,r_47_49_29,r_20_97_95,r_47_49_29,0.48,140,169,29,19
76,seq63,seq35,r_149_16_56,r_149_16_56,1,2,58,56,19
26,r_117_89_151,r_137_123_98,seq74,r_137_123_98,0.61,1,99,98,19
17,r_146_15_24,r_33_41_74,seq58,r_146_15_24,0.97,0,24,24,19
61,seq143,r_90_50_44,seq25,r_90_50_44,1,-6,38,44,19
4,r_148_56_174,seq70,r_73_66_121,r_148_56_174,0.74,0,174,174,19
43,r_95_60_113,r_10_114_76,r_136_61_123,r_95_60_113,0.99,0,113,113,19
98,seq121,r_145_4_68,seq98,r_145_4_68,1,1,69,68,19
41,r_38_65_59,r_133_23_63,r_55_59_25,r_38_65_59,0.99,0,59,59,19
40,r_72_12_51,r_96_1_93,seq107,r_96_1_93,0.98,-10,83,93,19
48,r_134_110_191,r_21_22_149,r_20_97_95,r_20_97_95,0.82,3,98,95,19
5,r_96_1_93,r_24_128_143,r_62_104_82,r_24_128_143,1,0,143,143,19
6,r_137_123_98,r_117_89_151,seq76,r_137_123_98,0.88,0,98,98,19
62,seq17,r_106_26_190,r_84_57_69,r_84_57_69,1,121,190,69,19
40,r_72_12_51,seq102,r_96_1_93,r_72_12_51,0.98,2,53,51,19
74,seq54,r_34_141_18,r_119_118_33,r_119_118_33,0.94,84,117,33,19
7,r_103_71_9,seq74,r_109_130_170,r_109_130_170,0.96,0,170,170,19
31,r_77_78_147,r_120_126_47,r_103_71_9,r_120_126_47,0.93,1,48,47,19
27,r_20_97_95,r_10_114_76,r_134_110_191,r_20_97_95,1,-19,76,95,19
63,seq131,seq13,r_48_46_65,r_48_46_65,0.89,22,87,65,19
87,seq91,seq39,r_33_41_74,r_33_41_74,1,0,74,74,19
33,r_10_114_76,r_95_60_113,seq111,r_95_60_113,0.99,0,113,113,19
13,r_42_51_153,seq79,seq121,r_42_51_153,0.49,-58,95,153,19
2,r_44_144_144,seq113,r_95_60_113,r_44_144_144,0.56,1,145,144,19
25,r_149_16_56,r_21_22_149,r_47_49_29,r_47_49_29,0.86,2,31,29,19
47,r_62_104_82,r_21_22_149,r_24_128_143,r_62_104_82,1,0,82,82,19
29,r_5_36_124,r_69_116_61,r_11_115_199,r_69_116_61,0.96,7,68,61,19
33,r_10_114_76,r_20_97_95,r_95_60_113,r_20_97_95,0.73,-19,76,95,19
47,r_62_104_82,r_24_128_143,r_96_1_93,r_24_128_143,1,0,143,143,19
13,r_42_51_153,seq121,r_47_49_29,r_42_51_153,0.75,-22,131,153,19
25,r_149_16_56,r_47_49_29,seq63,r_149_16_56,1,0,56,56,19
88,seq98,seq121,r_127_75_36,r_127_75_36,0.99,109,145,36,19
32,r_11_115_199,r_5_36_124,r_45_122_110,r_11_115_199,0.7,-93,106,199,19
34,r_69_116_61,r_5_36_124,seq2,r_69_116_61,1,0,61,61,19
0,r_120_126_47,r_77_78_147,seq58,r_120_126_47,1,0,47,47,19
60,seq14,seq76,r_145_4_68,r_145_4_68,1,66,134,68,19
45,r_21_22_149,r_134_110_191,seq76,r_21_22_149,0.96,0,149,149,19
81,seq79,r_134_110_191,r_47_49_29,r_47_49_29,0.9,101,130,29,19
14,r_24_128_143,r_96_1_93,r_45_122_110,r_24_128_143,0.99,0,143,143,19
28,r_47_49_29,seq79,r_42_51_153,r_42_51_153,0.52,-5,148,153,19
28,r_47_49_29,r_149_16_56,seq79,r_149_16_56,0.97,2,58,56,19
7,r_103_71_9,r_42_51_153,r_77_78_147,r_103_71_9,0.95,1,10,9,19
96,seq113,r_44_144_144,seq3,r_44_144_144,0.9,-6,138,144,19
31,r_77_78_147,r_103_71_9,seq121,r_77_78_147,0.95,0,147,147,19
98,seq121,seq98,r_77_78_147,r_77_78_147,0.93,1,148,147,19
63,seq131,r_48_46_65,r_124_30_183,r_124_30_183,0.72,0,183,183,19
74,seq54,r_124_30_183,r_34_141_18,r_34_141_18,1,0,18,18,19
63,seq131,r_47_49_29,seq13,r_47_49_29,1,0,29,29,19
49,r_145_4_68,seq121,seq14,r_145_4_68,1,0,68,68,19
11,r_29_92_185,seq27,seq91,r_29_92_185,0.62,-127,58,185,19
82,seq82,r_84_57_69,r_81_67_1,r_84_57_69,1,2,71,69,19
79,seq74,r_77_78_147,r_103_71_9,r_103_71_9,0.35,85,94,9,19
35,r_31_139_70,seq9,seq88,r_31_139_70,0.98,0,70,70,19
38,r_34_141_18,r_81_67_1,seq54,r_34_141_18,1,0,18,18,19
12,r_48_46_65,seq58,seq13,r_48_46_65,0.78,0,65,65,19
23,r_93_108_6,seq14,r_73_66_121,r_93_108_6,0.69,106,112,6,19
30,r_107_79_143,seq86,seq148,r_107_79_143,0.77,-1,142,143,20
36,r_34_147_133,r_128_145_192,r_133_88_195,r_34_147_133,0.75,0,133,133,20
92,seq98,r_53_17_124,seq77,r_53_17_124,1,0,124,124,20
14,r_35_102_141,seq74,r_95_122_84,r_35_102_141,0.94,0,141,141,20
8,r_128_145_192,r_34_147_133,r_66_127_56,r_66_127_56,0.72,14,70,56,20
48,r_22_54_151,r_78_64_175,r_128_145_192,r_22_54_151,0.54,0,151,151,20
17,r_126_13_105,r_118_103_118,r_27_52_13,r_126_13_105,0.44,-91,14,105,20
16,r_116_5_106,seq136,seq4,r_116_5_106,0.99,1,107,106,20
5,r_15_70_139,r_133_88_195,r_26_67_63,r_133_88_195,0.53,-56,139,195,20
21,r_114_93_31,r_12_16_184,r_9_50_81,r_114_93_31,0.75,0,31,31,20
69,seq38,r_55_69_154,r_20_143_69,r_20_143_69,0.9,86,155,69,20
15,r_97_68_36,r_18_32_145,seq131,r_18_32_145,1,0,145,145,20
8,r_128_145_192,r_66_127_56,r_119_106_102,r_119_106_102,0.49,2,104,102,20
2,r_110_124_149,r_7_81_199,r_46_112_165,r_110_124_149,0.92,16,165,149,20
46,r_9_50_81,r_114_93_31,seq105,r_9_50_81,0.79,0,81,81,20
66,seq31,r_78_64_175,r_126_13_105,r_126_13_105,0.92,68,173,105,20
31,r_95_122_84,r_53_17_124,seq62,r_95_122_84,0.68,1,85,84,20
41,r_25_76_155,seq63,seq148,r_25_76_155,0.88,0,155,155,20
67,seq33,r_30_51_198,r_139_21_62,r_139_21_62,1,9,71,62,20
32,r_83_137_127,seq31,seq101,r_83_137_127,0.96,0,127,127,20
39,r_45_72_37,r_117_84_61,seq37,r_45_72_37,0.61,3,40,37,20
74,seq44,r_60_24_94,r_29_23_126,r_29_23_126,0.85,45,171,126,20
26,r_55_69_154,seq38,seq2,r_55_69_154,0.8,1,155,154,20
15,r_97_68_36,r_12_16_184,r_18_32_145,r_97_68_36,0.86,0,36,36,20
75,seq47,seq40,r_146_141_39,r_146_141_39,1,3,42,39,20
64,seq132,r_60_24_94,r_27_52_13,r_60_24_94,0.67,82,176,94,20
0,r_30_51_198,seq33,r_78_64_175,r_30_51_198,0.36,-19,179,198,20
11,r_118_103_118,seq132,seq8,r_118_103_118,0.87,1,119,118,20
20,r_133_88_195,r_15_70_139,r_34_147_133,r_133_88_195,0.99,-62,133,195,20
21,r_114_93_31,r_9_50_81,r_97_68_36,r_9_50_81,1,0,81,81,20
48,r_22_54_151,r_83_137_127,r_78_64_175,r_83_137_127,0.96,1,128,127,20
57,seq8,r_71_109_193,r_118_103_118,r_118_103_118,0.99,12,130,118,20
6,r_119_106_102,seq111,r_128_145_192,r_119_106_102,0.94,0,102,102,20
62,seq131,r_18_32_145,r_97_68_36,r_97_68_36,0.65,76,112,36,20
27,r_66_127_56,r_20_143_69,r_128_145_192,r_66_127_56,0.97,0,56,56,20
85,seq74,r_35_102_141,r_26_67_63,r_26_67_63,0.87,77,140,63,20
7,r_46_112_165,seq108,r_110_124_149,r_46_112_165,1,0,165,165,20
10,r_27_52_13,r_126_13_105,seq39,r_126_13_105,0.98,-1,104,105,20
91,seq96,r_118_103_118,seq11,r_118_103_118,0.67,-85,33,118,20
19,r_75_91_47,r_30_51_198,seq111,r_75_91_47,0.73,1,48,47,20
2,r_110_124_149,r_56_149_173,r_7_81_199,r_56_149_173,0.57,-25,148,173,20
40,r_26_67_63,r_7_81_199,seq74,r_26_67_63,1,0,63,63,20
74,seq44,r_117_84_61,seq39,r_117_84_61,0.99,2,63,61,20
18,r_125_120_167,seq131,r_20_143_69,r_125_120_167,0.41,0,167,167,20
29,r_87_115_146,seq73,seq136,r_87_115_146,0.98,0,146,146,20
46,r_9_50_81,seq57,r_114_93_31,r_114_93_31,0.67,2,33,31,20
24,r_56_149_173,seq43,r_27_52_13,r_56_149_173,0.78,0,173,173,20
25,r_113_19_107,r_125_120_167,seq108,r_113_19_107,0.51,0,107,107,20
33,r_92_82_120,r_46_112_165,r_117_84_61,r_92_82_120,0.86,0,120,120,20
12,r_146_141_39,seq61,seq47,r_146_141_39,1,0,39,39,20
37,r_18_32_145,seq131,r_97_68_36,r_97_68_36,1,9,45,36,20
32,r_83_137_127,r_22_54_151,seq31,r_83_137_127,0.19,-38,89,127,20
10,r_27_52_13,r_119_106_102,r_126_13_105,r_27_52_13,0.78,1,14,13,20
38,r_53_17_124,seq98,seq4,r_53_17_124,0.99,7,131,124,20
77,seq134,seq99,r_117_84_61,r_117_84_61,1,0,61,61,20
5,r_15_70_139,r_26_67_63,seq39,r_26_67_63,0.8,87,150,63,20
21,r_114_93_31,r_97_68_36,r_36_80_19,r_97_68_36,0.47,129,165,36,20
74,seq44,seq39,r_60_24_94,r_60_24_94,0.93,0,94,94,20
9,r_20_143_69,r_66_127_56,seq38,r_20_143_69,1,0,69,69,20
68,seq37,seq144,r_45_72_37,r_45_72_37,0.94,3,40,37,20
8,r_128_145_192,r_119_106_102,r_22_54_151,r_22_54_151,1,1,152,151,20
37,r_18_32_145,r_97_68_36,r_26_67_63,r_18_32_145,0.98,0,145,145,20
28,r_78_64_175,seq31,r_139_21_62,r_139_21_62,0.58,113,175,62,20
49,r_29_23_126,seq86,seq44,r_29_23_126,0.77,0,126,126,20
7,r_46_112_165,r_92_82_120,seq108,r_92_82_120,0.97,0,120,120,20
44,r_117_84_61,seq44,seq134,r_117_84_61,1,0,61,61,20
23,r_60_24_94,seq4,seq44,r_60_24_94,0.86,0,94,94,20
17,r_126_13_105,r_27_52_13,seq31,r_126_13_105,0.98,0,105,105,20
82,seq62,r_12_16_184,r_95_122_84,r_95_122_84,1,99,183,84,20
42,r_42_1_50,seq62,seq111,r_42_1_50,1,0,50,50,20
35,r_139_21_62,r_95_122_84,seq33,r_139_21_62,1,0,62,62,20
84,seq73,r_87_115_146,seq131,r_87_115_146,0.93,0,146,146,20
30,r_89_73_187,r_128_91_87,r_80_119_95,r_89_73_187,1,-92,95,187,21
51,seq3,r_28_15_139,r_29_24_74,r_29_24_74,0.65,65,139,74,21
9,r_26_44_43,seq142,r_36_1_122,r_26_44_43,0.99,0,43,43,21
9,r_26_44_43,r_36_1_122,seq72,r_36_1_122,1,0,122,122,21
5,r_48_105_93,r_146_30_64,seq8,r_146_30_64,0.97,-19,45,64,21
14,r_94_22_125,seq118,seq97,r_94_22_125,0.92,4,129,125,21
18,r_83_88_168,r_115_65_111,r_134_13_6,r_115_65_111,1,-67,44,111,21
8,r_113_93_113,r_10_60_199,seq103,r_113_93_113,0.94,0,113,113,21
53,seq133,r_94_22_125,seq118,r_94_22_125,0.91,-40,85,125,21
4,r_111_121_26,seq139,seq145,r_111_121_26,0.99,0,26,26,21
43,r_21_16_130,seq141,seq46,r_21_16_130,0.94,0,130,130,21
37,r_25_90_197,r_104_67_83,seq143,r_104_67_83,0.93,-13,70,83,21
3,r_80_119_95,r_89_73_187,r_61_82_92,r_61_82_92,0.72,98,190,92,21
22,r_128_91_87,r_126_144_36,r_35_96_173,r_128_91_87,0.56,91,178,87,21
59,seq143,seq39,r_127_114_120,r_127_114_120,0.97,0,120,120,21
37,r_25_90_197,r_124_20_60,r_61_82_92,r_124_20_60,0.69,118,178,60,21
39,r_36_1_122,seq46,r_26_44_43,r_26_44_43,1,22,65,43,21
97,seq118,r_33_5_106,r_94_22_125,r_33_5_106,0.99,1,107,106,21
42,r_135_18_153,r_11_66_176,r_85_108_15,r_85_108_15,0.87,4,19,15,21
68,seq42,r_140_31_52,r_7_101_7,r_140_31_52,0.72,-22,30,52,21
39,r_36_1_122,r_26_44_43,seq8,r_36_1_122,1,1,123,122,21
66,seq39,r_104_67_83,seq143,r_104_67_83,0.62,-68,15,83,21
6,r_127_114_120,seq40,r_128_91_87,r_127_114_120,0.72,-110,10,120,21
19,r_104_67_83,seq39,seq116,r_104_67_83,0.97,0,83,83,21
33,r_100_43_136,seq32,r_124_20_60,r_124_20_60,0.64,122,182,60,21
16,r_50_45_174,r_126_144_36,r_63_77_38,r_126_144_36,0.83,2,38,36,21
15,r_74_86_33,seq52,r_61_82_92,r_61_82_92,1,0,92,92,21
31,r_38_76_67,seq75,r_79_41_134,r_38_76_67,1,0,67,67,21
97,seq118,r_94_22_125,seq133,r_94_22_125,0.94,9,134,125,21
41,r_138_23_166,seq103,seq117,r_138_23_166,0.73,0,166,166,21
3,r_80_119_95,seq107,r_89_73_187,r_80_119_95,0.95,1,96,95,21
10,r_79_41_134,r_58_102_121,r_38_76_67,r_38_76_67,1,6,73,67,21
5,r_48_105_93,seq8,seq52,r_48_105_93,1,0,93,93,21
26,r_124_20_60,r_11_66_176,seq125,r_124_20_60,1,0,60,60,21
16,r_50_45_174,r_63_77_38,seq47,r_50_45_174,0.64,0,174,174,21
58,seq142,r_26_44_43,seq2,r_26_44_43,0.98,0,43,43,21
78,seq62,r_135_18_153,r_146_30_64,r_146_30_64,0.91,0,64,64,21
94,seq147,r_21_16_130,r_137_129_40,r_137_129_40,0.74,4,44,40,21
48,r_35_96_173,seq32,r_128_91_87,r_35_96_173,0.68,1,174,173,21
20,r_140_31_52,r_100_43_136,seq3,r_140_31_52,1,0,52,52,21
49,r_85_108_15,r_135_18_153,r_95_37_86,r_95_37_86,0.63,67,153,86,21
45,r_137_129_40,r_48_105_93,seq147,r_137_129_40,1,0,40,40,21
75,seq55,seq97,r_79_41_134,r_79_41_134,0.96,20,154,134,21
2,r_134_13_6,r_83_88_168,r_126_144_36,r_126_144_36,0.58,132,168,36,21
7,r_130_64_101,r_80_119_95,r_61_82_92,r_80_119_95,0.43,82,177,95,21
49,r_85_108_15,r_104_67_83,r_135_18_153,r_85_108_15,1,0,15,15,21
7,r_130_64_101,r_127_114_120,r_80_119_95,r_130_64_101,0.66,34,135,101,21
10,r_79_41_134,r_38_76_67,seq55,r_79_41_134,1,0,134,134,21
27,r_58_102_121,seq149,seq72,r_58_102_121,0.97,-1,120,121,21
30,r_89_73_187,r_80_119_95,r_126_144_36,r_80_119_95,0.49,92,187,95,21
22,r_128_91_87,r_134_13_6,r_126_144_36,r_128_91_87,0.42,70,157,87,21
96,seq117,r_104_67_83,r_138_23_166,r_138_23_166,0.95,0,166,166,21
15,r_74_86_33,r_50_45_174,seq52,r_74_86_33,0.82,0,33,33,21
40,r_10_60_199,r_113_93_113,seq59,r_113_93_113,0.98,0,113,113,21
29,r_146_30_64,r_48_105_93,seq62,r_146_30_64,1,0,64,64,21
34,r_70_34_198,seq54,seq92,r_70_34_198,0.48,-54,144,198,21
11,r_9_78_192,r_83_88_168,r_126_144_36,r_126_144_36,1,7,43,36,21
25,r_33_5_106,seq118,r_38_76_67,r_33_5_106,0.99,1,107,106,21
33,r_100_43_136,seq51,seq32,r_100_43_136,0.55,1,137,136,21
0,r_61_82_92,r_70_34_198,r_74_86_33,r_61_82_92,1,0,92,92,21
64,seq27,r_11_66_176,r_95_37_86,r_95_37_86,0.94,90,176,86,21
50,seq2,r_11_66_176,r_146_30_64,r_146_30_64,1,24,88,64,21
50,seq2,seq27,r_95_37_86,r_95_37_86,0.38,79,165,86,21
6,r_127_114_120,r_128_91_87,r_48_105_93,r_128_91_87,0.36,-1,86,87,21
65,seq32,r_35_96_173,seq122,r_35_96_173,0.57,1,174,173,21
42,r_135_18_153,r_85_108_15,r_63_77_38,r_135_18_153,0.66,0,153,153,21
52,seq4,r_94_22_125,seq133,r_94_22_125,0.71,20,145,125,21
34,r_70_34_198,r_61_82_92,seq54,r_61_82_92,1,-13,79,92,21
75,seq55,r_148_17_97,seq97,r_148_17_97,1,0,97,97,21
81,seq71,seq3,r_148_17_97,r_148_17_97,0.85,6,103,97,21
6,r_127_114_120,r_48_105_93,r_130_64_101,r_127_114_120,0.59,-19,101,120,21
96,seq117,seq141,r_104_67_83,r_104_67_83,1,42,125,83,21
31,r_38_76_67,r_79_41_134,r_33_5_106,r_38_76_67,0.62,62,129,67,21
37,r_25_90_197,seq143,r_124_20_60,r_124_20_60,0.52,106,166,60,21
22,r_128_91_87,r_89_73_187,r_134_13_6,r_128_91_87,0.99,2,89,87,21
78,seq62,r_146_30_64,r_95_37_86,r_95_37_86,1,9,95,86,21
23,r_95_37_86,seq116,seq62,r_95_37_86,0.61,0,86,86,21
56,seq12,seq112,r_104_67_83,r_104_67_83,0.99,42,125,83,21
7,r_130_64_101,r_10_60_199,r_127_114_120,r_130_64_101,0.78,0,101,101,21
18,r_83_88_168,r_134_13_6,r_84_0_159,r_83_88_168,0.61,0,168,168,21
44,r_28_15_139,seq3,seq139,r_28_15_139,0.84,0,139,139,21
13,r_126_144_36,r_50_45_174,r_9_78_192,r_126_144_36,1,2,38,36,21
23,r_95_37_86,r_29_24_74,seq116,r_29_24_74,0.63,0,74,74,21
6,r_127_114_120,r_130_64_101,seq143,r_127_114_120,0.95,0,120,120,21
79,seq68,r_36_1_122,r_26_44_43,r_26_44_43,0.58,21,64,43,21
35,r_115_65_111,r_83_88_168,seq143,r_115_65_111,1,2,113,111,21
12,r_29_24_74,r_95_37_86,r_140_31_52,r_29_24_74,1,0,74,74,21
84,seq87,r_56_14_110,r_113_93_113,r_56_14_110,0.63,29,139,110,21
93,seq109,r_32_129_143,r_149_3_27,r_32_129_143,0.57,1,144,143,22
30,r_145_33_118,seq34,r_12_50_1,r_145_33_118,0.96,0,118,118,22
44,r_15_30_95,r_71_48_163,seq138,r_71_48_163,1,0,163,163,22
36,r_21_107_102,seq28,seq5,r_21_107_102,1,0,102,102,22
92,seq104,seq140,r_71_48_163,r_71_48_163,0.7,3,166,163,22
39,r_62_141_85,r_2_9_133,r_145_33_118,r_62_141_85,0.65,51,136,85,22
8,r_102_24_117,r_40_114_199,r_106_130_50,r_102_24_117,0.99,0,117,117,22
53,seq5,seq44,r_21_107_102,r_21_107_102,1,7,109,102,22
76,seq69,r_32_129_143,r_149_3_27,r_149_3_27,0.81,2,29,27,22
21,r_64_136_185,seq133,r_31_65_73,r_31_65_73,0.77,113,186,73,22
16,r_60_51_23,r_116_58_197,r_121_26_26,r_60_51_23,0.99,3,26,23,22
1,r_14_76_164,seq37,seq54,r_14_76_164,0.57,0,164,164,22
46,r_93_143_184,r_139_67_121,r_64_136_185,r_139_67_121,0.97,1,122,121,22
42,r_147_23_96,seq77,r_135_148_162,r_147_23_96,1,1,97,96,22
18,r_7_110_71,r_132_6_62,r_95_97_172,r_7_110_71,0.85,4,75,71,22
33,r_106_130_50,r_63_92_15,r_62_141_85,r_106_130_50,1,1,51,50,22
27,r_139_67_121,seq91,r_124_90_29,r_139_67_121,0.55,46,167,121,22
14,r_57_119_56,seq49,r_32_129_143,r_32_129_143,0.89,0,143,143,22
45,r_144_45_110,r_135_148_162,seq44,r_144_45_110,0.45,-50,60,110,22
2,r_63_92_15,r_74_36_156,r_106_130_50,r_63_92_15,0.88,3,18,15,22
34,r_149_3_27,seq120,seq69,r_149_3_27,1,0,27,27,22
43,r_52_94_89,r_96_46_49,seq146,r_96_46_49,0.96,0,49,49,22
2,r_63_92_15,seq47,r_124_90_29,r_63_92_15,0.54,162,177,15,22
45,r_144_45_110,seq56,seq19,r_144_45_110,0.63,57,167,110,22
33,r_106_130_50,seq146,r_102_24_117,r_102_24_117,0.73,21,138,117,22
31,r_121_26_26,r_112_59_17,r_60_51_23,r_121_26_26,0.95,-4,22,26,22
33,r_106_130_50,r_62_141_85,seq146,r_62_141_85,1,0,85,85,22
14,r_57_119_56,seq77,r_70_11_114,r_57_119_56,0.96,0,56,56,22
3,r_25_29_90,seq1,seq82,r_25_29_90,0.98,1,91,90,22
10,r_142_43_141,seq53,r_124_90_29,r_142_43_141,0.66,0,141,141,22
32,r_96_46_49,r_52_94_89,seq120,r_96_46_49,1,0,49,49,22
40,r_70_11_114,r_57_119_56,seq126,r_70_11_114,1,1,115,114,22
4,r_2_9_133,seq103,r_62_141_85,r_62_141_85,0.79,36,121,85,22
63,seq28,r_21_107_102,seq131,r_21_107_102,1,0,102,102,22
43,r_52_94_89,seq146,r_95_97_172,r_52_94_89,0.87,0,89,89,22
25,r_108_118_75,seq77,r_124_90_29,r_124_90_29,0.98,1,30,29,22
11,r_74_36_156,seq38,r_60_51_23,r_60_51_23,0.83,133,156,23,22
13,r_71_48_163,seq138,r_15_30_95,r_15_30_95,0.99,1,96,95,22
47,r_55_87_53,r_125_35_92,r_123_75_58,r_125_35_92,0.98,0,92,92,22
15,r_135_148_162,r_22_115_123,r_147_23_96,r_135_148_162,0.78,-39,123,162,22
48,r_88_89_84,seq0,seq16,r_88_89_84,1,2,86,84,22
12,r_31_65_73,r_17_66_187,r_93_143_184,r_31_65_73,0.54,112,185,73,22
13,r_71_48_163,r_15_30_95,seq104,r_71_48_163,0.99,0,163,163,22
20,r_112_59_17,r_121_26_26,r_137_18_12,r_112_59_17,0.94,1,18,17,22
27,r_139_67_121,r_93_143_184,r_62_141_85,r_62_141_85,0.74,37,122,85,22
22,r_124_90_29,r_108_118_75,r_60_51_23,r_108_118_75,1,0,75,75,22
2,r_63_92_15,r_106_130_50,seq47,r_106_130_50,0.89,1,51,50,22
47,r_55_87_53,seq49,r_125_35_92,r_55_87_53,0.95,0,53,53,22
40,r_70_11_114,r_142_43_141,r_57_119_56,r_57_119_56,1,15,71,56,22
45,r_144_45_110,r_108_118_75,seq56,r_108_118_75,0.61,34,109,75,22
74,seq138,r_71_48_163,r_15_30_95,r_15_30_95,0.97,30,125,95,22
18,r_7_110_71,seq100,r_132_6_62,r_132_6_62,0.63,3,65,62,22
29,r_125_35_92,r_21_107_102,seq16,r_125_35_92,0.99,0,92,92,22
28,r_41_39_178,r_88_89_84,r_4_101_57,r_41_39_178,0.98,-1,177,178,22
64,seq133,r_64_136_185,r_40_114_199,r_40_114_199,0.61,-13,186,199,22
14,r_57_119_56,r_70_11_114,seq49,r_70_11_114,0.99,1,115,114,22
4,r_2_9_133,r_62_141_85,r_31_65_73,r_62_141_85,0.73,52,137,85,22
39,r_62_141_85,seq146,r_106_130_50,r_106_130_50,1,2,52,50,22
43,r_52_94_89,r_95_97_172,r_22_115_123,r_22_115_123,0.98,17,140,123,22
25,r_108_118_75,r_124_90_29,seq0,r_108_118_75,1,0,75,75,22
39,r_62_141_85,r_145_33_118,r_60_51_23,r_62_141_85,0.53,67,152,85,22
75,seq68,seq77,r_63_92_15,r_63_92_15,0.39,74,89,15,22
33,r_106_130_50,r_57_119_56,r_63_92_15,r_106_130_50,0.72,-38,12,50,22
41,r_116_58_197,r_60_51_23,seq37,r_60_51_23,0.98,1,24,23,22
6,r_134_42_28,r_88_89_84,seq1,r_134_42_28,1,-1,27,28,22
1,r_14_76_164,r_116_58_197,seq37,r_116_58_197,0.27,-156,41,197,22
28,r_41_39_178,r_145_33_118,r_88_89_84,r_41_39_178,1,-60,118,178,22
5,r_4_101_57,seq80,seq100,r_4_101_57,1,1,58,57,22
15,r_135_148_162,r_147_23_96,seq84,r_135_148_162,0.85,1,163,162,22
49,r_117_128_147,seq84,seq127,r_117_128_147,0.7,1,148,147,22
24,r_123_75_58,r_15_30_95,seq28,r_123_75_58,1,0,58,58,22
0,r_83_61_46,r_88_89_84,r_149_3_27,r_83_61_46,1,2,48,46,22
44,r_15_30_95,seq100,r_71_48_163,r_15_30_95,0.97,1,96,95,22
23,r_17_66_187,r_88_89_84,r_31_65_73,r_31_65_73,0.71,0,73,73,22
22,r_124_90_29,seq56,r_108_118_75,r_124_90_29,0.92,0,29,29,22
35,r_22_115_123,r_135_148_162,r_52_94_89,r_22_115_123,0.84,0,123,123,22
12,r_31_65_73,r_32_129_143,r_17_66_187,r_31_65_73,1,0,73,73,22
23,r_17_66_187,r_31_65_73,r_12_50_1,r_31_65_73,0.77,114,187,73,22
2,r_48_128_70,r_57_149_121,r_92_138_82,r_92_138_82,0.53,99,181,82,23
36,r_89_101_140,r_129_14_37,r_63_118_91,r_63_118_91,1,-1,90,91,23
53,seq7,seq9,r_35_134_95,r_35_134_95,0.86,-3,92,95,23
43,r_38_67_166,r_50_1_66,r_12_86_4,r_50_1_66,0.97,0,66,66,23
36,r_89_101_140,seq117,r_140_145_183,r_140_145_183,0.55,2,185,183,23
30,r_129_14_37,r_120_4_162,seq32,r_129_14_37,0.99,1,38,37,23
91,seq98,seq17,r_125_36_40,r_125_36_40,0.99,17,57,40,23
54,seq136,r_140_145_183,r_57_149_121,r_57_149_121,0.81,56,177,121,23
37,r_13_105_167,seq71,seq42,r_13_105_167,0.66,0,167,167,23
3,r_45_108_11,r_106_0_68,seq26,r_45_108_11,0.84,0,11,11,23
19,r_144_18_175,seq56,r_122_55_104,r_144_18_175,0.6,0,175,175,23
65,seq27,r_90_30_51,seq146,r_90_30_51,0.52,129,180,51,23
86,seq91,seq135,r_116_15_93,r_116_15_93,1,0,93,93,23
16,r_20_88_168,seq70,r_89_101_140,r_20_88_168,0.46,0,168,168,23
1,r_41_52_170,r_139_127_160,seq21,r_41_52_170,0.54,-10,160,170,23
5,r_122_55_104,r_22_102_153,r_143_137_142,r_122_55_104,0.83,46,150,104,23
5,r_122_55_104,seq121,r_22_102_153,r_122_55_104,0.96,0,104,104,23
46,r_81_28_149,seq147,seq51,r_81_28_149,0.79,0,149,149,23
42,r_139_127_160,r_41_52_170,seq62,r_139_127_160,0.59,0,160,160,23
23,r_140_145_183,r_50_1_66,r_106_0_68,r_140_145_183,0.69,-115,68,183,23
43,r_38_67_166,r_12_86_4,r_57_149_121,r_57_149_121,1,0,121,121,23
21,r_125_36_40,seq60,seq98,r_125_36_40,0.94,5,45,40,23
24,r_12_86_4,r_38_67_166,r_57_149_121,r_57_149_121,0.71,45,166,121,23
23,r_140_145_183,r_54_133_48,r_50_1_66,r_54_133_48,0.73,-4,44,48,23
33,r_16_66_139,r_48_128_70,seq7,r_16_66_139,1,2,141,139,23
2,r_48_128_70,r_16_66_139,r_57_149_121,r_48_128_70,0.99,69,139,70,23
95,seq117,r_92_138_82,seq33,r_92_138_82,0.99,0,82,82,23
76,seq56,r_144_18_175,r_83_115_94,r_83_115_94,1,37,131,94,23
23,r_140_145_183,r_106_0_68,r_92_138_82,r_92_138_82,1,6,88,82,23
67,seq32,seq3,r_99_72_74,r_99_72_74,1,47,121,74,23
89,seq96,r_148_29_65,seq32,r_148_29_65,1,1,66,65,23
10,r_35_134_95,r_122_55_104,seq7,r_35_134_95,0.67,0,95,95,23
35,r_61_112_172,r_59_39_108,r_54_133_48,r_61_112_172,0.98,-117,55,172,23
26,r_92_138_82,r_116_15_93,r_140_145_183,r_92_138_82,0.98,0,82,82,23
8,r_111_103_10,seq117,r_61_112_172,r_111_103_10,0.61,160,170,10,23
0,r_63_118_91,r_22_102_153,r_89_101_140,r_63_118_91,1,-1,90,91,23
11,r_74_114_169,seq131,seq70,r_74_114_169,0.63,1,170,169,23
20,r_22_102_153,seq123,r_54_133_48,r_22_102_153,0.91,0,153,153,23
13,r_50_1_66,r_38_67_166,seq64,r_50_1_66,1,0,66,66,23
15,r_59_39_108,seq126,r_37_58_53,r_59_39_108,0.97,0,108,108,23
48,r_124_107_132,seq27,seq47,r_124_107_132,0.91,0,132,132,23
7,r_54_133_48,r_140_145_183,r_100_110_38,r_54_133_48,1,0,48,48,23
4,r_57_149_121,r_87_104_135,r_38_67_166,r_57_149_121,0.98,0,121,121,23
14,r_40_10_36,r_48_128_70,seq121,r_40_10_36,1,0,36,36,23
6,r_106_0_68,r_25_132_77,r_140_145_183,r_106_0_68,1,0,68,68,23
65,seq27,r_73_78_21,r_124_107_132,r_73_78_21,1,1,22,21,23
36,r_89_101_140,r_63_118_91,seq117,r_89_101_140,0.69,0,140,140,23
85,seq80,seq70,r_81_28_149,r_81_28_149,0.93,14,163,149,23
4,r_57_149_121,seq142,r_87_104_135,r_57_149_121,0.41,-69,52,121,23
9,r_37_58_53,r_90_30_51,seq17,r_37_58_53,0.96,0,53,53,23
19,r_144_18_175,r_100_110_38,seq56,r_100_110_38,0.99,0,38,38,23
40,r_143_137_142,seq97,r_122_55_104,r_143_137_142,0.93,0,142,142,23
2,r_48_128_70,r_45_108_11,r_16_66_139,r_48_128_70,0.99,0,70,70,23
8,r_111_103_10,r_38_67_166,seq117,r_111_103_10,0.89,0,10,10,23
35,r_61_112_172,r_54_133_48,r_111_103_10,r_61_112_172,0.63,0,172,172,23
25,r_99_72_74,seq109,seq32,r_99_72_74,1,0,74,74,23
33,r_16_66_139,r_38_67_166,r_48_128_70,r_48_128_70,1,2,72,70,23
65,seq27,r_124_107_132,r_90_30_51,r_124_107_132,0.9,3,135,132,23
1,r_41_52_170,seq21,r_87_104_135,r_41_52_170,0.76,0,170,170,23
47,r_43_85_146,seq3,r_122_55_104,r_43_85_146,0.8,0,146,146,23
27,r_87_104_135,r_100_110_38,r_68_65_33,r_87_104_135,0.65,-101,34,135,23
6,r_106_0_68,r_140_145_183,r_92_138_82,r_106_0_68,0.81,88,156,68,23
32,r_141_84_60,seq95,r_90_30_51,r_141_84_60,1,0,60,60,23
38,r_25_132_77,r_106_0_68,seq119,r_25_132_77,1,0,77,77,23
23,r_140_145_183,r_92_138_82,r_89_101_140,r_140_145_183,0.68,0,183,183,23
52,seq5,r_120_4_162,seq11,r_120_4_162,1,0,162,162,23
29,r_90_30_51,r_37_58_53,seq19,r_90_30_51,0.94,1,52,51,23
34,r_44_75_117,seq95,seq46,r_44_75_117,0.96,0,117,117,23
49,r_73_78_21,seq27,seq131,r_73_78_21,0.86,0,21,21,23
43,r_38_67_166,r_57_149_121,r_87_104_135,r_38_67_166,0.98,0,166,166,23
17,r_148_29_65,seq96,seq26,r_148_29_65,1,4,69,65,23
26,r_92_138_82,r_140_145_183,r_48_128_70,r_140_145_183,0.89,-4,179,183,23
96,seq119,seq64,r_25_132_77,r_25_132_77,1,52,129,77,23
0,r_63_118_91,r_89_101_140,r_129_14_37,r_89_101_140,1,-3,137,140,23
22,r_34_6_133,seq71,r_99_72_74,r_34_6_133,0.94,0,133,133,23
28,r_83_115_94,seq51,seq56,r_83_115_94,0.97,0,94,94,23
29,r_90_30_51,seq19,r_141_84_60,r_90_30_51,0.54,31,82,51,23
36,r_89_101_140,seq96,r_129_14_37,r_129_14_37,1,3,40,37,23
44,r_8_79_64,r_120_4_162,seq11,r_120_4_162,1,-85,77,162,23
45,r_94_82_20,r_54_133_48,seq93,r_94_82_20,1,0,20,20,23
39,r_68_65_33,seq96,r_87_104_135,r_68_65_33,1,0,33,33,23
4,r_57_149_121,r_38_67_166,r_12_86_4,r_38_67_166,1,0,166,166,23
12,r_100_110_38,r_144_18_175,seq126,r_100_110_38,1,0,38,38,23
2,r_48_128_70,r_40_10_36,r_45_108_11,r_40_10_36,0.99,0,36,36,23
9,r_37_58_53,seq17,r_59_39_108,r_59_39_108,1,3,111,108,23
91,seq113,seq87,r_89_17_11,r_89_17_11,0.83,48,59,11,24
36,r_36_106_99,seq52,seq83,r_36_106_99,0.93,0,99,99,24
9,r_85_109_30,r_73_60_156,r_28_43_26,r_73_60_156,0.93,-5,151,156,24
92,seq114,r_35_10_100,seq38,r_35_10_100,0.92,1,101,100,24
8,r_110_19_107,seq46,r_27_108_77,r_110_19_107,0.52,1,108,107,24
41,r_13_4_49,seq40,seq46,r_13_4_49,1,0,49,49,24
30,r_107_138_56,r_126_33_67,seq117,r_107_138_56,0.97,0,56,56,24
54,seq7,seq134,r_8_49_116,r_8_49_116,1,4,120,116,24
40,r_71_136_121,r_115_54_28,seq66,r_71_136_121,1,0,121,121,24
37,r_148_56_152,r_8_49_116,r_1_99_53,r_1_99_53,0.87,63,116,53,24
85,seq87,seq113,r_89_17_11,r_89_17_11,1,6,17,11,24
37,r_148_56_152,r_1_99_53,r_28_43_26,r_148_56_152,1,0,152,152,24
19,r_125_21_193,r_23_42_93,seq145,r_125_21_193,0.81,-165,28,193,24
16,r_35_10_100,seq114,r_14_93_171,r_35_10_100,0.99,0,100,100,24
1,r_77_25_71,r_111_3_102,r_115_54_28,r_77_25_71,1,0,71,71,24
46,r_27_108_77,seq29,r_125_21_193,r_27_108_77,1,0,77,77,24
42,r_128_88_118,seq129,seq145,r_128_88_118,0.88,0,118,118,24
31,r_102_94_158,r_92_34_87,seq124,r_102_94_158,0.93,0,158,158,24
32,r_115_54_28,r_71_136_121,r_77_25_71,r_115_54_28,0.68,94,122,28,24
7,r_1_99_53,r_148_56_152,r_75_68_6,r_148_56_152,1,0,152,152,24
45,r_92_34_87,seq24,r_102_94_158,r_92_34_87,1,3,90,87,24
38,r_47_91_136,r_73_60_156,r_45_51_3,r_45_51_3,0.54,32,35,3,24
0,r_73_60_156,r_67_100_34,r_85_109_30,r_73_60_156,1,-121,35,156,24
10,r_45_51_3,r_57_98_160,r_28_43_26,r_28_43_26,0.64,134,160,26,24
14,r_14_93_171,seq37,r_35_10_100,r_35_10_100,0.99,-2,98,100,24
20,r_116_90_101,seq38,seq86,r_116_90_101,1,0,101,101,24
13,r_61_31_166,seq124,r_128_88_118,r_61_31_166,0.63,0,166,166,24
46,r_27_108_77,r_125_21_193,r_110_19_107,r_27_108_77,0.39,111,188,77,24
15,r_95_48_81,r_71_136_121,r_1_99_53,r_95_48_81,0.95,1,82,81,24
11,r_141_97_50,seq101,seq86,r_141_97_50,1,1,51,50,24
4,r_67_100_34,r_128_88_118,r_23_42_93,r_67_100_34,0.9,61,95,34,24
19,r_125_21_193,r_23_42_93,r_27_108_77,r_125_21_193,0.81,-109,84,193,24
84,seq86,r_141_97_50,r_116_90_101,r_116_90_101,1,8,109,101,24
6,r_23_42_93,r_135_81_199,r_67_100_34,r_23_42_93,1,0,93,93,24
48,r_89_17_11,r_77_25_71,seq87,r_89_17_11,1,-1,10,11,24
29,r_139_11_90,seq147,r_126_33_67,r_126_33_67,0.69,40,107,67,24
0,r_73_60_156,r_85_109_30,seq38,r_85_109_30,0.56,126,156,30,24
4,r_67_100_34,seq39,r_128_88_118,r_67_100_34,0.62,0,34,34,24
27,r_57_98_160,r_45_51_3,r_53_76_16,r_57_98_160,0.63,0,160,160,24
49,r_32_118_39,seq62,seq104,r_32_118_39,1,0,39,39,24
42,r_128_88_118,seq145,r_61_31_166,r_61_31_166,0.93,6,172,166,24
87,seq144,r_74_112_181,r_32_118_39,r_32_118_39,1,33,72,39,24
40,r_71_136_121,r_77_25_71,r_115_54_28,r_115_54_28,0.61,63,91,28,24
65,seq38,seq114,r_47_91_136,r_47_91_136,0.93,8,144,136,24
47,r_8_49_116,r_148_56_152,seq7,r_8_49_116,0.68,0,116,116,24
3,r_121_140_52,seq86,seq29,r_121_140_52,1,0,52,52,24
40,r_71_136_121,r_95_48_81,r_77_25_71,r_71_136_121,0.55,-47,74,121,24
18,r_20_142_189,seq96,r_85_109_30,r_20_142_189,0.25,1,190,189,24
29,r_139_11_90,seq7,seq147,r_139_11_90,0.65,0,90,90,24
24,r_0_72_141,seq120,seq131,r_0_72_141,0.75,0,141,141,24
25,r_111_3_102,seq104,r_55_84_184,r_111_3_102,1,0,102,102,24
44,r_9_146_44,r_13_4_49,seq149,r_9_146_44,1,1,45,44,24
65,seq38,r_116_90_101,seq114,r_116_90_101,0.81,0,101,101,24
14,r_14_93_171,r_35_10_100,seq145,r_14_93_171,1,0,171,171,24
53,seq6,r_121_140_52,seq65,r_121_140_52,0.8,-6,46,52,24
60,seq149,r_132_105_197,r_9_146_44,r_9_146_44,1,7,51,44,24
33,r_28_43_26,r_14_93_171,seq39,r_28_43_26,0.94,1,27,26,24
9,r_85_109_30,seq147,r_73_60_156,r_85_109_30,0.94,0,30,30,24
45,r_92_34_87,r_102_94_158,r_55_84_184,r_102_94_158,0.71,0,158,158,24
31,r_102_94_158,r_55_84_184,r_92_34_87,r_92_34_87,0.96,0,87,87,24
14,r_14_93_171,r_28_43_26,seq37,r_28_43_26,1,2,28,26,24
28,r_126_33_67,r_107_138_56,seq147,r_107_138_56,1,0,56,56,24
17,r_80_22_115,seq59,seq123,r_80_22_115,0.96,1,116,115,24
32,r_115_54_28,r_121_140_52,r_71_136_121,r_115_54_28,0.99,1,29,28,24
10,r_45_51_3,r_28_43_26,seq86,r_28_43_26,0.37,152,178,26,24
26,r_55_84_184,seq149,r_111_3_102,r_111_3_102,0.95,0,102,102,24
43,r_18_70_178,seq134,seq62,r_18_70_178,0.7,0,178,178,24
16,r_35_10_100,r_14_93_171,seq41,r_14_93_171,0.87,-21,150,171,24
7,r_1_99_53,seq38,r_148_56_152,r_1_99_53,1,0,53,53,24
31,r_102_94_158,r_23_42_93,r_132_105_197,r_132_105_197,0.44,-166,31,197,24
26,r_55_84_184,r_111_3_102,r_92_34_87,r_55_84_184,0.76,0,184,184,24
29,r_139_11_90,r_126_33_67,seq147,r_139_11_90,0.49,49,139,90,24
44,r_25_60_142,r_79_49_11,seq29,r_25_60_142,0.66,-1,141,142,25
45,r_102_10_43,r_61_14_155,seq24,r_102_10_43,1,0,43,43,25
36,r_92_31_79,seq8,r_117_9_150,r_117_9_150,0.41,-83,67,150,25
27,r_52_119_94,r_148_142_29,r_70_62_36,r_52_119_94,0.47,5,99,94,25
24,r_148_142_29,r_108_75_84,r_52_119_94,r_148_142_29,0.89,55,84,29,25
38,r_109_38_78,r_99_22_17,seq73,r_109_38_78,1,0,78,78,25
44,r_25_60_142,seq12,r_79_49_11,r_79_49_11,0.92,3,14,11,25
59,seq11,r_35_81_89,seq82,r_35_81_89,0.98,0,89,89,25
39,r_103_149_65,r_90_97_144,seq1,r_103_149_65,1,1,66,65,25
34,r_145_0_42,seq86,seq41,r_145_0_42,1,0,42,42,25
1,r_58_115_166,r_130_78_80,r_123_53_33,r_58_115_166,0.9,-86,80,166,25
46,r_66_93_103,r_76_116_64,seq1,r_66_93_103,1,0,103,103,25
42,r_118_36_174,seq95,r_46_125_122,r_46_125_122,1,16,138,122,25
57,seq8,r_92_31_79,seq94,r_92_31_79,0.87,-26,53,79,25
80,seq139,r_26_57_133,seq128,r_26_57_133,1,0,133,133,25
3,r_40_71_15,r_70_62_36,seq21,r_40_71_15,0.86,-1,14,15,25
21,r_117_9_150,r_7_112_20,r_92_31_79,r_117_9_150,0.82,-128,22,150,25
89,seq86,r_145_0_42,seq16,r_145_0_42,1,0,42,42,25
36,r_92_31_79,r_117_9_150,r_106_140_161,r_92_31_79,0.99,0,79,79,25
33,r_61_14_155,seq29,r_121_107_112,r_121_107_112,0.62,43,155,112,25
43,r_87_127_58,r_90_97_144,r_111_30_48,r_87_127_58,1,0,58,58,25
65,seq20,r_32_122_96,r_70_62_36,r_32_122_96,0.83,-56,40,96,25
37,r_55_65_26,r_143_114_71,seq48,r_55_65_26,0.98,0,26,26,25
41,r_98_13_162,seq137,seq131,r_98_13_162,0.62,0,162,162,25
10,r_99_22_17,r_98_13_162,r_109_38_78,r_99_22_17,0.98,0,17,17,25
71,seq34,r_148_142_29,seq29,r_148_142_29,0.97,-1,28,29,25
21,r_117_9_150,seq8,r_52_119_94,r_117_9_150,0.83,-6,144,150,25
42,r_118_36_174,r_46_125_122,seq33,r_118_36_174,0.96,0,174,174,25
4,r_106_140_161,r_27_138_157,seq69,r_27_138_157,0.56,2,159,157,25
24,r_148_142_29,r_52_119_94,r_44_110_127,r_44_110_127,0.95,-5,122,127,25
1,r_58_115_166,r_123_53_33,r_121_107_112,r_121_107_112,0.98,1,113,112,25
0,r_35_81_89,seq11,seq95,r_35_81_89,1,0,89,89,25
7,r_143_114_71,r_7_112_20,r_72_3_57,r_143_114_71,0.97,0,71,71,25
27,r_52_119_94,r_87_127_58,r_148_142_29,r_52_119_94,0.68,-13,81,94,25
26,r_51_101_54,r_72_3_57,r_85_19_141,r_72_3_57,0.48,-6,51,57,25
15,r_90_97_144,seq24,r_123_53_33,r_90_97_144,0.86,0,144,144,25
48,r_17_18_104,seq20,seq15,r_17_18_104,0.99,0,104,104,25
17,r_123_53_33,seq126,r_99_22_17,r_123_53_33,0.64,0,33,33,25
27,r_52_119_94,r_17_18_104,r_87_127_58,r_52_119_94,0.5,-38,56,94,25
7,r_143_114_71,r_55_65_26,r_7_112_20,r_143_114_71,0.95,-47,24,71,25
20,r_111_30_48,seq1,r_7_112_20,r_111_30_48,0.96,0,48,48,25
51,seq1,seq37,r_103_149_65,r_103_149_65,0.81,1,66,65,25
13,r_47_63_117,r_76_116_64,r_35_81_89,r_47_63_117,0.36,47,164,117,25
10,r_99_22_17,r_109_38_78,r_123_53_33,r_109_38_78,1,0,78,78,25
33,r_61_14_155,r_102_10_43,seq29,r_61_14_155,0.52,-115,40,155,25
22,r_44_110_127,r_102_10_43,r_148_142_29,r_44_110_127,1,0,127,127,25
38,r_109_38_78,r_58_115_166,r_99_22_17,r_99_22_17,0.77,5,22,17,25
40,r_27_138_157,r_106_140_161,seq128,r_27_138_157,0.81,0,157,157,25
16,r_68_147_45,r_90_97_144,r_39_56_110,r_68_147_45,0.99,0,45,45,25
5,r_7_112_20,r_143_114_71,r_111_30_48,r_7_112_20,0.93,53,73,20,25
18,r_85_19_141,r_51_101_54,seq48,r_85_19_141,0.66,0,141,141,25
29,r_130_78_80,r_58_115_166,seq37,r_130_78_80,1,2,82,80,25
20,r_111_30_48,r_7_112_20,r_87_127_58,r_87_127_58,0.59,48,106,58,25
24,r_148_142_29,seq34,r_108_75_84,r_148_142_29,0.99,0,29,29,25
31,r_70_62_36,r_108_75_84,seq20,r_108_75_84,0.61,-35,49,84,25
66,seq21,r_143_114_71,r_40_71_15,r_40_71_15,0.92,-1,14,15,25
6,r_72_3_57,r_143_114_71,r_23_105_3,r_143_114_71,0.3,110,181,71,25
1,r_58_115_166,r_121_107_112,seq74,r_58_115_166,0.95,0,166,166,25
32,r_76_116_64,r_136_104_82,r_66_93_103,r_76_116_64,0.89,0,64,64,25
32,r_76_116_64,r_52_119_94,r_51_101_54,r_76_116_64,0.57,116,180,64,25
36,r_92_31_79,r_106_140_161,r_26_57_133,r_92_31_79,0.69,54,133,79,25
16,r_68_147_45,r_39_56_110,seq144,r_39_56_110,0.99,-6,104,110,25
94,seq95,r_118_36_174,r_35_81_89,r_35_81_89,1,18,107,89,25
5,r_7_112_20,r_117_9_150,r_143_114_71,r_7_112_20,0.9,0,20,20,25
9,r_46_125_122,seq146,r_35_81_89,r_46_125_122,1,0,122,122,25
31,r_70_62_36,seq20,r_52_119_94,r_70_62_36,0.67,74,110,36,25
8,r_32_122_96,r_17_18_104,seq88,r_32_122_96,0.93,0,96,96,25
28,r_79_49_11,r_25_60_142,seq12,r_25_60_142,0.75,0,142,142,25
22,r_44_110_127,seq124,r_102_10_43,r_102_10_43,0.79,22,65,43,25
23,r_121_107_112,r_58_115_166,r_61_14_155,r_121_107_112,0.93,54,166,112,25
49,r_26_57_133,seq41,r_92_31_79,r_26_57_133,0.99,0,133,133,25
72,seq37,seq1,r_130_78_80,r_130_78_80,0.91,21,101,80,25
32,r_76_116_64,r_54_120_5,r_52_119_94,r_52_119_94,0.57,66,160,94,25
11,r_108_75_84,r_148_142_29,seq69,r_108_75_84,1,0,84,84,25
23,r_121_107_112,r_118_36_174,r_58_115_166,r_58_115_166,0.85,-54,112,166,25
11,r_108_75_84,r_70_62_36,r_148_142_29,r_148_142_29,0.82,10,39,29,25
17,r_123_53_33,r_99_22_17,r_90_97_144,r_90_97_144,0.97,4,148,144,25
32,r_76_116_64,r_66_93_103,r_54_120_5,r_76_116_64,0.52,39,103,64,25
6,r_72_3_57,seq20,r_143_114_71,r_72_3_57,1,0,57,57,25
35,r_136_104_82,seq33,seq5,r_136_104_82,1,0,82,82,25
12,r_39_56_110,seq144,seq64,r_39_56_110,0.87,0,110,110,25
30,r_20_98_123,seq99,seq53,r_20_98_123,0.95,0,123,123,26
36,r_29_70_114,seq44,r_74_130_49,r_74_130_49,0.98,66,115,49,26
27,r_79_68_158,r_49_144_121,r_0_88_17,r_0_88_17,1,3,20,17,26
47,r_0_88_17,seq4,r_79_68_158,r_0_88_17,0.98,0,17,17,26
9,r_32_128_11,seq77,seq39,r_32_128_11,0.39,159,170,11,26
48,r_114_16_32,seq23,seq33,r_114_16_32,1,1,33,32,26
44,r_1_146_51,seq111,r_2_103_41,r_2_103_41,0.7,1,42,41,26
54,seq138,r_10_61_150,r_102_73_91,r_102_73_91,0.85,59,150,91,26
37,r_95_96_129,seq28,r_8_46_130,r_95_96_129,0.9,2,131,129,26
20,r_125_149_40,seq35,seq28,r_125_149_40,1,0,40,40,26
40,r_139_140_89,r_50_15_47,seq7,r_50_15_47,0.98,0,47,47,26
86,seq97,seq25,r_75_92_31,r_75_92_31,0.97,31,62,31,26
16,r_104_112_71,seq30,seq113,r_104_112_71,0.82,0,71,71,26
21,r_102_73_91,seq53,seq138,r_102_73_91,0.99,1,92,91,26
39,r_71_38_65,r_19_141_101,seq137,r_71_38_65,0.48,0,65,65,26
37,r_95_96_129,r_8_46_130,r_17_100_177,r_95_96_129,0.59,49,178,129,26
46,r_115_94_119,seq66,seq35,r_115_94_119,0.9,0,119,119,26
42,r_41_27_74,seq25,r_136_80_19,r_41_27_74,0.58,1,75,74,26
45,r_89_14_180,r_26_131_166,r_129_63_105,r_89_14_180,0.57,-14,166,180,26
9,r_32_128_11,r_127_126_53,r_132_57_100,r_32_128_11,0.57,0,11,11,26
19,r_147_83_161,seq59,r_60_148_137,r_147_83_161,0.66,0,161,161,26
43,r_132_57_100,r_110_117_38,r_32_128_11,r_132_57_100,0.87,-59,41,100,26
62,seq34,seq35,r_127_126_53,r_127_126_53,0.94,0,53,53,26
27,r_79_68_158,r_0_88_17,r_121_12_3,r_0_88_17,0.61,141,158,17,26
29,r_110_117_38,r_132_57_100,seq7,r_110_117_38,0.96,0,38,38,26
61,seq33,seq122,r_114_16_32,r_114_16_32,1,2,34,32,26
3,r_52_62_55,r_115_94_119,seq134,r_52_62_55,1,0,55,55,26
41,r_17_100_177,seq106,r_95_96_129,r_17_100_177,0.53,1,178,177,26
26,r_74_130_49,r_58_9_127,r_0_88_17,r_74_130_49,1,0,49,49,26
10,r_143_118_113,seq36,seq44,r_143_118_113,0.94,0,113,113,26
90,seq107,r_89_14_180,r_143_118_113,r_143_118_113,0.98,67,180,113,26
72,seq53,r_102_73_91,seq122,r_102_73_91,1,0,91,91,26
33,r_10_61_150,r_104_112_71,r_89_14_180,r_10_61_150,0.62,30,180,150,26
0,r_49_144_121,r_79_68_158,seq6,r_79_68_158,0.56,-37,121,158,26
42,r_41_27_74,seq6,r_110_117_38,r_41_27_74,0.38,66,140,74,26
15,r_37_65_144,seq109,r_125_149_40,r_37_65_144,0.8,0,144,144,26
13,r_127_126_53,seq6,seq34,r_127_126_53,1,0,53,53,26
12,r_60_148_137,r_79_68_158,r_49_144_121,r_79_68_158,0.99,-21,137,158,26
40,r_139_140_89,r_2_103_41,r_132_57_100,r_139_140_89,0.42,63,152,89,26
8,r_133_45_36,r_104_112_71,seq36,r_133_45_36,0.99,0,36,36,26
35,r_42_145_9,seq120,seq134,r_42_145_9,0.92,3,12,9,26
12,r_60_148_137,r_2_103_41,r_79_68_158,r_2_103_41,1,0,41,41,26
2,r_11_22_142,r_19_141_101,r_147_83_161,r_19_141_101,0.98,0,101,101,26
24,r_21_105_117,seq40,seq53,r_21_105_117,0.97,0,117,117,26
25,r_129_63_105,r_79_68_158,seq44,r_129_63_105,0.87,2,107,105,26
43,r_132_57_100,r_32_128_11,r_139_140_89,r_132_57_100,1,1,101,100,26
33,r_10_61_150,seq138,r_104_112_71,r_10_61_150,0.75,0,150,150,26
31,r_58_9_127,r_74_130_49,seq36,r_74_130_49,0.86,0,49,49,26
5,r_18_90_44,r_74_130_49,seq6,r_18_90_44,1,0,44,44,26
44,r_1_146_51,r_55_47_20,seq111,r_55_47_20,0.79,0,20,20,26
47,r_0_88_17,r_79_68_158,r_74_130_49,r_0_88_17,0.82,141,158,17,26
4,r_121_12_3,seq7,r_79_68_158,r_121_12_3,0.67,151,154,3,26
32,r_31_24_185,r_129_63_105,seq33,r_31_24_185,0.73,-47,138,185,26
38,r_26_131_166,r_89_14_180,r_1_146_51,r_26_131_166,0.49,0,166,166,26
18,r_2_103_41,seq111,r_132_57_100,r_132_57_100,1,2,102,100,26
77,seq66,r_115_94_119,seq84,r_115_94_119,1,-2,117,119,26
40,r_139_140_89,seq7,r_2_103_41,r_139_140_89,0.99,0,89,89,26
34,r_19_141_101,r_71_38_65,r_11_22_142,r_71_38_65,1,-2,63,65,26
17,r_91_82_73,seq93,seq34,r_91_82_73,1,0,73,73,26
62,seq34,r_127_126_53,r_91_82_73,r_91_82_73,0.59,24,97,73,26
45,r_89_14_180,r_129_63_105,r_10_61_150,r_129_63_105,0.73,75,180,105,26
14,r_75_92_31,seq135,seq97,r_75_92_31,1,0,31,31,26
96,seq120,r_20_98_123,seq67,r_20_98_123,0.5,-5,118,123,26
31,r_58_9_127,seq36,r_75_92_31,r_58_9_127,0.91,0,127,127,26
32,r_31_24_185,seq33,r_18_90_44,r_18_90_44,0.58,141,185,44,26
63,seq35,r_50_15_47,r_76_72_154,r_76_72_154,0.62,5,159,154,26
36,r_29_70_114,r_74_130_49,r_55_47_20,r_29_70_114,0.69,29,143,114,26
34,r_19_141_101,r_11_22_142,seq4,r_19_141_101,1,0,101,101,26
18,r_2_103_41,r_60_148_137,r_1_146_51,r_2_103_41,0.85,0,41,41,26
18,r_2_103_41,r_1_146_51,seq111,r_1_146_51,0.74,1,52,51,26
42,r_41_27_74,r_136_80_19,seq6,r_136_80_19,0.64,70,89,19,26
44,r_1_146_51,r_2_103_41,seq23,r_1_146_51,0.77,1,52,51,26
53,seq137,r_2_103_41,r_89_14_180,r_2_103_41,1,0,41,41,26
7,r_76_72_154,seq6,seq35,r_76_72_154,0.43,0,154,154,26
23,r_8_46_130,seq84,seq119,r_8_46_130,0.44,-65,65,130,26
2,r_11_22_142,r_147_83_161,seq109,r_11_22_142,0.95,1,143,142,26
1,r_55_47_20,r_1_146_51,seq135,r_55_47_20,1,0,20,20,26
22,r_50_15_47,r_139_140_89,seq35,r_50_15_47,0.98,0,47,47,26
0,r_49_144_121,seq6,r_60_148_137,r_60_148_137,0.91,10,147,137,26
23,r_8_46_130,seq119,r_133_45_36,r_8_46_130,1,0,130,130,26
40,r_138_92_7,r_57_143_94,seq126,r_57_143_94,1,0,94,94,27
36,r_2_8_76,seq72,r_9_135_16,r_2_8_76,1,0,76,76,27
19,r_39_95_170,r_7_37_114,r_111_34_17,r_39_95_170,0.98,0,170,170,27
14,r_64_114_61,r_93_42_177,seq106,r_64_114_61,1,3,64,61,27
53,seq136,r_102_140_174,r_141_118_25,r_141_118_25,0.75,149,174,25,27
43,r_142_22_112,r_39_95_170,seq46,r_142_22_112,0.99,0,112,112,27
9,r_7_37_114,r_110_131_36,r_93_42_177,r_93_42_177,0.89,1,178,177,27
90,seq106,r_5_20_158,r_110_131_36,r_110_131_36,0.78,1,37,36,27
37,r_9_135_16,seq76,r_2_8_76,r_2_8_76,1,1,77,76,27
55,seq10,seq35,r_119_80_46,r_119_80_46,1,48,94,46,27
23,r_73_52_97,r_99_98_4,r_57_143_94,r_73_52_97,0.99,0,97,97,27
86,seq100,seq45,r_32_97_82,r_32_97_82,0.68,6,88,82,27
16,r_19_124_173,seq91,r_50_4_165,r_19_124_173,0.8,0,173,173,27
46,r_129_18_29,r_132_49_5,seq55,r_129_18_29,0.43,28,57,29,27
5,r_147_47_179,r_134_108_192,seq53,r_147_47_179,0.7,0,179,179,27
48,r_110_131_36,seq30,seq106,r_110_131_36,0.81,0,36,36,27
80,seq79,r_41_6_125,seq30,r_41_6_125,1,0,125,125,27
83,seq90,r_27_127_172,r_57_143_94,r_57_143_94,0.98,78,172,94,27
23,r_73_52_97,r_146_145_45,r_99_98_4,r_146_145_45,0.99,-1,44,45,27
19,r_39_95_170,r_142_22_112,r_7_37_114,r_39_95_170,0.97,-57,113,170,27
25,r_33_66_80,r_67_120_93,seq25,r_33_66_80,0.5,-33,47,80,27
39,r_86_83_119,r_32_97_82,r_113_54_132,r_113_54_132,0.56,19,151,132,27
76,seq72,seq51,r_16_116_27,r_16_116_27,0.77,44,71,27,27
92,seq109,r_149_29_143,r_111_34_17,r_111_34_17,0.89,4,21,17,27
31,r_67_120_93,seq53,seq14,r_67_120_93,0.76,0,93,93,27
21,r_16_116_27,seq90,seq72,r_16_116_27,1,0,27,27,27
41,r_134_108_192,r_147_47_179,r_33_66_80,r_33_66_80,0.63,112,192,80,27
73,seq59,seq122,r_141_118_25,r_141_118_25,1,1,26,25,27
10,r_94_85_120,seq35,r_2_8_76,r_94_85_120,1,0,120,120,27
4,r_50_4_165,seq126,seq46,r_50_4_165,0.71,0,165,165,27
0,r_69_43_123,seq31,seq46,r_69_43_123,0.85,0,123,123,27
83,seq90,r_16_116_27,r_27_127_172,r_16_116_27,0.99,-6,21,27,27
20,r_5_20_158,r_39_95_170,r_7_37_114,r_7_37_114,1,11,125,114,27
2,r_99_98_4,r_73_52_97,seq115,r_73_52_97,0.69,-43,54,97,27
13,r_128_17_89,seq96,seq12,r_128_17_89,0.97,0,89,89,27
15,r_88_148_147,seq104,seq126,r_88_148_147,0.74,1,148,147,27
46,r_129_18_29,seq55,r_142_22_112,r_142_22_112,1,33,145,112,27
6,r_93_42_177,seq91,r_7_37_114,r_93_42_177,0.61,0,177,177,27
30,r_111_34_17,seq30,seq109,r_111_34_17,0.99,0,17,17,27
85,seq96,r_40_87_152,r_73_52_97,r_73_52_97,0.87,48,145,97,27
3,r_75_82_12,r_88_148_147,seq46,r_75_82_12,0.76,0,12,12,27
8,r_141_118_25,seq14,seq59,r_141_118_25,1,0,25,25,27
25,r_33_66_80,seq25,r_134_108_192,r_33_66_80,0.59,-16,64,80,27
9,r_7_37_114,r_5_20_158,r_110_131_36,r_5_20_158,0.85,0,158,158,27
18,r_40_87_152,r_7_37_114,r_27_127_172,r_7_37_114,0.77,0,114,114,27
29,r_113_54_132,r_32_97_82,r_105_58_180,r_32_97_82,0.96,4,86,82,27
46,r_129_18_29,r_89_139_35,r_132_49_5,r_129_18_29,0.82,1,30,29,27
27,r_61_23_32,seq46,seq36,r_61_23_32,0.63,0,32,32,27
24,r_38_71_102,seq68,seq126,r_38_71_102,0.93,1,103,102,27
33,r_102_140_174,seq136,r_67_120_93,r_102_140_174,0.45,0,174,174,27
88,seq103,r_105_58_180,seq76,r_105_58_180,0.85,-61,119,180,27
1,r_13_44_38,r_27_127_172,seq53,r_13_44_38,1,-1,37,38,27
47,r_146_145_45,r_73_52_97,seq91,r_146_145_45,1,1,46,45,27
68,seq45,seq100,r_113_54_132,r_113_54_132,0.58,-8,124,132,27
57,seq14,r_141_118_25,r_119_80_46,r_141_118_25,0.75,-2,23,25,27
29,r_113_54_132,r_105_58_180,seq45,r_113_54_132,0.83,0,132,132,27
57,seq14,r_99_98_4,r_67_120_93,r_67_120_93,0.81,1,94,93,27
18,r_40_87_152,r_27_127_172,r_128_17_89,r_40_87_152,0.99,0,152,152,27
61,seq24,r_62_63_85,r_2_8_76,r_2_8_76,1,32,108,76,27
32,r_27_127_172,r_40_87_152,seq90,r_27_127_172,0.36,-34,138,172,27
77,seq76,r_32_97_82,seq103,r_32_97_82,0.87,1,83,82,27
28,r_119_80_46,seq14,seq10,r_119_80_46,0.99,-1,45,46,27
75,seq68,r_38_71_102,seq55,r_38_71_102,0.93,-15,87,102,27
45,r_57_143_94,r_138_92_7,seq90,r_57_143_94,1,0,94,94,27
49,r_105_58_180,seq103,r_60_133_2,r_105_58_180,0.95,0,180,180,27
9,r_7_37_114,r_40_87_152,r_5_20_158,r_7_37_114,0.91,0,114,114,27
22,r_62_63_85,seq24,r_113_54_132,r_62_63_85,0.81,9,94,85,27
42,r_89_139_35,seq59,seq144,r_89_139_35,1,0,35,35,27
49,r_105_58_180,r_113_54_132,seq103,r_105_58_180,0.26,-34,146,180,27
56,seq12,seq21,r_128_17_89,r_128_17_89,0.99,0,89,89,27
44,r_74_0_150,seq46,seq25,r_74_0_150,0.66,0,150,150,27
20,r_5_20_158,r_7_37_114,r_119_80_46,r_5_20_158,1,0,158,158,27
12,r_32_97_82,r_113_54_132,seq100,r_32_97_82,0.9,5,87,82,27
67,seq36,seq21,r_61_23_32,r_61_23_32,1,2,34,32,27
84,seq91,r_93_42_177,r_41_6_125,r_41_6_125,1,51,176,125,27
5,r_21_38_45,r_62_95_145,r_122_111_43,r_21_38_45,1,0,45,45,28
46,r_70_147_96,r_8_7_30,r_1_20_147,r_8_7_30,0.87,-8,22,30,28
8,r_62_95_145,r_53_9_157,r_10_54_189,r_62_95_145,0.93,0,145,145,28
41,r_10_54_189,seq144,r_62_95_145,r_10_54_189,0.51,-44,145,189,28
33,r_16_136_16,seq2,seq42,r_16_136_16,1,0,16,16,28
83,seq76,r_62_95_145,seq127,r_62_95_145,0.86,-23,122,145,28
1,r_88_129_77,seq131,seq37,r_88_129_77,1,-1,76,77,28
42,r_77_99_124,seq61,seq149,r_77_99_124,0.83,0,124,124,28
11,r_36_123_195,r_6_29_36,seq90,r_6_29_36,1,-3,33,36,28
45,r_32_0_174,seq45,r_5_119_88,r_32_0_174,0.99,0,174,174,28
7,r_33_116_19,r_30_98_109,r_14_19_12,r_30_98_109,0.8,0,109,109,28
45,r_32_0_174,r_59_31_123,seq45,r_59_31_123,0.89,0,123,123,28
46,r_70_147_96,r_1_20_147,r_13_68_81,r_13_68_81,0.79,-1,80,81,28
19,r_58_46_166,seq44,r_133_56_47,r_133_56_47,0.91,119,166,47,28
23,r_22_128_92,r_133_56_47,seq50,r_22_128_92,0.99,0,92,92,28
21,r_30_98_109,seq90,r_33_116_19,r_33_116_19,0.99,0,19,19,28
39,r_137_47_37,seq45,r_84_126_180,r_137_47_37,0.61,0,37,37,28
4,r_14_19_12,seq85,seq146,r_14_19_12,0.75,0,12,12,28
67,seq34,r_13_68_81,seq12,r_13_68_81,1,0,81,81,28
14,r_28_18_26,seq37,seq72,r_28_18_26,0.91,0,26,26,28
3,r_43_35_150,r_100_102_140,seq144,r_100_102_140,0.56,0,140,140,28
28,r_148_115_69,r_82_92_134,seq66,r_82_92_134,0.64,-95,39,134,28
10,r_53_9_157,r_39_48_162,seq90,r_53_9_157,0.3,2,159,157,28
48,r_145_105_15,r_96_107_132,seq45,r_145_105_15,1,0,15,15,28
26,r_140_26_60,seq23,seq135,r_140_26_60,1,0,60,60,28
43,r_133_56_47,r_22_128_92,seq12,r_22_128_92,0.99,0,92,92,28
63,seq149,r_121_108_135,r_57_101_98,r_57_101_98,0.59,20,118,98,28
7,r_33_116_19,r_14_19_12,r_1_20_147,r_1_20_147,0.97,0,147,147,28
20,r_82_92_134,seq61,seq23,r_82_92_134,0.99,0,134,134,28
50,seq2,r_16_136_16,r_10_54_189,r_16_136_16,0.72,1,17,16,28
15,r_5_119_88,r_71_60_4,seq27,r_5_119_88,0.97,0,88,88,28
13,r_59_31_123,r_32_0_174,seq87,r_59_31_123,0.88,1,124,123,28
6,r_125_112_66,seq144,seq118,r_125_112_66,0.84,0,66,66,28
21,r_30_98_109,r_33_116_19,r_140_26_60,r_30_98_109,1,0,109,109,28
85,seq80,seq72,r_121_108_135,r_121_108_135,0.98,0,135,135,28
46,r_70_147_96,r_13_68_81,r_125_112_66,r_70_147_96,0.96,0,96,96,28
27,r_41_86_65,seq12,r_130_104_3,r_41_86_65,1,0,65,65,28
53,seq135,seq110,r_140_26_60,r_140_26_60,0.76,1,61,60,28
41,r_10_54_189,seq144,seq2,r_10_54_189,0.52,-166,23,189,28
34,r_93_17_172,r_5_119_88,seq73,r_93_17_172,1,0,172,172,28
7,r_33_116_19,r_125_112_66,r_30_98_109,r_33_116_19,0.94,0,19,19,28
47,r_124_81_127,r_93_17_172,seq37,r_124_81_127,0.99,0,127,127,28
40,r_121_108_135,seq149,seq80,r_121_108_135,0.69,0,135,135,28
36,r_75_63_11,r_16_136_16,seq138,r_75_63_11,0.94,-1,10,11,28
74,seq52,r_13_68_81,seq34,r_13_68_81,1,1,82,81,28
18,r_91_55_108,r_32_0_174,r_14_19_12,r_14_19_12,0.53,96,108,12,28
29,r_57_101_98,seq90,seq149,r_57_101_98,0.99,0,98,98,28
25,r_100_102_140,r_43_35_150,seq49,r_100_102_140,0.66,0,140,140,28
58,seq142,r_132_40_175,seq15,r_132_40_175,0.97,-6,169,175,28
44,r_8_7_30,r_70_147_96,seq44,r_8_7_30,1,0,30,30,28
6,r_125_112_66,seq118,r_70_147_96,r_70_147_96,0.99,62,158,96,28
53,seq135,r_133_56_47,seq110,r_133_56_47,0.73,1,48,47,28
32,r_13_68_81,seq52,r_70_147_96,r_13_68_81,0.5,0,81,81,28
23,r_22_128_92,r_41_86_65,r_133_56_47,r_22_128_92,0.82,-39,53,92,28
38,r_24_97_85,r_59_31_123,seq146,r_24_97_85,0.9,0,85,85,28
52,seq134,seq89,r_71_60_4,r_71_60_4,0.84,181,185,4,28
34,r_93_17_172,r_124_81_127,r_5_119_88,r_5_119_88,0.68,39,127,88,28
32,r_13_68_81,r_70_147_96,r_1_20_147,r_70_147_96,0.79,0,96,96,28
75,seq61,r_77_99_124,seq66,r_77_99_124,1,0,124,124,28
0,r_103_51_198,seq117,r_6_29_36,r_6_29_36,0.95,2,38,36,28
3,r_43_35_150,seq144,seq42,r_43_35_150,0.5,0,150,150,28
17,r_71_60_4,r_5_119_88,seq66,r_5_119_88,0.9,0,88,88,28
94,seq110,seq135,r_6_29_36,r_6_29_36,0.99,141,177,36,28
9,r_94_4_185,r_130_104_3,r_30_98_109,r_30_98_109,0.74,76,185,109,28
96,seq117,seq135,r_113_69_156,r_113_69_156,0.87,3,159,156,28
31,r_96_107_132,seq90,r_13_68_81,r_96_107_132,0.98,1,133,132,28
22,r_1_20_147,seq74,r_33_116_19,r_1_20_147,0.53,0,147,147,28
32,r_13_68_81,r_1_20_147,r_96_107_132,r_13_68_81,0.98,51,132,81,28
13,r_59_31_123,r_24_97_85,r_32_0_174,r_24_97_85,0.93,-38,47,85,28
49,r_6_29_36,r_36_123_195,r_103_51_198,r_6_29_36,0.99,0,36,36,28
31,r_96_107_132,seq146,seq90,r_96_107_132,0.44,-99,33,132,28
35,r_84_126_180,seq90,r_137_47_37,r_84_126_180,0.55,0,180,180,28
43,r_133_56_47,seq135,r_22_128_92,r_133_56_47,1,1,48,47,28
12,r_130_104_3,r_94_4_185,r_41_86_65,r_41_86_65,1,120,185,65,28
80,seq72,seq49,r_28_18_26,r_28_18_26,1,-1,25,26,28
93,seq105,r_29_73_172,r_111_54_37,r_111_54_37,0.95,135,172,37,29
40,r_145_124_12,seq86,r_139_41_111,r_139_41_111,1,4,115,111,29
30,r_100_140_65,r_125_119_135,r_56_149_139,r_100_140_65,1,0,65,65,29
51,seq7,r_68_112_171,r_61_117_46,r_61_117_46,0.77,125,171,46,29
36,r_34_104_144,r_0_32_88,seq43,r_34_104_144,0.98,0,144,144,29
36,r_34_104_144,seq146,r_0_32_88,r_0_32_88,1,6,94,88,29
11,r_95_148_197,r_28_108_40,seq84,r_28_108_40,0.9,7,47,40,29
14,r_29_73_172,seq105,r_69_79_119,r_29_73_172,0.88,0,172,172,29
43,r_125_119_135,seq24,seq42,r_125_119_135,0.95,0,135,135,29
55,seq13,r_128_127_177,seq90,r_128_127_177,0.82,0,177,177,29
40,r_145_124_12,r_9_141_97,seq86,r_145_124_12,0.5,3,15,12,29
16,r_134_75_115,seq52,seq26,r_134_75_115,0.97,2,117,115,29
39,r_51_55_154,r_65_27_192,seq146,r_51_55_154,0.8,0,154,154,29
20,r_1_131_186,r_0_32_88,seq30,r_0_32_88,0.82,3,91,88,29
5,r_65_27_192,r_51_55_154,r_34_104_144,r_65_27_192,0.77,-38,154,192,29
46,r_25_129_67,r_1_131_186,r_133_11_117,r_25_129_67,1,0,67,67,29
42,r_98_3_189,r_31_10_156,r_132_18_92,r_132_18_92,0.54,50,142,92,29
80,seq72,r_139_41_111,r_5_144_11,r_139_41_111,0.93,0,111,111,29
31,r_0_32_88,r_1_131_186,r_34_104_144,r_0_32_88,0.91,1,89,88,29
19,r_120_37_83,r_56_149_139,seq146,r_120_37_83,0.97,-1,82,83,29
95,seq114,r_68_112_171,r_53_103_9,r_53_103_9,0.69,6,15,9,29
45,r_44_39_72,r_1_131_186,r_0_32_88,r_44_39_72,0.58,-40,32,72,29
22,r_133_11_117,r_25_129_67,seq142,r_133_11_117,1,-1,116,117,29
94,seq106,r_61_117_46,r_50_130_121,r_61_117_46,1,1,47,46,29
31,r_0_32_88,r_44_39_72,r_1_131_186,r_44_39_72,0.95,1,73,72,29
67,seq38,seq66,r_44_39_72,r_44_39_72,1,1,73,72,29
10,r_47_82_147,r_134_75_115,seq52,r_134_75_115,0.67,-46,69,115,29
42,r_98_3_189,r_132_18_92,seq99,r_98_3_189,0.85,0,189,189,29
26,r_9_141_97,seq30,r_111_54_37,r_9_141_97,1,0,97,97,29
4,r_23_85_150,seq45,seq21,r_23_85_150,0.89,0,150,150,29
29,r_20_60_66,r_50_130_121,seq106,r_50_130_121,1,0,121,121,29
73,seq52,r_134_75_115,r_47_82_147,r_134_75_115,0.74,-4,111,115,29
20,r_1_131_186,r_25_129_67,r_0_32_88,r_25_129_67,1,-4,63,67,29
13,r_69_79_119,seq87,seq72,r_69_79_119,1,0,119,119,29
47,r_31_10_156,r_98_3_189,r_2_58_10,r_2_58_10,0.99,10,20,10,29
48,r_40_36_153,seq38,r_76_63_28,r_76_63_28,0.51,85,113,28,29
6,r_56_149_139,r_69_79_119,r_100_140_65,r_100_140_65,0.76,8,73,65,29
62,seq24,r_80_14_109,seq143,r_80_14_109,1,-18,91,109,29
2,r_109_81_107,seq45,r_47_82_147,r_47_82_147,0.88,21,168,147,29
45,r_44_39_72,r_0_32_88,seq38,r_44_39_72,0.99,1,73,72,29
10,r_47_82_147,seq52,r_109_81_107,r_47_82_147,1,0,147,147,29
30,r_100_140_65,r_56_149_139,seq87,r_56_149_139,0.98,13,152,139,29
2,r_109_81_107,seq137,seq45,r_109_81_107,0.93,0,107,107,29
41,r_107_78_8,r_68_112_171,seq52,r_68_112_171,0.61,-66,105,171,29
29,r_20_60_66,seq66,r_50_130_121,r_20_60_66,0.99,0,66,66,29
24,r_50_130_121,seq106,r_20_60_66,r_20_60_66,1,3,69,66,29
25,r_102_8_140,seq86,seq59,r_102_8_140,0.99,0,140,140,29
33,r_62_74_61,r_65_27_192,seq147,r_62_74_61,1,0,61,61,29
64,seq30,r_9_141_97,r_135_88_196,r_9_141_97,1,0,97,97,29
47,r_31_10_156,r_2_58_10,r_120_37_83,r_31_10_156,0.69,0,156,156,29
73,seq52,r_111_54_37,seq24,r_111_54_37,0.58,150,187,37,29
6,r_56_149_139,r_100_140_65,seq12,r_56_149_139,0.9,3,142,139,29
65,seq33,r_122_126_170,r_50_130_121,r_50_130_121,0.76,27,148,121,29
0,r_76_63_28,r_80_14_109,seq66,r_76_63_28,1,1,29,28,29
21,r_111_54_37,seq115,seq105,r_111_54_37,1,0,37,37,29
32,r_128_127_177,seq13,r_62_74_61,r_128_127_177,0.56,0,177,177,29
77,seq67,seq96,r_80_14_109,r_80_14_109,0.99,0,109,109,29
94,seq106,r_50_130_121,r_20_60_66,r_50_130_121,0.52,-28,93,121,29
80,seq72,r_5_144_11,r_69_79_119,r_69_79_119,0.86,6,125,119,29
34,r_80_14_109,seq24,seq67,r_80_14_109,1,1,110,109,29
46,r_25_129_67,r_133_11_117,r_111_54_37,r_133_11_117,0.99,0,117,117,29
60,seq21,r_17_16_167,r_23_85_150,r_23_85_150,0.82,4,154,150,29
81,seq77,r_31_10_156,r_132_18_92,r_132_18_92,0.99,50,142,92,29
9,r_2_58_10,r_31_10_156,r_132_18_92,r_132_18_92,0.99,64,156,92,29
24,r_50_130_121,r_20_60_66,seq33,r_50_130_121,0.99,0,121,121,29
22,r_133_11_117,r_29_73_172,r_25_129_67,r_25_129_67,0.99,0,67,67,29
28,r_71_83_95,seq38,seq45,r_71_83_95,1,4,99,95,29
18,r_53_103_9,r_97_92_162,r_61_117_46,r_53_103_9,0.79,153,162,9,29
44,r_110_91_113,r_133_11_117,seq26,r_110_91_113,0.83,0,113,113,29
23,r_139_41_111,seq72,r_145_124_12,r_139_41_111,0.87,0,111,111,29
48,r_40_36_153,r_76_63_28,r_110_91_113,r_40_36_153,0.74,0,153,153,29
27,r_28_108_40,r_95_148_197,seq43,r_28_108_40,0.95,1,41,40,29
35,r_68_112_171,seq7,seq22,r_68_112_171,0.7,0,171,171,29
12,r_122_126_170,seq33,seq66,r_122_126_170,0.41,6,176,170,29
7,r_61_117_46,seq106,seq7,r_61_117_46,1,-1,45,46,29
31,r_0_32_88,r_34_104_144,seq146,r_34_104_144,1,-3,141,144,29
84,seq87,r_69_79_119,seq43,r_69_79_119,1,0,119,119,29
51,seq128,r_27_144_121,seq120,r_27_144_121,1,0,121,121,30
36,r_20_69_107,seq107,seq120,r_20_69_107,0.98,0,107,107,30
91,seq109,r_118_103_53,seq89,r_118_103_53,1,0,53,53,30
49,r_114_116_43,r_133_41_123,r_118_103_53,r_114_116_43,0.88,21,64,43,30
14,r_31_145_182,seq141,seq58,r_31_145_182,0.46,0,182,182,30
8,r_35_45_171,r_146_56_172,seq55,r_146_56_172,0.74,-1,171,172,30
3,r_48_93_95,r_49_125_28,r_79_37_118,r_79_37_118,0.89,38,156,118,30
31,r_96_61_136,r_98_26_34,seq110,r_96_61_136,0.88,0,136,136,30
59,seq148,r_146_56_172,r_46_63_111,r_46_63_111,0.97,63,174,111,30
37,r_97_11_51,seq115,r_6_85_3,r_97_11_51,1,0,51,51,30
16,r_121_139_155,seq66,r_33_104_9,r_121_139_155,0.78,0,155,155,30
21,r_106_126_89,seq81,seq2,r_106_126_89,0.96,0,89,89,30
97,seq120,r_27_144_121,seq128,r_27_144_121,1,0,121,121,30
24,r_78_134_57,seq129,seq119,r_78_134_57,1,0,57,57,30
5,r_29_36_138,seq22,r_62_112_30,r_62_112_30,0.97,60,90,30,30
44,r_9_60_22,seq72,r_15_5_109,r_9_60_22,1,1,23,22,30
45,r_142_70_141,r_135_111_153,seq40,r_135_111_153,0.82,0,153,153,30
40,r_49_125_28,r_48_93_95,r_79_37_118,r_79_37_118,0.68,48,166,118,30
1,r_4_7_25,seq148,seq64,r_4_7_25,1,0,25,25,30
76,seq77,r_30_90_93,seq80,r_30_90_93,0.89,0,93,93,30
39,r_98_26_34,r_65_100_106,r_52_84_105,r_98_26_34,0.98,72,106,34,30
31,r_96_61_136,r_65_100_106,r_98_26_34,r_96_61_136,0.67,-37,99,136,30
41,r_27_144_121,seq128,r_142_70_141,r_27_144_121,0.9,0,121,121,30
89,seq107,r_79_37_118,seq130,r_79_37_118,1,0,118,118,30
40,r_49_125_28,r_142_70_141,r_133_41_123,r_49_125_28,0.61,50,78,28,30
10,r_146_56_172,r_35_45_171,r_86_8_142,r_35_45_171,0.62,1,172,171,30
71,seq64,seq72,r_4_7_25,r_4_7_25,1,2,27,25,30
40,r_49_125_28,seq82,r_142_70_141,r_49_125_28,0.99,0,28,28,30
92,seq110,r_62_112_30,seq120,r_62_112_30,0.92,3,33,30,30
72,seq66,r_121_139_155,seq0,r_121_139_155,0.76,0,155,155,30
4,r_127_54_179,r_18_83_156,seq67,r_18_83_156,0.94,23,179,156,30
63,seq28,seq117,r_123_53_99,r_123_53_99,1,2,101,99,30
20,r_47_73_174,seq40,seq87,r_47_73_174,0.56,2,176,174,30
13,r_52_84_105,seq95,r_98_26_34,r_52_84_105,0.84,0,105,105,30
25,r_62_112_30,seq110,seq22,r_62_112_30,1,2,32,30,30
5,r_29_36_138,r_62_112_30,seq147,r_29_36_138,0.99,1,139,138,30
46,r_118_103_53,r_114_116_43,r_32_42_135,r_32_42_135,0.95,5,140,135,30
15,r_123_53_99,seq2,seq28,r_123_53_99,1,-1,98,99,30
35,r_102_25_39,seq94,seq119,r_102_25_39,0.97,0,39,39,30
62,seq24,seq58,r_140_51_67,r_140_51_67,1,0,67,67,30
2,r_44_16_149,r_6_85_3,seq88,r_44_16_149,0.86,1,150,149,30
19,r_133_41_123,r_12_143_175,r_114_116_43,r_114_116_43,0.8,3,46,43,30
87,seq101,r_10_74_146,r_76_14_52,r_76_14_52,0.7,91,143,52,30
40,r_49_125_28,r_133_41_123,r_48_93_95,r_133_41_123,0.88,-2,121,123,30
47,r_140_51_67,seq80,seq24,r_140_51_67,0.99,0,67,67,30
18,r_32_42_135,seq77,r_118_103_53,r_32_42_135,0.92,1,136,135,30
29,r_18_83_156,r_19_122_2,seq149,r_18_83_156,0.66,1,157,156,30
43,r_65_100_106,r_96_61_136,r_98_26_34,r_98_26_34,1,0,34,34,30
43,r_65_100_106,r_98_26_34,seq147,r_65_100_106,1,0,106,106,30
64,seq38,r_18_83_156,seq95,r_18_83_156,0.86,-54,102,156,30
92,seq110,seq120,r_96_61_136,r_96_61_136,0.91,13,149,136,30
11,r_68_137_16,r_62_112_30,seq105,r_62_112_30,0.87,-14,16,30,30
6,r_43_132_154,r_33_104_9,seq67,r_43_132_154,0.86,0,154,154,30
88,seq105,r_43_132_154,r_33_104_9,r_43_132_154,0.93,-110,44,154,30
38,r_86_8_142,r_35_45_171,seq117,r_86_8_142,0.96,0,142,142,30
94,seq115,r_97_11_51,seq87,r_97_11_51,1,-5,46,51,30
2,r_44_16_149,seq94,r_6_85_3,r_6_85_3,0.72,9,12,3,30
0,r_76_14_52,seq130,seq101,r_76_14_52,1,0,52,52,30
34,r_46_63_111,r_12_143_175,r_49_125_28,r_49_125_28,0.77,40,68,28,30
39,r_98_26_34,seq120,r_65_100_106,r_98_26_34,0.84,0,34,34,30
81,seq87,seq115,r_47_73_174,r_47_73_174,0.51,10,184,174,30
34,r_46_63_111,r_49_125_28,r_142_70_141,r_142_70_141,0.57,-41,100,141,30
17,r_6_85_3,r_44_16_149,r_97_11_51,r_97_11_51,0.83,19,70,51,30
9,r_135_111_153,r_142_70_141,seq101,r_142_70_141,0.51,12,153,141,30
49,r_114_116_43,seq89,r_133_41_123,r_114_116_43,0.97,0,43,43,30
53,seq129,r_29_36_138,r_15_5_109,r_15_5_109,0.63,-31,78,109,30
28,r_33_104_9,r_43_132_154,r_121_139_155,r_33_104_9,0.66,146,155,9,30
22,r_92_13_83,seq147,seq95,r_92_13_83,1,0,83,83,30
44,r_9_60_22,r_15_5_109,r_102_25_39,r_15_5_109,0.84,-39,70,109,30
7,r_12_143_175,seq40,r_96_61_136,r_96_61_136,0.71,39,175,136,30
34,r_46_63_111,r_142_70_141,seq148,r_46_63_111,0.71,0,111,111,30
23,r_19_122_2,r_18_83_156,r_1_3_8,r_19_122_2,0.57,154,156,2,30
61,seq22,r_29_36_138,r_62_112_30,r_62_112_30,0.74,3,33,30,30
6,r_43_132_154,seq105,r_33_104_9,r_33_104_9,0.89,3,12,9,30
12,r_79_37_118,seq107,seq40,r_79_37_118,0.69,0,118,118,30
95,seq117,seq28,r_86_8_142,r_86_8_142,0.95,1,143,142,30
68,seq55,r_48_93_95,seq130,r_48_93_95,0.99,-52,43,95,30
51,seq2,seq25,r_46_71_29,r_46_71_29,0.83,144,173,29,31
25,r_127_49_47,r_84_95_169,seq60,r_127_49_47,0.98,1,48,47,31
97,seq119,r_138_45_132,r_143_109_46,r_143_109_46,0.88,-1,45,46,31
29,r_75_114_44,seq122,r_112_52_11,r_75_114_44,0.85,1,45,44,31
58,seq144,seq89,r_59_17_7,r_59_17_7,0.48,119,126,7,31
43,r_0_106_127,r_46_71_29,r_124_149_149,r_124_149_149,0.64,-57,92,149,31
30,r_146_94_38,r_124_149_149,r_112_52_11,r_146_94_38,1,0,38,38,31
83,seq72,seq134,r_54_66_118,r_54_66_118,0.92,10,128,118,31
81,seq64,r_132_78_184,r_98_67_103,r_98_67_103,0.87,3,106,103,31
19,r_14_111_140,r_46_71_29,r_87_82_117,r_14_111_140,0.99,0,140,140,31
15,r_131_137_39,r_140_11_14,r_37_83_124,r_140_11_14,0.5,47,61,14,31
86,seq79,r_58_104_108,r_88_21_1,r_58_104_108,0.76,-1,107,108,31
16,r_88_21_1,r_22_129_178,r_7_6_34,r_7_6_34,0.42,64,98,34,31
1,r_35_76_96,seq19,seq61,r_35_76_96,1,0,96,96,31
27,r_13_135_10,r_85_118_13,r_54_66_118,r_13_135_10,0.95,0,10,10,31
5,r_116_53_60,seq61,r_12_68_191,r_116_53_60,1,0,60,60,31
46,r_73_39_116,r_37_83_124,seq136,r_73_39_116,0.99,0,116,116,31
42,r_97_55_177,seq10,r_35_76_96,r_97_55_177,0.5,0,177,177,31
14,r_85_118_13,r_7_6_34,r_120_125_15,r_85_118_13,0.98,2,15,13,31
3,r_140_11_14,seq72,seq105,r_140_11_14,0.99,0,14,14,31
21,r_46_71_29,r_0_106_127,r_14_111_140,r_46_71_29,0.45,3,32,29,31
17,r_43_41_164,seq89,r_80_15_2,r_80_15_2,0.5,163,165,2,31
27,r_13_135_10,r_54_66_118,seq107,r_54_66_118,0.98,2,120,118,31
66,seq30,r_16_29_129,seq47,r_16_29_129,1,-1,128,129,31
26,r_84_95_169,r_127_49_47,seq8,r_127_49_47,1,1,48,47,31
92,seq103,r_50_3_30,seq19,r_50_3_30,0.87,-13,17,30,31
58,seq144,r_81_100_54,seq89,r_81_100_54,0.99,0,54,54,31
9,r_87_82_117,r_26_128_114,r_14_111_140,r_14_111_140,0.87,33,173,140,31
31,r_26_128_114,seq122,r_143_109_46,r_26_128_114,0.93,1,115,114,31
89,seq92,seq25,r_46_71_29,r_46_71_29,0.89,96,125,29,31
77,seq56,r_121_99_20,seq63,r_121_99_20,0.59,5,25,20,31
8,r_143_109_46,r_138_45_132,r_26_128_114,r_143_109_46,1,87,133,46,31
72,seq44,r_123_34_76,r_121_99_20,r_123_34_76,0.92,0,76,76,31
4,r_40_93_139,r_98_67_103,r_139_36_190,r_40_93_139,0.49,-61,78,139,31
2,r_62_113_144,r_143_109_46,r_112_52_11,r_143_109_46,0.99,-3,43,46,31
13,r_58_104_108,seq79,r_59_17_7,r_58_104_108,0.96,0,108,108,31
98,seq122,r_26_128_114,r_90_9_95,r_90_9_95,0.63,18,113,95,31
48,r_98_67_103,r_40_93_139,seq64,r_98_67_103,1,1,104,103,31
4,r_40_93_139,r_139_36_190,r_81_100_54,r_40_93_139,0.98,0,139,139,31
88,seq89,r_81_100_54,r_59_17_7,r_81_100_54,0.99,-44,10,54,31
57,seq142,seq31,r_117_70_75,r_117_70_75,0.77,3,78,75,31
62,seq148,r_132_78_184,r_22_129_178,r_22_129_178,0.98,6,184,178,31
21,r_46_71_29,r_14_111_140,seq2,r_14_111_140,0.98,-34,106,140,31
2,r_62_113_144,r_112_52_11,r_80_15_2,r_62_113_144,0.99,0,144,144,31
19,r_14_111_140,seq92,r_46_71_29,r_14_111_140,0.45,-85,55,140,31
15,r_131_137_39,r_37_83_124,r_127_49_47,r_131_137_39,0.53,34,73,39,31
49,r_123_34_76,seq56,r_37_83_124,r_37_83_124,1,0,124,124,31
45,r_138_45_132,seq119,r_143_109_46,r_143_109_46,1,-1,45,46,31
10,r_81_100_54,seq144,r_40_93_139,r_81_100_54,1,0,54,54,31
35,r_7_6_34,seq122,r_88_21_1,r_7_6_34,0.89,0,34,34,31
87,seq86,seq105,r_127_49_47,r_127_49_47,0.93,18,65,47,31
6,r_54_66_118,seq107,r_13_135_10,r_13_135_10,0.99,3,13,10,31
47,r_91_28_3,r_115_57_134,seq42,r_115_57_134,1,-31,103,134,31
33,r_50_3_30,seq103,seq145,r_50_3_30,1,0,30,30,31
15,r_131_137_39,r_20_4_188,r_140_11_14,r_131_137_39,0.97,0,39,39,31
18,r_121_99_20,seq56,seq44,r_121_99_20,0.98,-1,19,20,31
64,seq25,r_124_149_149,seq2,r_124_149_149,0.56,-3,146,149,31
37,r_112_52_11,r_43_41_164,r_62_113_144,r_112_52_11,0.96,0,11,11,31
6,r_54_66_118,r_13_135_10,seq72,r_54_66_118,1,0,118,118,31
59,seq145,seq1,r_50_3_30,r_50_3_30,0.86,3,33,30,31
61,seq19,r_35_76_96,seq103,r_35_76_96,0.96,1,97,96,31
38,r_20_4_188,seq8,seq148,r_20_4_188,0.37,0,188,188,31
9,r_87_82_117,r_40_93_139,r_26_128_114,r_87_82_117,0.99,0,117,117,31
34,r_16_29_129,seq30,r_87_82_117,r_16_29_129,0.94,-1,128,129,31
45,r_138_45_132,r_143_109_46,seq51,r_138_45_132,0.97,1,133,132,31
17,r_43_41_164,r_90_9_95,seq74,r_43_41_164,0.67,-110,54,164,31
94,seq107,r_54_66_118,r_13_135_10,r_54_66_118,0.73,2,120,118,31
43,r_0_106_127,r_124_149_149,seq10,r_0_106_127,0.99,0,127,127,31
93,seq105,seq60,r_140_11_14,r_140_11_14,1,0,14,14,31
9,r_87_82_117,r_98_67_103,r_40_93_139,r_98_67_103,0.55,-25,78,103,31
37,r_112_52_11,r_62_113_144,r_146_94_38,r_112_52_11,0.87,103,114,11,31
84,seq74,seq134,r_115_57_134,r_115_57_134,1,22,156,134,31
24,r_120_125_15,seq10,r_85_118_13,r_120_125_15,0.63,0,15,15,31
49,r_123_34_76,seq44,seq56,r_123_34_76,1,0,76,76,31
8,r_143_109_46,r_62_113_144,r_138_45_132,r_143_109_46,1,0,46,46,31
44,r_90_9_95,seq74,seq122,r_90_9_95,0.92,0,95,95,31
23,r_115_57_134,r_91_28_3,r_54_66_118,r_115_57_134,0.95,0,134,134,31
12,r_124_149_149,seq25,r_98_67_103,r_124_149_149,0.56,0,149,149,31
84,seq74,r_90_9_95,seq134,r_90_9_95,0.96,-31,64,95,31
33,r_16_22_45,r_30_107_36,r_138_20_19,r_16_22_45,0.88,0,45,45,32
30,r_38_134_98,seq0,r_102_52_29,r_38_134_98,0.98,0,98,98,32
34,r_64_4_131,r_115_9_188,r_106_101_20,r_115_9_188,1,0,188,188,32
44,r_32_73_198,r_119_140_44,r_14_65_110,r_14_65_110,1,2,112,110,32
12,r_133_135_47,r_68_70_50,r_30_107_36,r_133_135_47,0.58,0,47,47,32
26,r_25_143_43,r_32_73_198,seq35,r_25_143_43,0.92,1,44,43,32
8,r_138_20_19,r_96_71_91,r_119_140_44,r_138_20_19,0.97,0,19,19,32
37,r_132_137_72,seq2,r_33_46_178,r_132_137_72,0.98,0,72,72,32
59,seq12,r_76_117_186,r_111_66_114,r_111_66_114,1,72,186,114,32
13,r_115_9_188,r_64_4_131,seq144,r_115_9_188,0.87,0,188,188,32
55,seq6,r_33_46_178,r_54_63_118,r_54_63_118,0.94,0,118,118,32
16,r_60_10_97,r_67_83_138,r_112_55_11,r_60_10_97,1,1,98,97,32
21,r_39_85_164,seq122,r_31_131_22,r_39_85_164,0.93,-139,25,164,32
39,r_149_139_99,r_126_97_137,r_99_125_195,r_99_125_195,0.96,-97,98,195,32
1,r_96_71_91,seq8,seq23,r_96_71_91,0.54,1,92,91,32
97,seq110,r_17_87_46,seq92,r_17_87_46,0.76,46,92,46,32
5,r_53_124_74,r_33_46_178,r_32_73_198,r_53_124_74,0.76,-1,73,74,32
46,r_33_46_178,r_53_124_74,r_132_137_72,r_33_46_178,1,-105,73,178,32
50,seq0,seq36,r_86_127_134,r_86_127_134,0.98,-1,133,134,32
32,r_118_130_189,r_102_52_29,r_53_124_74,r_53_124_74,0.59,115,189,74,32
40,r_68_70_50,seq23,r_145_108_35,r_68_70_50,1,1,51,50,32
19,r_54_63_118,r_120_72_172,seq6,r_54_63_118,1,0,118,118,32
43,r_75_113_127,r_119_140_44,r_103_142_41,r_75_113_127,1,-86,41,127,32
69,seq35,seq80,r_25_143_43,r_25_143_43,1,4,47,43,32
91,seq94,r_111_66_114,r_67_83_138,r_111_66_114,0.53,41,155,114,32
31,r_51_146_168,r_120_72_172,seq41,r_51_146_168,0.86,1,169,168,32
41,r_19_15_63,seq94,seq44,r_19_15_63,1,0,63,63,32
27,r_145_108_35,r_120_72_172,seq40,r_145_108_35,0.89,0,35,35,32
89,seq91,r_1_7_184,seq144,r_1_7_184,0.58,1,185,184,32
3,r_98_59_160,seq148,seq74,r_98_59_160,0.74,1,161,160,32
10,r_114_26_148,r_1_7_184,seq77,r_114_26_148,0.91,5,153,148,32
27,r_145_108_35,seq40,r_68_70_50,r_68_70_50,1,0,50,50,32
8,r_138_20_19,r_119_140_44,r_16_22_45,r_138_20_19,1,26,45,19,32
82,seq74,r_102_52_29,r_136_18_5,r_102_52_29,0.93,0,29,29,32
75,seq45,r_30_107_36,seq82,r_30_107_36,1,-5,31,36,32
2,r_17_87_46,seq110,seq122,r_17_87_46,0.96,-3,43,46,32
56,seq129,seq141,r_54_63_118,r_54_63_118,0.9,22,140,118,32
47,r_126_97_137,seq12,r_99_125_195,r_126_97_137,1,0,137,137,32
46,r_33_46_178,r_132_137_72,seq45,r_33_46_178,0.7,0,178,178,32
57,seq8,r_96_71_91,seq104,r_96_71_91,1,-6,85,91,32
12,r_133_135_47,r_30_107_36,r_88_69_120,r_88_69_120,1,20,140,120,32
13,r_115_9_188,r_106_101_20,r_64_4_131,r_64_4_131,1,1,132,131,32
6,r_111_66_114,r_1_7_184,seq41,r_111_66_114,0.9,0,114,114,32
21,r_39_85_164,r_31_131_22,r_112_55_11,r_31_131_22,0.67,77,99,22,32
15,r_119_140_44,r_75_113_127,r_32_73_198,r_119_140_44,1,1,45,44,32
2,r_17_87_46,seq122,r_112_55_11,r_17_87_46,0.6,104,150,46,32
87,seq82,r_93_43_187,seq35,r_93_43_187,0.52,-27,160,187,32
4,r_31_131_22,r_119_140_44,r_112_55_11,r_31_131_22,0.81,1,23,22,32
47,r_126_97_137,r_149_139_99,seq12,r_149_139_99,0.95,-1,98,99,32
74,seq44,seq40,r_19_15_63,r_19_15_63,1,51,114,63,32
18,r_34_81_88,r_54_63_118,r_53_124_74,r_34_81_88,1,0,88,88,32
29,r_28_13_194,r_132_137_72,seq41,r_132_137_72,0.63,1,73,72,32
24,r_93_43_187,seq82,seq77,r_93_43_187,0.29,2,189,187,32
65,seq23,r_96_71_91,r_84_121_157,r_84_121_157,1,3,160,157,32
82,seq74,r_136_18_5,r_98_59_160,r_98_59_160,0.94,0,160,160,32
21,r_39_85_164,seq110,r_126_97_137,r_39_85_164,0.95,1,165,164,32
50,seq0,r_38_134_98,seq36,r_38_134_98,0.72,0,98,98,32
20,r_102_52_29,r_14_65_110,seq24,r_14_65_110,1,1,111,110,32
13,r_115_9_188,r_90_49_49,r_106_101_20,r_115_9_188,0.58,-168,20,188,32
61,seq144,r_88_69_120,seq79,r_88_69_120,1,1,121,120,32
32,r_118_130_189,seq47,r_102_52_29,r_102_52_29,0.98,63,92,29,32
52,seq2,r_132_137_72,r_120_72_172,r_132_137_72,0.62,0,72,72,32
34,r_64_4_131,seq21,r_115_9_188,r_64_4_131,0.78,1,132,131,32
45,r_103_142_41,r_25_143_43,r_75_113_127,r_103_142_41,1,0,41,41,32
23,r_106_101_20,seq122,r_115_9_188,r_106_101_20,0.85,0,20,20,32
21,r_39_85_164,r_112_55_11,seq110,r_39_85_164,0.54,-24,140,164,32
81,seq62,r_56_61_152,seq78,r_56_61_152,0.53,9,161,152,32
17,r_86_127_134,r_112_55_11,seq0,r_86_127_134,0.99,-2,132,134,32
25,r_90_49_49,r_67_83_138,seq91,r_67_83_138,1,-4,134,138,32
37,r_132_137_72,r_33_46_178,r_54_63_118,r_54_63_118,0.96,25,143,118,32
29,r_28_13_194,seq41,r_67_83_138,r_28_13_194,0.56,-56,138,194,32
91,seq94,r_19_15_63,r_126_97_137,r_19_15_63,0.8,0,63,63,32
44,r_32_73_198,r_25_143_43,r_119_140_44,r_32_73_198,1,-154,44,198,32
49,r_1_7_184,r_111_66_114,seq91,r_111_66_114,1,-25,89,114,32
7,r_112_55_11,r_86_127_134,seq105,r_86_127_134,1,-15,119,134,32
5,r_53_124_74,r_32_73_198,r_34_81_88,r_34_81_88,0.72,8,96,88,32
20,r_102_52_29,seq74,r_14_65_110,r_102_52_29,0.99,0,29,29,32
25,r_90_49_49,r_115_9_188,r_67_83_138,r_90_49_49,0.99,0,49,49,32
42,r_14_65_110,r_102_52_29,r_32_73_198,r_14_65_110,1,0,110,110,32
35,r_99_125_195,r_51_146_168,r_126_97_137,r_99_125_195,0.68,-53,142,195,32
42,r_14_65_110,r_118_130_189,r_102_52_29,r_102_52_29,0.77,22,51,29,32
23,r_106_101_20,r_115_9_188,r_64_4_131,r_64_4_131,1,57,188,131,32
30,r_45_137_196,seq22,r_2_63_126,r_2_63_126,1,21,147,126,33
4,r_18_39_13,r_148_129_133,seq11,r_18_39_13,0.8,0,13,13,33
9,r_6_23_41,r_2_63_126,r_52_35_71,r_6_23_41,0.98,86,127,41,33
0,r_24_36_11,r_1_53_86,seq12,r_24_36_11,0.98,0,11,11,33
53,seq10,r_1_53_86,r_62_4_103,r_62_4_103,1,-1,102,103,33
21,r_101_79_34,r_60_49_77,r_16_30_53,r_101_79_34,1,22,56,34,33
43,r_62_4_103,r_82_20_194,seq10,r_62_4_103,1,1,104,103,33
37,r_32_67_179,seq50,r_106_55_57,r_106_55_57,0.62,123,180,57,33
3,r_52_35_71,r_6_23_41,r_83_42_172,r_83_42_172,0.72,0,172,172,33
71,seq56,r_31_0_165,r_128_46_124,r_128_46_124,0.56,0,124,124,33
16,r_44_73_130,seq103,r_134_147_40,r_44_73_130,0.51,1,131,130,33
39,r_43_114_180,seq77,r_134_147_40,r_134_147_40,0.92,140,180,40,33
1,r_127_25_132,seq145,r_13_14_68,r_127_25_132,0.95,0,132,132,33
46,r_83_42_172,seq140,r_52_35_71,r_52_35_71,0.54,101,172,71,33
42,r_138_9_146,seq26,r_82_20_194,r_138_9_146,0.34,0,146,146,33
45,r_31_0_165,seq10,seq68,r_31_0_165,0.83,-1,164,165,33
24,r_13_14_68,r_102_121_134,r_127_25_132,r_127_25_132,0.99,1,133,132,33
33,r_110_66_117,seq95,r_18_39_13,r_110_66_117,0.6,1,118,117,33
19,r_143_97_19,r_45_137_196,r_48_19_142,r_143_97_19,0.98,0,19,19,33
18,r_48_19_142,r_60_49_77,r_143_97_19,r_48_19_142,0.65,-124,18,142,33
47,r_2_63_126,r_113_149_175,r_6_23_41,r_6_23_41,0.86,0,41,41,33
31,r_118_5_87,r_62_4_103,seq54,r_118_5_87,0.97,1,88,87,33
41,r_148_129_133,seq61,r_110_66_117,r_148_129_133,1,0,133,133,33
89,seq93,seq29,r_3_70_83,r_3_70_83,1,4,87,83,33
72,seq57,r_1_53_86,r_106_55_57,r_106_55_57,1,0,57,57,33
3,r_52_35_71,seq78,r_6_23_41,r_52_35_71,0.52,0,71,71,33
90,seq94,r_31_0_165,r_106_55_57,r_106_55_57,1,86,143,57,33
27,r_120_17_143,r_3_70_83,r_123_8_94,r_120_17_143,0.95,0,143,143,33
26,r_102_121_134,r_113_149_175,r_13_14_68,r_13_14_68,1,17,85,68,33
20,r_3_70_83,seq112,seq93,r_3_70_83,1,0,83,83,33
26,r_102_121_134,r_13_14_68,r_64_135_107,r_64_135_107,0.77,32,139,107,33
44,r_85_126_195,r_101_79_34,seq26,r_101_79_34,0.97,1,35,34,33
42,r_138_9_146,r_82_20_194,r_27_119_153,r_138_9_146,0.43,20,166,146,33
0,r_24_36_11,seq12,r_72_76_113,r_72_76_113,1,15,128,113,33
27,r_120_17_143,r_64_135_107,r_3_70_83,r_120_17_143,0.52,-35,108,143,33
91,seq95,seq26,r_65_96_188,r_65_96_188,0.54,0,188,188,33
28,r_28_59_199,seq34,r_134_147_40,r_134_147_40,1,1,41,40,33
24,r_13_14_68,seq87,r_102_121_134,r_13_14_68,1,0,68,68,33
40,r_134_147_40,seq58,r_28_59_199,r_134_147_40,1,0,40,40,33
34,r_113_149_175,r_64_135_107,seq26,r_113_149_175,0.87,1,176,175,33
25,r_21_115_97,seq11,seq103,r_21_115_97,1,0,97,97,33
9,r_6_23_41,seq74,r_2_63_126,r_6_23_41,0.96,0,41,41,33
47,r_2_63_126,r_6_23_41,r_45_137_196,r_2_63_126,1,0,126,126,33
58,seq145,r_127_25_132,seq58,r_127_25_132,1,0,132,132,33
70,seq54,seq33,r_118_5_87,r_118_5_87,1,1,88,87,33
32,r_27_119_153,seq112,r_138_9_146,r_27_119_153,0.63,13,166,153,33
38,r_124_108_136,r_81_105_184,seq69,r_81_105_184,0.7,-47,137,184,33
34,r_113_149_175,r_102_121_134,r_64_135_107,r_64_135_107,1,0,107,107,33
7,r_98_125_43,seq12,seq74,r_98_125_43,1,0,43,43,33
35,r_64_135_107,r_113_149_175,r_102_121_134,r_64_135_107,0.86,18,125,107,33
21,r_101_79_34,r_85_126_195,r_60_49_77,r_101_79_34,0.79,1,35,34,33
11,r_16_30_53,seq26,r_101_79_34,r_16_30_53,0.93,0,53,53,33
81,seq77,r_43_114_180,seq92,r_43_114_180,0.63,-1,179,180,33
17,r_82_20_194,r_62_4_103,seq68,r_62_4_103,0.99,3,106,103,33
5,r_106_55_57,r_110_66_117,seq57,r_106_55_57,1,0,57,57,33
96,seq112,r_27_119_153,seq41,r_27_119_153,0.93,0,153,153,33
91,seq95,r_110_66_117,seq26,r_110_66_117,0.83,-1,116,117,33
49,r_38_142_85,seq75,seq122,r_38_142_85,0.99,-1,84,85,33
33,r_110_66_117,r_106_55_57,seq95,r_106_55_57,1,-8,49,57,33
18,r_48_19_142,r_143_97_19,seq41,r_48_19_142,0.46,6,148,142,33
23,r_81_105_184,seq116,r_3_70_83,r_3_70_83,1,101,184,83,33
10,r_139_104_23,seq80,seq51,r_139_104_23,1,1,24,23,33
35,r_64_135_107,r_120_17_143,r_113_149_175,r_64_135_107,0.44,0,107,107,33
12,r_133_37_65,seq7,seq61,r_133_37_65,0.96,2,67,65,33
33,r_110_66_117,r_18_39_13,r_148_129_133,r_110_66_117,0.66,17,134,117,33
93,seq106,r_16_141_166,r_22_63_52,r_22_63_52,0.99,114,166,52,34
30,r_16_141_166,seq106,r_22_63_52,r_22_63_52,1,11,63,52,34
44,r_127_98_34,seq60,r_138_109_191,r_127_98_34,0.48,70,104,34,34
27,r_70_97_44,r_104_132_174,seq6,r_70_97_44,0.97,0,44,44,34
3,r_90_74_145,r_144_31_112,seq86,r_144_31_112,0.61,33,145,112,34
46,r_112_43_141,r_56_4_187,r_10_100_153,r_56_4_187,0.93,0,187,187,34
6,r_22_63_52,seq6,r_16_141_166,r_22_63_52,1,0,52,52,34
70,seq52,r_84_48_56,seq36,r_84_48_56,1,0,56,56,34
14,r_67_28_148,seq25,r_127_98_34,r_67_28_148,0.98,0,148,148,34
8,r_142_49_128,seq54,seq83,r_142_49_128,0.99,0,128,128,34
36,r_58_65_36,r_3_68_152,r_117_73_175,r_58_65_36,1,3,39,36,34
1,r_105_133_42,seq30,seq130,r_105_133_42,0.98,0,42,42,34
33,r_56_4_187,r_112_43_141,r_104_132_174,r_56_4_187,0.98,0,187,187,34
37,r_115_88_132,r_90_74_145,seq18,r_115_88_132,0.86,0,132,132,34
21,r_21_82_86,seq57,r_26_44_1,r_21_82_86,0.96,2,88,86,34
39,r_53_92_71,r_15_5_75,seq34,r_53_92_71,1,1,72,71,34
5,r_117_73_175,r_13_32_158,r_58_65_36,r_58_65_36,0.73,122,158,36,34
46,r_112_43_141,seq119,r_56_4_187,r_112_43_141,0.82,0,141,141,34
19,r_118_59_173,seq2,r_10_100_153,r_118_59_173,0.41,0,173,173,34
2,r_51_17_124,seq50,r_13_32_158,r_51_17_124,0.65,45,169,124,34
33,r_56_4_187,r_101_120_2,r_112_43_141,r_112_43_141,1,4,145,141,34
66,seq36,seq52,r_107_45_104,r_107_45_104,1,34,138,104,34
39,r_53_92_71,seq34,r_137_27_193,r_53_92_71,0.4,72,143,71,34
31,r_15_5_75,r_142_49_128,seq76,r_15_5_75,1,0,75,75,34
41,r_148_146_186,r_123_46_70,seq69,r_123_46_70,1,0,70,70,34
42,r_47_129_51,r_33_139_137,r_110_72_163,r_33_139_137,0.99,-30,107,137,34
3,r_90_74_145,r_115_88_132,r_144_31_112,r_144_31_112,0.69,20,132,112,34
44,r_127_98_34,r_138_109_191,r_67_28_148,r_67_28_148,0.84,0,148,148,34
0,r_131_19_130,seq57,seq11,r_131_19_130,0.99,0,130,130,34
63,seq30,seq78,r_147_24_100,r_147_24_100,1,8,108,100,34
11,r_104_132_174,seq0,r_56_4_187,r_56_4_187,0.52,0,187,187,34
13,r_107_45_104,seq2,seq36,r_107_45_104,1,0,104,104,34
98,seq124,seq85,r_123_46_70,r_123_46_70,1,4,74,70,34
15,r_13_32_158,r_117_73_175,r_51_17_124,r_51_17_124,0.6,34,158,124,34
48,r_42_8_113,r_10_100_153,r_128_134_176,r_42_8_113,0.73,0,113,113,34
57,seq12,r_33_139_137,r_37_143_5,r_33_139_137,0.56,-123,14,137,34
29,r_128_134_176,r_42_8_113,r_136_29_157,r_128_134_176,0.86,0,176,176,34
32,r_144_31_112,r_20_75_69,r_90_74_145,r_144_31_112,1,1,113,112,34
62,seq25,r_67_28_148,seq55,r_67_28_148,0.79,1,149,148,34
85,seq89,r_10_100_153,r_62_140_11,r_10_100_153,0.47,-1,152,153,34
56,seq11,r_53_92_71,r_131_19_130,r_131_19_130,0.92,0,130,130,34
52,seq2,r_118_59_173,r_80_111_139,r_118_59_173,0.83,0,173,173,34
36,r_58_65_36,r_117_73_175,r_33_139_137,r_33_139_137,0.57,38,175,137,34
30,r_16_141_166,r_22_63_52,seq34,r_16_141_166,0.82,0,166,166,34
2,r_51_17_124,r_104_132_174,seq50,r_104_132_174,0.57,-49,125,174,34
41,r_148_146_186,seq69,r_126_87_73,r_148_146_186,0.77,0,186,186,34
47,r_80_111_139,r_101_120_2,seq35,r_80_111_139,0.89,0,139,139,34
40,r_20_75_69,seq130,r_144_31_112,r_20_75_69,1,0,69,69,34
18,r_10_100_153,seq89,r_101_120_2,r_10_100_153,0.96,0,153,153,34
29,r_128_134_176,r_108_23_125,r_42_8_113,r_128_134_176,0.83,-51,125,176,34
24,r_26_44_1,seq86,r_21_82_86,r_21_82_86,1,-9,77,86,34
25,r_116_77_177,seq52,r_147_24_100,r_147_24_100,0.68,77,177,100,34
43,r_138_109_191,r_127_98_34,seq60,r_138_109_191,0.4,-67,124,191,34
33,r_56_4_187,r_126_87_73,r_101_120_2,r_126_87_73,1,0,73,73,34
48,r_42_8_113,r_128_134_176,r_58_65_36,r_128_134_176,1,0,176,176,34
44,r_127_98_34,seq83,seq60,r_127_98_34,0.9,-1,33,34,34
6,r_22_63_52,r_16_141_166,seq106,r_16_141_166,1,0,166,166,34
65,seq35,seq103,r_80_111_139,r_80_111_139,1,25,164,139,34
20,r_122_81_38,r_40_66_197,seq18,r_122_81_38,1,0,38,38,34
32,r_144_31_112,r_80_111_139,r_20_75_69,r_20_75_69,1,8,77,69,34
38,r_101_120_2,r_80_111_139,r_56_4_187,r_80_111_139,0.99,0,139,139,34
52,seq2,r_107_45_104,r_118_59_173,r_107_45_104,1,0,104,104,34
40,r_20_75_69,r_144_31_112,r_122_81_38,r_144_31_112,1,-1,111,112,34
4,r_62_140_11,seq125,seq64,r_62_140_11,0.85,0,11,11,34
75,seq61,r_14_41_92,seq39,r_14_41_92,0.68,2,94,92,34
5,r_117_73_175,r_58_65_36,seq0,r_117_73_175,0.53,0,175,175,34
26,r_3_68_152,seq12,r_110_72_163,r_3_68_152,0.4,12,164,152,34
42,r_47_129_51,r_110_72_163,r_80_111_139,r_47_129_51,0.64,112,163,51,34
39,r_53_92_71,r_137_27_193,r_142_49_128,r_142_49_128,0.77,30,158,128,34
17,r_14_41_92,seq61,seq36,r_14_41_92,1,3,95,92,34
9,r_108_23_125,r_128_134_176,r_105_133_42,r_108_23_125,0.96,0,125,125,34
96,seq119,r_112_43_141,seq85,r_112_43_141,0.77,1,142,141,34
22,r_123_46_70,r_148_146_186,seq124,r_123_46_70,1,0,70,70,34
28,r_147_24_100,r_80_111_139,seq30,r_147_24_100,0.99,0,100,100,34
38,r_101_120_2,r_56_4_187,r_10_100_153,r_56_4_187,0.96,-10,177,187,34
74,seq60,r_123_46_70,seq69,r_123_46_70,1,-21,49,70,34
56,seq11,seq64,r_53_92_71,r_53_92_71,0.96,22,93,71,34
7,r_33_139_137,r_110_72_163,r_58_65_36,r_33_139_137,0.92,0,137,137,34
12,r_126_87_73,seq149,seq125,r_126_87_73,0.61,44,117,73,34
16,r_84_48_56,seq52,seq38,r_84_48_56,1,0,56,56,34
23,r_110_72_163,r_33_139_137,r_47_129_51,r_47_129_51,0.92,52,103,51,34
79,seq76,seq99,r_15_5_75,r_15_5_75,1,-1,74,75,34
43,r_138_109_191,r_123_46_70,r_127_98_34,r_138_109_191,0.96,-143,48,191,34
12,r_126_87_73,r_56_4_187,seq149,r_126_87_73,1,0,73,73,34
42,r_47_129_51,r_21_82_86,r_33_139_137,r_47_129_51,0.96,0,51,51,34
45,r_93_135_54,r_10_100_153,seq6,r_93_135_54,1,0,54,54,34
23,r_110_72_163,r_47_129_51,r_3_68_152,r_110_72_163,0.91,0,163,163,34
84,seq86,r_26_44_1,r_90_74_145,r_90_74_145,0.85,11,156,145,34
30,r_41_93_56,seq73,seq66,r_41_93_56,0.67,98,154,56,35
51,seq2,r_8_145_126,seq91,r_8_145_126,0.99,-31,95,126,35
42,r_17_74_181,seq16,r_148_13_162,r_17_74_181,0.91,0,181,181,35
26,r_7_24_65,r_42_31_21,r_99_133_17,r_7_24_65,1,0,65,65,35
13,r_147_39_101,r_64_4_146,seq33,r_64_4_146,0.99,-5,141,146,35
14,r_72_6_119,seq137,r_119_30_43,r_72_6_119,1,1,120,119,35
53,seq134,r_12_131_117,seq48,r_12_131_117,0.78,-1,116,117,35
86,seq81,r_98_84_173,r_124_35_74,r_124_35_74,1,99,173,74,35
16,r_124_35_74,r_64_4_146,seq81,r_124_35_74,1,0,74,74,35
21,r_98_84_173,seq81,seq16,r_98_84_173,0.68,0,173,173,35
39,r_45_83_196,seq126,r_132_100_58,r_132_100_58,0.98,8,66,58,35
1,r_9_56_97,seq102,r_49_21_120,r_9_56_97,0.92,1,98,97,35
5,r_92_20_93,seq136,r_49_21_120,r_92_20_93,1,0,93,93,35
42,r_17_74_181,r_148_13_162,seq16,r_148_13_162,0.59,0,162,162,35
80,seq139,r_60_69_149,r_117_101_50,r_117_101_50,0.91,99,149,50,35
69,seq44,r_49_21_120,r_71_95_113,r_71_95_113,0.95,14,127,113,35
45,r_82_122_121,seq129,seq34,r_82_122_121,0.71,9,130,121,35
19,r_60_69_149,seq139,r_82_122_121,r_60_69_149,0.72,0,149,149,35
0,r_37_108_57,r_71_95_113,seq58,r_71_95_113,0.96,2,115,113,35
20,r_119_30_43,r_96_115_186,r_128_141_163,r_119_30_43,0.96,0,43,43,35
56,seq137,r_148_13_162,r_15_19_134,r_148_13_162,0.97,-11,151,162,35
27,r_132_100_58,r_99_133_17,r_45_83_196,r_132_100_58,0.98,0,58,58,35
35,r_88_80_22,r_64_4_146,seq16,r_88_80_22,0.99,0,22,22,35
9,r_105_116_104,r_49_21_120,r_132_100_58,r_105_116_104,0.95,0,104,104,35
26,r_7_24_65,r_147_39_101,r_42_31_21,r_42_31_21,0.98,2,23,21,35
31,r_1_0_72,seq55,seq102,r_1_0_72,1,1,73,72,35
15,r_106_62_153,r_124_35_74,seq48,r_106_62_153,0.45,-43,110,153,35
27,r_132_100_58,seq76,r_99_133_17,r_99_133_17,0.93,0,17,17,35
3,r_148_13_162,r_17_74_181,r_72_6_119,r_17_74_181,0.59,-19,162,181,35
41,r_63_77_89,r_105_116_104,seq138,r_63_77_89,1,0,89,89,35
10,r_46_10_174,seq104,r_107_123_46,r_46_10_174,0.41,0,174,174,35
25,r_57_90_179,r_12_131_117,seq59,r_57_90_179,0.87,0,179,179,35
78,seq65,r_128_141_163,r_119_30_43,r_119_30_43,0.76,50,93,43,35
11,r_70_144_105,seq27,seq14,r_70_144_105,0.6,12,117,105,35
13,r_147_39_101,seq126,r_64_4_146,r_147_39_101,0.75,0,101,101,35
48,r_128_141_163,seq65,r_119_30_43,r_119_30_43,1,37,80,43,35
27,r_132_100_58,r_45_83_196,r_105_116_104,r_105_116_104,1,42,146,104,35
4,r_99_133_17,r_29_130_194,r_7_24_65,r_7_24_65,0.81,30,95,65,35
36,r_51_125_31,r_32_110_139,seq97,r_32_110_139,0.72,-66,73,139,35
99,seq126,r_147_39_101,seq91,r_147_39_101,1,-4,97,101,35
6,r_117_101_50,seq34,seq139,r_117_101_50,1,0,50,50,35
15,r_106_62_153,seq48,seq3,r_106_62_153,0.99,1,154,153,35
7,r_64_4_146,r_147_39_101,seq129,r_64_4_146,0.89,0,146,146,35
41,r_63_77_89,r_107_123_46,r_105_116_104,r_107_123_46,1,1,47,46,35
2,r_8_145_126,seq2,seq14,r_8_145_126,0.96,0,126,126,35
47,r_42_31_21,r_7_24_65,seq61,r_42_31_21,0.82,44,65,21,35
40,r_54_146_137,r_28_67_115,seq66,r_28_67_115,0.65,0,115,115,35
18,r_12_131_117,seq134,r_57_90_179,r_12_131_117,0.93,0,117,117,35
29,r_15_19_134,seq66,r_88_80_22,r_15_19_134,0.6,1,135,134,35
28,r_71_95_113,seq18,r_37_108_57,r_37_108_57,0.82,0,57,57,35
35,r_88_80_22,seq16,r_15_19_134,r_15_19_134,1,1,135,134,35
25,r_57_90_179,r_121_25_148,r_12_131_117,r_12_131_117,0.58,31,148,117,35
33,r_103_142_138,seq33,seq68,r_103_142_138,0.91,0,138,138,35
48,r_128_141_163,r_119_30_43,seq3,r_128_141_163,0.99,0,163,163,35
88,seq91,r_96_115_186,seq2,r_96_115_186,0.66,-7,179,186,35
36,r_51_125_31,seq97,r_32_110_139,r_32_110_139,0.45,-81,58,139,35
65,seq27,r_70_144_105,seq78,r_70_144_105,1,-16,89,105,35
20,r_119_30_43,r_128_141_163,r_38_89_107,r_38_89_107,1,9,116,107,35
32,r_121_25_148,r_57_90_179,r_15_19_134,r_121_25_148,0.98,0,148,148,35
38,r_79_43_131,r_45_83_196,r_88_80_22,r_79_43_131,0.97,7,138,131,35
47,r_42_31_21,seq61,r_28_67_115,r_28_67_115,1,3,118,115,35
34,r_49_21_120,r_105_116_104,r_9_56_97,r_49_21_120,1,-16,104,120,35
67,seq34,r_117_101_50,seq129,r_117_101_50,0.97,0,50,50,35
28,r_71_95_113,r_37_108_57,r_9_56_97,r_71_95_113,0.86,0,113,113,35
81,seq68,seq3,r_103_142_138,r_103_142_138,1,13,151,138,35
7,r_64_4_146,seq140,r_147_39_101,r_147_39_101,0.67,0,101,101,35
4,r_99_133_17,r_72_6_119,r_29_130_194,r_99_133_17,0.91,0,17,17,35
9,r_105_116_104,r_63_77_89,r_49_21_120,r_63_77_89,0.83,-10,79,89,35
37,r_85_149_96,seq139,seq118,r_85_149_96,0.62,-84,12,96,35
17,r_23_127_16,r_96_115_186,seq140,r_23_127_16,0.91,0,16,16,35
37,r_85_149_96,seq118,r_1_0_72,r_85_149_96,0.9,0,96,96,35
22,r_28_67_115,r_54_146_137,r_42_31_21,r_28_67_115,0.64,0,115,115,35
49,r_5_109_19,seq140,seq111,r_5_109_19,0.96,0,19,19,35
56,seq137,r_72_6_119,r_148_13_162,r_72_6_119,0.69,41,160,119,35
7,r_64_4_146,r_124_35_74,seq140,r_124_35_74,0.91,2,76,74,35
8,r_107_123_46,r_63_77_89,seq136,r_107_123_46,0.99,0,46,46,35
44,r_26_87_154,seq138,r_28_67_115,r_26_87_154,0.61,0,154,154,35
23,r_38_89_107,r_72_6_119,r_119_30_43,r_119_30_43,1,64,107,43,35
82,seq73,r_41_93_56,r_106_62_153,r_41_93_56,0.64,0,56,56,35
0,r_37_108_57,r_29_130_194,r_71_95_113,r_37_108_57,1,0,57,57,35
11,r_70_144_105,seq14,r_7_24_65,r_70_144_105,0.51,60,165,105,35
79,seq66,r_15_19_134,seq11,r_15_19_134,0.83,1,135,134,35
40,r_54_146_137,seq66,seq91,r_54_146_137,0.95,2,139,137,35
15,r_35_45_49,r_129_10_86,r_8_6_187,r_35_45_49,0.75,0,49,49,36
30,r_44_1_73,r_8_6_187,r_101_103_149,r_44_1_73,0.95,0,73,73,36
36,r_2_132_153,seq12,r_98_116_117,r_98_116_117,0.98,0,117,117,36
47,r_46_135_135,seq96,r_42_118_15,r_46_135_135,0.56,0,135,135,36
37,r_85_0_162,r_148_59_59,seq111,r_148_59_59,0.69,-43,16,59,36
14,r_91_7_151,r_119_43_171,seq137,r_91_7_151,0.76,0,151,151,36
62,seq31,r_148_59_59,r_85_0_162,r_148_59_59,1,-1,58,59,36
21,r_125_21_78,r_101_103_149,r_148_59_59,r_125_21_78,0.88,1,79,78,36
83,seq86,r_134_77_169,seq65,r_134_77_169,0.55,0,169,169,36
3,r_101_103_149,r_44_1_73,seq96,r_101_103_149,0.87,0,149,149,36
59,seq17,r_53_70_140,seq13,r_53_70_140,1,-55,85,140,36
37,r_85_0_162,seq39,seq121,r_85_0_162,0.92,3,165,162,36
71,seq64,seq78,r_82_5_58,r_82_5_58,1,6,64,58,36
16,r_48_97_124,seq20,seq50,r_48_97_124,0.97,0,124,124,36
21,r_125_21_78,r_94_19_68,r_101_103_149,r_94_19_68,0.68,0,68,68,36
1,r_149_36_147,r_8_6_187,r_104_84_155,r_8_6_187,0.92,-40,147,187,36
27,r_148_59_59,seq31,seq76,r_148_59_59,1,0,59,59,36
5,r_63_123_106,seq88,r_73_146_109,r_73_146_109,0.99,6,115,109,36
46,r_136_143_121,r_104_84_155,r_41_9_84,r_136_143_121,0.67,0,121,121,36
42,r_73_146_109,seq40,r_63_123_106,r_73_146_109,0.97,0,109,109,36
91,seq108,r_61_90_97,r_119_43_171,r_61_90_97,0.91,75,172,97,36
32,r_42_118_15,seq142,r_46_135_135,r_46_135_135,1,31,166,135,36
36,r_2_132_153,r_98_116_117,seq140,r_2_132_153,1,0,153,153,36
50,seq3,r_82_5_58,seq127,r_82_5_58,1,0,58,58,36
45,r_8_6_187,r_149_36_147,r_35_45_49,r_35_45_49,0.92,98,147,49,36
19,r_145_25_129,r_104_84_155,r_99_56_92,r_145_25_129,0.93,0,129,129,36
43,r_14_57_53,r_24_26_70,seq120,r_14_57_53,1,-1,52,53,36
15,r_35_45_49,r_8_6_187,r_129_10_86,r_129_10_86,0.87,101,187,86,36
33,r_89_92_13,seq120,r_22_28_150,r_22_28_150,0.77,1,151,150,36
93,seq111,r_85_0_162,r_62_29_26,r_62_29_26,0.91,1,27,26,36
66,seq40,r_73_146_109,seq13,r_73_146_109,0.89,0,109,109,36
98,seq121,r_85_0_162,r_124_16_178,r_124_16_178,0.44,3,181,178,36
31,r_47_113_163,seq86,r_95_67_131,r_47_113_163,0.79,-113,50,163,36
41,r_18_74_66,r_95_67_131,r_80_23_21,r_18_74_66,0.91,-1,65,66,36
10,r_104_84_155,r_145_25_129,seq137,r_145_25_129,0.75,0,129,129,36
26,r_83_34_75,seq109,r_61_90_97,r_83_34_75,0.99,0,75,75,36
45,r_8_6_187,r_35_45_49,r_61_90_97,r_61_90_97,0.56,90,187,97,36
4,r_22_28_150,seq140,r_89_92_13,r_22_28_150,0.73,0,150,150,36
0,r_53_70_140,seq17,seq105,r_53_70_140,0.98,0,140,140,36
22,r_130_30_161,seq15,seq12,r_130_30_161,0.68,1,162,161,36
11,r_99_56_92,seq121,r_2_132_153,r_99_56_92,0.93,0,92,92,36
28,r_98_116_117,r_126_128_56,seq17,r_98_116_117,0.38,-91,26,117,36
44,r_126_128_56,seq68,r_80_23_21,r_126_128_56,1,0,56,56,36
20,r_139_138_65,r_22_28_150,seq13,r_139_138_65,0.99,0,65,65,36
29,r_124_16_178,r_62_29_26,seq96,r_62_29_26,0.97,0,26,26,36
48,r_24_26_70,seq137,r_2_132_153,r_24_26_70,1,0,70,70,36
28,r_98_116_117,r_2_132_153,r_145_25_129,r_2_132_153,0.96,1,154,153,36
10,r_104_84_155,seq137,r_149_36_147,r_104_84_155,0.94,0,155,155,36
33,r_89_92_13,r_95_67_131,seq120,r_89_92_13,0.74,1,14,13,36
6,r_110_60_152,seq100,r_145_25_129,r_110_60_152,0.86,3,155,152,36
85,seq96,r_124_16_178,r_101_103_149,r_101_103_149,0.57,6,155,149,36
2,r_95_67_131,seq121,r_49_37_5,r_95_67_131,1,1,132,131,36
99,seq127,r_131_87_185,r_110_60_152,r_110_60_152,0.99,33,185,152,36
97,seq120,r_89_92_13,r_14_57_53,r_14_57_53,0.86,4,57,53,36
32,r_42_118_15,r_80_23_21,seq142,r_42_118_15,0.95,0,15,15,36
30,r_44_1_73,r_101_103_149,seq141,r_44_1_73,0.56,77,150,73,36
44,r_126_128_56,r_80_23_21,r_18_74_66,r_126_128_56,0.44,59,115,56,36
74,seq68,r_126_128_56,seq112,r_126_128_56,1,0,56,56,36
87,seq100,r_110_60_152,seq11,r_110_60_152,0.99,0,152,152,36
3,r_101_103_149,r_125_21_78,r_44_1_73,r_101_103_149,0.91,-71,78,149,36
40,r_133_54_184,seq20,r_122_117_156,r_133_54_184,0.27,1,185,184,36
18,r_41_9_84,seq20,r_136_143_121,r_41_9_84,0.91,37,121,84,36
35,r_122_117_156,seq31,r_133_54_184,r_133_54_184,0.68,1,185,184,36
9,r_61_90_97,r_148_59_59,r_8_6_187,r_61_90_97,0.63,90,187,97,36
25,r_119_43_171,r_91_7_151,seq52,r_91_7_151,0.91,-16,135,151,36
48,r_24_26_70,r_2_132_153,r_145_25_129,r_145_25_129,0.6,6,135,129,36
24,r_62_29_26,r_124_16_178,seq111,r_62_29_26,1,0,26,26,36
58,seq141,r_125_21_78,r_44_1_73,r_44_1_73,0.64,27,100,73,36
19,r_145_25_129,r_99_56_92,r_98_116_117,r_145_25_129,0.46,50,179,129,36
3,r_101_103_149,r_94_19_68,r_125_21_78,r_125_21_78,0.8,-31,47,78,36
61,seq20,r_41_9_84,r_129_10_86,r_129_10_86,0.99,0,86,86,36
52,seq137,r_24_26_70,r_104_84_155,r_24_26_70,1,0,70,70,36
34,r_94_19_68,r_125_21_78,seq13,r_94_19_68,1,0,68,68,36
9,r_61_90_97,r_91_7_151,r_148_59_59,r_91_7_151,0.98,0,151,151,36
11,r_99_56_92,r_2_132_153,r_145_25_129,r_99_56_92,0.92,43,135,92,36
17,r_82_5_58,seq3,seq64,r_82_5_58,1,0,58,58,36
81,seq79,seq137,r_134_77_169,r_134_77_169,0.7,0,169,169,36
9,r_61_90_97,seq108,r_83_34_75,r_83_34_75,0.99,3,78,75,36
9,r_61_90_97,r_83_34_75,r_91_7_151,r_61_90_97,0.91,0,97,97,36
28,r_98_116_117,seq17,r_2_132_153,r_98_116_117,0.78,1,118,117,36
22,r_130_30_161,r_91_7_151,seq15,r_91_7_151,0.32,0,151,151,36
2,r_95_67_131,r_18_74_66,seq121,r_18_74_66,0.82,-32,34,66,36
86,seq144,r_58_93_82,seq76,r_58_93_82,0.99,-44,38,82,36
62,seq31,r_85_0_162,seq111,r_85_0_162,0.92,1,163,162,36
91,seq108,seq52,r_61_90_97,r_61_90_97,0.76,31,128,97,36
49,r_58_93_82,seq15,seq33,r_58_93_82,1,0,82,82,36
35,r_122_117_156,r_47_113_163,seq31,r_47_113_163,0.53,4,167,163,36
7,r_129_10_86,r_131_87_185,seq20,r_129_10_86,1,0,86,86,36
7,r_129_10_86,r_35_45_49,r_131_87_185,r_35_45_49,0.77,-17,32,49,36
79,seq76,r_122_117_156,r_148_59_59,r_148_59_59,0.99,97,156,59,36
35,r_122_117_156,seq76,r_47_113_163,r_47_113_163,0.91,-7,156,163,36
31,r_47_113_163,r_122_117_156,r_129_10_86,r_47_113_163,0.6,0,163,163,36
44,r_63_47_136,r_77_30_135,r_135_16_121,r_63_47_136,0.9,0,136,136,37
92,seq115,r_17_104_162,seq116,r_17_104_162,0.5,2,164,162,37
43,r_135_16_121,r_23_133_112,seq126,r_135_16_121,0.98,0,121,121,37
21,r_17_104_162,seq115,r_101_70_2,r_17_104_162,0.54,1,163,162,37
39,r_23_133_112,r_135_16_121,seq127,r_135_16_121,0.69,-6,115,121,37
1,r_3_32_98,r_34_93_137,seq112,r_3_32_98,0.6,0,98,98,37
77,seq84,seq13,r_77_30_135,r_77_30_135,0.89,3,138,135,37
5,r_57_24_124,seq81,r_11_78_173,r_57_24_124,0.53,0,124,124,37
46,r_52_113_68,seq38,seq51,r_52_113_68,1,1,69,68,37
42,r_145_27_156,seq125,r_57_24_124,r_145_27_156,0.81,0,156,156,37
1,r_3_32_98,seq112,r_131_6_27,r_131_6_27,0.8,119,146,27,37
10,r_55_31_22,r_77_30_135,seq18,r_77_30_135,0.78,-24,111,135,37
80,seq88,r_83_65_147,r_62_53_197,r_83_65_147,0.58,0,147,147,37
7,r_61_40_188,seq96,r_11_78_173,r_61_40_188,0.52,0,188,188,37
34,r_95_117_54,seq126,r_102_108_89,r_102_108_89,0.79,-35,54,89,37
6,r_102_108_89,r_95_117_54,seq125,r_102_108_89,0.78,0,89,89,37
13,r_2_129_34,seq123,seq46,r_2_129_34,1,0,34,34,37
76,seq81,r_57_24_124,r_3_32_98,r_57_24_124,0.51,0,124,124,37
31,r_141_22_85,r_105_69_155,seq18,r_141_22_85,0.97,0,85,85,37
41,r_21_41_71,seq99,seq50,r_21_41_71,1,0,71,71,37
67,seq51,r_39_36_128,r_52_113_68,r_52_113_68,0.82,60,128,68,37
30,r_20_124_36,seq71,r_12_45_107,r_20_124_36,0.82,0,36,36,37
89,seq111,r_44_9_160,r_39_36_128,r_39_36_128,0.68,32,160,128,37
96,seq123,r_11_78_173,r_145_27_156,r_145_27_156,0.93,17,173,156,37
3,r_146_144_120,r_7_35_146,r_19_48_76,r_146_144_120,0.93,2,122,120,37
72,seq73,r_139_134_125,r_105_69_155,r_139_134_125,0.69,1,126,125,37
14,r_66_25_5,r_49_15_111,r_101_70_2,r_49_15_111,1,0,111,111,37
80,seq88,r_62_53_197,seq136,r_62_53_197,0.4,-24,173,197,37
4,r_49_15_111,seq148,seq85,r_49_15_111,1,0,111,111,37
0,r_89_67_105,r_57_24_124,r_102_108_89,r_57_24_124,1,-19,105,124,37
73,seq74,r_132_1_56,r_56_137_199,r_132_1_56,0.69,101,157,56,37
11,r_98_75_61,r_11_78_173,seq126,r_98_75_61,0.86,2,63,61,37
18,r_131_6_27,seq87,r_56_137_199,r_131_6_27,1,0,27,27,37
70,seq68,seq74,r_95_117_54,r_95_117_54,0.9,88,142,54,37
20,r_139_134_125,seq73,r_43_149_144,r_139_134_125,0.96,2,127,125,37
15,r_107_54_143,seq106,seq4,r_107_54_143,0.96,0,143,143,37
48,r_10_82_177,r_43_149_144,r_86_28_10,r_10_82_177,0.78,-35,142,177,37
8,r_132_1_56,seq74,r_121_110_13,r_121_110_13,0.53,40,53,13,37
40,r_11_78_173,r_57_24_124,seq51,r_11_78_173,1,0,173,173,37
12,r_76_142_70,r_107_54_143,r_2_129_34,r_107_54_143,1,-1,142,143,37
27,r_43_149_144,r_10_82_177,r_139_134_125,r_43_149_144,0.97,0,144,144,37
30,r_20_124_36,r_12_45_107,r_8_103_84,r_20_124_36,0.94,66,102,36,37
6,r_102_108_89,r_55_31_22,seq112,r_102_108_89,0.71,-76,13,89,37
96,seq123,r_2_129_34,r_11_78_173,r_2_129_34,1,0,34,34,37
2,r_39_36_128,seq51,seq29,r_39_36_128,0.97,0,128,128,37
47,r_64_109_122,r_63_47_136,seq85,r_64_109_122,0.96,0,122,122,37
6,r_102_108_89,seq112,r_95_117_54,r_95_117_54,0.99,4,58,54,37
40,r_11_78_173,r_98_75_61,seq123,r_98_75_61,0.97,5,66,61,37
29,r_101_70_2,r_49_15_111,seq148,r_49_15_111,1,-22,89,111,37
5,r_57_24_124,r_11_78_173,r_145_27_156,r_11_78_173,0.93,1,174,173,37
10,r_55_31_22,r_102_108_89,r_44_9_160,r_55_31_22,0.6,0,22,22,37
25,r_12_45_107,r_20_124_36,seq114,r_12_45_107,0.82,0,107,107,37
33,r_118_72_63,r_83_65_147,seq38,r_118_72_63,1,0,63,63,37
35,r_7_35_146,r_66_25_5,seq73,r_7_35_146,0.96,0,146,146,37
88,seq106,r_107_54_143,r_76_142_70,r_76_142_70,0.88,74,144,70,37
70,seq68,r_34_93_137,seq74,r_34_93_137,0.38,-38,99,137,37
68,seq58,r_105_69_155,seq106,r_105_69_155,0.45,12,167,155,37
61,seq29,r_44_9_160,r_39_36_128,r_39_36_128,0.52,17,145,128,37
32,r_33_60_67,r_3_32_98,seq42,r_33_60_67,1,0,67,67,37
10,r_55_31_22,r_44_9_160,r_77_30_135,r_44_9_160,0.55,-96,64,160,37
38,r_105_69_155,seq58,seq73,r_105_69_155,0.51,0,155,155,37
52,seq4,seq80,r_107_54_143,r_107_54_143,0.95,2,145,143,37
9,r_34_93_137,seq85,seq87,r_34_93_137,0.99,0,137,137,37
40,r_11_78_173,seq123,r_57_24_124,r_57_24_124,0.97,0,124,124,37
17,r_83_65_147,r_118_72_63,seq136,r_118_72_63,1,0,63,63,37
34,r_95_117_54,r_102_108_89,seq81,r_102_108_89,1,-1,88,89,37
9,r_34_93_137,r_3_32_98,seq85,r_34_93_137,0.66,-39,98,137,37
19,r_138_130_39,r_89_67_105,seq85,r_138_130_39,0.73,0,39,39,37
22,r_121_110_13,r_76_142_70,r_132_1_56,r_121_110_13,1,0,13,13,37
37,r_86_28_10,r_10_82_177,r_83_65_147,r_83_65_147,0.91,31,178,147,37
28,r_8_103_84,r_77_30_135,seq119,r_8_103_84,1,0,84,84,37
91,seq114,seq122,r_12_45_107,r_12_45_107,1,0,107,107,37
49,r_77_30_135,r_63_47_136,seq84,r_77_30_135,1,0,135,135,37
98,seq126,seq96,r_135_16_121,r_135_16_121,0.93,1,122,121,37
44,r_63_47_136,r_64_109_122,r_77_30_135,r_64_109_122,0.99,0,122,122,37
17,r_83_65_147,seq136,r_86_28_10,r_83_65_147,0.97,0,147,147,37
79,seq87,r_8_103_84,r_63_47_136,r_8_103_84,1,1,85,84,37
35,r_7_35_146,r_146_144_120,r_66_25_5,r_66_25_5,0.59,117,122,5,37
12,r_76_142_70,seq123,r_107_54_143,r_76_142_70,0.98,0,70,70,37
48,r_10_82_177,r_86_28_10,seq79,r_10_82_177,0.98,1,178,177,37
84,seq96,r_61_40_188,r_63_47_136,r_63_47_136,0.99,52,188,136,37
3,r_107_36_130,r_46_146_164,r_17_134_154,r_46_146_164,0.5,-3,161,164,38
47,r_116_108_19,r_49_75_182,r_141_80_65,r_116_108_19,0.91,0,19,19,38
36,r_143_57_142,r_40_119_195,seq28,r_143_57_142,0.98,0,142,142,38
8,r_46_146_164,r_85_63_94,r_141_80_65,r_46_146_164,0.6,-70,94,164,38
83,seq86,r_24_90_64,seq22,r_24_90_64,0.95,3,67,64,38
37,r_5_3_114,seq114,r_53_111_62,r_5_3_114,0.96,3,117,114,38
95,seq112,r_124_106_152,r_2_131_27,r_2_131_27,0.53,-8,19,27,38
73,seq50,seq103,r_21_31_40,r_21_31_40,0.99,0,40,40,38
55,seq8,r_113_69_113,seq101,r_113_69_113,1,1,114,113,38
86,seq94,r_129_137_175,seq47,r_129_137_175,0.51,-14,161,175,38
16,r_71_148_83,r_79_52_14,seq9,r_71_148_83,0.52,-20,63,83,38
1,r_104_55_38,seq6,r_126_93_51,r_104_55_38,0.87,8,46,38,38
54,seq6,r_42_117_60,r_82_65_43,r_82_65_43,0.98,7,50,43,38
73,seq50,r_21_31_40,r_53_111_62,r_53_111_62,1,2,64,62,38
5,r_129_137_175,seq94,r_34_115_58,r_129_137_175,0.77,0,175,175,38
46,r_91_66_124,seq35,r_123_98_29,r_91_66_124,0.82,0,124,124,38
42,r_140_26_95,seq62,r_123_98_29,r_140_26_95,1,0,95,95,38
32,r_68_74_139,r_143_57_142,seq10,r_68_74_139,0.97,0,139,139,38
7,r_34_115_58,r_49_75_182,r_85_63_94,r_34_115_58,0.86,68,126,58,38
45,r_126_93_51,seq61,r_104_55_38,r_126_93_51,0.87,0,51,51,38
41,r_142_99_98,r_123_98_29,seq92,r_123_98_29,0.69,1,30,29,38
19,r_124_106_152,seq112,r_123_98_29,r_124_106_152,0.65,0,152,152,38
33,r_0_67_169,r_27_149_11,r_71_148_83,r_27_149_11,0.64,158,169,11,38
44,r_44_7_196,r_70_118_46,r_102_11_48,r_44_7_196,0.9,-148,48,196,38
25,r_70_118_46,r_44_7_196,seq22,r_70_118_46,1,1,47,46,38
7,r_34_115_58,seq48,r_49_75_182,r_34_115_58,1,0,58,58,38
31,r_32_89_193,seq14,r_123_98_29,r_123_98_29,0.83,51,80,29,38
3,r_107_36_130,seq105,r_46_146_164,r_107_36_130,0.86,2,132,130,38
10,r_147_135_105,seq8,r_42_117_60,r_147_135_105,1,0,105,105,38
43,r_85_63_94,r_20_72_110,seq58,r_85_63_94,0.47,-65,29,94,38
39,r_21_31_40,r_122_121_180,seq50,r_21_31_40,1,0,40,40,38
8,r_46_146_164,r_141_80_65,r_32_89_193,r_46_146_164,0.95,0,164,164,38
4,r_24_90_64,seq86,r_27_149_11,r_24_90_64,1,0,64,64,38
78,seq62,r_140_26_95,seq125,r_140_26_95,1,0,95,95,38
11,r_138_41_168,seq10,r_102_11_48,r_102_11_48,0.71,120,168,48,38
13,r_122_121_180,seq23,seq95,r_122_121_180,0.53,0,180,180,38
74,seq51,r_42_117_60,r_82_65_43,r_82_65_43,0.99,7,50,43,38
15,r_56_15_99,seq62,seq114,r_56_15_99,0.99,2,101,99,38
54,seq6,r_104_55_38,r_42_117_60,r_104_55_38,0.57,-6,32,38,38
33,r_0_67_169,seq13,r_27_149_11,r_27_149_11,1,3,14,11,38
6,r_49_75_182,seq22,seq77,r_49_75_182,0.37,0,182,182,38
21,r_27_149_11,r_0_67_169,seq13,r_0_67_169,1,-40,129,169,38
18,r_33_64_22,seq9,r_2_131_27,r_33_64_22,1,0,22,22,38
23,r_2_131_27,r_70_118_46,r_33_64_22,r_2_131_27,1,0,27,27,38
30,r_102_11_48,r_44_7_196,r_138_41_168,r_138_41_168,0.96,0,168,168,38
27,r_123_98_29,r_142_99_98,r_79_52_14,r_123_98_29,0.99,0,29,29,38
60,seq14,r_32_89_193,r_123_98_29,r_123_98_29,0.8,11,40,29,38
22,r_82_65_43,seq47,seq6,r_82_65_43,0.99,0,43,43,38
2,r_139_30_136,seq76,seq12,r_139_30_136,0.79,2,138,136,38
40,r_29_59_191,seq127,seq16,r_29_59_191,0.5,-111,80,191,38
29,r_20_72_110,r_85_63_94,seq58,r_85_63_94,0.98,0,94,94,38
24,r_17_134_154,r_138_41_168,r_107_36_130,r_17_134_154,0.56,1,155,154,38
43,r_85_63_94,seq58,r_34_115_58,r_85_63_94,1,0,94,94,38
48,r_37_88_4,seq13,r_27_149_11,r_27_149_11,0.75,92,103,11,38
28,r_79_52_14,r_129_137_175,r_123_98_29,r_123_98_29,0.77,1,30,29,38
21,r_27_149_11,seq9,r_0_67_169,r_27_149_11,1,0,11,11,38
47,r_116_108_19,r_141_80_65,r_27_149_11,r_141_80_65,1,0,65,65,38
32,r_68_74_139,r_53_111_62,r_143_57_142,r_53_111_62,0.99,3,65,62,38
38,r_42_117_60,seq51,seq23,r_42_117_60,0.81,0,60,60,38
52,seq4,r_129_137_175,seq136,r_129_137_175,0.95,-114,61,175,38
34,r_130_19_179,seq61,r_129_137_175,r_130_19_179,0.49,1,180,179,38
26,r_141_80_65,r_0_67_169,r_116_108_19,r_116_108_19,1,5,24,19,38
30,r_102_11_48,r_17_134_154,r_44_7_196,r_102_11_48,1,0,48,48,38
17,r_53_111_62,r_68_74_139,seq50,r_53_111_62,1,1,63,62,38
9,r_113_69_113,seq8,seq28,r_113_69_113,0.93,1,114,113,38
31,r_32_89_193,r_123_98_29,r_46_146_164,r_46_146_164,0.76,5,169,164,38
35,r_40_119_195,r_143_57_142,r_113_69_113,r_40_119_195,0.51,-53,142,195,38
26,r_141_80_65,r_116_108_19,seq58,r_141_80_65,1,0,65,65,38
12,r_100_78_189,seq105,r_20_72_110,r_20_72_110,0.57,79,189,110,38
16,r_71_148_83,seq9,r_73_96_5,r_71_148_83,0.84,0,83,83,38
30,r_99_45_178,seq49,seq7,r_99_45_178,0.23,3,181,178,39
44,r_59_77_68,r_86_88_174,r_72_27_111,r_59_77_68,0.75,105,173,68,39
9,r_29_79_7,seq23,r_135_144_24,r_135_144_24,1,4,28,24,39
92,seq112,seq145,r_109_64_99,r_109_64_99,1,14,113,99,39
10,r_13_12_40,seq41,seq3,r_13_12_40,1,0,40,40,39
43,r_140_113_91,seq146,seq61,r_140_113_91,0.83,0,91,91,39
83,seq90,r_111_131_65,seq104,r_111_131_65,1,0,65,65,39
37,r_19_37_150,seq107,seq146,r_19_37_150,0.36,0,150,150,39
16,r_65_105_72,seq148,seq7,r_65_105_72,1,2,74,72,39
21,r_14_141_145,r_76_68_66,r_4_11_71,r_14_141_145,0.98,-77,68,145,39
39,r_142_15_82,seq106,r_13_12_40,r_142_15_82,1,0,82,82,39
5,r_101_39_173,r_109_64_99,seq2,r_109_64_99,1,0,99,99,39
42,r_0_31_154,r_99_45_178,r_21_62_181,r_0_31_154,0.67,0,154,154,39
73,seq41,r_13_12_40,seq128,r_13_12_40,0.98,1,41,40,39
80,seq75,r_43_67_89,seq120,r_43_67_89,1,0,89,89,39
69,seq34,r_122_114_196,r_58_83_53,r_58_83_53,1,120,173,53,39
32,r_143_33_34,seq134,seq25,r_143_33_34,0.99,0,34,34,39
0,r_147_38_182,r_135_144_24,r_8_74_165,r_135_144_24,0.88,-2,22,24,39
45,r_96_44_32,r_116_82_194,seq94,r_96_44_32,1,0,32,32,39
8,r_116_82_194,r_96_44_32,r_149_117_20,r_116_82_194,1,-173,21,194,39
0,r_147_38_182,r_8_74_165,r_81_71_79,r_81_71_79,1,1,80,79,39
58,seq137,seq6,r_55_102_38,r_55_102_38,0.81,16,54,38,39
31,r_9_66_164,seq18,seq129,r_9_66_164,0.64,5,169,164,39
89,seq106,r_122_114_196,r_58_83_53,r_58_83_53,1,121,174,53,39
3,r_60_24_158,r_99_45_178,seq42,r_99_45_178,0.73,-20,158,178,39
26,r_85_84_3,seq30,r_149_117_20,r_149_117_20,0.99,42,62,20,39
72,seq40,r_122_114_196,r_58_83_53,r_58_83_53,1,120,173,53,39
64,seq25,seq5,r_143_33_34,r_143_33_34,1,3,37,34,39
78,seq69,r_70_47_155,seq41,r_70_47_155,0.92,0,155,155,39
11,r_50_17_75,r_55_102_38,r_13_12_40,r_50_17_75,1,1,76,75,39
59,seq138,r_149_117_20,seq28,r_149_117_20,0.84,-1,19,20,39
13,r_109_64_99,r_101_39_173,seq112,r_109_64_99,1,1,100,99,39
15,r_72_27_111,seq73,r_59_77_68,r_72_27_111,0.96,0,111,111,39
48,r_110_1_67,seq69,seq89,r_110_1_67,1,0,67,67,39
6,r_63_124_92,seq94,seq28,r_63_124_92,1,4,96,92,39
21,r_14_141_145,r_4_11_71,seq61,r_14_141_145,0.99,0,145,145,39
67,seq30,r_116_82_194,r_149_117_20,r_149_117_20,0.95,21,41,20,39
2,r_81_71_79,r_147_38_182,r_36_52_115,r_81_71_79,0.87,95,174,79,39
5,r_101_39_173,seq2,r_70_47_155,r_101_39_173,0.77,0,173,173,39
27,r_108_92_190,seq94,seq146,r_108_92_190,0.12,0,190,190,39
24,r_123_53_184,seq128,r_9_66_164,r_123_53_184,0.51,-107,77,184,39
24,r_123_53_184,seq2,seq128,r_123_53_184,0.58,-2,182,184,39
59,seq138,r_121_54_103,r_139_98_130,r_139_98_130,0.98,5,135,130,39
2,r_81_71_79,seq115,r_147_38_182,r_81_71_79,1,0,79,79,39
0,r_147_38_182,r_81_71_79,seq145,r_147_38_182,0.63,1,183,182,39
59,seq138,seq28,r_121_54_103,r_121_54_103,0.93,7,110,103,39
68,seq133,r_51_46_52,seq7,r_51_46_52,1,0,52,52,39
18,r_70_47_155,seq69,seq103,r_70_47_155,0.73,0,155,155,39
36,r_100_48_140,seq6,r_58_83_53,r_100_48_140,0.49,37,177,140,39
25,r_111_131_65,seq90,r_29_79_7,r_111_131_65,1,0,65,65,39
33,r_36_52_115,seq61,r_81_71_79,r_36_52_115,0.99,1,116,115,39
83,seq90,seq104,r_130_119_88,r_130_119_88,0.8,15,103,88,39
47,r_135_144_24,r_147_38_182,r_29_79_7,r_135_144_24,1,0,24,24,39
38,r_76_68_66,seq56,seq104,r_76_68_66,1,0,66,66,39
53,seq3,seq97,r_13_12_40,r_13_12_40,0.99,19,59,40,39
34,r_87_132_59,seq69,seq115,r_87_132_59,1,1,60,59,39
42,r_0_31_154,r_21_62_181,seq104,r_21_62_181,1,2,183,181,39
96,seq148,r_65_105_72,seq126,r_65_105_72,1,2,74,72,39
41,r_58_83_53,r_130_119_88,seq34,r_58_83_53,0.73,-34,19,53,39
22,r_121_54_103,r_99_45_178,seq138,r_121_54_103,0.96,1,104,103,39
28,r_130_119_88,seq23,seq90,r_130_119_88,1,0,88,88,39
7,r_86_88_174,r_59_77_68,r_149_117_20,r_59_77_68,0.95,106,174,68,39
44,r_59_77_68,seq80,r_86_88_174,r_59_77_68,1,0,68,68,39
23,r_4_11_71,r_70_47_155,r_14_141_145,r_4_11_71,0.98,0,71,71,39
77,seq61,r_140_113_91,r_14_141_145,r_14_141_145,0.86,1,146,145,39
82,seq89,seq28,r_110_1_67,r_110_1_67,1,9,76,67,39
49,r_91_22_19,r_65_105_72,seq94,r_91_22_19,0.59,1,20,19,39
1,r_149_117_20,seq138,seq30,r_149_117_20,0.97,0,20,20,39
12,r_139_98_130,seq146,seq138,r_139_98_130,0.89,0,130,130,39
14,r_51_46_52,seq133,seq73,r_51_46_52,1,0,52,52,39
23,r_4_11_71,r_14_141_145,seq56,r_14_141_145,1,-1,144,145,39
24,r_123_53_184,r_9_66_164,seq2,r_9_66_164,0.83,-38,126,164,39
30,r_5_62_79,r_0_35_153,seq142,r_5_62_79,1,0,79,79,40
23,r_20_89_148,r_50_34_52,seq39,r_20_89_148,0.98,1,149,148,40
99,seq126,seq38,r_13_97_95,r_13_97_95,0.45,-5,90,95,40
36,r_71_1_72,r_56_60_197,r_17_33_31,r_71_1_72,1,0,72,72,40
28,r_78_99_120,seq30,seq90,r_78_99_120,1,0,120,120,40
14,r_112_45_107,r_138_127_167,seq129,r_112_45_107,0.98,0,107,107,40
32,r_59_144_10,seq98,r_64_4_129,r_59_144_10,0.96,0,10,10,40
83,seq86,seq61,r_77_93_96,r_77_93_96,1,22,118,96,40
37,r_10_42_4,r_94_58_108,r_79_44_5,r_94_58_108,0.99,0,108,108,40
26,r_85_118_21,r_68_12_56,seq31,r_85_118_21,0.99,0,21,21,40
49,r_17_33_31,r_21_55_77,seq136,r_17_33_31,1,0,31,31,40
19,r_96_28_29,r_26_3_88,seq103,r_26_3_88,0.98,7,95,88,40
16,r_108_102_143,seq90,r_113_125_37,r_108_102_143,0.56,0,143,143,40
1,r_6_140_109,r_37_76_35,r_112_45_107,r_6_140_109,1,0,109,109,40
5,r_21_55_77,seq122,seq106,r_21_55_77,0.84,0,77,77,40
46,r_64_4_129,seq149,r_146_22_99,r_64_4_129,0.7,0,129,129,40
42,r_146_22_99,r_138_127_167,seq130,r_146_22_99,0.99,0,99,99,40
54,seq9,r_96_28_29,r_52_123_102,r_52_123_102,0.54,8,110,102,40
45,r_133_46_91,seq141,seq111,r_133_46_91,0.95,0,91,91,40
15,r_13_97_95,r_15_36_138,seq126,r_13_97_95,0.73,-53,42,95,40
24,r_0_35_153,seq148,r_133_46_91,r_0_35_153,1,0,153,153,40
11,r_73_131_67,r_74_115_173,r_85_118_21,r_74_115_173,0.88,1,174,173,40
47,r_50_34_52,seq111,r_20_89_148,r_50_34_52,0.98,0,52,52,40
63,seq25,r_81_32_119,r_113_125_37,r_113_125_37,0.49,0,37,37,40
31,r_56_60_197,r_71_1_72,seq30,r_71_1_72,1,0,72,72,40
35,r_29_69_16,seq38,r_91_63_172,r_91_63_172,0.67,2,174,172,40
29,r_68_12_56,r_85_118_21,seq148,r_85_118_21,0.93,-5,16,21,40
41,r_114_16_78,r_52_123_102,seq8,r_114_16_78,0.98,1,79,78,40
67,seq38,r_15_36_138,seq66,r_15_36_138,0.98,0,138,138,40
3,r_14_11_152,seq53,r_50_34_52,r_14_11_152,0.63,0,152,152,40
90,seq101,seq139,r_147_75_76,r_147_75_76,1,34,110,76,40
72,seq53,r_14_11_152,r_85_118_21,r_14_11_152,0.84,3,155,152,40
4,r_15_36_138,seq38,r_77_93_96,r_15_36_138,0.77,0,138,138,40
35,r_29_69_16,r_52_123_102,seq38,r_52_123_102,0.85,-6,96,102,40
11,r_73_131_67,seq47,r_74_115_173,r_73_131_67,1,0,67,67,40
13,r_41_134_61,seq142,seq149,r_41_134_61,1,1,62,61,40
48,r_91_63_172,r_108_102_143,r_135_107_53,r_135_107_53,0.96,4,57,53,40
54,seq9,seq25,r_96_28_29,r_96_28_29,0.84,22,51,29,40
35,r_29_69_16,r_20_89_148,r_15_36_138,r_15_36_138,0.77,-122,16,138,40
12,r_74_115_173,r_73_131_67,seq126,r_74_115_173,1,0,173,173,40
44,r_77_93_96,r_96_28_29,seq86,r_77_93_96,0.87,0,96,96,40
9,r_113_125_37,r_105_104_94,seq25,r_113_125_37,0.98,0,37,37,40
23,r_20_89_148,r_29_69_16,r_73_131_67,r_20_89_148,0.58,-132,16,148,40
19,r_96_28_29,r_50_34_52,r_26_3_88,r_96_28_29,0.99,0,29,29,40
23,r_20_89_148,r_73_131_67,r_50_34_52,r_50_34_52,0.71,0,52,52,40
1,r_6_140_109,seq72,r_37_76_35,r_37_76_35,1,10,45,35,40
0,r_26_3_88,r_96_28_29,seq38,r_96_28_29,0.57,76,105,29,40
36,r_71_1_72,r_17_33_31,r_24_48_147,r_24_48_147,0.86,1,148,147,40
10,r_135_107_53,r_91_63_172,r_78_99_120,r_91_63_172,0.36,2,174,172,40
27,r_94_58_108,r_10_42_4,r_41_134_61,r_94_58_108,0.99,0,108,108,40
38,r_7_49_166,seq142,seq145,r_7_49_166,0.65,-23,143,166,40
32,r_59_144_10,r_64_4_129,r_17_33_31,r_17_33_31,0.55,35,66,31,40
2,r_105_104_94,seq136,seq30,r_105_104_94,1,0,94,94,40
0,r_26_3_88,seq38,r_74_115_173,r_74_115_173,0.54,10,183,173,40
74,seq57,r_81_32_119,r_113_125_37,r_113_125_37,0.58,82,119,37,40
24,r_0_35_153,r_5_62_79,seq148,r_0_35_153,0.53,-74,79,153,40
40,r_88_40_40,r_73_131_67,seq148,r_88_40_40,1,0,40,40,40
33,r_124_117_114,seq38,seq142,r_124_117_114,0.54,0,114,114,40
48,r_91_63_172,r_135_107_53,r_29_69_16,r_135_107_53,0.5,121,174,53,40
35,r_29_69_16,r_15_36_138,r_52_123_102,r_52_123_102,0.54,-51,51,102,40
47,r_50_34_52,r_20_89_148,r_14_11_152,r_50_34_52,0.94,100,152,52,40
50,seq128,seq39,r_132_143_176,r_132_143_176,0.54,-97,79,176,40
70,seq47,r_73_131_67,seq101,r_73_131_67,1,0,67,67,40
65,seq30,r_78_99_120,seq145,r_78_99_120,0.96,0,120,120,40
68,seq39,r_37_76_35,r_132_143_176,r_37_76_35,0.99,0,35,35,40
61,seq149,r_64_4_129,r_41_134_61,r_41_134_61,1,2,63,61,40
22,r_52_123_102,r_124_117_114,seq9,r_52_123_102,0.94,0,102,102,40
0,r_26_3_88,r_81_32_119,r_96_28_29,r_96_28_29,0.93,13,42,29,40
17,r_37_76_35,seq39,r_6_140_109,r_37_76_35,0.98,0,35,35,40
32,r_59_144_10,r_17_33_31,r_68_12_56,r_59_144_10,0.46,75,85,10,40
50,seq128,r_132_143_176,seq98,r_132_143_176,0.62,-9,167,176,40
22,r_52_123_102,r_114_16_78,r_124_117_114,r_52_123_102,0.44,-24,78,102,40
28,r_78_99_120,r_112_45_107,seq30,r_78_99_120,0.68,-38,82,120,40
7,r_2_84_199,r_94_58_108,r_79_44_5,r_94_58_108,0.95,0,108,108,40
8,r_51_67_46,seq136,seq103,r_51_67_46,0.96,0,46,46,40
44,r_77_93_96,seq103,r_96_28_29,r_96_28_29,0.86,55,84,29,40
98,seq122,r_79_44_5,seq39,r_79_44_5,0.39,173,178,5,40
29,r_68_12_56,seq148,seq149,r_68_12_56,0.99,0,56,56,40
17,r_37_76_35,r_6_140_109,seq72,r_6_140_109,1,0,109,109,40
10,r_135_107_53,r_105_104_94,r_91_63_172,r_135_107_53,1,0,53,53,40
12,r_74_115_173,r_133_46_91,r_73_131_67,r_74_115_173,0.66,-82,91,173,40
30,r_22_145_136,seq114,seq45,r_22_145_136,0.95,0,136,136,41
51,seq2,seq38,r_93_86_52,r_93_86_52,1,19,71,52,41
53,seq139,r_92_131_150,r_23_116_199,r_92_131_150,0.58,0,150,150,41
43,r_59_60_69,r_64_37_142,r_23_116_199,r_59_60_69,1,0,69,69,41
1,r_144_132_41,seq39,r_62_56_195,r_144_132_41,0.75,1,42,41,41
54,seq13,r_65_50_160,seq101,r_65_50_160,0.5,1,161,160,41
20,r_54_130_185,r_68_27_62,seq43,r_54_130_185,0.88,1,186,185,41
26,r_85_49_25,seq78,r_137_36_51,r_137_36_51,1,-1,50,51,41
86,seq77,r_1_0_120,seq114,r_1_0_120,0.84,1,121,120,41
16,r_148_48_77,r_28_29_141,seq52,r_148_48_77,1,0,77,77,41
39,r_92_131_150,seq139,r_5_107_143,r_92_131_150,0.48,0,150,150,41
97,seq119,r_90_75_168,r_63_97_61,r_63_97_61,1,107,168,61,41
5,r_108_111_4,seq33,r_70_61_76,r_70_61_76,1,1,77,76,41
46,r_68_27_62,seq77,r_9_11_181,r_68_27_62,1,0,62,62,41
42,r_5_107_143,r_16_3_64,seq101,r_16_3_64,1,0,64,64,41
15,r_105_66_16,r_63_97_61,r_16_3_64,r_105_66_16,0.85,0,16,16,41
40,r_126_135_192,r_96_149_34,r_133_91_23,r_126_135_192,1,-168,24,192,41
19,r_94_10_113,seq146,seq72,r_94_10_113,0.95,0,113,113,41
15,r_105_66_16,r_16_3_64,r_64_37_142,r_105_66_16,0.61,111,127,16,41
11,r_133_91_23,r_65_50_160,r_126_135_192,r_133_91_23,1,-1,22,23,41
11,r_133_91_23,r_126_135_192,seq119,r_133_91_23,0.37,167,190,23,41
4,r_31_102_158,r_96_149_34,seq114,r_96_149_34,0.98,-19,15,34,41
37,r_30_100_29,r_57_58_75,seq34,r_30_100_29,0.99,0,29,29,41
14,r_125_106_187,r_79_140_48,seq53,r_125_106_187,0.67,-138,49,187,41
41,r_90_75_168,seq119,seq8,r_90_75_168,0.58,0,168,168,41
3,r_21_99_94,seq51,seq120,r_21_99_94,0.98,0,94,94,41
10,r_141_20_198,seq73,r_128_81_144,r_128_81_144,0.8,11,155,144,41
22,r_96_149_34,seq43,seq143,r_96_149_34,1,0,34,34,41
28,r_93_86_52,seq55,seq38,r_93_86_52,0.98,0,52,52,41
14,r_125_106_187,seq53,r_31_102_158,r_31_102_158,0.7,30,188,158,41
29,r_57_58_75,r_30_100_29,seq41,r_30_100_29,0.97,-1,28,29,41
0,r_16_3_64,r_5_107_143,r_105_66_16,r_16_3_64,0.85,1,65,64,41
29,r_57_58_75,seq41,seq129,r_57_58_75,1,1,76,75,41
20,r_54_130_185,r_57_58_75,seq45,r_57_58_75,0.57,-1,74,75,41
13,r_121_124_127,seq47,seq26,r_121_124_127,0.77,0,127,127,41
46,r_68_27_62,r_9_11_181,r_148_48_77,r_68_27_62,0.65,119,181,62,41
48,r_9_11_181,seq52,r_68_27_62,r_68_27_62,1,7,69,62,41
0,r_16_3_64,r_105_66_16,r_4_17_176,r_4_17_176,0.61,-88,88,176,41
4,r_31_102_158,r_88_82_96,r_125_106_187,r_31_102_158,0.62,30,188,158,41
26,r_85_49_25,seq42,seq78,r_85_49_25,0.8,0,25,25,41
66,seq39,r_117_7_58,seq44,r_117_7_58,1,-22,36,58,41
6,r_6_25_37,r_103_80_102,seq42,r_6_25_37,1,0,37,37,41
56,seq143,seq53,r_96_149_34,r_96_149_34,0.89,3,37,34,41
62,seq33,seq76,r_117_7_58,r_117_7_58,1,23,81,58,41
20,r_54_130_185,r_125_106_187,r_68_27_62,r_68_27_62,0.8,66,128,62,41
99,seq123,seq2,r_28_29_141,r_28_29_141,1,13,154,141,41
45,r_79_140_48,r_125_106_187,r_95_113_2,r_79_140_48,1,0,48,48,41
69,seq43,r_96_149_34,seq114,r_96_149_34,0.99,-2,32,34,41
27,r_62_56_195,r_115_110_131,r_144_132_41,r_62_56_195,0.57,-78,117,195,41
89,seq87,r_63_97_61,seq78,r_63_97_61,1,-3,58,61,41
79,seq67,seq78,r_137_36_51,r_137_36_51,0.85,74,125,51,41
47,r_103_80_102,r_6_25_37,seq69,r_103_80_102,0.88,1,103,102,41
0,r_16_3_64,r_4_17_176,r_128_81_144,r_128_81_144,0.68,19,163,144,41
18,r_70_61_76,r_28_29_141,r_108_111_4,r_70_61_76,0.92,0,76,76,41
24,r_12_134_128,r_28_29_141,seq19,r_12_134_128,0.98,0,128,128,41
35,r_128_81_144,seq98,r_141_20_198,r_128_81_144,1,0,144,144,41
25,r_63_97_61,seq87,r_90_75_168,r_63_97_61,1,0,61,61,41
33,r_138_40_180,seq19,r_121_124_127,r_138_40_180,0.52,0,180,180,41
48,r_9_11_181,r_68_27_62,seq43,r_9_11_181,0.7,0,181,181,41
64,seq35,r_4_17_176,r_83_46_130,r_83_46_130,1,0,130,130,41
50,seq129,r_138_40_180,r_57_58_75,r_57_58_75,1,8,83,75,41
58,seq19,r_138_40_180,r_57_58_75,r_57_58_75,1,105,180,75,41
42,r_5_107_143,seq101,r_92_131_150,r_5_107_143,0.95,7,150,143,41
32,r_23_116_199,r_94_10_113,r_59_60_69,r_23_116_199,0.94,-98,101,199,41
38,r_115_110_131,seq8,r_79_140_48,r_115_110_131,0.9,0,131,131,41
52,seq8,r_62_56_195,r_90_75_168,r_90_75_168,0.6,0,168,168,41
9,r_137_36_51,r_83_46_130,r_85_49_25,r_137_36_51,1,-1,50,51,41
34,r_64_37_142,seq120,r_105_66_16,r_64_37_142,0.96,0,142,142,41
20,r_54_130_185,seq45,r_125_106_187,r_54_130_185,0.28,-78,107,185,41
75,seq52,r_9_11_181,r_148_48_77,r_148_48_77,1,0,77,77,41
17,r_127_122_54,r_138_40_180,r_4_17_176,r_127_122_54,0.55,75,129,54,41
45,r_79_140_48,r_95_113_2,r_115_110_131,r_115_110_131,0.91,5,136,131,41
31,r_117_7_58,seq39,seq33,r_117_7_58,1,0,58,58,41
17,r_127_122_54,r_23_116_199,r_138_40_180,r_127_122_54,0.6,20,74,54,41
25,r_63_97_61,r_90_75_168,seq119,r_90_75_168,0.64,0,168,168,41
94,seq114,r_22_145_136,seq43,r_22_145_136,0.86,0,136,136,41
91,seq101,r_5_107_143,seq13,r_5_107_143,0.51,2,145,143,41
63,seq34,seq69,r_30_100_29,r_30_100_29,1,0,29,29,41
49,r_65_50_160,seq13,r_63_97_61,r_65_50_160,0.68,1,161,160,41
7,r_83_46_130,r_128_81_144,seq35,r_83_46_130,0.97,0,130,130,41
44,r_88_82_96,seq118,seq41,r_88_82_96,1,0,96,96,41
23,r_1_0_120,seq77,r_30_100_29,r_1_0_120,0.97,0,120,120,41
35,r_128_81_144,r_83_46_130,seq98,r_83_46_130,0.76,-59,71,130,41
12,r_28_29_141,r_12_134_128,seq14,r_28_29_141,0.96,0,141,141,41
65,seq38,seq2,r_93_86_52,r_93_86_52,1,3,55,52,41
30,r_86_61_160,seq100,r_28_31_6,r_28_31_6,0.82,154,160,6,42
36,r_36_75_70,r_110_0_125,r_44_17_31,r_44_17_31,0.71,39,70,31,42
48,r_44_17_31,seq14,seq73,r_44_17_31,1,0,31,31,42
38,r_62_53_52,seq50,seq100,r_62_53_52,1,1,53,52,42
14,r_2_97_135,seq109,seq74,r_2_97_135,0.93,0,135,135,42
8,r_4_118_60,seq25,seq94,r_4_118_60,1,1,61,60,42
43,r_103_149_122,seq71,r_47_29_76,r_103_149_122,0.86,0,122,122,42
40,r_119_67_11,r_144_147_86,seq148,r_119_67_11,1,1,12,11,42
37,r_108_77_67,seq109,seq72,r_108_77_67,1,0,67,67,42
23,r_107_113_54,r_110_0_125,r_139_88_17,r_107_113_54,1,0,54,54,42
19,r_54_13_181,r_39_78_38,seq74,r_54_13_181,0.52,4,185,181,42
71,seq41,seq128,r_126_57_123,r_126_57_123,1,2,125,123,42
5,r_144_147_86,seq128,seq64,r_144_147_86,1,0,86,86,42
46,r_102_70_85,seq142,r_42_55_15,r_42_55_15,0.66,31,46,15,42
80,seq71,r_103_149_122,seq105,r_103_149_122,0.86,2,124,122,42
21,r_126_57_123,r_36_75_70,r_110_0_125,r_36_75_70,0.62,-47,23,70,42
44,r_139_88_17,seq5,seq14,r_139_88_17,1,0,17,17,42
83,seq74,r_54_13_181,r_2_97_135,r_2_97_135,1,11,146,135,42
45,r_141_104_129,seq74,r_39_78_38,r_39_78_38,0.66,46,84,38,42
42,r_7_122_28,seq79,seq25,r_7_122_28,0.98,0,28,28,42
24,r_39_78_38,r_54_13_181,seq19,r_54_13_181,0.51,9,190,181,42
39,r_6_76_77,r_36_75_70,r_49_120_111,r_49_120_111,1,0,111,111,42
31,r_110_0_125,r_107_113_54,r_126_57_123,r_107_113_54,0.9,0,54,54,42
95,seq111,seq115,r_143_137_73,r_143_137_73,1,21,94,73,42
66,seq25,r_4_118_60,r_7_122_28,r_4_118_60,0.89,0,60,60,42
19,r_54_13_181,seq19,r_39_78_38,r_39_78_38,1,14,52,38,42
39,r_6_76_77,r_28_31_6,r_36_75_70,r_6_76_77,0.92,2,79,77,42
67,seq30,seq60,r_66_101_57,r_66_101_57,1,12,69,57,42
89,seq95,seq8,r_89_99_81,r_89_99_81,1,41,122,81,42
29,r_47_29_76,seq11,seq148,r_47_29_76,0.99,0,76,76,42
3,r_125_18_40,r_52_93_164,seq23,r_125_18_40,1,0,40,40,42
10,r_90_131_84,r_49_120_111,r_110_0_125,r_90_131_84,1,0,84,84,42
72,seq48,r_3_27_130,seq136,r_3_27_130,0.98,-2,128,130,42
16,r_28_31_6,r_6_76_77,seq33,r_6_76_77,0.95,1,78,77,42
35,r_52_93_164,r_125_18_40,r_119_67_11,r_52_93_164,0.71,-122,42,164,42
4,r_134_46_113,seq33,r_24_129_43,r_134_46_113,0.9,0,113,113,42
0,r_80_83_93,r_58_20_185,r_124_130_90,r_80_83_93,1,0,93,93,42
73,seq136,r_58_20_185,seq98,r_58_20_185,0.43,0,185,185,42
31,r_110_0_125,r_126_57_123,r_90_131_84,r_90_131_84,0.68,1,85,84,42
98,seq117,seq60,r_141_104_129,r_141_104_129,1,2,131,129,42
20,r_34_40_98,r_42_55_15,r_89_99_81,r_34_40_98,0.91,-87,11,98,42
13,r_138_84_112,seq33,r_102_70_85,r_138_84_112,0.99,0,112,112,42
62,seq148,r_119_67_11,r_47_29_76,r_47_29_76,1,5,81,76,42
45,r_141_104_129,r_39_78_38,seq117,r_141_104_129,1,0,129,129,42
21,r_126_57_123,r_110_0_125,seq41,r_126_57_123,1,0,123,123,42
13,r_138_84_112,r_6_76_77,seq33,r_6_76_77,0.95,-48,29,77,42
92,seq100,r_86_61_160,r_62_53_52,r_62_53_52,1,5,57,52,42
27,r_3_27_130,seq48,seq21,r_3_27_130,0.96,0,130,130,42
24,r_39_78_38,r_103_149_122,r_54_13_181,r_39_78_38,0.99,0,38,38,42
29,r_47_29_76,r_10_43_18,seq11,r_10_43_18,0.72,0,18,18,42
1,r_123_106_50,seq128,r_68_112_26,r_123_106_50,0.62,-1,49,50,42
2,r_49_120_111,r_90_131_84,r_6_76_77,r_49_120_111,0.95,-28,83,111,42
41,r_24_129_43,seq115,r_134_46_113,r_134_46_113,1,7,120,113,42
74,seq50,r_35_26_182,r_12_85_117,r_12_85_117,0.91,33,150,117,42
46,r_102_70_85,r_42_55_15,r_62_53_52,r_102_70_85,0.76,0,85,85,42
28,r_66_101_57,r_12_85_117,seq30,r_66_101_57,1,0,57,57,42
15,r_10_43_18,r_47_29_76,seq145,r_10_43_18,1,0,18,18,42
35,r_52_93_164,r_119_67_11,r_139_88_17,r_139_88_17,0.57,145,162,17,42
33,r_124_130_90,seq22,r_80_83_93,r_80_83_93,0.81,0,93,93,42
50,seq128,r_144_147_86,seq41,r_144_147_86,0.91,0,86,86,42
18,r_68_112_26,r_63_15_175,r_123_106_50,r_123_106_50,0.36,0,50,50,42
68,seq32,r_63_15_175,r_59_127_114,r_59_127_114,0.77,20,134,114,42
61,seq19,r_54_13_181,r_39_78_38,r_39_78_38,1,33,71,38,42
32,r_140_81_144,seq73,seq11,r_140_81_144,0.95,0,144,144,42
52,seq132,seq98,r_110_0_125,r_110_0_125,1,7,132,125,42
26,r_133_116_12,seq96,seq51,r_133_116_12,0.96,0,12,12,42
34,r_37_82_104,seq64,r_44_17_31,r_37_82_104,0.98,-1,103,104,42
36,r_36_75_70,r_44_17_31,r_6_76_77,r_6_76_77,0.79,6,83,77,42
6,r_42_55_15,r_34_40_98,seq16,r_42_55_15,1,0,15,15,42
41,r_24_129_43,seq146,seq115,r_24_129_43,1,0,43,43,42
81,seq72,r_35_26_182,r_12_85_117,r_12_85_117,0.93,34,151,117,42
17,r_143_137_73,r_37_82_104,seq111,r_143_137_73,1,0,73,73,42
94,seq109,r_108_77_67,r_2_97_135,r_108_77_67,1,0,67,67,42
9,r_45_69_141,r_103_149_122,seq105,r_103_149_122,0.66,-9,113,122,42
16,r_28_31_6,seq33,r_86_61_160,r_86_61_160,0.87,1,161,160,42
22,r_12_85_117,seq56,seq72,r_12_85_117,0.82,0,117,117,42
31,r_110_0_125,r_90_131_84,seq132,r_110_0_125,1,0,125,125,42
56,seq11,seq65,r_140_81_144,r_140_81_144,0.97,36,180,144,42
7,r_89_99_81,seq115,seq8,r_89_99_81,0.99,2,83,81,42
94,seq109,r_2_97_135,seq135,r_2_97_135,1,0,135,135,42
79,seq65,r_59_127_114,seq11,r_59_127_114,0.98,1,115,114,42
7,r_89_99_81,seq8,r_34_40_98,r_34_40_98,0.94,15,113,98,42
12,r_59_127_114,seq65,seq32,r_59_127_114,0.86,0,114,114,42
87,seq92,r_68_112_26,r_28_31_6,r_68_112_26,0.81,0,26,26,42
84,seq79,seq73,r_36_75_70,r_36_75_70,0.95,49,119,70,42
59,seq145,r_2_97_135,r_10_43_18,r_10_43_18,0.73,-3,15,18,42
93,seq113,r_11_122_117,r_29_144_150,r_11_122_117,0.66,1,118,117,43
30,r_28_49_46,r_102_40_138,r_139_34_106,r_28_49_46,0.65,60,106,46,43
44,r_45_21_185,seq83,r_4_133_26,r_4_133_26,0.54,128,154,26,43
36,r_101_37_153,seq20,r_39_47_141,r_101_37_153,0.72,2,155,153,43
8,r_64_88_113,seq73,seq94,r_64_88_113,1,0,113,113,43
11,r_102_40_138,r_28_49_46,r_33_14_22,r_102_40_138,1,-109,29,138,43
53,seq6,r_96_2_196,r_137_89_128,r_137_89_128,1,11,139,128,43
43,r_74_115_161,seq109,r_11_122_117,r_74_115_161,0.8,0,161,161,43
37,r_57_12_25,r_3_130_19,seq78,r_57_12_25,1,-1,24,25,43
54,seq7,r_101_37_153,seq110,r_101_37_153,0.45,-119,34,153,43
42,r_81_104_73,seq26,r_36_138_93,r_36_138_93,0.99,6,99,93,43
86,seq148,seq5,r_125_67_123,r_125_67_123,1,7,130,123,43
16,r_145_117_105,seq56,r_3_130_19,r_145_117_105,1,1,106,105,43
21,r_142_43_86,seq38,r_79_54_12,r_142_43_86,0.84,0,86,86,43
1,r_39_47_141,r_129_18_110,seq113,r_39_47_141,1,0,141,141,43
5,r_129_18_110,seq108,r_39_47_141,r_129_18_110,0.74,0,110,110,43
46,r_93_120_175,r_53_140_108,r_114_65_103,r_93_120_175,0.94,-67,108,175,43
42,r_81_104_73,seq116,seq26,r_81_104_73,0.87,0,73,73,43
19,r_91_60_187,seq56,r_52_71_8,r_91_60_187,0.26,0,187,187,43
2,r_0_66_96,seq10,seq1,r_0_66_96,0.66,44,140,96,43
11,r_102_40_138,r_33_14_22,seq83,r_102_40_138,0.77,0,138,138,43
95,seq118,r_112_147_181,seq56,r_112_147_181,0.6,0,181,181,43
0,r_3_130_19,r_57_12_25,seq149,r_57_12_25,0.99,-1,24,25,43
78,seq82,seq99,r_57_12_25,r_57_12_25,0.46,124,149,25,43
27,r_15_55_167,r_102_40_138,r_52_71_8,r_102_40_138,0.66,-87,51,138,43
34,r_33_14_22,r_11_122_117,seq72,r_33_14_22,0.88,0,22,22,43
15,r_134_48_30,r_91_60_187,seq27,r_134_48_30,0.98,0,30,30,43
39,r_79_54_12,r_84_141_85,r_142_43_86,r_79_54_12,1,74,86,12,43
31,r_125_67_123,r_107_126_124,seq148,r_125_67_123,0.82,0,123,123,43
23,r_4_133_26,seq92,r_111_17_130,r_4_133_26,0.97,0,26,26,43
3,r_51_9_131,seq123,seq80,r_51_9_131,0.97,0,131,131,43
14,r_75_24_21,r_129_18_110,seq72,r_75_24_21,1,0,21,21,43
90,seq108,r_129_18_110,seq123,r_129_18_110,1,0,110,110,43
26,r_114_65_103,seq73,r_93_120_175,r_114_65_103,0.64,-1,102,103,43
72,seq69,r_70_58_159,r_53_140_108,r_53_140_108,0.48,49,157,108,43
5,r_129_18_110,r_84_141_85,r_45_21_185,r_129_18_110,0.65,79,189,110,43
47,r_139_34_106,seq121,r_28_49_46,r_139_34_106,0.98,0,106,106,43
63,seq38,r_142_43_86,seq87,r_142_43_86,1,0,86,86,43
18,r_111_17_130,r_137_89_128,r_4_133_26,r_4_133_26,1,1,27,26,43
98,seq123,r_51_9_131,seq90,r_51_9_131,1,0,131,131,43
46,r_93_120_175,r_114_65_103,r_134_48_30,r_93_120_175,0.92,0,175,175,43
10,r_143_59_54,r_53_140_108,seq124,r_143_59_54,0.7,2,56,54,43
27,r_15_55_167,seq68,r_107_126_124,r_107_126_124,0.58,44,168,124,43
4,r_16_62_91,r_19_30_194,seq72,r_16_62_91,0.98,0,91,91,43
57,seq20,r_101_37_153,r_11_122_117,r_11_122_117,0.88,36,153,117,43
6,r_84_141_85,r_79_54_12,r_39_47_141,r_84_141_85,0.93,4,89,85,43
6,r_84_141_85,r_39_47_141,r_129_18_110,r_84_141_85,0.61,40,125,85,43
10,r_143_59_54,r_3_130_19,seq148,r_143_59_54,0.56,69,123,54,43
41,r_29_144_150,seq113,seq109,r_29_144_150,0.99,0,150,150,43
0,r_3_130_19,seq149,r_145_117_105,r_145_117_105,1,32,137,105,43
74,seq73,r_64_88_113,seq124,r_64_88_113,0.88,0,113,113,43
24,r_44_146_98,seq128,seq27,r_44_146_98,1,0,98,98,43
27,r_15_55_167,r_52_71_8,seq68,r_15_55_167,0.49,-103,64,167,43
33,r_107_126_124,r_125_67_123,seq82,r_125_67_123,0.77,2,125,123,43
50,seq128,r_44_146_98,seq135,r_44_146_98,0.99,-3,95,98,43
39,r_79_54_12,r_13_127_69,r_84_141_85,r_79_54_12,0.88,0,12,12,43
10,r_143_59_54,seq124,r_3_130_19,r_143_59_54,0.76,27,81,54,43
38,r_11_122_117,seq113,seq20,r_11_122_117,1,0,117,117,43
22,r_52_71_8,r_15_55_167,r_75_24_21,r_52_71_8,0.8,56,64,8,43
32,r_98_63_44,seq10,seq5,r_98_63_44,1,0,44,44,43
5,r_129_18_110,r_39_47_141,r_84_141_85,r_39_47_141,0.87,0,141,141,43
85,seq97,seq82,r_57_12_25,r_57_12_25,0.52,14,39,25,43
44,r_45_21_185,r_4_133_26,r_129_18_110,r_45_21_185,0.69,1,186,185,43
33,r_107_126_124,seq82,r_15_55_167,r_15_55_167,0.83,-13,154,167,43
94,seq116,r_81_104_73,seq56,r_81_104_73,1,-1,72,73,43
26,r_114_65_103,r_93_120_175,r_70_58_159,r_114_65_103,0.97,57,160,103,43
9,r_112_147_181,seq118,seq86,r_112_147_181,0.51,0,181,181,43
84,seq94,seq41,r_64_88_113,r_64_88_113,0.53,10,123,113,43
28,r_13_127_69,r_125_67_123,seq68,r_13_127_69,0.98,0,69,69,43
91,seq109,r_74_115_161,r_53_140_108,r_53_140_108,0.92,16,124,108,43
49,r_131_22_111,seq109,r_75_24_21,r_131_22_111,0.96,0,111,111,43
7,r_95_106_97,r_96_2_196,r_134_48_30,r_95_106_97,1,0,97,97,43
18,r_111_17_130,r_4_133_26,seq94,r_111_17_130,0.9,0,130,130,43
44,r_45_21_185,r_16_62_91,seq83,r_16_62_91,0.87,-7,84,91,43
35,r_53_140_108,r_93_120_175,seq109,r_53_140_108,1,0,108,108,43
12,r_137_89_128,r_111_17_130,seq6,r_137_89_128,0.68,0,128,128,43
23,r_4_133_26,r_111_17_130,seq83,r_111_17_130,0.98,1,131,130,43
84,seq94,r_36_138_93,seq41,r_36_138_93,0.97,0,93,93,43
23,r_47_135_17,seq45,r_91_11_148,r_91_11_148,0.83,2,150,148,44
36,r_37_67_79,seq120,r_131_69_93,r_37_67_79,0.51,0,79,79,44
9,r_83_141_6,seq10,r_35_6_187,r_83_141_6,0.65,106,112,6,44
14,r_44_124_70,r_26_117_143,seq70,r_44_124_70,0.98,1,71,70,44
8,r_51_99_67,seq3,r_76_114_144,r_51_99_67,0.98,2,69,67,44
43,r_98_148_123,r_80_102_162,r_33_129_15,r_98_148_123,0.91,0,123,123,44
37,r_1_105_157,r_109_41_197,r_83_141_6,r_1_105_157,0.49,3,160,157,44
59,seq140,seq54,r_103_113_82,r_103_113_82,1,2,84,82,44
88,seq89,r_37_67_79,r_72_65_55,r_37_67_79,0.39,38,117,79,44
21,r_132_64_139,seq18,seq0,r_132_64_139,0.92,1,140,139,44
39,r_122_27_176,r_35_6_187,seq108,r_35_6_187,0.26,-11,176,187,44
7,r_93_60_118,r_76_114_144,seq8,r_76_114_144,0.89,0,144,144,44
30,r_119_104_110,r_25_96_27,r_73_59_2,r_119_104_110,0.63,-87,23,110,44
5,r_101_94_134,seq90,r_14_77_76,r_101_94_134,0.97,0,134,134,44
69,seq38,r_26_117_143,r_13_110_69,r_13_110_69,0.82,6,75,69,44
45,r_14_77_76,r_116_19_100,seq78,r_14_77_76,1,1,77,76,44
8,r_51_99_67,r_76_114_144,r_131_69_93,r_51_99_67,0.87,57,124,67,44
9,r_83_141_6,r_35_6_187,r_76_114_144,r_76_114_144,0.58,-92,52,144,44
48,r_5_12_113,r_147_71_81,seq143,r_147_71_81,0.65,32,113,81,44
29,r_144_23_38,seq123,r_87_74_135,r_144_23_38,0.99,0,38,38,44
91,seq95,r_46_82_91,r_149_107_14,r_46_82_91,0.98,-54,37,91,44
31,r_26_117_143,r_44_124_70,r_13_110_69,r_26_117_143,1,-72,71,143,44
67,seq22,r_91_11_148,r_132_64_139,r_91_11_148,0.57,0,148,148,44
22,r_76_114_144,r_93_60_118,r_83_141_6,r_76_114_144,0.8,0,144,144,44
3,r_80_102_162,r_98_148_123,seq63,r_98_148_123,0.97,0,123,123,44
10,r_57_49_104,seq50,seq18,r_57_49_104,0.8,0,104,104,44
15,r_32_36_23,seq3,seq133,r_32_36_23,1,0,23,23,44
26,r_87_74_135,r_144_23_38,seq125,r_87_74_135,0.68,0,135,135,44
4,r_147_71_81,seq70,r_97_137_39,r_97_137_39,0.96,44,83,39,44
38,r_13_110_69,r_47_135_17,seq38,r_13_110_69,1,0,69,69,44
11,r_73_59_2,r_119_104_110,seq10,r_73_59_2,0.53,99,101,2,44
8,r_51_99_67,r_131_69_93,r_26_117_143,r_51_99_67,0.63,91,158,67,44
47,r_68_9_51,seq61,r_116_19_100,r_68_9_51,1,3,54,51,44
1,r_33_129_15,r_85_15_53,seq3,r_33_129_15,1,1,16,15,44
20,r_20_136_168,seq133,r_55_127_4,r_20_136_168,0.54,0,168,168,44
48,r_5_12_113,r_91_11_148,r_147_71_81,r_91_11_148,0.2,-45,103,148,44
23,r_47_135_17,r_13_110_69,seq45,r_13_110_69,0.83,-2,67,69,44
6,r_31_138_147,seq28,r_109_41_197,r_31_138_147,0.79,0,147,147,44
62,seq143,seq125,r_5_12_113,r_5_12_113,1,48,161,113,44
40,r_85_15_53,seq90,r_144_23_38,r_85_15_53,1,0,53,53,44
53,seq3,r_106_29_181,r_33_129_15,r_33_129_15,0.67,36,51,15,44
0,r_106_29_181,r_33_129_15,r_47_135_17,r_47_135_17,0.54,164,181,17,44
27,r_116_19_100,r_14_77_76,r_68_9_51,r_68_9_51,0.85,25,76,51,44
13,r_72_65_55,r_35_6_187,seq28,r_72_65_55,1,0,55,55,44
30,r_119_104_110,r_73_59_2,seq0,r_119_104_110,0.9,0,110,110,44
38,r_13_110_69,seq120,r_47_135_17,r_47_135_17,0.88,3,20,17,44
28,r_43_7_40,seq62,seq111,r_43_7_40,1,0,40,40,44
18,r_131_69_93,r_103_113_82,r_37_67_79,r_131_69_93,0.65,-11,82,93,44
23,r_47_135_17,r_43_7_40,r_13_110_69,r_47_135_17,0.92,0,17,17,44
25,r_103_113_82,r_131_69_93,seq140,r_103_113_82,1,0,82,82,44
29,r_144_23_38,r_87_74_135,r_85_15_53,r_87_74_135,0.98,-53,82,135,44
88,seq89,r_53_30_152,r_37_67_79,r_37_67_79,0.8,18,97,79,44
0,r_106_29_181,seq3,r_33_129_15,r_33_129_15,0.94,39,54,15,44
68,seq28,r_53_30_152,r_72_65_55,r_72_65_55,1,97,152,55,44
3,r_80_102_162,seq63,r_72_65_55,r_80_102_162,0.98,0,162,162,44
47,r_68_9_51,r_116_19_100,seq40,r_116_19_100,0.98,0,100,100,44
32,r_46_82_91,seq95,r_131_69_93,r_46_82_91,1,1,92,91,44
52,seq2,r_116_19_100,seq142,r_116_19_100,0.85,-12,88,100,44
2,r_149_107_14,r_5_12_113,seq95,r_149_107_14,0.6,0,14,14,44
46,r_118_24_49,r_72_65_55,r_149_107_14,r_72_65_55,0.56,-6,49,55,44
93,seq111,r_88_100_164,r_43_7_40,r_43_7_40,0.97,3,43,40,44
49,r_97_137_39,r_116_19_100,r_147_71_81,r_97_137_39,0.95,1,40,39,44
17,r_35_6_187,r_122_27_176,seq52,r_122_27_176,0.5,-69,107,176,44
31,r_26_117_143,r_13_110_69,r_51_99_67,r_26_117_143,1,2,145,143,44
22,r_76_114_144,seq123,r_93_60_118,r_76_114_144,0.45,-23,121,144,44
36,r_37_67_79,r_131_69_93,r_33_129_15,r_37_67_79,0.65,16,95,79,44
27,r_116_19_100,r_68_9_51,seq56,r_116_19_100,0.98,0,100,100,44
18,r_131_69_93,r_37_67_79,r_46_82_91,r_131_69_93,0.89,0,93,93,44
34,r_25_96_27,r_119_104_110,r_109_41_197,r_25_96_27,0.85,-4,23,27,44
7,r_93_60_118,seq92,r_76_114_144,r_93_60_118,0.74,0,118,118,44
44,r_17_146_75,seq0,r_13_110_69,r_17_146_75,1,1,76,75,44
36,r_37_67_79,r_33_129_15,r_72_65_55,r_33_129_15,0.51,122,137,15,44
17,r_35_6_187,seq52,r_93_60_118,r_35_6_187,0.49,0,187,187,44
35,r_109_41_197,seq18,r_25_96_27,r_25_96_27,0.99,4,31,27,44
83,seq78,r_112_48_8,r_31_138_147,r_31_138_147,0.59,-94,53,147,44
12,r_91_11_148,seq22,r_47_135_17,r_91_11_148,0.65,0,148,148,44
30,r_133_3_87,seq135,seq26,r_133_3_87,1,0,87,87,45
9,r_97_36_143,r_145_112_23,seq38,r_97_36_143,0.95,0,143,143,45
19,r_92_14_36,r_97_36_143,r_7_75_196,r_7_75_196,0.68,-160,36,196,45
14,r_111_47_98,r_41_72_76,r_107_106_45,r_111_47_98,0.79,-31,67,98,45
19,r_92_14_36,r_7_75_196,r_97_36_143,r_97_36_143,0.99,43,186,143,45
21,r_39_25_159,seq60,r_48_57_5,r_39_25_159,0.42,0,159,159,45
1,r_30_58_192,r_144_118_131,r_63_122_54,r_63_122_54,0.84,77,131,54,45
97,seq125,r_52_103_147,r_116_148_60,r_116_148_60,0.87,87,147,60,45
27,r_45_31_10,seq11,seq96,r_45_31_10,0.99,0,10,10,45
35,r_82_79_44,seq35,r_17_117_89,r_82_79_44,0.99,1,45,44,45
69,seq38,r_7_75_196,r_97_36_143,r_97_36_143,1,0,143,143,45
85,seq84,r_87_124_21,r_128_139_137,r_87_124_21,0.9,-1,20,21,45
11,r_80_132_190,r_87_124_21,r_32_110_124,r_32_110_124,0.8,66,190,124,45
66,seq26,r_59_78_175,r_85_94_165,r_85_94_165,0.6,0,165,165,45
76,seq54,r_85_94_165,r_116_148_60,r_116_148_60,1,105,165,60,45
39,r_107_106_45,r_39_25_159,r_19_37_109,r_19_37_109,0.93,8,117,109,45
79,seq65,r_76_71_20,seq38,r_76_71_20,0.85,0,20,20,45
4,r_138_115_93,r_18_20_22,seq0,r_138_115_93,0.42,3,96,93,45
62,seq146,r_80_132_190,r_87_124_21,r_87_124_21,0.77,34,55,21,45
35,r_82_79_44,r_17_117_89,r_81_56_158,r_17_117_89,0.68,-22,67,89,45
78,seq60,r_39_25_159,seq46,r_39_25_159,0.79,-15,144,159,45
39,r_107_106_45,r_59_78_175,r_39_25_159,r_107_106_45,0.98,0,45,45,45
31,r_88_34_27,seq126,seq54,r_88_34_27,0.98,0,27,27,45
20,r_85_94_165,seq54,seq26,r_85_94_165,0.88,0,165,165,45
37,r_145_112_23,r_7_75_196,r_97_36_143,r_145_112_23,0.99,-1,22,23,45
13,r_142_6_88,r_19_37_109,seq77,r_142_6_88,1,0,88,88,45
15,r_17_117_89,r_81_56_158,seq55,r_17_117_89,0.61,1,90,89,45
48,r_116_148_60,seq101,seq54,r_116_148_60,1,0,60,60,45
26,r_87_124_21,seq84,r_80_132_190,r_87_124_21,0.97,-1,20,21,45
45,r_10_27_39,seq23,seq77,r_10_27_39,0.98,1,40,39,45
99,seq127,r_29_99_191,r_128_139_137,r_128_139_137,0.92,1,138,137,45
36,r_33_61_47,r_29_99_191,seq131,r_29_99_191,0.54,-22,169,191,45
10,r_128_139_137,seq84,seq127,r_128_139_137,0.66,1,138,137,45
81,seq67,seq24,r_76_71_20,r_76_71_20,0.76,32,52,20,45
12,r_76_71_20,seq65,seq8,r_76_71_20,0.99,0,20,20,45
2,r_113_62_148,seq28,r_111_47_98,r_111_47_98,0.95,1,99,98,45
14,r_111_47_98,seq5,r_136_74_181,r_136_74_181,0.88,1,182,181,45
47,r_32_110_124,seq131,seq89,r_32_110_124,0.94,0,124,124,45
40,r_13_121_121,r_128_139_137,seq101,r_13_121_121,0.86,0,121,121,45
74,seq50,r_136_74_181,r_68_91_59,r_68_91_59,0.66,122,181,59,45
18,r_51_12_117,seq42,seq73,r_51_12_117,0.96,0,117,117,45
24,r_136_74_181,seq50,r_111_47_98,r_136_74_181,0.51,1,182,181,45
25,r_144_118_131,r_30_58_192,r_87_124_21,r_144_118_131,0.96,0,131,131,45
33,r_29_99_191,seq127,r_33_61_47,r_33_61_47,1,89,136,47,45
14,r_111_47_98,r_107_106_45,r_113_62_148,r_111_47_98,0.98,0,98,98,45
85,seq84,r_128_139_137,seq54,r_128_139_137,0.95,0,137,137,45
11,r_80_132_190,seq146,r_87_124_21,r_87_124_21,0.92,7,28,21,45
38,r_137_1_108,seq109,seq42,r_137_1_108,0.98,0,108,108,45
77,seq55,seq15,r_17_117_89,r_17_117_89,0.66,9,98,89,45
35,r_82_79_44,r_81_56_158,r_113_62_148,r_82_79_44,0.86,108,152,44,45
34,r_98_86_65,seq102,seq135,r_98_86_65,1,0,65,65,45
36,r_33_61_47,r_85_94_165,r_29_99_191,r_33_61_47,1,0,47,47,45
2,r_113_62_148,r_111_47_98,r_82_79_44,r_113_62_148,0.85,0,148,148,45
7,r_19_37_109,seq65,r_107_106_45,r_19_37_109,0.99,0,109,109,45
17,r_95_120_64,seq89,seq66,r_95_120_64,1,0,64,64,45
29,r_147_44_43,r_104_21_184,seq50,r_147_44_43,0.51,-1,42,43,45
26,r_87_124_21,r_80_132_190,r_144_118_131,r_144_118_131,1,15,146,131,45
96,seq123,seq28,r_41_72_76,r_41_72_76,1,2,78,76,45
9,r_97_36_143,r_92_14_36,r_145_112_23,r_97_36_143,0.96,-121,22,143,45
37,r_145_112_23,r_97_36_143,r_17_117_89,r_97_36_143,0.93,0,143,143,45
22,r_64_22_115,seq8,seq73,r_64_22_115,0.59,-2,113,115,45
28,r_70_130_151,r_29_99_191,r_133_3_87,r_70_130_151,0.49,0,151,151,45
49,r_68_91_59,seq8,seq50,r_68_91_59,0.88,0,59,59,45
7,r_19_37_109,r_142_6_88,seq65,r_142_6_88,0.68,0,88,88,45
23,r_81_56_158,r_17_117_89,r_82_79_44,r_81_56_158,0.7,-91,67,158,45
41,r_63_122_54,seq0,seq89,r_63_122_54,0.99,0,54,54,45
82,seq73,r_129_134_194,r_51_12_117,r_51_12_117,1,24,141,117,45
16,r_18_20_22,r_138_115_93,seq0,r_18_20_22,0.48,87,109,22,45
95,seq109,r_63_122_54,seq84,r_63_122_54,0.61,131,185,54,45
23,r_81_56_158,r_82_79_44,r_137_1_108,r_81_56_158,0.71,-6,152,158,45
44,r_7_75_196,seq38,r_92_14_36,r_92_14_36,1,2,38,36,45
14,r_111_47_98,r_113_62_148,seq5,r_113_62_148,1,1,149,148,45
93,seq117,r_67_59_105,seq19,r_67_59_105,0.95,1,106,105,46
30,r_102_12_174,seq100,r_2_71_122,r_2_71_122,1,0,122,122,46
36,r_83_145_79,r_2_71_122,seq96,r_83_145_79,1,0,79,79,46
91,seq98,r_31_76_27,r_104_122_121,r_31_76_27,0.99,0,27,27,46
8,r_126_107_137,seq121,r_55_16_13,r_126_107_137,0.81,0,137,137,46
12,r_69_20_96,r_35_88_135,seq148,r_35_88_135,0.96,1,136,135,46
43,r_45_38_172,seq10,r_58_50_12,r_45_38_172,0.78,-1,171,172,46
54,seq7,r_114_13_76,r_32_147_162,r_114_13_76,1,0,76,76,46
87,seq90,seq81,r_131_92_31,r_131_92_31,1,26,57,31,46
15,r_114_13_76,r_70_26_189,r_25_146_90,r_114_13_76,0.61,22,98,76,46
55,seq8,r_11_41_156,r_113_101_180,r_11_41_156,0.93,1,157,156,46
16,r_70_26_189,r_118_9_127,r_114_13_76,r_70_26_189,0.48,-111,78,189,46
1,r_29_128_108,seq36,seq49,r_29_128_108,0.99,1,109,108,46
91,seq98,r_51_89_133,r_11_41_156,r_11_41_156,1,3,159,156,46
21,r_131_92_31,r_42_130_40,seq90,r_131_92_31,1,0,31,31,46
35,r_35_88_135,r_25_146_90,seq148,r_35_88_135,0.41,-85,50,135,46
45,r_74_103_177,seq10,r_99_80_91,r_99_80_91,0.86,50,141,91,46
89,seq95,r_93_94_72,r_67_59_105,r_67_59_105,0.63,46,151,105,46
41,r_143_119_35,r_106_129_104,r_31_76_27,r_31_76_27,1,3,30,27,46
19,r_39_144_159,seq4,seq125,r_39_144_159,0.85,1,160,159,46
0,r_132_66_7,seq54,r_112_78_50,r_112_78_50,1,0,50,50,46
9,r_5_97_77,r_106_129_104,r_67_59_105,r_67_59_105,0.86,0,105,105,46
96,seq123,r_132_66_7,r_58_50_12,r_58_50_12,1,-1,11,12,46
95,seq136,seq10,r_109_14_58,r_109_14_58,1,6,64,58,46
32,r_34_115_85,r_61_17_197,r_44_127_130,r_44_127_130,0.99,4,134,130,46
89,seq95,r_106_129_104,r_93_94_72,r_93_94_72,0.98,12,84,72,46
10,r_67_59_105,r_53_108_69,seq117,r_53_108_69,1,-2,67,69,46
90,seq96,seq148,r_83_145_79,r_83_145_79,1,26,105,79,46
10,r_67_59_105,seq117,r_5_97_77,r_67_59_105,0.87,0,105,105,46
26,r_44_127_130,r_140_75_164,r_34_115_85,r_44_127_130,0.92,0,130,130,46
72,seq49,seq4,r_56_1_98,r_56_1_98,1,0,98,98,46
16,r_70_26_189,r_114_13_76,r_84_82_53,r_114_13_76,0.37,113,189,76,46
39,r_61_17_197,r_109_14_58,seq85,r_109_14_58,0.97,-13,45,58,46
48,r_106_129_104,r_5_97_77,r_31_76_27,r_106_129_104,0.69,6,110,104,46
13,r_25_146_90,r_35_88_135,r_114_13_76,r_25_146_90,1,0,90,90,46
15,r_114_13_76,seq7,r_70_26_189,r_114_13_76,0.99,0,76,76,46
48,r_106_129_104,seq95,r_5_97_77,r_5_97_77,0.72,2,79,77,46
2,r_42_130_40,r_44_127_130,seq96,r_42_130_40,1,0,40,40,46
88,seq91,r_110_116_14,r_86_22_169,r_86_22_169,1,0,169,169,46
99,seq149,r_126_107_137,seq134,r_126_107_137,0.63,-77,60,137,46
17,r_84_82_53,seq138,seq52,r_84_82_53,1,0,53,53,46
27,r_23_137_132,seq72,r_35_88_135,r_23_137_132,0.61,1,133,132,46
39,r_61_17_197,seq85,r_34_115_85,r_34_115_85,0.98,0,85,85,46
25,r_2_71_122,r_83_145_79,seq0,r_83_145_79,0.67,-48,31,79,46
47,r_113_101_180,seq8,r_86_22_169,r_86_22_169,0.6,11,180,169,46
14,r_31_76_27,seq98,r_143_119_35,r_31_76_27,1,0,27,27,46
40,r_11_41_156,seq8,seq98,r_11_41_156,0.52,0,156,156,46
29,r_99_80_91,seq64,r_109_14_58,r_99_80_91,0.95,1,92,91,46
4,r_105_65_44,seq27,seq47,r_105_65_44,1,-1,43,44,46
24,r_112_78_50,seq48,r_132_66_7,r_112_78_50,1,0,50,50,46
33,r_140_75_164,seq27,r_68_28_29,r_140_75_164,0.79,0,164,164,46
88,seq91,r_126_107_137,r_110_116_14,r_126_107_137,0.84,-24,113,137,46
50,seq0,r_56_1_98,r_2_71_122,r_56_1_98,0.75,-1,97,98,46
32,r_34_115_85,r_67_59_105,r_61_17_197,r_34_115_85,0.99,0,85,85,46
38,r_53_108_69,r_67_59_105,r_111_18_65,r_67_59_105,0.98,-36,69,105,46
6,r_24_33_36,seq21,seq7,r_24_33_36,0.52,56,92,36,46
6,r_24_33_36,r_67_59_105,seq21,r_24_33_36,0.77,0,36,36,46
34,r_51_89_133,r_77_133_198,seq98,r_51_89_133,0.74,0,133,133,46
35,r_35_88_135,seq148,r_69_20_96,r_69_20_96,0.65,1,97,96,46
51,seq3,seq81,r_55_16_13,r_55_16_13,1,0,13,13,46
7,r_58_50_12,r_69_20_96,seq123,r_58_50_12,1,0,12,12,46
81,seq72,r_23_137_132,r_118_9_127,r_118_9_127,0.57,7,134,127,46
25,r_2_71_122,seq0,r_102_12_174,r_2_71_122,0.98,0,122,122,46
35,r_35_88_135,r_69_20_96,r_23_137_132,r_35_88_135,0.96,1,136,135,46
9,r_5_97_77,r_140_75_164,r_106_129_104,r_5_97_77,0.83,0,77,77,46
22,r_93_94_72,seq47,seq95,r_93_94_72,0.96,4,76,72,46
28,r_111_18_65,r_67_59_105,seq62,r_111_18_65,0.9,1,66,65,46
49,r_118_9_127,seq73,seq72,r_118_9_127,0.8,0,127,127,46
44,r_56_1_98,seq0,seq49,r_56_1_98,1,0,98,98,46
31,r_55_16_13,seq57,seq3,r_55_16_13,0.94,-1,12,13,46
82,seq73,r_118_9_127,seq139,r_118_9_127,0.43,-6,121,127,46
11,r_109_14_58,r_61_17_197,seq136,r_109_14_58,1,0,58,58,46
30,r_102_12_174,r_2_71_122,seq79,r_102_12_174,0.78,3,177,174,46
12,r_69_20_96,seq4,r_35_88_135,r_69_20_96,0.8,0,96,96,46
30,r_83_27_79,seq79,r_130_17_29,r_83_27_79,1,2,81,79,47
44,r_53_36_5,r_88_121_57,r_99_35_181,r_88_121_57,0.51,0,57,57,47
13,r_78_105_24,seq1,seq124,r_78_105_24,0.97,0,24,24,47
14,r_109_95_134,r_23_55_94,seq30,r_23_55_94,1,0,94,94,47
43,r_23_55_94,r_109_95_134,seq106,r_23_55_94,1,0,94,94,47
54,seq6,r_28_5_90,r_10_56_195,r_28_5_90,1,0,90,90,47
37,r_147_67_68,seq74,r_140_73_146,r_147_67_68,1,0,68,68,47
65,seq30,r_109_95_134,seq112,r_109_95_134,0.92,0,134,134,47
50,seq1,r_136_118_59,r_28_5_90,r_28_5_90,0.75,34,124,90,47
71,seq47,r_139_64_164,r_88_121_57,r_88_121_57,1,41,98,57,47
21,r_99_35_181,seq42,r_24_102_61,r_24_102_61,0.42,122,183,61,47
1,r_19_33_71,r_93_63_108,r_103_25_182,r_19_33_71,1,0,71,71,47
5,r_108_91_91,r_100_14_153,r_99_35_181,r_108_91_91,0.85,1,92,91,47
46,r_10_56_195,r_28_5_90,seq6,r_28_5_90,1,0,90,90,47
42,r_48_126_113,seq30,seq146,r_48_126_113,0.86,0,113,113,47
44,r_53_36_5,r_132_76_149,r_109_95_134,r_53_36_5,0.53,130,135,5,47
80,seq77,r_90_62_151,seq114,r_90_62_151,0.91,-72,79,151,47
32,r_132_76_149,r_99_35_181,r_53_36_5,r_99_35_181,0.61,-54,127,181,47
32,r_132_76_149,r_136_118_59,r_99_35_181,r_99_35_181,0.83,-147,34,181,47
28,r_85_69_180,r_49_144_49,r_108_91_91,r_85_69_180,0.71,0,180,180,47
24,r_82_86_45,seq110,r_41_21_169,r_82_86_45,0.54,125,170,45,47
27,r_117_51_190,r_107_125_70,seq148,r_117_51_190,0.36,0,190,190,47
14,r_109_95_134,seq30,r_53_36_5,r_109_95_134,0.99,1,135,134,47
32,r_132_76_149,seq4,r_139_64_164,r_139_64_164,0.87,0,164,164,47
41,r_139_64_164,seq47,r_132_76_149,r_139_64_164,0.56,0,164,164,47
12,r_130_17_29,seq1,r_89_32_123,r_89_32_123,0.73,12,135,123,47
3,r_41_21_169,r_16_34_173,r_82_86_45,r_16_34_173,0.61,-4,169,173,47
26,r_145_31_111,seq143,seq8,r_145_31_111,0.99,0,111,111,47
16,r_80_111_40,r_38_81_184,r_44_20_105,r_44_20_105,1,78,183,105,47
33,r_107_125_70,r_130_17_29,r_58_40_170,r_107_125_70,1,0,70,70,47
4,r_11_133_81,r_123_65_76,seq84,r_11_133_81,1,-2,79,81,47
98,seq124,seq84,r_78_105_24,r_78_105_24,1,27,51,24,47
39,r_39_45_35,seq110,seq94,r_39_45_35,0.99,-4,31,35,47
12,r_130_17_29,seq112,r_107_125_70,r_130_17_29,0.95,0,29,29,47
20,r_38_81_184,r_93_63_108,r_44_20_105,r_44_20_105,1,12,117,105,47
12,r_130_17_29,r_107_125_70,seq1,r_107_125_70,1,0,70,70,47
0,r_13_137_10,r_104_134_139,r_100_14_153,r_13_137_10,0.98,0,10,10,47
15,r_128_26_3,r_139_64_164,r_145_31_111,r_145_31_111,0.73,27,138,111,47
16,r_80_111_40,r_107_125_70,r_38_81_184,r_80_111_40,1,0,40,40,47
5,r_108_91_91,r_99_35_181,r_85_69_180,r_108_91_91,0.56,92,183,91,47
0,r_13_137_10,r_100_14_153,r_104_134_139,r_13_137_10,0.77,140,150,10,47
34,r_58_40_170,r_107_125_70,seq110,r_58_40_170,0.89,2,172,170,47
27,r_117_51_190,r_68_54_78,r_107_125_70,r_117_51_190,1,-112,78,190,47
33,r_107_125_70,r_80_111_40,r_130_17_29,r_107_125_70,0.95,-30,40,70,47
19,r_18_0_33,seq3,r_50_57_41,r_50_57_41,1,7,48,41,47
24,r_82_86_45,seq148,seq110,r_82_86_45,0.92,1,46,45,47
91,seq110,r_82_86_45,r_58_40_170,r_58_40_170,0.43,2,172,170,47
29,r_49_144_49,r_103_25_182,seq119,r_49_144_49,1,0,49,49,47
22,r_44_20_105,r_38_81_184,r_80_111_40,r_38_81_184,0.75,-1,183,184,47
40,r_140_73_146,seq72,r_147_67_68,r_147_67_68,1,0,68,68,47
18,r_24_102_61,r_88_121_57,r_66_43_171,r_24_102_61,0.96,0,61,61,47
47,r_66_43_171,r_24_102_61,r_50_57_41,r_66_43_171,0.65,0,171,171,47
64,seq29,seq3,r_100_14_153,r_100_14_153,0.9,14,167,153,47
47,r_66_43_171,seq75,r_24_102_61,r_24_102_61,0.74,7,68,61,47
88,seq97,seq7,r_50_57_41,r_50_57_41,0.96,95,136,41,47
70,seq46,seq116,r_50_57_41,r_50_57_41,1,36,77,41,47
65,seq30,r_48_126_113,r_109_95_134,r_48_126_113,0.86,0,113,113,47
20,r_38_81_184,r_44_20_105,r_16_34_173,r_38_81_184,0.81,0,184,184,47
68,seq42,r_99_35_181,r_108_91_91,r_108_91_91,1,54,145,91,47
96,seq119,r_85_69_180,r_49_144_49,r_49_144_49,1,4,53,49,47
61,seq146,r_16_34_173,r_48_126_113,r_48_126_113,0.58,60,173,113,47
63,seq22,r_48_126_113,r_145_31_111,r_145_31_111,0.47,41,152,111,47
77,seq72,seq94,r_90_62_151,r_90_62_151,0.98,6,157,151,47
9,r_104_134_139,seq46,r_49_144_49,r_104_134_139,1,0,139,139,47
34,r_58_40_170,r_89_32_123,r_107_125_70,r_107_125_70,0.7,44,114,70,47
33,r_107_125_70,r_58_40_170,seq15,r_58_40_170,0.88,0,170,170,47
63,seq22,r_90_62_151,seq47,r_90_62_151,0.65,-58,93,151,47
75,seq61,r_28_5_90,seq148,r_28_5_90,1,0,90,90,47
30,r_83_27_79,r_130_17_29,r_136_118_59,r_130_17_29,0.73,108,137,29,47
60,seq15,r_58_40_170,r_107_125_70,r_107_125_70,1,100,170,70,47
17,r_68_54_78,r_117_51_190,r_49_144_49,r_68_54_78,1,1,79,78,47
31,r_136_118_59,seq42,seq1,r_136_118_59,0.99,0,59,59,47
22,r_44_20_105,seq138,r_38_81_184,r_44_20_105,0.79,0,105,105,47
28,r_85_69_180,seq119,r_49_144_49,r_49_144_49,1,86,135,49,47
49,r_28_5_90,r_10_56_195,seq1,r_28_5_90,1,0,90,90,47
86,seq94,seq72,r_39_45_35,r_39_45_35,1,20,55,35,47
56,seq8,seq47,r_145_31_111,r_145_31_111,1,1,112,111,47
7,r_16_34_173,seq146,r_38_81_184,r_16_34_173,0.67,0,173,173,47
23,r_89_32_123,r_58_40_170,r_130_17_29,r_89_32_123,0.95,1,124,123,47
8,r_131_142_12,r_130_17_29,seq75,r_131_142_12,0.85,0,12,12,47
11,r_70_120_39,seq92,seq143,r_70_120_39,1,0,39,39,47
17,r_68_54_78,r_49_144_49,r_132_76_149,r_132_76_149,1,18,167,149,47
25,r_103_25_182,r_49_144_49,r_19_33_71,r_103_25_182,1,-133,49,182,47
38,r_50_57_41,r_107_125_70,r_18_0_33,r_50_57_41,0.99,0,41,41,47
35,r_101_12_83,r_132_76_149,r_123_65_76,r_101_12_83,0.39,95,178,83,47
6,r_88_121_57,r_53_36_5,seq47,r_88_121_57,1,0,57,57,47
44,r_53_36_5,r_99_35_181,r_132_76_149,r_99_35_181,0.55,-56,125,181,47
32,r_132_76_149,r_53_36_5,seq4,r_132_76_149,0.27,-9,140,149,47
14,r_86_32_178,seq108,seq51,r_86_32_178,0.68,-149,29,178,48
44,r_149_104_91,r_39_72_186,r_139_10_139,r_139_10_139,0.52,47,186,139,48
36,r_139_10_139,r_1_98_74,r_15_88_8,r_139_10_139,0.6,-63,76,139,48
21,r_84_22_57,seq106,r_68_105_24,r_84_22_57,0.84,-9,48,57,48
8,r_56_34_167,r_38_111_86,r_121_70_49,r_56_34_167,0.98,-80,87,167,48
53,seq5,r_54_17_133,seq99,r_54_17_133,0.91,0,133,133,48
14,r_86_32_178,seq51,r_140_91_3,r_86_32_178,0.61,-103,75,178,48
37,r_38_111_86,r_56_34_167,seq132,r_38_111_86,1,0,86,86,48
54,seq6,r_112_47_115,seq57,r_112_47_115,0.59,1,116,115,48
84,seq76,seq107,r_82_118_153,r_82_118_153,0.93,0,153,153,48
71,seq31,seq74,r_7_63_104,r_7_63_104,1,81,185,104,48
39,r_110_126_88,seq42,r_139_10_139,r_110_126_88,0.95,0,88,88,48
42,r_40_58_177,seq60,r_62_79_98,r_62_79_98,1,5,103,98,48
1,r_41_23_36,seq148,seq21,r_41_23_36,1,0,36,36,48
75,seq53,r_130_95_20,seq107,r_130_95_20,0.98,2,22,20,48
45,r_115_64_184,seq21,r_1_98_74,r_1_98_74,1,72,146,74,48
33,r_2_103_41,seq9,seq57,r_2_103_41,1,1,42,41,48
15,r_94_50_10,r_130_95_20,r_82_118_153,r_94_50_10,0.88,0,10,10,48
15,r_94_50_10,r_82_118_153,r_81_12_21,r_94_50_10,0.62,143,153,10,48
11,r_44_43_147,seq31,seq77,r_44_43_147,0.61,1,148,147,48
39,r_110_126_88,r_139_10_139,seq30,r_139_10_139,1,0,139,139,48
13,r_14_78_58,seq148,r_130_95_20,r_14_78_58,0.71,0,58,58,48
31,r_8_114_114,seq113,seq30,r_8_114_114,1,0,114,114,48
41,r_134_45_141,seq83,seq107,r_134_45_141,0.84,1,142,141,48
35,r_112_47_115,seq57,seq6,r_112_47_115,0.41,-63,52,115,48
20,r_141_109_18,r_85_135_96,r_11_137_142,r_141_109_18,1,-1,17,18,48
90,seq99,r_54_17_133,seq5,r_54_17_133,0.82,-23,110,133,48
43,r_68_105_24,seq57,seq120,r_68_105_24,0.95,0,24,24,48
8,r_56_34_167,r_121_70_49,r_145_96_32,r_145_96_32,0.52,133,165,32,48
72,seq35,r_66_133_165,r_87_19_117,r_87_19_117,0.53,48,165,117,48
78,seq61,seq26,r_144_48_77,r_144_48_77,1,10,87,77,48
0,r_39_72_186,r_100_89_79,seq147,r_100_89_79,0.91,-13,66,79,48
5,r_3_101_35,r_116_71_54,r_93_52_31,r_3_101_35,0.95,0,35,35,48
46,r_145_96_32,seq26,r_56_34_167,r_56_34_167,0.89,1,168,167,48
48,r_85_135_96,seq120,seq5,r_85_135_96,1,0,96,96,48
4,r_11_137_142,r_141_109_18,seq138,r_141_109_18,0.56,125,143,18,48
57,seq138,seq67,r_11_137_142,r_11_137_142,1,4,146,142,48
30,r_93_52_31,r_36_49_150,r_3_101_35,r_93_52_31,0.88,0,31,31,48
6,r_4_80_119,r_62_79_98,seq147,r_62_79_98,0.93,-1,97,98,48
62,seq147,r_55_125_85,r_39_72_186,r_55_125_85,1,0,85,85,48
36,r_139_10_139,r_110_126_88,r_149_104_91,r_139_10_139,0.98,0,139,139,48
11,r_44_43_147,r_121_70_49,seq31,r_121_70_49,1,0,49,49,48
26,r_33_119_59,r_59_27_131,r_130_95_20,r_33_119_59,0.93,0,59,59,48
10,r_121_70_49,r_56_34_167,r_36_49_150,r_36_49_150,0.49,0,150,150,48
51,seq128,seq120,r_68_105_24,r_68_105_24,1,6,30,24,48
3,r_130_95_20,seq107,seq113,r_130_95_20,0.98,0,20,20,48
45,r_115_64_184,r_1_98_74,r_82_118_153,r_115_64_184,0.97,0,184,184,48
14,r_86_32_178,seq51,r_11_137_142,r_86_32_178,0.78,0,178,178,48
91,seq106,seq67,r_11_137_142,r_11_137_142,0.61,46,188,142,48
35,r_112_47_115,seq6,r_55_125_85,r_55_125_85,0.48,0,85,85,48
60,seq16,seq117,r_122_102_40,r_122_102_40,1,0,40,40,48
7,r_55_125_85,r_112_47_115,r_2_103_41,r_112_47_115,0.72,2,117,115,48
22,r_62_79_98,r_40_58_177,r_66_133_165,r_62_79_98,0.94,79,177,98,48
2,r_7_63_104,seq67,seq83,r_7_63_104,0.93,0,104,104,48
38,r_122_102_40,seq16,r_69_123_75,r_69_123_75,1,25,100,75,48
47,r_69_123_75,r_1_98_74,r_122_102_40,r_69_123_75,1,0,75,75,48
0,r_39_72_186,r_149_104_91,r_56_34_167,r_39_72_186,0.63,0,186,186,48
4,r_11_137_142,seq92,r_141_109_18,r_141_109_18,1,0,18,18,48
18,r_66_133_165,seq35,r_62_79_98,r_66_133_165,0.76,0,165,165,48
29,r_1_98_74,r_139_10_139,r_115_64_184,r_1_98_74,0.99,0,74,74,48
6,r_4_80_119,seq147,seq60,r_4_80_119,0.82,1,120,119,48
24,r_144_48_77,r_55_125_85,seq61,r_144_48_77,0.97,0,77,77,48
10,r_121_70_49,r_44_43_147,r_56_34_167,r_121_70_49,1,0,49,49,48
25,r_131_37_151,seq83,seq67,r_131_37_151,0.47,0,151,151,48
46,r_145_96_32,seq83,seq26,r_145_96_32,1,0,32,32,48
17,r_82_118_153,r_3_101_35,r_94_50_10,r_82_118_153,0.85,-143,10,153,48
58,seq142,r_36_49_150,r_2_103_41,r_2_103_41,0.5,109,150,41,48
14,r_86_32_178,r_140_91_3,seq51,r_86_32_178,0.43,-25,153,178,48
20,r_141_109_18,r_11_137_142,seq92,r_11_137_142,1,0,142,142,48
42,r_40_58_177,r_62_79_98,r_141_109_18,r_40_58_177,0.97,0,177,177,48
28,r_116_71_54,seq35,seq129,r_116_71_54,0.98,0,54,54,48
34,r_100_89_79,r_39_72_186,seq9,r_100_89_79,1,1,80,79,48
36,r_139_10_139,r_15_88_8,r_110_126_88,r_110_126_88,0.92,1,89,88,48
40,r_136_13_42,seq26,r_68_105_24,r_136_13_42,1,0,42,42,48
81,seq73,seq106,r_68_105_24,r_68_105_24,0.94,80,104,24,48
29,r_1_98_74,r_115_64_184,r_41_23_36,r_115_64_184,0.98,0,184,184,48
22,r_62_79_98,r_4_80_119,r_40_58_177,r_40_58_177,0.94,-79,98,177,48
35,r_112_47_115,r_55_125_85,seq129,r_112_47_115,0.87,-3,112,115,48
76,seq57,seq142,r_2_103_41,r_2_103_41,0.95,3,44,41,48
0,r_39_72_186,seq147,r_149_104_91,r_149_104_91,0.98,15,106,91,48
7,r_55_125_85,seq147,r_112_47_115,r_55_125_85,0.63,0,85,85,48
44,r_149_104_91,seq51,r_39_72_186,r_149_104_91,0.92,0,91,91,48
92,seq107,seq24,r_15_88_8,r_15_88_8,0.98,2,10,8,48
23,r_54_17_133,seq5,seq90,r_54_17_133,0.72,0,133,133,48
17,r_82_118_153,r_94_50_10,seq76,r_82_118_153,0.89,0,153,153,48
38,r_122_102_40,seq132,seq16,r_122_102_40,1,1,41,40,48
81,seq73,r_68_105_24,seq106,r_68_105_24,0.8,134,158,24,48
52,seq132,r_41_23_36,r_38_111_86,r_38_111_86,1,1,87,86,48
19,r_81_12_21,seq77,r_94_50_10,r_81_12_21,1,0,21,21,48
40,r_137_85_173,seq84,r_95_122_8,r_137_85_173,0.94,1,174,173,49
44,r_46_140_186,r_95_122_8,r_118_15_73,r_46_140_186,0.68,0,186,186,49
51,seq131,r_130_14_179,seq28,r_130_14_179,0.67,-79,100,179,49
36,r_48_114_168,seq24,r_143_17_45,r_143_17_45,0.75,123,168,45,49
20,r_143_17_45,r_100_9_101,seq33,r_143_17_45,1,0,45,45,49
14,r_117_44_138,r_46_140_186,r_139_11_28,r_117_44_138,0.9,0,138,138,49
8,r_52_146_76,seq126,r_37_25_189,r_52_146_76,0.98,0,76,76,49
80,seq67,seq145,r_135_108_157,r_135_108_157,0.6,2,159,157,49
43,r_39_101_32,seq60,seq8,r_39_101_32,0.4,68,100,32,49
45,r_77_127_108,r_23_53_141,r_135_108_157,r_23_53_141,0.3,-131,10,141,49
18,r_32_121_171,r_16_129_51,r_110_70_1,r_32_121_171,0.83,-120,51,171,49
54,seq134,r_37_25_189,r_110_70_1,r_110_70_1,0.46,166,167,1,49
83,seq74,r_36_31_133,r_148_65_74,r_148_65_74,0.99,59,133,74,49
37,r_130_14_179,seq28,r_54_120_105,r_130_14_179,0.56,0,179,179,49
55,seq7,r_109_50_102,r_76_115_16,r_109_50_102,0.54,1,103,102,49
16,r_45_133_99,seq89,seq10,r_45_133_99,0.99,0,99,99,49
2,r_20_71_96,r_54_120_105,r_6_75_66,r_20_71_96,1,0,96,96,49
21,r_82_34_86,seq38,r_143_17_45,r_82_34_86,1,0,86,86,49
0,r_141_63_33,r_56_2_65,r_69_125_60,r_141_63_33,0.92,28,61,33,49
5,r_100_9_101,seq55,r_95_122_8,r_100_9_101,1,4,105,101,49
42,r_124_49_174,seq10,r_86_4_80,r_86_4_80,1,0,80,80,49
80,seq67,r_77_127_108,r_13_102_98,r_13_102_98,0.94,12,110,98,49
33,r_66_79_106,r_148_65_74,seq10,r_148_65_74,1,-15,59,74,49
32,r_86_4_80,r_124_49_174,r_77_127_108,r_86_4_80,0.91,60,140,80,49
15,r_97_26_107,seq64,r_76_115_16,r_76_115_16,1,0,16,16,49
76,seq60,r_39_101_32,r_116_18_35,r_116_18_35,0.97,-2,33,35,49
19,r_110_70_1,r_72_106_69,r_37_25_189,r_72_106_69,0.96,0,69,69,49
15,r_97_26_107,r_76_115_16,seq43,r_97_26_107,0.99,1,108,107,49
46,r_16_129_51,r_6_75_66,r_27_90_87,r_16_129_51,0.84,15,66,51,49
11,r_118_15_73,seq123,r_35_29_122,r_35_29_122,1,16,138,122,49
38,r_1_57_40,r_20_71_96,seq43,r_1_57_40,1,0,40,40,49
27,r_76_115_16,r_97_26_107,seq113,r_97_26_107,1,0,107,107,49
31,r_27_90_87,r_35_29_122,r_16_129_51,r_27_90_87,1,0,87,87,49
43,r_39_101_32,seq8,r_36_31_133,r_39_101_32,0.5,119,151,32,49
41,r_135_108_157,seq88,seq67,r_135_108_157,0.71,2,159,157,49
3,r_21_144_147,seq28,r_100_9_101,r_21_144_147,0.78,3,150,147,49
10,r_40_128_127,seq28,r_54_120_105,r_40_128_127,0.62,2,129,127,49
26,r_51_119_123,seq5,r_16_129_51,r_51_119_123,0.84,0,123,123,49
8,r_52_146_76,r_37_25_189,r_54_120_105,r_52_146_76,0.41,113,189,76,49
4,r_13_102_98,seq149,r_77_127_108,r_77_127_108,0.81,-10,98,108,49
2,r_20_71_96,r_1_57_40,r_54_120_105,r_1_57_40,1,-2,38,40,49
73,seq55,r_100_9_101,seq24,r_100_9_101,0.99,-13,88,101,49
11,r_118_15_73,seq111,seq123,r_118_15_73,0.96,0,73,73,49
13,r_104_147_71,seq136,seq149,r_104_147_71,1,1,72,71,49
49,r_6_75_66,r_95_122_8,r_20_71_96,r_20_71_96,0.68,26,122,96,49
98,seq123,seq12,r_118_15_73,r_118_15_73,1,5,78,73,49
46,r_16_129_51,r_27_90_87,r_51_119_123,r_51_119_123,1,4,127,123,49
49,r_6_75_66,r_40_128_127,r_16_129_51,r_16_129_51,0.98,0,51,51,49
1,r_3_103_48,r_19_99_114,seq89,r_3_103_48,0.98,0,48,48,49
46,r_16_129_51,r_32_121_171,r_6_75_66,r_6_75_66,0.9,-15,51,66,49
99,seq126,r_52_146_76,seq84,r_52_146_76,1,-11,65,76,49
30,r_139_11_28,seq30,r_117_44_138,r_117_44_138,0.99,1,139,138,49
29,r_69_125_60,r_20_71_96,r_141_63_33,r_69_125_60,0.97,0,60,60,49
19,r_110_70_1,r_37_25_189,r_54_120_105,r_110_70_1,0.67,105,106,1,49
24,r_36_31_133,seq74,r_116_18_35,r_116_18_35,0.64,107,142,35,49
22,r_96_83_63,r_40_128_127,seq61,r_96_83_63,1,-18,45,63,49
25,r_37_25_189,seq134,r_52_146_76,r_52_146_76,0.98,29,105,76,49
48,r_95_122_8,r_46_140_186,r_137_85_173,r_95_122_8,0.59,166,174,8,49
64,seq28,r_21_144_147,seq131,r_21_144_147,0.83,3,150,147,49
65,seq30,r_139_11_28,r_19_99_114,r_19_99_114,1,12,126,114,49
47,r_19_99_114,seq91,seq30,r_19_99_114,0.68,0,114,114,49
88,seq88,r_135_108_157,r_45_133_99,r_45_133_99,0.99,57,156,99,49
58,seq12,seq123,r_124_49_174,r_124_49_174,0.78,2,176,174,49
47,r_19_99_114,r_3_103_48,seq91,r_3_103_48,0.96,-2,46,48,49
42,r_124_49_174,r_86_4_80,seq12,r_124_49_174,0.87,2,176,174,49
61,seq149,r_13_102_98,seq8,r_13_102_98,1,0,98,98,49
32,r_86_4_80,seq73,r_124_49_174,r_86_4_80,0.99,0,80,80,49
57,seq10,r_117_44_138,r_66_79_106,r_117_44_138,0.48,-94,44,138,49
28,r_116_18_35,r_51_119_123,seq60,r_116_18_35,0.99,0,35,35,49
34,r_35_29_122,r_27_90_87,seq132,r_27_90_87,0.97,1,88,87,49
60,seq145,r_117_44_138,seq88,r_117_44_138,0.83,-72,66,138,49
45,r_77_127_108,r_135_108_157,r_86_4_80,r_86_4_80,1,6,86,80,49
17,r_109_50_102,seq7,seq38,r_109_50_102,1,0,102,102,49
27,r_76_115_16,seq134,r_97_26_107,r_76_115_16,1,0,16,16,49
34,r_35_29_122,seq132,r_118_15_73,r_35_29_122,1,0,122,122,49
9,r_23_53_141,seq42,seq24,r_23_53_141,0.98,0,141,141,49
0,r_141_63_33,seq93,r_56_2_65,r_141_63_33,0.98,-1,32,33,49
33,r_66_79_106,seq10,r_139_11_28,r_66_79_106,1,0,106,106,49
4,r_13_102_98,r_77_127_108,seq67,r_13_102_98,0.28,12,110,98,49
44,r_46_140_186,r_117_44_138,r_95_122_8,r_117_44_138,0.67,-94,44,138,49
56,seq8,seq149,r_104_147_71,r_104_147_71,1,80,151,71,49
7,r_72_106_69,r_110_70_1,seq87,r_72_106_69,1,0,69,69,49
82,seq73,r_86_4_80,seq62,r_86_4_80,1,0,80,80,49
49,r_6_75_66,r_16_129_51,r_95_122_8,r_6_75_66,0.98,0,66,66,49
35,r_148_65_74,r_66_79_106,seq93,r_148_65_74,1,0,74,74,49
65,seq30,r_51_119_123,r_139_11_28,r_139_11_28,1,7,35,28,49
12,r_54_120_105,r_20_71_96,r_110_70_1,r_54_120_105,0.78,-8,97,105,49
30,r_139_11_28,seq38,seq30,r_139_11_28,1,0,28,28,49
30,r_61_98_64,seq29,r_139_130_59,r_61_98_64,1,0,64,64,50
86,seq89,r_84_70_36,seq22,r_84_70_36,0.86,4,40,36,50
14,r_103_109_91,r_14_39_141,seq126,r_103_109_91,1,0,91,91,50
18,r_47_16_53,seq35,r_81_118_42,r_81_118_42,1,2,44,42,50
37,r_146_137_69,seq46,seq111,r_146_137_69,0.5,4,73,69,50
3,r_101_107_6,r_34_15_85,r_73_141_29,r_101_107_6,0.76,80,86,6,50
1,r_124_145_45,seq76,seq23,r_124_145_45,1,1,46,45,50
43,r_17_66_102,r_122_131_30,seq94,r_122_131_30,1,0,30,30,50
21,r_96_113_173,r_49_21_179,r_3_10_33,r_3_10_33,0.88,141,174,33,50
39,r_6_112_61,r_140_85_96,seq95,r_6_112_61,1,0,61,61,50
97,seq119,r_133_83_191,r_43_12_58,r_43_12_58,1,37,95,58,50
5,r_42_104_93,seq95,r_54_13_146,r_42_104_93,0.89,0,93,93,50
46,r_139_130_59,seq80,seq44,r_139_130_59,0.63,2,61,59,50
42,r_34_15_85,r_73_141_29,seq94,r_34_15_85,0.96,1,86,85,50
44,r_3_10_33,r_125_79_109,r_96_113_173,r_125_79_109,1,-33,76,109,50
34,r_140_85_96,r_6_112_61,r_65_62_12,r_6_112_61,0.57,-32,29,61,50
76,seq63,r_36_7_87,seq45,r_36_7_87,1,0,87,87,50
38,r_99_31_183,seq52,seq128,r_99_31_183,0.71,0,183,183,50
31,r_38_74_136,seq11,r_36_7_87,r_38_74_136,0.86,0,136,136,50
67,seq35,r_47_16_53,r_97_106_94,r_97_106_94,1,36,130,94,50
5,r_42_104_93,r_54_13_146,seq26,r_54_13_146,0.95,6,152,146,50
46,r_139_130_59,seq44,r_92_148_95,r_92_148_95,1,0,95,95,50
28,r_73_141_29,r_43_12_58,r_34_15_85,r_73_141_29,0.69,0,29,29,50
10,r_14_39_141,r_103_109_91,seq64,r_103_109_91,1,-3,88,91,50
23,r_81_118_42,seq71,r_47_16_53,r_81_118_42,1,0,42,42,50
34,r_140_85_96,r_110_87_188,r_65_62_12,r_110_87_188,0.85,0,188,188,50
3,r_101_107_6,r_73_141_29,r_6_112_61,r_101_107_6,0.39,117,123,6,50
4,r_110_87_188,r_140_85_96,r_27_19_117,r_110_87_188,0.67,0,188,188,50
11,r_54_13_146,r_17_66_102,r_42_104_93,r_54_13_146,0.85,-44,102,146,50
13,r_97_106_94,seq86,seq35,r_97_106_94,0.86,1,95,94,50
25,r_60_68_50,r_91_136_176,r_57_53_112,r_60_68_50,0.51,106,156,50,50
15,r_82_41_132,r_91_136_176,seq29,r_82_41_132,0.62,0,132,132,50
27,r_91_136_176,r_14_39_141,seq142,r_91_136_176,0.67,2,178,176,50
48,r_125_79_109,seq88,r_34_15_85,r_125_79_109,0.95,2,111,109,50
54,seq129,r_60_68_50,seq108,r_60_68_50,1,1,51,50,50
42,r_34_15_85,seq94,r_125_79_109,r_125_79_109,1,0,109,109,50
10,r_14_39_141,r_91_136_176,r_127_32_177,r_14_39_141,0.7,37,178,141,50
2,r_127_32_177,seq93,r_14_39_141,r_127_32_177,0.68,-9,168,177,50
99,seq126,seq22,r_103_109_91,r_103_109_91,1,1,92,91,50
90,seq100,r_101_107_6,r_36_7_87,r_101_107_6,0.53,133,139,6,50
27,r_91_136_176,r_82_41_132,r_14_39_141,r_91_136_176,0.6,-34,142,176,50
30,r_61_98_64,r_139_130_59,r_54_13_146,r_54_13_146,0.46,1,147,146,50
47,r_144_90_101,seq132,r_43_12_58,r_144_90_101,0.84,0,101,101,50
83,seq80,seq76,r_56_51_34,r_56_51_34,0.88,-1,33,34,50
40,r_92_148_95,seq50,r_139_130_59,r_92_148_95,0.92,0,95,95,50
74,seq52,r_99_31_183,r_96_113_173,r_96_113_173,0.33,10,183,173,50
29,r_2_143_100,r_9_37_197,r_92_148_95,r_2_143_100,0.7,0,100,100,50
34,r_140_85_96,r_65_62_12,r_110_87_188,r_140_85_96,0.61,4,100,96,50
43,r_17_66_102,seq94,seq129,r_17_66_102,1,0,102,102,50
33,r_120_59_65,seq111,seq88,r_120_59_65,1,0,65,65,50
44,r_3_10_33,seq72,r_125_79_109,r_3_10_33,0.91,0,33,33,50
61,seq149,r_127_32_177,seq93,r_127_32_177,0.62,-104,73,177,50
38,r_99_31_183,r_49_21_179,seq52,r_99_31_183,0.51,-116,67,183,50
25,r_60_68_50,seq129,seq117,r_60_68_50,0.95,0,50,50,50
25,r_60_68_50,seq117,r_91_136_176,r_60_68_50,0.47,54,104,50,50
10,r_14_39_141,seq64,r_91_136_176,r_14_39_141,0.99,1,142,141,50
28,r_73_141_29,r_34_15_85,r_36_7_87,r_73_141_29,1,56,85,29,50
17,r_43_12_58,seq147,seq119,r_43_12_58,1,0,58,58,50
54,seq129,seq108,r_17_66_102,r_17_66_102,0.72,0,102,102,50
26,r_56_51_34,seq142,seq80,r_56_51_34,0.73,0,34,34,50
11,r_54_13_146,r_42_104_93,r_61_98_64,r_54_13_146,0.92,6,152,146,50
94,seq111,r_120_59_65,r_146_137_69,r_120_59_65,0.97,1,66,65,50
36,r_122_131_30,r_17_66_102,seq29,r_122_131_30,1,0,30,30,50
96,seq117,seq30,r_57_53_112,r_57_53_112,0.68,1,113,112,50
12,r_9_37_197,r_120_59_65,seq29,r_120_59_65,0.55,94,159,65,50
22,r_36_7_87,seq63,r_73_141_29,r_36_7_87,1,1,88,87,50
51,seq128,r_42_104_93,seq69,r_42_104_93,0.78,-41,52,93,50
6,r_123_1_11,seq64,seq72,r_123_1_11,0.96,0,11,11,50
7,r_27_19_117,seq29,r_103_109_91,r_27_19_117,0.99,0,117,117,50
45,r_8_24_75,seq108,r_25_48_4,r_8_24_75,0.59,-55,20,75,50
8,r_65_62_12,r_120_59_65,r_140_85_96,r_65_62_12,0.94,0,12,12,50
17,r_43_12_58,seq119,r_144_90_101,r_144_90_101,1,38,139,101,50
42,r_34_15_85,seq128,r_73_141_29,r_73_141_29,1,0,29,29,50
63,seq23,r_33_75_52,r_124_145_45,r_124_145_45,0.97,6,51,45,50
52,seq132,r_81_118_42,seq55,r_81_118_42,1,-1,41,42,50
35,r_57_53_112,r_9_37_197,seq117,r_57_53_112,0.91,0,112,112,50
12,r_9_37_197,r_57_53_112,r_120_59_65,r_120_59_65,0.57,47,112,65,50
30,r_92_85_173,seq110,seq76,r_92_85_173,0.62,2,175,173,51
73,seq63,r_15_101_52,seq139,r_15_101_52,1,0,52,52,51
36,r_56_123_63,r_99_143_100,r_86_137_178,r_56_123_63,1,1,64,63,51
92,seq110,r_92_85_173,r_89_35_66,r_89_35_66,1,65,131,66,51
60,seq148,r_36_113_64,r_18_70_102,r_36_113_64,1,-9,55,64,51
8,r_13_88_69,r_146_27_142,r_106_94_148,r_13_88_69,0.78,0,69,69,51
43,r_47_22_120,r_16_48_129,r_117_71_101,r_47_22_120,0.54,1,121,120,51
20,r_50_129_158,seq103,seq19,r_50_129_158,0.45,-42,116,158,51
48,r_17_57_10,seq67,r_18_70_102,r_18_70_102,0.59,-90,12,102,51
59,seq19,r_12_136_109,r_133_87_22,r_12_136_109,0.91,0,109,109,51
86,seq131,seq34,r_43_42_37,r_43_42_37,0.99,35,72,37,51
16,r_86_137_178,r_84_142_72,r_56_123_63,r_86_137_178,1,-110,68,178,51
39,r_16_48_129,r_47_22_120,r_149_66_87,r_149_66_87,0.99,23,110,87,51
44,r_15_101_52,r_17_57_10,r_0_10_91,r_0_10_91,1,4,95,91,51
45,r_134_68_70,seq51,r_20_80_8,r_134_68_70,1,2,72,70,51
5,r_37_141_18,r_28_93_76,r_17_57_10,r_28_93_76,0.93,0,76,76,51
76,seq69,r_31_7_57,seq44,r_31_7_57,1,0,57,57,51
23,r_146_27_142,seq102,r_118_104_6,r_146_27_142,0.48,-55,87,142,51
11,r_55_109_164,r_112_132_34,seq148,r_55_109_164,0.92,0,164,164,51
95,seq115,r_9_116_138,r_62_6_197,r_9_116_138,0.87,-26,112,138,51
66,seq34,seq131,r_43_42_37,r_43_42_37,0.98,133,170,37,51
31,r_9_116_138,seq115,seq45,r_9_116_138,0.93,0,138,138,51
41,r_119_91_170,seq114,r_112_132_34,r_119_91_170,0.56,0,170,170,51
17,r_25_79_74,r_86_137_178,r_117_71_101,r_117_71_101,0.65,1,102,101,51
67,seq44,seq69,r_86_137_178,r_86_137_178,0.69,1,179,178,51
14,r_133_87_22,r_127_130_146,seq19,r_133_87_22,0.98,0,22,22,51
10,r_2_73_144,seq32,seq124,r_2_73_144,0.7,0,144,144,51
3,r_28_93_76,seq124,r_37_141_18,r_28_93_76,0.69,-58,18,76,51
16,r_86_137_178,r_56_123_63,seq44,r_86_137_178,0.59,0,178,178,51
4,r_99_143_100,seq64,seq23,r_99_143_100,1,0,100,100,51
4,r_99_143_100,r_56_123_63,seq64,r_56_123_63,0.91,1,64,63,51
20,r_50_129_158,r_0_10_91,seq103,r_0_10_91,0.83,0,91,91,51
15,r_149_66_87,seq114,r_16_48_129,r_149_66_87,0.96,0,87,87,51
49,r_65_125_136,r_20_80_8,seq51,r_65_125_136,0.95,1,137,136,51
57,seq140,seq53,r_58_41_86,r_58_41_86,1,0,86,86,51
6,r_98_145_157,r_52_4_179,r_56_123_63,r_98_145_157,0.87,0,157,157,51
62,seq23,seq1,r_99_143_100,r_99_143_100,1,4,104,100,51
15,r_149_66_87,r_126_54_188,seq21,r_126_54_188,0.53,-9,179,188,51
54,seq8,r_112_132_34,seq14,r_112_132_34,0.81,0,34,34,51
49,r_65_125_136,r_98_145_157,r_20_80_8,r_65_125_136,0.6,-85,51,136,51
99,seq124,seq74,r_2_73_144,r_2_73_144,0.89,12,156,144,51
0,r_20_80_8,r_65_125_136,r_12_136_109,r_12_136_109,0.46,3,112,109,51
36,r_56_123_63,r_86_137_178,r_98_145_157,r_56_123_63,0.59,115,178,63,51
37,r_5_59_14,seq77,seq76,r_5_59_14,0.78,55,69,14,51
27,r_38_29_107,seq21,seq3,r_38_29_107,0.62,0,107,107,51
53,seq135,r_36_113_64,r_61_49_183,r_61_49_183,0.27,0,183,183,51
87,seq102,r_146_27_142,r_118_104_6,r_118_104_6,0.53,70,76,6,51
79,seq76,r_126_54_188,r_92_85_173,r_126_54_188,0.9,-19,169,188,51
79,seq76,r_25_79_74,r_126_54_188,r_25_79_74,0.61,-26,48,74,51
47,r_40_75_181,r_52_4_179,r_86_137_178,r_52_4_179,0.43,2,181,179,51
40,r_0_10_91,r_50_129_158,r_15_101_52,r_50_129_158,0.81,-67,91,158,51
46,r_43_42_37,r_100_39_94,seq131,r_43_42_37,0.9,0,37,37,51
18,r_84_142_72,r_86_137_178,r_31_7_57,r_84_142_72,1,1,73,72,51
24,r_36_113_64,seq148,seq135,r_36_113_64,1,-1,63,64,51
25,r_12_136_109,seq19,r_20_80_8,r_12_136_109,0.89,0,109,109,51
37,r_5_59_14,r_117_71_101,seq77,r_5_59_14,0.76,18,32,14,51
88,seq103,r_50_129_158,seq19,r_50_129_158,0.75,-47,111,158,51
68,seq45,seq53,r_100_39_94,r_100_39_94,1,1,95,94,51
7,r_126_54_188,seq110,seq105,r_126_54_188,0.75,0,188,188,51
32,r_127_130_146,r_119_91_170,r_89_35_66,r_127_130_146,0.63,0,146,146,51
12,r_100_39_94,r_43_42_37,r_144_147_9,r_43_42_37,0.81,0,37,37,51
11,r_55_109_164,seq90,r_112_132_34,r_112_132_34,1,4,38,34,51
19,r_31_7_57,r_92_85_173,r_89_35_66,r_31_7_57,0.67,25,82,57,51
44,r_15_101_52,seq63,r_17_57_10,r_15_101_52,1,0,52,52,51
5,r_37_141_18,seq105,r_28_93_76,r_37_141_18,1,0,18,18,51
26,r_112_132_34,seq8,r_55_109_164,r_112_132_34,1,0,34,34,51
34,r_144_147_9,r_134_68_70,r_100_39_94,r_144_147_9,0.92,2,11,9,51
17,r_25_79_74,r_38_29_107,r_86_137_178,r_25_79_74,0.79,0,74,74,51
94,seq114,r_58_41_86,r_119_91_170,r_58_41_86,1,1,87,86,51
39,r_16_48_129,r_149_66_87,seq114,r_16_48_129,0.96,0,129,129,51
9,r_58_41_86,seq114,seq140,r_58_41_86,1,0,86,86,51
26,r_112_132_34,r_55_109_164,seq90,r_55_109_164,0.72,-62,102,164,51
12,r_100_39_94,r_144_147_9,seq45,r_100_39_94,0.98,0,94,94,51
34,r_144_147_9,r_100_39_94,r_112_132_34,r_144_147_9,0.94,41,50,9,51
7,r_126_54_188,r_47_22_120,seq110,r_47_22_120,0.92,0,120,120,51
73,seq63,seq139,r_146_27_142,r_146_27_142,0.45,5,147,142,51
3,r_28_93_76,r_37_141_18,seq44,r_28_93_76,1,0,76,76,51
7,r_126_54_188,r_38_29_107,r_47_22_120,r_47_22_120,0.41,-41,79,120,51
18,r_84_142_72,r_31_7_57,r_50_129_158,r_50_129_158,0.82,0,158,158,51
20,r_50_129_158,seq19,r_84_142_72,r_50_129_158,0.98,0,158,158,51
21,r_106_94_148,r_13_88_69,r_146_27_142,r_106_94_148,0.99,0,148,148,51
35,r_89_35_66,seq72,r_31_7_57,r_89_35_66,1,0,66,66,51
19,r_31_7_57,seq69,r_92_85_173,r_31_7_57,0.96,0,57,57,51
23,r_146_27_142,r_13_88_69,seq102,r_13_88_69,0.72,-30,39,69,51
15,r_149_66_87,r_16_48_129,r_126_54_188,r_16_48_129,0.99,0,129,129,51
84,seq90,r_55_109_164,r_112_132_34,r_112_132_34,0.71,47,81,34,51
93,seq106,seq139,r_3_72_120,r_3_72_120,0.99,1,121,120,52
40,r_29_123_27,r_114_82_189,r_135_111_93,r_135_111_93,0.99,40,133,93,52
30,r_20_28_144,seq138,seq131,r_20_28_144,0.61,0,144,144,52
23,r_114_82_189,r_135_111_93,r_45_93_104,r_135_111_93,0.65,95,188,93,52
51,seq131,r_31_11_115,r_60_46_181,r_31_11_115,0.81,-36,79,115,52
8,r_89_4_138,seq143,seq65,r_89_4_138,0.86,0,138,138,52
83,seq81,r_19_97_114,r_45_93_104,r_19_97_114,0.9,0,114,114,52
92,seq145,seq147,r_9_59_51,r_9_59_51,0.79,13,64,51,52
1,r_88_32_113,seq44,seq95,r_88_32_113,0.89,0,113,113,52
17,r_118_133_151,r_121_84_97,r_14_76_98,r_118_133_151,0.95,0,151,151,52
5,r_19_97_114,seq81,seq106,r_19_97_114,0.69,0,114,114,52
46,r_122_67_122,r_148_103_192,seq65,r_122_67_122,0.99,1,123,122,52
42,r_105_43_107,r_45_93_104,seq7,r_105_43_107,1,0,107,107,52
7,r_135_111_93,r_114_82_189,r_29_123_27,r_114_82_189,0.92,0,189,189,52
69,seq49,r_38_132_179,r_9_59_51,r_9_59_51,0.98,128,179,51,52
45,r_45_93_104,r_105_43_107,seq81,r_105_43_107,0.99,0,107,107,52
11,r_121_84_97,r_66_104_136,r_118_133_151,r_121_84_97,0.97,-1,96,97,52
73,seq56,r_73_21_168,seq131,r_73_21_168,0.97,0,168,168,52
31,r_73_21_168,seq56,seq75,r_73_21_168,0.55,1,169,168,52
41,r_3_72_120,seq85,seq106,r_3_72_120,1,1,121,120,52
89,seq98,r_34_51_160,seq16,r_34_51_160,0.77,0,160,160,52
3,r_69_107_105,r_89_4_138,r_149_128_26,r_69_107_105,0.99,2,107,105,52
26,r_50_115_87,seq17,seq37,r_50_115_87,1,0,87,87,52
11,r_121_84_97,r_149_128_26,r_66_104_136,r_149_128_26,0.86,0,26,26,52
38,r_91_137_14,r_96_68_88,seq140,r_96_68_88,0.67,-74,14,88,52
4,r_113_8_121,r_48_100_149,seq78,r_48_100_149,0.48,-26,123,149,52
73,seq56,r_31_11_115,r_73_21_168,r_31_11_115,0.96,0,115,115,52
20,r_31_11_115,seq56,r_142_83_95,r_31_11_115,0.98,-1,114,115,52
13,r_116_77_193,r_141_41_152,r_110_57_71,r_110_57_71,0.99,81,152,71,52
48,r_101_127_94,seq10,r_109_92_18,r_101_127_94,0.59,1,95,94,52
79,seq71,r_70_35_158,r_134_64_194,r_70_35_158,0.63,-102,56,158,52
28,r_42_39_31,seq117,seq126,r_42_39_31,0.98,6,37,31,52
6,r_40_58_78,seq7,seq147,r_40_58_78,0.96,10,88,78,52
85,seq143,r_89_4_138,seq140,r_89_4_138,0.81,1,139,138,52
5,r_19_97_114,seq106,r_66_104_136,r_19_97_114,0.89,22,136,114,52
23,r_114_82_189,r_96_68_88,r_29_123_27,r_29_123_27,1,0,27,27,52
27,r_110_57_71,r_148_103_192,seq126,r_110_57_71,1,0,71,71,52
48,r_101_127_94,r_109_92_18,seq124,r_101_127_94,0.43,27,121,94,52
2,r_96_68_88,r_142_83_95,r_6_24_4,r_96_68_88,0.86,1,89,88,52
47,r_134_64_194,r_70_35_158,seq71,r_70_35_158,0.54,1,159,158,52
12,r_36_129_13,seq10,seq139,r_36_129_13,1,0,13,13,52
18,r_141_41_152,r_116_77_193,r_113_8_121,r_141_41_152,0.77,0,152,152,52
29,r_27_90_74,r_19_97_114,seq119,r_27_90_74,1,2,76,74,52
61,seq147,r_38_132_179,r_9_59_51,r_38_132_179,0.79,-30,149,179,52
33,r_79_146_42,seq117,r_45_93_104,r_79_146_42,0.64,71,113,42,52
43,r_33_54_44,r_116_77_193,seq61,r_33_54_44,1,0,44,44,52
88,seq144,r_118_133_151,r_121_84_97,r_121_84_97,0.84,50,147,97,52
66,seq37,r_74_120_47,r_19_97_114,r_74_120_47,0.99,0,47,47,52
21,r_74_120_47,seq37,seq112,r_74_120_47,1,0,47,47,52
65,seq30,seq44,r_60_46_181,r_60_46_181,0.88,-1,180,181,52
15,r_14_76_98,seq95,seq81,r_14_76_98,0.99,0,98,98,52
52,seq7,seq139,r_105_43_107,r_105_43_107,1,-1,106,107,52
34,r_34_51_160,seq98,seq136,r_34_51_160,0.72,-1,159,160,52
4,r_113_8_121,seq78,r_141_41_152,r_113_8_121,0.49,31,152,121,52
39,r_9_59_51,r_14_76_98,seq145,r_9_59_51,0.98,0,51,51,52
24,r_142_83_95,r_38_132_179,r_31_11_115,r_142_83_95,0.82,26,121,95,52
19,r_149_128_26,r_121_84_97,seq23,r_149_128_26,0.67,0,26,26,52
81,seq78,r_86_87_32,r_113_8_121,r_113_8_121,0.63,0,121,121,52
15,r_14_76_98,r_9_59_51,seq95,r_9_59_51,1,1,52,51,52
35,r_48_100_149,seq62,seq138,r_48_100_149,0.89,0,149,149,52
17,r_118_133_151,seq144,r_121_84_97,r_121_84_97,0.98,1,98,97,52
96,seq119,r_60_46_181,r_27_90_74,r_27_90_74,1,107,181,74,52
15,r_14_76_98,seq81,r_118_133_151,r_118_133_151,1,9,160,151,52
22,r_66_104_136,seq26,r_19_97_114,r_66_104_136,0.97,0,136,136,52
49,r_70_35_158,r_134_64_194,seq85,r_70_35_158,0.42,0,158,158,52
55,seq139,seq106,r_36_129_13,r_36_129_13,0.68,16,29,13,52
0,r_5_0_53,r_89_4_138,r_33_54_44,r_5_0_53,0.98,0,53,53,52
7,r_135_111_93,seq138,r_114_82_189,r_135_111_93,0.62,0,93,93,52
44,r_12_108_103,r_3_72_120,seq44,r_12_108_103,0.77,-2,101,103,52
40,r_29_123_27,seq23,r_114_82_189,r_29_123_27,1,0,27,27,52
81,seq78,r_113_8_121,r_141_41_152,r_141_41_152,0.53,23,175,152,52
11,r_121_84_97,r_118_133_151,seq144,r_118_133_151,1,0,151,151,52
35,r_48_100_149,r_113_8_121,seq62,r_113_8_121,0.99,2,123,121,52
23,r_114_82_189,r_29_123_27,r_135_111_93,r_135_111_93,1,0,93,93,52
93,seq107,r_19_127_181,seq98,r_19_127_181,0.81,-49,132,181,53
40,r_30_15_151,seq132,seq82,r_30_15_151,0.53,0,151,151,53
36,r_83_106_172,r_119_74_118,r_140_35_56,r_83_106_172,0.56,-54,118,172,53
16,r_128_17_14,r_102_133_3,seq62,r_128_17_14,0.94,0,14,14,53
53,seq134,seq75,r_129_110_71,r_129_110_71,1,32,103,71,53
43,r_72_1_186,r_47_28_2,r_49_94_136,r_49_94_136,0.79,50,186,136,53
36,r_83_106_172,r_140_35_56,seq139,r_83_106_172,1,0,172,172,53
86,seq87,r_114_130_190,seq91,r_114_130_190,0.72,-54,136,190,53
37,r_37_6_94,seq100,r_78_113_57,r_37_6_94,1,1,95,94,53
14,r_10_40_92,r_66_138_67,r_47_28_2,r_10_40_92,0.39,-58,34,92,53
19,r_140_35_56,seq116,r_24_136_109,r_24_136_109,1,5,114,109,53
71,seq57,r_66_138_67,r_47_28_2,r_66_138_67,0.95,-1,66,67,53
21,r_104_58_148,seq79,seq51,r_104_58_148,0.58,-16,132,148,53
20,r_78_113_57,seq65,r_37_6_94,r_37_6_94,1,5,99,94,53
5,r_53_69_180,seq41,seq32,r_53_69_180,0.33,1,181,180,53
32,r_39_48_50,r_61_101_155,seq81,r_39_48_50,1,0,50,50,53
46,r_61_101_155,seq85,seq132,r_61_101_155,0.91,0,155,155,53
80,seq77,r_86_126_188,r_147_45_153,r_147_45_153,0.7,21,174,153,53
11,r_147_45_153,r_124_117_197,r_119_74_118,r_147_45_153,0.96,-1,152,153,53
24,r_23_68_25,r_114_130_190,r_53_69_180,r_23_68_25,0.51,159,184,25,53
31,r_86_126_188,seq77,r_141_60_137,r_86_126_188,0.33,0,188,188,53
41,r_5_36_126,seq71,seq108,r_5_36_126,0.52,0,126,126,53
67,seq44,r_148_9_187,r_102_133_3,r_148_9_187,0.44,0,187,187,53
3,r_123_33_111,r_83_106_172,r_39_48_50,r_123_33_111,1,2,113,111,53
26,r_38_63_176,r_67_8_107,seq4,r_67_8_107,0.97,3,110,107,53
72,seq62,r_49_94_136,r_16_46_130,r_16_46_130,1,10,140,130,53
45,r_105_99_24,r_39_48_50,seq122,r_105_99_24,0.95,0,24,24,53
0,r_129_110_71,r_61_101_155,seq134,r_129_110_71,0.98,0,71,71,53
11,r_147_45_153,r_54_90_131,r_124_117_197,r_147_45_153,0.38,-20,133,153,53
15,r_16_46_130,r_24_136_109,r_103_50_157,r_24_136_109,0.92,1,110,109,53
47,r_34_146_175,seq11,r_42_14_48,r_42_14_48,1,2,50,48,53
9,r_115_55_55,seq77,seq65,r_115_55_55,1,0,55,55,53
39,r_144_31_34,r_78_113_57,r_111_80_45,r_144_31_34,0.56,15,49,34,53
6,r_24_136_109,r_16_46_130,r_140_35_56,r_24_136_109,0.99,0,109,109,53
85,seq85,r_61_101_155,r_66_138_67,r_66_138_67,0.99,2,69,67,53
14,r_10_40_92,r_47_28_2,r_59_137_22,r_10_40_92,1,0,92,92,53
19,r_140_35_56,seq11,seq116,r_140_35_56,0.89,-3,53,56,53
10,r_54_90_131,r_147_45_153,seq76,r_54_90_131,0.73,0,131,131,53
27,r_66_138_67,seq57,seq85,r_66_138_67,1,0,67,67,53
30,r_42_14_48,r_34_146_175,r_7_121_87,r_42_14_48,0.86,127,175,48,53
74,seq65,r_103_50_157,r_115_55_55,r_115_55_55,0.61,1,56,55,53
87,seq89,r_92_26_171,seq98,r_92_26_171,0.86,-85,86,171,53
2,r_25_88_161,seq132,seq149,r_25_88_161,0.74,0,161,161,53
48,r_111_80_45,seq122,r_144_31_34,r_111_80_45,1,0,45,45,53
40,r_30_15_151,r_123_33_111,seq132,r_123_33_111,0.67,-35,76,111,53
18,r_103_50_157,seq149,r_128_17_14,r_103_50_157,0.83,1,158,157,53
20,r_78_113_57,seq11,seq65,r_78_113_57,1,0,57,57,53
33,r_7_121_87,r_47_28_2,r_144_31_34,r_7_121_87,0.99,0,87,87,53
64,seq32,r_118_143_164,r_23_68_25,r_118_143_164,0.58,-10,154,164,53
47,r_34_146_175,r_42_14_48,r_123_33_111,r_34_146_175,0.8,0,175,175,53
50,seq2,r_61_101_155,r_66_138_67,r_66_138_67,1,93,160,67,53
65,seq41,r_53_69_180,r_54_90_131,r_54_90_131,0.75,49,180,131,53
38,r_0_112_105,r_93_20_189,r_66_138_67,r_0_112_105,0.99,0,105,105,53
68,seq51,seq79,r_67_8_107,r_67_8_107,1,3,110,107,53
34,r_118_143_164,seq32,r_54_90_131,r_118_143_164,0.85,0,164,164,53
24,r_23_68_25,seq98,r_114_130_190,r_23_68_25,1,0,25,25,53
75,seq139,r_92_26_171,seq98,r_92_26_171,0.93,-32,139,171,53
39,r_144_31_34,r_0_112_105,r_78_113_57,r_144_31_34,0.89,0,34,34,53
68,seq51,r_42_14_48,seq79,r_42_14_48,1,0,48,48,53
30,r_42_14_48,seq51,r_34_146_175,r_42_14_48,1,0,48,48,53
94,seq108,seq109,r_5_36_126,r_5_36_126,0.89,5,131,126,53
26,r_38_63_176,seq4,r_24_136_109,r_38_63_176,0.94,0,176,176,53
96,seq116,seq135,r_140_35_56,r_140_35_56,1,7,63,56,53
29,r_114_130_190,r_23_68_25,r_123_33_111,r_23_68_25,0.4,165,190,25,53
28,r_67_8_107,r_38_63_176,seq51,r_67_8_107,0.91,0,107,107,53
91,seq98,r_22_21_195,r_49_94_136,r_49_94_136,0.49,-5,131,136,53
49,r_49_94_136,seq62,seq82,r_49_94_136,0.48,4,140,136,53
82,seq81,seq18,r_39_48_50,r_39_48_50,1,2,52,50,53
44,r_119_74_118,r_83_106_172,seq77,r_119_74_118,1,0,118,118,53
23,r_145_97_123,r_92_26_171,seq76,r_92_26_171,0.96,-33,138,171,53
29,r_114_130_190,seq87,r_23_68_25,r_23_68_25,1,0,25,25,53
84,seq84,r_24_136_109,seq149,r_24_136_109,1,-12,97,109,53
30,r_42_79_133,seq127,seq121,r_42_79_133,0.76,0,133,133,54
44,r_8_82_108,r_138_25_146,r_84_56_80,r_84_56_80,0.88,5,85,80,54
48,r_130_63_58,r_89_93_95,r_116_107_137,r_116_107_137,1,6,143,137,54
31,r_83_145_97,r_120_102_46,r_19_117_4,r_83_145_97,0.75,0,97,97,54
8,r_114_44_180,seq68,r_138_25_146,r_114_44_180,0.73,0,180,180,54
43,r_129_98_174,r_55_36_3,seq90,r_129_98_174,0.48,3,177,174,54
22,r_120_102_46,r_83_145_97,r_124_46_87,r_120_102_46,0.92,51,97,46,54
0,r_116_107_137,r_148_64_24,r_130_63_58,r_116_107_137,1,0,137,137,54
54,seq10,r_146_112_89,seq134,r_146_112_89,1,0,89,89,54
3,r_75_3_165,r_85_27_72,r_34_45_65,r_75_3_165,0.91,1,166,165,54
59,seq15,r_129_98_174,r_101_1_74,r_101_1_74,0.85,6,80,74,54
19,r_29_94_147,r_55_36_3,r_48_103_190,r_29_94_147,0.6,43,190,147,54
55,seq11,r_13_54_173,seq31,r_13_54_173,0.85,0,173,173,54
71,seq53,r_124_46_87,seq0,r_124_46_87,1,-15,72,87,54
97,seq122,r_84_56_80,r_4_22_175,r_84_56_80,0.99,-5,75,80,54
46,r_4_22_175,r_13_54_173,seq31,r_4_22_175,0.48,-85,90,175,54
80,seq73,seq133,r_148_64_24,r_148_64_24,1,72,96,24,54
32,r_37_23_196,r_39_30_158,r_18_49_166,r_39_30_158,0.41,-91,67,158,54
32,r_37_23_196,r_18_49_166,seq20,r_18_49_166,0.82,-1,165,166,54
19,r_29_94_147,seq141,r_55_36_3,r_55_36_3,0.34,98,101,3,54
22,r_120_102_46,r_149_128_92,r_83_145_97,r_120_102_46,0.87,0,46,46,54
90,seq100,r_130_63_58,seq60,r_130_63_58,1,-14,44,58,54
95,seq119,r_2_43_140,seq126,r_2_43_140,0.59,-20,120,140,54
31,r_83_145_97,r_110_137_77,r_120_102_46,r_83_145_97,0.8,-19,78,97,54
41,r_110_137_77,r_83_145_97,seq15,r_110_137_77,0.98,1,78,77,54
20,r_26_147_20,r_29_94_147,r_69_115_36,r_26_147_20,0.68,2,22,20,54
9,r_39_30_158,r_34_45_65,r_123_111_42,r_39_30_158,0.69,1,159,158,54
3,r_75_3_165,seq50,r_85_27_72,r_85_27_72,1,10,82,72,54
10,r_48_103_190,seq127,r_2_43_140,r_2_43_140,0.96,0,140,140,54
16,r_18_49_166,seq62,r_37_23_196,r_18_49_166,0.59,-130,36,166,54
26,r_85_27_72,seq67,r_75_3_165,r_85_27_72,1,0,72,72,54
16,r_18_49_166,r_37_23_196,r_69_115_36,r_18_49_166,0.82,-70,96,166,54
75,seq61,seq51,r_123_111_42,r_123_111_42,1,0,42,42,54
4,r_6_72_122,seq126,seq78,r_6_72_122,0.8,0,122,122,54
0,r_116_107_137,seq133,r_148_64_24,r_148_64_24,0.94,75,99,24,54
11,r_17_142_199,r_149_128_92,r_124_46_87,r_17_142_199,0.87,-98,101,199,54
13,r_92_125_121,seq67,seq139,r_92_125_121,0.93,0,121,121,54
15,r_89_93_95,seq15,r_130_63_58,r_130_63_58,1,40,98,58,54
1,r_34_45_65,seq70,r_75_3_165,r_34_45_65,0.63,103,168,65,54
6,r_146_112_89,seq10,seq96,r_146_112_89,0.97,0,89,89,54
85,seq90,r_5_95_134,seq47,r_5_95_134,1,-8,126,134,54
99,seq127,r_42_79_133,seq59,r_42_79_133,1,0,133,133,54
72,seq57,r_48_103_190,r_88_12_192,r_48_103_190,0.52,-118,72,190,54
45,r_88_12_192,r_83_145_97,r_120_102_46,r_88_12_192,0.89,-145,47,192,54
48,r_130_63_58,seq100,seq141,r_130_63_58,1,0,58,58,54
40,r_84_56_80,seq122,r_8_82_108,r_84_56_80,0.97,0,80,80,54
5,r_69_115_36,r_26_147_20,seq62,r_69_115_36,0.95,0,36,36,54
18,r_101_1_74,seq96,seq15,r_101_1_74,0.99,0,74,74,54
24,r_28_106_76,seq14,seq78,r_28_106_76,1,0,76,76,54
33,r_5_95_134,seq90,seq11,r_5_95_134,0.83,1,135,134,54
87,seq96,r_148_64_24,r_146_112_89,r_146_112_89,1,0,89,89,54
37,r_71_87_32,seq20,seq104,r_71_87_32,0.99,0,32,32,54
64,seq33,r_39_30_158,seq20,r_39_30_158,0.29,0,158,158,54
58,seq14,r_28_106_76,seq47,r_28_106_76,1,-1,75,76,54
47,r_148_64_24,seq35,seq73,r_148_64_24,1,0,24,24,54
44,r_8_82_108,r_136_41_2,r_138_25_146,r_8_82_108,0.34,-92,16,108,54
68,seq50,r_75_3_165,r_85_27_72,r_85_27_72,1,57,129,72,54
10,r_48_103_190,r_2_43_140,r_29_94_147,r_48_103_190,0.96,0,190,190,54
38,r_2_43_140,seq119,r_48_103_190,r_2_43_140,0.68,0,140,140,54
77,seq67,r_92_125_121,seq104,r_92_125_121,0.82,0,121,121,54
36,r_123_111_42,seq62,seq61,r_123_111_42,1,0,42,42,54
21,r_143_86_176,seq53,r_42_79_133,r_42_79_133,0.41,43,176,133,54
45,r_88_12_192,r_120_102_46,r_124_46_87,r_124_46_87,1,54,141,87,54
34,r_118_132_39,r_34_45_65,r_55_36_3,r_118_132_39,1,1,40,39,54
9,r_39_30_158,seq33,r_34_45_65,r_34_45_65,1,81,146,65,54
26,r_85_27_72,r_75_3_165,seq50,r_75_3_165,0.96,1,166,165,54
96,seq121,r_42_79_133,r_138_25_146,r_42_79_133,0.76,14,147,133,54
1,r_34_45_65,r_77_7_193,seq70,r_34_45_65,0.88,0,65,65,54
72,seq57,r_88_12_192,r_124_46_87,r_124_46_87,0.58,26,113,87,54
28,r_55_36_3,r_129_98_174,r_38_9_90,r_38_9_90,1,84,174,90,54
49,r_38_9_90,r_83_145_97,r_55_36_3,r_38_9_90,0.96,0,90,90,54
7,r_131_32_153,seq76,seq11,r_131_32_153,0.72,0,153,153,54
23,r_138_25_146,seq133,seq96,r_138_25_146,0.43,-47,99,146,54
91,seq104,r_92_125_121,r_71_87_32,r_71_87_32,1,0,32,32,54
79,seq70,r_37_23_196,r_34_45_65,r_34_45_65,1,13,78,65,54
35,r_74_66_116,seq91,seq139,r_74_66_116,0.98,0,116,116,54
12,r_124_46_87,seq53,r_120_102_46,r_124_46_87,1,0,87,87,54
48,r_130_63_58,seq141,r_89_93_95,r_89_93_95,0.87,-1,94,95,54
1,r_34_45_65,r_118_132_39,r_77_7_193,r_118_132_39,0.98,1,40,39,54
23,r_138_25_146,seq96,seq121,r_138_25_146,1,0,146,146,54
92,seq109,r_95_63_177,r_79_18_125,r_79_18_125,0.93,52,177,125,55
43,r_31_54_119,seq94,r_92_34_134,r_92_34_134,0.8,-15,119,134,55
17,r_137_139_27,seq3,seq120,r_137_139_27,0.52,29,56,27,55
61,seq24,r_134_84_173,seq9,r_134_84_173,1,0,173,173,55
3,r_0_126_139,seq29,r_106_102_46,r_0_126_139,0.99,-1,138,139,55
44,r_144_51_100,seq19,r_40_132_45,r_40_132_45,0.75,2,47,45,55
21,r_71_59_94,seq96,r_83_124_33,r_71_59_94,1,0,94,94,55
12,r_27_1_49,r_123_108_55,seq127,r_27_1_49,1,0,49,49,55
5,r_11_26_102,seq19,r_72_35_104,r_11_26_102,0.97,2,104,102,55
19,r_73_90_93,r_103_149_140,seq58,r_73_90_93,0.49,0,93,93,55
77,seq68,r_66_13_152,seq29,r_66_13_152,0.46,-42,110,152,55
27,r_136_30_28,seq44,r_133_46_43,r_133_46_43,0.38,123,166,43,55
44,r_144_51_100,r_40_132_45,r_7_6_52,r_144_51_100,0.88,1,101,100,55
41,r_131_81_73,r_103_149_140,r_37_57_48,r_131_81_73,0.92,0,73,73,55
22,r_103_149_140,r_20_38_44,r_135_129_99,r_103_149_140,0.64,-41,99,140,55
89,seq101,r_74_43_144,r_23_67_91,r_23_67_91,0.51,47,138,91,55
46,r_135_129_99,seq97,r_103_149_140,r_135_129_99,0.94,0,99,99,55
15,r_48_61_51,r_0_126_139,seq17,r_48_61_51,1,0,51,51,55
11,r_37_57_48,seq82,seq96,r_37_57_48,0.98,0,48,48,55
0,r_10_128_171,seq9,seq78,r_10_128_171,0.55,-1,170,171,55
39,r_40_132_45,seq97,r_144_51_100,r_40_132_45,0.99,0,45,45,55
20,r_79_18_125,r_119_98_123,seq109,r_79_18_125,0.88,-2,123,125,55
3,r_0_126_139,r_48_61_51,seq29,r_48_61_51,1,-2,49,51,55
13,r_41_64_98,seq17,seq49,r_41_64_98,0.76,0,98,98,55
46,r_135_129_99,r_106_102_46,seq97,r_106_102_46,1,1,47,46,55
48,r_89_77_87,r_93_42_1,seq15,r_89_77_87,1,2,89,87,55
4,r_147_142_13,r_112_121_89,r_134_84_173,r_112_121_89,0.85,2,91,89,55
34,r_123_108_55,seq130,seq140,r_123_108_55,1,0,55,55,55
6,r_143_5_108,seq33,seq100,r_143_5_108,1,0,108,108,55
45,r_72_35_104,seq15,r_99_12_38,r_99_12_38,1,2,40,38,55
8,r_92_34_134,r_20_38_44,seq101,r_92_34_134,0.58,-89,45,134,55
28,r_99_12_38,seq104,r_72_35_104,r_99_12_38,0.81,0,38,38,55
10,r_20_38_44,seq120,r_66_13_152,r_66_13_152,0.84,1,153,152,55
28,r_99_12_38,seq29,seq68,r_99_12_38,0.43,104,142,38,55
31,r_112_121_89,r_41_64_98,r_147_142_13,r_147_142_13,0.97,1,14,13,55
77,seq68,seq29,r_134_84_173,r_134_84_173,0.85,1,174,173,55
38,r_133_46_43,r_27_1_49,seq82,r_133_46_43,1,0,43,43,55
40,r_119_98_123,r_79_18_125,r_135_129_99,r_119_98_123,0.6,0,123,123,55
18,r_91_107_188,seq130,r_41_64_98,r_41_64_98,0.87,90,188,98,55
29,r_83_124_33,seq145,r_71_59_94,r_83_124_33,1,61,94,33,55
39,r_40_132_45,r_144_51_100,r_21_111_9,r_144_51_100,0.95,1,101,100,55
35,r_23_67_91,seq52,seq101,r_23_67_91,0.99,1,92,91,55
64,seq33,r_143_5_108,seq88,r_143_5_108,0.94,1,109,108,55
88,seq100,seq3,r_143_5_108,r_143_5_108,1,2,110,108,55
50,seq130,r_91_107_188,seq52,r_91_107_188,0.75,0,188,188,55
43,r_31_54_119,r_92_34_134,r_11_26_102,r_92_34_134,0.61,1,135,134,55
10,r_20_38_44,r_92_34_134,seq120,r_20_38_44,1,0,44,44,55
47,r_86_138_14,r_103_149_140,seq78,r_86_138_14,0.97,0,14,14,55
32,r_115_53_197,r_79_18_125,r_146_105_6,r_146_105_6,0.73,122,128,6,55
52,seq9,r_10_128_171,r_8_116_162,r_8_116_162,0.42,10,172,162,55
46,r_135_129_99,r_103_149_140,r_119_98_123,r_135_129_99,0.83,41,140,99,55
1,r_125_87_47,seq9,seq70,r_125_87_47,1,0,47,47,55
8,r_92_34_134,r_31_54_119,seq127,r_31_54_119,0.55,15,134,119,55
2,r_106_102_46,r_135_129_99,seq39,r_106_102_46,1,1,47,46,55
22,r_103_149_140,r_135_129_99,seq29,r_103_149_140,0.45,0,140,140,55
45,r_72_35_104,r_99_12_38,r_11_26_102,r_72_35_104,0.97,0,104,104,55
81,seq78,seq110,r_10_128_171,r_10_128_171,0.77,-1,170,171,55
26,r_117_4_138,seq9,r_80_148_198,r_117_4_138,0.89,0,138,138,55
31,r_112_121_89,r_147_142_13,seq85,r_112_121_89,1,3,92,89,55
28,r_99_12_38,r_72_35_104,seq29,r_72_35_104,0.95,-3,101,104,55
22,r_103_149_140,r_131_81_73,r_20_38_44,r_103_149_140,0.88,-67,73,140,55
4,r_147_142_13,r_134_84_173,seq9,r_134_84_173,0.99,0,173,173,55
86,seq96,r_71_59_94,r_37_57_48,r_37_57_48,0.75,1,49,48,55
32,r_115_53_197,r_146_105_6,r_79_18_125,r_146_105_6,0.44,165,171,6,55
49,r_50_32_127,seq24,seq127,r_50_32_127,0.36,15,142,127,55
14,r_7_6_52,seq14,r_144_51_100,r_144_51_100,0.63,5,105,100,55
56,seq15,r_66_13_152,r_89_77_87,r_89_77_87,0.57,65,152,87,55
7,r_66_13_152,seq15,r_20_38_44,r_66_13_152,0.96,0,152,152,55
23,r_2_55_164,seq118,r_117_4_138,r_2_55_164,0.89,0,164,164,55
35,r_23_67_91,r_133_46_43,seq52,r_133_46_43,0.97,-12,31,43,55
14,r_7_6_52,seq62,seq44,r_7_6_52,0.54,0,52,52,55
33,r_133_31_60,r_93_73_55,seq7,r_133_31_60,0.69,13,73,60,56
44,r_57_61_62,r_145_65_15,r_26_72_89,r_26_72_89,1,0,89,89,56
51,seq7,seq39,r_133_31_60,r_133_31_60,0.99,14,74,60,56
42,r_1_50_30,r_29_52_94,r_109_122_118,r_1_50_30,0.96,1,31,30,56
18,r_99_74_14,r_110_67_65,seq101,r_110_67_65,0.81,-50,15,65,56
92,seq106,seq35,r_131_115_145,r_131_115_145,0.9,-2,143,145,56
9,r_128_34_99,r_44_3_106,r_69_23_7,r_128_34_99,0.86,2,101,99,56
14,r_139_75_74,r_110_67_65,r_22_5_47,r_139_75_74,0.98,-9,65,74,56
8,r_38_2_71,r_29_52_94,r_49_6_108,r_38_2_71,1,1,72,71,56
88,seq101,seq47,r_99_74_14,r_99_74_14,1,5,19,14,56
3,r_100_97_84,seq35,r_8_36_164,r_8_36_164,1,8,172,164,56
30,r_93_73_55,r_110_67_65,seq114,r_93_73_55,1,0,55,55,56
1,r_121_40_46,r_82_10_51,seq66,r_121_40_46,1,0,46,46,56
19,r_138_63_48,r_8_36_164,r_37_46_80,r_8_36_164,0.95,1,165,164,56
21,r_37_46_80,r_8_36_164,r_27_30_130,r_37_46_80,0.48,59,139,80,56
39,r_70_116_109,r_49_6_108,seq85,r_70_116_109,0.9,0,109,109,56
24,r_54_119_56,seq137,seq68,r_54_119_56,1,1,57,56,56
5,r_8_36_164,r_37_46_80,r_138_63_48,r_138_63_48,1,45,93,48,56
43,r_29_52_94,r_38_2_71,seq144,r_29_52_94,0.64,-23,71,94,56
44,r_57_61_62,r_121_40_46,r_145_65_15,r_145_65_15,0.6,2,17,15,56
45,r_91_94_104,seq16,seq32,r_91_94_104,0.55,0,104,104,56
12,r_82_10_51,r_17_111_193,seq136,r_82_10_51,0.62,25,76,51,56
14,r_139_75_74,r_49_6_108,r_86_105_142,r_86_105_142,0.98,4,146,142,56
22,r_145_65_15,r_108_113_69,r_82_10_51,r_145_65_15,0.71,0,15,15,56
66,seq39,seq7,r_146_20_120,r_146_20_120,0.98,-1,119,120,56
34,r_49_6_108,r_38_2_71,r_139_75_74,r_49_6_108,0.97,1,109,108,56
12,r_82_10_51,r_145_65_15,r_17_111_193,r_82_10_51,0.88,0,51,51,56
29,r_78_42_185,r_43_134_127,r_22_5_47,r_78_42_185,0.62,-131,54,185,56
31,r_86_105_142,seq47,r_4_135_81,r_4_135_81,1,0,81,81,56
41,r_112_140_70,r_108_113_69,r_146_20_120,r_112_140_70,0.88,10,80,70,56
96,seq123,r_69_23_7,r_29_52_94,r_29_52_94,0.91,89,183,94,56
3,r_100_97_84,seq47,seq35,r_100_97_84,0.98,2,86,84,56
10,r_110_67_65,r_139_75_74,seq96,r_110_67_65,1,0,65,65,56
43,r_29_52_94,r_1_50_30,r_38_2_71,r_1_50_30,1,-1,29,30,56
43,r_29_52_94,seq144,r_69_23_7,r_29_52_94,0.97,0,94,94,56
26,r_62_95_198,r_112_140_70,r_110_67_65,r_62_95_198,1,-128,70,198,56
4,r_4_135_81,r_128_34_99,r_86_105_142,r_4_135_81,1,0,81,81,56
0,r_18_98_195,r_133_31_60,seq87,r_133_31_60,1,0,60,60,56
2,r_149_132_175,r_43_134_127,r_44_3_106,r_149_132_175,1,0,175,175,56
11,r_131_115_145,seq25,seq106,r_131_115_145,0.98,0,145,145,56
50,seq129,seq104,r_117_28_42,r_117_28_42,1,10,52,42,56
20,r_9_130_166,r_44_3_106,seq68,r_44_3_106,1,0,106,106,56
46,r_69_23_7,r_8_36_164,r_128_34_99,r_128_34_99,0.99,2,101,99,56
6,r_45_0_26,r_1_50_30,seq41,r_45_0_26,0.99,0,26,26,56
15,r_44_3_106,r_9_130_166,r_99_74_14,r_44_3_106,0.94,0,106,106,56
58,seq143,r_18_98_195,r_109_122_118,r_109_122_118,0.99,53,171,118,56
4,r_4_135_81,r_86_105_142,r_15_92_28,r_86_105_142,0.99,1,143,142,56
57,seq14,seq16,r_109_122_118,r_109_122_118,1,0,118,118,56
32,r_43_134_127,r_149_132_175,r_148_71_113,r_149_132_175,1,0,175,175,56
5,r_8_36_164,r_138_63_48,r_100_97_84,r_8_36_164,0.99,1,165,164,56
52,seq136,r_17_111_193,r_82_10_51,r_82_10_51,0.71,139,190,51,56
36,r_146_20_120,seq144,seq39,r_146_20_120,1,-1,119,120,56
27,r_120_84_85,seq24,r_145_65_15,r_120_84_85,0.5,2,87,85,56
19,r_138_63_48,r_120_84_85,r_8_36_164,r_138_63_48,0.87,0,48,48,56
30,r_93_73_55,seq114,r_9_130_166,r_9_130_166,0.91,19,185,166,56
42,r_1_50_30,r_109_122_118,r_110_67_65,r_1_50_30,1,51,81,30,56
2,r_149_132_175,r_131_115_145,r_43_134_127,r_43_134_127,0.64,2,129,127,56
67,seq41,r_53_125_196,r_45_0_26,r_45_0_26,0.8,5,31,26,56
40,r_108_113_69,r_112_140_70,seq60,r_108_113_69,1,0,69,69,56
7,r_15_92_28,seq136,seq33,r_15_92_28,1,0,28,28,56
48,r_22_5_47,seq143,seq48,r_22_5_47,1,0,47,47,56
25,r_59_56_79,r_29_52_94,r_79_80_63,r_59_56_79,1,0,79,79,56
33,r_133_31_60,r_18_98_195,r_93_73_55,r_133_31_60,1,1,61,60,56
8,r_38_2_71,r_49_6_108,seq102,r_49_6_108,1,2,110,108,56
32,r_43_134_127,r_22_5_47,r_149_132_175,r_43_134_127,0.67,0,127,127,56
20,r_9_130_166,seq68,r_93_73_55,r_9_130_166,1,0,166,166,56
64,seq33,seq47,r_15_92_28,r_15_92_28,1,10,38,28,56
32,r_43_134_127,r_78_42_185,r_22_5_47,r_78_42_185,0.56,-68,117,185,56
36,r_146_20_120,r_117_28_42,seq144,r_117_28_42,1,0,42,42,56
38,r_79_80_63,seq90,r_59_56_79,r_59_56_79,1,3,82,79,56
52,seq136,r_15_92_28,r_17_111_193,r_15_92_28,0.82,2,30,28,56
34,r_49_6_108,r_70_116_109,r_38_2_71,r_38_2_71,0.98,9,80,71,56
29,r_78_42_185,r_22_5_47,r_139_75_74,r_139_75_74,0.94,9,83,74,56
12,r_82_10_51,r_121_40_46,r_145_65_15,r_145_65_15,0.92,1,16,15,56
82,seq85,r_69_23_7,r_70_116_109,r_70_116_109,0.88,1,110,109,56
9,r_128_34_99,r_4_135_81,r_44_3_106,r_4_135_81,0.84,0,81,81,56
31,r_86_105_142,r_4_135_81,r_139_75_74,r_86_105_142,1,1,143,142,56
28,r_26_72_89,seq90,r_57_61_62,r_26_72_89,1,0,89,89,56
96,seq123,seq85,r_69_23_7,r_69_23_7,0.54,15,22,7,56
49,r_27_30_130,r_53_125_196,r_37_46_80,r_27_30_130,0.96,0,130,130,56
43,r_29_52_94,r_69_23_7,r_70_116_109,r_70_116_109,0.58,4,113,109,56
22,r_145_65_15,r_57_61_62,r_120_84_85,r_120_84_85,0.96,1,86,85,56
23,r_148_71_113,seq55,r_149_132_175,r_148_71_113,0.88,0,113,113,56
58,seq143,r_22_5_47,seq16,r_22_5_47,0.94,0,47,47,56
35,r_109_122_118,seq96,seq14,r_109_122_118,1,0,118,118,56
14,r_139_75_74,r_22_5_47,r_49_6_108,r_49_6_108,0.98,11,119,108,56
17,r_117_28_42,r_59_56_79,seq129,r_117_28_42,1,0,42,42,56
23,r_148_71_113,r_149_132_175,r_43_134_127,r_149_132_175,1,0,175,175,56
94,seq114,r_79_80_63,r_93_73_55,r_93_73_55,0.69,2,57,55,56
51,seq130,r_122_19_101,seq59,r_122_19_101,1,-2,99,101,57
36,r_14_68_185,seq120,seq15,r_14_68_185,0.59,0,185,185,57
26,r_105_21_186,r_103_148_137,r_142_97_197,r_105_21_186,0.66,3,189,186,57
14,r_20_53_155,seq11,r_103_148_137,r_103_148_137,0.69,18,155,137,57
8,r_40_65_99,r_145_83_189,seq115,r_40_65_99,0.98,0,99,99,57
53,seq4,seq71,r_1_60_102,r_1_60_102,1,2,104,102,57
43,r_48_6_103,seq71,seq69,r_48_6_103,1,0,103,103,57
5,r_92_77_122,r_2_47_100,r_133_149_9,r_92_77_122,0.77,-110,12,122,57
83,seq79,r_66_146_149,seq113,r_66_146_149,1,0,149,149,57
37,r_87_141_124,seq15,r_48_6_103,r_87_141_124,0.95,0,124,124,57
26,r_105_21_186,r_56_43_138,r_103_148_137,r_105_21_186,0.61,-50,136,186,57
59,seq144,r_92_77_122,r_133_149_9,r_92_77_122,0.75,-30,92,122,57
97,seq115,seq144,r_133_149_9,r_133_149_9,0.52,85,94,9,57
46,r_110_102_188,seq143,r_133_149_9,r_110_102_188,0.48,1,189,188,57
42,r_54_49_75,r_129_76_12,seq10,r_54_49_75,1,0,75,75,57
6,r_145_83_189,r_106_32_42,r_112_7_161,r_106_32_42,1,0,42,42,57
13,r_106_32_42,r_145_83_189,seq134,r_106_32_42,1,0,42,42,57
35,r_25_28_5,seq0,r_72_26_48,r_72_26_48,1,3,51,48,57
30,r_131_93_19,r_57_34_91,r_127_124_146,r_131_93_19,0.99,3,22,19,57
19,r_5_41_110,r_14_68_185,seq3,r_5_41_110,0.95,0,110,110,57
95,seq113,r_17_8_168,r_56_43_138,r_56_43_138,0.94,31,169,138,57
66,seq37,r_122_19_101,r_142_97_197,r_122_19_101,0.77,-15,86,101,57
76,seq61,r_2_47_100,r_133_149_9,r_2_47_100,0.92,3,103,100,57
41,r_55_135_151,seq9,r_54_49_75,r_55_135_151,0.78,0,151,151,57
10,r_133_149_9,r_92_77_122,seq115,r_92_77_122,0.61,-1,121,122,57
26,r_105_21_186,r_31_136_76,r_56_43_138,r_105_21_186,0.63,-64,122,186,57
4,r_1_60_102,seq30,seq4,r_1_60_102,0.92,0,102,102,57
57,seq11,r_20_53_155,r_85_27_10,r_85_27_10,0.6,7,17,10,57
78,seq139,seq11,r_92_77_122,r_92_77_122,1,30,152,122,57
31,r_56_43_138,seq15,seq24,r_56_43_138,0.56,-85,53,138,57
39,r_72_26_48,r_122_19_101,r_25_28_5,r_72_26_48,1,1,49,48,57
20,r_128_111_128,r_54_49_75,r_127_124_146,r_54_49_75,1,2,77,75,57
0,r_85_27_10,seq24,seq11,r_85_27_10,0.97,0,10,10,57
48,r_107_116_194,seq120,r_90_95_141,r_90_95_141,0.98,4,145,141,57
85,seq82,seq99,r_67_126_74,r_67_126_74,1,2,76,74,57
99,seq120,r_14_68_185,r_90_95_141,r_90_95_141,0.68,43,184,141,57
5,r_92_77_122,r_133_149_9,seq139,r_92_77_122,0.95,1,123,122,57
20,r_128_111_128,r_127_124_146,seq50,r_128_111_128,1,0,128,128,57
30,r_131_93_19,r_127_124_146,seq117,r_131_93_19,0.43,91,110,19,57
22,r_127_124_146,r_54_49_75,r_129_76_12,r_129_76_12,0.53,0,12,12,57
87,seq88,r_25_28_5,r_133_149_9,r_133_149_9,0.53,136,145,9,57
22,r_127_124_146,r_129_76_12,seq82,r_127_124_146,0.97,0,146,146,57
2,r_17_8_168,seq113,r_5_41_110,r_5_41_110,0.63,58,168,110,57
47,r_31_136_76,r_105_21_186,r_56_43_138,r_105_21_186,0.43,-83,103,186,57
3,r_12_86_120,seq42,seq130,r_12_86_120,0.48,-92,28,120,57
23,r_125_75_37,r_66_146_149,seq100,r_125_75_37,0.75,0,37,37,57
40,r_103_148_137,r_14_68_185,r_105_21_186,r_103_148_137,0.65,1,138,137,57
29,r_74_98_60,r_18_78_68,seq82,r_74_98_60,0.99,4,64,60,57
25,r_38_138_132,seq100,r_72_26_48,r_38_138_132,0.97,0,132,132,57
33,r_51_96_82,r_112_7_161,seq73,r_51_96_82,0.98,0,82,82,57
11,r_70_29_15,seq36,seq99,r_70_29_15,0.68,2,17,15,57
70,seq45,r_67_126_74,seq22,r_67_126_74,0.93,0,74,74,57
32,r_90_95_141,seq143,r_107_116_194,r_90_95_141,0.89,1,142,141,57
34,r_46_89_162,r_147_123_160,r_12_86_120,r_46_89_162,0.61,0,162,162,57
21,r_35_80_130,r_110_102_188,seq84,r_110_102_188,0.58,-147,41,188,57
45,r_129_76_12,r_127_124_146,r_56_43_138,r_129_76_12,0.89,133,145,12,57
45,r_129_76_12,seq36,r_127_124_146,r_129_76_12,0.79,0,12,12,57
81,seq73,seq114,r_51_96_82,r_51_96_82,0.95,-20,62,82,57
28,r_57_34_91,r_56_43_138,r_125_75_37,r_56_43_138,0.89,16,154,138,57
24,r_62_119_53,seq132,seq42,r_62_119_53,1,1,54,53,57
28,r_57_34_91,r_35_80_130,r_56_43_138,r_57_34_91,0.96,0,91,91,57
49,r_66_146_149,seq79,r_12_86_120,r_66_146_149,0.68,0,149,149,57
3,r_12_86_120,seq130,r_62_119_53,r_62_119_53,0.95,33,86,53,57
56,seq10,seq52,r_54_49_75,r_54_49_75,1,12,87,75,57
7,r_2_47_100,seq61,r_125_75_37,r_2_47_100,1,0,100,100,57
68,seq42,seq59,r_62_119_53,r_62_119_53,1,5,58,53,57
44,r_16_108_115,seq0,r_67_126_74,r_16_108_115,1,0,115,115,57
90,seq99,seq82,r_70_29_15,r_70_29_15,0.73,0,15,15,57
42,r_54_49_75,r_128_111_128,r_129_76_12,r_129_76_12,0.81,6,18,12,57
47,r_31_136_76,r_56_43_138,r_125_75_37,r_56_43_138,0.85,-2,136,138,57
12,r_67_126_74,seq45,seq82,r_67_126_74,1,0,74,74,57
28,r_57_34_91,r_131_93_19,r_35_80_130,r_131_93_19,0.71,-5,14,19,57
40,r_103_148_137,r_105_21_186,r_20_53_155,r_103_148_137,0.42,30,167,137,57
23,r_125_75_37,seq100,r_2_47_100,r_2_47_100,1,2,102,100,57
30,r_141_120_125,seq135,r_103_143_185,r_141_120_125,0.6,-2,123,125,58
23,r_122_29_180,r_138_100_186,r_34_88_134,r_34_88_134,0.94,1,135,134,58
9,r_27_130_69,seq25,r_9_137_139,r_9_137_139,0.75,30,169,139,58
5,r_127_140_154,seq105,r_13_85_56,r_127_140_154,0.86,-103,51,154,58
8,r_98_53_128,r_4_12_181,r_50_64_87,r_98_53_128,0.94,0,128,128,58
43,r_92_66_109,r_109_52_155,seq38,r_92_66_109,0.96,0,109,109,58
5,r_127_140_154,r_103_143_185,r_141_120_125,r_103_143_185,0.98,0,185,185,58
17,r_57_49_23,r_76_72_130,r_48_36_76,r_57_49_23,0.97,0,23,23,58
39,r_47_132_111,seq115,r_57_49_23,r_47_132_111,0.89,1,112,111,58
48,r_3_28_153,r_56_55_50,r_78_46_110,r_3_28_153,1,0,153,153,58
1,r_117_149_183,seq35,r_65_6_2,r_65_6_2,0.56,181,183,2,58
0,r_80_17_152,r_126_94_195,r_99_133_25,r_80_17_152,0.99,0,152,152,58
17,r_57_49_23,r_48_36_76,seq38,r_48_36_76,0.89,0,76,76,58
46,r_93_37_173,seq105,seq84,r_93_37_173,0.39,-105,68,173,58
31,r_76_72_130,r_58_86_148,r_107_113_39,r_107_113_39,0.62,1,40,39,58
32,r_90_61_91,seq139,r_76_72_130,r_76_72_130,1,22,152,130,58
13,r_79_147_11,r_141_120_125,seq139,r_79_147_11,0.64,2,13,11,58
15,r_56_55_50,r_70_0_127,r_2_128_112,r_56_55_50,0.99,0,50,50,58
44,r_42_14_17,r_71_116_37,seq10,r_42_14_17,1,1,18,17,58
45,r_40_82_113,seq148,seq112,r_40_82_113,1,0,113,113,58
19,r_19_106_40,r_65_6_2,r_107_113_39,r_107_113_39,0.91,133,172,39,58
17,r_57_49_23,seq38,r_47_132_111,r_47_132_111,0.9,4,115,111,58
35,r_146_75_182,r_62_24_188,r_131_111_147,r_131_111_147,0.53,11,158,147,58
37,r_99_133_25,r_40_82_113,seq74,r_99_133_25,0.99,0,25,25,58
23,r_122_29_180,r_34_88_134,r_80_17_152,r_122_29_180,0.96,0,180,180,58
41,r_16_104_137,seq136,seq31,r_16_104_137,0.85,0,137,137,58
3,r_103_143_185,seq74,r_127_140_154,r_127_140_154,0.87,5,159,154,58
34,r_32_59_38,r_71_116_37,seq115,r_32_59_38,0.67,0,38,38,58
26,r_131_111_147,r_146_75_182,r_87_22_120,r_146_75_182,1,1,183,182,58
36,r_5_45_12,r_146_75_182,r_109_52_155,r_5_45_12,0.93,0,12,12,58
0,r_80_17_152,r_98_53_128,r_126_94_195,r_98_53_128,0.92,-9,119,128,58
16,r_48_36_76,seq38,r_57_49_23,r_57_49_23,0.75,-1,22,23,58
73,seq136,r_16_104_137,seq105,r_16_104_137,1,1,138,137,58
20,r_34_88_134,r_87_22_120,seq31,r_34_88_134,0.45,-21,113,134,58
38,r_67_83_86,r_44_7_51,seq63,r_44_7_51,0.9,0,51,51,58
46,r_93_37_173,seq84,seq142,r_93_37_173,0.51,0,173,173,58
48,r_3_28_153,r_2_128_112,r_56_55_50,r_56_55_50,1,47,97,50,58
57,seq15,r_62_24_188,r_50_64_87,r_50_64_87,1,18,105,87,58
12,r_107_113_39,r_76_72_130,r_71_116_37,r_76_72_130,1,0,130,130,58
21,r_70_0_127,r_56_55_50,seq144,r_56_55_50,1,0,50,50,58
31,r_76_72_130,r_107_113_39,r_90_61_91,r_76_72_130,1,1,131,130,58
62,seq21,r_67_83_86,seq63,r_67_83_86,1,0,86,86,58
3,r_103_143_185,r_127_140_154,seq121,r_103_143_185,0.96,0,185,185,58
27,r_110_108_48,r_125_73_199,seq60,r_110_108_48,0.99,0,48,48,58
21,r_70_0_127,seq144,seq134,r_70_0_127,0.98,0,127,127,58
5,r_127_140_154,r_13_85_56,r_103_143_185,r_127_140_154,0.93,0,154,154,58
36,r_5_45_12,r_109_52_155,seq25,r_109_52_155,0.92,0,155,155,58
16,r_48_36_76,r_57_49_23,seq129,r_48_36_76,0.86,0,76,76,58
30,r_141_120_125,r_103_143_185,r_127_140_154,r_141_120_125,0.58,60,185,125,58
31,r_76_72_130,r_57_49_23,r_58_86_148,r_57_49_23,0.8,0,23,23,58
47,r_9_137_139,seq129,seq148,r_9_137_139,0.81,0,139,139,58
40,r_78_46_110,seq1,seq26,r_78_46_110,0.95,0,110,110,58
18,r_87_22_120,r_34_88_134,seq18,r_87_22_120,0.91,0,120,120,58
24,r_50_64_87,seq41,seq15,r_50_64_87,0.99,0,87,87,58
25,r_2_128_112,r_3_28_153,r_56_55_50,r_56_55_50,0.89,17,67,50,58
33,r_13_85_56,r_127_140_154,r_34_88_134,r_127_140_154,0.5,0,154,154,58
12,r_107_113_39,seq145,r_76_72_130,r_107_113_39,1,0,39,39,58
50,seq1,r_78_46_110,seq142,r_78_46_110,0.99,-1,109,110,58
22,r_71_116_37,seq118,r_107_113_39,r_71_116_37,0.96,1,38,37,58
28,r_23_20_34,r_56_55_50,seq139,r_23_20_34,0.78,0,34,34,58
32,r_90_61_91,seq91,seq139,r_90_61_91,0.79,1,92,91,58
77,seq63,r_67_83_86,seq33,r_67_83_86,0.97,-18,68,86,58
20,r_34_88_134,seq31,r_122_29_180,r_34_88_134,0.91,0,134,134,58
29,r_109_52_155,seq25,r_5_45_12,r_5_45_12,1,0,12,12,58
60,seq18,r_62_24_188,r_87_22_120,r_87_22_120,0.87,15,135,120,58
9,r_27_130_69,seq60,seq25,r_27_130_69,0.85,1,70,69,58
20,r_34_88_134,r_122_29_180,r_78_46_110,r_34_88_134,0.83,46,180,134,58
29,r_109_52_155,r_5_45_12,seq10,r_109_52_155,0.89,0,155,155,58
49,r_4_12_181,r_98_53_128,seq97,r_98_53_128,0.76,0,128,128,58
56,seq142,seq1,r_93_37_173,r_93_37_173,0.93,0,173,173,58
7,r_58_86_148,seq121,r_99_133_25,r_58_86_148,0.92,1,149,148,58
49,r_4_12_181,seq97,r_127_140_154,r_4_12_181,0.79,0,181,181,58
35,r_146_75_182,r_131_111_147,seq114,r_146_75_182,0.84,1,183,182,58
82,seq84,seq105,r_93_37_173,r_93_37_173,0.44,-105,68,173,58
35,r_146_75_182,seq18,r_62_24_188,r_146_75_182,0.53,-41,141,182,58
14,r_44_7_51,r_67_83_86,seq144,r_44_7_51,0.76,1,52,51,58
23,r_122_29_180,r_127_140_154,seq105,r_127_140_154,0.87,-85,69,154,58
84,seq91,r_90_61_91,seq89,r_90_61_91,0.83,1,92,91,58
23,r_122_29_180,seq105,r_138_100_186,r_138_100_186,0.51,-90,96,186,58
30,r_28_146_94,r_36_97_191,r_54_73_12,r_28_146_94,0.98,0,94,94,59
76,seq59,r_42_29_46,r_19_17_4,r_42_29_46,0.98,3,49,46,59
16,r_80_38_14,r_31_23_171,r_93_125_80,r_80_38_14,0.99,0,14,14,59
14,r_22_61_161,seq87,r_37_144_76,r_22_61_161,0.98,0,161,161,59
29,r_42_29_46,seq59,r_149_121_17,r_42_29_46,1,0,46,46,59
8,r_106_5_75,r_2_66_79,seq103,r_2_66_79,0.77,-3,76,79,59
46,r_93_125_80,r_43_138_97,r_80_38_14,r_80_38_14,0.98,1,15,14,59
53,seq133,r_145_94_195,r_7_3_118,r_7_3_118,0.69,7,125,118,59
43,r_18_65_198,r_145_94_195,r_86_41_111,r_86_41_111,1,16,127,111,59
37,r_86_41_111,seq95,r_18_65_198,r_86_41_111,0.93,0,111,111,59
21,r_46_32_121,seq58,r_28_146_94,r_46_32_121,0.85,0,121,121,59
19,r_120_15_119,seq78,r_60_64_154,r_60_64_154,0.79,0,154,154,59
5,r_72_148_123,seq27,r_31_23_171,r_72_148_123,0.88,0,123,123,59
42,r_60_64_154,seq34,r_120_15_119,r_60_64_154,0.7,0,154,154,59
57,seq13,r_88_20_41,r_79_26_139,r_88_20_41,0.99,0,41,41,59
45,r_84_14_68,r_28_146_94,seq55,r_84_14_68,1,0,68,68,59
33,r_88_20_41,seq13,seq134,r_88_20_41,0.53,1,42,41,59
19,r_120_15_119,r_37_144_76,r_31_23_171,r_37_144_76,0.82,0,76,76,59
39,r_129_77_18,seq0,r_98_52_90,r_129_77_18,0.8,1,19,18,59
27,r_79_26_139,seq13,r_62_9_129,r_62_9_129,0.5,12,141,129,59
80,seq140,r_98_52_90,r_112_11_3,r_112_11_3,0.74,8,11,3,59
60,seq16,seq48,r_141_114_9,r_141_114_9,0.61,38,47,9,59
41,r_2_66_79,r_106_5_75,seq0,r_2_66_79,1,0,79,79,59
19,r_120_15_119,r_31_23_171,seq78,r_120_15_119,0.66,0,119,119,59
3,r_43_138_97,seq55,r_36_97_191,r_43_138_97,0.94,0,97,97,59
26,r_109_124_130,r_81_135_182,r_19_17_4,r_109_124_130,1,0,130,130,59
71,seq48,r_83_51_32,r_53_118_43,r_53_118_43,0.43,112,155,43,59
0,r_100_107_87,r_54_73_12,r_80_38_14,r_100_107_87,1,0,87,87,59
69,seq44,r_10_49_100,seq33,r_10_49_100,0.98,-59,41,100,59
20,r_37_144_76,r_120_15_119,seq89,r_37_144_76,1,0,76,76,59
49,r_83_51_32,r_54_73_12,r_147_47_35,r_83_51_32,0.99,2,34,32,59
5,r_72_148_123,r_31_23_171,r_116_75_183,r_72_148_123,0.64,49,172,123,59
46,r_93_125_80,r_80_38_14,r_54_73_12,r_93_125_80,1,0,80,80,59
15,r_36_97_191,r_28_146_94,r_43_138_97,r_36_97_191,0.94,-94,97,191,59
49,r_83_51_32,r_147_47_35,r_10_49_100,r_10_49_100,1,5,105,100,59
6,r_127_76_81,seq34,seq58,r_127_76_81,0.99,3,84,81,59
62,seq25,r_145_94_195,r_86_41_111,r_86_41_111,1,58,169,111,59
36,r_31_23_171,r_90_122_164,r_72_148_123,r_31_23_171,0.72,-48,123,171,59
48,r_149_121_17,seq142,r_42_29_46,r_42_29_46,1,13,59,46,59
27,r_79_26_139,r_62_9_129,r_72_148_123,r_79_26_139,0.49,44,183,139,59
99,seq126,r_62_9_129,seq131,r_62_9_129,0.97,0,129,129,59
36,r_31_23_171,r_120_15_119,seq134,r_31_23_171,0.41,-82,89,171,59
36,r_31_23_171,r_72_148_123,r_112_11_3,r_31_23_171,0.99,0,171,171,59
24,r_116_75_183,seq95,r_72_148_123,r_116_75_183,0.89,-4,179,183,59
18,r_53_118_43,seq140,seq34,r_53_118_43,1,1,44,43,59
87,seq95,r_86_41_111,r_115_132_168,r_86_41_111,1,0,111,111,59
79,seq71,seq13,r_79_26_139,r_79_26_139,0.38,-43,96,139,59
25,r_123_8_180,r_7_3_118,r_139_119_28,r_139_119_28,0.75,6,34,28,59
36,r_31_23_171,r_80_38_14,r_120_15_119,r_31_23_171,0.54,-156,15,171,59
79,seq71,r_79_26_139,r_120_15_119,r_79_26_139,0.76,-14,125,139,59
27,r_79_26_139,r_88_20_41,seq13,r_88_20_41,0.98,-13,28,41,59
87,seq95,r_115_132_168,seq117,r_115_132_168,1,0,168,168,59
13,r_147_47_35,seq101,r_83_51_32,r_147_47_35,0.99,0,35,35,59
88,seq96,seq128,r_136_104_166,r_136_104_166,0.9,1,167,166,59
70,seq45,r_81_135_182,seq137,r_81_135_182,0.52,0,182,182,59
65,seq34,r_60_64_154,r_53_118_43,r_53_118_43,1,111,154,43,59
36,r_31_23_171,seq134,r_90_122_164,r_31_23_171,0.54,-68,103,171,59
11,r_139_119_28,seq56,r_123_8_180,r_139_119_28,0.95,0,28,28,59
38,r_90_122_164,seq24,seq71,r_90_122_164,0.91,1,165,164,59
77,seq68,r_136_104_166,r_19_17_4,r_136_104_166,0.89,-47,119,166,59
33,r_88_20_41,seq134,r_4_35_62,r_4_35_62,0.82,5,67,62,59
34,r_10_49_100,seq44,r_83_51_32,r_10_49_100,0.88,0,100,100,59
81,seq78,seq71,r_79_26_139,r_79_26_139,0.62,-38,101,139,59
17,r_81_135_182,seq45,r_100_107_87,r_81_135_182,0.44,0,182,182,59
25,r_123_8_180,r_139_119_28,seq56,r_139_119_28,0.23,156,184,28,59
9,r_115_132_168,seq95,seq91,r_115_132_168,0.54,0,168,168,59
96,seq111,r_67_30_114,seq142,r_67_30_114,1,-8,106,114,59
28,r_7_3_118,seq110,r_67_30_114,r_7_3_118,1,0,118,118,59
4,r_54_73_12,r_83_51_32,r_100_107_87,r_83_51_32,0.96,1,33,32,59
7,r_63_1_86,seq89,seq40,r_63_1_86,0.54,10,96,86,59
23,r_4_35_62,r_136_104_166,r_88_20_41,r_4_35_62,0.99,0,62,62,59
32,r_98_52_90,r_53_118_43,r_129_77_18,r_98_52_90,0.83,-73,17,90,59
35,r_67_30_114,seq111,r_7_3_118,r_67_30_114,0.99,2,116,114,59
12,r_136_104_166,seq68,seq96,r_136_104_166,0.88,0,166,166,59
84,seq89,r_63_1_86,r_37_144_76,r_37_144_76,1,12,88,76,59
30,r_12_73_133,r_107_94_160,r_90_66_66,r_90_66_66,0.81,67,133,66,60
36,r_8_134_139,seq44,seq122,r_8_134_139,0.93,0,139,139,60
32,r_14_144_6,seq117,seq91,r_14_144_6,0.44,48,54,6,60
69,seq39,r_31_103_111,r_56_59_198,r_31_103_111,0.97,-56,55,111,60
25,r_29_130_48,r_21_61_165,r_55_93_118,r_29_130_48,1,0,48,48,60
34,r_107_94_160,r_69_47_88,r_0_115_182,r_107_94_160,0.64,0,160,160,60
14,r_4_46_87,seq88,r_12_73_133,r_4_46_87,0.89,0,87,87,60
27,r_41_76_58,seq117,r_38_18_9,r_41_76_58,0.98,0,58,58,60
8,r_136_114_136,r_57_78_162,r_90_66_66,r_90_66_66,0.97,3,69,66,60
54,seq129,r_19_28_126,seq52,r_19_28_126,1,-21,105,126,60
59,seq15,seq120,r_34_108_102,r_34_108_102,0.88,0,102,102,60
21,r_69_47_88,seq128,r_9_22_31,r_9_22_31,0.99,12,43,31,60
74,seq45,r_24_85_26,seq30,r_24_85_26,1,0,26,26,60
19,r_90_66_66,r_136_114_136,r_12_73_133,r_90_66_66,1,70,136,66,60
18,r_7_110_55,seq95,r_101_48_29,r_7_110_55,1,1,56,55,60
55,seq137,seq112,r_7_110_55,r_7_110_55,1,12,67,55,60
16,r_149_121_193,r_99_106_155,seq32,r_99_106_155,0.98,0,155,155,60
39,r_143_97_168,seq126,r_31_103_111,r_143_97_168,0.3,2,170,168,60
42,r_102_148_127,r_33_119_178,r_56_59_198,r_102_148_127,0.89,0,127,127,60
31,r_38_18_9,r_24_85_26,seq30,r_24_85_26,0.94,0,26,26,60
88,seq88,seq26,r_57_78_162,r_57_78_162,0.65,-26,136,162,60
37,r_2_53_15,r_90_66_66,r_33_119_178,r_2_53_15,0.69,-1,14,15,60
31,r_38_18_9,seq30,r_41_76_58,r_41_76_58,0.99,0,58,58,60
45,r_104_113_120,r_99_106_155,r_79_98_5,r_104_113_120,0.97,0,120,120,60
19,r_90_66_66,r_77_118_96,r_136_114_136,r_90_66_66,1,0,66,66,60
95,seq112,seq137,r_7_110_55,r_7_110_55,1,50,105,55,60
11,r_147_132_14,r_116_123_199,r_79_98_5,r_147_132_14,0.99,1,15,14,60
97,seq120,seq15,r_31_103_111,r_31_103_111,0.63,1,112,111,60
3,r_25_3_135,seq37,seq91,r_25_3_135,0.64,1,136,135,60
10,r_146_13_153,seq42,r_31_103_111,r_146_13_153,0.83,0,153,153,60
0,r_92_105_28,r_41_76_58,seq16,r_92_105_28,1,2,30,28,60
26,r_55_93_118,r_34_108_102,r_29_130_48,r_55_93_118,0.95,-16,102,118,60
8,r_136_114_136,r_90_66_66,r_54_68_33,r_136_114_136,0.98,0,136,136,60
12,r_33_119_178,r_102_148_127,r_2_53_15,r_33_119_178,0.55,-154,24,178,60
73,seq44,r_8_134_139,r_83_11_109,r_83_11_109,0.76,30,139,109,60
5,r_82_10_11,r_55_93_118,seq139,r_82_10_11,0.63,0,11,11,60
13,r_19_28_126,seq129,r_54_68_33,r_19_28_126,0.99,0,126,126,60
17,r_54_68_33,seq81,r_8_134_139,r_54_68_33,0.99,0,33,33,60
12,r_33_119_178,r_2_53_15,seq15,r_2_53_15,0.41,163,178,15,60
1,r_17_124_54,seq32,seq37,r_17_124_54,1,0,54,54,60
6,r_56_59_198,r_86_87_185,r_102_148_127,r_102_148_127,1,58,185,127,60
22,r_77_118_96,r_54_68_33,r_41_76_58,r_77_118_96,1,0,96,96,60
20,r_9_22_31,seq67,r_36_125_105,r_36_125_105,0.95,4,109,105,60
99,seq126,r_143_97_168,r_54_68_33,r_54_68_33,1,135,168,33,60
34,r_107_94_160,r_0_115_182,seq5,r_0_115_182,0.88,-1,181,182,60
41,r_24_85_26,seq45,r_2_53_15,r_24_85_26,0.83,0,26,26,60
23,r_0_115_182,r_107_94_160,seq65,r_0_115_182,0.85,0,182,182,60
27,r_41_76_58,r_92_105_28,seq117,r_92_105_28,0.93,2,30,28,60
40,r_127_62_83,seq139,r_4_46_87,r_4_46_87,0.67,2,89,87,60
37,r_2_53_15,r_33_119_178,r_111_49_30,r_2_53_15,0.84,50,65,15,60
46,r_111_49_30,r_69_47_88,r_2_53_15,r_111_49_30,1,0,30,30,60
43,r_138_35_18,seq67,r_83_11_109,r_138_35_18,1,0,18,18,60
43,r_138_35_18,r_83_11_109,r_145_75_53,r_138_35_18,0.86,92,110,18,60
33,r_36_125_105,seq95,r_9_22_31,r_36_125_105,0.98,0,105,105,60
48,r_83_11_109,r_138_35_18,seq44,r_83_11_109,1,0,109,109,60
48,r_83_11_109,r_7_110_55,r_138_35_18,r_83_11_109,0.99,-84,25,109,60
4,r_79_98_5,r_101_48_29,r_147_132_14,r_79_98_5,0.81,15,20,5,60
64,seq27,r_69_47_88,seq141,r_69_47_88,1,-5,83,88,60
88,seq88,r_4_46_87,seq26,r_4_46_87,0.83,0,87,87,60
50,seq128,r_131_74_186,seq141,r_131_74_186,0.52,0,186,186,60
65,seq30,seq45,r_77_118_96,r_77_118_96,1,79,175,96,60
77,seq52,r_21_61_165,seq6,r_21_61_165,0.6,-26,139,165,60
34,r_107_94_160,r_12_73_133,r_69_47_88,r_69_47_88,0.9,45,133,88,60
35,r_101_48_29,seq137,r_7_110_55,r_7_110_55,1,14,69,55,60
20,r_9_22_31,r_69_47_88,seq67,r_69_47_88,0.99,0,88,88,60
17,r_54_68_33,r_143_97_168,r_19_28_126,r_19_28_126,0.89,3,129,126,60
14,r_4_46_87,r_12_73_133,r_69_47_88,r_12_73_133,0.94,-9,124,133,60
23,r_0_115_182,r_101_48_29,seq5,r_101_48_29,0.96,-9,20,29,60
60,seq16,r_57_78_162,r_92_105_28,r_92_105_28,0.98,135,163,28,60
97,seq120,r_9_22_31,seq15,r_9_22_31,0.83,0,31,31,60
94,seq100,r_145_75_53,seq1,r_145_75_53,1,1,54,53,60
24,r_145_75_53,seq100,r_138_35_18,r_145_75_53,1,1,54,53,60
38,r_70_80_49,seq63,seq141,r_70_80_49,1,0,49,49,60
22,r_77_118_96,r_90_66_66,r_54_68_33,r_77_118_96,0.63,-30,66,96,60
4,r_79_98_5,r_147_132_14,r_104_113_120,r_104_113_120,0.75,21,141,120,60
28,r_86_87_185,r_56_59_198,r_19_28_126,r_56_59_198,0.43,-13,185,198,60
20,r_9_22_31,seq120,r_69_47_88,r_9_22_31,0.8,0,31,31,60
35,r_101_48_29,r_0_115_182,seq137,r_101_48_29,0.88,-1,28,29,60
49,r_31_103_111,seq39,seq120,r_31_103_111,0.95,2,113,111,60
7,r_34_108_102,r_55_93_118,seq15,r_34_108_102,0.97,0,102,102,60
44,r_131_74_186,seq128,r_25_3_135,r_131_74_186,0.41,0,186,186,60
17,r_54_68_33,r_8_134_139,r_143_97_168,r_8_134_139,0.45,-42,97,139,60
21,r_69_47_88,r_9_22_31,seq50,r_69_47_88,1,0,88,88,60
79,seq60,r_146_13_153,r_142_109_177,r_146_13_153,0.55,-60,93,153,60
23,r_0_115_182,seq5,r_107_94_160,r_107_94_160,0.93,10,170,160,60
30,r_89_27_179,r_64_137_35,seq17,r_89_27_179,0.43,1,180,179,61
4,r_42_37_13,r_24_84_16,seq68,r_42_37_13,0.99,0,13,13,61
36,r_145_131_170,r_142_111_60,seq90,r_142_111_60,0.98,1,61,60,61
6,r_110_122_150,r_142_111_60,seq74,r_110_122_150,1,0,150,150,61
40,r_4_134_172,r_96_72_155,seq56,r_4_134_172,0.98,0,172,172,61
14,r_149_15_19,r_36_3_64,r_44_86_165,r_44_86_165,0.52,-103,62,165,61
43,r_117_94_173,seq68,r_145_131_170,r_145_131_170,0.7,4,174,170,61
54,seq10,r_107_87_45,r_142_111_60,r_142_111_60,1,8,68,60,61
3,r_142_111_60,r_7_104_177,r_20_13_176,r_142_111_60,0.8,119,179,60,61
11,r_54_116_178,seq143,seq121,r_54_116_178,0.95,0,178,178,61
10,r_78_60_86,seq31,r_103_118_128,r_103_118_128,1,13,141,128,61
12,r_114_2_49,seq90,r_52_70_36,r_114_2_49,0.97,0,49,49,61
20,r_49_83_76,r_133_16_46,seq80,r_49_83_76,0.97,0,76,76,61
77,seq56,seq121,r_4_134_172,r_4_134_172,0.68,8,180,172,61
5,r_99_139_85,r_34_8_159,seq105,r_99_139_85,1,0,85,85,61
42,r_39_127_182,seq0,seq136,r_39_127_182,0.53,-102,80,182,61
15,r_61_71_106,seq141,r_18_59_133,r_61_71_106,0.64,29,135,106,61
37,r_138_48_145,seq41,r_5_91_26,r_5_91_26,1,4,30,26,61
39,r_22_119_32,r_103_118_128,seq53,r_22_119_32,0.96,0,32,32,61
22,r_133_16_46,seq128,r_49_83_76,r_133_16_46,0.82,0,46,46,61
11,r_54_116_178,seq113,seq143,r_54_116_178,0.56,-47,131,178,61
23,r_29_33_51,r_107_87_45,seq73,r_29_33_51,1,0,51,51,61
27,r_96_72_155,r_5_91_26,r_4_134_172,r_96_72_155,0.65,0,155,155,61
29,r_24_84_16,r_38_35_55,r_44_86_165,r_38_35_55,0.93,-18,37,55,61
76,seq55,r_18_59_133,seq135,r_18_59_133,0.73,0,133,133,61
29,r_24_84_16,r_42_37_13,r_38_35_55,r_24_84_16,0.79,1,17,16,61
97,seq121,seq56,r_54_116_178,r_54_116_178,0.98,3,181,178,61
3,r_142_111_60,r_145_131_170,r_7_104_177,r_142_111_60,1,1,61,60,61
10,r_78_60_86,seq14,seq31,r_78_60_86,0.73,0,86,86,61
84,seq75,seq19,r_98_9_40,r_98_9_40,0.92,8,48,40,61
26,r_36_3_64,r_149_15_19,seq101,r_36_3_64,0.96,0,64,64,61
8,r_44_86_165,r_24_84_16,r_42_37_13,r_44_86_165,0.8,0,165,165,61
0,r_92_102_71,seq105,r_109_21_171,r_92_102_71,1,0,71,71,61
19,r_112_130_44,r_38_35_55,seq77,r_112_130_44,0.93,1,45,44,61
65,seq28,seq50,r_46_108_31,r_46_108_31,0.75,14,45,31,61
34,r_88_65_30,seq19,r_52_70_36,r_88_65_30,1,0,30,30,61
48,r_5_91_26,r_54_116_178,r_138_48_145,r_5_91_26,1,0,26,26,61
13,r_124_81_117,seq32,r_149_15_19,r_124_81_117,0.87,0,117,117,61
33,r_147_1_41,r_117_94_173,seq32,r_147_1_41,0.95,0,41,41,61
15,r_61_71_106,seq148,seq141,r_61_71_106,0.62,3,109,106,61
57,seq141,seq68,r_97_51_115,r_97_51_115,1,7,122,115,61
51,seq128,r_133_16_46,seq74,r_133_16_46,0.93,1,47,46,61
9,r_97_51_115,seq141,seq43,r_97_51_115,0.73,42,157,115,61
14,r_149_15_19,r_44_86_165,r_124_81_117,r_149_15_19,0.85,72,91,19,61
12,r_114_2_49,r_52_70_36,r_85_132_114,r_85_132_114,0.98,0,114,114,61
6,r_110_122_150,seq10,r_142_111_60,r_142_111_60,1,32,92,60,61
27,r_96_72_155,seq41,r_5_91_26,r_5_91_26,0.98,30,56,26,61
2,r_58_26_181,r_106_95_21,r_5_91_26,r_106_95_21,0.54,164,185,21,61
8,r_44_86_165,r_112_130_44,r_24_84_16,r_44_86_165,0.81,-121,44,165,61
13,r_124_81_117,r_149_15_19,r_34_8_159,r_34_8_159,0.98,5,164,159,61
0,r_92_102_71,r_109_21_171,seq66,r_92_102_71,0.66,81,152,71,61
46,r_107_87_45,r_29_33_51,seq17,r_29_33_51,0.93,-12,39,51,61
36,r_145_131_170,seq90,seq12,r_145_131_170,0.36,-7,163,170,61
31,r_79_100_20,r_88_65_30,seq77,r_79_100_20,0.59,0,20,20,61
52,seq129,r_89_27_179,r_114_2_49,r_114_2_49,1,1,50,49,61
21,r_98_9_40,r_117_94_173,seq75,r_98_9_40,0.99,0,40,40,61
41,r_52_70_36,seq73,r_88_65_30,r_52_70_36,1,0,36,36,61
24,r_38_35_55,r_44_86_165,seq17,r_38_35_55,0.98,0,55,55,61
68,seq32,r_124_81_117,r_147_1_41,r_147_1_41,0.97,0,41,41,61
61,seq146,seq28,r_46_108_31,r_46_108_31,0.99,28,59,31,61
47,r_85_132_114,seq0,r_114_2_49,r_85_132_114,0.96,0,114,114,61
40,r_4_134_172,r_103_118_128,r_96_72_155,r_103_118_128,0.42,1,129,128,61
45,r_109_21_171,r_92_102_71,r_42_37_13,r_109_21_171,0.51,0,171,171,61
25,r_18_59_133,seq55,r_61_71_106,r_18_59_133,0.9,0,133,133,61
20,r_49_83_76,r_89_27_179,r_133_16_46,r_133_16_46,0.83,4,50,46,61
2,r_58_26_181,r_29_33_51,r_106_95_21,r_58_26_181,1,-157,24,181,61
48,r_5_91_26,r_138_48_145,seq41,r_138_48_145,0.82,0,145,145,61
82,seq73,r_6_57_28,r_29_33_51,r_29_33_51,0.86,96,147,51,61
50,seq0,r_85_132_114,seq136,r_85_132_114,0.8,0,114,114,61
42,r_39_127_182,seq136,seq105,r_39_127_182,0.5,0,182,182,61
32,r_64_137_35,r_89_27_179,r_88_65_30,r_88_65_30,0.95,130,160,30,61
38,r_144_93_143,seq17,seq0,r_144_93_143,0.99,0,143,143,61
77,seq56,r_34_8_159,seq121,r_34_8_159,0.64,2,161,159,61
24,r_38_35_55,r_112_130_44,r_44_86_165,r_38_35_55,0.41,-11,44,55,61
86,seq77,seq74,r_79_100_20,r_79_100_20,1,26,46,20,61
45,r_109_21_171,seq66,r_92_102_71,r_92_102_71,0.98,0,71,71,61
11,r_54_116_178,r_5_91_26,seq113,r_5_91_26,0.64,-6,20,26,61
78,seq62,r_89_27_179,r_114_2_49,r_114_2_49,1,1,50,49,61
9,r_97_51_115,r_124_81_117,seq141,r_97_51_115,0.9,0,115,115,61
49,r_6_57_28,r_114_2_49,seq73,r_6_57_28,1,1,29,28,61
37,r_138_48_145,r_5_91_26,r_106_95_21,r_138_48_145,0.84,0,145,145,61
28,r_7_104_177,r_142_111_60,seq101,r_7_104_177,0.43,2,179,177,61
28,r_7_104_177,r_107_87_45,r_142_111_60,r_142_111_60,1,1,61,60,61
91,seq101,seq143,r_36_3_64,r_36_3_64,1,5,69,64,61
27,r_96_72_155,r_4_134_172,r_145_131_170,r_4_134_172,0.83,0,172,172,61
7,r_103_118_128,r_4_134_172,r_78_60_86,r_103_118_128,0.88,1,129,128,61
36,r_145_131_170,seq12,r_117_94_173,r_145_131_170,0.78,3,173,170,61
17,r_106_95_21,r_58_26_181,r_138_48_145,r_138_48_145,0.45,36,181,145,61
16,r_46_108_31,r_92_102_71,seq28,r_46_108_31,0.98,0,31,31,61
17,r_106_95_21,r_85_132_114,r_58_26_181,r_106_95_21,1,0,21,21,61
79,seq66,r_20_13_176,r_29_33_51,r_29_33_51,0.78,125,176,51,61
35,r_20_13_176,seq66,r_142_111_60,r_142_111_60,0.57,116,176,60,61
22,r_133_16_46,r_49_83_76,seq129,r_49_83_76,0.96,3,79,76,61
0,r_92_102_71,seq66,seq113,r_92_102_71,0.72,115,186,71,61
22,r_2_34_90,r_62_144_89,r_93_29_118,r_93_29_118,0.96,1,119,118,62
32,r_65_82_74,r_50_122_139,r_11_136_196,r_50_122_139,1,-6,133,139,62
58,seq139,r_143_110_29,r_99_83_113,r_99_83_113,1,1,114,113,62
43,r_5_6_173,seq27,r_135_3_51,r_5_6_173,0.46,0,173,173,62
42,r_117_74_26,seq79,seq39,r_117_74_26,0.98,0,26,26,62
54,seq7,seq68,r_126_14_96,r_126_14_96,0.99,0,96,96,62
71,seq38,r_115_51_194,r_102_92_146,r_115_51_194,0.79,-61,133,194,62
39,r_116_88_75,seq121,r_12_72_175,r_12_72_175,0.98,3,178,175,62
1,r_135_3_51,r_12_72_175,r_5_6_173,r_135_3_51,0.66,123,174,51,62
5,r_11_136_196,r_99_83_113,r_20_75_19,r_11_136_196,0.93,-84,112,196,62
28,r_37_118_150,r_49_86_68,seq101,r_49_86_68,1,-6,62,68,62
45,r_99_83_113,r_11_136_196,seq139,r_99_83_113,0.97,0,113,113,62
11,r_43_108_78,r_120_98_98,r_128_4_165,r_128_4_165,0.93,13,178,165,62
19,r_45_73_99,r_54_103_109,seq134,r_45_73_99,0.97,0,99,99,62
68,seq30,seq137,r_71_105_13,r_71_105_13,0.99,2,15,13,62
31,r_53_140_36,r_49_86_68,seq16,r_53_140_36,0.98,2,38,36,62
12,r_22_24_17,seq7,seq15,r_22_24_17,0.99,0,17,17,62
11,r_43_108_78,seq109,r_120_98_98,r_43_108_78,0.85,36,114,78,62
54,seq7,r_22_24_17,seq68,r_22_24_17,0.96,-2,15,17,62
3,r_52_149_82,seq57,seq30,r_52_149_82,0.99,0,82,82,62
90,seq101,r_49_86_68,r_37_118_150,r_49_86_68,1,2,70,68,62
17,r_47_18_12,r_120_98_98,seq119,r_47_18_12,0.74,0,12,12,62
26,r_9_84_179,seq0,r_12_72_175,r_9_84_179,0.16,2,181,179,62
14,r_12_72_175,r_135_3_51,r_116_88_75,r_12_72_175,0.55,0,175,175,62
4,r_93_29_118,seq147,r_2_34_90,r_93_29_118,1,0,118,118,62
78,seq57,r_52_149_82,r_125_90_37,r_52_149_82,1,0,82,82,62
0,r_128_4_165,seq58,r_43_108_78,r_43_108_78,0.56,87,165,78,62
83,seq68,seq7,r_64_32_38,r_64_32_38,1,0,38,38,62
20,r_95_13_151,seq44,seq60,r_95_13_151,0.66,4,155,151,62
48,r_114_85_176,seq16,r_135_3_51,r_114_85_176,0.64,0,176,176,62
49,r_20_75_19,r_11_136_196,seq123,r_11_136_196,0.7,-11,185,196,62
57,seq10,r_59_80_178,seq134,r_59_80_178,1,-13,165,178,62
10,r_62_144_89,seq141,seq119,r_62_144_89,0.64,-55,34,89,62
97,seq121,r_129_107_22,r_116_88_75,r_129_107_22,1,-1,21,22,62
99,seq124,seq130,r_43_108_78,r_43_108_78,1,2,80,78,62
52,seq133,seq30,r_52_149_82,r_52_149_82,0.99,68,150,82,62
28,r_37_118_150,r_71_105_13,r_49_86_68,r_37_118_150,0.57,-137,13,150,62
27,r_129_107_22,seq121,seq15,r_129_107_22,1,-1,21,22,62
30,r_143_110_29,r_5_6_173,seq139,r_143_110_29,1,0,29,29,62
1,r_135_3_51,r_46_36_53,r_12_72_175,r_135_3_51,1,0,51,51,62
98,seq123,r_11_136_196,r_20_75_19,r_11_136_196,0.34,-11,185,196,62
2,r_69_81_152,seq147,seq124,r_69_81_152,0.96,2,154,152,62
37,r_46_36_53,r_135_3_51,seq130,r_46_36_53,1,0,53,53,62
40,r_63_23_147,seq39,seq141,r_63_23_147,0.79,0,147,147,62
51,seq130,seq109,r_19_70_9,r_19_70_9,0.63,1,10,9,62
58,seq139,r_52_149_82,r_143_110_29,r_143_110_29,0.93,-1,28,29,62
18,r_49_86_68,seq101,seq31,r_49_86_68,1,1,69,68,62
29,r_112_97_159,seq60,r_43_108_78,r_112_97_159,0.77,0,159,159,62
25,r_125_90_37,seq57,r_91_127_102,r_91_127_102,0.9,0,102,102,62
33,r_131_148_164,seq40,seq130,r_131_148_164,0.79,0,164,164,62
47,r_91_127_102,r_12_72_175,r_125_90_37,r_91_127_102,0.95,0,102,102,62
47,r_91_127_102,r_76_67_31,r_12_72_175,r_76_67_31,0.96,0,31,31,62
50,seq0,r_9_84_179,r_132_1_199,r_9_84_179,0.41,-77,102,179,62
32,r_65_82_74,r_113_142_198,r_50_122_139,r_65_82_74,0.51,0,74,74,62
38,r_41_48_155,seq44,seq40,r_41_48_155,0.72,2,157,155,62
34,r_50_122_139,seq123,r_54_103_109,r_50_122_139,0.92,0,139,139,62
14,r_12_72_175,r_91_127_102,r_135_3_51,r_12_72_175,0.8,-124,51,175,62
46,r_64_32_38,seq15,seq68,r_64_32_38,1,0,38,38,62
86,seq79,r_116_88_75,r_132_1_199,r_116_88_75,0.56,5,80,75,62
28,r_37_118_150,seq101,seq60,r_37_118_150,0.72,3,153,150,62
94,seq109,seq130,r_43_108_78,r_43_108_78,1,3,81,78,62
9,r_126_14_96,seq21,seq7,r_126_14_96,1,0,96,96,62
90,seq101,r_37_118_150,r_50_122_139,r_50_122_139,0.53,8,147,139,62
86,seq79,r_117_74_26,r_116_88_75,r_117_74_26,0.93,2,28,26,62
22,r_2_34_90,seq0,r_62_144_89,r_2_34_90,0.93,0,90,90,62
49,r_20_75_19,r_76_67_31,r_11_136_196,r_20_75_19,1,0,19,19,62
91,seq145,r_120_98_98,seq57,r_120_98_98,0.97,0,98,98,62
7,r_120_98_98,seq145,r_43_108_78,r_120_98_98,1,0,98,98,62
44,r_54_103_109,r_45_73_99,seq38,r_45_73_99,1,0,99,99,62
94,seq109,r_43_108_78,r_46_36_53,r_43_108_78,0.66,97,175,78,62
8,r_71_105_13,r_37_118_150,seq30,r_71_105_13,1,0,13,13,62
21,r_42_67_5,r_114_95_54,seq54,r_114_95_54,1,0,54,54,63
45,r_101_2_43,r_70_75_136,seq103,r_101_2_43,1,0,43,43,63
36,r_145_31_188,seq48,r_78_81_59,r_78_81_59,0.5,129,188,59,63
9,r_16_130_108,seq102,r_14_92_175,r_16_130_108,0.53,71,179,108,63
95,seq120,seq109,r_138_147_38,r_138_147_38,1,3,41,38,63
92,seq111,r_51_73_93,seq82,r_51_73_93,0.99,0,93,93,63
25,r_70_75_136,r_101_2_43,r_99_146_6,r_101_2_43,0.95,0,43,43,63
43,r_17_68_142,seq5,r_42_67_5,r_17_68_142,0.91,0,142,142,63
40,r_25_34_72,r_32_128_154,r_84_91_130,r_32_128_154,0.71,34,188,154,63
54,seq136,r_143_0_181,r_114_95_54,r_114_95_54,1,106,160,54,63
37,r_79_8_172,seq5,r_118_26_15,r_79_8_172,0.62,0,172,172,63
97,seq124,r_134_56_182,r_49_29_40,r_134_56_182,0.51,-4,178,182,63
5,r_96_55_149,seq38,seq50,r_96_55_149,0.51,0,149,149,63
46,r_105_80_80,seq103,r_138_147_38,r_105_80_80,0.95,3,83,80,63
32,r_134_56_182,seq124,r_42_67_5,r_42_67_5,0.57,177,182,5,63
19,r_93_125_195,r_40_77_196,r_74_13_193,r_93_125_195,0.42,-77,118,195,63
39,r_104_65_41,seq111,r_32_128_154,r_32_128_154,1,1,155,154,63
31,r_46_30_113,seq144,seq48,r_46_30_113,1,-1,112,113,63
41,r_84_91_130,seq97,seq72,r_84_91_130,0.55,9,139,130,63
20,r_7_108_22,seq59,seq47,r_7_108_22,0.97,0,22,22,63
67,seq39,r_57_123_91,r_32_128_154,r_57_123_91,0.83,0,91,91,63
89,seq102,r_25_34_72,seq121,r_25_34_72,1,0,72,72,63
72,seq50,seq71,r_36_148_19,r_36_148_19,0.8,8,27,19,63
29,r_36_148_19,r_145_31_188,seq50,r_36_148_19,0.8,2,21,19,63
3,r_14_92_175,seq121,r_16_130_108,r_16_130_108,1,71,179,108,63
8,r_129_18_111,seq45,r_51_73_93,r_129_18_111,0.9,0,111,111,63
78,seq64,r_32_128_154,seq39,r_32_128_154,0.67,0,154,154,63
0,r_41_100_148,seq82,seq39,r_41_100_148,0.52,-1,147,148,63
63,seq24,r_16_130_108,r_49_29_40,r_16_130_108,0.97,-35,73,108,63
73,seq52,seq5,r_61_27_75,r_61_27_75,1,0,75,75,63
11,r_57_123_91,seq39,r_101_2_43,r_57_123_91,0.99,0,91,91,63
15,r_21_53_2,seq71,r_36_148_19,r_36_148_19,0.3,110,129,19,63
48,r_61_27_75,r_70_75_136,seq52,r_61_27_75,0.94,1,76,75,63
70,seq47,seq149,r_7_108_22,r_7_108_22,0.76,0,22,22,63
6,r_60_141_112,seq137,r_62_116_163,r_60_141_112,0.97,0,112,112,63
26,r_22_69_20,seq39,r_16_130_108,r_22_69_20,0.58,0,20,20,63
21,r_42_67_5,seq54,r_17_68_142,r_17_68_142,1,21,163,142,63
26,r_22_69_20,r_104_65_41,r_25_34_72,r_22_69_20,0.66,86,106,20,63
34,r_78_81_59,seq5,seq149,r_78_81_59,0.99,0,59,59,63
10,r_62_116_163,seq5,r_1_135_150,r_62_116_163,0.66,0,163,163,63
27,r_143_0_181,seq136,r_107_15_101,r_143_0_181,0.67,0,181,181,63
53,seq6,seq111,r_70_75_136,r_70_75_136,0.97,13,149,136,63
87,seq97,r_84_91_130,seq47,r_84_91_130,0.5,4,134,130,63
39,r_104_65_41,seq85,seq111,r_104_65_41,0.94,0,41,41,63
10,r_62_116_163,r_89_117_60,seq5,r_89_117_60,0.96,-1,59,60,63
47,r_119_110_138,seq45,seq144,r_119_110_138,0.99,0,138,138,63
4,r_19_83_47,seq127,seq85,r_19_83_47,1,0,47,47,63
40,r_25_34_72,seq102,r_44_35_14,r_25_34_72,0.94,0,72,72,63
6,r_60_141_112,r_62_116_163,r_107_15_101,r_60_141_112,0.53,47,159,112,63
18,r_122_37_77,seq137,seq38,r_122_37_77,1,2,79,77,63
59,seq131,r_49_29_40,r_32_128_154,r_32_128_154,0.86,5,159,154,63
35,r_99_146_6,r_70_75_136,r_89_117_60,r_99_146_6,0.93,126,132,6,63
33,r_4_66_97,r_134_56_182,seq33,r_4_66_97,0.96,0,97,97,63
48,r_61_27_75,seq52,r_107_15_101,r_107_15_101,1,56,157,101,63
26,r_22_69_20,r_25_34_72,r_49_29_40,r_22_69_20,0.62,106,126,20,63
70,seq47,r_7_108_22,r_138_147_38,r_138_147_38,0.81,127,165,38,63
64,seq28,r_88_106_179,r_14_92_175,r_88_106_179,0.39,2,181,179,63
82,seq82,seq111,r_32_128_154,r_32_128_154,0.98,23,177,154,63
42,r_44_35_14,seq9,seq45,r_44_35_14,0.87,0,14,14,63
58,seq144,r_46_30_113,seq86,r_46_30_113,1,1,114,113,63
71,seq48,r_145_31_188,r_10_133_185,r_10_133_185,0.86,-164,21,185,63
49,r_49_29_40,seq82,seq24,r_49_29_40,0.71,2,42,40,63
16,r_112_140_23,r_16_130_108,seq43,r_112_140_23,0.95,0,23,23,63
61,seq149,seq76,r_78_81_59,r_78_81_59,1,3,62,59,63
32,r_134_56_182,r_4_66_97,seq124,r_4_66_97,1,0,97,97,63
28,r_114_95_54,r_42_67_5,r_143_0_181,r_114_95_54,1,0,54,54,63
38,r_89_117_60,r_62_116_163,seq71,r_89_117_60,1,0,60,60,63
71,seq48,r_10_133_185,r_46_30_113,r_46_30_113,0.82,46,159,113,63
57,seq12,seq76,r_138_147_38,r_138_147_38,0.8,93,131,38,63
17,r_32_128_154,seq64,r_104_65_41,r_32_128_154,0.78,0,154,154,63
41,r_84_91_130,seq72,r_25_34_72,r_84_91_130,0.47,22,152,130,63
25,r_70_75_136,r_99_146_6,seq6,r_70_75_136,1,0,136,136,63
9,r_16_130_108,seq24,seq102,r_16_130_108,0.93,0,108,108,63
26,r_22_69_20,r_16_130_108,r_104_65_41,r_22_69_20,0.47,63,83,20,63
40,r_25_34_72,seq139,r_32_128_154,r_32_128_154,0.5,7,161,154,63
28,r_114_95_54,r_143_0_181,seq136,r_143_0_181,0.77,-64,117,181,63
72,seq50,r_36_148_19,r_96_55_149,r_96_55_149,0.59,4,153,149,63
2,r_51_73_93,r_11_90_140,r_129_18_111,r_51_73_93,0.74,19,112,93,63
7,r_107_15_101,seq144,r_61_27_75,r_107_15_101,0.92,0,101,101,63
44,r_11_90_140,seq9,seq76,r_11_90_140,0.82,0,140,140,63
23,r_1_135_150,seq139,seq38,r_1_135_150,0.77,0,150,150,63
68,seq43,r_58_142_1,r_112_140_23,r_112_140_23,1,10,33,23,63
14,r_138_147_38,r_122_37_77,seq120,r_138_147_38,0.96,0,38,38,63
12,r_88_106_179,seq28,r_107_15_101,r_107_15_101,0.56,78,179,101,63
30,r_99_12_147,seq17,r_32_7_62,r_99_12_147,0.51,0,147,147,64
51,seq134,r_109_14_74,r_38_69_122,r_109_14_74,0.99,0,74,74,64
40,r_92_96_55,seq25,seq81,r_92_96_55,0.92,3,58,55,64
36,r_16_118_111,r_133_47_39,r_109_14_74,r_109_14_74,0.89,42,116,74,64
49,r_10_41_183,r_72_36_193,seq136,r_72_36_193,0.56,-149,44,193,64
28,r_106_80_16,r_109_14_74,seq91,r_106_80_16,0.97,0,16,16,64
14,r_38_69_122,seq134,r_119_93_186,r_38_69_122,0.56,64,186,122,64
8,r_114_23_87,seq28,seq90,r_114_23_87,1,0,87,87,64
7,r_71_127_32,seq86,seq61,r_71_127_32,1,-1,31,32,64
1,r_39_85_50,r_8_137_128,r_120_125_179,r_39_85_50,1,0,50,50,64
43,r_13_4_116,seq53,seq25,r_13_4_116,0.7,-1,115,116,64
20,r_68_129_30,seq148,r_144_15_54,r_144_15_54,1,1,55,54,64
37,r_103_117_91,seq90,seq134,r_103_117_91,1,0,91,91,64
3,r_84_132_41,r_140_141_141,r_130_135_80,r_84_132_41,0.97,100,141,41,64
42,r_145_26_82,seq86,r_6_139_52,r_6_139_52,0.9,0,52,52,64
59,seq24,r_72_36_193,r_124_3_66,r_124_3_66,1,2,68,66,64
16,r_62_107_145,seq90,seq11,r_62_107_145,0.95,0,145,145,64
21,r_119_93_186,r_32_7_62,r_77_46_127,r_32_7_62,1,1,63,62,64
39,r_77_46_127,r_119_93_186,seq45,r_77_46_127,0.86,1,128,127,64
42,r_145_26_82,r_138_29_156,r_40_82_137,r_145_26_82,1,58,140,82,64
88,seq87,r_63_121_149,r_113_104_11,r_63_121_149,0.75,-68,81,149,64
32,r_138_29_156,r_145_26_82,seq90,r_138_29_156,0.97,0,156,156,64
19,r_8_137_128,r_40_82_137,seq95,r_8_137_128,0.91,0,128,128,64
15,r_133_47_39,r_16_118_111,r_109_14_74,r_133_47_39,0.94,81,120,39,64
95,seq105,seq55,r_20_131_68,r_20_131_68,0.99,18,86,68,64
76,seq57,seq89,r_2_52_83,r_2_52_83,1,1,84,83,64
3,r_84_132_41,seq19,r_140_141_141,r_84_132_41,0.96,2,43,41,64
17,r_66_64_20,r_140_141_141,seq74,r_66_64_20,0.95,0,20,20,64
97,seq111,seq17,r_146_123_92,r_146_123_92,0.85,44,136,92,64
31,r_130_135_80,r_114_23_87,r_84_132_41,r_130_135_80,1,1,81,80,64
41,r_27_94_139,seq55,r_39_85_50,r_27_94_139,0.81,0,139,139,64
67,seq44,seq65,r_37_42_112,r_37_42_112,1,26,138,112,64
42,r_145_26_82,r_6_139_52,r_138_29_156,r_145_26_82,0.96,1,83,82,64
10,r_102_70_129,r_146_123_92,r_32_7_62,r_32_7_62,0.64,30,92,62,64
21,r_119_93_186,r_124_3_66,r_38_69_122,r_124_3_66,0.72,120,186,66,64
90,seq90,seq89,r_56_149_47,r_56_149_47,1,35,82,47,64
26,r_73_78_155,r_21_142_169,r_92_96_55,r_92_96_55,0.63,100,155,55,64
27,r_6_139_52,r_114_23_87,r_145_26_82,r_6_139_52,0.95,0,52,52,64
4,r_63_121_149,seq55,r_20_131_68,r_20_131_68,1,-1,67,68,64
63,seq31,r_122_98_171,r_146_123_92,r_146_123_92,0.85,32,124,92,64
11,r_122_98_171,seq31,seq128,r_122_98_171,0.8,1,172,171,64
47,r_21_142_169,r_73_78_155,seq86,r_21_142_169,0.45,-14,155,169,64
48,r_34_88_120,seq59,r_13_4_116,r_34_88_120,0.99,1,121,120,64
27,r_6_139_52,r_73_78_155,seq86,r_73_78_155,0.78,-5,150,155,64
49,r_10_41_183,seq136,r_58_9_164,r_10_41_183,0.66,0,183,183,64
4,r_63_121_149,r_20_131_68,seq95,r_63_121_149,0.9,0,149,149,64
20,r_68_129_30,seq95,seq148,r_68_129_30,0.71,0,30,30,64
6,r_109_14_74,seq134,r_133_47_39,r_109_14_74,1,0,74,74,64
27,r_6_139_52,r_145_26_82,r_73_78_155,r_145_26_82,0.99,0,82,82,64
21,r_119_93_186,r_77_46_127,r_124_3_66,r_77_46_127,0.9,2,129,127,64
2,r_32_7_62,r_102_70_129,seq143,r_102_70_129,1,-4,125,129,64
87,seq86,r_73_78_155,r_21_142_169,r_73_78_155,0.3,0,155,155,64
36,r_16_118_111,r_109_14_74,r_21_142_169,r_21_142_169,0.45,11,180,169,64
25,r_112_0_37,r_63_121_149,seq51,r_112_0_37,0.99,1,38,37,64
87,seq86,r_37_42_112,r_73_78_155,r_37_42_112,1,-47,65,112,64
13,r_20_131_68,r_63_121_149,r_102_70_129,r_20_131_68,1,79,147,68,64
97,seq111,r_122_98_171,seq17,r_122_98_171,0.48,-117,54,171,64
2,r_32_7_62,r_119_93_186,r_102_70_129,r_32_7_62,1,0,62,62,64
47,r_21_142_169,r_37_42_112,r_73_78_155,r_37_42_112,0.94,1,113,112,64
15,r_133_47_39,r_122_98_171,r_16_118_111,r_133_47_39,0.98,0,39,39,64
50,seq128,r_113_104_11,r_122_98_171,r_122_98_171,0.42,5,176,171,64
18,r_124_3_66,seq54,seq100,r_124_3_66,1,0,66,66,64
29,r_140_141_141,seq33,r_27_94_139,r_27_94_139,0.44,2,141,139,64
92,seq95,r_8_137_128,r_63_121_149,r_63_121_149,0.96,22,171,149,64
33,r_58_9_164,seq45,seq28,r_58_9_164,0.66,0,164,164,64
64,seq33,r_140_141_141,r_84_132_41,r_84_132_41,0.96,100,141,41,64
50,seq128,r_8_137_128,r_113_104_11,r_8_137_128,0.96,-3,125,128,64
70,seq49,r_10_41_183,r_124_3_66,r_124_3_66,1,28,94,66,64
91,seq91,seq55,r_106_80_16,r_106_80_16,0.83,26,42,16,64
32,r_138_29_156,seq53,r_145_26_82,r_145_26_82,1,1,83,82,64
38,r_37_42_112,r_21_142_169,seq44,r_37_42_112,0.97,1,113,112,64
52,seq136,r_10_41_183,seq18,r_10_41_183,0.88,0,183,183,64
10,r_102_70_129,r_32_7_62,seq55,r_102_70_129,0.99,0,129,129,64
87,seq86,r_21_142_169,r_6_139_52,r_21_142_169,0.85,2,171,169,64
98,seq115,seq75,r_116_79_31,r_116_79_31,1,2,33,31,64
75,seq55,seq91,r_102_70_129,r_102_70_129,0.97,13,142,129,64
0,r_56_149_47,r_20_131_68,seq90,r_56_149_47,1,0,47,47,64
34,r_113_104_11,seq55,seq143,r_113_104_11,0.98,0,11,11,64
81,seq67,seq53,r_145_26_82,r_145_26_82,1,6,88,82,64
43,r_13_4_116,seq25,r_34_88_120,r_34_88_120,0.64,21,141,120,64
94,seq100,seq24,r_124_3_66,r_124_3_66,1,9,75,66,64
9,r_101_5_166,r_122_98_171,r_124_3_66,r_124_3_66,0.54,94,160,66,64
46,r_144_15_54,r_10_41_183,r_68_129_30,r_144_15_54,0.89,0,54,54,64
13,r_20_131_68,r_56_149_47,seq51,r_20_131_68,0.79,-21,47,68,64
22,r_116_79_31,r_92_96_55,seq115,r_116_79_31,0.97,-2,29,31,64
12,r_146_123_92,r_102_70_129,seq31,r_146_123_92,0.97,0,92,92,64
40,r_25_42_62,seq102,r_1_140_183,r_25_42_62,0.46,121,183,62,65
44,r_124_54_66,r_101_104_163,r_113_92_76,r_124_54_66,0.54,97,163,66,65
14,r_61_90_152,seq120,r_67_93_26,r_67_93_26,0.94,41,67,26,65
8,r_56_111_70,seq102,r_39_13_16,r_56_111_70,0.9,3,73,70,65
43,r_32_86_120,seq9,seq53,r_32_86_120,0.99,0,120,120,65
5,r_96_132_12,r_51_91_168,seq18,r_96_132_12,0.78,0,12,12,65
30,r_21_112_18,seq59,seq78,r_21_112_18,0.94,0,18,18,65
68,seq40,seq120,r_137_133_35,r_137_133_35,0.82,15,50,35,65
54,seq9,r_32_86_120,seq43,r_32_86_120,1,0,120,120,65
83,seq79,r_5_122_184,r_49_60_108,r_49_60_108,1,76,184,108,65
37,r_49_60_108,seq89,r_99_19_193,r_49_60_108,0.98,0,108,108,65
16,r_1_140_183,seq70,r_25_42_62,r_1_140_183,0.74,1,184,183,65
21,r_80_115_196,seq65,r_38_48_58,r_38_48_58,0.6,3,61,58,65
1,r_126_2_113,seq65,r_51_91_168,r_126_2_113,0.63,0,113,113,65
28,r_35_136_49,seq44,r_46_27_99,r_35_136_49,0.98,2,51,49,65
46,r_97_17_141,seq20,r_16_50_38,r_16_50_38,0.85,-21,17,38,65
88,seq100,seq31,r_55_8_61,r_55_8_61,0.45,77,138,61,65
92,seq107,r_71_123_27,seq121,r_71_123_27,0.95,-7,20,27,65
69,seq41,r_68_87_106,seq58,r_68_87_106,0.96,0,106,106,65
89,seq102,r_81_110_10,r_25_42_62,r_25_42_62,0.97,70,132,62,65
34,r_71_123_27,seq107,r_64_7_186,r_71_123_27,1,-1,26,27,65
76,seq65,r_88_72_131,seq33,r_88_72_131,0.99,0,131,131,65
38,r_64_7_186,r_71_123_27,r_1_140_183,r_64_7_186,0.52,0,186,186,65
39,r_137_133_35,seq40,r_129_130_98,r_129_130_98,1,0,98,98,65
28,r_35_136_49,r_46_27_99,r_108_11_86,r_35_136_49,0.98,38,87,49,65
45,r_67_93_26,r_101_104_163,r_61_90_152,r_67_93_26,0.97,0,26,26,65
3,r_108_11_86,r_64_7_186,r_35_136_49,r_108_11_86,0.99,0,86,86,65
10,r_113_92_76,r_32_86_120,r_124_54_66,r_113_92_76,1,0,76,76,65
89,seq102,r_124_54_66,r_81_110_10,r_81_110_10,0.66,9,19,10,65
62,seq20,r_1_140_183,r_16_50_38,r_16_50_38,0.85,19,57,38,65
42,r_51_91_168,r_126_2_113,r_38_48_58,r_51_91_168,0.95,0,168,168,65
4,r_22_109_45,seq138,seq3,r_22_109_45,0.51,40,85,45,65
72,seq53,r_118_6_147,seq14,r_118_6_147,0.88,0,147,147,65
47,r_143_134_15,r_131_29_50,seq76,r_143_134_15,0.97,0,15,15,65
14,r_61_90_152,r_67_93_26,r_71_123_27,r_61_90_152,0.93,0,152,152,65
78,seq70,r_1_140_183,r_16_50_38,r_16_50_38,0.57,146,184,38,65
0,r_101_104_163,seq62,seq119,r_101_104_163,0.45,0,163,163,65
63,seq148,r_0_105_92,r_45_141_177,r_0_105_92,1,0,92,92,65
56,seq139,seq3,r_83_57_39,r_83_57_39,1,3,42,39,65
11,r_118_6_147,seq53,seq98,r_118_6_147,0.94,0,147,147,65
29,r_39_13_16,r_34_63_91,r_56_111_70,r_39_13_16,0.9,54,70,16,65
13,r_34_63_91,seq119,seq89,r_34_63_91,0.92,0,91,91,65
98,seq121,seq107,r_46_27_99,r_46_27_99,1,0,99,99,65
27,r_77_10_84,seq9,seq58,r_77_10_84,1,0,84,84,65
46,r_97_17_141,r_16_50_38,seq117,r_97_17_141,0.63,0,141,141,65
15,r_5_122_184,seq79,r_0_105_92,r_0_105_92,0.54,93,185,92,65
48,r_68_87_106,seq41,r_71_123_27,r_68_87_106,0.92,0,106,106,65
26,r_127_84_30,r_0_105_92,seq144,r_127_84_30,0.97,1,31,30,65
12,r_28_23_135,seq9,r_126_2_113,r_28_23_135,0.96,0,135,135,65
5,r_96_132_12,r_124_54_66,r_113_92_76,r_96_132_12,0.52,136,148,12,65
6,r_45_141_177,seq148,r_46_27_99,r_46_27_99,1,82,181,99,65
99,seq125,r_124_54_66,seq85,r_124_54_66,1,0,66,66,65
5,r_96_132_12,seq18,r_124_54_66,r_124_54_66,0.78,9,75,66,65
71,seq44,r_35_136_49,seq53,r_35_136_49,1,2,51,49,65
42,r_51_91_168,r_96_132_12,seq37,r_96_132_12,0.81,1,13,12,65
24,r_16_50_38,seq66,seq20,r_16_50_38,0.98,0,38,38,65
29,r_39_13_16,r_5_122_184,r_34_63_91,r_39_13_16,0.97,6,22,16,65
39,r_137_133_35,seq117,seq40,r_137_133_35,1,0,35,35,65
79,seq73,r_67_93_26,r_118_6_147,r_67_93_26,0.21,137,163,26,65
2,r_15_149_124,seq9,seq116,r_15_149_124,0.98,0,124,124,65
40,r_25_42_62,seq36,seq102,r_25_42_62,0.94,2,64,62,65
58,seq144,r_127_84_30,r_131_29_50,r_131_29_50,1,2,52,50,65
34,r_71_123_27,r_64_7_186,r_61_90_152,r_71_123_27,0.64,130,157,27,65
25,r_46_27_99,seq36,seq121,r_46_27_99,1,0,99,99,65
20,r_131_29_50,seq75,seq144,r_131_29_50,1,0,50,50,65
38,r_64_7_186,r_108_11_86,r_71_123_27,r_64_7_186,0.97,-150,36,186,65
33,r_52_146_115,seq119,seq75,r_52_146_115,0.99,0,115,115,65
64,seq31,r_30_69_191,r_55_8_61,r_55_8_61,0.99,99,160,61,65
88,seq100,r_46_27_99,seq31,r_46_27_99,0.36,-27,72,99,65
65,seq33,r_126_2_113,seq65,r_126_2_113,1,-11,102,113,65
1,r_126_2_113,r_51_91_168,r_28_23_135,r_126_2_113,0.65,28,141,113,65
42,r_51_91_168,seq37,r_126_2_113,r_51_91_168,0.49,-55,113,168,65
52,seq4,r_24_94_128,seq135,r_24_94_128,1,0,128,128,65
45,r_67_93_26,seq40,seq37,r_67_93_26,0.6,151,177,26,65
45,r_67_93_26,r_61_90_152,seq40,r_61_90_152,0.73,-9,143,152,65
31,r_38_48_58,r_1_140_183,seq66,r_38_48_58,1,0,58,58,65
77,seq66,r_16_50_38,r_88_72_131,r_16_50_38,0.52,1,39,38,65
17,r_129_130_98,r_5_122_184,r_137_133_35,r_129_130_98,0.99,0,98,98,65
21,r_80_115_196,r_38_48_58,seq33,r_80_115_196,0.53,-91,105,196,65
94,seq116,seq58,r_15_149_124,r_15_149_124,1,27,151,124,65
84,seq85,r_124_54_66,r_81_110_10,r_81_110_10,0.65,3,13,10,65
9,r_0_105_92,seq148,seq9,r_0_105_92,1,0,92,92,65
63,seq148,r_45_141_177,seq89,r_45_141_177,0.47,10,187,177,65
37,r_49_60_108,r_99_19_193,seq79,r_99_19_193,0.68,-24,169,193,65
96,seq119,r_56_111_70,r_101_104_163,r_101_104_163,0.75,0,163,163,65
80,seq75,r_131_29_50,r_142_47_9,r_131_29_50,0.83,0,50,50,65
4,r_22_109_45,r_25_42_62,seq138,r_22_109_45,1,0,45,45,65
7,r_24_94_128,seq4,r_15_149_124,r_24_94_128,0.83,0,128,128,65
44,r_124_54_66,seq125,r_101_104_163,r_124_54_66,1,0,66,66,65
23,r_55_8_61,seq20,r_35_136_49,r_55_8_61,1,1,62,61,65
12,r_28_23_135,r_77_10_84,seq9,r_77_10_84,0.9,-32,52,84,65
79,seq73,seq98,r_67_93_26,r_67_93_26,0.58,38,64,26,65
35,r_88_72_131,seq65,seq70,r_88_72_131,0.86,0,131,131,65
74,seq59,r_21_112_18,seq20,r_21_112_18,0.78,-1,17,18,65
23,r_55_8_61,r_35_136_49,seq128,r_55_8_61,0.54,98,159,61,65
30,r_140_15_149,r_40_128_121,r_64_131_152,r_40_128_121,0.34,0,121,121,66
27,r_33_103_146,r_61_97_70,r_57_44_153,r_57_44_153,0.65,3,156,153,66
92,seq115,r_28_71_180,seq114,r_28_71_180,0.75,1,181,180,66
14,r_113_92_181,seq126,r_132_81_39,r_132_81_39,0.72,143,182,39,66
8,r_105_13_77,r_140_15_149,r_91_38_9,r_105_13_77,0.99,2,79,77,66
11,r_55_4_124,r_91_38_9,seq68,r_91_38_9,0.52,20,29,9,66
43,r_80_22_139,seq107,r_82_30_17,r_80_22_139,0.85,0,139,139,66
37,r_102_53_108,seq6,seq133,r_102_53_108,0.99,0,108,108,66
16,r_57_44_153,r_59_2_170,r_33_103_146,r_57_44_153,0.73,-1,152,153,66
21,r_82_30_17,r_96_10_127,r_93_108_24,r_82_30_17,0.49,62,79,17,66
39,r_146_74_151,seq125,r_113_92_181,r_146_74_151,0.63,1,152,151,66
1,r_34_43_71,seq127,seq125,r_34_43_71,1,0,71,71,66
97,seq125,r_26_147_142,r_34_43_71,r_34_43_71,0.78,71,142,71,66
5,r_0_134_98,seq88,seq50,r_0_134_98,0.62,2,100,98,66
46,r_40_128_121,r_140_15_149,seq45,r_40_128_121,0.65,1,122,121,66
69,seq51,r_130_110_63,seq125,r_130_110_63,1,1,64,63,66
19,r_77_47_140,seq21,r_93_108_24,r_77_47_140,0.84,0,140,140,66
15,r_32_17_45,r_91_38_9,r_52_5_99,r_52_5_99,0.86,2,101,99,66
11,r_55_4_124,r_61_97_70,seq21,r_55_4_124,0.68,-21,103,124,66
44,r_93_108_24,r_102_53_108,r_82_30_17,r_93_108_24,0.73,32,56,24,66
31,r_73_117_86,r_33_103_146,seq84,r_73_117_86,1,0,86,86,66
41,r_62_14_132,r_119_144_88,seq12,r_119_144_88,1,1,89,88,66
3,r_130_110_63,seq51,seq25,r_130_110_63,0.92,0,63,63,66
26,r_123_95_78,seq27,seq9,r_123_95_78,0.93,0,78,78,66
4,r_63_124_87,r_42_109_184,r_79_49_32,r_63_124_87,1,0,87,87,66
9,r_132_81_39,seq25,r_85_29_15,r_132_81_39,0.99,0,39,39,66
0,r_136_139_169,seq126,seq51,r_136_139_169,0.89,0,169,169,66
15,r_32_17_45,r_36_145_131,r_91_38_9,r_32_17_45,0.8,-5,40,45,66
48,r_28_71_180,seq115,r_140_15_149,r_28_71_180,0.51,1,181,180,66
6,r_18_54_120,seq114,seq142,r_18_54_120,0.74,3,123,120,66
21,r_82_30_17,r_93_108_24,r_80_22_139,r_80_22_139,0.89,0,139,139,66
99,seq127,r_34_43_71,seq9,r_34_43_71,1,0,71,71,66
41,r_62_14_132,seq12,r_112_86_90,r_62_14_132,1,0,132,132,66
45,r_91_38_9,r_73_117_86,seq89,r_73_117_86,0.93,-41,45,86,66
79,seq84,r_56_106_185,r_3_87_34,r_3_87_34,1,10,44,34,66
27,r_33_103_146,seq148,r_61_97_70,r_61_97_70,0.71,76,146,70,66
22,r_56_106_185,r_39_60_72,r_7_143_38,r_56_106_185,0.51,0,185,185,66
69,seq51,seq125,r_136_139_169,r_136_139_169,0.97,1,170,169,66
47,r_41_118_109,seq11,seq20,r_41_118_109,0.85,0,109,109,66
24,r_85_29_15,r_39_60_72,seq88,r_85_29_15,0.93,2,17,15,66
96,seq122,r_75_23_195,r_135_69_42,r_135_69_42,1,5,47,42,66
18,r_119_144_88,r_62_14_132,seq20,r_119_144_88,1,1,89,88,66
29,r_42_109_184,r_63_124_87,seq98,r_63_124_87,1,0,87,87,66
11,r_55_4_124,seq68,r_61_97_70,r_61_97_70,0.6,3,73,70,66
25,r_39_60_72,seq126,r_56_106_185,r_39_60_72,1,0,72,72,66
80,seq88,seq104,r_85_29_15,r_85_29_15,1,5,20,15,66
11,r_55_4_124,seq21,r_140_15_149,r_140_15_149,0.81,2,151,149,66
42,r_7_143_38,r_130_110_63,seq98,r_7_143_38,0.92,0,38,38,66
30,r_140_15_149,r_64_131_152,r_55_4_124,r_140_15_149,0.91,1,150,149,66
12,r_79_49_32,seq68,seq107,r_79_49_32,0.98,0,32,32,66
44,r_93_108_24,r_57_44_153,r_102_53_108,r_93_108_24,0.65,1,25,24,66
70,seq137,seq107,r_96_10_127,r_96_10_127,1,9,136,127,66
61,seq21,r_77_47_140,seq142,r_77_47_140,0.92,2,142,140,66
32,r_59_2_170,r_57_44_153,r_102_53_108,r_59_2_170,0.54,-18,152,170,66
52,seq6,r_102_53_108,seq78,r_102_53_108,1,0,108,108,66
36,r_135_69_42,seq141,seq122,r_135_69_42,1,0,42,42,66
34,r_112_86_90,seq107,seq121,r_112_86_90,0.95,-16,74,90,66
60,seq20,seq70,r_119_144_88,r_119_144_88,0.99,0,88,88,66
49,r_64_131_152,r_140_15_149,r_26_147_142,r_140_15_149,0.95,3,152,149,66
17,r_36_145_131,seq138,r_93_108_24,r_36_145_131,0.93,0,131,131,66
25,r_39_60_72,r_56_106_185,r_3_87_34,r_56_106_185,0.63,0,185,185,66
29,r_42_109_184,seq98,seq99,r_42_109_184,0.8,0,184,184,66
22,r_56_106_185,seq84,r_39_60_72,r_39_60_72,1,6,78,72,66
2,r_3_87_34,r_80_22_139,seq84,r_3_87_34,1,0,34,34,66
28,r_61_97_70,r_102_53_108,seq12,r_61_97_70,1,0,70,70,66
49,r_64_131_152,r_40_128_121,r_140_15_149,r_40_128_121,0.51,-3,118,121,66
7,r_26_147_142,seq125,r_64_131_152,r_26_147_142,0.85,0,142,142,66
23,r_52_5_99,seq12,r_32_17_45,r_52_5_99,0.97,-7,92,99,66
20,r_149_16_56,seq142,seq27,r_149_16_56,0.76,2,58,56,66
44,r_93_108_24,r_82_30_17,r_36_145_131,r_36_145_131,0.84,1,132,131,66
35,r_96_10_127,seq9,seq137,r_96_10_127,0.99,0,127,127,66
40,r_149_40_140,r_90_9_38,r_54_22_85,r_149_40_140,0.99,2,142,140,67
30,r_44_93_86,seq71,r_32_117_79,r_44_93_86,1,1,87,86,67
9,r_103_8_103,r_69_68_172,seq58,r_69_68_172,1,0,172,172,67
47,r_39_148_76,r_28_138_100,r_107_55_151,r_39_148_76,0.75,82,158,76,67
14,r_12_139_149,seq104,r_135_24_56,r_12_139_149,0.97,0,149,149,67
8,r_0_86_138,r_32_117_79,r_98_106_173,r_32_117_79,0.93,5,84,79,67
43,r_141_147_89,seq30,seq73,r_141_147_89,0.95,1,90,89,67
37,r_63_47_98,r_12_139_149,seq30,r_63_47_98,0.88,0,98,98,67
59,seq145,r_115_72_175,r_32_117_79,r_32_117_79,1,96,175,79,67
21,r_54_22_85,seq38,seq128,r_54_22_85,0.64,1,86,85,67
39,r_116_97_102,r_126_17_133,seq10,r_116_97_102,1,1,103,102,67
1,r_36_66_95,r_70_16_122,seq127,r_36_66_95,0.95,1,96,95,67
97,seq124,r_107_55_151,r_135_24_56,r_135_24_56,0.68,95,151,56,67
46,r_5_14_82,r_95_7_68,r_11_41_28,r_5_14_82,0.91,0,82,82,67
47,r_39_148_76,r_126_17_133,r_28_138_100,r_39_148_76,0.86,51,127,76,67
31,r_135_24_56,seq120,r_107_55_151,r_135_24_56,1,0,56,56,67
36,r_70_16_122,seq45,r_36_66_95,r_70_16_122,0.46,-94,28,122,67
19,r_62_140_73,r_19_110_96,seq45,r_62_140_73,0.99,0,73,73,67
77,seq73,r_37_48_53,r_69_68_172,r_69_68_172,0.71,0,172,172,67
95,seq122,r_19_110_96,seq75,r_19_110_96,0.98,0,96,96,67
69,seq50,seq99,r_74_131_8,r_74_131_8,0.74,5,13,8,67
47,r_39_148_76,r_20_29_39,seq87,r_20_29_39,1,2,41,39,67
76,seq71,r_27_96_184,seq118,r_27_96_184,0.64,0,184,184,67
45,r_11_41_28,seq30,seq1,r_11_41_28,0.78,1,29,28,67
41,r_105_43_130,seq114,seq6,r_105_43_130,0.98,-6,124,130,67
3,r_28_138_100,seq59,seq2,r_28_138_100,1,0,100,100,67
40,r_149_40_140,r_52_23_91,r_90_9_38,r_149_40_140,0.94,-95,45,140,67
26,r_56_26_111,seq10,seq108,r_56_26_111,0.91,0,111,111,67
28,r_82_42_139,r_92_94_163,r_36_66_95,r_92_94_163,0.65,0,163,163,67
8,r_0_86_138,r_98_106_173,r_27_96_184,r_0_86_138,0.91,3,141,138,67
72,seq58,r_69_68_172,r_103_8_103,r_103_8_103,0.99,69,172,103,67
23,r_51_112_75,r_54_22_85,r_21_137_42,r_51_112_75,0.61,-33,42,75,67
4,r_61_60_157,seq77,r_62_140_73,r_61_60_157,0.94,0,157,157,67
78,seq75,r_19_110_96,seq122,r_19_110_96,1,0,96,96,67
0,r_35_25_136,r_83_129_65,seq122,r_35_25_136,0.66,0,136,136,67
73,seq59,r_28_138_100,seq108,r_28_138_100,1,0,100,100,67
11,r_126_17_133,r_116_97_102,r_39_148_76,r_126_17_133,0.88,-46,87,133,67
20,r_69_68_172,seq58,r_103_8_103,r_103_8_103,1,20,123,103,67
13,r_52_23_91,seq4,seq128,r_52_23_91,0.92,0,91,91,67
15,r_111_102_174,r_27_96_184,seq79,r_111_102_174,0.58,0,174,174,67
2,r_20_29_39,r_39_148_76,r_83_129_65,r_20_29_39,0.98,2,41,39,67
49,r_92_94_163,r_5_14_82,seq127,r_5_14_82,0.97,-24,58,82,67
96,seq123,seq64,r_18_85_41,r_18_85_41,0.99,0,41,41,67
57,seq142,seq120,r_51_112_75,r_51_112_75,1,0,75,75,67
6,r_113_78_144,seq58,r_62_140_73,r_113_78_144,0.56,2,146,144,67
21,r_54_22_85,seq128,r_149_40_140,r_149_40_140,1,13,153,140,67
85,seq99,seq50,r_136_146_146,r_136_146_146,0.92,1,147,146,67
2,r_20_29_39,r_83_129_65,r_27_96_184,r_20_29_39,0.91,63,102,39,67
36,r_70_16_122,r_36_66_95,r_90_9_38,r_36_66_95,0.56,0,95,95,67
10,r_13_76_30,r_69_68_172,seq59,r_69_68_172,0.85,-4,168,172,67
17,r_37_48_53,seq71,seq38,r_37_48_53,1,0,53,53,67
29,r_19_110_96,seq75,seq109,r_19_110_96,0.94,0,96,96,67
49,r_92_94_163,r_82_42_139,r_141_147_89,r_92_94_163,0.69,1,164,163,67
42,r_21_137_42,seq114,r_51_112_75,r_21_137_42,0.98,0,42,42,67
64,seq134,seq109,r_98_106_173,r_98_106_173,0.81,-1,172,173,67
29,r_19_110_96,r_62_140_73,seq75,r_62_140_73,1,0,73,73,67
24,r_83_129_65,r_20_29_39,r_35_25_136,r_83_129_65,0.99,1,66,65,67
34,r_107_55_151,r_135_24_56,r_39_148_76,r_107_55_151,1,0,151,151,67
25,r_32_117_79,r_0_86_138,r_44_93_86,r_32_117_79,1,4,83,79,67
84,seq91,r_116_97_102,r_39_148_76,r_39_148_76,0.53,13,89,76,67
43,r_141_147_89,seq73,r_92_94_163,r_92_94_163,0.85,2,165,163,67
70,seq53,seq79,r_115_72_175,r_115_72_175,0.73,3,178,175,67
10,r_13_76_30,seq31,r_69_68_172,r_13_76_30,0.99,2,32,30,67
32,r_136_146_146,seq100,seq99,r_136_146_146,0.89,0,146,146,67
38,r_133_89_81,r_54_22_85,seq142,r_133_89_81,0.93,0,81,81,67
47,r_39_148_76,seq87,r_126_17_133,r_39_148_76,1,0,76,76,67
33,r_18_85_41,r_90_9_38,seq123,r_18_85_41,0.99,3,44,41,67
18,r_90_9_38,r_18_85_41,r_149_40_140,r_90_9_38,1,0,38,38,67
34,r_107_55_151,seq124,r_135_24_56,r_135_24_56,1,31,87,56,67
20,r_69_68_172,r_103_8_103,seq73,r_69_68_172,1,0,172,172,67
23,r_51_112_75,r_21_137_42,seq142,r_51_112_75,1,0,75,75,67
46,r_5_14_82,r_11_41_28,r_15_3_63,r_11_41_28,0.55,78,106,28,67
9,r_103_8_103,seq118,r_69_68_172,r_69_68_172,0.89,-70,102,172,67
31,r_135_24_56,r_107_55_151,r_12_139_149,r_135_24_56,0.96,95,151,56,67
28,r_82_42_139,r_107_55_151,r_92_94_163,r_82_42_139,0.8,0,139,139,67
42,r_21_137_42,r_51_112_75,r_80_132_5,r_21_137_42,0.8,38,80,42,67
56,seq130,r_107_55_151,r_135_24_56,r_135_24_56,0.91,84,140,56,67
18,r_90_9_38,r_149_40_140,seq4,r_149_40_140,1,0,140,140,67
44,r_15_3_63,r_95_7_68,seq30,r_15_3_63,1,0,63,63,67
11,r_126_17_133,r_39_148_76,r_19_110_96,r_126_17_133,1,0,133,133,67
49,r_92_94_163,seq127,r_82_42_139,r_82_42_139,0.78,1,140,139,67
79,seq77,r_61_60_157,seq144,r_61_60_157,0.96,0,157,157,67
35,r_95_7_68,r_5_14_82,seq114,r_95_7_68,1,0,68,68,67
12,r_81_67_148,seq134,seq104,r_81_67_148,0.9,0,148,148,67
95,seq122,seq75,r_35_25_136,r_35_25_136,0.98,34,170,136,67
61,seq31,r_13_76_30,seq64,r_13_76_30,1,0,30,30,67
51,seq133,r_10_84_140,r_1_75_36,r_1_75_36,0.7,104,140,36,68
25,r_109_103_18,seq25,r_4_3_122,r_109_103_18,0.57,27,45,18,68
36,r_100_47_158,r_118_51_107,r_147_111_185,r_100_47_158,0.67,-45,113,158,68
14,r_76_127_139,seq23,r_2_79_80,r_76_127_139,1,0,139,139,68
16,r_125_68_10,seq32,seq21,r_125_68_10,0.99,0,10,10,68
58,seq21,r_125_68_10,r_140_123_112,r_140_123_112,1,43,155,112,68
83,seq78,seq136,r_2_79_80,r_2_79_80,1,1,81,80,68
81,seq72,seq21,r_121_85_35,r_121_85_35,0.47,118,153,35,68
37,r_17_55_12,seq78,r_57_59_117,r_57_59_117,1,7,124,117,68
3,r_148_62_150,r_97_120_40,seq134,r_148_62_150,0.99,0,150,150,68
32,r_2_79_80,r_135_77_121,r_5_13_148,r_2_79_80,0.54,-35,45,80,68
21,r_95_132_128,seq80,seq71,r_95_132_128,0.86,0,128,128,68
39,r_107_104_5,r_82_37_143,seq19,r_82_37_143,0.83,-5,138,143,68
97,seq117,seq70,r_11_44_87,r_11_44_87,0.89,6,93,87,68
5,r_118_51_107,r_100_47_158,r_73_91_182,r_118_51_107,0.55,-1,106,107,68
46,r_53_96_86,seq105,seq108,r_53_96_86,1,0,86,86,68
42,r_82_37_143,r_88_15_84,r_141_66_197,r_88_15_84,0.91,-9,75,84,68
45,r_83_138_113,seq8,seq119,r_83_138_113,1,1,114,113,68
12,r_121_85_35,r_1_75_36,seq92,r_121_85_35,1,0,35,35,68
31,r_124_93_174,r_43_64_52,r_131_27_191,r_43_64_52,1,0,52,52,68
57,seq19,seq16,r_82_37_143,r_82_37_143,0.49,-48,95,143,68
19,r_140_123_112,seq29,r_125_68_10,r_140_123_112,1,0,112,112,68
33,r_97_120_40,r_148_62_150,r_82_37_143,r_97_120_40,0.98,110,150,40,68
77,seq65,r_48_128_21,r_35_12_99,r_35_12_99,0.98,9,108,99,68
3,r_148_62_150,r_144_106_144,r_97_120_40,r_97_120_40,1,4,44,40,68
67,seq134,r_4_3_122,seq39,r_4_3_122,0.89,0,122,122,68
5,r_118_51_107,r_73_91_182,seq71,r_73_91_182,0.74,-41,141,182,68
10,r_90_60_173,seq69,r_4_3_122,r_90_60_173,0.34,0,173,173,68
28,r_43_64_52,r_124_93_174,seq80,r_43_64_52,1,0,52,52,68
81,seq72,r_121_85_35,seq70,r_121_85_35,0.84,154,189,35,68
26,r_36_145_184,seq69,seq23,r_36_145_184,0.38,0,184,184,68
4,r_102_20_172,seq98,r_34_87_176,r_102_20_172,0.85,4,176,172,68
0,r_57_59_117,seq89,r_17_55_12,r_57_59_117,0.99,0,117,117,68
63,seq29,r_140_123_112,r_34_87_176,r_140_123_112,0.71,4,116,112,68
73,seq52,r_35_12_99,seq115,r_35_12_99,1,-1,98,99,68
11,r_35_12_99,seq52,seq65,r_35_12_99,1,0,99,99,68
8,r_146_99_131,r_2_79_80,r_139_42_167,r_139_42_167,0.65,-5,162,167,68
20,r_34_87_176,r_26_114_78,seq29,r_26_114_78,0.97,1,79,78,68
13,r_147_111_185,seq101,r_107_104_5,r_107_104_5,0.72,180,185,5,68
33,r_97_120_40,r_130_67_179,r_148_62_150,r_97_120_40,1,1,41,40,68
15,r_131_27_191,r_124_93_174,r_81_45_152,r_81_45_152,0.53,18,170,152,68
48,r_81_45_152,seq108,r_26_114_78,r_81_45_152,0.95,0,152,152,68
49,r_26_114_78,seq8,r_81_45_152,r_81_45_152,1,8,160,152,68
62,seq28,r_73_91_182,seq112,r_73_91_182,0.49,1,183,182,68
41,r_46_9_51,seq23,r_5_13_148,r_46_9_51,0.8,7,58,51,68
85,seq86,r_146_99_131,r_36_145_184,r_146_99_131,0.58,1,132,131,68
25,r_109_103_18,r_4_3_122,seq80,r_109_103_18,0.88,42,60,18,68
27,r_10_84_140,seq133,seq6,r_10_84_140,0.84,4,144,140,68
77,seq65,r_149_18_29,r_48_128_21,r_149_18_29,0.74,0,29,29,68
30,r_48_128_21,seq65,r_135_77_121,r_135_77_121,0.98,1,122,121,68
36,r_100_47_158,r_147_111_185,seq110,r_100_47_158,0.9,0,158,158,68
41,r_46_9_51,r_1_75_36,seq23,r_1_75_36,0.8,0,36,36,68
2,r_5_13_148,seq101,r_46_9_51,r_46_9_51,1,105,156,51,68
47,r_135_77_121,seq28,r_48_128_21,r_135_77_121,0.98,0,121,121,68
40,r_4_3_122,seq134,seq30,r_4_3_122,0.98,0,122,122,68
14,r_76_127_139,seq28,r_5_13_148,r_5_13_148,0.58,-101,47,148,68
18,r_88_15_84,r_82_37_143,seq115,r_88_15_84,1,0,84,84,68
24,r_7_14_149,seq22,seq143,r_7_14_149,0.75,1,150,149,68
64,seq30,r_7_14_149,r_4_3_122,r_4_3_122,0.65,-1,121,122,68
88,seq98,r_144_106_144,seq38,r_144_106_144,0.94,0,144,144,68
1,r_149_18_29,seq65,seq136,r_149_18_29,1,0,29,29,68
76,seq61,r_43_64_52,seq0,r_43_64_52,0.72,-10,42,52,68
20,r_34_87_176,seq29,r_102_20_172,r_34_87_176,0.51,0,176,176,68
32,r_2_79_80,r_5_13_148,seq78,r_2_79_80,1,0,80,80,68
42,r_82_37_143,r_141_66_197,r_97_120_40,r_82_37_143,1,0,143,143,68
38,r_94_126_151,r_147_111_185,seq86,r_94_126_151,0.66,0,151,151,68
14,r_76_127_139,r_5_13_148,seq23,r_5_13_148,0.4,-54,94,148,68
94,seq113,r_139_42_167,r_129_49_68,r_129_49_68,1,94,162,68,68
9,r_130_67_179,r_141_66_197,seq29,r_130_67_179,0.34,0,179,179,68
31,r_124_93_174,r_131_27_191,r_102_20_172,r_124_93_174,0.81,0,174,174,68
22,r_63_54_108,r_5_13_148,seq40,r_63_54_108,1,0,108,108,68
81,seq72,r_109_103_18,seq21,r_109_103_18,0.55,1,19,18,68
91,seq108,r_81_45_152,r_53_96_86,r_53_96_86,0.74,34,120,86,68
49,r_26_114_78,r_34_87_176,seq8,r_26_114_78,0.97,0,78,78,68
56,seq16,seq113,r_129_49_68,r_129_49_68,1,1,69,68,68
44,r_141_66_197,r_130_67_179,r_1_75_36,r_1_75_36,0.97,77,113,36,68
23,r_139_42_167,seq113,r_146_99_131,r_139_42_167,0.61,0,167,167,68
17,r_1_75_36,r_130_67_179,seq133,r_130_67_179,0.64,0,179,179,68
25,r_109_103_18,seq72,seq25,r_109_103_18,0.6,1,19,18,68
35,r_129_49_68,seq92,seq16,r_129_49_68,1,0,68,68,68
30,r_48_128_21,seq80,seq65,r_48_128_21,0.5,7,28,21,68
17,r_1_75_36,r_46_9_51,r_130_67_179,r_1_75_36,1,0,36,36,68
84,seq80,r_95_132_128,r_43_64_52,r_43_64_52,0.59,32,84,52,68
30,r_75_25_101,r_110_23_47,r_81_122_39,r_75_25_101,0.53,-1,100,101,69
92,seq114,r_19_43_118,seq65,r_19_43_118,1,1,119,118,69
43,r_94_44_130,r_147_29_98,r_52_148_135,r_94_44_130,0.55,-31,99,130,69
37,r_61_48_85,seq106,seq66,r_61_48_85,0.86,0,85,85,69
59,seq18,seq118,r_94_44_130,r_94_44_130,0.75,26,156,130,69
40,r_102_32_45,r_40_73_54,seq24,r_102_32_45,1,2,47,45,69
16,r_60_144_96,seq1,r_47_2_67,r_60_144_96,0.97,1,97,96,69
39,r_135_143_60,seq115,seq127,r_135_143_60,0.99,0,60,60,69
1,r_146_33_187,r_130_98_1,r_137_5_110,r_137_5_110,1,25,135,110,69
88,seq105,r_104_97_49,r_141_59_127,r_141_59_127,1,1,128,127,69
45,r_30_58_141,seq57,seq111,r_30_58_141,0.99,0,141,141,69
35,r_64_92_75,r_16_108_52,r_36_67_12,r_64_92_75,0.63,-24,51,75,69
19,r_54_63_117,seq127,seq106,r_54_63_117,0.75,1,118,117,69
15,r_137_5_110,seq24,r_146_33_187,r_137_5_110,1,0,110,110,69
33,r_132_95_10,r_137_5_110,seq42,r_137_5_110,0.85,-8,102,110,69
11,r_125_128_69,r_141_59_127,r_4_35_13,r_4_35_13,0.87,2,15,13,69
76,seq68,r_7_87_169,r_139_26_140,r_139_26_140,0.97,21,161,140,69
24,r_28_31_42,seq15,seq118,r_28_31_42,1,0,42,42,69
14,r_113_84_33,r_76_34_109,seq90,r_113_84_33,1,0,33,33,69
42,r_40_73_54,r_130_98_1,r_62_89_124,r_40_73_54,0.99,-1,53,54,69
41,r_134_126_111,r_9_71_142,r_76_34_109,r_134_126_111,0.96,1,112,111,69
67,seq45,seq90,r_38_82_73,r_38_82_73,0.99,-1,72,73,69
8,r_0_55_138,r_81_122_39,r_36_67_12,r_0_55_138,0.95,-124,14,138,69
89,seq106,r_61_48_85,seq136,r_61_48_85,1,0,85,85,69
31,r_16_108_52,r_64_92_75,seq68,r_16_108_52,1,3,55,52,69
89,seq106,seq136,r_54_63_117,r_54_63_117,1,2,119,117,69
3,r_9_71_142,r_134_126_111,seq50,r_134_126_111,0.97,0,111,111,69
15,r_137_5_110,r_47_2_67,seq24,r_47_2_67,0.76,-52,15,67,69
43,r_94_44_130,r_76_34_109,seq18,r_94_44_130,0.77,3,133,130,69
26,r_133_14_151,seq6,seq18,r_133_14_151,0.67,2,153,151,69
8,r_0_55_138,r_36_67_12,seq46,r_0_55_138,0.59,0,138,138,69
72,seq53,r_141_59_127,seq120,r_141_59_127,0.99,-53,74,127,69
14,r_113_84_33,seq90,r_140_109_102,r_140_109_102,1,9,111,102,69
4,r_52_148_135,r_146_33_187,seq127,r_52_148_135,0.99,0,135,135,69
20,r_139_26_140,r_47_2_67,r_60_144_96,r_60_144_96,0.89,11,107,96,69
73,seq57,r_30_58_141,seq91,r_30_58_141,1,2,143,141,69
99,seq127,r_135_143_60,r_52_148_135,r_52_148_135,1,29,164,135,69
5,r_81_122_39,r_0_55_138,r_140_109_102,r_81_122_39,0.93,1,40,39,69
20,r_139_26_140,seq115,r_47_2_67,r_47_2_67,1,1,68,67,69
13,r_76_34_109,seq127,r_94_44_130,r_76_34_109,0.79,1,110,109,69
98,seq124,r_141_59_127,seq103,r_141_59_127,0.99,-6,121,127,69
12,r_36_67_12,r_0_55_138,r_146_33_187,r_36_67_12,0.36,118,130,12,69
1,r_146_33_187,r_40_73_54,r_130_98_1,r_40_73_54,1,0,54,54,69
6,r_147_29_98,r_94_44_130,r_104_97_49,r_147_29_98,0.99,1,99,98,69
7,r_47_2_67,r_139_26_140,r_60_144_96,r_47_2_67,0.94,51,118,67,69
21,r_104_97_49,seq105,r_147_29_98,r_147_29_98,1,18,116,98,69
10,r_13_10_6,seq107,seq101,r_13_10_6,0.55,107,113,6,69
85,seq91,r_30_58_141,seq45,r_30_58_141,0.57,-60,81,141,69
2,r_130_98_1,r_146_33_187,r_137_5_110,r_137_5_110,1,9,119,110,69
5,r_81_122_39,r_140_109_102,r_75_25_101,r_81_122_39,1,63,102,39,69
46,r_4_35_13,r_137_5_110,r_125_128_69,r_4_35_13,0.79,-1,12,13,69
27,r_117_70_68,r_149_145_196,seq111,r_117_70_68,1,2,70,68,69
0,r_140_109_102,r_81_122_39,r_113_84_33,r_140_109_102,1,0,102,102,69
13,r_76_34_109,r_94_44_130,r_79_99_115,r_94_44_130,1,0,130,130,69
3,r_9_71_142,seq50,r_132_95_10,r_9_71_142,0.97,0,142,142,69
85,seq91,r_140_109_102,r_22_112_153,r_22_112_153,0.95,8,161,153,69
84,seq90,seq45,r_113_84_33,r_113_84_33,0.97,23,56,33,69
47,r_38_82_73,r_141_59_127,seq45,r_38_82_73,1,0,73,73,69
29,r_119_129_143,seq27,r_36_67_12,r_119_129_143,0.62,1,144,143,69
18,r_62_89_124,seq1,r_40_73_54,r_40_73_54,1,0,54,54,69
95,seq118,seq18,r_28_31_42,r_28_31_42,1,1,43,42,69
50,seq1,r_60_144_96,seq72,r_60_144_96,0.95,0,96,96,69
43,r_94_44_130,r_52_148_135,r_76_34_109,r_94_44_130,0.62,-20,110,130,69
20,r_139_26_140,r_60_144_96,r_16_108_52,r_139_26_140,1,0,140,140,69
42,r_40_73_54,r_62_89_124,seq72,r_62_89_124,1,0,124,124,69
1,r_146_33_187,r_137_5_110,seq8,r_146_33_187,0.93,0,187,187,69
33,r_132_95_10,seq42,r_62_89_124,r_62_89_124,0.73,1,125,124,69
38,r_123_3_152,seq88,seq72,r_123_3_152,0.57,0,152,152,69
52,seq6,r_133_14_151,seq114,r_133_14_151,0.67,9,160,151,69
34,r_19_43_118,seq114,r_22_112_153,r_19_43_118,0.95,1,119,118,69
12,r_36_67_12,r_146_33_187,r_119_129_143,r_36_67_12,0.89,132,144,12,69
2,r_130_98_1,r_40_73_54,r_146_33_187,r_40_73_54,1,-1,53,54,69
17,r_79_99_115,r_7_87_169,r_76_34_109,r_79_99_115,0.99,0,115,115,69
44,r_22_112_153,r_19_43_118,seq91,r_22_112_153,0.87,0,153,153,69
34,r_19_43_118,r_22_112_153,r_9_71_142,r_22_112_153,0.64,0,153,153,69
25,r_96_11_177,r_62_89_124,seq72,r_96_11_177,0.68,-142,35,177,69
9,r_100_93_71,r_86_85_65,r_39_56_30,r_100_93_71,0.4,78,149,71,69
96,seq120,r_141_59_127,seq8,r_141_59_127,0.92,-7,120,127,69
90,seq107,r_133_14_151,seq114,r_133_14_151,0.79,9,160,151,69
15,r_137_5_110,r_146_33_187,r_130_98_1,r_146_33_187,0.7,0,187,187,69
23,r_39_56_30,seq80,r_100_93_71,r_39_56_30,0.88,0,30,30,69
21,r_104_97_49,seq51,seq105,r_104_97_49,0.97,0,49,49,69
44,r_22_112_153,r_132_95_10,r_19_43_118,r_19_43_118,0.94,0,118,118,69
22,r_141_59_127,seq124,seq105,r_141_59_127,1,0,127,127,69
84,seq90,r_113_84_33,r_140_109_102,r_140_109_102,0.99,27,129,102,69
0,r_140_109_102,seq136,r_81_122_39,r_81_122_39,1,7,46,39,69
49,r_49_78_186,r_86_85_65,r_130_98_1,r_49_78_186,0.52,1,187,186,69
35,r_64_92_75,r_36_67_12,seq50,r_64_92_75,0.69,1,76,75,69
12,r_36_67_12,r_100_93_71,r_0_55_138,r_36_67_12,0.95,0,12,12,69
7,r_47_2_67,r_22_112_153,r_139_26_140,r_47_2_67,0.96,1,68,67,69
18,r_62_89_124,r_40_73_54,r_132_95_10,r_62_89_124,1,1,125,124,69
44,r_22_112_153,r_47_2_67,r_132_95_10,r_47_2_67,0.88,1,68,67,69
81,seq80,r_39_56_30,r_54_63_117,r_39_56_30,0.81,0,30,30,69
82,seq83,r_113_84_33,r_54_63_117,r_113_84_33,0.92,-4,29,33,69
46,r_4_35_13,r_125_128_69,seq120,r_125_128_69,0.87,0,69,69,69
11,r_125_128_69,r_4_35_13,seq24,r_125_128_69,1,0,69,69,69
36,r_110_23_47,r_147_29_98,seq12,r_110_23_47,0.95,1,48,47,69
30,r_76_122_173,seq100,r_147_117_6,r_76_122_173,0.68,0,173,173,70
18,r_36_47_15,r_30_59_154,seq20,r_36_47_15,1,0,15,15,70
36,r_75_73_156,seq146,r_147_117_6,r_147_117_6,0.41,150,156,6,70
92,seq111,r_139_136_188,r_130_105_184,r_130_105_184,0.7,4,188,184,70
14,r_38_35_104,r_95_39_73,r_5_2_71,r_38_35_104,0.89,-31,73,104,70
9,r_91_144_45,r_101_86_186,seq51,r_91_144_45,0.59,141,186,45,70
53,seq133,r_30_59_154,r_38_35_104,r_38_35_104,1,2,106,104,70
66,seq26,r_109_126_131,seq125,r_109_126_131,0.97,-90,41,131,70
37,r_46_93_35,seq106,seq25,r_46_93_35,1,0,35,35,70
19,r_109_126_131,seq125,seq26,r_109_126_131,0.5,-23,108,131,70
62,seq20,r_113_10_163,r_128_0_19,r_128_0_19,1,5,24,19,70
21,r_68_112_77,r_77_42_126,seq119,r_68_112_77,1,0,77,77,70
39,r_97_98_98,seq100,r_116_43_27,r_97_98_98,0.99,0,98,98,70
1,r_116_43_27,seq138,r_97_98_98,r_97_98_98,1,16,114,98,70
46,r_5_2_71,r_16_18_79,seq1,r_5_2_71,1,2,73,71,70
31,r_142_92_25,r_149_65_121,r_103_114_105,r_103_114_105,0.74,5,110,105,70
8,r_28_134_24,r_130_105_184,seq33,r_28_134_24,0.84,0,24,24,70
4,r_147_117_6,seq9,r_75_73_156,r_75_73_156,0.9,0,156,156,70
19,r_109_126_131,seq26,seq55,r_109_126_131,0.89,3,134,131,70
34,r_127_79_165,seq118,r_139_136_188,r_127_79_165,0.59,24,189,165,70
95,seq119,r_127_79_165,r_52_70_90,r_52_70_90,0.91,2,92,90,70
31,r_142_92_25,r_31_7_69,seq96,r_142_92_25,0.98,0,25,25,70
76,seq71,r_129_53_99,seq94,r_129_53_99,1,-31,68,99,70
38,r_64_23_147,seq9,r_82_15_51,r_64_23_147,0.99,0,147,147,70
15,r_78_58_30,r_91_144_45,r_116_43_27,r_78_58_30,0.99,0,30,30,70
9,r_91_144_45,r_78_58_30,seq1,r_91_144_45,0.42,-22,23,45,70
11,r_149_65_121,r_31_7_69,r_142_92_25,r_149_65_121,0.74,21,142,121,70
3,r_95_39_73,r_38_35_104,seq106,r_95_39_73,1,0,73,73,70
10,r_110_102_82,seq55,seq21,r_110_102_82,1,1,83,82,70
26,r_130_105_184,seq81,r_140_88_94,r_140_88_94,1,34,128,94,70
33,r_27_37_166,r_68_112_77,seq12,r_27_37_166,0.97,0,166,166,70
9,r_91_144_45,seq1,r_101_86_186,r_91_144_45,0.99,0,45,45,70
1,r_116_43_27,seq107,seq138,r_116_43_27,1,0,27,27,70
78,seq80,r_13_45_175,r_66_62_141,r_66_62_141,0.88,34,175,141,70
63,seq21,seq49,r_110_102_82,r_110_102_82,1,8,90,82,70
11,r_149_65_121,seq138,r_31_7_69,r_31_7_69,1,51,120,69,70
20,r_30_59_154,r_101_86_186,seq51,r_101_86_186,0.3,-105,81,186,70
13,r_101_86_186,r_140_88_94,r_91_144_45,r_101_86_186,1,-121,65,186,70
41,r_44_63_185,seq135,seq125,r_44_63_185,0.91,1,186,185,70
38,r_64_23_147,r_82_15_51,seq9,r_82_15_51,1,0,51,51,70
89,seq106,r_46_93_35,r_127_79_165,r_46_93_35,1,0,35,35,70
48,r_103_114_105,seq118,r_142_92_25,r_103_114_105,0.7,0,105,105,70
26,r_130_105_184,r_140_88_94,seq9,r_130_105_184,0.97,0,184,184,70
17,r_31_7_69,r_141_54_118,seq96,r_141_54_118,1,0,118,118,70
4,r_147_117_6,seq19,seq9,r_147_117_6,0.45,113,119,6,70
57,seq138,r_149_65_121,r_97_98_98,r_97_98_98,0.98,30,128,98,70
12,r_140_88_94,r_130_105_184,seq6,r_130_105_184,0.68,0,184,184,70
13,r_101_86_186,r_91_144_45,seq61,r_91_144_45,0.6,141,186,45,70
6,r_129_53_99,seq71,r_145_72_81,r_129_53_99,0.79,0,99,99,70
85,seq96,seq148,r_31_7_69,r_31_7_69,1,92,161,69,70
99,seq125,r_109_126_131,seq26,r_109_126_131,0.91,-30,101,131,70
45,r_131_29_47,seq106,seq108,r_131_29_47,1,0,47,47,70
27,r_52_70_90,r_129_53_99,seq119,r_52_70_90,0.99,0,90,90,70
28,r_137_99_183,r_44_63_185,seq80,r_137_99_183,0.9,1,184,183,70
64,seq22,r_110_102_82,r_103_114_105,r_103_114_105,0.86,-24,81,105,70
87,seq100,r_76_122_173,seq61,r_76_122_173,0.55,0,173,173,70
16,r_4_48_17,r_109_126_131,r_69_50_194,r_4_48_17,0.7,0,17,17,70
2,r_77_42_126,seq108,seq19,r_77_42_126,0.99,0,126,126,70
40,r_128_0_19,r_130_105_184,seq20,r_128_0_19,0.98,-3,16,19,70
74,seq61,r_76_122_173,r_129_53_99,r_129_53_99,0.99,25,124,99,70
29,r_145_72_81,seq111,r_76_122_173,r_145_72_81,0.97,0,81,81,70
61,seq19,r_147_117_6,r_77_42_126,r_77_42_126,0.51,3,129,126,70
24,r_16_18_79,seq51,seq25,r_16_18_79,1,2,81,79,70
33,r_27_37_166,seq106,r_68_112_77,r_68_112_77,0.99,54,131,77,70
14,r_38_35_104,r_5_2_71,seq133,r_38_35_104,1,0,104,104,70
65,seq25,r_69_50_194,r_16_18_79,r_16_18_79,1,72,151,79,70
20,r_30_59_154,seq51,r_36_47_15,r_30_59_154,0.95,0,154,154,70
42,r_82_15_51,seq21,r_64_23_147,r_64_23_147,1,1,148,147,70
61,seq19,r_31_7_69,r_147_117_6,r_31_7_69,0.6,-6,63,69,70
32,r_143_14_68,seq17,seq41,r_143_14_68,1,0,68,68,70
90,seq107,r_116_43_27,r_113_10_163,r_116_43_27,1,1,28,27,70
60,seq146,r_75_73_156,seq33,r_75_73_156,0.55,-7,149,156,70
47,r_124_60_56,r_13_45_175,seq74,r_124_60_56,0.7,3,59,56,70
81,seq84,seq6,r_11_40_65,r_11_40_65,1,0,65,65,70
17,r_31_7_69,seq19,r_141_54_118,r_31_7_69,0.89,0,69,69,70
31,r_142_92_25,seq96,r_149_65_121,r_142_92_25,0.42,61,86,25,70
22,r_141_54_118,seq96,r_31_7_69,r_31_7_69,1,22,91,69,70
49,r_66_62_141,r_8_90_193,seq80,r_66_62_141,0.73,-4,137,141,70
16,r_4_48_17,r_69_50_194,seq81,r_69_50_194,0.53,-155,39,194,70
35,r_11_40_65,seq49,seq84,r_11_40_65,1,0,65,65,70
12,r_140_88_94,r_101_86_186,r_130_105_184,r_140_88_94,1,0,94,94,70
29,r_145_72_81,r_76_122_173,r_129_53_99,r_145_72_81,0.61,43,124,81,70
22,r_141_54_118,r_31_7_69,seq111,r_141_54_118,0.92,0,118,118,70
42,r_82_15_51,r_64_23_147,seq21,r_82_15_51,1,0,51,51,70
84,seq94,r_129_53_99,seq71,r_129_53_99,1,-6,93,99,70
9,r_130_53_96,seq136,seq59,r_130_53_96,0.99,0,96,96,71
8,r_5_90_90,r_79_8_22,seq147,r_5_90_90,0.95,0,90,90,71
0,r_121_126_32,r_7_104_65,r_63_146_10,r_7_104_65,0.47,-6,59,65,71
53,seq3,r_56_149_125,seq100,r_56_149_125,1,0,125,125,71
99,seq122,r_98_34_113,r_112_93_149,r_112_93_149,0.61,5,154,149,71
22,r_60_95_55,seq10,seq52,r_60_95_55,1,-3,52,55,71
32,r_142_21_40,r_98_34_113,r_4_107_37,r_142_21_40,0.9,5,45,40,71
55,seq133,r_143_30_136,r_7_104_65,r_7_104_65,1,88,153,65,71
86,seq83,seq23,r_75_39_95,r_75_39_95,0.96,0,95,95,71
16,r_36_102_179,seq55,r_56_149_125,r_56_149_125,0.57,54,179,125,71
21,r_46_6_162,r_68_62_127,seq73,r_46_6_162,0.56,-34,128,162,71
39,r_49_65_87,r_143_30_136,seq0,r_49_65_87,1,0,87,87,71
25,r_4_107_37,r_67_87_184,seq78,r_4_107_37,1,3,40,37,71
36,r_66_50_183,r_67_87_184,r_91_16_107,r_91_16_107,0.96,2,109,107,71
5,r_143_30_136,r_49_65_87,seq133,r_49_65_87,1,0,87,87,71
46,r_67_87_184,r_96_123_13,r_77_101_106,r_67_87_184,0.64,3,187,184,71
42,r_98_34_113,seq116,seq122,r_98_34_113,0.9,0,113,113,71
30,r_85_105_154,r_140_29_16,seq3,r_85_105_154,0.96,-1,153,154,71
80,seq138,r_77_101_106,seq116,r_77_101_106,0.97,0,106,106,71
45,r_112_93_149,seq57,seq122,r_112_93_149,0.7,0,149,149,71
11,r_79_8_22,seq132,r_98_34_113,r_79_8_22,0.36,149,171,22,71
19,r_31_97_156,r_19_54_144,seq135,r_19_54_144,0.44,0,144,144,71
43,r_84_17_41,seq42,seq129,r_84_17_41,1,0,41,41,71
15,r_25_134_46,r_92_139_1,r_68_62_127,r_68_62_127,1,4,131,127,71
33,r_63_146_10,seq100,r_15_128_27,r_15_128_27,0.99,56,83,27,71
73,seq47,seq86,r_13_127_30,r_13_127_30,0.65,1,31,30,71
76,seq55,r_36_102_179,seq72,r_36_102_179,0.42,0,179,179,71
38,r_20_70_148,r_7_104_65,seq141,r_20_70_148,0.99,1,149,148,71
1,r_13_127_30,r_19_54_144,seq47,r_19_54_144,0.67,-114,30,144,71
31,r_148_131_21,r_25_134_46,seq72,r_148_131_21,0.96,1,22,21,71
41,r_75_39_95,seq109,seq59,r_75_39_95,0.69,-27,68,95,71
41,r_75_39_95,seq59,seq83,r_75_39_95,0.99,0,95,95,71
67,seq35,r_11_117_164,r_40_114_121,r_40_114_121,1,1,122,121,71
6,r_28_69_160,seq133,r_56_149_125,r_28_69_160,0.96,0,160,160,71
3,r_40_114_121,r_61_80_167,seq35,r_40_114_121,0.99,0,121,121,71
10,r_27_32_145,seq73,seq113,r_27_32_145,0.94,0,145,145,71
26,r_91_16_107,seq35,r_66_50_183,r_91_16_107,0.54,-2,105,107,71
4,r_19_54_144,r_31_97_156,r_5_90_90,r_19_54_144,0.98,0,144,144,71
24,r_14_94_98,seq122,r_31_97_156,r_14_94_98,0.84,51,149,98,71
63,seq147,seq2,r_5_90_90,r_5_90_90,1,17,107,90,71
56,seq129,r_77_101_106,r_84_17_41,r_84_17_41,0.64,1,42,41,71
13,r_61_80_167,r_36_102_179,r_14_94_98,r_61_80_167,0.87,0,167,167,71
48,r_137_22_103,seq42,seq145,r_137_22_103,0.98,0,103,103,71
9,r_130_53_96,seq136,r_119_76_44,r_119_76_44,0.96,-45,-1,44,71
27,r_68_62_127,r_46_6_162,r_25_134_46,r_68_62_127,0.91,0,127,127,71
49,r_15_128_27,seq147,r_63_146_10,r_15_128_27,0.84,1,28,27,71
19,r_31_97_156,seq135,r_14_94_98,r_31_97_156,0.83,0,156,156,71
30,r_85_105_154,seq35,r_140_29_16,r_140_29_16,0.44,77,93,16,71
81,seq72,r_61_80_167,r_148_131_21,r_148_131_21,0.78,0,21,21,71
47,r_56_149_125,seq3,r_66_50_183,r_56_149_125,0.98,0,125,125,71
0,r_121_126_32,r_63_146_10,r_85_105_154,r_85_105_154,0.78,11,165,154,71
18,r_51_124_67,seq88,seq41,r_51_124_67,1,0,67,67,71
29,r_43_71_115,seq100,r_4_107_37,r_43_71_115,0.98,0,115,115,71
24,r_14_94_98,r_56_149_125,r_49_65_87,r_14_94_98,0.6,0,98,98,71
44,r_119_76_44,r_130_53_96,seq18,r_119_76_44,0.52,-3,41,44,71
20,r_110_26_50,r_43_71_115,r_84_17_41,r_110_26_50,0.99,0,50,50,71
50,seq0,r_5_90_90,r_28_69_160,r_28_69_160,0.49,-69,91,160,71
70,seq41,seq52,r_51_124_67,r_51_124_67,1,0,67,67,71
65,seq24,r_11_117_164,r_40_114_121,r_40_114_121,0.97,43,164,121,71
7,r_7_104_65,r_20_70_148,r_142_21_40,r_7_104_65,0.56,83,148,65,71
5,r_143_30_136,seq133,r_43_71_115,r_143_30_136,0.76,-7,129,136,71
38,r_20_70_148,r_77_101_106,r_7_104_65,r_20_70_148,0.83,-81,67,148,71
15,r_25_134_46,seq88,r_92_139_1,r_25_134_46,1,0,46,46,71
30,r_85_105_154,seq2,seq35,r_85_105_154,0.54,-129,25,154,71
62,seq18,seq88,r_119_76_44,r_119_76_44,1,4,48,44,71
26,r_91_16_107,r_66_50_183,r_36_102_179,r_91_16_107,0.86,77,184,107,71
0,r_121_126_32,seq48,r_7_104_65,r_121_126_32,0.88,0,32,32,71
28,r_44_12_143,seq52,r_96_123_13,r_44_12_143,0.84,0,143,143,71
33,r_63_146_10,r_51_124_67,seq100,r_63_146_10,0.64,0,10,10,71
84,seq78,seq1,r_4_107_37,r_4_107_37,1,14,51,37,71
7,r_7_104_65,r_121_126_32,r_20_70_148,r_7_104_65,1,0,65,65,71
47,r_56_149_125,r_66_50_183,r_36_102_179,r_56_149_125,0.93,58,183,125,71
7,r_7_104_65,r_56_149_125,r_121_126_32,r_121_126_32,0.99,0,32,32,71
79,seq59,seq109,r_130_53_96,r_130_53_96,0.97,1,97,96,71
35,r_11_117_164,seq24,r_60_95_55,r_60_95_55,0.72,109,164,55,71
24,r_14_94_98,r_49_65_87,seq122,r_14_94_98,0.63,13,111,98,71
12,r_77_101_106,seq138,r_49_65_87,r_77_101_106,0.77,0,106,106,71
21,r_46_6_162,seq73,r_60_95_55,r_46_6_162,0.99,0,162,162,71
36,r_66_50_183,r_91_16_107,r_27_32_145,r_66_50_183,0.91,0,183,183,71
93,seq112,r_78_100_182,r_52_79_118,r_52_79_118,0.96,64,182,118,72
30,r_129_29_160,r_130_77_159,r_3_90_50,r_3_90_50,1,10,60,50,72
9,r_109_101_185,r_1_80_20,r_122_26_60,r_122_26_60,0.87,125,185,60,72
38,r_95_111_53,seq134,seq104,r_95_111_53,0.99,0,53,53,72
69,seq34,r_71_42_36,seq137,r_71_42_36,0.99,0,36,36,72
8,r_48_2_62,seq67,r_20_118_10,r_48_2_62,0.84,1,63,62,72
43,r_86_107_136,seq18,r_71_42_36,r_86_107_136,1,0,136,136,72
22,r_27_59_54,seq103,seq137,r_27_59_54,1,0,54,54,72
37,r_124_115_167,r_24_131_173,r_47_146_121,r_47_146_121,1,4,125,121,72
59,seq18,r_86_107_136,seq12,r_86_107_136,1,0,136,136,72
86,seq85,r_121_92_141,seq93,r_121_92_141,0.89,0,141,141,72
16,r_57_98_4,seq103,r_45_132_134,r_45_132_134,0.7,28,162,134,72
39,r_46_125_137,r_69_91_95,seq50,r_69_91_95,0.99,0,95,95,72
1,r_52_79_118,r_119_22_24,r_3_90_50,r_52_79_118,1,0,118,118,72
5,r_69_91_95,seq50,seq15,r_69_91_95,1,0,95,95,72
42,r_106_55_73,seq41,seq33,r_106_55_73,1,0,73,73,72
80,seq67,r_72_117_196,seq7,r_72_117_196,0.59,-56,140,196,72
45,r_65_58_58,r_39_96_104,seq41,r_65_58_58,1,2,60,58,72
89,seq97,r_46_125_137,r_147_4_127,r_147_4_127,0.54,0,127,127,72
19,r_45_132_134,r_46_125_137,seq103,r_45_132_134,0.83,-1,133,134,72
75,seq50,r_46_125_137,seq97,r_46_125_137,0.43,2,139,137,72
11,r_142_123_199,r_64_114_132,seq73,r_64_114_132,0.95,-2,130,132,72
27,r_3_90_50,r_129_29_160,r_52_79_118,r_52_79_118,0.54,17,135,118,72
47,r_56_75_52,r_142_123_199,seq19,r_56_75_52,1,0,52,52,72
76,seq137,seq102,r_139_53_78,r_139_53_78,1,12,90,78,72
31,r_78_100_182,r_130_77_159,seq112,r_78_100_182,0.52,-21,161,182,72
20,r_94_145_174,r_1_80_20,r_71_42_36,r_94_145_174,0.97,-157,17,174,72
3,r_130_77_159,r_78_100_182,r_51_99_5,r_130_77_159,0.58,2,161,159,72
39,r_46_125_137,seq50,seq134,r_46_125_137,0.63,0,137,137,72
14,r_119_22_24,seq36,r_52_79_118,r_119_22_24,1,0,24,24,72
14,r_119_22_24,r_52_79_118,seq68,r_52_79_118,1,0,118,118,72
4,r_136_82_130,seq41,r_63_138_110,r_136_82_130,0.93,0,130,130,72
6,r_1_80_20,r_94_145_174,r_109_101_185,r_1_80_20,1,-3,17,20,72
0,r_39_96_104,seq33,r_69_91_95,r_39_96_104,0.99,0,104,104,72
15,r_40_37_75,r_124_115_167,seq113,r_40_37_75,0.99,0,75,75,72
48,r_147_4_127,seq36,seq97,r_147_4_127,0.87,0,127,127,72
49,r_110_108_156,r_60_141_32,seq148,r_110_108_156,0.99,0,156,156,72
13,r_71_42_36,r_94_145_174,r_86_107_136,r_86_107_136,0.52,39,175,136,72
31,r_78_100_182,seq112,r_106_55_73,r_106_55_73,0.62,109,182,73,72
13,r_71_42_36,seq34,r_94_145_174,r_71_42_36,1,0,36,36,72
10,r_60_141_32,r_110_108_156,r_64_114_132,r_64_114_132,0.45,14,146,132,72
30,r_129_29_160,r_3_90_50,seq73,r_129_29_160,0.94,0,160,160,72
35,r_16_17_74,seq126,r_56_75_52,r_56_75_52,0.47,55,107,52,72
69,seq34,seq137,r_35_49_166,r_35_49_166,0.85,-82,84,166,72
50,seq5,r_48_2_62,r_20_118_10,r_20_118_10,1,1,11,10,72
74,seq44,r_149_8_151,r_105_143_7,r_149_8_151,0.83,-60,91,151,72
18,r_35_49_166,seq19,seq34,r_35_49_166,0.49,0,166,166,72
24,r_139_53_78,r_52_79_118,seq137,r_139_53_78,0.87,0,78,78,72
27,r_3_90_50,r_136_82_130,r_129_29_160,r_3_90_50,1,0,50,50,72
96,seq116,r_124_115_167,r_88_135_11,r_88_135_11,0.98,2,13,11,72
70,seq36,r_54_25_143,r_1_80_20,r_1_80_20,0.85,123,143,20,72
6,r_1_80_20,r_109_101_185,r_124_115_167,r_109_101_185,0.37,0,185,185,72
65,seq30,seq9,r_122_26_60,r_122_26_60,1,8,68,60,72
10,r_60_141_32,seq19,r_110_108_156,r_60_141_32,0.89,0,32,32,72
20,r_94_145_174,r_71_42_36,r_60_141_32,r_94_145_174,0.32,0,174,174,72
89,seq97,r_45_132_134,r_46_125_137,r_45_132_134,0.43,-111,23,134,72
37,r_124_115_167,r_47_146_121,seq36,r_124_115_167,1,0,167,167,72
36,r_61_87_43,seq104,seq31,r_61_87_43,1,-1,42,43,72
71,seq134,r_95_111_53,seq15,r_95_111_53,0.92,0,53,53,72
71,seq134,seq15,r_46_125_137,r_46_125_137,0.98,38,175,137,72
34,r_63_138_110,seq83,r_136_82_130,r_63_138_110,0.99,0,110,110,72
75,seq50,r_69_91_95,r_46_125_137,r_69_91_95,1,0,95,95,72
10,r_60_141_32,r_64_114_132,r_94_145_174,r_94_145_174,0.94,0,174,174,72
1,r_52_79_118,r_139_53_78,r_119_22_24,r_52_79_118,0.73,-80,38,118,72
60,seq19,r_35_49_166,r_54_25_143,r_54_25_143,0.77,23,166,143,72
81,seq68,r_139_53_78,r_119_22_24,r_139_53_78,0.54,0,78,78,72
94,seq113,seq137,r_40_37_75,r_40_37_75,1,0,75,75,72
9,r_109_101_185,r_147_4_127,r_1_80_20,r_1_80_20,0.84,1,21,20,72
26,r_51_99_5,r_81_13_161,r_130_77_159,r_51_99_5,0.78,150,155,5,72
33,r_84_0_76,r_139_53_78,r_27_59_54,r_27_59_54,0.9,31,85,54,72
28,r_54_25_143,seq36,seq19,r_54_25_143,0.39,0,143,143,72
49,r_110_108_156,r_149_8_151,r_60_141_32,r_60_141_32,1,40,72,32,72
7,r_64_114_132,r_142_123_199,seq23,r_64_114_132,0.72,0,132,132,72
44,r_24_131_173,seq116,r_40_37_75,r_40_37_75,0.99,98,173,75,72
17,r_43_76_125,r_122_26_60,r_52_79_118,r_43_76_125,0.77,0,125,125,72
11,r_142_123_199,r_56_75_52,r_64_114_132,r_56_75_52,1,-6,46,52,72
35,r_16_17_74,seq41,seq126,r_16_17_74,0.81,0,74,74,72
12,r_122_26_60,seq89,seq30,r_122_26_60,0.99,1,61,60,72
29,r_88_135_11,seq12,seq116,r_88_135_11,1,0,11,11,72
17,r_43_76_125,seq30,r_122_26_60,r_122_26_60,0.76,10,70,60,72
23,r_81_13_161,r_51_99_5,seq67,r_51_99_5,0.76,156,161,5,72
30,r_136_18_151,r_25_69_9,r_147_126_16,r_147_126_16,0.38,134,150,16,73
21,r_34_144_146,seq111,seq93,r_34_144_146,0.42,-92,54,146,73
2,r_119_57_28,r_16_23_83,r_147_126_16,r_16_23_83,0.95,0,83,83,73
18,r_39_114_39,r_77_10_166,r_27_61_182,r_39_114_39,0.96,0,39,39,73
53,seq4,r_27_61_182,r_39_114_39,r_39_114_39,0.96,83,122,39,73
5,r_37_45_174,seq116,r_62_120_7,r_37_45_174,0.85,0,174,174,73
22,r_36_84_124,r_59_42_125,r_44_89_12,r_44_89_12,0.45,40,52,12,73
13,r_31_134_43,seq3,seq85,r_31_134_43,1,0,43,43,73
3,r_62_120_7,r_97_64_108,r_110_67_76,r_110_67_76,0.65,0,76,76,73
19,r_125_13_137,r_9_106_53,seq63,r_125_13_137,0.96,0,137,137,73
16,r_102_98_63,r_36_84_124,seq73,r_102_98_63,0.83,0,63,63,73
2,r_119_57_28,r_77_10_166,r_16_23_83,r_119_57_28,0.97,0,28,28,73
43,r_16_23_83,r_119_57_28,r_2_66_30,r_16_23_83,1,2,85,83,73
1,r_113_87_107,r_127_92_106,r_115_83_11,r_113_87_107,1,0,107,107,73
46,r_48_101_179,seq41,r_19_33_78,r_48_101_179,0.38,3,182,179,73
42,r_127_92_106,r_113_87_107,r_122_70_93,r_127_92_106,0.92,0,106,106,73
32,r_27_61_182,r_39_114_39,r_121_88_48,r_39_114_39,0.49,143,182,39,73
86,seq91,r_121_88_48,seq68,r_121_88_48,0.99,0,48,48,73
7,r_121_88_48,r_77_10_166,r_90_117_159,r_121_88_48,0.76,118,166,48,73
62,seq29,r_108_129_144,r_141_14_21,r_141_14_21,0.94,4,25,21,73
20,r_9_106_53,seq111,r_125_13_137,r_9_106_53,1,0,53,53,73
11,r_97_64_108,r_62_120_7,seq81,r_97_64_108,0.99,0,108,108,73
4,r_51_56_14,r_2_66_30,seq32,r_51_56_14,0.83,1,15,14,73
66,seq38,r_138_17_191,r_145_146_3,r_138_17_191,0.24,-21,170,191,73
41,r_110_67_76,seq54,r_62_120_7,r_110_67_76,1,0,76,76,73
40,r_26_11_32,r_122_70_93,r_44_89_12,r_26_11_32,1,0,32,32,73
52,seq3,r_31_134_43,seq81,r_31_134_43,1,1,44,43,73
9,r_141_14_21,r_16_23_83,seq29,r_141_14_21,0.9,-5,16,21,73
43,r_16_23_83,r_147_126_16,r_119_57_28,r_119_57_28,0.68,1,29,28,73
21,r_34_144_146,seq93,seq111,r_34_144_146,0.57,-33,113,146,73
38,r_50_104_162,r_21_75_100,r_122_70_93,r_21_75_100,0.54,64,164,100,73
27,r_147_126_16,r_16_23_83,r_119_57_28,r_16_23_83,0.93,-33,50,83,73
8,r_25_69_9,r_136_18_151,r_24_76_37,r_24_76_37,0.86,115,152,37,73
12,r_148_71_36,seq43,r_44_89_12,r_148_71_36,0.91,0,36,36,73
34,r_21_75_100,r_50_104_162,seq63,r_50_104_162,1,-1,161,162,73
27,r_147_126_16,r_44_89_12,r_16_23_83,r_44_89_12,0.81,3,15,12,73
36,r_44_89_12,r_147_126_16,r_36_84_124,r_147_126_16,0.58,-4,12,16,73
32,r_27_61_182,seq4,r_39_114_39,r_39_114_39,0.99,2,41,39,73
78,seq63,r_50_104_162,r_125_13_137,r_125_13_137,0.62,23,160,137,73
98,seq118,seq12,r_24_76_37,r_24_76_37,0.66,83,120,37,73
15,r_22_20_116,seq81,seq58,r_22_20_116,1,0,116,116,73
10,r_77_10_166,seq60,r_121_88_48,r_121_88_48,1,8,56,48,73
48,r_108_129_144,seq143,seq53,r_108_129_144,0.99,0,144,144,73
7,r_121_88_48,seq91,r_77_10_166,r_121_88_48,1,0,48,48,73
27,r_147_126_16,r_119_57_28,r_136_18_151,r_136_18_151,0.67,-3,148,151,73
49,r_24_76_37,r_136_18_151,r_25_69_9,r_136_18_151,0.9,-41,110,151,73
55,seq7,seq79,r_2_66_30,r_2_66_30,0.55,0,30,30,73
57,seq137,r_90_117_159,seq109,r_90_117_159,0.75,-48,111,159,73
95,seq111,r_34_144_146,seq100,r_34_144_146,0.95,5,151,146,73
99,seq123,r_2_66_30,seq58,r_2_66_30,0.73,0,30,30,73
19,r_125_13_137,r_0_140_55,r_9_106_53,r_125_13_137,1,-82,55,137,73
68,seq41,r_48_101_179,r_124_96_13,r_124_96_13,0.9,0,13,13,73
10,r_77_10_166,r_121_88_48,r_9_106_53,r_77_10_166,0.66,0,166,166,73
87,seq135,r_99_80_103,r_36_84_124,r_36_84_124,1,0,124,124,73
21,r_34_144_146,seq111,seq103,r_34_144_146,0.99,1,147,146,73
58,seq12,r_136_18_151,r_25_69_9,r_25_69_9,0.48,14,23,9,73
49,r_24_76_37,seq55,r_136_18_151,r_24_76_37,1,0,37,37,73
73,seq53,r_102_98_63,seq74,r_102_98_63,0.78,-30,33,63,73
22,r_36_84_124,r_44_89_12,seq135,r_36_84_124,1,0,124,124,73
36,r_44_89_12,r_36_84_124,r_26_11_32,r_44_89_12,0.87,37,49,12,73
29,r_78_107_183,seq112,r_51_56_14,r_51_56_14,0.57,169,183,14,73
24,r_122_70_93,seq38,r_127_92_106,r_122_70_93,0.56,0,93,93,73
34,r_21_75_100,r_77_10_166,r_50_104_162,r_21_75_100,0.9,0,100,100,73
33,r_59_42_125,r_36_84_124,r_124_96_13,r_59_42_125,0.61,1,126,125,73
20,r_9_106_53,r_125_13_137,seq149,r_125_13_137,0.94,0,137,137,73
14,r_2_66_30,r_21_75_100,seq7,r_2_66_30,0.92,0,30,30,73
16,r_102_98_63,seq73,r_19_33_78,r_19_33_78,0.97,2,80,78,73
38,r_50_104_162,seq63,r_21_75_100,r_21_75_100,0.82,32,132,100,73
39,r_124_96_13,r_122_70_93,seq41,r_124_96_13,0.96,0,13,13,73
47,r_0_140_55,r_125_13_137,seq81,r_0_140_55,1,0,55,55,73
34,r_21_75_100,r_2_66_30,r_77_10_166,r_21_75_100,0.52,-79,21,100,73
20,r_9_106_53,seq149,r_77_10_166,r_9_106_53,0.88,112,165,53,73
23,r_115_83_11,r_102_98_63,r_15_131_199,r_115_83_11,0.65,0,11,11,73
23,r_115_83_11,r_15_131_199,r_113_87_107,r_113_87_107,0.96,1,108,107,73
30,r_60_79_166,seq57,r_101_143_97,r_60_79_166,0.52,1,167,166,74
14,r_27_16_126,r_101_143_97,seq48,r_27_16_126,1,0,126,126,74
36,r_102_50_162,seq3,r_69_22_70,r_102_50_162,0.51,2,164,162,74
14,r_27_16_126,r_63_121_67,r_85_88_110,r_63_121_67,0.91,0,67,67,74
8,r_89_97_147,r_104_134_174,r_27_16_126,r_104_134_174,0.7,-26,148,174,74
58,seq12,r_92_62_133,seq130,r_92_62_133,1,-2,131,133,74
10,r_144_137_30,r_5_148_40,r_119_33_144,r_144_137_30,0.97,0,30,30,74
59,seq13,seq3,r_83_59_115,r_83_59_115,1,18,133,115,74
55,seq7,r_93_6_156,seq56,r_93_6_156,0.66,0,156,156,74
86,seq87,r_78_145_90,seq133,r_78_145_90,0.71,0,90,90,74
16,r_78_145_90,seq87,r_99_132_141,r_78_145_90,0.88,0,90,90,74
39,r_65_86_82,seq24,seq13,r_65_86_82,1,0,82,82,74
1,r_124_110_3,seq90,seq39,r_124_110_3,0.39,83,86,3,74
97,seq117,r_17_30_89,seq87,r_17_30_89,0.65,4,93,89,74
15,r_101_143_97,seq81,r_27_16_126,r_27_16_126,0.71,-29,97,126,74
45,r_140_95_129,seq113,r_17_30_89,r_140_95_129,0.98,1,130,129,74
19,r_83_59_115,seq54,seq13,r_83_59_115,1,0,115,115,74
11,r_61_128_134,r_96_53_36,seq24,r_61_128_134,0.9,0,134,134,74
49,r_75_71_154,seq91,r_49_129_53,r_49_129_53,1,0,53,53,74
95,seq113,r_140_95_129,r_142_138_194,r_140_95_129,1,1,130,129,74
31,r_80_47_116,seq77,seq39,r_80_47_116,1,0,116,116,74
41,r_18_41_151,seq24,r_69_22_70,r_18_41_151,0.95,1,152,151,74
67,seq39,r_89_97_147,r_80_47_116,r_80_47_116,0.62,3,119,116,74
90,seq98,r_5_148_40,r_109_84_8,r_5_148_40,0.99,-5,35,40,74
3,r_68_139_175,seq9,seq34,r_68_139_175,0.36,0,175,175,74
26,r_104_134_174,r_89_97_147,r_23_114_127,r_23_114_127,0.57,20,147,127,74
5,r_42_36_93,r_101_143_97,seq82,r_42_36_93,0.61,-50,43,93,74
24,r_0_10_108,r_61_128_134,seq8,r_0_10_108,1,0,108,108,74
35,r_49_129_53,seq67,r_75_71_154,r_49_129_53,0.99,0,53,53,74
0,r_23_114_127,seq48,r_104_134_174,r_23_114_127,0.83,0,127,127,74
56,seq8,seq133,r_0_10_108,r_0_10_108,0.96,17,125,108,74
63,seq28,seq40,r_115_25_20,r_115_25_20,0.98,79,99,20,74
73,seq54,r_83_59_115,seq103,r_83_59_115,1,0,115,115,74
48,r_99_132_141,seq12,r_78_145_90,r_78_145_90,0.65,2,92,90,74
34,r_17_30_89,r_109_84_8,r_140_95_129,r_140_95_129,0.8,2,131,129,74
49,r_75_71_154,r_49_129_53,seq4,r_75_71_154,0.98,1,155,154,74
57,seq9,r_68_139_175,r_94_15_92,r_94_15_92,1,83,175,92,74
13,r_96_53_36,r_61_128_134,seq67,r_61_128_134,0.99,-19,115,134,74
16,r_78_145_90,r_99_132_141,r_37_19_155,r_78_145_90,1,51,141,90,74
1,r_124_110_3,seq34,r_99_132_141,r_99_132_141,0.77,3,144,141,74
13,r_96_53_36,seq87,r_61_128_134,r_96_53_36,1,0,36,36,74
28,r_37_19_155,seq91,r_51_136_11,r_51_136_11,1,6,17,11,74
27,r_106_21_121,r_92_62_133,seq147,r_106_21_121,0.98,0,121,121,74
42,r_5_148_40,seq98,r_142_138_194,r_5_148_40,0.93,1,41,40,74
37,r_115_25_20,seq28,r_63_121_67,r_63_121_67,1,1,68,67,74
2,r_93_6_156,seq7,seq4,r_93_6_156,0.51,0,156,156,74
47,r_131_20_123,seq116,seq4,r_131_20_123,0.94,0,123,123,74
43,r_51_136_11,r_65_86_82,r_37_19_155,r_51_136_11,0.51,0,11,11,74
40,r_63_121_67,r_27_16_126,r_115_25_20,r_63_121_67,0.98,0,67,67,74
74,seq56,r_111_72_111,seq7,r_111_72_111,0.95,0,111,111,74
18,r_108_31_73,seq8,r_63_121_67,r_108_31_73,0.99,0,73,73,74
26,r_104_134_174,r_23_114_127,seq116,r_104_134_174,0.96,1,175,174,74
24,r_0_10_108,seq67,r_61_128_134,r_0_10_108,0.49,-46,62,108,74
35,r_49_129_53,r_75_71_154,r_51_136_11,r_75_71_154,0.98,1,155,154,74
25,r_85_88_110,r_27_16_126,seq74,r_85_88_110,0.95,0,110,110,74
43,r_51_136_11,r_37_19_155,seq1,r_37_19_155,1,-1,154,155,74
29,r_69_22_70,seq39,seq34,r_69_22_70,0.63,-15,55,70,74
88,seq91,r_37_19_155,seq1,r_37_19_155,0.96,-6,149,155,74
15,r_101_143_97,r_27_16_126,seq117,r_101_143_97,0.62,29,126,97,74
38,r_14_112_182,seq146,r_61_128_134,r_14_112_182,0.46,0,182,182,74
52,seq3,seq13,r_11_149_48,r_11_149_48,1,20,68,48,74
34,r_17_30_89,seq117,r_109_84_8,r_17_30_89,0.68,7,96,89,74
5,r_42_36_93,r_115_25_20,r_101_143_97,r_42_36_93,0.67,-72,21,93,74
37,r_115_25_20,r_42_36_93,seq28,r_115_25_20,0.8,0,20,20,74
75,seq57,r_60_79_166,seq9,r_60_79_166,0.98,-11,155,166,74
4,r_43_52_57,seq12,seq116,r_43_52_57,1,0,57,57,74
17,r_118_26_77,r_140_95_129,r_60_79_166,r_118_26_77,1,0,77,77,74
9,r_125_58_167,seq70,r_27_16_126,r_125_58_167,0.62,0,167,167,74
15,r_101_143_97,seq117,r_60_79_166,r_60_79_166,0.85,4,170,166,74
0,r_23_114_127,r_104_134_174,seq34,r_104_134_174,0.97,0,174,174,74
28,r_37_19_155,r_51_136_11,r_78_145_90,r_37_19_155,0.87,0,155,155,74
29,r_69_22_70,seq34,r_18_41_151,r_69_22_70,0.96,67,137,70,74
22,r_119_33_144,r_94_15_92,seq8,r_94_15_92,1,0,92,92,74
48,r_99_132_141,r_78_145_90,r_124_110_3,r_99_132_141,1,0,141,141,74
23,r_92_62_133,r_42_36_93,seq9,r_92_62_133,0.67,0,133,133,74
91,seq100,seq87,r_0_10_108,r_0_10_108,0.97,29,137,108,74
11,r_61_128_134,r_0_10_108,r_96_53_36,r_96_53_36,0.99,0,36,36,74
5,r_42_36_93,seq82,seq130,r_42_36_93,0.68,1,94,93,74
14,r_27_16_126,r_85_88_110,r_101_143_97,r_27_16_126,0.87,-24,102,126,74
56,seq8,r_108_31_73,seq133,r_108_31_73,1,1,74,73,74
7,r_111_72_111,seq56,r_65_86_82,r_111_72_111,0.91,0,111,111,74
44,r_55_73_179,seq2,r_125_58_167,r_55_73_179,0.41,0,179,179,74
23,r_92_62_133,r_106_21_121,r_42_36_93,r_42_36_93,1,28,121,93,74
17,r_118_26_77,r_60_79_166,r_94_15_92,r_60_79_166,0.69,1,167,166,74
82,seq77,r_80_47_116,seq66,r_80_47_116,0.92,0,116,116,74
58,seq12,r_43_52_57,r_92_62_133,r_43_52_57,1,0,57,57,74
79,seq70,r_125_58_167,seq105,r_125_58_167,1,0,167,167,74
12,r_94_15_92,r_119_33_144,seq9,r_94_15_92,1,0,92,92,74
30,r_67_115_180,seq29,r_118_9_131,r_118_9_131,0.58,14,145,131,75
51,seq132,r_1_54_133,seq88,r_1_54_133,0.73,0,133,133,75
61,seq147,r_44_85_8,r_109_131_167,r_109_131_167,0.97,0,167,167,75
14,r_82_32_10,r_43_122_127,seq18,r_43_122_127,0.99,0,127,127,75
8,r_111_141_85,r_3_130_17,r_4_145_3,r_111_141_85,1,0,85,85,75
53,seq7,r_13_92_124,seq78,r_13_92_124,0.83,4,128,124,75
43,r_51_22_69,seq88,seq8,r_51_22_69,1,0,69,69,75
54,seq8,r_42_14_173,r_51_22_69,r_51_22_69,1,51,120,69,75
37,r_70_53_61,r_133_121_168,seq65,r_70_53_61,1,1,62,61,75
19,r_117_41_147,r_112_104_58,seq73,r_117_41_147,1,0,147,147,75
45,r_144_37_27,r_70_53_61,r_31_2_117,r_144_37_27,0.87,0,27,27,75
96,seq114,r_128_87_116,r_43_122_127,r_43_122_127,0.87,12,139,127,75
39,r_1_54_133,seq132,r_101_30_115,r_1_54_133,0.88,0,133,133,75
1,r_43_122_127,r_82_32_10,seq114,r_43_122_127,1,0,127,127,75
97,seq119,r_142_140_45,r_31_2_117,r_31_2_117,0.94,5,122,117,75
5,r_84_66_63,r_75_25_68,r_108_116_43,r_75_25_68,0.56,-5,63,68,75
46,r_24_49_120,seq65,seq52,r_24_49_120,0.99,0,120,120,75
4,r_44_85_8,r_113_79_196,seq147,r_44_85_8,0.42,30,38,8,75
33,r_33_89_191,r_133_121_168,seq137,r_133_121_168,0.88,-109,59,168,75
69,seq134,r_127_60_90,seq52,r_127_60_90,1,1,91,90,75
51,seq132,seq88,r_50_0_156,r_50_0_156,0.67,2,158,156,75
89,seq97,r_123_47_162,r_44_85_8,r_123_47_162,0.98,-3,159,162,75
20,r_98_90_103,seq38,r_123_47_162,r_98_90_103,0.59,14,117,103,75
19,r_117_41_147,seq21,r_112_104_58,r_112_104_58,1,8,66,58,75
21,r_101_30_115,seq52,r_77_62_28,r_101_30_115,0.55,-85,30,115,75
1,r_43_122_127,seq18,r_82_32_10,r_43_122_127,0.68,-93,34,127,75
66,seq29,r_67_115_180,r_127_60_90,r_127_60_90,1,10,100,90,75
13,r_112_104_58,seq63,r_117_41_147,r_112_104_58,1,0,58,58,75
31,r_125_72_153,seq91,r_127_60_90,r_127_60_90,0.72,62,152,90,75
38,r_109_131_167,r_19_35_7,seq147,r_109_131_167,0.97,0,167,167,75
89,seq97,r_99_58_80,r_123_47_162,r_99_58_80,1,7,87,80,75
3,r_139_59_186,r_144_37_27,seq36,r_139_59_186,0.93,0,186,186,75
96,seq114,seq29,r_128_87_116,r_128_87_116,0.74,0,116,116,75
3,r_139_59_186,r_57_76_163,r_144_37_27,r_139_59_186,0.55,-23,163,186,75
10,r_126_26_160,seq107,seq110,r_126_26_160,0.58,0,160,160,75
6,r_3_130_17,r_99_58_80,r_111_141_85,r_3_130_17,0.63,0,17,17,75
0,r_118_9_131,r_42_14_173,r_67_115_180,r_42_14_173,0.57,-42,131,173,75
11,r_13_92_124,seq7,seq129,r_13_92_124,0.98,0,124,124,75
20,r_98_90_103,r_75_25_68,seq38,r_98_90_103,0.52,-32,71,103,75
15,r_57_76_163,r_139_59_186,seq103,r_57_76_163,0.68,0,163,163,75
48,r_61_27_122,seq16,seq15,r_61_27_122,0.84,0,122,122,75
81,seq73,r_126_26_160,seq107,r_126_26_160,0.56,-112,48,160,75
57,seq15,r_64_48_72,seq21,r_64_48_72,0.95,0,72,72,75
12,r_77_62_28,r_101_30_115,r_143_5_99,r_143_5_99,0.52,23,122,99,75
57,seq15,seq21,r_61_27_122,r_61_27_122,1,2,124,122,75
13,r_112_104_58,r_117_41_147,r_61_27_122,r_112_104_58,1,89,147,58,75
21,r_101_30_115,r_77_62_28,seq56,r_101_30_115,1,-1,114,115,75
40,r_133_121_168,r_33_89_191,seq137,r_133_121_168,0.71,-115,53,168,75
27,r_95_40_93,seq29,r_19_35_7,r_95_40_93,0.37,16,109,93,75
12,r_77_62_28,seq93,r_101_30_115,r_77_62_28,0.96,0,28,28,75
29,r_39_146_195,seq78,seq21,r_39_146_195,0.53,-177,18,195,75
41,r_142_140_45,seq96,seq119,r_142_140_45,1,2,47,45,75
2,r_86_12_174,seq34,r_125_72_153,r_86_12_174,0.58,0,174,174,75
47,r_124_69_53,r_70_53_61,r_3_130_17,r_124_69_53,1,0,53,53,75
93,seq106,seq94,r_99_58_80,r_99_58_80,0.76,3,83,80,75
74,seq52,seq134,r_24_49_120,r_24_49_120,0.96,3,123,120,75
18,r_50_0_156,seq56,seq132,r_50_0_156,0.81,1,157,156,75
24,r_75_25_68,r_98_90_103,r_144_37_27,r_75_25_68,0.99,3,71,68,75
35,r_31_2_117,r_144_37_27,seq119,r_31_2_117,1,0,117,117,75
25,r_74_71_139,r_143_5_99,r_108_116_43,r_74_71_139,0.91,-40,99,139,75
70,seq38,r_84_66_63,r_98_90_103,r_84_66_63,0.99,-4,59,63,75
58,seq16,r_61_27_122,seq6,r_61_27_122,0.99,-5,117,122,75
6,r_3_130_17,r_111_141_85,r_124_69_53,r_3_130_17,0.46,68,85,17,75
96,seq114,r_108_116_43,seq29,r_108_116_43,0.64,-20,23,43,75
38,r_109_131_167,r_42_14_173,r_19_35_7,r_109_131_167,0.4,-48,119,167,75
34,r_123_47_162,seq97,seq110,r_123_47_162,0.52,0,162,162,75
23,r_108_116_43,seq91,seq68,r_108_116_43,0.65,0,43,43,75
36,r_19_35_7,seq91,seq34,r_19_35_7,0.82,7,14,7,75
60,seq18,r_43_122_127,r_82_32_10,r_43_122_127,1,0,127,127,75
45,r_144_37_27,r_31_2_117,r_75_25_68,r_144_37_27,0.98,91,118,27,75
9,r_128_87_116,seq21,seq114,r_128_87_116,0.95,0,116,116,75
16,r_81_11_35,r_128_87_116,seq29,r_81_11_35,0.87,0,35,35,75
22,r_99_58_80,seq97,seq106,r_99_58_80,0.88,2,82,80,75
28,r_127_60_90,seq134,seq29,r_127_60_90,0.99,1,91,90,75
80,seq68,seq21,r_108_116_43,r_108_116_43,1,2,45,43,75
49,r_46_149_109,r_139_59_186,r_31_2_117,r_139_59_186,0.91,-77,109,186,75
7,r_64_48_72,seq15,seq132,r_64_48_72,0.89,0,72,72,75
44,r_143_5_99,r_74_71_139,seq52,r_143_5_99,0.98,0,99,99,75
25,r_74_71_139,r_108_116_43,seq56,r_74_71_139,0.97,-1,138,139,75
35,r_31_2_117,r_139_59_186,r_144_37_27,r_144_37_27,0.88,16,43,27,75
27,r_95_40_93,r_19_35_7,seq138,r_19_35_7,0.51,146,153,7,75
15,r_129_42_49,seq136,r_131_67_50,r_129_42_49,1,0,49,49,76
30,r_5_118_197,r_73_48_112,r_43_92_79,r_5_118_197,0.59,-85,112,197,76
36,r_125_135_182,r_139_96_78,seq111,r_139_96_78,1,0,78,78,76
9,r_149_13_168,r_131_67_50,r_16_89_122,r_149_13_168,0.87,0,168,168,76
45,r_127_147_84,r_68_82_131,r_16_89_122,r_127_147_84,0.62,47,131,84,76
14,r_43_92_79,seq9,seq128,r_43_92_79,1,-3,76,79,76
37,r_59_33_151,seq50,seq100,r_59_33_151,0.98,0,151,151,76
46,r_0_25_94,seq35,r_64_39_60,r_0_25_94,0.66,72,166,94,76
39,r_148_1_138,seq35,r_5_118_197,r_148_1_138,0.88,2,140,138,76
1,r_68_82_131,r_106_23_173,r_129_42_49,r_106_23_173,0.88,-42,131,173,76
5,r_4_32_148,seq17,r_5_118_197,r_4_32_148,0.72,-2,146,148,76
46,r_0_25_94,seq98,r_79_130_105,r_0_25_94,0.76,0,94,94,76
42,r_146_14_108,seq78,seq71,r_146_14_108,0.67,0,108,108,76
3,r_106_23_173,r_16_89_122,r_2_126_171,r_106_23_173,0.85,0,173,173,76
57,seq140,r_132_20_27,seq52,r_132_20_27,0.46,-12,15,27,76
12,r_141_93_120,r_44_36_56,r_132_20_27,r_141_93_120,0.88,-85,35,120,76
33,r_122_143_130,r_132_20_27,r_64_39_60,r_122_143_130,0.97,0,130,130,76
16,r_51_77_30,seq75,seq7,r_51_77_30,0.99,0,30,30,76
76,seq57,r_146_14_108,r_49_137_8,r_146_14_108,0.98,-19,89,108,76
45,r_127_147_84,r_102_86_192,r_68_82_131,r_127_147_84,0.91,1,85,84,76
26,r_61_70_53,seq37,r_47_10_47,r_61_70_53,0.76,0,53,53,76
17,r_138_113_20,seq107,seq52,r_138_113_20,1,0,20,20,76
31,r_144_145_88,seq30,r_138_113_20,r_144_145_88,0.76,0,88,88,76
96,seq114,r_49_137_8,r_47_10_47,r_49_137_8,0.6,118,126,8,76
3,r_106_23_173,r_68_82_131,r_16_89_122,r_106_23_173,0.96,-42,131,173,76
10,r_64_39_60,seq87,seq9,r_64_39_60,0.9,0,60,60,76
83,seq75,r_51_77_30,seq37,r_51_77_30,0.97,0,30,30,76
0,r_8_84_152,seq60,r_76_91_144,r_76_91_144,0.88,15,159,144,76
45,r_127_147_84,r_47_10_47,r_102_86_192,r_47_10_47,0.64,-12,35,47,76
20,r_34_117_188,r_2_126_171,r_63_83_9,r_2_126_171,0.5,1,172,171,76
13,r_90_112_90,seq111,r_102_86_192,r_90_112_90,0.74,0,90,90,76
12,r_141_93_120,r_132_20_27,r_142_69_123,r_141_93_120,0.91,3,123,120,76
31,r_144_145_88,seq52,r_125_135_182,r_144_145_88,0.49,98,186,88,76
6,r_142_69_123,seq71,r_129_42_49,r_142_69_123,0.85,0,123,123,76
57,seq140,r_59_33_151,r_121_124_7,r_59_33_151,0.58,-5,146,151,76
33,r_122_143_130,r_104_103_61,r_132_20_27,r_122_143_130,0.78,-76,54,130,76
96,seq114,r_97_88_28,r_49_137_8,r_97_88_28,0.97,0,28,28,76
94,seq108,r_76_91_144,r_116_6_25,r_116_6_25,0.79,1,26,25,76
41,r_132_20_27,seq46,r_122_143_130,r_132_20_27,0.97,-1,26,27,76
10,r_64_39_60,seq9,r_122_143_130,r_122_143_130,0.89,4,134,130,76
22,r_2_126_171,r_51_77_30,r_34_117_188,r_51_77_30,0.27,114,144,30,76
7,r_81_31_66,r_146_14_108,seq75,r_81_31_66,0.52,8,74,66,76
11,r_44_36_56,r_90_112_90,seq41,r_44_36_56,0.97,1,57,56,76
83,seq75,seq37,r_81_31_66,r_81_31_66,0.39,11,77,66,76
2,r_76_91_144,seq108,r_104_103_61,r_76_91_144,0.97,0,144,144,76
41,r_132_20_27,r_122_143_130,seq30,r_122_143_130,0.99,0,130,130,76
29,r_73_48_112,r_5_118_197,r_90_112_90,r_73_48_112,0.97,0,112,112,76
24,r_139_96_78,r_125_135_182,r_51_77_30,r_139_96_78,0.99,0,78,78,76
35,r_104_103_61,seq98,r_8_84_152,r_104_103_61,0.39,126,187,61,76
74,seq52,r_59_33_151,r_138_113_20,r_138_113_20,0.81,4,24,20,76
46,r_0_25_94,r_79_130_105,seq35,r_0_25_94,0.74,17,111,94,76
32,r_116_6_25,r_131_67_50,seq108,r_116_6_25,0.98,0,25,25,76
38,r_79_130_105,r_144_145_88,r_0_25_94,r_0_25_94,0.59,-2,92,94,76
9,r_149_13_168,seq107,r_131_67_50,r_149_13_168,0.62,-114,54,168,76
34,r_94_110_177,seq80,r_63_83_9,r_94_110_177,0.38,1,178,177,76
8,r_109_27_34,r_97_88_28,r_49_137_8,r_97_88_28,0.78,-2,26,28,76
16,r_51_77_30,seq7,r_139_96_78,r_139_96_78,1,8,86,78,76
30,r_5_118_197,r_43_92_79,r_4_32_148,r_4_32_148,0.67,4,152,148,76
48,r_131_67_50,r_81_31_66,r_129_42_49,r_131_67_50,1,0,50,50,76
53,seq7,seq19,r_51_77_30,r_51_77_30,1,7,37,30,76
22,r_2_126_171,r_34_117_188,r_51_77_30,r_2_126_171,0.57,-73,98,171,76
7,r_81_31_66,r_131_67_50,r_146_14_108,r_131_67_50,1,0,50,50,76
22,r_2_126_171,r_34_117_188,seq30,r_2_126_171,0.58,1,172,171,76
13,r_90_112_90,r_102_86_192,r_73_48_112,r_90_112_90,0.53,29,119,90,76
44,r_18_72_107,r_146_14_108,seq136,r_18_72_107,1,1,108,107,76
23,r_53_120_149,r_144_145_88,r_132_20_27,r_53_120_149,0.85,-61,88,149,76
82,seq74,seq46,r_121_124_7,r_121_124_7,0.95,93,100,7,76
38,r_79_130_105,r_0_25_94,seq66,r_79_130_105,0.78,4,109,105,76
35,r_104_103_61,r_144_145_88,seq98,r_104_103_61,1,0,61,61,76
23,r_53_120_149,r_132_20_27,r_144_145_88,r_53_120_149,0.99,0,149,149,76
84,seq78,r_146_14_108,seq101,r_146_14_108,1,0,108,108,76
30,r_41_130_74,seq42,seq43,r_41_130_74,0.97,-1,73,74,77
36,r_96_90_175,seq28,seq148,r_96_90_175,0.74,0,175,175,77
92,seq103,seq148,r_89_34_114,r_89_34_114,0.95,0,114,114,77
14,r_146_54_186,seq26,r_95_93_103,r_146_54_186,0.45,0,186,186,77
58,seq20,seq128,r_0_129_150,r_0_129_150,1,13,163,150,77
37,r_111_56_35,seq109,seq50,r_111_56_35,1,0,35,35,77
81,seq75,r_46_14_46,r_51_125_143,r_51_125_143,0.98,5,148,143,77
59,seq26,r_146_54_186,r_18_134_108,r_18_134_108,0.99,12,120,108,77
31,r_37_64_15,seq59,r_113_117_133,r_37_64_15,0.95,0,15,15,77
19,r_35_49_155,r_114_81_30,r_21_119_158,r_35_49_155,0.86,0,155,155,77
55,seq12,r_18_134_108,seq4,r_18_134_108,0.97,-8,100,108,77
16,r_95_93_103,r_123_101_151,seq85,r_95_93_103,0.76,0,103,103,77
97,seq110,seq140,r_58_16_104,r_58_16_104,1,40,144,104,77
5,r_7_99_189,seq109,r_29_127_181,r_7_99_189,0.29,0,189,189,77
33,r_145_47_174,r_3_66_146,r_96_90_175,r_3_66_146,0.89,2,148,146,77
42,r_100_105_178,r_18_134_108,seq4,r_18_134_108,0.94,2,110,108,77
44,r_60_137_18,r_98_131_136,r_80_71_2,r_60_137_18,0.86,0,18,18,77
45,r_143_74_102,r_145_47_174,r_41_130_74,r_143_74_102,1,0,102,102,77
11,r_114_81_30,r_9_65_183,r_35_49_155,r_114_81_30,1,1,31,30,77
25,r_76_94_36,seq12,r_123_101_151,r_76_94_36,1,0,36,36,77
15,r_39_6_6,seq62,r_3_66_146,r_3_66_146,0.84,5,151,146,77
11,r_114_81_30,r_35_49_155,r_58_16_104,r_114_81_30,0.89,125,155,30,77
78,seq70,r_1_132_147,r_13_73_81,r_1_132_147,0.98,-5,142,147,77
35,r_46_14_46,r_145_47_174,r_13_73_81,r_46_14_46,0.94,0,46,46,77
41,r_23_92_153,seq77,seq45,r_23_92_153,0.87,0,153,153,77
3,r_123_101_151,r_89_34_114,r_76_94_36,r_123_101_151,0.94,-47,104,151,77
30,r_41_130_74,seq43,r_143_74_102,r_143_74_102,0.89,2,104,102,77
4,r_58_16_104,seq104,r_116_108_83,r_58_16_104,0.99,0,104,104,77
78,seq70,r_61_147_61,r_1_132_147,r_61_147_61,1,0,61,61,77
0,r_149_126_192,r_24_22_76,r_135_53_29,r_24_22_76,0.94,0,76,76,77
33,r_145_47_174,r_96_90_175,r_19_32_41,r_19_32_41,0.83,133,174,41,77
80,seq140,seq110,r_69_122_52,r_69_122_52,1,0,52,52,77
20,r_68_88_196,r_86_30_135,seq45,r_86_30_135,0.96,0,135,135,77
98,seq115,seq62,r_24_22_76,r_24_22_76,1,0,76,76,77
85,seq83,seq59,r_98_131_136,r_98_131_136,1,5,141,136,77
43,r_3_66_146,r_46_14_46,r_145_47_174,r_46_14_46,1,1,47,46,77
8,r_25_87_57,seq133,seq48,r_25_87_57,0.97,0,57,57,77
0,r_149_126_192,r_135_53_29,seq43,r_135_53_29,0.84,160,189,29,77
69,seq45,r_68_88_196,r_2_78_8,r_2_78_8,0.84,2,10,8,77
27,r_138_118_98,seq57,seq144,r_138_118_98,1,0,98,98,77
70,seq48,r_80_71_2,r_25_87_57,r_25_87_57,0.98,1,58,57,77
87,seq85,seq148,r_95_93_103,r_95_93_103,1,0,103,103,77
2,r_51_125_143,seq50,seq75,r_51_125_143,0.94,0,143,143,77
47,r_86_30_135,r_68_88_196,r_89_34_114,r_86_30_135,0.98,0,135,135,77
10,r_19_32_41,r_80_71_2,r_76_94_36,r_19_32_41,1,0,41,41,77
74,seq59,seq139,r_98_131_136,r_98_131_136,1,6,142,136,77
29,r_52_38_131,seq79,r_13_73_81,r_52_38_131,0.89,0,131,131,77
24,r_1_132_147,seq70,seq50,r_1_132_147,0.87,-1,146,147,77
43,r_3_66_146,r_145_47_174,r_39_6_6,r_3_66_146,0.92,0,146,146,77
33,r_145_47_174,r_143_74_102,r_3_66_146,r_143_74_102,0.53,0,102,102,77
35,r_46_14_46,r_13_73_81,seq75,r_13_73_81,0.99,0,81,81,77
58,seq20,r_116_108_83,seq128,r_116_108_83,1,0,83,83,77
1,r_135_53_29,r_116_108_83,seq91,r_135_53_29,0.97,0,29,29,77
65,seq139,seq59,r_98_131_136,r_98_131_136,1,5,141,136,77
42,r_100_105_178,seq4,r_145_47_174,r_100_105_178,0.61,0,178,178,77
61,seq31,seq57,r_111_56_35,r_111_56_35,0.99,73,108,35,77
38,r_61_147_61,seq70,r_69_122_52,r_61_147_61,1,0,61,61,77
3,r_123_101_151,r_76_94_36,r_80_71_2,r_123_101_151,0.58,0,151,151,77
17,r_13_73_81,seq75,r_24_22_76,r_13_73_81,0.97,0,81,81,77
25,r_76_94_36,r_123_101_151,r_19_32_41,r_123_101_151,0.84,0,151,151,77
21,r_69_122_52,seq84,seq140,r_69_122_52,1,0,52,52,77
9,r_89_34_114,r_123_101_151,seq103,r_89_34_114,1,0,114,114,77
23,r_27_136_58,r_58_16_104,seq79,r_27_136_58,0.99,1,59,58,77
19,r_35_49_155,seq110,r_114_81_30,r_114_81_30,0.98,3,33,30,77
26,r_98_131_136,r_60_137_18,seq77,r_98_131_136,0.96,-118,18,136,77
32,r_80_71_2,seq48,r_60_137_18,r_60_137_18,0.91,12,30,18,77
22,r_10_44_118,r_9_65_183,seq48,r_10_44_118,0.94,0,118,118,77
49,r_18_134_108,r_100_105_178,seq26,r_18_134_108,1,0,108,108,77
56,seq15,r_7_99_189,r_141_112_173,r_7_99_189,0.99,-53,136,189,77
7,r_116_108_83,seq20,r_69_122_52,r_116_108_83,1,0,83,83,77
13,r_142_124_38,r_46_14_46,seq109,r_142_124_38,0.91,0,38,38,77
24,r_1_132_147,seq50,r_9_65_183,r_1_132_147,0.63,38,185,147,77
12,r_113_117_133,seq50,r_37_64_15,r_113_117_133,0.9,0,133,133,77
23,r_27_136_58,seq79,r_19_32_41,r_27_136_58,0.58,30,88,58,77
30,r_60_51_118,seq79,r_14_111_36,r_60_51_118,0.94,0,118,118,78
43,r_22_66_164,r_10_65_135,seq143,r_22_66_164,0.88,-29,135,164,78
4,r_144_27_136,r_82_3_37,seq127,r_144_27_136,1,0,136,136,78
67,seq41,r_137_80_8,r_31_81_20,r_31_81_20,0.9,0,20,20,78
60,seq148,r_8_38_30,r_28_50_120,r_8_38_30,1,-1,29,30,78
37,r_10_65_135,r_22_66_164,seq127,r_10_65_135,0.71,1,136,135,78
13,r_126_21_45,seq93,seq5,r_126_21_45,1,0,45,45,78
16,r_58_37_89,r_29_142_196,r_47_62_174,r_58_37_89,0.77,0,89,89,78
21,r_70_113_189,r_83_141_180,r_126_21_45,r_126_21_45,0.73,135,180,45,78
5,r_137_80_8,r_49_134_140,r_71_120_73,r_71_120_73,1,67,140,73,78
80,seq85,r_19_130_182,r_7_23_134,r_7_23_134,1,3,137,134,78
51,seq2,r_8_38_30,r_42_24_166,r_42_24_166,0.95,1,167,166,78
69,seq46,r_71_120_73,r_131_110_151,r_71_120_73,1,-1,72,73,78
36,r_40_125_38,r_1_105_6,seq112,r_40_125_38,1,0,38,38,78
33,r_42_24_166,r_72_52_35,seq2,r_42_24_166,0.63,0,166,166,78
20,r_107_99_43,seq79,r_29_142_196,r_107_99_43,0.9,0,43,43,78
95,seq119,seq129,r_16_34_85,r_16_34_85,1,7,92,85,78
33,r_42_24_166,r_60_51_118,r_72_52_35,r_72_52_35,0.9,1,36,35,78
42,r_140_128_184,r_0_53_191,seq41,r_140_128_184,0.96,0,184,184,78
26,r_1_105_6,r_40_125_38,seq139,r_40_125_38,1,0,38,38,78
31,r_101_138_26,r_59_43_50,seq39,r_101_138_26,1,0,26,26,78
25,r_76_84_14,seq139,seq18,r_76_84_14,0.96,0,14,14,78
90,seq109,seq85,r_121_132_33,r_121_132_33,1,2,35,33,78
10,r_63_45_124,r_12_30_110,r_82_3_37,r_63_45_124,0.75,-14,110,124,78
28,r_31_81_20,seq100,seq41,r_31_81_20,1,0,20,20,78
60,seq148,r_22_66_164,seq143,r_22_66_164,0.99,1,165,164,78
4,r_144_27_136,seq100,r_82_3_37,r_82_3_37,0.96,45,82,37,78
98,seq124,r_19_130_182,r_121_132_33,r_121_132_33,0.96,18,51,33,78
78,seq79,r_60_51_118,seq25,r_60_51_118,1,1,119,118,78
0,r_118_94_198,seq32,seq86,r_118_94_198,0.29,-20,178,198,78
11,r_89_17_94,seq127,seq100,r_89_17_94,0.92,0,94,94,78
58,seq145,r_118_94_198,r_104_69_161,r_104_69_161,0.63,2,163,161,78
15,r_16_34_85,seq75,seq119,r_16_34_85,0.97,-25,60,85,78
48,r_15_78_115,seq112,seq114,r_15_78_115,0.96,0,115,115,78
49,r_72_52_35,r_42_24_166,r_61_136_54,r_42_24_166,0.64,0,166,166,78
87,seq100,r_31_81_20,r_144_27_136,r_31_81_20,0.78,-1,19,20,78
6,r_29_142_196,r_35_48_101,r_107_99_43,r_29_142_196,1,-94,102,196,78
52,seq5,r_70_113_189,r_126_21_45,r_126_21_45,0.96,13,58,45,78
51,seq2,r_147_103_178,r_8_38_30,r_8_38_30,0.97,18,48,30,78
27,r_83_141_180,r_70_113_189,r_131_110_151,r_70_113_189,0.42,-5,184,189,78
2,r_147_103_178,seq2,r_63_45_124,r_63_45_124,0.4,55,179,124,78
47,r_49_134_140,r_137_80_8,r_107_99_43,r_49_134_140,0.59,0,140,140,78
40,r_28_50_120,seq148,seq18,r_28_50_120,0.96,0,120,120,78
74,seq67,seq129,r_4_6_13,r_4_6_13,0.61,68,81,13,78
18,r_71_120_73,seq46,r_49_134_140,r_71_120_73,0.9,0,73,73,78
29,r_35_48_101,r_29_142_196,r_58_37_89,r_29_142_196,0.94,-95,101,196,78
24,r_115_64_147,seq18,r_63_45_124,r_115_64_147,0.88,0,147,147,78
45,r_133_98_34,r_82_3_37,r_97_95_68,r_133_98_34,0.79,131,165,34,78
88,seq102,r_26_91_181,seq25,r_26_91_181,0.73,0,181,181,78
43,r_22_66_164,seq143,seq129,r_22_66_164,0.97,0,164,164,78
39,r_8_38_30,seq148,seq2,r_8_38_30,1,0,30,30,78
91,seq112,seq13,r_40_125_38,r_40_125_38,1,3,41,38,78
20,r_107_99_43,r_29_142_196,r_49_134_140,r_49_134_140,1,33,173,140,78
42,r_140_128_184,r_74_68_144,r_0_53_191,r_74_68_144,0.97,1,145,144,78
61,seq25,r_20_149_114,seq102,r_20_149_114,0.97,-16,98,114,78
32,r_47_62_174,r_96_108_91,r_58_37_89,r_47_62_174,1,-83,91,174,78
58,seq145,r_118_94_198,r_47_62_174,r_47_62_174,0.55,-79,95,174,78
38,r_12_30_110,r_63_45_124,seq77,r_12_30_110,0.99,0,110,110,78
77,seq77,seq86,r_12_30_110,r_12_30_110,0.96,8,118,110,78
86,seq93,r_126_21_45,r_104_69_161,r_126_21_45,1,0,45,45,78
45,r_133_98_34,r_14_111_36,seq100,r_133_98_34,0.93,0,34,34,78
10,r_63_45_124,r_82_3_37,r_115_64_147,r_115_64_147,0.95,0,147,147,78
16,r_58_37_89,r_47_62_174,r_35_48_101,r_58_37_89,0.63,16,105,89,78
46,r_59_43_50,r_0_53_191,seq41,r_59_43_50,1,0,50,50,78
45,r_133_98_34,seq100,r_82_3_37,r_133_98_34,0.5,60,94,34,78
54,seq9,r_104_69_161,seq93,r_104_69_161,0.73,-108,53,161,78
9,r_7_23_134,seq32,seq85,r_7_23_134,0.78,0,134,134,78
58,seq145,r_72_52_35,seq129,r_72_52_35,0.85,0,35,35,78
22,r_82_3_37,r_144_27_136,r_97_95_68,r_97_95_68,0.9,66,134,68,78
14,r_4_6_13,seq5,seq67,r_4_6_13,0.95,0,13,13,78
49,r_72_52_35,seq145,r_42_24_166,r_72_52_35,0.99,1,36,35,78
7,r_26_91_181,seq102,r_58_37_89,r_26_91_181,0.71,0,181,181,78
18,r_71_120_73,r_49_134_140,r_137_80_8,r_49_134_140,1,0,140,140,78
44,r_97_95_68,r_0_53_191,r_82_3_37,r_97_95_68,1,0,68,68,78
26,r_1_105_6,seq139,r_20_149_114,r_20_149_114,0.94,0,114,114,78
23,r_96_108_91,r_47_62_174,r_14_111_36,r_96_108_91,0.99,0,91,91,78
41,r_61_136_54,seq33,seq25,r_61_136_54,1,0,54,54,78
8,r_121_132_33,seq73,seq109,r_121_132_33,1,0,33,33,78
42,r_140_128_184,r_59_43_50,r_74_68_144,r_59_43_50,1,0,50,50,78
60,seq148,r_28_50_120,r_22_66_164,r_28_50_120,0.97,-30,90,120,78
12,r_20_149_114,seq25,r_1_105_6,r_20_149_114,0.76,0,114,114,78
17,r_14_111_36,seq18,seq92,r_14_111_36,1,0,36,36,78
59,seq18,r_115_64_147,r_76_84_14,r_76_84_14,0.98,1,15,14,78
93,seq109,r_132_97_167,r_45_103_116,r_45_103_116,0.95,52,168,116,79
36,r_120_24_72,seq114,seq2,r_120_24_72,1,1,73,72,79
9,r_71_19_11,r_9_125_190,r_123_21_76,r_123_21_76,0.89,0,76,76,79
50,seq0,r_69_99_21,seq101,r_69_99_21,0.91,0,21,21,79
83,seq78,seq110,r_117_113_46,r_117_113_46,1,143,189,46,79
19,r_57_105_181,seq142,r_85_32_187,r_85_32_187,0.75,-6,181,187,79
25,r_70_66_2,r_3_4_59,r_10_23_166,r_3_4_59,0.57,88,147,59,79
55,seq134,r_83_72_109,seq93,r_83_72_109,1,0,109,109,79
14,r_18_43_24,r_86_84_90,r_144_74_32,r_86_84_90,0.99,-18,72,90,79
16,r_89_11_122,seq139,r_79_80_16,r_89_11_122,0.97,0,122,122,79
21,r_36_98_91,r_70_66_2,seq15,r_36_98_91,0.95,0,91,91,79
1,r_68_31_150,r_127_16_172,seq51,r_68_31_150,0.86,0,150,150,79
39,r_133_30_18,r_107_58_93,r_89_11_122,r_133_30_18,0.97,0,18,18,79
34,r_37_87_129,r_39_118_15,seq128,r_39_118_15,0.81,0,15,15,79
84,seq141,r_10_23_166,r_3_4_59,r_3_4_59,1,7,66,59,79
9,r_71_19_11,seq17,r_9_125_190,r_71_19_11,0.96,0,11,11,79
30,r_86_84_90,seq56,r_18_43_24,r_18_43_24,0.92,-3,21,24,79
8,r_69_99_21,seq0,r_85_32_187,r_69_99_21,0.58,6,27,21,79
11,r_14_63_22,r_123_21_76,r_132_97_167,r_14_63_22,0.99,0,22,22,79
11,r_14_63_22,r_132_97_167,r_45_103_116,r_45_103_116,1,52,168,116,79
27,r_140_88_154,r_77_22_111,seq78,r_77_22_111,0.96,0,111,111,79
66,seq20,r_107_58_93,seq121,r_107_58_93,0.98,2,95,93,79
78,seq56,r_144_74_32,r_77_22_111,r_77_22_111,0.75,-16,95,111,79
61,seq13,r_79_80_16,r_148_143_48,r_148_143_48,0.89,-3,45,48,79
31,r_27_76_153,seq139,r_115_122_75,r_115_122_75,1,17,92,75,79
10,r_45_103_116,seq108,r_14_63_22,r_45_103_116,0.74,0,116,116,79
90,seq101,seq0,r_3_4_59,r_3_4_59,1,16,75,59,79
26,r_94_102_107,seq139,r_29_34_55,r_94_102_107,0.98,0,107,107,79
8,r_69_99_21,r_85_32_187,r_70_66_2,r_85_32_187,0.41,-56,131,187,79
72,seq48,seq92,r_127_16_172,r_127_16_172,0.93,0,172,172,79
14,r_18_43_24,r_57_105_181,r_86_84_90,r_18_43_24,1,0,24,24,79
63,seq15,r_115_122_75,seq12,r_115_122_75,0.48,0,75,75,79
42,r_59_136_177,r_42_100_45,seq124,r_42_100_45,0.98,1,46,45,79
20,r_127_16_172,seq35,seq48,r_127_16_172,0.64,1,173,172,79
13,r_96_138_1,r_65_145_149,seq104,r_65_145_149,0.77,0,149,149,79
0,r_42_100_45,r_59_136_177,seq67,r_42_100_45,0.97,0,45,45,79
6,r_9_125_190,seq35,r_29_34_55,r_29_34_55,0.48,135,190,55,79
62,seq142,r_57_105_181,r_86_84_90,r_86_84_90,1,87,177,90,79
92,seq108,seq52,r_49_116_131,r_49_116_131,0.95,2,133,131,79
39,r_133_30_18,seq90,r_115_122_75,r_133_30_18,0.47,83,101,18,79
99,seq124,r_59_136_177,r_83_72_109,r_83_72_109,0.72,17,126,109,79
24,r_61_26_84,r_59_136_177,seq38,r_61_26_84,0.62,62,146,84,79
30,r_86_84_90,r_18_43_24,seq142,r_86_84_90,1,0,90,90,79
18,r_79_80_16,seq5,seq112,r_79_80_16,1,1,17,16,79
39,r_133_30_18,r_89_11_122,seq90,r_133_30_18,0.52,40,58,18,79
2,r_85_32_187,seq75,r_69_99_21,r_85_32_187,0.32,0,187,187,79
47,r_115_122_75,seq15,r_27_76_153,r_115_122_75,1,0,75,75,79
43,r_39_118_15,r_37_87_129,seq1,r_39_118_15,0.91,0,15,15,79
40,r_77_22_111,seq17,seq56,r_77_22_111,0.98,6,117,111,79
29,r_129_82_132,r_64_135_138,seq104,r_129_82_132,0.69,1,133,132,79
24,r_61_26_84,r_120_24_72,seq73,r_120_24_72,0.78,3,75,72,79
45,r_6_7_39,r_28_47_152,seq62,r_6_7_39,1,0,39,39,79
34,r_37_87_129,seq128,r_107_58_93,r_37_87_129,0.96,-1,128,129,79
25,r_70_66_2,r_36_98_91,r_3_4_59,r_3_4_59,0.78,33,92,59,79
33,r_65_145_149,r_96_138_1,seq67,r_65_145_149,0.89,0,149,149,79
48,r_132_97_167,r_14_63_22,seq13,r_132_97_167,0.83,3,170,167,79
48,r_132_97_167,seq109,r_14_63_22,r_14_63_22,1,3,25,22,79
64,seq17,r_77_22_111,seq110,r_77_22_111,1,-6,105,111,79
47,r_115_122_75,r_27_76_153,seq139,r_27_76_153,1,0,153,153,79
97,seq119,r_64_135_138,r_83_72_109,r_64_135_138,0.66,16,154,138,79
22,r_60_126_40,r_140_88_154,seq67,r_60_126_40,1,0,40,40,79
58,seq128,r_37_87_129,r_127_16_172,r_127_16_172,0.44,14,186,172,79
65,seq147,r_49_116_131,seq41,r_49_116_131,1,0,131,131,79
19,r_57_105_181,r_18_43_24,seq142,r_18_43_24,1,1,25,24,79
42,r_59_136_177,seq124,seq20,r_59_136_177,0.78,0,177,177,79
32,r_64_135_138,seq51,seq44,r_64_135_138,0.93,1,139,138,79
78,seq56,r_86_84_90,r_144_74_32,r_144_74_32,0.95,-11,21,32,79
38,r_123_21_76,seq93,r_71_19_11,r_123_21_76,1,0,76,76,79
41,r_144_74_32,seq48,r_18_43_24,r_144_74_32,1,1,33,32,79
27,r_140_88_154,seq78,r_123_21_76,r_140_88_154,0.94,1,155,154,79
8,r_69_99_21,r_70_66_2,r_85_32_187,r_85_32_187,0.72,-5,182,187,79
60,seq12,seq15,r_36_98_91,r_36_98_91,0.97,1,92,91,79
45,r_6_7_39,seq62,r_27_76_153,r_27_76_153,0.99,3,156,153,79
81,seq73,r_61_26_84,seq114,r_61_26_84,1,0,84,84,79
17,r_83_72_109,seq134,seq124,r_83_72_109,1,0,109,109,79
27,r_140_88_154,r_60_126_40,r_77_22_111,r_60_126_40,1,0,40,40,79
94,seq110,r_77_22_111,seq17,r_77_22_111,1,-6,105,111,79
96,seq114,r_120_24_72,seq73,r_120_24_72,1,3,75,72,79
31,r_27_76_153,r_115_122_75,r_6_7_39,r_27_76_153,1,0,153,153,79
28,r_29_34_55,seq50,r_94_102_107,r_29_34_55,0.98,52,107,55,79
91,seq104,seq48,r_129_82_132,r_129_82_132,0.9,19,151,132,79
7,r_49_116_131,seq147,seq108,r_49_116_131,0.97,0,131,131,79
12,r_107_58_93,r_14_63_22,r_37_87_129,r_37_87_129,0.95,3,132,129,79
18,r_79_80_16,seq112,r_89_11_122,r_89_11_122,1,0,122,122,79
44,r_3_4_59,seq110,seq101,r_3_4_59,1,3,62,59,79
23,r_95_106_179,r_46_146_195,r_127_16_172,r_95_106_179,0.14,0,179,179,79
5,r_148_143_48,r_120_24_72,seq13,r_148_143_48,1,1,49,48,79
79,seq62,seq131,r_6_7_39,r_6_7_39,1,1,40,39,79
35,r_111_40_60,seq119,r_39_118_15,r_111_40_60,0.98,0,60,60,79
24,r_61_26_84,seq73,r_59_136_177,r_61_26_84,0.56,4,88,84,79
12,r_107_58_93,seq20,r_14_63_22,r_107_58_93,0.64,1,94,93,79
43,r_39_118_15,seq1,r_111_40_60,r_111_40_60,1,0,60,60,79
93,seq104,seq73,r_141_30_95,r_141_30_95,1,5,100,95,80
26,r_101_31_27,r_108_138_198,r_111_135_98,r_101_31_27,0.84,0,27,27,80
30,r_109_103_74,r_134_36_178,seq73,r_109_103_74,1,0,74,74,80
42,r_1_95_123,seq114,r_42_41_51,r_1_95_123,0.99,1,124,123,80
36,r_23_121_133,r_115_74_141,r_118_54_14,r_115_74_141,0.74,-4,137,141,80
58,seq12,seq93,r_116_14_160,r_116_14_160,0.96,2,162,160,80
19,r_49_34_185,seq98,r_39_45_69,r_49_34_185,0.85,-74,111,185,80
15,r_105_72_170,r_49_34_185,r_116_14_160,r_105_72_170,0.57,-84,86,170,80
5,r_11_99_184,r_85_27_136,r_108_138_198,r_85_27_136,0.88,48,184,136,80
44,r_107_126_77,r_105_72_170,seq32,r_107_126_77,0.98,0,77,77,80
3,r_111_135_98,r_101_31_27,seq63,r_111_135_98,1,0,98,98,80
55,seq136,r_109_103_74,r_134_36_178,r_109_103_74,1,0,74,74,80
21,r_10_62_80,r_49_34_185,seq125,r_10_62_80,0.99,0,80,80,80
39,r_122_145_153,r_11_99_184,r_42_41_51,r_122_145_153,0.8,0,153,153,80
1,r_141_30_95,r_25_148_109,r_109_103_74,r_141_30_95,0.99,0,95,95,80
97,seq120,r_78_3_103,seq46,r_78_3_103,1,1,104,103,80
5,r_11_99_184,r_50_68_125,r_122_145_153,r_50_68_125,0.86,0,125,125,80
42,r_1_95_123,r_26_91_112,seq114,r_26_91_112,0.79,-7,105,112,80
6,r_90_127_56,r_134_36_178,seq137,r_90_127_56,1,0,56,56,80
80,seq64,r_92_6_99,seq32,r_92_6_99,1,-27,72,99,80
37,r_118_54_14,r_141_30_95,seq113,r_118_54_14,0.95,0,14,14,80
45,r_40_48_117,seq46,r_141_30_95,r_40_48_117,0.99,1,118,117,80
19,r_49_34_185,r_10_62_80,seq98,r_10_62_80,0.97,0,80,80,80
38,r_83_9_3,seq46,r_42_41_51,r_83_9_3,0.7,48,51,3,80
27,r_8_133_17,r_119_66_162,r_85_27_136,r_8_133_17,0.85,145,162,17,80
29,r_59_5_144,r_65_100_90,r_61_4_28,r_59_5_144,0.95,-106,38,144,80
78,seq60,seq38,r_50_68_125,r_50_68_125,0.93,6,131,125,80
76,seq56,r_134_36_178,r_24_52_70,r_24_52_70,0.99,109,179,70,80
31,r_75_70_67,seq113,seq13,r_75_70_67,1,0,67,67,80
27,r_8_133_17,r_24_52_70,r_119_66_162,r_8_133_17,0.93,0,17,17,80
89,seq89,r_78_3_103,seq46,r_78_3_103,0.96,1,104,103,80
55,seq136,r_134_36_178,r_24_52_70,r_24_52_70,0.92,-7,63,70,80
10,r_86_18_143,seq80,seq76,r_86_18_143,0.37,0,143,143,80
72,seq44,seq140,r_24_52_70,r_24_52_70,1,1,71,70,80
5,r_11_99_184,r_122_145_153,r_85_27_136,r_122_145_153,0.96,0,153,153,80
4,r_25_148_109,seq76,seq142,r_25_148_109,0.95,0,109,109,80
0,r_149_43_176,seq125,r_112_131_106,r_112_131_106,0.92,2,108,106,80
63,seq146,seq64,r_141_30_95,r_141_30_95,1,40,135,95,80
11,r_39_45_69,r_112_131_106,seq69,r_39_45_69,1,1,70,69,80
2,r_116_14_160,r_16_82_44,r_105_72_170,r_16_82_44,1,-1,43,44,80
46,r_16_82_44,r_116_14_160,seq143,r_16_82_44,1,-1,43,44,80
20,r_85_27_136,seq140,r_11_99_184,r_85_27_136,0.91,0,136,136,80
98,seq123,r_124_53_156,r_65_100_90,r_65_100_90,0.93,1,91,90,80
15,r_105_72_170,r_107_126_77,r_49_34_185,r_107_126_77,0.41,-5,72,77,80
15,r_105_72_170,r_92_6_99,r_16_82_44,r_105_72_170,0.97,0,170,170,80
49,r_119_66_162,r_8_133_17,r_124_53_156,r_119_66_162,0.97,0,162,162,80
57,seq139,seq144,r_26_91_112,r_26_91_112,0.97,11,123,112,80
13,r_61_4_28,r_59_5_144,seq12,r_59_5_144,0.68,0,144,144,80
43,r_108_138_198,seq20,seq38,r_108_138_198,0.34,-36,162,198,80
2,r_116_14_160,r_105_72_170,r_86_18_143,r_116_14_160,0.87,0,160,160,80
99,seq125,seq114,r_10_62_80,r_10_62_80,1,8,88,80,80
0,r_149_43_176,r_112_131_106,r_141_30_95,r_149_43_176,0.92,0,176,176,80
43,r_108_138_198,r_101_31_27,seq38,r_108_138_198,0.65,-172,26,198,80
8,r_87_15_24,r_149_43_176,seq128,r_87_15_24,0.52,1,25,24,80
92,seq102,r_122_145_153,r_119_66_162,r_119_66_162,0.36,-120,42,162,80
52,seq2,r_58_96_25,r_17_21_59,r_17_21_59,0.69,32,91,59,80
41,r_110_88_55,r_42_41_51,seq125,r_110_88_55,1,-3,52,55,80
43,r_108_138_198,seq38,r_11_99_184,r_11_99_184,0.88,-4,180,184,80
47,r_50_68_125,r_11_99_184,seq60,r_50_68_125,0.95,0,125,125,80
25,r_58_96_25,seq38,r_35_97_161,r_58_96_25,1,0,25,25,80
3,r_111_135_98,seq2,r_101_31_27,r_111_135_98,0.68,-71,27,98,80
40,r_35_97_161,r_58_96_25,seq120,r_58_96_25,0.5,136,161,25,80
74,seq47,seq98,r_39_45_69,r_39_45_69,1,22,91,69,80
18,r_26_91_112,r_1_95_123,seq139,r_26_91_112,0.96,0,112,112,80
85,seq76,seq93,r_86_18_143,r_86_18_143,0.83,0,143,143,80
58,seq12,r_24_52_70,seq93,r_24_52_70,1,1,71,70,80
20,r_85_27_136,r_11_99_184,r_8_133_17,r_11_99_184,0.97,0,184,184,80
32,r_65_100_90,r_59_5_144,seq123,r_65_100_90,0.99,0,90,90,80
92,seq102,r_11_99_184,r_110_88_55,r_110_88_55,0.54,-21,34,55,80
44,r_107_126_77,r_116_14_160,r_105_72_170,r_105_72_170,0.45,-121,49,170,80
51,seq128,r_86_18_143,r_87_15_24,r_87_15_24,0.84,7,31,24,80
17,r_24_52_70,seq12,seq44,r_24_52_70,1,0,70,70,80
25,r_58_96_25,r_35_97_161,r_78_3_103,r_58_96_25,0.8,138,163,25,80
9,r_147_37_89,seq64,r_39_45_69,r_147_37_89,0.71,7,96,89,80
26,r_101_31_27,r_111_135_98,r_17_21_59,r_111_135_98,0.67,0,98,98,80
96,seq114,seq125,r_110_88_55,r_110_88_55,1,33,88,55,80
33,r_42_41_51,r_110_88_55,r_83_9_3,r_42_41_51,1,1,52,51,80
28,r_112_131_106,r_149_43_176,r_10_62_80,r_149_43_176,0.69,1,177,176,80
29,r_59_5_144,r_61_4_28,seq63,r_59_5_144,0.94,0,144,144,80
22,r_78_3_103,seq89,seq2,r_78_3_103,0.97,7,110,103,80
28,r_112_131_106,r_39_45_69,r_149_43_176,r_112_131_106,0.99,0,106,106,80
91,seq98,seq47,r_39_45_69,r_39_45_69,1,98,167,69,80
15,r_105_72_170,r_116_14_160,r_92_6_99,r_92_6_99,0.94,0,99,99,80
34,r_79_94_35,seq55,seq19,r_79_94_35,1,0,35,35,80
49,r_119_66_162,r_17_21_59,r_8_133_17,r_17_21_59,1,0,59,59,80
56,seq137,seq132,r_90_127_56,r_90_127_56,1,35,91,56,80
7,r_17_21_59,r_119_66_162,r_101_31_27,r_17_21_59,1,1,60,59,80
13,r_61_4_28,seq144,r_59_5_144,r_61_4_28,1,0,28,28,80
23,r_92_6_99,seq64,r_105_72_170,r_92_6_99,0.99,0,99,99,80
10,r_86_18_143,seq76,r_116_14_160,r_116_14_160,0.75,12,172,160,80
61,seq143,seq106,r_79_94_35,r_79_94_35,0.89,17,52,35,80
23,r_92_6_99,r_105_72_170,r_39_45_69,r_105_72_170,0.63,1,171,170,80
84,seq73,seq104,r_109_103_74,r_109_103_74,1,34,108,74,80
40,r_147_14_33,r_45_19_167,r_26_81_141,r_147_14_33,0.53,136,169,33,81
30,r_126_102_108,seq27,r_52_73_162,r_126_102_108,0.98,0,108,108,81
36,r_146_23_76,seq118,seq82,r_146_23_76,1,-1,75,76,81
26,r_1_110_60,seq2,r_31_12_94,r_31_12_94,0.94,5,99,94,81
14,r_5_123_187,seq144,r_66_139_156,r_66_139_156,0.86,1,157,156,81
8,r_127_109_87,r_132_38_134,r_66_139_156,r_127_109_87,0.83,0,87,87,81
53,seq133,seq11,r_70_29_163,r_70_29_163,0.89,3,166,163,81
17,r_121_108_133,seq64,seq131,r_121_108_133,0.36,-111,22,133,81
18,r_93_41_46,r_69_90_34,seq20,r_69_90_34,0.99,0,34,34,81
5,r_134_58_149,seq138,r_121_108_133,r_134_58_149,0.53,-11,138,149,81
59,seq144,r_5_123_187,r_66_139_156,r_66_139_156,0.83,-1,155,156,81
18,r_93_41_46,seq42,r_44_103_97,r_93_41_46,0.48,104,150,46,81
86,seq79,r_40_114_91,seq30,r_40_114_91,1,0,91,91,81
16,r_132_38_134,r_127_109_87,seq107,r_127_109_87,0.98,0,87,87,81
39,r_63_85_74,r_70_29_163,seq142,r_63_85_74,1,0,74,74,81
1,r_98_84_100,r_134_58_149,r_69_90_34,r_98_84_100,1,1,101,100,81
5,r_134_58_149,r_98_84_100,seq138,r_134_58_149,0.5,-44,105,149,81
46,r_56_15_131,seq71,seq53,r_56_15_131,0.88,0,131,131,81
42,r_44_103_97,seq144,r_50_145_54,r_44_103_97,1,1,98,97,81
80,seq67,r_1_110_60,seq55,r_1_110_60,1,0,60,60,81
45,r_100_17_114,seq105,r_140_74_69,r_140_74_69,1,10,79,69,81
16,r_132_38_134,seq107,r_86_48_128,r_132_38_134,1,0,134,134,81
43,r_18_33_84,r_126_102_108,r_66_139_156,r_18_33_84,0.46,-32,52,84,81
19,r_66_139_156,r_127_109_87,r_5_123_187,r_66_139_156,0.92,0,156,156,81
5,r_134_58_149,r_121_108_133,r_75_16_112,r_134_58_149,0.68,0,149,149,81
95,seq115,seq35,r_86_48_128,r_86_48_128,1,-1,127,128,81
76,seq60,r_51_32_154,seq21,r_51_32_154,1,0,154,154,81
31,r_128_136_111,seq24,seq115,r_128_136_111,0.87,0,111,111,81
0,r_4_96_166,seq144,seq125,r_4_96_166,0.43,2,168,166,81
89,seq91,r_70_29_163,r_26_81_141,r_26_81_141,0.6,-1,140,141,81
41,r_119_59_70,seq2,seq129,r_119_59_70,0.96,1,71,70,81
96,seq118,r_119_59_70,r_101_0_158,r_101_0_158,0.75,6,164,158,81
3,r_140_74_69,r_45_19_167,r_100_17_114,r_140_74_69,1,1,70,69,81
26,r_1_110_60,seq67,seq2,r_1_110_60,0.95,0,60,60,81
8,r_127_109_87,r_66_139_156,r_100_17_114,r_127_109_87,0.93,70,157,87,81
18,r_93_41_46,r_54_76_193,r_146_23_76,r_146_23_76,0.45,13,89,76,81
4,r_40_114_91,seq79,seq71,r_40_114_91,1,0,91,91,81
33,r_116_141_48,r_52_73_162,seq113,r_116_141_48,1,0,48,48,81
3,r_140_74_69,r_100_17_114,r_44_103_97,r_140_74_69,0.98,47,116,69,81
19,r_66_139_156,r_126_102_108,r_18_33_84,r_126_102_108,0.47,-63,45,108,81
73,seq53,r_75_16_112,seq142,r_75_16_112,0.92,-7,105,112,81
20,r_70_29_163,r_8_99_126,r_45_19_167,r_8_99_126,0.92,0,126,126,81
31,r_128_136_111,seq115,r_7_6_148,r_7_6_148,1,3,151,148,81
13,r_36_97_66,seq71,seq11,r_36_97_66,1,0,66,66,81
98,seq125,r_70_29_163,r_26_81_141,r_26_81_141,0.7,1,142,141,81
11,r_52_73_162,seq92,r_126_102_108,r_126_102_108,0.93,2,110,108,81
15,r_7_6_148,seq77,r_128_136_111,r_7_6_148,0.67,0,148,148,81
11,r_52_73_162,r_116_141_48,r_25_148_88,r_116_141_48,0.97,3,51,48,81
57,seq11,r_22_89_146,r_36_97_66,r_36_97_66,0.99,-1,65,66,81
45,r_100_17_114,r_140_74_69,r_124_46_83,r_100_17_114,0.99,0,114,114,81
6,r_87_143_137,seq24,seq27,r_87_143_137,0.9,0,137,137,81
62,seq21,r_130_43_173,r_80_10_43,r_80_10_43,1,93,136,43,81
40,r_147_14_33,r_52_73_162,r_45_19_167,r_147_14_33,1,0,33,33,81
85,seq78,r_5_123_187,r_104_65_145,r_104_65_145,0.66,-3,142,145,81
19,r_66_139_156,r_18_33_84,r_127_109_87,r_66_139_156,0.88,-71,85,156,81
0,r_4_96_166,r_117_49_109,seq144,r_4_96_166,0.6,-57,109,166,81
0,r_4_96_166,r_80_10_43,r_117_49_109,r_80_10_43,1,1,44,43,81
27,r_8_99_126,r_70_29_163,seq91,r_70_29_163,0.39,-37,126,163,81
30,r_126_102_108,r_52_73_162,r_45_19_167,r_52_73_162,0.75,0,162,162,81
87,seq82,seq142,r_146_23_76,r_146_23_76,0.91,2,78,76,81
41,r_119_59_70,r_7_6_148,seq2,r_119_59_70,0.63,-23,47,70,81
2,r_45_19_167,r_104_65_145,r_147_14_33,r_147_14_33,0.9,112,145,33,81
11,r_52_73_162,r_126_102_108,r_128_136_111,r_52_73_162,0.87,0,162,162,81
29,r_51_32_154,seq60,seq77,r_51_32_154,0.89,0,154,154,81
24,r_106_88_82,seq34,seq39,r_106_88_82,1,1,83,82,81
27,r_8_99_126,seq91,r_1_110_60,r_8_99_126,0.68,13,139,126,81
20,r_70_29_163,r_45_19_167,seq133,r_70_29_163,1,0,163,163,81
64,seq27,r_126_102_108,seq107,r_126_102_108,1,0,108,108,81
88,seq83,seq105,r_18_33_84,r_18_33_84,1,4,88,84,81
58,seq142,seq53,r_63_85_74,r_63_85_74,1,0,74,74,81
61,seq20,seq60,r_130_43_173,r_130_43_173,0.29,1,174,173,81
32,r_124_46_83,seq71,r_132_38_134,r_124_46_83,0.88,0,83,83,81
2,r_45_19_167,r_147_14_33,seq47,r_147_14_33,0.53,136,169,33,81
38,r_22_89_146,r_95_94_169,seq125,r_22_89_146,0.81,0,146,146,81
52,seq3,seq144,r_66_139_156,r_66_139_156,0.97,10,166,156,81
94,seq113,r_70_29_163,r_116_141_48,r_116_141_48,1,0,48,48,81
19,r_66_139_156,r_5_123_187,seq3,r_5_123_187,0.83,0,187,187,81
17,r_121_108_133,r_134_58_149,seq68,r_121_108_133,0.57,16,149,133,81
60,seq131,r_121_108_133,seq79,r_121_108_133,0.93,-1,132,133,81
43,r_18_33_84,r_66_139_156,seq83,r_18_33_84,0.99,0,84,84,81
9,r_117_49_109,r_4_96_166,seq47,r_117_49_109,0.95,2,111,109,81
21,r_69_90_34,r_93_41_46,seq125,r_69_90_34,1,0,34,34,81
22,r_13_122_150,seq11,r_44_103_97,r_13_122_150,0.8,0,150,150,81
28,r_104_65_145,r_45_19_167,seq78,r_104_65_145,0.89,0,145,145,81
35,r_80_10_43,r_4_96_166,seq21,r_80_10_43,1,0,43,43,81
23,r_25_148_88,r_52_73_162,seq39,r_25_148_88,0.77,0,88,88,81
17,r_121_108_133,seq131,r_134_58_149,r_121_108_133,0.36,0,133,133,81
11,r_52_73_162,r_25_148_88,seq92,r_52_73_162,0.34,-75,87,162,81
32,r_124_46_83,r_132_38_134,r_100_17_114,r_124_46_83,0.78,51,134,83,81
14,r_5_123_187,r_66_139_156,seq91,r_5_123_187,0.8,0,187,187,81
37,r_75_16_112,seq72,r_134_58_149,r_75_16_112,0.72,37,149,112,81
12,r_31_12_94,seq115,r_1_110_60,r_31_12_94,0.99,0,94,94,81
82,seq71,r_36_97_66,r_124_46_83,r_36_97_66,0.7,-36,30,66,81
47,r_50_145_54,seq105,r_44_103_97,r_44_103_97,1,8,105,97,81
30,r_106_84_176,r_146_67_95,r_76_104_101,r_106_84_176,0.69,-102,74,176,82
36,r_78_37_113,seq131,seq73,r_78_37_113,0.96,0,113,113,82
93,seq116,seq112,r_118_95_22,r_118_95_22,1,11,33,22,82
14,r_47_71_81,r_28_137_120,seq7,r_47_71_81,1,0,81,81,82
9,r_101_69_131,r_49_88_58,seq110,r_101_69_131,1,0,131,131,82
8,r_34_11_133,r_39_123_154,seq70,r_34_11_133,0.97,0,133,133,82
7,r_48_38_31,r_101_69_131,r_58_32_188,r_48_38_31,1,0,31,31,82
37,r_35_60_163,r_12_132_127,r_1_6_77,r_1_6_77,0.91,24,101,77,82
22,r_49_88_58,r_19_83_4,r_101_69_131,r_49_88_58,0.82,-1,57,58,82
17,r_118_95_22,r_96_128_38,r_111_125_11,r_118_95_22,0.96,1,23,22,82
55,seq7,seq15,r_47_71_81,r_47_71_81,1,8,89,81,82
71,seq53,r_39_123_154,seq115,r_39_123_154,0.99,0,154,154,82
16,r_146_67_95,r_106_84_176,r_113_144_21,r_113_144_21,0.54,74,95,21,82
39,r_39_123_154,seq53,r_66_147_46,r_39_123_154,0.97,0,154,154,82
1,r_72_82_111,seq42,seq62,r_72_82_111,0.95,0,111,111,82
97,seq121,r_78_37_113,seq126,r_78_37_113,0.8,-49,64,113,82
5,r_114_44_166,seq52,r_72_82_111,r_72_82_111,0.46,56,167,111,82
42,r_5_64_70,seq110,seq143,r_5_64_70,1,0,70,70,82
32,r_103_149_26,r_74_21_191,r_58_32_188,r_58_32_188,0.81,2,190,188,82
7,r_48_38_31,r_58_32_188,r_12_132_127,r_12_132_127,1,62,189,127,82
45,r_45_138_159,seq53,seq143,r_45_138_159,0.71,1,160,159,82
19,r_13_26_65,r_22_80_72,r_97_43_183,r_13_26_65,0.99,4,69,65,82
66,seq36,r_18_41_96,seq142,r_18_41_96,1,1,97,96,82
78,seq77,seq40,r_9_122_108,r_9_122_108,0.99,0,108,108,82
76,seq73,seq102,r_78_37_113,r_78_37_113,1,-1,112,113,82
41,r_97_43_183,seq135,r_114_44_166,r_97_43_183,0.3,-11,172,183,82
26,r_141_57_74,r_2_54_18,r_111_125_11,r_141_57_74,0.97,-63,11,74,82
89,seq109,r_16_30_35,r_1_6_77,r_1_6_77,1,0,77,77,82
34,r_105_29_137,r_74_21_191,r_85_55_36,r_85_55_36,1,3,39,36,82
38,r_93_124_162,seq89,seq139,r_93_124_162,0.69,-136,26,162,82
96,seq120,r_114_44_166,seq134,r_114_44_166,0.42,-25,141,166,82
3,r_12_132_127,seq117,r_28_137_120,r_12_132_127,0.94,0,127,127,82
10,r_1_6_77,r_28_137_120,seq109,r_1_6_77,1,0,77,77,82
90,seq110,seq135,r_101_69_131,r_101_69_131,1,3,134,131,82
12,r_16_30_35,seq142,seq109,r_16_30_35,0.77,1,36,35,82
78,seq77,r_63_86_61,seq40,r_63_86_61,0.95,2,63,61,82
11,r_4_3_143,r_76_104_101,r_108_99_99,r_4_3_143,0.5,-41,102,143,82
98,seq126,r_78_37_113,seq23,r_78_37_113,0.89,-33,80,113,82
12,r_16_30_35,seq109,r_22_80_72,r_22_80_72,1,5,77,72,82
15,r_91_14_151,seq75,seq73,r_91_14_151,0.87,0,151,151,82
48,r_22_80_72,seq107,r_16_30_35,r_22_80_72,1,0,72,72,82
57,seq140,r_39_123_154,r_2_54_18,r_39_123_154,0.63,-55,99,154,82
38,r_93_124_162,seq121,r_141_57_74,r_141_57_74,0.91,2,76,74,82
6,r_9_122_108,seq130,seq77,r_9_122_108,0.99,0,108,108,82
47,r_74_21_191,r_105_29_137,r_103_149_26,r_103_149_26,0.92,22,48,26,82
2,r_58_32_188,r_48_38_31,r_85_55_36,r_48_38_31,0.45,157,188,31,82
20,r_2_54_18,seq112,seq33,r_2_54_18,0.98,0,18,18,82
18,r_63_86_61,r_46_8_142,seq92,r_46_8_142,0.82,-48,94,142,82
30,r_106_84_176,r_76_104_101,r_12_132_127,r_106_84_176,0.52,2,178,176,82
38,r_93_124_162,r_141_57_74,r_72_82_111,r_93_124_162,0.6,0,162,162,82
22,r_49_88_58,r_101_69_131,seq33,r_101_69_131,0.86,1,132,131,82
40,r_50_68_161,seq70,r_94_81_49,r_50_68_161,0.63,0,161,161,82
74,seq62,seq87,r_72_82_111,r_72_82_111,1,19,130,111,82
18,r_63_86_61,seq77,r_46_8_142,r_63_86_61,1,0,61,61,82
24,r_76_104_101,r_4_3_143,r_106_84_176,r_4_3_143,0.86,-37,106,143,82
34,r_105_29_137,r_85_55_36,seq70,r_105_29_137,0.93,-9,128,137,82
35,r_113_144_21,seq109,r_146_67_95,r_146_67_95,1,79,174,95,82
43,r_85_55_36,r_105_29_137,r_103_149_26,r_105_29_137,0.89,-2,135,137,82
43,r_85_55_36,r_47_71_81,r_105_29_137,r_85_55_36,1,1,37,36,82
88,seq107,r_22_80_72,seq70,r_22_80_72,0.92,2,74,72,82
37,r_35_60_163,r_1_6_77,seq15,r_35_60_163,0.94,-3,160,163,82
50,seq0,seq135,r_63_86_61,r_63_86_61,1,104,165,61,82
27,r_94_81_49,r_59_31_197,seq117,r_94_81_49,0.99,0,49,49,82
35,r_113_144_21,r_97_43_183,seq109,r_113_144_21,1,2,23,21,82
77,seq75,r_91_14_151,seq133,r_91_14_151,1,0,151,151,82
21,r_96_128_38,seq70,r_2_54_18,r_96_128_38,0.99,0,38,38,82
13,r_136_129_40,seq142,r_4_3_143,r_136_129_40,0.98,4,44,40,82
65,seq33,seq119,r_2_54_18,r_2_54_18,1,0,18,18,82
25,r_66_147_46,r_114_44_166,r_39_123_154,r_39_123_154,0.43,0,154,154,82
32,r_103_149_26,seq143,r_74_21_191,r_103_149_26,0.99,0,26,26,82
25,r_66_147_46,seq62,r_114_44_166,r_66_147_46,0.5,0,46,46,82
26,r_141_57_74,r_111_125_11,r_93_124_162,r_141_57_74,1,0,74,74,82
9,r_101_69_131,r_48_38_31,r_65_27_94,r_48_38_31,0.79,-2,29,31,82
31,r_111_125_11,r_141_57_74,r_118_95_22,r_141_57_74,1,0,74,74,82
11,r_4_3_143,r_108_99_99,r_136_129_40,r_4_3_143,0.84,0,143,143,82
31,r_111_125_11,seq52,r_141_57_74,r_111_125_11,0.93,0,11,11,82
28,r_108_99_99,seq133,r_4_3_143,r_108_99_99,0.44,0,99,99,82
91,seq112,seq116,r_118_95_22,r_118_95_22,0.9,117,139,22,82
44,r_51_79_144,seq116,seq121,r_51_79_144,0.6,-1,143,144,82
28,r_108_99_99,r_4_3_143,seq135,r_4_3_143,0.84,0,143,143,82
26,r_141_57_74,r_93_124_162,seq121,r_93_124_162,0.84,1,163,162,82
82,seq92,seq87,r_63_86_61,r_63_86_61,1,1,62,61,82
49,r_18_41_96,r_146_67_95,r_103_149_26,r_18_41_96,0.48,57,153,96,82
2,r_58_32_188,seq73,r_48_38_31,r_48_38_31,1,14,45,31,82
9,r_101_69_131,r_65_27_94,r_49_88_58,r_101_69_131,0.52,-65,66,131,82
66,seq32,r_130_31_12,r_8_3_10,r_130_31_12,0.55,129,141,12,83
60,seq19,r_8_3_10,seq30,r_8_3_10,0.55,3,13,10,83
53,seq137,r_24_70_187,r_5_45_86,r_24_70_187,0.66,-51,136,187,83
54,seq11,r_53_90_181,seq18,r_53_90_181,0.29,-101,80,181,83
83,seq85,r_142_124_66,r_17_7_111,r_142_124_66,0.91,-2,64,66,83
13,r_106_140_103,r_91_16_139,seq136,r_91_16_139,0.98,1,140,139,83
59,seq18,seq77,r_59_141_102,r_59_141_102,1,22,124,102,83
87,seq99,r_55_76_56,r_130_31_12,r_130_31_12,0.67,0,12,12,83
33,r_71_69_179,seq20,r_53_90_181,r_71_69_179,0.88,0,179,179,83
16,r_13_95_95,r_84_25_41,seq33,r_84_25_41,0.83,0,41,41,83
66,seq32,r_55_76_56,r_130_31_12,r_55_76_56,0.86,-19,37,56,83
1,r_59_141_102,seq118,seq18,r_59_141_102,0.99,0,102,102,83
46,r_22_114_91,seq129,seq15,r_22_114_91,0.98,0,91,91,83
62,seq21,r_64_139_42,r_123_9_19,r_64_139_42,0.77,0,42,42,83
12,r_52_146_69,r_101_28_14,r_80_26_22,r_52_146_69,1,0,69,69,83
8,r_88_36_6,seq78,seq35,r_88_36_6,0.57,55,61,6,83
19,r_143_72_122,seq43,r_128_57_193,r_143_72_122,0.98,0,122,122,83
30,r_89_127_46,r_13_95_95,seq33,r_13_95_95,1,2,97,95,83
30,r_89_127_46,r_37_10_58,r_13_95_95,r_89_127_46,1,0,46,46,83
16,r_13_95_95,r_89_127_46,seq65,r_13_95_95,1,1,96,95,83
95,seq119,seq43,r_74_54_155,r_74_54_155,0.99,4,159,155,83
35,r_117_12_170,r_102_149_116,seq87,r_117_12_170,0.71,17,187,170,83
61,seq20,r_98_6_45,r_71_69_179,r_98_6_45,1,0,45,45,83
39,r_148_97_124,r_37_10_58,r_143_72_122,r_37_10_58,0.75,66,124,58,83
12,r_52_146_69,r_80_26_22,r_79_92_47,r_52_146_69,0.33,97,166,69,83
91,seq108,seq111,r_47_109_166,r_47_109_166,0.84,0,166,166,83
10,r_38_60_161,seq78,seq61,r_38_60_161,0.58,-148,13,161,83
21,r_37_10_58,r_48_75_3,r_148_97_124,r_37_10_58,0.97,0,58,58,83
3,r_122_112_175,seq87,seq82,r_122_112_175,0.3,0,175,175,83
90,seq107,r_106_140_103,r_117_12_170,r_106_140_103,0.81,0,103,103,83
32,r_91_16_139,r_106_140_103,r_133_94_20,r_91_16_139,0.99,0,139,139,83
14,r_133_94_20,seq35,r_91_16_139,r_91_16_139,1,15,154,139,83
81,seq78,r_80_26_22,r_88_36_6,r_80_26_22,0.86,0,22,22,83
0,r_24_70_187,seq85,r_68_83_37,r_68_83_37,0.65,150,187,37,83
11,r_2_104_125,r_134_63_144,seq145,r_2_104_125,0.63,0,125,125,83
15,r_102_149_116,seq145,r_117_12_170,r_102_149_116,0.66,55,171,116,83
13,r_106_140_103,seq107,r_91_16_139,r_106_140_103,0.84,0,103,103,83
15,r_102_149_116,r_39_100_117,seq145,r_102_149_116,0.94,0,116,116,83
94,seq118,seq65,r_80_26_22,r_80_26_22,1,2,24,22,83
6,r_47_109_166,r_71_69_179,seq108,r_47_109_166,0.59,2,168,166,83
14,r_133_94_20,r_2_104_125,seq35,r_133_94_20,1,-1,19,20,83
31,r_101_28_14,r_52_146_69,r_142_124_66,r_101_28_14,0.99,55,69,14,83
45,r_98_6_45,seq20,r_84_25_41,r_98_6_45,0.9,0,45,45,83
2,r_142_124_66,r_101_28_14,r_17_7_111,r_17_7_111,1,7,118,111,83
36,r_66_147_26,r_67_113_141,r_79_92_47,r_67_113_141,0.55,1,142,141,83
10,r_38_60_161,seq61,seq144,r_38_60_161,0.54,5,166,161,83
27,r_4_50_176,r_115_29_85,seq40,r_115_29_85,0.48,0,85,85,83
98,seq125,r_52_146_69,r_101_28_14,r_101_28_14,0.47,3,17,14,83
26,r_84_25_41,r_13_95_95,r_98_6_45,r_84_25_41,1,0,41,41,83
4,r_123_9_19,seq14,seq21,r_123_9_19,1,0,19,19,83
27,r_4_50_176,r_73_131_92,seq30,r_4_50_176,0.66,12,188,176,83
36,r_66_147_26,seq27,r_67_113_141,r_66_147_26,1,1,27,26,83
37,r_8_3_10,r_55_76_56,seq32,r_55_76_56,0.95,1,57,56,83
31,r_101_28_14,r_64_139_42,r_52_146_69,r_101_28_14,0.65,0,14,14,83
41,r_79_92_47,r_106_140_103,seq82,r_79_92_47,0.95,0,47,47,83
2,r_142_124_66,seq85,r_101_28_14,r_142_124_66,0.96,0,66,66,83
47,r_128_57_193,seq129,r_143_72_122,r_143_72_122,1,7,129,122,83
39,r_148_97_124,seq107,r_37_10_58,r_37_10_58,0.99,0,58,58,83
40,r_130_31_12,r_24_70_187,seq99,r_130_31_12,0.95,0,12,12,83
61,seq20,r_71_69_179,seq42,r_71_69_179,0.42,7,186,179,83
20,r_55_76_56,r_8_3_10,seq27,r_55_76_56,1,-1,55,56,83
25,r_74_54_155,seq40,seq119,r_74_54_155,0.77,0,155,155,83
16,r_13_95_95,seq33,r_89_127_46,r_89_127_46,0.56,7,53,46,83
33,r_71_69_179,r_47_109_166,seq20,r_71_69_179,0.34,-11,168,179,83
48,r_67_113_141,r_66_147_26,seq20,r_66_147_26,0.56,116,142,26,83
91,seq108,r_102_149_116,seq111,r_102_149_116,0.98,6,122,116,83
88,seq103,r_53_90_181,r_5_45_86,r_5_45_86,1,3,89,86,83
70,seq40,r_74_54_155,r_4_50_176,r_74_54_155,0.4,0,155,155,83
42,r_80_26_22,seq78,seq118,r_80_26_22,1,0,22,22,83
64,seq27,r_66_147_26,r_138_41_108,r_66_147_26,0.83,1,27,26,83
32,r_91_16_139,seq105,r_106_140_103,r_106_140_103,0.96,5,108,103,83
38,r_44_86_190,r_13_95_95,r_51_96_195,r_13_95_95,0.93,-28,67,95,83
48,r_67_113_141,r_53_90_181,r_66_147_26,r_66_147_26,1,1,27,26,83
19,r_143_72_122,r_128_57_193,r_64_139_42,r_143_72_122,0.53,55,177,122,83
34,r_5_45_86,seq108,seq103,r_5_45_86,1,0,86,86,83
24,r_68_83_37,seq116,seq19,r_68_83_37,0.97,0,37,37,83
21,r_37_10_58,r_148_97_124,seq107,r_148_97_124,0.84,0,124,124,83
49,r_110_81_23,r_4_50_176,seq87,r_110_81_23,1,0,23,23,83
21,r_37_10_58,r_89_127_46,r_48_75_3,r_37_10_58,0.74,-20,38,58,83
54,seq11,r_24_70_187,r_66_147_26,r_66_147_26,0.36,164,190,26,83
12,r_52_146_69,seq125,r_101_28_14,r_101_28_14,0.81,2,16,14,83
8,r_88_36_6,seq35,seq78,r_88_36_6,0.7,77,83,6,83
9,r_39_100_117,r_102_149_116,seq58,r_39_100_117,0.96,-1,116,117,83
90,seq107,r_117_12_170,r_115_29_85,r_117_12_170,1,0,170,170,83
5,r_64_139_42,seq21,seq129,r_64_139_42,1,0,42,42,83
29,r_132_0_135,r_68_83_37,seq145,r_132_0_135,0.55,-6,129,135,83
28,r_73_131_92,seq129,seq145,r_73_131_92,1,1,93,92,83
91,seq108,r_5_45_86,r_102_149_116,r_5_45_86,0.98,0,86,86,83
31,r_101_28_14,r_142_124_66,r_138_41_108,r_138_41_108,1,1,109,108,83
83,seq85,r_17_7_111,r_24_70_187,r_17_7_111,0.99,-5,106,111,83
7,r_115_29_85,r_4_50_176,seq43,r_115_29_85,1,0,85,85,83
44,r_138_41_108,seq30,r_101_28_14,r_138_41_108,0.97,0,108,108,83
69,seq35,r_38_60_161,r_133_94_20,r_133_94_20,0.77,3,23,20,83
23,r_134_63_144,r_2_104_125,r_52_146_69,r_134_63_144,0.95,-19,125,144,83
82,seq82,r_53_90_181,r_79_92_47,r_79_92_47,1,42,89,47,83
35,r_117_12_170,seq107,r_102_149_116,r_102_149_116,0.54,54,170,116,83
84,seq87,r_122_112_175,r_110_81_23,r_110_81_23,0.91,152,175,23,83
30,r_70_121_77,r_109_1_190,r_116_107_54,r_116_107_54,1,20,74,54,84
44,r_31_102_25,seq135,r_47_69_8,r_47_69_8,0.49,152,160,8,84
36,r_87_46_135,seq50,r_132_14_19,r_87_46_135,0.54,0,135,135,84
29,r_34_32_184,r_134_128_181,seq51,r_34_32_184,0.64,-119,65,184,84
38,r_111_23_183,r_122_145_116,seq129,r_111_23_183,0.72,-49,134,183,84
14,r_103_45_118,seq130,seq135,r_103_45_118,0.98,0,118,118,84
8,r_125_29_171,r_42_140_173,r_91_48_123,r_91_48_123,0.67,48,171,123,84
53,seq133,r_63_11_131,seq59,r_63_11_131,1,1,132,131,84
31,r_149_108_35,r_36_138_36,r_109_1_190,r_149_108_35,1,0,35,35,84
54,seq135,r_131_12_79,r_103_45_118,r_103_45_118,1,3,121,118,84
26,r_54_148_16,seq8,r_91_48_123,r_91_48_123,0.74,0,123,123,84
54,seq135,seq26,r_131_12_79,r_131_12_79,0.98,0,79,79,84
35,r_86_99_9,r_115_106_108,r_44_114_107,r_86_99_9,0.99,1,10,9,84
37,r_9_124_178,seq96,r_136_62_145,r_9_124_178,0.48,0,178,178,84
3,r_44_114_107,r_86_99_9,seq117,r_44_114_107,0.98,1,108,107,84
71,seq39,r_122_145_116,seq18,r_122_145_116,0.98,0,116,116,84
26,r_54_148_16,r_149_108_35,seq43,r_54_148_16,1,0,16,16,84
21,r_98_100_72,r_142_101_112,seq75,r_98_100_72,0.95,0,72,72,84
57,seq10,seq43,r_112_49_37,r_112_49_37,0.69,2,39,37,84
1,r_122_145_116,seq39,seq40,r_122_145_116,0.86,0,116,116,84
5,r_42_140_173,r_125_29_171,seq113,r_42_140_173,0.3,-2,171,173,84
46,r_83_3_160,r_109_1_190,seq26,r_83_3_160,0.88,1,161,160,84
80,seq66,r_95_60_88,seq120,r_95_60_88,1,-18,70,88,84
45,r_136_62_145,seq27,r_5_35_22,r_136_62_145,0.63,1,146,145,84
19,r_63_11_131,seq133,r_122_145_116,r_63_11_131,0.99,0,131,131,84
66,seq26,seq135,r_83_3_160,r_83_3_160,0.81,6,166,160,84
78,seq59,seq133,r_72_118_163,r_72_118_163,0.58,1,164,163,84
32,r_116_107_54,r_131_12_79,r_82_57_74,r_116_107_54,0.58,0,54,54,84
41,r_55_21_86,seq38,seq75,r_55_21_86,1,0,86,86,84
67,seq27,r_136_62_145,seq65,r_136_62_145,0.6,0,145,145,84
94,seq110,seq79,r_6_61_94,r_6_61_94,0.84,0,94,94,84
16,r_132_14_19,r_72_118_163,r_47_69_8,r_132_14_19,0.91,-1,18,19,84
32,r_116_107_54,r_82_57_74,r_70_121_77,r_82_57_74,0.97,0,74,74,84
72,seq40,r_2_30_142,r_122_145_116,r_122_145_116,0.64,5,121,116,84
16,r_132_14_19,r_47_69_8,r_87_46_135,r_87_46_135,1,5,140,135,84
17,r_47_69_8,seq135,r_132_14_19,r_132_14_19,0.73,0,19,19,84
29,r_34_32_184,seq77,r_134_128_181,r_34_32_184,0.53,-131,53,184,84
78,seq59,r_6_61_94,seq133,r_6_61_94,1,0,94,94,84
0,r_115_106_108,r_2_30_142,seq38,r_115_106_108,1,0,108,108,84
73,seq43,r_123_25_132,seq10,r_123_25_132,0.86,0,132,132,84
20,r_72_118_163,seq71,r_36_138_36,r_36_138_36,0.81,58,94,36,84
49,r_131_12_79,r_119_53_5,seq135,r_131_12_79,1,0,79,79,84
56,seq137,seq56,r_36_138_36,r_36_138_36,0.36,91,127,36,84
10,r_4_144_56,seq81,seq28,r_4_144_56,0.51,0,56,56,84
40,r_109_1_190,r_149_108_35,r_9_124_178,r_109_1_190,0.81,0,190,190,84
60,seq143,r_84_74_57,r_125_29_171,r_84_74_57,0.8,1,58,57,84
48,r_82_57_74,r_109_1_190,r_34_32_184,r_82_57_74,0.54,110,184,74,84
56,seq137,r_5_35_22,seq56,r_5_35_22,0.95,0,22,22,84
4,r_119_53_5,r_131_12_79,seq28,r_131_12_79,1,4,83,79,84
62,seq17,seq73,r_123_25_132,r_123_25_132,0.88,5,137,132,84
49,r_131_12_79,r_116_107_54,r_119_53_5,r_131_12_79,0.81,-47,32,79,84
85,seq75,r_103_45_118,r_55_21_86,r_55_21_86,0.75,2,88,86,84
13,r_64_58_29,r_103_45_118,seq77,r_64_58_29,0.82,0,29,29,84
6,r_24_90_11,seq73,r_123_25_132,r_123_25_132,1,5,137,132,84
27,r_2_30_142,seq40,seq139,r_2_30_142,0.95,0,142,142,84
87,seq78,r_37_146_189,r_76_104_89,r_76_104_89,1,93,182,89,84
13,r_64_58_29,seq77,seq66,r_64_58_29,0.62,20,49,29,84
2,r_134_128_181,r_89_7_193,r_76_104_89,r_134_128_181,0.28,0,181,181,84
47,r_37_146_189,seq78,r_36_138_36,r_36_138_36,0.41,151,187,36,84
40,r_109_1_190,r_83_3_160,r_149_108_35,r_149_108_35,0.62,125,160,35,84
24,r_76_104_89,seq38,seq78,r_76_104_89,0.99,0,89,89,84
35,r_86_99_9,r_44_114_107,r_84_74_57,r_86_99_9,0.98,82,91,9,84
43,r_5_35_22,r_125_29_171,r_136_62_145,r_136_62_145,0.88,1,146,145,84
33,r_95_60_88,seq66,r_142_101_112,r_95_60_88,1,0,88,88,84
38,r_111_23_183,seq129,r_47_69_8,r_111_23_183,0.94,0,183,183,84
23,r_93_20_199,r_24_90_11,seq38,r_24_90_11,0.88,-1,10,11,84
58,seq139,seq94,r_2_30_142,r_2_30_142,0.88,-1,141,142,84
70,seq38,r_55_21_86,r_109_1_190,r_55_21_86,0.58,0,86,86,84
34,r_36_138_36,r_149_108_35,seq71,r_149_108_35,0.94,-7,28,35,84
20,r_72_118_163,r_36_138_36,seq59,r_72_118_163,0.66,0,163,163,84
44,r_31_102_25,r_2_30_142,seq135,r_31_102_25,0.96,1,26,25,84
39,r_84_74_57,seq143,r_86_99_9,r_84_74_57,1,0,57,57,84
61,seq141,r_9_124_178,r_92_97_55,r_92_97_55,1,38,93,55,84
38,r_111_23_183,seq129,r_122_145_116,r_111_23_183,0.36,-75,108,183,84
70,seq38,r_109_1_190,r_115_106_108,r_115_106_108,0.66,2,110,108,84
25,r_41_88_174,seq39,seq33,r_41_88_174,0.61,0,174,174,84
9,r_123_25_132,seq43,r_24_90_11,r_123_25_132,0.75,1,133,132,84
26,r_54_148_16,seq43,seq8,r_54_148_16,0.46,74,90,16,84
31,r_149_108_35,r_109_1_190,r_70_121_77,r_109_1_190,0.65,0,190,190,84
6,r_24_90_11,r_149_108_35,seq73,r_149_108_35,1,0,35,35,84
22,r_112_49_37,seq33,seq10,r_112_49_37,0.99,0,37,37,84
6,r_24_90_11,r_93_20_199,r_149_108_35,r_24_90_11,0.82,0,11,11,84
7,r_91_48_123,r_125_29_171,r_54_148_16,r_91_48_123,0.72,0,123,123,84
43,r_5_35_22,seq137,r_125_29_171,r_5_35_22,1,0,22,22,84
29,r_34_32_184,seq51,r_82_57_74,r_82_57_74,0.7,110,184,74,84
60,seq143,r_125_29_171,r_136_62_145,r_136_62_145,0.87,0,145,145,84
12,r_6_61_94,seq59,seq110,r_6_61_94,1,0,94,94,84
40,r_47_116_72,r_132_46_186,seq146,r_47_116_72,0.13,109,181,72,85
30,r_43_140_129,r_87_143_89,seq79,r_87_143_89,0.99,0,89,89,85
11,r_101_69_47,seq4,seq104,r_101_69_47,0.95,0,47,47,85
13,r_36_48_30,seq65,seq35,r_36_48_30,0.85,-6,24,30,85
92,seq98,r_51_17_182,seq38,r_51_17_182,0.54,0,182,182,85
14,r_99_112_82,seq136,seq125,r_99_112_82,1,-2,80,82,85
83,seq70,seq4,r_107_144_20,r_107_144_20,0.98,90,110,20,85
37,r_8_7_112,r_109_66_127,seq54,r_8_7_112,0.9,0,112,112,85
16,r_87_143_89,r_43_140_129,seq63,r_43_140_129,0.46,-40,89,129,85
39,r_27_29_68,r_55_30_153,seq141,r_27_29_68,1,0,68,68,85
1,r_80_37_15,r_75_76_192,seq85,r_75_76_192,0.33,-12,180,192,85
5,r_100_25_69,seq35,seq147,r_100_25_69,0.93,0,69,69,85
46,r_71_106_110,r_73_12_70,seq40,r_71_106_110,0.81,-41,69,110,85
45,r_55_30_153,r_135_61_159,seq65,r_55_30_153,0.97,0,153,153,85
2,r_120_0_141,seq74,r_127_18_29,r_127_18_29,0.99,6,35,29,85
24,r_32_108_137,r_50_110_26,seq53,r_32_108_137,0.6,-21,116,137,85
19,r_51_17_182,seq93,seq134,r_51_17_182,0.56,-122,60,182,85
66,seq23,r_129_39_84,r_86_16_19,r_129_39_84,0.7,-1,83,84,85
31,r_132_46_186,r_34_89_128,r_47_116_72,r_132_46_186,0.78,-107,79,186,85
41,r_90_88_190,seq4,r_36_48_30,r_36_48_30,0.56,160,190,30,85
67,seq24,r_97_131_185,r_62_60_147,r_62_60_147,0.88,37,184,147,85
89,seq91,r_11_14_161,r_45_118_71,r_45_118_71,1,57,128,71,85
11,r_101_69_47,seq104,r_122_6_86,r_122_6_86,1,3,89,86,85
3,r_73_12_70,r_71_106_110,seq5,r_73_12_70,0.84,0,70,70,85
43,r_127_18_29,seq146,r_120_0_141,r_127_18_29,0.96,0,29,29,85
4,r_41_15_198,r_11_14_161,seq56,r_11_14_161,0.92,-33,128,161,85
33,r_113_20_22,seq94,r_115_128_44,r_115_128_44,0.96,4,48,44,85
0,r_34_89_128,r_132_46_186,seq68,r_34_89_128,0.98,0,128,128,85
73,seq44,seq93,r_95_19_116,r_95_19_116,1,11,127,116,85
12,r_107_144_20,seq147,seq70,r_107_144_20,0.97,1,21,20,85
57,seq139,r_45_118_71,seq77,r_45_118_71,1,1,72,71,85
6,r_124_83_132,seq138,r_57_52_124,r_124_83_132,0.84,0,132,132,85
62,seq147,r_75_76_192,r_100_25_69,r_100_25_69,1,10,79,69,85
85,seq74,r_120_0_141,r_2_105_90,r_2_105_90,0.8,4,94,90,85
2,r_120_0_141,r_127_18_29,seq94,r_120_0_141,0.8,0,141,141,85
27,r_57_52_124,seq63,seq21,r_57_52_124,0.69,0,124,124,85
87,seq79,r_55_30_153,r_43_140_129,r_55_30_153,0.58,-66,87,153,85
47,r_10_1_178,seq72,r_129_39_84,r_129_39_84,0.57,94,178,84,85
10,r_129_39_84,seq23,r_86_16_19,r_86_16_19,0.94,22,41,19,85
34,r_86_16_19,seq125,r_129_39_84,r_86_16_19,0.92,0,19,19,85
40,r_47_116_72,r_62_60_147,r_132_46_186,r_47_116_72,0.98,0,72,72,85
74,seq53,seq126,r_80_37_15,r_80_37_15,0.91,105,120,15,85
18,r_84_26_164,r_62_60_147,r_129_39_84,r_129_39_84,1,64,148,84,85
29,r_28_119_88,r_87_143_89,r_129_39_84,r_28_119_88,0.99,0,88,88,85
61,seq146,r_132_46_186,r_62_60_147,r_62_60_147,0.88,0,147,147,85
19,r_51_17_182,seq98,r_122_6_86,r_51_17_182,0.85,0,182,182,85
34,r_86_16_19,r_129_39_84,seq23,r_129_39_84,1,-1,83,84,85
30,r_43_140_129,seq79,seq63,r_43_140_129,1,1,130,129,85
25,r_95_19_116,seq125,seq44,r_95_19_116,1,0,116,116,85
43,r_127_18_29,r_120_0_141,r_2_105_90,r_2_105_90,0.67,50,140,90,85
64,seq21,seq35,r_57_52_124,r_57_52_124,0.98,-1,123,124,85
9,r_115_128_44,seq98,r_113_20_22,r_115_128_44,1,0,44,44,85
2,r_120_0_141,seq94,r_92_137_191,r_120_0_141,0.56,44,185,141,85
42,r_50_110_26,r_32_108_137,seq54,r_32_108_137,0.99,-1,136,137,85
10,r_129_39_84,r_86_16_19,r_84_26_164,r_129_39_84,0.63,-1,83,84,85
38,r_11_14_161,seq91,seq136,r_11_14_161,0.65,0,161,161,85
52,seq5,r_64_78_180,r_73_12_70,r_73_12_70,0.99,110,180,70,85
75,seq54,r_32_108_137,r_8_7_112,r_8_7_112,0.68,24,136,112,85
26,r_135_61_159,seq145,r_129_39_84,r_135_61_159,0.98,0,159,159,85
42,r_50_110_26,seq65,r_32_108_137,r_50_110_26,0.65,1,27,26,85
24,r_32_108_137,seq53,seq104,r_32_108_137,0.98,0,137,137,85
60,seq145,r_55_30_153,seq79,r_55_30_153,0.97,0,153,153,85
87,seq79,r_43_140_129,seq145,r_43_140_129,0.9,-7,122,129,85
81,seq67,r_109_66_127,seq68,r_109_66_127,0.98,-13,114,127,85
17,r_64_78_180,seq5,r_81_149_8,r_81_149_8,0.43,172,180,8,85
1,r_80_37_15,seq104,r_75_76_192,r_80_37_15,0.55,0,15,15,85
21,r_75_76_192,seq85,r_80_37_15,r_80_37_15,0.98,10,25,15,85
31,r_132_46_186,r_47_116_72,r_45_118_71,r_45_118_71,1,115,186,71,85
7,r_122_6_86,r_101_69_47,r_109_66_127,r_109_66_127,0.99,0,127,127,85
28,r_45_118_71,seq139,seq91,r_45_118_71,1,0,71,71,85
49,r_109_66_127,seq67,r_122_6_86,r_109_66_127,0.95,0,127,127,85
36,r_130_111_40,r_47_116_72,seq102,r_130_111_40,0.98,0,40,40,85
7,r_122_6_86,r_11_14_161,r_101_69_47,r_122_6_86,0.88,0,86,86,85
44,r_62_60_147,r_84_26_164,seq146,r_62_60_147,0.87,0,147,147,85
94,seq104,r_120_0_141,r_101_69_47,r_101_69_47,0.81,11,58,47,85
18,r_84_26_164,r_129_39_84,seq70,r_84_26_164,0.54,0,164,164,85
23,r_97_131_185,seq24,r_99_112_82,r_99_112_82,0.84,102,184,82,85
94,seq104,r_101_69_47,r_32_108_137,r_32_108_137,1,0,137,137,85
93,seq102,seq142,r_130_111_40,r_130_111_40,1,0,40,40,85
10,r_129_39_84,r_84_26_164,r_28_119_88,r_84_26_164,0.58,-33,131,164,85
32,r_133_121_35,r_95_19_116,seq94,r_133_121_35,0.96,2,37,35,85
79,seq63,r_57_52_124,r_87_143_89,r_87_143_89,0.64,35,124,89,85
35,r_2_105_90,r_11_14_161,r_127_18_29,r_2_105_90,0.99,0,90,90,85
24,r_32_108_137,seq54,r_50_110_26,r_50_110_26,0.99,13,39,26,85
61,seq146,r_127_18_29,r_132_46_186,r_127_18_29,0.52,1,30,29,85
51,seq129,r_91_49_138,r_56_86_10,r_91_49_138,0.56,0,138,138,86
59,seq141,r_91_49_138,r_56_86_10,r_91_49_138,0.56,-121,17,138,86
36,r_85_52_71,seq59,seq62,r_85_52_71,1,0,71,71,86
48,r_42_21_48,r_78_23_97,seq58,r_42_21_48,1,0,48,48,86
43,r_139_22_148,seq69,seq39,r_139_22_148,0.65,0,148,148,86
3,r_18_79_54,r_106_94_125,seq39,r_106_94_125,1,1,126,125,86
4,r_119_10_100,seq89,r_91_49_138,r_91_49_138,0.83,17,155,138,86
64,seq29,seq82,r_134_145_129,r_134_145_129,1,1,130,129,86
19,r_73_28_189,seq15,r_48_1_49,r_73_28_189,0.34,1,190,189,86
86,seq89,r_47_108_158,r_71_124_63,r_71_124_63,0.97,95,158,63,86
16,r_130_24_174,seq69,r_112_16_117,r_112_16_117,0.99,58,175,117,86
5,r_71_124_63,seq111,r_34_74_61,r_71_124_63,1,1,64,63,86
46,r_84_8_76,seq53,seq115,r_84_8_76,1,0,76,76,86
45,r_120_14_145,seq149,r_11_147_86,r_11_147_86,1,0,86,86,86
45,r_120_14_145,r_11_147_86,seq76,r_120_14_145,0.78,0,145,145,86
41,r_56_86_10,r_112_16_117,seq141,r_112_16_117,0.54,-105,12,117,86
2,r_48_1_49,seq38,seq5,r_48_1_49,0.95,0,49,49,86
44,r_78_23_97,r_42_21_48,seq37,r_42_21_48,1,0,48,48,86
0,r_103_33_132,r_44_126_28,seq41,r_44_126_28,0.85,-4,24,28,86
76,seq59,r_85_52_71,seq114,r_85_52_71,1,0,71,71,86
39,r_20_57_160,r_100_70_17,r_143_105_154,r_20_57_160,0.91,0,160,160,86
31,r_134_145_129,r_2_92_193,seq29,r_134_145_129,0.99,0,129,129,86
8,r_27_132_50,r_106_94_125,seq90,r_27_132_50,1,0,50,50,86
67,seq37,r_78_23_97,seq99,r_78_23_97,0.98,-1,96,97,86
89,seq97,r_107_122_142,r_112_16_117,r_112_16_117,0.9,1,118,117,86
4,r_119_10_100,r_113_131_181,seq89,r_119_10_100,1,0,100,100,86
63,seq26,r_2_92_193,r_81_0_139,r_81_0_139,1,25,164,139,86
37,r_109_96_22,r_27_132_50,seq65,r_109_96_22,1,0,22,22,86
13,r_116_60_113,r_139_22_148,seq6,r_139_22_148,0.61,-31,117,148,86
15,r_81_0_139,seq12,seq26,r_81_0_139,0.69,0,139,139,86
47,r_106_94_125,r_27_132_50,seq39,r_27_132_50,0.97,0,50,50,86
12,r_113_131_181,seq144,seq149,r_113_131_181,0.75,2,183,181,86
62,seq149,r_120_14_145,r_34_74_61,r_34_74_61,0.88,23,84,61,86
0,r_103_33_132,seq41,r_36_87_84,r_103_33_132,0.8,0,132,132,86
27,r_46_137_93,seq12,seq97,r_46_137_93,0.97,1,94,93,86
19,r_73_28_189,r_143_105_154,seq15,r_143_105_154,0.69,-108,46,154,86
39,r_20_57_160,r_140_55_41,r_100_70_17,r_140_55_41,0.89,0,41,41,86
42,r_140_55_41,r_20_57_160,seq128,r_140_55_41,0.53,0,41,41,86
69,seq39,r_75_77_7,r_139_22_148,r_139_22_148,0.99,4,152,148,86
40,r_143_105_154,seq72,r_133_35_3,r_143_105_154,0.62,0,154,154,86
74,seq53,r_84_8_76,r_109_96_22,r_84_8_76,0.72,0,76,76,86
24,r_133_35_3,r_139_22_148,r_48_1_49,r_48_1_49,0.93,74,123,49,86
25,r_47_108_158,seq89,r_139_22_148,r_47_108_158,0.72,0,158,158,86
33,r_36_87_84,r_146_102_81,r_103_33_132,r_103_33_132,0.95,13,145,132,86
64,seq29,r_11_147_86,seq82,r_11_147_86,1,-7,79,86,86
6,r_136_32_56,seq72,seq111,r_136_32_56,1,-2,54,56,86
11,r_100_70_17,seq4,seq123,r_100_70_17,0.98,0,17,17,86
88,seq95,r_83_17_177,r_133_35_3,r_83_17_177,0.85,-92,85,177,86
50,seq128,seq38,r_148_43_65,r_148_43_65,1,4,69,65,86
44,r_78_23_97,seq37,seq15,r_78_23_97,0.98,0,97,97,86
3,r_18_79_54,seq95,r_106_94_125,r_18_79_54,1,0,54,54,86
32,r_11_147_86,seq29,r_120_14_145,r_11_147_86,0.98,0,86,86,86
77,seq62,seq41,r_85_52_71,r_85_52_71,1,4,75,71,86
76,seq59,seq114,r_84_8_76,r_84_8_76,0.67,59,135,76,86
79,seq65,seq117,r_109_96_22,r_109_96_22,0.98,1,23,22,86
47,r_106_94_125,r_18_79_54,r_148_43_65,r_106_94_125,1,0,125,125,86
75,seq58,r_63_13_159,r_42_21_48,r_42_21_48,0.98,111,159,48,86
69,seq39,r_27_132_50,r_75_77_7,r_27_132_50,0.98,-5,45,50,86
60,seq15,seq31,r_78_23_97,r_78_23_97,1,46,143,97,86
94,seq114,r_125_93_176,r_84_8_76,r_84_8_76,1,100,176,76,86
9,r_91_49_138,seq129,r_71_124_63,r_91_49_138,0.96,0,138,138,86
28,r_148_43_65,seq128,r_106_94_125,r_106_94_125,1,4,129,125,86
28,r_148_43_65,r_139_22_148,seq128,r_148_43_65,0.99,0,65,65,86
32,r_11_147_86,r_120_14_145,seq149,r_120_14_145,0.85,-16,129,145,86
49,r_101_3_155,seq38,r_133_35_3,r_133_35_3,0.49,152,155,3,86
7,r_107_122_142,seq97,seq65,r_107_122_142,0.49,1,143,142,86
20,r_44_126_28,r_103_33_132,seq127,r_44_126_28,1,1,29,28,86
82,seq72,r_143_105_154,seq40,r_143_105_154,0.87,-23,131,154,86
35,r_112_16_117,seq123,seq97,r_112_16_117,0.98,0,117,117,86
12,r_113_131_181,r_119_10_100,seq144,r_119_10_100,1,2,102,100,86
84,seq82,r_68_51_94,seq29,r_68_51_94,1,1,95,94,86
42,r_125_78_34,seq135,r_8_60_82,r_125_78_34,0.52,0,34,34,87
36,r_77_94_183,seq135,r_101_24_94,r_77_94_183,0.82,0,183,183,87
8,r_96_112_77,r_118_54_118,seq1,r_96_112_77,0.76,0,77,77,87
53,seq4,seq7,r_109_16_115,r_109_16_115,1,6,121,115,87
43,r_110_116_164,r_146_50_170,r_96_112_77,r_96_112_77,0.55,87,164,77,87
16,r_57_3_117,seq1,r_62_59_29,r_57_3_117,0.71,-13,104,117,87
21,r_0_23_131,r_142_122_52,seq7,r_0_23_131,0.93,0,131,131,87
1,r_98_86_152,seq106,seq33,r_98_86_152,0.94,0,152,152,87
35,r_64_147_157,r_10_19_106,r_26_107_35,r_64_147_157,0.99,0,157,157,87
5,r_111_103_154,seq133,r_0_23_131,r_0_23_131,0.63,23,154,131,87
46,r_131_49_107,seq76,r_43_140_158,r_131_49_107,0.88,0,107,107,87
37,r_21_93_30,seq128,seq34,r_21_93_30,1,0,30,30,87
12,r_74_70_177,r_83_114_111,seq39,r_74_70_177,0.95,0,177,177,87
56,seq7,seq4,r_0_23_131,r_0_23_131,1,6,137,131,87
32,r_30_66_155,seq25,r_21_93_30,r_30_66_155,0.51,-54,101,155,87
42,r_125_78_34,seq71,r_51_95_85,r_51_95_85,0.99,4,89,85,87
15,r_143_9_53,seq6,r_118_54_118,r_118_54_118,0.98,0,118,118,87
33,r_10_19_106,seq73,seq106,r_10_19_106,0.48,0,106,106,87
22,r_99_41_31,seq135,seq79,r_99_41_31,1,0,31,31,87
95,seq119,r_63_44_126,seq124,r_63_44_126,0.96,0,126,126,87
66,seq25,r_58_56_75,seq14,r_58_56_75,1,0,75,75,87
14,r_68_144_32,seq135,seq6,r_68_144_32,0.9,1,33,32,87
45,r_105_87_17,r_63_44_126,r_74_70_177,r_105_87_17,0.26,24,41,17,87
0,r_26_107_35,r_58_56_75,r_32_17_2,r_26_107_35,0.66,0,35,35,87
29,r_43_140_158,r_131_49_107,seq128,r_43_140_158,1,0,158,158,87
67,seq29,r_138_13_142,r_31_80_134,r_31_80_134,0.53,3,137,134,87
79,seq53,r_118_54_118,seq18,r_118_54_118,1,-8,110,118,87
32,r_30_66_155,seq34,seq25,r_30_66_155,0.49,-114,41,155,87
69,seq34,seq73,r_21_93_30,r_21_93_30,0.98,0,30,30,87
3,r_113_42_63,seq53,r_62_59_29,r_113_42_63,1,1,64,63,87
10,r_65_72_103,r_0_23_131,seq128,r_65_72_103,0.99,1,104,103,87
8,r_96_112_77,seq1,r_110_116_164,r_110_116_164,0.92,0,164,164,87
14,r_68_144_32,seq6,r_91_126_174,r_91_126_174,0.53,0,174,174,87
58,seq132,seq148,r_121_90_16,r_121_90_16,0.79,0,16,16,87
4,r_109_16_115,seq6,seq4,r_109_16_115,0.61,3,118,115,87
73,seq39,r_91_126_174,r_74_70_177,r_74_70_177,0.91,-3,174,177,87
13,r_118_54_118,r_96_112_77,seq53,r_96_112_77,0.98,-8,69,77,87
42,r_125_78_34,r_8_60_82,seq71,r_125_78_34,0.58,34,68,34,87
31,r_8_60_82,r_125_78_34,seq25,r_8_60_82,1,0,82,82,87
48,r_101_24_94,seq33,r_22_35_194,r_101_24_94,0.97,0,94,94,87
47,r_121_90_16,r_131_49_107,seq132,r_121_90_16,0.51,0,16,16,87
26,r_22_35_194,r_40_84_20,r_101_24_94,r_101_24_94,0.82,0,94,94,87
13,r_118_54_118,seq53,r_143_9_53,r_118_54_118,0.97,0,118,118,87
85,seq76,r_131_49_107,seq6,r_131_49_107,0.99,1,108,107,87
32,r_30_66_155,r_21_93_30,r_143_9_53,r_30_66_155,0.94,-13,142,155,87
0,r_26_107_35,r_32_17_2,r_64_147_157,r_64_147_157,0.47,1,158,157,87
41,r_75_28_28,seq89,r_130_37_18,r_130_37_18,0.56,8,26,18,87
6,r_97_27_38,seq128,seq29,r_97_27_38,1,0,38,38,87
30,r_100_137_58,seq149,seq104,r_100_137_58,0.99,0,58,58,87
40,r_139_47_99,seq104,seq29,r_139_47_99,0.96,0,99,99,87
45,r_105_87_17,r_91_126_174,r_63_44_126,r_105_87_17,0.6,0,17,17,87
18,r_63_44_126,seq119,seq135,r_63_44_126,1,1,127,126,87
29,r_43_140_158,seq25,r_131_49_107,r_131_49_107,0.98,1,108,107,87
24,r_20_5_138,seq29,r_99_41_31,r_20_5_138,0.72,0,138,138,87
46,r_131_49_107,r_43_140_158,r_69_117_66,r_43_140_158,0.99,0,158,158,87
15,r_143_9_53,seq33,seq6,r_143_9_53,1,0,53,53,87
45,r_105_87_17,r_74_70_177,seq115,r_105_87_17,0.44,160,177,17,87
25,r_142_122_52,r_0_23_131,r_101_24_94,r_142_122_52,0.99,79,131,52,87
70,seq36,r_43_140_158,r_69_117_66,r_69_117_66,0.96,3,69,66,87
2,r_40_84_20,r_69_117_66,seq102,r_40_84_20,1,0,20,20,87
31,r_8_60_82,seq71,r_125_78_34,r_125_78_34,1,0,34,34,87
38,r_58_56_75,seq25,seq6,r_58_56_75,0.98,0,75,75,87
57,seq136,seq2,r_62_59_29,r_62_59_29,1,2,31,29,87
34,r_146_50_170,r_110_116_164,r_63_44_126,r_63_44_126,0.76,30,156,126,87
68,seq33,r_143_9_53,r_101_24_94,r_143_9_53,1,-2,51,53,87
75,seq135,r_77_94_183,r_63_44_126,r_63_44_126,0.86,22,148,126,87
9,r_62_59_29,seq92,seq136,r_62_59_29,1,1,30,29,87
65,seq149,r_100_137_58,seq18,r_100_137_58,1,0,58,58,87
17,r_51_95_85,seq102,r_125_78_34,r_51_95_85,1,0,85,85,87
50,seq128,r_65_72_103,r_43_140_158,r_65_72_103,0.91,55,158,103,87
11,r_69_117_66,r_40_84_20,seq46,r_40_84_20,0.72,-8,12,20,87
28,r_31_80_134,seq55,r_139_47_99,r_31_80_134,0.93,0,134,134,87
49,r_108_85_89,seq129,seq134,r_108_85_89,0.96,1,90,89,87
56,seq7,r_83_114_111,seq4,r_83_114_111,0.97,0,111,111,87
44,r_91_126_174,seq39,r_68_144_32,r_91_126_174,0.41,0,174,174,87
23,r_83_114_111,seq7,r_74_70_177,r_83_114_111,0.99,1,112,111,87
32,r_30_66_155,r_10_19_106,seq34,r_30_66_155,0.5,-134,21,155,87
27,r_45_12_43,r_74_70_177,seq115,r_45_12_43,0.96,-2,41,43,87
34,r_146_50_170,r_63_44_126,seq119,r_146_50_170,0.93,0,170,170,87
11,r_69_117_66,seq46,seq36,r_69_117_66,1,0,66,66,87
79,seq53,r_113_42_63,r_118_54_118,r_113_42_63,1,8,71,63,87
35,r_64_147_157,r_98_86_152,r_10_19_106,r_10_19_106,1,2,108,106,87
12,r_74_70_177,r_45_12_43,r_83_114_111,r_83_114_111,0.98,13,124,111,87
23,r_83_114_111,r_74_70_177,r_99_41_31,r_74_70_177,0.83,2,179,177,87
93,seq110,r_62_45_199,r_87_1_44,r_87_1_44,0.99,20,64,44,88
37,r_63_21_59,seq128,seq61,r_63_21_59,0.97,-3,56,59,88
30,r_108_106_140,seq4,seq7,r_108_106_140,0.98,0,140,140,88
51,seq4,r_108_106_140,seq36,r_108_106_140,0.7,0,140,140,88
36,r_23_29_160,seq27,r_18_49_92,r_23_29_160,0.91,1,161,160,88
97,seq118,r_149_64_111,r_79_97_24,r_79_97_24,0.46,1,25,24,88
77,seq68,seq20,r_74_2_27,r_74_2_27,0.99,1,28,27,88
14,r_140_9_177,r_116_33_86,r_12_51_71,r_140_9_177,1,-91,86,177,88
59,seq15,r_78_145_107,r_123_139_87,r_78_145_107,0.58,0,107,107,88
21,r_121_144_197,r_103_3_62,r_46_136_64,r_121_144_197,0.97,-130,67,197,88
39,r_126_42_169,r_83_24_115,r_30_26_12,r_83_24_115,0.74,-22,93,115,88
1,r_88_117_149,seq8,r_50_122_69,r_88_117_149,1,0,149,149,88
1,r_88_117_149,seq27,seq8,r_88_117_149,0.38,-61,88,149,88
5,r_50_122_69,seq135,seq6,r_50_122_69,0.99,1,70,69,88
60,seq20,r_12_51_71,r_67_0_5,r_12_51_71,0.95,-29,42,71,88
42,r_104_143_127,r_86_37_153,r_99_91_32,r_99_91_32,1,23,55,32,88
33,r_120_44_136,r_99_91_32,r_114_92_137,r_99_91_32,1,0,32,32,88
3,r_79_97_24,r_22_43_146,seq118,r_79_97_24,0.96,0,24,24,88
69,seq39,seq112,r_123_139_87,r_123_139_87,0.88,7,94,87,88
45,r_18_49_92,seq56,r_73_11_182,r_73_11_182,0.63,-90,92,182,88
7,r_47_85_103,r_22_43_146,seq28,r_22_43_146,0.99,1,147,146,88
19,r_123_139_87,r_89_147_112,seq15,r_123_139_87,0.71,1,88,87,88
10,r_87_1_44,seq90,seq110,r_87_1_44,0.96,2,46,44,88
33,r_120_44_136,r_114_92_137,r_89_147_112,r_120_44_136,0.77,0,136,136,88
11,r_12_51_71,seq93,r_102_60_185,r_12_51_71,0.89,117,188,71,88
11,r_12_51_71,r_100_17_164,seq93,r_100_17_164,0.92,-6,158,164,88
18,r_16_54_122,seq34,seq56,r_16_54_122,0.71,18,140,122,88
39,r_126_42_169,r_30_26_12,seq58,r_126_42_169,0.84,0,169,169,88
31,r_94_10_100,seq98,seq90,r_94_10_100,0.89,0,100,100,88
41,r_149_64_111,r_101_76_99,seq112,r_149_64_111,0.94,0,111,111,88
26,r_103_3_62,r_121_144_197,r_73_11_182,r_103_3_62,1,0,62,62,88
8,r_99_91_32,r_104_143_127,seq90,r_104_143_127,1,0,127,127,88
14,r_140_9_177,r_12_51_71,seq53,r_140_9_177,0.34,-8,169,177,88
4,r_119_48_108,seq38,seq36,r_119_48_108,0.96,3,111,108,88
11,r_12_51_71,seq20,r_100_17_164,r_12_51_71,1,0,71,71,88
20,r_116_33_86,seq5,seq39,r_116_33_86,0.98,0,86,86,88
56,seq137,r_121_144_197,r_46_136_64,r_46_136_64,0.99,58,122,64,88
44,r_30_26_12,seq118,seq38,r_30_26_12,1,0,12,12,88
48,r_131_32_83,r_16_54_122,seq27,r_131_32_83,1,0,83,83,88
6,r_148_77_97,r_114_92_137,seq58,r_148_77_97,0.52,0,97,97,88
62,seq28,r_73_11_182,r_18_49_92,r_18_49_92,0.99,54,146,92,88
75,seq61,seq6,r_63_21_59,r_63_21_59,0.92,-3,56,59,88
47,r_89_147_112,r_78_145_107,r_120_44_136,r_120_44_136,0.97,3,139,136,88
99,seq127,r_89_147_112,r_133_81_37,r_89_147_112,0.82,0,112,112,88
5,r_50_122_69,seq6,r_88_117_149,r_88_117_149,0.88,3,152,149,88
8,r_99_91_32,r_120_44_136,r_104_143_127,r_99_91_32,1,0,32,32,88
47,r_89_147_112,seq127,r_78_145_107,r_89_147_112,0.6,1,113,112,88
27,r_46_136_64,r_123_139_87,r_121_144_197,r_46_136_64,1,0,64,64,88
22,r_86_37_153,r_99_91_32,seq113,r_86_37_153,0.66,0,153,153,88
35,r_22_43_146,r_79_97_24,r_75_124_129,r_79_97_24,0.77,0,24,24,88
47,r_89_147_112,r_123_139_87,seq127,r_123_139_87,0.83,1,88,87,88
0,r_100_17_164,r_12_51_71,seq137,r_12_51_71,0.77,93,164,71,88
40,r_75_124_129,r_130_59_126,r_30_26_12,r_75_124_129,0.94,0,129,129,88
18,r_16_54_122,r_131_32_83,seq34,r_16_54_122,0.92,-37,85,122,88
29,r_73_11_182,seq28,r_18_49_92,r_18_49_92,1,5,97,92,88
35,r_22_43_146,r_75_124_129,r_47_85_103,r_22_43_146,0.61,-43,103,146,88
25,r_111_57_117,r_78_145_107,r_123_139_87,r_111_57_117,0.65,-10,107,117,88
45,r_18_49_92,r_73_11_182,seq28,r_73_11_182,0.97,-36,146,182,88
43,r_133_81_37,seq96,seq127,r_133_81_37,0.71,0,37,37,88
88,seq93,r_25_66_68,seq34,r_25_66_68,1,0,68,68,88
65,seq35,seq36,r_46_136_64,r_46_136_64,1,44,108,64,88
68,seq38,r_119_48_108,r_30_26_12,r_119_48_108,0.9,-17,91,108,88
42,r_104_143_127,r_99_91_32,seq113,r_104_143_127,1,0,127,127,88
61,seq27,r_23_29_160,r_131_32_83,r_131_32_83,0.97,66,149,83,88
32,r_55_19_120,r_104_143_127,seq5,r_55_19_120,0.96,0,120,120,88
28,r_78_145_107,r_89_147_112,r_120_44_136,r_120_44_136,0.91,2,138,136,88
2,r_107_40_54,r_102_60_185,seq113,r_107_40_54,1,0,54,54,88
34,r_25_66_68,seq93,r_87_1_44,r_25_66_68,1,0,68,68,88
19,r_123_139_87,seq15,r_149_64_111,r_149_64_111,0.93,19,130,111,88
17,r_114_92_137,seq113,seq53,r_114_92_137,0.97,0,137,137,88
94,seq112,seq39,r_149_64_111,r_149_64_111,0.98,4,115,111,88
22,r_86_37_153,seq90,r_99_91_32,r_99_91_32,0.99,18,50,32,88
9,r_101_76_99,r_149_64_111,seq128,r_101_76_99,0.96,0,99,99,88
40,r_75_124_129,r_30_26_12,r_73_11_182,r_75_124_129,0.58,54,183,129,88
26,r_103_3_62,r_73_11_182,seq28,r_73_11_182,0.84,-36,146,182,88
52,seq5,r_140_9_177,r_55_19_120,r_55_19_120,1,1,121,120,88
0,r_100_17_164,r_140_9_177,r_12_51_71,r_12_51_71,1,3,74,71,88
41,r_149_64_111,seq112,r_123_139_87,r_149_64_111,0.44,51,162,111,88
29,r_73_11_182,r_18_49_92,r_75_124_129,r_18_49_92,0.65,90,182,92,88
23,r_129_146_196,r_78_145_107,r_120_44_136,r_120_44_136,0.98,3,139,136,88
28,r_78_145_107,r_111_57_117,r_89_147_112,r_111_57_117,0.61,-8,109,117,88
49,r_130_59_126,r_75_124_129,r_50_122_69,r_75_124_129,0.5,-2,127,129,88
25,r_111_57_117,r_123_139_87,r_101_76_99,r_111_57_117,1,0,117,117,88
35,r_22_43_146,r_47_85_103,r_121_144_197,r_22_43_146,0.62,7,153,146,88
23,r_129_146_196,r_83_24_115,r_78_145_107,r_129_146_196,0.51,-88,108,196,88
9,r_101_76_99,seq128,r_111_57_117,r_111_57_117,0.95,32,149,117,88
7,r_47_85_103,seq80,r_22_43_146,r_47_85_103,0.98,0,103,103,88
56,seq137,seq36,r_121_144_197,r_121_144_197,0.49,-167,30,197,88
93,seq109,r_23_5_80,r_91_13_10,r_23_5_80,1,0,80,80,89
30,r_99_53_168,r_35_146_154,r_19_66_87,r_19_66_87,1,68,155,87,89
30,r_99_53_168,r_19_66_87,seq67,r_99_53_168,0.55,1,169,168,89
36,r_141_94_64,r_112_98_101,seq111,r_141_94_64,1,0,64,64,89
92,seq108,r_46_37_162,seq22,r_46_37_162,0.6,1,163,162,89
14,r_71_18_136,seq1,seq69,r_71_18_136,0.71,0,136,136,89
43,r_133_79_49,r_97_105_143,r_46_37_162,r_133_79_49,0.99,93,142,49,89
9,r_32_62_25,r_16_131_98,r_81_63_65,r_32_62_25,0.47,46,71,25,89
39,r_110_100_163,seq51,r_113_7_86,r_110_100_163,0.83,0,163,163,89
43,r_133_79_49,r_16_131_98,r_97_105_143,r_16_131_98,0.77,7,105,98,89
5,r_19_66_87,seq25,r_35_146_154,r_19_66_87,0.79,0,87,87,89
46,r_81_63_65,seq83,seq107,r_81_63_65,1,0,65,65,89
23,r_127_28_22,seq31,r_54_128_12,r_127_28_22,1,0,22,22,89
71,seq48,r_40_93_145,r_17_56_34,r_17_56_34,1,1,35,34,89
45,r_74_61_100,r_43_41_106,r_76_20_89,r_74_61_100,1,3,103,100,89
37,r_72_137_18,seq58,seq22,r_72_137_18,0.55,121,139,18,89
86,seq90,r_57_140_60,r_4_59_32,r_57_140_60,1,-13,47,60,89
27,r_102_144_102,seq52,r_17_56_34,r_102_144_102,0.98,0,102,102,89
43,r_133_79_49,seq21,r_16_131_98,r_133_79_49,0.99,0,49,49,89
65,seq25,seq11,r_134_148_140,r_134_148_140,0.98,1,141,140,89
3,r_43_41_106,r_74_61_100,r_54_128_12,r_43_41_106,0.93,3,109,106,89
10,r_23_5_80,seq109,seq31,r_23_5_80,0.81,0,80,80,89
84,seq83,r_96_139_85,seq135,r_96_139_85,0.68,-73,12,85,89
15,r_113_7_86,seq77,r_103_26_23,r_103_26_23,1,0,23,23,89
42,r_116_45_110,r_117_2_48,seq1,r_117_2_48,1,0,48,48,89
26,r_46_37_162,seq108,r_133_79_49,r_46_37_162,0.76,1,163,162,89
4,r_29_82_81,r_145_114_82,seq69,r_29_82_81,1,0,81,81,89
11,r_112_98_101,r_16_131_98,r_19_66_87,r_112_98_101,0.99,0,101,101,89
0,r_54_128_12,seq77,r_104_30_130,r_54_128_12,0.78,0,12,12,89
46,r_81_63_65,seq107,r_104_30_130,r_104_30_130,1,3,133,130,89
40,r_143_44_183,seq24,seq67,r_143_44_183,0.92,0,183,183,89
27,r_102_144_102,r_17_56_34,r_54_128_12,r_17_56_34,0.39,141,175,34,89
18,r_96_139_85,seq122,r_116_45_110,r_116_45_110,0.95,23,133,110,89
6,r_145_114_82,r_29_82_81,seq31,r_145_114_82,1,0,82,82,89
8,r_103_26_23,r_97_105_143,r_113_7_86,r_103_26_23,0.89,-1,22,23,89
1,r_117_2_48,r_116_45_110,seq11,r_117_2_48,1,0,48,48,89
34,r_17_56_34,seq132,seq48,r_17_56_34,0.99,0,34,34,89
10,r_23_5_80,seq31,r_40_93_145,r_40_93_145,1,6,151,145,89
27,r_102_144_102,r_142_125_83,seq52,r_142_125_83,0.81,-2,81,83,89
28,r_16_131_98,r_133_79_49,r_10_6_93,r_16_131_98,0.99,0,98,98,89
2,r_76_20_89,r_16_131_98,r_47_86_9,r_76_20_89,0.97,0,89,89,89
67,seq31,seq27,r_23_5_80,r_23_5_80,0.43,0,80,80,89
40,r_143_44_183,r_89_126_153,seq24,r_89_126_153,0.97,0,153,153,89
74,seq51,r_84_129_193,r_123_85_171,r_123_85_171,0.97,2,173,171,89
18,r_96_139_85,seq83,seq122,r_96_139_85,1,0,85,85,89
29,r_36_124_134,seq88,seq132,r_36_124_134,0.98,0,134,134,89
24,r_123_85_171,seq118,seq51,r_123_85_171,0.48,0,171,171,89
19,r_119_120_51,r_57_140_60,r_103_26_23,r_103_26_23,0.79,28,51,23,89
25,r_35_146_154,r_99_53_168,seq90,r_35_146_154,0.61,1,155,154,89
28,r_16_131_98,r_76_20_89,r_133_79_49,r_133_79_49,1,-1,48,49,89
33,r_104_30_130,seq48,r_81_63_65,r_104_30_130,0.4,-1,129,130,89
64,seq24,r_143_44_183,seq132,r_143_44_183,0.79,0,183,183,89
58,seq11,seq25,r_117_2_48,r_117_2_48,0.9,14,62,48,89
70,seq39,r_42_87_149,seq55,r_42_87_149,0.92,0,149,149,89
6,r_145_114_82,seq31,r_42_87_149,r_42_87_149,1,29,178,149,89
8,r_103_26_23,r_113_7_86,r_119_120_51,r_119_120_51,1,18,69,51,89
65,seq25,r_19_66_87,seq11,r_19_66_87,0.98,0,87,87,89
42,r_116_45_110,seq1,r_96_139_85,r_116_45_110,1,0,110,110,89
38,r_89_126_153,r_143_44_183,r_116_45_110,r_89_126_153,0.85,0,153,153,89
52,seq3,seq50,r_16_131_98,r_16_131_98,1,67,165,98,89
77,seq58,seq27,r_72_137_18,r_72_137_18,0.6,90,108,18,89
75,seq52,r_102_144_102,seq1,r_102_144_102,1,1,103,102,89
21,r_12_60_43,r_23_5_80,seq0,r_23_5_80,0.59,-45,35,80,89
17,r_101_64_159,seq51,seq147,r_101_64_159,0.62,0,159,159,89
9,r_32_62_25,seq55,r_16_131_98,r_32_62_25,0.78,36,61,25,89
9,r_32_62_25,r_81_63_65,seq39,r_32_62_25,0.76,65,90,25,89
0,r_54_128_12,r_104_30_130,r_127_28_22,r_54_128_12,0.54,11,23,12,89
2,r_76_20_89,r_47_86_9,r_74_61_100,r_76_20_89,0.67,23,112,89,89
44,r_57_140_60,seq90,r_54_128_12,r_57_140_60,1,0,60,60,89
5,r_19_66_87,r_35_146_154,r_112_98_101,r_19_66_87,0.87,23,110,87,89
49,r_80_70_46,r_35_146_154,seq149,r_80_70_46,1,0,46,46,89
79,seq67,seq69,r_99_53_168,r_99_53_168,0.96,0,168,168,89
75,seq52,seq1,r_35_146_154,r_35_146_154,0.8,7,161,154,89
37,r_72_137_18,r_142_125_83,seq27,r_72_137_18,0.89,0,18,18,89
30,r_140_60_67,r_59_113_94,r_18_120_179,r_140_60_67,1,0,67,67,90
51,seq128,seq56,r_127_63_83,r_127_63_83,1,43,126,83,90
66,seq39,r_19_2_159,r_81_135_28,r_81_135_28,0.92,7,35,28,90
9,r_85_116_29,r_30_131_115,r_70_114_182,r_30_131_115,1,1,116,115,90
14,r_124_29_145,seq145,r_30_131_115,r_30_131_115,0.74,0,115,115,90
8,r_23_45_154,seq147,r_127_63_83,r_127_63_83,0.92,71,154,83,90
9,r_85_116_29,r_70_114_182,r_13_26_126,r_85_116_29,0.44,132,161,29,90
43,r_59_113_94,r_12_115_138,r_87_7_112,r_59_113_94,0.99,20,114,94,90
37,r_105_52_128,r_58_133_169,seq43,r_105_52_128,0.73,1,129,128,90
59,seq15,r_58_133_169,r_21_33_136,r_21_33_136,0.82,33,169,136,90
55,seq8,r_74_104_153,r_79_31_26,r_74_104_153,0.41,1,154,153,90
16,r_142_123_114,r_5_101_65,seq102,r_5_101_65,0.9,0,65,65,90
39,r_61_106_61,seq117,seq54,r_61_106_61,0.8,0,61,61,90
1,r_21_33_136,r_71_99_152,r_61_106_61,r_61_106_61,1,48,109,61,90
5,r_66_77_142,seq75,r_84_73_3,r_66_77_142,0.96,1,143,142,90
42,r_42_72_144,seq57,r_127_63_83,r_42_72_144,0.87,0,144,144,90
80,seq75,r_66_77_142,seq97,r_66_77_142,0.91,1,143,142,90
69,seq46,seq0,r_53_20_55,r_53_20_55,1,14,69,55,90
15,r_93_28_46,r_10_130_25,seq17,r_93_28_46,1,2,48,46,90
45,r_38_98_105,r_71_99_152,seq122,r_38_98_105,0.94,0,105,105,90
43,r_59_113_94,r_84_73_3,r_12_115_138,r_59_113_94,0.76,0,94,94,90
19,r_37_22_175,seq122,r_41_32_63,r_37_22_175,0.59,0,175,175,90
15,r_93_28_46,seq17,r_51_35_93,r_51_35_93,0.97,17,110,93,90
33,r_41_32_63,seq82,r_37_22_175,r_37_22_175,0.44,10,185,175,90
11,r_13_26_126,seq48,r_85_116_29,r_13_26_126,1,0,126,126,90
34,r_79_31_26,r_34_141_163,seq82,r_79_31_26,0.99,0,26,26,90
15,r_93_28_46,r_51_35_93,seq55,r_51_35_93,0.72,56,149,93,90
36,r_53_20_55,r_13_26_126,seq46,r_53_20_55,1,0,55,55,90
10,r_139_9_151,seq122,r_90_143_120,r_90_143_120,0.55,31,151,120,90
26,r_30_131_115,r_3_47_123,r_85_116_29,r_85_116_29,0.94,31,60,29,90
0,r_3_47_123,r_70_114_182,r_90_143_120,r_3_47_123,0.81,0,123,123,90
20,r_19_2_159,seq39,r_38_98_105,r_38_98_105,0.57,51,156,105,90
13,r_90_143_120,seq46,r_3_47_123,r_90_143_120,0.92,3,123,120,90
54,seq129,seq39,r_112_76_27,r_112_76_27,1,0,27,27,90
48,r_5_101_65,r_142_123_114,seq111,r_5_101_65,0.98,1,66,65,90
12,r_51_35_93,r_93_28_46,r_12_115_138,r_12_115_138,0.9,20,158,138,90
98,seq122,r_139_9_151,r_38_98_105,r_38_98_105,0.55,0,105,105,90
6,r_70_114_182,r_3_47_123,r_85_116_29,r_70_114_182,0.94,-59,123,182,90
62,seq147,r_127_63_83,seq55,r_127_63_83,1,1,84,83,90
4,r_81_135_28,seq149,seq39,r_81_135_28,1,0,28,28,90
49,r_134_67_56,seq43,seq17,r_134_67_56,1,1,57,56,90
27,r_18_120_179,r_140_60_67,seq0,r_140_60_67,0.9,115,182,67,90
3,r_118_24_76,r_84_73_3,seq50,r_118_24_76,0.85,0,76,76,90
30,r_140_60_67,r_18_120_179,r_90_143_120,r_90_143_120,0.92,63,183,120,90
2,r_71_99_152,seq54,r_84_73_3,r_71_99_152,0.98,0,152,152,90
40,r_1_138_73,r_118_24_76,seq54,r_1_138_73,1,0,73,73,90
18,r_74_104_153,seq8,r_142_123_114,r_74_104_153,0.92,0,153,153,90
29,r_87_7_112,seq97,seq62,r_87_7_112,0.98,0,112,112,90
24,r_65_86_111,r_70_114_182,r_5_101_65,r_5_101_65,0.94,6,71,65,90
33,r_41_32_63,seq83,seq82,r_41_32_63,1,0,63,63,90
48,r_5_101_65,seq111,r_70_114_182,r_5_101_65,0.51,74,139,65,90
88,seq97,r_87_7_112,seq75,r_87_7_112,0.81,0,112,112,90
85,seq91,seq82,r_105_52_128,r_105_52_128,1,19,147,128,90
65,seq27,r_74_104_153,seq43,r_74_104_153,0.74,-87,66,153,90
32,r_68_16_178,r_58_133_169,r_21_33_136,r_21_33_136,0.94,1,137,136,90
77,seq62,r_12_115_138,seq95,r_12_115_138,0.92,-1,137,138,90
94,seq109,r_108_36_48,r_126_94_9,r_108_36_48,1,0,48,48,90
47,r_121_144_33,r_21_33_136,seq145,r_121_144_33,0.97,0,33,33,90
22,r_108_36_48,seq109,seq83,r_108_36_48,1,0,48,48,90
24,r_65_86_111,r_5_101_65,r_34_141_163,r_65_86_111,1,0,111,111,90
75,seq56,seq128,r_127_63_83,r_127_63_83,1,21,104,83,90
26,r_30_131_115,r_85_116_29,r_142_123_114,r_30_131_115,1,0,115,115,90
11,r_13_26_126,r_53_20_55,seq48,r_53_20_55,1,-2,53,55,90
60,seq17,seq109,r_134_67_56,r_134_67_56,0.78,1,57,56,90
17,r_44_148_158,seq146,seq100,r_44_148_158,0.92,0,158,158,90
9,r_85_116_29,r_21_33_136,r_30_131_115,r_85_116_29,0.99,0,29,29,90
16,r_142_123_114,seq102,r_30_131_115,r_142_123_114,0.96,1,115,114,90
1,r_21_33_136,r_61_106_61,r_68_16_178,r_21_33_136,1,0,136,136,90
63,seq149,r_81_135_28,seq11,r_81_135_28,1,1,29,28,90
3,r_118_24_76,r_1_138_73,r_84_73_3,r_1_138_73,0.6,-17,56,73,90
43,r_59_113_94,r_140_60_67,r_84_73_3,r_140_60_67,0.94,-28,39,67,90
44,r_127_63_83,seq147,seq56,r_127_63_83,1,1,84,83,90
28,r_126_94_9,seq109,r_66_77_142,r_126_94_9,0.45,47,56,9,90
48,r_5_101_65,r_70_114_182,seq62,r_5_101_65,0.4,111,176,65,90
14,r_124_29_145,r_30_131_115,seq102,r_124_29_145,0.9,0,145,145,90
12,r_51_35_93,r_70_114_182,r_93_28_46,r_51_35_93,0.95,0,93,93,90
32,r_68_16_178,r_21_33_136,r_126_94_9,r_68_16_178,0.86,0,178,178,90
28,r_126_94_9,r_66_77_142,seq109,r_66_77_142,0.84,-35,107,142,90
30,r_119_76_159,r_30_53_96,r_2_11_26,r_30_53_96,0.87,1,97,96,91
44,r_145_99_130,r_50_6_183,seq110,r_50_6_183,1,0,183,183,91
4,r_35_141_29,r_5_105_149,seq28,r_35_141_29,1,0,29,29,91
36,r_104_60_151,r_145_99_130,seq137,r_145_99_130,0.83,0,130,130,91
1,r_31_4_150,r_23_37_170,r_81_113_103,r_31_4_150,0.98,0,150,150,91
6,r_94_45_132,r_132_90_51,seq106,r_132_90_51,0.89,1,52,51,91
92,seq107,r_14_66_93,r_104_60_151,r_104_60_151,0.85,1,152,151,91
43,r_149_49_84,r_135_124_180,r_134_72_177,r_149_49_84,0.99,0,84,84,91
25,r_57_95_57,seq21,seq79,r_57_95_57,1,0,57,57,91
37,r_71_103_147,seq8,seq85,r_71_103_147,0.58,0,147,147,91
71,seq147,r_55_123_175,r_149_49_84,r_149_49_84,0.99,10,94,84,91
16,r_5_105_149,r_42_32_101,r_31_4_150,r_42_32_101,0.93,-8,93,101,91
1,r_31_4_150,r_3_93_135,r_23_37_170,r_31_4_150,0.49,-15,135,150,91
39,r_140_78_20,seq28,seq108,r_140_78_20,0.98,-2,18,20,91
46,r_75_114_124,seq120,seq101,r_75_114_124,1,1,125,124,91
42,r_26_122_134,r_50_6_183,seq33,r_26_122_134,0.77,0,134,134,91
10,r_50_6_183,r_145_99_130,r_134_72_177,r_50_6_183,0.77,0,183,183,91
39,r_140_78_20,seq108,seq21,r_140_78_20,0.71,27,47,20,91
7,r_134_72_177,r_149_49_84,seq33,r_134_72_177,0.47,0,177,177,91
69,seq40,r_82_146_115,r_30_53_96,r_30_53_96,0.95,4,100,96,91
45,r_112_38_138,r_131_39_75,seq46,r_112_38_138,0.85,-1,137,138,91
21,r_62_36_28,seq100,seq115,r_62_36_28,0.89,4,32,28,91
90,seq101,seq51,r_75_114_124,r_75_114_124,0.84,1,125,124,91
19,r_42_32_101,r_5_105_149,r_130_61_25,r_42_32_101,1,0,101,101,91
34,r_2_11_26,seq33,r_119_76_159,r_2_11_26,0.83,0,26,26,91
95,seq110,r_50_6_183,r_145_99_130,r_145_99_130,0.68,53,183,130,91
41,r_88_64_131,r_145_99_130,r_96_58_64,r_88_64_131,0.55,0,131,131,91
89,seq100,r_62_36_28,r_2_11_26,r_62_36_28,0.44,38,66,28,91
96,seq115,r_62_36_28,r_5_105_149,r_5_105_149,1,13,162,149,91
3,r_54_59_169,r_48_111_199,seq43,r_54_59_169,0.54,0,169,169,91
10,r_50_6_183,r_26_122_134,r_145_99_130,r_50_6_183,0.88,-49,134,183,91
72,seq43,seq68,r_54_59_169,r_54_59_169,0.65,7,176,169,91
14,r_129_20_32,r_54_59_169,r_81_113_103,r_81_113_103,0.89,1,104,103,91
0,r_29_19_98,seq83,seq41,r_29_19_98,0.99,2,100,98,91
73,seq46,seq83,r_112_38_138,r_112_38_138,0.89,9,147,138,91
11,r_125_116_92,seq41,seq139,r_125_116_92,1,0,92,92,91
48,r_23_37_170,r_31_4_150,r_24_126_36,r_24_126_36,0.82,115,151,36,91
26,r_130_61_25,r_54_59_169,seq68,r_130_61_25,1,0,25,25,91
5,r_96_58_64,seq83,r_88_64_131,r_88_64_131,1,2,133,131,91
18,r_56_87_58,seq143,seq139,r_56_87_58,1,0,58,58,91
86,seq89,r_14_66_93,r_82_146_115,r_82_146_115,0.85,12,127,115,91
99,seq127,seq143,r_3_93_135,r_3_93_135,0.77,14,149,135,91
27,r_81_113_103,seq68,seq17,r_81_113_103,0.97,0,103,103,91
2,r_22_44_78,seq80,seq65,r_22_44_78,1,1,79,78,91
47,r_118_9_157,seq120,seq137,r_118_9_157,0.73,0,157,157,91
59,seq143,seq127,r_3_93_135,r_3_93_135,0.99,11,146,135,91
74,seq47,r_119_76_159,r_0_67_69,r_0_67_69,0.97,85,154,69,91
20,r_132_90_51,r_86_52_125,r_82_146_115,r_132_90_51,1,58,109,51,91
24,r_55_123_175,r_134_72_177,r_2_11_26,r_2_11_26,0.57,149,175,26,91
34,r_2_11_26,r_119_76_159,seq97,r_2_11_26,0.61,128,154,26,91
43,r_149_49_84,r_134_72_177,seq147,r_134_72_177,0.56,0,177,177,91
36,r_104_60_151,seq137,seq107,r_104_60_151,0.84,0,151,151,91
88,seq97,r_30_53_96,r_2_11_26,r_30_53_96,0.99,2,98,96,91
59,seq143,r_56_87_58,seq127,r_56_87_58,0.99,-7,51,58,91
61,seq17,r_48_111_199,r_81_113_103,r_81_113_103,1,43,146,103,91
32,r_73_63_195,seq143,r_3_93_135,r_3_93_135,0.8,0,135,135,91
38,r_135_124_180,r_149_49_84,r_134_72_177,r_149_49_84,0.96,95,179,84,91
77,seq138,seq110,r_30_53_96,r_30_53_96,1,38,134,96,91
16,r_5_105_149,r_31_4_150,seq115,r_5_105_149,1,0,149,149,91
48,r_23_37_170,r_24_126_36,seq91,r_23_37_170,0.58,0,170,170,91
90,seq101,r_96_58_64,seq43,r_96_58_64,0.56,-15,49,64,91
17,r_92_70_164,seq109,r_29_19_98,r_92_70_164,0.72,0,164,164,91
9,r_3_93_135,r_31_4_150,seq143,r_3_93_135,0.62,2,137,135,91
14,r_129_20_32,seq10,r_54_59_169,r_129_20_32,0.75,0,32,32,91
31,r_24_126_36,r_23_37_170,r_86_52_125,r_23_37_170,0.66,-4,166,170,91
22,r_0_67_69,seq25,seq1,r_0_67_69,1,0,69,69,91
28,r_121_69_99,seq85,r_2_11_26,r_121_69_99,0.69,0,99,99,91
49,r_30_53_96,r_119_76_159,seq40,r_30_53_96,0.98,1,97,96,91
7,r_134_72_177,r_55_123_175,r_149_49_84,r_149_49_84,1,24,108,84,91
44,r_145_99_130,r_104_60_151,r_50_6_183,r_145_99_130,0.88,0,130,130,91
20,r_132_90_51,r_94_45_132,r_86_52_125,r_132_90_51,1,0,51,51,91
23,r_82_146_115,r_26_122_134,r_132_90_51,r_82_146_115,0.99,1,116,115,91
79,seq68,r_102_27_174,r_130_61_25,r_130_61_25,0.82,149,174,25,91
31,r_24_126_36,r_131_39_75,r_23_37_170,r_24_126_36,0.57,0,36,36,91
35,r_102_27_174,seq68,r_55_123_175,r_102_27_174,0.6,0,174,174,91
12,r_86_52_125,seq13,seq8,r_86_52_125,1,0,125,125,91
30,r_49_106_162,seq24,r_76_29_62,r_76_29_62,1,23,85,62,92
51,seq129,r_2_131_120,r_66_119_147,r_66_119_147,0.74,5,152,147,92
36,r_27_84_195,r_82_7_163,r_73_117_99,r_73_117_99,0.83,6,105,99,92
9,r_88_105_106,r_94_41_174,r_73_117_99,r_94_41_174,0.99,1,175,174,92
66,seq35,r_104_137_54,r_56_145_124,r_56_145_124,1,5,129,124,92
8,r_139_6_72,seq9,r_55_134_149,r_139_6_72,0.97,76,148,72,92
43,r_16_146_90,seq78,r_36_61_23,r_16_146_90,1,5,95,90,92
32,r_36_61_23,r_110_132_110,r_16_146_90,r_36_61_23,0.75,72,95,23,92
22,r_73_117_99,seq12,r_27_84_195,r_73_117_99,0.98,0,99,99,92
37,r_97_44_76,r_92_45_177,r_76_29_62,r_97_44_76,1,0,76,76,92
59,seq21,seq107,r_142_147_93,r_142_147_93,1,8,101,93,92
86,seq90,seq96,r_100_51_92,r_100_51_92,1,6,98,92,92
16,r_92_45_177,r_97_44_76,seq141,r_97_44_76,0.68,0,76,76,92
21,r_72_4_24,seq78,seq33,r_72_4_24,0.61,152,176,24,92
39,r_87_135_123,r_94_41_174,r_110_132_110,r_87_135_123,0.82,1,124,123,92
1,r_50_47_133,seq13,seq141,r_50_47_133,0.72,0,133,133,92
74,seq58,r_76_29_62,seq136,r_76_29_62,0.97,-7,55,62,92
45,r_144_30_159,seq121,r_36_61_23,r_144_30_159,0.83,3,162,159,92
19,r_56_145_124,seq78,seq35,r_56_145_124,0.93,0,124,124,92
11,r_148_83_188,r_85_112_55,seq38,r_148_83_188,0.52,0,188,188,92
32,r_36_61_23,r_16_146_90,r_144_30_159,r_144_30_159,1,7,166,159,92
22,r_73_117_99,r_27_84_195,r_88_105_106,r_88_105_106,0.45,78,184,106,92
66,seq35,r_40_143_146,r_104_137_54,r_104_137_54,1,14,68,54,92
41,r_55_134_149,seq129,r_139_6_72,r_55_134_149,0.64,1,150,149,92
46,r_31_138_194,seq0,r_34_37_5,r_31_138_194,0.48,-173,21,194,92
61,seq23,r_36_61_23,r_34_37_5,r_36_61_23,0.88,-4,19,23,92
26,r_94_41_174,r_87_135_123,r_88_105_106,r_87_135_123,0.67,-8,115,123,92
3,r_110_132_110,r_17_69_68,r_127_1_108,r_17_69_68,1,-1,67,68,92
10,r_17_69_68,r_110_132_110,seq57,r_17_69_68,1,0,68,68,92
47,r_81_114_47,r_139_6_72,seq23,r_81_114_47,0.94,0,47,47,92
90,seq99,r_40_143_146,r_5_64_103,r_40_143_146,1,-78,68,146,92
14,r_113_125_56,r_36_61_23,r_144_30_159,r_113_125_56,0.92,0,56,56,92
60,seq22,seq13,r_75_116_178,r_75_116_178,0.8,3,181,178,92
26,r_94_41_174,r_100_51_92,r_87_135_123,r_100_51_92,0.95,0,92,92,92
81,seq77,seq120,r_115_14_157,r_115_14_157,0.75,0,157,157,92
0,r_142_147_93,seq71,seq21,r_142_147_93,0.99,0,93,93,92
73,seq57,r_43_149_143,seq62,r_43_149_143,1,-1,142,143,92
20,r_40_143_146,seq38,r_43_149_143,r_40_143_146,0.82,0,146,146,92
13,r_20_130_156,r_11_108_137,seq42,r_11_108_137,0.97,0,137,137,92
15,r_118_101_121,seq48,r_92_45_177,r_118_101_121,0.74,0,121,121,92
49,r_104_137_54,seq35,r_2_131_120,r_2_131_120,0.87,9,129,120,92
38,r_95_63_180,seq58,r_123_68_13,r_95_63_180,0.55,3,183,180,92
4,r_75_116_178,seq91,r_74_10_59,r_74_10_59,0.68,85,144,59,92
57,seq13,r_50_47_133,seq22,r_50_47_133,0.93,0,133,133,92
29,r_46_25_155,seq22,seq13,r_46_25_155,0.53,-76,79,155,92
6,r_5_64_103,r_40_143_146,r_104_137_54,r_5_64_103,0.97,-22,81,103,92
16,r_92_45_177,r_118_101_121,r_94_41_174,r_92_45_177,1,1,178,177,92
14,r_113_125_56,r_86_18_8,r_36_61_23,r_113_125_56,0.61,-45,11,56,92
5,r_85_112_55,r_148_83_188,seq80,r_148_83_188,0.6,2,190,188,92
34,r_74_10_59,r_55_134_149,seq107,r_74_10_59,1,0,59,59,92
27,r_43_149_143,seq57,seq0,r_43_149_143,0.89,-1,142,143,92
30,r_49_106_162,r_76_29_62,seq121,r_49_106_162,0.88,0,162,162,92
11,r_148_83_188,seq80,r_85_112_55,r_85_112_55,1,2,57,55,92
49,r_104_137_54,r_85_112_55,seq35,r_104_137_54,0.99,0,54,54,92
2,r_127_1_108,r_110_132_110,r_34_37_5,r_127_1_108,0.91,0,108,108,92
40,r_76_29_62,seq58,seq24,r_76_29_62,1,0,62,62,92
24,r_2_131_120,seq129,r_104_137_54,r_104_137_54,1,83,137,54,92
25,r_115_14_157,seq141,seq77,r_115_14_157,0.77,2,159,157,92
33,r_19_8_160,seq65,r_87_135_123,r_19_8_160,0.93,0,160,160,92
47,r_81_114_47,seq23,r_127_1_108,r_127_1_108,1,68,176,108,92
50,seq0,r_31_138_194,r_43_149_143,r_43_149_143,0.92,0,143,143,92
3,r_110_132_110,r_127_1_108,seq111,r_110_132_110,1,1,111,110,92
14,r_113_125_56,r_144_30_159,seq121,r_144_30_159,1,0,159,159,92
42,r_128_79_144,seq21,r_118_101_121,r_128_79_144,0.94,0,144,144,92
38,r_95_63_180,seq136,seq58,r_95_63_180,0.66,-48,132,180,92
48,r_140_59_27,seq35,seq12,r_140_59_27,0.98,0,27,27,92
60,seq22,r_50_47_133,r_46_25_155,r_46_25_155,0.55,-95,60,155,92
17,r_11_108_137,r_20_130_156,seq122,r_11_108_137,0.96,0,137,137,92
94,seq111,seq54,r_110_132_110,r_110_132_110,1,1,111,110,92
9,r_88_105_106,seq3,r_94_41_174,r_88_105_106,0.95,0,106,106,92
96,seq121,r_144_30_159,r_49_106_162,r_144_30_159,0.65,3,162,159,92
31,r_123_68_13,seq26,seq33,r_123_68_13,0.49,164,177,13,92
23,r_82_7_163,r_73_117_99,r_74_10_59,r_82_7_163,0.85,0,163,163,92
91,seq102,seq23,r_46_25_155,r_46_25_155,0.64,1,156,155,92
15,r_118_101_121,r_92_45_177,r_128_79_144,r_118_101_121,0.85,40,161,121,92
32,r_36_61_23,r_113_125_56,r_110_132_110,r_36_61_23,0.68,42,65,23,92
56,seq12,seq98,r_140_59_27,r_140_59_27,0.99,88,115,27,92
32,r_36_61_23,seq23,r_113_125_56,r_36_61_23,0.85,0,23,23,92
26,r_94_41_174,r_88_105_106,r_92_45_177,r_94_41_174,0.82,4,178,174,92
23,r_82_7_163,r_66_119_147,r_73_117_99,r_73_117_99,0.85,48,147,99,92
4,r_75_116_178,r_74_10_59,seq22,r_75_116_178,0.95,0,178,178,92
82,seq78,r_16_146_90,seq33,r_16_146_90,1,1,91,90,92
60,seq22,r_46_25_155,seq13,r_46_25_155,0.64,-57,98,155,92
29,r_46_25_155,seq13,seq102,r_46_25_155,0.98,3,158,155,92
12,r_100_51_92,r_94_41_174,seq90,r_100_51_92,1,0,92,92,92
16,r_92_45_177,seq141,r_118_101_121,r_118_101_121,0.96,1,122,121,92
5,r_85_112_55,r_104_137_54,r_148_83_188,r_85_112_55,1,0,55,55,92
23,r_82_7_163,r_74_10_59,seq3,r_74_10_59,0.59,131,190,59,92
41,r_98_35_149,seq148,r_32_58_26,r_32_58_26,0.72,19,45,26,93
51,seq2,seq55,r_61_78_38,r_61_78_38,0.89,40,78,38,93
28,r_130_133_139,r_89_82_36,seq63,r_89_82_36,0.91,-9,27,36,93
8,r_94_149_179,r_144_87_153,seq50,r_144_87_153,0.8,1,154,153,93
53,seq6,r_126_15_137,seq57,r_126_15_137,1,-37,100,137,93
45,r_46_16_16,r_138_83_171,r_101_105_96,r_46_16_16,0.8,86,102,16,93
37,r_126_15_137,r_113_3_170,r_11_54_10,r_126_15_137,0.62,0,137,137,93
55,seq8,seq63,r_98_35_149,r_98_35_149,0.86,1,150,149,93
16,r_18_132_58,r_17_76_62,seq39,r_18_132_58,1,0,58,58,93
1,r_45_117_126,seq140,seq57,r_45_117_126,0.97,0,126,126,93
5,r_144_87_153,r_94_149_179,seq107,r_144_87_153,0.58,2,155,153,93
46,r_115_81_133,seq39,seq79,r_115_81_133,0.93,0,133,133,93
29,r_118_97_31,r_17_76_62,r_85_14_113,r_118_97_31,0.94,31,62,31,93
80,seq70,r_126_15_137,r_131_22_60,r_131_22_60,0.99,1,61,60,93
19,r_113_3_170,r_126_15_137,r_56_9_97,r_56_9_97,0.65,38,135,97,93
11,r_108_44_45,seq50,r_122_29_155,r_122_29_155,0.96,0,155,155,93
66,seq140,r_45_117_126,r_10_37_50,r_10_37_50,0.44,76,126,50,93
8,r_94_149_179,seq50,r_125_34_17,r_94_149_179,0.53,0,179,179,93
39,r_85_14_113,r_125_34_17,r_118_97_31,r_85_14_113,0.92,-26,87,113,93
31,r_17_76_62,r_18_132_58,r_33_139_175,r_17_76_62,1,-1,61,62,93
21,r_21_41_20,r_130_133_139,seq79,r_21_41_20,0.87,0,20,20,93
71,seq55,seq63,r_125_34_17,r_125_34_17,0.81,11,28,17,93
19,r_113_3_170,r_56_9_97,seq143,r_113_3_170,0.98,0,170,170,93
14,r_33_139_175,seq19,r_17_76_62,r_17_76_62,0.91,0,62,62,93
3,r_131_22_60,seq25,seq70,r_131_22_60,1,0,60,60,93
90,seq107,r_122_29_155,seq123,r_122_29_155,0.97,0,155,155,93
45,r_46_16_16,seq7,r_49_96_85,r_46_16_16,0.98,0,16,16,93
34,r_86_1_183,seq71,seq123,r_86_1_183,0.4,-135,48,183,93
18,r_49_96_85,r_138_83_171,r_46_16_16,r_46_16_16,1,8,24,16,93
14,r_33_139_175,r_17_76_62,seq142,r_17_76_62,0.81,113,175,62,93
20,r_101_105_96,seq64,r_46_16_16,r_101_105_96,0.95,0,96,96,93
0,r_11_54_10,r_36_119_154,seq114,r_11_54_10,0.94,0,10,10,93
48,r_36_119_154,seq121,r_134_146_9,r_36_119_154,0.77,0,154,154,93
13,r_56_9_97,r_47_67_41,seq6,r_56_9_97,0.96,1,98,97,93
6,r_135_72_132,seq39,r_28_128_8,r_135_72_132,0.92,0,132,132,93
9,r_89_82_36,r_24_129_34,seq39,r_89_82_36,0.99,0,36,36,93
0,r_11_54_10,seq114,r_126_15_137,r_126_15_137,0.94,0,137,137,93
4,r_24_129_34,r_89_82_36,seq145,r_24_129_34,1,0,34,34,93
10,r_47_67_41,r_56_9_97,seq57,r_56_9_97,0.89,47,144,97,93
49,r_116_52_13,seq64,seq68,r_116_52_13,0.58,1,14,13,93
29,r_118_97_31,seq121,r_17_76_62,r_118_97_31,0.73,0,31,31,93
87,seq93,r_10_37_50,r_138_83_171,r_10_37_50,0.99,0,50,50,93
51,seq2,r_61_78_38,r_125_34_17,r_61_78_38,0.71,100,138,38,93
13,r_56_9_97,seq6,r_74_127_177,r_74_127_177,0.88,1,178,177,93
2,r_103_60_98,seq59,r_66_77_54,r_66_77_54,1,12,66,54,93
41,r_98_35_149,r_32_58_26,seq8,r_98_35_149,0.65,-14,135,149,93
10,r_47_67_41,r_126_15_137,r_56_9_97,r_47_67_41,0.76,0,41,41,93
40,r_48_137_141,seq0,seq65,r_48_137_141,0.9,0,141,141,93
34,r_86_1_183,seq123,r_90_38_7,r_90_38_7,0.64,177,184,7,93
25,r_74_127_177,seq142,r_56_9_97,r_74_127_177,0.35,0,177,177,93
33,r_30_99_131,seq12,seq109,r_30_99_131,0.9,0,131,131,93
50,seq0,r_48_137_141,seq107,r_48_137_141,0.57,2,143,141,93
58,seq142,r_74_127_177,r_33_139_175,r_33_139_175,0.78,2,177,175,93
65,seq39,r_115_81_133,r_18_132_58,r_18_132_58,0.95,75,133,58,93
38,r_32_58_26,r_98_35_149,seq68,r_98_35_149,0.48,-14,135,149,93
52,seq5,r_138_83_171,r_101_105_96,r_101_105_96,1,38,134,96,93
24,r_66_77_54,r_103_60_98,seq59,r_103_60_98,1,0,98,98,93
60,seq145,r_24_129_34,r_138_83_171,r_138_83_171,0.76,5,176,171,93
45,r_46_16_16,r_49_96_85,r_138_83_171,r_49_96_85,0.95,0,85,85,93
47,r_61_78_38,r_56_9_97,seq8,r_61_78_38,1,1,39,38,93
2,r_103_60_98,r_66_77_54,r_32_58_26,r_103_60_98,0.68,0,98,98,93
17,r_100_23_95,seq147,r_17_76_62,r_100_23_95,0.81,0,95,95,93
39,r_85_14_113,r_89_82_36,r_125_34_17,r_85_14_113,0.84,-102,11,113,93
24,r_66_77_54,seq39,r_103_60_98,r_66_77_54,0.99,0,54,54,93
31,r_17_76_62,r_33_139_175,r_100_23_95,r_17_76_62,0.61,112,174,62,93
11,r_108_44_45,seq69,seq50,r_108_44_45,0.97,0,45,45,93
18,r_49_96_85,r_46_16_16,seq142,r_49_96_85,1,0,85,85,93
44,r_40_43_100,r_126_15_137,r_17_76_62,r_40_43_100,1,0,100,100,93
13,r_56_9_97,r_61_78_38,r_47_67_41,r_56_9_97,0.96,-59,38,97,93
23,r_91_27_125,r_45_117_126,seq59,r_91_27_125,0.96,0,125,125,93
27,r_84_4_39,r_126_15_137,seq111,r_84_4_39,0.96,0,39,39,93
42,r_10_37_50,seq93,seq140,r_10_37_50,1,0,50,50,93
12,r_122_29_155,seq107,r_108_44_45,r_122_29_155,0.79,0,155,155,93
84,seq79,r_21_41_20,r_115_81_133,r_115_81_133,0.94,1,134,133,93
51,seq1,seq131,r_37_86_84,r_37_86_84,1,7,91,84,94
36,r_124_98_126,r_49_122_165,seq80,r_124_98_126,1,0,126,126,94
50,seq128,r_65_115_132,r_135_68_80,r_135_68_80,0.6,7,87,80,94
92,seq105,seq119,r_117_74_74,r_117_74_74,0.88,5,79,74,94
14,r_83_75_150,r_22_40_13,r_26_18_24,r_83_75_150,0.65,0,150,150,94
8,r_99_20_121,r_55_28_128,r_120_48_184,r_99_20_121,0.71,0,121,121,94
37,r_92_143_102,seq142,r_65_115_132,r_92_143_102,0.7,0,102,102,94
46,r_37_86_84,r_53_34_21,seq1,r_37_86_84,0.85,0,84,84,94
10,r_24_25_178,seq14,r_13_23_29,r_13_23_29,0.9,2,31,29,94
71,seq56,r_133_41_82,seq111,r_133_41_82,0.88,-5,77,82,94
86,seq96,r_135_68_80,seq56,r_135_68_80,1,0,80,80,94
16,r_10_89_148,r_140_4_73,r_129_112_71,r_10_89_148,0.83,0,148,148,94
21,r_64_21_75,r_140_4_73,seq71,r_64_21_75,1,-2,73,75,94
39,r_148_7_155,seq78,r_53_34_21,r_148_7_155,0.69,0,155,155,94
46,r_37_86_84,r_64_21_75,r_53_34_21,r_37_86_84,0.54,-14,70,84,94
42,r_55_28_128,r_99_20_121,r_69_126_28,r_69_126_28,0.94,41,69,28,94
80,seq80,seq14,r_124_98_126,r_124_98_126,1,4,130,126,94
35,r_88_61_59,r_64_21_75,seq102,r_88_61_59,1,0,59,59,94
42,r_55_28_128,r_127_63_142,seq94,r_127_63_142,0.81,0,142,142,94
32,r_129_112_71,r_24_25_178,r_10_89_148,r_129_112_71,0.87,89,160,71,94
45,r_146_149_125,r_67_85_171,r_51_50_169,r_146_149_125,0.82,46,171,125,94
45,r_146_149_125,seq141,r_67_85_171,r_67_85_171,0.56,-46,125,171,94
15,r_53_34_21,r_8_58_127,seq56,r_53_34_21,0.69,0,21,21,94
77,seq72,r_65_115_132,r_92_143_102,r_92_143_102,0.94,27,129,102,94
95,seq111,seq96,r_8_58_127,r_8_58_127,0.98,0,127,127,94
5,r_67_85_171,r_146_149_125,seq103,r_67_85_171,0.97,0,171,171,94
76,seq71,seq113,r_64_21_75,r_64_21_75,1,12,87,75,94
67,seq43,r_81_110_70,r_108_138_198,r_81_110_70,1,0,70,70,94
77,seq72,r_92_143_102,seq118,r_92_143_102,0.52,51,153,102,94
3,r_2_59_66,seq103,seq57,r_2_59_66,0.55,10,76,66,94
19,r_26_18_24,r_8_58_127,seq121,r_26_18_24,1,0,24,24,94
90,seq102,seq38,r_88_61_59,r_88_61_59,1,11,70,59,94
10,r_24_25_178,r_13_23_29,r_129_112_71,r_129_112_71,0.92,-2,69,71,94
26,r_81_110_70,seq43,seq100,r_81_110_70,1,0,70,70,94
8,r_99_20_121,r_120_48_184,r_67_85_171,r_99_20_121,0.92,63,184,121,94
4,r_77_132_119,seq95,seq118,r_77_132_119,0.78,0,119,119,94
0,r_108_138_198,r_9_136_123,seq97,r_9_136_123,1,0,123,123,94
63,seq33,seq101,r_65_115_132,r_65_115_132,1,0,132,132,94
37,r_92_143_102,r_65_115_132,r_9_136_123,r_92_143_102,0.93,23,125,102,94
73,seq60,seq111,r_116_114_103,r_116_114_103,1,7,110,103,94
11,r_117_74_74,r_148_7_155,seq105,r_117_74_74,1,5,79,74,94
20,r_91_5_68,r_65_115_132,r_22_40_13,r_91_5_68,0.95,1,69,68,94
13,r_104_147_199,r_49_122_165,r_137_106_54,r_137_106_54,0.61,111,165,54,94
48,r_9_136_123,r_108_138_198,r_92_143_102,r_9_136_123,0.97,0,123,123,94
30,r_19_12_52,r_55_28_128,seq33,r_19_12_52,0.98,0,52,52,94
91,seq103,r_99_20_121,r_67_85_171,r_67_85_171,0.81,0,171,171,94
96,seq113,seq71,r_130_66_83,r_130_66_83,0.92,4,87,83,94
61,seq27,seq102,r_79_3_20,r_79_3_20,0.62,9,29,20,94
29,r_127_63_142,r_55_28_128,r_69_126_28,r_127_63_142,0.77,1,143,142,94
5,r_67_85_171,seq142,r_146_149_125,r_146_149_125,0.99,0,125,125,94
6,r_69_126_28,seq100,r_55_28_128,r_69_126_28,0.99,0,28,28,94
10,r_24_25_178,r_129_112_71,seq15,r_129_112_71,0.57,107,178,71,94
27,r_65_115_132,r_91_5_68,r_88_61_59,r_88_61_59,0.96,15,74,59,94
44,r_120_48_184,r_99_20_121,r_83_75_150,r_120_48_184,1,0,184,184,94
91,seq103,r_137_106_54,r_36_44_134,r_137_106_54,1,0,54,54,94
25,r_13_23_29,seq141,r_24_25_178,r_13_23_29,0.79,2,31,29,94
40,r_54_0_124,r_127_63_142,r_88_61_59,r_54_0_124,0.95,0,124,124,94
18,r_130_66_83,seq62,seq113,r_130_66_83,0.95,1,84,83,94
29,r_127_63_142,r_54_0_124,r_55_28_128,r_127_63_142,0.51,-17,125,142,94
27,r_65_115_132,r_88_61_59,seq33,r_65_115_132,1,0,132,132,94
24,r_49_122_165,r_104_147_199,r_116_114_103,r_49_122_165,0.78,0,165,165,94
43,r_133_41_82,r_53_34_21,seq16,r_133_41_82,1,2,84,82,94
33,r_135_68_80,seq96,seq128,r_135_68_80,0.98,0,80,80,94
58,seq15,seq17,r_87_30_115,r_87_30_115,1,3,118,115,94
6,r_69_126_28,r_55_28_128,r_127_63_142,r_69_126_28,0.6,115,143,28,94
88,seq100,seq57,r_81_110_70,r_81_110_70,0.97,0,70,70,94
32,r_129_112_71,seq113,r_24_25_178,r_129_112_71,0.99,0,71,71,94
38,r_140_4_73,r_64_21_75,r_10_89_148,r_140_4_73,0.99,1,74,73,94
2,r_137_106_54,seq103,seq62,r_137_106_54,1,0,54,54,94
34,r_29_82_179,seq101,seq15,r_29_82_179,0.56,2,181,179,94
23,r_79_3_20,seq93,seq27,r_79_3_20,0.91,0,20,20,94
43,r_133_41_82,seq56,r_53_34_21,r_53_34_21,1,0,21,21,94
42,r_55_28_128,seq94,r_51_50_169,r_55_28_128,0.71,47,175,128,94
49,r_144_52_38,r_51_50_169,r_26_18_24,r_144_52_38,0.98,2,40,38,94
81,seq142,r_92_143_102,seq94,r_92_143_102,0.95,-11,91,102,94
9,r_22_40_13,r_83_75_150,r_91_5_68,r_91_5_68,0.49,82,150,68,94
96,seq113,r_129_112_71,seq71,r_129_112_71,0.67,0,71,71,94
17,r_36_44_134,r_137_106_54,r_120_48_184,r_137_106_54,0.95,-28,26,54,94
25,r_13_23_29,r_24_25_178,r_129_112_71,r_129_112_71,0.93,10,81,71,94
56,seq141,r_13_23_29,r_123_39_187,r_13_23_29,1,0,29,29,94
22,r_35_84_122,r_8_58_127,r_55_28_128,r_35_84_122,0.63,3,125,122,94
28,r_51_50_169,r_32_76_8,r_55_28_128,r_32_76_8,0.5,161,169,8,94
99,seq121,seq95,r_26_18_24,r_26_18_24,1,2,26,24,94
7,r_8_58_127,seq47,seq111,r_8_58_127,0.69,0,127,127,94
44,r_120_48_184,r_36_44_134,r_99_20_121,r_120_48_184,0.49,-59,125,184,94
17,r_36_44_134,r_120_48_184,r_79_3_20,r_36_44_134,0.85,0,134,134,94
42,r_55_28_128,r_69_126_28,r_127_63_142,r_55_28_128,0.99,0,128,128,94
12,r_116_114_103,seq16,seq60,r_116_114_103,1,0,103,103,94
88,seq100,r_69_126_28,seq57,r_69_126_28,0.7,0,28,28,94
30,r_136_147_68,r_63_145_74,r_138_18_38,r_136_147_68,1,0,68,68,95
20,r_86_122_113,r_27_69_79,r_54_77_35,r_54_77_35,0.77,0,35,35,95
44,r_123_29_125,r_60_112_60,r_63_145_74,r_123_29_125,0.98,0,125,125,95
21,r_10_41_98,r_62_46_54,r_138_18_38,r_10_41_98,0.52,-44,54,98,95
9,r_3_113_32,r_20_47_132,r_58_55_3,r_3_113_32,0.79,100,132,32,95
14,r_128_97_77,r_92_51_90,seq43,r_128_97_77,1,0,77,77,95
53,seq4,seq121,r_138_18_38,r_138_18_38,0.9,44,82,38,95
44,r_123_29_125,r_63_145_74,r_6_33_87,r_6_33_87,0.56,85,172,87,95
86,seq89,seq110,r_116_73_16,r_116_73_16,0.77,61,77,16,95
25,r_95_82_31,r_37_42_110,seq67,r_37_42_110,0.89,-39,71,110,95
39,r_37_42_110,seq111,seq43,r_37_42_110,0.96,0,110,110,95
1,r_20_47_132,r_3_113_32,r_54_77_35,r_54_77_35,0.76,97,132,35,95
15,r_13_19_62,seq9,r_95_82_31,r_13_19_62,0.72,-45,17,62,95
42,r_129_28_182,seq121,r_80_1_121,r_129_28_182,0.62,0,182,182,95
73,seq137,r_144_141_197,r_60_112_60,r_60_112_60,1,21,81,60,95
45,r_30_40_190,r_142_34_100,r_135_109_75,r_135_109_75,0.65,7,82,75,95
49,r_102_81_27,seq98,seq16,r_102_81_27,1,0,27,27,95
34,r_57_7_131,r_44_119_194,r_38_132_36,r_38_132_36,1,4,40,36,95
40,r_92_51_90,seq2,r_36_125_127,r_92_51_90,0.99,1,91,90,95
43,r_54_77_35,r_10_41_98,r_20_47_132,r_54_77_35,0.55,97,132,35,95
31,r_8_17_184,r_143_96_58,r_70_72_95,r_143_96_58,0.43,17,75,58,95
41,r_106_35_146,seq32,r_38_132_36,r_38_132_36,0.78,43,79,36,95
24,r_62_46_54,r_10_41_98,seq110,r_62_46_54,1,1,55,54,95
36,r_50_149_115,r_3_113_32,seq52,r_3_113_32,0.92,0,32,32,95
3,r_27_69_79,r_86_122_113,r_44_119_194,r_44_119_194,1,-115,79,194,95
54,seq5,r_8_17_184,r_78_134_67,r_78_134_67,0.9,11,78,67,95
35,r_133_24_40,r_92_51_90,r_105_75_46,r_92_51_90,1,1,91,90,95
34,r_57_7_131,r_38_132_36,r_87_71_72,r_57_7_131,0.54,-18,113,131,95
4,r_78_134_67,r_63_145_74,seq5,r_78_134_67,1,0,67,67,95
32,r_87_71_72,r_57_7_131,r_27_69_79,r_87_71_72,0.82,45,117,72,95
78,seq67,seq9,r_50_149_115,r_50_149_115,0.82,4,119,115,95
11,r_135_109_75,r_124_94_99,r_30_40_190,r_135_109_75,1,0,75,75,95
9,r_3_113_32,r_50_149_115,r_20_47_132,r_3_113_32,1,0,32,32,95
13,r_124_94_99,r_135_109_75,seq130,r_124_94_99,1,-24,75,99,95
56,seq11,r_123_29_125,seq137,r_123_29_125,1,5,130,125,95
47,r_44_119_194,r_129_28_182,r_57_7_131,r_57_7_131,0.6,-111,20,131,95
48,r_148_66_170,seq110,r_60_112_60,r_60_112_60,1,111,171,60,95
12,r_31_91_191,r_25_26_193,r_106_35_146,r_106_35_146,0.89,0,146,146,95
31,r_8_17_184,r_80_1_121,r_128_97_77,r_8_17_184,0.95,0,184,184,95
6,r_60_112_60,seq21,r_123_29_125,r_60_112_60,0.99,0,60,60,95
27,r_105_75_46,r_142_34_100,r_133_24_40,r_105_75_46,0.99,0,46,46,95
36,r_50_149_115,seq52,seq67,r_50_149_115,0.89,2,117,115,95
30,r_136_147_68,r_138_18_38,r_57_7_131,r_57_7_131,0.96,1,132,131,95
22,r_142_34_100,r_30_40_190,seq85,r_142_34_100,0.97,0,100,100,95
2,r_36_125_127,r_144_141_197,r_138_18_38,r_36_125_127,0.85,0,127,127,95
41,r_106_35_146,r_38_132_36,r_31_91_191,r_106_35_146,0.98,-4,142,146,95
25,r_95_82_31,r_58_55_3,r_13_19_62,r_95_82_31,0.88,0,31,31,95
40,r_92_51_90,r_128_97_77,seq2,r_128_97_77,0.94,-13,64,77,95
29,r_100_120_101,seq117,seq111,r_100_120_101,0.93,-2,99,101,95
18,r_56_127_18,r_138_18_38,seq45,r_56_127_18,1,1,19,18,95
15,r_13_19_62,r_95_82_31,seq43,r_13_19_62,1,0,62,62,95
43,r_54_77_35,r_86_122_113,r_10_41_98,r_54_77_35,0.92,78,113,35,95
33,r_74_139_136,r_25_26_193,seq39,r_74_139_136,0.9,0,136,136,95
47,r_44_119_194,r_57_7_131,r_27_69_79,r_27_69_79,1,1,80,79,95
34,r_57_7_131,r_116_73_16,r_44_119_194,r_57_7_131,0.61,-114,17,131,95
38,r_80_1_121,r_8_17_184,r_129_28_182,r_80_1_121,0.97,63,184,121,95
6,r_60_112_60,r_123_29_125,r_103_118_122,r_60_112_60,1,65,125,60,95
65,seq23,r_103_118_122,seq64,r_103_118_122,0.99,0,122,122,95
20,r_86_122_113,r_54_77_35,r_138_18_38,r_86_122_113,1,0,113,113,95
68,seq43,seq0,r_128_97_77,r_128_97_77,0.93,2,79,77,95
32,r_87_71_72,seq85,r_57_7_131,r_87_71_72,0.89,0,72,72,95
31,r_8_17_184,r_70_72_95,r_80_1_121,r_80_1_121,0.96,0,121,121,95
56,seq11,r_54_77_35,r_123_29_125,r_54_77_35,0.98,0,35,35,95
38,r_80_1_121,r_135_109_75,seq117,r_135_109_75,0.54,4,79,75,95
10,r_138_18_38,seq89,seq115,r_138_18_38,0.99,0,38,38,95
21,r_10_41_98,r_138_18_38,r_105_75_46,r_10_41_98,1,0,98,98,95
43,r_54_77_35,seq11,r_86_122_113,r_54_77_35,1,0,35,35,95
34,r_57_7_131,r_87_71_72,r_136_147_68,r_57_7_131,0.55,1,132,131,95
25,r_95_82_31,r_13_19_62,r_37_42_110,r_95_82_31,0.67,28,59,31,95
22,r_142_34_100,r_105_75_46,r_30_40_190,r_105_75_46,0.9,-18,28,46,95
26,r_38_132_36,r_57_7_131,r_27_69_79,r_27_69_79,0.98,37,116,79,95
96,seq115,seq98,r_138_18_38,r_138_18_38,1,24,62,38,95
73,seq137,r_123_29_125,r_144_141_197,r_144_141_197,0.57,-174,23,197,95
38,r_80_1_121,seq117,r_8_17_184,r_8_17_184,0.72,-63,121,184,95
28,r_6_33_87,r_63_145_74,r_123_29_125,r_123_29_125,1,44,169,125,95
28,r_6_33_87,r_25_26_193,r_63_145_74,r_25_26_193,1,-105,88,193,95
35,r_133_24_40,seq61,r_92_51_90,r_133_24_40,0.97,0,40,40,95
40,r_92_51_90,r_36_125_127,seq107,r_36_125_127,1,0,127,127,95
7,r_70_72_95,seq43,r_78_134_67,r_70_72_95,1,8,103,95,95
44,r_123_29_125,seq137,r_60_112_60,r_60_112_60,1,4,64,60,95
23,r_143_96_58,r_8_17_184,r_60_112_60,r_143_96_58,0.98,7,65,58,95
26,r_38_132_36,seq5,r_57_7_131,r_38_132_36,0.95,0,36,36,95
0,r_116_73_16,r_57_7_131,seq89,r_116_73_16,0.98,0,16,16,95
54,seq5,r_38_132_36,r_8_17_184,r_38_132_36,0.54,-11,25,36,95
12,r_31_91_191,r_63_145_74,r_25_26_193,r_63_145_74,1,1,75,74,95
23,r_143_96_58,r_60_112_60,seq137,r_60_112_60,0.38,103,163,60,95
25,r_95_82_31,seq67,r_100_120_101,r_95_82_31,0.57,89,120,31,95
30,r_111_132_129,r_41_85_180,seq82,r_111_132_129,0.9,0,129,129,96
44,r_142_86_6,r_62_108_150,seq51,r_62_108_150,0.91,-38,112,150,96
51,seq1,r_135_89_153,r_19_118_71,r_19_118_71,0.92,78,149,71,96
36,r_44_84_188,r_91_106_146,r_50_46_130,r_44_84_188,0.75,-41,147,188,96
71,seq34,r_7_92_91,seq123,r_7_92_91,0.76,-35,56,91,96
36,r_44_84_188,r_50_46_130,seq3,r_44_84_188,0.54,2,190,188,96
8,r_80_139_101,seq51,seq120,r_80_139_101,0.99,0,101,101,96
17,r_76_93_156,seq136,r_8_140_19,r_76_93_156,0.89,2,158,156,96
43,r_149_90_83,seq82,seq6,r_149_90_83,1,0,83,83,96
54,seq4,r_28_145_178,seq0,r_28_145_178,0.92,0,178,178,96
45,r_8_140_19,r_74_55_187,r_56_5_102,r_8_140_19,0.99,0,19,19,96
16,r_91_106_146,r_44_84_188,r_127_101_79,r_91_106_146,0.94,1,147,146,96
39,r_88_147_128,seq116,r_48_63_113,r_88_147_128,0.72,0,128,128,96
97,seq120,seq103,r_80_139_101,r_80_139_101,1,47,148,101,96
5,r_69_130_168,r_14_115_131,r_76_93_156,r_69_130_168,0.44,-13,155,168,96
46,r_83_18_142,seq12,seq45,r_83_18_142,0.88,0,142,142,96
31,r_65_57_39,r_78_148_64,seq141,r_65_57_39,1,-1,38,39,96
2,r_109_143_66,r_77_144_88,r_127_101_79,r_127_101_79,0.88,4,83,79,96
17,r_76_93_156,r_15_68_43,r_66_100_134,r_15_68_43,1,-4,39,43,96
32,r_113_58_69,r_15_68_43,r_11_49_116,r_11_49_116,1,0,116,116,96
55,seq6,seq51,r_149_90_83,r_149_90_83,1,0,83,83,96
41,r_110_47_107,seq102,r_78_148_64,r_110_47_107,0.99,0,107,107,96
85,seq72,r_128_99_48,seq26,r_128_99_48,1,-2,46,48,96
3,r_42_122_133,seq67,seq81,r_42_122_133,0.97,0,133,133,96
10,r_11_49_116,seq3,r_113_58_69,r_11_49_116,0.75,0,116,116,96
14,r_56_5_102,seq131,r_8_140_19,r_8_140_19,1,2,21,19,96
90,seq97,r_125_53_141,seq29,r_125_53_141,0.97,-79,62,141,96
5,r_69_130_168,r_76_93_156,r_23_105_28,r_76_93_156,0.58,12,168,156,96
14,r_56_5_102,r_8_140_19,seq29,r_56_5_102,1,0,102,102,96
73,seq37,r_40_96_56,r_22_94_109,r_22_94_109,0.91,13,122,109,96
63,seq131,r_14_115_131,r_146_32_105,r_146_32_105,1,1,106,105,96
21,r_66_100_134,seq136,r_76_93_156,r_76_93_156,0.36,-98,58,156,96
73,seq37,r_83_18_142,r_40_96_56,r_40_96_56,0.98,9,65,56,96
11,r_59_112_169,r_13_129_192,seq87,r_59_112_169,0.72,3,172,169,96
20,r_41_85_180,seq25,r_76_93_156,r_41_85_180,0.54,0,180,180,96
6,r_48_63_113,seq33,seq60,r_48_63_113,0.7,0,113,113,96
21,r_66_100_134,r_76_93_156,r_48_63_113,r_66_100_134,1,0,134,134,96
40,r_138_133_33,seq6,seq102,r_138_133_33,0.98,0,33,33,96
27,r_22_94_109,seq72,seq37,r_22_94_109,1,0,109,109,96
25,r_23_105_28,seq6,seq141,r_23_105_28,0.99,1,29,28,96
22,r_62_108_150,r_142_86_6,r_65_57_39,r_62_108_150,0.9,0,150,150,96
2,r_109_143_66,seq17,r_77_144_88,r_109_143_66,0.86,0,66,66,96
47,r_134_121_106,r_31_35_196,r_111_132_129,r_111_132_129,0.96,61,190,129,96
18,r_64_117_157,seq20,seq136,r_64_117_157,0.66,1,158,157,96
24,r_146_32_105,r_83_18_142,seq131,r_146_32_105,0.53,0,105,105,96
19,r_15_68_43,r_76_93_156,seq24,r_15_68_43,1,-2,41,43,96
33,r_19_118_71,seq136,seq98,r_19_118_71,1,0,71,71,96
48,r_114_95_54,seq17,r_135_89_153,r_135_89_153,1,0,153,153,96
88,seq82,r_149_90_83,r_50_46_130,r_149_90_83,1,-20,63,83,96
42,r_127_101_79,r_109_143_66,r_91_106_146,r_91_106_146,1,11,157,146,96
32,r_113_58_69,r_149_90_83,r_15_68_43,r_113_58_69,0.98,0,69,69,96
22,r_62_108_150,r_80_139_101,r_142_86_6,r_62_108_150,0.76,-120,30,150,96
38,r_125_53_141,seq97,r_39_27_5,r_125_53_141,0.74,0,141,141,96
77,seq51,r_80_139_101,r_142_86_6,r_80_139_101,0.85,0,101,101,96
34,r_14_115_131,r_69_130_168,r_80_139_101,r_14_115_131,0.83,3,134,131,96
13,r_21_119_27,r_78_148_64,seq67,r_21_119_27,0.94,0,27,27,96
4,r_40_96_56,seq131,seq37,r_40_96_56,1,1,57,56,96
45,r_8_140_19,r_56_5_102,seq131,r_56_5_102,1,0,102,102,96
25,r_23_105_28,seq141,r_69_130_168,r_69_130_168,0.75,6,174,168,96
9,r_13_129_192,r_59_112_169,r_48_63_113,r_59_112_169,0.6,0,169,169,96
26,r_39_27_5,seq75,r_125_53_141,r_125_53_141,1,1,142,141,96
31,r_65_57_39,seq141,r_62_108_150,r_62_108_150,0.99,8,158,150,96
6,r_48_63_113,seq60,r_88_147_128,r_88_147_128,0.88,9,137,128,96
86,seq75,seq126,r_39_27_5,r_39_27_5,0.81,33,38,5,96
28,r_28_145_178,seq4,seq36,r_28_145_178,0.46,0,178,178,96
49,r_7_92_91,seq34,seq20,r_7_92_91,0.98,0,91,91,96
72,seq36,r_21_119_27,r_28_145_178,r_21_119_27,0.68,153,180,27,96
0,r_128_99_48,seq72,seq45,r_128_99_48,1,0,48,48,96
56,seq136,r_66_100_134,r_76_93_156,r_66_100_134,0.55,-25,109,134,96
7,r_74_55_187,seq45,r_8_140_19,r_8_140_19,0.98,168,187,19,96
48,r_114_95_54,seq37,seq17,r_114_95_54,0.86,-12,42,54,96
55,seq6,r_138_133_33,seq51,r_138_133_33,0.98,-1,32,33,96
23,r_124_73_97,r_66_100_134,r_8_140_19,r_124_73_97,0.83,0,97,97,96
76,seq45,r_74_55_187,r_137_79_4,r_74_55_187,0.66,-155,32,187,96
17,r_76_93_156,r_66_100_134,seq136,r_66_100_134,0.96,-4,130,134,96
82,seq67,r_42_122_133,r_21_119_27,r_42_122_133,0.55,0,133,133,96
65,seq24,r_77_144_88,r_15_68_43,r_15_68_43,0.76,0,43,43,96
12,r_78_148_64,seq60,r_110_47_107,r_78_148_64,1,-1,63,64,96
14,r_77_0_107,r_17_11_176,r_91_33_173,r_17_11_176,0.6,-70,106,176,97
40,r_29_24_144,seq15,seq75,r_29_24_144,0.96,0,144,144,97
30,r_53_103_135,r_16_88_45,r_35_28_38,r_35_28_38,0.92,101,139,38,97
44,r_40_19_111,seq9,r_147_138_168,r_147_138_168,0.68,0,168,168,97
27,r_145_6_41,r_76_39_62,r_123_60_49,r_145_6_41,0.51,3,44,41,97
92,seq108,r_79_146_94,seq75,r_79_146_94,1,0,94,94,97
14,r_77_0_107,r_30_73_85,r_17_11_176,r_77_0_107,0.65,-22,85,107,97
24,r_123_60_49,seq126,seq66,r_123_60_49,1,0,49,49,97
80,seq78,seq25,r_38_106_37,r_38_106_37,0.96,3,40,37,97
26,r_120_129_40,seq90,seq9,r_120_129_40,1,0,40,40,97
1,r_128_58_149,r_127_13_139,r_30_73_85,r_30_73_85,1,54,139,85,97
46,r_30_73_85,r_77_0_107,r_128_58_149,r_30_73_85,0.88,0,85,85,97
42,r_79_146_94,seq108,r_26_48_148,r_79_146_94,0.99,0,94,94,97
5,r_31_132_1,r_16_88_45,r_46_72_16,r_46_72_16,0.9,27,43,16,97
75,seq66,r_112_99_110,r_123_60_49,r_123_60_49,0.8,1,50,49,97
19,r_12_89_132,seq94,seq63,r_12_89_132,0.97,0,132,132,97
16,r_38_106_37,r_84_14_46,seq20,r_38_106_37,0.88,1,38,37,97
11,r_16_88_45,r_53_103_135,r_31_132_1,r_53_103_135,0.94,4,139,135,97
2,r_91_33_173,r_114_57_130,r_76_39_62,r_91_33_173,1,0,173,173,97
27,r_145_6_41,r_123_60_49,r_50_149_170,r_50_149_170,0.72,1,171,170,97
38,r_93_86_11,r_128_58_149,seq131,r_93_86_11,0.88,1,12,11,97
29,r_26_48_148,r_79_146_94,seq22,r_26_48_148,1,0,148,148,97
41,r_121_62_100,seq94,r_112_99_110,r_121_62_100,0.93,-1,99,100,97
67,seq42,r_87_27_128,seq22,r_87_27_128,1,-18,110,128,97
10,r_8_69_169,r_130_141_191,r_148_65_30,r_148_65_30,0.95,59,89,30,97
10,r_8_69_169,r_148_65_30,seq61,r_8_69_169,0.45,-37,132,169,97
48,r_32_4_147,r_144_107_70,r_148_65_30,r_32_4_147,0.72,-95,52,147,97
78,seq74,r_128_58_149,r_30_73_85,r_30_73_85,0.99,66,151,85,97
99,seq126,r_123_60_49,seq61,r_123_60_49,1,1,50,49,97
63,seq22,seq67,r_26_48_148,r_26_48_148,0.98,4,152,148,97
73,seq63,seq21,r_12_89_132,r_12_89_132,1,4,136,132,97
13,r_68_139_174,seq124,seq49,r_68_139_174,0.6,1,175,174,97
46,r_30_73_85,r_128_58_149,seq74,r_128_58_149,0.79,2,151,149,97
15,r_76_39_62,seq20,seq45,r_76_39_62,1,0,62,62,97
6,r_50_149_170,r_41_135_179,r_145_6_41,r_50_149_170,0.44,1,171,170,97
28,r_136_23_89,r_53_103_135,r_145_6_41,r_136_23_89,0.89,52,141,89,97
42,r_79_146_94,r_26_48_148,seq54,r_26_48_148,1,0,148,148,97
49,r_46_72_16,seq18,r_31_132_1,r_46_72_16,0.76,0,16,16,97
47,r_5_70_88,r_12_89_132,seq102,r_5_70_88,0.65,0,88,88,97
18,r_114_57_130,r_91_33_173,r_50_149_170,r_91_33_173,0.86,1,174,173,97
40,r_29_24_144,r_136_23_89,seq15,r_29_24_144,0.52,-71,73,144,97
36,r_35_28_38,seq74,r_37_1_78,r_37_1_78,0.9,0,78,78,97
18,r_114_57_130,seq90,r_91_33_173,r_114_57_130,0.76,0,130,130,97
29,r_26_48_148,r_7_96_180,r_79_146_94,r_79_146_94,0.91,4,98,94,97
2,r_91_33_173,r_77_0_107,r_114_57_130,r_91_33_173,0.59,-43,130,173,97
44,r_40_19_111,r_47_92_23,seq9,r_47_92_23,0.47,18,41,23,97
11,r_16_88_45,r_31_132_1,r_53_103_135,r_53_103_135,0.76,-92,43,135,97
33,r_117_143_125,seq131,seq83,r_117_143_125,0.95,0,125,125,97
48,r_32_4_147,r_148_65_30,seq131,r_32_4_147,0.72,0,147,147,97
1,r_128_58_149,r_30_73_85,r_93_86_11,r_128_58_149,0.53,0,149,149,97
50,seq2,r_32_4_147,r_148_65_30,r_148_65_30,0.7,48,78,30,97
21,r_52_59_47,r_144_107_70,seq140,r_52_59_47,0.98,0,47,47,97
70,seq54,r_7_96_180,r_79_146_94,r_79_146_94,0.82,77,171,94,97
34,r_55_81_28,seq3,seq34,r_55_81_28,0.97,0,28,28,97
68,seq45,seq42,r_76_39_62,r_76_39_62,1,4,66,62,97
67,seq42,r_35_28_38,r_87_27_128,r_35_28_38,0.87,0,38,38,97
61,seq20,r_76_39_62,r_38_106_37,r_76_39_62,0.8,0,62,62,97
28,r_136_23_89,r_145_6_41,r_53_103_135,r_136_23_89,0.78,68,157,89,97
45,r_148_65_30,seq3,seq2,r_148_65_30,1,0,30,30,97
32,r_47_92_23,seq142,seq9,r_47_92_23,0.74,-3,20,23,97
60,seq131,r_117_143_125,r_93_86_11,r_117_143_125,0.8,-16,109,125,97
17,r_127_13_139,r_128_58_149,seq34,r_127_13_139,0.72,0,139,139,97
94,seq110,r_44_118_183,seq101,r_44_118_183,0.85,2,185,183,97
25,r_84_14_46,r_17_11_176,seq21,r_84_14_46,0.88,0,46,46,97
9,r_112_99_110,seq66,r_121_62_100,r_112_99_110,0.93,0,110,110,97
10,r_8_69_169,seq61,r_148_65_30,r_8_69_169,0.47,0,169,169,97
22,r_87_27_128,seq42,seq134,r_87_27_128,0.9,-1,127,128,97
28,r_136_23_89,r_29_24_144,r_53_103_135,r_136_23_89,0.65,2,91,89,97
36,r_35_28_38,seq42,seq74,r_35_28_38,0.94,3,41,38,97
84,seq90,r_120_129_40,r_114_57_130,r_120_129_40,1,1,41,40,97
2,r_91_33_173,seq74,r_77_0_107,r_77_0_107,0.6,9,116,107,97
7,r_7_96_180,seq54,seq126,r_7_96_180,0.63,0,180,180,97
23,r_144_107_70,r_32_4_147,seq9,r_144_107_70,1,0,70,70,97
79,seq75,seq108,r_29_24_144,r_29_24_144,1,4,148,144,97
35,r_37_1_78,r_79_146_94,r_35_28_38,r_37_1_78,1,0,78,78,97
30,r_76_48_91,r_85_83_173,seq115,r_76_48_91,1,0,91,91,98
51,seq2,r_9_145_148,seq0,r_9_145_148,0.99,1,149,148,98
26,r_148_97_104,r_76_48_91,r_36_130_37,r_36_130_37,0.77,9,46,37,98
36,r_9_145_148,seq2,r_36_130_37,r_9_145_148,0.93,0,148,148,98
58,seq17,r_40_123_62,seq59,r_40_123_62,0.58,-26,36,62,98
98,seq124,r_117_47_43,seq118,r_117_47_43,0.99,0,43,43,98
43,r_28_39_90,seq35,seq118,r_28_39_90,0.92,0,90,90,98
27,r_121_5_60,r_105_119_74,r_101_84_130,r_101_84_130,0.68,2,132,130,98
54,seq137,r_20_139_67,r_43_111_179,r_20_139_67,0.98,0,67,67,98
83,seq89,r_101_84_130,r_64_69_194,r_101_84_130,1,0,130,130,98
37,r_40_123_62,r_56_49_96,r_125_44_22,r_40_123_62,0.99,0,62,62,98
71,seq59,r_73_133_113,seq17,r_73_133_113,1,2,115,113,98
27,r_121_5_60,seq93,r_105_119_74,r_105_119_74,0.58,8,82,74,98
21,r_109_30_170,seq29,r_54_22_30,r_109_30_170,0.63,0,170,170,98
39,r_113_16_146,seq75,seq2,r_113_16_146,0.93,0,146,146,98
1,r_134_4_106,r_116_12_140,seq137,r_134_4_106,1,0,106,106,98
97,seq120,r_43_111_179,seq18,r_43_111_179,0.96,0,179,179,98
5,r_96_58_103,r_140_7_88,r_20_139_67,r_20_139_67,0.98,22,89,67,98
42,r_51_90_102,seq62,r_86_61_98,r_51_90_102,1,2,104,102,98
89,seq103,r_40_123_62,r_56_49_96,r_40_123_62,0.67,-5,57,62,98
7,r_19_34_156,r_42_102_11,r_134_4_106,r_19_34_156,0.95,0,156,156,98
45,r_56_49_96,r_40_123_62,seq103,r_40_123_62,0.86,0,62,62,98
19,r_122_25_123,seq94,r_128_99_12,r_122_25_123,0.94,0,123,123,98
8,r_36_130_37,r_85_83_173,r_9_145_148,r_36_130_37,0.99,122,159,37,98
66,seq41,r_116_12_140,seq62,r_116_12_140,0.96,1,141,140,98
16,r_54_22_30,seq108,seq104,r_54_22_30,1,0,30,30,98
41,r_127_114_136,seq75,r_28_39_90,r_127_114_136,0.81,1,137,136,98
96,seq118,seq124,r_28_39_90,r_28_39_90,0.92,37,127,90,98
13,r_42_102_11,r_40_123_62,r_19_34_156,r_42_102_11,0.97,0,11,11,98
38,r_140_7_88,seq112,r_66_82_97,r_140_7_88,0.8,11,99,88,98
8,r_36_130_37,r_148_97_104,r_85_83_173,r_148_97_104,1,1,105,104,98
72,seq62,r_51_90_102,seq41,r_51_90_102,1,0,102,102,98
4,r_20_139_67,r_96_58_103,seq70,r_96_58_103,1,0,103,103,98
4,r_20_139_67,seq137,r_96_58_103,r_20_139_67,0.95,0,67,67,98
0,r_53_106_124,seq75,r_138_55_79,r_53_106_124,0.97,1,125,124,98
18,r_105_119_74,r_31_27_59,r_56_49_96,r_56_49_96,0.78,18,114,96,98
20,r_73_133_113,seq59,r_6_21_29,r_73_133_113,0.98,0,113,113,98
61,seq23,r_78_135_34,r_81_37_15,r_78_135_34,0.68,-8,26,34,98
17,r_78_135_34,seq23,r_60_14_6,r_78_135_34,1,-1,33,34,98
31,r_33_63_190,r_56_49_96,seq46,r_33_63_190,0.63,0,190,190,98
13,r_42_102_11,r_19_34_156,r_95_1_118,r_19_34_156,0.62,0,156,156,98
6,r_85_83_173,r_76_48_91,r_6_21_29,r_85_83_173,0.95,-81,92,173,98
55,seq142,seq149,r_128_99_12,r_128_99_12,0.99,0,12,12,98
85,seq92,seq80,r_71_87_100,r_71_87_100,1,2,102,100,98
99,seq126,seq79,r_96_58_103,r_96_58_103,1,-1,102,103,98
46,r_128_99_12,seq77,seq142,r_128_99_12,0.96,0,12,12,98
27,r_121_5_60,r_43_111_179,seq93,r_121_5_60,0.99,0,60,60,98
44,r_60_14_6,r_31_27_59,r_78_135_34,r_31_27_59,0.86,0,59,59,98
7,r_19_34_156,seq52,r_42_102_11,r_42_102_11,0.95,8,19,11,98
14,r_6_21_29,r_40_123_62,seq144,r_6_21_29,0.96,0,29,29,98
47,r_116_12_140,seq41,seq94,r_116_12_140,0.8,1,141,140,98
40,r_100_131_154,r_146_24_199,r_9_145_148,r_100_131_154,0.88,2,156,154,98
18,r_105_119_74,r_100_131_154,r_31_27_59,r_105_119_74,1,0,74,74,98
29,r_71_87_100,r_13_38_87,seq92,r_71_87_100,1,-11,89,100,98
24,r_66_82_97,seq104,r_140_7_88,r_66_82_97,1,0,97,97,98
11,r_117_47_43,seq124,seq32,r_117_47_43,1,0,43,43,98
25,r_132_45_2,r_95_1_118,seq94,r_132_45_2,0.52,133,135,2,98
3,r_67_68_51,r_33_63_190,seq124,r_67_68_51,1,0,51,51,98
6,r_85_83_173,r_6_21_29,seq110,r_6_21_29,0.8,144,173,29,98
33,r_81_37_15,r_6_21_29,seq23,r_6_21_29,0.61,-14,15,29,98
32,r_31_27_59,seq136,seq93,r_31_27_59,1,0,59,59,98
52,seq3,r_43_111_179,seq18,r_43_111_179,0.61,-42,137,179,98
77,seq75,r_53_106_124,seq107,r_53_106_124,1,0,124,124,98
92,seq108,r_54_22_30,r_19_34_156,r_54_22_30,0.75,1,31,30,98
34,r_147_129_86,r_13_38_87,seq103,r_147_129_86,1,0,86,86,98
14,r_6_21_29,r_81_37_15,r_40_123_62,r_81_37_15,0.54,-3,12,15,98
8,r_36_130_37,r_117_47_43,r_148_97_104,r_36_130_37,0.91,0,37,37,98
48,r_57_11_55,seq118,r_54_22_30,r_57_11_55,1,1,56,55,98
5,r_96_58_103,r_20_139_67,seq126,r_20_139_67,0.67,36,103,67,98
26,r_148_97_104,r_36_130_37,seq137,r_148_97_104,1,0,104,104,98
31,r_33_63_190,r_81_37_15,r_56_49_96,r_56_49_96,1,27,123,96,98
31,r_33_63_190,r_67_68_51,r_81_37_15,r_67_68_51,0.71,0,51,51,98
22,r_13_38_87,r_71_87_100,seq35,r_13_38_87,1,3,90,87,98
96,seq118,r_57_11_55,seq124,r_57_11_55,0.99,0,55,55,98
49,r_86_61_98,seq93,r_51_90_102,r_86_61_98,0.93,2,100,98,98
68,seq136,r_31_27_59,seq74,r_31_27_59,1,-1,58,59,98
23,r_101_84_130,seq89,r_121_5_60,r_101_84_130,0.96,0,130,130,98
35,r_95_1_118,r_132_45_2,r_42_102_11,r_95_1_118,0.82,0,118,118,98
36,r_123_15_136,r_100_65_199,seq112,r_123_15_136,0.65,0,136,136,99
0,r_60_138_55,r_144_90_161,r_23_146_145,r_60_138_55,1,0,55,55,99
98,seq124,seq71,r_52_92_176,r_52_92_176,0.81,2,178,176,99
8,r_41_43_108,seq126,r_149_26_88,r_41_43_108,0.97,1,109,108,99
98,seq124,r_132_87_160,r_66_63_192,r_66_63_192,0.48,-149,43,192,99
37,r_67_24_73,seq112,r_125_16_13,r_67_24_73,1,0,73,73,99
14,r_48_93_41,seq81,seq83,r_48_93_41,1,-7,34,41,99
19,r_144_90_161,seq130,r_74_21_44,r_74_21_44,0.66,117,161,44,99
55,seq135,r_8_76_198,r_94_106_175,r_94_106_175,0.67,5,180,175,99
16,r_50_148_109,r_58_145_181,seq10,r_50_148_109,1,0,109,109,99
21,r_55_62_104,seq5,r_144_90_161,r_55_62_104,0.97,0,104,104,99
39,r_31_101_196,seq3,r_129_121_149,r_129_121_149,0.94,11,160,149,99
58,seq13,r_44_11_38,r_141_137_11,r_44_11_38,0.83,-8,30,38,99
38,r_120_33_48,seq135,seq29,r_120_33_48,1,0,48,48,99
46,r_22_34_95,seq6,seq53,r_22_34_95,1,0,95,95,99
42,r_85_140_135,r_70_111_77,r_144_90_161,r_70_111_77,1,-3,74,77,99
69,seq38,r_108_119_128,seq117,r_108_119_128,1,1,129,128,99
45,r_79_116_155,r_66_63_192,seq38,r_79_116_155,0.59,0,155,155,99
21,r_55_62_104,r_144_90_161,r_51_7_129,r_144_90_161,0.73,0,161,161,99
30,r_74_21_44,r_35_59_150,r_28_39_30,r_74_21_44,1,0,44,44,99
10,r_52_92_176,r_70_111_77,r_144_90_161,r_70_111_77,0.62,-20,57,77,99
15,r_1_136_84,r_8_76_198,r_94_106_175,r_1_136_84,0.55,106,190,84,99
40,r_28_39_30,seq69,r_74_21_44,r_74_21_44,0.99,1,45,44,99
76,seq61,r_35_59_150,r_68_2_115,r_35_59_150,0.96,0,150,150,99
32,r_110_107_182,seq135,r_60_138_55,r_110_107_182,0.61,-17,165,182,99
31,r_12_25_119,seq5,r_58_145_181,r_12_25_119,0.94,0,119,119,99
41,r_35_59_150,seq61,seq46,r_35_59_150,0.88,0,150,150,99
89,seq98,seq54,r_91_40_127,r_91_40_127,0.89,18,145,127,99
3,r_132_87_160,seq71,seq78,r_132_87_160,0.77,0,160,160,99
90,seq103,r_47_97_101,r_30_77_130,r_47_97_101,0.97,1,102,101,99
70,seq42,r_86_80_33,seq95,r_86_80_33,0.99,-1,32,33,99
11,r_105_127_125,r_58_145_181,seq64,r_105_127_125,0.53,-3,122,125,99
20,r_56_104_3,r_1_136_84,seq64,r_1_136_84,0.87,1,85,84,99
13,r_72_49_83,seq83,seq3,r_72_49_83,0.96,0,83,83,99
15,r_1_136_84,r_56_104_3,r_8_76_198,r_1_136_84,0.99,1,85,84,99
48,r_51_7_129,r_110_107_182,r_55_62_104,r_51_7_129,1,0,129,129,99
4,r_23_146_145,r_60_138_55,r_70_111_77,r_23_146_145,0.61,1,146,145,99
6,r_109_14_152,r_8_76_198,seq57,r_109_14_152,0.96,0,152,152,99
57,seq10,seq69,r_50_148_109,r_50_148_109,1,0,109,109,99
6,r_109_14_152,seq9,r_8_76_198,r_8_76_198,0.49,-79,119,198,99
19,r_144_90_161,r_60_138_55,seq130,r_60_138_55,1,0,55,55,99
5,r_94_106_175,seq69,seq135,r_94_106_175,0.51,-58,117,175,99
0,r_60_138_55,r_23_146_145,seq53,r_23_146_145,0.9,-2,143,145,99
90,seq103,r_30_77_130,seq96,r_30_77_130,1,0,130,130,99
9,r_131_102_29,seq82,seq53,r_131_102_29,1,-1,28,29,99
10,r_52_92_176,r_144_90_161,r_51_7_129,r_51_7_129,0.82,32,161,129,99
27,r_73_134_74,r_23_146_145,seq142,r_73_134_74,0.99,0,74,74,99
33,r_58_145_181,r_105_127_125,r_12_25_119,r_58_145_181,0.96,-56,125,181,99
91,seq112,r_86_80_33,r_123_15_136,r_123_15_136,0.43,0,136,136,99
22,r_133_19_164,seq17,r_91_40_127,r_91_40_127,0.22,37,164,127,99
10,r_52_92_176,r_51_7_129,r_133_19_164,r_52_92_176,0.96,0,176,176,99
65,seq29,seq118,r_120_33_48,r_120_33_48,1,0,48,48,99
2,r_47_97_101,seq103,r_56_104_3,r_47_97_101,0.99,1,102,101,99
47,r_108_119_128,seq38,r_70_111_77,r_108_119_128,0.99,0,128,128,99
24,r_8_76_198,r_91_40_127,r_1_136_84,r_8_76_198,0.91,-108,90,198,99
25,r_139_99_180,seq81,r_52_92_176,r_139_99_180,0.47,0,180,180,99
33,r_58_145_181,r_50_148_109,r_105_127_125,r_50_148_109,0.92,-21,88,109,99
5,r_94_106_175,r_51_7_129,seq69,r_94_106_175,0.49,-131,44,175,99
42,r_85_140_135,r_144_90_161,seq114,r_85_140_135,1,0,135,135,99
32,r_110_107_182,r_51_7_129,seq135,r_51_7_129,0.78,3,132,129,99
52,seq3,seq13,r_72_49_83,r_72_49_83,1,3,86,83,99
34,r_4_147_189,r_129_121_149,seq82,r_129_121_149,0.99,0,149,149,99
43,r_125_16_13,r_91_40_127,seq5,r_125_16_13,0.84,0,13,13,99
75,seq57,r_100_65_199,r_109_14_152,r_109_14_152,0.99,5,157,152,99
26,r_141_137_11,r_48_93_41,seq13,r_141_137_11,0.95,-1,10,11,99
17,r_149_26_88,seq142,seq6,r_149_26_88,1,0,88,88,99
56,seq9,r_109_14_152,r_1_136_84,r_109_14_152,0.82,-43,109,152,99
40,r_28_39_30,r_100_65_199,seq69,r_28_39_30,0.85,0,30,30,99
63,seq20,seq98,r_70_111_77,r_70_111_77,0.98,1,78,77,99
31,r_12_25_119,r_58_145_181,r_129_121_149,r_12_25_119,0.6,63,182,119,99
98,seq124,r_66_63_192,seq71,r_66_63_192,0.42,-65,127,192,99
29,r_86_80_33,seq142,r_73_134_74,r_73_134_74,1,28,102,74,99
22,r_133_19_164,r_139_99_180,seq17,r_139_99_180,0.45,-64,116,180,99
28,r_70_111_77,r_85_140_135,seq20,r_70_111_77,1,0,77,77,99
34,r_4_147_189,seq82,r_23_146_145,r_23_146_145,0.96,45,190,145,99
49,r_30_77_130,seq103,seq64,r_30_77_130,0.76,0,130,130,99
7,r_129_121_149,r_4_147_189,r_141_137_11,r_129_121_149,0.83,0,149,149,99
25,r_139_99_180,r_52_92_176,r_125_16_13,r_139_99_180,0.48,10,190,180,99
23,r_66_63_192,r_79_116_155,seq54,r_79_116_155,0.95,0,155,155,99
17,r_149_26_88,seq6,r_41_43_108,r_41_43_108,0.81,44,152,108,99
82,seq82,r_129_121_149,seq0,r_129_121_149,0.99,-69,80,149,99
20,r_56_104_3,seq64,r_47_97_101,r_47_97_101,0.67,7,108,101,99
12,r_91_40_127,r_8_76_198,seq32,r_91_40_127,0.99,1,128,127,99
44,r_44_11_38,seq3,seq46,r_44_11_38,0.91,0,38,38,99
4,r_23_146_145,r_73_134_74,r_60_138_55,r_23_146_145,0.99,-89,56,145,99