30,r_25_131_67,seq86,seq49,r_25_131_67,1.0,0,67,67,0
36,r_59_89_154,r_129_19_193,r_104_84_59,r_129_19_193,0.87,-39,154,193,0
46,r_41_85_40,r_63_130_51,r_91_58_54,r_41_85_40,0.58,16,56,40,0
9,r_63_130_51,r_41_85_40,seq71,r_63_130_51,0.98,0,51,51,0
8,r_35_37_87,r_48_52_126,r_77_16_68,r_48_52_126,1.0,-39,87,126,0
43,r_127_147_171,seq141,seq45,r_127_147_171,0.77,0,171,171,0
16,r_14_2_71,r_116_40_153,r_39_9_113,r_14_2_71,0.97,0,71,71,0
5,r_143_102_115,seq121,seq21,r_143_102_115,1.0,1,116,115,0
42,r_109_67_175,r_114_126_180,seq0,r_109_67_175,0.5,0,175,175,0
80,seq71,seq61,r_63_130_51,r_63_130_51,1.0,23,74,51,0
31,r_66_101_165,r_4_15_102,r_53_24_24,r_66_101_165,1.0,0,165,165,0
7,r_36_32_156,r_104_84_59,r_80_120_55,r_36_32_156,1.0,-1,155,156,0
14,r_81_44_46,r_59_89_154,seq7,r_81_44_46,1.0,0,46,46,0
45,r_34_55_61,seq38,seq64,r_34_55_61,0.99,0,61,61,0
37,r_98_88_21,r_50_142_169,seq128,r_98_88_21,0.99,0,21,21,0
23,r_28_3_41,r_12_132_155,seq122,r_28_3_41,1.0,3,44,41,0
9,r_63_130_51,seq70,r_41_85_40,r_41_85_40,0.78,0,40,40,0
15,r_104_84_59,r_36_32_156,r_59_89_154,r_104_84_59,0.81,98,157,59,0
33,r_11_56_95,r_50_142_169,r_137_136_125,r_11_56_95,0.9,74,169,95,0
66,seq42,r_26_105_93,seq145,r_26_105_93,1.0,-3,90,93,0
41,r_96_106_170,seq64,seq18,r_96_106_170,0.53,0,170,170,0
44,r_39_9_113,r_65_68_15,r_14_2_71,r_14_2_71,0.63,0,71,71,0
3,r_4_15_102,seq78,r_12_132_155,r_4_15_102,0.84,-1,101,102,0
20,r_144_17_88,r_146_113_28,seq23,r_146_113_28,0.88,0,28,28,0
19,r_53_24_24,r_82_54_49,seq122,r_53_24_24,1.0,0,24,24,0
0,r_65_68_15,r_99_31_158,r_129_19_193,r_65_68_15,0.94,2,17,15,0
16,r_14_2_71,r_39_9_113,r_144_17_88,r_39_9_113,0.97,2,115,113,0
4,r_90_107_79,seq149,seq140,r_90_107_79,0.92,5,84,79,0
97,seq121,r_135_133_120,r_116_40_153,r_116_40_153,0.99,4,157,153,0
44,r_39_9_113,r_14_2_71,r_104_84_59,r_39_9_113,0.98,0,113,113,0
11,r_48_52_126,r_35_37_87,seq22,r_35_37_87,1.0,1,88,87,0
2,r_91_58_54,seq128,r_41_85_40,r_91_58_54,1.0,2,56,54,0
83,seq76,seq18,r_29_111_14,r_29_111_14,0.53,7,21,14,0
13,r_114_126_180,r_109_67_175,r_148_5_42,r_148_5_42,0.98,134,176,42,0
15,r_104_84_59,r_39_9_113,r_36_32_156,r_104_84_59,0.83,1,60,59,0
57,seq141,r_127_147_171,seq0,r_127_147_171,0.82,0,171,171,0
6,r_26_105_93,seq42,seq64,r_26_105_93,0.81,0,93,93,0
31,r_66_101_165,r_12_132_155,r_4_15_102,r_4_15_102,0.59,24,126,102,0
99,seq149,r_90_107_79,seq78,r_90_107_79,0.97,5,84,79,0
46,r_41_85_40,r_90_107_79,r_63_130_51,r_63_130_51,0.69,-11,40,51,0
48,r_50_142_169,r_98_88_21,r_66_101_165,r_98_88_21,0.8,1,22,21,0
87,seq86,r_25_131_67,seq83,r_25_131_67,1.0,0,67,67,0
11,r_48_52_126,seq22,r_4_15_102,r_48_52_126,1.0,0,126,126,0
35,r_8_43_12,r_77_16_68,seq138,r_8_43_12,0.93,0,12,12,0
47,r_135_133_120,r_99_31_158,r_109_67_175,r_135_133_120,0.36,-64,56,120,0
29,r_12_132_155,seq49,r_144_17_88,r_12_132_155,0.98,0,155,155,0
24,r_100_139_178,seq57,r_26_105_93,r_100_139_178,0.79,0,178,178,0
37,r_98_88_21,seq128,r_77_16_68,r_77_16_68,1.0,11,79,68,0
25,r_137_136_125,seq45,r_11_56_95,r_137_136_125,0.96,0,125,125,0
33,r_11_56_95,seq46,r_50_142_169,r_11_56_95,0.99,1,96,95,0
48,r_50_142_169,r_66_101_165,r_11_56_95,r_11_56_95,0.88,2,97,95,0
64,seq33,seq20,r_81_44_46,r_81_44_46,1.0,110,156,46,0
47,r_135_133_120,r_109_67_175,seq121,r_135_133_120,1.0,0,120,120,0
48,r_50_142_169,r_11_56_95,seq42,r_50_142_169,0.96,0,169,169,0
70,seq49,r_12_132_155,r_25_131_67,r_25_131_67,0.96,23,90,67,0
27,r_82_54_49,r_114_126_180,seq23,r_82_54_49,0.97,0,49,49,0
65,seq38,seq20,r_81_44_46,r_81_44_46,1.0,110,156,46,0
20,r_144_17_88,seq23,r_14_2_71,r_144_17_88,1.0,0,88,88,0
61,seq21,seq78,r_143_102_115,r_143_102_115,1.0,23,138,115,0
32,r_124_6_66,seq23,seq75,r_124_6_66,1.0,3,69,66,0
38,r_110_123_121,seq119,seq75,r_110_123_121,0.91,4,125,121,0
10,r_148_5_42,seq78,seq23,r_148_5_42,1.0,0,42,42,0
40,r_29_111_14,seq70,seq76,r_29_111_14,1.0,0,14,14,0
20,r_144_17_88,r_14_2_71,r_12_132_155,r_12_132_155,0.97,2,157,155,0
49,r_125_1_23,seq7,seq78,r_125_1_23,0.93,-2,21,23,0
16,r_14_2_71,r_144_17_88,r_65_68_15,r_14_2_71,0.52,103,174,71,0
3,r_4_15_102,r_12_132_155,r_48_52_126,r_4_15_102,0.94,24,126,102,0
22,r_146_113_28,r_144_17_88,seq60,r_146_113_28,0.6,0,28,28,0
96,seq119,r_110_123_121,seq23,r_110_123_121,0.77,11,132,121,0
28,r_116_40_153,seq45,seq121,r_116_40_153,0.94,0,153,153,0
56,seq13,r_59_89_154,seq93,r_59_89_154,1.0,-20,134,154,0
7,r_36_32_156,seq20,r_104_84_59,r_104_84_59,1.0,20,79,59,0
44,r_39_9_113,r_104_84_59,r_65_68_15,r_39_9_113,0.65,-52,61,113,0
82,seq75,r_99_31_158,r_124_6_66,r_124_6_66,1.0,23,89,66,0
79,seq70,seq10,r_80_120_55,r_80_120_55,1.0,18,73,55,0
12,r_77_16_68,seq60,r_98_88_21,r_77_16_68,1.0,0,68,68,0
84,seq78,r_4_15_102,r_125_1_23,r_4_15_102,0.84,-10,92,102,0
51,seq1,seq80,r_10_131_73,r_10_131_73,1.0,37,110,73,1
18,r_122_9_118,r_130_28_24,r_29_16_19,r_122_9_118,0.72,-98,20,118,1
36,r_39_27_188,seq106,r_134_89_82,r_134_89_82,1.0,1,83,82,1
9,r_34_117_33,r_51_17_190,r_96_119_141,r_96_119_141,0.94,20,161,141,1
14,r_25_140_192,r_121_78_157,r_88_91_39,r_88_91_39,0.9,118,157,39,1
8,r_5_4_119,seq20,r_72_75_109,r_5_4_119,0.91,0,119,119,1
30,r_87_13_41,seq12,r_33_32_83,r_33_32_83,1.0,0,83,83,1
43,r_22_138_136,seq57,r_49_23_60,r_22_138_136,0.44,-76,60,136,1
83,seq74,r_26_71_151,seq53,r_26_71_151,0.99,0,151,151,1
29,r_118_128_124,seq135,r_26_71_151,r_26_71_151,1.0,2,153,151,1
21,r_33_32_83,seq3,r_87_13_41,r_33_32_83,0.95,0,83,83,1
39,r_108_35_166,r_15_58_12,r_49_23_60,r_49_23_60,0.54,106,166,60,1
5,r_114_99_174,seq135,seq104,r_114_99_174,0.61,0,174,174,1
31,r_6_95_67,r_64_37_61,r_118_128_124,r_6_95_67,0.65,-11,56,67,1
32,r_56_101_137,seq69,r_15_58_12,r_56_101_137,0.83,2,139,137,1
69,seq38,r_83_44_112,seq80,r_83_44_112,0.95,-23,89,112,1
20,r_49_23_60,r_22_138_136,r_144_145_75,r_49_23_60,0.62,15,75,60,1
34,r_109_148_159,r_103_63_49,seq3,r_103_63_49,1.0,0,49,49,1
32,r_56_101_137,seq98,seq69,r_56_101_137,0.53,-90,47,137,1
15,r_88_91_39,r_25_140_192,r_2_54_91,r_2_54_91,1.0,98,189,91,1
95,seq106,r_39_27_188,r_134_89_82,r_134_89_82,1.0,82,164,82,1
7,r_149_107_193,r_111_97_98,r_103_63_49,r_149_107_193,1.0,-142,51,193,1
41,r_46_115_144,r_72_75_109,r_11_48_48,r_46_115_144,0.83,-35,109,144,1
89,seq90,r_116_124_149,r_22_138_136,r_22_138_136,0.96,14,150,136,1
3,r_83_44_112,seq38,r_29_16_19,r_83_44_112,0.94,0,112,112,1
90,seq135,r_114_99_174,r_118_128_124,r_118_128_124,0.75,7,131,124,1
72,seq43,r_96_119_141,seq139,r_96_119_141,0.99,-51,90,141,1
16,r_51_17_190,r_34_117_33,r_113_147_44,r_34_117_33,0.25,157,190,33,1
4,r_72_75_109,r_46_115_144,r_111_97_98,r_72_75_109,0.86,0,109,109,1
45,r_130_28_24,r_122_9_118,seq139,r_130_28_24,0.98,0,24,24,1
0,r_144_145_75,r_8_50_176,r_49_23_60,r_144_145_75,1.0,0,75,75,1
31,r_6_95_67,r_118_128_124,seq146,r_6_95_67,0.59,2,69,67,1
11,r_10_131_73,r_26_71_151,r_112_77_51,r_10_131_73,1.0,0,73,73,1
20,r_49_23_60,seq146,r_22_138_136,r_49_23_60,0.98,0,60,60,1
13,r_81_42_153,r_134_89_82,seq14,r_134_89_82,0.95,-1,81,82,1
48,r_127_86_104,seq30,r_130_28_24,r_127_86_104,0.89,2,106,104,1
12,r_134_89_82,r_39_27_188,seq106,r_39_27_188,0.92,-7,181,188,1
13,r_81_42_153,seq14,r_49_23_60,r_81_42_153,0.97,0,153,153,1
6,r_8_50_176,seq93,seq36,r_8_50_176,0.26,0,176,176,1
47,r_11_48_48,seq12,seq137,r_11_48_48,1.0,0,48,48,1
85,seq80,r_62_73_122,seq38,r_62_73_122,0.91,-1,121,122,1
26,r_29_16_19,r_25_140_192,r_122_9_118,r_29_16_19,0.91,0,19,19,1
16,r_51_17_190,r_49_23_60,r_34_117_33,r_51_17_190,0.96,-156,34,190,1
36,r_39_27_188,r_134_89_82,seq98,r_134_89_82,0.55,107,189,82,1
27,r_110_92_103,seq80,seq132,r_110_92_103,1.0,0,103,103,1
15,r_88_91_39,r_2_54_91,r_25_140_192,r_25_140_192,1.0,-153,39,192,1
40,r_26_71_151,seq74,r_118_128_124,r_118_128_124,0.67,27,151,124,1
29,r_118_128_124,r_6_95_67,seq139,r_6_95_67,0.93,2,69,67,1
24,r_59_31_128,seq132,r_144_145_75,r_59_31_128,0.95,0,128,128,1
34,r_109_148_159,seq3,seq40,r_109_148_159,0.83,1,160,159,1
35,r_105_94_70,seq90,r_62_73_122,r_62_73_122,0.96,66,188,122,1
25,r_111_97_98,r_149_107_193,seq3,r_111_97_98,0.89,0,98,98,1
43,r_22_138_136,r_49_23_60,seq90,r_22_138_136,1.0,2,138,136,1
28,r_113_147_44,r_116_124_149,seq120,r_113_147_44,0.59,2,46,44,1
58,seq12,seq141,r_33_32_83,r_33_32_83,1.0,82,165,83,1
44,r_126_7_13,seq1,r_112_77_51,r_112_77_51,1.0,2,53,51,1
61,seq143,seq146,r_34_117_33,r_34_117_33,0.76,27,60,33,1
63,seq19,r_2_54_91,r_100_76_189,r_2_54_91,0.78,-49,42,91,1
38,r_67_45_105,seq139,seq57,r_67_45_105,0.8,1,106,105,1
41,r_46_115_144,r_11_48_48,r_34_117_33,r_46_115_144,0.99,0,144,144,1
9,r_34_117_33,seq0,r_51_17_190,r_34_117_33,1.0,0,33,33,1
94,seq104,r_34_117_33,r_114_99_174,r_114_99_174,0.9,4,178,174,1
17,r_62_73_122,seq80,seq90,r_62_73_122,0.85,0,122,122,1
94,seq104,r_52_55_152,r_34_117_33,r_34_117_33,0.82,91,124,33,1
63,seq19,r_100_76_189,r_116_124_149,r_116_124_149,0.68,4,153,149,1
26,r_29_16_19,r_122_9_118,r_83_44_112,r_29_16_19,1.0,99,118,19,1
25,r_111_97_98,seq3,r_72_75_109,r_72_75_109,0.99,3,112,109,1
29,r_118_128_124,seq139,seq135,r_118_128_124,0.72,7,131,124,1
22,r_96_119_141,seq43,r_34_117_33,r_96_119_141,0.91,3,144,141,1
91,seq93,r_8_50_176,r_121_78_157,r_121_78_157,0.55,6,163,157,1
49,r_121_78_157,r_25_140_192,seq93,r_121_78_157,0.61,0,157,157,1
33,r_103_63_49,r_109_148_159,r_149_107_193,r_103_63_49,1.0,0,49,49,1
56,seq137,seq24,r_11_48_48,r_11_48_48,1.0,20,68,48,1
18,r_122_9_118,r_29_16_19,seq60,r_122_9_118,1.0,0,118,118,1
17,r_62_73_122,seq90,r_105_94_70,r_105_94_70,0.44,118,188,70,1
30,r_87_13_41,r_72_75_109,seq12,r_87_13_41,0.94,0,41,41,1
82,seq70,seq146,r_34_117_33,r_34_117_33,0.98,92,125,33,1
35,r_105_94_70,r_108_35_166,seq90,r_105_94_70,0.69,-1,69,70,1
12,r_134_89_82,r_81_42_153,r_39_27_188,r_134_89_82,1.0,0,82,82,1
42,r_112_77_51,r_59_31_128,r_126_7_13,r_112_77_51,1.0,0,51,51,1
30,r_31_4_182,seq29,r_5_97_82,r_5_97_82,1.0,14,96,82,2
44,r_15_19_18,r_58_38_101,seq71,r_58_38_101,1.0,0,101,101,2
36,r_79_125_176,seq16,seq96,r_79_125_176,0.56,0,176,176,2
38,r_69_34_52,r_65_134_72,seq123,r_69_34_52,1.0,1,53,52,2
14,r_63_30_104,r_39_32_185,seq36,r_63_30_104,1.0,0,104,104,2
76,seq75,seq123,r_31_4_182,r_31_4_182,0.61,0,182,182,2
8,r_88_91_142,seq109,r_12_130_93,r_88_91_142,0.66,1,143,142,2
43,r_118_23_63,r_18_119_199,r_79_125_176,r_118_23_63,1.0,0,63,63,2
23,r_12_130_93,r_72_45_196,r_40_26_31,r_40_26_31,1.0,0,31,31,2
37,r_42_73_141,seq14,r_84_140_103,r_42_73_141,0.76,0,141,141,2
65,seq36,r_138_11_40,r_68_146_140,r_138_11_40,0.98,1,41,40,2
59,seq14,r_42_73_141,seq131,r_42_73_141,0.97,5,146,141,2
16,r_18_119_199,r_118_23_63,seq109,r_118_23_63,1.0,0,63,63,2
39,r_132_48_133,r_18_119_199,r_70_74_135,r_132_48_133,0.99,1,134,133,2
1,r_94_44_96,r_112_101_76,seq61,r_112_101_76,1.0,0,76,76,2
5,r_64_144_62,r_33_21_116,r_35_46_20,r_64_144_62,0.84,0,62,62,2
46,r_147_103_122,seq116,seq120,r_147_103_122,1.0,1,123,122,2
1,r_94_44_96,seq61,seq71,r_94_44_96,0.78,0,96,96,2
80,seq85,r_5_97_82,r_41_17_195,r_5_97_82,1.0,2,84,82,2
44,r_15_19_18,r_136_27_161,r_58_38_101,r_15_19_18,0.91,0,18,18,2
40,r_65_134_72,r_47_104_42,r_148_1_146,r_65_134_72,0.58,0,72,72,2
19,r_112_101_76,r_94_44_96,r_138_11_40,r_112_101_76,0.79,0,76,76,2
23,r_12_130_93,r_72_45_196,r_87_95_175,r_87_95_175,0.96,1,176,175,2
28,r_138_11_40,seq36,r_47_104_42,r_138_11_40,1.0,4,44,40,2
95,seq117,r_39_32_185,r_33_21_116,r_33_21_116,0.92,72,188,116,2
3,r_126_54_43,r_115_113_151,seq6,r_126_54_43,0.99,0,43,43,2
90,seq102,seq6,r_142_141_138,r_142_141_138,1.0,0,138,138,2
17,r_58_38_101,r_105_37_179,r_107_7_111,r_58_38_101,0.49,18,119,101,2
26,r_87_95_175,seq120,r_12_130_93,r_12_130_93,0.6,82,175,93,2
72,seq61,r_94_44_96,r_68_146_140,r_94_44_96,0.77,-32,64,96,2
4,r_39_32_185,seq117,seq71,r_39_32_185,0.18,3,188,185,2
0,r_107_7_111,seq29,r_58_38_101,r_107_7_111,1.0,-1,110,111,2
63,seq24,r_78_28_162,seq131,r_78_28_162,1.0,0,162,162,2
11,r_84_140_103,seq43,r_18_119_199,r_84_140_103,0.99,0,103,103,2
20,r_105_37_179,seq76,seq59,r_105_37_179,0.55,0,179,179,2
13,r_20_129_114,seq135,seq85,r_20_129_114,0.7,0,114,114,2
98,seq123,r_78_28_162,seq131,r_78_28_162,0.98,0,162,162,2
56,seq137,r_0_108_55,r_70_74_135,r_70_74_135,0.99,16,151,135,2
15,r_122_128_187,seq124,r_94_44_96,r_94_44_96,0.66,92,188,96,2
12,r_115_113_151,r_0_108_55,seq61,r_115_113_151,0.92,0,151,151,2
6,r_136_27_161,r_12_130_93,r_40_26_31,r_40_26_31,0.92,142,173,31,2
40,r_65_134_72,r_69_34_52,r_47_104_42,r_65_134_72,0.98,-19,53,72,2
40,r_65_134_72,r_148_1_146,r_118_23_63,r_65_134_72,0.91,84,156,72,2
99,seq124,r_122_128_187,r_70_74_135,r_70_74_135,0.93,53,188,135,2
33,r_148_1_146,r_65_134_72,seq102,r_148_1_146,1.0,0,146,146,2
27,r_68_146_140,seq36,r_84_140_103,r_68_146_140,0.92,0,140,140,2
53,seq6,seq100,r_142_141_138,r_142_141_138,0.95,31,169,138,2
30,r_31_4_182,r_5_97_82,seq75,r_31_4_182,0.7,0,182,182,2
35,r_0_108_55,seq96,seq137,r_0_108_55,0.89,1,56,55,2
17,r_58_38_101,seq71,r_15_19_18,r_15_19_18,1.0,10,28,18,2
21,r_22_25_66,seq99,r_81_10_13,r_81_10_13,0.46,55,68,13,2
2,r_70_74_135,r_41_17_195,r_132_48_133,r_70_74_135,0.75,0,135,135,2
18,r_33_21_116,seq99,seq116,r_33_21_116,0.68,0,116,116,2
29,r_5_97_82,seq85,r_31_4_182,r_5_97_82,1.0,2,84,82,2
25,r_110_149_73,r_142_141_138,r_35_46_20,r_110_149_73,1.0,2,75,73,2
43,r_118_23_63,r_79_125_176,r_22_25_66,r_79_125_176,0.72,-35,141,176,2
33,r_148_1_146,r_142_141_138,r_65_134_72,r_65_134_72,1.0,51,123,72,2
48,r_78_28_162,seq123,r_63_30_104,r_78_28_162,1.0,0,162,162,2
70,seq59,seq16,r_105_37_179,r_105_37_179,0.77,0,179,179,2
64,seq29,r_107_7_111,r_5_97_82,r_5_97_82,0.85,28,110,82,2
49,r_47_104_42,r_20_129_114,r_138_11_40,r_47_104_42,1.0,0,42,42,2
32,r_9_62_163,seq86,seq121,r_9_62_163,0.82,0,163,163,2
45,r_56_114_37,r_58_38_101,seq120,r_56_114_37,1.0,1,38,37,2
34,r_41_17_195,r_70_74_135,seq57,r_70_74_135,0.9,-5,130,135,2
10,r_82_49_38,seq137,seq83,r_82_49_38,1.0,0,38,38,2
3,r_126_54_43,seq6,seq102,r_126_54_43,0.4,48,91,43,2
94,seq116,r_147_103_122,r_33_21_116,r_147_103_122,0.69,1,123,122,2
9,r_55_145_84,seq86,seq135,r_55_145_84,1.0,0,84,84,2
96,seq120,r_87_95_175,r_147_103_122,r_147_103_122,0.92,53,175,122,2
28,r_138_11_40,r_47_104_42,r_112_101_76,r_112_101_76,1.0,51,127,76,2
29,r_5_97_82,r_31_4_182,seq29,r_31_4_182,0.93,1,183,182,2
56,seq137,r_122_128_187,r_0_108_55,r_0_108_55,0.77,22,77,55,2
7,r_142_141_138,r_110_149_73,r_148_1_146,r_110_149_73,1.0,2,75,73,2
31,r_81_10_13,r_58_38_101,seq86,r_81_10_13,0.81,-1,12,13,2
41,r_40_26_31,seq61,r_12_130_93,r_40_26_31,1.0,0,31,31,2
17,r_58_38_101,r_15_19_18,r_105_37_179,r_105_37_179,0.66,-78,101,179,2
22,r_35_46_20,r_41_17_195,seq13,r_35_46_20,0.94,0,20,20,2
12,r_115_113_151,r_122_128_187,r_0_108_55,r_0_108_55,0.72,33,88,55,2
21,r_22_25_66,r_69_34_52,seq99,r_22_25_66,0.69,-22,44,66,2
23,r_12_130_93,r_40_26_31,r_72_45_196,r_12_130_93,0.48,30,123,93,2
30,r_120_4_113,r_21_125_187,seq69,r_120_4_113,1.0,0,113,113,3
44,r_137_74_59,r_122_60_165,seq79,r_122_60_165,1.0,2,167,165,3
36,r_95_124_167,seq63,r_9_17_41,r_95_124_167,0.84,0,167,167,3
92,seq101,r_82_7_190,r_102_134_137,r_102_134_137,0.99,53,190,137,3
44,r_137_74_59,r_143_15_177,r_122_60_165,r_137_74_59,1.0,0,59,59,3
14,r_118_81_150,r_115_5_94,seq128,r_118_81_150,0.92,1,151,150,3
43,r_90_139_93,seq30,seq138,r_90_139_93,0.85,0,93,93,3
1,r_2_113_31,r_132_61_135,seq20,r_2_113_31,0.94,1,32,31,3
23,r_108_51_116,r_123_91_33,r_89_14_23,r_108_51_116,0.92,0,116,116,3
54,seq11,seq43,r_141_26_71,r_141_26_71,1.0,3,74,71,3
83,seq79,r_122_60_165,r_137_74_59,r_137_74_59,1.0,23,82,59,3
15,r_13_12_44,seq35,seq69,r_13_12_44,1.0,0,44,44,3
86,seq88,r_130_70_68,r_2_113_31,r_130_70_68,0.55,0,68,68,3
39,r_21_125_187,r_120_4_113,r_115_5_94,r_120_4_113,1.0,0,113,113,3
5,r_31_129_1,r_94_107_63,seq146,r_94_107_63,1.0,0,63,63,3
42,r_122_60_165,seq79,r_137_74_59,r_137_74_59,1.0,36,95,59,3
45,r_47_105_22,r_31_129_1,seq104,r_47_105_22,0.91,0,22,22,3
7,r_9_17_41,r_135_126_84,r_93_84_13,r_135_126_84,1.0,1,85,84,3
38,r_135_126_84,seq53,r_106_57_168,r_135_126_84,0.37,37,121,84,3
65,seq41,r_40_148_6,r_3_48_159,r_40_148_6,0.58,162,168,6,3
86,seq88,r_106_57_168,seq98,r_106_57_168,0.8,-28,140,168,3
77,seq68,r_47_105_22,r_37_144_144,r_37_144_144,0.97,15,159,144,3
39,r_21_125_187,r_115_5_94,seq33,r_21_125_187,0.4,3,190,187,3
31,r_65_38_153,seq99,seq145,r_65_38_153,0.87,0,153,153,3
37,r_123_91_33,r_135_126_84,r_108_51_116,r_123_91_33,0.73,0,33,33,3
89,seq98,r_59_72_66,seq146,r_59_72_66,0.63,3,69,66,3
41,r_93_84_13,r_85_109_67,seq73,r_93_84_13,0.63,0,13,13,3
10,r_149_80_128,seq63,seq68,r_149_80_128,0.46,3,131,128,3
34,r_117_136_38,r_29_39_129,seq79,r_117_136_38,0.99,0,38,38,3
26,r_130_70_68,seq88,seq44,r_130_70_68,1.0,0,68,68,3
72,seq138,r_132_61_135,r_90_139_93,r_90_139_93,0.72,42,135,93,3
0,r_89_14_23,r_6_78_40,seq63,r_89_14_23,0.73,0,23,23,3
4,r_59_72_66,seq98,seq103,r_59_72_66,0.93,3,69,66,3
46,r_58_42_43,seq145,r_6_78_40,r_58_42_43,0.53,0,43,43,3
20,r_132_61_135,seq138,r_89_14_23,r_132_61_135,0.98,0,135,135,3
13,r_115_5_94,r_118_81_150,r_21_125_187,r_118_81_150,0.98,-37,113,150,3
48,r_49_66_183,seq33,r_141_26_71,r_141_26_71,0.92,112,183,71,3
6,r_141_26_71,seq67,seq11,r_141_26_71,1.0,0,71,71,3
62,seq33,r_49_66_183,seq56,r_49_66_183,0.88,-49,134,183,3
21,r_3_48_159,r_114_52_25,r_40_148_6,r_3_48_159,0.79,0,159,159,3
63,seq35,r_13_12_44,r_143_15_177,r_13_12_44,0.99,-19,25,44,3
38,r_135_126_84,r_106_57_168,r_140_1_53,r_106_57_168,0.98,-16,152,168,3
27,r_29_39_129,r_117_136_38,r_140_1_53,r_29_39_129,0.62,0,129,129,3
7,r_9_17_41,seq68,r_135_126_84,r_9_17_41,0.91,0,41,41,3
22,r_32_133_12,r_6_78_40,seq86,r_32_133_12,0.94,0,12,12,3
21,r_3_48_159,r_13_12_44,r_114_52_25,r_3_48_159,0.99,-130,29,159,3
2,r_40_148_6,r_37_144_144,seq41,r_37_144_144,0.9,-5,139,144,3
47,r_106_57_168,r_140_1_53,r_120_4_113,r_106_57_168,0.67,2,170,168,3
40,r_102_134_137,seq41,seq101,r_102_134_137,0.98,2,139,137,3
18,r_85_109_67,r_21_125_187,r_47_105_22,r_85_109_67,1.0,0,67,67,3
24,r_94_107_63,r_31_129_1,seq30,r_94_107_63,1.0,0,63,63,3
11,r_6_78_40,seq97,r_58_42_43,r_6_78_40,0.66,3,43,40,3
25,r_143_15_177,seq110,r_140_1_53,r_143_15_177,0.41,0,177,177,3
33,r_142_46_140,seq10,r_54_25_16,r_54_25_16,0.51,91,107,16,3
65,seq41,r_102_134_137,r_40_148_6,r_102_134_137,0.95,0,137,137,3
3,r_54_25_16,r_40_148_6,seq119,r_54_25_16,0.98,-1,15,16,3
42,r_122_60_165,r_137_74_59,seq35,r_122_60_165,0.99,2,167,165,3
61,seq30,r_40_148_6,r_94_107_63,r_94_107_63,1.0,0,63,63,3
7,r_9_17_41,r_93_84_13,r_95_124_167,r_95_124_167,0.79,2,169,167,3
32,r_96_16_182,seq145,seq92,r_96_16_182,0.27,0,182,182,3
59,seq27,seq75,r_18_23_47,r_18_23_47,1.0,2,49,47,3
38,r_135_126_84,r_123_91_33,seq53,r_135_126_84,0.87,1,85,84,3
80,seq73,r_123_91_33,r_93_84_13,r_93_84_13,0.79,1,14,13,3
16,r_140_1_53,r_106_57_168,seq99,r_140_1_53,0.62,1,54,53,3
99,seq119,r_22_19_115,r_54_25_16,r_54_25_16,0.73,0,16,16,3
45,r_47_105_22,seq104,r_85_109_67,r_85_109_67,1.0,21,88,67,3
2,r_40_148_6,seq41,r_3_48_159,r_40_148_6,0.74,165,171,6,3
17,r_121_147_96,r_108_51_116,seq112,r_121_147_96,0.77,0,96,96,3
9,r_34_127_154,r_143_15_177,seq104,r_143_15_177,0.52,-23,154,177,3
37,r_123_91_33,r_108_51_116,r_141_26_71,r_123_91_33,0.92,83,116,33,3
29,r_114_52_25,r_3_48_159,r_65_38_153,r_114_52_25,0.93,134,159,25,3
49,r_82_7_190,seq101,r_122_60_165,r_122_60_165,0.74,25,190,165,3
55,seq145,r_58_42_43,r_96_16_182,r_58_42_43,1.0,-14,29,43,3
23,r_108_51_116,r_121_147_96,r_123_91_33,r_121_147_96,0.6,0,96,96,3
19,r_18_23_47,r_122_60_165,seq27,r_18_23_47,0.59,0,47,47,3
35,r_37_144_144,r_40_148_6,seq68,r_37_144_144,0.72,0,144,144,3
12,r_22_19_115,seq44,seq27,r_22_19_115,0.71,0,115,115,3
29,r_114_52_25,seq8,r_3_48_159,r_114_52_25,1.0,0,25,25,3
55,seq145,r_96_16_182,r_65_38_153,r_65_38_153,0.97,29,182,153,3
44,r_104_116_32,r_53_2_135,seq131,r_53_2_135,0.93,0,135,135,4
36,r_3_125_140,r_88_130_103,seq139,r_3_125_140,0.86,0,140,140,4
92,seq107,r_38_32_83,seq133,r_38_32_83,1.0,0,83,83,4
14,r_38_32_83,seq107,r_55_64_191,r_38_32_83,1.0,0,83,83,4
8,r_75_147_164,r_145_20_149,seq12,r_145_20_149,0.85,-8,141,149,4
43,r_146_103_82,seq137,r_73_77_152,r_146_103_82,0.99,0,82,82,4
54,seq9,r_69_24_66,seq59,r_69_24_66,0.99,-4,62,66,4
37,r_98_52_92,r_0_108_156,r_49_39_57,r_98_52_92,0.99,0,92,92,4
26,r_138_115_97,r_78_58_176,r_134_70_197,r_78_58_176,0.85,-77,99,176,4
59,seq144,r_17_8_171,seq68,r_17_8_171,0.64,-58,113,171,4
45,r_47_21_27,r_69_24_66,r_26_46_182,r_47_21_27,0.96,0,27,27,4
86,seq87,seq111,r_143_122_80,r_143_122_80,1.0,60,140,80,4
1,r_92_54_81,seq14,seq79,r_92_54_81,0.99,0,81,81,4
5,r_17_8_171,seq5,r_112_123_100,r_17_8_171,0.59,2,173,171,4
46,r_100_118_130,r_3_125_140,r_72_119_10,r_100_118_130,0.53,0,130,130,4
42,r_88_130_103,r_3_125_140,r_92_54_81,r_88_130_103,0.57,18,121,103,4
8,r_75_147_164,seq12,r_38_32_83,r_75_147_164,0.96,0,164,164,4
35,r_26_46_182,r_112_123_100,r_47_21_27,r_47_21_27,0.82,3,30,27,4
27,r_141_129_19,seq91,seq5,r_141_129_19,1.0,0,19,19,4
32,r_44_34_138,r_88_130_103,seq15,r_44_34_138,1.0,0,138,138,4
26,r_138_115_97,r_38_32_83,r_78_58_176,r_138_115_97,0.57,-41,56,97,4
76,seq62,r_78_58_176,seq110,r_78_58_176,0.83,-1,175,176,4
41,r_99_29_102,seq18,r_141_129_19,r_99_29_102,0.9,0,102,102,4
67,seq40,r_26_46_182,r_67_97_126,r_67_97_126,0.89,13,139,126,4
89,seq91,seq95,r_93_4_47,r_93_4_47,1.0,13,60,47,4
3,r_94_11_89,r_44_34_138,r_55_64_191,r_94_11_89,0.98,0,89,89,4
10,r_71_56_177,r_135_27_98,seq95,r_135_27_98,0.92,0,98,98,4
10,r_71_56_177,seq95,r_127_106_9,r_71_56_177,0.5,-39,138,177,4
72,seq50,seq105,r_102_31_128,r_102_31_128,0.62,0,128,128,4
16,r_96_61_148,r_136_60_8,seq120,r_96_61_148,0.97,1,149,148,4
14,r_38_32_83,r_55_64_191,r_75_147_164,r_38_32_83,0.51,81,164,83,4
78,seq68,r_17_8_171,r_99_29_102,r_99_29_102,0.83,69,171,102,4
0,r_33_10_155,seq22,r_93_4_47,r_33_10_155,0.95,0,155,155,4
63,seq23,r_126_13_180,seq85,r_126_13_180,0.53,-108,72,180,4
11,r_135_27_98,r_71_56_177,seq48,r_135_27_98,0.99,0,98,98,4
20,r_78_58_176,seq62,r_135_27_98,r_135_27_98,0.77,79,177,98,4
23,r_72_119_10,seq36,seq89,r_72_119_10,0.6,47,57,10,4
15,r_53_2_135,seq131,seq23,r_53_2_135,0.98,0,135,135,4
48,r_145_20_149,r_75_147_164,seq82,r_145_20_149,0.98,0,149,149,4
18,r_30_57_165,r_112_123_100,seq12,r_30_57_165,0.85,0,165,165,4
12,r_136_60_8,r_96_61_148,seq51,r_96_61_148,0.98,1,149,148,4
49,r_65_124_76,r_93_4_47,r_30_57_165,r_93_4_47,0.99,0,47,47,4
62,seq22,r_33_10_155,seq120,r_33_10_155,1.0,0,155,155,4
16,r_96_61_148,seq51,r_136_60_8,r_136_60_8,1.0,4,12,8,4
50,seq128,r_49_39_57,seq48,r_49_39_57,1.0,0,57,57,4
85,seq85,r_126_13_180,seq23,r_126_13_180,0.5,-108,72,180,4
34,r_73_77_152,r_146_103_82,seq41,r_73_77_152,1.0,0,152,152,4
44,r_104_116_32,seq41,r_53_2_135,r_104_116_32,0.99,0,32,32,4
2,r_102_31_128,r_17_8_171,seq50,r_102_31_128,0.78,3,131,128,4
47,r_67_97_126,r_30_57_165,seq40,r_67_97_126,0.93,-1,125,126,4
4,r_93_4_47,r_65_124_76,seq91,r_93_4_47,0.99,0,47,47,4
40,r_76_16_190,r_132_25_192,r_104_116_32,r_104_116_32,0.98,158,190,32,4
10,r_71_56_177,r_127_106_9,r_99_29_102,r_71_56_177,1.0,0,177,177,4
74,seq137,seq84,r_112_123_100,r_112_123_100,1.0,23,123,100,4
24,r_143_122_80,seq28,seq87,r_143_122_80,0.98,1,81,80,4
25,r_127_106_9,r_0_108_156,seq62,r_0_108_156,0.66,1,157,156,4
43,r_146_103_82,r_73_77_152,seq142,r_73_77_152,1.0,-1,151,152,4
33,r_69_24_66,seq9,seq14,r_69_24_66,1.0,1,67,66,4
49,r_65_124_76,r_30_57_165,seq149,r_65_124_76,0.93,0,76,76,4
13,r_86_43_35,r_73_77_152,r_47_21_27,r_86_43_35,1.0,0,35,35,4
85,seq85,seq23,r_53_2_135,r_53_2_135,1.0,40,175,135,4
58,seq15,r_55_64_191,r_44_34_138,r_44_34_138,0.57,2,140,138,4
70,seq142,r_73_77_152,r_146_103_82,r_146_103_82,0.69,69,151,82,4
39,r_49_39_57,seq128,seq120,r_49_39_57,1.0,0,57,57,4
61,seq149,seq128,r_65_124_76,r_65_124_76,1.0,2,78,76,4
32,r_44_34_138,r_94_11_89,r_88_130_103,r_94_11_89,0.99,0,89,89,4
38,r_83_109_144,seq18,seq89,r_83_109_144,0.66,1,145,144,4
52,seq5,r_17_8_171,r_141_129_19,r_141_129_19,0.54,153,172,19,4
34,r_73_77_152,seq142,r_146_103_82,r_146_103_82,1.0,12,94,82,4
55,seq139,seq74,r_3_125_140,r_3_125_140,0.94,3,143,140,4
45,r_47_21_27,r_26_46_182,r_86_43_35,r_26_46_182,0.69,0,182,182,4
68,seq41,r_104_116_32,r_76_16_190,r_104_116_32,1.0,0,32,32,4
17,r_6_35_151,seq87,r_92_54_81,r_92_54_81,1.0,71,152,81,4
9,r_55_64_191,seq15,r_94_11_89,r_94_11_89,0.96,5,94,89,4
63,seq23,seq85,r_53_2_135,r_53_2_135,1.0,2,137,135,4
50,seq128,seq48,r_1_101_169,r_1_101_169,0.95,14,183,169,4
22,r_0_108_156,r_127_106_9,r_33_10_155,r_0_108_156,0.64,1,157,156,4
28,r_112_123_100,r_26_46_182,seq137,r_112_123_100,0.95,0,100,100,4
7,r_1_101_169,r_76_16_190,seq128,r_1_101_169,0.84,0,169,169,4
26,r_138_115_97,r_134_70_197,r_6_35_151,r_6_35_151,0.89,13,164,151,4
23,r_72_119_10,seq89,r_100_118_130,r_100_118_130,0.99,8,138,130,4
91,seq102,r_113_48_49,seq55,r_113_48_49,1.0,1,50,49,5
23,r_148_133_83,seq49,r_65_147_124,r_65_147_124,0.96,2,126,124,5
20,r_130_21_37,r_15_17_131,seq117,r_130_21_37,1.0,0,37,37,5
36,r_59_136_159,seq61,seq53,r_59_136_159,0.81,0,159,159,5
48,r_113_48_49,seq55,seq23,r_113_48_49,1.0,0,49,49,5
14,r_104_122_96,seq146,seq82,r_104_122_96,1.0,0,96,96,5
49,r_57_140_81,r_8_32_128,r_125_24_50,r_8_32_128,1.0,-8,120,128,5
43,r_56_83_90,seq132,r_31_98_17,r_56_83_90,0.74,0,90,90,5
0,r_38_45_27,r_108_81_154,seq95,r_38_45_27,0.99,0,27,27,5
54,seq6,r_107_120_141,r_38_45_27,r_38_45_27,0.68,115,142,27,5
37,r_19_16_61,seq138,seq0,r_19_16_61,0.99,0,61,61,5
3,r_29_99_29,r_109_20_155,r_75_111_97,r_29_99_29,0.61,111,140,29,5
19,r_116_72_173,seq23,r_71_141_196,r_116_72_173,0.64,-1,172,173,5
18,r_7_39_56,r_54_52_55,seq60,r_7_39_56,1.0,0,56,56,5
23,r_148_133_83,r_93_36_108,seq49,r_93_36_108,0.79,0,108,108,5
73,seq55,r_59_136_159,r_54_52_55,r_54_52_55,0.88,-4,51,55,5
55,seq9,r_25_4_68,seq11,r_25_4_68,1.0,-1,67,68,5
16,r_86_118_25,seq11,seq77,r_86_118_25,0.97,0,25,25,5
5,r_58_50_22,r_125_24_50,seq74,r_58_50_22,1.0,0,22,22,5
21,r_129_149_175,seq73,r_19_16_61,r_129_149_175,0.55,0,175,175,5
39,r_13_112_114,seq95,r_27_14_4,r_13_112_114,1.0,0,114,114,5
1,r_65_147_124,r_75_111_97,r_71_141_196,r_75_111_97,1.0,0,97,97,5
46,r_25_4_68,seq9,seq106,r_25_4_68,1.0,0,68,68,5
42,r_79_89_91,r_115_90_187,r_101_114_23,r_79_89_91,1.0,2,93,91,5
80,seq67,seq142,r_145_44_74,r_145_44_74,1.0,63,137,74,5
12,r_51_143_34,r_93_36_108,r_8_32_128,r_51_143_34,0.97,0,34,34,5
45,r_108_81_154,seq34,seq123,r_108_81_154,0.89,0,154,154,5
19,r_116_72_173,r_145_44_74,seq23,r_145_44_74,1.0,3,77,74,5
30,r_101_114_23,seq42,r_116_72_173,r_101_114_23,0.99,-10,13,23,5
11,r_88_2_158,r_125_24_50,r_97_37_163,r_88_2_158,0.78,4,162,158,5
76,seq62,r_8_32_128,r_125_24_50,r_8_32_128,0.98,-3,125,128,5
35,r_125_24_50,r_58_50_22,r_88_2_158,r_58_50_22,0.66,0,22,22,5
31,r_78_41_153,seq47,seq18,r_78_41_153,0.8,0,153,153,5
17,r_124_68_160,r_125_24_50,r_105_94_190,r_124_68_160,0.91,0,160,160,5
67,seq42,seq43,r_75_111_97,r_75_111_97,0.88,34,131,97,5
89,seq95,r_13_112_114,r_25_4_68,r_25_4_68,0.57,20,88,68,5
73,seq55,seq123,r_135_22_166,r_135_22_166,0.95,10,176,166,5
40,r_71_141_196,r_28_137_58,r_116_72_173,r_116_72_173,0.55,0,173,173,5
26,r_128_69_120,r_8_32_128,seq84,r_128_69_120,0.99,0,120,120,5
6,r_31_98_17,r_10_76_84,seq138,r_31_98_17,0.98,0,17,17,5
78,seq64,seq126,r_119_131_140,r_119_131_140,0.75,-5,135,140,5
13,r_109_20_155,seq60,seq61,r_109_20_155,0.98,0,155,155,5
15,r_115_90_187,seq96,r_38_45_27,r_115_90_187,0.41,1,188,187,5
12,r_51_143_34,r_8_32_128,r_125_24_50,r_8_32_128,0.97,-8,120,128,5
11,r_88_2_158,seq62,r_125_24_50,r_125_24_50,0.77,-29,21,50,5
28,r_1_139_13,r_119_131_140,seq84,r_1_139_13,0.93,0,13,13,5
27,r_10_76_84,r_100_121_161,seq53,r_10_76_84,0.99,0,84,84,5
30,r_101_114_23,r_116_72_173,r_79_89_91,r_79_89_91,0.83,4,95,91,5
2,r_8_32_128,seq62,seq18,r_8_32_128,0.96,0,128,128,5
47,r_27_14_4,r_109_20_155,r_13_112_114,r_27_14_4,0.85,125,129,4,5
40,r_71_141_196,r_65_147_124,r_28_137_58,r_71_141_196,0.73,-71,125,196,5
74,seq60,r_109_20_155,r_7_39_56,r_7_39_56,0.67,11,67,56,5
35,r_125_24_50,r_88_2_158,r_57_140_81,r_57_140_81,1.0,76,157,81,5
25,r_105_94_190,r_97_37_163,r_124_68_160,r_97_37_163,0.77,-2,161,163,5
3,r_29_99_29,r_13_112_114,r_109_20_155,r_29_99_29,0.82,0,29,29,5
64,seq34,r_108_81_154,seq110,r_108_81_154,0.98,0,154,154,5
8,r_93_36_108,r_148_133_83,r_1_139_13,r_93_36_108,0.93,0,108,108,5
50,seq0,seq18,r_19_16_61,r_19_16_61,1.0,4,65,61,5
70,seq47,r_78_41_153,seq110,r_78_41_153,0.99,-29,124,153,5
6,r_31_98_17,seq138,r_56_83_90,r_56_83_90,1.0,1,91,90,5
38,r_75_111_97,r_65_147_124,seq84,r_75_111_97,1.0,0,97,97,5
34,r_12_80_93,r_59_136_159,seq66,r_12_80_93,0.99,1,94,93,5
60,seq18,seq0,r_78_41_153,r_78_41_153,0.98,0,153,153,5
24,r_87_70_32,seq40,seq60,r_87_70_32,0.81,1,33,32,5
17,r_124_68_160,r_8_32_128,r_125_24_50,r_8_32_128,0.47,-8,120,128,5
94,seq146,r_104_122_96,r_135_22_166,r_104_122_96,0.99,0,96,96,5
9,r_145_44_74,r_116_72_173,seq46,r_145_44_74,0.99,0,74,74,5
96,seq117,seq23,r_130_21_37,r_130_21_37,1.0,58,95,37,5
1,r_65_147_124,r_71_141_196,r_148_133_83,r_65_147_124,1.0,0,124,124,5
22,r_15_17_131,seq46,r_25_4_68,r_15_17_131,0.8,0,131,131,5
49,r_57_140_81,seq40,r_8_32_128,r_57_140_81,0.98,0,81,81,5
44,r_97_37_163,r_105_94_190,r_88_2_158,r_97_37_163,0.71,0,163,163,5
23,r_148_133_83,seq46,r_93_36_108,r_148_133_83,0.93,0,83,83,5
94,seq146,r_135_22_166,r_86_118_25,r_135_22_166,0.6,1,167,166,5
8,r_93_36_108,seq49,r_148_133_83,r_148_133_83,0.92,6,89,83,5
8,r_93_36_108,r_51_143_34,seq49,r_51_143_34,0.97,-1,33,34,5
79,seq66,r_100_121_161,r_12_80_93,r_12_80_93,0.99,68,161,93,5
4,r_54_52_55,r_7_39_56,seq61,r_7_39_56,0.53,0,56,56,5
18,r_71_12_24,r_122_80_53,seq33,r_122_80_53,0.57,-38,15,53,6
36,r_18_28_74,seq5,r_23_146_194,r_18_28_74,0.99,0,74,74,6
14,r_20_17_60,seq45,seq47,r_20_17_60,1.0,0,60,60,6
8,r_114_116_190,seq124,r_62_26_101,r_62_26_101,0.91,1,102,101,6
43,r_86_83_111,r_76_99_170,seq96,r_86_83_111,0.92,0,111,111,6
37,r_75_137_144,seq144,r_9_88_118,r_75_137_144,0.58,0,144,144,6
43,r_86_83_111,seq96,seq120,r_86_83_111,0.45,24,135,111,6
55,seq6,r_30_119_100,seq136,r_30_119_100,0.88,2,102,100,6
16,r_16_42_180,seq43,r_141_131_59,r_141_131_59,0.95,121,180,59,6
39,r_62_26_101,seq121,r_114_116_190,r_62_26_101,0.98,0,101,101,6
1,r_142_4_72,seq101,r_77_95_133,r_142_4_72,0.96,1,73,72,6
46,r_140_105_85,r_92_60_4,seq96,r_140_105_85,0.99,0,85,85,6
42,r_98_50_131,seq126,seq6,r_98_50_131,0.97,0,131,131,6
31,r_79_27_29,seq41,r_36_149_8,r_79_27_29,0.82,0,29,29,6
45,r_106_145_183,seq133,r_109_58_20,r_106_145_183,0.38,0,183,183,6
56,seq7,r_134_44_197,seq113,r_134_44_197,0.4,-145,52,197,6
89,seq101,r_141_131_59,r_8_112_115,r_8_112_115,1.0,25,140,115,6
40,r_73_72_23,r_65_64_134,seq55,r_73_72_23,0.88,1,24,23,6
11,r_143_115_21,seq91,r_15_11_127,r_15_11_127,1.0,11,138,127,6
39,r_62_26_101,r_114_116_190,r_78_31_62,r_62_26_101,0.56,89,190,101,6
93,seq120,seq144,r_109_58_20,r_109_58_20,0.9,5,25,20,6
72,seq47,r_147_94_6,r_20_17_60,r_20_17_60,1.0,1,61,60,6
26,r_117_51_152,r_57_61_149,seq63,r_117_51_152,0.83,-3,149,152,6
8,r_114_116_190,r_62_26_101,r_71_12_24,r_114_116_190,0.49,0,190,190,6
4,r_9_88_118,r_76_99_170,seq69,r_76_99_170,0.88,2,172,170,6
20,r_92_60_4,r_35_29_104,r_68_138_55,r_92_60_4,0.95,65,69,4,6
13,r_76_99_170,r_9_88_118,r_117_51_152,r_9_88_118,0.59,54,172,118,6
34,r_68_138_55,seq91,r_92_60_4,r_68_138_55,1.0,0,55,55,6
11,r_143_115_21,r_18_28_74,seq91,r_143_115_21,1.0,0,21,21,6
21,r_97_39_12,r_148_10_181,seq139,r_97_39_12,0.98,0,12,12,6
9,r_141_131_59,r_92_60_4,seq101,r_141_131_59,1.0,0,59,59,6
19,r_109_58_20,r_141_131_59,seq46,r_109_58_20,0.84,0,20,20,6
76,seq55,seq19,r_73_72_23,r_73_72_23,0.85,3,26,23,6
27,r_78_31_62,seq133,r_114_116_190,r_78_31_62,1.0,0,62,62,6
93,seq120,r_109_58_20,r_24_74_33,r_24_74_33,0.56,33,66,33,6
2,r_15_11_127,seq126,r_18_28_74,r_18_28_74,1.0,4,78,74,6
47,r_77_95_133,seq126,r_142_4_72,r_142_4_72,0.99,0,72,72,6
48,r_104_21_45,r_142_4_72,seq144,r_104_21_45,1.0,0,45,45,6
71,seq46,r_65_64_134,r_109_58_20,r_109_58_20,1.0,0,20,20,6
36,r_18_28_74,r_23_146_194,r_35_29_104,r_35_29_104,1.0,5,109,104,6
29,r_59_37_176,seq113,seq96,r_59_37_176,0.55,0,176,176,6
24,r_57_61_149,r_117_51_152,seq40,r_57_61_149,0.82,0,149,149,6
33,r_25_70_189,seq63,r_36_149_8,r_25_70_189,0.3,0,189,189,6
47,r_77_95_133,r_142_4_72,r_35_29_104,r_35_29_104,0.76,29,133,104,6
32,r_49_103_120,r_92_60_4,seq33,r_49_103_120,0.97,1,121,120,6
38,r_35_29_104,r_49_103_120,r_18_28_74,r_35_29_104,0.83,1,105,104,6
41,r_24_74_33,r_0_102_142,r_143_115_21,r_24_74_33,0.85,0,33,33,6
44,r_56_108_37,seq2,seq5,r_56_108_37,1.0,0,37,37,6
43,r_86_83_111,seq120,r_59_37_176,r_59_37_176,0.45,4,180,176,6
2,r_15_11_127,r_18_28_74,r_143_115_21,r_15_11_127,1.0,0,127,127,6
17,r_8_112_115,seq130,seq101,r_8_112_115,1.0,1,116,115,6
22,r_65_64_134,seq46,seq2,r_65_64_134,0.95,0,134,134,6
28,r_0_102_142,seq124,seq6,r_0_102_142,0.64,2,144,142,6
91,seq111,r_148_10_181,seq34,r_148_10_181,0.64,0,181,181,6
49,r_118_90_171,seq6,r_23_146_194,r_23_146_194,0.49,-23,171,194,6
7,r_32_84_166,seq113,r_15_11_127,r_32_84_166,0.97,0,166,166,6
35,r_67_22_32,r_98_50_131,seq66,r_67_22_32,1.0,0,32,32,6
55,seq6,seq136,r_0_102_142,r_0_102_142,0.76,3,145,142,6
23,r_30_119_100,seq6,r_107_48_138,r_30_119_100,0.76,17,117,100,6
12,r_148_10_181,seq111,r_129_100_175,r_148_10_181,0.39,0,181,181,6
8,r_15_55_39,r_49_40_61,seq13,r_15_55_39,1.0,0,39,39,7
40,r_101_41_173,seq27,seq119,r_101_41_173,0.81,0,173,173,7
30,r_39_83_60,r_120_44_123,seq113,r_39_83_60,0.97,3,63,60,7
51,seq1,r_18_87_76,seq43,r_18_87_76,1.0,-15,61,76,7
16,r_61_115_16,r_18_87_76,seq34,r_61_115_16,0.98,0,16,16,7
40,r_101_41_173,r_57_79_41,seq27,r_57_79_41,0.8,2,43,41,7
36,r_81_102_127,seq136,r_128_22_72,r_81_102_127,0.81,0,127,127,7
70,seq37,r_71_7_84,seq148,r_71_7_84,1.0,-56,28,84,7
54,seq136,r_81_102_127,seq12,r_81_102_127,0.95,1,128,127,7
38,r_128_22_72,seq137,r_81_102_127,r_81_102_127,0.89,1,128,127,7
3,r_91_114_131,seq119,seq98,r_91_114_131,0.98,1,132,131,7
22,r_48_145_20,seq103,r_71_7_84,r_48_145_20,0.75,-3,17,20,7
71,seq42,r_93_11_187,r_111_116_64,r_111_116_64,1.0,123,187,64,7
21,r_63_85_129,r_6_16_118,seq125,r_63_85_129,0.75,-12,117,129,7
1,r_26_124_112,r_141_96_47,r_101_41_173,r_26_124_112,0.9,0,112,112,7
42,r_104_75_88,seq2,seq148,r_104_75_88,0.69,-5,83,88,7
85,seq84,seq0,r_18_87_76,r_18_87_76,1.0,-1,75,76,7
48,r_49_40_61,r_15_55_39,r_120_44_123,r_49_40_61,0.59,-23,38,61,7
39,r_32_100_54,seq20,r_24_135_40,r_32_100_54,0.69,0,54,54,7
43,r_120_44_123,r_99_82_106,r_49_40_61,r_49_40_61,0.59,-20,41,61,7
33,r_141_96_47,r_26_124_112,r_109_46_56,r_26_124_112,0.98,0,112,112,7
31,r_78_9_125,r_120_44_123,r_90_4_63,r_78_9_125,0.97,0,125,125,7
27,r_6_16_118,r_127_134_81,r_109_46_56,r_6_16_118,0.91,0,118,118,7
10,r_38_122_119,seq121,seq31,r_38_122_119,1.0,0,119,119,7
47,r_59_138_18,r_105_88_109,r_73_52_5,r_59_138_18,1.0,0,18,18,7
4,r_71_7_84,r_48_145_20,seq139,r_71_7_84,0.86,0,84,84,7
33,r_141_96_47,seq92,r_26_124_112,r_141_96_47,1.0,1,48,47,7
0,r_111_116_64,r_91_114_131,seq62,r_111_116_64,0.98,1,65,64,7
65,seq27,r_23_65_45,r_101_41_173,r_23_65_45,0.92,0,45,45,7
29,r_57_79_41,r_101_41_173,seq133,r_57_79_41,0.98,0,41,41,7
11,r_149_54_85,r_25_77_143,r_127_134_81,r_149_54_85,1.0,0,85,85,7
20,r_130_74_152,r_66_94_155,seq92,r_130_74_152,0.84,0,152,152,7
13,r_108_110_139,seq136,seq62,r_108_110_139,0.87,0,139,139,7
85,seq84,r_109_46_56,seq0,r_109_46_56,0.61,-9,47,56,7
6,r_90_4_63,seq133,r_78_9_125,r_78_9_125,1.0,7,132,125,7
15,r_23_65_45,seq27,seq12,r_23_65_45,0.98,0,45,45,7
1,r_26_124_112,seq51,r_141_96_47,r_141_96_47,1.0,1,48,47,7
1,r_26_124_112,r_101_41_173,seq27,r_101_41_173,0.77,-2,171,173,7
3,r_91_114_131,r_111_116_64,seq119,r_111_116_64,1.0,-7,57,64,7
27,r_6_16_118,r_63_85_129,r_127_134_81,r_127_134_81,0.57,3,84,81,7
22,r_48_145_20,r_71_7_84,r_5_131_55,r_48_145_20,0.97,52,72,20,7
12,r_24_135_40,r_144_64_1,seq92,r_24_135_40,0.99,1,41,40,7
2,r_105_88_109,seq139,r_89_3_3,r_105_88_109,0.98,1,110,109,7
41,r_25_77_143,r_109_46_56,seq68,r_25_77_143,0.98,0,143,143,7
37,r_8_69_53,r_66_94_155,seq92,r_8_69_53,0.94,0,53,53,7
18,r_18_87_76,seq1,seq84,r_18_87_76,1.0,0,76,76,7
43,r_120_44_123,r_49_40_61,seq20,r_120_44_123,0.99,0,123,123,7
48,r_49_40_61,r_120_44_123,seq97,r_120_44_123,0.93,0,123,123,7
88,seq97,r_142_126_140,seq139,r_142_126_140,0.96,-8,132,140,7
15,r_23_65_45,seq12,r_143_95_75,r_143_95_75,0.98,7,82,75,7
68,seq31,r_143_95_75,seq148,r_143_95_75,0.99,-2,73,75,7
32,r_66_94_155,seq53,seq97,r_66_94_155,0.64,2,157,155,7
38,r_128_22_72,r_89_3_3,seq137,r_128_22_72,0.7,0,72,72,7
77,seq58,r_117_140_179,seq17,r_117_140_179,0.68,4,183,179,7
34,r_142_126_140,seq97,r_38_122_119,r_142_126_140,0.89,0,140,140,7
75,seq51,r_25_77_143,r_109_46_56,r_109_46_56,0.97,83,139,56,7
26,r_109_46_56,seq84,r_25_77_143,r_109_46_56,0.88,1,57,56,7
94,seq113,seq10,r_39_83_60,r_39_83_60,1.0,17,77,60,7
69,seq34,r_127_134_81,r_61_115_16,r_61_115_16,0.97,1,17,16,7
9,r_36_118_15,r_48_145_20,seq119,r_36_118_15,1.0,0,15,15,7
26,r_109_46_56,r_25_77_143,r_6_16_118,r_6_16_118,0.57,25,143,118,7
68,seq31,seq148,r_38_122_119,r_38_122_119,1.0,7,126,119,7
24,r_67_146_13,r_93_11_187,seq34,r_67_146_13,0.65,2,15,13,7
49,r_89_3_3,r_128_22_72,seq53,r_128_22_72,0.67,1,73,72,7
28,r_5_131_55,r_63_85_129,r_48_145_20,r_48_145_20,0.81,35,55,20,7
7,r_107_132_71,seq98,seq97,r_107_132_71,0.89,1,72,71,7
44,r_117_140_179,seq58,r_130_74_152,r_130_74_152,0.79,27,179,152,7
23,r_143_95_75,seq31,r_23_65_45,r_143_95_75,1.0,1,76,75,7
41,r_25_77_143,r_149_54_85,r_109_46_56,r_25_77_143,0.94,-86,57,143,7
35,r_127_134_81,r_104_75_88,r_149_54_85,r_127_134_81,0.79,7,88,81,7
36,r_98_90_152,seq1,r_84_128_194,r_98_90_152,0.8,0,152,152,8
14,r_117_15_139,seq36,seq0,r_117_15_139,0.97,0,139,139,8
21,r_11_37_17,r_147_78_73,seq105,r_11_37_17,0.98,0,17,17,8
53,seq4,seq57,r_97_76_81,r_97_76_81,1.0,-1,80,81,8
59,seq142,seq54,r_42_87_41,r_42_87_41,1.0,24,65,41,8
16,r_97_76_81,r_110_101_14,seq4,r_97_76_81,0.89,0,81,81,8
39,r_144_114_3,r_91_92_182,r_123_39_175,r_144_114_3,0.65,179,182,3,8
18,r_81_3_114,r_130_65_144,r_43_141_50,r_43_141_50,0.86,0,50,50,8
5,r_72_24_133,seq100,r_103_22_42,r_72_24_133,0.94,0,133,133,8
42,r_96_124_159,r_134_16_178,seq1,r_96_124_159,0.85,0,159,159,8
4,r_47_94_59,r_71_93_130,seq74,r_47_94_59,1.0,0,59,59,8
46,r_120_25_107,r_83_69_32,seq36,r_120_25_107,1.0,0,107,107,8
8,r_42_87_41,seq107,r_18_102_4,r_42_87_41,1.0,2,43,41,8
31,r_38_118_117,r_48_85_143,r_17_140_71,r_38_118_117,1.0,-1,116,117,8
97,seq116,r_135_30_58,r_137_75_26,r_135_30_58,1.0,-5,53,58,8
41,r_84_128_194,seq0,r_98_90_152,r_98_90_152,0.76,0,152,152,8
89,seq100,r_72_24_133,seq133,r_72_24_133,1.0,0,133,133,8
17,r_43_141_50,r_83_69_32,r_81_3_114,r_43_141_50,0.71,0,50,50,8
73,seq45,r_136_59_53,seq142,r_136_59_53,0.45,0,53,53,8
27,r_137_75_26,r_131_46_13,r_56_14_45,r_56_14_45,1.0,0,45,45,8
26,r_129_35_171,seq64,seq109,r_129_35_171,0.55,0,171,171,8
8,r_42_87_41,r_18_102_4,r_82_21_119,r_82_21_119,1.0,30,149,119,8
1,r_131_46_13,r_106_88_177,seq107,r_131_46_13,1.0,0,13,13,8
20,r_71_93_130,r_48_85_143,seq19,r_71_93_130,1.0,2,132,130,8
48,r_123_39_175,seq80,r_72_24_133,r_72_24_133,0.57,42,175,133,8
17,r_43_141_50,seq40,r_83_69_32,r_43_141_50,0.52,-13,37,50,8
12,r_83_69_32,r_120_25_107,seq40,r_120_25_107,1.0,0,107,107,8
62,seq20,r_82_21_119,r_139_63_18,r_82_21_119,0.77,-1,118,119,8
40,r_136_59_53,seq45,seq31,r_136_59_53,1.0,0,53,53,8
99,seq148,r_106_88_177,r_103_22_42,r_103_22_42,0.91,65,107,42,8
29,r_48_85_143,r_11_37_17,seq74,r_48_85_143,0.91,0,143,143,8
43,r_103_22_42,seq31,seq148,r_103_22_42,1.0,0,42,42,8
30,r_135_30_58,seq116,seq99,r_135_30_58,1.0,0,58,58,8
98,seq119,r_84_128_194,r_52_23_105,r_52_23_105,0.61,0,105,105,8
47,r_134_16_178,r_96_124_159,r_135_30_58,r_135_30_58,0.97,40,98,58,8
29,r_48_85_143,r_71_93_130,r_11_37_17,r_11_37_17,0.79,115,132,17,8
92,seq107,r_42_87_41,r_131_46_13,r_42_87_41,1.0,2,43,41,8
24,r_125_51_147,seq54,seq80,r_125_51_147,0.77,0,147,147,8
43,r_103_22_42,seq148,r_72_24_133,r_72_24_133,0.99,10,143,133,8
47,r_134_16_178,r_135_30_58,r_42_87_41,r_42_87_41,0.55,139,180,41,8
12,r_83_69_32,seq105,r_120_25_107,r_83_69_32,0.98,0,32,32,8
88,seq99,r_134_16_178,r_135_30_58,r_135_30_58,1.0,121,179,58,8
50,seq0,seq57,r_117_15_139,r_117_15_139,0.96,4,143,139,8
15,r_127_122_57,r_81_3_114,seq2,r_127_122_57,1.0,0,57,57,8
70,seq40,r_43_141_50,r_83_69_32,r_43_141_50,0.8,-2,48,50,8
32,r_52_23_105,seq99,r_132_26_109,r_52_23_105,0.95,3,108,105,8
38,r_132_26_109,r_147_78_73,r_52_23_105,r_132_26_109,0.72,1,110,109,8
52,seq2,seq19,r_127_122_57,r_127_122_57,1.0,5,62,57,8
77,seq54,r_125_51_147,seq13,r_125_51_147,1.0,-1,146,147,8
46,r_120_25_107,r_43_141_50,r_83_69_32,r_120_25_107,0.63,-58,49,107,8
45,r_91_92_182,r_106_88_177,r_144_114_3,r_91_92_182,0.53,-130,52,182,8
45,r_91_92_182,r_144_114_3,r_125_51_147,r_144_114_3,0.48,179,182,3,8
33,r_139_63_18,r_81_3_114,r_147_78_73,r_139_63_18,0.89,0,18,18,8
34,r_146_95_40,seq149,r_11_37_17,r_146_95_40,1.0,0,40,40,8
25,r_89_62_161,r_18_102_4,seq20,r_89_62_161,0.87,1,162,161,8
9,r_17_140_71,r_110_101_14,r_38_118_117,r_38_118_117,1.0,0,117,117,8
9,r_17_140_71,seq49,r_110_101_14,r_17_140_71,0.9,0,71,71,8
19,r_33_29_39,seq54,seq61,r_33_29_39,1.0,0,39,39,8
22,r_110_101_14,r_9_70_170,r_38_118_117,r_38_118_117,0.97,52,169,117,8
2,r_79_115_34,seq44,seq138,r_79_115_34,0.62,0,34,34,8
28,r_126_67_106,r_110_101_14,r_18_102_4,r_126_67_106,1.0,0,106,106,8
81,seq61,seq31,r_33_29_39,r_33_29_39,1.0,4,43,39,8
11,r_56_14_45,seq138,r_137_75_26,r_56_14_45,1.0,0,45,45,8
49,r_9_70_170,r_110_101_14,seq20,r_9_70_170,0.25,0,170,170,8
44,r_82_21_119,r_147_78_73,seq142,r_82_21_119,1.0,0,119,119,8
23,r_18_102_4,r_89_62_161,seq13,r_89_62_161,0.99,0,161,161,8
82,seq64,r_129_35_171,r_147_78_73,r_129_35_171,0.96,0,171,171,8
27,r_137_75_26,r_135_30_58,r_131_46_13,r_131_46_13,1.0,1,14,13,8
84,seq74,r_10_6_196,r_47_94_59,r_47_94_59,1.0,14,73,59,8
30,r_101_87_107,r_15_18_198,r_13_11_99,r_101_87_107,1.0,0,107,107,9
44,r_36_119_24,r_143_62_145,r_124_24_73,r_124_24_73,0.95,73,146,73,9
36,r_32_142_146,seq125,r_67_52_32,r_32_142_146,0.57,1,147,146,9
32,r_145_105_46,r_135_68_164,r_78_20_185,r_145_105_46,1.0,0,46,46,9
14,r_2_41_157,seq53,r_32_142_146,r_2_41_157,0.53,2,159,157,9
18,r_100_81_44,r_7_4_127,r_55_79_83,r_100_81_44,0.73,0,44,44,9
8,r_96_63_96,seq65,seq107,r_96_63_96,1.0,0,96,96,9
43,r_98_147_175,r_14_42_9,r_82_76_30,r_82_76_30,1.0,151,181,30,9
37,r_47_17_116,seq10,r_96_63_96,r_47_17_116,0.96,0,116,116,9
16,r_7_4_127,seq69,seq89,r_7_4_127,0.98,0,127,127,9
42,r_82_76_30,r_124_24_73,r_29_80_25,r_82_76_30,0.93,0,30,30,9
21,r_127_137_114,seq123,r_103_46_51,r_127_137_114,0.96,0,114,114,9
39,r_28_72_79,r_90_146_154,r_40_132_10,r_28_72_79,0.96,0,79,79,9
1,r_143_62_145,r_36_119_24,r_98_147_175,r_36_119_24,0.81,122,146,24,9
97,seq122,r_3_75_184,r_124_24_73,r_124_24_73,1.0,10,83,73,9
28,r_55_79_83,r_103_46_51,r_100_81_44,r_55_79_83,1.0,-32,51,83,9
24,r_40_132_10,r_124_24_73,seq111,r_40_132_10,0.65,1,11,10,9
32,r_145_105_46,r_78_20_185,r_13_11_99,r_13_11_99,1.0,7,106,99,9
24,r_40_132_10,seq111,r_28_72_79,r_28_72_79,1.0,2,81,79,9
19,r_84_144_124,r_7_4_127,seq23,r_84_144_124,0.93,1,125,124,9
11,r_130_70_119,r_71_121_176,seq125,r_71_121_176,0.44,-55,121,176,9
27,r_14_42_9,r_98_147_175,r_129_136_64,r_129_136_64,1.0,64,128,64,9
31,r_71_121_176,r_106_22_126,r_96_63_96,r_96_63_96,0.63,30,126,96,9
89,seq110,r_109_140_84,seq99,r_109_140_84,1.0,-10,74,84,9
47,r_90_146_154,r_78_20_185,r_5_128_11,r_5_128_11,1.0,17,28,11,9
44,r_36_119_24,r_85_112_59,r_143_62_145,r_36_119_24,1.0,0,24,24,9
10,r_3_75_184,seq39,r_33_57_163,r_33_57_163,0.69,21,184,163,9
26,r_64_86_102,seq117,seq111,r_64_86_102,0.99,0,102,102,9
4,r_106_22_126,r_71_121_176,r_13_11_99,r_106_22_126,0.99,0,126,126,9
0,r_135_68_164,seq149,r_37_66_50,r_135_68_164,0.54,1,165,164,9
63,seq26,r_13_11_99,r_12_134_106,r_13_11_99,0.68,1,100,99,9
5,r_5_128_11,seq89,r_90_146_154,r_5_128_11,0.97,0,11,11,9
2,r_44_43_134,seq73,r_37_66_50,r_37_66_50,1.0,6,56,50,9
13,r_27_115_143,seq120,seq99,r_27_115_143,0.93,0,143,143,9
98,seq123,r_127_137_114,seq102,r_127_137_114,0.99,0,114,114,9
15,r_129_136_64,r_84_144_124,r_14_42_9,r_129_136_64,0.76,-1,63,64,9
48,r_126_92_92,r_7_4_127,r_129_136_64,r_7_4_127,1.0,-35,92,127,9
28,r_55_79_83,r_100_81_44,seq23,r_55_79_83,1.0,-1,82,83,9
6,r_15_18_198,r_101_87_107,r_29_80_25,r_15_18_198,0.81,-91,107,198,9
62,seq25,r_0_56_183,r_85_112_59,r_85_112_59,1.0,117,176,59,9
85,seq99,r_12_134_106,r_27_115_143,r_27_115_143,0.99,20,163,143,9
2,r_44_43_134,r_37_66_50,seq139,r_44_43_134,0.73,0,134,134,9
5,r_5_128_11,r_90_146_154,r_78_20_185,r_90_146_154,1.0,0,154,154,9
34,r_85_112_59,seq83,seq25,r_85_112_59,1.0,0,59,59,9
87,seq104,r_143_62_145,r_36_119_24,r_36_119_24,0.7,122,146,24,9
41,r_37_66_50,r_44_43_134,seq65,r_44_43_134,0.99,0,134,134,9
40,r_97_30_65,seq99,seq111,r_97_30_65,1.0,0,65,65,9
29,r_13_11_99,seq26,r_145_105_46,r_13_11_99,1.0,1,100,99,9
25,r_33_57_163,r_2_41_157,r_7_4_127,r_2_41_157,0.95,6,163,157,9
41,r_37_66_50,seq65,r_135_68_164,r_135_68_164,0.56,9,173,164,9
47,r_90_146_154,r_5_128_11,seq45,r_90_146_154,0.97,0,154,154,9
46,r_67_52_32,r_143_62_145,seq69,r_67_52_32,1.0,0,32,32,9
88,seq107,r_71_121_176,r_96_63_96,r_96_63_96,1.0,10,106,96,9
38,r_109_140_84,seq110,seq19,r_109_140_84,1.0,-1,83,84,9
11,r_130_70_119,r_54_108_72,r_71_121_176,r_54_108_72,0.69,-42,30,72,9
1,r_143_62_145,r_67_52_32,r_36_119_24,r_143_62_145,1.0,-117,28,145,9
81,seq83,r_85_112_59,r_7_4_127,r_85_112_59,0.93,0,59,59,9
17,r_78_20_185,r_90_146_154,r_5_128_11,r_78_20_185,0.82,-31,154,185,9
94,seq117,r_64_86_102,seq23,r_64_86_102,1.0,0,102,102,9
41,r_37_66_50,r_0_56_183,r_44_43_134,r_37_66_50,0.99,1,51,50,9
23,r_124_24_73,r_82_76_30,r_106_22_126,r_82_76_30,0.99,0,30,30,9
49,r_148_51_100,seq45,r_103_46_51,r_103_46_51,0.96,49,100,51,9
9,r_29_80_25,seq89,seq45,r_29_80_25,0.88,1,26,25,9
7,r_54_108_72,r_130_70_119,seq83,r_54_108_72,1.0,0,72,72,9
20,r_103_46_51,r_55_79_83,seq39,r_103_46_51,0.84,0,51,51,9
82,seq89,seq111,r_7_4_127,r_7_4_127,1.0,0,127,127,9
18,r_100_81_44,r_55_79_83,seq65,r_55_79_83,0.48,3,86,83,9
35,r_93_31_74,seq50,r_36_119_24,r_93_31_74,1.0,0,74,74,9
12,r_21_49_69,r_47_17_116,seq6,r_21_49_69,1.0,0,69,69,9
31,r_71_121_176,r_96_63_96,seq53,r_71_121_176,0.89,0,176,176,9
23,r_124_24_73,r_106_22_126,seq122,r_124_24_73,1.0,2,75,73,9
93,seq108,r_12_84_123,r_29_65_197,r_12_84_123,1.0,0,123,123,10
40,r_136_63_183,seq30,r_110_89_19,r_110_89_19,1.0,12,31,19,10
30,r_37_26_64,r_25_141_121,r_99_43_24,r_37_26_64,1.0,0,64,64,10
36,r_120_36_138,r_53_104_136,seq18,r_120_36_138,0.67,-1,137,138,10
32,r_15_88_45,seq94,seq139,r_15_88_45,1.0,1,46,45,10
14,r_97_0_126,seq111,seq45,r_97_0_126,0.99,0,126,126,10
43,r_124_22_134,r_3_129_93,r_118_67_156,r_3_129_93,1.0,0,93,93,10
37,r_142_123_153,r_77_149_101,r_53_104_136,r_142_123_153,1.0,0,153,153,10
16,r_118_67_156,seq145,r_93_82_142,r_93_82_142,1.0,15,157,142,10
39,r_72_27_106,r_25_141_121,seq64,r_72_27_106,1.0,0,106,106,10
1,r_39_42_20,r_25_141_121,r_5_11_118,r_39_42_20,0.91,100,120,20,10
28,r_25_141_121,r_39_42_20,r_3_129_93,r_25_141_121,0.73,0,121,121,10
5,r_58_23_41,r_125_46_111,seq131,r_125_46_111,1.0,0,111,111,10
42,r_62_55_99,seq119,r_1_38_55,r_62_55_99,0.91,0,99,99,10
8,r_99_43_24,r_136_63_183,seq130,r_99_43_24,1.0,0,24,24,10
61,seq18,r_128_4_37,seq13,r_128_4_37,0.94,3,40,37,10
7,r_76_34_88,r_147_24_151,seq145,r_147_24_151,0.75,-1,150,151,10
24,r_74_126_129,r_80_148_27,r_125_46_111,r_74_126_129,0.97,0,129,129,10
33,r_1_38_55,seq28,r_19_83_146,r_1_38_55,1.0,0,55,55,10
1,r_39_42_20,r_53_104_136,r_25_141_121,r_39_42_20,0.89,-1,19,20,10
3,r_143_71_132,seq13,seq98,r_143_71_132,0.99,-1,131,132,10
31,r_40_69_44,r_73_59_107,r_110_89_19,r_40_69_44,1.0,0,44,44,10
12,r_125_46_111,seq16,r_74_126_129,r_74_126_129,0.95,14,143,129,10
76,seq64,seq30,r_72_27_106,r_72_27_106,0.99,1,107,106,10
71,seq48,r_95_6_47,seq138,r_95_6_47,0.8,1,48,47,10
43,r_124_22_134,r_118_67_156,r_39_42_20,r_124_22_134,0.99,0,134,134,10
25,r_80_148_27,seq107,seq106,r_80_148_27,0.68,153,180,27,10
41,r_54_122_68,r_62_55_99,seq10,r_54_122_68,1.0,0,68,68,10
17,r_60_135_46,seq145,seq139,r_60_135_46,1.0,0,46,46,10
3,r_143_71_132,r_44_113_81,seq13,r_44_113_81,0.98,0,81,81,10
10,r_57_127_59,seq107,seq132,r_57_127_59,1.0,4,63,59,10
91,seq106,r_80_148_27,r_95_6_47,r_95_6_47,1.0,-1,46,47,10
26,r_81_87_90,r_62_55_99,seq21,r_81_87_90,0.98,0,90,90,10
11,r_19_83_146,seq47,seq70,r_19_83_146,0.58,0,146,146,10
20,r_44_113_81,r_143_71_132,r_110_89_19,r_44_113_81,0.88,0,81,81,10
98,seq119,r_62_55_99,r_103_137_14,r_62_55_99,0.86,0,99,99,10
13,r_105_20_36,r_25_141_121,seq111,r_105_20_36,0.99,1,37,36,10
57,seq139,r_5_11_118,r_116_14_198,r_5_11_118,1.0,0,118,118,10
6,r_73_59_107,seq107,seq100,r_73_59_107,0.98,0,107,107,10
21,r_53_104_136,r_120_36_138,seq145,r_53_104_136,0.96,1,137,136,10
33,r_1_38_55,r_19_83_146,r_62_55_99,r_1_38_55,0.83,49,104,55,10
59,seq16,r_125_46_111,r_93_82_142,r_93_82_142,0.99,2,144,142,10
27,r_5_11_118,seq139,r_39_42_20,r_5_11_118,0.67,0,118,118,10
4,r_110_89_19,r_66_33_117,r_7_117_17,r_110_89_19,1.0,0,19,19,10
51,seq131,r_125_46_111,seq47,r_125_46_111,0.99,-58,53,111,10
0,r_128_4_37,r_12_84_123,seq10,r_12_84_123,0.53,-66,57,123,10
2,r_77_149_101,seq94,r_142_123_153,r_77_149_101,0.97,1,102,101,10
25,r_80_148_27,seq106,r_74_126_129,r_80_148_27,0.69,4,31,27,10
47,r_12_84_123,seq108,r_81_87_90,r_12_84_123,0.7,0,123,123,10
20,r_44_113_81,r_110_89_19,r_66_33_117,r_66_33_117,0.98,2,119,117,10
29,r_101_32_133,seq68,r_125_46_111,r_101_32_133,0.98,0,133,133,10
34,r_93_82_142,seq13,seq16,r_93_82_142,1.0,0,142,142,10
64,seq30,r_136_63_183,r_40_69_44,r_40_69_44,1.0,33,77,44,10
18,r_103_137_14,r_125_46_111,seq119,r_103_137_14,0.95,0,14,14,10
58,seq13,r_143_71_132,seq100,r_143_71_132,0.98,0,132,132,10
48,r_7_117_17,seq100,r_110_89_19,r_7_117_17,0.99,2,19,17,10
38,r_3_129_93,r_124_22_134,seq94,r_3_129_93,0.99,0,93,93,10
1,r_39_42_20,r_5_11_118,r_124_22_134,r_124_22_134,0.59,11,145,134,10
77,seq68,r_61_96_102,r_101_32_133,r_61_96_102,1.0,0,102,102,10
15,r_85_17_12,seq91,seq144,r_85_17_12,0.93,0,12,12,10
71,seq48,seq138,r_1_38_55,r_1_38_55,0.61,68,123,55,10
34,r_93_82_142,seq146,seq13,r_93_82_142,0.36,-62,80,142,10
0,r_128_4_37,seq18,r_12_84_123,r_128_4_37,0.96,1,38,37,10
60,seq145,r_118_67_156,r_53_104_136,r_53_104_136,0.99,21,157,136,10
25,r_80_148_27,r_74_126_129,seq107,r_74_126_129,1.0,-5,124,129,10
9,r_66_33_117,seq111,r_44_113_81,r_66_33_117,1.0,0,117,117,10
79,seq75,r_74_126_129,seq94,r_74_126_129,0.65,-42,87,129,10
87,seq144,r_136_63_183,r_85_17_12,r_85_17_12,0.86,-1,11,12,10
2,r_77_149_101,r_142_123_153,seq146,r_77_149_101,0.67,52,153,101,10
22,r_78_52_71,r_5_11_118,r_80_148_27,r_78_52_71,1.0,1,72,71,10
28,r_25_141_121,r_72_27_106,r_39_42_20,r_25_141_121,0.84,-15,106,121,10
7,r_76_34_88,r_66_33_117,r_147_24_151,r_76_34_88,0.71,0,88,88,10
44,r_61_96_102,seq68,r_81_87_90,r_61_96_102,1.0,0,102,102,10
23,r_147_24_151,seq79,r_76_34_88,r_76_34_88,0.85,3,91,88,10
19,r_95_6_47,seq48,seq106,r_95_6_47,1.0,0,47,47,10
35,r_133_51_89,r_140_115_96,seq47,r_133_51_89,0.72,0,89,89,10
24,r_74_126_129,r_73_59_107,r_80_148_27,r_80_148_27,0.68,4,31,27,10
12,r_125_46_111,r_58_23_41,seq16,r_125_46_111,0.59,0,111,111,10
23,r_147_24_151,r_76_34_88,seq9,r_147_24_151,0.98,1,152,151,10
30,r_35_68_108,seq79,seq59,r_35_68_108,1.0,0,108,108,11
51,seq2,r_120_32_196,r_9_98_175,r_9_98_175,0.74,2,177,175,11
36,r_31_99_96,r_65_115_46,seq84,r_31_99_96,0.98,4,100,96,11
92,seq88,r_63_64_81,r_103_86_107,r_103_86_107,1.0,6,113,107,11
47,r_124_22_16,r_82_121_32,r_13_129_1,r_124_22_16,1.0,1,17,16,11
8,r_6_30_155,seq4,r_119_1_5,r_6_30_155,0.95,0,155,155,11
43,r_93_110_102,r_103_86_107,r_9_98_175,r_103_86_107,0.72,-2,105,107,11
23,r_141_71_69,r_3_81_165,r_82_121_32,r_82_121_32,1.0,-1,31,32,11
37,r_114_67_83,seq58,seq55,r_114_67_83,1.0,-1,82,83,11
1,r_65_115_46,r_41_118_110,r_31_99_96,r_65_115_46,0.95,0,46,46,11
26,r_85_126_62,r_97_117_45,seq128,r_85_126_62,0.54,-15,47,62,11
71,seq45,r_20_122_164,r_148_66_4,r_20_122_164,0.88,-84,80,164,11
86,seq143,seq149,r_90_17_131,r_90_17_131,0.89,4,135,131,11
41,r_9_98_175,r_93_110_102,r_130_76_128,r_9_98_175,0.92,-1,174,175,11
5,r_108_42_121,r_123_132_147,r_62_33_151,r_108_42_121,0.93,0,121,121,11
46,r_137_102_153,r_9_98_175,seq29,r_137_102_153,0.63,0,153,153,11
42,r_62_33_151,r_119_1_5,r_108_42_121,r_62_33_151,0.84,1,152,151,11
69,seq38,r_114_67_83,seq70,r_114_67_83,0.87,-36,47,83,11
19,r_103_86_107,r_93_110_102,seq88,r_103_86_107,0.98,0,107,107,11
99,seq127,seq51,r_97_117_45,r_97_117_45,0.98,14,59,45,11
78,seq54,r_41_118_110,r_16_34_171,r_41_118_110,0.58,-57,53,110,11
95,seq96,seq109,r_12_14_71,r_12_14_71,1.0,18,89,71,11
76,seq51,seq87,r_97_117_45,r_97_117_45,0.97,100,145,45,11
20,r_41_118_110,r_7_60_184,r_123_132_147,r_123_132_147,0.95,-2,145,147,11
31,r_20_122_164,seq45,seq23,r_20_122_164,0.57,0,164,164,11
41,r_9_98_175,r_137_102_153,r_93_110_102,r_9_98_175,0.73,-22,153,175,11
3,r_26_8_150,seq84,r_111_105_118,r_26_8_150,0.83,1,151,150,11
10,r_101_94_67,r_103_86_107,seq48,r_101_94_67,1.0,0,67,67,11
4,r_5_92_182,r_12_14_71,r_77_11_115,r_5_92_182,0.65,0,182,182,11
4,r_5_92_182,r_123_132_147,r_12_14_71,r_12_14_71,0.94,76,147,71,11
11,r_0_113_92,r_26_8_150,seq23,r_0_113_92,0.95,0,92,92,11
20,r_41_118_110,seq55,r_7_60_184,r_41_118_110,0.73,0,110,110,11
13,r_77_11_115,r_85_126_62,seq147,r_77_11_115,0.96,0,115,115,11
15,r_3_81_165,seq37,r_103_86_107,r_3_81_165,0.75,0,165,165,11
48,r_123_132_147,r_5_92_182,r_41_118_110,r_123_132_147,0.99,0,147,147,11
57,seq138,r_21_24_170,r_61_43_161,r_61_43_161,0.61,-2,159,161,11
36,r_31_99_96,r_21_24_170,r_65_115_46,r_65_115_46,1.0,8,54,46,11
13,r_77_11_115,seq147,r_5_92_182,r_5_92_182,0.83,0,182,182,11
6,r_16_34_171,seq54,r_12_14_71,r_16_34_171,0.28,0,171,171,11
1,r_65_115_46,r_31_99_96,seq104,r_31_99_96,0.95,4,100,96,11
67,seq29,r_116_80_157,r_85_126_62,r_116_80_157,0.6,-67,90,157,11
17,r_131_57_183,r_106_53_3,seq149,r_131_57_183,1.0,1,184,183,11
18,r_25_139_174,r_97_117_45,seq138,r_25_139_174,0.93,0,174,174,11
61,seq144,seq83,r_119_1_5,r_119_1_5,0.52,49,54,5,11
16,r_106_53_3,r_77_11_115,seq128,r_77_11_115,0.71,-87,28,115,11
23,r_141_71_69,r_82_121_32,seq135,r_141_71_69,0.96,3,72,69,11
2,r_119_1_5,r_62_33_151,r_6_30_155,r_119_1_5,0.66,150,155,5,11
40,r_111_105_118,seq75,r_85_126_62,r_111_105_118,0.99,0,118,118,11
14,r_97_117_45,r_85_126_62,seq127,r_97_117_45,0.98,2,47,45,11
74,seq49,seq149,r_10_27_85,r_10_27_85,1.0,43,128,85,11
29,r_10_27_85,r_5_92_182,seq49,r_10_27_85,0.99,0,85,85,11
61,seq144,r_119_1_5,r_125_46_41,r_119_1_5,0.42,126,131,5,11
24,r_90_17_131,r_6_30_155,seq143,r_90_17_131,0.59,0,131,131,11
44,r_125_46_41,r_7_60_184,r_20_122_164,r_125_46_41,0.83,-1,40,41,11
45,r_7_60_184,r_41_118_110,r_101_94_67,r_7_60_184,1.0,0,184,184,11
25,r_21_24_170,seq104,seq54,r_21_24_170,0.66,0,170,170,11
43,r_93_110_102,r_9_98_175,r_28_56_39,r_9_98_175,0.95,-1,174,175,11
33,r_116_80_157,seq128,r_12_14_71,r_116_80_157,0.96,0,157,157,11
39,r_95_74_8,r_21_24_170,seq48,r_21_24_170,0.92,-118,52,170,11
50,seq128,r_116_80_157,seq29,r_116_80_157,0.72,0,157,157,11
70,seq40,seq2,r_44_100_9,r_44_100_9,0.55,75,84,9,11
0,r_28_56_39,r_62_33_151,r_72_36_68,r_72_36_68,0.91,3,71,68,11
0,r_28_56_39,seq51,r_62_33_151,r_28_56_39,1.0,0,39,39,11
77,seq52,seq78,r_39_112_21,r_39_112_21,0.89,132,153,21,11
9,r_82_121_32,r_31_99_96,seq37,r_82_121_32,0.98,1,33,32,11
28,r_39_112_21,seq127,seq75,r_39_112_21,1.0,1,22,21,11
34,r_72_36_68,seq18,r_28_56_39,r_72_36_68,0.98,0,68,68,11
44,r_125_46_41,r_20_122_164,r_119_1_5,r_125_46_41,0.7,15,56,41,11
45,r_7_60_184,seq37,r_41_118_110,r_41_118_110,1.0,3,113,110,11
18,r_25_139_174,seq51,r_116_80_157,r_116_80_157,0.57,-127,30,157,11
26,r_85_126_62,seq128,r_111_105_118,r_111_105_118,1.0,8,126,118,11
27,r_13_129_1,seq134,r_124_22_16,r_124_22_16,1.0,6,22,16,11
96,seq104,r_21_24_170,r_65_115_46,r_65_115_46,1.0,124,170,46,11
45,r_7_60_184,r_125_46_41,seq37,r_7_60_184,0.79,-142,42,184,11
22,r_61_43_161,seq78,seq138,r_61_43_161,0.78,2,163,161,11
18,r_25_139_174,r_116_80_157,r_97_117_45,r_116_80_157,0.78,-111,46,157,11
17,r_131_57_183,seq128,r_106_53_3,r_131_57_183,0.36,-52,131,183,11
35,r_130_76_128,seq59,seq4,r_130_76_128,0.85,0,128,128,11
12,r_12_14_71,seq70,seq96,r_12_14_71,1.0,0,71,71,11
17,r_131_57_183,r_77_11_115,seq128,r_131_57_183,0.36,-141,42,183,11
93,seq113,seq78,r_117_24_159,r_117_24_159,0.63,3,162,159,12
44,r_22_72_180,r_90_70_36,r_56_91_147,r_56_91_147,0.64,33,180,147,12
23,r_134_1_18,r_23_85_102,seq129,r_134_1_18,1.0,0,18,18,12
36,r_132_39_184,r_92_38_90,r_95_55_45,r_92_38_90,0.46,94,184,90,12
69,seq44,r_117_24_159,r_2_89_37,r_2_89_37,0.59,2,39,37,12
14,r_6_65_164,r_14_137_116,r_34_51_181,r_14_137_116,0.55,0,116,116,12
43,r_28_112_176,r_73_93_158,seq64,r_28_112_176,0.43,-18,158,176,12
54,seq8,r_73_93_158,seq64,r_73_93_158,0.77,3,161,158,12
83,seq84,r_10_57_111,seq50,r_10_57_111,1.0,-12,99,111,12
30,r_83_3_120,r_2_89_37,r_4_58_145,r_83_3_120,0.65,42,162,120,12
37,r_126_82_73,seq68,r_74_149_72,r_126_82_73,1.0,-1,72,73,12
71,seq50,seq84,r_14_137_116,r_14_137_116,1.0,-1,115,116,12
14,r_6_65_164,r_34_51_181,r_46_40_199,r_6_65_164,1.0,0,164,164,12
26,r_123_107_51,r_23_85_102,r_94_75_20,r_123_107_51,1.0,1,52,51,12
16,r_20_148_138,seq21,seq80,r_20_148_138,0.94,0,138,138,12
21,r_46_40_199,r_4_58_145,r_42_146_58,r_42_146_58,0.91,87,145,58,12
1,r_23_85_102,seq108,r_42_146_58,r_23_85_102,0.99,1,103,102,12
46,r_54_37_82,seq5,seq101,r_54_37_82,0.99,0,82,82,12
42,r_87_139_67,r_41_122_137,seq119,r_87_139_67,1.0,0,67,67,12
7,r_90_70_36,r_59_33_185,r_95_55_45,r_59_33_185,0.72,0,185,185,12
45,r_41_122_137,seq101,r_20_148_138,r_41_122_137,0.69,3,140,137,12
19,r_95_55_45,seq78,r_143_18_114,r_143_18_114,1.0,4,118,114,12
51,seq131,r_90_70_36,r_26_53_11,r_90_70_36,1.0,0,36,36,12
5,r_130_9_29,seq135,seq133,r_130_9_29,0.98,0,29,29,12
2,r_81_32_128,seq50,seq71,r_81_32_128,0.85,0,128,128,12
35,r_59_33_185,seq140,r_90_70_36,r_90_70_36,0.91,11,47,36,12
11,r_143_18_114,r_14_137_116,r_95_55_45,r_14_137_116,0.67,-2,114,116,12
49,r_61_11_21,r_67_48_49,r_31_136_119,r_67_48_49,1.0,0,49,49,12
11,r_143_18_114,r_26_53_11,r_14_137_116,r_14_137_116,0.41,-103,13,116,12
31,r_31_136_119,r_67_48_49,r_61_11_21,r_31_136_119,0.96,-97,22,119,12
41,r_60_120_77,seq77,seq5,r_60_120_77,0.99,0,77,77,12
40,r_105_86_32,r_95_55_45,seq68,r_105_86_32,1.0,0,32,32,12
30,r_83_3_120,seq12,r_94_75_20,r_94_75_20,0.96,16,36,20,12
89,seq101,r_41_122_137,r_54_37_82,r_54_37_82,0.99,15,97,82,12
21,r_46_40_199,r_42_146_58,r_6_65_164,r_46_40_199,0.74,-34,165,199,12
3,r_73_93_158,r_56_91_147,r_28_112_176,r_56_91_147,0.77,0,147,147,12
10,r_117_24_159,seq115,seq113,r_117_24_159,0.81,2,161,159,12
8,r_42_146_58,r_46_40_199,r_76_116_154,r_76_116_154,0.58,3,157,154,12
63,seq27,r_100_106_103,seq63,r_100_106_103,0.99,1,104,103,12
99,seq127,seq119,r_34_51_181,r_34_51_181,0.59,-25,156,181,12
20,r_104_47_117,seq19,seq71,r_104_47_117,1.0,1,118,117,12
13,r_14_137_116,r_6_65_164,seq50,r_14_137_116,0.97,0,116,116,12
3,r_73_93_158,r_28_112_176,seq79,r_73_93_158,0.68,0,158,158,12
15,r_76_116_154,seq144,r_42_146_58,r_76_116_154,0.89,1,155,154,12
48,r_4_58_145,r_46_40_199,seq63,r_4_58_145,0.86,0,145,145,12
25,r_94_75_20,r_42_146_58,r_83_3_120,r_94_75_20,0.98,0,20,20,12
6,r_100_106_103,seq27,seq99,r_100_106_103,1.0,0,103,103,12
18,r_67_48_49,r_31_136_119,r_61_11_21,r_61_11_21,1.0,1,22,21,12
99,seq127,r_128_125_62,seq119,r_128_125_62,0.86,32,94,62,12
4,r_0_15_28,seq64,seq147,r_0_15_28,1.0,0,28,28,12
29,r_26_53_11,r_34_51_181,seq131,r_26_53_11,0.95,-1,10,11,12
18,r_67_48_49,r_61_11_21,seq108,r_67_48_49,0.8,0,49,49,12
30,r_83_3_120,r_94_75_20,r_2_89_37,r_83_3_120,0.9,1,121,120,12
47,r_10_57_111,seq84,seq138,r_10_57_111,1.0,0,111,111,12
74,seq64,r_0_15_28,seq135,r_0_15_28,0.96,0,28,28,12
35,r_59_33_185,r_90_70_36,r_105_86_32,r_59_33_185,0.64,0,185,185,12
88,seq99,seq35,r_100_106_103,r_100_106_103,1.0,7,110,103,12
90,seq102,r_76_116_154,r_36_141_15,r_36_141_15,0.74,4,19,15,12
68,seq43,seq69,r_94_75_20,r_94_75_20,0.45,42,62,20,12
32,r_111_88_132,seq68,seq49,r_111_88_132,0.85,0,132,132,12
0,r_2_89_37,r_76_116_154,seq44,r_2_89_37,0.99,2,39,37,12
34,r_56_91_147,r_73_93_158,seq21,r_73_93_158,0.51,-11,147,158,12
24,r_110_13_25,seq8,seq79,r_110_13_25,1.0,0,25,25,12
49,r_61_11_21,seq138,r_67_48_49,r_61_11_21,0.84,0,21,21,12
60,seq19,r_104_47_117,seq97,r_104_47_117,1.0,0,117,117,12
8,r_42_146_58,seq5,r_46_40_199,r_42_146_58,1.0,0,58,58,12
19,r_95_55_45,r_143_18_114,seq78,r_95_55_45,0.94,0,45,45,12
25,r_94_75_20,r_83_3_120,seq12,r_83_3_120,1.0,0,120,120,12
34,r_56_91_147,seq21,r_22_72_180,r_22_72_180,0.71,1,181,180,12
9,r_74_149_72,seq49,r_126_82_73,r_74_149_72,1.0,0,72,72,12
38,r_36_141_15,seq50,seq102,r_36_141_15,0.99,0,15,15,12
31,r_31_136_119,r_61_11_21,seq29,r_31_136_119,0.94,2,121,119,12
22,r_128_125_62,seq127,seq119,r_128_125_62,0.96,2,64,62,12
28,r_92_38_90,r_22_72_180,r_132_39_184,r_92_38_90,0.99,0,90,90,12
84,seq147,r_76_116_154,r_0_15_28,r_0_15_28,0.98,1,29,28,12
7,r_90_70_36,seq131,r_59_33_185,r_90_70_36,0.9,0,36,36,12
43,r_28_112_176,seq64,seq27,r_28_112_176,0.98,0,176,176,12
44,r_22_72_180,r_92_38_90,r_90_70_36,r_92_38_90,0.61,1,91,90,12
17,r_98_62_9,seq77,r_16_66_94,r_16_66_94,0.99,2,96,94,12
82,seq80,r_109_118_129,r_20_148_138,r_20_148_138,0.98,1,139,138,12
19,r_95_55_45,r_105_86_32,r_143_18_114,r_105_86_32,0.66,0,32,32,12
12,r_16_66_94,seq140,r_98_62_9,r_16_66_94,0.98,0,94,94,12
36,r_29_117_154,seq96,seq118,r_29_117_154,0.93,0,154,154,13
92,seq111,r_99_143_112,r_128_83_76,r_128_83_76,1.0,0,76,76,13
8,r_66_1_132,seq109,r_108_0_32,r_66_1_132,0.59,0,132,132,13
18,r_108_0_32,r_141_98_106,r_36_89_134,r_108_0_32,0.99,0,32,32,13
86,seq90,r_41_67_188,r_82_26_62,r_82_26_62,1.0,125,187,62,13
16,r_139_79_158,seq85,seq129,r_139_79_158,0.88,0,158,158,13
21,r_133_102_146,seq81,seq96,r_133_102_146,0.9,0,146,146,13
5,r_41_67_188,r_91_17_89,seq19,r_91_17_89,1.0,0,89,89,13
42,r_73_95_153,seq38,seq33,r_73_95_153,0.72,-19,134,153,13
6,r_145_142_48,r_49_125_101,seq96,r_145_142_48,0.91,1,49,48,13
45,r_60_9_65,seq120,seq72,r_60_9_65,0.91,0,65,65,13
17,r_47_121_115,r_52_31_91,r_49_125_101,r_47_121_115,0.99,0,115,115,13
11,r_36_89_134,r_108_0_32,seq16,r_36_89_134,0.95,3,137,134,13
11,r_36_89_134,r_60_9_65,r_108_0_32,r_36_89_134,0.98,-99,35,134,13
27,r_71_137_55,r_87_34_125,seq24,r_87_34_125,1.0,1,126,125,13
31,r_122_124_190,seq18,r_12_45_27,r_12_45_27,1.0,70,97,27,13
41,r_130_74_145,r_140_58_166,seq96,r_130_74_145,0.88,0,145,145,13
67,seq32,r_119_101_136,r_78_126_170,r_119_101_136,0.85,0,136,136,13
3,r_63_15_34,seq33,r_76_92_93,r_76_92_93,1.0,8,101,93,13
10,r_99_143_112,seq72,r_128_83_76,r_128_83_76,1.0,56,132,76,13
90,seq106,r_3_144_38,r_49_125_101,r_49_125_101,1.0,3,104,101,13
26,r_51_56_174,seq24,r_141_98_106,r_51_56_174,0.56,0,174,174,13
4,r_132_44_95,seq72,r_57_103_5,r_132_44_95,1.0,0,95,95,13
20,r_128_83_76,seq118,seq111,r_128_83_76,1.0,0,76,76,13
46,r_141_98_106,seq135,seq38,r_141_98_106,0.92,2,108,106,13
51,seq2,r_63_15_34,seq97,r_63_15_34,0.65,9,43,34,13
57,seq11,r_30_4_148,seq32,r_30_4_148,0.99,2,150,148,13
13,r_57_103_5,r_49_125_101,r_132_44_95,r_57_103_5,1.0,96,101,5,13
62,seq19,r_41_67_188,r_82_26_62,r_82_26_62,1.0,81,143,62,13
27,r_71_137_55,r_99_143_112,r_87_34_125,r_71_137_55,1.0,0,55,55,13
0,r_87_34_125,seq24,r_71_137_55,r_71_137_55,1.0,1,56,55,13
23,r_12_45_27,r_3_144_38,seq18,r_12_45_27,1.0,0,27,27,13
5,r_41_67_188,seq19,r_86_112_156,r_86_112_156,0.93,1,157,156,13
0,r_87_34_125,r_71_137_55,r_91_17_89,r_87_34_125,0.96,0,125,125,13
1,r_6_94_51,r_52_31_91,seq72,r_6_94_51,1.0,0,51,51,13
37,r_49_125_101,r_145_142_48,r_57_103_5,r_145_142_48,1.0,1,49,48,13
47,r_82_26_62,r_3_144_38,seq19,r_82_26_62,1.0,0,62,62,13
40,r_30_4_148,seq11,r_60_9_65,r_60_9_65,0.89,84,149,65,13
74,seq50,r_3_144_38,seq5,r_3_144_38,0.46,57,95,38,13
24,r_93_8_116,seq129,seq113,r_93_8_116,0.88,0,116,116,13
25,r_52_31_91,r_140_58_166,r_47_121_115,r_47_121_115,0.55,-23,92,115,13
46,r_141_98_106,r_108_0_32,seq135,r_108_0_32,0.96,0,32,32,13
67,seq32,r_78_126_170,seq11,r_78_126_170,0.82,2,172,170,13
50,seq129,r_88_146_193,r_139_79_158,r_139_79_158,1.0,22,180,158,13
70,seq38,seq129,r_141_98_106,r_141_98_106,1.0,0,106,106,13
65,seq24,r_27_104_2,r_40_21_23,r_40_21_23,1.0,38,61,23,13
32,r_119_101_136,seq32,r_52_31_91,r_119_101_136,0.97,0,136,136,13
39,r_75_35_52,seq96,seq135,r_75_35_52,1.0,0,52,52,13
38,r_116_80_84,seq135,r_25_69_9,r_116_80_84,1.0,0,84,84,13
77,seq61,r_86_112_156,r_91_17_89,r_91_17_89,0.43,67,156,89,13
25,r_52_31_91,seq81,r_119_101_136,r_52_31_91,0.54,62,153,91,13
60,seq16,r_140_58_166,r_36_89_134,r_36_89_134,0.98,39,173,134,13
30,r_149_134_43,r_128_83_76,seq136,r_149_134_43,1.0,0,43,43,13
61,seq18,r_122_124_190,r_12_45_27,r_12_45_27,1.0,16,43,27,13
25,r_52_31_91,r_47_121_115,seq81,r_47_121_115,1.0,0,115,115,13
17,r_47_121_115,r_133_102_146,r_52_31_91,r_52_31_91,0.97,1,92,91,13
43,r_40_21_23,seq111,seq24,r_40_21_23,1.0,0,23,23,13
19,r_3_144_38,seq106,seq61,r_3_144_38,0.69,1,39,38,13
35,r_55_105_130,r_41_67_188,r_86_112_156,r_41_67_188,0.62,0,188,188,13
22,r_110_46_72,seq147,seq39,r_110_46_72,1.0,0,72,72,13
28,r_140_58_166,seq16,r_149_134_43,r_149_134_43,1.0,123,166,43,13
29,r_138_7_24,r_41_67_188,r_22_59_12,r_138_7_24,0.98,0,24,24,13
7,r_76_92_93,r_133_102_146,r_63_15_34,r_76_92_93,1.0,0,93,93,13
18,r_108_0_32,r_36_89_134,r_66_1_132,r_108_0_32,0.99,100,132,32,13
44,r_91_17_89,r_41_67_188,seq61,r_91_17_89,0.94,0,89,89,13
79,seq65,r_55_105_130,r_116_80_84,r_116_80_84,0.56,46,130,84,13
35,r_55_105_130,seq65,r_41_67_188,r_55_105_130,0.92,0,130,130,13
37,r_49_125_101,r_57_103_5,seq106,r_49_125_101,1.0,0,101,101,13
93,seq107,seq38,r_120_44_143,r_120_44_143,0.99,0,143,143,14
15,r_91_131_49,seq74,seq0,r_91_131_49,1.0,0,49,49,14
30,r_21_73_104,r_108_110_131,r_35_87_84,r_108_110_131,0.88,-26,105,131,14
74,seq61,r_115_99_112,r_56_134_178,r_56_134_178,0.9,0,178,178,14
36,r_78_47_98,seq126,r_5_70_10,r_78_47_98,0.95,0,98,98,14
92,seq102,r_123_40_72,r_143_94_167,r_123_40_72,1.0,0,72,72,14
14,r_39_52_157,seq107,r_63_42_141,r_63_42_141,0.85,15,156,141,14
45,r_15_34_14,r_16_55_189,seq80,r_15_34_14,0.94,0,14,14,14
19,r_72_51_63,r_108_110_131,seq75,r_108_110_131,0.97,0,131,131,14
16,r_28_128_188,seq135,seq136,r_28_128_188,0.36,0,188,188,14
39,r_106_3_184,seq107,r_92_148_151,r_92_148_151,0.53,-57,94,151,14
1,r_108_110_131,r_72_51_63,seq6,r_108_110_131,0.99,0,131,131,14
1,r_108_110_131,r_21_73_104,r_72_51_63,r_72_51_63,0.76,-1,62,63,14
42,r_92_148_151,seq107,seq38,r_92_148_151,0.55,-16,135,151,14
80,seq75,r_130_14_114,seq126,r_130_14_114,1.0,1,115,114,14
7,r_105_31_125,seq19,seq149,r_105_31_125,0.99,1,126,125,14
50,seq0,r_142_30_194,r_91_131_49,r_91_131_49,1.0,9,58,49,14
34,r_115_99_112,r_138_125_100,r_45_41_12,r_45_41_12,0.9,-2,10,12,14
19,r_72_51_63,seq64,r_108_110_131,r_72_51_63,1.0,0,63,63,14
66,seq32,r_50_98_175,r_72_51_63,r_72_51_63,1.0,112,175,63,14
31,r_26_139_147,seq32,r_17_22_46,r_26_139_147,0.81,2,149,147,14
10,r_63_42_141,seq84,r_66_4_102,r_63_42_141,0.59,0,141,141,14
2,r_146_65_164,seq61,r_124_60_124,r_146_65_164,0.94,0,164,164,14
5,r_119_58_123,r_104_111_158,r_62_85_183,r_62_85_183,0.46,-153,30,183,14
4,r_124_60_124,r_115_99_112,seq33,r_124_60_124,0.95,0,124,124,14
78,seq69,r_27_114_161,seq20,r_27_114_161,0.88,-78,83,161,14
11,r_120_44_143,seq136,seq107,r_120_44_143,0.95,0,143,143,14
29,r_145_11_134,r_16_55_189,r_72_51_63,r_16_55_189,0.66,-7,182,189,14
20,r_35_87_84,seq32,r_15_34_14,r_35_87_84,1.0,0,84,84,14
74,seq61,r_16_55_189,r_146_65_164,r_16_55_189,0.82,-139,50,189,14
21,r_100_109_55,seq144,seq32,r_100_109_55,0.6,-2,53,55,14
6,r_66_4_102,seq67,seq137,r_66_4_102,0.94,0,102,102,14
44,r_23_118_149,r_25_117_42,r_66_4_102,r_25_117_42,0.85,35,77,42,14
74,seq61,r_146_65_164,r_115_99_112,r_146_65_164,0.49,-3,161,164,14
85,seq84,r_63_42_141,seq141,r_63_42_141,0.97,0,141,141,14
14,r_39_52_157,r_63_42_141,r_50_98_175,r_50_98_175,0.65,8,183,175,14
46,r_76_29_39,seq133,seq6,r_76_29_39,0.99,1,40,39,14
5,r_119_58_123,r_62_85_183,r_26_139_147,r_62_85_183,0.78,-60,123,183,14
7,r_105_31_125,r_112_59_45,seq19,r_112_59_45,1.0,-6,39,45,14
2,r_146_65_164,r_115_99_112,seq61,r_115_99_112,0.26,9,121,112,14
49,r_112_59_45,r_105_31_125,r_115_99_112,r_112_59_45,1.0,0,45,45,14
47,r_36_81_156,seq2,seq126,r_36_81_156,0.51,0,156,156,14
10,r_63_42_141,r_66_4_102,r_39_52_157,r_39_52_157,0.82,4,161,157,14
18,r_27_114_161,seq68,seq133,r_27_114_161,0.52,1,162,161,14
29,r_145_11_134,seq19,r_16_55_189,r_145_11_134,0.61,0,134,134,14
24,r_53_88_163,r_79_48_192,r_39_52_157,r_53_88_163,0.64,0,163,163,14
34,r_115_99_112,r_45_41_12,r_112_59_45,r_112_59_45,0.98,87,132,45,14
25,r_138_125_100,r_115_99_112,seq38,r_138_125_100,1.0,2,102,100,14
48,r_129_96_25,r_53_88_163,seq135,r_129_96_25,1.0,0,25,25,14
92,seq102,r_143_94_167,seq20,r_143_94_167,0.64,-7,160,167,14
37,r_62_85_183,r_119_58_123,r_5_70_10,r_5_70_10,0.91,1,11,10,14
65,seq149,seq18,r_123_40_72,r_123_40_72,1.0,0,72,72,14
68,seq38,seq107,r_138_125_100,r_138_125_100,1.0,17,117,100,14
88,seq135,r_28_128_188,r_129_96_25,r_129_96_25,0.97,7,32,25,14
38,r_16_55_189,r_146_65_164,r_145_11_134,r_145_11_134,0.47,3,137,134,14
77,seq68,r_27_114_161,seq20,r_27_114_161,0.82,1,162,161,14
45,r_15_34_14,seq80,r_35_87_84,r_35_87_84,1.0,3,87,84,14
26,r_5_70_10,r_17_22_46,r_62_85_183,r_5_70_10,0.88,0,10,10,14
81,seq141,r_140_90_169,seq84,r_140_90_169,0.87,0,169,169,14
17,r_140_90_169,seq141,seq126,r_140_90_169,0.53,0,169,169,14
27,r_24_71_40,seq107,seq82,r_24_71_40,1.0,0,40,40,14
38,r_16_55_189,r_145_11_134,r_108_110_131,r_16_55_189,0.87,0,189,189,14
9,r_10_49_153,seq6,r_115_99_112,r_10_49_153,0.85,1,154,153,14
76,seq67,r_37_93_196,r_25_117_42,r_25_117_42,1.0,6,48,42,14
26,r_5_70_10,r_62_85_183,r_78_47_98,r_78_47_98,1.0,85,183,98,14
32,r_104_111_158,r_119_58_123,r_62_85_183,r_104_111_158,0.51,-128,30,158,14
22,r_123_40_72,seq102,seq149,r_123_40_72,1.0,0,72,72,14
51,seq1,r_17_22_46,seq46,r_17_22_46,1.0,-2,44,46,14
8,r_17_22_46,seq1,r_77_54_33,r_17_22_46,0.82,0,46,46,14
44,r_23_118_149,seq137,r_25_117_42,r_23_118_149,0.42,-84,65,149,14
23,r_130_14_114,seq75,seq33,r_130_14_114,0.99,0,114,114,14
44,r_23_118_149,r_66_4_102,seq126,r_23_118_149,0.92,0,149,149,14
3,r_25_117_42,r_120_44_143,seq67,r_25_117_42,1.0,0,42,42,14
30,r_66_132_181,r_138_68_96,r_18_49_107,r_138_68_96,0.62,85,181,96,15
26,r_33_55_91,seq136,r_115_141_137,r_33_55_91,0.59,-45,46,91,15
16,r_16_7_46,seq80,r_77_64_13,r_77_64_13,0.45,1,14,13,15
8,r_108_27_153,seq120,seq56,r_108_27_153,0.79,1,154,153,15
53,seq133,r_144_15_114,r_112_104_111,r_144_15_114,0.69,0,114,114,15
54,seq8,r_59_60_147,r_26_94_183,r_59_60_147,0.92,0,147,147,15
83,seq85,r_19_92_184,seq46,r_19_92_184,0.86,1,185,184,15
37,r_70_53_160,r_101_127_128,r_98_44_122,r_70_53_160,0.77,-31,129,160,15
78,seq76,r_115_141_137,r_74_121_146,r_74_121_146,0.54,-73,73,146,15
21,r_117_97_2,r_12_32_81,seq51,r_12_32_81,0.98,-1,80,81,15
39,r_87_4_151,r_98_44_122,r_54_73_80,r_87_4_151,0.79,-24,127,151,15
5,r_50_88_89,r_18_49_107,seq76,r_50_88_89,0.95,-3,86,89,15
42,r_43_41_65,seq126,r_35_102_35,r_43_41_65,0.92,0,65,65,15
25,r_112_104_111,seq133,r_139_116_140,r_139_116_140,0.97,1,141,140,15
54,seq8,r_26_94_183,seq119,r_26_94_183,0.8,-19,164,183,15
10,r_118_47_70,seq65,r_69_131_154,r_69_131_154,0.83,7,161,154,15
45,r_12_32_81,r_117_97_2,seq109,r_12_32_81,1.0,0,81,81,15
19,r_135_111_67,seq10,r_124_93_45,r_135_111_67,1.0,0,67,67,15
27,r_3_107_180,r_39_140_62,r_45_110_177,r_3_107_180,0.62,0,180,180,15
95,seq120,r_108_27_153,seq72,r_108_27_153,0.99,0,153,153,15
42,r_43_41_65,r_35_102_35,r_100_62_84,r_100_62_84,0.98,4,88,84,15
31,r_21_137_190,r_124_93_45,r_42_29_36,r_21_137_190,0.48,-125,65,190,15
37,r_70_53_160,r_98_44_122,seq106,r_70_53_160,1.0,0,160,160,15
41,r_81_82_166,seq149,seq133,r_81_82_166,0.74,0,166,166,15
3,r_129_67_63,r_96_20_171,seq136,r_129_67_63,0.63,0,63,63,15
10,r_118_47_70,seq85,seq65,r_118_47_70,0.58,42,112,70,15
0,r_2_30_1,r_81_82_166,r_98_44_122,r_98_44_122,0.37,5,127,122,15
31,r_21_137_190,seq83,r_98_44_122,r_21_137_190,0.54,-31,159,190,15
20,r_69_131_154,seq123,r_118_47_70,r_69_131_154,0.9,1,155,154,15
13,r_144_15_114,seq133,r_117_97_2,r_144_15_114,0.59,0,114,114,15
98,seq125,r_100_62_84,seq37,r_100_62_84,0.83,1,85,84,15
22,r_75_0_31,r_28_105_197,seq84,r_75_0_31,1.0,1,32,31,15
15,r_18_49_107,seq103,seq123,r_18_49_107,1.0,0,107,107,15
31,r_21_137_190,r_42_29_36,seq83,r_21_137_190,0.33,-82,108,190,15
48,r_100_62_84,seq125,r_43_41_65,r_100_62_84,0.54,0,84,84,15
17,r_74_121_146,seq122,r_5_6_51,r_5_6_51,1.0,0,51,51,15
6,r_54_73_80,seq142,seq109,r_54_73_80,1.0,0,80,80,15
18,r_115_141_137,r_33_55_91,seq136,r_33_55_91,0.52,6,97,91,15
4,r_5_6_51,seq120,seq122,r_5_6_51,0.99,1,52,51,15
99,seq126,r_43_41_65,seq9,r_43_41_65,1.0,0,65,65,15
39,r_87_4_151,r_54_73_80,seq76,r_87_4_151,0.55,-1,150,151,15
26,r_33_55_91,r_115_141_137,seq142,r_33_55_91,0.98,0,91,91,15
27,r_3_107_180,seq86,r_39_140_62,r_39_140_62,1.0,36,98,62,15
9,r_31_143_53,seq125,seq119,r_31_143_53,1.0,0,53,53,15
18,r_115_141_137,seq136,seq145,r_115_141_137,0.85,0,137,137,15
2,r_48_23_169,seq84,seq17,r_48_23_169,0.73,0,169,169,15
47,r_139_116_140,seq109,r_112_104_111,r_139_116_140,0.91,0,140,140,15
40,r_11_147_101,seq109,r_33_55_91,r_11_147_101,1.0,0,101,101,15
36,r_77_64_13,r_16_7_46,seq17,r_16_7_46,1.0,0,46,46,15
74,seq63,r_78_114_123,seq24,r_78_114_123,1.0,-1,122,123,15
18,r_115_141_137,r_39_140_62,r_33_55_91,r_39_140_62,0.95,-1,61,62,15
29,r_59_60_147,seq8,r_115_141_137,r_59_60_147,0.79,0,147,147,15
24,r_19_92_184,seq85,seq95,r_19_92_184,0.45,3,187,184,15
16,r_16_7_46,r_77_64_13,seq72,r_16_7_46,0.99,0,46,46,15
33,r_78_114_123,seq63,r_2_30_1,r_78_114_123,0.8,0,123,123,15
31,r_21_137_190,r_98_44_122,r_43_41_65,r_21_137_190,0.88,-12,178,190,15
88,seq95,r_74_121_146,seq22,r_74_121_146,0.92,2,148,146,15
65,seq37,seq145,r_34_128_121,r_34_128_121,1.0,-4,117,121,15
32,r_45_110_177,seq84,r_3_107_180,r_3_107_180,0.56,-3,177,180,15
52,seq142,r_54_73_80,seq51,r_54_73_80,1.0,0,80,80,15
12,r_124_93_45,r_21_137_190,seq52,r_124_93_45,1.0,-1,44,45,15
94,seq119,r_112_104_111,r_31_143_53,r_31_143_53,1.0,64,117,53,15
96,seq122,r_74_121_146,r_5_6_51,r_5_6_51,0.58,26,77,51,15
28,r_98_44_122,r_87_4_151,seq149,r_98_44_122,0.82,0,122,122,15
44,r_34_128_121,r_21_137_190,seq37,r_34_128_121,0.71,-77,44,121,15
49,r_42_29_36,r_96_20_171,seq123,r_42_29_36,1.0,0,36,36,15
31,r_21_137_190,r_43_41_65,r_50_88_89,r_21_137_190,0.89,0,190,190,15
7,r_101_127_128,seq149,seq136,r_101_127_128,0.87,0,128,128,15
35,r_35_102_35,r_81_82_166,r_124_93_45,r_35_102_35,0.61,8,43,35,15
23,r_39_140_62,seq14,seq86,r_39_140_62,1.0,0,62,62,15
53,seq133,r_112_104_111,r_81_82_166,r_81_82_166,1.0,3,169,166,15
17,r_74_121_146,r_5_6_51,seq9,r_74_121_146,0.68,2,148,146,15
21,r_117_97_2,seq51,r_144_15_114,r_144_15_114,0.81,0,114,114,15
92,seq101,r_120_78_12,r_0_103_137,r_0_103_137,0.75,37,174,137,16
66,seq28,r_26_17_15,r_132_79_128,r_132_79_128,0.27,7,135,128,16
8,r_57_53_157,r_89_136_171,r_127_11_190,r_57_53_157,0.81,0,157,157,16
82,seq66,r_48_14_68,r_115_24_24,r_48_14_68,0.89,2,70,68,16
58,seq12,r_143_81_183,r_63_49_11,r_143_81_183,0.99,2,185,183,16
12,r_100_34_14,r_80_82_53,r_127_11_190,r_100_34_14,0.97,0,14,14,16
22,r_115_24_24,r_90_56_160,r_120_78_12,r_115_24_24,0.99,2,26,24,16
21,r_116_1_74,r_105_144_112,r_43_118_198,r_116_1_74,1.0,0,74,74,16
39,r_121_16_187,seq38,seq66,r_121_16_187,0.34,0,187,187,16
1,r_89_136_171,seq21,seq38,r_89_136_171,0.89,0,171,171,16
1,r_89_136_171,r_57_53_157,seq21,r_89_136_171,0.43,-100,71,171,16
5,r_143_81_183,seq12,r_37_74_177,r_143_81_183,0.78,0,183,183,16
46,r_37_74_177,seq124,r_106_68_20,r_37_74_177,0.56,0,177,177,16
42,r_61_15_103,seq142,seq122,r_61_15_103,1.0,0,103,103,16
30,r_83_29_27,r_115_24_24,r_107_46_153,r_83_29_27,0.62,89,116,27,16
14,r_26_17_15,r_8_30_197,seq28,r_26_17_15,1.0,0,15,15,16
69,seq35,r_127_11_190,r_141_98_139,r_141_98_139,0.78,0,139,139,16
32,r_20_147_33,r_5_36_184,r_131_97_4,r_20_147_33,1.0,1,34,33,16
19,r_76_117_70,r_5_36_184,r_110_6_199,r_76_117_70,0.99,0,70,70,16
48,r_120_78_12,r_92_125_42,r_105_144_112,r_120_78_12,0.82,2,14,12,16
11,r_90_56_160,r_43_118_198,seq39,r_43_118_198,0.92,-39,159,198,16
30,r_83_29_27,r_58_119_188,r_90_56_160,r_83_29_27,0.91,0,27,27,16
95,seq108,r_109_112_72,r_41_130_113,r_41_130_113,0.54,-35,78,113,16
33,r_131_97_4,seq52,r_20_147_33,r_20_147_33,0.98,3,36,33,16
16,r_127_11_190,seq35,r_18_140_21,r_18_140_21,0.96,8,29,21,16
41,r_141_98_139,seq99,seq35,r_141_98_139,0.68,0,139,139,16
26,r_63_49_11,r_87_146_54,r_143_81_183,r_63_49_11,0.48,0,11,11,16
67,seq32,r_58_119_188,seq102,r_58_119_188,0.64,-53,135,188,16
3,r_70_128_175,seq52,r_106_68_20,r_106_68_20,0.79,156,176,20,16
11,r_90_56_160,r_115_24_24,r_43_118_198,r_115_24_24,0.91,10,34,24,16
35,r_110_6_199,r_80_82_53,r_70_128_175,r_80_82_53,0.88,2,55,53,16
28,r_106_68_20,r_70_128_175,seq21,r_106_68_20,1.0,0,20,20,16
23,r_92_125_42,seq66,seq149,r_92_125_42,1.0,0,42,42,16
16,r_127_11_190,r_18_140_21,r_57_53_157,r_57_53_157,0.98,2,159,157,16
4,r_129_25_164,r_94_138_71,seq45,r_94_138_71,1.0,0,71,71,16
78,seq52,r_70_128_175,r_114_111_136,r_114_111_136,0.61,31,167,136,16
0,r_105_144_112,r_116_1_74,r_120_78_12,r_116_1_74,0.81,0,74,74,16
20,r_31_72_80,seq42,r_20_147_33,r_31_72_80,0.91,0,80,80,16
82,seq66,r_92_125_42,r_48_14_68,r_92_125_42,0.99,0,42,42,16
98,seq124,r_37_74_177,r_94_138_71,r_94_138_71,1.0,40,111,71,16
15,r_5_36_184,r_114_111_136,seq99,r_114_111_136,0.59,0,136,136,16
4,r_129_25_164,seq45,seq23,r_129_25_164,0.82,1,165,164,16
12,r_100_34_14,r_127_11_190,r_48_14_68,r_48_14_68,0.94,17,85,68,16
15,r_5_36_184,seq99,r_106_68_20,r_5_36_184,0.99,0,184,184,16
6,r_13_65_178,r_18_140_21,seq135,r_18_140_21,0.38,157,178,21,16
35,r_110_6_199,r_70_128_175,r_76_117_70,r_76_117_70,0.93,0,70,70,16
66,seq28,seq54,r_26_17_15,r_26_17_15,1.0,8,23,15,16
85,seq77,seq133,r_127_11_190,r_127_11_190,0.48,-6,184,190,16
74,seq45,r_69_19_67,seq85,r_69_19_67,1.0,-14,53,67,16
0,r_105_144_112,r_120_78_12,r_115_24_24,r_105_144_112,0.43,34,146,112,16
27,r_0_103_137,seq10,r_94_138_71,r_0_103_137,0.77,0,137,137,16
30,r_83_29_27,r_90_56_160,r_115_24_24,r_83_29_27,0.37,74,101,27,16
38,r_126_88_41,r_0_103_137,seq42,r_126_88_41,1.0,3,44,41,16
22,r_115_24_24,r_120_78_12,r_105_144_112,r_105_144_112,0.5,11,123,112,16
2,r_94_138_71,r_129_25_164,seq124,r_94_138_71,1.0,0,71,71,16
47,r_69_19_67,seq85,r_116_1_74,r_69_19_67,1.0,-1,66,67,16
40,r_80_82_53,r_110_6_199,seq38,r_80_82_53,1.0,2,55,53,16
29,r_107_46_153,seq148,r_83_29_27,r_107_46_153,0.58,1,154,153,16
24,r_123_95_105,seq12,seq28,r_123_95_105,0.96,0,105,105,16
25,r_48_14_68,seq66,r_100_34_14,r_48_14_68,1.0,2,70,68,16
48,r_120_78_12,r_105_144_112,r_115_24_24,r_105_144_112,0.47,-10,102,112,16
64,seq23,r_105_144_112,r_115_24_24,r_115_24_24,0.54,36,60,24,16
50,seq2,seq40,r_109_112_72,r_109_112_72,0.69,-9,63,72,16
58,seq12,r_123_95_105,r_143_81_183,r_123_95_105,1.0,-1,104,105,16
20,r_31_72_80,r_20_147_33,r_114_111_136,r_114_111_136,1.0,18,154,136,16
61,seq148,r_107_46_153,seq93,r_107_46_153,1.0,1,154,153,16
34,r_109_112_72,seq108,seq2,r_109_112_72,0.76,-11,61,72,16
64,seq23,r_115_24_24,r_129_25_164,r_129_25_164,0.99,0,164,164,16
43,r_87_146_54,seq149,r_100_34_14,r_87_146_54,1.0,0,54,54,16
26,r_63_49_11,r_143_81_183,seq12,r_143_81_183,0.99,-7,176,183,16
91,seq99,r_141_98_139,r_5_36_184,r_141_98_139,0.57,-2,137,139,16
49,r_44_73_119,r_107_46_153,r_20_147_33,r_44_73_119,0.99,0,119,119,16
56,seq10,r_0_103_137,seq40,r_0_103_137,0.81,0,137,137,16
7,r_43_118_198,r_90_56_160,r_116_1_74,r_116_1_74,0.99,3,77,74,16
44,r_114_111_136,r_5_36_184,r_31_72_80,r_114_111_136,0.96,0,136,136,16
45,r_18_140_21,seq133,r_127_11_190,r_18_140_21,1.0,-1,20,21,16
31,r_59_67_18,r_143_81_183,seq33,r_59_67_18,0.98,1,19,18,16
30,r_112_73_24,r_15_80_33,seq45,r_112_73_24,0.94,0,24,24,17
40,r_123_78_176,seq130,r_55_107_49,r_123_78_176,0.65,0,176,176,17
36,r_126_25_158,r_97_30_109,r_35_31_111,r_126_25_158,0.64,-47,111,158,17
14,r_99_98_126,seq45,seq142,r_99_98_126,0.99,2,128,126,17
8,r_113_36_72,r_97_30_109,r_140_52_199,r_113_36_72,0.99,0,72,72,17
43,r_35_31_111,r_99_98_126,r_126_25_158,r_35_31_111,0.96,0,111,111,17
27,r_10_9_94,r_54_100_12,r_51_58_9,r_10_9_94,0.98,-82,12,94,17
55,seq13,r_6_14_171,r_90_96_161,r_90_96_161,0.27,-89,72,161,17
86,seq94,r_66_72_177,r_148_93_84,r_148_93_84,0.9,93,177,84,17
21,r_33_29_122,seq60,r_139_127_89,r_33_29_122,0.99,0,122,122,17
39,r_65_49_117,seq50,seq144,r_65_49_117,1.0,1,118,117,17
5,r_70_74_101,seq18,seq125,r_70_74_101,1.0,0,101,101,17
32,r_140_52_199,seq111,r_113_36_72,r_113_36_72,1.0,30,102,72,17
20,r_131_19_43,r_68_38_96,r_10_9_94,r_131_19_43,0.99,53,96,43,17
19,r_84_79_88,r_99_98_126,seq27,r_84_79_88,1.0,0,88,88,17
27,r_10_9_94,r_51_58_9,r_131_19_43,r_10_9_94,0.98,1,95,94,17
94,seq111,r_75_119_50,seq76,r_75_119_50,1.0,0,50,50,17
22,r_110_59_18,r_75_119_50,seq22,r_110_59_18,0.99,1,19,18,17
20,r_131_19_43,r_87_124_44,r_68_38_96,r_131_19_43,0.97,0,43,43,17
76,seq60,r_33_29_122,seq121,r_33_29_122,0.83,0,122,122,17
31,r_129_138_68,seq149,seq45,r_129_138_68,1.0,-1,67,68,17
37,r_15_80_33,seq121,seq22,r_15_80_33,1.0,0,33,33,17
41,r_97_30_109,seq71,seq146,r_97_30_109,0.98,0,109,109,17
10,r_88_20_3,r_102_42_139,r_32_11_167,r_102_42_139,0.75,-19,120,139,17
1,r_68_38_96,r_8_34_53,r_131_19_43,r_68_38_96,0.95,-44,52,96,17
0,r_32_11_167,r_88_20_3,r_2_128_196,r_32_11_167,0.58,1,168,167,17
73,seq48,r_3_118_119,seq146,r_3_118_119,0.63,-12,107,119,17
48,r_1_40_25,seq106,seq45,r_1_40_25,1.0,1,26,25,17
2,r_87_124_44,r_131_19_43,seq121,r_131_19_43,0.58,0,43,43,17
10,r_88_20_3,r_32_11_167,r_84_79_88,r_32_11_167,0.95,1,168,167,17
13,r_2_128_196,r_53_115_116,r_32_11_167,r_32_11_167,0.99,8,175,167,17
98,seq125,seq145,r_70_74_101,r_70_74_101,1.0,49,150,101,17
15,r_91_137_140,seq77,r_10_9_94,r_91_137_140,0.58,0,140,140,17
62,seq21,r_51_58_9,r_126_25_158,r_126_25_158,1.0,10,168,158,17
99,seq149,r_129_138_68,seq27,r_129_138_68,1.0,2,70,68,17
87,seq95,r_43_5_154,r_148_93_84,r_148_93_84,0.97,58,142,84,17
6,r_75_119_50,seq111,r_68_38_96,r_75_119_50,0.99,0,50,50,17
4,r_55_107_49,r_113_36_72,seq56,r_55_107_49,0.87,0,49,49,17
47,r_116_47_87,seq114,r_55_107_49,r_116_47_87,1.0,0,87,87,17
3,r_57_28_26,r_140_52_199,seq18,r_57_28_26,1.0,2,28,26,17
40,r_123_78_176,r_89_132_95,seq130,r_89_132_95,1.0,2,97,95,17
6,r_75_119_50,r_68_38_96,r_10_9_94,r_75_119_50,0.97,47,97,50,17
18,r_83_122_85,seq26,r_62_108_11,r_83_122_85,0.99,0,85,85,17
29,r_85_44_106,r_120_61_193,r_68_38_96,r_85_44_106,0.89,1,107,106,17
24,r_102_42_139,r_88_20_3,seq60,r_102_42_139,0.91,0,139,139,17
25,r_89_132_95,r_123_78_176,seq125,r_89_132_95,0.99,2,97,95,17
33,r_0_24_155,seq4,r_129_138_68,r_0_24_155,0.65,1,156,155,17
4,r_55_107_49,seq56,r_116_47_87,r_116_47_87,1.0,0,87,87,17
65,seq26,r_83_122_85,seq13,r_83_122_85,0.99,0,85,85,17
42,r_62_108_11,seq76,r_101_133_8,r_62_108_11,1.0,0,11,11,17
70,seq41,seq23,r_62_108_11,r_62_108_11,1.0,6,17,11,17
52,seq135,seq130,r_43_5_154,r_43_5_154,0.72,8,162,154,17
34,r_6_14_171,seq50,r_1_40_25,r_1_40_25,0.83,146,171,25,17
76,seq60,seq121,r_102_42_139,r_102_42_139,0.89,8,147,139,17
17,r_43_5_154,seq95,seq135,r_43_5_154,0.8,0,154,154,17
36,r_126_25_158,r_35_31_111,r_51_58_9,r_126_25_158,0.83,0,158,158,17
32,r_140_52_199,r_57_28_26,seq111,r_57_28_26,0.97,0,26,26,17
73,seq48,seq146,r_99_98_126,r_99_98_126,0.63,10,136,126,17
26,r_51_58_9,r_10_9_94,seq21,r_10_9_94,1.0,1,95,94,17
43,r_35_31_111,r_126_25_158,r_90_96_161,r_35_31_111,0.97,50,161,111,17
11,r_54_100_12,r_10_9_94,seq130,r_54_100_12,1.0,0,12,12,17
45,r_8_34_53,r_68_38_96,seq114,r_8_34_53,1.0,0,53,53,17
1,r_68_38_96,r_131_19_43,seq46,r_68_38_96,1.0,0,96,96,17
49,r_139_127_89,seq81,seq77,r_139_127_89,0.77,0,89,89,17
7,r_148_93_84,seq16,seq95,r_148_93_84,1.0,0,84,84,17
44,r_3_118_119,seq142,seq141,r_3_118_119,0.98,1,120,119,17
26,r_51_58_9,seq21,r_126_25_158,r_126_25_158,1.0,6,164,158,17
82,seq141,r_7_134_188,r_3_118_119,r_3_118_119,0.98,69,188,119,17
35,r_120_61_193,r_85_44_106,seq77,r_85_44_106,0.89,1,107,106,17
12,r_92_67_97,r_65_49_117,seq105,r_92_67_97,0.83,0,97,97,17
55,seq13,r_90_96_161,r_57_28_26,r_90_96_161,0.92,0,161,161,17
93,seq131,r_111_12_66,r_146_147_2,r_111_12_66,0.98,-2,64,66,18
30,r_40_101_182,seq37,r_91_30_82,r_91_30_82,1.0,11,93,82,18
44,r_54_145_9,r_130_41_123,seq58,r_130_41_123,1.0,0,123,123,18
9,r_97_1_112,seq141,r_73_112_83,r_97_1_112,0.96,1,113,112,18
14,r_135_48_141,r_57_36_118,r_76_22_105,r_76_22_105,0.74,0,105,105,18
53,seq8,seq78,r_129_77_93,r_129_77_93,1.0,9,102,93,18
62,seq21,seq55,r_57_36_118,r_57_36_118,1.0,1,119,118,18
83,seq75,seq120,r_104_116_115,r_104_116_115,1.0,50,165,115,18
19,r_44_142_12,r_51_49_96,r_121_6_45,r_44_142_12,0.98,85,97,12,18
86,seq82,r_18_106_127,r_98_107_159,r_18_106_127,0.89,-2,125,127,18
16,r_63_15_177,r_35_62_174,seq3,r_63_15_177,0.52,-3,174,177,18
21,r_111_12_66,seq16,seq8,r_111_12_66,1.0,2,68,66,18
39,r_100_93_73,seq94,seq20,r_100_93_73,0.99,2,75,73,18
5,r_34_144_69,r_108_66_94,r_27_46_24,r_34_144_69,1.0,0,69,69,18
25,r_108_66_94,r_119_109_117,seq32,r_108_66_94,0.73,69,163,94,18
23,r_125_134_22,seq140,r_23_132_163,r_125_134_22,1.0,0,22,22,18
46,r_70_128_31,r_67_85_104,seq131,r_70_128_31,0.91,4,35,31,18
32,r_52_103_181,r_44_142_12,r_56_87_138,r_52_103_181,0.61,0,181,181,18
19,r_44_142_12,r_125_134_22,r_51_49_96,r_44_142_12,0.95,0,12,12,18
39,r_100_93_73,seq20,r_126_80_133,r_126_80_133,1.0,0,133,133,18
45,r_4_17_109,r_47_127_121,r_96_139_72,r_4_17_109,0.57,0,109,109,18
9,r_97_1_112,r_100_93_73,seq141,r_97_1_112,0.73,-95,17,112,18
17,r_28_7_99,r_98_107_159,r_44_142_12,r_28_7_99,1.0,0,99,99,18
33,r_67_85_104,seq50,seq43,r_67_85_104,0.53,72,176,104,18
90,seq92,seq137,r_13_10_29,r_13_10_29,1.0,15,44,29,18
36,r_99_89_137,seq84,r_81_110_51,r_81_110_51,1.0,4,55,51,18
31,r_98_107_159,r_28_7_99,r_18_106_127,r_28_7_99,0.98,-8,91,99,18
41,r_114_113_192,r_61_5_155,r_135_48_141,r_114_113_192,0.51,-39,153,192,18
93,seq131,r_146_147_2,r_148_115_74,r_148_115_74,0.56,25,99,74,18
3,r_126_80_133,r_31_83_148,r_100_93_73,r_31_83_148,0.97,-15,133,148,18
10,r_31_83_148,seq43,r_76_22_105,r_31_83_148,0.94,0,148,148,18
8,r_130_41_123,r_54_145_9,seq84,r_130_41_123,1.0,0,123,123,18
72,seq136,r_108_66_94,seq33,r_108_66_94,1.0,-6,88,94,18
4,r_71_9_170,r_63_15_177,r_146_147_2,r_146_147_2,0.58,169,171,2,18
0,r_57_36_118,r_135_48_141,seq21,r_57_36_118,0.95,0,118,118,18
63,seq25,r_104_116_115,r_44_142_12,r_104_116_115,0.91,-13,102,115,18
8,r_130_41_123,seq58,r_54_145_9,r_54_145_9,1.0,6,15,9,18
73,seq50,r_129_77_93,r_119_109_117,r_129_77_93,1.0,1,94,93,18
11,r_76_22_105,seq120,r_135_48_141,r_76_22_105,0.65,0,105,105,18
20,r_129_77_93,seq50,seq8,r_129_77_93,1.0,1,94,93,18
13,r_91_30_82,r_104_116_115,r_73_112_83,r_91_30_82,1.0,0,82,82,18
48,r_47_127_121,r_61_5_155,seq94,r_47_127_121,0.9,0,121,121,18
57,seq14,seq26,r_61_5_155,r_61_5_155,0.96,4,159,155,18
6,r_119_109_117,r_51_49_96,seq50,r_51_49_96,1.0,-18,78,96,18
91,seq94,seq72,r_47_127_121,r_47_127_121,0.6,0,121,121,18
62,seq21,r_148_115_74,seq55,r_148_115_74,0.97,-7,67,74,18
36,r_99_89_137,r_81_110_51,seq39,r_99_89_137,0.71,1,138,137,18
49,r_118_59_102,seq88,seq117,r_118_59_102,0.52,42,144,102,18
22,r_61_5_155,r_114_113_192,seq14,r_61_5_155,0.99,0,155,155,18
30,r_40_101_182,r_91_30_82,seq55,r_40_101_182,0.97,0,182,182,18
69,seq39,seq75,r_35_62_174,r_35_62_174,0.86,1,175,174,18
35,r_27_46_24,r_111_12_66,seq140,r_27_46_24,0.94,0,24,24,18
2,r_51_49_96,r_104_116_115,seq78,r_51_49_96,1.0,1,97,96,18
47,r_24_29_172,seq0,r_76_22_105,r_76_22_105,0.82,67,172,105,18
40,r_104_116_115,r_52_103_181,seq75,r_104_116_115,1.0,1,116,115,18
25,r_108_66_94,seq32,r_119_109_117,r_108_66_94,0.47,35,129,94,18
18,r_11_42_114,seq60,r_44_142_12,r_11_42_114,0.54,2,116,114,18
29,r_2_74_95,seq21,r_119_109_117,r_2_74_95,0.83,1,96,95,18
24,r_23_132_163,seq55,seq26,r_23_132_163,0.73,0,163,163,18
34,r_81_110_51,r_99_89_137,r_130_41_123,r_81_110_51,0.92,86,137,51,18
25,r_108_66_94,seq136,seq32,r_108_66_94,0.88,0,94,94,18
34,r_81_110_51,seq141,r_99_89_137,r_81_110_51,0.83,0,51,51,18
33,r_67_85_104,seq78,seq50,r_67_85_104,0.99,0,104,104,18
64,seq26,seq14,r_23_132_163,r_23_132_163,0.59,4,167,163,18
15,r_96_139_72,seq133,r_4_17_109,r_4_17_109,1.0,1,110,109,18
50,seq0,r_24_29_172,seq20,r_24_29_172,0.92,0,172,172,18
70,seq43,r_96_139_72,seq105,r_96_139_72,1.0,1,73,72,18
86,seq82,r_98_107_159,r_129_77_93,r_98_107_159,0.99,-1,158,159,18
42,r_149_90_10,seq58,seq53,r_149_90_10,0.97,0,10,10,18
31,r_98_107_159,r_18_106_127,seq82,r_18_106_127,0.94,0,127,127,18
32,r_52_103_181,r_104_116_115,r_44_142_12,r_104_116_115,0.7,-13,102,115,18
38,r_35_62_174,r_63_15_177,seq39,r_35_62_174,0.54,0,174,174,18
77,seq60,r_11_42_114,seq65,r_11_42_114,1.0,2,116,114,18
14,r_135_48_141,r_76_22_105,r_114_113_192,r_135_48_141,1.0,0,141,141,18
71,seq45,seq65,r_96_139_72,r_96_139_72,0.42,91,163,72,18
26,r_123_138_4,r_104_116_115,r_44_142_12,r_104_116_115,0.93,1,116,115,18
37,r_18_106_127,r_98_107_159,seq32,r_18_106_127,0.88,0,127,127,18
27,r_13_10_29,r_111_12_66,seq92,r_13_10_29,0.52,-1,28,29,18
22,r_61_5_155,r_47_127_121,r_114_113_192,r_47_127_121,0.99,-12,109,121,18
28,r_73_112_83,seq78,r_91_30_82,r_91_30_82,1.0,4,86,82,18
91,seq94,r_100_93_73,seq72,r_100_93_73,0.77,2,75,73,18
43,r_121_6_45,seq78,r_44_142_12,r_121_6_45,1.0,1,46,45,18
49,r_118_59_102,seq133,seq88,r_118_59_102,0.89,1,103,102,18
7,r_56_87_138,seq122,r_57_36_118,r_56_87_138,0.99,0,138,138,18
11,r_76_22_105,r_135_48_141,r_31_83_148,r_76_22_105,0.99,36,141,105,18
12,r_148_115_74,seq21,seq131,r_148_115_74,1.0,6,80,74,18
17,r_28_7_99,seq82,r_98_107_159,r_28_7_99,0.63,-57,42,99,18
23,r_125_134_22,r_23_132_163,seq95,r_23_132_163,0.82,-68,95,163,18
84,seq78,seq8,r_51_49_96,r_51_49_96,1.0,6,102,96,18
34,r_142_106_46,r_112_133_94,seq121,r_142_106_46,0.64,56,102,46,19
36,r_100_82_132,seq110,r_115_16_1,r_100_82_132,0.76,0,132,132,19
0,r_48_113_10,seq3,r_7_44_122,r_7_44_122,0.9,2,124,122,19
29,r_21_145_145,r_0_26_116,r_146_60_37,r_21_145_145,0.49,-99,46,145,19
8,r_30_75_129,seq110,seq20,r_30_75_129,0.74,1,130,129,19
43,r_1_49_82,seq29,seq50,r_1_49_82,1.0,0,82,82,19
48,r_119_98_12,r_111_17_143,seq33,r_119_98_12,0.59,0,12,12,19
15,r_132_42_191,r_146_60_37,r_97_2_16,r_132_42_191,0.51,-156,35,191,19
37,r_63_139_93,seq141,r_104_57_69,r_63_139_93,1.0,0,93,93,19
26,r_93_22_40,r_47_36_133,seq29,r_93_22_40,1.0,0,40,40,19
16,r_140_94_128,seq96,r_132_42_191,r_140_94_128,1.0,0,128,128,19
21,r_143_92_134,seq51,r_69_46_120,r_143_92_134,0.99,0,134,134,19
39,r_47_36_133,seq144,r_147_65_60,r_47_36_133,1.0,0,133,133,19
5,r_0_26_116,r_104_57_69,r_146_60_37,r_104_57_69,0.51,-6,63,69,19
46,r_134_130_152,seq76,r_115_16_1,r_134_130_152,0.99,1,153,152,19
45,r_52_58_70,seq141,seq14,r_52_58_70,0.99,0,70,70,19
24,r_79_32_154,r_0_26_116,r_21_145_145,r_79_32_154,0.95,1,155,154,19
15,r_132_42_191,r_97_2_16,r_140_94_128,r_140_94_128,0.97,-3,125,128,19
14,r_112_133_94,r_142_106_46,seq83,r_112_133_94,0.85,0,94,94,19
66,seq29,r_12_136_189,r_93_22_40,r_93_22_40,1.0,149,189,40,19
5,r_0_26_116,r_66_127_159,seq41,r_66_127_159,1.0,3,162,159,19
31,r_62_37_139,seq5,r_97_2_16,r_62_37_139,0.79,1,140,139,19
41,r_95_72_198,r_114_31_71,seq25,r_114_31_71,1.0,0,71,71,19
89,seq148,r_77_45_90,r_97_2_16,r_77_45_90,0.85,-1,89,90,19
20,r_117_6_28,r_119_98_12,seq50,r_117_6_28,0.99,0,28,28,19
10,r_70_89_61,seq10,r_91_116_3,r_70_89_61,1.0,0,61,61,19
11,r_59_19_160,seq27,seq8,r_59_19_160,0.89,0,160,160,19
1,r_97_2_16,seq108,r_147_65_60,r_97_2_16,0.96,0,16,16,19
0,r_48_113_10,r_93_22_40,r_0_26_116,r_48_113_10,0.74,0,10,10,19
35,r_146_60_37,r_132_42_191,r_21_145_145,r_146_60_37,0.96,0,37,37,19
49,r_101_15_156,r_95_72_198,seq124,r_101_15_156,0.9,0,156,156,19
1,r_97_2_16,r_73_107_85,r_62_37_139,r_62_37_139,0.85,6,145,139,19
6,r_7_44_122,seq86,r_48_113_10,r_7_44_122,0.91,0,122,122,19
85,seq83,seq8,r_21_145_145,r_21_145_145,1.0,0,145,145,19
87,seq86,r_7_44_122,r_138_84_45,r_138_84_45,0.97,0,45,45,19
49,r_101_15_156,r_142_106_46,r_95_72_198,r_142_106_46,1.0,-7,39,46,19
18,r_123_55_17,seq129,seq50,r_123_55_17,1.0,0,17,17,19
2,r_69_46_120,seq3,r_138_84_45,r_69_46_120,0.99,0,120,120,19
47,r_114_31_71,r_95_72_198,r_147_65_60,r_114_31_71,1.0,0,71,71,19
0,r_48_113_10,r_146_60_37,seq3,r_146_60_37,0.46,63,100,37,19
40,r_77_45_90,seq148,r_93_22_40,r_77_45_90,1.0,1,91,90,19
6,r_7_44_122,r_48_113_10,r_66_127_159,r_66_127_159,0.86,10,169,159,19
5,r_0_26_116,r_146_60_37,r_66_127_159,r_0_26_116,1.0,0,116,116,19
9,r_66_127_159,r_0_26_116,r_146_60_37,r_66_127_159,0.97,0,159,159,19
35,r_146_60_37,r_21_145_145,r_7_44_122,r_146_60_37,0.65,112,149,37,19
25,r_73_107_85,r_69_46_120,seq80,r_69_46_120,0.75,-19,101,120,19
33,r_135_53_147,r_23_81_174,r_67_125_15,r_67_125_15,0.61,135,150,15,19
92,seq108,r_12_136_189,r_0_26_116,r_0_26_116,0.99,73,189,116,19
44,r_23_81_174,seq103,r_147_65_60,r_23_81_174,0.89,1,175,174,19
65,seq27,r_59_19_160,r_138_84_45,r_138_84_45,0.95,115,160,45,19
38,r_74_87_103,seq80,r_128_28_6,r_74_87_103,1.0,0,103,103,19
55,seq137,r_69_46_120,r_48_113_10,r_48_113_10,0.59,71,81,10,19
42,r_67_125_15,r_147_65_60,seq13,r_67_125_15,0.99,0,15,15,19
81,seq76,r_111_17_143,seq5,r_111_17_143,1.0,0,143,143,19
17,r_90_24_105,r_7_44_122,seq76,r_90_24_105,0.99,0,105,105,19
55,seq137,r_48_113_10,r_7_44_122,r_7_44_122,0.64,9,131,122,19
94,seq110,r_30_75_129,r_147_65_60,r_147_65_60,0.82,6,66,60,19
9,r_66_127_159,seq41,r_0_26_116,r_0_26_116,0.81,0,116,116,19
24,r_79_32_154,seq41,r_0_26_116,r_0_26_116,1.0,-1,115,116,19
3,r_147_65_60,r_67_125_15,r_97_2_16,r_147_65_60,0.99,-43,17,60,19
96,seq121,r_112_133_94,r_142_106_46,r_142_106_46,1.0,56,102,46,19
29,r_21_145_145,r_146_60_37,seq83,r_21_145_145,1.0,-1,144,145,19
22,r_9_38_65,seq137,seq68,r_9_38_65,1.0,0,65,65,19
35,r_146_60_37,r_7_44_122,r_66_127_159,r_146_60_37,0.46,139,176,37,19
28,r_91_116_3,seq34,r_70_89_61,r_70_89_61,1.0,1,62,61,19
1,r_97_2_16,r_147_65_60,r_73_107_85,r_147_65_60,1.0,0,60,60,19
99,seq126,r_100_82_132,seq110,r_100_82_132,0.71,-106,26,132,19
34,r_142_106_46,r_101_15_156,r_112_133_94,r_142_106_46,1.0,0,46,46,19
24,r_79_32_154,r_66_127_159,r_1_49_82,r_1_49_82,0.62,-50,32,82,19
51,seq3,r_69_46_120,seq148,r_69_46_120,0.84,-91,29,120,19
4,r_138_84_45,r_23_81_174,seq86,r_138_84_45,1.0,0,45,45,19
7,r_104_57_69,r_0_26_116,r_147_65_60,r_0_26_116,0.54,-47,69,116,19
44,r_23_81_174,r_135_53_147,seq103,r_135_53_147,0.76,3,150,147,19
3,r_147_65_60,r_97_2_16,seq110,r_147_65_60,1.0,0,60,60,19
54,seq8,r_88_99_95,seq83,r_88_99_95,0.92,-66,29,95,19
24,r_79_32_154,r_1_49_82,seq41,r_1_49_82,0.83,-38,44,82,19
82,seq78,seq29,r_93_22_40,r_93_22_40,1.0,-30,10,40,19
58,seq13,seq121,r_67_125_15,r_67_125_15,0.98,0,15,15,19
79,seq68,seq64,r_9_38_65,r_9_38_65,1.0,2,67,65,19
99,seq126,seq51,r_104_57_69,r_104_57_69,0.4,98,167,69,19
12,r_115_16_1,seq96,r_100_82_132,r_100_82_132,1.0,0,132,132,19
14,r_112_133_94,seq121,r_142_106_46,r_142_106_46,1.0,6,52,46,19
0,r_48_113_10,r_0_26_116,r_146_60_37,r_146_60_37,0.87,-1,36,37,19
84,seq80,r_74_87_103,r_73_107_85,r_74_87_103,0.94,-1,102,103,19
42,r_87_72_30,r_37_131_136,seq69,r_87_72_30,1.0,1,31,30,20
36,r_113_34_133,seq66,seq12,r_113_34_133,0.6,0,133,133,20
5,r_144_55_43,r_121_27_73,r_42_33_23,r_144_55_43,0.89,2,45,43,20
68,seq43,seq54,r_19_15_114,r_19_15_114,0.98,14,128,114,20
92,seq109,seq79,r_10_120_115,r_10_120_115,1.0,0,115,115,20
38,r_58_76_38,seq61,r_138_91_34,r_58_76_38,1.0,0,38,38,20
14,r_19_15_114,seq47,seq43,r_19_15_114,0.8,0,114,114,20
6,r_122_149_68,seq84,seq66,r_122_149_68,0.35,101,169,68,20
8,r_78_104_153,r_56_136_154,r_19_15_114,r_78_104_153,0.7,0,153,153,20
53,seq12,seq96,r_113_34_133,r_113_34_133,0.78,29,162,133,20
37,r_45_95_132,seq126,seq18,r_45_95_132,0.76,0,132,132,20
59,seq25,seq69,r_121_27_73,r_121_27_73,1.0,12,85,73,20
16,r_127_4_117,seq94,seq140,r_127_4_117,0.98,1,118,117,20
21,r_8_67_125,seq140,r_11_60_63,r_8_67_125,0.96,0,125,125,20
1,r_22_46_82,seq40,seq75,r_22_46_82,1.0,0,82,82,20
46,r_0_98_106,seq57,seq94,r_0_98_106,0.59,1,107,106,20
76,seq69,seq29,r_87_72_30,r_87_72_30,0.98,22,52,30,20
69,seq47,r_81_111_99,r_22_46_82,r_22_46_82,0.95,14,96,82,20
45,r_11_60_63,r_56_136_154,r_121_27_73,r_121_27_73,0.91,12,85,73,20
30,r_129_64_35,seq103,r_100_143_127,r_129_64_35,0.97,2,37,35,20
19,r_121_27_73,r_45_95_132,r_87_72_30,r_121_27_73,1.0,1,74,73,20
9,r_5_63_76,seq59,r_118_50_29,r_5_63_76,0.44,99,175,76,20
39,r_138_91_34,r_89_7_195,r_58_76_38,r_138_91_34,1.0,3,37,34,20
67,seq40,r_22_46_82,r_82_35_183,r_22_46_82,1.0,0,82,82,20
67,seq40,r_82_35_183,r_133_108_89,r_82_35_183,0.68,-1,182,183,20
3,r_133_108_89,seq140,seq70,r_133_108_89,1.0,1,90,89,20
10,r_148_101_59,seq14,seq90,r_148_101_59,1.0,1,60,59,20
78,seq73,r_45_95_132,r_62_88_37,r_45_95_132,0.58,-1,131,132,20
20,r_38_68_176,r_5_63_76,seq61,r_5_63_76,1.0,0,76,76,20
48,r_51_1_184,seq79,r_129_64_35,r_129_64_35,0.82,149,184,35,20
49,r_142_116_149,r_51_1_184,r_58_76_38,r_142_116_149,0.65,1,150,149,20
6,r_122_149_68,r_127_4_117,r_113_34_133,r_122_149_68,1.0,1,69,68,20
62,seq31,r_0_98_106,r_137_74_182,r_137_74_182,0.4,-63,119,182,20
55,seq16,r_22_46_82,r_130_107_86,r_22_46_82,1.0,-30,52,82,20
9,r_5_63_76,r_10_120_115,seq59,r_10_120_115,0.8,1,116,115,20
99,seq126,r_45_95_132,seq28,r_45_95_132,1.0,0,132,132,20
4,r_141_2_28,r_85_20_90,seq70,r_141_2_28,0.98,0,28,28,20
0,r_100_143_127,r_129_64_35,seq54,r_100_143_127,0.99,0,127,127,20
30,r_129_64_35,r_100_143_127,seq105,r_100_143_127,1.0,-4,123,127,20
22,r_24_134_66,r_56_136_154,r_121_27_73,r_56_136_154,0.77,-3,151,154,20
2,r_56_136_154,r_78_104_153,seq28,r_56_136_154,0.73,0,154,154,20
47,r_93_128_113,seq135,seq17,r_93_128_113,0.88,0,113,113,20
43,r_10_120_115,seq135,seq66,r_10_120_115,0.52,-100,15,115,20
27,r_62_88_37,r_85_20_90,seq28,r_62_88_37,0.84,1,38,37,20
18,r_99_13_77,r_22_46_82,seq135,r_99_13_77,1.0,0,77,77,20
29,r_53_52_175,seq119,r_24_134_66,r_24_134_66,0.76,109,175,66,20
24,r_106_132_158,seq92,seq43,r_106_132_158,0.75,0,158,158,20
40,r_145_115_40,r_142_116_149,seq92,r_145_115_40,1.0,0,40,40,20
25,r_85_20_90,seq43,seq105,r_85_20_90,1.0,0,90,90,20
43,r_10_120_115,seq66,r_5_63_76,r_5_63_76,0.94,2,78,76,20
64,seq36,r_37_131_136,r_44_9_58,r_44_9_58,1.0,78,136,58,20
6,r_122_149_68,r_113_34_133,seq84,r_113_34_133,0.85,-3,130,133,20
20,r_38_68_176,seq61,seq84,r_38_68_176,0.59,0,176,176,20
68,seq43,r_85_20_90,seq54,r_85_20_90,0.99,-4,86,90,20
42,r_87_72_30,seq69,r_121_27_73,r_121_27_73,1.0,63,136,73,20
95,seq117,seq77,r_42_33_23,r_42_33_23,0.93,29,52,23,20
61,seq29,seq69,r_121_27_73,r_121_27_73,1.0,28,101,73,20
32,r_81_111_99,seq47,r_22_46_82,r_22_46_82,0.93,82,164,82,20
77,seq70,seq40,r_133_108_89,r_133_108_89,1.0,1,90,89,20
35,r_21_65_12,r_89_7_195,seq96,r_21_65_12,0.93,1,13,12,20
34,r_114_102_67,seq59,seq12,r_114_102_67,1.0,0,67,67,20
43,r_10_120_115,r_5_63_76,seq109,r_10_120_115,1.0,1,116,115,20
75,seq66,r_48_97_144,r_122_149_68,r_122_149_68,0.98,95,163,68,20
0,r_100_143_127,seq105,r_129_64_35,r_129_64_35,0.97,3,38,35,20
60,seq28,r_22_46_82,r_62_88_37,r_22_46_82,0.67,-3,79,82,20
49,r_142_116_149,r_145_115_40,r_51_1_184,r_145_115_40,0.98,0,40,40,20
94,seq140,r_133_108_89,r_8_67_125,r_133_108_89,0.97,1,90,89,20
9,r_5_63_76,r_38_68_176,r_10_120_115,r_5_63_76,0.92,0,76,76,20
90,seq103,r_129_64_35,seq3,r_129_64_35,0.98,3,38,35,20
90,seq103,seq3,r_22_46_82,r_22_46_82,1.0,20,102,82,20
22,r_24_134_66,seq83,r_56_136_154,r_24_134_66,1.0,0,66,66,20
28,r_37_131_136,seq36,seq75,r_37_131_136,0.94,0,136,136,20
73,seq59,r_5_63_76,r_121_27_73,r_121_27_73,0.5,114,187,73,20
26,r_118_50_29,r_133_108_89,seq14,r_118_50_29,1.0,0,29,29,20
44,r_110_71_74,r_22_46_82,r_121_27_73,r_22_46_82,1.0,-8,74,82,20
23,r_137_74_182,seq77,r_130_107_86,r_137_74_182,0.69,0,182,182,20
89,seq96,seq12,r_21_65_12,r_21_65_12,0.98,12,24,12,20
12,r_44_9_58,seq3,seq36,r_44_9_58,0.67,5,63,58,20
40,r_17_92_32,r_22_112_103,seq94,r_22_112_103,0.98,0,103,103,21
30,r_44_3_174,seq142,seq16,r_44_3_174,0.7,1,175,174,21
36,r_90_103_167,seq84,r_7_56_146,r_90_103_167,0.6,0,167,167,21
4,r_68_128_184,seq93,r_122_62_69,r_68_128_184,0.6,0,184,184,21
8,r_36_20_79,r_83_59_194,seq74,r_36_20_79,1.0,0,79,79,21
2,r_114_99_147,seq1,r_11_50_59,r_11_50_59,0.83,0,59,59,21
14,r_120_40_171,seq1,r_64_88_29,r_64_88_29,0.9,30,59,29,21
3,r_6_35_10,r_68_128_184,seq91,r_6_35_10,0.79,1,11,10,21
93,seq111,seq1,r_11_50_59,r_11_50_59,0.82,0,59,59,21
49,r_78_146_55,seq16,r_67_33_193,r_78_146_55,1.0,0,55,55,21
16,r_144_89_138,seq81,r_64_88_29,r_144_89_138,0.84,0,138,138,21
21,r_34_102_161,r_32_95_100,r_68_128_184,r_32_95_100,1.0,0,100,100,21
39,r_7_56_146,r_117_85_121,seq63,r_117_85_121,0.67,-44,77,121,21
1,r_45_148_54,r_14_66_145,r_42_119_111,r_45_148_54,1.0,91,145,54,21
46,r_101_31_1,r_69_13_104,seq123,r_69_13_104,1.0,0,104,104,21
42,r_107_77_164,seq134,seq93,r_107_77_164,0.87,1,165,164,21
27,r_2_145_24,r_107_77_164,seq138,r_2_145_24,0.58,0,24,24,21
18,r_0_141_26,seq63,seq84,r_0_141_26,0.98,0,26,26,21
80,seq74,seq134,r_9_121_153,r_9_121_153,0.97,24,177,153,21
19,r_136_118_31,r_124_147_179,r_79_39_65,r_79_39_65,1.0,1,66,65,21
69,seq41,r_117_85_121,seq143,r_117_85_121,1.0,2,123,121,21
45,r_12_54_155,r_27_105_186,r_97_24_135,r_12_54_155,0.86,0,155,155,21
10,r_14_66_145,r_44_3_174,r_45_148_54,r_45_148_54,0.99,-8,46,54,21
11,r_22_112_103,r_17_92_32,seq135,r_22_112_103,0.96,4,107,103,21
27,r_2_145_24,seq138,r_104_55_183,r_104_55_183,0.41,-88,95,183,21
66,seq28,r_36_20_79,r_113_29_9,r_36_20_79,0.95,-11,68,79,21
76,seq60,r_12_54_155,seq38,r_12_54_155,1.0,0,155,155,21
73,seq51,r_45_148_54,seq26,r_45_148_54,1.0,2,56,54,21
39,r_7_56_146,seq63,seq82,r_7_56_146,0.96,1,147,146,21
31,r_9_121_153,seq1,seq74,r_9_121_153,0.78,0,153,153,21
41,r_67_33_193,r_96_87_75,r_78_146_55,r_67_33_193,0.98,-129,64,193,21
40,r_17_92_32,r_44_3_174,r_22_112_103,r_17_92_32,0.99,0,32,32,21
47,r_137_75_34,r_7_56_146,seq57,r_137_75_34,0.89,-6,28,34,21
43,r_64_88_29,r_107_77_164,r_120_40_171,r_64_88_29,0.99,0,29,29,21
26,r_98_71_73,r_97_24_135,seq26,r_98_71_73,0.88,0,73,73,21
14,r_120_40_171,r_64_88_29,r_72_115_109,r_64_88_29,0.91,143,172,29,21
4,r_68_128_184,r_34_102_161,seq93,r_34_102_161,0.48,2,163,161,21
78,seq63,r_52_149_39,r_117_85_121,r_52_149_39,1.0,0,39,39,21
74,seq57,seq1,r_137_75_34,r_137_75_34,0.95,20,54,34,21
63,seq23,seq129,r_114_99_147,r_114_99_147,0.82,1,148,147,21
20,r_69_13_104,r_101_31_1,seq81,r_69_13_104,0.56,0,104,104,21
37,r_53_37_22,seq111,r_113_29_9,r_53_37_22,0.7,0,22,22,21
13,r_61_30_150,r_83_59_194,r_21_70_67,r_21_70_67,1.0,83,150,67,21
15,r_117_85_121,seq41,seq126,r_117_85_121,0.98,2,123,121,21
27,r_2_145_24,r_104_55_183,r_96_87_75,r_104_55_183,0.94,-3,180,183,21
1,r_45_148_54,seq51,r_14_66_145,r_45_148_54,1.0,0,54,54,21
21,r_34_102_161,r_68_128_184,r_9_121_153,r_34_102_161,0.99,0,161,161,21
51,seq131,r_53_37_22,r_72_115_109,r_72_115_109,1.0,0,109,109,21
2,r_114_99_147,r_11_50_59,seq23,r_114_99_147,1.0,0,147,147,21
0,r_124_147_179,r_136_118_31,r_47_109_3,r_47_109_3,0.72,176,179,3,21
10,r_14_66_145,r_45_148_54,r_52_149_39,r_14_66_145,1.0,0,145,145,21
48,r_42_119_111,r_114_99_147,seq142,r_42_119_111,1.0,0,111,111,21
24,r_122_62_69,seq116,seq25,r_122_62_69,1.0,1,70,69,21
25,r_21_70_67,seq106,r_61_30_150,r_21_70_67,0.94,0,67,67,21
43,r_64_88_29,r_120_40_171,r_144_89_138,r_144_89_138,0.97,20,158,138,21
33,r_108_49_94,seq58,seq63,r_108_49_94,1.0,0,94,94,21
6,r_52_149_39,seq63,r_43_140_7,r_52_149_39,1.0,0,39,39,21
7,r_73_139_23,seq81,seq16,r_73_139_23,0.94,0,23,23,21
50,seq1,r_120_40_171,r_11_50_59,r_11_50_59,0.82,39,98,59,21
61,seq18,r_47_109_3,r_22_112_103,r_22_112_103,1.0,60,163,103,21
32,r_72_115_109,seq91,seq131,r_72_115_109,0.98,0,109,109,21
77,seq138,seq46,r_96_87_75,r_96_87_75,1.0,10,85,75,21
34,r_96_87_75,r_67_33_193,seq138,r_96_87_75,1.0,0,75,75,21
60,seq16,r_78_146_55,r_73_139_23,r_78_146_55,0.63,1,56,55,21
17,r_97_24_135,r_98_71_73,r_47_109_3,r_98_71_73,1.0,0,73,73,21
9,r_79_39_65,r_32_95_100,r_136_118_31,r_79_39_65,1.0,0,65,65,21
23,r_11_50_59,seq106,r_114_99_147,r_11_50_59,0.9,0,59,59,21
0,r_124_147_179,r_104_55_183,r_136_118_31,r_136_118_31,1.0,1,32,31,21
28,r_104_55_183,r_79_39_65,seq93,r_104_55_183,0.64,0,183,183,21
66,seq28,r_113_29_9,r_32_95_100,r_32_95_100,1.0,18,118,100,21
28,r_104_55_183,r_124_147_179,r_79_39_65,r_79_39_65,1.0,1,66,65,21
11,r_22_112_103,seq94,r_17_92_32,r_22_112_103,0.69,-67,36,103,21
17,r_97_24_135,r_47_109_3,r_11_50_59,r_97_24_135,1.0,0,135,135,21
60,seq16,r_73_139_23,r_44_3_174,r_44_3_174,0.93,0,174,174,21
19,r_136_118_31,seq76,r_124_147_179,r_136_118_31,0.98,1,32,31,21
35,r_132_130_53,seq26,r_113_29_9,r_132_130_53,0.67,8,61,53,21
12,r_32_95_100,r_34_102_161,seq28,r_32_95_100,0.92,0,100,100,21
35,r_132_130_53,r_113_29_9,seq4,r_113_29_9,0.44,64,73,9,21
23,r_11_50_59,r_114_99_147,r_97_24_135,r_11_50_59,0.87,88,147,59,21
93,seq113,r_72_46_190,r_12_0_115,r_12_0_115,0.92,13,128,115,22
51,seq5,seq20,r_8_50_92,r_8_50_92,0.97,13,105,92,22
18,r_8_50_92,r_34_116_199,seq5,r_8_50_92,0.99,0,92,92,22
75,seq65,seq59,r_32_29_38,r_32_29_38,0.99,17,55,38,22
14,r_103_19_172,r_55_96_97,seq68,r_55_96_97,1.0,1,98,97,22
8,r_66_56_117,seq105,seq24,r_66_56_117,0.7,0,117,117,22
53,seq135,r_43_140_88,seq104,r_43_140_88,1.0,0,88,88,22
43,r_57_145_158,r_35_95_152,seq90,r_57_145_158,0.94,0,158,158,22
16,r_33_87_84,r_123_89_186,seq10,r_33_87_84,0.98,0,84,84,22
21,r_123_89_186,seq74,r_97_51_109,r_97_51_109,0.98,77,186,109,22
39,r_43_140_88,seq135,seq90,r_43_140_88,1.0,0,88,88,22
1,r_97_51_109,r_126_61_19,r_12_0_115,r_97_51_109,1.0,0,109,109,22
46,r_12_0_115,r_76_81_100,r_4_114_10,r_12_0_115,0.73,-16,99,115,22
42,r_14_99_137,r_123_89_186,r_41_86_196,r_123_89_186,0.26,-76,110,186,22
27,r_31_77_24,r_84_52_113,r_47_80_197,r_31_77_24,0.96,0,24,24,22
20,r_108_22_42,r_55_96_97,r_128_11_77,r_108_22_42,0.93,36,78,42,22
32,r_13_17_43,r_132_44_175,r_41_86_196,r_132_44_175,0.39,8,183,175,22
45,r_84_52_113,seq49,r_73_124_86,r_84_52_113,0.96,1,114,113,22
9,r_102_58_52,seq24,r_136_133_40,r_102_58_52,1.0,0,52,52,22
30,r_9_106_22,r_13_17_43,r_144_40_112,r_9_106_22,0.86,0,22,22,22
36,r_32_29_38,seq39,seq65,r_32_29_38,1.0,0,38,38,22
24,r_4_114_10,r_12_0_115,seq147,r_12_0_115,1.0,1,116,115,22
35,r_82_109_162,r_4_114_10,seq6,r_82_109_162,0.46,-69,93,162,22
0,r_47_80_197,seq69,r_31_77_24,r_31_77_24,1.0,0,24,24,22
76,seq67,r_12_0_115,r_82_109_162,r_82_109_162,0.44,-48,114,162,22
76,seq67,r_82_109_162,seq147,r_82_109_162,0.4,4,166,162,22
20,r_108_22_42,r_131_36_128,r_55_96_97,r_108_22_42,0.98,0,42,42,22
3,r_75_134_64,seq10,seq38,r_75_134_64,1.0,0,64,64,22
96,seq119,r_148_110_44,r_103_19_172,r_103_19_172,1.0,0,172,172,22
90,seq105,r_73_124_86,r_66_56_117,r_73_124_86,0.8,0,86,86,22
35,r_82_109_162,r_13_17_43,seq107,r_13_17_43,0.65,-1,42,43,22
14,r_103_19_172,seq68,seq119,r_103_19_172,1.0,0,172,172,22
31,r_73_124_86,r_34_116_199,r_84_52_113,r_73_124_86,0.5,27,113,86,22
4,r_76_81_100,r_12_0_115,r_48_21_2,r_76_81_100,1.0,0,100,100,22
73,seq62,r_131_36_128,r_102_58_52,r_102_58_52,0.82,76,128,52,22
13,r_55_96_97,r_103_19_172,r_45_7_145,r_55_96_97,1.0,1,98,97,22
91,seq107,seq67,r_4_114_10,r_4_114_10,0.93,5,15,10,22
4,r_76_81_100,r_48_21_2,seq105,r_48_21_2,0.52,167,169,2,22
6,r_129_64_104,seq6,seq24,r_129_64_104,0.57,1,105,104,22
62,seq23,r_103_19_172,seq68,r_103_19_172,0.98,-65,107,172,22
74,seq63,r_148_110_44,r_66_56_117,r_148_110_44,0.81,1,45,44,22
96,seq119,r_97_51_109,seq15,r_97_51_109,0.56,-81,28,109,22
38,r_48_21_2,seq105,r_76_81_100,r_76_81_100,1.0,0,100,100,22
37,r_136_133_40,seq67,r_131_36_128,r_136_133_40,0.6,0,40,40,22
30,r_9_106_22,r_144_40_112,r_83_93_67,r_9_106_22,0.99,88,110,22,22
19,r_112_53_30,r_30_121_68,seq49,r_112_53_30,1.0,4,34,30,22
74,seq63,r_66_56_117,r_48_21_2,r_66_56_117,1.0,-19,98,117,22
37,r_136_133_40,r_131_36_128,r_102_58_52,r_136_133_40,0.75,12,52,40,22
2,r_128_11_77,r_139_125_108,r_108_22_42,r_128_11_77,1.0,0,77,77,22
47,r_45_7_145,seq16,r_55_96_97,r_55_96_97,0.49,-22,75,97,22
40,r_35_95_152,r_57_145_158,r_30_121_68,r_35_95_152,0.91,0,152,152,22
18,r_8_50_92,r_83_93_67,r_34_116_199,r_83_93_67,1.0,-1,66,67,22
29,r_144_40_112,r_9_106_22,seq101,r_144_40_112,0.81,0,112,112,22
34,r_148_110_44,seq119,r_45_7_145,r_45_7_145,1.0,10,155,145,22
48,r_126_61_19,r_97_51_109,seq142,r_97_51_109,0.98,0,109,109,22
46,r_12_0_115,r_4_114_10,seq113,r_4_114_10,0.41,106,116,10,22
32,r_13_17_43,r_82_109_162,r_132_44_175,r_13_17_43,0.89,0,43,43,22
64,seq25,r_138_149_70,seq27,r_138_149_70,1.0,-3,67,70,22
47,r_45_7_145,r_55_96_97,seq119,r_45_7_145,0.97,0,145,145,22
88,seq101,r_30_121_68,r_144_40_112,r_144_40_112,1.0,0,112,112,22
30,r_9_106_22,r_83_93_67,r_4_114_10,r_9_106_22,0.36,139,161,22,22
50,seq3,r_132_44_175,r_41_86_196,r_41_86_196,0.63,-13,183,196,22
1,r_97_51_109,r_30_121_68,r_126_61_19,r_126_61_19,0.93,18,37,19,22
65,seq26,seq74,r_132_44_175,r_132_44_175,0.68,-94,81,175,22
61,seq20,r_128_11_77,r_117_130_78,r_128_11_77,1.0,0,77,77,22
48,r_126_61_19,seq65,r_97_51_109,r_126_61_19,0.73,0,19,19,22
52,seq6,r_129_64_104,r_82_109_162,r_129_64_104,0.88,-1,103,104,22
22,r_141_54_87,r_32_29_38,r_146_60_8,r_141_54_87,0.62,44,131,87,22
42,r_14_99_137,r_41_86_196,r_85_28_16,r_14_99_137,1.0,0,137,137,22
60,seq147,r_76_81_100,r_4_114_10,r_76_81_100,0.81,-37,63,100,22
26,r_146_60_8,r_55_96_97,seq65,r_55_96_97,0.57,-87,10,97,22
12,r_85_28_16,r_102_58_52,seq65,r_85_28_16,0.99,0,16,16,22
24,r_4_114_10,r_126_61_19,r_12_0_115,r_4_114_10,0.99,0,10,10,22
26,r_146_60_8,seq65,r_141_54_87,r_141_54_87,1.0,44,131,87,22
22,r_141_54_87,seq147,r_32_29_38,r_141_54_87,0.96,0,87,87,22
28,r_83_93_67,r_8_50_92,seq118,r_83_93_67,0.99,0,67,67,22
49,r_41_86_196,r_132_44_175,seq3,r_41_86_196,0.54,-14,182,196,22
56,seq142,r_30_121_68,r_126_61_19,r_126_61_19,0.91,93,112,19,22
44,r_72_46_190,seq113,r_12_0_115,r_12_0_115,0.97,5,120,115,22
23,r_71_98_73,r_129_64_104,seq18,r_71_98_73,0.96,0,73,73,22
30,r_34_46_2,seq76,r_103_53_131,r_103_53_131,0.77,7,138,131,23
22,r_100_27_130,r_119_23_194,r_57_12_1,r_100_27_130,0.95,0,130,130,23
14,r_50_26_95,seq29,seq127,r_50_26_95,1.0,0,95,95,23
59,seq143,seq76,r_82_96_99,r_82_96_99,1.0,39,138,99,23
86,seq86,seq29,r_8_68_88,r_8_68_88,1.0,22,110,88,23
16,r_8_68_88,seq33,seq86,r_8_68_88,1.0,0,88,88,23
39,r_103_53_131,seq41,r_34_46_2,r_34_46_2,0.91,142,144,2,23
1,r_45_28_121,seq127,r_48_129_184,r_45_28_121,0.61,0,121,121,23
5,r_149_38_108,seq113,seq10,r_149_38_108,0.55,0,108,108,23
42,r_121_93_101,r_100_27_130,r_103_53_131,r_103_53_131,0.97,-30,101,131,23
0,r_124_78_123,r_119_23_194,r_138_2_159,r_124_78_123,0.89,48,171,123,23
99,seq127,r_8_68_88,r_45_28_121,r_8_68_88,0.78,-41,47,88,23
8,r_61_144_107,r_95_7_79,seq130,r_61_144_107,0.99,0,107,107,23
12,r_95_7_79,r_61_144_107,r_51_36_112,r_61_144_107,1.0,0,107,107,23
32,r_84_32_153,r_18_60_84,r_101_114_124,r_84_32_153,0.78,0,153,153,23
43,r_48_129_184,r_116_14_49,seq76,r_116_14_49,0.99,-8,41,49,23
15,r_138_2_159,r_20_85_20,r_124_78_123,r_138_2_159,0.8,-1,158,159,23
8,r_61_144_107,r_20_85_20,r_51_36_112,r_20_85_20,0.95,-2,18,20,23
32,r_84_32_153,seq80,r_18_60_84,r_18_60_84,0.87,4,88,84,23
35,r_106_65_21,r_49_70_37,seq56,r_106_65_21,0.97,1,22,21,23
18,r_63_98_43,seq37,r_5_126_115,r_63_98_43,0.99,0,43,43,23
31,r_18_60_84,seq11,r_84_32_153,r_18_60_84,0.95,0,84,84,23
36,r_5_126_115,r_15_54_91,r_63_98_43,r_63_98_43,0.8,10,53,43,23
67,seq29,seq86,r_8_68_88,r_8_68_88,1.0,13,101,88,23
3,r_82_96_99,seq99,r_34_46_2,r_82_96_99,1.0,0,99,99,23
10,r_123_69_129,seq42,seq10,r_123_69_129,0.62,1,130,129,23
26,r_71_136_6,r_1_125_172,r_48_129_184,r_71_136_6,0.66,167,173,6,23
8,r_61_144_107,r_51_36_112,r_95_7_79,r_95_7_79,1.0,0,79,79,23
72,seq42,r_123_69_129,seq120,r_123_69_129,1.0,1,130,129,23
4,r_39_73_188,r_104_139_179,r_8_68_88,r_8_68_88,0.99,58,146,88,23
0,r_124_78_123,seq109,r_119_23_194,r_124_78_123,0.96,0,123,123,23
11,r_147_55_168,r_51_36_112,seq77,r_51_36_112,0.7,56,168,112,23
13,r_51_36_112,r_147_55_168,r_95_7_79,r_95_7_79,0.92,90,169,79,23
60,seq16,seq134,r_39_73_188,r_39_73_188,0.58,-76,112,188,23
48,r_122_137_162,seq21,r_82_96_99,r_82_96_99,0.3,63,162,99,23
25,r_133_9_70,r_24_35_126,seq67,r_24_35_126,0.57,-37,89,126,23
6,r_49_70_37,seq3,seq17,r_49_70_37,1.0,0,37,37,23
17,r_47_83_52,seq134,seq99,r_47_83_52,1.0,0,52,52,23
60,seq16,r_39_73_188,r_24_35_126,r_39_73_188,0.59,-60,128,188,23
96,seq113,r_102_89_195,r_116_14_49,r_116_14_49,0.85,1,50,49,23
36,r_5_126_115,r_63_98_43,seq67,r_5_126_115,1.0,0,115,115,23
23,r_94_87_127,r_119_23_194,seq41,r_94_87_127,0.57,0,127,127,23
18,r_63_98_43,seq56,seq62,r_63_98_43,0.43,146,189,43,23
27,r_1_125_172,r_71_136_6,r_147_55_168,r_71_136_6,0.63,166,172,6,23
43,r_48_129_184,r_45_28_121,r_71_136_6,r_48_129_184,0.59,-2,182,184,23
23,r_94_87_127,r_119_23_194,r_100_27_130,r_100_27_130,0.37,-84,46,130,23
29,r_135_22_155,seq0,seq109,r_135_22_155,0.84,0,155,155,23
15,r_138_2_159,seq130,r_20_85_20,r_20_85_20,0.82,33,53,20,23
25,r_133_9_70,seq16,r_24_35_126,r_133_9_70,0.48,0,70,70,23
43,r_48_129_184,seq76,r_45_28_121,r_45_28_121,0.99,17,138,121,23
2,r_140_31_25,r_8_68_88,r_112_72_27,r_140_31_25,0.98,-1,24,25,23
33,r_101_114_124,r_88_91_157,seq33,r_101_114_124,0.86,0,124,124,23
64,seq21,r_122_137_162,r_131_111_93,r_131_111_93,0.85,69,162,93,23
37,r_19_118_13,seq16,seq3,r_19_118_13,0.9,-2,11,13,23
4,r_39_73_188,r_8_68_88,r_123_69_129,r_39_73_188,0.91,0,188,188,23
68,seq33,r_8_68_88,seq81,r_8_68_88,1.0,0,88,88,23
32,r_84_32_153,seq97,seq80,r_84_32_153,0.49,-89,64,153,23
38,r_88_91_157,r_101_114_124,r_75_30_178,r_101_114_124,0.57,0,124,124,23
52,seq130,seq146,r_61_144_107,r_61_144_107,1.0,3,110,107,23
34,r_15_54_91,r_5_126_115,r_140_31_25,r_15_54_91,0.96,0,91,91,23
49,r_116_14_49,r_48_129_184,seq113,r_116_14_49,0.99,1,50,49,23
46,r_6_52_26,r_101_114_124,seq41,r_6_52_26,0.92,-3,23,26,23
28,r_75_30_178,seq3,seq37,r_75_30_178,0.54,0,178,178,23
9,r_43_90_138,seq120,seq110,r_43_90_138,0.98,0,138,138,23
84,seq80,r_132_59_180,seq97,r_132_59_180,0.53,-68,112,180,23
31,r_18_60_84,r_84_32_153,r_88_91_157,r_84_32_153,0.57,-3,150,153,23
45,r_115_142_199,seq127,r_49_70_37,r_115_142_199,0.65,-146,53,199,23
22,r_100_27_130,r_121_93_101,r_119_23_194,r_121_93_101,0.99,0,101,101,23
28,r_75_30_178,r_88_91_157,seq3,r_75_30_178,0.51,-87,91,178,23
38,r_88_91_157,r_75_30_178,seq0,r_88_91_157,0.76,-18,139,157,23
7,r_104_139_179,r_39_73_188,r_147_55_168,r_39_73_188,0.51,-9,179,188,23
18,r_63_98_43,r_5_126_115,seq56,r_63_98_43,0.58,73,116,43,23
44,r_131_111_93,seq17,seq21,r_131_111_93,0.95,1,94,93,23
40,r_112_72_27,r_82_96_99,r_140_31_25,r_140_31_25,0.43,2,27,25,23
12,r_95_7_79,seq17,r_61_144_107,r_95_7_79,0.9,0,79,79,23
74,seq56,seq25,r_106_65_21,r_106_65_21,1.0,-4,17,21,23
23,r_94_87_127,r_100_27_130,r_119_23_194,r_100_27_130,0.38,-17,113,130,23
93,seq113,r_35_21_143,r_141_91_127,r_141_91_127,0.8,16,143,127,24
30,r_57_147_88,seq83,seq136,r_57_147_88,1.0,1,89,88,24
21,r_143_59_48,seq95,seq2,r_143_59_48,1.0,0,48,48,24
37,r_111_62_57,r_128_52_31,seq56,r_111_62_57,1.0,-2,55,57,24
92,seq112,r_29_20_153,r_17_77_53,r_17_77_53,0.92,100,153,53,24
14,r_79_86_115,seq95,r_11_142_85,r_79_86_115,0.56,1,116,115,24
53,seq132,r_28_4_101,seq33,r_28_4_101,1.0,-3,98,101,24
25,r_17_77_53,seq121,r_73_55_22,r_73_55_22,0.78,2,24,22,24
83,seq81,r_43_37_67,r_127_115_145,r_127_115_145,0.96,1,146,145,24
19,r_28_4_101,r_46_74_81,seq129,r_28_4_101,0.51,86,187,101,24
94,seq114,seq133,r_50_41_10,r_50_41_10,0.9,33,43,10,24
8,r_73_55_22,r_75_107_176,r_137_108_94,r_137_108_94,1.0,0,94,94,24
55,seq6,r_11_142_85,r_82_65_156,r_11_142_85,0.91,1,86,85,24
1,r_15_26_84,r_88_135_99,r_102_32_45,r_15_26_84,1.0,6,90,84,24
5,r_144_149_135,seq23,r_17_77_53,r_144_149_135,0.93,0,135,135,24
46,r_92_106_129,seq81,seq80,r_92_106_129,0.53,5,134,129,24
42,r_43_37_67,seq81,r_102_32_45,r_102_32_45,0.68,25,70,45,24
43,r_141_91_127,seq12,r_78_39_173,r_141_91_127,0.59,-95,32,127,24
55,seq6,r_82_65_156,r_51_25_96,r_51_25_96,0.74,3,99,96,24
39,r_90_63_30,r_28_4_101,seq48,r_90_63_30,1.0,2,32,30,24
24,r_102_32_45,r_96_45_189,seq113,r_102_32_45,0.49,112,157,45,24
19,r_28_4_101,seq132,r_46_74_81,r_28_4_101,1.0,0,101,101,24
33,r_84_118_124,r_28_4_101,seq122,r_28_4_101,0.92,-46,55,101,24
33,r_84_118_124,seq122,r_7_47_71,r_84_118_124,1.0,0,124,124,24
11,r_40_119_181,r_88_135_99,r_144_149_135,r_144_149_135,0.57,50,185,135,24
95,seq120,r_137_108_94,seq16,r_137_108_94,1.0,0,94,94,24
76,seq61,r_127_115_145,seq71,r_127_115_145,0.99,0,145,145,24
36,r_130_60_55,r_72_148_40,seq14,r_130_60_55,1.0,0,55,55,24
41,r_100_22_180,seq136,seq12,r_100_22_180,0.77,-1,179,180,24
24,r_102_32_45,seq2,r_96_45_189,r_102_32_45,1.0,-2,43,45,24
3,r_127_115_145,seq61,seq81,r_127_115_145,0.97,0,145,145,24
10,r_101_126_87,seq123,seq8,r_101_126_87,1.0,0,87,87,24
16,r_13_49_36,r_10_145_86,seq138,r_13_49_36,1.0,0,36,36,24
72,seq136,r_100_22_180,seq76,r_100_22_180,0.82,-17,163,180,24
0,r_35_21_143,seq113,seq68,r_35_21_143,0.69,0,143,143,24
63,seq18,r_93_70_182,r_87_98_72,r_87_98_72,0.7,113,185,72,24
11,r_40_119_181,r_116_53_98,r_88_135_99,r_40_119_181,0.96,-82,99,181,24
8,r_73_55_22,r_17_77_53,r_75_107_176,r_17_77_53,0.53,0,53,53,24
13,r_51_25_96,seq8,seq6,r_51_25_96,0.77,1,97,96,24
15,r_7_47_71,r_40_119_181,seq85,r_7_47_71,1.0,0,71,71,24
91,seq110,r_64_5_43,seq9,r_64_5_43,1.0,1,44,43,24
8,r_73_55_22,seq99,r_17_77_53,r_73_55_22,0.91,0,22,22,24
48,r_103_131_128,seq95,r_17_77_53,r_17_77_53,1.0,6,59,53,24
99,seq124,seq54,r_10_145_86,r_10_145_86,0.99,12,98,86,24
45,r_96_45_189,seq67,r_102_32_45,r_102_32_45,1.0,0,45,45,24
4,r_27_104_26,seq129,seq83,r_27_104_26,0.65,8,34,26,24
52,seq2,seq30,r_143_59_48,r_143_59_48,1.0,4,52,48,24
9,r_128_52_31,r_111_62_57,seq129,r_111_62_57,0.5,-22,35,57,24
27,r_137_108_94,seq120,r_73_55_22,r_137_108_94,1.0,0,94,94,24
31,r_50_41_10,seq138,r_116_53_98,r_50_41_10,1.0,0,10,10,24
2,r_11_142_85,seq6,seq121,r_11_142_85,0.97,1,86,85,24
40,r_117_24_130,seq38,r_43_37_67,r_117_24_130,0.86,0,130,130,24
88,seq99,r_73_55_22,r_31_146_5,r_73_55_22,0.89,0,22,22,24
43,r_141_91_127,r_78_39_173,seq113,r_141_91_127,0.94,0,127,127,24
48,r_103_131_128,r_17_77_53,r_128_52_31,r_103_131_128,1.0,0,128,128,24
47,r_31_146_5,seq99,seq105,r_31_146_5,0.38,76,81,5,24
89,seq105,r_73_55_22,r_31_146_5,r_73_55_22,0.85,0,22,22,24
28,r_93_70_182,seq18,seq6,r_93_70_182,0.88,0,182,182,24
6,r_116_53_98,r_50_41_10,r_90_63_30,r_116_53_98,1.0,0,98,98,24
68,seq38,r_117_24_130,r_143_59_48,r_143_59_48,0.55,82,130,48,24
74,seq56,r_15_26_84,r_111_62_57,r_111_62_57,1.0,0,57,57,24
32,r_78_39_173,seq12,seq99,r_78_39_173,0.83,0,173,173,24
38,r_46_74_81,r_127_115_145,r_128_52_31,r_46_74_81,1.0,0,81,81,24
26,r_19_97_12,seq124,seq138,r_19_97_12,0.97,0,12,12,24
34,r_94_66_64,seq67,seq133,r_94_66_64,0.99,0,64,64,24
29,r_72_148_40,r_140_1_75,seq0,r_140_1_75,0.79,0,75,75,24
23,r_64_5_43,seq110,r_19_97_12,r_64_5_43,1.0,0,43,43,24
58,seq138,r_19_97_12,r_13_49_36,r_13_49_36,1.0,-1,35,36,24
60,seq12,r_78_39_173,seq16,r_78_39_173,0.74,-37,136,173,24
45,r_96_45_189,r_102_32_45,seq132,r_96_45_189,0.52,0,189,189,24
17,r_10_145_86,r_100_22_180,seq123,r_10_145_86,0.98,0,86,86,24
9,r_128_52_31,seq129,r_46_74_81,r_46_74_81,1.0,0,81,81,24
25,r_17_77_53,r_73_55_22,seq112,r_17_77_53,0.99,-1,52,53,24
29,r_72_148_40,r_130_60_55,r_140_1_75,r_130_60_55,0.94,-13,42,55,24
96,seq121,r_75_107_176,r_11_142_85,r_11_142_85,1.0,45,130,85,24
31,r_50_41_10,r_116_53_98,r_87_98_72,r_50_41_10,1.0,88,98,10,24
22,r_140_1_75,r_72_148_40,seq138,r_140_1_75,1.0,0,75,75,24
28,r_93_70_182,r_3_125_159,seq18,r_3_125_159,0.73,0,159,159,24
12,r_87_98_72,r_40_119_181,r_88_135_99,r_88_135_99,0.99,-1,98,99,24
49,r_3_125_159,r_93_70_182,seq0,r_93_70_182,0.65,-23,159,182,24
26,r_19_97_12,seq138,r_64_5_43,r_64_5_43,1.0,5,48,43,24
6,r_116_53_98,r_7_47_71,r_50_41_10,r_50_41_10,0.81,1,11,10,24
71,seq48,seq138,r_90_63_30,r_90_63_30,1.0,-1,29,30,24
7,r_75_107_176,seq121,r_143_59_48,r_143_59_48,0.78,128,176,48,24
44,r_82_65_156,seq6,r_7_47_71,r_82_65_156,0.58,1,157,156,24
94,seq114,r_50_41_10,r_94_66_64,r_94_66_64,0.73,52,116,64,24
35,r_134_36_107,seq81,r_111_62_57,r_111_62_57,0.91,50,107,57,24
12,r_87_98_72,r_35_21_143,r_40_119_181,r_87_98_72,0.45,0,72,72,24
84,seq83,r_57_147_88,r_27_104_26,r_57_147_88,0.98,1,89,88,24
36,r_107_109_65,r_112_33_80,r_92_27_59,r_107_109_65,1.0,0,65,65,25
1,r_133_140_108,r_37_127_84,r_68_58_38,r_133_140_108,0.85,0,108,108,25
14,r_3_148_3,r_136_90_111,seq108,r_136_90_111,0.59,-4,107,111,25
54,seq7,r_11_80_151,r_92_27_59,r_92_27_59,0.97,2,61,59,25
37,r_105_87_185,r_97_19_32,r_92_27_59,r_92_27_59,0.72,131,190,59,25
59,seq142,r_66_144_118,seq17,r_66_144_118,1.0,0,118,118,25
39,r_76_16_130,seq5,r_116_130_119,r_76_16_130,0.98,0,130,130,25
44,r_86_120_103,r_68_58_38,r_57_67_97,r_57_67_97,0.58,42,139,97,25
42,r_103_101_159,r_9_15_160,seq82,r_9_15_160,0.44,-1,159,160,25
7,r_128_22_109,seq137,r_31_146_162,r_31_146_162,1.0,0,162,162,25
32,r_71_100_8,r_128_22_109,r_94_141_115,r_94_141_115,0.79,5,120,115,25
7,r_128_22_109,r_71_100_8,seq137,r_128_22_109,0.73,1,110,109,25
45,r_30_115_190,seq149,seq69,r_30_115_190,0.35,-82,108,190,25
98,seq124,r_110_85_131,seq49,r_110_85_131,0.88,2,133,131,25
19,r_9_15_160,r_103_101_159,r_1_32_153,r_9_15_160,0.72,-1,159,160,25
16,r_37_127_84,seq52,r_68_58_38,r_68_58_38,0.93,0,38,38,25
31,r_98_147_74,seq124,seq56,r_98_147_74,1.0,-1,73,74,25
21,r_132_95_28,seq82,seq28,r_132_95_28,1.0,-1,27,28,25
89,seq79,r_99_14_88,seq7,r_99_14_88,1.0,-5,83,88,25
23,r_39_41_36,r_139_125_54,r_145_104_114,r_39_41_36,0.82,4,40,36,25
3,r_66_144_118,seq142,seq42,r_66_144_118,0.96,0,118,118,25
4,r_91_111_58,seq28,seq38,r_91_111_58,1.0,0,58,58,25
90,seq81,seq137,r_71_100_8,r_71_100_8,0.42,68,76,8,25
28,r_119_118_20,seq38,r_11_80_151,r_119_118_20,0.95,0,20,20,25
62,seq149,r_68_58_38,r_30_115_190,r_68_58_38,0.98,-21,17,38,25
40,r_138_106_133,r_30_115_190,r_3_148_3,r_138_106_133,0.74,13,146,133,25
26,r_93_53_90,seq42,r_103_101_159,r_93_53_90,0.96,1,91,90,25
1,r_133_140_108,r_89_12_174,seq40,r_89_12_174,0.43,-147,27,174,25
2,r_68_58_38,r_145_104_114,r_37_127_84,r_68_58_38,0.94,0,38,38,25
2,r_68_58_38,r_37_127_84,seq52,r_37_127_84,1.0,0,84,84,25
22,r_89_12_174,seq40,seq83,r_89_12_174,0.89,0,174,174,25
13,r_94_141_115,seq20,r_71_100_8,r_94_141_115,1.0,2,117,115,25
98,seq124,r_98_147_74,r_110_85_131,r_98_147_74,0.84,0,74,74,25
56,seq137,r_25_21_25,r_128_22_109,r_128_22_109,0.67,4,113,109,25
15,r_60_64_82,seq126,seq38,r_60_64_82,1.0,0,82,82,25
48,r_18_2_139,seq74,seq108,r_18_2_139,0.98,0,139,139,25
96,seq117,r_139_125_54,r_62_75_29,r_62_75_29,0.99,-2,27,29,25
18,r_112_33_80,r_107_109_65,r_62_75_29,r_62_75_29,0.56,2,31,29,25
1,r_133_140_108,seq40,r_37_127_84,r_37_127_84,0.98,0,84,84,25
91,seq82,r_132_95_28,r_23_73_44,r_23_73_44,0.53,0,44,44,25
6,r_31_146_162,seq10,r_128_22_109,r_31_146_162,0.62,0,162,162,25
99,seq126,r_60_64_82,r_71_100_8,r_60_64_82,1.0,-11,71,82,25
9,r_92_27_59,r_86_120_103,r_119_118_20,r_92_27_59,1.0,0,59,59,25
5,r_139_125_54,seq117,seq5,r_139_125_54,0.41,87,141,54,25
11,r_23_73_44,r_96_36_66,seq82,r_23_73_44,1.0,0,44,44,25
35,r_122_63_67,r_139_125_54,seq35,r_122_63_67,0.84,-18,49,67,25
1,r_133_140_108,r_68_58_38,r_116_130_119,r_116_130_119,0.58,26,145,119,25
47,r_121_129_92,seq70,seq26,r_121_129_92,1.0,0,92,92,25
40,r_138_106_133,seq45,r_30_115_190,r_30_115_190,0.58,-57,133,190,25
16,r_37_127_84,r_133_140_108,seq40,r_133_140_108,1.0,0,108,108,25
29,r_110_85_131,seq49,seq10,r_110_85_131,0.42,2,133,131,25
24,r_1_32_153,r_89_12_174,r_18_2_139,r_18_2_139,0.53,15,154,139,25
2,r_68_58_38,seq52,r_116_130_119,r_116_130_119,1.0,7,126,119,25
33,r_57_67_97,seq142,seq123,r_57_67_97,1.0,0,97,97,25
17,r_145_104_114,r_68_58_38,r_39_41_36,r_145_104_114,0.75,-76,38,114,25
50,seq0,seq65,r_96_36_66,r_96_36_66,0.79,13,79,66,25
68,seq35,seq88,r_122_63_67,r_122_63_67,1.0,26,93,67,25
38,r_99_14_88,seq79,r_97_19_32,r_99_14_88,1.0,0,88,88,25
52,seq5,r_76_16_130,seq29,r_76_16_130,1.0,0,130,130,25
25,r_102_61_11,seq6,seq49,r_102_61_11,1.0,0,11,11,25
10,r_136_90_111,r_3_148_3,r_138_106_133,r_138_106_133,1.0,0,133,133,25
75,seq45,r_116_130_119,seq17,r_116_130_119,0.95,-44,75,119,25
81,seq56,seq35,r_98_147_74,r_98_147_74,0.67,0,74,74,25
50,seq0,r_96_36_66,r_145_104_114,r_145_104_114,0.82,11,125,114,25
28,r_119_118_20,r_11_80_151,r_92_27_59,r_92_27_59,0.77,2,61,59,25
45,r_30_115_190,seq69,r_132_95_28,r_30_115_190,0.82,-1,189,190,25
18,r_112_33_80,r_62_75_29,seq20,r_112_33_80,0.99,0,80,80,25
30,r_116_130_119,r_68_58_38,r_76_16_130,r_116_130_119,0.56,26,145,119,25
26,r_93_53_90,r_103_101_159,seq40,r_103_101_159,1.0,0,159,159,25
56,seq137,seq13,r_25_21_25,r_25_21_25,0.61,6,31,25,25
22,r_89_12_174,r_1_32_153,seq40,r_89_12_174,0.59,-19,155,174,25
76,seq49,r_54_77_14,r_102_61_11,r_102_61_11,0.86,32,43,11,25
49,r_96_36_66,seq40,seq0,r_96_36_66,0.8,1,67,66,25
41,r_62_75_29,r_116_130_119,seq117,r_62_75_29,0.98,0,29,29,25
20,r_135_46_23,seq4,seq51,r_135_46_23,0.97,0,23,23,25
44,r_86_120_103,r_92_27_59,seq83,r_86_120_103,0.87,-43,60,103,25
94,seq108,r_3_148_3,r_18_2_139,r_18_2_139,1.0,21,160,139,25
17,r_145_104_114,r_39_41_36,seq0,r_145_104_114,1.0,0,114,114,25
0,r_54_77_14,seq49,r_143_84_7,r_143_84_7,0.82,9,16,7,25
71,seq40,r_96_36_66,r_103_101_159,r_96_36_66,1.0,-7,59,66,25
16,r_37_127_84,r_68_58_38,r_133_140_108,r_37_127_84,1.0,0,84,84,25
23,r_39_41_36,r_145_104_114,seq69,r_145_104_114,0.97,0,114,114,25
5,r_139_125_54,seq29,seq117,r_139_125_54,0.44,1,55,54,25
84,seq69,seq149,r_39_41_36,r_39_41_36,0.65,84,120,36,25
30,r_70_98_176,seq129,r_6_115_72,r_6_115_72,0.69,-5,67,72,26
22,r_145_12_27,r_113_58_121,seq25,r_145_12_27,0.98,0,27,27,26
14,r_148_125_122,seq51,r_72_17_54,r_148_125_122,0.99,1,123,122,26
8,r_124_126_192,r_76_141_101,seq139,r_76_141_101,0.97,1,102,101,26
54,seq7,r_132_65_166,r_75_48_47,r_75_48_47,1.0,120,167,47,26
43,r_84_140_30,seq1,r_21_57_155,r_84_140_30,0.86,0,30,30,26
31,r_3_37_43,r_124_126_192,r_118_26_21,r_3_37_43,1.0,0,43,43,26
55,seq136,seq99,r_73_20_92,r_73_20_92,0.59,3,95,92,26
39,r_31_44_132,r_32_96_172,r_24_91_46,r_24_91_46,1.0,39,85,46,26
66,seq30,r_89_110_51,seq50,r_89_110_51,1.0,-2,49,51,26
42,r_137_19_194,r_46_106_63,r_28_54_22,r_137_19_194,0.58,-175,19,194,26
49,r_8_36_37,r_121_43_116,r_82_117_52,r_8_36_37,0.98,11,48,37,26
7,r_46_106_63,r_11_15_182,r_70_98_176,r_46_106_63,0.53,120,183,63,26
45,r_5_61_146,seq79,seq1,r_5_61_146,0.62,0,146,146,26
19,r_11_15_182,r_101_94_175,r_46_106_63,r_46_106_63,1.0,5,68,63,26
12,r_92_39_169,seq130,r_38_149_5,r_92_39_169,0.66,-152,17,169,26
27,r_38_149_5,r_92_39_169,seq146,r_92_39_169,0.94,0,169,169,26
1,r_95_4_58,r_32_96_172,r_82_117_52,r_95_4_58,0.96,-3,55,58,26
76,seq62,r_32_96_172,r_24_91_46,r_24_91_46,0.96,126,172,46,26
46,r_47_116_20,seq128,seq23,r_47_116_20,1.0,0,20,20,26
13,r_72_17_54,seq50,r_8_36_37,r_72_17_54,1.0,0,54,54,26
41,r_121_43_116,seq88,r_35_40_11,r_121_43_116,1.0,0,116,116,26
23,r_60_100_10,seq99,r_112_114_50,r_60_100_10,0.65,30,40,10,26
3,r_77_9_77,r_32_96_172,seq1,r_77_9_77,1.0,1,78,77,26
10,r_76_141_101,r_124_126_192,seq14,r_76_141_101,0.88,1,102,101,26
32,r_112_114_50,r_148_125_122,r_60_100_10,r_112_114_50,1.0,-1,49,50,26
26,r_0_45_95,r_41_64_130,r_24_91_46,r_0_45_95,1.0,0,95,95,26
4,r_69_34_147,r_81_97_187,r_78_142_157,r_69_34_147,0.96,-3,144,147,26
0,r_68_22_71,r_21_57_155,seq63,r_68_22_71,1.0,0,71,71,26
82,seq79,r_76_141_101,r_6_115_72,r_76_141_101,0.46,83,184,101,26
51,seq1,r_77_9_77,r_5_61_146,r_5_61_146,0.99,3,149,146,26
20,r_6_115_72,r_124_126_192,r_70_98_176,r_6_115_72,0.94,0,72,72,26
71,seq50,r_72_17_54,seq30,r_72_17_54,1.0,-5,49,54,26
15,r_13_42_156,seq16,seq67,r_13_42_156,0.9,0,156,156,26
48,r_132_65_166,seq7,r_105_27_125,r_105_27_125,0.92,42,167,125,26
49,r_8_36_37,r_82_117_52,r_72_17_54,r_72_17_54,0.31,90,144,54,26
12,r_92_39_169,r_38_149_5,seq29,r_92_39_169,0.75,0,169,169,26
16,r_75_48_47,seq59,seq85,r_75_48_47,0.68,0,47,47,26
6,r_73_20_92,seq2,seq136,r_73_20_92,0.82,1,93,92,26
11,r_118_26_21,r_105_27_125,r_148_125_122,r_118_26_21,1.0,0,21,21,26
34,r_105_27_125,r_73_20_92,r_132_65_166,r_132_65_166,0.65,5,171,166,26
5,r_82_117_52,r_13_42_156,r_95_4_58,r_82_117_52,1.0,1,53,52,26
30,r_70_98_176,r_6_115_72,seq104,r_70_98_176,0.77,0,176,176,26
36,r_89_110_51,seq30,seq119,r_89_110_51,1.0,0,51,51,26
35,r_35_40_11,r_133_49_199,r_145_12_27,r_35_40_11,0.62,13,24,11,26
47,r_107_10_142,seq52,seq128,r_107_10_142,0.8,0,142,142,26
18,r_143_80_108,seq85,seq16,r_143_80_108,0.94,5,113,108,26
29,r_21_57_155,r_113_58_121,r_84_140_30,r_21_57_155,0.62,-34,121,155,26
24,r_78_142_157,r_133_49_199,r_69_34_147,r_69_34_147,0.81,21,168,147,26
35,r_35_40_11,r_145_12_27,r_121_43_116,r_121_43_116,1.0,3,119,116,26
43,r_84_140_30,r_21_57_155,r_75_48_47,r_21_57_155,0.58,1,156,155,26
33,r_113_58_121,r_21_57_155,seq67,r_113_58_121,1.0,0,121,121,26
29,r_21_57_155,r_84_140_30,r_118_26_21,r_21_57_155,0.87,0,155,155,26
39,r_31_44_132,r_24_91_46,r_68_22_71,r_31_44_132,1.0,0,132,132,26
20,r_6_115_72,r_70_98_176,r_101_94_175,r_6_115_72,0.62,104,176,72,26
38,r_101_94_175,r_11_15_182,r_6_115_72,r_101_94_175,0.78,0,175,175,26
52,seq2,r_73_20_92,seq16,r_73_20_92,0.99,-15,77,92,26
34,r_105_27_125,seq23,r_73_20_92,r_105_27_125,0.86,0,125,125,26
11,r_118_26_21,r_148_125_122,r_3_37_43,r_148_125_122,0.5,-43,79,122,26
25,r_24_91_46,seq86,seq62,r_24_91_46,1.0,0,46,46,26
9,r_41_64_130,r_81_97_187,seq147,r_41_64_130,0.94,0,130,130,26
37,r_55_93_123,seq128,seq59,r_55_93_123,1.0,-6,117,123,26
28,r_81_97_187,r_41_64_130,seq135,r_41_64_130,1.0,0,130,130,26
91,seq103,r_41_64_130,seq119,r_41_64_130,1.0,0,130,130,26
84,seq86,seq50,r_32_96_172,r_32_96_172,0.93,4,176,172,26
84,seq86,r_24_91_46,seq50,r_24_91_46,0.99,0,46,46,26
63,seq23,r_105_27_125,r_47_116_20,r_47_116_20,0.53,9,29,20,26
77,seq63,r_105_27_125,r_56_111_36,r_56_111_36,0.87,0,36,36,26
7,r_46_106_63,r_137_19_194,r_11_15_182,r_46_106_63,1.0,0,63,63,26
75,seq59,r_118_26_21,r_55_93_123,r_55_93_123,0.47,-2,121,123,26
51,seq1,r_6_115_72,r_76_141_101,r_76_141_101,0.64,-49,52,101,26
17,r_56_111_36,seq139,seq63,r_56_111_36,1.0,0,36,36,26
30,r_116_106_65,r_112_47_102,r_86_45_48,r_116_106_65,1.0,0,65,65,27
44,r_92_100_8,r_148_121_123,r_116_106_65,r_116_106_65,0.87,58,123,65,27
48,r_57_24_127,r_60_124_69,r_146_51_165,r_146_51_165,0.98,1,166,165,27
9,r_12_109_136,r_136_114_22,seq90,r_12_109_136,0.65,7,143,136,27
26,r_76_135_44,r_22_25_180,seq54,r_76_135_44,1.0,0,44,44,27
8,r_108_84_80,r_7_65_60,r_144_10_56,r_108_84_80,0.81,-20,60,80,27
43,r_13_122_75,r_148_121_123,seq125,r_13_122_75,1.0,0,75,75,27
6,r_16_104_18,r_89_36_144,r_134_30_6,r_16_104_18,1.0,0,18,18,27
16,r_112_47_102,r_113_145_51,seq140,r_112_47_102,1.0,0,102,102,27
83,seq80,seq115,r_46_58_85,r_46_58_85,1.0,4,89,85,27
15,r_127_88_35,seq78,seq23,r_127_88_35,0.98,0,35,35,27
21,r_85_149_105,r_61_56_43,r_57_24_127,r_61_56_43,1.0,0,43,43,27
16,r_112_47_102,r_116_106_65,r_113_145_51,r_112_47_102,1.0,-37,65,102,27
39,r_123_3_74,r_12_109_136,seq39,r_123_3_74,0.97,1,75,74,27
97,seq118,r_72_138_199,r_85_149_105,r_85_149_105,1.0,9,114,105,27
46,r_131_69_96,seq130,seq11,r_131_69_96,0.98,-2,94,96,27
49,r_86_45_48,seq8,r_92_100_8,r_86_45_48,0.94,0,48,48,27
14,r_129_74_49,seq1,seq68,r_129_74_49,1.0,1,50,49,27
36,r_144_10_56,seq140,r_28_103_77,r_28_103_77,1.0,3,80,77,27
80,seq77,r_2_91_154,seq26,r_2_91_154,0.87,0,154,154,27
45,r_46_58_85,r_72_138_199,seq80,r_46_58_85,0.95,0,85,85,27
33,r_119_62_42,r_9_27_119,seq42,r_119_62_42,0.99,0,42,42,27
32,r_143_117_33,seq133,r_111_96_15,r_143_117_33,1.0,1,34,33,27
23,r_22_25_180,r_76_135_44,seq11,r_76_135_44,1.0,0,44,44,27
19,r_38_93_64,seq42,r_128_126_163,r_38_93_64,0.99,0,64,64,27
11,r_136_114_22,r_12_109_136,r_99_139_161,r_136_114_22,0.41,139,161,22,27
95,seq110,r_35_40_122,r_146_51_165,r_35_40_122,0.95,0,122,122,27
36,r_144_10_56,r_12_109_136,seq140,r_144_10_56,0.89,0,56,56,27
11,r_136_114_22,seq81,r_12_109_136,r_136_114_22,1.0,1,23,22,27
67,seq33,r_13_122_75,r_92_100_8,r_13_122_75,1.0,-3,72,75,27
89,seq94,seq130,r_60_124_69,r_60_124_69,1.0,9,78,69,27
3,r_37_70_146,seq20,seq82,r_37_70_146,0.92,0,146,146,27
10,r_2_91_154,seq64,seq130,r_2_91_154,0.98,0,154,154,27
0,r_137_31_23,r_136_114_22,seq15,r_137_31_23,1.0,0,23,23,27
41,r_113_145_51,r_112_47_102,r_108_84_80,r_113_145_51,0.79,51,102,51,27
4,r_21_67_133,seq98,seq11,r_21_67_133,0.81,1,134,133,27
63,seq26,r_17_63_175,seq64,r_17_63_175,0.39,0,175,175,27
73,seq49,r_59_66_132,seq42,r_59_66_132,1.0,1,133,132,27
99,seq125,r_48_97_31,r_59_66_132,r_59_66_132,0.94,2,134,132,27
48,r_57_24_127,r_85_149_105,r_38_93_64,r_38_93_64,0.49,37,101,64,27
54,seq8,r_86_45_48,r_34_71_13,r_86_45_48,0.97,0,48,48,27
33,r_119_62_42,seq42,r_60_124_69,r_60_124_69,0.94,5,74,69,27
21,r_85_149_105,r_57_24_127,seq118,r_85_149_105,1.0,0,105,105,27
19,r_38_93_64,r_128_126_163,seq79,r_128_126_163,0.97,-59,104,163,27
17,r_48_97_31,seq130,seq118,r_48_97_31,0.83,0,31,31,27
9,r_12_109_136,r_144_10_56,r_136_114_22,r_12_109_136,0.98,-108,28,136,27
51,seq1,seq90,r_148_121_123,r_148_121_123,1.0,17,140,123,27
87,seq87,seq68,r_129_74_49,r_129_74_49,1.0,57,106,49,27
20,r_111_96_15,seq115,seq41,r_111_96_15,1.0,0,15,15,27
2,r_89_36_144,seq81,seq54,r_89_36_144,0.68,0,144,144,27
47,r_28_103_77,r_95_75_149,r_144_10_56,r_28_103_77,1.0,0,77,77,27
84,seq81,r_136_114_22,r_89_36_144,r_136_114_22,1.0,1,23,22,27
40,r_17_63_175,seq26,seq52,r_17_63_175,0.59,0,175,175,27
18,r_7_65_60,r_108_84_80,r_134_30_6,r_7_65_60,1.0,0,60,60,27
29,r_35_40_122,seq110,seq68,r_35_40_122,1.0,0,122,122,27
24,r_4_19_155,r_6_50_196,r_28_103_77,r_4_19_155,0.95,6,161,155,27
99,seq125,r_9_27_119,r_48_97_31,r_48_97_31,0.93,27,58,31,27
69,seq41,seq15,r_111_96_15,r_111_96_15,1.0,0,15,15,27
49,r_86_45_48,r_92_100_8,r_116_106_65,r_116_106_65,1.0,0,65,65,27
70,seq42,r_38_93_64,seq49,r_38_93_64,1.0,2,66,64,27
68,seq39,seq82,r_123_3_74,r_123_3_74,1.0,8,82,74,27
38,r_60_124_69,seq83,seq130,r_60_124_69,0.99,0,69,69,27
1,r_61_56_43,r_85_149_105,seq142,r_61_56_43,1.0,0,43,43,27
81,seq78,r_86_45_48,seq15,r_86_45_48,0.93,2,50,48,27
48,r_57_24_127,r_38_93_64,r_60_124_69,r_38_93_64,0.63,53,117,64,27
34,r_95_75_149,seq68,seq142,r_95_75_149,0.97,0,149,149,27
51,seq1,r_129_74_49,seq90,r_129_74_49,1.0,1,50,49,27
7,r_34_71_13,r_108_84_80,seq8,r_34_71_13,0.98,0,13,13,27
12,r_59_66_132,seq125,r_128_126_163,r_128_126_163,1.0,0,163,163,27
25,r_134_30_6,r_6_50_196,r_16_104_18,r_134_30_6,0.6,16,22,6,27
56,seq140,r_144_10_56,r_112_47_102,r_112_47_102,1.0,2,104,102,27
95,seq110,r_146_51_165,seq82,r_146_51_165,1.0,0,165,165,27
8,r_108_84_80,r_144_10_56,r_113_145_51,r_108_84_80,0.95,1,81,80,27
31,r_148_121_123,r_92_100_8,seq1,r_148_121_123,0.99,0,123,123,27
22,r_146_51_165,seq110,r_57_24_127,r_146_51_165,0.69,0,165,165,27
28,r_99_139_161,seq52,r_136_114_22,r_136_114_22,0.47,140,162,22,27
84,seq81,r_89_36_144,seq68,r_89_36_144,0.87,-14,130,144,27
41,r_113_145_51,seq82,r_112_47_102,r_113_145_51,1.0,2,53,51,27
25,r_134_30_6,r_16_104_18,r_7_65_60,r_7_65_60,1.0,1,61,60,27
82,seq79,r_128_126_163,r_38_93_64,r_38_93_64,0.62,99,163,64,27
31,r_148_121_123,r_13_122_75,r_92_100_8,r_148_121_123,0.61,-107,16,123,27
79,seq68,r_95_75_149,r_35_40_122,r_35_40_122,0.57,27,149,122,27
35,r_9_27_119,seq125,seq20,r_9_27_119,1.0,0,119,119,27
65,seq133,r_143_117_33,seq43,r_143_117_33,0.8,2,35,33,27
12,r_59_66_132,seq49,seq125,r_59_66_132,0.86,1,133,132,27
23,r_22_25_180,seq11,r_59_66_132,r_59_66_132,0.47,46,178,132,27
71,seq42,r_73_31_85,r_100_79_62,r_73_31_85,1.0,-5,80,85,28
36,r_45_53_135,seq105,r_21_87_23,r_45_53_135,0.58,0,135,135,28
9,r_64_44_147,r_12_98_64,seq34,r_64_44_147,1.0,4,151,147,28
22,r_146_132_39,r_68_145_70,seq4,r_146_132_39,0.99,0,39,39,28
18,r_101_107_43,seq3,seq120,r_101_107_43,1.0,1,44,43,28
8,r_100_79_62,seq42,r_45_53_135,r_100_79_62,0.38,-1,61,62,28
43,r_111_60_137,seq126,seq135,r_111_60_137,0.33,0,137,137,28
43,r_111_60_137,seq135,r_139_142_160,r_139_142_160,0.64,-2,158,160,28
37,r_73_31_85,seq42,r_67_129_176,r_73_31_85,0.6,0,85,85,28
42,r_149_78_141,seq24,r_123_58_90,r_123_58_90,0.73,6,96,90,28
31,r_75_118_131,r_131_71_168,r_139_142_160,r_131_71_168,0.68,0,168,168,28
55,seq10,r_77_88_66,r_125_2_155,r_77_88_66,1.0,-4,62,66,28
16,r_8_83_117,seq22,r_85_48_47,r_8_83_117,0.98,0,117,117,28
21,r_46_124_128,seq41,r_85_48_47,r_46_124_128,0.8,0,128,128,28
39,r_81_55_68,seq56,seq104,r_81_55_68,0.95,0,68,68,28
1,r_40_76_5,r_123_58_90,r_115_72_45,r_123_58_90,0.52,0,90,90,28
42,r_149_78_141,r_68_145_70,seq24,r_68_145_70,0.85,0,70,70,28
80,seq69,r_139_142_160,r_27_90_63,r_27_90_63,0.97,26,89,63,28
49,r_85_48_47,r_125_2_155,r_8_83_117,r_85_48_47,0.99,73,120,47,28
32,r_123_58_90,r_40_76_5,r_149_78_141,r_123_58_90,1.0,0,90,90,28
11,r_52_112_146,r_80_16_103,seq135,r_80_16_103,0.98,-53,50,103,28
45,r_0_114_82,seq20,r_81_55_68,r_0_114_82,1.0,0,82,82,28
41,r_23_121_27,seq17,r_73_31_85,r_23_121_27,0.98,0,27,27,28
86,seq94,r_85_48_47,r_40_76_5,r_85_48_47,0.98,0,47,47,28
4,r_19_147_116,seq126,seq109,r_19_147_116,0.99,0,116,116,28
19,r_6_96_138,r_144_50_169,seq62,r_6_96_138,0.92,-1,137,138,28
11,r_52_112_146,seq135,r_40_76_5,r_52_112_146,0.94,0,146,146,28
56,seq11,r_131_71_168,r_25_110_77,r_131_71_168,0.6,-71,97,168,28
95,seq119,r_27_90_63,r_1_91_98,r_27_90_63,0.59,14,77,63,28
31,r_75_118_131,r_125_2_155,r_131_71_168,r_75_118_131,0.81,0,131,131,28
67,seq34,seq28,r_108_49_44,r_108_49_44,1.0,37,81,44,28
67,seq34,r_108_49_44,r_64_44_147,r_64_44_147,1.0,0,147,147,28
89,seq102,r_81_55_68,r_40_76_5,r_81_55_68,0.99,0,68,68,28
3,r_93_137_182,seq116,r_68_145_70,r_68_145_70,0.7,112,182,70,28
10,r_125_2_155,r_75_118_131,r_8_83_117,r_125_2_155,0.84,-24,131,155,28
26,r_68_145_70,r_149_78_141,r_66_13_193,r_68_145_70,1.0,0,70,70,28
72,seq135,seq11,r_25_110_77,r_25_110_77,1.0,33,110,77,28
0,r_1_91_98,seq119,seq86,r_1_91_98,0.71,0,98,98,28
4,r_19_147_116,r_12_98_64,seq126,r_12_98_64,0.62,1,65,64,28
78,seq62,seq92,r_6_96_138,r_6_96_138,1.0,0,138,138,28
73,seq47,r_15_133_144,seq127,r_15_133_144,0.47,0,144,144,28
20,r_99_138_163,seq22,seq47,r_99_138_163,0.76,0,163,163,28
13,r_33_29_118,seq63,seq105,r_33_29_118,0.98,0,118,118,28
46,r_21_87_23,seq24,r_45_53_135,r_45_53_135,0.99,-1,134,135,28
48,r_67_129_176,seq39,r_25_110_77,r_67_129_176,0.56,0,176,176,28
40,r_108_49_44,seq42,seq34,r_108_49_44,1.0,0,44,44,28
28,r_57_103_37,r_1_91_98,seq97,r_57_103_37,1.0,0,37,37,28
6,r_25_110_77,seq14,seq136,r_25_110_77,1.0,0,77,77,28
49,r_85_48_47,seq94,r_77_88_66,r_85_48_47,0.85,0,47,47,28
32,r_123_58_90,r_149_78_141,r_15_133_144,r_123_58_90,1.0,54,144,90,28
99,seq127,r_38_26_100,seq47,r_38_26_100,0.96,0,100,100,28
41,r_23_121_27,r_73_31_85,seq7,r_73_31_85,0.49,-15,70,85,28
95,seq119,r_1_91_98,r_5_143_2,r_1_91_98,0.97,0,98,98,28
8,r_100_79_62,r_45_53_135,r_38_26_100,r_100_79_62,0.93,41,103,62,28
42,r_149_78_141,r_123_58_90,seq36,r_149_78_141,0.92,0,141,141,28
98,seq126,r_19_147_116,r_111_60_137,r_111_60_137,0.45,-116,21,137,28
47,r_38_26_100,seq127,r_100_79_62,r_38_26_100,1.0,0,100,100,28
29,r_27_90_63,seq119,seq69,r_27_90_63,1.0,0,63,63,28
5,r_89_59_10,r_93_137_182,seq120,r_89_59_10,0.99,0,10,10,28
24,r_139_142_160,seq69,r_111_60_137,r_139_142_160,0.63,0,160,160,28
33,r_77_88_66,seq10,seq17,r_77_88_66,1.0,2,68,66,28
71,seq42,r_108_49_44,r_73_31_85,r_108_49_44,1.0,0,44,44,28
10,r_125_2_155,r_8_83_117,seq51,r_125_2_155,0.74,0,155,155,28
88,seq97,r_117_70_69,seq3,r_117_70_69,1.0,0,69,69,28
58,seq14,r_25_110_77,seq51,r_25_110_77,1.0,1,78,77,28
17,r_131_71_168,r_75_118_131,r_27_90_63,r_131_71_168,1.0,0,168,168,28
49,r_85_48_47,r_77_88_66,r_125_2_155,r_77_88_66,0.77,1,67,66,28
38,r_15_133_144,seq47,r_123_58_90,r_15_133_144,0.86,0,144,144,28
52,seq4,seq20,r_146_132_39,r_146_132_39,1.0,38,77,39,28
37,r_73_31_85,r_131_71_168,seq39,r_131_71_168,0.84,2,170,168,28
34,r_117_70_69,seq97,seq102,r_117_70_69,0.93,0,69,69,28
17,r_131_71_168,r_52_112_146,r_75_118_131,r_131_71_168,0.44,-36,132,168,28
46,r_21_87_23,r_115_72_45,seq24,r_21_87_23,1.0,0,23,23,28
0,r_1_91_98,r_57_103_37,seq54,r_57_103_37,0.96,0,37,37,28
9,r_64_44_147,seq20,r_12_98_64,r_12_98_64,1.0,20,84,64,28
39,r_81_55_68,seq104,r_0_114_82,r_0_114_82,0.94,7,89,82,28
91,seq105,r_144_50_169,r_33_29_118,r_33_29_118,0.49,50,168,118,28
7,r_9_140_195,r_93_137_182,seq17,r_93_137_182,0.85,-68,114,182,28
44,r_80_16_103,seq136,seq17,r_80_16_103,0.96,0,103,103,28
23,r_66_13_193,seq128,r_68_145_70,r_68_145_70,1.0,0,70,70,28
79,seq63,r_33_29_118,seq18,r_33_29_118,1.0,0,118,118,28
35,r_12_98_64,r_19_147_116,seq113,r_12_98_64,1.0,1,65,64,28
37,r_73_31_85,r_67_129_176,r_131_71_168,r_73_31_85,0.39,50,135,85,28
12,r_106_43_188,seq20,r_100_79_62,r_100_79_62,0.62,126,188,62,28
84,seq86,seq95,r_1_91_98,r_1_91_98,1.0,17,115,98,28
2,r_115_72_45,seq22,seq56,r_115_72_45,1.0,0,45,45,28
55,seq10,r_125_2_155,r_85_48_47,r_125_2_155,1.0,-11,144,155,28
30,r_6_137_143,seq135,seq15,r_6_137_143,0.98,1,144,143,29
75,seq62,r_143_67_49,r_84_0_168,r_143_67_49,0.74,-3,46,49,29
36,r_33_120_136,seq56,seq75,r_33_120_136,0.95,0,136,136,29
8,r_111_63_85,seq135,seq62,r_111_63_85,1.0,-2,83,85,29
43,r_27_13_195,seq78,r_26_1_33,r_26_1_33,0.99,49,82,33,29
54,seq134,r_105_58_169,seq51,r_105_58_169,0.88,2,171,169,29
37,r_41_99_152,seq44,r_142_123_15,r_41_99_152,0.82,1,153,152,29
93,seq110,seq135,r_40_86_19,r_40_86_19,1.0,0,19,19,29
2,r_74_144_62,r_26_1_33,seq116,r_26_1_33,0.74,0,33,33,29
16,r_149_42_126,seq65,seq49,r_149_42_126,0.95,0,126,126,29
1,r_105_58_169,seq134,seq130,r_105_58_169,0.5,2,171,169,29
97,seq116,seq83,r_145_8_142,r_145_8_142,0.88,2,144,142,29
5,r_147_39_151,seq146,r_60_73_72,r_147_39_151,0.71,0,151,151,29
46,r_72_107_166,seq11,r_38_92_83,r_38_92_83,0.99,5,88,83,29
42,r_71_10_140,r_103_98_1,r_143_67_49,r_71_10_140,0.51,0,140,140,29
35,r_70_7_17,seq128,seq146,r_70_7_17,1.0,1,18,17,29
7,r_12_126_77,r_6_137_143,r_25_91_139,r_12_126_77,1.0,67,144,77,29
45,r_43_68_134,seq116,seq110,r_43_68_134,0.97,0,134,134,29
2,r_74_144_62,r_147_39_151,r_125_17_78,r_147_39_151,0.69,-17,134,151,29
0,r_141_19_84,r_88_14_88,r_142_123_15,r_141_19_84,0.52,-62,22,84,29
15,r_38_92_83,r_72_107_166,r_45_122_69,r_72_107_166,0.96,0,166,166,29
6,r_46_100_95,r_74_144_62,seq95,r_46_100_95,0.95,1,96,95,29
22,r_142_123_15,r_147_39_151,r_141_19_84,r_142_123_15,0.84,0,15,15,29
74,seq61,r_76_106_39,seq113,r_76_106_39,1.0,0,39,39,29
39,r_5_136_29,seq85,r_24_28_120,r_24_28_120,0.97,3,123,120,29
31,r_79_18_125,seq118,seq113,r_79_18_125,1.0,0,125,125,29
2,r_74_144_62,r_46_100_95,r_147_39_151,r_46_100_95,0.64,1,96,95,29
41,r_25_91_139,seq35,r_12_126_77,r_25_91_139,0.91,0,139,139,29
67,seq49,r_147_39_151,r_108_97_91,r_108_97_91,1.0,0,91,91,29
10,r_24_28_120,r_84_0_168,r_5_136_29,r_24_28_120,0.98,1,121,120,29
47,r_47_127_124,r_117_21_192,r_145_8_142,r_117_21_192,0.56,-145,47,192,29
44,r_30_32_156,r_108_97_91,seq54,r_30_32_156,0.62,-137,19,156,29
26,r_125_17_78,seq31,seq132,r_125_17_78,0.85,0,78,78,29
29,r_66_3_112,r_111_63_85,seq148,r_111_63_85,0.79,74,159,85,29
72,seq56,r_33_120_136,seq81,r_33_120_136,0.77,1,137,136,29
81,seq81,r_50_69_50,seq4,r_50_69_50,0.37,38,88,50,29
4,r_108_97_91,seq130,seq49,r_108_97_91,1.0,0,91,91,29
81,seq81,r_105_58_169,r_50_69_50,r_50_69_50,0.96,7,57,50,29
12,r_50_69_50,r_5_136_29,seq54,r_5_136_29,0.59,0,29,29,29
20,r_36_37_114,seq31,seq44,r_36_37_114,0.78,2,116,114,29
98,seq118,r_79_18_125,seq116,r_79_18_125,0.85,0,125,125,29
46,r_72_107_166,r_38_92_83,r_9_133_38,r_72_107_166,1.0,0,166,166,29
15,r_38_92_83,seq138,r_72_107_166,r_38_92_83,1.0,1,84,83,29
44,r_30_32_156,seq54,r_143_67_49,r_30_32_156,0.75,-93,63,156,29
21,r_143_67_49,r_30_32_156,r_71_10_140,r_143_67_49,0.77,92,141,49,29
0,r_141_19_84,r_142_123_15,seq15,r_141_19_84,0.97,1,85,84,29
28,r_88_14_88,r_84_0_168,r_60_73_72,r_88_14_88,0.46,-7,81,88,29
2,r_74_144_62,seq116,r_46_100_95,r_74_144_62,0.86,0,62,62,29
22,r_142_123_15,r_141_19_84,r_41_99_152,r_142_123_15,0.77,135,150,15,29
29,r_66_3_112,r_38_92_83,seq35,r_38_92_83,1.0,57,140,83,29
28,r_88_14_88,r_143_67_49,r_84_0_168,r_143_67_49,0.95,-1,48,49,29
33,r_145_8_142,seq15,seq118,r_145_8_142,0.82,-1,141,142,29
67,seq49,r_108_97_91,r_149_42_126,r_149_42_126,1.0,2,128,126,29
17,r_60_73_72,r_76_106_39,r_88_14_88,r_60_73_72,0.59,32,104,72,29
47,r_47_127_124,r_145_8_142,r_26_1_33,r_145_8_142,0.78,-39,103,142,29
38,r_139_77_63,seq11,seq85,r_139_77_63,1.0,0,63,63,29
12,r_50_69_50,seq54,seq128,r_50_69_50,0.99,0,50,50,29
34,r_52_22_190,seq104,r_79_18_125,r_79_18_125,0.79,65,190,125,29
17,r_60_73_72,seq138,r_76_106_39,r_60_73_72,0.82,0,72,72,29
9,r_29_48_141,seq85,r_25_91_139,r_29_48_141,0.71,0,141,141,29
63,seq132,r_125_17_78,r_38_92_83,r_38_92_83,0.33,79,162,83,29
75,seq62,r_84_0_168,r_111_63_85,r_111_63_85,1.0,7,92,85,29
19,r_26_1_33,r_74_144_62,r_27_13_195,r_26_1_33,0.87,0,33,33,29
21,r_143_67_49,r_36_37_114,r_30_32_156,r_143_67_49,0.96,0,49,49,29
29,r_66_3_112,seq35,r_111_63_85,r_66_3_112,0.87,0,112,112,29
49,r_124_112_123,r_145_8_142,seq35,r_124_112_123,1.0,2,125,123,29
50,seq128,r_105_58_169,r_50_69_50,r_50_69_50,0.99,5,55,50,29
56,seq138,r_60_73_72,seq35,r_60_73_72,1.0,0,72,72,29
7,r_12_126_77,seq132,r_6_137_143,r_12_126_77,0.99,0,77,77,29
23,r_45_122_69,seq78,r_72_107_166,r_45_122_69,0.97,1,70,69,29
11,r_76_106_39,seq61,seq31,r_76_106_39,1.0,0,39,39,29
47,r_47_127_124,r_26_1_33,seq53,r_47_127_124,0.81,0,124,124,29
79,seq78,r_45_122_69,r_26_1_33,r_45_122_69,0.69,-4,65,69,29
6,r_46_100_95,seq11,r_74_144_62,r_46_100_95,0.69,-38,57,95,29
44,r_30_32_156,r_143_67_49,seq65,r_30_32_156,0.94,0,156,156,29
23,r_45_122_69,r_72_107_166,seq11,r_45_122_69,0.65,67,136,69,29
30,r_64_23_125,r_16_95_186,r_114_62_84,r_114_62_84,0.97,3,87,84,30
51,seq3,r_16_95_186,r_137_83_102,r_137_83_102,1.0,84,186,102,30
36,r_104_105_199,seq69,r_134_125_58,r_134_125_58,1.0,9,67,58,30
37,r_55_5_33,r_91_17_101,r_7_99_15,r_7_99_15,1.0,1,16,15,30
5,r_107_116_175,r_81_136_59,r_27_36_116,r_27_36_116,0.98,8,124,116,30
83,seq69,r_104_105_199,r_41_82_137,r_41_82_137,0.99,21,158,137,30
3,r_97_4_153,r_55_5_33,seq135,r_55_5_33,0.47,110,143,33,30
71,seq42,seq22,r_80_148_138,r_80_148_138,0.86,2,140,138,30
39,r_110_79_145,seq50,r_55_5_33,r_110_79_145,0.7,0,145,145,30
1,r_67_0_67,r_107_116_175,r_46_37_41,r_67_0_67,0.95,0,67,67,30
97,seq120,r_19_31_191,r_113_140_152,r_19_31_191,0.31,-102,89,191,30
27,r_54_126_10,r_97_4_153,seq6,r_54_126_10,0.97,0,10,10,30
5,r_107_116_175,r_67_0_67,r_81_136_59,r_67_0_67,1.0,0,67,67,30
46,r_114_62_84,r_24_70_85,r_64_23_125,r_114_62_84,0.95,0,84,84,30
42,r_28_78_118,r_110_79_145,seq35,r_28_78_118,0.75,0,118,118,30
97,seq120,r_113_140_152,r_19_31_191,r_113_140_152,0.66,-42,110,152,30
1,r_67_0_67,r_46_37_41,r_48_121_99,r_48_121_99,1.0,2,101,99,30
45,r_132_61_117,r_27_36_116,seq115,r_132_61_117,0.95,0,117,117,30
10,r_7_99_15,seq2,r_88_106_13,r_7_99_15,0.71,0,15,15,30
8,r_134_125_58,r_8_53_4,r_104_105_199,r_134_125_58,1.0,1,59,58,30
2,r_77_1_136,seq57,r_8_53_4,r_8_53_4,0.68,53,57,4,30
31,r_66_128_73,r_40_96_122,r_147_76_50,r_40_96_122,1.0,-48,74,122,30
41,r_24_70_85,seq20,seq35,r_24_70_85,0.96,3,88,85,30
73,seq47,r_9_65_198,r_29_34_45,r_29_34_45,0.83,8,53,45,30
4,r_46_37_41,r_66_128_73,seq50,r_46_37_41,1.0,0,41,41,30
26,r_89_143_184,seq87,r_107_116_175,r_89_143_184,0.24,2,186,184,30
80,seq59,r_80_148_138,r_93_49_25,r_93_49_25,0.54,1,26,25,30
22,r_118_75_31,seq6,seq115,r_118_75_31,1.0,1,32,31,30
42,r_28_78_118,seq35,r_113_140_152,r_113_140_152,1.0,0,152,152,30
15,r_113_140_152,seq43,r_24_70_85,r_113_140_152,0.96,1,153,152,30
34,r_40_96_122,r_66_128_73,seq35,r_66_128_73,1.0,-18,55,73,30
2,r_77_1_136,r_8_53_4,r_102_123_5,r_77_1_136,0.97,0,136,136,30
96,seq119,r_21_108_162,r_147_76_50,r_147_76_50,1.0,0,50,50,30
99,seq124,r_80_148_138,seq12,r_80_148_138,0.92,0,138,138,30
3,r_97_4_153,r_54_126_10,r_55_5_33,r_97_4_153,0.71,-143,10,153,30
66,seq25,r_45_127_192,r_46_37_41,r_46_37_41,1.0,18,59,41,30
53,seq6,r_54_126_10,r_40_96_122,r_40_96_122,1.0,32,154,122,30
37,r_55_5_33,r_7_99_15,seq68,r_55_5_33,1.0,2,35,33,30
41,r_24_70_85,seq35,r_113_140_152,r_113_140_152,1.0,2,154,152,30
47,r_137_83_102,seq42,seq3,r_137_83_102,0.98,0,102,102,30
40,r_91_17_101,seq115,seq145,r_91_17_101,1.0,1,102,101,30
18,r_117_33_80,seq131,seq122,r_117_33_80,1.0,1,81,80,30
29,r_27_36_116,seq144,r_107_116_175,r_27_36_116,0.7,0,116,116,30
5,r_107_116_175,r_27_36_116,r_64_23_125,r_107_116_175,0.99,2,177,175,30
43,r_8_53_4,r_134_125_58,r_77_1_136,r_134_125_58,0.95,3,61,58,30
24,r_48_121_99,seq133,r_67_0_67,r_48_121_99,1.0,1,100,99,30
34,r_40_96_122,seq35,seq6,r_40_96_122,0.98,0,122,122,30
30,r_64_23_125,r_114_62_84,r_8_53_4,r_64_23_125,0.72,3,128,125,30
12,r_41_82_137,r_141_94_196,seq69,r_41_82_137,0.96,0,137,137,30
25,r_101_73_159,seq90,seq144,r_101_73_159,0.68,0,159,159,30
33,r_39_10_148,seq84,seq12,r_39_10_148,0.82,0,148,148,30
20,r_93_49_25,seq59,r_146_129_124,r_146_129_124,0.98,3,127,124,30
12,r_41_82_137,r_64_23_125,r_141_94_196,r_41_82_137,0.46,-15,122,137,30
52,seq133,r_48_121_99,seq109,r_48_121_99,1.0,1,100,99,30
20,r_93_49_25,seq42,seq59,r_93_49_25,0.84,2,27,25,30
43,r_8_53_4,seq57,r_64_23_125,r_64_23_125,0.59,7,132,125,30
60,seq145,seq20,r_91_17_101,r_91_17_101,1.0,1,102,101,30
6,r_32_98_194,seq6,r_54_126_10,r_54_126_10,0.88,23,33,10,30
94,seq112,r_107_116_175,r_81_136_59,r_107_116_175,0.47,-33,142,175,30
29,r_27_36_116,r_107_116_175,r_81_136_59,r_107_116_175,0.99,2,177,175,30
7,r_15_139_158,r_107_116_175,r_74_71_24,r_74_71_24,0.69,134,158,24,30
44,r_80_148_138,seq124,seq42,r_80_148_138,0.75,2,140,138,30
23,r_81_136_59,r_107_116_175,r_27_36_116,r_27_36_116,1.0,61,177,116,30
59,seq144,seq135,r_101_73_159,r_101_73_159,0.93,5,164,159,30
12,r_41_82_137,r_89_143_184,r_64_23_125,r_41_82_137,0.5,-73,64,137,30
40,r_61_16_52,r_63_3_175,r_30_35_96,r_61_16_52,0.54,124,176,52,31
51,seq4,r_21_23_70,seq60,r_21_23_70,0.99,-3,67,70,31
48,r_97_138_101,seq26,seq67,r_97_138_101,0.98,0,101,101,31
92,seq108,r_94_139_171,seq64,r_94_139_171,0.83,0,171,171,31
8,r_53_131_177,seq44,r_78_147_93,r_78_147_93,0.98,85,178,93,31
0,r_22_116_173,r_25_130_194,r_114_85_26,r_114_85_26,0.67,1,27,26,31
25,r_93_24_57,seq128,seq149,r_93_24_57,1.0,0,57,57,31
54,seq9,r_63_3_175,r_61_16_52,r_61_16_52,1.0,33,85,52,31
37,r_110_109_32,r_111_106_125,r_57_37_13,r_111_106_125,0.94,-43,82,125,31
43,r_81_107_25,r_31_129_37,r_72_115_170,r_81_107_25,0.63,-11,14,25,31
59,seq149,r_59_70_126,r_86_66_64,r_86_66_64,1.0,74,138,64,31
19,r_30_35_96,r_47_74_98,r_61_16_52,r_30_35_96,1.0,0,96,96,31
16,r_6_75_140,seq44,seq112,r_6_75_140,0.95,0,140,140,31
21,r_72_115_170,seq95,seq128,r_72_115_170,0.78,0,170,170,31
25,r_93_24_57,seq149,r_77_65_90,r_77_65_90,1.0,13,103,90,31
1,r_94_139_171,seq108,seq34,r_94_139_171,0.54,0,171,171,31
14,r_32_122_44,seq54,r_110_109_32,r_110_109_32,0.69,11,43,32,31
24,r_13_27_119,r_71_83_28,seq79,r_71_83_28,0.79,0,28,28,31
5,r_63_3_175,seq9,r_61_16_52,r_61_16_52,1.0,10,62,52,31
46,r_148_145_89,seq96,seq55,r_148_145_89,1.0,0,89,89,31
42,r_111_106_125,seq146,seq127,r_111_106_125,0.77,2,127,125,31
80,seq76,r_47_74_98,seq62,r_47_74_98,0.99,49,147,98,31
69,seq44,r_6_75_140,seq40,r_6_75_140,1.0,0,140,140,31
45,r_77_65_90,seq146,r_93_24_57,r_77_65_90,0.92,0,90,90,31
24,r_13_27_119,seq79,seq60,r_13_27_119,0.96,0,119,119,31
19,r_30_35_96,r_124_8_31,r_47_74_98,r_30_35_96,0.75,-65,31,96,31
22,r_1_68_110,r_6_75_140,r_114_85_26,r_1_68_110,0.93,0,110,110,31
39,r_48_12_14,r_97_138_101,seq95,r_97_138_101,1.0,-1,100,101,31
89,seq96,r_148_145_89,seq49,r_148_145_89,1.0,0,89,89,31
3,r_78_147_93,seq79,seq69,r_78_147_93,1.0,0,93,93,31
10,r_136_10_115,seq54,seq29,r_136_10_115,0.93,0,115,115,31
15,r_57_37_13,r_110_109_32,r_120_2_87,r_120_2_87,0.99,12,99,87,31
20,r_73_104_134,seq143,r_81_107_25,r_81_107_25,1.0,0,25,25,31
26,r_39_33_166,seq128,r_86_66_64,r_39_33_166,0.77,0,166,166,31
35,r_46_11_41,r_94_139_171,seq18,r_46_11_41,1.0,1,42,41,31
48,r_97_138_101,r_48_12_14,seq26,r_97_138_101,0.75,-17,84,101,31
29,r_71_83_28,r_13_27_119,seq20,r_71_83_28,1.0,0,28,28,31
13,r_114_85_26,r_47_74_98,r_22_116_173,r_114_85_26,0.63,-1,25,26,31
4,r_21_23_70,seq4,r_36_121_60,r_21_23_70,0.99,0,70,70,31
73,seq55,seq60,r_148_145_89,r_148_145_89,1.0,11,100,89,31
39,r_48_12_14,r_45_17_191,r_97_138_101,r_48_12_14,0.93,0,14,14,31
12,r_103_89_50,r_140_50_163,seq133,r_103_89_50,1.0,0,50,50,31
48,r_97_138_101,r_72_115_170,r_48_12_14,r_48_12_14,0.93,15,29,14,31
30,r_134_123_11,r_30_35_96,seq15,r_134_123_11,1.0,0,11,11,31
15,r_57_37_13,r_32_122_44,r_110_109_32,r_57_37_13,0.65,48,61,13,31
13,r_114_85_26,r_22_116_173,r_1_68_110,r_1_68_110,0.91,30,140,110,31
6,r_43_38_162,r_120_2_87,r_124_8_31,r_120_2_87,1.0,0,87,87,31
91,seq101,r_43_38_162,r_124_8_31,r_124_8_31,0.38,122,153,31,31
43,r_81_107_25,r_73_104_134,seq143,r_73_104_134,1.0,0,134,134,31
95,seq113,seq18,r_31_129_37,r_31_129_37,1.0,3,40,37,31
5,r_63_3_175,r_61_16_52,seq79,r_63_3_175,0.91,1,176,175,31
0,r_22_116_173,r_114_85_26,r_72_115_170,r_114_85_26,0.46,151,177,26,31
91,seq101,r_47_74_98,r_43_38_162,r_47_74_98,0.52,-34,64,98,31
27,r_141_56_74,seq67,r_21_23_70,r_21_23_70,0.82,5,75,70,31
51,seq4,seq60,r_140_50_163,r_140_50_163,0.57,9,172,163,31
33,r_125_126_94,seq18,seq15,r_125_126_94,1.0,0,94,94,31
50,seq128,r_39_33_166,seq29,r_39_33_166,0.92,-6,160,166,31
58,seq20,r_92_98_172,r_73_104_134,r_73_104_134,0.82,38,172,134,31
70,seq49,r_140_50_163,seq96,r_140_50_163,0.96,-15,148,163,31
20,r_73_104_134,r_81_107_25,r_71_83_28,r_73_104_134,0.84,0,134,134,31
17,r_47_74_98,r_114_85_26,r_30_35_96,r_114_85_26,0.94,4,30,26,31
32,r_36_121_60,seq108,r_21_23_70,r_21_23_70,0.97,0,70,70,31
56,seq15,seq135,r_134_123_11,r_134_123_11,0.67,24,35,11,31
38,r_19_91_61,r_1_68_110,seq79,r_19_91_61,1.0,0,61,61,31
44,r_31_129_37,seq101,seq113,r_31_129_37,0.97,0,37,37,31
34,r_120_2_87,r_43_38_162,r_57_37_13,r_120_2_87,1.0,0,87,87,31
75,seq60,seq55,r_13_27_119,r_13_27_119,1.0,15,134,119,31
9,r_45_17_191,r_144_41_30,seq29,r_144_41_30,0.66,0,30,30,31
31,r_100_0_56,seq29,seq149,r_100_0_56,1.0,2,58,56,31
94,seq112,r_140_50_163,r_6_75_140,r_6_75_140,0.78,12,152,140,31
43,r_81_107_25,r_72_115_170,r_73_104_134,r_81_107_25,0.82,1,26,25,31
49,r_144_41_30,r_45_17_191,seq117,r_144_41_30,0.93,0,30,30,31
22,r_1_68_110,r_19_91_61,r_6_75_140,r_19_91_61,1.0,0,61,61,31
40,r_61_16_52,seq99,r_63_3_175,r_61_16_52,0.99,0,52,52,31
2,r_51_102_55,r_100_0_56,seq146,r_51_102_55,1.0,0,55,55,31
36,r_124_8_31,r_30_35_96,r_43_38_162,r_30_35_96,1.0,-56,40,96,31
23,r_59_70_126,seq149,r_47_74_98,r_47_74_98,1.0,28,126,98,31
17,r_47_74_98,r_30_35_96,r_59_70_126,r_47_74_98,0.91,-2,96,98,31
7,r_80_105_46,r_45_17_191,seq69,r_80_105_46,0.9,0,46,46,31
30,r_24_138_132,r_144_79_60,r_75_59_106,r_144_79_60,1.0,1,61,60,32
51,seq130,seq16,r_14_119_157,r_14_119_157,0.97,5,162,157,32
36,r_74_131_107,r_108_50_109,seq91,r_74_131_107,1.0,0,107,107,32
13,r_97_145_123,r_143_67_29,r_22_109_174,r_22_109_174,0.99,0,174,174,32
8,r_11_52_136,seq4,r_68_6_167,r_11_52_136,0.58,0,136,136,32
53,seq7,r_149_128_154,seq4,r_149_128_154,0.9,0,154,154,32
43,r_103_87_5,seq92,r_64_25_117,r_64_25_117,1.0,8,125,117,32
37,r_96_66_78,r_90_85_103,seq78,r_96_66_78,1.0,0,78,78,32
26,r_84_57_189,r_27_117_39,r_5_47_75,r_84_57_189,0.97,0,189,189,32
39,r_31_26_105,seq39,r_5_47_75,r_5_47_75,0.96,2,77,75,32
1,r_90_85_103,r_96_66_78,seq49,r_96_66_78,0.88,0,78,78,32
20,r_88_89_1,seq93,r_90_85_103,r_90_85_103,1.0,4,107,103,32
46,r_60_72_127,seq91,r_84_57_189,r_60_72_127,0.67,1,128,127,32
4,r_5_47_75,r_31_26_105,seq54,r_31_26_105,0.96,0,105,105,32
47,r_68_6_167,r_11_52_136,seq36,r_68_6_167,0.98,0,167,167,32
19,r_13_62_177,r_10_107_149,r_149_128_154,r_13_62_177,0.57,-28,149,177,32
44,r_27_117_39,r_24_138_132,seq44,r_27_117_39,1.0,0,39,39,32
46,r_60_72_127,r_84_57_189,r_37_133_169,r_60_72_127,0.76,49,176,127,32
95,seq120,seq137,r_29_116_70,r_29_116_70,1.0,31,101,70,32
76,seq70,seq1,r_105_127_93,r_105_127_93,0.97,15,108,93,32
31,r_29_116_70,r_148_123_104,seq43,r_29_116_70,1.0,1,71,70,32
41,r_14_119_157,seq93,seq130,r_14_119_157,0.86,0,157,157,32
45,r_46_33_22,r_60_72_127,seq16,r_46_33_22,0.97,-1,21,22,32
23,r_129_140_40,r_84_57_189,r_68_6_167,r_129_140_40,1.0,0,40,40,32
17,r_112_21_46,r_24_138_132,r_129_140_40,r_112_21_46,0.99,0,46,46,32
3,r_104_139_148,seq38,r_11_52_136,r_11_52_136,0.71,13,149,136,32
10,r_64_25_117,seq49,r_103_87_5,r_64_25_117,0.93,0,117,117,32
26,r_84_57_189,seq142,r_27_117_39,r_27_117_39,0.9,102,141,39,32
4,r_5_47_75,seq95,r_31_26_105,r_5_47_75,0.97,0,75,75,32
0,r_149_128_154,seq7,r_13_62_177,r_149_128_154,0.74,0,154,154,32
11,r_101_73_68,r_14_119_157,seq28,r_101_73_68,1.0,0,68,68,32
8,r_11_52_136,r_68_6_167,r_104_139_148,r_68_6_167,1.0,0,167,167,32
20,r_88_89_1,r_42_141_64,seq93,r_42_141_64,0.87,1,65,64,32
13,r_97_145_123,seq118,r_143_67_29,r_97_145_123,0.83,0,123,123,32
48,r_58_9_193,r_105_127_93,seq38,r_105_127_93,1.0,-13,80,93,32
6,r_148_123_104,seq78,seq77,r_148_123_104,1.0,0,104,104,32
6,r_148_123_104,r_29_116_70,seq78,r_29_116_70,0.97,1,71,70,32
29,r_143_67_29,seq76,seq115,r_143_67_29,0.99,0,29,29,32
27,r_108_50_109,seq92,r_42_141_64,r_108_50_109,1.0,0,109,109,32
77,seq76,r_143_67_29,seq17,r_143_67_29,1.0,0,29,29,32
30,r_24_138_132,r_75_59_106,r_101_73_68,r_24_138_132,1.0,0,132,132,32
2,r_42_141_64,r_88_89_1,r_51_69_8,r_42_141_64,0.75,1,65,64,32
47,r_68_6_167,seq77,r_112_21_46,r_112_21_46,0.98,27,73,46,32
40,r_105_127_93,r_58_9_193,seq70,r_105_127_93,0.99,0,93,93,32
19,r_13_62_177,r_149_128_154,seq70,r_13_62_177,0.83,0,177,177,32
24,r_111_12_99,r_134_30_181,r_55_3_139,r_111_12_99,0.99,0,99,99,32
33,r_19_106_159,seq4,r_105_127_93,r_105_127_93,0.99,41,134,93,32
68,seq44,r_0_125_14,r_2_136_4,r_0_125_14,0.82,0,14,14,32
47,r_68_6_167,r_112_21_46,r_11_52_136,r_11_52_136,1.0,2,138,136,32
42,r_0_125_14,seq44,r_22_109_174,r_0_125_14,0.97,0,14,14,32
25,r_75_59_106,r_24_138_132,seq54,r_24_138_132,0.88,0,132,132,32
1,r_90_85_103,seq49,r_88_89_1,r_90_85_103,1.0,-1,102,103,32
42,r_0_125_14,r_22_109_174,r_144_79_60,r_144_79_60,0.99,114,174,60,32
33,r_19_106_159,r_105_127_93,r_27_117_39,r_19_106_159,0.92,0,159,159,32
24,r_111_12_99,r_55_3_139,seq36,r_55_3_139,1.0,0,139,139,32
34,r_134_30_181,r_111_12_99,seq118,r_111_12_99,0.94,0,99,99,32
32,r_41_147_35,seq56,r_23_48_6,r_41_147_35,1.0,1,36,35,32
9,r_22_109_174,r_0_125_14,r_97_145_123,r_97_145_123,0.4,51,174,123,32
63,seq36,r_111_12_99,r_68_6_167,r_68_6_167,0.88,7,174,167,32
96,seq121,seq54,r_5_47_75,r_5_47_75,1.0,89,164,75,32
23,r_129_140_40,r_112_21_46,r_11_52_136,r_11_52_136,0.99,26,162,136,32
22,r_55_3_139,r_75_59_106,r_111_12_99,r_111_12_99,0.62,7,106,99,32
28,r_61_18_83,r_113_83_137,seq1,r_61_18_83,0.99,0,83,83,32
91,seq102,r_29_116_70,seq78,r_29_116_70,1.0,1,71,70,32
4,r_5_47_75,seq54,r_96_66_78,r_96_66_78,0.54,75,153,78,32
7,r_10_107_149,r_13_62_177,seq126,r_10_107_149,0.73,0,149,149,32
90,seq100,r_11_52_136,r_143_67_29,r_143_67_29,0.67,4,33,29,32
39,r_31_26_105,r_5_47_75,seq4,r_31_26_105,1.0,0,105,105,32
35,r_144_79_60,r_24_138_132,r_0_125_14,r_144_79_60,1.0,0,60,60,32
12,r_110_86_142,seq115,r_144_79_60,r_110_86_142,0.9,0,142,142,32
22,r_55_3_139,r_111_12_99,seq38,r_55_3_139,0.65,0,139,139,32
23,r_129_140_40,r_68_6_167,r_112_21_46,r_68_6_167,0.49,-62,105,167,32
84,seq92,r_108_50_109,r_103_87_5,r_108_50_109,1.0,0,109,109,32
51,seq133,r_92_63_86,seq9,r_92_63_86,1.0,0,86,86,33
36,r_120_38_114,r_141_93_87,seq29,r_120_38_114,0.55,-31,83,114,33
36,r_120_38_114,seq29,seq109,r_120_38_114,0.72,2,116,114,33
8,r_98_131_111,seq37,seq21,r_98_131_111,0.99,0,111,111,33
43,r_122_7_109,seq84,seq85,r_122_7_109,1.0,0,109,109,33
50,seq1,r_76_33_54,seq97,r_76_33_54,1.0,0,54,54,33
54,seq9,r_115_101_85,seq133,r_115_101_85,1.0,0,85,85,33
55,seq11,r_128_110_101,r_2_53_4,r_128_110_101,0.77,21,122,101,33
71,seq45,seq68,r_95_42_60,r_95_42_60,1.0,17,77,60,33
86,seq84,r_122_7_109,seq24,r_122_7_109,1.0,0,109,109,33
16,r_20_77_195,seq108,r_128_110_101,r_128_110_101,1.0,17,118,101,33
21,r_67_58_122,seq127,seq140,r_67_58_122,0.99,0,122,122,33
1,r_52_36_77,seq133,r_31_117_58,r_52_36_77,1.0,0,77,77,33
5,r_92_63_86,seq133,r_88_27_100,r_92_63_86,0.6,2,88,86,33
46,r_80_44_69,seq32,r_100_65_44,r_80_44_69,0.86,0,69,69,33
42,r_123_50_172,r_12_149_132,r_28_81_121,r_28_81_121,0.62,1,122,121,33
35,r_121_48_18,seq60,seq125,r_121_48_18,0.98,0,18,18,33
37,r_30_62_30,seq25,seq49,r_30_62_30,0.84,0,30,30,33
12,r_90_104_35,seq72,seq87,r_90_104_35,1.0,0,35,35,33
33,r_142_116_167,seq49,r_90_104_35,r_90_104_35,0.4,112,147,35,33
56,seq140,seq24,r_88_27_100,r_88_27_100,0.92,-1,99,100,33
11,r_113_4_190,r_89_47_93,r_76_33_54,r_113_4_190,0.74,0,190,190,33
38,r_135_0_32,seq56,seq72,r_135_0_32,1.0,0,32,32,33
95,seq109,seq61,r_120_38_114,r_120_38_114,1.0,9,123,114,33
27,r_13_71_52,r_88_27_100,seq68,r_13_71_52,1.0,-1,51,52,33
39,r_128_110_101,seq11,r_20_77_195,r_128_110_101,1.0,1,102,101,33
41,r_141_93_87,r_120_38_114,seq111,r_120_38_114,0.97,-27,87,114,33
5,r_92_63_86,r_88_27_100,r_100_65_44,r_88_27_100,0.76,0,100,100,33
44,r_76_33_54,seq1,seq32,r_76_33_54,1.0,0,54,54,33
67,seq32,r_76_33_54,r_90_104_35,r_76_33_54,0.43,124,178,54,33
89,seq91,r_12_149_132,seq69,r_12_149_132,0.8,-48,84,132,33
15,r_46_18_64,r_147_70_15,r_20_77_195,r_46_18_64,0.97,0,64,64,33
39,r_128_110_101,r_5_86_183,seq11,r_128_110_101,0.62,-91,10,101,33
5,r_92_63_86,r_100_65_44,r_12_149_132,r_12_149_132,0.99,4,136,132,33
34,r_100_65_44,r_121_48_18,r_80_44_69,r_80_44_69,0.93,1,70,69,33
15,r_46_18_64,r_31_117_58,r_147_70_15,r_147_70_15,0.99,0,15,15,33
0,r_3_94_80,seq127,r_147_70_15,r_3_94_80,1.0,0,80,80,33
63,seq22,r_28_81_121,r_103_148_178,r_28_81_121,0.98,3,124,121,33
73,seq56,seq17,r_126_59_90,r_126_59_90,1.0,57,147,90,33
11,r_113_4_190,seq64,r_89_47_93,r_89_47_93,0.98,15,108,93,33
46,r_80_44_69,r_100_65_44,r_92_63_86,r_92_63_86,0.9,99,185,86,33
49,r_28_81_121,r_123_50_172,seq69,r_123_50_172,0.79,0,172,172,33
48,r_115_101_85,seq9,seq56,r_115_101_85,1.0,0,85,85,33
13,r_55_118_147,seq108,r_130_43_28,r_130_43_28,0.76,25,53,28,33
2,r_39_75_26,r_10_112_175,seq111,r_39_75_26,1.0,0,26,26,33
4,r_54_73_22,r_12_149_132,seq69,r_12_149_132,1.0,0,132,132,33
18,r_31_117_58,seq139,r_100_65_44,r_31_117_58,0.92,0,58,58,33
13,r_55_118_147,r_130_43_28,r_20_77_195,r_130_43_28,0.51,143,171,28,33
6,r_35_106_117,seq105,r_147_70_15,r_35_106_117,0.76,0,117,117,33
99,seq127,r_3_94_80,r_2_53_4,r_3_94_80,0.92,1,81,80,33
30,r_88_27_100,r_100_65_44,seq140,r_88_27_100,0.96,-4,96,100,33
42,r_123_50_172,r_28_81_121,r_126_59_90,r_123_50_172,0.77,0,172,172,33
34,r_100_65_44,seq97,r_121_48_18,r_100_65_44,0.57,0,44,44,33
45,r_12_149_132,seq91,r_54_73_22,r_54_73_22,1.0,3,25,22,33
4,r_54_73_22,r_20_77_195,r_12_149_132,r_54_73_22,0.95,1,23,22,33
47,r_126_59_90,r_28_81_121,r_115_101_85,r_126_59_90,0.52,0,90,90,33
30,r_88_27_100,r_13_71_52,r_100_65_44,r_88_27_100,0.79,-49,51,100,33
93,seq105,r_35_106_117,seq21,r_35_106_117,0.98,0,117,117,33
93,seq105,r_51_23_29,r_35_106_117,r_51_23_29,1.0,0,29,29,33
29,r_74_15_62,seq17,r_147_70_15,r_74_15_62,1.0,0,62,62,33
24,r_89_47_93,seq97,r_113_4_190,r_89_47_93,1.0,0,93,93,33
33,r_142_116_167,seq32,seq49,r_142_116_167,0.42,-104,63,167,33
72,seq49,seq14,r_30_62_30,r_30_62_30,0.97,13,43,30,33
88,seq87,r_20_77_195,r_90_104_35,r_90_104_35,1.0,25,60,35,33
58,seq143,r_120_38_114,seq34,r_120_38_114,1.0,-4,110,114,33
70,seq40,seq45,r_147_70_15,r_147_70_15,0.95,0,15,15,33
25,r_41_82_11,r_30_62_30,seq111,r_41_82_11,1.0,-1,10,11,33
32,r_26_138_70,seq129,seq85,r_26_138_70,0.99,0,70,70,33
28,r_19_119_169,r_26_138_70,r_103_148_178,r_26_138_70,1.0,-11,59,70,33
45,r_12_149_132,r_54_73_22,r_92_63_86,r_12_149_132,0.9,0,132,132,33
17,r_95_42_60,seq64,seq45,r_95_42_60,1.0,0,60,60,33
96,seq111,r_52_36_77,r_41_82_11,r_41_82_11,0.63,-1,10,11,33
28,r_19_119_169,r_103_148_178,r_136_8_95,r_103_148_178,0.84,-8,170,178,33
18,r_31_117_58,r_100_65_44,r_52_36_77,r_52_36_77,0.63,10,87,77,33
22,r_102_107_82,seq140,seq29,r_102_107_82,0.95,0,82,82,33
20,r_83_144_31,seq78,seq139,r_83_144_31,1.0,0,31,31,33
49,r_28_81_121,seq22,r_123_50_172,r_28_81_121,1.0,0,121,121,33
56,seq140,r_102_107_82,seq24,r_102_107_82,0.85,0,82,82,33
7,r_136_8_95,seq29,seq97,r_136_8_95,0.99,0,95,95,33
98,seq125,seq25,r_121_48_18,r_121_48_18,0.98,7,25,18,33
19,r_132_124_193,seq134,seq6,r_132_124_193,0.48,-146,47,193,33
33,r_142_116_167,r_90_104_35,seq64,r_142_116_167,0.78,0,167,167,33
93,seq104,r_137_120_103,seq38,r_137_120_103,0.99,-3,100,103,34
12,r_26_88_30,r_110_91_90,r_146_12_24,r_110_91_90,1.0,1,91,90,34
30,r_30_11_141,seq43,seq31,r_30_11_141,0.92,0,141,141,34
92,seq102,seq145,r_103_111_63,r_103_111_63,1.0,5,68,63,34
8,r_110_91_90,r_10_54_61,r_26_88_30,r_10_54_61,0.91,0,61,61,34
37,r_16_85_98,seq124,seq122,r_16_85_98,0.98,2,100,98,34
59,seq18,r_118_24_110,r_78_39_2,r_118_24_110,1.0,2,112,110,34
19,r_143_67_12,r_15_63_105,r_109_41_108,r_109_41_108,0.59,2,110,108,34
16,r_139_36_123,seq29,seq82,r_139_36_123,0.98,1,124,123,34
39,r_131_35_143,seq81,r_135_70_47,r_131_35_143,0.92,1,144,143,34
1,r_93_98_151,r_109_41_108,seq57,r_93_98_151,0.48,-43,108,151,34
97,seq124,r_16_85_98,seq58,r_16_85_98,0.99,0,98,98,34
5,r_3_115_19,r_19_99_97,r_59_1_65,r_59_1_65,1.0,11,76,65,34
46,r_106_105_165,r_78_39_2,seq43,r_106_105_165,0.89,0,165,165,34
45,r_94_92_57,r_27_64_126,seq68,r_94_92_57,1.0,1,58,57,34
1,r_93_98_151,seq57,r_15_63_105,r_93_98_151,1.0,0,151,151,34
74,seq50,seq147,r_132_33_100,r_132_33_100,0.99,4,104,100,34
19,r_143_67_12,seq29,r_15_63_105,r_143_67_12,0.65,0,12,12,34
23,r_25_45_147,r_114_80_49,seq9,r_114_80_49,1.0,0,49,49,34
31,r_62_7_60,seq108,seq9,r_62_7_60,1.0,2,62,60,34
41,r_10_54_61,r_110_91_90,seq127,r_10_54_61,0.94,0,61,61,34
3,r_17_83_111,r_8_5_68,seq56,r_8_5_68,0.99,0,68,68,34
10,r_23_97_173,seq122,r_25_45_147,r_23_97_173,0.55,0,173,173,34
26,r_137_120_103,seq104,seq21,r_137_120_103,0.92,0,103,103,34
18,r_146_12_24,r_130_90_192,r_26_88_30,r_146_12_24,0.76,0,24,24,34
72,seq46,r_15_63_105,r_109_41_108,r_109_41_108,0.9,2,110,108,34
4,r_8_5_68,r_17_83_111,r_48_2_184,r_8_5_68,1.0,0,68,68,34
78,seq58,r_6_61_76,seq124,r_6_61_76,1.0,1,77,76,34
0,r_27_64_126,seq9,seq113,r_27_64_126,0.99,0,126,126,34
43,r_59_1_65,r_6_61_76,r_3_115_19,r_59_1_65,1.0,0,65,65,34
11,r_4_20_150,seq69,r_123_0_77,r_4_20_150,0.93,0,150,150,34
13,r_34_119_82,seq127,seq147,r_34_119_82,0.97,0,82,82,34
48,r_112_65_117,r_131_35_143,r_76_117_109,r_131_35_143,0.52,-26,117,143,34
4,r_8_5_68,r_48_2_184,r_44_77_6,r_48_2_184,0.5,-14,170,184,34
95,seq113,r_71_52_20,r_27_64_126,r_27_64_126,1.0,2,128,126,34
36,r_15_63_105,r_143_67_12,r_78_39_2,r_15_63_105,0.94,1,106,105,34
27,r_140_28_181,r_75_51_176,seq43,r_75_51_176,0.58,0,176,176,34
21,r_116_84_40,seq57,seq129,r_116_84_40,1.0,0,40,40,34
93,seq104,seq38,r_25_45_147,r_25_45_147,0.97,16,163,147,34
74,seq50,r_123_0_77,seq147,r_123_0_77,1.0,0,77,77,34
29,r_76_117_109,seq113,r_62_7_60,r_76_117_109,1.0,0,109,109,34
8,r_110_91_90,r_26_88_30,r_94_92_57,r_110_91_90,0.98,3,93,90,34
24,r_132_33_100,seq57,seq50,r_132_33_100,1.0,0,100,100,34
34,r_123_0_77,seq57,r_4_20_150,r_4_20_150,1.0,6,156,150,34
25,r_48_2_184,r_44_77_6,r_8_5_68,r_8_5_68,1.0,49,117,68,34
7,r_71_52_20,r_75_51_176,seq113,r_71_52_20,0.86,0,20,20,34
33,r_107_47_155,seq38,seq31,r_107_47_155,0.84,0,155,155,34
12,r_26_88_30,seq129,r_110_91_90,r_26_88_30,0.97,2,32,30,34
32,r_109_41_108,r_93_98_151,r_143_67_12,r_109_41_108,0.78,0,108,108,34
34,r_123_0_77,seq50,seq57,r_123_0_77,0.93,0,77,77,34
2,r_135_70_47,r_118_24_110,seq29,r_135_70_47,0.97,0,47,47,34
75,seq53,r_103_111_63,r_44_77_6,r_103_111_63,1.0,0,63,63,34
15,r_141_100_28,r_101_126_128,seq82,r_141_100_28,0.9,0,28,28,34
17,r_148_74_191,r_76_117_109,r_55_144_33,r_148_74_191,0.93,-156,35,191,34
81,seq69,r_4_20_150,seq138,r_4_20_150,0.97,0,150,150,34
84,seq79,r_66_14_66,seq122,r_66_14_66,0.99,-34,32,66,34
25,r_48_2_184,r_8_5_68,r_93_98_151,r_48_2_184,0.78,0,184,184,34
9,r_75_51_176,r_140_28_181,r_76_117_109,r_75_51_176,0.81,0,176,176,34
96,seq122,r_23_97_173,r_16_85_98,r_16_85_98,0.9,75,173,98,34
22,r_130_90_192,seq68,r_110_91_90,r_110_91_90,0.96,8,98,90,34
28,r_133_121_75,r_132_33_100,seq149,r_133_121_75,0.68,0,75,75,34
49,r_103_111_63,seq53,seq102,r_103_111_63,1.0,0,63,63,34
56,seq13,r_101_126_128,r_146_12_24,r_101_126_128,0.63,0,128,128,34
44,r_118_24_110,seq18,r_133_121_75,r_118_24_110,0.94,0,110,110,34
3,r_17_83_111,seq56,seq69,r_17_83_111,1.0,0,111,111,34
38,r_55_144_33,seq134,r_148_74_191,r_55_144_33,0.99,0,33,33,34
60,seq147,seq125,r_34_119_82,r_34_119_82,1.0,16,98,82,34
35,r_66_14_66,seq79,seq129,r_66_14_66,1.0,0,66,66,34
36,r_15_63_105,r_135_70_47,r_143_67_12,r_15_63_105,0.53,-92,13,105,34
23,r_25_45_147,seq9,seq104,r_25_45_147,0.87,0,147,147,34
51,seq2,r_104_14_171,r_135_120_94,r_135_120_94,0.66,78,172,94,35
19,r_32_138_44,r_0_128_81,seq26,r_32_138_44,0.92,0,44,44,35
49,r_22_16_56,r_10_117_97,seq27,r_10_117_97,1.0,2,99,97,35
31,r_11_149_13,r_107_65_1,r_8_112_11,r_11_149_13,0.87,2,15,13,35
16,r_135_120_94,r_10_117_97,r_34_110_78,r_10_117_97,1.0,-2,95,97,35
21,r_136_46_145,seq56,seq147,r_136_46_145,0.51,0,145,145,35
5,r_55_48_115,r_136_46_145,r_123_145_21,r_55_48_115,0.83,5,120,115,35
46,r_85_87_132,r_104_14_171,r_34_110_78,r_85_87_132,0.59,-54,78,132,35
42,r_49_140_95,seq67,seq109,r_49_140_95,0.97,0,95,95,35
24,r_8_112_11,r_85_87_132,seq105,r_8_112_11,0.82,0,11,11,35
49,r_22_16_56,r_113_68_3,r_10_117_97,r_22_16_56,1.0,0,56,56,35
3,r_45_35_170,seq72,seq41,r_45_35_170,0.95,-1,169,170,35
41,r_10_117_97,r_22_16_56,seq12,r_10_117_97,0.98,0,97,97,35
11,r_20_143_30,r_104_14_171,seq39,r_20_143_30,1.0,1,31,30,35
76,seq60,r_43_144_137,seq76,r_43_144_137,0.96,0,137,137,35
41,r_10_117_97,r_34_110_78,r_22_16_56,r_10_117_97,0.56,-19,78,97,35
67,seq39,seq119,r_20_143_30,r_20_143_30,1.0,43,73,30,35
39,r_75_116_17,r_54_50_76,seq28,r_75_116_17,0.76,0,17,17,35
10,r_43_144_137,seq60,seq105,r_43_144_137,0.92,0,137,137,35
9,r_15_90_105,r_7_59_38,seq134,r_15_90_105,0.87,-67,38,105,35
26,r_21_88_70,r_54_50_76,r_137_91_194,r_21_88_70,1.0,0,70,70,35
45,r_141_84_150,seq47,r_83_139_37,r_141_84_150,0.7,-86,64,150,35
17,r_132_99_24,r_29_6_190,r_92_108_93,r_132_99_24,1.0,0,24,24,35
45,r_141_84_150,r_55_48_115,seq47,r_141_84_150,0.71,-126,24,150,35
78,seq62,seq39,r_81_125_45,r_81_125_45,1.0,62,107,45,35
0,r_73_142_133,seq57,seq134,r_73_142_133,0.46,1,134,133,35
38,r_17_79_179,seq101,seq53,r_17_79_179,0.5,2,181,179,35
12,r_123_145_21,seq130,seq4,r_123_145_21,0.88,0,21,21,35
15,r_0_128_81,seq44,r_54_50_76,r_0_128_81,0.89,0,81,81,35
48,r_114_122_121,seq61,seq5,r_114_122_121,0.67,8,129,121,35
6,r_19_93_157,seq13,r_43_144_137,r_19_93_157,0.7,1,158,157,35
17,r_132_99_24,seq63,r_9_100_141,r_9_100_141,0.99,6,147,141,35
1,r_81_125_45,r_127_58_176,seq62,r_81_125_45,0.99,0,45,45,35
23,r_54_50_76,r_15_90_105,r_0_128_81,r_15_90_105,1.0,1,106,105,35
9,r_15_90_105,seq134,r_54_50_76,r_15_90_105,0.66,-53,52,105,35
47,r_104_14_171,seq2,r_54_50_76,r_104_14_171,0.56,0,171,171,35
14,r_92_108_93,r_132_99_24,r_32_138_44,r_92_108_93,1.0,3,96,93,35
3,r_45_35_170,seq25,seq44,r_45_35_170,0.56,-126,44,170,35
14,r_92_108_93,seq63,r_132_99_24,r_132_99_24,0.93,23,47,24,35
74,seq56,r_136_46_145,seq28,r_136_46_145,0.9,0,145,145,35
18,r_98_133_62,seq103,r_127_58_176,r_98_133_62,0.97,2,64,62,35
29,r_86_31_148,r_9_100_141,r_113_68_3,r_9_100_141,1.0,1,142,141,35
25,r_33_74_82,seq95,r_126_1_10,r_33_74_82,0.66,1,83,82,35
33,r_137_91_194,seq12,r_21_88_70,r_21_88_70,1.0,0,70,70,35
37,r_7_59_38,r_15_90_105,seq103,r_7_59_38,1.0,0,38,38,35
28,r_127_58_176,r_81_125_45,r_107_65_1,r_81_125_45,1.0,1,46,45,35
20,r_29_6_190,r_132_99_24,seq103,r_132_99_24,1.0,-5,19,24,35
70,seq44,r_0_128_81,r_141_84_150,r_0_128_81,0.59,0,81,81,35
38,r_17_79_179,r_86_31_148,seq101,r_86_31_148,0.5,4,152,148,35
77,seq61,r_114_122_121,r_85_87_132,r_85_87_132,0.74,2,134,132,35
46,r_85_87_132,r_34_110_78,seq61,r_85_87_132,1.0,0,132,132,35
34,r_36_102_4,seq64,seq24,r_36_102_4,0.72,143,147,4,35
9,r_15_90_105,r_54_50_76,seq44,r_15_90_105,1.0,1,106,105,35
30,r_40_38_192,seq105,r_8_112_11,r_8_112_11,1.0,4,15,11,35
2,r_83_139_37,r_33_74_82,seq28,r_83_139_37,0.89,2,39,37,35
53,seq4,r_111_3_12,r_123_145_21,r_123_145_21,0.71,1,22,21,35
40,r_37_52_46,r_22_16_56,seq115,r_37_52_46,0.98,0,46,46,35
31,r_11_149_13,r_8_112_11,seq72,r_11_149_13,0.37,157,170,13,35
22,r_9_100_141,r_86_31_148,r_132_99_24,r_9_100_141,0.89,1,142,141,35
91,seq95,r_33_74_82,seq25,r_33_74_82,0.85,5,87,82,35
68,seq41,r_43_144_137,r_98_133_62,r_43_144_137,0.91,-92,45,137,35
56,seq12,r_137_91_194,r_10_117_97,r_10_117_97,1.0,3,100,97,35
7,r_121_77_129,r_70_23_193,r_0_128_81,r_121_77_129,0.98,0,129,129,35
23,r_54_50_76,seq26,r_15_90_105,r_54_50_76,0.98,0,76,76,35
17,r_132_99_24,r_92_108_93,seq63,r_92_108_93,1.0,0,93,93,35
82,seq67,r_49_140_95,seq25,r_49_140_95,1.0,0,95,95,35
35,r_34_110_78,r_10_117_97,r_85_87_132,r_34_110_78,0.99,0,78,78,35
35,r_34_110_78,r_85_87_132,r_135_120_94,r_85_87_132,0.96,0,132,132,35
15,r_0_128_81,r_54_50_76,r_121_77_129,r_121_77_129,1.0,3,132,129,35
88,seq78,r_55_48_115,seq28,r_55_48_115,0.9,-57,58,115,35
37,r_37_143_56,r_40_116_110,r_133_68_18,r_37_143_56,1.0,0,56,56,36
30,r_76_16_88,r_136_34_90,r_58_145_60,r_58_145_60,1.0,2,62,60,36
8,r_2_17_113,r_13_142_46,r_23_26_29,r_2_17_113,0.89,-66,47,113,36
36,r_14_74_187,seq118,r_70_117_116,r_70_117_116,0.46,71,187,116,36
14,r_131_72_119,r_121_4_158,seq69,r_121_4_158,0.64,-36,122,158,36
43,r_111_96_111,r_9_109_165,r_8_31_86,r_8_31_86,0.47,-15,71,86,36
9,r_58_145_60,r_76_16_88,seq69,r_76_16_88,1.0,-1,87,88,36
81,seq86,seq130,r_119_67_30,r_119_67_30,1.0,4,34,30,36
10,r_119_67_30,r_23_26_29,seq86,r_119_67_30,1.0,1,31,30,36
25,r_25_50_153,r_11_66_55,seq3,r_11_66_55,0.86,0,55,55,36
55,seq6,r_90_95_160,seq93,r_90_95_160,1.0,1,161,160,36
71,seq49,seq126,r_9_109_165,r_9_109_165,0.86,7,172,165,36
86,seq94,r_5_149_66,seq139,r_5_149_66,1.0,0,66,66,36
21,r_8_31_86,seq73,r_111_96_111,r_8_31_86,0.78,0,86,86,36
16,r_138_147_154,r_43_141_185,r_91_55_22,r_91_55_22,1.0,4,26,22,36
1,r_91_55_22,r_138_147_154,seq100,r_138_147_154,0.82,1,155,154,36
38,r_62_101_48,seq103,r_121_4_158,r_62_101_48,1.0,0,48,48,36
5,r_39_113_156,r_57_78_68,r_22_85_53,r_39_113_156,1.0,-87,69,156,36
46,r_27_146_95,seq104,seq24,r_27_146_95,0.89,5,100,95,36
18,r_133_68_18,r_2_17_113,seq35,r_133_68_18,1.0,0,18,18,36
45,r_11_66_55,r_25_50_153,seq45,r_11_66_55,1.0,0,55,55,36
13,r_134_108_35,r_20_88_65,r_22_85_53,r_134_108_35,0.8,18,53,35,36
17,r_112_80_38,seq126,seq71,r_112_80_38,0.99,1,39,38,36
20,r_110_79_20,seq30,r_128_15_163,r_110_79_20,0.98,1,21,20,36
76,seq69,r_136_34_90,r_131_72_119,r_136_34_90,0.99,0,90,90,36
38,r_62_101_48,r_121_4_158,r_42_65_84,r_42_65_84,0.99,71,155,84,36
31,r_28_63_173,seq81,r_138_147_154,r_28_63_173,0.67,0,173,173,36
67,seq36,seq83,r_56_102_81,r_56_102_81,1.0,7,88,81,36
44,r_124_97_54,r_136_34_90,seq71,r_124_97_54,1.0,0,54,54,36
89,seq100,r_43_141_185,r_2_17_113,r_2_17_113,0.79,63,176,113,36
3,r_148_107_108,r_42_65_84,r_54_59_134,r_42_65_84,0.97,0,84,84,36
26,r_9_109_165,seq46,seq49,r_9_109_165,0.75,-3,162,165,36
8,r_2_17_113,r_23_26_29,seq100,r_2_17_113,0.86,3,116,113,36
16,r_138_147_154,r_91_55_22,seq99,r_138_147_154,0.94,1,155,154,36
43,r_111_96_111,r_8_31_86,seq3,r_111_96_111,0.93,0,111,111,36
11,r_90_95_160,seq6,seq139,r_90_95_160,0.51,5,165,160,36
15,r_40_116_110,r_84_105_195,r_110_79_20,r_40_116_110,0.97,0,110,110,36
48,r_33_125_80,seq45,seq144,r_33_125_80,0.99,1,81,80,36
49,r_128_15_163,r_110_79_20,seq123,r_128_15_163,0.55,1,164,163,36
21,r_8_31_86,r_111_96_111,r_14_74_187,r_111_96_111,0.69,0,111,111,36
62,seq21,r_48_127_152,seq81,r_48_127_152,0.98,0,152,152,36
5,r_39_113_156,r_22_85_53,r_20_88_65,r_39_113_156,0.67,0,156,156,36
27,r_13_142_46,r_2_17_113,seq12,r_13_142_46,1.0,1,47,46,36
39,r_41_19_25,r_22_85_53,seq24,r_41_19_25,0.99,-2,23,25,36
49,r_128_15_163,r_41_19_25,r_110_79_20,r_128_15_163,0.47,-138,25,163,36
3,r_148_107_108,r_54_59_134,seq140,r_148_107_108,0.98,0,108,108,36
2,r_29_60_91,r_48_127_152,r_84_105_195,r_29_60_91,1.0,0,91,91,36
41,r_23_26_29,r_2_17_113,r_47_38_105,r_47_38_105,0.54,11,116,105,36
47,r_121_4_158,r_131_72_119,r_62_101_48,r_62_101_48,1.0,80,128,48,36
40,r_5_149_66,seq94,r_40_116_110,r_5_149_66,1.0,1,67,66,36
29,r_82_10_142,seq73,r_56_102_81,r_82_10_142,0.74,1,143,142,36
24,r_57_78_68,r_39_113_156,seq135,r_57_78_68,0.84,1,69,68,36
13,r_134_108_35,r_5_149_66,r_20_88_65,r_134_108_35,0.98,0,35,35,36
20,r_110_79_20,r_128_15_163,seq132,r_110_79_20,0.66,144,164,20,36
68,seq135,r_82_10_142,r_20_88_65,r_20_88_65,1.0,54,119,65,36
24,r_57_78_68,seq135,r_76_16_88,r_76_16_88,0.71,0,88,88,36
32,r_136_34_90,seq69,seq30,r_136_34_90,0.99,0,90,90,36
63,seq24,seq144,r_41_19_25,r_41_19_25,0.9,17,42,25,36
77,seq71,r_70_117_116,r_124_97_54,r_124_97_54,0.97,65,119,54,36
40,r_5_149_66,r_40_116_110,r_29_60_91,r_40_116_110,0.53,-1,109,110,36
34,r_56_102_81,seq120,seq36,r_56_102_81,1.0,0,81,81,36
7,r_75_53_41,seq103,seq98,r_75_53_41,1.0,2,43,41,36
60,seq144,seq24,r_33_125_80,r_33_125_80,1.0,1,81,80,36
25,r_25_50_153,seq3,r_9_109_165,r_25_50_153,0.55,-25,128,153,36
1,r_91_55_22,r_76_16_88,r_138_147_154,r_91_55_22,0.96,1,23,22,36
30,r_76_16_88,r_58_145_60,r_57_78_68,r_76_16_88,1.0,0,88,88,36
9,r_58_145_60,r_54_59_134,r_76_16_88,r_58_145_60,1.0,0,60,60,36
96,seq120,r_56_102_81,seq87,r_56_102_81,1.0,0,81,81,36
47,r_121_4_158,r_62_101_48,r_13_142_46,r_121_4_158,0.51,4,162,158,36
22,r_48_127_152,seq21,r_22_85_53,r_48_127_152,0.88,0,152,152,36
28,r_42_65_84,r_148_107_108,seq12,r_42_65_84,1.0,0,84,84,36
91,seq104,r_27_146_95,r_33_125_80,r_33_125_80,0.87,20,100,80,36
41,r_23_26_29,r_119_67_30,r_2_17_113,r_23_26_29,0.99,0,29,29,36
0,r_22_85_53,seq7,r_134_108_35,r_22_85_53,0.97,0,53,53,36
79,seq81,r_28_63_173,seq21,r_28_63_173,0.92,-3,170,173,36
35,r_84_105_195,r_40_116_110,r_29_60_91,r_84_105_195,1.0,-96,99,195,36
12,r_47_38_105,seq140,r_23_26_29,r_47_38_105,0.96,0,105,105,36
44,r_32_58_53,seq133,r_78_6_134,r_78_6_134,0.98,8,142,134,37
36,r_84_42_101,seq36,r_12_75_19,r_84_42_101,0.63,0,101,101,37
14,r_24_74_169,r_19_109_176,r_123_134_144,r_24_74_169,0.61,0,169,169,37
8,r_21_51_133,seq95,r_37_1_88,r_37_1_88,0.79,0,88,88,37
53,seq136,r_40_44_111,r_117_98_89,r_117_98_89,0.66,26,115,89,37
43,r_61_28_164,r_45_49_76,r_9_86_47,r_61_28_164,1.0,-102,62,164,37
54,seq137,seq83,r_52_118_65,r_52_118_65,1.0,27,92,65,37
37,r_25_33_28,r_123_134_144,r_24_74_169,r_25_33_28,0.99,0,28,28,37
19,r_147_103_135,r_12_75_19,seq50,r_147_103_135,0.99,1,136,135,37
21,r_45_49_76,r_61_28_164,seq29,r_45_49_76,1.0,0,76,76,37
24,r_123_134_144,r_25_33_28,r_12_75_19,r_123_134_144,0.69,-116,28,144,37
5,r_52_118_65,seq26,seq137,r_52_118_65,1.0,4,69,65,37
32,r_64_72_197,r_10_108_62,r_123_134_144,r_123_134_144,0.97,3,147,144,37
45,r_121_38_146,r_43_128_59,r_0_92_11,r_43_128_59,0.93,3,62,59,37
92,seq112,r_9_86_47,r_144_106_39,r_9_86_47,0.56,0,47,47,37
24,r_123_134_144,r_12_75_19,r_64_72_197,r_123_134_144,0.82,0,144,144,37
30,r_43_128_59,r_121_38_146,seq2,r_43_128_59,1.0,0,59,59,37
27,r_3_101_179,seq110,r_99_104_159,r_99_104_159,0.53,20,179,159,37
51,seq5,seq110,r_111_80_183,r_111_80_183,0.65,-2,181,183,37
66,seq29,seq138,r_45_49_76,r_45_49_76,1.0,23,99,76,37
76,seq57,seq30,r_10_108_62,r_10_108_62,0.98,0,62,62,37
38,r_60_70_52,r_12_75_19,r_22_4_186,r_22_4_186,0.5,-2,184,186,37
39,r_0_92_11,r_121_38_146,r_115_34_49,r_115_34_49,0.77,83,132,49,37
41,r_117_98_89,seq5,seq138,r_117_98_89,1.0,2,91,89,37
67,seq30,r_99_104_159,r_140_68_1,r_99_104_159,0.61,0,159,159,37
45,r_121_38_146,seq136,r_99_104_159,r_99_104_159,1.0,0,159,159,37
10,r_113_65_103,seq7,seq46,r_113_65_103,1.0,0,103,103,37
26,r_16_93_156,seq53,seq7,r_16_93_156,0.75,0,156,156,37
31,r_12_75_19,r_91_141_57,r_84_42_101,r_12_75_19,0.5,161,180,19,37
20,r_115_34_49,r_19_109_176,r_121_38_146,r_115_34_49,1.0,0,49,49,37
72,seq46,seq130,r_113_65_103,r_113_65_103,1.0,1,104,103,37
16,r_13_59_51,r_64_72_197,seq85,r_13_59_51,1.0,0,51,51,37
11,r_140_68_1,r_78_6_134,seq30,r_78_6_134,0.97,0,134,134,37
38,r_60_70_52,r_52_118_65,r_12_75_19,r_60_70_52,0.96,0,52,52,37
15,r_22_4_186,r_48_119_191,r_60_70_52,r_60_70_52,0.92,135,187,52,37
48,r_146_116_112,r_147_103_135,r_37_1_88,r_146_116_112,1.0,0,112,112,37
57,seq130,seq46,r_23_77_114,r_23_77_114,1.0,6,120,114,37
0,r_135_131_26,r_87_54_54,seq125,r_135_131_26,0.64,0,26,26,37
19,r_147_103_135,r_146_116_112,r_12_75_19,r_12_75_19,0.93,3,22,19,37
74,seq50,seq137,r_147_103_135,r_147_103_135,0.53,-2,133,135,37
85,seq89,seq95,r_87_54_54,r_87_54_54,1.0,47,101,54,37
51,seq5,r_63_139_79,seq110,r_63_139_79,0.76,33,112,79,37
9,r_132_35_198,r_52_118_65,r_55_124_37,r_132_35_198,1.0,-156,42,198,37
27,r_3_101_179,r_23_77_114,seq110,r_23_77_114,1.0,-5,109,114,37
33,r_87_54_54,seq73,seq89,r_87_54_54,1.0,0,54,54,37
2,r_76_67_185,seq110,r_147_103_135,r_76_67_185,0.27,0,185,185,37
47,r_10_108_62,seq20,seq57,r_10_108_62,0.87,-1,61,62,37
18,r_69_8_184,seq143,r_84_42_101,r_84_42_101,0.69,83,184,101,37
29,r_31_97_147,r_48_119_191,r_52_118_65,r_48_119_191,0.58,-44,147,191,37
25,r_99_104_159,seq30,r_121_38_146,r_99_104_159,0.54,0,159,159,37
43,r_61_28_164,r_9_86_47,r_16_93_156,r_61_28_164,0.81,0,164,164,37
80,seq73,r_87_54_54,seq122,r_87_54_54,1.0,0,54,54,37
6,r_144_106_39,r_146_116_112,seq7,r_144_106_39,0.94,0,39,39,37
96,seq122,seq73,r_88_105_74,r_88_105_74,0.77,102,176,74,37
20,r_115_34_49,r_121_38_146,r_0_92_11,r_121_38_146,0.94,-14,132,146,37
31,r_12_75_19,r_60_70_52,r_91_141_57,r_12_75_19,0.63,144,163,19,37
61,seq18,seq122,r_88_105_74,r_88_105_74,1.0,0,74,74,37
22,r_37_1_88,r_21_51_133,r_146_116_112,r_21_51_133,0.93,-1,132,133,37
34,r_88_105_74,seq127,seq18,r_88_105_74,1.0,1,75,74,37
45,r_121_38_146,r_0_92_11,seq136,r_121_38_146,0.46,0,146,146,37
17,r_94_102_96,r_48_119_191,r_25_33_28,r_94_102_96,0.97,0,96,96,37
94,seq120,r_111_80_183,r_63_139_79,r_63_139_79,1.0,104,183,79,37
39,r_0_92_11,r_88_105_74,r_121_38_146,r_0_92_11,0.92,0,11,11,37
31,r_12_75_19,r_147_103_135,r_60_70_52,r_147_103_135,0.7,3,138,135,37
53,seq136,r_117_98_89,r_121_38_146,r_121_38_146,0.85,0,146,146,37
37,r_25_33_28,r_24_74_169,r_94_102_96,r_94_102_96,0.99,73,169,96,37
22,r_37_1_88,seq53,r_21_51_133,r_37_1_88,0.98,0,88,88,37
28,r_63_139_79,seq148,seq120,r_63_139_79,0.99,0,79,79,37
40,r_91_141_57,seq138,seq11,r_91_141_57,1.0,2,59,57,37
4,r_17_15_35,r_117_98_89,seq148,r_17_15_35,1.0,0,35,35,37
49,r_78_6_134,r_140_68_1,r_32_58_53,r_78_6_134,0.92,0,134,134,37
7,r_40_44_111,seq136,seq53,r_40_44_111,0.95,0,111,111,37
32,r_64_72_197,r_13_59_51,r_10_108_62,r_13_59_51,0.76,1,52,51,37
8,r_21_51_133,r_37_1_88,seq138,r_21_51_133,1.0,0,133,133,37
13,r_55_124_37,seq7,r_132_35_198,r_55_124_37,1.0,1,38,37,37
23,r_9_86_47,seq112,r_61_28_164,r_9_86_47,1.0,0,47,47,37
33,r_87_54_54,r_135_131_26,seq73,r_135_131_26,1.0,0,26,26,37
35,r_48_119_191,r_31_97_147,r_22_4_186,r_31_97_147,0.98,0,147,147,37
31,r_12_75_19,seq53,r_147_103_135,r_12_75_19,0.99,0,19,19,37
44,r_32_58_53,r_69_8_184,seq133,r_32_58_53,1.0,0,53,53,37
12,r_23_77_114,r_3_101_179,seq130,r_23_77_114,1.0,0,114,114,37
23,r_9_86_47,r_61_28_164,r_115_34_49,r_9_86_47,0.64,117,164,47,37
37,r_35_47_56,seq62,seq4,r_35_47_56,1.0,0,56,56,38
30,r_38_126_123,r_44_12_149,r_127_79_119,r_38_126_123,0.97,1,124,123,38
36,r_43_41_199,seq65,r_13_40_163,r_43_41_199,0.46,-37,162,199,38
95,seq115,r_83_1_187,seq59,r_83_1_187,1.0,0,187,187,38
8,r_81_133_19,seq7,seq55,r_81_133_19,0.99,0,19,19,38
14,r_102_84_134,r_42_17_139,r_127_79_119,r_42_17_139,0.85,-5,134,139,38
43,r_97_20_90,seq118,seq128,r_97_20_90,0.98,1,91,90,38
19,r_109_92_16,r_19_104_110,seq75,r_109_92_16,0.97,0,16,16,38
83,seq80,seq60,r_140_50_102,r_140_50_102,1.0,6,108,102,38
71,seq136,seq138,r_121_56_80,r_121_56_80,1.0,-2,78,80,38
16,r_54_68_183,seq27,r_120_6_72,r_120_6_72,1.0,5,77,72,38
21,r_58_98_138,seq4,r_120_6_72,r_58_98_138,0.6,0,138,138,38
1,r_48_141_77,seq101,seq144,r_48_141_77,1.0,0,77,77,38
97,seq119,r_121_56_80,seq115,r_121_56_80,0.95,0,80,80,38
5,r_121_56_80,seq55,seq136,r_121_56_80,1.0,0,80,80,38
42,r_132_45_107,seq148,seq65,r_132_45_107,0.95,0,107,107,38
45,r_22_66_192,r_19_104_110,r_31_70_25,r_22_66_192,0.63,-83,109,192,38
27,r_31_70_25,seq136,r_22_66_192,r_31_70_25,1.0,0,25,25,38
61,seq14,seq65,r_64_114_48,r_64_114_48,0.98,0,48,48,38
15,r_21_147_41,seq27,r_120_6_72,r_120_6_72,1.0,32,104,72,38
51,seq128,r_131_26_42,r_97_20_90,r_97_20_90,0.88,0,90,90,38
95,seq115,r_106_24_129,r_83_1_187,r_106_24_129,0.97,0,129,129,38
33,r_129_63_10,seq71,r_57_139_29,r_57_139_29,1.0,1,30,29,38
73,seq52,r_53_94_147,r_91_135_31,r_91_135_31,0.86,0,31,31,38
3,r_82_145_135,seq123,r_88_85_182,r_82_145_135,0.78,0,135,135,38
90,seq101,r_48_141_77,seq108,r_48_141_77,1.0,0,77,77,38
26,r_46_96_159,seq29,seq77,r_46_96_159,0.58,1,160,159,38
4,r_44_12_149,seq108,r_11_99_173,r_44_12_149,0.74,25,174,149,38
16,r_54_68_183,r_120_6_72,seq119,r_54_68_183,0.71,0,183,183,38
4,r_44_12_149,r_38_126_123,seq108,r_44_12_149,0.62,1,150,149,38
0,r_13_40_163,r_74_113_7,r_43_41_199,r_13_40_163,0.44,0,163,163,38
11,r_137_39_133,seq77,seq93,r_137_39_133,0.99,1,134,133,38
2,r_131_26_42,seq101,seq148,r_131_26_42,1.0,0,42,42,38
20,r_149_49_109,r_106_24_129,r_35_47_56,r_149_49_109,0.96,0,109,109,38
13,r_74_113_7,r_13_40_163,r_46_96_159,r_74_113_7,0.46,158,165,7,38
98,seq122,seq3,r_76_116_100,r_76_116_100,1.0,14,114,100,38
48,r_11_99_173,seq134,r_44_12_149,r_44_12_149,0.74,26,175,149,38
6,r_19_104_110,r_22_66_192,seq128,r_19_104_110,1.0,0,110,110,38
62,seq15,seq62,r_33_146_126,r_33_146_126,1.0,1,127,126,38
15,r_21_147_41,seq9,seq27,r_21_147_41,0.95,2,43,41,38
99,seq123,r_82_145_135,seq8,r_82_145_135,0.99,0,135,135,38
47,r_106_24_129,seq115,seq52,r_106_24_129,0.96,0,129,129,38
74,seq55,r_121_56_80,r_81_133_19,r_121_56_80,0.78,0,80,80,38
29,r_127_79_119,seq148,r_38_126_123,r_127_79_119,0.98,5,124,119,38
10,r_143_95_20,seq59,seq86,r_143_95_20,0.73,2,22,20,38
25,r_140_50_102,seq89,seq80,r_140_50_102,1.0,0,102,102,38
64,seq18,r_120_6_72,r_91_135_31,r_120_6_72,0.9,0,72,72,38
46,r_130_87_55,r_132_45_107,seq110,r_132_45_107,0.74,-50,57,107,38
24,r_78_72_26,r_44_12_149,seq144,r_78_72_26,0.77,0,26,26,38
88,seq93,r_121_56_80,seq115,r_121_56_80,1.0,0,80,80,38
51,seq128,r_97_20_90,r_19_104_110,r_19_104_110,1.0,6,116,110,38
32,r_112_124_124,seq108,r_143_95_20,r_112_124_124,0.84,3,127,124,38
39,r_117_10_52,r_35_47_56,seq27,r_117_10_52,1.0,0,52,52,38
38,r_42_17_139,r_102_84_134,r_106_24_129,r_106_24_129,0.76,6,135,129,38
34,r_53_94_147,seq52,seq67,r_53_94_147,0.7,0,147,147,38
18,r_91_135_31,seq118,seq52,r_91_135_31,0.92,-1,30,31,38
59,seq9,r_21_147_41,seq118,r_21_147_41,1.0,2,43,41,38
17,r_76_116_100,r_112_124_124,seq122,r_76_116_100,0.67,0,100,100,38
40,r_16_36_30,seq67,seq138,r_16_36_30,1.0,0,30,30,38
9,r_88_85_182,r_58_98_138,r_82_145_135,r_88_85_182,0.68,-46,136,182,38
96,seq118,r_97_20_90,seq9,r_97_20_90,0.89,1,91,90,38
28,r_33_146_126,seq29,seq15,r_33_146_126,0.98,0,126,126,38
41,r_57_139_29,r_121_56_80,r_129_63_10,r_57_139_29,1.0,0,29,29,38
33,r_129_63_10,r_127_79_119,seq71,r_129_63_10,0.9,0,10,10,38
56,seq134,r_11_99_173,seq5,r_11_99_173,0.8,2,175,173,38
68,seq28,r_137_39_133,r_143_95_20,r_143_95_20,0.37,38,58,20,38
44,r_73_25_132,seq65,seq108,r_73_25_132,0.92,0,132,132,38
88,seq93,seq115,r_137_39_133,r_137_39_133,0.56,5,138,133,38
85,seq86,seq51,r_143_95_20,r_143_95_20,1.0,1,21,20,38
23,r_120_6_72,seq18,r_54_68_183,r_120_6_72,1.0,0,72,72,38
82,seq77,r_137_39_133,r_74_113_7,r_137_39_133,1.0,2,135,133,38
79,seq67,seq134,r_53_94_147,r_53_94_147,1.0,35,182,147,38
35,r_107_34_143,seq7,seq101,r_107_34_143,0.77,0,143,143,38
12,r_83_1_187,seq115,r_31_70_25,r_31_70_25,0.73,162,187,25,38
7,r_125_111_40,seq128,seq65,r_125_111_40,1.0,0,40,40,38
23,r_120_6_72,r_54_68_183,r_58_98_138,r_58_98_138,1.0,-1,137,138,38
40,r_6_12_66,r_11_59_157,r_126_147_147,r_6_12_66,0.75,92,158,66,39
30,r_65_61_144,seq79,r_77_113_85,r_77_113_85,1.0,5,90,85,39
18,r_11_59_157,r_6_12_66,seq79,r_11_59_157,0.94,0,157,157,39
27,r_71_75_20,r_90_141_94,r_35_51_130,r_71_75_20,0.89,0,20,20,39
6,r_40_142_131,seq82,r_0_122_162,r_40_142_131,0.75,19,150,131,39
14,r_70_48_126,r_10_84_142,seq105,r_70_48_126,0.98,0,126,126,39
8,r_38_118_64,seq105,seq95,r_38_118_64,1.0,1,65,64,39
43,r_26_88_72,seq31,r_134_114_125,r_26_88_72,0.99,0,72,72,39
41,r_94_32_153,r_99_85_179,seq56,r_94_32_153,0.76,23,176,153,39
54,seq14,r_16_107_100,seq4,r_16_107_100,1.0,0,100,100,39
83,seq96,r_33_72_96,seq56,r_33_72_96,0.63,3,99,96,39
37,r_62_36_69,seq44,r_5_49_193,r_62_36_69,1.0,0,69,69,39
98,seq124,r_140_13_165,r_19_130_23,r_140_13_165,0.59,-34,131,165,39
48,r_108_132_11,r_5_49_193,seq89,r_108_132_11,0.96,0,11,11,39
55,seq17,seq121,r_46_146_50,r_46_146_50,1.0,12,62,50,39
71,seq58,seq123,r_67_69_18,r_67_69_18,0.77,153,171,18,39
21,r_35_51_130,seq82,seq137,r_35_51_130,0.95,0,130,130,39
39,r_126_147_147,r_99_85_179,r_6_12_66,r_99_85_179,0.57,-31,148,179,39
1,r_67_69_18,seq123,r_64_24_167,r_64_24_167,0.81,4,171,167,39
1,r_67_69_18,r_2_136_138,seq123,r_67_69_18,0.83,0,18,18,39
5,r_53_68_173,r_1_73_160,r_35_51_130,r_53_68_173,0.58,-13,160,173,39
46,r_57_45_135,seq25,seq18,r_57_45_135,0.89,0,135,135,39
42,r_138_30_75,r_65_61_144,seq22,r_138_30_75,1.0,0,75,75,39
27,r_71_75_20,r_26_88_72,r_65_61_144,r_71_75_20,0.68,143,163,20,39
11,r_140_13_165,seq137,seq124,r_140_13_165,0.86,0,165,165,39
27,r_71_75_20,r_35_51_130,r_26_88_72,r_26_88_72,1.0,58,130,72,39
76,seq79,r_111_28_67,r_65_61_144,r_111_28_67,1.0,-7,60,67,39
57,seq21,seq109,r_19_130_23,r_19_130_23,1.0,17,40,23,39
3,r_131_116_109,seq21,seq115,r_131_116_109,0.88,0,109,109,39
26,r_60_144_151,r_1_73_160,r_131_116_109,r_60_144_151,0.58,0,151,151,39
78,seq83,seq95,r_90_141_94,r_90_141_94,1.0,5,99,94,39
0,r_139_42_74,r_134_114_125,seq79,r_139_42_74,0.98,0,74,74,39
20,r_77_113_85,seq74,r_65_61_144,r_77_113_85,1.0,0,85,85,39
33,r_55_41_39,r_94_32_153,seq47,r_55_41_39,1.0,0,39,39,39
98,seq124,seq21,r_140_13_165,r_140_13_165,0.47,-87,78,165,39
15,r_64_24_167,seq103,r_67_69_18,r_67_69_18,0.66,149,167,18,39
6,r_40_142_131,r_11_59_157,seq82,r_40_142_131,0.48,3,134,131,39
62,seq31,r_26_88_72,r_9_15_53,r_26_88_72,0.81,0,72,72,39
7,r_10_84_142,r_16_107_100,seq18,r_10_84_142,1.0,0,142,142,39
4,r_46_146_50,seq4,seq17,r_46_146_50,1.0,0,50,50,39
22,r_52_129_163,seq121,r_62_36_69,r_52_129_163,0.61,-1,162,163,39
2,r_2_136_138,seq37,seq109,r_2_136_138,1.0,0,138,138,39
47,r_16_107_100,seq14,seq25,r_16_107_100,1.0,0,100,100,39
40,r_6_12_66,seq137,r_11_59_157,r_6_12_66,0.99,0,66,66,39
74,seq74,r_77_113_85,seq98,r_77_113_85,1.0,0,85,85,39
18,r_11_59_157,r_40_142_131,r_6_12_66,r_6_12_66,0.92,65,131,66,39
29,r_1_73_160,r_53_68_173,r_57_45_135,r_1_73_160,0.97,0,160,160,39
25,r_97_128_191,r_90_141_94,r_8_93_9,r_90_141_94,0.71,0,94,94,39
65,seq135,seq137,r_99_85_179,r_99_85_179,0.57,0,179,179,39
30,r_65_61_144,r_77_113_85,seq63,r_65_61_144,1.0,0,144,144,39
32,r_27_76_145,seq123,r_20_110_47,r_27_76_145,0.92,0,145,145,39
38,r_0_122_162,r_99_85_179,r_40_142_131,r_0_122_162,0.82,0,162,162,39
77,seq82,r_35_51_130,seq63,r_35_51_130,0.98,1,131,130,39
67,seq47,seq23,r_55_41_39,r_55_41_39,0.98,13,52,39,39
34,r_112_86_129,r_1_73_160,seq98,r_112_86_129,0.69,1,130,129,39
28,r_9_15_53,seq96,seq66,r_9_15_53,1.0,0,53,53,39
41,r_94_32_153,r_55_41_39,seq63,r_55_41_39,0.88,0,39,39,39
36,r_20_110_47,seq44,seq109,r_20_110_47,1.0,0,47,47,39
44,r_134_114_125,r_26_88_72,r_46_146_50,r_134_114_125,1.0,0,125,125,39
52,seq7,r_71_75_20,r_65_61_144,r_65_61_144,0.82,18,162,144,39
17,r_90_141_94,r_97_128_191,seq83,r_90_141_94,0.98,0,94,94,39
25,r_97_128_191,r_8_93_9,r_55_41_39,r_55_41_39,0.52,150,189,39,39
9,r_99_85_179,r_94_32_153,seq135,r_99_85_179,0.93,0,179,179,39
9,r_99_85_179,r_126_147_147,r_94_32_153,r_126_147_147,0.54,1,148,147,39
50,seq4,r_46_146_50,seq37,r_46_146_50,1.0,-3,47,50,39
96,seq121,seq17,r_55_41_39,r_55_41_39,0.96,140,179,39,39
37,r_62_36_69,r_5_49_193,r_52_129_163,r_52_129_163,0.91,4,167,163,39
20,r_77_113_85,r_65_61_144,seq79,r_65_61_144,1.0,0,144,144,39
91,seq109,seq21,r_2_136_138,r_2_136_138,1.0,6,144,138,39
49,r_111_28_67,seq79,seq14,r_111_28_67,0.99,0,67,67,39
72,seq63,seq50,r_65_61_144,r_65_61_144,0.99,31,175,144,39
7,r_10_84_142,r_70_48_126,r_16_107_100,r_16_107_100,0.92,25,125,100,39
43,r_26_88_72,r_134_114_125,r_71_75_20,r_134_114_125,1.0,0,125,125,39
44,r_134_114_125,r_35_51_130,r_26_88_72,r_26_88_72,1.0,1,73,72,39
23,r_33_72_96,seq96,seq105,r_33_72_96,0.87,8,104,96,39
3,r_131_116_109,seq115,r_60_144_151,r_60_144_151,1.0,1,152,151,39
82,seq95,seq83,r_38_118_64,r_38_118_64,1.0,4,68,64,39
12,r_145_80_175,seq127,seq124,r_145_80_175,0.42,0,175,175,39
76,seq79,r_77_113_85,r_11_59_157,r_11_59_157,1.0,7,164,157,39
41,r_35_100_45,r_121_71_106,r_106_49_33,r_35_100_45,0.99,0,45,45,40
30,r_46_48_189,r_116_138_146,r_97_65_133,r_97_65_133,0.9,14,147,133,40
51,seq128,r_81_113_120,r_77_134_67,r_77_134_67,0.94,1,68,67,40
70,seq135,r_40_27_51,seq118,r_40_27_51,1.0,0,51,51,40
14,r_117_145_84,seq129,seq16,r_117_145_84,1.0,0,84,84,40
8,r_28_3_79,r_110_51_188,r_143_132_82,r_28_3_79,1.0,3,82,79,40
21,r_147_21_159,r_121_71_106,seq127,r_147_21_159,0.81,0,159,159,40
53,seq7,r_97_65_133,seq90,r_97_65_133,0.91,0,133,133,40
86,seq86,r_36_126_20,r_84_111_168,r_84_111_168,1.0,15,183,168,40
83,seq82,r_116_138_146,r_97_65_133,r_97_65_133,0.93,1,134,133,40
37,r_70_78_143,seq16,r_45_33_142,r_70_78_143,0.99,0,143,143,40
16,r_62_74_21,seq61,seq30,r_62_74_21,0.87,0,21,21,40
72,seq142,seq115,r_59_6_35,r_59_6_35,0.99,0,35,35,40
24,r_38_2_60,r_72_31_132,seq129,r_38_2_60,0.91,-1,59,60,40
55,seq10,seq53,r_64_29_108,r_64_29_108,0.55,-1,107,108,40
21,r_147_21_159,r_45_33_142,r_121_71_106,r_121_71_106,1.0,37,143,106,40
39,r_98_56_127,r_64_29_108,r_28_3_79,r_28_3_79,1.0,31,110,79,40
1,r_89_43_49,r_119_92_158,seq47,r_119_92_158,1.0,-1,157,158,40
32,r_22_99_16,r_28_3_79,seq61,r_22_99_16,0.53,0,16,16,40
46,r_112_58_157,r_98_56_127,r_143_132_82,r_143_132_82,0.99,5,87,82,40
42,r_12_18_173,r_77_134_67,seq80,r_77_134_67,1.0,0,67,67,40
45,r_45_33_142,r_147_21_159,r_70_78_143,r_45_33_142,0.91,1,143,142,40
19,r_121_71_106,r_64_29_108,r_36_126_20,r_121_71_106,0.98,0,106,106,40
27,r_76_88_31,seq146,r_116_138_146,r_116_138_146,0.64,6,152,146,40
13,r_59_6_35,seq90,seq142,r_59_6_35,0.9,-1,34,35,40
31,r_143_132_82,seq105,r_28_3_79,r_143_132_82,1.0,0,82,82,40
67,seq39,seq30,r_101_102_116,r_101_102_116,1.0,2,118,116,40
89,seq96,r_137_104_180,r_73_136_30,r_73_136_30,1.0,150,180,30,40
3,r_107_5_130,r_23_83_170,seq42,r_107_5_130,0.9,2,132,130,40
90,seq144,r_72_31_132,seq60,r_72_31_132,1.0,-8,124,132,40
26,r_40_27_51,seq135,r_89_43_49,r_40_27_51,0.92,7,58,51,40
40,r_148_25_107,seq96,r_40_27_51,r_148_25_107,0.47,52,159,107,40
4,r_64_29_108,r_98_56_127,seq10,r_98_56_127,0.95,-17,110,127,40
0,r_55_131_89,seq130,seq91,r_55_131_89,0.98,0,89,89,40
11,r_116_138_146,r_46_48_189,r_76_88_31,r_76_88_31,0.83,116,147,31,40
46,r_112_58_157,r_143_132_82,seq146,r_112_58_157,0.9,0,157,157,40
48,r_97_65_133,seq7,seq82,r_97_65_133,0.98,0,133,133,40
49,r_36_126_20,seq86,r_52_37_71,r_52_37_71,1.0,15,86,71,40
6,r_137_104_180,seq96,r_28_3_79,r_137_104_180,0.5,0,180,180,40
99,seq127,r_124_32_186,r_147_21_159,r_147_21_159,0.53,27,186,159,40
30,r_46_48_189,r_97_65_133,r_94_63_101,r_46_48_189,0.75,1,190,189,40
1,r_89_43_49,seq42,r_119_92_158,r_89_43_49,1.0,0,49,49,40
93,seq115,seq142,r_81_113_120,r_81_113_120,1.0,5,125,120,40
40,r_148_25_107,seq125,seq96,r_148_25_107,0.68,3,110,107,40
18,r_84_111_168,seq91,r_121_71_106,r_121_71_106,0.81,64,170,106,40
27,r_76_88_31,r_64_29_108,seq146,r_76_88_31,0.99,1,32,31,40
25,r_141_8_117,seq130,r_114_50_199,r_141_8_117,0.86,0,117,117,40
33,r_110_51_188,r_46_48_189,r_62_74_21,r_62_74_21,0.85,167,188,21,40
36,r_140_41_129,r_137_104_180,seq24,r_140_41_129,0.45,-98,31,129,40
64,seq24,seq20,r_23_83_170,r_23_83_170,0.87,3,173,170,40
88,seq91,seq53,r_55_131_89,r_55_131_89,1.0,21,110,89,40
20,r_23_83_170,r_54_4_25,seq24,r_23_83_170,0.75,0,170,170,40
15,r_149_1_23,seq34,r_54_4_25,r_149_1_23,1.0,2,25,23,40
42,r_12_18_173,seq80,r_137_104_180,r_137_104_180,0.59,0,180,180,40
47,r_73_136_30,r_38_2_60,seq96,r_73_136_30,1.0,0,30,30,40
29,r_93_108_44,seq142,seq13,r_93_108_44,1.0,0,44,44,40
34,r_52_37_71,r_98_56_127,r_36_126_20,r_52_37_71,0.79,0,71,71,40
76,seq61,r_137_104_180,r_22_99_16,r_22_99_16,0.8,0,16,16,40
60,seq16,r_70_78_143,r_117_145_84,r_117_145_84,0.74,27,111,84,40
17,r_94_63_101,seq30,seq42,r_94_63_101,1.0,0,101,101,40
39,r_98_56_127,r_28_3_79,r_140_41_129,r_98_56_127,0.84,2,129,127,40
7,r_133_79_9,r_54_4_25,seq125,r_133_79_9,0.97,1,10,9,40
22,r_81_113_120,seq128,seq115,r_81_113_120,0.98,0,120,120,40
28,r_72_31_132,seq144,seq139,r_72_31_132,0.96,0,132,132,40
10,r_54_4_25,seq0,r_149_1_23,r_54_4_25,1.0,0,25,25,40
43,r_106_49_33,seq129,seq75,r_106_49_33,0.98,0,33,33,40
44,r_109_19_68,r_45_33_142,seq0,r_109_19_68,1.0,0,68,68,40
20,r_23_83_170,r_107_5_130,r_54_4_25,r_54_4_25,0.99,4,29,25,40
23,r_77_134_67,r_12_18_173,seq128,r_77_134_67,1.0,0,67,67,40
69,seq42,r_106_49_33,r_94_63_101,r_94_63_101,0.76,1,102,101,40
49,r_36_126_20,r_95_87_193,seq86,r_36_126_20,0.96,0,20,20,40
35,r_101_102_116,seq61,seq39,r_101_102_116,0.95,0,116,116,40
5,r_57_26_34,seq135,seq105,r_57_26_34,1.0,0,34,34,40
84,seq139,seq68,r_72_31_132,r_72_31_132,0.95,47,179,132,40
47,r_43_135_62,r_58_69_37,seq126,r_58_69_37,1.0,0,37,37,41
36,r_36_71_101,r_30_29_183,r_42_78_169,r_42_78_169,0.83,2,171,169,41
26,r_31_8_66,r_13_79_3,seq19,r_31_8_66,0.89,0,66,66,41
20,r_46_93_46,r_43_135_62,r_123_48_24,r_43_135_62,0.83,-17,45,62,41
34,r_146_44_34,r_9_25_1,r_105_91_55,r_105_91_55,1.0,6,61,55,41
8,r_145_142_65,seq124,seq12,r_145_142_65,0.98,0,65,65,41
37,r_18_23_124,seq80,r_36_71_101,r_18_23_124,0.77,0,124,124,41
28,r_149_67_154,seq96,r_34_74_179,r_34_74_179,0.46,-25,154,179,41
71,seq59,seq124,r_58_69_37,r_58_69_37,1.0,41,78,37,41
16,r_42_78_169,seq12,r_36_71_101,r_36_71_101,0.57,69,170,101,41
39,r_30_29_183,r_36_71_101,r_104_143_72,r_30_29_183,0.49,0,183,183,41
1,r_37_28_89,seq98,r_145_142_65,r_37_28_89,1.0,0,89,89,41
35,r_138_73_18,seq133,seq136,r_138_73_18,0.98,0,18,18,41
98,seq124,r_145_142_65,seq83,r_145_142_65,1.0,-6,59,65,41
7,r_110_7_45,seq24,r_111_118_35,r_110_7_45,0.36,141,186,45,41
45,r_128_117_78,r_149_67_154,r_53_21_49,r_128_117_78,1.0,0,78,78,41
19,r_63_33_158,seq139,r_64_3_68,r_63_33_158,0.83,0,158,158,41
22,r_103_20_31,r_125_87_122,r_130_92_7,r_103_20_31,1.0,0,31,31,41
31,r_0_77_61,r_11_131_123,seq15,r_0_77_61,1.0,2,63,61,41
37,r_18_23_124,r_36_71_101,r_140_81_131,r_36_71_101,0.54,54,155,101,41
17,r_113_32_152,seq100,r_105_91_55,r_113_32_152,1.0,0,152,152,41
41,r_2_38_93,seq6,r_53_21_49,r_2_38_93,0.75,0,93,93,41
3,r_125_87_122,r_140_81_131,seq122,r_125_87_122,0.81,0,122,122,41
10,r_17_115_142,seq122,r_123_48_24,r_17_115_142,0.75,0,142,142,41
24,r_52_47_22,seq98,seq60,r_52_47_22,0.82,-1,21,22,41
32,r_144_40_83,r_53_21_49,r_84_45_28,r_144_40_83,0.93,0,83,83,41
50,seq4,r_132_14_194,r_84_45_28,r_84_45_28,1.0,1,29,28,41
18,r_123_48_24,r_58_69_37,r_63_33_158,r_123_48_24,0.95,0,24,24,41
78,seq72,seq126,r_104_143_72,r_104_143_72,0.99,4,76,72,41
0,r_112_106_71,r_144_40_83,r_145_142_65,r_112_106_71,1.0,0,71,71,41
79,seq75,seq50,r_97_27_27,r_97_27_27,1.0,0,27,27,41
73,seq61,r_89_88_125,seq96,r_89_88_125,1.0,0,125,125,41
11,r_89_88_125,seq61,r_55_127_141,r_89_88_125,0.24,0,125,125,41
8,r_145_142_65,seq12,r_37_28_89,r_37_28_89,1.0,7,96,89,41
42,r_53_21_49,r_114_129_132,r_144_40_83,r_53_21_49,0.93,0,49,49,41
42,r_53_21_49,r_144_40_83,r_128_117_78,r_53_21_49,0.96,34,83,49,41
15,r_26_57_118,seq5,seq94,r_26_57_118,0.88,0,118,118,41
4,r_114_129_132,seq86,seq109,r_114_129_132,0.99,0,132,132,41
9,r_105_91_55,r_30_29_183,r_146_44_34,r_105_91_55,1.0,0,55,55,41
57,seq12,r_42_78_169,r_37_28_89,r_37_28_89,0.99,63,152,89,41
44,r_55_127_141,r_89_88_125,r_46_93_46,r_55_127_141,0.79,1,142,141,41
75,seq65,seq122,r_125_87_122,r_125_87_122,0.64,13,135,122,41
34,r_146_44_34,r_31_8_66,r_9_25_1,r_146_44_34,0.63,0,34,34,41
23,r_111_118_35,r_125_87_122,seq126,r_111_118_35,1.0,0,35,35,41
72,seq60,seq50,r_52_47_22,r_52_47_22,1.0,3,25,22,41
53,seq136,seq59,r_138_73_18,r_138_73_18,0.69,0,18,18,41
2,r_11_131_123,r_55_127_141,seq51,r_11_131_123,0.97,0,123,123,41
43,r_54_35_15,r_17_115_142,seq12,r_54_35_15,0.98,0,15,15,41
4,r_114_129_132,r_53_21_49,seq86,r_53_21_49,1.0,-2,47,49,41
40,r_76_147_73,seq95,seq116,r_76_147_73,1.0,0,73,73,41
29,r_70_41_112,r_113_32_152,seq15,r_70_41_112,0.91,0,112,112,41
5,r_84_45_28,seq85,seq4,r_84_45_28,1.0,0,28,28,41
11,r_89_88_125,r_55_127_141,r_114_129_132,r_55_127_141,0.86,2,143,141,41
63,seq24,r_110_7_45,r_104_143_72,r_104_143_72,1.0,2,74,72,41
43,r_54_35_15,seq12,r_121_99_147,r_121_99_147,0.78,13,160,147,41
20,r_46_93_46,r_123_48_24,r_55_127_141,r_46_93_46,0.96,95,141,46,41
48,r_97_27_27,seq61,seq75,r_97_27_27,0.98,0,27,27,41
26,r_31_8_66,r_146_44_34,r_13_79_3,r_146_44_34,1.0,0,34,34,41
17,r_113_32_152,r_70_41_112,seq100,r_70_41_112,0.96,0,112,112,41
13,r_130_92_7,r_132_14_194,r_103_20_31,r_103_20_31,1.0,1,32,31,41
94,seq116,seq100,r_76_147_73,r_76_147_73,1.0,3,76,73,41
47,r_43_135_62,seq126,seq83,r_43_135_62,1.0,1,63,62,41
28,r_149_67_154,r_128_117_78,seq12,r_128_117_78,0.65,-1,77,78,41
49,r_104_143_72,seq6,seq24,r_104_143_72,1.0,0,72,72,41
56,seq139,r_63_33_158,seq95,r_63_33_158,0.98,-79,79,158,41
18,r_123_48_24,r_63_33_158,r_17_115_142,r_123_48_24,0.91,117,141,24,41
32,r_144_40_83,r_112_106_71,r_53_21_49,r_53_21_49,0.78,3,52,49,41
44,r_55_127_141,r_11_131_123,r_89_88_125,r_11_131_123,0.5,1,124,123,41
28,r_149_67_154,r_34_74_179,seq95,r_34_74_179,0.99,1,180,179,41
12,r_140_81_131,seq137,r_18_23_124,r_140_81_131,0.78,0,131,131,41
7,r_110_7_45,r_149_67_154,seq24,r_110_7_45,0.9,0,45,45,41
84,seq94,seq98,r_26_57_118,r_26_57_118,1.0,20,138,118,41
93,seq100,r_42_110_154,r_122_38_63,r_122_38_63,0.91,48,111,63,42
44,r_6_61_118,r_69_138_12,seq9,r_6_61_118,0.97,0,118,118,42
51,seq3,r_21_78_162,r_123_34_87,r_123_34_87,1.0,19,106,87,42
36,r_1_16_91,seq23,r_72_73_15,r_1_16_91,0.9,0,91,91,42
58,seq15,seq26,r_35_46_37,r_35_46_37,1.0,14,51,37,42
6,r_91_54_52,seq65,seq5,r_91_54_52,0.99,0,52,52,42
83,seq65,r_66_64_80,seq67,r_66_64_80,1.0,0,80,80,42
16,r_8_118_196,r_142_137_25,r_121_140_93,r_8_118_196,0.51,-171,25,196,42
86,seq75,seq124,r_115_79_41,r_115_79_41,1.0,56,97,41,42
98,seq125,r_91_54_52,r_72_73_15,r_91_54_52,1.0,0,52,52,42
42,r_120_129_129,r_29_116_139,r_102_93_18,r_120_129_129,0.91,0,129,129,42
30,r_13_20_177,seq132,seq70,r_13_20_177,1.0,0,177,177,42
80,seq57,r_81_50_165,r_83_106_104,r_83_106_104,0.73,2,106,104,42
4,r_47_87_102,r_82_97_192,r_6_61_118,r_47_87_102,0.53,34,136,102,42
32,r_11_0_184,r_18_107_16,seq100,r_11_0_184,0.33,0,184,184,42
46,r_72_73_15,r_121_140_93,seq125,r_72_73_15,0.59,1,16,15,42
45,r_29_116_139,seq14,seq48,r_29_116_139,0.99,0,139,139,42
30,r_13_20_177,r_35_46_37,r_51_76_172,r_35_46_37,0.99,0,37,37,42
25,r_115_79_41,seq57,seq75,r_115_79_41,1.0,0,41,41,42
27,r_145_104_68,r_51_76_172,seq117,r_145_104_68,0.85,1,69,68,42
11,r_68_25_48,r_60_92_146,r_39_113_54,r_60_92_146,1.0,0,146,146,42
40,r_141_98_38,r_108_85_140,r_18_107_16,r_141_98_38,1.0,0,38,38,42
71,seq133,seq59,r_63_144_47,r_63_144_47,1.0,1,48,47,42
31,r_36_99_86,r_134_10_159,r_19_136_95,r_36_99_86,1.0,0,86,86,42
14,r_121_140_93,r_72_73_15,r_8_118_196,r_72_73_15,0.8,-1,14,15,42
67,seq30,r_62_105_168,seq7,r_62_105_168,0.89,0,168,168,42
3,r_148_128_141,seq32,seq2,r_148_128_141,0.84,0,141,141,42
2,r_111_45_81,seq149,r_91_54_52,r_111_45_81,1.0,0,81,81,42
47,r_60_92_146,r_63_144_47,r_68_25_48,r_60_92_146,0.51,-99,47,146,42
44,r_6_61_118,r_86_119_149,r_69_138_12,r_69_138_12,0.8,7,19,12,42
9,r_51_76_172,seq132,r_29_116_139,r_51_76_172,0.93,0,172,172,42
26,r_37_24_66,r_123_34_87,r_122_38_63,r_37_24_66,1.0,0,66,66,42
8,r_77_139_29,seq94,r_60_92_146,r_60_92_146,0.96,0,146,146,42
14,r_121_140_93,r_8_118_196,seq57,r_121_140_93,1.0,-2,91,93,42
4,r_47_87_102,r_19_136_95,r_82_97_192,r_47_87_102,0.53,4,106,102,42
2,r_111_45_81,seq133,seq149,r_111_45_81,0.59,-43,38,81,42
0,r_83_106_104,seq43,r_121_140_93,r_83_106_104,1.0,0,104,104,42
73,seq43,r_83_106_104,r_82_97_192,r_83_106_104,1.0,0,104,104,42
20,r_66_64_80,seq65,seq26,r_66_64_80,0.73,0,80,80,42
13,r_112_131_96,seq22,r_18_107_16,r_112_131_96,0.98,0,96,96,42
15,r_122_38_63,seq149,r_37_24_66,r_122_38_63,1.0,3,66,63,42
48,r_109_12_67,seq65,r_74_101_175,r_109_12_67,1.0,0,67,67,42
35,r_35_46_37,r_13_20_177,seq15,r_35_46_37,1.0,0,37,37,42
5,r_74_101_175,r_109_12_67,seq65,r_74_101_175,0.59,0,175,175,42
21,r_102_93_18,seq103,r_86_119_149,r_86_119_149,1.0,2,151,149,42
9,r_51_76_172,r_13_20_177,r_49_146_155,r_49_146_155,0.83,-71,84,155,42
37,r_108_85_140,r_141_98_38,seq32,r_108_85_140,0.6,-100,40,140,42
39,r_18_107_16,r_11_0_184,r_141_98_38,r_141_98_38,1.0,1,39,38,42
10,r_86_119_149,r_71_135_10,r_102_93_18,r_86_119_149,0.9,0,149,149,42
30,r_13_20_177,r_51_76_172,seq132,r_13_20_177,0.38,-60,117,177,42
22,r_69_138_12,r_1_16_91,r_6_61_118,r_69_138_12,0.99,0,12,12,42
39,r_18_107_16,seq70,r_11_0_184,r_18_107_16,0.83,0,16,16,42
22,r_69_138_12,r_6_61_118,seq2,r_6_61_118,0.96,0,118,118,42
21,r_102_93_18,seq90,seq103,r_102_93_18,0.98,0,18,18,42
28,r_42_110_154,r_4_84_97,seq103,r_42_110_154,1.0,0,154,154,42
8,r_77_139_29,r_86_119_149,seq94,r_77_139_29,0.98,0,29,29,42
34,r_21_78_162,r_123_34_87,r_115_79_41,r_115_79_41,0.69,119,160,41,42
33,r_123_34_87,r_37_24_66,r_11_0_184,r_37_24_66,0.72,2,68,66,42
64,seq26,seq15,r_49_146_155,r_49_146_155,0.82,12,167,155,42
47,r_60_92_146,r_68_25_48,r_77_139_29,r_60_92_146,0.98,0,146,146,42
1,r_4_84_97,r_51_76_172,r_42_110_154,r_4_84_97,1.0,0,97,97,42
6,r_91_54_52,seq5,r_111_45_81,r_111_45_81,0.8,36,117,81,42
33,r_123_34_87,r_11_0_184,seq5,r_123_34_87,0.82,0,87,87,42
85,seq70,r_42_110_154,r_122_38_63,r_122_38_63,0.54,0,63,63,42
61,seq149,r_122_38_63,seq52,r_122_38_63,0.98,1,64,63,42
38,r_40_126_98,seq27,r_35_46_37,r_40_126_98,1.0,0,98,98,42
52,seq132,r_51_76_172,r_89_80_157,r_89_80_157,0.37,4,161,157,42
34,r_21_78_162,seq3,r_123_34_87,r_123_34_87,1.0,11,98,87,42
1,r_4_84_97,r_42_110_154,seq70,r_42_110_154,0.71,-1,153,154,42
50,seq2,seq147,r_148_128_141,r_148_128_141,1.0,15,156,141,42
43,r_142_137_25,r_8_118_196,seq90,r_142_137_25,0.88,0,25,25,42
32,r_11_0_184,r_37_24_66,r_18_107_16,r_11_0_184,0.73,-164,20,184,42
29,r_71_135_10,r_86_119_149,seq57,r_86_119_149,0.98,0,149,149,42
28,r_42_110_154,seq100,r_4_84_97,r_4_84_97,1.0,2,99,97,42
56,seq130,seq124,r_111_45_81,r_111_45_81,0.94,7,88,81,42
7,r_81_50_165,seq57,r_19_136_95,r_81_50_165,0.43,1,166,165,42
23,r_62_105_168,seq30,r_42_110_154,r_62_105_168,0.62,0,168,168,42
94,seq103,r_102_93_18,r_42_110_154,r_42_110_154,0.98,-1,153,154,42
41,r_39_113_54,r_120_129_129,r_68_25_48,r_39_113_54,1.0,0,54,54,42
37,r_108_85_140,seq124,seq94,r_108_85_140,0.94,-1,139,140,42
94,seq103,seq124,r_102_93_18,r_102_93_18,0.56,20,38,18,42
24,r_63_144_47,r_60_92_146,seq133,r_63_144_47,1.0,0,47,47,42
10,r_86_119_149,r_77_139_29,r_71_135_10,r_86_119_149,0.98,-138,11,149,42
11,r_68_25_48,seq22,r_60_92_146,r_68_25_48,0.78,10,58,48,42
9,r_51_76_172,r_49_146_155,seq132,r_51_76_172,0.55,-44,128,172,42
12,r_49_146_155,seq96,seq26,r_49_146_155,0.78,0,155,155,42
29,r_71_135_10,r_83_106_104,r_86_119_149,r_86_119_149,0.63,-138,11,149,42
16,r_8_118_196,r_121_140_93,r_145_104_68,r_121_140_93,0.63,-22,71,93,42
24,r_42_141_67,seq99,r_47_22_36,r_47_22_36,0.64,0,36,36,43
30,r_72_140_65,r_36_40_147,seq15,r_72_140_65,0.97,0,65,65,43
51,seq128,seq11,r_58_92_108,r_58_92_108,1.0,48,156,108,43
14,r_86_19_144,seq51,seq84,r_86_19_144,0.86,0,144,144,43
53,seq135,seq81,r_6_127_141,r_6_127_141,0.98,4,145,141,43
86,seq98,r_50_126_167,seq109,r_50_126_167,0.56,0,167,167,43
37,r_6_127_141,seq115,r_13_52_137,r_6_127_141,0.86,-1,140,141,43
59,seq15,seq74,r_72_140_65,r_72_140_65,1.0,1,66,65,43
16,r_90_89_2,r_3_24_69,seq54,r_3_24_69,1.0,13,82,69,43
21,r_53_37_110,r_5_97_38,r_59_49_150,r_53_37_110,0.99,0,110,110,43
39,r_149_7_166,r_79_60_104,seq31,r_79_60_104,1.0,-1,103,104,43
1,r_39_107_114,seq133,r_5_97_38,r_39_107_114,0.95,0,114,114,43
46,r_3_24_69,seq62,seq81,r_3_24_69,0.97,0,69,69,43
42,r_124_26_117,r_70_30_71,r_90_89_2,r_70_30_71,0.99,-1,70,71,43
45,r_129_2_103,seq27,seq44,r_129_2_103,0.99,0,103,103,43
19,r_58_92_108,seq147,r_85_144_17,r_58_92_108,0.97,2,110,108,43
24,r_42_141_67,r_47_22_36,seq103,r_42_141_67,0.96,0,67,67,43
66,seq31,r_137_143_119,r_101_118_66,r_101_118_66,0.99,26,92,66,43
76,seq74,r_80_106_177,r_149_7_166,r_149_7_166,0.9,1,167,166,43
39,r_149_7_166,seq31,seq74,r_149_7_166,0.98,0,166,166,43
31,r_66_48_135,seq122,seq31,r_66_48_135,0.95,0,135,135,43
20,r_29_145_32,r_59_49_150,seq115,r_29_145_32,0.9,1,33,32,43
41,r_137_143_119,r_149_7_166,seq25,r_137_143_119,0.68,0,119,119,43
89,seq108,seq81,r_101_118_66,r_101_118_66,0.92,82,148,66,43
47,r_63_78_159,r_9_20_57,r_13_52_137,r_9_20_57,0.93,-10,47,57,43
32,r_47_22_36,r_42_141_67,r_95_55_9,r_47_22_36,0.84,31,67,36,43
42,r_124_26_117,r_90_89_2,r_14_75_52,r_124_26_117,0.99,0,117,117,43
26,r_105_34_189,seq142,r_41_131_27,r_41_131_27,0.64,162,189,27,43
0,r_136_64_176,seq44,seq84,r_136_64_176,0.59,0,176,176,43
63,seq25,seq111,r_137_143_119,r_137_143_119,1.0,12,131,119,43
62,seq147,r_58_92_108,r_67_68_4,r_58_92_108,0.92,-79,29,108,43
21,r_53_37_110,r_59_49_150,seq8,r_59_49_150,0.95,0,150,150,43
98,seq122,r_66_48_135,seq84,r_66_48_135,0.94,0,135,135,43
15,r_13_52_137,r_63_78_159,r_6_127_141,r_13_52_137,0.62,3,140,137,43
48,r_79_60_104,r_149_7_166,seq125,r_79_60_104,0.98,0,104,104,43
6,r_36_40_147,seq94,seq121,r_36_40_147,0.9,0,147,147,43
23,r_41_131_27,seq74,seq115,r_41_131_27,0.76,0,27,27,43
99,seq125,r_5_97_38,r_79_60_104,r_79_60_104,1.0,4,108,104,43
12,r_43_134_133,r_95_55_9,r_3_24_69,r_3_24_69,0.68,29,98,69,43
18,r_56_104_130,r_59_49_150,r_14_75_52,r_56_104_130,0.77,0,130,130,43
29,r_45_33_183,seq51,r_9_20_57,r_9_20_57,1.0,7,64,57,43
34,r_85_144_17,seq11,r_58_92_108,r_58_92_108,1.0,47,155,108,43
25,r_101_118_66,r_50_126_167,seq54,r_101_118_66,0.93,0,66,66,43
64,seq27,r_129_2_103,seq57,r_129_2_103,1.0,0,103,103,43
47,r_63_78_159,r_13_52_137,seq0,r_63_78_159,0.98,-20,139,159,43
34,r_85_144_17,seq0,seq11,r_85_144_17,0.96,0,17,17,43
88,seq103,seq27,r_42_141_67,r_42_141_67,1.0,10,77,67,43
12,r_43_134_133,r_79_60_104,r_95_55_9,r_95_55_9,0.46,170,179,9,43
70,seq51,r_86_19_144,seq18,r_86_19_144,1.0,0,144,144,43
66,seq31,r_101_118_66,r_66_48_135,r_66_48_135,0.97,2,137,135,43
68,seq44,r_136_64_176,r_129_2_103,r_129_2_103,0.76,73,176,103,43
38,r_73_32_64,seq133,r_100_23_30,r_73_32_64,0.99,0,64,64,43
4,r_14_75_52,seq98,r_124_26_117,r_14_75_52,1.0,5,57,52,43
60,seq17,seq113,r_70_30_71,r_70_30_71,1.0,10,81,71,43
86,seq98,r_14_75_52,r_50_126_167,r_14_75_52,1.0,-1,51,52,43
32,r_47_22_36,r_105_34_189,r_42_141_67,r_47_22_36,0.74,0,36,36,43
17,r_116_120_155,seq27,seq133,r_116_120_155,0.57,0,155,155,43
5,r_9_20_57,r_63_78_159,seq18,r_9_20_57,0.96,0,57,57,43
40,r_100_23_30,r_36_40_147,r_4_10_1,r_100_23_30,1.0,0,30,30,43
9,r_59_49_150,r_56_104_130,r_53_37_110,r_53_37_110,0.79,8,118,110,43
3,r_148_139_15,seq135,seq112,r_148_139_15,1.0,2,17,15,43
29,r_45_33_183,r_9_20_57,r_41_131_27,r_41_131_27,0.81,158,185,27,43
22,r_50_126_167,r_101_118_66,seq98,r_101_118_66,1.0,0,66,66,43
49,r_117_21_100,r_149_7_166,seq98,r_117_21_100,1.0,-1,99,100,43
7,r_70_30_71,r_124_26_117,seq17,r_70_30_71,1.0,0,71,71,43
10,r_71_91_16,r_73_32_64,seq38,r_73_32_64,0.59,-48,16,64,43
9,r_59_49_150,r_53_37_110,seq61,r_59_49_150,1.0,0,150,150,43
35,r_88_132_123,seq81,r_5_97_38,r_88_132_123,0.93,0,123,123,43
13,r_4_10_1,seq11,r_100_23_30,r_100_23_30,1.0,0,30,30,43
33,r_102_35_22,seq17,seq46,r_102_35_22,1.0,0,22,22,43
93,seq107,seq67,r_6_7_80,r_6_7_80,1.0,3,83,80,44
51,seq2,seq66,r_34_108_81,r_34_108_81,1.0,53,134,81,44
64,seq27,r_112_101_164,r_137_123_132,r_112_101_164,0.82,-51,113,164,44
25,r_137_123_132,r_112_101_164,seq27,r_112_101_164,0.99,0,164,164,44
58,seq15,seq17,r_61_9_77,r_61_9_77,1.0,5,82,77,44
4,r_112_101_164,r_137_123_132,r_53_22_92,r_112_101_164,0.88,0,164,164,44
1,r_13_146_53,r_95_79_177,seq139,r_13_146_53,0.93,-3,50,53,44
43,r_75_32_165,r_95_79_177,seq68,r_75_32_165,0.49,0,165,165,44
78,seq67,seq107,r_125_47_26,r_125_47_26,1.0,1,27,26,44
54,seq129,r_20_115_145,r_81_89_76,r_81_89_76,0.76,1,77,76,44
19,r_133_10_20,seq57,r_83_76_41,r_83_76_41,0.98,130,171,41,44
71,seq51,r_52_105_157,r_116_40_47,r_116_40_47,1.0,89,136,47,44
38,r_50_91_16,r_95_79_177,seq107,r_50_91_16,1.0,0,16,16,44
16,r_142_42_142,seq48,seq119,r_142_42_142,0.95,0,142,142,44
39,r_39_31_143,seq56,r_141_18_62,r_39_31_143,1.0,0,143,143,44
24,r_0_92_30,r_38_85_125,seq135,r_0_92_30,0.98,0,30,30,44
46,r_25_118_90,seq97,seq77,r_25_118_90,1.0,0,90,90,44
42,r_81_89_76,seq27,seq129,r_81_89_76,1.0,0,76,76,44
45,r_44_113_151,seq48,seq73,r_44_113_151,0.54,0,151,151,44
7,r_103_126_49,r_61_9_77,seq2,r_61_9_77,0.82,-28,49,77,44
7,r_103_126_49,seq2,r_64_136_97,r_64_136_97,1.0,9,106,97,44
32,r_116_40_47,r_120_128_114,seq51,r_116_40_47,0.97,0,47,47,44
37,r_131_110_187,r_83_76_41,r_147_28_29,r_83_76_41,0.49,0,41,41,44
34,r_83_76_41,r_62_4_193,r_53_22_92,r_53_22_92,0.99,0,92,92,44
44,r_124_149_46,seq70,seq45,r_124_149_46,0.88,0,46,46,44
4,r_112_101_164,r_65_59_141,r_137_123_132,r_65_59_141,0.46,-6,135,141,44
66,seq33,r_137_123_132,seq130,r_137_123_132,0.57,0,132,132,44
35,r_21_96_11,r_95_79_177,seq2,r_21_96_11,0.99,0,11,11,44
31,r_34_108_81,r_112_101_164,seq2,r_34_108_81,1.0,0,81,81,44
41,r_52_105_157,seq51,r_44_113_151,r_52_105_157,0.68,0,157,157,44
67,seq35,r_144_86_130,seq82,r_144_86_130,0.96,0,130,130,44
27,r_26_84_17,seq107,seq48,r_26_84_17,1.0,0,17,17,44
3,r_49_16_186,seq68,r_83_76_41,r_49_16_186,0.34,0,186,186,44
50,seq1,r_141_18_62,seq17,r_141_18_62,0.42,-29,33,62,44
26,r_20_115_145,seq129,r_109_145_79,r_20_115_145,0.92,0,145,145,44
4,r_112_101_164,r_34_108_81,r_65_59_141,r_34_108_81,1.0,-5,76,81,44
0,r_55_63_137,seq45,seq17,r_55_63_137,1.0,0,137,137,44
11,r_80_87_159,seq122,seq88,r_80_87_159,0.7,0,159,159,44
20,r_71_3_75,r_38_85_125,seq45,r_71_3_75,1.0,2,77,75,44
13,r_141_18_62,seq5,r_13_146_53,r_141_18_62,1.0,-2,60,62,44
15,r_65_59_141,r_112_101_164,seq129,r_65_59_141,0.76,0,141,141,44
18,r_6_7_80,r_112_101_164,seq107,r_6_7_80,0.98,-1,79,80,44
30,r_62_4_193,r_12_93_74,r_83_76_41,r_62_4_193,0.99,-141,52,193,44
6,r_61_9_77,seq82,seq5,r_61_9_77,1.0,0,77,77,44
21,r_36_132_188,seq135,r_99_143_38,r_99_143_38,0.46,133,171,38,44
85,seq77,seq134,r_25_118_90,r_25_118_90,1.0,1,91,90,44
2,r_109_145_79,r_95_79_177,r_144_86_130,r_109_145_79,0.83,98,177,79,44
99,seq127,seq139,r_13_146_53,r_13_146_53,1.0,48,101,53,44
19,r_133_10_20,seq15,seq57,r_133_10_20,0.98,0,20,20,44
36,r_37_78_169,r_43_11_32,r_71_3_75,r_71_3_75,0.65,97,172,75,44
17,r_43_11_32,r_116_40_47,r_37_78_169,r_43_11_32,1.0,-1,31,32,44
9,r_12_93_74,r_62_4_193,r_83_76_41,r_83_76_41,0.68,4,45,41,44
1,r_13_146_53,seq139,r_141_18_62,r_141_18_62,0.75,40,102,62,44
2,r_109_145_79,r_14_111_89,r_95_79_177,r_109_145_79,0.97,0,79,79,44
40,r_14_111_89,seq134,seq121,r_14_111_89,1.0,0,89,89,44
29,r_30_46_59,seq69,seq74,r_30_46_59,0.97,1,60,59,44
25,r_137_123_132,seq33,r_112_101_164,r_112_101_164,0.89,-32,132,164,44
33,r_53_22_92,seq119,r_83_76_41,r_53_22_92,1.0,0,92,92,44
18,r_6_7_80,r_65_59_141,r_112_101_164,r_65_59_141,0.54,-94,47,141,44
21,r_36_132_188,r_41_94_42,seq135,r_41_94_42,0.96,-26,16,42,44
14,r_147_28_29,r_71_3_75,seq148,r_147_28_29,0.98,1,30,29,44
50,seq1,seq74,r_55_63_137,r_55_63_137,0.86,22,159,137,44
52,seq5,r_141_18_62,seq17,r_141_18_62,0.77,0,62,62,44
48,r_125_47_26,r_41_94_42,seq67,r_125_47_26,1.0,1,27,26,44
36,r_37_78_169,r_61_9_77,r_43_11_32,r_37_78_169,0.96,-136,33,169,44
34,r_83_76_41,r_131_110_187,r_12_93_74,r_83_76_41,1.0,0,41,41,44
53,seq134,r_14_111_89,seq135,r_14_111_89,1.0,-32,57,89,44
58,seq15,r_133_10_20,seq17,r_133_10_20,0.91,0,20,20,44
60,seq19,r_8_104_181,seq60,r_8_104_181,0.54,0,181,181,44
5,r_99_143_38,r_64_136_97,r_36_132_188,r_99_143_38,0.9,0,38,38,44
89,seq97,r_13_146_53,seq122,r_13_146_53,0.76,54,107,53,44
96,seq119,r_53_22_92,seq138,r_53_22_92,1.0,0,92,92,44
37,r_131_110_187,r_147_28_29,seq48,r_131_110_187,0.44,0,187,187,44
28,r_95_79_177,r_109_145_79,r_61_9_77,r_95_79_177,0.85,0,177,177,44
22,r_120_128_114,seq135,seq90,r_120_128_114,1.0,0,114,114,44
28,r_95_79_177,r_75_32_165,r_109_145_79,r_109_145_79,1.0,21,100,79,44
49,r_64_136_97,seq74,r_103_126_49,r_64_136_97,1.0,0,97,97,44
23,r_8_104_181,seq19,r_12_93_74,r_12_93_74,0.95,107,181,74,44
17,r_43_11_32,r_37_78_169,r_41_94_42,r_43_11_32,0.48,141,173,32,44
50,seq1,r_55_63_137,r_95_79_177,r_55_63_137,0.54,36,173,137,44
79,seq68,r_49_16_186,r_75_32_165,r_75_32_165,0.84,20,185,165,44
34,r_83_76_41,r_12_93_74,r_62_4_193,r_12_93_74,0.78,-2,72,74,44
12,r_144_86_130,seq35,r_109_145_79,r_144_86_130,1.0,2,132,130,44
74,seq57,r_62_4_193,r_133_10_20,r_133_10_20,0.89,0,20,20,44
8,r_41_94_42,r_36_132_188,seq82,r_41_94_42,1.0,0,42,42,44
52,seq5,seq17,r_61_9_77,r_61_9_77,0.78,2,79,77,44
9,r_12_93_74,r_83_76_41,r_36_132_188,r_12_93_74,0.87,1,75,74,44
30,r_53_78_105,r_57_46_18,r_20_87_66,r_53_78_105,0.77,1,106,105,45
26,r_33_81_44,seq91,r_55_59_132,r_33_81_44,1.0,1,45,44,45
17,r_5_129_195,seq102,r_123_65_40,r_123_65_40,0.99,7,47,40,45
92,seq102,r_5_129_195,r_123_65_40,r_123_65_40,0.98,44,84,40,45
35,r_47_142_19,seq0,r_20_87_66,r_20_87_66,1.0,5,71,66,45
43,r_61_58_101,seq21,r_2_12_25,r_61_58_101,0.94,0,101,101,45
83,seq84,r_9_51_172,seq91,r_9_51_172,0.9,0,172,172,45
46,r_2_12_25,seq118,seq10,r_2_12_25,0.87,0,25,25,45
16,r_42_144_94,seq23,r_134_62_57,r_42_144_94,0.94,0,94,94,45
39,r_39_105_185,r_120_111_173,r_77_121_134,r_77_121_134,0.98,51,185,134,45
1,r_120_111_173,r_39_105_185,seq118,r_39_105_185,0.27,-12,173,185,45
42,r_45_147_148,seq41,seq103,r_45_147_148,0.48,-2,146,148,45
80,seq73,r_14_137_159,seq139,r_14_137_159,1.0,0,159,159,45
8,r_89_66_22,r_149_27_59,seq26,r_89_66_22,1.0,2,24,22,45
69,seq41,r_52_94_95,r_1_28_24,r_52_94_95,0.99,0,95,95,45
25,r_22_24_38,r_122_15_153,r_35_133_177,r_22_24_38,0.89,3,41,38,45
19,r_4_34_80,r_52_94_95,seq16,r_52_94_95,0.65,-9,86,95,45
9,r_123_65_40,r_126_114_178,r_5_129_195,r_123_65_40,1.0,0,40,40,45
33,r_35_133_177,r_135_71_84,r_126_114_178,r_35_133_177,0.67,1,178,177,45
88,seq92,r_134_62_57,r_35_133_177,r_134_62_57,0.96,0,57,57,45
31,r_77_121_134,r_39_105_185,seq109,r_77_121_134,0.94,1,135,134,45
97,seq118,r_96_74_58,seq88,r_96_74_58,0.83,-5,53,58,45
41,r_14_137_159,seq73,r_42_144_94,r_14_137_159,0.66,0,159,159,45
34,r_108_112_122,r_4_34_80,r_20_87_66,r_20_87_66,0.81,56,122,66,45
3,r_19_85_74,seq25,seq95,r_19_85_74,0.96,-2,72,74,45
90,seq99,r_124_3_62,seq95,r_124_3_62,1.0,0,62,62,45
35,r_47_142_19,r_146_38_194,seq0,r_47_142_19,0.89,0,19,19,45
16,r_42_144_94,r_134_62_57,r_14_137_159,r_14_137_159,0.98,0,159,159,45
14,r_1_28_24,seq37,seq41,r_1_28_24,0.51,0,24,24,45
88,seq92,r_30_106_73,r_20_87_66,r_30_106_73,0.48,90,163,73,45
50,seq0,seq92,r_47_142_19,r_47_142_19,1.0,9,28,19,45
4,r_110_76_198,r_35_133_177,r_30_106_73,r_30_106_73,0.99,5,78,73,45
11,r_136_70_155,seq56,r_134_62_57,r_136_70_155,0.96,1,156,155,45
20,r_141_93_158,seq117,seq103,r_141_93_158,0.83,0,158,158,45
15,r_97_148_86,seq125,r_82_143_85,r_97_148_86,0.96,0,86,86,45
54,seq10,r_45_147_148,r_2_12_25,r_2_12_25,0.84,2,27,25,45
48,r_82_143_85,r_149_27_59,r_134_62_57,r_82_143_85,0.84,-24,61,85,45
36,r_146_38_194,r_47_142_19,r_124_3_62,r_47_142_19,0.51,0,19,19,45
43,r_61_58_101,r_6_31_39,r_2_12_25,r_2_12_25,0.63,157,182,25,45
13,r_134_62_57,seq68,r_136_70_155,r_136_70_155,0.91,4,159,155,45
21,r_79_104_5,r_126_114_178,seq86,r_79_104_5,0.38,173,178,5,45
0,r_8_11_56,seq75,seq125,r_8_11_56,1.0,0,56,56,45
10,r_96_74_58,seq118,seq145,r_96_74_58,1.0,0,58,58,45
25,r_22_24_38,r_35_133_177,r_53_78_105,r_22_24_38,0.42,47,85,38,45
2,r_124_3_62,seq99,r_107_17_136,r_124_3_62,1.0,0,62,62,45
47,r_113_43_52,seq130,r_123_65_40,r_113_43_52,1.0,1,53,52,45
93,seq103,seq88,r_45_147_148,r_45_147_148,0.81,-1,147,148,45
40,r_126_114_178,seq86,r_35_133_177,r_35_133_177,0.65,1,178,177,45
78,seq69,seq131,r_57_46_18,r_57_46_18,1.0,33,51,18,45
74,seq56,r_136_70_155,r_6_31_39,r_6_31_39,0.5,105,144,39,45
18,r_20_87_66,seq132,r_47_142_19,r_20_87_66,1.0,0,66,66,45
29,r_135_71_84,r_52_94_95,r_116_80_65,r_135_71_84,0.69,0,84,84,45
43,r_61_58_101,r_2_12_25,r_6_31_39,r_61_58_101,0.6,57,158,101,45
24,r_9_51_172,seq84,r_19_85_74,r_9_51_172,0.65,0,172,172,45
9,r_123_65_40,r_5_129_195,r_113_43_52,r_113_43_52,0.92,33,85,52,45
5,r_101_98_28,seq21,seq132,r_101_98_28,1.0,0,28,28,45
2,r_124_3_62,r_107_17_136,r_52_94_95,r_52_94_95,0.54,1,96,95,45
33,r_35_133_177,r_63_60_89,r_135_71_84,r_35_133_177,1.0,-88,89,177,45
30,r_53_78_105,seq131,r_57_46_18,r_57_46_18,0.99,31,49,18,45
6,r_6_31_39,r_39_105_185,seq56,r_6_31_39,1.0,0,39,39,45
32,r_107_17_136,r_124_3_62,seq145,r_107_17_136,0.7,0,136,136,45
34,r_108_112_122,r_30_106_73,r_4_34_80,r_30_106_73,0.77,5,78,73,45
36,r_146_38_194,r_124_3_62,r_2_12_25,r_146_38_194,0.64,-162,32,194,45
60,seq21,r_61_58_101,seq145,r_61_58_101,0.94,1,102,101,45
45,r_57_46_18,r_53_78_105,seq69,r_53_78_105,0.78,1,106,105,45
48,r_82_143_85,r_134_62_57,seq36,r_82_143_85,0.97,0,85,85,45
26,r_33_81_44,r_55_59_132,seq109,r_55_59_132,0.63,-23,109,132,45
96,seq117,r_141_93_158,r_30_106_73,r_30_106_73,0.68,80,153,73,45
88,seq92,r_35_133_177,r_30_106_73,r_30_106_73,0.92,5,78,73,45
12,r_149_27_59,r_82_143_85,r_50_7_11,r_149_27_59,0.99,0,59,59,45
97,seq118,seq44,r_120_111_173,r_120_111_173,0.86,1,174,173,45
28,r_116_80_65,r_35_133_177,r_135_71_84,r_116_80_65,0.6,83,148,65,45
28,r_116_80_65,seq99,r_35_133_177,r_116_80_65,1.0,-2,63,65,45
49,r_13_119_81,seq83,r_149_27_59,r_13_119_81,1.0,0,81,81,45
13,r_134_62_57,seq92,seq68,r_134_62_57,0.98,0,57,57,45
7,r_30_106_73,r_108_112_122,r_20_87_66,r_20_87_66,0.79,7,73,66,45
12,r_149_27_59,r_50_7_11,r_13_119_81,r_13_119_81,0.88,22,103,81,45
44,r_63_60_89,r_35_133_177,r_123_65_40,r_63_60_89,0.94,0,89,89,45
45,r_57_46_18,r_123_65_40,r_53_78_105,r_57_46_18,0.99,0,18,18,45
23,r_50_7_11,r_113_43_52,seq25,r_50_7_11,0.71,0,11,11,45
93,seq145,r_98_69_126,seq94,r_98_69_126,1.0,0,126,126,46
40,r_65_78_145,r_127_86_61,r_61_53_51,r_65_78_145,0.96,1,146,145,46
36,r_87_135_114,seq119,r_139_91_105,r_87_135_114,0.99,0,114,114,46
72,seq35,r_56_75_72,r_133_106_23,r_56_75_72,0.77,-20,52,72,46
23,r_19_112_99,r_56_75_72,r_139_91_105,r_19_112_99,0.7,8,107,99,46
14,r_71_18_120,seq59,seq27,r_71_18_120,0.89,0,120,120,46
8,r_26_95_184,seq20,r_39_48_69,r_39_48_69,0.99,117,186,69,46
43,r_127_86_61,r_26_95_184,r_65_78_145,r_127_86_61,0.99,0,61,61,46
54,seq7,r_70_67_35,r_137_79_166,r_137_79_166,0.54,-1,165,166,46
16,r_43_83_91,r_82_6_79,r_147_132_87,r_82_6_79,0.86,-4,75,79,46
21,r_39_48_69,seq108,seq27,r_39_48_69,1.0,0,69,69,46
39,r_33_24_192,r_65_78_145,r_123_66_65,r_123_66_65,1.0,1,66,65,46
30,r_124_143_22,r_44_85_128,r_128_140_29,r_124_143_22,0.97,1,23,22,46
1,r_139_91_105,r_133_106_23,r_61_53_51,r_139_91_105,1.0,1,106,105,46
37,r_133_106_23,seq11,r_139_91_105,r_133_106_23,0.99,0,23,23,46
17,r_82_6_79,r_137_79_166,r_107_49_26,r_137_79_166,0.82,-34,132,166,46
5,r_115_60_178,seq119,r_133_106_23,r_115_60_178,0.53,0,178,178,46
46,r_141_114_70,seq13,seq96,r_141_114_70,0.98,2,72,70,46
42,r_5_90_181,r_121_47_8,r_103_122_96,r_103_122_96,0.91,85,181,96,46
48,r_130_41_31,seq144,r_16_92_138,r_130_41_31,0.86,5,36,31,46
63,seq146,seq8,r_70_67_35,r_70_67_35,1.0,21,56,35,46
45,r_138_129_156,r_130_41_31,r_126_77_106,r_126_77_106,0.57,50,156,106,46
69,seq27,r_97_63_186,r_39_48_69,r_39_48_69,1.0,0,69,69,46
45,r_138_129_156,r_16_92_138,r_130_41_31,r_130_41_31,0.58,108,139,31,46
24,r_137_79_166,r_82_6_79,seq7,r_137_79_166,0.73,0,166,166,46
19,r_0_109_84,r_98_69_126,seq12,r_0_109_84,0.97,0,84,84,46
65,seq21,r_46_45_52,seq20,r_46_45_52,1.0,-1,51,52,46
33,r_88_3_175,r_42_50_38,r_10_118_157,r_88_3_175,0.74,0,175,175,46
95,seq108,r_39_48_69,seq25,r_39_48_69,1.0,-1,68,69,46
38,r_125_134_85,r_107_49_26,r_72_30_123,r_125_134_85,1.0,1,86,85,46
31,r_97_63_186,seq94,seq1,r_97_63_186,0.55,0,186,186,46
20,r_16_92_138,r_138_129_156,r_130_41_31,r_130_41_31,1.0,2,33,31,46
67,seq23,r_88_3_175,r_42_50_38,r_42_50_38,0.89,137,175,38,46
47,r_113_15_28,r_128_140_29,seq100,r_113_15_28,0.9,-5,23,28,46
89,seq96,seq100,r_141_114_70,r_141_114_70,0.97,92,162,70,46
38,r_125_134_85,r_137_79_166,r_107_49_26,r_107_49_26,1.0,0,26,26,46
3,r_72_30_123,r_43_83_91,r_125_134_85,r_72_30_123,0.66,-36,87,123,46
25,r_51_116_39,r_56_75_72,seq8,r_51_116_39,1.0,0,39,39,46
26,r_126_77_106,seq59,seq20,r_126_77_106,1.0,0,106,106,46
0,r_99_105_155,seq94,r_29_38_6,r_99_105_155,0.89,0,155,155,46
11,r_80_148_124,seq93,seq108,r_80_148_124,0.99,0,124,124,46
13,r_56_75_72,r_139_91_105,r_19_112_99,r_56_75_72,0.98,0,72,72,46
7,r_107_49_26,r_125_134_85,r_82_6_79,r_107_49_26,0.99,60,86,26,46
6,r_10_118_157,seq13,r_55_64_1,r_10_118_157,0.77,0,157,157,46
85,seq142,r_149_52_188,r_80_148_124,r_80_148_124,1.0,64,188,124,46
99,seq120,r_103_122_96,seq146,r_103_122_96,0.57,-1,95,96,46
28,r_44_85_128,seq11,seq20,r_44_85_128,0.71,-3,125,128,46
27,r_123_66_65,seq17,r_33_24_192,r_123_66_65,1.0,0,65,65,46
16,r_43_83_91,r_147_132_87,r_127_86_61,r_43_83_91,0.98,-1,90,91,46
22,r_42_50_38,r_88_3_175,r_98_69_126,r_98_69_126,0.79,49,175,126,46
69,seq27,r_39_48_69,r_71_18_120,r_71_18_120,1.0,11,131,120,46
4,r_128_140_29,r_32_28_109,r_124_143_22,r_128_140_29,0.97,-6,23,29,46
40,r_65_78_145,r_33_24_192,r_127_86_61,r_127_86_61,1.0,5,66,61,46
3,r_72_30_123,r_125_134_85,seq58,r_72_30_123,0.99,2,125,123,46
74,seq37,r_65_78_145,r_127_86_61,r_127_86_61,0.89,16,77,61,46
18,r_84_54_189,seq22,r_29_38_6,r_29_38_6,0.65,183,189,6,46
24,r_137_79_166,r_125_134_85,r_82_6_79,r_137_79_166,1.0,-83,83,166,46
92,seq102,r_56_75_72,r_147_132_87,r_56_75_72,0.59,78,150,72,46
38,r_125_134_85,r_72_30_123,r_44_85_128,r_72_30_123,0.72,2,125,123,46
43,r_127_86_61,r_65_78_145,r_43_83_91,r_127_86_61,0.89,85,146,61,46
33,r_88_3_175,seq2,r_42_50_38,r_42_50_38,1.0,46,84,38,46
48,r_130_41_31,r_16_92_138,r_138_129_156,r_16_92_138,0.98,1,139,138,46
64,seq20,r_26_95_184,r_126_77_106,r_126_77_106,1.0,2,108,106,46
13,r_56_75_72,r_19_112_99,r_10_118_157,r_56_75_72,0.63,27,99,72,46
88,seq94,r_99_105_155,r_39_48_69,r_39_48_69,0.71,86,155,69,46
29,r_70_67_35,r_26_95_184,seq146,r_70_67_35,1.0,0,35,35,46
58,seq12,seq101,r_16_92_138,r_16_92_138,0.99,1,139,138,46
70,seq31,r_32_28_109,r_19_112_99,r_32_28_109,0.67,-4,105,109,46
22,r_42_50_38,r_126_77_106,r_88_3_175,r_42_50_38,1.0,0,38,38,46
20,r_16_92_138,r_130_41_31,seq12,r_16_92_138,0.88,0,138,138,46
32,r_32_28_109,seq31,seq59,r_32_28_109,1.0,0,109,109,46
9,r_61_53_51,seq37,r_32_28_109,r_61_53_51,1.0,-1,50,51,46
92,seq102,r_124_143_22,r_56_75_72,r_56_75_72,0.99,4,76,72,46
2,r_46_45_52,seq21,seq89,r_46_45_52,1.0,0,52,52,46
9,r_61_53_51,r_32_28_109,r_139_91_105,r_61_53_51,1.0,58,109,51,46
17,r_82_6_79,r_43_83_91,r_137_79_166,r_82_6_79,1.0,0,79,79,46
28,r_44_85_128,r_124_143_22,r_99_105_155,r_124_143_22,0.73,1,23,22,46
37,r_133_106_23,r_139_91_105,seq35,r_139_91_105,1.0,-6,99,105,46
49,r_98_69_126,seq145,r_42_50_38,r_98_69_126,1.0,0,126,126,46
44,r_149_52_188,seq142,r_126_77_106,r_126_77_106,0.85,82,188,106,46
7,r_107_49_26,seq27,r_125_134_85,r_107_49_26,0.9,1,27,26,46
13,r_56_75_72,r_10_118_157,r_44_85_128,r_10_118_157,0.97,-16,141,157,46
23,r_19_112_99,seq100,r_56_75_72,r_56_75_72,0.97,0,72,72,46
48,r_130_41_31,r_138_129_156,r_56_75_72,r_130_41_31,0.55,136,167,31,46
90,seq100,r_26_95_184,r_113_15_28,r_113_15_28,0.73,-13,15,28,46
28,r_44_85_128,r_99_105_155,seq11,r_44_85_128,0.44,-51,77,128,46
12,r_103_122_96,seq120,seq12,r_103_122_96,1.0,-1,95,96,46
95,seq108,seq25,r_80_148_124,r_80_148_124,1.0,11,135,124,46
1,r_139_91_105,r_56_75_72,r_133_106_23,r_139_91_105,0.82,-65,40,105,46
64,seq17,seq137,r_106_96_57,r_106_96_57,0.99,1,58,57,47
92,seq112,seq11,r_48_42_43,r_48_42_43,0.9,23,66,43,47
36,r_146_51_134,r_91_1_186,seq50,r_146_51_134,0.92,0,134,134,47
14,r_24_104_100,r_94_98_167,seq103,r_24_104_100,0.98,0,100,100,47
17,r_36_44_52,seq121,r_90_75_11,r_36_44_52,0.98,-2,50,52,47
51,seq128,seq77,r_2_71_55,r_2_71_55,1.0,3,58,55,47
43,r_91_1_186,r_146_51_134,r_127_29_21,r_91_1_186,0.96,-52,134,186,47
54,seq132,r_126_84_178,seq102,r_126_84_178,0.68,0,178,178,47
55,seq6,seq89,r_120_61_102,r_120_61_102,1.0,24,126,102,47
21,r_92_135_162,seq143,seq11,r_92_135_162,0.7,0,162,162,47
39,r_49_123_110,seq35,seq124,r_49_123_110,0.96,0,110,110,47
97,seq121,r_76_114_198,r_38_37_71,r_38_37_71,1.0,14,85,71,47
42,r_97_148_142,seq122,r_108_85_56,r_108_85_56,1.0,14,70,56,47
80,seq62,r_141_105_193,r_24_104_100,r_24_104_100,1.0,66,166,100,47
69,seq26,r_120_61_102,seq27,r_120_61_102,1.0,1,103,102,47
30,r_127_29_21,seq6,seq0,r_127_29_21,0.98,0,21,21,47
85,seq79,seq54,r_88_82_39,r_88_82_39,1.0,4,43,39,47
8,r_40_65_18,r_56_111_44,seq140,r_40_65_18,0.96,0,18,18,47
94,seq115,r_106_96_57,r_70_110_187,r_106_96_57,1.0,0,57,57,47
22,r_94_98_167,r_32_9_81,r_56_111_44,r_94_98_167,0.97,1,168,167,47
95,seq117,r_94_98_167,seq10,r_94_98_167,0.52,-90,77,167,47
66,seq131,r_74_60_109,seq0,r_74_60_109,1.0,-16,93,109,47
31,r_14_142_147,seq109,r_53_64_19,r_53_64_19,1.0,6,25,19,47
76,seq50,seq58,r_146_51_134,r_146_51_134,1.0,7,141,134,47
32,r_87_100_68,r_36_44_52,r_107_72_77,r_107_72_77,0.95,9,86,77,47
16,r_57_31_17,r_97_148_142,r_30_33_161,r_57_31_17,0.99,1,18,17,47
3,r_136_47_74,seq89,seq149,r_136_47_74,0.95,0,74,74,47
10,r_32_9_81,seq58,r_94_98_167,r_32_9_81,0.83,0,81,81,47
18,r_106_96_57,seq115,seq17,r_106_96_57,1.0,0,57,57,47
16,r_57_31_17,r_30_33_161,seq3,r_30_33_161,0.77,-5,156,161,47
15,r_125_134_36,r_92_135_162,seq10,r_125_134_36,1.0,0,36,36,47
37,r_53_64_19,seq17,r_14_142_147,r_53_64_19,0.99,0,19,19,47
34,r_5_8_177,seq122,r_119_55_41,r_119_55_41,0.46,137,178,41,47
1,r_13_138_27,r_87_100_68,r_25_7_84,r_13_138_27,0.73,0,27,27,47
11,r_70_110_187,r_2_71_55,seq115,r_2_71_55,1.0,0,55,55,47
20,r_22_19_148,seq27,r_21_20_139,r_22_19_148,0.95,0,148,148,47
13,r_81_116_191,r_83_95_189,r_106_96_57,r_106_96_57,0.96,132,189,57,47
98,seq122,r_97_148_142,r_108_85_56,r_108_85_56,0.85,86,142,56,47
34,r_5_8_177,r_144_139_24,r_97_148_142,r_144_139_24,0.98,-4,20,24,47
33,r_119_55_41,r_78_4_101,seq86,r_119_55_41,1.0,0,41,41,47
57,seq145,seq89,r_120_61_102,r_120_61_102,1.0,30,132,102,47
0,r_56_111_44,r_40_65_18,r_5_8_177,r_56_111_44,0.65,-24,20,44,47
6,r_93_73_127,seq0,seq63,r_93_73_127,0.87,2,129,127,47
99,seq124,seq54,r_49_123_110,r_49_123_110,1.0,7,117,110,47
4,r_2_71_55,r_70_110_187,seq128,r_2_71_55,1.0,0,55,55,47
27,r_15_67_158,seq59,r_2_71_55,r_15_67_158,0.62,0,158,158,47
38,r_48_42_43,seq124,seq112,r_48_42_43,1.0,-1,42,43,47
87,seq89,seq145,r_120_61_102,r_120_61_102,1.0,47,149,102,47
92,seq112,r_83_95_189,r_48_42_43,r_83_95_189,0.97,-24,165,189,47
35,r_108_85_56,seq54,r_97_148_142,r_108_85_56,1.0,0,56,56,47
22,r_94_98_167,r_24_104_100,r_32_9_81,r_94_98_167,0.94,-77,90,167,47
47,r_83_95_189,r_81_116_191,r_78_4_101,r_83_95_189,0.16,0,189,189,47
40,r_107_72_77,r_74_60_109,r_87_100_68,r_107_72_77,1.0,1,78,77,47
34,r_5_8_177,r_97_148_142,seq122,r_97_148_142,1.0,-49,93,142,47
35,r_108_85_56,r_97_148_142,seq122,r_97_148_142,1.0,0,142,142,47
25,r_120_61_102,seq26,seq145,r_120_61_102,1.0,1,103,102,47
70,seq27,r_22_19_148,seq26,r_22_19_148,0.97,0,148,148,47
92,seq112,r_88_82_39,seq11,r_88_82_39,0.92,-9,30,39,47
68,seq23,r_21_20_139,r_119_55_41,r_119_55_41,0.91,84,125,41,47
42,r_97_148_142,r_108_85_56,r_133_34_92,r_97_148_142,0.75,0,142,142,47
32,r_87_100_68,seq54,r_36_44_52,r_87_100_68,0.88,0,68,68,47
77,seq54,r_87_100_68,seq79,r_87_100_68,1.0,0,68,68,47
0,r_56_111_44,r_5_8_177,seq121,r_56_111_44,0.94,0,44,44,47
45,r_30_33_161,r_57_31_17,r_56_111_44,r_57_31_17,0.8,144,161,17,47
19,r_90_75_11,seq46,r_36_44_52,r_36_44_52,1.0,-3,49,52,47
59,seq10,seq18,r_125_134_36,r_125_134_36,1.0,7,43,36,47
81,seq63,seq59,r_93_73_127,r_93_73_127,0.99,45,172,127,47
43,r_91_1_186,r_127_29_21,r_2_71_55,r_91_1_186,0.88,0,186,186,47
2,r_88_82_39,seq112,seq79,r_88_82_39,1.0,0,39,39,47
46,r_144_139_24,r_5_8_177,seq69,r_144_139_24,0.91,0,24,24,47
9,r_74_60_109,seq131,seq118,r_74_60_109,0.97,0,109,109,47
10,r_32_9_81,r_94_98_167,seq10,r_94_98_167,0.97,-47,120,167,47
31,r_14_142_147,r_53_64_19,r_57_31_17,r_14_142_147,0.89,0,147,147,47
37,r_53_64_19,r_14_142_147,r_119_55_41,r_53_64_19,0.93,128,147,19,47
23,r_133_34_92,seq50,r_97_148_142,r_97_148_142,0.99,4,146,142,47
28,r_45_101_103,r_12_66_3,seq149,r_45_101_103,0.58,-2,101,103,47
49,r_38_37_71,r_74_60_109,seq121,r_38_37_71,1.0,1,72,71,47
86,seq86,seq23,r_119_55_41,r_119_55_41,1.0,14,55,41,47
7,r_78_4_101,seq130,r_127_29_21,r_78_4_101,0.8,1,102,101,47
44,r_126_84_178,seq132,r_2_71_55,r_126_84_178,0.62,0,178,178,47
45,r_30_33_161,r_92_135_162,r_57_31_17,r_57_31_17,0.96,3,20,17,47
23,r_133_34_92,seq129,seq50,r_133_34_92,0.99,0,92,92,47
64,seq17,r_53_64_19,seq137,r_53_64_19,0.94,0,19,19,47
22,r_94_98_167,r_147_39_23,r_24_104_100,r_147_39_23,0.99,0,23,23,47
12,r_21_20_139,seq23,seq0,r_21_20_139,0.81,0,139,139,47
91,seq131,r_112_65_177,r_45_15_21,r_45_15_21,0.84,29,50,21,48
23,r_105_102_19,r_57_78_64,seq59,r_105_102_19,1.0,-1,18,19,48
2,r_101_13_82,r_29_125_113,r_79_5_44,r_29_125_113,0.72,0,113,113,48
6,r_100_98_62,r_50_22_73,r_48_107_37,r_48_107_37,0.59,1,38,37,48
14,r_31_35_100,seq9,seq39,r_31_35_100,1.0,0,100,100,48
83,seq77,r_1_20_183,r_117_34_142,r_117_34_142,0.63,42,184,142,48
37,r_10_148_117,r_23_73_118,seq94,r_10_148_117,0.75,0,117,117,48
30,r_112_65_177,seq51,r_28_123_35,r_28_123_35,0.99,4,39,35,48
55,seq136,seq59,r_103_149_115,r_103_149_115,1.0,20,135,115,48
21,r_49_82_175,r_106_43_83,r_130_128_159,r_106_43_83,1.0,-12,71,83,48
39,r_33_0_170,r_90_126_153,r_85_115_81,r_85_115_81,1.0,63,144,81,48
1,r_44_25_16,seq134,r_81_56_93,r_81_56_93,1.0,0,93,93,48
97,seq120,r_117_34_142,seq74,r_117_34_142,0.58,-7,135,142,48
42,r_29_125_113,r_85_115_81,r_101_13_82,r_29_125_113,0.75,-31,82,113,48
45,r_95_14_122,seq24,r_79_5_44,r_95_14_122,0.76,-1,121,122,48
10,r_46_68_144,seq145,r_62_17_14,r_62_17_14,1.0,1,15,14,48
24,r_79_5_44,r_89_27_132,r_95_14_122,r_95_14_122,0.56,8,130,122,48
19,r_8_124_99,seq134,seq69,r_8_124_99,1.0,0,99,99,48
21,r_49_82_175,r_42_26_130,r_103_149_115,r_49_82_175,0.72,1,176,175,48
33,r_83_87_167,r_38_37_186,seq120,r_83_87_167,0.65,-88,79,167,48
11,r_62_17_14,r_46_68_144,seq145,r_46_68_144,0.99,0,144,144,48
28,r_135_138_166,r_62_17_14,r_100_98_62,r_135_138_166,0.92,1,167,166,48
31,r_23_73_118,r_10_148_117,seq77,r_23_73_118,0.71,0,118,118,48
41,r_85_115_81,r_29_125_113,r_33_0_170,r_85_115_81,1.0,0,81,81,48
36,r_89_27_132,r_8_124_99,seq134,r_8_124_99,0.99,-46,53,99,48
3,r_110_141_55,r_90_126_153,r_85_115_81,r_85_115_81,0.99,71,152,81,48
27,r_76_116_31,r_57_78_64,seq111,r_76_116_31,0.78,0,31,31,48
42,r_29_125_113,r_101_13_82,seq66,r_29_125_113,1.0,0,113,113,48
4,r_117_34_142,seq120,seq54,r_117_34_142,0.97,0,142,142,48
78,seq69,r_38_37_186,r_8_124_99,r_8_124_99,0.93,3,102,99,48
0,r_81_56_93,seq104,r_44_25_16,r_81_56_93,1.0,0,93,93,48
11,r_62_17_14,r_57_78_64,r_46_68_144,r_62_17_14,1.0,0,14,14,48
73,seq54,r_58_108_124,seq59,r_58_108_124,0.81,0,124,124,48
20,r_61_146_125,r_58_108_124,seq9,r_58_108_124,1.0,0,124,124,48
13,r_57_78_64,seq30,seq70,r_57_78_64,0.85,0,64,64,48
6,r_100_98_62,r_48_107_37,seq16,r_100_98_62,0.98,0,62,62,48
15,r_58_108_124,seq54,seq3,r_58_108_124,0.99,-1,123,124,48
48,r_130_128_159,r_49_82_175,seq119,r_49_82_175,0.57,-15,160,175,48
49,r_103_149_115,seq12,seq136,r_103_149_115,1.0,1,116,115,48
57,seq12,seq99,r_50_22_73,r_50_22_73,1.0,5,78,73,48
28,r_135_138_166,seq54,r_62_17_14,r_135_138_166,0.52,-25,141,166,48
26,r_97_139_20,r_117_34_142,seq24,r_97_139_20,0.97,0,20,20,48
62,seq19,r_49_82_175,seq143,r_49_82_175,0.3,-106,69,175,48
21,r_49_82_175,r_130_128_159,r_42_26_130,r_42_26_130,1.0,30,160,130,48
43,r_63_114_49,seq94,seq122,r_63_114_49,0.5,103,152,49,48
36,r_89_27_132,seq134,seq132,r_89_27_132,0.99,0,132,132,48
10,r_46_68_144,r_62_17_14,r_28_123_35,r_46_68_144,0.73,0,144,144,48
30,r_112_65_177,r_28_123_35,r_8_124_99,r_112_65_177,0.63,1,178,177,48
87,seq94,seq16,r_10_148_117,r_10_148_117,0.97,8,125,117,48
2,r_101_13_82,seq70,r_29_125_113,r_101_13_82,0.86,0,82,82,48
41,r_85_115_81,r_33_0_170,r_110_141_55,r_33_0_170,0.83,0,170,170,48
47,r_90_126_153,r_33_0_170,r_81_56_93,r_90_126_153,0.56,1,154,153,48
2,r_101_13_82,r_79_5_44,r_61_146_125,r_101_13_82,0.45,80,162,82,48
8,r_48_107_37,r_100_98_62,seq3,r_48_107_37,0.84,25,62,37,48
34,r_52_121_18,seq77,r_106_43_83,r_52_121_18,0.64,116,134,18,48
25,r_106_43_83,r_49_82_175,r_52_121_18,r_106_43_83,0.73,-4,79,83,48
22,r_64_36_40,r_79_5_44,seq39,r_64_36_40,1.0,0,40,40,48
70,seq41,seq74,r_71_47_67,r_71_47_67,1.0,5,72,67,48
46,r_127_133_54,r_58_108_124,seq88,r_127_133_54,0.9,-1,53,54,48
38,r_42_26_130,seq67,seq19,r_42_26_130,0.8,0,130,130,48
33,r_83_87_167,seq120,r_130_128_159,r_130_128_159,0.51,8,167,159,48
61,seq18,seq21,r_64_36_40,r_64_36_40,0.67,-16,24,40,48
49,r_103_149_115,r_86_72_22,seq12,r_86_72_22,1.0,-1,21,22,48
17,r_28_123_35,r_8_124_99,r_112_65_177,r_28_123_35,0.99,0,35,35,48
33,r_83_87_167,r_52_121_18,r_38_37_186,r_52_121_18,1.0,0,18,18,48
5,r_11_84_38,seq19,r_97_139_20,r_11_84_38,1.0,0,38,38,48
81,seq74,r_38_37_186,r_71_47_67,r_71_47_67,1.0,119,186,67,48
9,r_45_15_21,r_93_118_188,seq32,r_45_15_21,1.0,0,21,21,48
39,r_33_0_170,r_85_115_81,r_79_5_44,r_33_0_170,0.87,0,170,170,48
96,seq119,r_46_68_144,seq145,r_46_68_144,1.0,-3,141,144,48
62,seq19,seq143,r_61_146_125,r_61_146_125,0.62,44,169,125,48
24,r_79_5_44,r_64_36_40,r_89_27_132,r_79_5_44,0.81,-4,40,44,48
8,r_48_107_37,seq51,r_100_98_62,r_48_107_37,0.97,1,38,37,48
7,r_60_2_156,seq4,seq140,r_60_2_156,0.85,0,156,156,48
44,r_71_47_67,seq99,seq41,r_71_47_67,1.0,0,67,67,48
40,r_86_72_22,r_103_149_115,seq30,r_86_72_22,1.0,0,22,22,48
17,r_28_123_35,r_112_65_177,r_46_68_144,r_28_123_35,0.78,143,178,35,48
43,r_63_114_49,seq30,seq91,r_63_114_49,0.63,-1,48,49,48
34,r_52_121_18,r_83_87_167,seq77,r_52_121_18,1.0,0,18,18,48
73,seq54,seq59,r_117_34_142,r_117_34_142,0.91,3,145,142,48
12,r_92_142_165,r_33_0_170,r_71_47_67,r_92_142_165,0.87,0,165,165,48
32,r_6_109_42,r_57_78_64,r_45_15_21,r_6_109_42,0.8,0,42,42,48
44,r_117_13_26,r_130_51_132,seq109,r_130_51_132,0.96,-3,129,132,49
36,r_35_81_118,seq64,r_48_125_25,r_48_125_25,0.91,95,120,25,49
9,r_130_51_132,r_117_13_26,r_46_6_89,r_46_6_89,0.99,50,139,89,49
22,r_65_113_45,seq18,r_101_133_140,r_101_133_140,0.46,-63,77,140,49
48,r_86_112_166,r_87_148_139,seq60,r_87_148_139,0.66,27,166,139,49
14,r_142_128_87,seq60,seq14,r_142_128_87,0.98,0,87,87,49
8,r_127_22_1,r_119_59_174,r_65_113_45,r_119_59_174,0.36,1,175,174,49
37,r_55_84_54,r_78_143_75,seq44,r_78_143_75,1.0,-9,66,75,49
46,r_48_125_25,r_116_49_59,seq8,r_48_125_25,0.99,0,25,25,49
71,seq40,r_41_147_182,seq24,r_41_147_182,0.56,-9,173,182,49
16,r_96_100_98,seq70,seq121,r_96_100_98,0.78,0,98,98,49
39,r_28_137_102,seq62,seq16,r_28_137_102,1.0,0,102,102,49
1,r_21_53_123,r_80_9_130,r_146_114_52,r_21_53_123,1.0,0,123,123,49
5,r_103_11_111,r_127_22_1,r_48_125_25,r_103_11_111,0.81,1,112,111,49
80,seq63,seq88,r_129_136_95,r_129_136_95,1.0,25,120,95,49
45,r_124_32_99,r_68_76_77,r_86_112_166,r_68_76_77,0.93,0,77,77,49
15,r_71_31_9,r_65_113_45,r_79_43_169,r_65_113_45,0.68,-35,10,45,49
19,r_68_76_77,r_124_32_99,seq64,r_68_76_77,1.0,0,77,77,49
43,r_79_43_169,r_146_114_52,r_71_31_9,r_146_114_52,0.9,0,52,52,49
27,r_122_93_185,r_116_49_59,r_21_53_123,r_122_93_185,0.46,-1,184,185,49
22,r_65_113_45,r_101_133_140,r_21_53_123,r_21_53_123,0.81,62,185,123,49
95,seq111,r_78_143_75,seq1,r_78_143_75,1.0,1,76,75,49
29,r_134_37_56,r_116_49_59,seq145,r_134_37_56,0.91,-2,54,56,49
31,r_30_106_186,seq34,r_56_135_43,r_56_135_43,0.61,143,186,43,49
41,r_97_89_197,r_2_95_149,seq104,r_2_95_149,0.99,0,149,149,49
10,r_66_73_195,r_87_148_139,r_98_12_71,r_98_12_71,0.81,16,87,71,49
90,seq145,r_144_67_172,r_134_37_56,r_134_37_56,0.89,5,61,56,49
26,r_4_50_113,r_144_67_172,seq38,r_4_50_113,0.97,0,113,113,49
4,r_85_132_145,seq91,seq17,r_85_132_145,0.63,0,145,145,49
9,r_130_51_132,seq109,r_117_13_26,r_117_13_26,1.0,13,39,26,49
0,r_46_6_89,seq1,seq33,r_46_6_89,0.85,0,89,89,49
11,r_87_148_139,r_69_29_120,r_98_12_71,r_98_12_71,0.92,30,101,71,49
28,r_116_49_59,r_48_125_25,r_134_37_56,r_48_125_25,0.95,0,25,25,49
20,r_69_29_120,r_87_148_139,r_96_100_98,r_69_29_120,1.0,0,120,120,49
13,r_129_136_95,r_101_133_140,seq63,r_129_136_95,1.0,0,95,95,49
98,seq121,r_35_81_118,r_96_100_98,r_96_100_98,0.92,25,123,98,49
5,r_103_11_111,r_48_125_25,r_58_74_53,r_58_74_53,0.48,108,161,53,49
46,r_48_125_25,seq8,r_35_81_118,r_35_81_118,0.97,7,125,118,49
48,r_86_112_166,r_124_32_99,r_99_39_194,r_124_32_99,0.95,1,100,99,49
57,seq141,r_7_120_136,r_78_143_75,r_78_143_75,0.59,13,88,75,49
30,r_10_3_91,seq44,seq60,r_10_3_91,1.0,0,91,91,49
53,seq8,seq149,r_48_125_25,r_48_125_25,0.96,26,51,25,49
42,r_56_135_43,r_65_113_45,seq94,r_56_135_43,0.96,0,43,43,49
2,r_98_12_71,r_87_148_139,r_66_73_195,r_87_148_139,1.0,0,139,139,49
52,seq5,r_58_74_53,r_20_123_175,r_58_74_53,1.0,0,53,53,49
52,seq5,r_20_123_175,r_144_67_172,r_20_123_175,0.39,0,175,175,49
27,r_122_93_185,seq38,r_116_49_59,r_116_49_59,1.0,17,76,59,49
28,r_116_49_59,r_134_37_56,seq38,r_134_37_56,0.47,2,58,56,49
11,r_87_148_139,r_98_12_71,r_0_27_39,r_87_148_139,1.0,0,139,139,49
34,r_146_114_52,r_79_43_169,seq18,r_146_114_52,1.0,1,53,52,49
3,r_58_74_53,r_21_53_123,r_68_76_77,r_58_74_53,0.98,24,77,53,49
2,r_98_12_71,seq38,r_87_148_139,r_98_12_71,0.95,0,71,71,49
3,r_58_74_53,seq5,r_21_53_123,r_58_74_53,0.86,0,53,53,49
40,r_119_59_174,r_127_22_1,r_46_6_89,r_46_6_89,0.64,86,175,89,49
18,r_7_120_136,seq141,seq145,r_7_120_136,1.0,0,136,136,49
45,r_124_32_99,r_86_112_166,r_116_49_59,r_124_32_99,0.97,0,99,99,49
24,r_78_143_75,seq111,seq141,r_78_143_75,1.0,1,76,75,49
34,r_146_114_52,seq18,r_21_53_123,r_21_53_123,1.0,4,127,123,49
25,r_102_36_61,r_127_22_1,r_116_49_59,r_102_36_61,0.7,0,61,61,49
43,r_79_43_169,r_71_31_9,seq54,r_79_43_169,0.72,0,169,169,49
33,r_42_61_129,seq15,r_0_27_39,r_42_61_129,0.98,1,130,129,49
70,seq38,r_116_49_59,r_80_9_130,r_80_9_130,1.0,16,146,130,49
6,r_0_27_39,seq115,seq52,r_0_27_39,1.0,0,39,39,49
44,r_117_13_26,seq54,r_130_51_132,r_117_13_26,1.0,-1,25,26,49
75,seq52,r_99_39_194,r_0_27_39,r_0_27_39,1.0,2,41,39,49
65,seq23,seq63,r_90_25_141,r_90_25_141,0.79,14,155,141,49
68,seq33,seq140,r_46_6_89,r_46_6_89,1.0,59,148,89,49
32,r_90_25_141,seq62,seq23,r_90_25_141,0.56,2,143,141,49
22,r_65_113_45,r_124_32_99,seq18,r_65_113_45,0.96,3,48,45,49
21,r_20_123_175,seq5,r_116_49_59,r_116_49_59,0.46,116,175,59,49
60,seq16,r_107_77_7,r_28_137_102,r_28_137_102,1.0,1,103,102,49
81,seq64,r_35_81_118,seq40,r_35_81_118,0.88,2,120,118,49
17,r_2_95_149,r_97_89_197,seq131,r_2_95_149,0.93,0,149,149,49
94,seq109,r_130_51_132,r_117_13_26,r_117_13_26,0.73,75,101,26,49
35,r_110_83_35,seq139,seq131,r_110_83_35,1.0,0,35,35,49
21,r_20_123_175,r_58_74_53,seq26,r_58_74_53,0.83,-28,25,53,49
48,r_86_112_166,r_99_39_194,r_87_148_139,r_87_148_139,0.97,10,149,139,49
23,r_101_133_140,r_129_136_95,seq54,r_129_136_95,1.0,3,98,95,49
30,r_10_3_91,r_78_143_75,seq44,r_10_3_91,0.61,-50,41,91,49
12,r_41_147_182,seq40,r_110_83_35,r_110_83_35,0.53,147,182,35,49
36,r_60_7_124,seq134,seq109,r_60_7_124,0.98,0,124,124,50
14,r_27_90_77,seq51,r_125_17_130,r_27_90_77,0.85,0,77,77,50
8,r_3_87_156,seq15,r_80_23_141,r_80_23_141,0.54,-5,136,141,50
37,r_147_14_194,r_128_35_109,r_85_99_147,r_147_14_194,0.46,-86,108,194,50
3,r_69_89_79,r_33_129_165,seq76,r_33_129_165,0.95,-11,154,165,50
72,seq51,r_115_13_170,r_82_18_34,r_82_18_34,1.0,1,35,34,50
71,seq50,r_34_53_175,r_3_87_156,r_3_87_156,0.56,19,175,156,50
5,r_149_86_120,seq68,seq38,r_149_86_120,0.67,0,120,120,50
42,r_54_118_132,seq15,seq132,r_54_118_132,0.64,0,132,132,50
80,seq73,seq143,r_91_39_53,r_91_39_53,1.0,42,95,53,50
10,r_4_32_16,seq64,r_136_6_111,r_136_6_111,1.0,1,112,111,50
45,r_9_44_68,r_22_146_182,seq52,r_9_44_68,1.0,0,68,68,50
24,r_61_56_131,seq73,seq124,r_61_56_131,1.0,0,131,131,50
95,seq114,r_80_23_141,seq106,r_80_23_141,0.59,2,143,141,50
66,seq36,seq16,r_59_142_125,r_59_142_125,0.97,3,128,125,50
38,r_33_129_165,r_78_95_83,seq42,r_33_129_165,0.97,0,165,165,50
65,seq26,r_96_145_115,seq105,r_96_145_115,0.66,62,177,115,50
74,seq57,r_11_37_47,seq38,r_11_37_47,1.0,-8,39,47,50
31,r_22_146_182,r_9_44_68,r_110_20_199,r_9_44_68,0.99,0,68,68,50
41,r_120_66_88,r_148_131_195,seq101,r_120_66_88,1.0,2,90,88,50
3,r_69_89_79,r_61_56_131,r_33_129_165,r_69_89_79,0.85,0,79,79,50
10,r_4_32_16,seq12,seq64,r_4_32_16,0.52,47,63,16,50
26,r_59_142_125,r_34_53_175,seq36,r_59_142_125,0.86,0,125,125,50
16,r_11_37_47,r_100_58_169,seq72,r_100_58_169,0.99,1,170,169,50
78,seq68,r_149_86_120,seq21,r_149_86_120,1.0,0,120,120,50
63,seq21,r_54_118_132,seq68,r_54_118_132,0.97,-2,130,132,50
5,r_149_86_120,seq38,r_22_146_182,r_149_86_120,0.55,21,141,120,50
11,r_49_40_106,seq101,seq134,r_49_40_106,0.56,3,109,106,50
14,r_27_90_77,r_125_17_130,seq26,r_125_17_130,0.99,4,134,130,50
30,r_107_2_75,seq76,r_4_32_16,r_107_2_75,0.76,0,75,75,50
20,r_62_41_116,r_115_13_170,seq19,r_62_41_116,1.0,0,116,116,50
31,r_22_146_182,r_149_86_120,r_11_37_47,r_22_146_182,0.98,0,182,182,50
44,r_45_117_51,r_5_84_100,seq141,r_45_117_51,1.0,0,51,51,50
0,r_92_47_8,r_107_2_75,seq83,r_92_47_8,0.81,2,10,8,50
48,r_125_17_130,r_61_56_131,r_147_14_194,r_61_56_131,0.61,3,134,131,50
12,r_78_95_83,r_33_129_165,seq76,r_33_129_165,0.7,0,165,165,50
16,r_11_37_47,seq57,r_100_58_169,r_11_37_47,1.0,0,47,47,50
55,seq137,r_107_2_75,seq76,r_107_2_75,0.99,-34,41,75,50
62,seq19,r_123_135_21,r_62_41_116,r_62_41_116,1.0,3,119,116,50
85,seq88,r_61_56_131,r_96_145_115,r_96_145_115,0.9,5,120,115,50
27,r_128_35_109,r_147_14_194,seq43,r_128_35_109,0.94,0,109,109,50
35,r_122_111_48,seq124,r_70_94_180,r_122_111_48,1.0,0,48,48,50
19,r_116_46_78,seq105,r_113_24_41,r_113_24_41,0.93,1,42,41,50
9,r_91_39_53,seq101,seq73,r_91_39_53,1.0,0,53,53,50
2,r_5_84_100,r_49_40_106,r_28_93_167,r_5_84_100,1.0,0,100,100,50
47,r_110_20_199,r_136_6_111,r_22_146_182,r_136_6_111,0.64,0,111,111,50
40,r_115_13_170,r_62_41_116,seq50,r_62_41_116,1.0,0,116,116,50
18,r_136_6_111,r_110_20_199,r_4_32_16,r_136_6_111,0.98,0,111,111,50
29,r_100_58_169,seq72,r_11_37_47,r_11_37_47,1.0,22,69,47,50
17,r_31_71_17,r_70_94_180,seq42,r_31_71_17,0.98,0,17,17,50
4,r_113_24_41,r_11_37_47,r_30_74_43,r_113_24_41,1.0,2,43,41,50
35,r_122_111_48,r_70_94_180,r_10_121_105,r_10_121_105,1.0,75,180,105,50
25,r_34_53_175,r_59_142_125,seq50,r_59_142_125,1.0,0,125,125,50
6,r_98_1_25,seq112,seq141,r_98_1_25,1.0,0,25,25,50
1,r_133_55_36,seq75,seq134,r_133_55_36,1.0,1,37,36,50
59,seq141,seq72,r_45_117_51,r_45_117_51,1.0,0,51,51,50
32,r_80_23_141,seq114,r_85_99_147,r_85_99_147,0.8,2,149,147,50
38,r_33_129_165,r_29_65_126,r_78_95_83,r_78_95_83,0.86,22,105,83,50
68,seq42,r_31_71_17,r_34_53_175,r_34_53_175,0.98,2,177,175,50
34,r_85_99_147,r_147_14_194,seq8,r_85_99_147,0.61,1,148,147,50
58,seq12,r_54_118_132,r_4_32_16,r_4_32_16,0.85,13,29,16,50
39,r_82_18_34,r_29_65_126,seq51,r_82_18_34,0.98,0,34,34,50
31,r_22_146_182,r_110_20_199,r_149_86_120,r_149_86_120,1.0,6,126,120,50
8,r_3_87_156,r_80_23_141,seq0,r_3_87_156,0.79,1,157,156,50
73,seq52,seq36,r_9_44_68,r_9_44_68,1.0,3,71,68,50
19,r_116_46_78,r_113_24_41,seq81,r_116_46_78,1.0,0,78,78,50
49,r_30_74_43,r_70_94_180,r_113_24_41,r_30_74_43,1.0,0,43,43,50
15,r_70_94_180,r_122_111_48,r_96_145_115,r_96_145_115,0.8,65,180,115,50
25,r_34_53_175,seq50,seq42,r_34_53_175,0.98,0,175,175,50
29,r_100_58_169,r_11_37_47,r_59_142_125,r_100_58_169,0.84,1,170,169,50
22,r_29_65_126,r_33_129_165,seq12,r_29_65_126,0.57,0,126,126,50
5,r_149_86_120,r_22_146_182,r_110_20_199,r_22_146_182,0.74,-14,168,182,50
28,r_96_145_115,seq124,seq88,r_96_145_115,0.98,0,115,115,50
47,r_110_20_199,r_22_146_182,r_149_86_120,r_149_86_120,0.75,4,124,120,50
37,r_147_14_194,r_85_99_147,r_125_17_130,r_85_99_147,0.5,1,148,147,50
23,r_10_121_105,r_49_40_106,r_122_111_48,r_10_121_105,0.98,0,105,105,50
82,seq76,seq137,r_78_95_83,r_78_95_83,1.0,72,155,83,50
79,seq72,r_100_58_169,r_98_1_25,r_98_1_25,0.44,136,161,25,50
12,r_78_95_83,seq57,r_33_129_165,r_78_95_83,0.95,1,84,83,50
7,r_144_104_45,r_61_56_131,r_122_111_48,r_144_104_45,1.0,0,45,45,50
24,r_61_56_131,r_144_104_45,seq73,r_144_104_45,1.0,0,45,45,50
36,r_12_106_145,seq114,seq56,r_12_106_145,0.79,1,146,145,51
72,seq56,seq24,r_12_106_145,r_12_106_145,0.92,2,147,145,51
53,seq132,seq13,r_25_54_58,r_25_54_58,1.0,26,84,58,51
43,r_110_134_82,seq17,r_124_90_191,r_110_134_82,0.99,0,82,82,51
83,seq80,r_103_84_147,seq81,r_103_84_147,1.0,-32,115,147,51
37,r_87_37_68,r_66_140_167,seq97,r_87_37_68,1.0,9,77,68,51
26,r_66_140_167,r_87_37_68,r_38_129_23,r_66_140_167,0.78,-120,47,167,51
16,r_8_72_162,r_35_94_67,r_149_101_76,r_149_101_76,1.0,8,84,76,51
39,r_124_90_191,seq75,r_103_84_147,r_103_84_147,0.67,23,170,147,51
1,r_96_42_72,seq49,seq17,r_96_42_72,1.0,0,72,72,51
5,r_95_22_91,r_127_77_78,r_128_33_2,r_127_77_78,0.5,0,78,78,51
7,r_6_64_53,r_45_116_113,r_88_34_122,r_6_64_53,1.0,2,55,53,51
24,r_82_126_4,r_8_72_162,r_149_101_76,r_149_101_76,1.0,21,97,76,51
19,r_104_52_1,r_146_47_177,r_15_69_48,r_15_69_48,1.0,129,177,48,51
77,seq70,r_51_91_50,r_60_20_135,r_60_20_135,1.0,0,135,135,51
65,seq31,seq13,r_25_54_58,r_25_54_58,1.0,1,59,58,51
38,r_102_41_30,r_107_67_194,r_48_142_44,r_48_142_44,0.9,105,149,44,51
31,r_23_147_84,seq93,r_8_72_162,r_23_147_84,1.0,0,84,84,51
41,r_148_122_127,seq17,seq36,r_148_122_127,0.97,1,128,127,51
3,r_25_54_58,seq120,seq31,r_25_54_58,1.0,0,58,58,51
89,seq97,r_0_14_110,r_87_37_68,r_87_37_68,0.97,-2,66,68,51
10,r_60_20_135,seq24,seq70,r_60_20_135,0.97,1,136,135,51
42,r_15_69_48,seq125,r_104_52_1,r_15_69_48,1.0,0,48,48,51
59,seq17,r_35_94_67,r_96_42_72,r_96_42_72,0.99,42,114,72,51
5,r_95_22_91,r_128_33_2,seq36,r_95_22_91,0.88,0,91,91,51
8,r_103_84_147,seq123,r_124_90_191,r_103_84_147,0.84,1,148,147,51
16,r_8_72_162,r_149_101_76,r_60_20_135,r_60_20_135,1.0,27,162,135,51
4,r_83_4_151,seq40,r_95_22_91,r_83_4_151,0.96,0,151,151,51
0,r_133_135_62,seq70,seq18,r_133_135_62,1.0,0,62,62,51
63,seq27,r_108_99_111,seq68,r_108_99_111,1.0,0,111,111,51
11,r_146_47_177,r_104_52_1,r_59_144_124,r_59_144_124,1.0,53,177,124,51
13,r_137_53_170,seq68,r_48_142_44,r_137_53_170,0.62,1,171,170,51
98,seq123,r_103_84_147,r_16_92_116,r_16_92_116,0.74,1,117,116,51
57,seq13,r_59_144_124,r_25_54_58,r_25_54_58,0.99,63,121,58,51
5,r_95_22_91,seq36,r_83_4_151,r_83_4_151,0.97,0,151,151,51
45,r_0_14_110,seq97,r_30_79_34,r_30_79_34,0.6,14,48,34,51
27,r_108_99_111,seq27,seq131,r_108_99_111,0.99,0,111,111,51
69,seq43,seq121,r_29_74_40,r_29_74_40,1.0,17,57,40,51
2,r_119_139_183,r_113_57_155,r_148_122_127,r_119_139_183,0.87,-28,155,183,51
21,r_109_118_59,seq114,seq115,r_109_118_59,0.95,0,59,59,51
47,r_45_116_113,r_60_20_135,seq89,r_60_20_135,0.71,-21,114,135,51
29,r_61_117_102,r_59_144_124,r_88_34_122,r_61_117_102,1.0,0,102,102,51
38,r_102_41_30,seq115,r_107_67_194,r_102_41_30,0.96,0,30,30,51
25,r_59_144_124,seq13,r_30_79_34,r_59_144_124,1.0,1,125,124,51
43,r_110_134_82,r_124_90_191,seq65,r_124_90_191,0.5,-5,186,191,51
33,r_16_92_116,seq115,seq123,r_16_92_116,0.99,1,117,116,51
48,r_38_129_23,r_66_140_167,seq49,r_66_140_167,1.0,0,167,167,51
59,seq17,r_3_85_74,r_35_94_67,r_3_85_74,0.98,-18,56,74,51
30,r_21_100_168,r_51_91_50,r_15_69_48,r_21_100_168,0.93,-114,54,168,51
68,seq40,r_83_4_151,seq143,r_83_4_151,0.68,0,151,151,51
20,r_29_74_40,r_62_145_28,seq43,r_29_74_40,1.0,-2,38,40,51
35,r_62_145_28,r_29_74_40,seq97,r_62_145_28,1.0,1,29,28,51
61,seq24,r_60_20_135,seq78,r_60_20_135,0.89,1,136,135,51
8,r_103_84_147,r_124_90_191,seq65,r_124_90_191,0.92,-3,188,191,51
12,r_136_50_19,r_124_90_191,seq70,r_136_50_19,0.65,0,19,19,51
46,r_51_91_50,r_66_140_167,seq70,r_51_91_50,1.0,0,50,50,51
48,r_38_129_23,r_44_5_121,r_66_140_167,r_38_129_23,1.0,0,23,23,51
32,r_48_142_44,r_8_72_162,seq32,r_48_142_44,1.0,0,44,44,51
60,seq18,seq97,r_133_135_62,r_133_135_62,1.0,77,139,62,51
17,r_149_101_76,r_66_140_167,r_82_126_4,r_149_101_76,1.0,1,77,76,51
34,r_30_79_34,r_0_14_110,r_87_37_68,r_87_37_68,0.72,19,87,68,51
99,seq125,r_15_69_48,seq26,r_15_69_48,0.82,0,48,48,51
94,seq114,seq97,r_21_100_168,r_21_100_168,0.88,4,172,168,51
30,r_21_100_168,seq114,r_51_91_50,r_21_100_168,0.63,-143,25,168,51
18,r_73_55_20,r_107_67_194,seq93,r_73_55_20,0.99,1,21,20,51
9,r_113_57_155,r_119_139_183,seq114,r_113_57_155,0.81,0,155,155,51
26,r_66_140_167,r_38_129_23,seq27,r_38_129_23,0.65,144,167,23,51
31,r_23_147_84,r_8_72_162,r_96_42_72,r_96_42_72,0.57,109,181,72,51
22,r_39_58_80,seq105,r_30_79_34,r_39_58_80,0.99,4,84,80,51
2,r_119_139_183,r_148_122_127,r_109_118_59,r_119_139_183,0.99,0,183,183,51
28,r_127_77_78,r_95_22_91,seq28,r_127_77_78,1.0,0,78,78,51
91,seq105,r_8_72_162,r_136_50_19,r_136_50_19,0.93,162,181,19,51
49,r_44_5_121,seq28,seq81,r_44_5_121,0.86,1,122,121,51
14,r_107_67_194,seq97,r_102_41_30,r_102_41_30,0.94,5,35,30,51
34,r_30_79_34,r_66_140_167,r_0_14_110,r_30_79_34,0.95,1,35,34,51
44,r_35_94_67,r_8_72_162,r_96_42_72,r_96_42_72,1.0,2,74,72,51
23,r_3_85_74,seq1,seq13,r_3_85_74,1.0,0,74,74,51
84,seq81,r_103_84_147,seq80,r_103_84_147,1.0,1,148,147,51
40,r_105_102_146,r_53_98_33,r_44_111_68,r_105_102_146,1.0,0,146,146,52
14,r_66_25_179,r_110_37_191,r_10_61_176,r_10_61_176,0.9,3,179,176,52
8,r_56_18_171,seq28,r_84_118_72,r_84_118_72,0.51,99,171,72,52
43,r_52_59_129,r_56_18_171,seq142,r_52_59_129,0.95,0,129,129,52
84,seq141,seq108,r_101_38_13,r_101_38_13,1.0,1,14,13,52
3,r_53_98_33,r_105_102_146,seq3,r_53_98_33,0.65,113,146,33,52
71,seq35,r_92_13_39,seq41,r_92_13_39,0.85,1,40,39,52
19,r_73_60_154,r_57_125_89,r_143_6_43,r_73_60_154,1.0,0,154,154,52
16,r_69_27_158,seq2,seq133,r_69_27_158,0.73,0,158,158,52
21,r_70_137_173,seq117,r_97_62_131,r_97_62_131,1.0,7,138,131,52
5,r_14_121_169,seq114,r_30_21_150,r_14_121_169,0.55,0,169,169,52
46,r_145_26_115,r_105_102_146,seq34,r_145_26_115,0.89,0,115,115,52
19,r_73_60_154,seq68,r_57_125_89,r_57_125_89,0.99,0,89,89,52
55,seq7,seq86,r_92_13_39,r_92_13_39,1.0,15,54,39,52
48,r_92_13_39,seq35,seq7,r_92_13_39,1.0,0,39,39,52
66,seq23,r_17_80_127,seq2,r_17_80_127,1.0,-11,116,127,52
30,r_10_61_176,r_30_21_150,r_123_106_7,r_10_61_176,0.79,0,176,176,52
38,r_0_54_142,r_136_19_82,r_100_16_26,r_0_54_142,1.0,1,143,142,52
31,r_11_45_133,r_65_5_198,seq130,r_11_45_133,0.94,0,133,133,52
13,r_120_85_155,r_20_40_117,seq68,r_120_85_155,1.0,0,155,155,52
26,r_12_131_174,r_126_134_48,r_65_5_198,r_126_134_48,1.0,1,49,48,52
67,seq28,r_56_18_171,seq15,r_56_18_171,0.9,0,171,171,52
30,r_10_61_176,r_132_76_35,seq3,r_132_76_35,1.0,1,36,35,52
28,r_119_55_29,r_46_71_170,seq112,r_119_55_29,0.98,0,29,29,52
10,r_94_122_167,r_17_80_127,seq2,r_17_80_127,0.97,-11,116,127,52
90,seq91,r_97_62_131,seq108,r_97_62_131,0.76,1,132,131,52
89,seq90,seq107,r_115_103_21,r_115_103_21,1.0,11,32,21,52
59,seq139,seq8,r_143_6_43,r_143_6_43,1.0,5,48,43,52
11,r_30_21_150,r_10_61_176,r_14_121_169,r_10_61_176,0.78,0,176,176,52
71,seq35,seq33,r_96_140_138,r_96_140_138,0.93,0,138,138,52
33,r_126_134_48,r_12_131_174,seq47,r_126_134_48,1.0,0,48,48,52
0,r_57_125_89,seq74,r_73_60_154,r_57_125_89,1.0,0,89,89,52
37,r_109_99_34,r_12_131_174,r_119_55_29,r_109_99_34,0.99,0,34,34,52
11,r_30_21_150,seq63,r_10_61_176,r_30_21_150,0.77,0,150,150,52
36,r_132_76_35,r_10_61_176,seq7,r_132_76_35,1.0,1,36,35,52
13,r_120_85_155,r_66_25_179,r_24_67_181,r_24_67_181,0.5,-72,109,181,52
15,r_17_80_127,r_69_27_158,r_94_122_167,r_69_27_158,0.62,-73,85,158,52
49,r_50_1_15,seq144,r_84_118_72,r_84_118_72,1.0,46,118,72,52
12,r_136_19_82,r_0_54_142,seq42,r_0_54_142,1.0,2,144,142,52
6,r_49_64_37,seq86,seq117,r_49_64_37,1.0,0,37,37,52
62,seq15,r_87_104_166,seq28,r_87_104_166,1.0,0,166,166,52
40,r_105_102_146,r_145_26_115,r_53_98_33,r_53_98_33,0.97,0,33,33,52
2,r_4_95_76,r_14_121_169,r_58_72_3,r_14_121_169,0.99,0,169,169,52
49,r_50_1_15,r_14_121_169,seq144,r_50_1_15,0.54,0,15,15,52
37,r_109_99_34,r_119_55_29,r_58_72_3,r_58_72_3,0.92,88,91,3,52
0,r_57_125_89,r_73_60_154,r_84_118_72,r_73_60_154,1.0,0,154,154,52
45,r_20_40_117,r_120_85_155,r_4_95_76,r_120_85_155,0.72,3,158,155,52
30,r_10_61_176,seq3,r_30_21_150,r_30_21_150,0.79,5,155,150,52
3,r_53_98_33,r_92_13_39,r_105_102_146,r_53_98_33,0.88,3,36,33,52
23,r_44_111_68,seq138,r_105_102_146,r_105_102_146,0.56,0,146,146,52
2,r_4_95_76,r_93_148_119,r_14_121_169,r_14_121_169,0.99,-92,77,169,52
47,r_87_104_166,seq15,r_79_32_77,r_87_104_166,0.78,0,166,166,52
74,seq41,r_51_149_180,seq128,r_51_149_180,0.5,-10,170,180,52
18,r_24_67_181,seq47,r_81_29_141,r_24_67_181,0.42,1,182,181,52
29,r_83_43_135,seq77,r_84_118_72,r_83_43_135,0.95,2,137,135,52
24,r_97_62_131,seq91,seq113,r_97_62_131,0.86,1,132,131,52
32,r_101_38_13,seq129,seq141,r_101_38_13,0.96,0,13,13,52
25,r_96_140_138,seq135,seq35,r_96_140_138,0.89,0,138,138,52
34,r_143_6_43,seq41,seq127,r_143_6_43,1.0,0,43,43,52
50,seq128,r_51_149_180,seq41,r_51_149_180,0.47,-9,171,180,52
70,seq34,seq39,r_145_26_115,r_145_26_115,1.0,4,119,115,52
68,seq31,r_66_25_179,r_110_37_191,r_110_37_191,0.45,-73,118,191,52
38,r_0_54_142,seq74,r_136_19_82,r_136_19_82,1.0,0,82,82,52
77,seq47,r_24_67_181,r_126_134_48,r_126_134_48,1.0,29,77,48,52
99,seq127,seq116,r_143_6_43,r_143_6_43,1.0,5,48,43,52
94,seq113,r_70_137_173,r_49_64_37,r_49_64_37,0.64,117,154,37,52
9,r_84_118_72,r_44_111_68,r_50_1_15,r_84_118_72,1.0,1,73,72,52
26,r_12_131_174,r_65_5_198,r_96_140_138,r_96_140_138,0.73,36,174,138,52
22,r_46_71_170,seq89,r_4_95_76,r_46_71_170,0.7,0,170,170,52
91,seq107,seq90,r_115_103_21,r_115_103_21,0.99,101,122,21,52
13,r_120_85_155,r_24_67_181,r_20_40_117,r_24_67_181,0.56,-55,126,181,52
44,r_93_148_119,r_56_18_171,seq113,r_93_148_119,0.83,0,119,119,52
7,r_100_16_26,r_65_5_198,r_115_103_21,r_100_16_26,1.0,1,27,26,52
10,r_94_122_167,seq2,r_52_59_129,r_94_122_167,0.96,1,168,167,52
23,r_44_111_68,r_84_118_72,r_56_18_171,r_44_111_68,1.0,0,68,68,52
17,r_115_103_21,r_119_55_29,seq90,r_115_103_21,1.0,0,21,21,52
79,seq63,r_30_21_150,seq8,r_30_21_150,0.88,0,150,150,52
60,seq130,seq108,r_11_45_133,r_11_45_133,0.8,3,136,133,52
35,r_146_75_172,seq78,r_83_43_135,r_146_75_172,0.3,1,173,172,52
12,r_136_19_82,seq22,r_0_54_142,r_136_19_82,1.0,0,82,82,52
15,r_17_80_127,r_94_122_167,seq34,r_17_80_127,1.0,0,127,127,52
23,r_44_111_68,r_56_18_171,seq138,r_44_111_68,0.43,62,130,68,52
97,seq117,seq113,r_49_64_37,r_49_64_37,1.0,9,46,37,52
21,r_70_137_173,r_97_62_131,r_123_106_7,r_70_137_173,0.73,0,173,173,52
30,r_10_98_93,seq37,seq75,r_10_98_93,1.0,1,94,93,53
12,r_132_3_30,r_142_129_130,seq62,r_132_3_30,1.0,3,33,30,53
14,r_18_7_82,r_136_121_116,seq31,r_18_7_82,0.86,0,82,82,53
40,r_115_113_12,seq105,seq57,r_115_113_12,0.7,0,12,12,53
83,seq73,seq16,r_81_119_79,r_81_119_79,1.0,11,90,79,53
37,r_1_87_136,seq17,r_66_71_127,r_1_87_136,0.78,2,138,136,53
86,seq78,seq25,r_38_27_134,r_38_27_134,0.66,4,138,134,53
16,r_110_5_143,r_136_121_116,r_58_109_49,r_58_109_49,0.88,69,118,49,53
39,r_48_144_108,r_125_55_162,r_90_138_5,r_48_144_108,0.89,0,108,108,53
1,r_142_129_130,seq17,r_58_109_49,r_142_129_130,0.7,0,130,130,53
97,seq106,r_125_55_162,seq101,r_125_55_162,0.68,0,162,162,53
46,r_77_95_137,r_1_87_136,r_9_6_77,r_77_95_137,0.91,1,138,137,53
42,r_51_72_55,r_59_83_174,seq147,r_51_72_55,1.0,0,55,55,53
45,r_9_6_77,seq15,seq84,r_9_6_77,1.0,0,77,77,53
13,r_135_104_147,seq84,r_29_92_13,r_29_92_13,0.92,9,22,13,53
27,r_47_122_111,r_139_108_128,r_117_44_90,r_47_122_111,1.0,0,111,111,53
71,seq39,seq15,r_26_130_34,r_26_130_34,1.0,11,45,34,53
10,r_33_54_184,seq36,r_132_3_30,r_132_3_30,0.83,0,30,30,53
41,r_29_92_13,r_33_54_184,r_135_104_147,r_29_92_13,0.94,0,13,13,53
49,r_58_109_49,r_127_93_3,seq36,r_58_109_49,0.95,0,49,49,53
26,r_59_83_174,seq49,r_135_104_147,r_59_83_174,0.57,3,177,174,53
4,r_14_131_118,r_100_146_150,r_90_138_5,r_14_131_118,1.0,0,118,118,53
0,r_65_149_175,seq85,seq79,r_65_149_175,0.58,0,175,175,53
29,r_26_130_34,seq49,seq39,r_26_130_34,0.9,0,34,34,53
20,r_103_24_83,seq111,r_18_7_82,r_103_24_83,0.91,2,85,83,53
98,seq111,r_103_24_83,r_52_45_153,r_103_24_83,1.0,2,85,83,53
96,seq105,seq25,r_107_11_32,r_107_11_32,1.0,4,36,32,53
13,r_135_104_147,r_29_92_13,r_66_71_127,r_29_92_13,0.77,157,170,13,53
6,r_136_121_116,r_110_5_143,seq17,r_136_121_116,0.67,2,118,116,53
16,r_110_5_143,r_58_109_49,r_48_144_108,r_110_5_143,0.97,0,143,143,53
68,seq35,seq73,r_115_113_12,r_115_113_12,0.98,5,17,12,53
10,r_33_54_184,r_132_3_30,seq12,r_132_3_30,0.36,105,135,30,53
53,seq12,r_132_3_30,r_58_109_49,r_132_3_30,0.6,97,127,30,53
8,r_127_93_3,r_58_109_49,r_21_140_10,r_58_109_49,0.98,0,49,49,53
36,r_82_74_1,seq15,r_26_130_34,r_26_130_34,1.0,11,45,34,53
2,r_38_27_134,seq137,seq78,r_38_27_134,0.89,1,135,134,53
41,r_29_92_13,r_135_104_147,r_77_95_137,r_77_95_137,0.51,13,150,137,53
74,seq49,r_59_83_174,r_127_93_3,r_59_83_174,0.42,-3,171,174,53
25,r_81_119_79,r_124_141_164,seq73,r_81_119_79,1.0,0,79,79,53
58,seq147,seq8,r_51_72_55,r_51_72_55,1.0,6,61,55,53
57,seq17,r_136_121_116,r_124_141_164,r_124_141_164,0.85,6,170,164,53
32,r_125_55_162,seq106,seq37,r_125_55_162,0.46,0,162,162,53
10,r_33_54_184,r_29_92_13,seq36,r_29_92_13,0.66,1,14,13,53
38,r_145_133_113,r_139_108_128,seq111,r_145_133_113,0.56,2,115,113,53
68,seq35,r_115_113_12,r_81_119_79,r_81_119_79,1.0,1,80,79,53
45,r_9_6_77,seq84,r_77_95_137,r_77_95_137,1.0,6,143,137,53
27,r_47_122_111,r_19_118_36,r_139_108_128,r_19_118_36,1.0,0,36,36,53
17,r_124_141_164,r_86_128_167,seq17,r_124_141_164,0.53,2,166,164,53
9,r_117_44_90,seq31,seq20,r_117_44_90,1.0,0,90,90,53
53,seq12,r_110_5_143,r_132_3_30,r_132_3_30,0.77,12,42,30,53
98,seq111,r_52_45_153,r_148_50_26,r_52_45_153,1.0,-5,148,153,53
52,seq137,r_65_149_175,r_18_7_82,r_65_149_175,0.57,-13,162,175,53
22,r_139_108_128,r_145_133_113,seq23,r_145_133_113,0.64,0,113,113,53
28,r_61_114_67,r_103_24_83,r_127_93_3,r_61_114_67,0.94,0,67,67,53
66,seq32,r_102_63_117,r_59_83_174,r_102_63_117,0.65,68,185,117,53
7,r_134_99_183,seq8,r_100_146_150,r_100_146_150,1.0,34,184,150,53
43,r_21_140_10,r_136_121_116,r_127_93_3,r_21_140_10,1.0,0,10,10,53
23,r_126_40_45,seq37,seq85,r_126_40_45,0.87,58,103,45,53
31,r_19_118_36,r_47_122_111,seq25,r_19_118_36,1.0,0,36,36,53
19,r_107_11_32,seq30,seq105,r_107_11_32,0.99,0,32,32,53
35,r_0_91_64,r_81_119_79,seq37,r_0_91_64,0.96,1,65,64,53
84,seq75,seq112,r_10_98_93,r_10_98_93,0.99,-5,88,93,53
40,r_8_20_178,seq76,r_66_5_32,r_8_20_178,0.98,0,178,178,54
30,r_87_115_78,seq106,seq21,r_87_115_78,1.0,0,78,78,54
8,r_41_68_145,seq128,r_143_71_131,r_41_68_145,0.5,0,145,145,54
23,r_96_90_95,r_45_136_19,seq106,r_96_90_95,0.85,0,95,95,54
5,r_146_9_61,r_46_12_80,r_80_56_24,r_46_12_80,0.95,0,80,80,54
37,r_116_42_93,r_4_22_159,r_80_56_24,r_116_42_93,0.95,4,97,93,54
20,r_31_138_40,seq89,r_63_10_43,r_31_138_40,0.88,0,40,40,54
19,r_63_10_43,r_65_117_126,r_31_138_40,r_65_117_126,0.68,-13,113,126,54
86,seq98,seq106,r_2_81_33,r_2_81_33,0.51,106,139,33,54
16,r_124_99_79,seq47,r_127_75_17,r_124_99_79,0.76,0,79,79,54
21,r_133_1_157,r_15_50_133,seq51,r_133_1_157,0.51,-24,133,157,54
42,r_122_114_60,seq123,seq29,r_122_114_60,1.0,0,60,60,54
69,seq51,r_65_117_126,seq105,r_65_117_126,0.75,0,126,126,54
83,seq88,r_80_56_24,r_49_0_11,r_49_0_11,0.63,134,145,11,54
86,seq98,r_2_81_33,r_130_30_136,r_2_81_33,0.55,146,179,33,54
5,r_146_9_61,seq40,r_46_12_80,r_146_9_61,0.65,0,61,61,54
38,r_93_119_139,r_135_97_1,seq51,r_93_119_139,0.92,0,139,139,54
3,r_135_97_1,r_93_119_139,r_130_30_136,r_135_97_1,0.97,137,138,1,54
10,r_26_137_98,r_15_50_133,seq25,r_26_137_98,0.97,1,99,98,54
90,seq103,r_122_114_60,seq123,r_122_114_60,1.0,0,60,60,54
26,r_131_34_81,seq108,r_19_92_38,r_131_34_81,0.9,0,81,81,54
16,r_124_99_79,r_127_75_17,r_143_71_131,r_143_71_131,0.99,9,140,131,54
28,r_17_84_125,r_65_117_126,r_146_9_61,r_17_84_125,0.83,0,125,125,54
14,r_80_56_24,r_65_117_126,seq88,r_80_56_24,1.0,0,24,24,54
0,r_94_148_163,seq59,seq58,r_94_148_163,0.92,0,163,163,54
63,seq32,r_149_144_138,seq25,r_149_144_138,0.96,-14,124,138,54
19,r_63_10_43,r_43_38_82,r_65_117_126,r_63_10_43,0.87,2,45,43,54
73,seq59,r_94_148_163,seq24,r_94_148_163,1.0,0,163,163,54
5,r_146_9_61,r_80_56_24,r_17_84_125,r_17_84_125,1.0,3,128,125,54
13,r_69_109_181,seq61,r_46_12_80,r_46_12_80,1.0,9,89,80,54
98,seq123,r_122_114_60,seq103,r_122_114_60,1.0,0,60,60,54
38,r_93_119_139,r_70_54_52,r_135_97_1,r_70_54_52,1.0,0,52,52,54
15,r_55_77_191,r_127_75_17,r_82_111_198,r_82_111_198,0.38,-25,173,198,54
48,r_15_50_133,r_133_1_157,r_31_138_40,r_15_50_133,0.99,0,133,133,54
36,r_45_136_19,seq11,r_96_90_95,r_45_136_19,0.8,0,19,19,54
57,seq21,seq102,r_87_115_78,r_87_115_78,1.0,1,79,78,54
13,r_69_109_181,r_46_12_80,r_31_138_40,r_69_109_181,0.59,0,181,181,54
6,r_62_125_150,seq108,seq103,r_62_125_150,0.85,0,150,150,54
21,r_133_1_157,seq51,r_129_36_118,r_133_1_157,0.97,1,158,157,54
62,seq29,seq113,r_122_114_60,r_122_114_60,1.0,33,93,60,54
45,r_118_104_44,seq88,seq47,r_118_104_44,1.0,1,45,44,54
36,r_45_136_19,r_96_90_95,r_95_141_92,r_45_136_19,1.0,76,95,19,54
4,r_66_5_32,r_132_145_144,seq40,r_66_5_32,1.0,0,32,32,54
27,r_143_71_131,r_121_35_194,r_124_99_79,r_143_71_131,0.98,0,131,131,54
47,r_46_12_80,r_96_90_95,r_69_109_181,r_46_12_80,0.99,0,80,80,54
43,r_49_0_11,r_121_35_194,seq88,r_49_0_11,0.71,0,11,11,54
40,r_8_20_178,r_129_36_118,seq76,r_129_36_118,0.74,0,118,118,54
74,seq61,r_69_109_181,r_46_12_80,r_46_12_80,1.0,101,181,80,54
29,r_39_142_74,r_4_22_159,seq126,r_39_142_74,0.6,0,74,74,54
24,r_130_30_136,r_132_145_144,r_135_97_1,r_130_30_136,0.94,0,136,136,54
25,r_95_141_92,seq40,r_45_136_19,r_95_141_92,1.0,0,92,92,54
34,r_57_120_51,seq88,seq86,r_57_120_51,0.85,0,51,51,54
33,r_43_38_82,seq102,seq112,r_43_38_82,0.99,0,82,82,54
47,r_46_12_80,r_69_109_181,seq61,r_69_109_181,0.66,0,181,181,54
20,r_31_138_40,r_63_10_43,r_15_50_133,r_31_138_40,0.53,93,133,40,54
52,seq134,seq105,r_19_92_38,r_19_92_38,1.0,23,61,38,54
11,r_19_92_38,seq18,seq134,r_19_92_38,1.0,0,38,38,54
44,r_70_54_52,r_93_119_139,seq29,r_70_54_52,1.0,0,52,52,54
5,r_146_9_61,r_19_92_38,seq40,r_146_9_61,0.67,-43,18,61,54
17,r_149_144_138,seq32,seq58,r_149_144_138,0.98,0,138,138,54
84,seq89,r_31_138_40,seq67,r_31_138_40,0.63,0,40,40,54
94,seq108,r_131_34_81,r_62_125_150,r_131_34_81,1.0,0,81,81,54
54,seq14,r_4_22_159,r_118_104_44,r_118_104_44,0.76,15,59,44,54
9,r_65_117_126,seq51,seq89,r_65_117_126,0.89,0,126,126,54
22,r_132_145_144,seq44,r_87_115_78,r_132_145_144,0.83,0,144,144,54
28,r_17_84_125,seq21,r_65_117_126,r_65_117_126,0.73,-17,109,126,54
84,seq89,seq67,r_65_117_126,r_65_117_126,1.0,0,126,126,54
49,r_129_36_118,r_8_20_178,seq14,r_129_36_118,0.97,0,118,118,54
7,r_4_22_159,seq14,r_147_72_2,r_4_22_159,0.76,1,160,159,54
39,r_147_72_2,r_60_37_56,seq40,r_60_37_56,1.0,-8,48,56,54
32,r_60_37_56,r_147_72_2,seq102,r_60_37_56,1.0,0,56,56,54
23,r_96_90_95,r_46_12_80,r_45_136_19,r_96_90_95,0.84,-27,68,95,54
94,seq108,r_62_125_150,r_7_23_190,r_62_125_150,0.95,1,151,150,54
35,r_127_75_17,seq3,r_41_68_145,r_41_68_145,1.0,43,188,145,54
60,seq27,r_70_54_52,r_135_97_1,r_70_54_52,1.0,0,52,52,54
40,r_95_147_77,r_129_82_154,r_35_36_153,r_129_82_154,0.65,0,154,154,55
44,r_80_62_104,r_130_96_20,seq94,r_80_62_104,1.0,0,104,104,55
36,r_58_148_4,seq60,r_125_4_125,r_125_4_125,0.64,1,126,125,55
8,r_42_132_72,r_104_137_183,seq50,r_42_132_72,1.0,0,72,72,55
58,seq14,r_38_67_43,r_127_131_106,r_127_131_106,1.0,21,127,106,55
3,r_130_96_20,r_80_62_104,r_15_84_199,r_80_62_104,1.0,0,104,104,55
1,r_73_39_45,r_89_68_179,seq13,r_73_39_45,1.0,1,46,45,55
3,r_130_96_20,r_15_84_199,r_114_8_171,r_114_8_171,0.98,0,171,171,55
49,r_146_55_38,r_123_69_166,seq11,r_146_55_38,0.99,0,38,38,55
93,seq106,r_18_77_71,seq83,r_18_77_71,0.92,-12,59,71,55
16,r_57_136_133,seq49,r_95_147_77,r_95_147_77,0.55,56,133,77,55
39,r_104_137_183,seq13,r_130_96_20,r_130_96_20,0.69,163,183,20,55
5,r_85_70_110,r_126_118_83,r_134_143_65,r_134_143_65,0.78,18,83,65,55
46,r_86_23_157,r_33_100_197,r_37_24_89,r_86_23_157,0.4,0,157,157,55
45,r_37_24_89,seq10,seq102,r_37_24_89,0.99,0,89,89,55
89,seq94,r_109_25_53,r_80_62_104,r_80_62_104,1.0,28,132,104,55
66,seq46,r_29_116_138,r_18_77_71,r_18_77_71,0.99,67,138,71,55
43,r_123_69_166,r_146_55_38,seq45,r_146_55_38,1.0,0,38,38,55
31,r_18_77_71,seq106,seq46,r_18_77_71,1.0,1,72,71,55
41,r_135_122_93,seq113,r_88_28_164,r_135_122_93,1.0,0,93,93,55
10,r_125_4_125,seq90,r_58_148_4,r_125_4_125,0.57,0,125,125,55
26,r_88_28_164,r_29_116_138,r_135_122_93,r_135_122_93,0.99,2,95,93,55
18,r_20_97_24,r_57_136_133,seq113,r_20_97_24,0.96,0,24,24,55
5,r_85_70_110,r_134_143_65,seq11,r_85_70_110,0.74,1,111,110,55
20,r_41_0_14,seq56,r_65_53_54,r_65_53_54,1.0,4,58,54,55
0,r_129_82_154,seq40,r_95_147_77,r_95_147_77,0.57,10,87,77,55
11,r_114_8_171,seq13,r_130_96_20,r_130_96_20,0.59,151,171,20,55
47,r_31_72_59,r_65_53_54,r_134_143_65,r_31_72_59,0.98,-5,54,59,55
13,r_111_66_168,seq78,seq106,r_111_66_168,0.6,0,168,168,55
98,seq124,r_61_2_96,r_27_22_18,r_61_2_96,1.0,0,96,96,55
15,r_110_112_152,seq64,seq138,r_110_112_152,0.63,0,152,152,55
48,r_127_131_106,r_29_116_138,seq14,r_127_131_106,1.0,0,106,106,55
7,r_38_67_43,seq117,seq14,r_38_67_43,0.96,5,48,43,55
57,seq13,r_114_8_171,r_73_39_45,r_73_39_45,1.0,126,171,45,55
0,r_129_82_154,r_95_147_77,r_121_48_95,r_129_82_154,0.92,0,154,154,55
20,r_41_0_14,r_123_69_166,seq56,r_41_0_14,0.85,0,14,14,55
4,r_34_144_34,r_86_23_157,seq113,r_34_144_34,0.98,0,34,34,55
19,r_109_25_53,r_110_112_152,seq94,r_109_25_53,0.97,0,53,53,55
3,r_130_96_20,seq26,r_80_62_104,r_130_96_20,0.89,0,20,20,55
2,r_35_36_153,seq79,r_57_136_133,r_57_136_133,1.0,20,153,133,55
41,r_135_122_93,r_88_28_164,seq91,r_88_28_164,1.0,-2,162,164,55
21,r_44_17_57,seq14,seq74,r_44_17_57,0.98,2,59,57,55
12,r_43_98_40,seq75,seq21,r_43_98_40,1.0,0,40,40,55
93,seq106,seq83,r_111_66_168,r_111_66_168,0.91,8,176,168,55
40,r_95_147_77,r_61_2_96,r_129_82_154,r_61_2_96,0.95,-9,87,96,55
29,r_121_48_95,seq145,r_38_67_43,r_121_48_95,0.87,2,97,95,55
24,r_126_118_83,r_85_70_110,r_27_22_18,r_126_118_83,1.0,0,83,83,55
25,r_141_32_148,r_3_103_64,seq138,r_3_103_64,1.0,0,64,64,55
43,r_123_69_166,seq45,seq56,r_123_69_166,0.47,0,166,166,55
33,r_61_2_96,seq124,seq101,r_61_2_96,1.0,0,96,96,55
27,r_5_133_46,seq51,seq90,r_5_133_46,0.87,3,49,46,55
37,r_89_68_179,r_73_39_45,r_5_133_46,r_89_68_179,0.6,-134,45,179,55
44,r_80_62_104,r_15_84_199,r_130_96_20,r_80_62_104,0.66,-78,26,104,55
32,r_29_116_138,seq46,r_57_136_133,r_29_116_138,0.9,2,140,138,55
38,r_3_103_64,r_141_32_148,seq13,r_3_103_64,0.96,0,64,64,55
77,seq64,r_110_112_152,seq47,r_110_112_152,0.95,0,152,152,55
34,r_134_143_65,r_127_131_106,r_31_72_59,r_134_143_65,1.0,0,65,65,55
75,seq60,r_29_116_138,seq91,r_29_116_138,0.84,-75,63,138,55
25,r_141_32_148,seq138,seq46,r_141_32_148,1.0,0,148,148,55
26,r_88_28_164,r_135_122_93,seq102,r_88_28_164,1.0,0,164,164,55
37,r_89_68_179,r_5_133_46,r_20_97_24,r_89_68_179,0.62,0,179,179,55
29,r_121_48_95,r_38_67_43,r_129_82_154,r_129_82_154,0.89,5,159,154,55
22,r_92_76_156,seq9,r_7_115_193,r_92_76_156,0.45,0,156,156,55
28,r_87_99_76,seq94,seq30,r_87_99_76,0.98,0,76,76,55
91,seq102,seq90,r_37_24_89,r_37_24_89,1.0,16,105,89,55
81,seq75,r_43_98_40,seq79,r_43_98_40,1.0,3,43,40,55
30,r_65_53_54,r_31_72_59,r_41_0_14,r_65_53_54,1.0,0,54,54,55
6,r_27_22_18,seq40,seq124,r_27_22_18,0.59,-7,11,18,55
35,r_33_100_197,r_86_23_157,seq79,r_86_23_157,0.85,2,159,157,55
93,seq113,r_7_62_168,r_126_79_142,r_126_79_142,0.72,26,168,142,56
7,r_116_63_16,seq114,r_127_93_193,r_116_63_16,0.8,2,18,16,56
12,r_10_61_37,r_7_62_168,seq29,r_10_61_37,0.55,9,46,37,56
43,r_5_49_79,seq147,seq50,r_5_49_79,1.0,0,79,79,56
83,seq90,seq20,r_32_94_66,r_32_94_66,1.0,27,93,66,56
37,r_120_2_97,seq134,r_59_8_75,r_120_2_97,0.94,-2,95,97,56
55,seq17,r_43_88_151,seq101,r_43_88_151,1.0,0,151,151,56
39,r_51_36_155,seq34,r_69_96_113,r_51_36_155,0.91,0,155,155,56
1,r_33_22_53,r_66_109_62,r_73_141_106,r_66_109_62,0.58,56,118,62,56
97,seq148,r_68_64_186,r_132_89_128,r_132_89_128,0.99,28,156,128,56
82,seq86,r_42_124_49,r_12_60_138,r_12_60_138,1.0,0,138,138,56
5,r_78_81_130,seq34,seq52,r_78_81_130,0.99,0,130,130,56
7,r_116_63_16,r_127_93_193,r_10_61_37,r_116_63_16,0.34,153,169,16,56
45,r_145_85_123,r_140_41_194,seq143,r_145_85_123,0.89,0,123,123,56
23,r_59_8_75,r_73_141_106,r_120_2_97,r_59_8_75,0.6,26,101,75,56
19,r_32_94_66,r_78_81_130,seq90,r_32_94_66,1.0,1,67,66,56
71,seq52,seq86,r_42_124_49,r_42_124_49,0.98,6,55,49,56
27,r_11_1_127,seq84,seq114,r_11_1_127,1.0,0,127,127,56
41,r_98_74_124,r_73_141_106,r_59_8_75,r_59_8_75,0.91,31,106,75,56
89,seq105,r_149_65_171,seq34,r_149_65_171,0.68,0,171,171,56
31,r_35_14_21,r_97_83_191,seq55,r_35_14_21,0.97,0,21,21,56
3,r_68_64_186,seq148,seq134,r_68_64_186,0.31,0,186,186,56
82,seq86,seq52,r_42_124_49,r_42_124_49,0.83,2,51,49,56
11,r_136_144_104,r_131_110_120,r_112_121_141,r_136_144_104,0.83,16,120,104,56
11,r_136_144_104,seq148,r_131_110_120,r_136_144_104,0.48,0,104,104,56
13,r_43_88_151,seq17,seq130,r_43_88_151,0.82,0,151,151,56
38,r_9_26_50,r_43_88_151,seq29,r_9_26_50,1.0,1,51,50,56
15,r_57_19_121,r_69_96_113,seq130,r_57_19_121,0.68,0,121,121,56
48,r_126_79_142,r_97_83_191,seq113,r_126_79_142,0.83,0,142,142,56
4,r_12_60_138,r_112_121_141,seq86,r_12_60_138,0.95,-12,126,138,56
14,r_139_108_48,seq70,seq46,r_139_108_48,1.0,0,48,48,56
41,r_98_74_124,r_59_8_75,r_66_109_62,r_98_74_124,0.92,0,124,124,56
56,seq146,seq102,r_23_30_35,r_23_30_35,1.0,1,36,35,56
8,r_23_30_35,seq86,seq146,r_23_30_35,0.9,0,35,35,56
27,r_11_1_127,r_120_2_97,seq84,r_120_2_97,0.96,-36,61,97,56
24,r_138_3_56,seq137,r_10_61_37,r_138_3_56,1.0,0,56,56,56
30,r_87_4_58,r_67_56_187,r_120_2_97,r_120_2_97,0.9,90,187,97,56
1,r_33_22_53,seq72,r_66_109_62,r_33_22_53,0.94,0,53,53,56
30,r_87_4_58,r_78_81_130,r_67_56_187,r_87_4_58,1.0,0,58,58,56
2,r_132_89_128,seq101,seq148,r_132_89_128,0.97,0,128,128,56
47,r_115_24_165,r_97_83_191,r_126_79_142,r_97_83_191,0.64,-25,166,191,56
40,r_38_135_103,r_78_81_130,r_97_83_191,r_38_135_103,0.97,0,103,103,56
74,seq143,r_127_93_193,r_145_85_123,r_145_85_123,1.0,6,129,123,56
18,r_67_56_187,r_73_141_106,r_87_4_58,r_67_56_187,0.89,-124,63,187,56
29,r_149_65_171,seq105,r_73_141_106,r_73_141_106,0.74,65,171,106,56
34,r_112_121_141,r_66_109_62,r_136_144_104,r_112_121_141,0.88,0,141,141,56
25,r_131_110_120,r_136_144_104,seq39,r_136_144_104,0.56,16,120,104,56
70,seq50,r_140_41_194,r_5_49_79,r_5_49_79,1.0,17,96,79,56
10,r_75_27_109,r_138_3_56,seq84,r_138_3_56,0.63,-12,44,56,56
32,r_31_100_132,r_97_83_191,r_10_61_37,r_31_100_132,0.84,0,132,132,56
71,seq52,r_42_124_49,r_78_81_130,r_78_81_130,1.0,0,130,130,56
34,r_112_121_141,r_0_128_89,r_66_109_62,r_112_121_141,0.76,-79,62,141,56
6,r_66_109_62,r_57_19_121,r_73_141_106,r_66_109_62,0.73,-47,15,62,56
49,r_42_124_49,seq46,seq86,r_42_124_49,1.0,1,50,49,56
81,seq84,r_11_1_127,r_142_133_122,r_11_1_127,0.48,-17,110,127,56
17,r_0_128_89,r_129_71_118,seq20,r_0_128_89,0.98,0,89,89,56
9,r_45_21_154,seq148,r_38_135_103,r_45_21_154,0.95,0,154,154,56
22,r_7_62_168,seq113,seq17,r_7_62_168,0.84,0,168,168,56
6,r_66_109_62,r_112_121_141,r_98_74_124,r_66_109_62,0.99,68,130,62,56
28,r_69_96_113,seq119,r_51_36_155,r_69_96_113,0.7,44,157,113,56
4,r_12_60_138,r_129_71_118,r_112_121_141,r_112_121_141,0.57,-96,45,141,56
18,r_67_56_187,r_87_4_58,seq25,r_67_56_187,0.39,0,187,187,56
44,r_97_83_191,r_115_24_165,r_45_21_154,r_45_21_154,0.51,12,166,154,56
23,r_59_8_75,r_127_93_193,r_73_141_106,r_59_8_75,0.89,0,75,75,56
42,r_129_71_118,seq72,r_45_21_154,r_129_71_118,0.62,-59,59,118,56
42,r_129_71_118,r_45_21_154,r_73_141_106,r_129_71_118,1.0,0,118,118,56
35,r_6_92_98,r_136_144_104,seq134,r_6_92_98,0.98,1,99,98,56
82,seq86,r_23_30_35,seq52,r_23_30_35,0.87,-1,34,35,56
30,r_23_20_156,r_106_115_13,seq10,r_23_20_156,0.54,0,156,156,57
99,seq127,r_66_86_148,seq19,r_66_86_148,0.53,-97,51,148,57
51,seq1,r_44_78_194,seq88,r_44_78_194,0.58,-64,130,194,57
36,r_79_125_88,seq32,seq133,r_79_125_88,0.87,0,88,88,57
8,r_15_30_19,seq111,r_5_99_51,r_15_30_19,0.63,0,19,19,57
61,seq19,r_5_99_51,r_15_30_19,r_5_99_51,0.99,0,51,51,57
41,r_72_98_17,seq140,seq0,r_72_98_17,0.93,0,17,17,57
14,r_55_109_157,seq91,r_126_119_89,r_126_119_89,1.0,31,120,89,57
43,r_38_123_118,seq68,r_117_80_131,r_38_123_118,0.45,-58,60,118,57
86,seq92,r_36_28_178,r_33_16_163,r_36_28_178,0.47,-8,170,178,57
54,seq7,r_40_137_125,r_136_128_106,r_136_128_106,0.46,19,125,106,57
83,seq89,r_87_59_61,r_106_115_13,r_87_59_61,1.0,-1,60,61,57
3,r_14_58_169,r_48_43_73,seq90,r_14_58_169,0.86,0,169,169,57
59,seq145,seq127,r_112_60_136,r_112_60_136,1.0,1,137,136,57
72,seq56,seq104,r_5_99_51,r_5_99_51,0.52,-29,22,51,57
1,r_36_28_178,r_82_21_90,r_33_16_163,r_82_21_90,1.0,1,91,90,57
72,seq56,r_5_99_51,r_15_30_19,r_5_99_51,0.82,-4,47,51,57
43,r_38_123_118,r_117_80_131,r_131_37_70,r_38_123_118,1.0,0,118,118,57
45,r_44_78_194,seq1,r_48_43_73,r_48_43_73,1.0,44,117,73,57
89,seq96,r_102_134_41,r_57_73_130,r_57_73_130,1.0,2,132,130,57
35,r_126_119_89,seq147,r_4_41_179,r_126_119_89,0.33,-51,38,89,57
19,r_149_11_117,seq10,r_15_30_19,r_149_11_117,0.94,0,117,117,57
21,r_8_132_30,r_4_41_179,seq81,r_8_132_30,1.0,0,30,30,57
12,r_5_99_51,r_15_30_19,r_6_148_9,r_5_99_51,0.93,0,51,51,57
95,seq111,seq67,r_82_21_90,r_82_21_90,1.0,3,93,90,57
37,r_64_29_29,r_61_34_99,seq12,r_64_29_29,0.81,0,29,29,57
12,r_5_99_51,r_6_148_9,r_76_97_140,r_5_99_51,0.83,68,119,51,57
3,r_14_58_169,seq1,r_48_43_73,r_48_43_73,1.0,8,81,73,57
38,r_141_50_24,r_36_28_178,seq107,r_141_50_24,1.0,0,24,24,57
35,r_126_119_89,r_4_41_179,r_55_109_157,r_126_119_89,0.96,0,89,89,57
64,seq32,seq2,r_42_22_114,r_42_22_114,1.0,2,116,114,57
29,r_57_73_130,seq9,r_3_75_27,r_3_75_27,1.0,1,28,27,57
16,r_142_120_122,seq147,r_66_86_148,r_66_86_148,0.89,2,150,148,57
4,r_45_46_59,r_65_122_165,r_8_132_30,r_45_46_59,0.92,0,59,59,57
63,seq31,r_4_41_179,seq124,r_4_41_179,0.85,0,179,179,57
99,seq127,seq19,r_126_119_89,r_126_119_89,0.9,46,135,89,57
5,r_13_146_39,seq0,seq100,r_13_146_39,1.0,1,40,39,57
20,r_106_115_13,r_87_59_61,seq89,r_87_59_61,1.0,-1,60,61,57
13,r_42_22_114,r_74_83_127,seq32,r_42_22_114,0.96,-1,113,114,57
46,r_65_122_165,seq0,seq54,r_65_122_165,0.67,3,168,165,57
15,r_117_80_131,r_44_78_194,r_79_125_88,r_117_80_131,0.68,0,131,131,57
1,r_36_28_178,r_33_16_163,r_138_63_54,r_36_28_178,0.6,1,179,178,57
57,seq139,seq96,r_131_37_70,r_131_37_70,0.97,0,70,70,57
6,r_116_113_110,seq129,r_82_21_90,r_116_113_110,1.0,0,110,110,57
85,seq91,r_55_109_157,r_126_119_89,r_126_119_89,1.0,69,158,89,57
2,r_48_43_73,r_14_58_169,seq88,r_14_58_169,0.89,0,169,169,57
5,r_13_146_39,seq100,r_110_27_176,r_110_27_176,1.0,0,176,176,57
23,r_135_118_12,r_149_11_117,seq100,r_135_118_12,0.72,0,12,12,57
47,r_105_101_95,r_87_59_61,r_72_98_17,r_105_101_95,0.99,0,95,95,57
27,r_76_97_140,r_61_34_99,r_5_99_51,r_76_97_140,0.83,2,142,140,57
7,r_102_134_41,seq1,seq96,r_102_134_41,1.0,0,41,41,57
31,r_82_21_90,seq108,r_116_113_110,r_116_113_110,1.0,2,112,110,57
26,r_110_27_176,seq70,r_13_146_39,r_110_27_176,0.94,0,176,176,57
4,r_45_46_59,r_8_132_30,r_65_122_165,r_45_46_59,0.67,-36,23,59,57
2,r_48_43_73,seq9,r_14_58_169,r_48_43_73,1.0,0,73,73,57
41,r_72_98_17,seq0,r_105_101_95,r_105_101_95,1.0,1,96,95,57
47,r_105_101_95,r_131_37_70,r_87_59_61,r_105_101_95,0.81,-25,70,95,57
40,r_66_86_148,r_55_109_157,r_142_120_122,r_66_86_148,0.97,2,150,148,57
18,r_87_59_61,seq89,seq39,r_87_59_61,1.0,-1,60,61,57
1,r_36_28_178,r_141_50_24,r_82_21_90,r_141_50_24,0.95,-2,22,24,57
8,r_15_30_19,r_5_99_51,seq19,r_5_99_51,0.94,0,51,51,57
24,r_131_37_70,r_105_101_95,seq139,r_131_37_70,0.88,0,70,70,57
33,r_112_60_136,r_65_122_165,seq145,r_112_60_136,0.57,0,136,136,57
64,seq32,r_79_125_88,seq2,r_79_125_88,0.96,1,89,88,57
25,r_47_71_53,seq35,seq104,r_47_71_53,0.85,0,53,53,57
90,seq100,r_79_125_88,r_13_146_39,r_13_146_39,0.78,3,42,39,57
20,r_106_115_13,seq89,r_49_130_166,r_49_130_166,0.96,1,167,166,57
42,r_3_75_27,r_57_73_130,r_87_59_61,r_57_73_130,0.55,0,130,130,57
32,r_74_83_127,seq90,seq56,r_74_83_127,0.91,0,127,127,57
12,r_5_99_51,seq19,r_15_30_19,r_5_99_51,0.48,-32,19,51,57
8,r_15_30_19,seq19,r_149_11_117,r_149_11_117,1.0,1,118,117,57
35,r_126_119_89,r_55_109_157,seq91,r_55_109_157,1.0,1,158,157,57
34,r_49_130_166,seq18,r_106_115_13,r_49_130_166,0.56,0,166,166,57
14,r_55_109_157,r_126_119_89,r_144_17_153,r_55_109_157,0.98,0,157,157,57
75,seq68,r_44_78_194,r_141_50_24,r_141_50_24,0.92,106,130,24,57
42,r_3_75_27,r_102_134_41,r_57_73_130,r_3_75_27,0.81,0,27,27,57
60,seq18,r_49_130_166,r_33_16_163,r_49_130_166,0.93,0,166,166,57
17,r_144_17_153,r_110_27_176,r_141_50_24,r_144_17_153,0.51,2,155,153,57
36,r_79_125_88,seq133,r_117_80_131,r_117_80_131,0.98,4,135,131,57
94,seq108,r_24_94_67,r_141_50_24,r_24_94_67,0.81,1,68,67,57
9,r_136_128_106,seq0,seq7,r_136_128_106,0.97,0,106,106,57
29,r_57_73_130,r_3_75_27,seq96,r_57_73_130,0.84,0,130,130,57
22,r_24_94_67,seq108,seq62,r_24_94_67,1.0,1,68,67,57
28,r_40_137_125,seq7,r_141_50_24,r_40_137_125,0.82,0,125,125,57
49,r_4_41_179,seq31,r_8_132_30,r_8_132_30,0.55,149,179,30,57
89,seq96,r_138_63_54,r_102_134_41,r_102_134_41,0.53,15,56,41,57
56,seq10,r_61_34_99,r_23_20_156,r_23_20_156,0.71,1,157,156,57
44,r_26_143_171,seq77,seq89,r_26_143_171,0.46,0,171,171,57
79,seq77,r_26_143_171,r_87_59_61,r_87_59_61,1.0,110,171,61,57
84,seq90,r_33_16_163,r_14_58_169,r_14_58_169,1.0,3,172,169,57
51,seq2,seq113,r_30_115_143,r_30_115_143,1.0,3,146,143,58
9,r_17_77_58,r_114_132_184,r_140_126_124,r_140_126_124,1.0,51,175,124,58
14,r_21_73_137,seq29,seq105,r_21_73_137,0.62,0,137,137,58
8,r_85_40_96,seq74,seq70,r_85_40_96,0.92,0,96,96,58
43,r_30_115_143,r_123_1_145,r_143_130_91,r_143_130_91,0.96,0,91,91,58
81,seq70,r_91_121_189,seq43,r_91_121_189,0.36,-69,120,189,58
37,r_47_128_123,r_147_23_192,seq124,r_47_128_123,0.96,0,123,123,58
16,r_117_127_141,r_46_57_169,r_100_42_53,r_117_127_141,0.74,0,141,141,58
1,r_88_97_71,r_78_71_129,r_18_12_107,r_88_97_71,0.93,1,72,71,58
5,r_49_131_77,r_98_109_156,r_61_119_159,r_49_131_77,1.0,0,77,77,58
46,r_69_79_168,seq106,seq5,r_69_79_168,0.6,0,168,168,58
8,r_85_40_96,seq70,seq43,r_85_40_96,0.38,37,133,96,58
45,r_18_12_107,r_46_57_169,r_88_97_71,r_88_97_71,0.99,0,71,71,58
62,seq149,seq139,r_3_80_40,r_3_80_40,1.0,3,43,40,58
27,r_62_116_42,seq113,r_120_24_161,r_62_116_42,0.73,3,45,42,58
42,r_100_42_53,r_61_119_159,seq25,r_100_42_53,0.99,0,53,53,58
39,r_51_82_15,r_48_7_177,r_146_133_105,r_146_133_105,0.65,-2,103,105,58
31,r_147_23_192,r_47_128_123,seq145,r_47_128_123,1.0,0,123,123,58
41,r_140_126_124,seq74,r_17_77_58,r_140_126_124,0.89,0,124,124,58
36,r_61_119_159,r_100_42_53,seq89,r_100_42_53,1.0,0,53,53,58
9,r_17_77_58,seq84,r_114_132_184,r_17_77_58,0.87,0,58,58,58
58,seq15,r_26_96_122,r_137_122_24,r_137_122_24,1.0,0,24,24,58
67,seq31,r_75_9_8,r_53_110_115,r_53_110_115,1.0,0,115,115,58
3,r_26_96_122,r_37_68_172,seq139,r_26_96_122,0.86,0,122,122,58
10,r_114_132_184,seq92,r_17_77_58,r_17_77_58,1.0,7,65,58,58
22,r_75_9_8,r_120_24_161,r_83_45_46,r_75_9_8,0.7,38,46,8,58
27,r_62_116_42,r_120_24_161,seq31,r_120_24_161,0.99,-81,80,161,58
26,r_120_24_161,seq31,seq90,r_120_24_161,0.58,0,161,161,58
72,seq44,seq34,r_98_109_156,r_98_109_156,1.0,2,158,156,58
4,r_78_71_129,r_88_97_71,seq118,r_88_97_71,1.0,1,72,71,58
0,r_93_64_78,r_85_40_96,seq144,r_93_64_78,0.99,0,78,78,58
63,seq22,r_98_109_156,r_18_12_107,r_18_12_107,0.97,-2,105,107,58
73,seq50,r_65_11_95,seq106,r_65_11_95,0.73,2,97,95,58
20,r_32_148_93,seq136,seq56,r_32_148_93,1.0,0,93,93,58
13,r_46_57_169,r_117_127_141,r_88_97_71,r_46_57_169,0.98,-28,141,169,58
98,seq124,r_142_14_170,r_59_103_128,r_59_103_128,0.91,0,128,128,58
6,r_137_122_24,r_32_148_93,seq15,r_137_122_24,1.0,0,24,24,58
38,r_143_130_91,r_30_115_143,r_117_127_141,r_143_130_91,0.66,52,143,91,58
1,r_88_97_71,r_18_12_107,r_46_57_169,r_18_12_107,0.99,0,107,107,58
99,seq125,seq34,r_146_133_105,r_146_133_105,1.0,5,110,105,58
5,r_49_131_77,r_61_119_159,seq89,r_61_119_159,1.0,-2,157,159,58
10,r_114_132_184,r_17_77_58,r_111_6_160,r_114_132_184,0.61,0,184,184,58
19,r_83_45_46,seq70,r_75_9_8,r_83_45_46,1.0,0,46,46,58
87,seq89,r_61_119_159,r_49_131_77,r_49_131_77,0.75,16,93,77,58
2,r_53_110_115,seq63,seq31,r_53_110_115,0.97,0,115,115,58
47,r_36_94_183,seq92,r_38_76_18,r_36_94_183,0.26,1,184,183,58
36,r_61_119_159,seq89,r_49_131_77,r_49_131_77,0.88,14,91,77,58
18,r_111_6_160,seq95,r_141_4_51,r_111_6_160,0.82,0,160,160,58
29,r_59_103_128,r_16_112_104,seq129,r_16_112_104,0.69,0,104,104,58
24,r_146_133_105,seq35,seq125,r_146_133_105,0.72,2,107,105,58
44,r_3_80_40,r_143_130_91,seq149,r_3_80_40,0.88,0,40,40,58
25,r_98_109_156,r_49_131_77,seq22,r_49_131_77,1.0,-13,64,77,58
33,r_37_68_172,r_26_96_122,r_83_45_46,r_83_45_46,0.53,126,172,46,58
61,seq20,r_37_68_172,r_137_122_24,r_137_122_24,0.94,148,172,24,58
32,r_65_11_95,seq50,seq144,r_65_11_95,1.0,0,95,95,58
38,r_143_130_91,seq95,r_30_115_143,r_143_130_91,0.97,1,92,91,58
4,r_78_71_129,seq118,r_146_133_105,r_78_71_129,0.81,1,130,129,58
34,r_16_112_104,r_59_103_128,seq35,r_16_112_104,0.83,0,104,104,58
29,r_59_103_128,seq129,r_47_128_123,r_59_103_128,0.89,0,128,128,58
11,r_38_76_18,r_141_4_51,seq99,r_38_76_18,1.0,2,20,18,58
43,r_30_115_143,r_143_130_91,seq2,r_30_115_143,0.99,0,143,143,58
17,r_123_1_145,r_30_115_143,r_53_110_115,r_123_1_145,0.62,0,145,145,58
25,r_98_109_156,seq22,seq44,r_98_109_156,0.74,0,156,156,58
39,r_51_82_15,r_85_40_96,r_48_7_177,r_51_82_15,0.7,0,15,15,58
94,seq106,r_8_39_182,seq55,r_8_39_182,0.71,-33,149,182,58
45,r_18_12_107,r_88_97_71,seq22,r_18_12_107,0.97,0,107,107,58
28,r_107_86_118,seq10,seq138,r_107_86_118,0.78,-3,115,118,58
73,seq50,seq106,r_88_97_71,r_88_97_71,0.61,104,175,71,58
49,r_58_13_36,r_98_109_156,seq28,r_58_13_36,1.0,0,36,36,58
67,seq31,seq81,r_75_9_8,r_75_9_8,0.71,32,40,8,58
56,seq10,r_107_86_118,r_53_110_115,r_53_110_115,0.95,34,149,115,58
7,r_142_14_170,seq124,seq41,r_142_14_170,0.69,-1,169,170,58
23,r_8_39_182,seq106,r_36_94_183,r_8_39_182,0.46,1,183,182,58
81,seq70,r_83_45_46,r_91_121_189,r_83_45_46,1.0,0,46,46,58
35,r_101_67_191,r_142_14_170,r_100_42_53,r_100_42_53,0.98,57,110,53,58
12,r_104_66_112,seq2,r_18_12_107,r_104_66_112,0.97,0,112,112,58
36,r_61_119_159,r_49_131_77,seq28,r_61_119_159,0.98,0,159,159,58
30,r_140_103_82,r_73_142_169,seq102,r_140_103_82,1.0,0,82,82,59
51,seq2,r_20_123_105,r_15_56_134,r_20_123_105,0.86,0,105,105,59
36,r_84_0_74,seq100,r_51_55_138,r_84_0_74,1.0,0,74,74,59
5,r_40_148_103,seq113,r_77_61_50,r_77_61_50,0.88,-5,45,50,59
15,r_94_93_20,seq38,r_52_146_100,r_52_146_100,0.56,39,139,100,59
28,r_24_32_154,r_99_18_94,seq75,r_24_32_154,1.0,0,154,154,59
54,seq6,r_66_29_176,r_12_114_155,r_12_114_155,0.69,21,176,155,59
37,r_51_55_138,r_1_16_137,seq137,r_51_55_138,0.89,0,138,138,59
3,r_52_146_100,r_70_98_190,r_97_88_140,r_97_88_140,0.98,50,190,140,59
55,seq9,seq75,r_145_41_47,r_145_41_47,1.0,20,67,47,59
1,r_70_98_190,r_118_43_146,r_52_146_100,r_52_146_100,0.92,10,110,100,59
46,r_15_56_134,seq2,r_11_95_54,r_15_56_134,0.75,0,134,134,59
42,r_12_114_155,seq75,seq6,r_12_114_155,0.68,0,155,155,59
14,r_130_76_96,r_121_141_32,seq63,r_130_76_96,1.0,0,96,96,59
45,r_106_39_72,seq89,seq127,r_106_39_72,1.0,0,72,72,59
5,r_40_148_103,r_77_61_50,r_11_95_54,r_40_148_103,0.46,0,103,103,59
9,r_17_92_40,seq122,seq21,r_17_92_40,1.0,0,40,40,59
31,r_129_46_38,r_51_55_138,r_11_95_54,r_129_46_38,0.99,0,38,38,59
66,seq38,r_44_110_91,seq2,r_44_110_91,0.92,1,92,91,59
3,r_52_146_100,r_97_88_140,r_33_23_6,r_52_146_100,0.45,-57,43,100,59
39,r_121_141_32,r_130_76_96,r_49_31_49,r_130_76_96,0.55,0,96,96,59
15,r_94_93_20,r_117_139_69,r_118_43_146,r_117_139_69,0.82,1,70,69,59
13,r_54_34_51,seq25,r_40_148_103,r_54_34_51,1.0,3,54,51,59
67,seq45,r_22_125_102,seq127,r_22_125_102,0.94,0,102,102,59
60,seq21,seq80,r_17_92_40,r_17_92_40,0.99,3,43,40,59
10,r_20_123_105,seq2,seq102,r_20_123_105,0.95,0,105,105,59
47,r_145_41_47,seq109,seq9,r_145_41_47,1.0,0,47,47,59
51,seq2,r_4_36_149,r_1_16_137,r_4_36_149,0.9,0,149,149,59
15,r_94_93_20,seq115,r_117_139_69,r_94_93_20,0.56,3,23,20,59
3,r_52_146_100,r_33_23_6,r_70_98_190,r_52_146_100,1.0,0,100,100,59
4,r_117_139_69,r_49_31_49,r_94_93_20,r_117_139_69,0.7,-42,27,69,59
11,r_138_74_81,seq109,r_8_42_59,r_138_74_81,1.0,0,81,81,59
20,r_99_18_94,seq64,r_24_32_154,r_99_18_94,0.78,2,96,94,59
98,seq126,r_108_3_76,seq13,r_108_3_76,1.0,0,76,76,59
48,r_112_65_57,seq2,r_33_23_6,r_112_65_57,1.0,0,57,57,59
14,r_130_76_96,r_111_81_178,r_121_141_32,r_130_76_96,0.67,-57,39,96,59
6,r_35_101_118,seq102,r_145_41_47,r_145_41_47,0.76,71,118,47,59
13,r_54_34_51,r_40_148_103,r_53_7_85,r_40_148_103,0.86,0,103,103,59
74,seq63,seq9,r_130_76_96,r_130_76_96,0.77,24,120,96,59
19,r_11_95_54,seq59,seq122,r_11_95_54,0.68,1,55,54,59
36,r_84_0_74,r_51_55_138,r_135_91_28,r_51_55_138,0.93,0,138,138,59
0,r_67_68_16,r_130_76_96,seq60,r_67_68_16,0.92,2,18,16,59
27,r_82_72_199,r_96_58_144,r_145_41_47,r_82_72_199,0.69,-55,144,199,59
17,r_49_31_49,r_118_43_146,seq60,r_49_31_49,1.0,0,49,49,59
51,seq2,r_15_56_134,r_4_36_149,r_15_56_134,0.99,0,134,134,59
2,r_73_142_169,r_140_103_82,r_33_23_6,r_73_142_169,0.83,-87,82,169,59
41,r_33_23_6,r_52_146_100,r_112_65_57,r_33_23_6,0.92,94,100,6,59
40,r_22_125_102,seq45,seq10,r_22_125_102,1.0,0,102,102,59
18,r_108_3_76,seq126,seq5,r_108_3_76,0.98,0,76,76,59
29,r_96_58_144,r_82_72_199,seq60,r_96_58_144,0.85,0,144,144,59
20,r_99_18_94,r_24_32_154,seq85,r_24_32_154,1.0,0,154,154,59
24,r_136_131_90,seq14,seq143,r_136_131_90,0.92,3,93,90,59
16,r_48_144_123,r_12_114_155,r_96_58_144,r_12_114_155,0.6,-88,67,155,59
33,r_1_16_137,r_51_55_138,seq38,r_1_16_137,0.91,1,138,137,59
64,seq30,r_24_32_154,r_117_139_69,r_117_139_69,0.97,4,73,69,59
4,r_117_139_69,r_94_93_20,seq30,r_117_139_69,1.0,0,69,69,59
70,seq134,seq115,r_57_147_41,r_57_147_41,1.0,81,122,41,59
14,r_130_76_96,r_67_68_16,r_111_81_178,r_67_68_16,0.36,7,23,16,59
65,seq37,r_26_19_143,r_27_133_77,r_27_133_77,0.73,70,147,77,59
32,r_71_128_124,seq10,seq102,r_71_128_124,0.97,0,124,124,59
38,r_27_133_77,seq122,seq37,r_27_133_77,0.89,10,87,77,59
25,r_77_61_50,r_40_148_103,r_53_7_85,r_40_148_103,0.8,0,103,103,59
34,r_66_29_176,seq6,seq45,r_66_29_176,0.43,-2,174,176,59
39,r_121_141_32,seq38,r_130_76_96,r_121_141_32,0.76,2,34,32,59
6,r_35_101_118,r_145_41_47,r_130_76_96,r_130_76_96,0.74,60,156,96,59
23,r_8_42_59,seq63,seq79,r_8_42_59,1.0,0,59,59,59
31,r_129_46_38,r_11_95_54,r_4_36_149,r_4_36_149,1.0,8,157,149,59
16,r_48_144_123,r_96_58_144,r_12_114_155,r_12_114_155,0.88,-120,35,155,59
49,r_57_147_41,seq100,seq134,r_57_147_41,1.0,0,41,41,59
28,r_24_32_154,seq116,r_99_18_94,r_99_18_94,0.98,21,115,94,59
15,r_94_93_20,r_118_43_146,seq38,r_118_43_146,0.59,-45,101,146,59
74,seq63,r_8_42_59,seq9,r_8_42_59,1.0,0,59,59,59
7,r_44_110_91,seq38,seq127,r_44_110_91,0.99,0,91,91,59
44,r_118_43_146,r_70_98_190,seq85,r_118_43_146,0.83,1,147,146,59
66,seq38,seq2,r_1_16_137,r_1_16_137,0.76,2,139,137,59
25,r_77_61_50,seq109,r_40_148_103,r_77_61_50,0.98,-1,49,50,59
22,r_135_91_28,seq30,seq79,r_135_91_28,0.88,1,29,28,59
35,r_26_19_143,seq37,r_44_110_91,r_44_110_91,0.99,56,147,91,59
16,r_48_144_123,r_96_58_144,r_108_3_76,r_48_144_123,0.67,-10,113,123,59
30,r_35_81_130,seq139,seq53,r_35_81_130,0.94,0,130,130,60
44,r_28_59_49,r_124_97_147,seq85,r_124_97_147,1.0,0,147,147,60
36,r_126_13_164,r_143_12_9,r_148_147_33,r_126_13_164,0.56,0,164,164,60
9,r_124_97_147,r_28_59_49,seq130,r_124_97_147,1.0,0,147,147,60
6,r_140_89_113,seq70,r_55_66_38,r_55_66_38,0.77,8,46,38,60
17,r_21_5_29,r_38_135_95,seq132,r_21_5_29,1.0,0,29,29,60
92,seq100,seq107,r_87_6_137,r_87_6_137,1.0,2,139,137,60
14,r_106_120_172,seq122,r_111_82_39,r_106_120_172,0.76,0,172,172,60
8,r_128_115_169,seq118,seq75,r_128_115_169,0.76,1,170,169,60
58,seq138,r_79_144_125,seq32,r_79_144_125,0.89,-14,111,125,60
43,r_74_137_162,seq42,r_7_102_177,r_74_137_162,0.53,0,162,162,60
83,seq141,r_67_45_153,seq58,r_67_45_153,0.94,-3,150,153,60
18,r_38_135_95,r_114_91_63,r_0_84_89,r_38_135_95,1.0,0,95,95,60
19,r_133_71_47,r_79_144_125,seq85,r_79_144_125,0.66,0,125,125,60
40,r_112_105_13,r_25_9_26,seq139,r_112_105_13,0.73,2,15,13,60
86,seq88,seq107,r_131_94_87,r_131_94_87,1.0,3,90,87,60
16,r_76_33_171,seq130,seq10,r_76_33_171,0.62,1,172,171,60
39,r_123_26_45,r_106_120_172,seq60,r_123_26_45,0.97,15,60,45,60
1,r_77_146_22,seq99,seq53,r_77_146_22,0.32,144,166,22,60
97,seq118,r_128_115_169,seq117,r_128_115_169,1.0,1,170,169,60
46,r_131_94_87,r_87_6_137,seq88,r_131_94_87,0.67,0,87,87,60
18,r_38_135_95,r_21_5_29,seq95,r_21_5_29,0.99,0,29,29,60
80,seq72,r_11_127_189,r_79_144_125,r_79_144_125,0.94,64,189,125,60
45,r_125_39_117,r_50_15_170,r_142_101_81,r_125_39_117,0.99,0,117,117,60
35,r_55_66_38,r_7_102_177,r_140_89_113,r_55_66_38,0.93,0,38,38,60
24,r_148_147_33,r_23_47_161,r_22_110_135,r_22_110_135,0.78,26,161,135,60
95,seq116,r_67_45_153,seq141,r_67_45_153,0.96,-61,92,153,60
94,seq107,r_136_119_175,r_131_94_87,r_136_119_175,0.65,-73,102,175,60
31,r_50_15_170,r_142_101_81,seq141,r_142_101_81,1.0,-5,76,81,60
41,r_37_109_109,seq42,seq14,r_37_109_109,1.0,0,109,109,60
89,seq95,r_56_68_146,r_114_91_63,r_114_91_63,0.97,84,147,63,60
73,seq54,r_131_94_87,seq139,r_131_94_87,0.92,-57,30,87,60
3,r_142_101_81,r_50_15_170,r_36_3_3,r_142_101_81,0.99,0,81,81,60
10,r_4_83_97,seq86,r_80_40_8,r_4_83_97,1.0,0,97,97,60
40,r_112_105_13,seq139,r_104_113_43,r_104_113_43,1.0,6,49,43,60
45,r_125_39_117,seq58,r_50_15_170,r_125_39_117,0.47,-19,98,117,60
26,r_0_84_89,seq51,seq64,r_0_84_89,1.0,0,89,89,60
43,r_74_137_162,r_7_102_177,r_136_119_175,r_7_102_177,0.51,-1,176,177,60
0,r_129_78_123,seq90,seq51,r_129_78_123,1.0,0,123,123,60
63,seq29,r_145_18_165,r_49_31_54,r_49_31_54,0.97,111,165,54,60
11,r_114_91_63,seq61,seq95,r_114_91_63,1.0,0,63,63,60
20,r_20_134_99,seq24,r_55_66_38,r_20_134_99,1.0,0,99,99,60
23,r_49_31_54,seq61,seq29,r_49_31_54,1.0,3,57,54,60
49,r_7_102_177,r_55_66_38,r_74_137_162,r_7_102_177,0.97,-143,34,177,60
25,r_23_47_161,r_67_45_153,r_148_147_33,r_148_147_33,0.74,0,33,33,60
15,r_22_110_135,r_106_120_172,r_148_147_33,r_22_110_135,0.96,0,135,135,60
48,r_63_149_159,seq32,r_111_82_39,r_63_149_159,0.48,0,159,159,60
49,r_7_102_177,r_74_137_162,r_106_120_172,r_7_102_177,0.68,1,178,177,60
31,r_50_15_170,r_79_144_125,r_131_94_87,r_50_15_170,0.89,0,170,170,60
7,r_143_12_9,r_126_13_164,r_25_9_26,r_143_12_9,0.64,50,59,9,60
85,seq86,r_4_83_97,seq75,r_4_83_97,1.0,0,97,97,60
31,r_50_15_170,seq141,r_79_144_125,r_50_15_170,0.61,-35,135,170,60
12,r_25_9_26,r_125_39_117,r_143_12_9,r_25_9_26,1.0,0,26,26,60
99,seq122,r_106_120_172,r_4_83_97,r_4_83_97,1.0,76,173,97,60
5,r_79_144_125,r_133_71_47,r_30_57_66,r_79_144_125,0.97,0,125,125,60
27,r_30_57_66,r_145_18_165,seq96,r_30_57_66,1.0,-1,65,66,60
5,r_79_144_125,r_28_59_49,r_133_71_47,r_79_144_125,0.91,-72,53,125,60
87,seq90,seq10,r_140_89_113,r_140_89_113,1.0,27,140,113,60
2,r_69_46_187,r_36_3_3,r_133_71_47,r_69_46_187,0.25,0,187,187,60
47,r_87_6_137,seq132,seq100,r_87_6_137,0.88,0,137,137,60
34,r_98_108_19,r_76_33_171,seq99,r_98_108_19,0.96,0,19,19,60
74,seq58,r_67_45_153,seq141,r_67_45_153,0.93,-61,92,153,60
1,r_77_146_22,r_69_46_187,seq99,r_77_146_22,0.92,0,22,22,60
35,r_55_66_38,r_140_89_113,r_20_134_99,r_55_66_38,1.0,75,113,38,60
6,r_140_89_113,r_55_66_38,seq90,r_140_89_113,1.0,0,113,113,60
18,r_38_135_95,seq95,r_114_91_63,r_114_91_63,0.99,4,67,63,60
38,r_145_18_165,seq29,r_67_45_153,r_145_18_165,0.78,0,165,165,60
77,seq64,seq8,r_0_84_89,r_0_84_89,1.0,26,115,89,60
33,r_104_113_43,r_56_68_146,r_112_105_13,r_104_113_43,1.0,1,44,43,60
24,r_148_147_33,r_125_39_117,r_23_47_161,r_125_39_117,0.49,-84,33,117,60
70,seq51,r_77_146_22,r_129_78_123,r_129_78_123,1.0,2,125,123,60
25,r_23_47_161,r_148_147_33,seq86,r_23_47_161,0.58,0,161,161,60
94,seq107,seq88,r_136_119_175,r_136_119_175,0.65,-94,81,175,60
78,seq65,seq8,r_111_82_39,r_111_82_39,1.0,3,42,39,60
9,r_124_97_147,r_63_149_159,r_28_59_49,r_28_59_49,0.93,16,65,49,60
50,seq1,r_43_17_173,seq103,r_43_17_173,0.99,0,173,173,60
29,r_111_82_39,seq61,seq65,r_111_82_39,0.99,0,39,39,60
37,r_67_45_153,seq141,r_131_94_87,r_67_45_153,0.99,0,153,153,60
22,r_36_3_3,r_69_46_187,r_142_101_81,r_142_101_81,1.0,106,187,81,60
28,r_11_127_189,seq72,r_136_119_175,r_136_119_175,0.59,14,189,175,60
45,r_125_39_117,r_142_101_81,seq58,r_142_101_81,0.79,-22,59,81,60
56,seq130,r_76_33_171,r_124_97_147,r_124_97_147,0.92,25,172,147,60
19,r_133_71_47,seq85,r_69_46_187,r_133_71_47,0.66,134,181,47,60
82,seq75,r_4_83_97,seq86,r_4_83_97,1.0,0,97,97,60
19,r_133_71_47,seq70,r_79_144_125,r_133_71_47,1.0,0,47,47,60
44,r_28_59_49,r_79_144_125,r_124_97_147,r_28_59_49,0.71,4,53,49,60
30,r_80_101_105,r_45_72_192,r_127_57_79,r_80_101_105,1.0,0,105,105,61
36,r_142_68_139,r_50_117_158,r_80_101_105,r_142_68_139,0.87,0,139,139,61
9,r_70_114_189,r_38_135_15,seq40,r_70_114_189,0.48,0,189,189,61
8,r_143_9_161,seq137,r_64_104_35,r_143_9_161,0.6,0,161,161,61
53,seq4,r_42_149_127,seq43,r_42_149_127,0.79,0,127,127,61
43,r_123_63_184,seq56,r_110_12_53,r_123_63_184,0.34,-17,167,184,61
71,seq40,r_69_52_169,seq33,r_69_52_169,0.45,-65,104,169,61
13,r_6_84_52,seq14,seq93,r_6_84_52,1.0,0,52,52,61
37,r_26_54_162,seq67,r_25_41_64,r_25_41_64,0.93,98,162,64,61
55,seq134,r_130_21_156,r_141_113_60,r_141_113_60,1.0,11,71,60,61
86,seq88,r_77_106_176,r_53_20_157,r_53_20_157,0.76,8,165,157,61
16,r_65_16_101,r_24_17_166,r_31_98_38,r_65_16_101,1.0,0,101,101,61
39,r_69_52_169,seq136,seq28,r_69_52_169,0.83,0,169,169,61
1,r_42_149_127,r_95_2_95,seq4,r_95_2_95,0.99,0,95,95,61
42,r_147_94_136,seq36,seq67,r_147_94_136,0.98,0,136,136,61
68,seq35,r_24_17_166,r_128_5_27,r_128_5_27,0.98,3,30,27,61
1,r_42_149_127,seq4,r_24_17_166,r_42_149_127,1.0,2,129,127,61
45,r_50_117_158,r_142_68_139,r_76_30_25,r_50_117_158,0.98,-19,139,158,61
19,r_111_32_11,r_77_106_176,r_65_16_101,r_77_106_176,0.5,-48,128,176,61
11,r_18_23_142,r_38_135_15,r_65_16_101,r_18_23_142,0.75,1,143,142,61
66,seq28,r_53_20_157,seq133,r_53_20_157,1.0,0,157,157,61
38,r_38_135_15,r_18_23_142,r_70_114_189,r_18_23_142,1.0,-1,141,142,61
31,r_95_2_95,r_42_149_127,r_31_98_38,r_95_2_95,1.0,0,95,95,61
41,r_19_112_133,r_142_68_139,r_103_10_2,r_19_112_133,0.81,1,134,133,61
6,r_51_78_55,r_42_149_127,seq137,r_51_78_55,1.0,0,55,55,61
67,seq33,r_44_62_72,seq46,r_44_62_72,1.0,-5,67,72,61
89,seq93,seq122,r_6_84_52,r_6_84_52,1.0,24,76,52,61
46,r_74_55_34,r_24_17_166,seq125,r_74_55_34,0.96,0,34,34,61
10,r_13_83_132,seq46,r_110_12_53,r_13_83_132,0.87,0,132,132,61
25,r_92_91_197,seq122,r_34_107_31,r_34_107_31,0.95,8,39,31,61
26,r_119_138_77,r_53_20_157,seq48,r_119_138_77,0.96,0,77,77,61
4,r_45_72_192,r_80_101_105,r_15_29_43,r_45_72_192,1.0,-114,78,192,61
0,r_77_106_176,seq88,r_51_78_55,r_51_78_55,0.48,121,176,55,61
5,r_64_104_35,seq89,r_97_100_148,r_64_104_35,1.0,0,35,35,61
73,seq46,r_13_83_132,seq33,r_13_83_132,0.91,-1,131,132,61
98,seq125,r_124_75_153,r_74_55_34,r_74_55_34,0.88,119,153,34,61
71,seq40,r_13_83_132,r_69_52_169,r_13_83_132,0.64,-66,66,132,61
15,r_127_57_79,r_42_149_127,seq3,r_127_57_79,0.98,0,79,79,61
48,r_24_17_166,seq86,r_42_149_127,r_42_149_127,0.58,39,166,127,61
57,seq137,r_143_9_161,r_51_78_55,r_51_78_55,0.99,81,136,55,61
5,r_64_104_35,seq133,r_143_9_161,r_143_9_161,0.86,0,161,161,61
23,r_128_5_27,r_139_59_144,seq35,r_128_5_27,1.0,0,27,27,61
38,r_38_135_15,r_70_114_189,r_127_57_79,r_70_114_189,0.8,0,189,189,61
71,seq40,seq33,r_70_114_189,r_70_114_189,0.89,0,189,189,61
5,r_64_104_35,r_97_100_148,seq133,r_64_104_35,0.45,114,149,35,61
2,r_61_140_146,seq115,r_13_83_132,r_61_140_146,0.6,0,146,146,61
47,r_146_85_63,seq136,seq67,r_146_85_63,0.78,0,63,63,61
40,r_66_81_113,r_139_59_144,r_39_47_89,r_66_81_113,0.92,0,113,113,61
74,seq48,seq136,r_119_138_77,r_119_138_77,0.87,10,87,77,61
18,r_25_41_64,seq145,seq89,r_25_41_64,1.0,0,64,64,61
29,r_139_59_144,seq125,seq22,r_139_59_144,0.94,0,144,144,61
19,r_111_32_11,r_110_12_53,seq88,r_111_32_11,0.75,0,11,11,61
33,r_124_75_153,seq125,r_77_106_176,r_124_75_153,0.47,0,153,153,61
34,r_7_105_5,seq58,seq73,r_7_105_5,0.67,11,16,5,61
11,r_18_23_142,seq3,r_38_135_15,r_38_135_15,0.96,1,16,15,61
70,seq37,r_76_30_25,r_44_62_72,r_44_62_72,1.0,28,100,72,61
19,r_111_32_11,seq88,r_77_106_176,r_77_106_176,0.41,-99,77,176,61
32,r_141_113_60,seq87,seq134,r_141_113_60,0.99,0,60,60,61
9,r_70_114_189,r_18_23_142,r_38_135_15,r_18_23_142,0.72,-88,54,142,61
17,r_97_100_148,seq133,r_64_104_35,r_64_104_35,0.99,-1,34,35,61
75,seq136,r_69_52_169,r_119_138_77,r_119_138_77,0.62,97,174,77,61
25,r_92_91_197,r_34_107_31,r_123_63_184,r_123_63_184,0.38,-53,131,184,61
7,r_39_47_89,r_34_107_31,r_66_81_113,r_39_47_89,0.57,25,114,89,61
12,r_132_99_59,r_39_47_89,seq33,r_132_99_59,1.0,0,59,59,61
22,r_53_20_157,seq28,seq88,r_53_20_157,0.93,0,157,157,61
28,r_34_107_31,r_129_49_32,seq8,r_34_107_31,0.99,0,31,31,61
24,r_129_49_32,seq144,seq36,r_129_49_32,0.68,0,32,32,61
49,r_130_21_156,seq134,r_110_12_53,r_130_21_156,0.82,0,156,156,61
33,r_124_75_153,r_77_106_176,r_53_20_157,r_77_106_176,0.96,-7,169,176,61
7,r_39_47_89,r_103_10_2,r_34_107_31,r_39_47_89,0.68,0,89,89,61
18,r_25_41_64,seq89,r_26_54_162,r_26_54_162,0.86,6,168,162,61
20,r_118_120_51,seq137,seq90,r_118_120_51,0.85,0,51,51,61
17,r_97_100_148,r_64_104_35,seq4,r_97_100_148,0.99,0,148,148,61
35,r_44_62_72,r_13_83_132,seq37,r_44_62_72,1.0,0,72,72,61
10,r_13_83_132,r_110_12_53,r_61_140_146,r_61_140_146,0.68,15,161,146,61
14,r_15_29_43,r_66_81_113,seq58,r_15_29_43,1.0,-4,39,43,61
44,r_31_98_38,seq90,r_74_55_34,r_31_98_38,0.99,0,38,38,61
84,seq86,r_24_17_166,r_128_5_27,r_128_5_27,0.64,128,155,27,61
30,r_45_48_144,r_33_36_155,r_121_18_52,r_45_48_144,0.8,1,145,144,62
36,r_101_61_138,r_6_109_159,seq107,r_101_61_138,0.99,0,138,138,62
9,r_88_26_64,r_142_11_149,r_2_49_110,r_88_26_64,0.99,74,138,64,62
92,seq114,r_72_126_129,seq125,r_72_126_129,0.97,-10,119,129,62
14,r_51_46_94,seq120,seq10,r_51_46_94,0.99,0,94,94,62
53,seq133,seq27,r_21_58_123,r_21_58_123,0.73,-1,122,123,62
43,r_89_87_162,seq74,seq68,r_89_87_162,0.86,0,162,162,62
54,seq134,r_106_14_179,r_88_26_64,r_88_26_64,1.0,5,69,64,62
83,seq79,r_25_118_111,seq117,r_25_118_111,1.0,0,111,111,62
37,r_72_126_129,seq114,seq73,r_72_126_129,0.93,0,129,129,62
86,seq99,r_148_63_79,seq10,r_148_63_79,0.96,-2,77,79,62
16,r_52_83_171,seq13,seq32,r_52_83_171,0.73,0,171,171,62
21,r_130_62_109,seq12,r_69_16_68,r_130_62_109,0.93,0,109,109,62
39,r_64_92_142,seq12,seq114,r_64_92_142,0.75,1,143,142,62
5,r_106_14_179,r_142_11_149,r_2_49_110,r_2_49_110,0.89,39,149,110,62
46,r_55_124_101,r_78_98_21,seq140,r_55_124_101,0.92,0,101,101,62
42,r_93_22_126,seq0,seq103,r_93_22_126,0.92,0,126,126,62
22,r_80_132_24,r_101_61_138,seq103,r_80_132_24,0.93,0,24,24,62
80,seq71,r_66_104_6,r_33_36_155,r_33_36_155,0.92,1,156,155,62
88,seq105,r_100_76_44,r_91_116_137,r_91_116_137,1.0,0,137,137,62
31,r_3_35_66,r_5_136_120,r_135_75_160,r_135_75_160,0.94,7,167,160,62
1,r_29_146_58,seq40,seq12,r_29_146_58,1.0,1,59,58,62
12,r_6_109_159,seq32,r_66_104_6,r_6_109_159,0.87,0,159,159,62
19,r_137_112_132,seq13,r_38_20_40,r_38_20_40,1.0,99,139,40,62
25,r_39_102_36,r_135_75_160,r_6_109_159,r_39_102_36,0.58,0,36,36,62
15,r_78_98_21,r_55_124_101,seq119,r_55_124_101,0.94,0,101,101,62
76,seq140,r_77_43_190,r_55_124_101,r_55_124_101,1.0,13,114,101,62
38,r_28_42_106,r_67_17_116,seq8,r_28_42_106,1.0,0,106,106,62
31,r_3_35_66,seq95,r_39_102_36,r_3_35_66,1.0,3,69,66,62
67,seq31,r_135_75_160,seq119,r_135_75_160,0.68,0,160,160,62
3,r_66_104_6,r_88_26_64,seq71,r_88_26_64,1.0,0,64,64,62
26,r_25_118_111,seq79,seq82,r_25_118_111,1.0,0,111,111,62
20,r_60_90_60,r_148_63_79,seq95,r_60_90_60,1.0,0,60,60,62
13,r_135_75_160,seq31,r_3_35_66,r_135_75_160,0.75,0,160,160,62
48,r_21_58_123,seq68,seq133,r_21_58_123,0.98,-1,122,123,62
10,r_38_20_40,r_29_146_58,seq138,r_38_20_40,1.0,-1,39,40,62
6,r_33_36_155,r_145_144_61,r_69_16_68,r_33_36_155,1.0,-87,68,155,62
7,r_100_76_44,r_33_36_155,seq105,r_100_76_44,0.89,0,44,44,62
4,r_59_54_55,r_50_81_154,r_121_18_52,r_59_54_55,0.99,0,55,55,62
27,r_94_131_186,seq117,r_106_14_179,r_106_14_179,0.68,7,186,179,62
70,seq40,r_29_146_58,seq123,r_29_146_58,1.0,0,58,58,62
5,r_106_14_179,r_2_49_110,r_78_98_21,r_106_14_179,0.89,0,179,179,62
2,r_142_11_149,r_106_14_179,seq68,r_142_11_149,0.87,1,150,149,62
18,r_69_16_68,seq138,r_33_36_155,r_69_16_68,1.0,0,68,68,62
29,r_148_63_79,seq99,seq140,r_148_63_79,1.0,0,79,79,62
38,r_28_42_106,seq111,r_67_17_116,r_28_42_106,0.52,-76,30,106,62
24,r_91_116_137,seq0,seq105,r_91_116_137,1.0,0,137,137,62
81,seq73,seq13,r_72_126_129,r_72_126_129,0.92,20,149,129,62
50,seq0,r_91_116_137,seq149,r_91_116_137,0.85,0,137,137,62
6,r_33_36_155,r_69_16_68,seq71,r_33_36_155,0.98,0,155,155,62
68,seq32,r_101_61_138,r_6_109_159,r_101_61_138,0.98,0,138,138,62
15,r_78_98_21,seq4,r_55_124_101,r_78_98_21,0.71,4,25,21,62
32,r_145_144_61,r_33_36_155,seq68,r_145_144_61,1.0,2,63,61,62
68,seq32,seq10,r_52_83_171,r_52_83_171,0.62,4,175,171,62
34,r_77_43_190,seq140,r_33_36_155,r_77_43_190,0.19,0,190,190,62
47,r_121_18_52,r_69_16_68,r_59_54_55,r_121_18_52,1.0,3,55,52,62
81,seq73,r_28_42_106,seq13,r_28_42_106,0.97,-4,102,106,62
94,seq117,r_94_131_186,seq79,r_94_131_186,0.66,0,186,186,62
9,r_88_26_64,r_66_104_6,r_142_11_149,r_88_26_64,1.0,0,64,64,62
96,seq120,r_51_46_94,seq128,r_51_46_94,0.86,0,94,94,62
31,r_3_35_66,r_39_102_36,r_5_136_120,r_5_136_120,1.0,15,135,120,62
87,seq103,r_89_87_162,r_80_132_24,r_80_132_24,0.78,1,25,24,62
28,r_19_9_130,seq103,r_29_146_58,r_19_9_130,0.57,2,132,130,62
25,r_39_102_36,r_6_109_159,r_3_35_66,r_39_102_36,0.61,36,72,36,62
33,r_85_84_49,r_25_118_111,seq0,r_85_84_49,0.99,0,49,49,62
18,r_69_16_68,r_33_36_155,r_130_62_109,r_69_16_68,0.97,87,155,68,62
44,r_5_136_120,seq8,r_3_35_66,r_5_136_120,0.81,0,120,120,62
23,r_97_108_103,r_21_58_123,seq13,r_97_108_103,0.99,0,103,103,62
79,seq68,r_50_81_154,r_145_144_61,r_145_144_61,1.0,93,154,61,62
35,r_129_56_140,seq32,seq13,r_129_56_140,0.94,1,141,140,62
92,seq114,seq125,r_64_92_142,r_64_92_142,0.55,25,167,142,62
12,r_6_109_159,r_101_61_138,seq32,r_101_61_138,0.98,-7,131,138,62
30,r_129_60_84,seq20,r_91_132_10,r_129_60_84,0.95,0,84,84,63
36,r_44_62_192,r_121_9_148,r_25_126_78,r_25_126_78,0.98,71,149,78,63
9,r_92_114_7,r_27_85_89,r_16_106_144,r_27_85_89,1.0,-1,88,89,63
91,seq100,r_22_79_68,r_0_40_14,r_0_40_14,0.68,0,14,14,63
14,r_25_126_78,seq105,r_121_9_148,r_25_126_78,0.98,-1,77,78,63
8,r_52_63_154,seq87,seq50,r_52_63_154,0.56,0,154,154,63
53,seq6,seq49,r_121_9_148,r_121_9_148,0.76,3,151,148,63
38,r_116_37_56,r_123_120_53,r_138_136_131,r_116_37_56,0.71,77,133,56,63
43,r_124_45_60,seq122,seq59,r_124_45_60,1.0,0,60,60,63
37,r_17_71_81,seq24,seq56,r_17_71_81,0.99,0,81,81,63
55,seq8,seq11,r_21_75_90,r_21_75_90,1.0,57,147,90,63
71,seq48,seq146,r_47_67_75,r_47_67_75,1.0,19,94,75,63
16,r_138_136_131,r_111_1_157,r_116_37_56,r_138_136_131,0.72,0,131,131,63
21,r_145_57_61,seq36,seq141,r_145_57_61,1.0,1,62,61,63
39,r_121_9_148,r_44_62_192,seq6,r_121_9_148,0.8,1,149,148,63
1,r_61_3_133,seq13,seq24,r_61_3_133,0.92,0,133,133,63
46,r_38_143_151,seq32,seq90,r_38_143_151,0.68,0,151,151,63
42,r_29_94_112,seq31,seq103,r_29_94_112,0.9,0,112,112,63
24,r_117_2_42,seq77,r_129_60_84,r_129_60_84,0.72,47,131,84,63
19,r_26_69_94,r_70_23_114,seq7,r_26_69_94,1.0,0,94,94,63
33,r_18_15_113,r_116_37_56,seq49,r_18_15_113,1.0,1,114,113,63
31,r_33_149_18,seq55,r_123_120_53,r_123_120_53,0.88,0,53,53,63
76,seq59,r_18_15_113,r_124_45_60,r_124_45_60,0.69,2,62,60,63
41,r_16_106_144,r_27_85_89,r_92_114_7,r_27_85_89,0.93,-27,62,89,63
18,r_119_139_22,r_16_106_144,r_92_114_7,r_119_139_22,0.43,19,41,22,63
67,seq134,seq36,r_22_79_68,r_22_79_68,1.0,3,71,68,63
59,seq13,r_61_3_133,r_107_72_12,r_107_72_12,0.99,1,13,12,63
3,r_53_133_194,seq10,r_93_30_70,r_93_30_70,1.0,11,81,70,63
10,r_109_83_58,r_12_86_87,r_107_72_12,r_109_83_58,0.99,2,60,58,63
26,r_82_19_126,r_70_23_114,r_121_9_148,r_70_23_114,0.63,-5,109,114,63
14,r_25_126_78,r_121_9_148,seq96,r_121_9_148,1.0,-3,145,148,63
0,r_98_84_72,r_27_85_89,seq100,r_98_84_72,1.0,0,72,72,63
11,r_51_148_163,r_118_76_136,r_61_3_133,r_51_148_163,0.52,-28,135,163,63
13,r_12_86_87,r_125_104_185,seq137,r_12_86_87,1.0,1,88,87,63
98,seq122,r_124_45_60,seq56,r_124_45_60,1.0,1,61,60,63
35,r_113_135_164,seq4,r_98_84_72,r_113_135_164,1.0,0,164,164,63
2,r_111_1_157,seq49,seq24,r_111_1_157,0.82,0,157,157,63
4,r_88_108_187,seq50,r_123_120_53,r_88_108_187,0.33,0,187,187,63
57,seq10,r_53_133_194,r_93_30_70,r_93_30_70,1.0,90,160,70,63
51,seq131,seq73,r_42_140_32,r_42_140_32,1.0,15,47,32,63
6,r_27_85_89,r_21_75_90,seq65,r_27_85_89,1.0,0,89,89,63
40,r_21_75_90,r_27_85_89,r_92_114_7,r_21_75_90,0.47,-37,53,90,63
18,r_119_139_22,r_113_135_164,r_16_106_144,r_119_139_22,0.96,0,22,22,63
85,seq89,r_123_120_53,r_88_108_187,r_123_120_53,0.78,7,60,53,63
26,r_82_19_126,r_121_9_148,seq64,r_82_19_126,0.93,2,128,126,63
31,r_33_149_18,seq56,seq55,r_33_149_18,0.69,2,20,18,63
27,r_144_54_67,seq39,r_0_40_14,r_144_54_67,0.98,0,67,67,63
5,r_123_120_53,seq89,r_33_149_18,r_123_120_53,1.0,0,53,53,63
91,seq100,r_0_40_14,r_98_84_72,r_98_84_72,1.0,64,136,72,63
22,r_0_40_14,seq100,r_144_54_67,r_144_54_67,1.0,19,86,67,63
2,r_111_1_157,r_138_136_131,seq49,r_138_136_131,0.8,0,131,131,63
47,r_125_104_185,seq127,r_42_140_32,r_125_104_185,0.51,0,185,185,63
29,r_118_76_136,r_51_148_163,r_29_94_112,r_29_94_112,0.92,24,136,112,63
42,r_29_94_112,seq103,r_118_76_136,r_118_76_136,0.9,17,153,136,63
23,r_91_132_10,r_111_1_157,seq77,r_91_132_10,0.78,4,14,10,63
12,r_42_140_32,r_117_2_42,seq131,r_42_140_32,1.0,0,32,32,63
56,seq137,r_12_86_87,r_128_142_118,r_128_142_118,0.92,22,140,118,63
68,seq39,r_144_54_67,r_113_135_164,r_144_54_67,0.81,2,69,67,63
32,r_14_35_142,seq56,r_98_84_72,r_14_35_142,0.77,1,143,142,63
48,r_46_28_64,r_51_148_163,seq24,r_51_148_163,0.96,-60,103,163,63
77,seq64,seq102,r_82_19_126,r_82_19_126,1.0,-1,125,126,63
22,r_0_40_14,seq137,seq100,r_0_40_14,0.91,0,14,14,63
34,r_22_79_68,seq100,seq134,r_22_79_68,0.97,0,68,68,63
75,seq56,r_14_35_142,r_17_71_81,r_17_71_81,0.59,0,81,81,63
40,r_21_75_90,r_92_114_7,seq8,r_21_75_90,1.0,0,90,90,63
38,r_116_37_56,r_18_15_113,r_123_120_53,r_18_15_113,0.85,-1,112,113,63
70,seq43,seq73,r_68_58_51,r_68_58_51,1.0,20,71,51,63
11,r_51_148_163,r_61_3_133,r_98_84_72,r_61_3_133,0.64,30,163,133,63
7,r_70_23_114,r_25_126_78,r_92_114_7,r_70_23_114,0.94,1,115,114,63
17,r_93_30_70,r_29_94_112,r_53_133_194,r_93_30_70,0.96,1,71,70,63
96,seq110,r_53_133_194,r_93_30_70,r_93_30_70,1.0,115,185,70,63
33,r_18_15_113,seq74,r_116_37_56,r_116_37_56,0.69,-4,52,56,63
9,r_92_114_7,r_16_106_144,r_70_23_114,r_92_114_7,0.92,124,131,7,63
45,r_68_58_51,r_70_23_114,seq43,r_68_58_51,1.0,2,53,51,63
62,seq24,r_46_28_64,r_61_3_133,r_61_3_133,1.0,19,152,133,63
28,r_66_147_168,seq78,r_98_84_72,r_66_147_168,0.67,0,168,168,63
24,r_117_2_42,r_42_140_32,seq77,r_42_140_32,0.99,0,32,32,63
56,seq137,seq32,r_12_86_87,r_12_86_87,0.99,1,88,87,63
7,r_70_23_114,r_26_69_94,r_25_126_78,r_70_23_114,0.59,-20,94,114,63
44,r_47_67_75,r_66_147_168,seq48,r_47_67_75,1.0,0,75,75,63
17,r_93_30_70,r_53_133_194,seq110,r_53_133_194,0.85,-9,185,194,63
82,seq78,r_66_147_168,seq97,r_66_147_168,0.65,-34,134,168,63
25,r_107_72_12,seq77,seq13,r_107_72_12,0.9,0,12,12,63
23,r_91_132_10,seq77,r_129_60_84,r_129_60_84,1.0,58,142,84,63
84,seq87,r_52_63_154,seq96,r_52_63_154,0.79,0,154,154,63
38,r_116_37_56,r_46_28_64,r_18_15_113,r_116_37_56,0.96,1,57,56,63
30,r_1_149_112,seq105,seq124,r_1_149_112,0.99,0,112,112,64
36,r_67_47_144,seq10,r_133_142_88,r_67_47_144,0.99,0,144,144,64
41,r_114_113_77,r_117_96_107,r_32_106_37,r_114_113_77,1.0,0,77,77,64
66,seq33,seq2,r_119_74_58,r_119_74_58,1.0,-3,55,58,64
8,r_138_45_186,seq99,r_118_41_36,r_138_45_186,0.45,1,187,186,64
31,r_59_46_85,r_73_36_42,seq93,r_73_36_42,1.0,-7,35,42,64
54,seq135,r_78_18_153,r_89_42_47,r_89_42_47,1.0,42,89,47,64
3,r_104_0_122,r_13_57_29,r_73_36_42,r_104_0_122,0.98,0,122,122,64
9,r_68_120_110,r_76_50_74,seq145,r_68_120_110,1.0,0,110,110,64
37,r_40_139_50,r_8_141_51,seq110,r_40_139_50,0.98,1,51,50,64
16,r_21_9_121,r_79_54_119,r_25_107_38,r_25_107_38,1.0,42,80,38,64
39,r_6_134_100,seq124,r_129_35_61,r_6_134_100,1.0,0,100,100,64
97,seq124,r_6_134_100,seq84,r_6_134_100,1.0,-17,83,100,64
16,r_21_9_121,r_25_107_38,r_8_141_51,r_21_9_121,0.98,0,121,121,64
5,r_117_96_107,seq125,r_97_109_187,r_117_96_107,0.99,0,107,107,64
45,r_147_88_65,r_128_81_4,r_85_29_130,r_147_88_65,0.57,4,69,65,64
87,seq93,r_8_141_51,seq75,r_8_141_51,1.0,0,51,51,64
28,r_7_92_59,r_59_46_85,r_126_52_79,r_7_92_59,0.96,21,80,59,64
32,r_13_57_29,r_104_0_122,r_64_60_26,r_104_0_122,1.0,0,122,122,64
29,r_69_62_57,r_108_77_84,seq121,r_69_62_57,1.0,1,58,57,64
19,r_76_50_74,r_22_103_180,r_68_120_110,r_76_50_74,0.88,0,74,74,64
35,r_89_42_47,r_114_113_77,r_78_18_153,r_89_42_47,1.0,0,47,47,64
14,r_16_91_49,seq71,seq99,r_16_91_49,1.0,0,49,49,64
45,r_147_88_65,r_7_92_59,r_128_81_4,r_7_92_59,0.99,-2,57,59,64
89,seq99,r_138_45_186,r_16_91_49,r_16_91_49,1.0,138,187,49,64
29,r_69_62_57,seq121,r_116_146_97,r_116_146_97,1.0,13,110,97,64
9,r_68_120_110,r_108_77_84,r_144_55_23,r_144_55_23,0.99,15,38,23,64
27,r_34_39_196,seq12,r_8_141_51,r_8_141_51,1.0,1,52,51,64
48,r_108_77_84,r_56_101_145,seq20,r_56_101_145,1.0,-6,139,145,64
12,r_8_141_51,seq93,r_34_39_196,r_8_141_51,1.0,0,51,51,64
4,r_87_132_45,r_59_46_85,r_69_62_57,r_87_132_45,0.99,32,77,45,64
0,r_94_38_167,seq84,r_97_109_187,r_94_38_167,0.51,0,167,167,64
20,r_17_23_95,seq58,r_76_50_74,r_76_50_74,0.99,25,99,74,64
15,r_116_146_97,seq66,r_69_62_57,r_116_146_97,0.8,2,99,97,64
48,r_108_77_84,seq58,r_56_101_145,r_108_77_84,0.98,0,84,84,64
46,r_30_136_99,r_22_103_180,seq86,r_22_103_180,0.74,0,180,180,64
49,r_22_103_180,r_30_136_99,r_114_113_77,r_22_103_180,0.95,0,180,180,64
44,r_56_101_145,seq125,r_27_19_168,r_56_101_145,0.63,29,174,145,64
6,r_95_148_138,seq37,seq110,r_95_148_138,0.85,0,138,138,64
18,r_144_55_23,seq145,seq53,r_144_55_23,0.95,0,23,23,64
62,seq145,seq93,r_68_120_110,r_68_120_110,0.83,2,112,110,64
19,r_76_50_74,r_68_120_110,r_17_23_95,r_68_120_110,0.97,0,110,110,64
33,r_32_106_37,r_25_107_38,r_129_35_61,r_32_106_37,0.81,0,37,37,64
13,r_25_107_38,r_104_0_122,seq72,r_25_107_38,1.0,1,39,38,64
5,r_117_96_107,r_97_109_187,r_94_38_167,r_94_38_167,0.35,18,185,167,64
10,r_85_29_130,r_147_88_65,seq2,r_85_29_130,0.93,0,130,130,64
33,r_32_106_37,r_129_35_61,r_111_26_66,r_111_26_66,0.98,2,68,66,64
80,seq140,r_104_0_122,r_64_60_26,r_64_60_26,0.77,1,27,26,64
41,r_114_113_77,r_89_42_47,r_117_96_107,r_89_42_47,0.99,0,47,47,64
2,r_111_26_66,r_126_52_79,r_32_106_37,r_111_26_66,1.0,0,66,66,64
47,r_79_54_119,seq72,seq84,r_79_54_119,1.0,0,119,119,64
40,r_27_19_168,seq115,r_56_101_145,r_56_101_145,0.8,23,168,145,64
1,r_119_74_58,seq110,seq33,r_119_74_58,1.0,0,58,58,64
46,r_30_136_99,seq48,r_22_103_180,r_30_136_99,0.87,0,99,99,64
24,r_97_109_187,r_133_142_88,r_89_42_47,r_97_109_187,0.73,-96,91,187,64
45,r_147_88_65,r_85_29_130,r_133_142_88,r_85_29_130,0.73,0,130,130,64
35,r_89_42_47,r_78_18_153,seq135,r_78_18_153,0.99,0,153,153,64
25,r_28_112_148,seq71,r_64_60_26,r_28_112_148,0.4,0,148,148,64
43,r_78_18_153,r_89_42_47,seq99,r_78_18_153,0.85,0,153,153,64
10,r_85_29_130,r_118_41_36,r_100_143_3,r_85_29_130,0.41,-94,36,130,64
3,r_104_0_122,r_25_107_38,r_13_57_29,r_104_0_122,1.0,-93,29,122,64
70,seq48,seq137,r_82_24_163,r_82_24_163,0.96,8,171,163,64
94,seq121,seq83,r_69_62_57,r_69_62_57,1.0,-1,56,57,64
70,seq48,r_30_136_99,seq137,r_30_136_99,1.0,-6,93,99,64
23,r_51_49_33,r_78_18_153,r_34_39_196,r_51_49_33,1.0,0,33,33,64
61,seq15,r_17_23_95,seq122,r_17_23_95,0.63,5,100,95,64
10,r_85_29_130,r_100_143_3,r_147_88_65,r_147_88_65,0.66,-4,61,65,64
38,r_100_143_3,r_85_29_130,r_133_142_88,r_100_143_3,0.93,86,89,3,64
28,r_7_92_59,r_147_88_65,r_59_46_85,r_59_46_85,0.48,-26,59,85,64
21,r_126_52_79,r_111_26_66,seq2,r_111_26_66,0.52,-9,57,66,64
24,r_97_109_187,r_94_38_167,r_51_49_33,r_97_109_187,0.96,2,189,187,64
42,r_64_60_26,r_97_109_187,seq140,r_64_60_26,1.0,1,27,26,64
31,r_59_46_85,seq93,r_100_143_3,r_59_46_85,1.0,1,86,85,64
32,r_13_57_29,r_108_77_84,r_104_0_122,r_13_57_29,1.0,0,29,29,64
24,r_97_109_187,r_117_96_107,r_94_38_167,r_94_38_167,0.52,5,172,167,64
91,seq105,r_1_149_112,seq31,r_1_149_112,1.0,-12,100,112,64
0,r_94_38_167,r_97_109_187,r_117_96_107,r_97_109_187,0.59,2,189,187,64
49,r_22_103_180,r_138_45_186,r_30_136_99,r_30_136_99,1.0,6,105,99,64
56,seq10,r_67_47_144,seq3,r_67_47_144,1.0,0,144,144,64
7,r_133_142_88,r_97_109_187,r_100_143_3,r_133_142_88,0.95,1,89,88,64
44,r_56_101_145,seq5,seq125,r_56_101_145,0.82,0,145,145,64
71,seq53,r_69_62_57,r_144_55_23,r_144_55_23,0.52,0,23,23,64
34,r_118_41_36,r_85_29_130,seq37,r_118_41_36,0.98,0,36,36,64
21,r_126_52_79,seq2,r_7_92_59,r_126_52_79,0.92,1,80,79,64
43,r_78_18_153,seq135,r_89_42_47,r_89_42_47,1.0,1,48,47,64
24,r_97_109_187,r_89_42_47,r_117_96_107,r_117_96_107,0.58,-3,104,107,64
17,r_73_36_42,r_87_132_45,seq58,r_73_36_42,1.0,0,42,42,64
84,seq84,r_94_38_167,r_79_54_119,r_79_54_119,0.99,8,127,119,64
9,r_68_120_110,r_144_55_23,r_76_50_74,r_76_50_74,0.94,1,75,74,64
30,r_82_11_62,r_55_106_105,r_33_104_199,r_82_11_62,1.0,0,62,62,65
36,r_110_46_189,r_35_135_69,r_71_65_71,r_110_46_189,1.0,-120,69,189,65
29,r_117_77_26,seq43,seq94,r_117_77_26,0.99,1,27,26,65
92,seq97,r_100_24_132,seq143,r_100_24_132,0.96,0,132,132,65
8,r_36_69_149,r_131_90_3,seq143,r_36_69_149,0.87,0,149,149,65
43,r_40_139_121,seq134,seq16,r_40_139_121,0.73,0,121,121,65
81,seq143,seq97,r_36_69_149,r_36_69_149,1.0,7,156,149,65
37,r_2_145_66,seq45,seq68,r_2_145_66,1.0,0,66,66,65
3,r_17_37_108,r_120_76_40,r_66_144_44,r_17_37_108,1.0,1,109,108,65
26,r_39_105_20,r_44_142_41,r_131_90_3,r_39_105_20,0.92,1,21,20,65
16,r_0_12_94,seq128,seq54,r_0_12_94,0.88,-5,89,94,65
21,r_119_125_127,r_79_27_139,seq101,r_119_125_127,0.87,0,127,127,65
39,r_34_8_64,r_58_121_164,r_102_108_115,r_34_8_64,0.77,1,65,64,65
1,r_71_65_71,r_110_46_189,r_22_30_35,r_71_65_71,0.24,118,189,71,65
1,r_71_65_71,seq26,r_110_46_189,r_71_65_71,0.99,0,71,71,65
5,r_58_121_164,r_5_85_78,r_64_29_50,r_58_121_164,1.0,-86,78,164,65
42,r_79_27_139,seq143,r_0_12_94,r_79_27_139,0.63,0,139,139,65
48,r_137_14_36,r_17_37_108,seq83,r_137_14_36,0.94,0,36,36,65
24,r_133_31_181,r_126_124_159,r_49_80_8,r_49_80_8,0.58,3,11,8,65
44,r_20_92_18,seq94,seq26,r_20_92_18,0.98,0,18,18,65
40,r_44_142_41,seq16,r_118_86_6,r_44_142_41,0.6,-1,40,41,65
24,r_133_31_181,r_49_80_8,r_102_108_115,r_102_108_115,0.86,66,181,115,65
19,r_100_24_132,seq97,r_17_37_108,r_100_24_132,0.8,0,132,132,65
13,r_22_30_35,r_21_122_15,seq32,r_22_30_35,0.56,-13,22,35,65
13,r_22_30_35,seq32,seq141,r_22_30_35,0.95,0,35,35,65
66,seq43,r_51_13_148,seq112,r_51_13_148,0.87,-65,83,148,65
38,r_66_144_44,r_55_106_105,r_17_37_108,r_66_144_44,1.0,65,109,44,65
41,r_9_18_89,seq47,seq32,r_9_18_89,0.84,0,89,89,65
67,seq45,r_2_145_66,seq52,r_2_145_66,1.0,0,66,66,65
10,r_55_106_105,r_82_11_62,r_66_144_44,r_55_106_105,0.55,-43,62,105,65
10,r_55_106_105,r_66_144_44,seq113,r_55_106_105,0.99,0,105,105,65
50,seq128,r_36_69_149,r_39_105_20,r_39_105_20,0.73,9,29,20,65
14,r_49_80_8,r_133_31_181,r_64_29_50,r_64_29_50,1.0,131,181,50,65
4,r_147_140_2,seq94,seq26,r_147_140_2,0.5,101,103,2,65
11,r_102_108_115,r_148_60_77,r_34_8_64,r_148_60_77,0.81,0,77,77,65
20,r_107_7_87,r_111_42_49,seq54,r_107_7_87,0.96,0,87,87,65
69,seq48,r_66_144_44,seq89,r_66_144_44,0.82,0,44,44,65
15,r_35_135_69,r_110_46_189,r_120_76_40,r_35_135_69,1.0,0,69,69,65
4,r_147_140_2,seq26,r_21_122_15,r_21_122_15,0.32,163,178,15,65
47,r_111_42_49,r_107_7_87,seq134,r_107_7_87,0.62,-37,50,87,65
3,r_17_37_108,r_137_14_36,r_120_76_40,r_17_37_108,0.89,-69,39,108,65
6,r_23_4_185,r_103_38_169,r_66_144_44,r_66_144_44,0.99,26,70,44,65
33,r_64_29_50,seq26,seq123,r_64_29_50,0.91,0,50,50,65
5,r_58_121_164,r_64_29_50,seq91,r_58_121_164,1.0,1,165,164,65
2,r_62_130_17,seq95,seq54,r_62_130_17,1.0,0,17,17,65
36,r_110_46_189,r_71_65_71,r_21_122_15,r_110_46_189,0.19,0,189,189,65
27,r_59_129_136,r_33_104_199,r_17_37_108,r_59_129_136,0.86,0,136,136,65
38,r_66_144_44,seq48,r_55_106_105,r_66_144_44,0.95,0,44,44,65
11,r_102_108_115,r_34_8_64,seq6,r_102_108_115,0.99,0,115,115,65
22,r_103_38_169,r_66_144_44,r_35_135_69,r_103_38_169,0.81,0,169,169,65
74,seq57,r_127_61_39,r_87_10_83,r_87_10_83,0.92,67,150,83,65
18,r_73_75_143,seq72,r_17_37_108,r_73_75_143,0.86,2,145,143,65
0,r_21_122_15,r_22_30_35,seq74,r_21_122_15,0.81,0,15,15,65
25,r_50_146_74,seq123,r_66_144_44,r_50_146_74,1.0,0,74,74,65
39,r_34_8_64,r_102_108_115,seq134,r_102_108_115,1.0,-6,109,115,65
58,seq19,seq94,r_51_13_148,r_51_13_148,0.85,12,160,148,65
70,seq52,r_2_145_66,seq45,r_2_145_66,1.0,0,66,66,65
6,r_23_4_185,r_66_144_44,seq136,r_23_4_185,0.64,0,185,185,65
32,r_127_61_39,r_17_37_108,r_35_135_69,r_127_61_39,0.91,31,70,39,65
52,seq6,seq78,r_102_108_115,r_102_108_115,1.0,3,118,115,65
45,r_120_76_40,seq138,r_17_37_108,r_120_76_40,1.0,1,41,40,65
75,seq63,r_107_7_87,seq97,r_107_7_87,0.83,-21,66,87,65
45,r_120_76_40,r_17_37_108,r_35_135_69,r_17_37_108,0.8,-2,106,108,65
34,r_118_86_6,r_9_18_89,r_44_142_41,r_118_86_6,0.85,34,40,6,65
96,seq112,r_51_13_148,seq43,r_51_13_148,0.8,-61,87,148,65
22,r_103_38_169,r_23_4_185,r_66_144_44,r_66_144_44,1.0,24,68,44,65
28,r_148_60_77,r_102_108_115,r_2_145_66,r_148_60_77,1.0,0,77,77,65
89,seq94,seq19,r_117_77_26,r_117_77_26,1.0,0,26,26,65
59,seq149,seq116,r_132_114_76,r_132_114_76,0.97,0,76,76,65
40,r_44_142_41,r_39_105_20,seq16,r_44_142_41,0.59,-20,21,41,65
49,r_126_124_159,seq81,seq32,r_126_124_159,0.82,1,160,159,65
7,r_51_13_148,seq43,seq19,r_51_13_148,0.56,0,148,148,65
23,r_87_10_83,seq48,r_117_77_26,r_87_10_83,0.99,0,83,83,65
82,seq78,seq6,r_5_85_78,r_5_85_78,1.0,0,78,78,65
35,r_98_3_190,seq96,r_118_86_6,r_118_86_6,0.87,184,190,6,65
12,r_5_85_78,r_58_121_164,seq78,r_5_85_78,1.0,0,78,78,65
93,seq111,seq64,r_23_52_95,r_23_52_95,1.0,12,107,95,66
30,r_149_8_153,r_137_79_158,seq128,r_149_8_153,0.86,0,153,153,66
14,r_89_32_186,seq83,r_7_77_102,r_7_77_102,0.63,84,186,102,66
53,seq141,r_106_122_128,seq25,r_106_122_128,0.8,3,131,128,66
43,r_73_38_131,r_106_122_128,seq67,r_73_38_131,0.99,1,132,131,66
47,r_10_94_32,seq55,r_81_13_82,r_81_13_82,1.0,4,86,82,66
37,r_18_129_106,seq107,r_0_133_56,r_18_129_106,0.85,1,107,106,66
3,r_118_74_29,seq140,r_136_21_115,r_136_21_115,1.0,12,127,115,66
19,r_7_77_102,seq78,r_89_32_186,r_89_32_186,0.57,2,188,186,66
86,seq96,r_81_13_82,r_105_125_134,r_81_13_82,1.0,1,83,82,66
16,r_106_122_128,r_73_38_131,seq26,r_106_122_128,0.71,4,132,128,66
21,r_1_87_76,r_147_144_181,r_49_71_170,r_1_87_76,1.0,0,76,76,66
39,r_41_92_108,seq117,r_15_51_176,r_41_92_108,0.87,0,108,108,66
1,r_127_100_126,r_146_24_168,seq148,r_127_100_126,0.98,1,127,126,66
5,r_53_110_132,seq26,seq44,r_53_110_132,0.96,0,132,132,66
42,r_139_134_141,r_3_82_182,seq119,r_139_134_141,0.98,0,141,141,66
2,r_130_5_152,r_7_77_102,r_6_135_117,r_130_5_152,0.72,0,152,152,66
45,r_3_82_182,r_139_134_141,r_10_94_32,r_3_82_182,0.73,-57,125,182,66
19,r_7_77_102,seq97,seq78,r_7_77_102,0.93,7,109,102,66
13,r_136_21_115,seq145,r_132_69_22,r_132_69_22,1.0,0,22,22,66
12,r_28_9_17,seq140,seq121,r_28_9_17,1.0,0,17,17,66
40,r_22_93_50,seq128,r_0_133_56,r_22_93_50,0.53,6,56,50,66
95,seq113,r_131_56_71,r_34_90_8,r_131_56_71,1.0,-10,61,71,66
69,seq55,r_65_20_48,r_10_94_32,r_65_20_48,0.56,-1,47,48,66
39,r_41_92_108,r_15_51_176,r_65_20_48,r_15_51_176,0.92,-1,175,176,66
31,r_132_69_22,seq42,r_136_21_115,r_132_69_22,0.97,0,22,22,66
41,r_146_24_168,r_127_100_126,r_105_125_134,r_146_24_168,0.78,-42,126,168,66
8,r_15_51_176,r_63_108_179,r_65_20_48,r_65_20_48,1.0,2,50,48,66
10,r_68_19_89,seq26,seq12,r_68_19_89,1.0,3,92,89,66
36,r_63_108_179,r_118_74_29,r_46_91_148,r_118_74_29,0.68,-3,26,29,66
8,r_15_51_176,r_65_20_48,r_41_92_108,r_41_92_108,1.0,8,116,108,66
4,r_62_103_66,seq101,seq142,r_62_103_66,1.0,0,66,66,66
59,seq26,r_68_19_89,r_53_110_132,r_68_19_89,0.99,-34,55,89,66
0,r_33_59_129,seq102,r_136_21_115,r_33_59_129,0.92,0,129,129,66
11,r_147_144_181,r_1_87_76,seq42,r_1_87_76,1.0,0,76,76,66
36,r_63_108_179,r_65_20_48,seq16,r_63_108_179,0.96,1,180,179,66
20,r_114_35_85,r_54_11_159,seq116,r_114_35_85,1.0,0,85,85,66
15,r_49_71_170,seq12,r_6_135_117,r_6_135_117,0.53,-52,65,117,66
48,r_137_79_158,seq60,seq96,r_137_79_158,0.91,0,158,158,66
12,r_28_9_17,seq121,r_123_47_109,r_123_47_109,1.0,1,110,109,66
26,r_65_20_48,r_10_94_32,r_15_51_176,r_65_20_48,0.95,0,48,48,66
87,seq97,r_130_5_152,r_7_77_102,r_130_5_152,0.58,0,152,152,66
13,r_136_21_115,r_132_69_22,seq116,r_136_21_115,0.95,0,115,115,66
6,r_27_30_94,r_149_8_153,seq12,r_27_30_94,0.96,0,94,94,66
62,seq40,seq70,r_68_19_89,r_68_19_89,1.0,29,118,89,66
21,r_1_87_76,r_49_71_170,r_130_5_152,r_130_5_152,0.97,13,165,152,66
85,seq95,r_109_120_98,r_63_108_179,r_109_120_98,0.87,2,100,98,66
36,r_63_108_179,r_46_91_148,r_65_20_48,r_63_108_179,0.81,-40,139,179,66
27,r_123_47_109,seq78,r_28_9_17,r_123_47_109,0.8,0,109,109,66
46,r_104_31_97,r_22_93_50,seq12,r_104_31_97,0.99,0,97,97,66
59,seq26,r_53_110_132,r_106_122_128,r_53_110_132,0.98,-6,126,132,66
18,r_58_4_147,seq119,r_22_93_50,r_58_4_147,0.86,2,149,147,66
29,r_46_91_148,r_63_108_179,r_106_122_128,r_46_91_148,0.61,0,148,148,66
24,r_131_56_71,seq113,seq98,r_131_56_71,1.0,0,71,71,66
47,r_10_94_32,r_65_20_48,seq55,r_65_20_48,0.61,0,48,48,66
44,r_6_135_117,r_49_71_170,r_130_5_152,r_6_135_117,0.61,48,165,117,66
33,r_105_125_134,seq96,seq95,r_105_125_134,0.88,1,135,134,66
3,r_118_74_29,r_63_108_179,seq140,r_118_74_29,0.95,0,29,29,66
65,seq45,r_76_39_185,seq67,r_76_39_185,0.83,0,185,185,66
38,r_37_138_192,r_43_57_184,seq121,r_43_57_184,0.43,1,185,184,66
52,seq12,seq17,r_104_31_97,r_104_31_97,1.0,1,98,97,66
25,r_88_124_42,r_131_56_71,seq36,r_88_124_42,1.0,0,42,42,66
16,r_106_122_128,seq26,r_46_91_148,r_46_91_148,0.94,10,158,148,66
8,r_15_51_176,r_41_92_108,seq80,r_15_51_176,0.88,3,179,176,66
34,r_23_52_95,r_99_126_198,seq111,r_23_52_95,0.88,0,95,95,66
47,r_10_94_32,seq36,r_65_20_48,r_10_94_32,0.97,0,32,32,66
46,r_104_31_97,r_115_143_194,r_22_93_50,r_104_31_97,0.83,-47,50,97,66
75,seq70,seq17,r_109_120_98,r_109_120_98,1.0,28,126,98,66
45,r_3_82_182,r_10_94_32,r_23_52_95,r_3_82_182,0.97,0,182,182,66
63,seq42,r_1_87_76,r_147_144_181,r_1_87_76,1.0,-22,54,76,66
17,r_43_57_184,r_37_138_192,r_62_103_66,r_62_103_66,0.98,119,185,66,66
99,seq121,r_114_35_85,r_28_9_17,r_114_35_85,0.54,-37,48,85,66
26,r_65_20_48,seq55,r_10_94_32,r_10_94_32,0.73,1,33,32,66
96,seq116,seq140,r_136_21_115,r_136_21_115,1.0,12,127,115,66
31,r_132_69_22,r_136_21_115,seq145,r_136_21_115,0.99,3,118,115,66
28,r_81_13_82,seq96,r_10_94_32,r_81_13_82,1.0,1,83,82,66
49,r_109_120_98,seq95,seq70,r_109_120_98,0.99,0,98,98,66
44,r_6_135_117,seq50,r_49_71_170,r_6_135_117,0.7,0,117,117,66
32,r_0_133_56,r_6_135_117,r_22_93_50,r_0_133_56,1.0,0,56,56,66
26,r_65_20_48,r_15_51_176,r_41_92_108,r_41_92_108,1.0,16,124,108,66
23,r_54_11_159,r_37_138_192,r_81_13_82,r_54_11_159,0.82,0,159,159,66
89,seq101,r_62_103_66,r_115_143_194,r_62_103_66,1.0,-19,47,66,66
35,r_76_39_185,seq45,r_105_125_134,r_76_39_185,0.39,0,185,185,66
40,r_25_5_191,r_64_76_54,r_112_100_150,r_25_5_191,0.46,-41,150,191,67
30,r_14_55_136,r_133_145_110,seq120,r_133_145_110,0.72,2,112,110,67
21,r_64_76_54,r_106_148_180,seq96,r_64_76_54,0.95,0,54,54,67
49,r_4_43_18,r_23_138_81,r_117_6_184,r_4_43_18,0.95,0,18,18,67
9,r_59_56_44,r_89_147_118,seq119,r_59_56_44,1.0,-1,43,44,67
36,r_78_3_158,seq54,seq10,r_78_3_158,0.88,0,158,158,67
26,r_26_139_130,r_31_87_57,seq1,r_26_139_130,0.68,0,130,130,67
25,r_110_105_174,r_122_12_152,seq126,r_110_105_174,0.63,-156,18,174,67
92,seq113,r_0_146_73,seq124,r_0_146_73,1.0,0,73,73,67
14,r_123_50_172,seq30,seq52,r_123_50_172,0.63,0,172,172,67
30,r_14_55_136,seq120,seq35,r_14_55_136,0.83,0,136,136,67
43,r_45_99_82,r_42_125_109,seq124,r_42_125_109,0.69,-25,84,109,67
95,seq120,seq98,r_129_40_45,r_129_40_45,0.63,136,181,45,67
54,seq7,r_106_148_180,r_116_48_94,r_116_48_94,0.51,-1,93,94,67
37,r_117_6_184,r_25_5_191,r_64_76_54,r_64_76_54,1.0,6,60,54,67
59,seq142,r_42_125_109,seq131,r_42_125_109,0.9,0,109,109,67
19,r_137_140_188,r_129_40_45,r_64_76_54,r_129_40_45,0.62,143,188,45,67
13,r_111_95_12,r_136_81_195,r_34_21_133,r_111_95_12,1.0,0,12,12,67
16,r_38_17_108,r_78_3_158,seq29,r_38_17_108,1.0,0,108,108,67
39,r_114_19_147,seq29,r_22_53_92,r_114_19_147,0.87,0,147,147,67
97,seq124,seq30,r_45_99_82,r_45_99_82,0.92,42,124,82,67
28,r_39_61_145,r_49_118_122,seq113,r_39_61_145,0.59,3,148,145,67
5,r_141_28_99,r_116_48_94,r_149_63_96,r_116_48_94,0.99,0,94,94,67
46,r_42_125_109,seq142,seq33,r_42_125_109,0.98,0,109,109,67
25,r_110_105_174,seq126,r_83_77_19,r_110_105_174,0.59,-132,42,174,67
32,r_65_80_38,seq79,r_62_101_103,r_62_101_103,1.0,42,145,103,67
32,r_65_80_38,seq119,seq79,r_65_80_38,0.99,0,38,38,67
45,r_130_16_179,seq33,r_45_99_82,r_130_16_179,0.37,2,181,179,67
61,seq18,r_15_46_7,r_22_53_92,r_22_53_92,1.0,3,95,92,67
15,r_122_12_152,r_83_77_19,r_110_105_174,r_110_105_174,0.64,-79,95,174,67
33,r_31_87_57,r_26_139_130,seq119,r_26_139_130,1.0,0,130,130,67
77,seq60,r_8_71_105,seq70,r_8_71_105,0.54,0,105,105,67
8,r_83_77_19,seq70,r_92_24_192,r_83_77_19,0.76,2,21,19,67
95,seq120,r_116_48_94,seq127,r_116_48_94,0.62,0,94,94,67
66,seq33,r_130_16_179,r_42_125_109,r_42_125_109,0.99,22,131,109,67
25,r_110_105_174,seq9,r_38_17_108,r_110_105_174,0.79,-35,139,174,67
33,r_31_87_57,seq51,r_26_139_130,r_31_87_57,1.0,0,57,57,67
41,r_108_67_141,r_85_73_85,r_102_32_167,r_85_73_85,0.93,-13,72,85,67
67,seq35,r_112_100_150,r_14_55_136,r_14_55_136,0.65,15,151,136,67
87,seq96,r_117_6_184,r_64_76_54,r_64_76_54,1.0,0,54,54,67
15,r_122_12_152,r_110_105_174,r_83_77_19,r_122_12_152,0.25,-132,20,152,67
3,r_116_48_94,r_141_28_99,seq7,r_116_48_94,0.96,0,94,94,67
10,r_107_132_121,r_39_61_145,r_141_28_99,r_107_132_121,0.83,0,121,121,67
26,r_26_139_130,seq119,r_31_87_57,r_31_87_57,1.0,34,91,57,67
8,r_83_77_19,r_92_24_192,r_62_101_103,r_62_101_103,0.89,0,103,103,67
4,r_85_73_85,r_108_67_141,seq126,r_85_73_85,0.97,1,86,85,67
0,r_22_53_92,seq52,seq18,r_22_53_92,1.0,0,92,92,67
11,r_72_91_111,seq30,r_102_32_167,r_72_91_111,0.97,4,115,111,67
25,r_110_105_174,r_38_17_108,r_64_76_54,r_38_17_108,0.56,65,173,108,67
20,r_89_147_118,seq74,seq131,r_89_147_118,0.77,3,121,118,67
98,seq126,r_92_24_192,r_85_73_85,r_85_73_85,0.62,5,90,85,67
48,r_133_145_110,r_14_55_136,r_92_24_192,r_133_145_110,0.91,2,112,110,67
13,r_111_95_12,r_34_21_133,seq18,r_34_21_133,1.0,1,134,133,67
6,r_0_146_73,seq113,seq37,r_0_146_73,0.9,0,73,73,67
2,r_34_21_133,r_111_95_12,seq52,r_34_21_133,0.97,1,134,133,67
22,r_106_148_180,r_0_146_73,seq128,r_106_148_180,0.78,0,180,180,67
41,r_108_67_141,r_102_32_167,seq134,r_108_67_141,1.0,0,141,141,67
47,r_23_138_81,r_14_55_136,seq30,r_23_138_81,1.0,0,81,81,67
40,r_25_5_191,r_117_6_184,r_64_76_54,r_64_76_54,1.0,10,64,54,67
24,r_49_118_122,r_39_61_145,r_122_12_152,r_49_118_122,0.87,37,159,122,67
74,seq54,r_78_3_158,r_136_81_195,r_78_3_158,0.97,1,159,158,67
18,r_112_100_150,r_93_84_153,r_25_5_191,r_93_84_153,0.56,-2,151,153,67
29,r_62_101_103,seq131,r_65_80_38,r_62_101_103,0.98,0,103,103,67
24,r_49_118_122,seq36,r_39_61_145,r_49_118_122,0.74,0,122,122,67
11,r_72_91_111,r_102_32_167,r_92_24_192,r_102_32_167,0.94,4,171,167,67
64,seq29,r_114_19_147,r_38_17_108,r_38_17_108,0.89,0,108,108,67
65,seq30,r_123_50_172,r_23_138_81,r_23_138_81,1.0,31,112,81,67
84,seq86,seq98,r_15_46_7,r_15_46_7,0.51,17,24,7,67
38,r_136_81_195,r_109_2_159,seq54,r_109_2_159,0.96,-5,154,159,67
52,seq131,r_62_101_103,seq1,r_62_101_103,0.58,0,103,103,67
2,r_34_21_133,r_137_140_188,r_111_95_12,r_111_95_12,1.0,0,12,12,67
5,r_141_28_99,r_149_63_96,r_107_132_121,r_107_132_121,0.87,0,121,121,67
34,r_93_84_153,r_112_100_150,seq7,r_93_84_153,0.63,0,153,153,67
89,seq98,seq86,r_15_46_7,r_15_46_7,0.4,52,59,7,67
31,r_129_40_45,r_117_6_184,r_137_140_188,r_129_40_45,0.99,0,45,45,67
12,r_102_32_167,r_72_91_111,seq120,r_72_91_111,0.59,60,171,111,67
17,r_92_24_192,seq11,r_133_145_110,r_133_145_110,1.0,3,113,110,67
49,r_4_43_18,r_117_6_184,r_64_76_54,r_64_76_54,0.94,0,54,54,67
15,r_122_12_152,r_110_105_174,r_49_118_122,r_122_12_152,0.57,3,155,152,67
31,r_129_40_45,r_137_140_188,seq134,r_129_40_45,0.48,143,188,45,67
37,r_117_6_184,r_64_76_54,r_111_95_12,r_64_76_54,0.65,130,184,54,67
22,r_106_148_180,seq57,r_0_146_73,r_0_146_73,1.0,4,77,73,67
28,r_39_61_145,r_107_132_121,r_49_118_122,r_39_61_145,0.81,-23,122,145,67
7,r_68_135_114,seq115,r_149_63_96,r_68_135_114,0.64,0,114,114,67
44,r_109_2_159,r_136_81_195,seq13,r_109_2_159,0.93,0,159,159,67
23,r_149_63_96,seq144,seq58,r_149_63_96,0.93,0,96,96,67
19,r_137_140_188,seq144,r_129_40_45,r_129_40_45,1.0,2,47,45,67
12,r_102_32_167,r_108_67_141,r_72_91_111,r_72_91_111,0.53,30,141,111,67
82,seq79,r_68_135_114,r_65_80_38,r_65_80_38,1.0,0,38,38,67
93,seq109,r_32_46_121,r_137_133_186,r_32_46_121,0.6,0,121,121,68
30,r_10_56_123,r_58_135_181,r_127_112_17,r_10_56_123,0.78,0,123,123,68
44,r_130_30_5,seq41,seq11,r_130_30_5,0.56,68,73,5,68
32,r_57_113_40,r_77_89_21,r_99_81_83,r_99_81_83,1.0,5,88,83,68
13,r_104_43_76,r_127_112_17,seq145,r_104_43_76,1.0,0,76,76,68
92,seq108,r_49_132_131,seq0,r_49_132_131,0.97,-3,128,131,68
8,r_131_147_164,seq12,seq138,r_131_147_164,0.8,0,164,164,68
53,seq136,seq102,r_35_64_89,r_35_64_89,0.99,27,116,89,68
37,r_120_70_126,seq84,r_77_89_21,r_120_70_126,0.75,0,126,126,68
21,r_116_128_90,r_49_132_131,r_58_135_181,r_116_128_90,0.78,2,92,90,68
1,r_47_110_75,seq140,seq114,r_47_110_75,1.0,0,75,75,68
5,r_58_135_181,r_10_56_123,r_85_62_108,r_85_62_108,0.77,15,123,108,68
42,r_111_5_87,seq139,seq84,r_111_5_87,0.99,0,87,87,68
14,r_63_71_46,r_134_100_120,r_127_112_17,r_63_71_46,1.0,0,46,46,68
45,r_19_48_92,r_143_44_149,seq6,r_19_48_92,0.97,1,93,92,68
23,r_127_112_17,r_104_43_76,r_63_71_46,r_104_43_76,0.91,0,76,76,68
5,r_58_135_181,r_85_62_108,r_130_30_5,r_58_135_181,0.9,0,181,181,68
24,r_141_107_82,r_137_133_186,r_38_73_99,r_141_107_82,0.87,93,175,82,68
19,r_137_133_186,r_15_121_86,seq108,r_15_121_86,0.54,104,190,86,68
2,r_77_89_21,r_55_125_38,seq14,r_77_89_21,1.0,0,21,21,68
41,r_39_88_62,r_104_43_76,seq6,r_39_88_62,0.88,0,62,62,68
67,seq41,r_130_30_5,r_22_97_67,r_22_97_67,1.0,1,68,67,68
3,r_134_100_120,r_146_1_172,r_96_126_19,r_134_100_120,0.89,0,120,120,68
10,r_59_76_166,seq52,r_99_81_83,r_59_76_166,0.72,0,166,166,68
90,seq102,r_15_121_86,seq136,r_15_121_86,1.0,0,86,86,68
0,r_85_62_108,r_45_87_33,seq94,r_45_87_33,1.0,-3,30,33,68
32,r_57_113_40,seq83,r_77_89_21,r_57_113_40,0.99,0,40,40,68
4,r_143_44_149,r_3_148_178,seq51,r_143_44_149,0.75,0,149,149,68
11,r_149_18_73,seq78,seq60,r_149_18_73,1.0,1,74,73,68
31,r_36_144_173,seq13,r_96_126_19,r_96_126_19,0.97,9,28,19,68
36,r_96_126_19,seq136,r_36_144_173,r_96_126_19,0.94,0,19,19,68
9,r_99_81_83,r_35_64_89,r_57_113_40,r_99_81_83,0.96,0,83,83,68
21,r_116_128_90,r_58_135_181,r_80_66_163,r_80_66_163,0.86,7,170,163,68
9,r_99_81_83,seq86,r_35_64_89,r_35_64_89,0.65,-53,36,89,68
0,r_85_62_108,seq94,r_58_135_181,r_85_62_108,0.97,0,108,108,68
36,r_96_126_19,r_36_144_173,r_134_100_120,r_134_100_120,0.99,27,147,120,68
6,r_124_68_29,r_85_62_108,seq0,r_124_68_29,1.0,0,29,29,68
27,r_35_64_89,seq6,seq136,r_35_64_89,0.97,1,90,89,68
0,r_85_62_108,r_58_135_181,r_80_66_163,r_80_66_163,0.6,7,170,163,68
18,r_38_73_99,seq145,r_4_67_15,r_38_73_99,0.86,0,99,99,68
29,r_15_121_86,seq102,r_137_133_186,r_15_121_86,1.0,0,86,86,68
23,r_127_112_17,seq109,r_104_43_76,r_127_112_17,0.83,0,17,17,68
24,r_141_107_82,r_16_106_95,r_137_133_186,r_141_107_82,0.96,0,82,82,68
34,r_34_25_169,r_45_87_33,r_149_18_73,r_34_25_169,0.93,0,169,169,68
25,r_61_42_129,r_22_97_67,r_117_26_167,r_22_97_67,1.0,0,67,67,68
33,r_105_95_79,r_137_133_186,r_77_89_21,r_105_95_79,1.0,0,79,79,68
47,r_45_87_33,r_34_25_169,r_23_98_171,r_23_98_171,0.41,-1,170,171,68
15,r_55_125_38,r_32_46_121,seq24,r_55_125_38,1.0,0,38,38,68
65,seq31,r_17_37_160,seq78,r_17_37_160,0.64,1,161,160,68
61,seq24,r_143_44_149,r_55_125_38,r_55_125_38,0.67,111,149,38,68
38,r_117_26_167,seq79,r_80_66_163,r_117_26_167,0.62,-2,165,167,68
81,seq83,r_58_135_181,r_85_62_108,r_85_62_108,0.96,62,170,108,68
47,r_45_87_33,r_85_62_108,r_34_25_169,r_45_87_33,0.96,0,33,33,68
71,seq60,r_92_21_4,r_149_18_73,r_149_18_73,1.0,14,87,73,68
34,r_34_25_169,seq83,r_45_87_33,r_45_87_33,0.77,45,78,33,68
17,r_23_98_171,seq75,r_45_87_33,r_45_87_33,0.77,138,171,33,68
25,r_61_42_129,r_117_26_167,r_32_46_121,r_61_42_129,0.98,0,129,129,68
48,r_4_67_15,r_116_128_90,seq142,r_4_67_15,0.93,1,16,15,68
7,r_3_148_178,r_55_125_38,r_134_100_120,r_3_148_178,0.68,2,180,178,68
31,r_36_144_173,r_96_126_19,r_49_132_131,r_36_144_173,0.41,0,173,173,68
29,r_15_121_86,r_137_133_186,seq28,r_137_133_186,0.67,3,189,186,68
22,r_17_37_160,seq31,seq93,r_17_37_160,0.76,0,160,160,68
41,r_39_88_62,seq6,r_32_46_121,r_32_46_121,1.0,0,121,121,68
83,seq142,seq28,r_4_67_15,r_4_67_15,0.69,24,39,15,68
7,r_3_148_178,r_143_44_149,r_55_125_38,r_55_125_38,0.55,111,149,38,68
82,seq84,r_120_70_126,r_111_5_87,r_111_5_87,0.52,39,126,87,68
93,seq109,r_137_133_186,r_38_73_99,r_137_133_186,0.83,-11,175,186,68
79,seq79,r_117_26_167,seq65,r_117_26_167,0.83,-2,165,167,68
12,r_22_97_67,r_61_42_129,seq41,r_22_97_67,1.0,0,67,67,68
39,r_7_8_42,seq79,seq28,r_7_8_42,0.98,0,42,42,68
13,r_104_43_76,r_39_88_62,r_127_112_17,r_104_43_76,0.75,-46,30,76,68
58,seq14,seq101,r_77_89_21,r_77_89_21,0.99,19,40,21,68
93,seq110,r_107_83_172,r_125_43_40,r_125_43_40,0.99,129,169,40,69
30,r_124_69_163,seq116,r_119_54_102,r_119_54_102,1.0,73,175,102,69
36,r_96_79_114,seq103,seq149,r_96_79_114,1.0,1,115,114,69
2,r_94_49_15,seq67,seq66,r_94_49_15,0.9,0,15,15,69
8,r_143_15_135,r_118_98_166,r_71_82_14,r_143_15_135,0.97,0,135,135,69
43,r_4_21_180,seq78,seq128,r_4_21_180,0.59,0,180,180,69
65,seq34,seq77,r_89_38_31,r_89_38_31,0.98,3,34,31,69
54,seq137,seq55,r_121_86_35,r_121_86_35,1.0,26,61,35,69
15,r_121_86_35,r_143_15_135,seq137,r_121_86_35,1.0,0,35,35,69
37,r_61_2_150,seq78,r_45_0_174,r_45_0_174,0.77,-1,173,174,69
59,seq149,r_133_25_77,r_122_127_50,r_133_25_77,1.0,0,77,77,69
19,r_129_70_68,r_19_41_134,r_134_101_6,r_19_41_134,1.0,0,134,134,69
56,seq142,r_33_26_170,r_138_87_54,r_138_87_54,1.0,4,58,54,69
71,seq52,r_84_123_28,r_76_136_53,r_84_123_28,0.57,79,107,28,69
86,seq78,r_61_2_150,r_113_28_123,r_113_28_123,0.8,28,151,123,69
21,r_100_148_186,seq103,r_90_104_147,r_100_148_186,0.43,0,186,186,69
39,r_92_88_99,seq44,r_71_82_14,r_92_88_99,0.97,1,100,99,69
4,r_125_43_40,seq56,seq110,r_125_43_40,1.0,0,40,40,69
5,r_3_11_139,seq17,seq128,r_3_11_139,0.4,-65,74,139,69
46,r_45_0_174,r_59_6_160,seq64,r_59_6_160,0.54,0,160,160,69
42,r_59_6_160,r_45_0_174,seq72,r_59_6_160,0.87,0,160,160,69
10,r_10_65_169,seq103,seq73,r_10_65_169,1.0,1,170,169,69
32,r_113_28_123,seq109,seq78,r_113_28_123,0.84,1,124,123,69
45,r_71_82_14,r_93_75_91,seq67,r_93_75_91,0.76,2,93,91,69
19,r_129_70_68,r_143_15_135,r_19_41_134,r_129_70_68,1.0,0,68,68,69
13,r_14_9_46,seq56,r_133_25_77,r_133_25_77,1.0,0,77,77,69
45,r_71_82_14,seq67,r_143_15_135,r_143_15_135,1.0,8,143,135,69
35,r_18_46_74,r_94_49_15,r_107_83_172,r_107_83_172,0.51,1,173,172,69
3,r_139_117_157,seq64,r_59_6_160,r_59_6_160,0.37,-25,135,160,69
10,r_10_65_169,r_91_50_128,seq103,r_91_50_128,0.97,-7,121,128,69
90,seq103,r_96_79_114,seq102,r_96_79_114,1.0,1,115,114,69
26,r_133_25_77,seq149,r_14_9_46,r_133_25_77,1.0,0,77,77,69
78,seq64,r_45_0_174,seq135,r_45_0_174,0.52,0,174,174,69
0,r_118_98_166,r_143_15_135,r_61_2_150,r_143_15_135,0.5,0,135,135,69
35,r_18_46_74,r_100_148_186,r_94_49_15,r_18_46_74,0.67,50,124,74,69
11,r_19_41_134,seq56,r_129_70_68,r_129_70_68,1.0,13,81,68,69
59,seq149,r_122_127_50,r_96_79_114,r_96_79_114,1.0,0,114,114,69
20,r_119_54_102,r_143_15_135,seq131,r_119_54_102,1.0,0,102,102,69
98,seq116,r_124_69_163,r_90_104_147,r_90_104_147,0.73,28,175,147,69
48,r_147_22_192,r_141_40_162,r_36_145_93,r_36_145_93,1.0,6,99,93,69
34,r_126_20_56,r_84_123_28,r_13_7_185,r_126_20_56,1.0,0,56,56,69
12,r_36_145_93,r_147_22_192,r_24_81_105,r_147_22_192,0.95,-17,175,192,69
16,r_1_48_47,r_76_136_53,seq74,r_1_48_47,0.96,0,47,47,69
99,seq120,r_5_99_141,seq12,r_5_99_141,0.87,-2,139,141,69
5,r_3_11_139,seq128,r_129_70_68,r_3_11_139,0.84,0,139,139,69
46,r_45_0_174,seq64,r_61_2_150,r_45_0_174,0.87,-1,173,174,69
22,r_134_101_6,seq56,r_129_70_68,r_129_70_68,1.0,52,120,68,69
49,r_138_87_54,seq97,seq142,r_138_87_54,1.0,0,54,54,69
41,r_33_26_170,r_138_87_54,seq44,r_33_26_170,0.57,1,171,170,69
18,r_51_63_156,r_71_82_14,r_14_9_46,r_51_63_156,0.81,0,156,156,69
3,r_139_117_157,r_59_6_160,r_93_75_91,r_139_117_157,0.92,0,157,157,69
33,r_90_104_147,r_124_69_163,seq116,r_90_104_147,0.74,29,176,147,69
74,seq56,r_125_43_40,r_134_101_6,r_125_43_40,1.0,1,41,40,69
0,r_118_98_166,r_61_2_150,r_108_95_11,r_118_98_166,0.91,1,167,166,69
20,r_119_54_102,seq131,r_124_69_163,r_119_54_102,0.46,61,163,102,69
77,seq60,seq53,r_62_132_83,r_62_132_83,0.91,0,83,83,69
17,r_39_106_55,seq56,seq29,r_39_106_55,0.61,-1,54,55,69
13,r_14_9_46,r_59_6_160,seq56,r_14_9_46,0.99,0,46,46,69
94,seq111,r_141_40_162,r_24_81_105,r_24_81_105,0.93,7,112,105,69
9,r_24_81_105,seq109,seq111,r_24_81_105,0.98,0,105,105,69
96,seq114,seq77,r_89_38_31,r_89_38_31,0.75,43,74,31,69
35,r_18_46_74,r_62_132_83,r_100_148_186,r_18_46_74,0.42,10,84,74,69
11,r_19_41_134,r_129_70_68,seq60,r_19_41_134,1.0,0,134,134,69
29,r_108_95_11,r_61_2_150,r_118_98_166,r_118_98_166,0.76,-24,142,166,69
53,seq8,r_5_99_141,r_138_87_54,r_138_87_54,1.0,0,54,54,69
28,r_5_99_141,seq120,r_76_136_53,r_5_99_141,0.83,-3,138,141,69
41,r_33_26_170,seq142,r_138_87_54,r_138_87_54,1.0,4,58,54,69
23,r_130_80_45,r_13_7_185,r_121_86_35,r_130_80_45,0.98,3,48,45,69
31,r_89_38_31,r_5_99_141,seq34,r_89_38_31,1.0,0,31,31,69
7,r_93_75_91,r_71_82_14,seq34,r_93_75_91,0.83,2,93,91,69
44,r_91_50_128,r_10_65_169,seq44,r_91_50_128,0.66,0,128,128,69
35,r_18_46_74,r_124_69_163,r_62_132_83,r_18_46_74,0.47,0,74,74,69
12,r_36_145_93,seq44,r_147_22_192,r_36_145_93,0.97,0,93,93,69
29,r_108_95_11,r_94_49_15,r_61_2_150,r_108_95_11,0.6,0,11,11,69
30,r_58_37_113,r_85_52_92,seq13,r_85_52_92,0.7,0,92,92,70
22,r_12_9_170,r_60_91_64,seq13,r_60_91_64,0.94,-22,42,64,70
14,r_70_25_167,seq49,r_117_29_108,r_117_29_108,1.0,4,112,108,70
8,r_5_0_162,r_97_59_144,seq46,r_5_0_162,0.73,1,163,162,70
43,r_26_138_165,seq4,r_85_52_92,r_26_138_165,0.88,1,166,165,70
37,r_60_91_64,r_85_52_92,r_65_109_27,r_60_91_64,1.0,1,65,64,70
20,r_98_17_20,seq19,r_94_63_31,r_94_63_31,0.94,6,37,31,70
59,seq142,r_54_41_142,seq105,r_54_41_142,1.0,0,142,142,70
55,seq137,r_82_73_185,r_130_11_33,r_130_11_33,0.98,133,166,33,70
71,seq46,seq92,r_5_0_162,r_5_0_162,0.83,3,165,162,70
86,seq101,seq78,r_23_67_106,r_23_67_106,1.0,6,112,106,70
21,r_16_89_126,seq24,r_12_9_170,r_16_89_126,0.9,0,126,126,70
39,r_7_18_177,seq112,r_32_149_11,r_7_18_177,0.56,-109,68,177,70
1,r_33_44_155,seq114,r_16_89_126,r_33_44_155,0.63,-7,148,155,70
97,seq120,seq24,r_82_73_185,r_82_73_185,0.74,-4,181,185,70
5,r_116_136_100,seq20,seq24,r_116_136_100,1.0,0,100,100,70
46,r_61_51_163,seq75,seq141,r_61_51_163,0.45,0,163,163,70
42,r_122_31_83,seq76,r_27_93_139,r_122_31_83,0.95,0,83,83,70
32,r_30_96_98,r_14_10_12,seq13,r_30_96_98,1.0,1,99,98,70
45,r_42_146_184,seq101,seq20,r_42_146_184,0.41,0,184,184,70
99,seq126,seq140,r_66_43_15,r_66_43_15,1.0,2,17,15,70
39,r_7_18_177,r_32_149_11,r_5_0_162,r_7_18_177,0.48,0,177,177,70
41,r_54_41_142,seq142,seq137,r_54_41_142,0.88,0,142,142,70
89,seq106,r_23_67_106,r_127_50_94,r_127_50_94,0.75,11,105,94,70
30,r_58_37_113,seq13,seq112,r_58_37_113,0.99,0,113,113,70
16,r_14_10_12,r_30_96_98,seq137,r_30_96_98,0.96,1,99,98,70
78,seq75,r_61_51_163,r_117_29_108,r_117_29_108,0.63,53,161,108,70
0,r_6_79_115,r_27_93_139,r_131_87_195,r_27_93_139,0.94,-9,130,139,70
73,seq49,r_74_39_183,r_117_29_108,r_117_29_108,0.97,73,181,108,70
31,r_65_109_27,r_122_31_83,r_97_59_144,r_65_109_27,1.0,0,27,27,70
15,r_85_52_92,r_58_37_113,r_27_93_139,r_85_52_92,0.98,1,93,92,70
48,r_97_59_144,seq135,r_65_109_27,r_65_109_27,1.0,139,166,27,70
22,r_12_9_170,r_16_89_126,seq1,r_12_9_170,0.99,0,170,170,70
6,r_35_108_153,seq101,r_84_45_71,r_84_45_71,1.0,0,71,71,70
62,seq20,r_116_136_100,seq143,r_116_136_100,1.0,0,100,100,70
16,r_14_10_12,r_5_0_162,r_30_96_98,r_14_10_12,0.85,0,12,12,70
85,seq92,r_134_118_5,r_38_148_123,r_38_148_123,1.0,18,141,123,70
44,r_94_63_31,r_54_41_142,r_98_17_20,r_54_41_142,0.86,-111,31,142,70
13,r_64_3_36,r_5_0_162,seq106,r_64_3_36,1.0,0,36,36,70
32,r_30_96_98,r_82_73_185,r_14_10_12,r_14_10_12,0.95,3,15,12,70
27,r_127_50_94,r_48_145_154,seq106,r_127_50_94,0.98,0,94,94,70
42,r_122_31_83,r_27_93_139,r_132_123_132,r_122_31_83,1.0,50,133,83,70
84,seq90,r_81_80_68,seq143,r_81_80_68,0.71,-13,55,68,70
87,seq104,seq126,r_99_2_78,r_99_2_78,1.0,9,87,78,70
22,r_12_9_170,seq13,r_16_89_126,r_16_89_126,0.92,0,126,126,70
2,r_27_93_139,r_6_79_115,r_131_87_195,r_27_93_139,0.45,-20,119,139,70
47,r_48_145_154,r_127_50_94,seq139,r_127_50_94,0.84,-10,84,94,70
40,r_132_123_132,seq125,r_122_31_83,r_132_123_132,0.94,0,132,132,70
18,r_117_29_108,seq13,seq49,r_117_29_108,0.98,0,108,108,70
29,r_121_113_104,seq36,seq47,r_121_113_104,0.6,2,106,104,70
15,r_85_52_92,r_27_93_139,r_131_87_195,r_27_93_139,1.0,-1,138,139,70
34,r_32_149_11,r_7_18_177,seq69,r_7_18_177,0.92,-17,160,177,70
33,r_124_72_61,seq76,r_94_63_31,r_124_72_61,0.99,1,62,61,70
47,r_48_145_154,seq139,r_38_148_123,r_48_145_154,1.0,0,154,154,70
12,r_144_15_32,r_35_108_153,seq106,r_144_15_32,0.92,0,32,32,70
65,seq24,r_16_89_126,r_116_136_100,r_116_136_100,0.88,26,126,100,70
38,r_23_67_106,r_132_123_132,seq101,r_23_67_106,0.71,0,106,106,70
52,seq4,r_26_138_165,r_62_56_73,r_62_56_73,0.81,79,152,73,70
75,seq55,seq13,r_57_102_9,r_57_102_9,0.76,119,128,9,70
34,r_32_149_11,r_117_29_108,r_7_18_177,r_32_149_11,0.8,0,11,11,70
17,r_74_39_183,seq49,seq1,r_74_39_183,0.46,0,183,183,70
21,r_16_89_126,r_12_9_170,r_33_44_155,r_12_9_170,0.91,0,170,170,70
9,r_62_56_73,seq107,r_81_80_68,r_62_56_73,1.0,0,73,73,70
26,r_103_95_18,r_82_73_185,r_97_59_144,r_103_95_18,1.0,0,18,18,70
28,r_84_45_71,seq114,r_35_108_153,r_84_45_71,0.99,0,71,71,70
2,r_27_93_139,r_131_87_195,seq90,r_27_93_139,0.97,0,139,139,70
84,seq90,seq143,r_27_93_139,r_27_93_139,1.0,0,139,139,70
7,r_38_148_123,seq119,seq92,r_38_148_123,0.92,0,123,123,70
23,r_99_2_78,seq88,seq104,r_99_2_78,1.0,0,78,78,70
36,r_130_11_33,seq53,seq137,r_130_11_33,1.0,2,35,33,70
82,seq83,r_82_73_185,r_130_11_33,r_130_11_33,1.0,133,166,33,70
35,r_81_80_68,seq90,r_62_56_73,r_81_80_68,1.0,-1,67,68,70
30,r_92_90_165,seq76,seq78,r_92_90_165,0.51,-3,162,165,71
48,r_54_66_101,seq129,r_69_97_146,r_69_97_146,1.0,11,157,146,71
40,r_17_4_93,r_146_101_3,seq108,r_17_4_93,0.91,0,93,93,71
92,seq108,r_59_106_137,r_17_4_93,r_17_4_93,0.61,44,137,93,71
14,r_35_109_123,seq88,r_65_1_110,r_65_1_110,0.96,7,117,110,71
8,r_142_143_74,seq78,seq105,r_142_143_74,0.98,0,74,74,71
43,r_87_13_63,seq123,seq78,r_87_13_63,1.0,0,63,63,71
26,r_145_26_107,r_24_118_45,r_20_14_39,r_145_26_107,0.8,-64,43,107,71
81,seq76,r_71_29_18,r_92_90_165,r_71_29_18,0.71,-1,17,18,71
16,r_84_67_128,seq32,r_46_130_64,r_84_67_128,0.97,1,129,128,71
21,r_73_48_112,r_42_30_84,r_119_15_48,r_73_48_112,0.97,-31,81,112,71
12,r_91_53_50,seq128,seq23,r_91_53_50,1.0,-1,49,50,71
1,r_69_97_146,r_58_9_174,r_126_134_4,r_69_97_146,0.9,0,146,146,71
5,r_42_30_84,r_17_4_93,r_45_79_73,r_42_30_84,0.53,-1,83,84,71
46,r_124_132_167,seq102,r_149_3_61,r_149_3_61,1.0,48,109,61,71
64,seq32,r_84_67_128,seq40,r_84_67_128,0.47,-79,49,128,71
49,r_126_134_4,seq129,r_131_89_102,r_131_89_102,0.53,-46,56,102,71
69,seq40,r_139_112_152,r_145_26_107,r_145_26_107,0.53,15,122,107,71
27,r_98_43_22,r_46_130_64,r_57_19_46,r_46_130_64,0.72,27,91,64,71
53,seq5,r_55_85_176,r_104_133_11,r_104_133_11,1.0,1,12,11,71
76,seq62,r_99_31_175,r_72_137_138,r_72_137_138,0.89,14,152,138,71
31,r_59_106_137,seq108,seq32,r_59_106_137,0.97,0,137,137,71
89,seq102,r_25_41_108,r_149_3_61,r_149_3_61,1.0,26,87,61,71
3,r_99_31_175,seq62,seq68,r_99_31_175,0.69,0,175,175,71
10,r_21_122_132,seq40,seq129,r_21_122_132,0.8,3,135,132,71
90,seq105,r_69_97_146,r_142_143_74,r_142_143_74,0.7,3,77,74,71
4,r_146_101_3,r_73_48_112,r_119_15_48,r_146_101_3,0.88,62,65,3,71
20,r_25_41_108,seq102,r_11_49_92,r_11_49_92,0.81,16,108,92,71
15,r_58_9_174,seq127,seq148,r_58_9_174,0.43,0,174,174,71
48,r_54_66_101,seq77,seq129,r_54_66_101,0.78,2,103,101,71
36,r_103_93_148,seq107,r_71_29_18,r_71_29_18,1.0,1,19,18,71
12,r_91_53_50,seq23,r_64_113_55,r_91_53_50,0.38,75,125,50,71
42,r_46_130_64,r_98_43_22,seq82,r_46_130_64,1.0,2,66,64,71
62,seq23,r_120_7_144,seq116,r_120_7_144,1.0,0,144,144,71
40,r_17_4_93,seq108,r_120_7_144,r_120_7_144,1.0,28,172,144,71
85,seq82,r_136_111_83,r_46_130_64,r_136_111_83,0.81,-2,81,83,71
99,seq127,r_58_9_174,r_142_143_74,r_142_143_74,1.0,100,174,74,71
45,r_57_19_46,r_20_14_39,seq82,r_57_19_46,1.0,1,47,46,71
36,r_103_93_148,r_71_29_18,r_65_1_110,r_103_93_148,0.86,0,148,148,71
19,r_131_89_102,r_35_109_123,r_126_134_4,r_126_134_4,0.5,44,48,4,71
92,seq108,r_17_4_93,r_55_85_176,r_55_85_176,0.73,1,177,176,71
13,r_64_113_55,r_94_16_86,r_91_53_50,r_64_113_55,1.0,0,55,55,71
42,r_46_130_64,r_59_106_137,r_98_43_22,r_98_43_22,0.8,-2,20,22,71
22,r_125_8_12,r_149_3_61,seq82,r_125_8_12,0.66,0,12,12,71
49,r_126_134_4,r_131_89_102,r_35_109_123,r_131_89_102,0.74,3,105,102,71
2,r_139_112_152,seq140,r_18_96_1,r_139_112_152,0.62,0,152,152,71
41,r_71_29_18,r_103_93_148,r_136_111_83,r_136_111_83,0.64,0,83,83,71
24,r_45_79_73,r_71_29_18,r_42_30_84,r_45_79_73,0.4,37,110,73,71
40,r_17_4_93,r_42_30_84,r_146_101_3,r_42_30_84,0.86,-1,83,84,71
26,r_145_26_107,r_61_81_67,seq40,r_145_26_107,1.0,1,108,107,71
18,r_149_3_61,seq135,seq102,r_149_3_61,1.0,0,61,61,71
24,r_45_79_73,seq39,r_71_29_18,r_45_79_73,1.0,2,75,73,71
21,r_73_48_112,r_119_15_48,seq110,r_73_48_112,0.99,2,114,112,71
35,r_50_12_32,r_100_38_170,seq138,r_100_38_170,0.94,0,170,170,71
25,r_65_1_110,seq110,r_35_109_123,r_65_1_110,0.99,4,114,110,71
33,r_11_49_92,r_18_96_1,r_55_85_176,r_11_49_92,0.9,1,93,92,71
65,seq33,r_69_97_146,r_18_96_1,r_69_97_146,0.98,-13,133,146,71
19,r_131_89_102,r_126_134_4,seq39,r_131_89_102,1.0,0,102,102,71
26,r_145_26_107,r_20_14_39,r_61_81_67,r_61_81_67,0.96,0,67,67,71
32,r_100_38_170,seq44,seq40,r_100_38_170,0.68,0,170,170,71
38,r_72_137_138,r_95_28_2,seq62,r_72_137_138,1.0,-1,137,138,71
9,r_61_81_67,r_145_26_107,r_18_96_1,r_145_26_107,1.0,0,107,107,71
47,r_24_118_45,r_145_26_107,r_95_28_2,r_24_118_45,1.0,0,45,45,71
64,seq32,seq40,r_59_106_137,r_59_106_137,1.0,10,147,137,71
33,r_11_49_92,r_55_85_176,r_25_41_108,r_25_41_108,0.48,6,114,108,71
7,r_55_85_176,seq5,r_104_133_11,r_104_133_11,1.0,1,12,11,71
17,r_117_51_62,seq75,seq108,r_117_51_62,1.0,-1,61,62,71
94,seq114,r_61_81_67,seq70,r_61_81_67,1.0,1,68,67,71
9,r_61_81_67,seq114,r_145_26_107,r_61_81_67,1.0,1,68,67,71
27,r_98_43_22,seq10,r_46_130_64,r_98_43_22,1.0,0,22,22,71
41,r_71_29_18,seq76,r_103_93_148,r_71_29_18,1.0,1,19,18,71
0,r_74_6_15,r_25_41_108,seq77,r_74_6_15,0.83,10,25,15,71
49,r_126_134_4,r_35_109_123,r_69_97_146,r_69_97_146,1.0,2,148,146,71
28,r_95_28_2,r_72_137_138,r_24_118_45,r_95_28_2,0.97,62,64,2,71
56,seq140,r_139_112_152,r_94_16_86,r_94_16_86,0.97,13,99,86,71
39,r_119_15_48,r_72_137_138,r_146_101_3,r_119_15_48,1.0,0,48,48,71
35,r_50_12_32,seq0,r_100_38_170,r_50_12_32,0.83,0,32,32,71
44,r_136_111_83,r_59_106_137,r_71_29_18,r_136_111_83,1.0,0,83,83,71
23,r_94_16_86,seq77,seq140,r_94_16_86,1.0,0,86,86,71
82,seq77,r_94_16_86,seq86,r_94_16_86,1.0,0,86,86,71
11,r_20_14_39,r_57_19_46,r_18_96_1,r_20_14_39,0.86,3,42,39,71
93,seq96,r_56_121_75,r_20_25_91,r_56_121_75,0.79,0,75,75,72
36,r_113_111_71,r_103_146_98,seq82,r_113_111_71,1.0,0,71,71,72
32,r_83_80_55,seq68,seq135,r_83_80_55,1.0,0,55,55,72
14,r_62_86_85,seq106,seq96,r_62_86_85,1.0,0,85,85,72
53,seq6,r_63_102_173,r_9_73_165,r_9_73_165,0.72,9,174,165,72
58,seq12,seq106,r_129_149_126,r_129_149_126,0.99,8,134,126,72
37,r_74_32_131,r_105_45_153,seq35,r_74_32_131,0.99,0,131,131,72
3,r_95_41_159,r_20_25_91,r_129_149_126,r_95_41_159,1.0,0,159,159,72
59,seq13,r_71_29_94,seq3,r_71_29_94,1.0,-27,67,94,72
43,r_131_90_30,r_47_147_51,seq54,r_131_90_30,0.98,0,30,30,72
24,r_40_110_59,seq118,seq78,r_40_110_59,1.0,0,59,59,72
55,seq136,seq38,r_128_104_144,r_128_104_144,1.0,1,145,144,72
16,r_126_92_25,r_26_5_96,seq93,r_126_92_25,0.95,0,25,25,72
66,seq30,r_91_36_46,r_125_107_26,r_91_36_46,0.98,-9,37,46,72
21,r_81_141_117,seq44,r_76_127_147,r_81_141_117,0.58,-56,61,117,72
39,r_49_117_90,seq52,r_56_121_75,r_49_117_90,0.93,0,90,90,72
75,seq52,r_65_144_43,r_49_117_90,r_65_144_43,0.89,0,43,43,72
5,r_53_130_179,seq64,r_65_144_43,r_53_130_179,0.45,0,179,179,72
42,r_20_25_91,seq124,r_95_41_159,r_20_25_91,0.96,0,91,91,72
80,seq60,r_74_32_131,seq72,r_74_32_131,0.98,-17,114,131,72
46,r_47_147_51,seq66,r_134_39_57,r_47_147_51,0.55,22,73,51,72
21,r_81_141_117,r_76_127_147,seq67,r_81_141_117,0.94,-14,103,117,72
69,seq35,r_120_69_167,r_74_32_131,r_74_32_131,0.97,8,139,131,72
12,r_103_146_98,r_125_107_26,r_123_137_20,r_103_146_98,0.96,1,99,98,72
19,r_108_4_132,seq87,r_56_121_75,r_108_4_132,0.76,0,132,132,72
31,r_100_99_180,r_24_33_67,seq88,r_100_99_180,0.98,2,182,180,72
4,r_71_29_94,r_105_45_153,seq72,r_105_45_153,0.99,0,153,153,72
20,r_65_144_43,seq52,r_114_18_64,r_65_144_43,0.99,0,43,43,72
46,r_47_147_51,r_131_90_30,r_123_137_20,r_123_137_20,0.87,0,20,20,72
31,r_100_99_180,r_76_127_147,r_24_33_67,r_24_33_67,1.0,82,149,67,72
41,r_105_45_153,r_74_32_131,r_71_29_94,r_105_45_153,0.66,-22,131,153,72
22,r_114_18_64,r_65_144_43,seq11,r_114_18_64,0.98,2,66,64,72
3,r_95_41_159,r_120_69_167,r_20_25_91,r_20_25_91,1.0,1,92,91,72
71,seq38,seq136,r_21_140_38,r_21_140_38,1.0,0,38,38,72
90,seq88,seq52,r_100_99_180,r_100_99_180,0.92,7,187,180,72
75,seq52,seq88,r_139_51_142,r_139_51_142,0.97,0,142,142,72
26,r_138_79_182,r_24_33_67,seq132,r_24_33_67,1.0,0,67,67,72
54,seq135,r_114_18_64,r_83_80_55,r_83_80_55,0.89,0,55,55,72
4,r_71_29_94,seq13,r_105_45_153,r_71_29_94,0.87,0,94,94,72
20,r_65_144_43,r_114_18_64,seq12,r_114_18_64,0.8,18,82,64,72
8,r_97_145_119,seq17,r_85_16_97,r_85_16_97,0.83,-67,30,97,72
13,r_56_121_75,seq96,r_125_107_26,r_56_121_75,1.0,0,75,75,72
47,r_123_137_20,seq12,seq1,r_123_137_20,1.0,0,20,20,72
48,r_0_28_125,r_138_79_182,seq67,r_0_28_125,0.84,0,125,125,72
93,seq96,r_20_25_91,r_62_86_85,r_20_25_91,0.67,0,91,91,72
57,seq11,r_125_107_26,r_114_18_64,r_114_18_64,1.0,-1,63,64,72
6,r_115_7_170,seq112,r_71_29_94,r_71_29_94,0.57,86,180,94,72
62,seq148,r_85_16_97,seq68,r_85_16_97,1.0,0,97,97,72
68,seq34,seq57,r_125_107_26,r_125_107_26,0.59,-9,17,26,72
41,r_105_45_153,r_71_29_94,r_65_144_43,r_105_45_153,1.0,0,153,153,72
79,seq59,seq77,r_98_119_187,r_98_119_187,0.54,-60,127,187,72
2,r_2_19_11,seq142,r_113_111_71,r_113_111_71,1.0,18,89,71,72
99,seq124,seq96,r_84_58_72,r_84_58_72,1.0,3,75,72,72
30,r_48_70_40,r_114_18_64,r_63_102_173,r_48_70_40,0.99,0,40,40,72
49,r_134_39_57,seq22,r_47_147_51,r_134_39_57,1.0,0,57,57,72
33,r_91_36_46,seq30,seq44,r_91_36_46,1.0,0,46,46,72
10,r_9_73_165,seq72,r_48_70_40,r_9_73_165,0.56,0,165,165,72
27,r_128_104_144,seq55,seq136,r_128_104_144,0.89,0,144,144,72
30,r_48_70_40,r_63_102_173,r_9_73_165,r_48_70_40,0.76,127,167,40,72
40,r_139_51_142,seq55,seq52,r_139_51_142,1.0,0,142,142,72
25,r_76_127_147,r_100_99_180,r_126_92_25,r_76_127_147,0.51,2,149,147,72
47,r_123_137_20,seq1,r_103_146_98,r_103_146_98,1.0,31,129,98,72
46,r_47_147_51,r_123_137_20,seq66,r_47_147_51,0.94,0,51,51,72
22,r_114_18_64,r_48_70_40,r_65_144_43,r_114_18_64,0.94,-24,40,64,72
58,seq12,r_113_111_71,seq106,r_113_111_71,1.0,0,71,71,72
92,seq93,seq23,r_126_92_25,r_126_92_25,0.86,0,25,25,72
75,seq52,r_49_117_90,seq88,r_49_117_90,0.89,0,90,90,72
8,r_97_145_119,r_85_16_97,r_63_102_173,r_85_16_97,1.0,-20,77,97,72
42,r_20_25_91,r_95_41_159,r_74_32_131,r_20_25_91,1.0,69,160,91,72
1,r_125_107_26,seq11,seq34,r_125_107_26,0.59,-2,24,26,72
45,r_21_140_38,r_9_73_165,seq38,r_21_140_38,1.0,0,38,38,72
71,seq38,r_21_140_38,r_85_16_97,r_85_16_97,1.0,2,99,97,72
34,r_26_5_96,seq10,r_125_107_26,r_26_5_96,1.0,0,96,96,72
10,r_9_73_165,r_21_140_38,seq72,r_21_140_38,0.63,0,38,38,72
20,r_65_144_43,seq12,r_105_45_153,r_65_144_43,0.53,110,153,43,72
15,r_8_15_28,seq116,r_126_92_25,r_8_15_28,0.9,0,28,28,72
81,seq64,r_53_130_179,r_47_147_51,r_47_147_51,0.93,128,179,51,72
17,r_42_101_150,seq118,r_24_33_67,r_42_101_150,0.81,0,150,150,72
9,r_84_58_72,seq93,seq124,r_84_58_72,1.0,0,72,72,72
28,r_75_143_62,seq142,seq10,r_75_143_62,1.0,0,62,62,72
7,r_24_33_67,r_138_79_182,seq55,r_24_33_67,1.0,0,67,67,72
44,r_129_149_126,r_53_130_179,seq12,r_129_149_126,0.83,0,126,126,72
84,seq68,r_83_80_55,seq148,r_83_80_55,1.0,-4,51,55,72
11,r_46_94_52,seq22,seq72,r_46_94_52,1.0,0,52,52,72
23,r_85_16_97,seq148,seq38,r_85_16_97,1.0,0,97,97,72
35,r_109_133_128,seq31,seq87,r_109_133_128,0.61,0,128,128,72
12,r_103_146_98,r_113_111_71,r_125_107_26,r_113_111_71,0.98,0,71,71,72
2,r_2_19_11,r_42_101_150,seq142,r_2_19_11,0.91,0,11,11,72
36,r_103_49_190,r_41_65_134,r_141_35_75,r_141_35_75,0.93,0,75,75,73
20,r_79_108_64,seq132,r_145_43_99,r_145_43_99,0.66,22,121,99,73
8,r_77_53_79,seq96,seq124,r_77_53_79,1.0,0,79,79,73
1,r_2_24_42,r_118_59_84,seq80,r_2_24_42,0.92,0,42,42,73
12,r_101_3_125,seq23,r_40_106_138,r_40_106_138,0.56,-1,137,138,73
13,r_61_146_53,seq80,r_46_30_113,r_46_30_113,0.85,10,123,113,73
14,r_52_14_47,r_0_9_55,seq58,r_0_9_55,0.97,-11,44,55,73
97,seq121,r_103_49_190,r_19_44_67,r_19_44_67,1.0,104,171,67,73
42,r_12_55_111,r_18_34_156,seq13,r_12_55_111,0.8,0,111,111,73
4,r_97_104_118,r_79_108_64,seq64,r_79_108_64,1.0,-5,59,64,73
80,seq69,r_67_105_169,r_11_26_30,r_11_26_30,0.8,139,169,30,73
88,seq90,r_116_135_174,r_127_51_60,r_116_135_174,0.67,0,174,174,73
45,r_141_35_75,seq57,r_103_49_190,r_141_35_75,1.0,0,75,75,73
19,r_147_29_115,r_42_33_197,r_141_35_75,r_147_29_115,0.98,0,115,115,73
77,seq64,r_97_104_118,seq107,r_97_104_118,1.0,1,119,118,73
27,r_83_110_20,r_61_146_53,seq80,r_83_110_20,0.65,-1,19,20,73
31,r_74_112_68,r_118_59_84,r_95_125_171,r_74_112_68,1.0,-1,67,68,73
41,r_19_44_67,seq8,seq121,r_19_44_67,1.0,0,67,67,73
67,seq28,r_31_137_193,r_82_81_25,r_82_81_25,0.72,157,182,25,73
3,r_120_20_88,seq138,r_74_112_68,r_74_112_68,1.0,4,72,68,73
10,r_41_65_134,r_103_49_190,r_4_32_104,r_41_65_134,0.99,0,134,134,73
43,r_86_122_119,seq126,r_82_81_25,r_82_81_25,1.0,-1,24,25,73
72,seq54,r_40_106_138,r_22_115_199,r_40_106_138,1.0,2,140,138,73
11,r_0_9_55,seq68,seq78,r_0_9_55,1.0,0,55,55,73
73,seq57,r_70_47_178,seq128,r_70_47_178,0.31,0,178,178,73
20,r_79_108_64,r_97_104_118,seq132,r_79_108_64,0.96,2,66,64,73
69,seq48,r_37_72_86,seq128,r_37_72_86,0.94,-42,44,86,73
15,r_127_51_60,seq126,seq25,r_127_51_60,1.0,0,60,60,73
4,r_97_104_118,seq64,seq132,r_97_104_118,1.0,1,119,118,73
35,r_82_81_25,r_11_26_30,seq126,r_82_81_25,1.0,0,25,25,73
6,r_94_76_61,seq58,seq100,r_94_76_61,1.0,0,61,61,73
0,r_119_16_27,r_75_21_10,r_40_106_138,r_40_106_138,0.87,7,145,138,73
36,r_103_49_190,r_141_35_75,r_77_53_79,r_77_53_79,1.0,111,190,79,73
39,r_4_32_104,r_40_106_138,r_147_29_115,r_147_29_115,0.4,-77,38,115,73
44,r_148_98_121,r_75_21_10,r_94_76_61,r_148_98_121,0.52,47,168,121,73
16,r_88_114_132,r_67_105_169,r_11_26_30,r_11_26_30,0.98,-2,28,30,73
22,r_62_123_145,seq38,seq8,r_62_123_145,0.95,-3,142,145,73
47,r_109_17_152,seq13,r_0_9_55,r_109_17_152,0.72,0,152,152,73
28,r_36_117_8,r_120_20_88,r_79_108_64,r_36_117_8,0.94,3,11,8,73
40,r_145_43_99,seq142,r_95_125_171,r_145_43_99,1.0,1,100,99,73
18,r_18_34_156,seq100,seq60,r_18_34_156,0.93,0,156,156,73
29,r_95_125_171,seq138,r_74_112_68,r_74_112_68,1.0,2,70,68,73
5,r_75_21_10,r_109_17_152,seq102,r_75_21_10,0.98,0,10,10,73
24,r_67_105_169,seq69,seq149,r_67_105_169,0.69,0,169,169,73
25,r_129_5_66,seq84,seq90,r_129_5_66,0.98,0,66,66,73
43,r_86_122_119,r_82_81_25,r_77_53_79,r_82_81_25,0.79,99,124,25,73
88,seq90,r_46_30_113,r_116_135_174,r_46_30_113,1.0,-33,80,113,73
77,seq64,r_79_108_64,r_97_104_118,r_79_108_64,1.0,-5,59,64,73
65,seq25,seq124,r_127_51_60,r_127_51_60,1.0,0,60,60,73
38,r_37_72_86,seq48,r_147_29_115,r_37_72_86,0.56,67,153,86,73
34,r_134_131_146,seq132,seq139,r_134_131_146,0.77,0,146,146,73
45,r_141_35_75,r_103_49_190,r_147_29_115,r_147_29_115,0.9,75,190,115,73
94,seq100,r_18_34_156,r_94_76_61,r_94_76_61,0.89,95,156,61,73
0,r_119_16_27,seq54,r_75_21_10,r_119_16_27,0.96,10,37,27,73
9,r_46_30_113,seq90,r_2_24_42,r_46_30_113,0.91,0,113,113,73
40,r_145_43_99,r_95_125_171,seq8,r_145_43_99,0.4,55,154,99,73
26,r_11_26_30,r_88_114_132,seq50,r_88_114_132,0.73,1,133,132,73
96,seq107,r_97_104_118,seq64,r_97_104_118,0.98,-3,115,118,73
31,r_74_112_68,r_95_125_171,r_120_20_88,r_74_112_68,0.7,67,135,68,73
29,r_95_125_171,r_74_112_68,seq73,r_74_112_68,0.67,106,174,68,73
22,r_62_123_145,r_148_98_121,seq38,r_148_98_121,0.82,-41,80,121,73
98,seq124,seq25,r_77_53_79,r_77_53_79,0.95,26,105,79,73
26,r_11_26_30,r_82_81_25,r_88_114_132,r_11_26_30,1.0,-1,29,30,73
71,seq50,r_67_105_169,r_11_26_30,r_11_26_30,1.0,-1,29,30,73
56,seq8,r_19_44_67,seq6,r_19_44_67,1.0,0,67,67,73
7,r_118_59_84,seq149,r_127_51_60,r_118_59_84,1.0,0,84,84,73
44,r_148_98_121,r_62_123_145,r_75_21_10,r_62_123_145,0.51,-28,117,145,73
28,r_36_117_8,r_79_108_64,seq133,r_79_108_64,0.96,-9,55,64,73
23,r_87_63_144,r_103_49_190,r_12_55_111,r_87_63_144,0.75,0,144,144,73
82,seq73,r_111_56_136,r_95_125_171,r_111_56_136,1.0,0,136,136,73
12,r_101_3_125,r_62_123_145,seq23,r_101_3_125,0.43,5,130,125,73
84,seq78,r_39_113_179,r_0_9_55,r_0_9_55,1.0,32,87,55,73
36,r_41_127_26,r_89_15_196,r_28_145_34,r_28_145_34,1.0,34,68,34,74
9,r_138_97_6,r_102_74_175,r_46_9_198,r_46_9_198,0.91,-34,164,198,74
44,r_118_4_97,r_20_26_126,seq98,r_20_26_126,0.86,-1,125,126,74
14,r_25_77_76,seq141,r_93_125_171,r_25_77_76,1.0,0,76,76,74
8,r_5_69_152,seq115,r_52_79_72,r_5_69_152,0.75,0,152,152,74
40,r_16_18_12,r_20_26_126,seq107,r_16_18_12,0.86,0,12,12,74
37,r_75_109_168,seq48,r_16_18_12,r_16_18_12,0.85,156,168,12,74
3,r_20_26_126,seq98,r_118_4_97,r_118_4_97,0.92,1,98,97,74
3,r_20_26_126,r_16_18_12,seq98,r_20_26_126,0.49,-115,11,126,74
71,seq57,r_47_63_147,r_46_9_198,r_47_63_147,0.99,-77,70,147,74
16,r_101_10_173,seq117,r_0_95_103,r_0_95_103,1.0,0,103,103,74
5,r_144_84_83,r_118_4_97,r_39_128_51,r_144_84_83,1.0,3,86,83,74
32,r_39_128_51,seq64,r_116_8_124,r_39_128_51,0.99,-1,50,51,74
46,r_116_8_124,seq7,seq55,r_116_8_124,0.94,0,124,124,74
45,r_52_79_72,r_116_8_124,seq23,r_52_79_72,0.67,0,72,72,74
90,seq107,r_0_95_103,r_16_18_12,r_16_18_12,0.87,0,12,12,74
13,r_32_134_73,r_46_9_198,r_39_128_51,r_32_134_73,0.97,0,73,73,74
19,r_3_135_106,r_78_19_133,r_46_9_198,r_3_135_106,0.87,1,107,106,74
15,r_6_14_143,r_94_66_21,seq30,r_6_14_143,0.63,0,143,143,74
33,r_102_74_175,r_138_97_6,r_20_26_126,r_20_26_126,0.78,38,164,126,74
38,r_124_149_47,seq21,seq64,r_124_149_47,1.0,0,47,47,74
11,r_106_62_88,seq90,r_28_145_34,r_106_62_88,0.63,-73,15,88,74
3,r_20_26_126,r_118_4_97,r_100_111_160,r_20_26_126,0.61,0,126,126,74
31,r_103_29_66,r_118_4_97,r_147_88_48,r_103_29_66,0.91,0,66,66,74
13,r_32_134_73,seq92,r_46_9_198,r_32_134_73,0.61,-19,54,73,74
24,r_147_88_48,seq120,seq92,r_147_88_48,1.0,0,48,48,74
10,r_0_95_103,seq113,r_101_10_173,r_0_95_103,0.94,0,103,103,74
16,r_101_10_173,r_0_95_103,seq43,r_101_10_173,0.9,1,174,173,74
14,r_25_77_76,r_93_125_171,r_70_86_131,r_25_77_76,0.58,95,171,76,74
74,seq139,r_91_82_38,r_17_133_149,r_91_82_38,1.0,-5,33,38,74
0,r_78_19_133,r_3_135_106,r_137_40_84,r_137_40_84,0.75,23,107,84,74
63,seq31,r_51_22_193,seq76,r_51_22_193,0.63,-7,186,193,74
30,r_35_110_11,r_144_84_83,seq122,r_35_110_11,0.98,-1,10,11,74
26,r_85_34_31,r_38_61_55,seq112,r_85_34_31,1.0,0,31,31,74
32,r_39_128_51,r_116_8_124,r_32_134_73,r_39_128_51,0.85,52,103,51,74
15,r_6_14_143,seq13,r_94_66_21,r_94_66_21,0.59,24,45,21,74
10,r_0_95_103,r_101_10_173,seq117,r_101_10_173,1.0,1,174,173,74
27,r_70_86_131,seq48,r_25_77_76,r_25_77_76,0.98,55,131,76,74
59,seq21,r_124_149_47,r_94_66_21,r_124_149_47,0.95,0,47,47,74
74,seq139,r_39_128_51,r_144_84_83,r_39_128_51,0.59,128,179,51,74
42,r_59_60_19,seq105,seq83,r_59_60_19,1.0,1,20,19,74
18,r_132_56_77,seq27,seq114,r_132_56_77,0.82,2,79,77,74
29,r_93_125_171,r_1_73_100,r_25_77_76,r_93_125_171,0.81,-94,77,171,74
92,seq112,seq65,r_85_34_31,r_85_34_31,1.0,1,32,31,74
98,seq122,seq87,r_35_110_11,r_35_110_11,1.0,0,11,11,74
6,r_100_111_160,r_20_26_126,r_124_149_47,r_100_111_160,0.87,0,160,160,74
3,r_20_26_126,r_100_111_160,r_102_74_175,r_20_26_126,0.58,42,168,126,74
70,seq55,r_50_42_1,r_116_8_124,r_116_8_124,1.0,19,143,124,74
6,r_100_111_160,r_138_97_6,r_20_26_126,r_100_111_160,0.36,-25,135,160,74
65,seq37,seq30,r_38_61_55,r_38_61_55,1.0,32,87,55,74
34,r_47_63_147,r_46_9_198,r_39_128_51,r_47_63_147,0.99,1,148,147,74
31,r_103_29_66,r_147_88_48,seq108,r_103_29_66,0.53,34,100,66,74
44,r_118_4_97,r_25_77_76,r_20_26_126,r_118_4_97,0.67,0,97,97,74
97,seq120,r_147_88_48,seq140,r_147_88_48,1.0,0,48,48,74
49,r_94_66_21,r_25_77_76,seq21,r_94_66_21,0.97,0,21,21,74
45,r_52_79_72,seq23,r_5_69_152,r_5_69_152,0.59,0,152,152,74
17,r_53_33_197,r_5_69_152,r_121_99_33,r_53_33_197,0.7,-45,152,197,74
20,r_28_145_34,seq105,r_41_127_26,r_28_145_34,1.0,0,34,34,74
96,seq117,r_101_10_173,r_0_95_103,r_0_95_103,0.95,71,174,103,74
7,r_91_82_38,seq139,seq122,r_91_82_38,1.0,0,38,38,74
18,r_132_56_77,seq114,seq107,r_132_56_77,0.67,31,108,77,74
29,r_93_125_171,r_25_77_76,r_38_61_55,r_93_125_171,0.77,0,171,171,74
22,r_17_133_149,seq139,r_67_54_118,r_17_133_149,0.73,1,150,149,74
28,r_24_129_101,seq148,seq141,r_24_129_101,0.99,0,101,101,74
44,r_118_4_97,r_144_84_83,r_25_77_76,r_25_77_76,0.97,10,86,76,74
39,r_121_99_33,r_24_129_101,seq146,r_121_99_33,1.0,0,33,33,74
43,r_38_61_55,r_103_29_66,seq37,r_38_61_55,1.0,0,55,55,74
35,r_131_12_140,seq92,r_38_61_55,r_131_12_140,0.9,0,140,140,74
12,r_137_40_84,seq80,seq72,r_137_40_84,0.97,-1,83,84,74
0,r_78_19_133,r_137_40_84,seq115,r_78_19_133,0.72,0,133,133,74
30,r_7_84_86,seq38,r_42_19_25,r_7_84_86,1.0,0,86,86,75
41,r_88_102_128,seq24,r_85_127_160,r_85_127_160,0.96,-2,158,160,75
75,seq60,r_57_78_54,seq62,r_57_78_54,0.97,1,55,54,75
14,r_53_10_85,seq56,seq75,r_53_10_85,0.59,3,88,85,75
8,r_137_128_132,r_104_16_178,r_15_26_110,r_137_128_132,0.93,0,132,132,75
58,seq24,seq39,r_88_102_128,r_88_102_128,0.94,0,128,128,75
43,r_132_103_62,r_69_34_104,r_149_139_170,r_132_103_62,0.98,0,62,62,75
83,seq76,r_69_34_104,seq68,r_69_34_104,1.0,0,104,104,75
38,r_129_31_16,r_8_11_163,seq51,r_129_31_16,0.52,0,16,16,75
16,r_17_49_155,r_64_66_77,seq58,r_17_49_155,0.43,0,155,155,75
21,r_98_22_115,seq13,r_142_108_40,r_98_22_115,0.52,-1,114,115,75
39,r_74_110_90,seq55,seq47,r_74_110_90,0.99,3,93,90,75
1,r_15_26_110,r_85_127_160,seq37,r_15_26_110,0.98,0,110,110,75
97,seq119,r_3_97_126,seq65,r_3_97_126,0.97,0,126,126,75
5,r_83_117_164,r_149_139_170,seq68,r_149_139_170,0.5,-5,165,170,75
42,r_82_134_107,seq96,seq120,r_82_134_107,1.0,0,107,107,75
33,r_8_11_163,seq13,seq106,r_8_11_163,0.98,0,163,163,75
44,r_40_59_18,r_61_50_149,seq18,r_40_59_18,0.97,0,18,18,75
24,r_131_30_167,r_122_41_3,seq65,r_131_30_167,0.43,0,167,167,75
45,r_57_78_54,seq60,seq68,r_57_78_54,1.0,1,55,54,75
11,r_69_34_104,seq28,r_133_2_140,r_69_34_104,0.83,37,141,104,75
31,r_64_66_77,r_70_79_63,r_17_49_155,r_70_79_63,0.96,0,63,63,75
89,seq96,r_82_134_107,seq25,r_82_134_107,1.0,1,108,107,75
90,seq100,seq114,r_61_50_149,r_61_50_149,0.64,-1,148,149,75
66,seq43,seq65,r_123_6_147,r_123_6_147,0.7,-2,145,147,75
4,r_143_81_87,seq136,seq80,r_143_81_87,1.0,0,87,87,75
26,r_54_52_14,r_71_101_125,r_122_41_3,r_54_52_14,0.74,0,14,14,75
46,r_42_19_25,seq33,seq5,r_42_19_25,0.6,1,26,25,75
0,r_32_147_118,seq38,r_42_19_25,r_32_147_118,0.51,2,120,118,75
63,seq37,r_113_138_133,r_15_26_110,r_15_26_110,0.95,0,110,110,75
11,r_69_34_104,seq76,r_98_22_115,r_69_34_104,0.58,0,104,104,75
20,r_48_130_124,r_8_11_163,seq75,r_48_130_124,0.96,0,124,124,75
13,r_133_2_140,r_61_50_149,r_69_34_104,r_133_2_140,0.77,0,140,140,75
15,r_123_6_147,r_36_141_161,seq43,r_36_141_161,0.57,-14,147,161,75
48,r_104_16_178,r_137_128_132,seq29,r_137_128_132,0.51,0,132,132,75
27,r_85_127_160,r_135_91_61,r_88_102_128,r_85_127_160,0.96,0,160,160,75
27,r_85_127_160,r_15_26_110,r_135_91_61,r_135_91_61,0.92,49,110,61,75
2,r_71_101_125,seq43,seq28,r_71_101_125,0.93,-1,124,125,75
47,r_92_118_151,seq90,r_69_34_104,r_92_118_151,0.87,0,151,151,75
11,r_69_34_104,r_133_2_140,r_92_118_151,r_133_2_140,0.66,16,156,140,75
48,r_104_16_178,seq29,seq100,r_104_16_178,0.95,0,178,178,75
40,r_70_79_63,r_64_66_77,r_142_108_40,r_70_79_63,1.0,0,63,63,75
29,r_89_99_136,seq87,seq28,r_89_99_136,0.54,-71,65,136,75
24,r_131_30_167,seq136,r_122_41_3,r_122_41_3,0.4,73,76,3,75
3,r_27_86_112,seq18,seq60,r_27_86_112,0.99,1,113,112,75
35,r_145_0_64,seq87,r_71_101_125,r_71_101_125,1.0,51,176,125,75
25,r_148_109_94,seq45,seq115,r_148_109_94,1.0,0,94,94,75
33,r_8_11_163,r_48_130_124,seq13,r_48_130_124,1.0,0,124,124,75
61,seq29,r_67_116_168,r_83_117_164,r_83_117_164,0.58,4,168,164,75
32,r_36_141_161,r_149_139_170,seq45,r_36_141_161,0.54,0,161,161,75
34,r_67_116_168,seq29,r_15_26_110,r_15_26_110,0.58,58,168,110,75
5,r_83_117_164,seq68,r_9_125_175,r_83_117_164,0.73,18,182,164,75
60,seq28,seq87,r_89_99_136,r_89_99_136,0.45,-68,68,136,75
17,r_14_146_11,r_83_117_164,seq93,r_14_146_11,0.75,0,11,11,75
49,r_107_4_95,r_69_34_104,r_77_35_78,r_107_4_95,1.0,0,95,95,75
43,r_132_103_62,r_149_139_170,seq13,r_149_139_170,0.82,-56,114,170,75
7,r_121_94_10,r_27_86_112,r_122_41_3,r_121_94_10,0.87,0,10,10,75
26,r_54_52_14,r_122_41_3,seq1,r_122_41_3,0.36,137,140,3,75
31,r_64_66_77,r_17_49_155,r_113_138_133,r_17_49_155,0.99,0,155,155,75
11,r_69_34_104,r_98_22_115,seq28,r_98_22_115,0.69,0,115,115,75
29,r_89_99_136,seq28,seq51,r_89_99_136,0.98,0,136,136,75
22,r_126_144_131,seq75,seq28,r_126_144_131,0.92,0,131,131,75
28,r_3_97_126,seq119,r_40_59_18,r_3_97_126,0.93,0,126,126,75
18,r_142_108_40,r_53_10_85,seq12,r_142_108_40,1.0,1,41,40,75
49,r_107_4_95,r_135_91_61,r_69_34_104,r_135_91_61,1.0,0,61,61,75
56,seq20,r_9_125_175,seq62,r_9_125_175,0.56,0,175,175,75
68,seq45,r_148_109_94,seq90,r_148_109_94,1.0,-36,58,94,75
23,r_135_91_61,r_107_4_95,r_142_108_40,r_135_91_61,1.0,0,61,61,75
96,seq115,seq28,r_148_109_94,r_148_109_94,1.0,0,94,94,75
35,r_145_0_64,seq39,seq87,r_145_0_64,0.99,0,64,64,75
75,seq60,seq62,r_27_86_112,r_27_86_112,1.0,1,113,112,75
12,r_9_125_175,seq20,r_83_117_164,r_9_125_175,0.65,0,175,175,75
58,seq24,r_64_66_77,seq39,r_64_66_77,0.48,-29,48,77,75
84,seq80,seq56,r_143_81_87,r_143_81_87,1.0,13,100,87,75
30,r_118_114_119,seq145,r_2_78_46,r_118_114_119,0.95,3,122,119,76
36,r_128_47_122,r_5_108_168,seq117,r_128_47_122,0.91,2,124,122,76
9,r_23_101_117,seq136,r_104_124_49,r_23_101_117,1.0,0,117,117,76
8,r_15_3_19,r_87_81_191,seq109,r_15_3_19,0.98,0,19,19,76
14,r_146_9_176,seq77,r_20_130_159,r_146_9_176,0.53,0,176,176,76
53,seq134,r_140_131_80,seq141,r_140_131_80,1.0,-2,78,80,76
43,r_5_108_168,r_128_47_122,r_103_102_60,r_103_102_60,0.96,29,89,60,76
54,seq7,r_143_61_142,seq109,r_143_61_142,0.91,0,142,142,76
37,r_98_120_100,r_42_133_88,r_54_79_8,r_54_79_8,1.0,91,99,8,76
59,seq17,seq50,r_40_56_149,r_40_56_149,0.65,22,171,149,76
11,r_10_90_10,r_82_147_123,seq135,r_10_90_10,0.97,0,10,10,76
25,r_82_147_123,r_28_100_65,r_104_124_49,r_82_147_123,1.0,0,123,123,76
16,r_60_12_173,seq148,r_94_89_163,r_60_12_173,0.69,0,173,173,76
39,r_39_137_97,r_60_12_173,r_104_124_49,r_39_137_97,0.97,0,97,97,76
1,r_103_102_60,r_5_108_168,seq122,r_5_108_168,1.0,0,168,168,76
1,r_103_102_60,seq14,r_5_108_168,r_103_102_60,1.0,0,60,60,76
97,seq122,r_5_108_168,r_103_102_60,r_103_102_60,1.0,108,168,60,76
5,r_127_36_63,seq1,seq92,r_127_36_63,1.0,0,63,63,76
46,r_80_106_78,r_28_100_65,r_113_115_93,r_28_100_65,0.92,0,65,65,76
42,r_40_56_149,r_87_81_191,seq17,r_40_56_149,0.73,0,149,149,76
35,r_69_37_50,seq117,seq83,r_69_37_50,1.0,0,50,50,76
45,r_87_81_191,r_33_142_128,r_104_124_49,r_87_81_191,0.67,-86,105,191,76
26,r_28_100_65,seq83,seq44,r_28_100_65,0.47,96,161,65,76
22,r_22_35_141,seq117,r_8_107_57,r_8_107_57,0.55,-1,56,57,76
19,r_2_78_46,r_119_64_105,r_52_27_25,r_52_27_25,0.58,81,106,25,76
76,seq57,seq49,r_121_138_35,r_121_138_35,1.0,21,56,35,76
95,seq116,r_128_47_122,seq1,r_128_47_122,0.94,0,122,122,76
26,r_28_100_65,r_80_106_78,r_82_147_123,r_28_100_65,1.0,0,65,65,76
4,r_62_6_101,seq129,seq41,r_62_6_101,0.64,4,105,101,76
63,seq132,r_18_72_153,r_140_131_80,r_140_131_80,1.0,79,159,80,76
40,r_31_144_26,seq67,r_26_59_79,r_26_59_79,1.0,-1,78,79,76
6,r_73_91_12,seq145,seq85,r_73_91_12,0.99,2,14,12,76
20,r_143_61_142,seq7,r_8_107_57,r_143_61_142,0.75,0,142,142,76
7,r_52_27_25,seq30,seq57,r_52_27_25,0.98,1,26,25,76
15,r_119_64_105,r_2_78_46,seq136,r_119_64_105,0.53,0,105,105,76
57,seq14,r_143_61_142,seq109,r_143_61_142,0.76,-32,110,142,76
48,r_46_21_53,r_23_101_117,r_52_27_25,r_46_21_53,0.97,0,53,53,76
21,r_104_124_49,r_87_81_191,r_82_147_123,r_82_147_123,1.0,63,186,123,76
7,r_52_27_25,seq57,r_46_21_53,r_46_21_53,0.93,7,60,53,76
10,r_8_107_57,seq16,r_22_35_141,r_8_107_57,1.0,1,58,57,76
10,r_8_107_57,r_22_35_141,r_143_61_142,r_8_107_57,0.98,85,142,57,76
27,r_110_13_68,seq123,r_31_144_26,r_31_144_26,0.82,3,29,26,76
87,seq92,r_146_9_176,r_127_36_63,r_127_36_63,1.0,10,73,63,76
9,r_23_101_117,r_46_21_53,seq136,r_46_21_53,1.0,0,53,53,76
46,r_80_106_78,r_113_115_93,r_54_79_8,r_80_106_78,0.94,0,78,78,76
22,r_22_35_141,r_8_107_57,seq149,r_22_35_141,0.99,0,141,141,76
50,seq1,r_128_47_122,seq116,r_128_47_122,0.98,0,122,122,76
2,r_33_142_128,r_40_56_149,r_26_59_79,r_33_142_128,0.71,0,128,128,76
47,r_71_66_131,seq117,seq83,r_71_66_131,1.0,0,131,131,76
74,seq53,r_87_81_191,r_45_58_148,r_45_58_148,0.7,2,150,148,76
24,r_105_51_73,r_87_81_191,seq50,r_105_51_73,1.0,0,73,73,76
27,r_110_13_68,r_31_144_26,seq132,r_110_13_68,1.0,0,68,68,76
25,r_82_147_123,seq44,r_28_100_65,r_28_100_65,1.0,3,68,65,76
43,r_5_108_168,r_103_102_60,seq83,r_5_108_168,1.0,0,168,168,76
33,r_68_63_96,seq16,seq99,r_68_63_96,0.98,0,96,96,76
29,r_29_112_55,seq99,seq148,r_29_112_55,1.0,0,55,55,76
13,r_121_138_35,seq117,seq57,r_121_138_35,1.0,0,35,35,76
50,seq1,r_127_36_63,r_128_47_122,r_127_36_63,1.0,0,63,63,76
70,seq43,r_139_0_178,r_15_3_19,r_139_0_178,0.64,0,178,178,76
61,seq149,r_146_9_176,r_22_35_141,r_22_35_141,0.77,4,145,141,76
32,r_140_131_80,seq134,seq132,r_140_131_80,0.98,0,80,80,76
38,r_26_59_79,r_45_58_148,r_31_144_26,r_26_59_79,0.98,0,79,79,76
64,seq30,r_52_27_25,seq132,r_52_27_25,0.96,-4,21,25,76
54,seq7,seq109,r_146_9_176,r_146_9_176,0.93,5,181,176,76
38,r_26_59_79,r_31_144_26,r_33_142_128,r_33_142_128,1.0,1,129,128,76
19,r_2_78_46,r_52_27_25,r_118_114_119,r_2_78_46,0.69,77,123,46,76
57,seq14,seq109,r_20_130_159,r_20_130_159,0.99,1,160,159,76
60,seq148,r_60_12_173,r_98_120_100,r_98_120_100,0.94,73,173,100,76
81,seq76,seq16,r_113_115_93,r_113_115_93,0.99,12,105,93,76
17,r_113_115_93,r_80_106_78,r_11_95_40,r_113_115_93,1.0,-15,78,93,76
26,r_28_100_65,r_82_147_123,seq83,r_82_147_123,1.0,0,123,123,76
21,r_104_124_49,seq86,r_87_81_191,r_104_124_49,1.0,0,49,49,76
28,r_94_89_163,r_87_81_191,r_22_35_141,r_22_35_141,0.86,22,163,141,76
91,seq99,r_20_130_159,r_68_63_96,r_68_63_96,0.8,63,159,96,76
85,seq85,seq149,r_73_91_12,r_73_91_12,0.69,2,14,12,76
23,r_45_58_148,seq83,seq53,r_45_58_148,0.88,0,148,148,76
82,seq77,r_146_9_176,seq74,r_146_9_176,0.99,0,176,176,76
40,r_31_144_26,seq109,seq67,r_31_144_26,1.0,1,27,26,76
12,r_18_72_153,seq132,r_62_6_101,r_18_72_153,0.49,12,165,153,76
40,r_69_128_8,r_75_28_183,r_100_130_125,r_100_130_125,1.0,58,183,125,77
14,r_38_33_73,seq114,seq77,r_38_33_73,0.99,-1,72,73,77
16,r_40_120_10,r_7_12_127,r_140_65_55,r_40_120_10,0.97,0,10,10,77
83,seq94,r_3_18_163,r_56_55_38,r_56_55_38,0.5,127,165,38,77
38,r_137_146_86,r_129_149_155,seq142,r_129_149_155,1.0,-13,142,155,77
37,r_147_97_79,seq73,r_131_110_37,r_147_97_79,0.99,0,79,79,77
59,seq17,seq59,r_43_14_140,r_43_14_140,0.99,1,141,140,77
21,r_52_19_160,r_72_11_71,seq134,r_72_11_71,1.0,0,71,71,77
39,r_129_149_155,seq142,r_137_146_86,r_137_146_86,0.99,2,88,86,77
1,r_26_88_106,r_72_11_71,r_0_51_66,r_26_88_106,0.92,-35,71,106,77
54,seq9,r_20_10_45,seq117,r_20_10_45,1.0,-1,44,45,77
42,r_41_35_128,seq29,seq63,r_41_35_128,1.0,0,128,128,77
45,r_136_8_126,r_42_135_148,r_133_1_111,r_136_8_126,0.96,0,126,126,77
9,r_48_84_52,seq114,seq109,r_48_84_52,0.98,0,52,52,77
30,r_143_119_22,seq115,seq59,r_143_119_22,1.0,0,22,22,77
24,r_75_28_183,r_69_128_8,r_131_110_37,r_75_28_183,0.52,0,183,183,77
19,r_79_71_187,seq27,r_13_102_12,r_79_71_187,0.35,0,187,187,77
33,r_74_132_175,r_0_51_66,r_91_148_124,r_74_132_175,0.75,0,175,175,77
9,r_48_84_52,seq109,r_50_99_77,r_50_99_77,1.0,3,80,77,77
44,r_20_10_45,seq9,seq63,r_20_10_45,1.0,1,46,45,77
76,seq73,r_147_97_79,r_43_14_140,r_147_97_79,0.97,-5,74,79,77
24,r_75_28_183,seq123,r_69_128_8,r_75_28_183,0.48,-141,42,183,77
39,r_129_149_155,r_137_146_86,seq94,r_129_149_155,0.99,0,155,155,77
31,r_100_130_125,r_78_45_197,r_69_128_8,r_100_130_125,1.0,0,125,125,77
3,r_60_82_199,r_86_30_104,r_72_11_71,r_60_82_199,0.96,-95,104,199,77
46,r_108_96_49,r_129_149_155,r_95_34_116,r_129_149_155,0.31,-138,17,155,77
10,r_78_45_197,r_100_130_125,seq138,r_100_130_125,1.0,-4,121,125,77
26,r_72_11_71,r_26_88_106,r_60_82_199,r_72_11_71,1.0,0,71,71,77
77,seq77,seq61,r_140_65_55,r_140_65_55,1.0,-1,54,55,77
36,r_13_102_12,seq22,seq114,r_13_102_12,0.83,0,12,12,77
32,r_47_127_166,r_50_99_77,seq5,r_47_127_166,0.6,-142,24,166,77
78,seq80,r_42_135_148,r_140_65_55,r_140_65_55,0.83,81,136,55,77
63,seq27,r_79_71_187,seq115,r_79_71_187,0.93,-57,130,187,77
73,seq66,r_144_126_191,r_39_89_50,r_39_89_50,1.0,40,90,50,77
5,r_140_65_55,seq116,seq77,r_140_65_55,0.99,-1,54,55,77
20,r_124_31_87,seq107,seq115,r_124_31_87,0.79,1,88,87,77
13,r_118_37_137,seq105,r_54_25_89,r_118_37_137,0.95,0,137,137,77
98,seq123,r_75_28_183,r_100_130_125,r_100_130_125,0.96,14,139,125,77
15,r_141_76_85,seq134,seq24,r_141_76_85,0.97,1,86,85,77
11,r_39_89_50,seq63,seq66,r_39_89_50,1.0,1,51,50,77
12,r_0_51_66,r_74_132_175,r_90_68_134,r_90_68_134,0.47,41,175,134,77
6,r_91_148_124,seq5,seq142,r_91_148_124,0.89,0,124,124,77
21,r_52_19_160,seq134,r_131_110_37,r_52_19_160,0.97,0,160,160,77
99,seq125,seq145,r_95_34_116,r_95_34_116,1.0,1,117,116,77
27,r_50_99_77,r_47_127_166,r_48_84_52,r_50_99_77,1.0,0,77,77,77
41,r_56_55_38,r_93_49_91,r_3_18_163,r_56_55_38,1.0,0,38,38,77
1,r_26_88_106,r_0_51_66,seq66,r_26_88_106,0.99,1,107,106,77
2,r_95_34_116,seq105,seq125,r_95_34_116,0.96,0,116,116,77
41,r_56_55_38,r_3_18_163,seq57,r_3_18_163,1.0,0,163,163,77
47,r_90_68_134,seq115,r_0_51_66,r_90_68_134,1.0,0,134,134,77
18,r_44_36_147,seq115,seq134,r_44_36_147,0.67,0,147,147,77
29,r_54_25_89,seq16,seq2,r_54_25_89,0.96,1,90,89,77
25,r_133_1_111,seq63,seq32,r_133_1_111,0.99,0,111,111,77
33,r_74_132_175,r_72_11_71,r_0_51_66,r_74_132_175,0.99,-104,71,175,77
17,r_93_49_91,r_56_55_38,r_131_110_37,r_93_49_91,1.0,-53,38,91,77
88,seq107,seq64,r_58_85_78,r_58_85_78,0.99,0,78,78,77
16,r_40_120_10,r_140_65_55,seq2,r_140_65_55,1.0,-6,49,55,77
50,seq2,seq87,r_54_25_89,r_54_25_89,1.0,5,94,89,77
65,seq32,r_3_18_163,r_133_1_111,r_133_1_111,0.97,13,124,111,77
68,seq57,r_3_18_163,r_56_55_38,r_56_55_38,0.93,125,163,38,77
38,r_137_146_86,seq5,r_129_149_155,r_137_146_86,0.98,0,86,86,77
76,seq73,r_43_14_140,seq23,r_43_14_140,1.0,0,140,140,77
69,seq59,seq17,r_143_119_22,r_143_119_22,1.0,0,22,22,77
85,seq103,r_42_135_148,r_131_110_37,r_131_110_37,1.0,0,37,37,77
22,r_7_12_127,seq15,seq117,r_7_12_127,0.99,0,127,127,77
34,r_131_110_37,r_75_28_183,seq103,r_131_110_37,1.0,0,37,37,77
28,r_86_30_104,r_60_82_199,r_39_89_50,r_86_30_104,0.99,0,104,104,77
49,r_58_85_78,seq104,seq107,r_58_85_78,1.0,0,78,78,77
43,r_21_4_173,seq6,r_131_110_37,r_21_4_173,1.0,0,173,173,77
7,r_101_139_188,seq6,r_141_76_85,r_101_139_188,0.69,0,188,188,77
35,r_43_14_140,seq73,seq17,r_43_14_140,0.67,0,140,140,77
43,r_21_4_173,seq6,seq114,r_21_4_173,0.54,-125,48,173,77
12,r_0_51_66,r_86_30_104,r_74_132_175,r_0_51_66,0.99,-1,65,66,77
37,r_83_19_45,seq13,r_52_77_28,r_83_19_45,1.0,2,47,45,78
51,seq2,seq49,r_43_22_77,r_43_22_77,1.0,0,77,77,78
36,r_113_27_130,seq53,r_123_1_63,r_113_27_130,0.58,1,131,130,78
8,r_144_39_19,seq49,r_34_67_124,r_144_39_19,0.85,0,19,19,78
92,seq102,r_125_92_142,seq143,r_125_92_142,0.95,-1,141,142,78
14,r_50_17_115,seq134,seq30,r_50_17_115,0.56,0,115,115,78
43,r_125_92_142,r_68_66_138,r_59_147_143,r_125_92_142,0.49,1,143,142,78
48,r_59_147_143,r_50_17_115,r_125_92_142,r_59_147_143,0.96,0,143,143,78
3,r_45_55_55,r_130_140_119,seq97,r_130_140_119,0.99,-1,118,119,78
59,seq15,r_60_129_125,seq30,r_60_129_125,1.0,0,125,125,78
13,r_44_146_7,r_76_103_174,r_47_0_54,r_44_146_7,0.65,5,12,7,78
86,seq90,r_23_117_179,seq48,r_23_117_179,0.44,-23,156,179,78
15,r_5_148_190,seq53,r_52_77_28,r_52_77_28,0.96,1,29,28,78
16,r_35_7_148,r_115_24_184,seq101,r_35_7_148,0.66,0,148,148,78
21,r_145_33_113,r_82_105_88,r_45_55_55,r_145_33_113,0.63,-23,90,113,78
39,r_11_108_91,seq127,seq88,r_11_108_91,0.97,1,92,91,78
46,r_142_36_80,r_34_67_124,r_6_126_24,r_142_36_80,0.97,8,88,80,78
69,seq49,seq2,r_60_129_125,r_60_129_125,0.99,-1,124,125,78
45,r_115_24_184,r_35_7_148,seq37,r_35_7_148,0.99,0,148,148,78
58,seq13,r_83_19_45,r_44_146_7,r_83_19_45,0.83,5,50,45,78
5,r_47_0_54,seq13,r_6_126_24,r_6_126_24,1.0,1,25,24,78
15,r_5_148_190,r_52_77_28,r_35_7_148,r_52_77_28,0.35,162,190,28,78
33,r_52_77_28,r_5_148_190,r_83_19_45,r_83_19_45,0.88,24,69,45,78
76,seq64,seq25,r_46_138_29,r_46_138_29,0.85,35,64,29,78
31,r_81_65_134,r_23_117_179,r_82_105_88,r_81_65_134,0.9,4,138,134,78
3,r_45_55_55,seq57,r_130_140_119,r_45_55_55,0.98,0,55,55,78
41,r_91_100_133,seq25,r_130_140_119,r_91_100_133,0.93,0,133,133,78
10,r_23_117_179,seq15,r_122_78_98,r_23_117_179,0.9,0,179,179,78
20,r_28_69_16,r_5_148_190,seq54,r_28_69_16,0.93,0,16,16,78
10,r_23_117_179,r_81_65_134,seq15,r_81_65_134,0.98,0,134,134,78
8,r_144_39_19,r_34_67_124,r_111_131_120,r_144_39_19,0.96,105,124,19,78
4,r_123_1_63,seq133,seq57,r_123_1_63,1.0,0,63,63,78
0,r_61_114_85,r_34_67_124,seq32,r_61_114_85,0.98,3,88,85,78
11,r_71_112_107,seq15,seq127,r_71_112_107,0.84,0,107,107,78
40,r_94_26_172,r_71_112_107,r_145_33_113,r_94_26_172,0.48,-10,162,172,78
48,r_59_147_143,r_111_131_120,r_50_17_115,r_59_147_143,0.64,-23,120,143,78
90,seq97,r_130_140_119,r_124_149_25,r_124_149_25,0.5,-1,24,25,78
6,r_14_16_1,r_38_106_132,r_41_62_105,r_41_62_105,0.94,6,111,105,78
2,r_60_129_125,seq15,seq49,r_60_129_125,0.83,1,126,125,78
23,r_76_103_174,seq120,r_73_141_35,r_73_141_35,0.9,2,37,35,78
40,r_94_26_172,r_34_67_124,r_71_112_107,r_94_26_172,0.64,-56,116,172,78
18,r_111_131_120,r_59_147_143,seq74,r_111_131_120,0.91,0,120,120,78
29,r_135_10_168,seq101,r_6_126_24,r_135_10_168,0.59,-2,166,168,78
49,r_116_20_26,r_91_100_133,seq53,r_116_20_26,0.97,0,26,26,78
35,r_73_141_35,r_76_103_174,seq132,r_76_103_174,0.73,0,174,174,78
64,seq32,r_122_78_98,r_61_114_85,r_61_114_85,0.87,17,102,85,78
88,seq93,seq137,r_34_67_124,r_34_67_124,0.74,9,133,124,78
65,seq37,r_115_24_184,r_61_114_85,r_61_114_85,0.98,85,170,85,78
32,r_38_106_132,seq79,r_94_26_172,r_94_26_172,0.71,-40,132,172,78
38,r_43_22_77,seq3,seq2,r_43_22_77,1.0,0,77,77,78
52,seq3,r_43_22_77,seq95,r_43_22_77,1.0,0,77,77,78
34,r_12_18_153,seq3,seq56,r_12_18_153,0.84,0,153,153,78
24,r_98_9_21,seq132,seq95,r_98_9_21,1.0,2,23,21,78
26,r_34_67_124,r_11_108_91,r_144_39_19,r_34_67_124,0.76,-102,22,124,78
81,seq85,r_34_67_124,r_71_112_107,r_71_112_107,0.51,9,116,107,78
47,r_124_149_25,r_68_66_138,seq97,r_124_149_25,0.99,0,25,25,78
17,r_68_66_138,r_125_92_142,r_29_8_23,r_68_66_138,0.4,2,140,138,78
9,r_82_105_88,r_145_33_113,seq53,r_82_105_88,0.96,0,88,88,78
35,r_73_141_35,r_82_105_88,r_76_103_174,r_73_141_35,0.97,0,35,35,78
26,r_34_67_124,r_144_39_19,seq93,r_34_67_124,1.0,0,124,124,78
33,r_52_77_28,seq137,r_5_148_190,r_52_77_28,0.96,0,28,28,78
28,r_130_140_119,r_45_55_55,r_43_22_77,r_130_140_119,1.0,0,119,119,78
45,r_115_24_184,seq37,r_11_108_91,r_115_24_184,0.97,0,184,184,78
84,seq88,seq70,r_47_0_54,r_47_0_54,0.43,19,73,54,78
28,r_130_140_119,seq97,r_45_55_55,r_45_55_55,0.98,0,55,55,78
7,r_41_62_105,r_110_136_195,r_14_16_1,r_41_62_105,0.99,0,105,105,78
19,r_46_138_29,seq84,r_122_78_98,r_46_138_29,0.91,1,30,29,78
21,r_145_33_113,r_45_55_55,r_71_112_107,r_145_33_113,0.75,0,113,113,78
79,seq79,r_38_106_132,seq132,r_38_106_132,0.99,0,132,132,78
80,seq84,r_46_138_29,seq56,r_46_138_29,0.91,1,30,29,78
22,r_99_75_20,r_5_148_190,seq70,r_99_75_20,0.6,0,20,20,78
12,r_122_78_98,r_35_7_148,r_46_138_29,r_122_78_98,0.91,3,101,98,78
44,r_6_126_24,seq53,r_47_0_54,r_6_126_24,1.0,4,28,24,78
21,r_145_33_113,r_71_112_107,r_94_26_172,r_71_112_107,0.5,65,172,107,78
23,r_76_103_174,r_73_141_35,seq109,r_76_103_174,0.61,0,174,174,78
30,r_60_121_134,seq102,r_91_82_108,r_60_121_134,1.0,2,136,134,79
95,seq120,seq55,r_79_40_31,r_79_40_31,0.99,10,41,31,79
92,seq114,r_100_133_138,seq102,r_100_133_138,0.89,2,140,138,79
82,seq89,r_143_11_58,r_119_106_32,r_143_11_58,1.0,0,58,58,79
43,r_52_45_151,r_41_9_65,r_95_54_196,r_41_9_65,0.86,1,66,65,79
14,r_100_133_138,seq141,r_32_107_160,r_32_107_160,0.86,3,163,160,79
54,seq12,seq15,r_34_43_54,r_34_43_54,1.0,21,75,54,79
12,r_34_43_54,r_49_14_95,seq12,r_34_43_54,1.0,0,54,54,79
5,r_70_20_46,r_100_133_138,seq19,r_70_20_46,1.0,0,46,46,79
55,seq141,r_111_48_121,seq58,r_111_48_121,0.89,-10,111,121,79
16,r_111_48_121,seq141,r_129_59_9,r_111_48_121,0.97,0,121,121,79
39,r_2_25_91,r_73_136_142,r_93_56_83,r_2_25_91,1.0,1,92,91,79
1,r_64_84_177,seq148,seq80,r_64_84_177,0.4,0,177,177,79
46,r_124_108_73,r_21_144_70,seq148,r_124_108_73,0.38,-3,70,73,79
18,r_51_74_29,r_70_20_46,seq26,r_51_74_29,1.0,0,29,29,79
80,seq86,r_24_77_144,seq80,r_24_77_144,0.46,0,144,144,79
48,r_149_1_40,r_65_38_2,seq132,r_149_1_40,0.99,1,41,40,79
7,r_139_78_55,r_98_13_141,r_140_71_3,r_98_13_141,0.74,8,149,141,79
14,r_100_133_138,r_70_20_46,seq114,r_70_20_46,1.0,0,46,46,79
45,r_99_87_98,seq33,seq120,r_99_87_98,1.0,0,98,98,79
11,r_79_40_31,r_130_142_132,seq120,r_79_40_31,0.79,0,31,31,79
3,r_53_10_42,seq8,seq18,r_53_10_42,1.0,1,43,42,79
38,r_145_3_180,r_99_87_98,r_0_5_49,r_145_3_180,0.6,2,182,180,79
97,seq123,r_130_142_132,seq36,r_130_142_132,1.0,-15,117,132,79
31,r_131_126_175,seq113,seq17,r_131_126_175,0.71,-1,174,175,79
41,r_22_117_94,seq58,seq4,r_22_117_94,1.0,0,94,94,79
34,r_49_14_95,r_101_112_41,r_39_69_158,r_49_14_95,1.0,0,95,95,79
10,r_130_142_132,r_27_44_159,seq135,r_27_44_159,0.45,-27,132,159,79
91,seq113,r_131_126_175,r_0_5_49,r_0_5_49,1.0,-3,46,49,79
0,r_147_138_30,r_73_136_142,r_28_63_7,r_147_138_30,1.0,0,30,30,79
34,r_49_14_95,seq31,r_101_112_41,r_101_112_41,1.0,7,48,41,79
7,r_139_78_55,seq127,r_98_13_141,r_139_78_55,0.97,2,57,55,79
14,r_100_133_138,seq114,seq141,r_100_133_138,0.6,0,138,138,79
63,seq26,seq113,r_51_74_29,r_51_74_29,0.99,46,75,29,79
20,r_73_136_142,r_97_35_114,seq81,r_97_35_114,0.76,-8,106,114,79
15,r_37_42_190,seq30,r_22_117_94,r_37_42_190,0.39,0,190,190,79
47,r_0_5_49,r_111_48_121,seq113,r_0_5_49,1.0,1,50,49,79
27,r_24_77_144,seq86,r_70_20_46,r_24_77_144,0.99,0,144,144,79
42,r_101_112_41,r_6_90_171,r_140_71_3,r_101_112_41,1.0,0,41,41,79
2,r_128_23_120,seq123,r_41_9_65,r_128_23_120,0.98,1,121,120,79
40,r_41_9_65,r_52_45_151,seq33,r_41_9_65,1.0,1,66,65,79
29,r_109_61_135,seq55,seq36,r_109_61_135,0.8,0,135,135,79
24,r_83_62_189,r_131_126_175,r_52_45_151,r_83_62_189,0.67,-34,155,189,79
9,r_66_72_117,r_27_44_159,seq36,r_27_44_159,1.0,1,160,159,79
35,r_91_82_108,r_73_136_142,r_60_121_134,r_91_82_108,0.89,26,134,108,79
25,r_93_56_83,seq118,r_2_25_91,r_93_56_83,0.98,0,83,83,79
20,r_73_136_142,seq81,seq30,r_73_136_142,0.98,1,143,142,79
43,r_52_45_151,r_95_54_196,r_51_74_29,r_51_74_29,0.42,122,151,29,79
17,r_27_44_159,r_66_72_117,r_128_23_120,r_27_44_159,0.84,0,159,159,79
33,r_6_90_171,seq4,r_32_107_160,r_32_107_160,0.74,11,171,160,79
88,seq104,r_32_107_160,r_111_48_121,r_111_48_121,0.85,2,123,121,79
50,seq4,r_6_90_171,r_22_117_94,r_22_117_94,1.0,22,116,94,79
70,seq46,seq146,r_98_13_141,r_98_13_141,1.0,0,141,141,79
6,r_98_13_141,r_139_78_55,seq46,r_98_13_141,1.0,0,141,141,79
65,seq30,r_37_42_190,r_73_136_142,r_73_136_142,1.0,32,174,142,79
59,seq18,r_85_57_170,r_53_10_42,r_53_10_42,0.96,9,51,42,79
32,r_85_57_170,seq18,r_32_107_160,r_85_57_170,0.77,0,170,170,79
38,r_145_3_180,seq55,r_99_87_98,r_99_87_98,1.0,9,107,98,79
52,seq7,r_32_107_160,r_129_59_9,r_32_107_160,0.79,-37,123,160,79
81,seq88,seq89,r_27_44_159,r_27_44_159,0.92,-2,157,159,79
17,r_27_44_159,r_130_142_132,r_66_72_117,r_27_44_159,0.57,-37,122,159,79
37,r_28_63_7,seq47,r_147_138_30,r_147_138_30,1.0,30,60,30,79
62,seq132,seq134,r_149_1_40,r_149_1_40,1.0,1,41,40,79
9,r_66_72_117,seq8,r_27_44_159,r_66_72_117,0.59,0,117,117,79
36,r_65_38_2,seq146,r_21_144_70,r_21_144_70,0.84,1,71,70,79
22,r_97_35_114,r_73_136_142,r_49_14_95,r_97_35_114,0.98,0,114,114,79
28,r_39_69_158,seq17,seq110,r_39_69_158,0.66,0,158,158,79
34,r_49_14_95,r_39_69_158,r_97_35_114,r_49_14_95,0.89,28,123,95,79
36,r_65_38_2,r_149_1_40,seq146,r_65_38_2,0.74,41,43,2,79
13,r_137_105_47,seq110,seq134,r_137_105_47,0.78,0,47,47,79
49,r_68_116_116,r_95_54_196,r_93_56_83,r_68_116_116,0.99,1,117,116,79
44,r_21_144_70,r_124_108_73,r_65_38_2,r_21_144_70,0.86,0,70,70,79
19,r_143_11_58,seq89,seq118,r_143_11_58,1.0,0,58,58,79
79,seq81,r_73_136_142,seq122,r_73_136_142,0.84,1,143,142,79
6,r_98_13_141,seq31,r_139_78_55,r_98_13_141,0.75,-84,57,141,79
35,r_91_82_108,r_21_144_70,r_73_136_142,r_21_144_70,0.41,-2,68,70,79
93,seq110,r_12_16_147,seq120,r_12_16_147,0.84,-58,89,147,80
30,r_107_36_144,r_130_132_190,r_79_32_103,r_79_32_103,0.65,3,106,103,80
36,r_62_68_153,r_0_85_125,seq49,r_0_85_125,0.91,2,127,125,80
65,seq43,seq148,r_139_46_44,r_139_46_44,0.75,5,49,44,80
14,r_28_66_60,r_37_3_7,seq142,r_28_66_60,1.0,0,60,60,80
8,r_79_32_103,r_98_71_136,r_107_36_144,r_79_32_103,0.94,0,103,103,80
53,seq131,r_47_23_188,seq30,r_47_23_188,0.79,-35,153,188,80
43,r_18_136_163,seq97,r_114_83_30,r_114_83_30,0.75,133,163,30,80
23,r_143_60_23,r_27_6_39,seq99,r_143_60_23,1.0,0,23,23,80
83,seq91,r_98_71_136,r_134_77_77,r_134_77_77,1.0,81,158,77,80
3,r_145_86_96,r_98_71_136,seq29,r_145_86_96,1.0,0,96,96,80
16,r_87_64_116,r_98_71_136,seq124,r_87_64_116,0.77,1,117,116,80
39,r_140_111_119,seq45,r_79_32_103,r_140_111_119,0.99,0,119,119,80
1,r_14_57_19,r_17_116_115,seq92,r_17_116_115,0.57,2,117,115,80
42,r_73_7_194,r_25_125_183,r_127_119_14,r_127_119_14,0.71,169,183,14,80
35,r_135_10_57,r_0_85_125,r_126_51_139,r_135_10_57,0.96,2,59,57,80
45,r_31_112_59,r_15_59_180,seq131,r_31_112_59,0.91,14,73,59,80
13,r_103_100_55,r_104_84_154,seq90,r_103_100_55,0.9,-4,51,55,80
24,r_27_6_39,r_130_132_190,r_26_50_146,r_26_50_146,0.98,4,150,146,80
19,r_126_51_139,r_144_5_181,r_28_66_60,r_126_51_139,0.93,0,139,139,80
22,r_82_19_31,seq48,seq137,r_82_19_31,1.0,0,31,31,80
66,seq45,r_140_111_119,seq147,r_140_111_119,1.0,-17,102,119,80
5,r_11_65_117,r_104_84_154,r_114_83_30,r_114_83_30,0.91,7,37,30,80
31,r_102_1_132,seq29,seq8,r_102_1_132,0.41,29,161,132,80
26,r_26_50_146,seq55,r_27_6_39,r_26_50_146,0.97,0,146,146,80
4,r_53_38_78,seq106,r_81_22_156,r_53_38_78,0.87,1,79,78,80
0,r_98_71_136,r_79_32_103,r_134_77_77,r_98_71_136,0.82,-33,103,136,80
11,r_127_119_14,seq129,seq75,r_127_119_14,0.8,0,14,14,80
15,r_0_85_125,r_62_68_153,r_31_112_59,r_0_85_125,0.95,2,127,125,80
48,r_117_41_20,seq2,r_40_44_58,r_40_44_58,1.0,14,72,58,80
4,r_53_38_78,r_81_22_156,r_79_32_103,r_53_38_78,0.49,77,155,78,80
57,seq142,r_26_50_146,r_28_66_60,r_28_66_60,0.95,5,65,60,80
13,r_103_100_55,seq90,r_107_36_144,r_107_36_144,1.0,11,155,144,80
5,r_11_65_117,r_114_83_30,r_56_95_95,r_11_65_117,0.97,3,120,117,80
27,r_104_84_154,r_37_3_7,r_134_77_77,r_104_84_154,0.7,0,154,154,80
33,r_40_44_58,r_98_71_136,r_117_41_20,r_40_44_58,1.0,0,58,58,80
0,r_98_71_136,r_134_77_77,seq91,r_98_71_136,0.57,21,157,136,80
40,r_81_22_156,r_130_132_190,r_53_38_78,r_53_38_78,0.97,40,118,78,80
18,r_47_23_188,seq131,r_87_64_116,r_87_64_116,0.59,72,188,116,80
30,r_107_36_144,r_79_32_103,r_103_100_55,r_107_36_144,0.98,0,144,144,80
35,r_135_10_57,r_126_51_139,seq147,r_126_51_139,1.0,0,139,139,80
25,r_56_95_95,seq34,r_11_65_117,r_11_65_117,0.88,5,122,117,80
65,seq43,r_139_46_44,r_17_116_115,r_17_116_115,1.0,20,135,115,80
49,r_122_13_134,r_37_3_7,r_96_146_149,r_96_146_149,0.99,2,151,149,80
47,r_114_83_30,r_11_65_117,r_37_3_7,r_11_65_117,0.54,3,120,117,80
47,r_114_83_30,seq58,r_11_65_117,r_114_83_30,0.99,1,31,30,80
58,seq147,r_144_5_181,r_15_59_180,r_15_59_180,0.55,1,181,180,80
10,r_139_46_44,seq90,seq43,r_139_46_44,0.92,0,44,44,80
61,seq29,r_15_59_180,r_145_86_96,r_145_86_96,1.0,11,107,96,80
38,r_17_116_115,r_14_57_19,seq43,r_17_116_115,0.71,0,115,115,80
29,r_141_138_13,seq91,seq129,r_141_138_13,0.83,-1,12,13,80
47,r_114_83_30,r_37_3_7,r_18_136_163,r_18_136_163,0.89,1,164,163,80
34,r_25_125_183,r_73_7_194,r_96_146_149,r_73_7_194,0.61,-11,183,194,80
8,r_79_32_103,r_107_36_144,r_140_111_119,r_107_36_144,1.0,0,144,144,80
3,r_145_86_96,r_101_133_32,r_98_71_136,r_101_133_32,0.99,0,32,32,80
21,r_37_3_7,r_104_84_154,r_96_146_149,r_37_3_7,0.7,142,149,7,80
36,r_62_68_153,seq49,r_127_119_14,r_62_68_153,0.75,3,156,153,80
40,r_81_22_156,r_53_38_78,seq90,r_81_22_156,0.99,-1,155,156,80
17,r_134_77_77,seq147,r_98_71_136,r_134_77_77,1.0,0,77,77,80
9,r_12_16_147,seq99,seq124,r_12_16_147,0.64,0,147,147,80
21,r_37_3_7,r_28_66_60,r_104_84_154,r_28_66_60,1.0,0,60,60,80
28,r_42_121_164,seq45,seq120,r_42_121_164,0.45,0,164,164,80
24,r_27_6_39,seq21,r_130_132_190,r_27_6_39,1.0,1,40,39,80
49,r_122_13_134,r_25_125_183,r_37_3_7,r_25_125_183,0.67,-49,134,183,80
7,r_144_5_181,seq147,r_82_19_31,r_82_19_31,0.78,150,181,31,80
44,r_96_146_149,seq69,r_122_13_134,r_96_146_149,0.77,0,149,149,80
17,r_134_77_77,r_98_71_136,seq91,r_98_71_136,0.72,22,158,136,80
41,r_101_133_32,r_145_86_96,seq55,r_101_133_32,1.0,0,32,32,80
6,r_89_118_11,seq106,seq94,r_89_118_11,0.63,1,12,11,80
12,r_15_59_180,seq29,seq45,r_15_59_180,0.28,0,180,180,80
88,seq99,r_12_16_147,r_143_60_23,r_143_60_23,1.0,1,24,23,80
2,r_130_132_190,r_107_36_144,r_27_6_39,r_130_132_190,0.59,-145,45,190,80
40,r_81_50_169,r_39_28_41,r_27_24_19,r_81_50_169,0.98,0,169,169,81
30,r_84_22_74,seq75,r_82_79_164,r_84_22_74,1.0,1,75,74,81
0,r_44_141_28,r_19_97_130,seq75,r_44_141_28,1.0,0,28,28,81
36,r_16_42_65,seq35,seq83,r_16_42_65,1.0,0,65,65,81
26,r_40_99_181,r_148_7_112,seq106,r_40_99_181,0.93,0,181,181,81
28,r_27_24_19,r_101_30_11,r_81_50_169,r_81_50_169,1.0,0,169,169,81
8,r_148_7_112,r_86_129_153,r_40_99_181,r_148_7_112,0.98,0,112,112,81
43,r_103_34_94,seq115,seq85,r_103_34_94,1.0,0,94,94,81
4,r_68_105_64,r_16_42_65,seq128,r_68_105_64,0.58,98,162,64,81
54,seq5,r_135_95_119,seq35,r_135_95_119,0.98,1,120,119,81
37,r_113_138_175,seq25,r_77_131_56,r_77_131_56,0.78,119,175,56,81
36,r_16_42_65,seq83,r_120_124_92,r_120_124_92,0.75,3,95,92,81
71,seq41,r_56_53_160,r_59_67_50,r_59_67_50,1.0,93,143,50,81
86,seq96,r_20_122_109,seq149,r_20_122_109,1.0,-2,107,109,81
16,r_29_125_80,r_65_8_192,seq31,r_29_125_80,1.0,0,80,80,81
21,r_82_79_164,r_19_97_130,r_84_22_74,r_84_22_74,0.92,10,84,74,81
1,r_49_147_184,seq12,r_59_67_50,r_59_67_50,0.74,134,184,50,81
5,r_26_69_157,r_145_33_125,seq149,r_145_33_125,0.88,0,125,125,81
46,r_55_37_152,seq137,r_52_47_57,r_55_37_152,0.86,0,152,152,81
42,r_0_64_141,r_27_24_19,seq96,r_0_64_141,0.74,0,141,141,81
49,r_146_73_48,r_74_2_129,r_134_102_187,r_146_73_48,0.94,0,48,48,81
35,r_46_112_18,seq136,r_81_50_169,r_46_112_18,0.8,0,18,18,81
69,seq35,r_16_42_65,seq78,r_16_42_65,1.0,0,65,65,81
14,r_39_28_41,seq75,r_81_50_169,r_39_28_41,1.0,0,41,41,81
19,r_19_97_130,r_82_79_164,r_23_14_117,r_19_97_130,0.85,0,130,130,81
39,r_21_93_71,seq109,r_134_102_187,r_134_102_187,0.7,-168,19,187,81
33,r_56_53_160,r_59_67_50,r_126_9_21,r_56_53_160,0.65,0,160,160,81
99,seq127,seq92,r_77_131_56,r_77_131_56,1.0,3,59,56,81
76,seq58,r_84_22_74,r_144_62_178,r_144_62_178,0.93,2,180,178,81
31,r_70_1_76,r_86_129_153,seq78,r_70_1_76,1.0,0,76,76,81
41,r_135_95_119,seq5,seq38,r_135_95_119,0.79,0,119,119,81
10,r_74_2_129,r_55_37_152,r_87_63_58,r_87_63_58,0.69,71,129,58,81
90,seq106,r_36_91_144,seq104,r_36_91_144,0.9,-36,108,144,81
81,seq78,seq35,r_70_1_76,r_70_1_76,0.98,1,77,76,81
26,r_40_99_181,r_89_143_143,r_148_7_112,r_40_99_181,0.56,-39,142,181,81
8,r_148_7_112,r_40_99_181,seq92,r_148_7_112,0.44,69,181,112,81
18,r_59_67_50,r_26_69_157,r_56_53_160,r_59_67_50,0.97,-1,49,50,81
14,r_39_28_41,r_81_50_169,r_60_116_44,r_81_50_169,0.94,0,169,169,81
4,r_68_105_64,seq38,seq83,r_68_105_64,0.86,0,64,64,81
81,seq78,r_77_131_56,seq35,r_77_131_56,0.71,1,57,56,81
73,seq51,r_20_122_109,seq149,r_20_122_109,0.94,-2,107,109,81
39,r_21_93_71,seq3,seq137,r_21_93_71,0.92,3,74,71,81
4,r_68_105_64,seq3,r_16_42_65,r_68_105_64,0.39,74,138,64,81
49,r_146_73_48,r_134_102_187,seq128,r_146_73_48,0.36,133,181,48,81
13,r_134_102_187,r_146_73_48,r_26_69_157,r_146_73_48,0.31,140,188,48,81
21,r_82_79_164,r_84_22_74,seq57,r_82_79_164,0.99,1,165,164,81
11,r_60_116_44,seq18,r_39_28_41,r_60_116_44,1.0,0,44,44,81
27,r_120_124_92,seq75,r_16_42_65,r_120_124_92,0.46,0,92,92,81
30,r_84_22_74,r_82_79_164,seq90,r_82_79_164,0.87,5,169,164,81
38,r_126_9_21,seq11,seq100,r_126_9_21,0.92,-1,20,21,81
48,r_52_47_57,seq149,r_87_63_58,r_52_47_57,1.0,1,58,57,81
47,r_142_110_63,seq57,seq115,r_142_110_63,1.0,0,63,63,81
74,seq132,r_20_122_109,seq149,r_20_122_109,1.0,-2,107,109,81
29,r_20_122_109,seq140,r_94_71_13,r_20_122_109,0.98,0,109,109,81
24,r_87_63_58,seq66,r_52_47_57,r_87_63_58,0.99,2,60,58,81
34,r_86_129_153,r_144_62_178,r_114_48_54,r_86_129_153,0.99,0,153,153,81
35,r_46_112_18,r_81_50_169,r_60_116_44,r_60_116_44,0.65,125,169,44,81
25,r_107_54_101,seq118,seq15,r_107_54_101,0.87,0,101,101,81
33,r_56_53_160,seq41,r_59_67_50,r_59_67_50,1.0,10,60,50,81
13,r_134_102_187,r_56_53_160,r_146_73_48,r_146_73_48,0.82,2,50,48,81
28,r_27_24_19,r_77_131_56,r_0_64_141,r_27_24_19,0.99,0,19,19,81
39,r_21_93_71,r_134_102_187,seq3,r_134_102_187,0.44,-146,41,187,81
50,seq128,r_56_53_160,r_59_67_50,r_59_67_50,1.0,98,148,50,81
58,seq10,seq15,r_145_33_125,r_145_33_125,0.94,2,127,125,81
70,seq38,r_68_105_64,seq11,r_68_105_64,1.0,-1,63,64,81
20,r_77_131_56,seq78,seq127,r_77_131_56,1.0,0,56,56,81
32,r_145_33_125,r_26_69_157,seq10,r_145_33_125,0.95,0,125,125,81
40,r_81_50_169,r_46_112_18,r_39_28_41,r_39_28_41,1.0,0,41,41,81
77,seq66,r_87_63_58,seq90,r_87_63_58,0.87,4,62,58,81
2,r_114_48_54,r_20_122_109,seq57,r_114_48_54,1.0,0,54,54,81
15,r_94_71_13,r_70_1_76,r_139_80_174,r_94_71_13,0.95,-1,12,13,81
34,r_86_129_153,r_70_1_76,r_144_62_178,r_70_1_76,1.0,0,76,76,81
60,seq12,r_49_147_184,r_89_143_143,r_89_143_143,0.95,41,184,143,81
17,r_101_30_11,r_76_88_197,r_0_64_141,r_101_30_11,0.83,0,11,11,81
9,r_144_62_178,r_86_129_153,seq58,r_144_62_178,0.86,-25,153,178,81
70,seq38,seq11,r_135_95_119,r_135_95_119,1.0,3,122,119,81
28,r_27_24_19,r_0_64_141,r_101_30_11,r_0_64_141,0.75,0,141,141,81
22,r_89_143_143,r_40_99_181,seq78,r_89_143_143,0.82,0,143,143,81
62,seq15,seq10,r_107_54_101,r_107_54_101,1.0,14,115,101,81
91,seq108,r_76_88_197,r_103_34_94,r_103_34_94,1.0,92,186,94,81
27,r_120_124_92,r_16_42_65,r_23_14_117,r_23_14_117,0.89,-1,116,117,81
18,r_59_67_50,r_56_53_160,seq41,r_56_53_160,0.46,-41,119,160,81
23,r_36_91_144,r_65_8_192,r_126_9_21,r_36_91_144,0.55,2,146,144,81
17,r_101_30_11,r_0_64_141,r_27_24_19,r_0_64_141,0.51,-55,86,141,81
12,r_23_14_117,seq83,r_120_124_92,r_120_124_92,0.89,26,118,92,81
75,seq58,r_18_119_72,r_79_120_179,r_79_120_179,0.56,-51,128,179,82
51,seq2,seq57,r_83_133_162,r_83_133_162,0.96,-1,161,162,82
92,seq108,r_62_17_140,seq68,r_62_17_140,1.0,-6,134,140,82
8,r_83_133_162,r_149_112_185,seq2,r_83_133_162,0.51,0,162,162,82
99,seq123,r_40_25_2,r_79_120_179,r_40_25_2,0.64,178,180,2,82
53,seq7,r_16_82_122,r_80_113_81,r_80_113_81,0.51,41,122,81,82
37,r_16_82_122,seq7,r_137_124_5,r_16_82_122,0.98,0,122,122,82
39,r_115_94_21,r_75_101_34,seq134,r_115_94_21,1.0,0,21,21,82
23,r_149_112_185,r_12_44_75,seq81,r_149_112_185,0.45,2,187,185,82
16,r_85_143_166,seq141,r_75_101_34,r_85_143_166,0.62,0,166,166,82
21,r_103_27_86,r_80_113_81,r_125_70_41,r_125_70_41,0.9,32,73,41,82
1,r_60_96_133,seq13,r_4_67_69,r_60_96_133,0.89,0,133,133,82
42,r_97_84_123,seq10,r_14_138_25,r_97_84_123,1.0,0,123,123,82
52,seq134,seq9,r_115_94_21,r_115_94_21,1.0,26,47,21,82
14,r_125_70_41,r_11_53_110,seq63,r_125_70_41,1.0,0,41,41,82
99,seq123,r_76_118_94,r_40_25_2,r_40_25_2,0.71,132,134,2,82
24,r_50_41_137,seq99,r_23_100_37,r_50_41_137,0.84,1,138,137,82
21,r_103_27_86,r_125_70_41,r_64_95_56,r_103_27_86,0.86,0,86,86,82
41,r_130_106_76,r_3_127_70,seq148,r_130_106_76,1.0,0,76,76,82
77,seq63,r_28_30_145,r_102_24_36,r_102_24_36,1.0,2,38,36,82
89,seq99,r_50_41_137,r_137_124_5,r_50_41_137,0.64,1,138,137,82
99,seq123,seq34,r_76_118_94,r_76_118_94,0.8,1,95,94,82
3,r_11_53_110,seq134,r_4_67_69,r_11_53_110,0.8,0,110,110,82
4,r_146_129_58,r_83_133_162,r_55_77_189,r_146_129_58,1.0,0,58,58,82
15,r_79_120_179,r_83_133_162,seq123,r_79_120_179,0.68,-52,127,179,82
25,r_135_38_39,seq68,r_83_133_162,r_135_38_39,1.0,0,39,39,82
26,r_12_44_75,r_74_42_119,r_135_38_39,r_12_44_75,0.96,0,75,75,82
72,seq49,r_55_77_189,r_75_101_34,r_75_101_34,1.0,139,173,34,82
79,seq66,seq141,r_23_100_37,r_23_100_37,1.0,2,39,37,82
11,r_3_127_70,r_130_106_76,r_146_129_58,r_3_127_70,0.97,0,70,70,82
13,r_76_118_94,r_61_87_171,seq123,r_76_118_94,0.9,0,94,94,82
15,r_79_120_179,r_18_119_72,r_83_133_162,r_18_119_72,1.0,6,78,72,82
4,r_146_129_58,r_55_77_189,r_75_101_34,r_75_101_34,0.48,121,155,34,82
2,r_46_73_78,seq33,r_48_91_108,r_46_73_78,0.3,39,117,78,82
0,r_75_101_34,r_15_69_111,seq49,r_75_101_34,0.93,0,34,34,82
99,seq123,r_79_120_179,seq34,r_79_120_179,0.46,-113,66,179,82
2,r_46_73_78,r_76_118_94,seq33,r_76_118_94,0.95,0,94,94,82
27,r_48_91_108,seq90,r_46_73_78,r_48_91_108,0.99,0,108,108,82
5,r_72_89_32,seq59,seq33,r_72_89_32,0.99,0,32,32,82
9,r_19_147_20,seq134,seq122,r_19_147_20,1.0,0,20,20,82
6,r_80_113_81,r_28_30_145,seq7,r_80_113_81,1.0,1,82,81,82
98,seq122,seq63,r_19_147_20,r_19_147_20,1.0,1,21,20,82
22,r_0_131_7,r_126_26_128,r_64_95_56,r_0_131_7,0.82,80,87,7,82
2,r_46_73_78,r_126_26_128,r_76_118_94,r_76_118_94,0.81,-16,78,94,82
47,r_126_26_128,seq65,r_64_95_56,r_64_95_56,1.0,16,72,56,82
74,seq57,r_98_52_91,seq2,r_98_52_91,0.98,1,92,91,82
18,r_39_1_142,seq86,r_62_17_140,r_39_1_142,0.99,0,142,142,82
29,r_28_30_145,seq144,r_126_26_128,r_126_26_128,1.0,32,160,128,82
20,r_111_132_55,r_50_41_137,seq139,r_111_132_55,1.0,0,55,55,82
33,r_15_69_111,r_97_84_123,seq68,r_15_69_111,0.98,0,111,111,82
57,seq139,r_79_120_179,r_111_132_55,r_111_132_55,1.0,2,57,55,82
65,seq33,r_61_87_171,r_72_89_32,r_72_89_32,0.95,140,172,32,82
47,r_126_26_128,r_64_95_56,seq128,r_126_26_128,1.0,0,128,128,82
32,r_62_17_140,seq108,r_39_1_142,r_62_17_140,0.91,2,142,140,82
38,r_31_5_121,seq35,seq57,r_31_5_121,0.95,0,121,121,82
24,r_50_41_137,r_111_132_55,seq99,r_111_132_55,1.0,-4,51,55,82
34,r_4_67_69,seq37,seq86,r_4_67_69,1.0,0,69,69,82
60,seq145,r_140_121_134,seq71,r_140_121_134,1.0,0,134,134,82
17,r_98_52_91,seq57,seq88,r_98_52_91,1.0,0,91,91,82
74,seq57,seq2,r_31_5_121,r_31_5_121,1.0,0,121,121,82
25,r_135_38_39,r_83_133_162,r_40_25_2,r_135_38_39,0.45,88,127,39,82
86,seq88,seq20,r_98_52_91,r_98_52_91,0.97,7,98,91,82
28,r_55_77_189,seq49,r_149_112_185,r_149_112_185,0.81,4,189,185,82
49,r_18_119_72,r_79_120_179,seq13,r_18_119_72,1.0,2,74,72,82
56,seq10,r_97_84_123,seq47,r_97_84_123,1.0,1,124,123,82
7,r_74_42_119,r_39_1_142,seq47,r_74_42_119,0.86,0,119,119,82
44,r_51_36_180,seq86,r_12_44_75,r_12_44_75,1.0,105,180,75,82
23,r_149_112_185,r_83_133_162,r_12_44_75,r_12_44_75,0.96,87,162,75,82
40,r_105_142_27,r_60_96_133,seq35,r_105_142_27,0.99,0,27,27,82
19,r_23_100_37,r_111_132_55,seq66,r_23_100_37,0.94,0,37,37,82
31,r_102_24_36,seq71,seq63,r_102_24_36,1.0,0,36,36,82
46,r_64_95_56,r_80_113_81,seq65,r_64_95_56,1.0,0,56,56,82
12,r_32_110_159,r_28_30_145,r_102_24_36,r_102_24_36,1.0,39,75,36,82
6,r_80_113_81,r_103_27_86,r_28_30_145,r_80_113_81,0.43,-33,48,81,82
44,r_57_106_14,r_65_111_164,seq8,r_65_111_164,0.66,0,164,164,83
16,r_117_102_16,r_77_11_71,seq33,r_77_11_71,1.0,0,71,71,83
16,r_117_102_16,r_114_21_73,r_77_11_71,r_117_102_16,0.91,0,16,16,83
36,r_74_45_158,seq78,r_12_70_35,r_12_70_35,0.49,116,151,35,83
92,seq108,r_5_55_59,seq26,r_5_55_59,1.0,2,61,59,83
14,r_9_105_86,seq26,seq129,r_9_105_86,1.0,2,88,86,83
8,r_130_31_123,r_112_123_106,r_139_73_76,r_112_123_106,1.0,-39,67,106,83
31,r_12_70_35,seq4,seq79,r_12_70_35,0.98,0,35,35,83
83,seq79,r_72_54_196,r_115_83_53,r_115_83_53,1.0,27,80,53,83
37,r_125_1_134,r_136_49_146,seq33,r_125_1_134,0.92,1,135,134,83
60,seq18,r_147_95_105,r_104_93_161,r_104_93_161,0.78,6,167,161,83
55,seq10,r_17_96_112,r_59_51_108,r_17_96_112,0.99,3,115,112,83
86,seq88,r_133_126_152,seq39,r_133_126_152,0.99,-56,96,152,83
21,r_133_126_152,seq88,r_41_66_51,r_41_66_51,0.59,105,156,51,83
60,seq18,r_81_35_21,seq23,r_81_35_21,0.74,0,21,21,83
1,r_67_120_172,seq52,r_0_20_46,r_0_20_46,0.77,126,172,46,83
97,seq131,r_32_68_121,r_63_135_5,r_32_68_121,0.87,-55,66,121,83
5,r_89_124_113,seq92,seq90,r_89_124_113,1.0,0,113,113,83
46,r_65_111_164,r_140_24_107,r_57_106_14,r_65_111_164,0.88,-57,107,164,83
42,r_61_16_178,r_42_121_64,r_128_36_54,r_61_16_178,1.0,-114,64,178,83
44,r_57_106_14,r_104_93_161,r_65_111_164,r_57_106_14,0.99,3,17,14,83
19,r_122_15_125,seq129,r_103_29_72,r_122_15_125,0.92,0,125,125,83
43,r_85_28_52,r_42_121_64,seq142,r_85_28_52,1.0,0,52,52,83
11,r_32_68_121,r_63_135_5,seq113,r_32_68_121,0.98,1,122,121,83
94,seq110,seq108,r_65_111_164,r_65_111_164,0.86,0,164,164,83
95,seq113,r_72_54_196,r_32_68_121,r_32_68_121,0.99,59,180,121,83
82,seq78,r_74_45_158,r_41_66_51,r_41_66_51,0.99,0,51,51,83
26,r_30_84_186,r_140_24_107,seq108,r_30_84_186,0.88,0,186,186,83
10,r_59_51_108,r_17_96_112,r_42_121_64,r_42_121_64,0.94,2,66,64,83
26,r_30_84_186,seq132,r_140_24_107,r_140_24_107,0.97,20,127,107,83
78,seq64,r_72_54_196,r_48_118_2,r_72_54_196,0.38,-61,135,196,83
0,r_6_141_114,seq33,seq148,r_6_141_114,0.92,0,114,114,83
73,seq50,seq80,r_87_94_103,r_87_94_103,0.92,1,104,103,83
15,r_104_93_161,seq100,seq18,r_104_93_161,0.82,0,161,161,83
65,seq26,seq108,r_14_97_129,r_14_97_129,1.0,12,141,129,83
6,r_114_21_73,r_140_24_107,r_60_25_165,r_114_21_73,1.0,0,73,73,83
39,r_115_83_53,seq137,seq79,r_115_83_53,0.95,0,53,53,83
27,r_0_20_46,r_89_124_113,r_147_95_105,r_0_20_46,0.96,1,47,46,83
13,r_128_36_54,r_32_68_121,seq44,r_128_36_54,0.99,1,55,54,83
87,seq90,r_133_126_152,r_89_124_113,r_89_124_113,0.81,13,126,113,83
2,r_87_94_103,seq119,seq50,r_87_94_103,1.0,1,104,103,83
30,r_41_66_51,seq23,seq78,r_41_66_51,1.0,0,51,51,83
40,r_140_24_107,r_65_111_164,r_2_34_61,r_140_24_107,0.53,0,107,107,83
18,r_76_62_80,r_17_96_112,seq137,r_76_62_80,1.0,1,81,80,83
29,r_42_121_64,r_61_16_178,r_59_51_108,r_42_121_64,1.0,0,64,64,83
27,r_0_20_46,r_147_95_105,r_57_106_14,r_147_95_105,1.0,0,105,105,83
24,r_112_123_106,seq132,seq100,r_112_123_106,1.0,0,106,106,83
35,r_60_25_165,r_114_21_73,r_112_123_106,r_60_25_165,0.89,0,165,165,83
25,r_149_7_65,r_101_138_110,seq71,r_149_7_65,1.0,0,65,65,83
33,r_37_107_160,seq82,seq38,r_37_107_160,0.84,0,160,160,83
64,seq132,r_30_84_186,r_140_24_107,r_140_24_107,0.87,20,127,107,83
6,r_114_21_73,r_60_25_165,seq92,r_60_25_165,0.99,0,165,165,83
65,seq26,r_9_105_86,seq108,r_9_105_86,0.99,2,88,86,83
45,r_147_95_105,r_0_20_46,seq18,r_147_95_105,1.0,0,105,105,83
68,seq38,seq132,r_139_73_76,r_139_73_76,0.72,22,98,76,83
42,r_61_16_178,r_128_36_54,r_147_95_105,r_61_16_178,0.71,1,179,178,83
61,seq19,r_30_84_186,r_2_34_61,r_2_34_61,1.0,125,186,61,83
32,r_17_96_112,seq10,seq33,r_17_96_112,0.96,2,114,112,83
38,r_2_34_61,r_17_96_112,seq19,r_2_34_61,1.0,0,61,61,83
34,r_139_73_76,r_112_123_106,seq38,r_112_123_106,1.0,-25,81,106,83
3,r_81_35_21,seq18,seq127,r_81_35_21,0.73,0,21,21,83
49,r_77_11_71,seq33,r_117_102_16,r_117_102_16,0.9,5,21,16,83
45,r_147_95_105,seq8,r_0_20_46,r_0_20_46,1.0,6,52,46,83
9,r_103_29_72,seq142,r_59_51_108,r_103_29_72,0.99,0,72,72,83
22,r_136_49_146,r_22_86_28,seq127,r_22_86_28,0.5,118,146,28,83
28,r_22_86_28,r_136_49_146,r_77_11_71,r_22_86_28,0.6,112,140,28,83
7,r_101_138_110,r_40_46_197,seq109,r_101_138_110,0.99,4,114,110,83
23,r_14_97_129,r_112_123_106,r_130_31_123,r_112_123_106,0.95,-37,69,106,83
17,r_63_135_5,r_32_68_121,seq131,r_32_68_121,0.98,1,122,121,83
46,r_65_111_164,r_57_106_14,seq110,r_65_111_164,0.99,0,164,164,83
60,seq18,seq23,r_147_95_105,r_147_95_105,0.99,8,113,105,83
35,r_60_25_165,r_89_124_113,r_114_21_73,r_114_21_73,0.97,0,73,73,83
12,r_134_13_95,seq3,seq100,r_134_13_95,1.0,0,95,95,83
49,r_77_11_71,r_117_102_16,r_22_86_28,r_77_11_71,1.0,0,71,71,83
23,r_14_97_129,r_130_31_123,seq26,r_14_97_129,0.73,0,129,129,83
30,r_26_89_172,seq78,seq12,r_26_89_172,0.8,0,172,172,84
36,r_8_134_164,r_29_21_107,r_37_105_69,r_37_105_69,0.9,38,107,69,84
17,r_126_27_2,r_35_25_34,r_144_72_18,r_35_25_34,0.91,-5,29,34,84
20,r_16_132_44,r_135_128_188,r_85_11_79,r_16_132_44,0.87,1,45,44,84
14,r_106_138_103,seq114,r_39_102_3,r_106_138_103,0.96,0,103,103,84
35,r_73_17_77,r_79_23_129,seq40,r_73_17_77,0.79,52,129,77,84
46,r_0_103_42,seq140,seq104,r_0_103_42,0.96,0,42,42,84
43,r_116_133_95,r_76_92_116,r_13_88_81,r_116_133_95,0.98,0,95,95,84
27,r_30_22_78,r_98_107_135,r_24_3_60,r_98_107_135,0.86,0,135,135,84
29,r_93_77_83,r_16_132_44,r_87_45_96,r_87_45_96,0.9,6,102,96,84
59,seq14,r_87_45_96,seq64,r_87_45_96,1.0,4,100,96,84
19,r_35_25_34,r_147_10_119,seq136,r_147_10_119,1.0,0,119,119,84
55,seq136,r_111_59_93,seq78,r_111_59_93,0.99,-4,89,93,84
86,seq94,r_18_4_161,seq104,r_18_4_161,0.6,0,161,161,84
16,r_113_58_132,seq120,seq51,r_113_58_132,0.86,1,133,132,84
40,r_13_88_81,seq141,r_116_133_95,r_116_133_95,0.84,10,105,95,84
39,r_76_92_116,r_116_133_95,seq47,r_116_133_95,0.94,0,95,95,84
5,r_20_61_66,seq32,seq91,r_20_61_66,0.99,0,66,66,84
8,r_50_60_26,seq52,seq74,r_50_60_26,0.99,-2,24,26,84
69,seq51,r_38_75_180,r_113_58_132,r_113_58_132,1.0,20,152,132,84
45,r_24_3_60,r_85_11_79,seq32,r_24_3_60,1.0,0,60,60,84
80,seq74,r_147_10_119,r_50_60_26,r_50_60_26,0.68,-2,24,26,84
4,r_142_115_65,seq141,r_121_110_99,r_121_110_99,1.0,5,104,99,84
11,r_87_45_96,r_93_77_83,r_86_149_124,r_86_149_124,0.8,61,185,124,84
31,r_53_44_134,r_29_21_107,r_37_105_69,r_37_105_69,0.98,3,72,69,84
41,r_139_54_71,seq41,r_126_27_2,r_139_54_71,1.0,0,71,71,84
3,r_18_4_161,seq94,r_113_58_132,r_18_4_161,0.59,0,161,161,84
88,seq99,seq66,r_39_102_3,r_39_102_3,0.97,12,15,3,84
26,r_83_48_64,seq146,r_143_97_72,r_83_48_64,1.0,0,64,64,84
70,seq52,r_50_60_26,seq51,r_50_60_26,1.0,-2,24,26,84
4,r_142_115_65,r_130_148_110,seq141,r_142_115_65,1.0,0,65,65,84
78,seq71,r_57_131_159,seq12,r_57_131_159,1.0,0,159,159,84
0,r_125_109_111,seq6,r_38_75_180,r_125_109_111,0.98,0,111,111,84
11,r_87_45_96,seq14,r_93_77_83,r_87_45_96,1.0,0,96,96,84
13,r_111_59_93,seq136,r_145_112_30,r_111_59_93,0.99,0,93,93,84
67,seq46,r_18_4_161,r_16_132_44,r_16_132_44,0.84,0,44,44,84
98,seq123,seq5,r_85_11_79,r_85_11_79,1.0,0,79,79,84
15,r_98_107_135,seq67,r_30_22_78,r_30_22_78,0.85,4,82,78,84
26,r_83_48_64,r_143_97_72,r_29_21_107,r_29_21_107,0.93,13,120,107,84
1,r_85_11_79,r_24_3_60,r_16_132_44,r_85_11_79,0.84,-25,54,79,84
6,r_143_97_72,seq51,r_83_48_64,r_143_97_72,1.0,0,72,72,84
21,r_147_10_119,r_35_25_34,seq12,r_35_25_34,0.61,88,122,34,84
5,r_20_61_66,seq91,r_68_65_153,r_68_65_153,0.95,0,153,153,84
27,r_30_22_78,r_18_4_161,r_98_107_135,r_30_22_78,0.9,0,78,78,84
12,r_81_118_28,seq62,seq120,r_81_118_28,0.95,0,28,28,84
19,r_35_25_34,r_126_27_2,r_147_10_119,r_35_25_34,1.0,0,34,34,84
35,r_73_17_77,seq40,r_147_10_119,r_73_17_77,0.51,69,146,77,84
37,r_63_31_43,seq19,seq122,r_63_31_43,1.0,1,44,43,84
40,r_13_88_81,r_93_77_83,seq141,r_13_88_81,0.8,2,83,81,84
18,r_37_105_69,seq2,r_8_134_164,r_37_105_69,0.9,0,69,69,84
29,r_93_77_83,r_13_88_81,r_16_132_44,r_93_77_83,0.59,0,83,83,84
24,r_34_9_115,seq114,seq52,r_34_9_115,0.99,0,115,115,84
25,r_121_110_99,seq137,r_142_115_65,r_121_110_99,0.87,2,101,99,84
36,r_8_134_164,r_37_105_69,seq12,r_8_134_164,0.97,0,164,164,84
2,r_145_112_30,seq15,seq146,r_145_112_30,0.85,0,30,30,84
33,r_57_131_159,seq71,seq122,r_57_131_159,0.82,0,159,159,84
70,seq52,seq51,r_34_9_115,r_34_9_115,1.0,5,120,115,84
15,r_98_107_135,r_30_22_78,seq47,r_98_107_135,1.0,0,135,135,84
58,seq141,r_33_7_8,r_142_115_65,r_142_115_65,1.0,1,66,65,84
72,seq62,r_81_118_28,r_8_134_164,r_81_118_28,0.91,0,28,28,84
96,seq120,r_113_58_132,r_81_118_28,r_81_118_28,0.96,1,29,28,84
32,r_68_65_153,r_39_102_3,r_20_61_66,r_68_65_153,0.63,0,153,153,84
38,r_29_21_107,r_8_134_164,r_83_48_64,r_29_21_107,0.98,3,110,107,84
52,seq5,r_73_17_77,seq91,r_73_17_77,1.0,0,77,77,84
28,r_135_128_188,r_16_132_44,seq129,r_16_132_44,1.0,1,45,44,84
79,seq140,r_0_103_42,seq2,r_0_103_42,0.9,-16,26,42,84
34,r_79_23_129,r_73_17_77,seq2,r_79_23_129,0.79,1,130,129,84
22,r_43_42_50,r_147_10_119,r_81_118_28,r_43_42_50,1.0,0,50,50,84
9,r_95_80_68,r_56_28_7,r_49_124_59,r_95_80_68,1.0,0,68,68,84
31,r_53_44_134,r_37_105_69,r_111_59_93,r_53_44_134,1.0,0,134,134,84
39,r_76_92_116,seq47,seq55,r_76_92_116,1.0,0,116,116,84
1,r_85_11_79,r_16_132_44,seq123,r_85_11_79,0.99,0,79,79,84
28,r_135_128_188,seq129,seq69,r_135_128_188,0.3,1,189,188,84
34,r_79_23_129,seq40,r_73_17_77,r_79_23_129,0.99,-52,77,129,84
72,seq62,r_8_134_164,seq36,r_8_134_164,0.64,3,167,164,84
21,r_147_10_119,seq78,r_35_25_34,r_35_25_34,0.98,8,42,34,84
42,r_144_72_18,r_16_132_44,r_126_27_2,r_144_72_18,0.96,0,18,18,84
35,r_73_17_77,seq5,r_79_23_129,r_73_17_77,0.98,0,77,77,84
93,seq107,seq98,r_33_21_78,r_33_21_78,1.0,5,83,78,85
51,seq129,r_8_87_85,seq73,r_8_87_85,1.0,0,85,85,85
14,r_123_35_63,seq134,r_146_149_197,r_123_35_63,1.0,0,63,63,85
53,seq131,r_1_81_92,seq112,r_1_81_92,1.0,0,92,92,85
37,r_52_75_146,seq122,seq24,r_52_75_146,0.9,0,146,146,85
2,r_91_70_58,r_83_99_84,seq4,r_91_70_58,1.0,0,58,58,85
55,seq5,r_125_57_74,r_103_2_155,r_125_57_74,0.69,3,77,74,85
86,seq79,r_19_97_120,r_50_85_173,r_19_97_120,0.93,0,120,120,85
1,r_139_127_187,r_13_138_152,r_17_38_137,r_139_127_187,0.7,-35,152,187,85
5,r_110_137_196,r_29_16_166,seq143,r_29_16_166,0.78,1,167,166,85
42,r_8_87_85,r_45_77_94,r_91_70_58,r_8_87_85,1.0,2,87,85,85
80,seq63,r_20_106_172,seq36,r_20_106_172,0.36,0,172,172,85
69,seq39,r_103_2_155,seq92,r_103_2_155,1.0,1,156,155,85
45,r_23_71_97,r_105_31_131,seq141,r_23_71_97,0.69,0,97,97,85
20,r_82_47_53,r_139_127_187,r_118_26_10,r_82_47_53,0.97,0,53,53,85
19,r_0_104_159,r_146_149_197,r_8_87_85,r_0_104_159,0.73,0,159,159,85
13,r_125_57_74,seq5,r_33_21_78,r_125_57_74,0.91,4,78,74,85
34,r_89_109_101,seq46,seq129,r_89_109_101,0.99,0,101,101,85
76,seq56,r_133_9_182,seq4,r_133_9_182,0.75,0,182,182,85
39,r_93_119_12,seq78,seq92,r_93_119_12,0.51,85,97,12,85
41,r_45_77_94,seq129,seq55,r_45_77_94,1.0,0,94,94,85
3,r_83_99_84,r_113_3_176,seq59,r_83_99_84,1.0,1,85,84,85
10,r_33_21_78,r_146_149_197,r_125_57_74,r_33_21_78,1.0,0,78,78,85
90,seq96,r_117_115_150,r_76_95_62,r_76_95_62,0.86,86,148,62,85
26,r_29_16_166,r_110_137_196,r_93_119_12,r_29_16_166,0.55,0,166,166,85
4,r_7_66_65,r_125_57_74,seq122,r_7_66_65,0.96,0,65,65,85
0,r_40_94_70,r_140_27_184,seq107,r_40_94_70,1.0,0,70,70,85
73,seq53,seq59,r_51_90_60,r_51_90_60,1.0,4,64,60,85
13,r_125_57_74,r_7_66_65,seq5,r_7_66_65,1.0,0,65,65,85
46,r_11_37_32,r_105_31_131,r_32_64_105,r_11_37_32,0.96,99,131,32,85
15,r_62_22_122,r_105_31_131,seq120,r_62_22_122,0.83,1,123,122,85
48,r_19_97_120,seq79,r_136_34_45,r_19_97_120,0.88,0,120,120,85
62,seq18,seq55,r_136_34_45,r_136_34_45,1.0,17,62,45,85
36,r_30_65_46,r_140_27_184,r_74_14_114,r_74_14_114,0.97,0,114,114,85
8,r_130_6_20,seq67,seq102,r_130_6_20,0.55,5,25,20,85
27,r_68_114_108,seq4,r_136_34_45,r_68_114_108,1.0,0,108,108,85
36,r_30_65_46,seq60,r_140_27_184,r_30_65_46,1.0,-1,45,46,85
47,r_13_138_152,r_139_127_187,seq49,r_13_138_152,0.61,0,152,152,85
39,r_93_119_12,seq92,r_29_16_166,r_29_16_166,0.98,2,168,166,85
40,r_32_64_105,seq4,r_11_37_32,r_32_64_105,0.71,0,105,105,85
74,seq54,seq78,r_93_119_12,r_93_119_12,0.48,112,124,12,85
18,r_17_38_137,seq67,r_139_127_187,r_139_127_187,0.61,-53,134,187,85
29,r_20_106_172,seq63,r_124_43_5,r_124_43_5,0.59,167,172,5,85
57,seq12,r_15_121_39,r_124_43_5,r_15_121_39,0.7,-13,26,39,85
21,r_118_26_10,seq5,seq61,r_118_26_10,0.92,0,10,10,85
25,r_146_149_197,r_33_21_78,r_123_35_63,r_146_149_197,1.0,-119,78,197,85
64,seq148,r_135_111_191,r_30_65_46,r_30_65_46,1.0,59,105,46,85
82,seq69,r_124_43_5,r_88_80_79,r_88_80_79,1.0,23,102,79,85
46,r_11_37_32,seq98,r_105_31_131,r_11_37_32,1.0,0,32,32,85
70,seq44,r_76_95_62,seq72,r_76_95_62,1.0,0,62,62,85
68,seq36,r_140_27_184,r_30_65_46,r_30_65_46,1.0,112,158,46,85
39,r_93_119_12,r_68_114_108,seq78,r_93_119_12,1.0,0,12,12,85
20,r_82_47_53,seq46,r_139_127_187,r_139_127_187,0.62,-149,38,187,85
32,r_1_81_92,seq131,seq143,r_1_81_92,1.0,0,92,92,85
38,r_103_2_155,seq39,seq5,r_103_2_155,0.79,0,155,155,85
52,seq132,r_113_3_176,r_123_35_63,r_123_35_63,1.0,55,118,63,85
77,seq59,r_10_144_37,r_83_99_84,r_83_99_84,1.0,5,89,84,85
33,r_136_34_45,r_30_65_46,seq18,r_136_34_45,1.0,-1,44,45,85
97,seq120,r_40_94_70,r_74_14_114,r_40_94_70,0.95,-47,23,70,85
75,seq55,seq18,r_45_77_94,r_45_77_94,0.99,0,94,94,85
86,seq79,r_50_85_173,seq36,r_50_85_173,1.0,-1,172,173,85
9,r_74_14_114,seq120,r_30_65_46,r_30_65_46,0.47,68,114,46,85
82,seq69,r_15_121_39,r_124_43_5,r_15_121_39,0.97,0,39,39,85
11,r_41_100_52,r_135_111_191,r_30_65_46,r_135_111_191,0.72,-86,105,191,85
22,r_135_111_191,r_58_101_190,seq36,r_58_101_190,0.44,-101,89,190,85
28,r_133_9_182,seq56,seq72,r_133_9_182,0.62,0,182,182,85
49,r_76_95_62,seq44,seq96,r_76_95_62,1.0,0,62,62,85
43,r_15_121_39,seq69,r_10_144_37,r_15_121_39,0.93,0,39,39,85
56,seq134,r_123_35_63,seq129,r_123_35_63,1.0,0,63,63,85
11,r_41_100_52,r_10_144_37,r_135_111_191,r_41_100_52,1.0,0,52,52,85
23,r_88_80_79,seq102,r_124_43_5,r_88_80_79,1.0,0,79,79,85
17,r_50_85_173,seq79,r_8_87_85,r_50_85_173,0.84,0,173,173,85
91,seq98,r_11_37_32,seq107,r_11_37_32,1.0,0,32,32,85
44,r_10_144_37,seq59,r_15_121_39,r_15_121_39,0.99,14,53,39,85
12,r_51_90_60,r_117_115_150,seq53,r_51_90_60,1.0,0,60,60,85
44,r_124_29_30,seq134,r_113_60_109,r_113_60_109,1.0,0,109,109,86
43,r_48_31_147,r_43_36_192,r_143_32_51,r_48_31_147,0.82,0,147,147,86
42,r_108_37_26,seq6,r_66_12_133,r_108_37_26,0.6,0,26,26,86
22,r_113_60_109,r_143_32_51,r_124_29_30,r_113_60_109,0.99,0,109,109,86
19,r_111_149_53,r_82_9_190,r_126_122_137,r_126_122_137,0.59,-1,136,137,86
16,r_39_49_66,r_63_30_175,seq98,r_39_49_66,1.0,0,66,66,86
21,r_43_36_192,r_82_9_190,r_63_30_175,r_63_30_175,0.6,15,190,175,86
1,r_63_30_175,seq38,r_95_114_8,r_63_30_175,0.61,0,175,175,86
5,r_128_57_1,r_22_89_182,r_130_118_64,r_130_118_64,1.0,45,109,64,86
27,r_94_73_23,r_25_106_156,seq142,r_94_73_23,1.0,0,23,23,86
80,seq74,r_110_35_114,seq125,r_110_35_114,0.86,0,114,114,86
69,seq44,r_137_0_165,r_90_15_75,r_90_15_75,0.63,90,165,75,86
45,r_33_11_96,seq24,seq5,r_33_11_96,0.72,3,99,96,86
23,r_46_144_46,seq97,seq125,r_46_144_46,0.98,3,49,46,86
19,r_111_149_53,r_119_76_110,r_82_9_190,r_111_149_53,0.64,35,88,53,86
95,seq109,r_34_100_159,r_123_96_87,r_123_96_87,0.49,72,159,87,86
66,seq38,r_63_30_175,seq121,r_63_30_175,0.81,0,175,175,86
41,r_16_47_94,r_25_106_156,seq131,r_16_47_94,0.99,1,95,94,86
15,r_143_32_51,seq116,r_113_60_109,r_143_32_51,1.0,0,51,51,86
3,r_34_100_159,seq109,r_127_40_38,r_34_100_159,0.5,0,159,159,86
88,seq97,r_46_144_46,r_103_65_43,r_103_65_43,0.61,6,49,43,86
4,r_2_8_60,r_119_76_110,r_28_58_187,r_28_58_187,0.52,-126,61,187,86
0,r_25_106_156,seq59,r_80_4_76,r_25_106_156,0.92,0,156,156,86
22,r_113_60_109,r_63_30_175,r_143_32_51,r_143_32_51,0.86,0,51,51,86
68,seq42,r_55_88_47,r_127_40_38,r_55_88_47,0.67,0,47,47,86
20,r_90_15_75,r_22_89_182,r_108_37_26,r_90_15_75,0.99,4,79,75,86
13,r_82_9_190,r_43_36_192,r_67_101_167,r_43_36_192,0.3,-2,190,192,86
98,seq121,r_67_101_167,seq38,r_67_101_167,0.98,1,168,167,86
71,seq50,seq3,r_13_23_36,r_13_23_36,0.99,13,49,36,86
48,r_26_71_132,seq59,seq138,r_26_71_132,0.78,0,132,132,86
6,r_67_101_167,seq121,seq17,r_67_101_167,0.74,0,167,167,86
62,seq131,seq98,r_16_47_94,r_16_47_94,1.0,14,108,94,86
47,r_19_27_61,seq42,r_127_40_38,r_19_27_61,0.65,-13,48,61,86
33,r_13_23_36,r_72_61_185,seq50,r_13_23_36,0.99,1,37,36,86
44,r_124_29_30,seq142,seq134,r_124_29_30,0.89,1,31,30,86
11,r_103_65_43,seq97,seq10,r_103_65_43,0.7,31,74,43,86
99,seq125,seq10,r_46_144_46,r_46_144_46,0.63,2,48,46,86
36,r_95_114_8,r_72_61_185,r_63_30_175,r_63_30_175,0.87,10,185,175,86
11,r_103_65_43,r_111_149_53,seq97,r_103_65_43,1.0,1,44,43,86
4,r_2_8_60,r_28_58_187,r_145_62_80,r_145_62_80,0.79,4,84,80,86
26,r_127_40_38,r_19_27_61,seq42,r_19_27_61,0.77,-2,59,61,86
10,r_141_93_29,r_39_49_66,seq78,r_141_93_29,1.0,0,29,29,86
40,r_79_92_68,seq3,r_95_114_8,r_79_92_68,1.0,1,69,68,86
18,r_145_62_80,seq107,r_2_8_60,r_145_62_80,1.0,0,80,80,86
29,r_135_83_134,r_25_106_156,seq148,r_135_83_134,0.82,0,134,134,86
88,seq97,r_103_65_43,seq107,r_103_65_43,0.72,50,93,43,86
70,seq142,r_72_61_185,r_94_73_23,r_94_73_23,0.64,50,73,23,86
2,r_130_118_64,r_123_96_87,r_128_57_1,r_130_118_64,0.93,-44,20,64,86
26,r_127_40_38,seq42,r_110_35_114,r_110_35_114,1.0,1,115,114,86
37,r_129_136_54,seq81,r_128_57_1,r_129_136_54,0.99,0,54,54,86
42,r_108_37_26,r_66_12_133,r_90_15_75,r_108_37_26,0.82,68,94,26,86
32,r_80_4_76,r_33_11_96,seq14,r_80_4_76,1.0,1,77,76,86
38,r_119_76_110,seq20,seq1,r_119_76_110,0.93,0,110,110,86
26,r_127_40_38,seq78,r_19_27_61,r_127_40_38,0.95,0,38,38,86
49,r_56_54_25,r_25_106_156,seq131,r_56_54_25,0.79,-1,24,25,86
17,r_110_35_114,seq74,r_127_40_38,r_110_35_114,0.68,0,114,114,86
94,seq107,r_145_62_80,seq81,r_145_62_80,1.0,-12,68,80,86
9,r_21_75_128,seq98,r_2_8_60,r_21_75_128,0.97,0,128,128,86
58,seq140,r_67_101_167,seq121,r_67_101_167,0.69,-126,41,167,86
31,r_72_61_185,r_95_114_8,r_67_101_167,r_95_114_8,0.36,177,185,8,86
28,r_66_12_133,seq44,seq87,r_66_12_133,0.78,2,135,133,86
47,r_19_27_61,r_127_40_38,seq20,r_19_27_61,0.5,0,61,61,86
56,seq10,seq97,r_103_65_43,r_103_65_43,0.67,21,64,43,86
24,r_55_88_47,seq42,seq81,r_55_88_47,1.0,0,47,47,86
15,r_143_32_51,r_63_30_175,r_48_31_147,r_143_32_51,0.89,96,147,51,86
35,r_146_147_145,r_72_61_185,seq51,r_146_147_145,0.53,0,145,145,86
12,r_28_58_187,r_2_8_60,seq44,r_2_8_60,0.9,127,187,60,86
15,r_143_32_51,r_113_60_109,r_63_30_175,r_113_60_109,0.73,0,109,109,86
30,r_117_71_108,r_84_25_145,seq13,r_117_71_108,0.92,2,110,108,87
40,r_55_14_57,r_82_41_154,r_86_59_12,r_55_14_57,1.0,1,58,57,87
9,r_146_35_56,r_49_92_137,r_98_56_114,r_98_56_114,0.93,9,123,114,87
14,r_47_113_175,seq134,seq145,r_47_113_175,0.81,0,175,175,87
8,r_120_15_112,seq83,seq45,r_120_15_112,0.97,2,114,112,87
43,r_29_90_128,r_31_57_80,r_16_144_135,r_31_57_80,0.95,1,81,80,87
83,seq79,r_75_20_67,r_50_62_168,r_75_20_67,1.0,1,68,67,87
37,r_110_147_177,r_48_133_198,r_108_149_176,r_108_149_176,0.79,5,181,176,87
4,r_16_144_135,r_73_122_85,seq32,r_16_144_135,1.0,0,135,135,87
19,r_81_42_48,seq26,r_84_25_145,r_84_25_145,0.71,7,152,145,87
86,seq85,r_91_18_184,seq145,r_91_18_184,0.92,-32,152,184,87
16,r_31_57_80,r_29_90_128,seq112,r_31_57_80,1.0,1,81,80,87
21,r_98_56_114,seq130,r_21_22_59,r_21_22_59,1.0,2,61,59,87
39,r_73_122_85,r_37_58_89,r_16_144_135,r_73_122_85,0.87,0,85,85,87
5,r_141_77_141,r_48_133_198,r_120_15_112,r_141_77_141,0.95,0,141,141,87
46,r_50_62_168,seq148,r_121_9_133,r_121_9_133,0.78,35,168,133,87
66,seq26,r_72_33_148,r_81_42_48,r_81_42_48,0.77,1,49,48,87
9,r_146_35_56,r_98_56_114,r_49_92_137,r_146_35_56,0.99,0,56,56,87
88,seq135,r_86_59_12,r_49_92_137,r_49_92_137,0.61,-1,136,137,87
69,seq134,r_47_113_175,r_21_22_59,r_21_22_59,1.0,116,175,59,87
35,r_27_96_111,seq4,seq28,r_27_96_111,0.74,-64,47,111,87
95,seq112,seq100,r_31_57_80,r_31_57_80,0.95,2,82,80,87
39,r_73_122_85,r_16_144_135,seq38,r_16_144_135,1.0,0,135,135,87
10,r_121_9_133,r_11_61_62,r_91_18_184,r_11_61_62,1.0,1,63,62,87
90,seq99,r_44_12_192,r_27_96_111,r_27_96_111,1.0,7,118,111,87
26,r_36_76_100,seq7,r_108_149_176,r_36_76_100,1.0,0,100,100,87
72,seq43,r_139_136_65,r_140_60_38,r_139_136_65,0.66,0,65,65,87
22,r_37_58_89,seq64,r_53_111_107,r_53_111_107,0.58,23,130,107,87
1,r_88_119_13,r_146_35_56,seq100,r_88_119_13,0.95,0,13,13,87
4,r_16_144_135,seq79,r_73_122_85,r_16_144_135,0.6,-45,90,135,87
11,r_72_33_148,seq52,seq148,r_72_33_148,0.44,0,148,148,87
3,r_10_66_36,r_65_125_118,seq40,r_10_66_36,1.0,0,36,36,87
20,r_75_20_67,seq79,seq83,r_75_20_67,1.0,2,69,67,87
13,r_91_18_184,seq145,r_73_122_85,r_91_18_184,0.68,1,185,184,87
91,seq100,r_30_128_178,r_88_119_13,r_88_119_13,0.98,2,15,13,87
57,seq7,r_36_76_100,r_39_24_35,r_36_76_100,0.96,0,100,100,87
60,seq13,r_95_127_189,r_117_71_108,r_117_71_108,1.0,2,110,108,87
99,seq123,r_49_92_137,r_146_35_56,r_146_35_56,1.0,81,137,56,87
2,r_108_149_176,r_36_76_100,r_110_147_177,r_36_76_100,0.59,76,176,100,87
10,r_121_9_133,r_91_18_184,seq6,r_121_9_133,0.99,1,134,133,87
19,r_81_42_48,r_49_92_137,seq26,r_81_42_48,1.0,0,48,48,87
2,r_108_149_176,r_114_129_160,r_36_76_100,r_36_76_100,1.0,60,160,100,87
29,r_11_61_62,r_121_9_133,seq52,r_11_61_62,1.0,0,62,62,87
44,r_84_25_145,r_72_33_148,r_81_42_48,r_72_33_148,0.58,-2,146,148,87
35,r_27_96_111,seq28,seq99,r_27_96_111,0.96,0,111,111,87
25,r_49_92_137,seq123,seq135,r_49_92_137,0.53,0,137,137,87
33,r_139_136_65,seq43,r_10_66_36,r_139_136_65,1.0,0,65,65,87
64,seq148,r_50_62_168,r_72_33_148,r_72_33_148,0.66,1,149,148,87
42,r_93_107_6,seq135,r_86_59_12,r_86_59_12,0.5,2,14,12,87
50,seq0,seq64,r_104_63_61,r_104_63_61,1.0,10,71,61,87
6,r_65_125_118,seq17,seq38,r_65_125_118,1.0,0,118,118,87
6,r_65_125_118,r_10_66_36,seq17,r_10_66_36,0.98,0,36,36,87
34,r_143_23_122,seq54,r_140_60_38,r_140_60_38,1.0,88,126,38,87
60,seq13,r_46_126_74,r_95_127_189,r_46_126_74,0.56,1,75,74,87
17,r_104_63_61,r_31_57_80,seq0,r_104_63_61,1.0,1,62,61,87
36,r_21_22_59,r_98_56_114,seq137,r_98_56_114,1.0,0,114,114,87
26,r_36_76_100,r_108_149_176,r_89_70_190,r_108_149_176,0.77,0,176,176,87
96,seq115,r_37_58_89,seq6,r_37_58_89,1.0,1,90,89,87
83,seq79,r_50_62_168,r_21_22_59,r_50_62_168,0.67,-74,94,168,87
21,r_98_56_114,r_21_22_59,r_146_35_56,r_98_56_114,1.0,0,114,114,87
22,r_37_58_89,seq115,seq64,r_37_58_89,1.0,1,90,89,87
28,r_102_19_182,seq130,r_146_35_56,r_146_35_56,1.0,126,182,56,87
49,r_94_8_123,seq74,seq118,r_94_8_123,0.94,0,123,123,87
7,r_101_103_93,seq87,r_75_20_67,r_101_103_93,1.0,0,93,93,87
44,r_84_25_145,r_117_71_108,r_72_33_148,r_117_71_108,0.99,-8,100,108,87
23,r_114_129_160,r_108_149_176,r_65_125_118,r_65_125_118,0.71,42,160,118,87
41,r_82_41_154,r_55_14_57,r_108_149_176,r_82_41_154,0.6,-97,57,154,87
32,r_106_78_21,r_37_58_89,seq80,r_106_78_21,0.99,0,21,21,87
82,seq74,r_94_8_123,r_73_122_85,r_94_8_123,0.87,1,124,123,87
36,r_21_22_59,seq40,r_98_56_114,r_21_22_59,0.71,0,59,59,87
47,r_140_60_38,r_101_103_93,seq43,r_140_60_38,1.0,0,38,38,87
27,r_86_59_12,seq105,r_93_107_6,r_86_59_12,0.78,2,14,12,87
12,r_46_126_74,seq13,seq123,r_46_126_74,0.98,0,74,74,87
95,seq112,r_31_57_80,r_82_41_154,r_82_41_154,0.97,3,157,154,87
43,r_29_90_128,r_16_144_135,seq45,r_29_90_128,0.97,-2,126,128,87
23,r_148_64_12,r_96_102_132,r_41_142_22,r_96_102_132,1.0,-2,130,132,88
46,r_137_13_19,seq80,seq48,r_137_13_19,1.0,-1,18,19,88
51,seq3,r_11_27_175,seq45,r_11_27_175,0.73,7,182,175,88
36,r_26_117_172,seq8,r_148_64_12,r_26_117_172,0.44,0,172,172,88
14,r_35_89_183,r_143_42_99,r_32_107_92,r_35_89_183,0.93,-84,99,183,88
8,r_24_93_31,r_140_103_94,seq116,r_24_93_31,0.98,0,31,31,88
83,seq78,seq31,r_41_142_22,r_41_142_22,1.0,115,137,22,88
81,seq74,r_111_124_146,r_40_0_118,r_40_0_118,0.86,35,153,118,88
59,seq12,seq70,r_61_63_28,r_61_63_28,1.0,34,62,28,88
43,r_126_145_167,r_148_64_12,r_41_142_22,r_148_64_12,0.42,84,96,12,88
28,r_113_122_24,seq134,r_37_110_106,r_113_122_24,0.99,0,24,24,88
16,r_140_103_94,r_132_135_155,seq69,r_140_103_94,0.57,0,94,94,88
21,r_144_106_83,r_19_82_190,seq79,r_144_106_83,0.97,0,83,83,88
1,r_30_25_113,seq21,r_137_13_19,r_30_25_113,0.95,0,113,113,88
97,seq116,r_71_118_195,r_24_93_31,r_24_93_31,1.0,154,185,31,88
11,r_20_47_157,r_14_10_2,r_16_125_34,r_20_47_157,0.89,2,159,157,88
42,r_111_124_146,r_32_107_92,seq74,r_32_107_92,1.0,-21,71,92,88
86,seq81,seq28,r_11_27_175,r_11_27_175,0.41,-94,81,175,88
37,r_56_130_164,r_1_36_97,r_123_95_9,r_123_95_9,0.78,5,14,9,88
25,r_104_34_6,seq28,r_16_125_34,r_16_125_34,0.85,3,37,34,88
45,r_32_107_92,r_111_124_146,r_35_89_183,r_32_107_92,0.94,0,92,92,88
5,r_149_76_143,r_35_89_183,r_32_107_92,r_35_89_183,1.0,0,183,183,88
15,r_128_66_110,seq31,r_148_64_12,r_148_64_12,0.82,4,16,12,88
9,r_121_57_52,seq9,r_100_127_198,r_121_57_52,1.0,0,52,52,88
23,r_148_64_12,r_139_6_60,r_96_102_132,r_139_6_60,1.0,0,60,60,88
15,r_128_66_110,r_148_64_12,r_73_33_45,r_73_33_45,0.57,65,110,45,88
35,r_29_51_124,seq119,r_58_38_41,r_58_38_41,0.99,17,58,41,88
39,r_73_33_45,r_15_147_159,r_128_66_110,r_128_66_110,0.95,49,159,110,88
23,r_148_64_12,r_41_142_22,r_26_117_172,r_26_117_172,0.91,1,173,172,88
41,r_132_135_155,r_140_103_94,r_11_27_175,r_140_103_94,0.83,0,94,94,88
22,r_16_125_34,r_15_147_159,r_104_34_6,r_16_125_34,1.0,0,34,34,88
14,r_35_89_183,r_32_107_92,r_149_76_143,r_149_76_143,1.0,1,144,143,88
32,r_99_85_40,seq74,seq80,r_99_85_40,0.97,0,40,40,88
4,r_96_102_132,r_139_6_60,r_148_64_12,r_139_6_60,1.0,0,60,60,88
41,r_132_135_155,seq120,seq138,r_132_135_155,0.81,0,155,155,88
63,seq21,r_30_25_113,seq120,r_30_25_113,0.97,1,114,113,88
11,r_20_47_157,r_29_51_124,r_14_10_2,r_29_51_124,0.97,0,124,124,88
0,r_129_108_10,r_132_135_155,seq2,r_129_108_10,0.96,0,10,10,88
4,r_96_102_132,r_148_64_12,r_52_53_13,r_96_102_132,0.93,0,132,132,88
13,r_15_147_159,r_73_33_45,seq120,r_73_33_45,0.6,114,159,45,88
43,r_126_145_167,r_41_142_22,seq97,r_126_145_167,0.59,0,167,167,88
6,r_52_53_13,r_30_25_113,r_19_82_190,r_52_53_13,0.45,77,90,13,88
99,seq120,r_115_39_134,seq21,r_115_39_134,1.0,0,134,134,88
76,seq67,seq31,r_41_142_22,r_41_142_22,1.0,0,22,22,88
5,r_149_76_143,seq77,r_35_89_183,r_149_76_143,0.65,0,143,143,88
86,seq81,r_52_53_13,seq28,r_52_53_13,0.56,21,34,13,88
13,r_15_147_159,r_16_125_34,r_73_33_45,r_15_147_159,0.81,-123,36,159,88
23,r_148_64_12,r_37_110_106,r_139_6_60,r_148_64_12,0.85,0,12,12,88
10,r_37_110_106,r_113_122_24,r_23_17_72,r_37_110_106,1.0,0,106,106,88
27,r_92_98_65,r_115_39_134,seq44,r_92_98_65,0.99,0,65,65,88
30,r_58_38_41,r_29_51_124,r_14_10_2,r_29_51_124,1.0,0,124,124,88
6,r_52_53_13,r_19_82_190,r_96_102_132,r_52_53_13,0.72,119,132,13,88
6,r_52_53_13,r_104_34_6,r_30_25_113,r_52_53_13,0.51,36,49,13,88
14,r_35_89_183,r_149_76_143,r_99_85_40,r_35_89_183,0.93,1,184,183,88
47,r_139_6_60,r_96_102_132,r_148_64_12,r_139_6_60,0.71,-25,35,60,88
40,r_40_0_118,seq48,seq8,r_40_0_118,0.65,0,118,118,88
18,r_23_17_72,seq88,r_61_63_28,r_23_17_72,0.93,1,73,72,88
29,r_87_75_152,seq138,r_62_18_33,r_87_75_152,0.62,0,152,152,88
24,r_143_42_99,r_35_89_183,r_104_34_6,r_143_42_99,1.0,0,99,99,88
7,r_61_63_28,r_87_75_152,seq12,r_61_63_28,1.0,0,28,28,88
34,r_123_95_9,r_56_130_164,r_20_47_157,r_123_95_9,0.57,155,164,9,88
35,r_29_51_124,r_58_38_41,seq78,r_29_51_124,1.0,0,124,124,88
70,seq49,r_123_95_9,seq81,r_123_95_9,0.41,82,91,9,88
44,r_59_84_55,seq72,seq70,r_59_84_55,0.99,0,55,55,88
43,r_126_145_167,seq4,r_148_64_12,r_148_64_12,0.67,50,62,12,88
78,seq69,r_87_75_152,r_140_103_94,r_140_103_94,0.97,3,97,94,88
2,r_41_142_22,seq69,seq67,r_41_142_22,1.0,0,22,22,88
42,r_111_124_146,seq74,seq80,r_111_124_146,0.89,5,151,146,88
38,r_11_27_175,seq3,seq12,r_11_27_175,0.45,7,182,175,88
6,r_52_53_13,seq22,r_104_34_6,r_52_53_13,0.68,2,15,13,88
60,seq141,r_46_43_179,seq8,r_46_43_179,0.9,0,179,179,88
45,r_32_107_92,r_35_89_183,r_149_76_143,r_149_76_143,0.98,40,183,143,88
17,r_100_127_198,seq105,r_121_57_52,r_121_57_52,1.0,108,160,52,88
25,r_104_34_6,r_16_125_34,r_143_42_99,r_143_42_99,1.0,8,107,99,88
30,r_58_38_41,r_14_10_2,seq72,r_58_38_41,0.5,129,170,41,88
86,seq81,r_11_27_175,r_112_136_161,r_112_136_161,0.65,0,161,161,88
37,r_56_130_164,r_123_95_9,seq74,r_56_130_164,0.85,2,166,164,88
28,r_113_122_24,r_37_110_106,r_24_93_31,r_37_110_106,1.0,0,106,106,88
86,seq81,r_24_93_31,r_52_53_13,r_52_53_13,0.7,1,14,13,88
81,seq74,r_99_85_40,r_111_124_146,r_99_85_40,1.0,3,43,40,88
49,r_1_36_97,r_56_130_164,seq4,r_1_36_97,0.98,0,97,97,88
10,r_37_110_106,seq90,r_113_122_24,r_113_122_24,1.0,1,25,24,88
56,seq8,r_26_117_172,seq141,r_26_117_172,0.87,0,172,172,88
48,r_91_133_42,r_19_82_190,r_62_18_33,r_91_133_42,1.0,0,42,42,88
30,r_58_38_41,seq69,r_29_51_124,r_58_38_41,1.0,0,41,41,88
79,seq70,seq12,r_59_84_55,r_59_84_55,1.0,7,62,55,88
39,r_73_33_45,seq131,r_15_147_159,r_73_33_45,0.95,1,46,45,88
12,r_115_39_134,seq120,seq2,r_115_39_134,0.99,0,134,134,88
78,seq69,r_58_38_41,r_87_75_152,r_58_38_41,1.0,0,41,41,88
84,seq79,seq101,r_144_106_83,r_144_106_83,1.0,7,90,83,88
30,r_123_81_154,seq119,r_8_85_55,r_8_85_55,1.0,99,154,55,89
44,r_7_76_36,r_99_10_141,seq83,r_99_10_141,1.0,0,141,141,89
48,r_74_102_105,r_126_34_47,seq1,r_74_102_105,1.0,0,105,105,89
49,r_99_10_141,r_18_138_194,r_7_76_36,r_7_76_36,1.0,8,44,36,89
14,r_54_29_137,r_19_38_94,seq41,r_54_29_137,0.88,4,141,137,89
35,r_90_101_31,r_107_64_143,r_89_98_74,r_89_98_74,0.99,9,83,74,89
43,r_35_21_111,seq131,seq52,r_35_21_111,0.99,0,111,111,89
37,r_27_106_93,seq148,r_19_38_94,r_27_106_93,0.79,1,94,93,89
3,r_145_147_174,seq15,r_61_45_124,r_61_45_124,0.47,50,174,124,89
87,seq88,r_126_34_47,r_137_133_195,r_126_34_47,1.0,1,48,47,89
77,seq62,r_74_102_105,seq103,r_74_102_105,0.73,-47,58,105,89
1,r_57_134_70,r_66_135_151,r_19_38_94,r_66_135_151,0.99,1,152,151,89
1,r_57_134_70,r_13_40_90,r_66_135_151,r_57_134_70,0.59,4,74,70,89
5,r_95_44_123,seq77,seq119,r_95_44_123,0.99,0,123,123,89
69,seq36,seq17,r_46_149_178,r_46_149_178,0.51,1,179,178,89
45,r_130_114_84,seq131,r_93_105_198,r_130_114_84,1.0,1,85,84,89
19,r_136_9_119,seq115,r_121_113_1,r_136_9_119,0.95,-1,118,119,89
21,r_2_48_28,r_11_5_121,seq43,r_11_5_121,0.53,-91,30,121,89
15,r_8_85_55,r_11_5_121,r_123_81_154,r_11_5_121,0.67,0,121,121,89
77,seq62,seq103,r_126_34_47,r_126_34_47,0.59,66,113,47,89
11,r_13_40_90,seq131,r_140_55_136,r_13_40_90,0.77,46,136,90,89
36,r_11_5_121,r_2_48_28,r_8_85_55,r_8_85_55,0.99,1,56,55,89
26,r_23_129_53,seq22,seq71,r_23_129_53,1.0,0,53,53,89
31,r_93_105_198,r_137_133_195,r_130_114_84,r_130_114_84,1.0,69,153,84,89
29,r_42_72_15,r_13_40_90,r_53_84_120,r_42_72_15,0.95,1,16,15,89
41,r_66_135_151,r_14_97_160,seq16,r_66_135_151,0.69,0,151,151,89
3,r_145_147_174,seq77,seq15,r_145_147_174,0.63,-116,58,174,89
10,r_144_67_75,r_94_73_185,r_42_72_15,r_144_67_75,0.97,0,75,75,89
50,seq0,r_49_50_147,r_33_59_51,r_33_59_51,1.0,5,56,51,89
8,r_109_70_26,seq22,seq3,r_109_70_26,0.96,-3,23,26,89
60,seq15,r_13_40_90,r_18_138_194,r_13_40_90,0.6,97,187,90,89
76,seq58,r_123_81_154,r_31_118_30,r_31_118_30,1.0,8,38,30,89
4,r_125_78_122,r_137_133_195,seq16,r_125_78_122,0.72,0,122,122,89
16,r_33_59_51,r_123_81_154,seq0,r_33_59_51,1.0,0,51,51,89
0,r_53_84_120,r_104_116_68,r_42_72_15,r_104_116_68,1.0,0,68,68,89
11,r_13_40_90,r_57_134_70,seq131,r_13_40_90,0.96,-16,74,90,89
20,r_25_39_112,seq47,r_104_116_68,r_25_39_112,0.94,1,113,112,89
13,r_61_45_124,seq115,seq88,r_61_45_124,0.83,0,124,124,89
15,r_8_85_55,seq122,r_11_5_121,r_8_85_55,1.0,0,55,55,89
49,r_99_10_141,r_7_76_36,seq12,r_99_10_141,1.0,0,141,141,89
6,r_91_111_148,seq43,r_30_28_140,r_91_111_148,0.98,0,148,148,89
62,seq17,seq36,r_60_86_110,r_60_86_110,0.97,15,125,110,89
36,r_11_5_121,r_8_85_55,r_94_73_185,r_11_5_121,0.99,1,122,121,89
57,seq12,r_23_129_53,r_99_10_141,r_99_10_141,1.0,14,155,141,89
27,r_31_118_30,seq1,seq58,r_31_118_30,1.0,0,30,30,89
2,r_107_64_143,r_94_73_185,r_143_132_6,r_107_64_143,0.62,11,154,143,89
40,r_100_69_65,seq37,r_23_129_53,r_100_69_65,1.0,0,65,65,89
97,seq122,r_8_85_55,seq16,r_8_85_55,1.0,0,55,55,89
24,r_94_73_185,r_107_64_143,r_11_5_121,r_11_5_121,1.0,34,155,121,89
25,r_140_55_136,seq127,r_13_40_90,r_140_55_136,0.97,0,136,136,89
33,r_49_50_147,seq0,r_107_64_143,r_49_50_147,0.64,1,148,147,89
48,r_74_102_105,seq1,r_14_97_160,r_14_97_160,0.99,5,165,160,89
70,seq37,r_100_69_65,seq96,r_100_69_65,1.0,0,65,65,89
17,r_14_97_160,r_46_149_178,r_74_102_105,r_14_97_160,1.0,0,160,160,89
38,r_104_116_68,r_53_84_120,seq115,r_104_116_68,1.0,0,68,68,89
52,seq3,r_112_110_182,r_109_70_26,r_109_70_26,0.61,73,99,26,89
44,r_7_76_36,r_27_106_93,r_99_10_141,r_7_76_36,1.0,1,37,36,89
34,r_30_28_140,r_137_133_195,seq47,r_30_28_140,0.94,1,141,140,89
60,seq15,seq77,r_145_147_174,r_145_147_174,0.92,-149,25,174,89
81,seq77,r_95_44_123,seq15,r_95_44_123,0.93,2,125,123,89
18,r_126_34_47,r_74_102_105,seq62,r_74_102_105,1.0,0,105,105,89
17,r_14_97_160,r_66_135_151,r_46_149_178,r_14_97_160,0.35,-42,118,160,89
18,r_126_34_47,seq88,r_74_102_105,r_126_34_47,1.0,1,48,47,89
94,seq119,r_123_81_154,r_95_44_123,r_95_44_123,0.93,31,154,123,89
9,r_65_68_180,seq47,r_123_81_154,r_65_68_180,0.47,0,180,180,89
96,seq148,r_27_106_93,seq115,r_27_106_93,1.0,1,94,93,89
7,r_19_38_94,r_54_29_137,seq32,r_19_38_94,0.63,2,96,94,89
79,seq71,seq92,r_23_129_53,r_23_129_53,1.0,35,88,53,89
35,r_90_101_31,r_18_138_194,r_107_64_143,r_90_101_31,0.62,0,31,31,89
60,seq15,r_145_147_174,r_13_40_90,r_13_40_90,0.52,84,174,90,89
12,r_60_86_110,seq12,seq17,r_60_86_110,0.98,0,110,110,89
36,r_11_5_121,r_94_73_185,r_90_101_31,r_94_73_185,0.91,1,186,185,89
48,r_74_102_105,seq62,r_126_34_47,r_126_34_47,0.96,4,51,47,89
93,seq101,r_129_69_132,seq50,r_129_69_132,0.94,-38,94,132,90
51,seq130,r_68_40_106,r_57_83_107,r_57_83_107,0.96,0,107,107,90
16,r_76_89_169,r_42_107_16,r_70_62_117,r_42_107_16,0.99,0,16,16,90
42,r_84_77_79,r_120_18_104,seq26,r_120_18_104,1.0,0,104,104,90
36,r_122_81_81,seq111,seq146,r_122_81_81,1.0,0,81,81,90
8,r_100_2_78,r_54_93_77,r_91_0_179,r_100_2_78,0.99,0,78,78,90
37,r_42_107_16,r_76_89_169,r_47_73_194,r_42_107_16,1.0,1,17,16,90
59,seq13,r_78_90_196,r_54_93_77,r_54_93_77,1.0,0,77,77,90
71,seq35,r_37_113_118,seq138,r_37_113_118,0.9,0,118,118,90
21,r_8_20_108,seq14,seq50,r_8_20_108,1.0,3,111,108,90
39,r_57_83_107,seq10,r_108_131_92,r_57_83_107,1.0,0,107,107,90
1,r_54_93_77,r_100_2_78,seq13,r_54_93_77,1.0,0,77,77,90
5,r_1_75_170,seq53,r_100_2_78,r_100_2_78,1.0,92,170,78,90
46,r_7_19_157,seq86,r_30_17_80,r_30_17_80,1.0,6,86,80,90
42,r_84_77_79,r_117_43_147,r_120_18_104,r_84_77_79,0.62,0,79,79,90
23,r_120_18_104,r_84_77_79,r_135_49_199,r_120_18_104,1.0,0,104,104,90
45,r_30_17_80,r_120_18_104,r_7_19_157,r_30_17_80,1.0,0,80,80,90
19,r_132_102_122,r_112_28_151,r_98_147_50,r_132_102_122,0.85,0,122,122,90
31,r_52_103_27,seq9,r_70_62_117,r_52_103_27,0.95,-1,26,27,90
41,r_129_69_132,seq101,r_37_113_118,r_129_69_132,0.97,0,132,132,90
30,r_99_6_5,r_54_93_77,r_87_116_123,r_87_116_123,1.0,1,124,123,90
3,r_47_73_194,r_22_142_70,r_42_107_16,r_22_142_70,0.99,0,70,70,90
10,r_22_142_70,r_47_73_194,seq4,r_22_142_70,1.0,0,70,70,90
26,r_11_48_83,r_71_139_73,seq149,r_11_48_83,0.97,-2,81,83,90
8,r_100_2_78,r_91_0_179,r_1_75_170,r_91_0_179,0.57,0,179,179,90
16,r_76_89_169,r_70_62_117,r_67_85_89,r_76_89_169,0.63,-76,93,169,90
11,r_98_147_50,seq126,seq66,r_98_147_50,0.78,4,54,50,90
0,r_119_148_184,seq130,r_7_19_157,r_7_19_157,0.51,27,184,157,90
73,seq41,r_117_43_147,r_24_32_32,r_24_32_32,0.67,32,64,32,90
20,r_67_85_89,seq128,r_76_89_169,r_67_85_89,1.0,2,91,89,90
98,seq126,r_91_0_179,r_100_2_78,r_100_2_78,0.99,40,118,78,90
46,r_7_19_157,r_30_17_80,r_112_28_151,r_7_19_157,0.88,0,157,157,90
22,r_24_32_32,r_122_81_81,seq41,r_24_32_32,0.86,0,32,32,90
48,r_38_82_114,seq14,r_123_27_28,r_38_82_114,1.0,1,115,114,90
15,r_88_145_88,seq149,seq58,r_88_145_88,1.0,0,88,88,90
48,r_38_82_114,r_100_2_78,seq14,r_100_2_78,0.89,-10,68,78,90
13,r_123_27_28,r_78_90_196,r_38_82_114,r_38_82_114,0.72,1,115,114,90
6,r_37_113_118,seq35,seq3,r_37_113_118,0.99,0,118,118,90
63,seq146,r_59_56_54,r_104_121_39,r_59_56_54,0.79,0,54,54,90
28,r_79_51_11,seq86,seq36,r_79_51_11,0.84,6,17,11,90
27,r_112_28_151,r_132_102_122,r_137_110_6,r_132_102_122,1.0,-17,105,122,90
30,r_99_6_5,seq105,r_54_93_77,r_54_93_77,1.0,7,84,77,90
87,seq86,r_7_19_157,r_68_40_106,r_7_19_157,0.56,-25,132,157,90
24,r_46_65_133,seq109,r_71_139_73,r_46_65_133,0.71,0,133,133,90
2,r_45_106_190,seq50,r_84_77_79,r_84_77_79,0.5,111,190,79,90
47,r_117_43_147,seq41,seq4,r_117_43_147,0.66,0,147,147,90
40,r_97_141_135,seq33,r_71_139_73,r_97_141_135,0.94,0,135,135,90
24,r_46_65_133,r_133_127_84,seq109,r_133_127_84,1.0,0,84,84,90
35,r_91_0_179,r_100_2_78,r_67_85_89,r_91_0_179,0.88,0,179,179,90
25,r_133_127_84,r_46_65_133,seq12,r_133_127_84,1.0,0,84,84,90
20,r_67_85_89,r_76_89_169,r_118_64_193,r_76_89_169,0.61,0,169,169,90
33,r_114_31_15,r_76_89_169,seq53,r_114_31_15,0.59,0,15,15,90
66,seq25,r_132_102_122,r_137_110_6,r_132_102_122,0.94,-95,27,122,90
13,r_123_27_28,r_97_141_135,r_78_90_196,r_123_27_28,1.0,-1,27,28,90
45,r_30_17_80,r_7_19_157,r_68_40_106,r_7_19_157,0.99,0,157,157,90
9,r_68_40_106,seq130,seq86,r_68_40_106,0.53,1,107,106,90
20,r_67_85_89,r_118_64_193,r_91_0_179,r_91_0_179,0.6,0,179,179,90
16,r_76_89_169,r_67_85_89,r_68_40_106,r_76_89_169,0.96,0,169,169,90
29,r_104_121_39,seq4,seq146,r_104_121_39,0.97,0,39,39,90
49,r_87_116_123,seq115,r_99_6_5,r_87_116_123,0.86,0,123,123,90
7,r_135_49_199,r_132_102_122,r_120_18_104,r_135_49_199,0.83,-94,105,199,90
23,r_120_18_104,seq26,r_84_77_79,r_120_18_104,0.44,-24,80,104,90
63,seq146,r_104_121_39,r_122_81_81,r_122_81_81,0.97,22,103,81,90
79,seq60,seq146,r_125_124_82,r_125_124_82,0.41,69,151,82,90
35,r_91_0_179,seq126,r_100_2_78,r_100_2_78,1.0,27,105,78,90
12,r_59_56_54,seq146,r_114_31_15,r_59_56_54,0.99,4,58,54,90
76,seq53,seq66,r_114_31_15,r_114_31_15,0.98,13,28,15,90
30,r_117_76_99,seq56,seq27,r_117_76_99,0.87,1,100,99,91
51,seq135,r_6_65_182,r_36_46_57,r_36_46_57,1.0,126,183,57,91
36,r_101_98_158,seq10,r_28_144_14,r_28_144_14,0.95,144,158,14,91
86,seq94,seq78,r_28_144_14,r_28_144_14,0.96,1,15,14,91
14,r_66_111_94,seq61,seq119,r_66_111_94,1.0,0,94,94,91
4,r_53_125_52,seq135,seq82,r_53_125_52,1.0,1,53,52,91
19,r_28_144_14,seq94,r_101_98_158,r_101_98_158,1.0,6,164,158,91
21,r_48_87_175,seq73,r_92_68_23,r_48_87_175,0.31,0,175,175,91
65,seq38,r_59_20_137,seq119,r_59_20_137,0.88,-95,42,137,91
46,r_74_30_130,seq72,r_40_110_77,r_40_110_77,0.97,8,85,77,91
26,r_115_1_38,r_101_98_158,r_25_50_147,r_115_1_38,1.0,109,147,38,91
75,seq73,r_48_87_175,r_3_86_28,r_3_86_28,1.0,22,50,28,91
45,r_63_134_150,seq116,seq32,r_63_134_150,0.71,0,150,150,91
39,r_138_104_20,r_115_1_38,seq73,r_138_104_20,1.0,4,24,20,91
1,r_69_51_59,seq57,seq94,r_69_51_59,1.0,0,59,59,91
86,seq94,r_28_144_14,r_69_51_59,r_69_51_59,1.0,3,62,59,91
31,r_25_50_147,r_91_58_148,r_115_1_38,r_25_50_147,1.0,0,147,147,91
27,r_16_5_100,r_131_11_21,seq102,r_16_5_100,1.0,0,100,100,91
95,seq116,r_63_134_150,r_130_15_98,r_130_15_98,0.53,52,150,98,91
35,r_136_81_197,seq32,r_92_68_23,r_136_81_197,0.64,-80,117,197,91
13,r_52_34_107,seq27,r_105_80_15,r_52_34_107,0.85,-2,105,107,91
9,r_92_68_23,r_25_50_147,seq39,r_92_68_23,1.0,0,23,23,91
31,r_25_50_147,r_141_95_112,r_91_58_148,r_25_50_147,0.76,-33,114,147,91
41,r_124_14_188,seq32,seq64,r_124_14_188,0.39,-105,83,188,91
50,seq4,r_69_51_59,r_142_143_18,r_69_51_59,0.83,-18,41,59,91
26,r_115_1_38,r_53_125_52,seq116,r_53_125_52,0.9,-1,51,52,91
10,r_113_41_82,seq19,r_69_51_59,r_113_41_82,1.0,0,82,82,91
18,r_36_46_57,r_16_5_100,r_6_65_182,r_36_46_57,0.98,0,57,57,91
90,seq107,r_96_0_178,seq19,r_96_0_178,0.81,0,178,178,91
26,r_115_1_38,r_138_104_20,r_53_125_52,r_115_1_38,0.62,-10,28,38,91
0,r_7_146_64,seq84,seq37,r_7_146_64,1.0,0,64,64,91
63,seq35,r_130_15_98,seq10,r_130_15_98,0.87,-22,76,98,91
11,r_40_110_77,seq13,r_74_30_130,r_40_110_77,0.98,0,77,77,91
5,r_139_149_46,r_67_109_162,r_54_126_85,r_54_126_85,0.73,-38,47,85,91
13,r_52_34_107,r_118_23_73,seq27,r_118_23_73,0.95,-1,72,73,91
15,r_44_127_65,r_25_50_147,seq82,r_44_127_65,1.0,0,65,65,91
48,r_6_65_182,seq135,r_36_46_57,r_36_46_57,1.0,38,95,57,91
27,r_16_5_100,seq102,r_67_109_162,r_67_109_162,1.0,4,166,162,91
27,r_16_5_100,seq21,r_131_11_21,r_131_11_21,1.0,12,33,21,91
8,r_3_86_28,r_66_111_94,seq73,r_3_86_28,1.0,0,28,28,91
87,seq102,r_89_9_170,r_133_60_127,r_133_60_127,0.96,0,127,127,91
6,r_54_126_85,r_139_149_46,seq49,r_54_126_85,0.76,-4,81,85,91
46,r_74_30_130,r_40_110_77,seq64,r_74_30_130,0.99,2,132,130,91
26,r_115_1_38,seq116,r_101_98_158,r_101_98_158,0.34,-64,94,158,91
2,r_59_20_137,seq38,r_66_111_94,r_66_111_94,0.99,1,95,94,91
41,r_124_14_188,seq64,r_22_99_61,r_22_99_61,0.74,127,188,61,91
20,r_67_109_162,r_139_149_46,seq123,r_139_149_46,1.0,0,46,46,91
24,r_45_70_22,seq71,r_131_11_21,r_45_70_22,1.0,0,22,22,91
6,r_54_126_85,seq49,r_139_149_46,r_139_149_46,0.98,1,47,46,91
29,r_141_95_112,r_25_50_147,r_22_99_61,r_141_95_112,0.98,2,114,112,91
25,r_77_2_78,r_63_134_150,seq137,r_77_2_78,0.87,0,78,78,91
33,r_47_132_105,seq75,seq27,r_47_132_105,0.98,0,105,105,91
48,r_6_65_182,r_36_46_57,r_131_11_21,r_6_65_182,0.79,0,182,182,91
64,seq37,seq4,r_7_146_64,r_7_146_64,1.0,1,65,64,91
40,r_142_143_18,r_40_110_77,seq4,r_142_143_18,0.99,0,18,18,91
19,r_28_144_14,r_36_46_57,seq94,r_28_144_14,0.9,0,14,14,91
20,r_67_109_162,seq123,r_16_5_100,r_67_109_162,0.59,0,162,162,91
42,r_131_11_21,r_16_5_100,seq21,r_16_5_100,1.0,-8,92,100,91
32,r_89_9_170,seq90,seq8,r_89_9_170,0.68,0,170,170,91
38,r_130_15_98,seq35,seq116,r_130_15_98,0.98,0,98,98,91
77,seq78,r_33_100_74,seq94,r_33_100_74,0.99,0,74,74,91
5,r_139_149_46,r_54_126_85,r_118_23_73,r_139_149_46,0.99,35,81,46,91
34,r_24_29_67,seq93,r_22_99_61,r_24_29_67,0.99,0,67,67,91
16,r_55_18_104,r_7_146_64,seq112,r_55_18_104,0.32,-45,59,104,91
43,r_97_31_13,r_47_132_105,seq93,r_47_132_105,0.86,-92,13,105,91
56,seq13,r_44_127_65,r_91_58_148,r_91_58_148,0.97,1,149,148,91
17,r_133_60_127,seq39,seq102,r_133_60_127,0.97,0,127,127,91
61,seq27,seq13,r_47_132_105,r_47_132_105,0.76,0,105,105,91
11,r_40_110_77,r_74_30_130,seq72,r_74_30_130,0.9,0,130,130,91
79,seq82,r_131_11_21,r_26_62_183,r_131_11_21,0.67,-2,19,21,91
22,r_129_140_153,seq137,r_77_2_78,r_77_2_78,1.0,70,148,78,91
28,r_105_80_15,seq112,r_52_34_107,r_52_34_107,1.0,33,140,107,91
42,r_131_11_21,seq82,r_16_5_100,r_131_11_21,1.0,0,21,21,91
49,r_91_58_148,seq83,seq13,r_91_58_148,0.96,0,148,148,91
47,r_128_103_39,r_63_134_150,seq75,r_128_103_39,1.0,5,44,39,91
1,r_69_51_59,seq94,r_113_41_82,r_113_41_82,0.98,22,104,82,91
56,seq13,r_40_110_77,seq27,r_40_110_77,0.86,0,77,77,91
7,r_22_99_61,seq79,seq39,r_22_99_61,0.97,0,61,61,91
18,r_36_46_57,r_6_65_182,seq135,r_6_65_182,0.67,1,183,182,91
44,r_118_23_73,r_52_34_107,r_139_149_46,r_118_23_73,1.0,0,73,73,91
23,r_33_100_74,seq78,seq61,r_33_100_74,1.0,0,74,74,91
2,r_59_20_137,r_66_111_94,seq32,r_59_20_137,0.95,0,137,137,91
16,r_55_18_104,seq112,r_3_86_28,r_55_18_104,0.96,0,104,104,91
12,r_96_0_178,seq107,r_113_41_82,r_113_41_82,0.99,96,178,82,91
4,r_24_40_22,seq31,seq2,r_24_40_22,0.9,0,22,22,92
40,r_85_54_26,r_120_62_170,seq119,r_120_62_170,0.96,0,170,170,92
28,r_6_57_43,r_18_77_177,seq31,r_6_57_43,1.0,0,43,43,92
36,r_1_104_81,r_137_14_194,r_123_47_121,r_1_104_81,0.97,1,82,81,92
66,seq34,r_145_58_48,r_124_101_146,r_124_101_146,0.87,0,146,146,92
14,r_120_62_170,seq143,r_24_40_22,r_120_62_170,0.82,0,170,170,92
53,seq5,r_65_4_117,seq2,r_65_4_117,1.0,4,121,117,92
43,r_26_94_83,seq50,seq23,r_26_94_83,0.76,27,110,83,92
41,r_149_130_186,r_76_142_33,r_24_40_22,r_149_130_186,0.85,0,186,186,92
83,seq87,seq93,r_43_118_40,r_43_118_40,1.0,58,98,40,92
19,r_83_90_184,r_97_32_34,seq44,r_83_90_184,0.47,0,184,184,92
86,seq143,r_120_62_170,seq119,r_120_62_170,0.99,-2,168,170,92
39,r_91_19_128,r_123_47_121,seq2,r_91_19_128,0.81,2,130,128,92
1,r_69_28_63,r_65_4_117,seq46,r_69_28_63,1.0,0,63,63,92
5,r_107_99_118,r_120_62_170,seq8,r_120_62_170,0.73,-86,84,170,92
46,r_124_101_146,r_149_130_186,seq34,r_124_101_146,0.99,0,146,146,92
42,r_82_129_181,seq17,r_145_58_48,r_82_129_181,0.32,0,181,181,92
69,seq41,r_100_133_78,seq71,r_100_133_78,1.0,0,78,78,92
45,r_63_33_80,seq128,r_73_84_72,r_63_33_80,1.0,0,80,80,92
30,r_18_77_177,r_6_57_43,seq96,r_6_57_43,1.0,1,44,43,92
70,seq44,seq92,r_83_90_184,r_83_90_184,0.73,2,186,184,92
31,r_135_0_140,seq45,seq27,r_135_0_140,0.7,0,140,140,92
41,r_149_130_186,r_124_101_146,r_76_142_33,r_149_130_186,0.87,-40,146,186,92
3,r_37_11_88,r_26_94_83,seq3,r_37_11_88,1.0,0,88,88,92
10,r_116_22_183,r_81_141_148,r_10_7_52,r_10_7_52,0.97,20,72,52,92
26,r_25_35_97,seq98,r_85_54_26,r_85_54_26,0.52,73,99,26,92
72,seq46,seq89,r_69_28_63,r_69_28_63,1.0,13,76,63,92
78,seq64,seq74,r_12_132_49,r_12_132_49,1.0,23,72,49,92
63,seq27,seq31,r_135_0_140,r_135_0_140,0.67,0,140,140,92
73,seq50,r_26_94_83,r_66_38_70,r_66_38_70,1.0,52,122,70,92
13,r_144_42_156,seq125,r_147_106_153,r_144_42_156,0.9,0,156,156,92
56,seq139,r_116_22_183,r_59_67_106,r_59_67_106,0.48,-1,105,106,92
27,r_70_78_98,r_148_110_151,r_123_47_121,r_148_110_151,0.83,0,151,151,92
4,r_24_40_22,seq2,r_120_62_170,r_120_62_170,0.79,1,171,170,92
16,r_76_142_33,seq23,seq128,r_76_142_33,1.0,-1,32,33,92
6,r_148_110_151,r_81_141_148,r_70_78_98,r_70_78_98,0.99,-3,95,98,92
11,r_56_95_4,seq64,r_12_132_49,r_12_132_49,1.0,0,49,49,92
21,r_10_7_52,r_116_22_183,r_123_47_121,r_123_47_121,0.99,62,183,121,92
70,seq44,r_43_118_40,seq52,r_43_118_40,0.91,1,41,40,92
10,r_116_22_183,r_10_7_52,r_18_77_177,r_116_22_183,0.73,0,183,183,92
27,r_70_78_98,r_147_106_153,r_148_110_151,r_70_78_98,0.91,0,98,98,92
19,r_83_90_184,seq17,r_97_32_34,r_97_32_34,1.0,8,42,34,92
30,r_18_77_177,seq96,seq21,r_18_77_177,0.57,0,177,177,92
48,r_147_106_153,r_149_130_186,r_146_86_75,r_146_86_75,0.86,2,77,75,92
8,r_12_132_49,seq98,r_56_95_4,r_12_132_49,1.0,0,49,49,92
22,r_146_86_75,r_147_106_153,r_148_110_151,r_146_86_75,1.0,75,150,75,92
40,r_85_54_26,seq139,r_120_62_170,r_85_54_26,0.96,0,26,26,92
36,r_1_104_81,r_123_47_121,r_146_86_75,r_123_47_121,1.0,-2,119,121,92
29,r_112_29_67,r_120_62_170,seq27,r_112_29_67,0.99,1,68,67,92
24,r_100_133_78,seq41,seq89,r_100_133_78,1.0,0,78,78,92
25,r_73_84_72,seq34,r_63_33_80,r_73_84_72,0.99,0,72,72,92
33,r_123_47_121,r_91_19_128,r_65_4_117,r_123_47_121,0.74,0,121,121,92
48,r_147_106_153,r_146_86_75,seq45,r_147_106_153,0.98,1,154,153,92
88,seq93,seq87,r_43_118_40,r_43_118_40,0.99,64,104,40,92
20,r_97_32_34,r_83_90_184,r_81_141_148,r_81_141_148,0.84,36,184,148,92
61,seq21,r_115_109_171,seq111,r_115_109_171,0.94,1,172,171,92
32,r_60_9_165,seq114,seq50,r_60_9_165,0.47,0,165,165,92
38,r_59_67_106,r_107_99_118,seq139,r_59_67_106,0.96,1,107,106,92
29,r_112_29_67,seq27,seq71,r_112_29_67,0.32,29,96,67,92
6,r_148_110_151,r_70_78_98,r_146_86_75,r_148_110_151,1.0,0,151,151,92
48,r_147_106_153,r_136_126_44,r_149_130_186,r_136_126_44,0.8,0,44,44,92
18,r_43_118_40,seq44,r_136_126_44,r_43_118_40,1.0,6,46,40,92
34,r_137_14_194,r_1_104_81,r_145_58_48,r_137_14_194,1.0,-133,61,194,92
97,seq121,r_127_103_198,r_140_108_8,r_140_108_8,0.65,48,56,8,92
81,seq74,seq64,r_12_132_49,r_12_132_49,1.0,13,62,49,92
17,r_65_4_117,seq2,r_123_47_121,r_123_47_121,0.5,0,121,121,92
20,r_97_32_34,r_120_62_170,r_83_90_184,r_97_32_34,1.0,0,34,34,92
94,seq114,seq55,r_75_113_84,r_75_113_84,1.0,2,86,84,92
21,r_10_7_52,r_120_62_170,r_116_22_183,r_10_7_52,1.0,0,52,52,92
9,r_138_131_174,seq8,r_145_58_48,r_145_58_48,1.0,126,174,48,92
26,r_25_35_97,r_85_54_26,r_115_109_171,r_115_109_171,1.0,0,171,171,92
56,seq139,r_85_54_26,r_116_22_183,r_85_54_26,1.0,-6,20,26,92
22,r_146_86_75,seq39,r_147_106_153,r_146_86_75,1.0,0,75,75,92
49,r_81_141_148,r_116_22_183,r_97_32_34,r_116_22_183,0.65,-33,150,183,92
47,r_136_126_44,r_147_106_153,r_43_118_40,r_136_126_44,0.99,0,44,44,92
0,r_145_58_48,r_120_62_170,r_137_14_194,r_145_58_48,1.0,0,48,48,92
7,r_66_38_70,seq128,seq23,r_66_38_70,1.0,0,70,70,92
44,r_13_48_185,seq39,r_97_32_34,r_13_48_185,0.41,1,186,185,92
23,r_75_113_84,r_37_11_88,seq114,r_75_113_84,1.0,0,84,84,92
12,r_49_61_120,seq89,seq3,r_49_61_120,0.97,1,121,120,92
84,seq88,seq8,r_25_35_97,r_25_35_97,1.0,22,119,97,92
30,r_88_53_149,seq48,r_78_84_85,r_88_53_149,0.56,0,149,149,93
44,r_98_55_49,r_103_131_132,r_83_32_182,r_103_131_132,1.0,0,132,132,93
6,r_103_131_132,r_149_1_101,r_98_55_49,r_98_55_49,0.89,3,52,49,93
92,seq107,r_77_117_178,r_141_79_23,r_141_79_23,0.83,69,92,23,93
65,seq29,r_98_55_49,seq101,r_98_55_49,1.0,-3,46,49,93
14,r_138_122_179,r_109_15_148,r_76_128_128,r_76_128_128,0.61,14,142,128,93
43,r_132_33_144,seq73,seq2,r_132_33_144,0.71,1,145,144,93
35,r_30_120_10,seq92,seq67,r_30_120_10,0.98,0,10,10,93
4,r_124_37_9,r_130_60_197,seq96,r_124_37_9,0.96,1,10,9,93
37,r_119_111_147,seq121,seq112,r_119_111_147,0.61,0,147,147,93
59,seq18,seq48,r_63_52_164,r_63_52_164,1.0,2,166,164,93
10,r_90_71_96,r_114_95_150,seq47,r_114_95_150,1.0,0,150,150,93
16,r_10_87_138,r_132_33_144,seq147,r_10_87_138,0.95,0,138,138,93
97,seq121,r_119_111_147,seq44,r_119_111_147,0.93,0,147,147,93
5,r_63_52_164,seq82,seq18,r_63_52_164,0.75,0,164,164,93
46,r_109_15_148,r_138_122_179,r_30_120_10,r_138_122_179,0.64,-32,147,179,93
42,r_114_95_150,r_105_43_168,r_134_31_177,r_114_95_150,0.54,1,151,150,93
80,seq73,r_132_33_144,seq11,r_132_33_144,0.78,3,147,144,93
33,r_38_24_59,seq125,seq91,r_38_24_59,0.99,0,59,59,93
19,r_83_32_182,r_26_58_129,r_98_55_49,r_83_32_182,0.7,-53,129,182,93
15,r_17_145_33,r_85_42_167,r_105_43_168,r_105_43_168,0.6,0,168,168,93
1,r_5_35_109,r_105_43_168,r_138_122_179,r_5_35_109,0.43,-54,55,109,93
95,seq112,r_130_60_197,r_119_111_147,r_119_111_147,0.82,0,147,147,93
66,seq34,r_63_52_164,r_78_84_85,r_78_84_85,0.98,0,85,85,93
24,r_77_117_178,seq135,seq107,r_77_117_178,0.54,-136,42,178,93
31,r_22_115_139,seq13,r_85_42_167,r_22_115_139,0.49,0,139,139,93
41,r_94_100_125,seq96,seq146,r_94_100_125,0.82,3,128,125,93
67,seq39,seq96,r_140_123_104,r_140_123_104,1.0,5,109,104,93
64,seq27,seq8,r_28_3_57,r_28_3_57,0.99,0,57,57,93
3,r_105_43_168,r_114_95_150,r_90_71_96,r_90_71_96,0.59,54,150,96,93
10,r_90_71_96,seq72,r_114_95_150,r_90_71_96,0.98,1,97,96,93
26,r_134_31_177,r_26_58_129,r_98_55_49,r_134_31_177,0.61,-53,124,177,93
98,seq125,r_132_33_144,r_149_1_101,r_149_1_101,1.0,1,102,101,93
0,r_76_128_128,r_77_117_178,r_138_122_179,r_76_128_128,0.81,0,128,128,93
38,r_75_7_58,seq49,seq102,r_75_7_58,1.0,-3,55,58,93
63,seq23,r_97_110_146,r_66_126_70,r_66_126_70,0.89,76,146,70,93
11,r_66_126_70,r_119_111_147,seq23,r_66_126_70,1.0,0,70,70,93
39,r_45_19_14,r_133_80_31,seq92,r_133_80_31,0.59,-17,14,31,93
20,r_85_42_167,r_78_84_85,r_17_145_33,r_85_42_167,0.82,-83,84,167,93
98,seq125,r_38_24_59,r_132_33_144,r_38_24_59,0.83,1,60,59,93
36,r_141_79_23,r_28_3_57,seq107,r_141_79_23,0.76,-3,20,23,93
48,r_54_57_121,seq146,seq135,r_54_57_121,1.0,0,121,121,93
57,seq13,r_22_115_139,seq93,r_22_115_139,0.51,0,139,139,93
13,r_106_12_55,seq11,r_97_110_146,r_106_12_55,0.52,81,136,55,93
1,r_5_35_109,r_138_122_179,seq61,r_5_35_109,0.98,0,109,109,93
99,seq127,r_113_142_186,r_138_122_179,r_113_142_186,0.34,0,186,186,93
8,r_140_123_104,seq64,r_143_40_44,r_143_40_44,1.0,1,45,44,93
3,r_105_43_168,r_90_71_96,r_17_145_33,r_90_71_96,0.88,72,168,96,93
27,r_130_60_197,r_69_0_190,r_119_111_147,r_119_111_147,0.99,39,186,147,93
7,r_28_3_57,r_119_111_147,seq27,r_28_3_57,0.99,0,57,57,93
13,r_106_12_55,r_97_110_146,seq11,r_106_12_55,0.9,0,55,55,93
2,r_97_110_146,seq23,r_106_12_55,r_106_12_55,0.86,92,147,55,93
28,r_118_89_40,r_103_131_132,seq74,r_118_89_40,1.0,0,40,40,93
15,r_17_145_33,r_138_122_179,r_85_42_167,r_17_145_33,1.0,0,33,33,93
20,r_85_42_167,r_22_115_139,seq116,r_85_42_167,0.88,0,167,167,93
40,r_69_0_190,r_130_60_197,r_26_58_129,r_26_58_129,0.74,61,190,129,93
18,r_50_68_152,seq148,r_118_89_40,r_50_68_152,0.88,0,152,152,93
29,r_26_58_129,r_103_131_132,r_45_19_14,r_26_58_129,0.99,0,129,129,93
20,r_85_42_167,r_17_145_33,r_22_115_139,r_22_115_139,0.88,3,142,139,93
0,r_76_128_128,r_138_122_179,r_85_42_167,r_138_122_179,0.7,0,179,179,93
25,r_143_40_44,r_85_42_167,r_140_123_104,r_143_40_44,1.0,0,44,44,93
35,r_30_120_10,seq67,r_109_15_148,r_109_15_148,0.95,3,151,148,93
7,r_28_3_57,r_141_79_23,r_119_111_147,r_141_79_23,0.91,-3,20,23,93
47,r_36_70_32,seq74,seq67,r_36_70_32,0.99,-1,31,32,93
85,seq91,seq48,r_38_24_59,r_38_24_59,0.87,0,59,59,93
58,seq16,seq99,r_20_104_62,r_20_104_62,1.0,10,72,62,93
6,r_103_131_132,r_98_55_49,seq9,r_103_131_132,0.97,0,132,132,93
8,r_140_123_104,r_143_40_44,seq39,r_140_123_104,1.0,0,104,104,93
61,seq148,r_50_68_152,r_20_104_62,r_20_104_62,0.78,90,152,62,93
81,seq74,r_133_80_31,r_118_89_40,r_118_89_40,0.51,18,58,40,93
14,r_138_122_179,r_76_128_128,seq127,r_138_122_179,0.94,0,179,179,93
44,r_98_55_49,seq29,r_103_131_132,r_98_55_49,0.99,0,49,49,93
34,r_133_80_31,seq129,seq74,r_133_80_31,0.86,0,31,31,93
25,r_143_40_44,r_140_123_104,seq64,r_140_123_104,1.0,0,104,104,93
26,r_134_31_177,r_98_55_49,r_114_95_150,r_134_31_177,0.89,5,182,177,93
9,r_149_1_101,r_103_131_132,seq125,r_149_1_101,1.0,0,101,101,93
28,r_118_89_40,seq74,r_50_68_152,r_50_68_152,0.98,14,166,152,93
34,r_133_80_31,seq74,r_118_89_40,r_118_89_40,0.94,3,43,40,93
22,r_136_144_80,r_46_14_74,seq101,r_136_144_80,0.99,-6,74,80,93
31,r_22_115_139,r_85_42_167,r_141_79_23,r_85_42_167,1.0,0,167,167,93
49,r_20_104_62,r_97_110_146,seq16,r_20_104_62,0.96,0,62,62,93
23,r_46_14_74,r_136_144_80,seq72,r_46_14_74,1.0,0,74,74,93
12,r_78_84_85,r_85_42_167,seq34,r_78_84_85,0.99,0,85,85,93
71,seq49,r_66_126_70,seq127,r_66_126_70,0.97,4,74,70,93
30,r_91_133_71,seq72,seq100,r_91_133_71,1.0,0,71,71,94
47,r_45_58_22,r_60_24_93,seq3,r_45_58_22,1.0,0,22,22,94
36,r_110_32_127,seq144,r_127_131_119,r_110_32_127,0.93,0,127,127,94
48,r_38_112_30,r_51_111_180,seq68,r_38_112_30,0.99,0,30,30,94
3,r_108_34_8,seq142,r_95_2_73,r_95_2_73,1.0,1,74,73,94
54,seq134,r_21_98_185,r_60_24_93,r_60_24_93,0.87,-1,92,93,94
23,r_89_123_53,r_60_24_93,seq0,r_89_123_53,1.0,1,54,53,94
71,seq47,seq132,r_118_84_20,r_118_84_20,1.0,2,22,20,94
16,r_8_43_63,r_94_93_25,r_28_92_33,r_8_43_63,0.98,-38,25,63,94
1,r_85_73_144,seq0,r_149_48_151,r_85_73_144,0.79,0,144,144,94
5,r_64_102_175,seq59,seq75,r_64_102_175,0.73,0,175,175,94
21,r_99_116_52,r_63_122_184,r_79_126_82,r_79_126_82,1.0,7,89,82,94
46,r_103_143_64,r_7_121_169,seq105,r_103_143_64,1.0,0,64,64,94
42,r_21_98_185,seq26,r_27_81_39,r_21_98_185,0.22,0,185,185,94
16,r_8_43_63,r_28_92_33,seq144,r_8_43_63,1.0,0,63,63,94
15,r_129_115_50,r_42_101_79,seq12,r_129_115_50,1.0,0,50,50,94
45,r_44_67_176,seq140,r_99_116_52,r_99_116_52,1.0,77,129,52,94
66,seq31,r_45_58_22,seq142,r_45_58_22,0.84,0,22,22,94
27,r_1_15_54,seq97,seq35,r_1_15_54,1.0,0,54,54,94
15,r_129_115_50,seq12,r_49_16_131,r_129_115_50,0.48,89,139,50,94
14,r_118_84_20,r_149_48_151,seq47,r_118_84_20,1.0,0,20,20,94
37,r_28_92_33,r_8_43_63,r_5_78_48,r_28_92_33,0.86,30,63,33,94
67,seq33,r_136_113_132,seq3,r_136_113_132,0.8,0,132,132,94
89,seq90,seq119,r_17_145_171,r_17_145_171,0.45,1,172,171,94
28,r_71_66_29,seq3,seq86,r_71_66_29,1.0,0,29,29,94
26,r_77_137_76,r_85_73_144,seq59,r_77_137_76,0.99,1,77,76,94
12,r_125_37_11,r_71_66_29,seq132,r_125_37_11,0.99,0,11,11,94
78,seq61,r_17_145_171,r_89_123_53,r_89_123_53,0.92,116,169,53,94
0,r_136_113_132,seq33,seq148,r_136_113_132,0.93,0,132,132,94
37,r_28_92_33,r_139_135_83,r_8_43_63,r_28_92_33,0.69,1,34,33,94
73,seq52,seq124,r_27_81_39,r_27_81_39,1.0,91,130,39,94
11,r_96_20_150,seq114,r_89_123_53,r_96_20_150,0.6,1,151,150,94
32,r_120_74_34,seq13,seq117,r_120_74_34,0.81,5,39,34,94
13,r_7_121_169,r_103_143_64,r_4_25_189,r_103_143_64,1.0,1,65,64,94
10,r_27_81_39,r_60_24_93,r_76_6_44,r_27_81_39,1.0,0,39,39,94
57,seq13,seq12,r_49_16_131,r_49_16_131,0.51,3,134,131,94
13,r_7_121_169,r_4_25_189,seq75,r_7_121_169,0.74,-5,164,169,94
6,r_60_24_93,seq11,seq26,r_60_24_93,1.0,0,93,93,94
76,seq57,r_99_116_52,seq35,r_99_116_52,1.0,-2,50,52,94
2,r_139_135_83,r_136_113_132,seq128,r_139_135_83,0.67,2,85,83,94
40,r_51_111_180,seq100,r_38_112_30,r_38_112_30,1.0,150,180,30,94
74,seq53,r_23_18_161,r_149_48_151,r_23_18_161,0.58,-8,153,161,94
18,r_56_62_138,seq29,seq144,r_56_62_138,0.84,1,139,138,94
29,r_95_2_73,r_42_101_79,r_108_34_8,r_95_2_73,1.0,0,73,73,94
45,r_44_67_176,r_99_116_52,seq40,r_44_67_176,0.92,0,176,176,94
25,r_23_18_161,seq53,r_5_78_48,r_23_18_161,0.66,0,161,161,94
58,seq142,seq53,r_36_88_9,r_36_88_9,0.88,4,13,9,94
33,r_49_16_131,r_51_111_180,seq13,r_49_16_131,0.56,2,133,131,94
64,seq26,r_21_98_185,r_39_54_19,r_39_54_19,0.99,166,185,19,94
50,seq0,r_85_73_144,r_89_123_53,r_89_123_53,0.78,91,144,53,94
92,seq105,r_130_141_172,r_94_93_25,r_94_93_25,0.93,1,26,25,94
38,r_17_145_171,seq61,seq90,r_17_145_171,0.49,0,171,171,94
9,r_5_78_48,r_7_121_169,r_28_92_33,r_5_78_48,0.99,2,50,48,94
24,r_94_93_25,r_8_43_63,seq105,r_94_93_25,1.0,0,25,25,94
28,r_71_66_29,seq86,seq40,r_71_66_29,0.47,56,85,29,94
75,seq55,r_76_6_44,r_27_81_39,r_27_81_39,1.0,24,63,39,94
21,r_99_116_52,seq57,r_63_122_184,r_99_116_52,0.97,0,52,52,94
31,r_130_141_172,seq128,r_89_123_53,r_130_141_172,0.69,0,172,172,94
22,r_109_10_122,seq68,r_120_74_34,r_109_10_122,0.71,0,122,122,94
91,seq100,r_51_111_180,r_91_133_71,r_91_133_71,1.0,62,133,71,94
68,seq35,seq57,r_1_15_54,r_1_15_54,1.0,1,55,54,94
84,seq75,r_91_133_71,r_7_121_169,r_7_121_169,0.92,-2,167,169,94
7,r_14_30_164,seq100,seq128,r_14_30_164,0.59,0,164,164,94
44,r_79_126_82,seq117,r_99_116_52,r_79_126_82,0.96,2,84,82,94
35,r_46_70_116,seq119,r_77_137_76,r_77_137_76,0.64,41,117,76,94
84,seq75,r_49_16_131,r_91_133_71,r_91_133_71,0.94,36,107,71,94
33,r_7_145_110,seq16,r_8_77_40,r_8_77_40,0.9,5,45,40,95
30,r_136_14_63,seq5,seq94,r_136_14_63,0.96,0,63,63,95
20,r_132_53_12,seq1,seq47,r_132_53_12,1.0,0,12,12,95
51,seq2,r_11_81_78,seq22,r_11_81_78,1.0,-9,69,78,95
36,r_148_137_158,seq61,r_54_141_139,r_148_137_158,0.88,0,158,158,95
14,r_133_44_103,seq36,r_55_91_95,r_133_44_103,0.99,0,103,103,95
8,r_11_81_78,seq2,seq83,r_11_81_78,1.0,0,78,78,95
43,r_79_93_109,seq69,r_84_124_124,r_79_93_109,0.92,0,109,109,95
37,r_65_72_119,seq109,seq26,r_65_72_119,0.96,0,119,119,95
18,r_27_102_177,r_98_134_137,r_64_112_64,r_98_134_137,0.67,-81,56,137,95
86,seq87,seq1,r_107_80_122,r_107_80_122,1.0,9,131,122,95
16,r_43_103_70,r_99_60_71,r_79_93_109,r_43_103_70,0.98,0,70,70,95
39,r_0_97_160,r_21_32_74,r_96_74_134,r_21_32_74,0.56,86,160,74,95
24,r_100_75_27,seq116,seq109,r_100_75_27,0.99,1,28,27,95
5,r_64_112_64,r_147_120_196,r_27_102_177,r_64_112_64,0.99,0,64,64,95
88,seq94,r_107_80_122,r_136_14_63,r_107_80_122,1.0,-8,114,122,95
35,r_19_88_143,r_86_119_51,seq76,r_86_119_51,0.99,0,51,51,95
22,r_15_122_56,r_31_25_173,r_66_48_18,r_15_122_56,0.99,0,56,56,95
33,r_7_145_110,r_8_77_40,seq142,r_7_145_110,1.0,0,110,110,95
27,r_8_77_40,r_7_145_110,seq16,r_7_145_110,1.0,1,111,110,95
31,r_24_49_117,seq115,seq142,r_24_49_117,1.0,0,117,117,95
64,seq30,r_101_144_36,seq142,r_101_144_36,1.0,0,36,36,95
3,r_54_141_139,seq51,seq83,r_54_141_139,0.66,0,139,139,95
10,r_140_18_86,seq110,seq51,r_140_18_86,0.91,0,86,86,95
23,r_101_144_36,r_143_35_127,r_12_121_83,r_101_144_36,0.98,49,85,36,95
4,r_149_126_157,seq5,r_98_134_137,r_149_126_157,0.93,0,157,157,95
2,r_66_48_18,seq57,seq69,r_66_48_18,0.95,1,19,18,95
0,r_98_134_137,seq37,r_34_71_65,r_34_71_65,1.0,1,66,65,95
63,seq28,seq57,r_55_91_95,r_55_91_95,1.0,18,113,95,95
11,r_99_60_71,seq115,r_82_59_192,r_99_60_71,1.0,1,72,71,95
50,seq1,seq87,r_68_70_5,r_68_70_5,0.72,12,17,5,95
15,r_55_91_95,r_82_59_192,seq28,r_55_91_95,0.87,0,95,95,95
49,r_34_71_65,r_98_134_137,r_96_74_134,r_98_134_137,0.63,0,137,137,95
47,r_92_45_50,seq37,seq61,r_92_45_50,1.0,0,50,50,95
57,seq142,seq30,r_24_49_117,r_24_49_117,1.0,1,118,117,95
6,r_96_74_134,r_149_126_157,r_34_71_65,r_96_74_134,0.74,0,134,134,95
13,r_118_73_13,seq111,seq146,r_118_73_13,0.85,1,14,13,95
85,seq85,r_143_35_127,seq78,r_143_35_127,1.0,0,127,127,95
5,r_64_112_64,r_27_102_177,r_96_74_134,r_27_102_177,0.47,0,177,177,95
19,r_130_38_53,seq94,seq37,r_130_38_53,1.0,1,54,53,95
0,r_98_134_137,r_34_71_65,seq51,r_98_134_137,0.82,0,137,137,95
30,r_136_14_63,seq94,r_52_10_161,r_52_10_161,0.87,12,173,161,95
12,r_31_25_173,r_15_122_56,seq110,r_15_122_56,1.0,0,56,56,95
40,r_12_121_83,r_19_88_143,r_101_144_36,r_12_121_83,0.98,0,83,83,95
29,r_3_90_112,r_107_80_122,seq13,r_3_90_112,0.86,3,115,112,95
88,seq94,r_130_38_53,r_107_80_122,r_130_38_53,1.0,1,54,53,95
35,r_19_88_143,seq76,r_65_72_119,r_19_88_143,0.96,0,143,143,95
25,r_82_59_192,r_140_18_86,r_99_60_71,r_82_59_192,1.0,-121,71,192,95
32,r_20_63_76,r_15_122_56,r_130_38_53,r_20_63_76,0.96,0,76,76,95
16,r_43_103_70,r_79_93_109,r_66_48_18,r_79_93_109,0.99,0,109,109,95
70,seq135,r_34_71_65,seq51,r_34_71_65,1.0,0,65,65,95
21,r_17_117_22,r_143_35_127,seq111,r_143_35_127,0.68,-90,37,127,95
42,r_21_32_74,r_0_97_160,seq26,r_0_97_160,0.88,0,160,160,95
32,r_20_63_76,seq69,r_15_122_56,r_15_122_56,0.71,4,60,56,95
38,r_40_39_130,r_106_95_167,r_84_124_124,r_40_39_130,0.89,0,130,130,95
23,r_101_144_36,seq30,r_143_35_127,r_101_144_36,1.0,0,36,36,95
52,seq5,r_149_126_157,seq129,r_149_126_157,0.94,0,157,157,95
34,r_138_104_163,seq62,seq26,r_138_104_163,0.89,0,163,163,95
94,seq114,r_34_71_65,seq51,r_34_71_65,1.0,0,65,65,95
9,r_106_95_167,seq22,seq57,r_106_95_167,0.55,1,168,167,95
77,seq58,r_21_32_74,r_86_119_51,r_86_119_51,0.98,1,52,51,95
49,r_34_71_65,seq114,r_98_134_137,r_34_71_65,1.0,0,65,65,95
44,r_143_35_127,seq85,seq69,r_143_35_127,0.98,0,127,127,95
82,seq76,r_131_128_123,r_84_124_124,r_131_128_123,1.0,0,123,123,95
27,r_8_77_40,r_43_103_70,r_7_145_110,r_8_77_40,1.0,1,41,40,95
48,r_86_119_51,r_19_88_143,seq58,r_86_119_51,0.99,0,51,51,95
30,r_82_25_132,r_51_30_138,seq144,r_82_25_132,0.9,-1,131,132,96
92,seq107,r_37_5_98,seq144,r_37_5_98,0.99,-1,97,98,96
66,seq45,seq118,r_56_47_77,r_56_47_77,0.49,111,188,77,96
93,seq146,r_132_59_44,r_4_20_36,r_4_20_36,0.88,14,50,36,96
53,seq131,r_133_93_99,seq130,r_133_93_99,1.0,-3,96,99,96
43,r_133_93_99,r_117_1_142,seq80,r_133_93_99,0.98,0,99,99,96
9,r_74_142_34,r_61_112_62,seq118,r_74_142_34,0.88,0,34,34,96
17,r_115_125_115,r_33_58_110,seq28,r_115_125_115,0.58,53,168,115,96
33,r_88_123_14,r_69_126_102,r_147_84_104,r_88_123_14,0.52,2,16,14,96
3,r_105_110_27,seq15,r_60_40_85,r_60_40_85,1.0,6,91,85,96
59,seq145,seq64,r_69_126_102,r_69_126_102,1.0,30,132,102,96
16,r_129_90_64,r_11_36_56,seq72,r_11_36_56,0.98,4,60,56,96
21,r_33_58_110,r_9_149_150,seq130,r_33_58_110,0.55,3,113,110,96
1,r_17_106_15,r_148_39_156,r_51_30_138,r_17_106_15,0.6,140,155,15,96
5,r_61_112_62,r_37_5_98,r_8_63_158,r_61_112_62,1.0,0,62,62,96
23,r_147_84_104,r_9_149_150,seq15,r_9_149_150,0.76,3,153,150,96
29,r_27_55_143,r_148_39_156,seq146,r_27_55_143,0.41,-110,33,143,96
36,r_87_109_10,r_14_70_175,r_24_141_19,r_24_141_19,0.95,2,21,19,96
19,r_31_89_141,r_9_149_150,seq118,r_31_89_141,0.91,0,141,141,96
0,r_56_47_77,r_122_52_35,r_95_7_61,r_56_47_77,0.99,0,77,77,96
38,r_19_57_12,r_56_47_77,seq116,r_19_57_12,0.97,0,12,12,96
66,seq45,r_115_125_115,seq118,r_115_125_115,0.6,0,115,115,96
46,r_24_141_19,seq49,r_87_109_10,r_24_141_19,0.99,1,20,19,96
31,r_12_81_63,r_61_112_62,seq144,r_61_112_62,0.87,0,62,62,96
15,r_2_137_59,r_97_44_187,seq73,r_97_44_187,0.53,-128,59,187,96
41,r_26_23_189,seq85,r_61_112_62,r_26_23_189,0.26,0,189,189,96
67,seq48,r_29_32_121,r_67_38_75,r_67_38_75,0.51,37,112,75,96
37,r_148_39_156,r_132_59_44,r_17_106_15,r_17_106_15,0.85,0,15,15,96
26,r_9_149_150,r_33_58_110,r_147_84_104,r_9_149_150,0.8,-37,113,150,96
7,r_11_36_56,r_129_90_64,seq83,r_11_36_56,1.0,1,57,56,96
11,r_13_54_106,seq68,r_132_59_44,r_13_54_106,0.91,0,106,106,96
20,r_14_70_175,r_87_109_10,r_17_106_15,r_14_70_175,0.31,0,175,175,96
88,seq98,r_87_109_10,r_14_70_175,r_87_109_10,0.56,2,12,10,96
25,r_122_52_35,r_56_47_77,seq41,r_56_47_77,1.0,-1,76,77,96
40,r_4_20_36,r_133_93_99,seq146,r_4_20_36,1.0,0,36,36,96
48,r_42_71_103,seq135,seq68,r_42_71_103,0.85,0,103,103,96
23,r_147_84_104,r_27_55_143,r_9_149_150,r_147_84_104,0.72,0,104,104,96
48,r_42_71_103,seq68,r_27_55_143,r_27_55_143,0.62,4,147,143,96
60,seq18,r_101_136_9,r_6_100_57,r_6_100_57,0.99,2,59,57,96
6,r_29_32_121,seq48,r_33_58_110,r_29_32_121,0.95,0,121,121,96
62,seq28,r_124_108_126,r_115_125_115,r_115_125_115,0.93,18,133,115,96
5,r_61_112_62,r_8_63_158,r_22_134_133,r_61_112_62,0.79,95,157,62,96
26,r_9_149_150,r_147_84_104,seq98,r_9_149_150,0.94,0,150,150,96
2,r_95_7_61,r_11_36_56,r_56_47_77,r_95_7_61,0.71,17,78,61,96
27,r_46_16_86,seq143,seq43,r_46_16_86,0.98,3,89,86,96
2,r_95_7_61,seq35,r_11_36_56,r_95_7_61,0.97,1,62,61,96
47,r_97_44_187,r_2_137_59,seq41,r_97_44_187,0.7,0,187,187,96
14,r_132_59_44,seq146,seq64,r_132_59_44,0.74,13,57,44,96
3,r_105_110_27,seq79,seq15,r_105_110_27,0.45,0,27,27,96
18,r_22_134_133,r_26_23_189,r_56_47_77,r_22_134_133,0.8,1,134,133,96
24,r_117_1_142,seq130,r_12_81_63,r_117_1_142,0.47,0,142,142,96
35,r_8_63_158,r_61_112_62,seq43,r_8_63_158,0.57,0,158,158,96
1,r_17_106_15,r_51_30_138,r_14_70_175,r_17_106_15,0.61,165,180,15,96
34,r_67_38_75,seq91,seq48,r_67_38_75,1.0,1,76,75,96
45,r_121_76_30,r_122_52_35,seq139,r_121_76_30,0.97,0,30,30,96
33,r_88_123_14,seq146,seq64,r_88_123_14,0.49,137,151,14,96
0,r_56_47_77,seq80,r_122_52_35,r_122_52_35,1.0,3,38,35,96
81,seq79,seq138,r_120_3_136,r_120_3_136,1.0,5,141,136,96
17,r_115_125_115,seq45,r_33_58_110,r_115_125_115,0.86,3,118,115,96
49,r_37_5_98,seq107,seq80,r_37_5_98,1.0,0,98,98,96
25,r_122_52_35,r_140_34_168,r_56_47_77,r_122_52_35,0.88,0,35,35,96
24,r_117_1_142,r_12_81_63,r_148_39_156,r_117_1_142,0.57,16,158,142,96
1,r_17_106_15,r_22_134_133,r_148_39_156,r_17_106_15,0.92,0,15,15,96
37,r_148_39_156,r_17_106_15,r_117_1_142,r_148_39_156,0.56,-1,155,156,96
22,r_51_30_138,seq72,seq64,r_51_30_138,0.91,2,140,138,96
28,r_60_40_85,r_147_84_104,r_105_110_27,r_60_40_85,0.97,1,86,85,96
91,seq103,r_129_90_64,seq43,r_129_90_64,0.86,7,71,64,96
49,r_37_5_98,r_61_112_62,seq107,r_61_112_62,1.0,0,62,62,96
13,r_6_100_57,r_124_108_126,seq18,r_6_100_57,0.98,0,57,57,96
44,r_69_126_102,seq73,seq64,r_69_126_102,1.0,0,102,102,96
23,r_147_84_104,r_60_40_85,r_27_55_143,r_60_40_85,0.94,1,86,85,96
82,seq80,seq41,r_133_93_99,r_133_93_99,1.0,-2,97,99,96
35,r_8_63_158,r_2_137_59,r_61_112_62,r_61_112_62,0.96,0,62,62,96
12,r_86_66_160,seq138,r_56_47_77,r_86_66_160,0.54,0,160,160,96
84,seq85,r_26_23_189,r_120_3_136,r_120_3_136,0.96,52,188,136,96
30,r_86_49_67,seq88,seq11,r_86_49_67,0.96,0,67,67,97
36,r_25_82_50,r_72_78_106,seq57,r_72_78_106,0.54,-29,77,106,97
39,r_80_100_38,seq66,r_105_5_120,r_80_100_38,0.88,82,120,38,97
8,r_122_147_84,seq22,seq66,r_122_147_84,1.0,0,84,84,97
24,r_13_7_86,r_47_12_95,seq21,r_13_7_86,0.88,0,86,86,97
83,seq88,r_86_49_67,r_145_121_5,r_86_49_67,1.0,0,67,67,97
37,r_35_149_164,r_90_59_96,r_50_14_192,r_90_59_96,1.0,0,96,96,97
24,r_13_7_86,r_136_109_59,r_47_12_95,r_136_109_59,0.86,0,59,59,97
71,seq57,r_72_78_106,r_25_82_50,r_25_82_50,0.88,31,81,50,97
86,seq96,seq123,r_8_93_87,r_8_93_87,0.87,-1,86,87,97
16,r_89_134_143,seq65,seq133,r_89_134_143,0.5,0,143,143,97
1,r_105_5_120,seq11,r_80_100_38,r_105_5_120,0.95,0,120,120,97
46,r_60_87_103,r_9_4_82,seq95,r_9_4_82,0.93,-12,70,82,97
45,r_10_63_136,seq44,r_13_7_86,r_13_7_86,0.57,56,142,86,97
19,r_141_53_129,seq123,r_9_4_82,r_141_53_129,0.94,0,129,129,97
2,r_103_2_78,r_80_100_38,seq113,r_103_2_78,0.99,0,78,78,97
95,seq114,r_136_109_59,r_120_117_85,r_120_117_85,0.88,9,94,85,97
52,seq131,r_25_82_50,r_47_12_95,r_47_12_95,0.63,13,108,95,97
27,r_125_42_158,seq111,r_51_146_21,r_125_42_158,0.92,0,158,158,97
95,seq114,r_60_87_103,r_136_109_59,r_136_109_59,0.99,6,65,59,97
76,seq66,seq88,r_122_147_84,r_122_147_84,1.0,1,85,84,97
34,r_51_146_21,r_30_61_57,seq20,r_51_146_21,0.93,1,22,21,97
31,r_91_127_90,seq23,seq137,r_91_127_90,0.91,0,90,90,97
46,r_60_87_103,seq95,r_19_104_34,r_60_87_103,0.99,1,104,103,97
67,seq29,seq57,r_34_38_121,r_34_38_121,0.51,0,121,121,97
27,r_125_42_158,r_122_147_84,seq111,r_122_147_84,0.96,-41,43,84,97
26,r_9_4_82,r_60_87_103,r_43_75_51,r_9_4_82,1.0,0,82,82,97
92,seq111,r_122_147_84,r_32_92_4,r_122_147_84,0.71,-45,39,84,97
4,r_55_106_133,seq74,seq88,r_55_106_133,0.87,0,133,133,97
0,r_41_36_118,seq118,seq95,r_41_36_118,0.92,0,118,118,97
73,seq62,r_25_82_50,seq114,r_25_82_50,1.0,0,50,50,97
20,r_47_12_95,seq137,seq131,r_47_12_95,0.55,0,95,95,97
13,r_67_126_152,seq20,r_13_7_86,r_13_7_86,0.57,66,152,86,97
15,r_135_31_80,r_50_14_192,seq44,r_135_31_80,0.98,0,80,80,97
48,r_84_27_157,seq124,r_143_17_35,r_143_17_35,1.0,22,57,35,97
5,r_19_104_34,r_60_87_103,r_54_148_156,r_54_148_156,0.92,1,157,156,97
85,seq95,r_83_132_188,r_46_70_24,r_46_70_24,0.83,163,187,24,97
99,seq124,r_84_27_157,r_143_17_35,r_143_17_35,0.76,98,133,35,97
32,r_43_75_51,seq130,seq142,r_43_75_51,1.0,0,51,51,97
17,r_136_109_59,r_13_7_86,seq114,r_136_109_59,1.0,0,59,59,97
39,r_80_100_38,seq16,r_103_2_78,r_80_100_38,0.78,0,38,38,97
22,r_50_14_192,r_35_149_164,r_47_12_95,r_50_14_192,0.65,-28,164,192,97
39,r_80_100_38,r_103_2_78,seq66,r_103_2_78,0.96,0,78,78,97
47,r_33_97_176,r_72_78_106,seq57,r_72_78_106,0.94,-6,100,106,97
33,r_85_77_30,seq101,seq23,r_85_77_30,0.98,0,30,30,97
3,r_76_40_53,r_99_0_91,seq20,r_76_40_53,1.0,0,53,53,97
28,r_30_61_57,seq65,seq23,r_30_61_57,1.0,0,57,57,97
43,r_143_17_35,r_84_27_157,seq124,r_84_27_157,1.0,0,157,157,97
48,r_84_27_157,r_143_17_35,r_13_7_86,r_84_27_157,0.55,0,157,157,97
64,seq22,r_122_147_84,seq79,r_122_147_84,1.0,1,85,84,97
47,r_33_97_176,seq57,r_115_48_89,r_33_97_176,0.95,0,176,176,97
65,seq23,r_115_48_89,r_30_61_57,r_30_61_57,1.0,11,68,57,97
36,r_25_82_50,seq62,r_72_78_106,r_25_82_50,0.94,0,50,50,97
75,seq65,r_89_134_143,seq44,r_89_134_143,0.99,-47,96,143,97
59,seq142,seq56,r_43_75_51,r_43_75_51,1.0,0,51,51,97
12,r_24_144_166,seq118,r_128_39_151,r_24_144_166,0.88,0,166,166,97
38,r_90_59_96,r_35_149_164,r_30_61_57,r_90_59_96,0.91,0,96,96,97
52,seq131,seq29,r_25_82_50,r_25_82_50,0.98,19,69,50,97
49,r_46_70_24,r_86_49_67,seq95,r_46_70_24,1.0,0,24,24,97
75,seq65,r_30_61_57,r_89_134_143,r_30_61_57,0.97,4,61,57,97
60,seq15,r_72_78_106,r_25_82_50,r_25_82_50,1.0,31,81,50,97
81,seq74,r_55_106_133,seq64,r_55_106_133,0.8,0,133,133,97
2,r_103_2_78,seq58,r_80_100_38,r_80_100_38,0.85,1,39,38,97
43,r_143_17_35,seq28,r_84_27_157,r_143_17_35,1.0,0,35,35,97
94,seq113,seq112,r_103_2_78,r_103_2_78,1.0,0,78,78,97
9,r_72_78_106,r_33_97_176,r_45_26_7,r_72_78_106,0.6,0,106,106,97
42,r_6_116_39,seq112,seq16,r_6_116_39,0.96,0,39,39,97
26,r_9_4_82,r_43_75_51,r_141_53_129,r_141_53_129,1.0,28,157,129,97
96,seq118,r_41_36_118,seq133,r_41_36_118,1.0,0,118,118,97
52,seq131,r_47_12_95,r_81_110_142,r_81_110_142,0.98,0,142,142,97
5,r_19_104_34,seq108,seq56,r_19_104_34,0.92,5,39,34,97
37,r_35_149_164,r_50_14_192,seq69,r_35_149_164,0.9,-1,163,164,97
22,r_50_14_192,r_135_31_80,r_35_149_164,r_135_31_80,1.0,0,80,80,97
73,seq62,seq114,r_41_36_118,r_41_36_118,0.97,4,122,118,97
7,r_128_39_151,seq102,seq56,r_128_39_151,0.79,0,151,151,97
44,r_54_148_156,r_24_144_166,r_19_104_34,r_24_144_166,0.51,-10,156,166,97
23,r_34_38_121,r_73_18_194,seq29,r_34_38_121,0.83,1,122,121,97
82,seq79,r_81_110_142,seq22,r_81_110_142,1.0,-26,116,142,97
35,r_81_110_142,seq79,seq131,r_81_110_142,0.87,0,142,142,97
5,r_19_104_34,seq56,r_60_87_103,r_19_104_34,0.69,34,68,34,97
12,r_24_144_166,r_54_148_156,seq118,r_24_144_166,0.47,-11,155,166,97
14,r_128_61_35,seq39,seq70,r_128_61_35,0.78,-6,29,35,98
30,r_62_19_91,seq32,seq1,r_62_19_91,0.67,21,112,91,98
46,r_132_94_15,r_24_139_156,seq52,r_132_94_15,0.98,0,15,15,98
43,r_68_148_124,r_58_81_125,seq138,r_68_148_124,0.96,0,124,124,98
3,r_33_4_52,r_106_27_147,seq88,r_106_27_147,1.0,0,147,147,98
55,seq136,r_14_100_195,r_96_16_68,r_96_16_68,0.53,121,189,68,98
16,r_35_134_19,r_124_104_166,seq32,r_35_134_19,0.99,0,19,19,98
21,r_49_0_179,seq88,r_67_71_5,r_49_0_179,0.42,0,179,179,98
39,r_106_27_147,r_96_16_68,r_33_4_52,r_106_27_147,0.98,-78,69,147,98
1,r_123_44_131,r_49_0_179,seq39,r_123_44_131,0.93,2,133,131,98
5,r_120_29_80,r_14_100_195,r_124_104_166,r_120_29_80,0.99,0,80,80,98
42,r_53_21_133,r_55_30_199,seq18,r_53_21_133,0.98,0,133,133,98
69,seq38,seq86,r_79_66_164,r_79_66_164,0.96,2,166,164,98
45,r_122_121_58,seq17,r_22_83_54,r_22_83_54,1.0,6,60,54,98
70,seq39,seq18,r_123_44_131,r_123_44_131,0.65,-3,128,131,98
24,r_75_6_47,r_13_74_16,r_79_66_164,r_79_66_164,1.0,9,173,164,98
19,r_10_73_100,seq112,r_146_126_75,r_10_73_100,0.73,2,102,100,98
15,r_87_108_173,seq76,r_24_139_156,r_87_108_173,0.5,-14,159,173,98
31,r_22_83_54,seq59,r_122_121_58,r_22_83_54,1.0,0,54,54,98
27,r_63_110_77,r_15_43_145,r_135_85_180,r_63_110_77,0.95,68,145,77,98
66,seq32,r_62_19_91,seq59,r_62_19_91,0.53,45,136,91,98
0,r_147_107_30,seq45,r_10_73_100,r_147_107_30,0.94,5,35,30,98
35,r_2_145_46,seq18,r_62_19_91,r_2_145_46,1.0,0,46,46,98
39,r_106_27_147,r_33_4_52,seq131,r_106_27_147,0.97,0,147,147,98
41,r_96_16_68,r_106_27_147,seq18,r_96_16_68,0.9,3,71,68,98
67,seq34,seq131,r_11_77_96,r_11_77_96,1.0,12,108,96,98
89,seq92,r_79_66_164,seq78,r_79_66_164,0.98,0,164,164,98
10,r_58_81_125,seq52,seq105,r_58_81_125,0.99,0,125,125,98
41,r_96_16_68,seq41,seq136,r_96_16_68,0.65,104,172,68,98
26,r_91_133_66,seq78,r_128_61_35,r_91_133_66,0.83,-1,65,66,98
4,r_26_98_107,seq70,seq1,r_26_98_107,0.96,1,108,107,98
33,r_99_36_25,seq39,seq51,r_99_36_25,1.0,0,25,25,98
20,r_102_8_162,seq69,r_24_139_156,r_102_8_162,0.71,1,163,162,98
13,r_135_85_180,seq51,r_63_110_77,r_63_110_77,0.86,104,181,77,98
17,r_15_43_145,r_63_110_77,r_42_56_118,r_15_43_145,1.0,-1,144,145,98
48,r_48_84_73,seq109,seq64,r_48_84_73,1.0,0,73,73,98
87,seq86,seq38,r_13_74_16,r_13_74_16,1.0,3,19,16,98
6,r_89_9_188,r_67_71_5,r_53_21_133,r_67_71_5,0.63,136,141,5,98
17,r_15_43_145,seq130,r_63_110_77,r_15_43_145,0.69,-67,78,145,98
5,r_120_29_80,r_124_104_166,seq65,r_124_104_166,1.0,0,166,166,98
0,r_147_107_30,r_10_73_100,r_50_80_110,r_50_80_110,0.48,3,113,110,98
27,r_63_110_77,r_102_8_162,r_15_43_145,r_63_110_77,0.98,0,77,77,98
18,r_146_126_75,r_114_28_28,r_10_73_100,r_10_73_100,0.98,2,102,100,98
17,r_15_43_145,seq131,seq130,r_15_43_145,0.4,-96,49,145,98
49,r_13_74_16,seq130,seq86,r_13_74_16,1.0,0,16,16,98
36,r_40_60_26,seq17,seq34,r_40_60_26,0.69,1,27,26,98
41,r_96_16_68,seq18,seq41,r_96_16_68,0.56,78,146,68,98
3,r_33_4_52,seq70,r_106_27_147,r_33_4_52,1.0,0,52,52,98
40,r_141_90_94,r_49_0_179,seq23,r_141_90_94,1.0,0,94,94,98
74,seq46,seq138,r_102_8_162,r_102_8_162,0.95,5,167,162,98
18,r_146_126_75,seq138,r_114_28_28,r_114_28_28,0.68,47,75,28,98
29,r_11_77_96,r_57_118_158,seq34,r_11_77_96,1.0,0,96,96,98
22,r_93_12_41,seq113,r_57_118_158,r_93_12_41,1.0,0,41,41,98
34,r_82_137_71,r_103_101_169,seq41,r_103_101_169,0.8,-42,127,169,98
35,r_2_145_46,r_62_19_91,r_48_84_73,r_48_84_73,1.0,91,164,73,98
25,r_24_139_156,seq65,seq46,r_24_139_156,0.71,0,156,156,98
64,seq23,seq113,r_141_90_94,r_141_90_94,1.0,4,98,94,98
50,seq1,seq59,r_62_19_91,r_62_19_91,0.52,28,119,91,98
44,r_115_127_27,r_87_108_173,r_99_36_25,r_115_127_27,1.0,0,27,27,98
11,r_114_28_28,r_124_104_166,seq45,r_114_28_28,0.83,0,28,28,98
32,r_143_25_155,seq76,r_67_71_5,r_143_25_155,0.77,0,155,155,98
38,r_42_56_118,seq46,seq17,r_42_56_118,1.0,1,119,118,98
77,seq52,r_58_81_125,r_132_94_15,r_58_81_125,0.68,0,125,125,98
34,r_82_137_71,r_26_98_107,r_103_101_169,r_82_137_71,0.57,-8,63,71,98
14,r_128_61_35,seq70,r_91_133_66,r_91_133_66,1.0,0,66,66,98
15,r_87_108_173,r_115_127_27,seq76,r_115_127_27,0.81,1,28,27,98
94,seq112,r_10_73_100,r_67_71_5,r_10_73_100,0.97,-29,71,100,98
9,r_79_66_164,seq92,seq38,r_79_66_164,0.83,0,164,164,98
28,r_50_80_110,r_49_0_179,r_147_107_30,r_50_80_110,0.94,0,110,110,98
7,r_14_100_195,r_120_29_80,seq136,r_120_29_80,1.0,0,80,80,98
24,r_75_6_47,r_102_8_162,r_13_74_16,r_75_6_47,1.0,0,47,47,98
12,r_95_140_113,seq138,r_128_61_35,r_128_61_35,0.7,78,113,35,98
30,r_106_90_149,r_74_115_138,seq43,r_106_90_149,0.94,0,149,149,99
17,r_47_111_45,r_122_52_50,r_74_115_138,r_47_111_45,0.99,0,45,45,99
36,r_66_116_72,seq124,seq97,r_66_116_72,0.96,-1,71,72,99
8,r_135_137_105,seq20,r_48_0_82,r_135_137_105,1.0,0,105,105,99
94,seq119,r_96_143_32,seq19,r_96_143_32,1.0,0,32,32,99
14,r_67_63_59,r_24_93_107,r_25_146_84,r_67_63_59,0.53,0,59,59,99
71,seq39,r_38_99_187,r_122_52_50,r_122_52_50,1.0,47,97,50,99
16,r_15_82_100,r_71_61_193,seq6,r_15_82_100,1.0,0,100,100,99
21,r_18_117_168,r_94_53_179,r_118_100_158,r_118_100_158,0.68,10,168,158,99
1,r_24_93_107,r_67_63_59,seq123,r_67_63_59,1.0,1,60,59,99
97,seq125,seq110,r_109_108_139,r_109_108_139,1.0,18,157,139,99
80,seq76,seq149,r_2_102_97,r_2_102_97,0.99,7,104,97,99
5,r_129_134_171,r_78_50_123,r_71_61_193,r_78_50_123,0.98,3,126,123,99
46,r_3_133_151,r_12_98_188,r_73_141_48,r_3_133_151,0.75,1,152,151,99
24,r_11_148_27,seq149,r_71_61_193,r_11_148_27,1.0,0,27,27,99
10,r_73_141_48,seq26,seq45,r_73_141_48,0.99,0,48,48,99
45,r_107_44_65,seq45,r_73_141_48,r_73_141_48,1.0,3,51,48,99
19,r_113_128_114,r_17_130_192,r_72_112_20,r_113_128_114,0.89,0,114,114,99
77,seq56,seq88,r_54_10_111,r_54_10_111,1.0,34,145,111,99
95,seq123,r_24_93_107,seq26,r_24_93_107,0.51,4,111,107,99
66,seq30,r_101_84_176,r_132_65_23,r_132_65_23,0.98,154,177,23,99
60,seq149,r_11_148_27,seq97,r_11_148_27,0.97,1,28,27,99
31,r_94_53_179,r_18_117_168,r_25_146_84,r_25_146_84,0.98,84,168,84,99
41,r_118_100_158,r_9_77_90,seq124,r_9_77_90,0.75,8,98,90,99
89,seq97,seq149,r_66_116_72,r_66_116_72,0.86,0,72,72,99
80,seq76,r_1_40_46,seq149,r_1_40_46,0.97,-7,39,46,99
90,seq103,r_58_142_136,r_25_146_84,r_25_146_84,0.7,52,136,84,99
26,r_136_46_66,r_38_99_187,seq103,r_136_46_66,1.0,0,66,66,99
72,seq42,r_34_104_199,r_24_93_107,r_24_93_107,1.0,6,113,107,99
4,r_9_77_90,r_118_100_158,r_122_52_50,r_122_52_50,1.0,45,95,50,99
0,r_2_102_97,r_91_120_118,seq76,r_2_102_97,0.97,0,97,97,99
11,r_57_114_174,r_17_130_192,seq5,r_17_130_192,0.73,-4,188,192,99
20,r_91_120_118,seq43,r_135_137_105,r_91_120_118,0.85,0,118,118,99
13,r_74_115_138,r_106_90_149,r_47_111_45,r_47_111_45,0.78,91,136,45,99
57,seq145,r_17_130_192,r_68_14_77,r_68_14_77,1.0,111,188,77,99
6,r_68_14_77,r_17_130_192,r_48_0_82,r_48_0_82,0.91,4,86,82,99
42,r_96_143_32,seq119,seq83,r_96_143_32,1.0,0,32,32,99
10,r_73_141_48,seq45,r_3_133_151,r_3_133_151,1.0,14,165,151,99
47,r_54_10_111,seq62,seq56,r_54_10_111,0.99,0,111,111,99
83,seq83,r_109_108_139,r_96_143_32,r_96_143_32,0.48,17,49,32,99
18,r_25_146_84,r_135_137_105,r_67_63_59,r_67_63_59,0.89,1,60,59,99
29,r_48_0_82,r_94_53_179,seq23,r_48_0_82,1.0,0,82,82,99
27,r_122_52_50,r_105_69_125,seq39,r_122_52_50,0.99,0,50,50,99
31,r_94_53_179,r_25_146_84,r_9_77_90,r_94_53_179,0.81,0,179,179,99
25,r_71_61_193,r_15_82_100,r_11_148_27,r_71_61_193,0.89,-120,73,193,99
33,r_32_75_129,seq43,r_113_128_114,r_32_75_129,0.81,0,129,129,99
23,r_139_70_10,seq35,seq124,r_139_70_10,0.93,0,10,10,99
14,r_67_63_59,seq43,r_58_142_136,r_58_142_136,0.91,46,182,136,99
41,r_118_100_158,seq124,seq39,r_118_100_158,0.56,-5,153,158,99
32,r_58_142_136,seq60,seq37,r_58_142_136,0.94,0,136,136,99
38,r_7_49_80,seq26,seq60,r_7_49_80,1.0,0,80,80,99
77,seq56,r_138_59_60,seq88,r_138_59_60,1.0,0,60,60,99
34,r_21_121_95,seq56,r_7_49_80,r_21_121_95,1.0,0,95,95,99
49,r_132_65_23,r_66_116_72,seq140,r_132_65_23,1.0,0,23,23,99
9,r_38_99_187,seq39,r_25_146_84,r_25_146_84,0.65,104,188,84,99
1,r_24_93_107,seq123,seq42,r_24_93_107,0.99,0,107,107,99
45,r_107_44_65,r_73_141_48,seq29,r_107_44_65,0.54,0,65,65,99
18,r_25_146_84,r_67_63_59,seq103,r_25_146_84,1.0,0,84,84,99
22,r_138_59_60,seq56,seq26,r_138_59_60,1.0,0,60,60,99
28,r_17_130_192,r_113_128_114,r_57_114_174,r_113_128_114,1.0,0,114,114,99
43,r_1_40_46,seq76,seq147,r_1_40_46,1.0,0,46,46,99
40,r_72_112_20,r_34_104_199,r_113_128_114,r_72_112_20,0.95,1,21,20,99
55,seq140,seq30,r_132_65_23,r_132_65_23,1.0,-1,22,23,99
14,r_67_63_59,r_25_146_84,seq43,r_25_146_84,0.99,0,84,84,99
7,r_109_108_139,seq83,seq125,r_109_108_139,0.63,0,139,139,99
44,r_78_50_123,r_129_134_171,r_135_137_105,r_78_50_123,0.85,0,123,123,99
35,r_105_69_125,seq23,r_21_121_95,r_105_69_125,0.57,0,125,125,99
5,r_129_134_171,r_71_61_193,r_73_141_48,r_129_134_171,0.99,0,171,171,99
