9,r_8_142_42,r_39_35_9,r_67_33_2,r_8_142_42,0.9,1,43,42,0
27,r_49_120_44,seq3,seq108,r_49_120_44,1.0,0,44,44,0
14,r_65_121_89,r_109_70_69,r_146_77_87,r_65_121_89,0.45,0,89,89,0
46,r_6_23_15,r_19_29_20,r_97_21_49,r_6_23_15,1.0,0,15,15,0
49,r_106_44_58,r_16_66_62,r_117_45_14,r_106_44_58,0.99,0,58,58,0
16,r_22_119_74,seq43,r_130_90_43,r_22_119_74,0.98,0,74,74,0
39,r_16_66_62,seq112,r_93_81_31,r_16_66_62,0.9,2,64,62,0
1,r_146_77_87,seq9,r_65_121_89,r_146_77_87,0.82,0,87,87,0
5,r_101_76_86,seq129,r_20_1_63,r_101_76_86,0.89,0,86,86,0
22,r_30_62_56,seq114,r_56_144_13,r_30_62_56,0.82,0,56,56,0
21,r_125_95_30,r_109_70_69,seq126,r_125_95_30,0.99,0,30,30,0
17,r_69_73_39,seq99,seq17,r_69_73_39,1.0,0,39,39,0
31,r_78_24_67,seq133,r_97_21_49,r_78_24_67,0.85,1,68,67,0
38,r_32_136_57,seq92,seq83,r_32_136_57,0.77,-12,45,57,0
30,r_19_29_20,seq17,r_11_74_99,r_19_29_20,1.0,0,20,20,0
3,r_20_1_63,r_109_70_69,seq5,r_20_1_63,0.98,0,63,63,0
36,r_28_42_16,r_52_128_51,r_103_135_11,r_52_128_51,0.93,-25,26,51,0
4,r_34_105_84,seq9,seq89,r_34_105_84,0.85,0,84,84,0
11,r_18_13_61,seq60,seq110,r_18_13_61,1.0,0,61,61,0
44,r_109_70_69,seq98,r_52_128_51,r_52_128_51,1.0,5,56,51,0
48,r_56_144_13,r_52_128_51,seq53,r_52_128_51,0.83,-38,13,51,0
20,r_147_27_81,seq126,r_4_15_80,r_4_15_80,0.54,-3,77,80,0
98,seq126,r_147_27_81,r_79_47_77,r_79_47_77,0.98,0,77,77,0
15,r_116_111_85,r_11_74_99,r_107_113_73,r_116_111_85,0.85,0,85,85,0
19,r_124_36_48,r_11_74_99,r_6_23_15,r_124_36_48,0.99,0,48,48,0
2,r_115_149_64,r_140_41_83,seq133,r_115_149_64,0.65,0,64,64,0
47,r_140_41_83,seq31,r_38_57_5,r_140_41_83,0.93,0,83,83,0
18,r_12_2_70,seq141,r_117_45_14,r_12_2_70,0.93,-1,69,70,0
23,r_138_100_17,r_69_73_39,r_6_23_15,r_138_100_17,0.94,0,17,17,0
24,r_104_118_88,seq141,seq40,r_104_118_88,0.37,0,88,88,0
25,r_79_47_77,seq99,seq126,r_79_47_77,1.0,0,77,77,0
58,seq141,r_12_2_70,seq46,r_12_2_70,0.97,-10,60,70,0
65,seq43,r_22_119_74,seq102,r_22_119_74,0.99,-2,72,74,0
0,r_52_128_51,r_30_62_56,r_109_70_69,r_52_128_51,0.99,1,52,51,0
40,r_117_45_14,r_116_111_85,seq48,r_117_45_14,0.97,0,14,14,0
28,r_37_94_54,r_30_62_56,r_8_142_42,r_8_142_42,0.97,11,53,42,0
54,seq134,r_28_42_16,r_10_72_3,r_10_72_3,0.72,50,53,3,0
32,r_93_81_31,r_34_105_84,seq7,r_93_81_31,0.78,-2,29,31,0
6,r_54_64_27,r_12_2_70,seq112,r_54_64_27,1.0,0,27,27,0
46,r_6_23_15,r_97_21_49,r_124_36_48,r_6_23_15,0.97,36,51,15,0
10,r_97_21_49,r_6_23_15,r_4_15_80,r_97_21_49,0.99,2,51,49,0
7,r_107_113_73,seq48,seq122,r_107_113_73,0.99,0,73,73,0
60,seq17,seq139,r_143_137_52,r_143_137_52,1.0,0,52,52,0
12,r_25_123_68,r_67_33_2,r_10_72_3,r_10_72_3,0.62,57,60,3,0
29,r_103_135_11,r_20_1_63,r_28_42_16,r_103_135_11,0.82,0,11,11,0
26,r_23_141_27,r_44_19_93,r_114_59_11,r_23_141_27,0.99,0,27,27,1
30,r_22_94_76,seq78,r_148_88_46,r_22_94_76,0.47,0,76,76,1
12,r_147_100_55,r_44_19_93,r_148_88_46,r_147_100_55,0.99,2,57,55,1
56,seq7,seq53,r_69_26_36,r_69_26_36,1.0,10,46,36,1
22,r_101_99_89,r_46_120_33,seq105,r_46_120_33,0.99,-6,27,33,1
20,r_4_140_41,seq50,seq57,r_4_140_41,1.0,1,42,41,1
53,seq3,r_61_52_71,seq70,r_61_52_71,1.0,0,71,71,1
42,r_113_139_26,r_46_120_33,r_11_76_25,r_113_139_26,0.93,0,26,26,1
4,r_96_115_20,r_14_87_94,seq67,r_96_115_20,0.54,-10,10,20,1
37,r_61_52_71,seq116,r_69_26_36,r_61_52_71,0.82,2,73,71,1
39,r_132_135_67,seq9,seq75,r_132_135_67,0.89,0,67,67,1
16,r_62_49_66,seq64,r_112_108_95,r_62_49_66,0.49,-22,44,66,1
46,r_80_55_77,r_86_117_92,r_69_26_36,r_80_55_77,0.65,1,78,77,1
44,r_32_98_63,seq40,r_73_131_23,r_73_131_23,1.0,0,23,23,1
6,r_37_33_54,seq67,r_46_120_33,r_46_120_33,0.9,23,56,33,1
68,seq31,seq64,r_148_88_46,r_148_88_46,1.0,-2,44,46,1
32,r_43_133_17,r_103_27_97,seq50,r_43_133_17,0.55,57,74,17,1
13,r_83_68_34,seq145,seq40,r_83_68_34,0.99,0,34,34,1
76,seq50,r_137_121_52,r_43_133_17,r_43_133_17,0.9,71,88,17,1
45,r_149_10_30,seq53,seq35,r_149_10_30,1.0,-1,29,30,1
10,r_21_127_80,seq67,r_147_100_55,r_21_127_80,0.93,0,80,80,1
38,r_25_144_24,seq64,seq66,r_25_144_24,0.98,0,24,24,1
25,r_134_130_35,seq79,r_112_108_95,r_134_130_35,0.98,4,39,35,1
0,r_60_84_90,seq12,r_137_121_52,r_60_84_90,0.54,0,90,90,1
1,r_1_63_16,r_148_88_46,seq78,r_1_63_16,0.99,0,16,16,1
48,r_81_92_68,seq77,seq31,r_81_92_68,0.99,2,70,68,1
14,r_69_26_36,seq138,seq7,r_69_26_36,0.99,0,36,36,1
27,r_48_110_56,seq18,r_42_143_18,r_48_110_56,1.0,0,56,56,1
17,r_103_27_97,r_137_121_52,r_43_133_17,r_43_133_17,0.98,2,19,17,1
20,r_4_140_41,r_42_143_18,seq50,r_42_143_18,0.82,-3,15,18,1
21,r_42_143_18,r_4_140_41,seq67,r_42_143_18,0.83,0,18,18,1
47,r_97_39_61,seq67,r_90_109_14,r_90_109_14,0.63,56,70,14,1
29,r_24_125_65,seq54,r_118_89_78,r_24_125_65,1.0,0,65,65,1
24,r_107_74_81,r_21_127_80,seq75,r_107_74_81,0.88,-1,80,81,1
59,seq138,seq146,r_46_120_33,r_46_120_33,1.0,7,40,33,1
3,r_11_76_25,r_83_68_34,r_113_139_26,r_113_139_26,0.95,3,29,26,1
39,r_132_135_67,seq75,r_101_99_89,r_101_99_89,0.63,0,89,89,1
97,seq119,r_137_121_52,r_114_59_11,r_114_59_11,0.98,2,13,11,1
44,r_32_98_63,r_73_131_23,r_25_144_24,r_32_98_63,0.98,0,63,63,1
15,r_111_13_12,r_147_100_55,r_137_121_52,r_111_13_12,0.95,0,12,12,1
41,r_30_85_39,seq28,r_114_59_11,r_30_85_39,1.0,0,39,39,1
18,r_114_59_11,r_60_84_90,seq119,r_114_59_11,0.99,0,11,11,1
50,seq0,r_8_128_58,r_44_19_93,r_44_19_93,0.54,-68,25,93,1
9,r_118_89_78,r_124_142_87,r_42_143_18,r_118_89_78,0.88,-4,74,78,1
19,r_46_120_33,r_101_99_89,seq138,r_46_120_33,0.97,0,33,33,1
34,r_148_88_46,r_118_89_78,seq31,r_148_88_46,1.0,0,46,46,1
49,r_124_142_87,r_118_89_78,r_114_59_11,r_118_89_78,0.55,9,87,78,1
32,r_43_133_17,seq15,r_103_27_97,r_43_133_17,0.98,0,17,17,1
79,seq57,r_14_87_94,r_4_140_41,r_4_140_41,0.66,42,83,41,1
16,r_62_49_66,r_112_108_95,r_11_76_25,r_62_49_66,0.93,0,66,66,1
11,r_8_128_58,seq129,seq6,r_8_128_58,1.0,0,58,58,1
5,r_90_109_14,seq6,seq28,r_90_109_14,0.99,1,15,14,1
30,r_16_19_87,seq77,seq41,r_16_19_87,0.83,0,87,87,2
49,r_129_102_18,r_61_55_78,r_50_48_6,r_129_102_18,1.0,0,18,18,2
20,r_45_114_54,r_65_96_37,r_147_7_29,r_45_114_54,0.92,-17,37,54,2
36,r_18_90_65,seq41,r_79_134_8,r_18_90_65,0.91,0,65,65,2
6,r_51_1_21,r_107_47_66,seq92,r_51_1_21,1.0,-1,20,21,2
86,seq92,seq132,r_113_124_59,r_113_124_59,1.0,4,63,59,2
16,r_61_55_78,seq101,r_44_148_39,r_61_55_78,1.0,0,78,78,2
39,r_60_12_81,seq89,seq133,r_60_12_81,0.63,0,81,81,2
46,r_8_26_61,r_18_90_65,r_68_94_19,r_8_26_61,1.0,1,62,61,2
45,r_11_126_55,seq62,r_58_75_43,r_58_75_43,0.66,24,67,43,2
73,seq46,r_118_54_99,r_32_10_11,r_32_10_11,0.98,3,14,11,2
20,r_45_114_54,r_147_7_29,r_106_37_49,r_45_114_54,1.0,1,55,54,2
76,seq62,r_11_126_55,seq84,r_11_126_55,0.82,12,67,55,2
77,seq63,r_144_34_50,r_50_48_6,r_144_34_50,1.0,0,50,50,2
31,r_69_59_89,seq138,r_141_104_20,r_141_104_20,0.6,69,89,20,2
8,r_93_109_48,r_70_6_82,r_144_34_50,r_93_109_48,1.0,2,50,48,2
79,seq71,r_44_148_39,r_79_134_8,r_44_148_39,0.96,0,39,39,2
11,r_33_80_68,seq28,r_83_9_14,r_33_80_68,0.77,0,68,68,2
2,r_110_0_42,r_70_6_82,r_83_9_14,r_110_0_42,1.0,0,42,42,2
94,seq108,seq63,r_141_104_20,r_141_104_20,1.0,3,23,20,2
19,r_36_127_67,r_147_7_29,r_68_94_19,r_36_127_67,1.0,-40,27,67,2
26,r_147_7_29,r_45_114_54,r_53_17_40,r_45_114_54,0.85,1,55,54,2
10,r_44_148_39,seq71,r_135_49_1,r_44_148_39,1.0,0,39,39,2
0,r_141_104_20,r_69_59_89,seq108,r_141_104_20,1.0,0,20,20,2
14,r_121_139_25,r_30_23_57,seq13,r_30_23_57,1.0,0,57,57,2
34,r_113_124_59,seq130,seq92,r_113_124_59,1.0,0,59,59,2
4,r_40_88_27,r_33_80_68,seq123,r_40_88_27,0.96,1,28,27,2
42,r_119_81_30,r_35_29_7,r_50_48_6,r_119_81_30,1.0,2,32,30,2
41,r_2_91_5,r_33_80_68,seq143,r_33_80_68,1.0,0,68,68,2
47,r_95_146_73,seq149,r_58_75_43,r_95_146_73,0.99,0,73,73,2
40,r_86_66_26,r_69_59_89,r_20_125_91,r_86_66_26,0.72,0,26,26,2
18,r_107_47_66,seq84,seq149,r_107_47_66,1.0,1,67,66,2
29,r_5_22_88,r_111_82_85,r_11_126_55,r_111_82_85,0.89,0,85,85,2
57,seq138,r_69_59_89,r_144_34_50,r_144_34_50,0.99,6,56,50,2
5,r_30_23_57,r_18_90_65,r_121_139_25,r_121_139_25,1.0,3,28,25,2
68,seq31,r_30_23_57,seq13,r_30_23_57,0.88,0,57,57,2
14,r_121_139_25,seq63,r_30_23_57,r_121_139_25,0.73,0,25,25,2
28,r_117_73_46,r_33_80_68,r_58_75_43,r_33_80_68,1.0,-22,46,68,2
70,seq41,r_18_90_65,seq13,r_18_90_65,0.7,0,65,65,2
38,r_72_25_74,seq42,r_135_49_1,r_72_25_74,0.83,0,74,74,2
22,r_106_37_49,r_16_19_87,seq14,r_106_37_49,1.0,0,49,49,2
66,seq27,r_120_3_44,r_83_9_14,r_120_3_44,0.92,7,51,44,2
9,r_120_3_44,seq27,r_141_104_20,r_120_3_44,0.98,7,51,44,2
33,r_87_97_12,r_141_104_20,seq15,r_87_97_12,0.87,0,12,12,2
1,r_83_9_14,r_35_29_7,seq15,r_83_9_14,0.94,0,14,14,2
43,r_144_34_50,seq63,seq138,r_144_34_50,1.0,0,50,50,2
32,r_68_94_19,r_141_104_20,r_32_10_11,r_68_94_19,0.87,1,20,19,2
67,seq28,r_33_80_68,r_2_91_5,r_33_80_68,0.85,-14,54,68,2
26,r_147_7_29,r_36_127_67,r_45_114_54,r_147_7_29,1.0,0,29,29,2
44,r_111_82_85,r_5_22_88,r_2_91_5,r_2_91_5,0.83,80,85,5,2
32,r_68_94_19,r_32_10_11,r_36_127_67,r_68_94_19,0.57,52,71,19,2
35,r_118_54_99,seq46,r_68_94_19,r_68_94_19,0.78,46,65,19,2
5,r_30_23_57,r_121_139_25,seq52,r_30_23_57,1.0,0,57,57,2
3,r_32_10_11,seq46,r_8_26_61,r_8_26_61,1.0,7,68,61,2
24,r_53_17_40,seq15,seq85,r_53_17_40,1.0,-1,39,40,2
30,r_135_133_86,seq124,r_63_31_66,r_135_133_86,0.92,1,87,86,3
44,r_140_149_13,r_144_45_80,seq130,r_144_45_80,0.99,0,80,80,3
50,seq0,r_42_69_69,seq114,r_42_69_69,0.65,-20,49,69,3
44,r_140_149_13,r_120_68_51,r_144_45_80,r_140_149_13,0.97,0,13,13,3
4,r_100_142_26,r_110_132_93,r_145_11_77,r_100_142_26,0.77,0,26,26,3
24,r_90_39_54,r_17_71_21,seq12,r_90_39_54,1.0,0,54,54,3
28,r_29_125_32,r_63_31_66,r_41_48_24,r_29_125_32,0.96,0,32,32,3
40,r_27_44_46,seq24,seq95,r_27_44_46,0.98,1,47,46,3
16,r_144_45_80,seq147,r_140_149_13,r_144_45_80,0.65,-11,69,80,3
21,r_81_111_73,seq9,seq77,r_81_111_73,0.84,0,73,73,3
5,r_63_31_66,r_116_8_98,r_119_107_65,r_63_31_66,0.92,0,66,66,3
42,r_52_10_62,r_112_25_84,seq64,r_112_25_84,0.87,-29,55,84,3
43,r_13_28_40,r_42_69_69,seq88,r_13_28_40,1.0,0,40,40,3
14,r_35_101_41,r_144_45_80,seq7,r_35_101_41,1.0,0,41,41,3
93,seq104,r_118_56_56,seq139,r_118_56_56,0.97,1,57,56,3
4,r_100_142_26,r_145_11_77,r_22_137_72,r_100_142_26,0.98,51,77,26,3
23,r_99_123_44,seq61,seq124,r_99_123_44,0.99,0,44,44,3
34,r_145_11_77,r_90_39_54,r_100_142_26,r_100_142_26,0.62,0,26,26,3
35,r_14_67_22,r_108_131_81,seq134,r_108_131_81,0.75,-59,22,81,3
2,r_83_62_31,seq134,seq21,r_83_62_31,1.0,1,32,31,3
41,r_23_5_78,seq109,seq87,r_23_5_78,0.8,0,78,78,3
3,r_127_36_74,r_85_74_4,r_19_57_8,r_127_36_74,0.97,0,74,74,3
14,r_35_101_41,seq7,r_112_25_84,r_112_25_84,0.89,2,86,84,3
26,r_112_25_84,r_4_115_95,r_35_101_41,r_112_25_84,0.5,0,84,84,3
20,r_121_138_67,seq88,r_38_40_75,r_121_138_67,0.99,0,67,67,3
10,r_22_137_72,r_94_53_38,seq130,r_94_53_38,0.99,1,39,38,3
48,r_17_71_21,seq109,r_90_39_54,r_17_71_21,1.0,0,21,21,3
10,r_22_137_72,seq130,r_100_142_26,r_22_137_72,1.0,0,72,72,3
29,r_82_49_50,seq7,r_18_78_7,r_82_49_50,0.49,0,50,50,3
76,seq72,r_82_49_50,r_18_78_7,r_18_78_7,1.0,4,11,7,3
27,r_146_126_87,r_30_76_64,seq130,r_30_76_64,1.0,0,64,64,3
27,r_146_126_87,seq130,r_99_123_44,r_146_126_87,0.58,0,87,87,3
49,r_94_53_38,r_22_137_72,r_83_62_31,r_94_53_38,1.0,1,39,38,3
34,r_145_11_77,r_100_142_26,seq70,r_145_11_77,1.0,0,77,77,3
39,r_54_106_35,r_47_143_97,seq139,r_54_106_35,0.89,0,35,35,3
24,r_90_39_54,r_145_11_77,r_17_71_21,r_17_71_21,1.0,1,22,21,3
37,r_33_15_53,r_146_126_87,seq32,r_33_15_53,1.0,0,53,53,3
74,seq64,r_110_132_93,r_119_107_65,r_119_107_65,0.88,21,86,65,3
36,r_118_56_56,seq104,seq95,r_118_56_56,0.96,1,57,56,3
47,r_65_50_11,seq75,r_38_40_75,r_65_50_11,0.93,0,11,11,3
25,r_119_107_65,r_30_76_64,seq64,r_119_107_65,1.0,0,65,65,3
33,r_42_69_69,seq0,r_118_56_56,r_118_56_56,1.0,6,62,56,3
61,seq147,r_30_76_64,seq130,r_30_76_64,1.0,0,64,64,3
32,r_66_59_85,seq95,r_121_138_67,r_66_59_85,0.8,0,85,85,3
38,r_30_76_64,seq147,r_17_71_21,r_30_76_64,1.0,0,64,64,3
46,r_41_48_24,r_99_123_44,r_19_57_8,r_41_48_24,1.0,-1,23,24,3
16,r_144_45_80,r_140_149_13,seq0,r_144_45_80,0.98,0,80,80,3
13,r_26_20_23,r_52_10_62,seq61,r_26_20_23,0.98,0,23,23,3
73,seq134,r_83_62_31,r_14_67_22,r_83_62_31,0.99,-8,23,31,3
0,r_120_68_51,seq6,seq109,r_120_68_51,1.0,0,51,51,3
19,r_136_128_29,r_119_107_65,r_18_78_7,r_136_128_29,1.0,1,30,29,3
8,r_55_46_12,r_145_11_77,seq9,r_55_46_12,0.95,1,13,12,3
93,seq110,r_129_139_86,seq22,r_129_139_86,0.86,-2,84,86,4
25,r_75_126_48,r_44_61_55,seq80,r_75_126_48,1.0,0,48,48,4
46,r_49_130_21,r_73_128_84,seq56,r_49_130_21,0.99,1,22,21,4
22,r_83_117_52,seq33,seq0,r_83_117_52,0.92,0,52,52,4
71,seq45,r_13_141_71,r_123_79_79,r_13_141_71,1.0,1,72,71,4
16,r_74_40_90,seq82,r_122_107_51,r_74_40_90,0.54,0,90,90,4
39,r_6_94_68,r_67_11_96,seq108,r_6_94_68,0.56,6,74,68,4
29,r_102_4_31,r_43_25_57,r_87_98_30,r_102_4_31,1.0,1,32,31,4
68,seq32,r_136_62_43,r_145_69_11,r_136_62_43,1.0,1,44,43,4
41,r_57_70_26,seq26,seq51,r_57_70_26,0.99,1,27,26,4
12,r_2_148_23,seq51,seq144,r_2_148_23,1.0,0,23,23,4
19,r_87_98_30,seq26,r_102_4_31,r_87_98_30,0.99,1,31,30,4
78,seq66,seq82,r_47_131_63,r_47_131_63,0.98,-10,53,63,4
1,r_106_109_42,seq86,r_20_89_25,r_20_89_25,0.97,30,55,25,4
66,seq29,r_143_60_77,r_50_77_76,r_143_60_77,0.95,0,77,77,4
31,r_118_92_94,seq140,r_41_65_20,r_41_65_20,1.0,5,25,20,4
43,r_145_69_11,r_122_107_51,seq32,r_145_69_11,0.48,1,12,11,4
0,r_43_25_57,r_132_16_74,r_41_65_20,r_43_25_57,0.99,1,58,57,4
4,r_78_125_58,seq108,seq58,r_78_125_58,1.0,0,58,58,4
88,seq97,r_119_42_15,r_143_60_77,r_119_42_15,0.76,-1,14,15,4
48,r_95_12_28,r_37_90_56,r_41_65_20,r_95_12_28,1.0,0,28,28,4
20,r_50_77_76,seq112,seq86,r_50_77_76,0.77,0,76,76,4
33,r_99_35_40,seq115,seq1,r_99_35_40,1.0,1,41,40,4
15,r_20_89_25,seq97,r_106_109_42,r_20_89_25,0.62,40,65,25,4
28,r_120_124_35,r_122_107_51,r_34_85_9,r_122_107_51,0.97,-14,37,51,4
3,r_133_63_29,seq45,r_24_39_47,r_133_63_29,1.0,10,39,29,4
92,seq108,r_78_125_58,r_6_94_68,r_78_125_58,1.0,0,58,58,4
40,r_37_90_56,seq80,seq88,r_37_90_56,0.6,-3,53,56,4
38,r_136_62_43,seq32,r_133_63_29,r_136_62_43,1.0,1,44,43,4
59,seq146,r_10_149_82,r_76_127_5,r_76_127_5,0.61,32,37,5,4
2,r_123_79_79,r_8_46_97,r_119_42_15,r_123_79_79,0.53,1,80,79,4
18,r_111_100_75,r_10_149_82,r_123_79_79,r_111_100_75,0.53,5,80,75,4
24,r_9_135_70,r_132_16_74,r_76_127_5,r_132_16_74,0.98,-4,70,74,4
9,r_18_54_41,r_137_93_45,r_20_89_25,r_137_93_45,0.94,-4,41,45,4
27,r_52_134_16,r_57_70_26,r_2_148_23,r_52_134_16,0.93,11,27,16,4
37,r_137_93_45,seq56,seq59,r_137_93_45,1.0,0,45,45,4
32,r_47_131_63,r_13_141_71,seq97,r_47_131_63,0.81,3,66,63,4
88,seq97,r_20_89_25,r_47_131_63,r_47_131_63,0.97,17,80,63,4
6,r_122_107_51,r_47_131_63,seq115,r_122_107_51,1.0,0,51,51,4
36,r_24_39_47,seq26,r_133_63_29,r_24_39_47,0.99,0,47,47,4
75,seq58,seq116,r_78_125_58,r_78_125_58,1.0,2,60,58,4
15,r_20_89_25,r_43_25_57,seq97,r_20_89_25,0.99,1,26,25,4
81,seq80,r_37_90_56,r_75_126_48,r_75_126_48,1.0,5,53,48,4
10,r_119_42_15,r_13_141_71,r_123_79_79,r_13_141_71,1.0,1,72,71,4
60,seq19,r_118_92_94,r_43_25_57,r_43_25_57,0.95,-1,56,57,4
27,r_52_134_16,r_14_72_98,r_57_70_26,r_52_134_16,0.98,0,16,16,4
34,r_103_27_37,r_67_11_96,r_2_148_23,r_103_27_37,1.0,0,37,37,4
88,seq97,r_143_60_77,r_20_89_25,r_20_89_25,0.67,0,25,25,4
10,r_119_42_15,r_74_40_90,r_13_141_71,r_119_42_15,0.9,1,16,15,4
35,r_129_139_86,seq110,seq66,r_129_139_86,0.68,0,86,86,4
23,r_41_65_20,r_18_54_41,r_118_92_94,r_41_65_20,0.56,1,21,20,4
8,r_90_78_45,r_116_80_91,seq61,r_90_78_45,0.82,2,47,45,5
82,seq79,seq66,r_31_37_8,r_31_37_8,0.98,3,11,8,5
39,r_132_19_20,r_65_62_69,seq67,r_132_19_20,0.9,1,21,20,5
28,r_0_1_24,seq101,seq115,r_0_1_24,0.52,0,24,24,5
1,r_14_10_75,seq76,seq102,r_14_10_75,0.99,0,75,75,5
46,r_83_7_78,seq114,r_144_88_28,r_83_7_78,0.49,5,83,78,5
5,r_107_42_43,seq27,seq146,r_107_42_43,1.0,0,43,43,5
37,r_125_45_30,seq53,r_56_143_13,r_125_45_30,0.51,0,30,30,5
12,r_6_104_89,seq66,r_13_15_52,r_6_104_89,0.65,-30,59,89,5
12,r_6_104_89,r_100_108_36,seq66,r_100_108_36,0.54,-5,31,36,5
20,r_85_141_6,r_120_35_65,seq67,r_85_141_6,0.6,10,16,6,5
3,r_38_29_79,seq138,r_113_64_31,r_38_29_79,0.8,1,80,79,5
90,seq98,r_48_130_63,seq94,r_48_130_63,0.95,1,64,63,5
36,r_57_95_16,r_32_99_46,r_110_93_3,r_57_95_16,0.93,0,16,16,5
4,r_65_62_69,seq51,r_124_129_62,r_65_62_69,0.93,1,70,69,5
0,r_124_129_62,r_47_92_99,seq148,r_124_129_62,0.98,0,62,62,5
6,r_100_108_36,r_20_36_86,seq118,r_100_108_36,0.95,1,37,36,5
47,r_34_140_53,seq98,seq51,r_34_140_53,1.0,0,53,53,5
18,r_55_87_82,seq58,r_107_42_43,r_55_87_82,0.54,0,82,82,5
34,r_71_136_58,seq11,r_81_112_37,r_71_136_58,1.0,0,58,58,5
31,r_26_128_48,r_34_140_53,r_86_103_97,r_26_128_48,1.0,1,49,48,5
16,r_111_30_47,seq74,seq2,r_111_30_47,0.88,1,48,47,5
2,r_32_99_46,r_48_130_63,r_31_37_8,r_31_37_8,0.92,38,46,8,5
92,seq102,seq54,r_14_10_75,r_14_10_75,0.79,-16,59,75,5
38,r_49_131_49,r_71_136_58,r_107_42_43,r_107_42_43,0.89,6,49,43,5
32,r_117_77_21,r_14_10_75,seq28,r_117_77_21,0.98,-1,20,21,5
7,r_48_130_63,seq98,r_32_99_46,r_48_130_63,0.45,1,64,63,5
11,r_113_64_31,r_100_108_36,seq21,r_113_64_31,0.94,1,32,31,5
13,r_25_9_29,r_65_62_69,seq52,r_25_9_29,0.82,-1,28,29,5
79,seq74,r_119_3_83,seq53,r_119_3_83,0.52,2,85,83,5
35,r_126_59_87,seq67,r_144_88_28,r_126_59_87,0.49,0,87,87,5
44,r_13_15_52,r_147_22_55,r_6_104_89,r_13_15_52,0.59,1,53,52,5
29,r_144_88_28,r_111_30_47,r_117_77_21,r_117_77_21,0.82,4,25,21,5
23,r_72_122_32,seq27,seq70,r_72_122_32,0.91,7,39,32,5
24,r_81_112_37,r_65_62_69,seq96,r_65_62_69,0.93,-30,39,69,5
84,seq139,r_116_80_91,r_119_3_83,r_116_80_91,0.49,-6,85,91,5
33,r_48_100_45,seq45,seq1,r_48_100_45,1.0,0,45,45,6
30,r_53_5_77,seq6,r_131_91_18,r_53_5_77,0.52,0,77,77,6
18,r_55_77_20,r_70_134_82,seq57,r_55_77_20,0.93,0,20,20,6
9,r_131_91_18,r_39_36_83,r_53_5_77,r_53_5_77,0.64,7,84,77,6
12,r_44_81_14,r_115_96_31,seq127,r_44_81_14,0.84,0,14,14,6
43,r_20_34_84,seq6,r_39_36_83,r_20_34_84,0.63,0,84,84,6
11,r_106_95_9,seq24,seq58,r_106_95_9,0.91,1,10,9,6
55,seq136,r_52_108_76,seq10,r_52_108_76,0.98,0,76,76,6
16,r_129_87_74,r_70_134_82,seq6,r_129_87_74,0.83,0,74,74,6
21,r_113_73_69,seq132,seq88,r_113_73_69,0.94,1,70,69,6
39,r_126_147_67,r_66_74_72,seq24,r_126_147_67,0.98,0,67,67,6
1,r_66_74_72,r_53_5_77,seq16,r_66_74_72,0.98,0,72,72,6
46,r_84_107_73,seq67,seq11,r_84_107_73,0.99,0,73,73,6
34,r_39_36_83,r_131_91_18,r_126_147_67,r_39_36_83,0.9,1,84,83,6
34,r_39_36_83,seq49,r_131_91_18,r_39_36_83,0.7,-29,54,83,6
31,r_118_138_50,r_104_78_56,r_112_123_12,r_118_138_50,0.97,0,50,50,6
41,r_52_108_76,seq136,r_106_95_9,r_52_108_76,0.94,0,76,76,6
26,r_15_116_48,seq1,r_92_9_49,r_15_116_48,1.0,1,49,48,6
3,r_149_83_61,r_145_59_90,seq137,r_149_83_61,0.73,8,69,61,6
90,seq144,seq127,r_39_36_83,r_39_36_83,0.64,1,84,83,6
2,r_103_37_53,r_89_3_96,r_18_114_4,r_103_37_53,0.93,3,56,53,6
13,r_31_40_75,seq58,seq12,r_31_40_75,0.78,0,75,75,6
67,seq25,r_47_4_42,r_41_51_21,r_47_4_42,1.0,2,44,42,6
15,r_70_134_82,r_109_35_95,r_99_69_79,r_109_35_95,0.92,-13,82,95,6
10,r_54_62_38,r_66_74_72,seq19,r_54_62_38,0.98,1,39,38,6
44,r_32_98_10,r_103_37_53,r_141_30_11,r_141_30_11,0.85,0,11,11,6
6,r_112_123_12,r_99_69_79,r_128_56_32,r_128_56_32,0.66,-4,28,32,6
0,r_105_117_47,r_86_75_70,r_55_77_20,r_105_117_47,0.86,-3,44,47,6
27,r_99_69_79,seq12,r_61_90_78,r_99_69_79,0.98,0,79,79,6
5,r_128_56_32,r_47_4_42,r_112_123_12,r_128_56_32,1.0,0,32,32,6
87,seq88,seq127,r_113_73_69,r_113_73_69,0.73,2,71,69,6
32,r_61_90_78,r_68_94_43,r_105_117_47,r_61_90_78,1.0,0,78,78,6
37,r_92_9_49,seq80,r_15_116_48,r_92_9_49,1.0,0,49,49,6
38,r_50_97_22,r_89_3_96,seq143,r_50_97_22,1.0,0,22,22,6
25,r_86_75_70,r_31_40_75,r_102_42_7,r_86_75_70,0.85,0,70,70,6
17,r_18_114_4,seq16,seq1,r_18_114_4,0.56,37,41,4,6
58,seq11,r_89_3_96,r_84_107_73,r_84_107_73,0.75,1,74,73,6
29,r_104_78_56,r_118_138_50,r_55_77_20,r_104_78_56,0.97,0,56,56,6
7,r_68_94_43,r_31_40_75,r_130_139_40,r_68_94_43,1.0,0,43,43,6
4,r_141_30_11,r_112_123_12,r_32_98_10,r_141_30_11,0.9,0,11,11,6
45,r_47_4_42,seq25,r_64_2_98,r_47_4_42,1.0,0,42,42,6
40,r_14_133_52,r_61_90_78,r_55_77_20,r_14_133_52,0.9,0,52,52,6
32,r_61_90_78,r_14_133_52,r_68_94_43,r_61_90_78,0.98,-26,52,78,6
9,r_131_91_18,seq10,r_39_36_83,r_131_91_18,0.94,0,18,18,6
20,r_21_124_58,seq122,seq1,r_21_124_58,0.95,0,58,58,6
79,seq67,r_84_107_73,r_115_96_31,r_84_107_73,0.66,0,73,73,6
47,r_130_139_40,seq132,r_68_94_43,r_130_139_40,0.99,3,43,40,6
24,r_115_96_31,seq125,seq79,r_115_96_31,0.94,0,31,31,6
30,r_43_64_65,r_110_45_68,r_65_138_56,r_43_64_65,0.69,0,65,65,7
12,r_6_79_57,seq48,seq52,r_6_79_57,0.8,0,57,57,7
14,r_7_62_71,r_57_107_81,r_104_74_23,r_7_62_71,0.89,0,71,71,7
36,r_103_54_24,r_120_123_33,r_139_84_54,r_120_123_33,0.95,-9,24,33,7
18,r_41_136_53,r_2_49_40,r_103_54_24,r_41_136_53,0.92,3,56,53,7
21,r_76_92_98,r_2_49_40,r_110_45_68,r_76_92_98,0.37,-26,72,98,7
39,r_110_45_68,r_43_64_65,r_34_61_97,r_110_45_68,0.8,3,71,68,7
28,r_73_12_39,r_111_51_78,r_42_145_45,r_42_145_45,0.96,6,51,45,7
5,r_141_70_8,r_110_45_68,r_103_54_24,r_141_70_8,0.65,61,69,8,7
27,r_104_74_23,r_60_135_88,seq68,r_104_74_23,1.0,0,23,23,7
8,r_20_0_51,seq125,seq83,r_20_0_51,0.47,8,59,51,7
4,r_99_26_16,r_69_143_96,seq83,r_69_143_96,0.94,-81,15,96,7
11,r_59_53_15,r_120_123_33,seq37,r_120_123_33,0.81,-18,15,33,7
20,r_120_123_33,r_30_121_28,r_38_78_20,r_120_123_33,0.99,0,33,33,7
41,r_116_122_70,r_34_61_97,r_75_3_31,r_75_3_31,0.64,39,70,31,7
3,r_88_137_94,r_93_95_86,r_75_3_31,r_93_95_86,0.73,0,86,86,7
10,r_22_19_89,seq5,r_110_45_68,r_22_19_89,0.53,1,90,89,7
26,r_105_8_60,seq46,seq128,r_105_8_60,0.98,0,60,60,7
60,seq15,r_42_145_45,seq63,r_42_145_45,1.0,-1,44,45,7
15,r_57_107_81,r_7_62_71,r_99_26_16,r_7_62_71,1.0,-8,63,71,7
17,r_65_138_56,seq9,seq63,r_65_138_56,0.86,-4,52,56,7
49,r_144_16_32,r_34_61_97,r_113_23_93,r_144_16_32,1.0,0,32,32,7
97,seq125,r_20_0_51,seq14,r_20_0_51,1.0,8,59,51,7
42,r_39_36_43,seq50,r_120_123_33,r_39_36_43,0.8,0,43,43,7
9,r_35_97_35,seq77,r_1_80_64,r_35_97_35,0.99,0,35,35,7
19,r_29_140_47,seq83,r_103_54_24,r_29_140_47,0.7,1,48,47,7
22,r_124_119_42,r_113_23_93,seq149,r_124_119_42,1.0,1,43,42,7
2,r_82_94_82,seq18,r_43_64_65,r_82_94_82,0.83,0,82,82,7
46,r_67_131_38,seq98,seq148,r_67_131_38,0.99,-1,37,38,7
25,r_93_95_86,r_88_137_94,seq5,r_93_95_86,0.92,0,86,86,7
44,r_42_145_45,seq15,r_73_12_39,r_42_145_45,1.0,0,45,45,7
69,seq48,r_6_79_57,r_38_78_20,r_38_78_20,1.0,-1,19,20,7
68,seq46,r_105_8_60,r_76_92_98,r_105_8_60,1.0,0,60,60,7
32,r_1_80_64,seq114,r_101_106_13,r_1_80_64,0.96,0,64,64,7
0,r_33_96_46,r_142_47_62,seq5,r_33_96_46,0.97,-7,39,46,7
23,r_30_121_28,seq129,seq83,r_30_121_28,0.63,8,36,28,7
1,r_113_23_93,r_124_119_42,r_144_16_32,r_113_23_93,0.72,-50,43,93,7
34,r_2_49_40,r_76_92_98,seq91,r_2_49_40,0.67,1,41,40,7
47,r_133_17_59,seq48,r_34_61_97,r_133_17_59,0.9,0,59,59,7
43,r_40_32_37,r_30_121_28,r_44_109_9,r_40_32_37,0.26,19,56,37,7
7,r_101_106_13,seq63,r_1_80_64,r_1_80_64,1.0,15,79,64,7
31,r_75_3_31,r_101_106_13,seq146,r_75_3_31,0.96,2,33,31,7
33,r_38_78_20,r_31_13_34,seq48,r_38_78_20,0.91,-1,19,20,7
35,r_142_47_62,seq37,seq15,r_142_47_62,0.91,-1,61,62,7
38,r_24_90_58,seq81,r_6_79_57,r_24_90_58,1.0,0,58,58,7
30,r_4_84_79,seq88,r_95_85_6,r_4_84_79,0.76,1,80,79,8
22,r_53_62_41,r_70_108_90,r_50_106_14,r_53_62_41,0.98,1,42,41,8
32,r_20_127_55,seq75,r_15_71_99,r_20_127_55,1.0,0,55,55,8
53,seq7,r_4_84_79,r_137_96_70,r_137_96_70,0.93,11,81,70,8
3,r_100_47_26,seq139,r_15_71_99,r_100_47_26,0.99,0,26,26,8
31,r_29_97_43,seq2,seq92,r_29_97_43,0.98,0,43,43,8
39,r_59_49_80,seq16,r_69_82_8,r_59_49_80,0.85,0,80,80,8
1,r_70_108_90,seq138,r_6_26_12,r_70_108_90,0.48,0,90,90,8
5,r_143_35_61,r_4_84_79,seq128,r_143_35_61,0.56,0,61,61,8
45,r_86_5_63,seq88,seq112,r_86_5_63,1.0,0,63,63,8
48,r_72_30_88,r_117_105_38,r_15_71_99,r_117_105_38,0.65,-14,24,38,8
33,r_130_3_66,seq55,seq39,r_130_3_66,1.0,1,67,66,8
16,r_123_145_21,r_70_108_90,seq73,r_123_145_21,0.92,-1,20,21,8
11,r_133_135_37,r_117_105_38,seq1,r_133_135_37,1.0,0,37,37,8
41,r_40_121_76,seq139,r_17_115_39,r_40_121_76,0.94,0,76,76,8
10,r_110_45_13,r_50_106_14,seq42,r_110_45_13,0.99,0,13,13,8
19,r_131_0_23,r_89_31_36,seq38,r_131_0_23,1.0,0,23,23,8
26,r_132_129_72,seq140,r_20_127_55,r_132_129_72,0.63,0,72,72,8
6,r_76_8_58,r_70_108_90,r_99_149_35,r_76_8_58,1.0,0,58,58,8
23,r_90_58_34,seq9,r_123_145_21,r_90_58_34,0.88,0,34,34,8
81,seq73,r_117_105_38,r_123_145_21,r_117_105_38,0.92,0,38,38,8
83,seq75,r_20_127_55,seq128,r_20_127_55,1.0,0,55,55,8
4,r_137_96_70,seq55,seq7,r_137_96_70,1.0,0,70,70,8
12,r_56_134_82,r_117_105_38,r_15_71_99,r_117_105_38,0.74,-14,24,38,8
29,r_111_51_56,seq55,r_95_85_6,r_111_51_56,1.0,1,57,56,8
98,seq122,seq28,r_117_105_38,r_117_105_38,1.0,9,47,38,8
37,r_60_113_22,seq92,seq74,r_60_113_22,1.0,0,22,22,8
36,r_36_144_19,seq140,seq138,r_36_144_19,1.0,0,19,19,8
13,r_89_31_36,r_118_102_60,seq64,r_89_31_36,1.0,0,36,36,8
24,r_117_105_38,seq73,seq122,r_117_105_38,1.0,0,38,38,8
35,r_34_104_25,seq42,r_15_71_99,r_34_104_25,0.98,-1,24,25,8
47,r_107_61_62,r_119_81_92,r_60_113_22,r_107_61_62,0.96,0,62,62,8
48,r_72_30_88,r_15_71_99,r_76_8_58,r_72_30_88,0.96,0,88,88,8
34,r_50_106_14,r_117_105_38,seq55,r_50_106_14,0.96,0,14,14,8
44,r_41_46_27,seq38,r_25_12_31,r_41_46_27,0.87,0,27,27,8
12,r_56_134_82,r_15_71_99,r_69_82_8,r_56_134_82,0.91,0,82,82,8
25,r_54_57_49,r_132_129_72,seq18,r_54_57_49,0.96,1,50,49,8
21,r_99_149_35,r_6_26_12,seq88,r_99_149_35,1.0,0,35,35,8
27,r_83_23_33,r_70_108_90,seq122,r_83_23_33,1.0,3,36,33,8
17,r_118_102_60,seq13,r_29_97_43,r_118_102_60,1.0,0,60,60,8
42,r_17_115_39,r_29_97_43,seq21,r_17_115_39,0.99,0,39,39,8
49,r_32_77_86,seq75,r_100_47_26,r_32_77_86,0.89,0,86,86,8
16,r_135_51_16,r_10_35_7,r_127_0_14,r_135_51_16,0.97,0,16,16,9
40,r_88_38_58,r_5_76_96,seq16,r_88_38_58,1.0,0,58,58,9
27,r_68_31_20,r_80_14_63,seq1,r_68_31_20,0.85,0,20,20,9
14,r_71_115_35,r_5_76_96,r_37_110_66,r_37_110_66,1.0,3,69,66,9
46,r_113_9_42,seq4,r_62_111_13,r_113_9_42,1.0,0,42,42,9
83,seq63,r_86_49_74,r_61_23_88,r_86_49_74,1.0,0,74,74,9
37,r_105_84_78,seq141,r_117_108_53,r_105_84_78,0.94,0,78,78,9
5,r_139_89_86,seq149,r_42_29_68,r_139_89_86,0.79,0,86,86,9
52,seq4,r_113_9_42,r_139_89_86,r_113_9_42,0.58,5,47,42,9
19,r_80_14_63,r_81_79_87,r_121_92_5,r_121_92_5,0.51,57,62,5,9
28,r_97_13_73,seq137,seq74,r_97_13_73,0.57,-29,44,73,9
3,r_99_64_39,seq107,r_85_138_23,r_99_64_39,1.0,5,44,39,9
76,seq50,r_148_27_72,r_70_145_40,r_148_27_72,1.0,1,73,72,9
31,r_143_75_77,seq18,seq50,r_143_75_77,0.83,0,77,77,9
30,r_90_28_30,seq60,r_68_31_20,r_90_28_30,1.0,0,30,30,9
10,r_86_49_74,seq63,seq4,r_86_49_74,0.97,0,74,74,9
29,r_8_122_28,seq137,seq32,r_8_122_28,0.97,0,28,28,9
4,r_81_79_87,r_61_23_88,r_10_35_7,r_10_35_7,0.77,82,89,7,9
23,r_103_95_57,seq58,seq32,r_103_95_57,0.99,0,57,57,9
13,r_2_146_75,seq16,r_128_94_33,r_2_146_75,0.81,0,75,75,9
15,r_65_15_82,seq34,r_81_79_87,r_65_15_82,0.89,0,82,82,9
0,r_62_111_13,r_65_15_82,r_102_132_17,r_62_111_13,1.0,0,13,13,9
6,r_140_3_70,seq125,seq48,r_140_3_70,0.59,2,72,70,9
8,r_17_52_50,r_6_147_67,r_70_145_40,r_17_52_50,0.7,7,57,50,9
38,r_109_142_44,r_65_15_82,seq19,r_109_142_44,0.89,0,44,44,9
42,r_128_94_33,r_123_78_84,seq124,r_123_78_84,0.59,-42,42,84,9
47,r_45_101_83,r_121_92_5,seq16,r_45_101_83,0.67,0,83,83,9
45,r_102_132_17,r_10_35_7,r_62_111_13,r_102_132_17,0.96,0,17,17,9
81,seq58,r_103_95_57,seq34,r_103_95_57,1.0,-1,56,57,9
25,r_37_110_66,seq30,r_71_115_35,r_37_110_66,0.99,0,66,66,9
58,seq16,r_2_146_75,r_88_38_58,r_88_38_58,0.64,17,75,58,9
24,r_59_11_15,seq91,seq125,r_59_11_15,0.84,4,19,15,9
99,seq125,r_10_35_7,r_59_11_15,r_59_11_15,0.55,1,16,15,9
36,r_73_93_94,seq107,r_8_122_28,r_73_93_94,0.59,-47,47,94,9
26,r_96_82_37,r_121_92_5,seq107,r_96_82_37,0.96,2,39,37,9
12,r_127_0_14,r_2_146_75,r_135_51_16,r_127_0_14,0.81,2,16,14,9
9,r_6_147_67,seq20,r_61_23_88,r_6_147_67,0.55,2,69,67,9
33,r_85_138_23,seq19,seq53,r_85_138_23,1.0,0,23,23,9
55,seq137,r_8_122_28,seq54,r_8_122_28,0.83,0,28,28,9
22,r_148_27_72,seq50,r_85_138_23,r_148_27_72,0.99,1,73,72,9
49,r_67_77_64,seq106,seq34,r_67_77_64,0.85,3,67,64,9
44,r_126_21_60,seq53,seq39,r_126_21_60,0.98,0,60,60,9
50,seq1,seq46,r_68_31_20,r_68_31_20,0.81,4,24,20,9
35,r_133_36_54,seq41,r_62_111_13,r_133_36_54,0.96,6,60,54,9
36,r_58_17_69,r_61_81_66,r_132_93_13,r_58_17_69,1.0,-3,66,69,10
3,r_114_140_85,seq109,seq47,r_114_140_85,0.92,0,85,85,10
16,r_80_43_72,seq33,seq45,r_80_43_72,0.9,0,72,72,10
46,r_95_101_3,r_21_104_78,r_138_3_93,r_21_104_78,1.0,-10,68,78,10
42,r_65_108_79,seq46,r_12_128_64,r_65_108_79,0.86,2,81,79,10
45,r_85_57_88,seq32,r_20_42_7,r_85_57_88,0.73,0,88,88,10
15,r_120_68_8,r_144_15_80,seq75,r_144_15_80,0.99,1,81,80,10
39,r_49_111_15,seq60,r_141_87_36,r_49_111_15,0.69,14,29,15,10
31,r_22_30_74,r_141_87_36,r_61_81_66,r_141_87_36,0.97,39,75,36,10
41,r_136_139_60,seq40,seq54,r_136_139_60,1.0,0,60,60,10
8,r_74_69_14,r_61_81_66,seq10,r_74_69_14,0.74,0,14,14,10
29,r_141_87_36,r_52_113_71,r_49_111_15,r_141_87_36,0.74,-15,21,36,10
10,r_12_128_64,seq45,r_138_3_93,r_12_128_64,0.65,0,64,64,10
2,r_102_145_45,r_58_17_69,r_137_56_48,r_58_17_69,0.99,1,70,69,10
37,r_67_39_87,r_76_25_59,r_102_145_45,r_67_39_87,0.97,-28,59,87,10
4,r_134_89_58,seq41,seq33,r_134_89_58,0.71,9,67,58,10
0,r_82_70_84,r_123_98_61,r_138_3_93,r_123_98_61,1.0,1,62,61,10
11,r_38_6_98,r_96_88_89,r_61_81_66,r_61_81_66,0.85,23,89,66,10
20,r_96_88_89,r_38_6_98,r_21_104_78,r_38_6_98,0.71,-9,89,98,10
37,r_67_39_87,r_102_145_45,r_138_3_93,r_67_39_87,0.95,0,87,87,10
6,r_61_81_66,r_58_17_69,r_38_6_98,r_61_81_66,0.98,0,66,66,10
62,seq32,r_85_57_88,r_1_92_9,r_85_57_88,0.79,0,88,88,10
53,seq7,r_137_56_48,r_50_53_50,r_137_56_48,0.88,3,51,48,10
27,r_94_8_21,r_12_128_64,seq59,r_94_8_21,0.89,0,21,21,10
38,r_132_93_13,r_38_6_98,seq47,r_132_93_13,0.98,0,13,13,10
19,r_18_110_30,seq5,r_130_129_43,r_130_129_43,0.65,4,47,43,10
25,r_50_53_50,seq146,seq7,r_50_53_50,0.84,1,51,50,10
80,seq75,r_144_15_80,r_120_68_8,r_144_15_80,0.89,-21,59,80,10
7,r_26_55_19,seq5,seq83,r_26_55_19,1.0,0,19,19,10
22,r_121_107_32,r_80_43_72,seq45,r_121_107_32,0.78,1,33,32,10
47,r_13_37_56,r_125_135_82,r_143_133_54,r_125_135_82,0.7,-26,56,82,10
18,r_23_14_75,seq83,r_61_81_66,r_61_81_66,1.0,13,79,66,10
24,r_21_104_78,r_95_101_3,r_24_84_63,r_21_104_78,0.91,1,79,78,10
35,r_144_15_80,r_120_68_8,r_61_81_66,r_144_15_80,0.9,1,81,80,10
14,r_48_124_25,r_38_6_98,seq62,r_48_124_25,0.79,-2,23,25,10
61,seq31,r_49_111_15,r_123_98_61,r_123_98_61,0.98,3,64,61,10
34,r_123_98_61,r_82_70_84,seq31,r_123_98_61,1.0,1,62,61,10
3,r_114_140_85,r_38_6_98,seq109,r_114_140_85,0.48,-64,21,85,10
10,r_12_128_64,r_138_3_93,r_65_108_79,r_65_108_79,0.78,6,85,79,10
32,r_130_129_43,r_36_27_53,r_18_110_30,r_130_129_43,1.0,1,44,43,10
95,seq117,r_130_129_43,seq47,r_130_129_43,0.84,-25,18,43,10
30,r_28_97_23,r_18_110_30,seq41,r_18_110_30,0.79,-5,25,30,10
48,r_143_133_54,r_123_98_61,r_141_87_36,r_141_87_36,0.88,18,54,36,10
12,r_76_25_59,r_67_39_87,seq71,r_76_25_59,0.92,0,59,59,10
1,r_103_142_44,seq83,seq60,r_103_142_44,1.0,0,44,44,10
28,r_52_113_71,seq40,seq73,r_52_113_71,0.87,0,71,71,10
0,r_82_70_84,r_138_3_93,seq32,r_82_70_84,0.56,-10,74,84,10
2,r_102_145_45,seq109,r_58_17_69,r_102_145_45,1.0,0,45,45,10
33,r_96_94_45,r_124_20_44,seq15,r_96_94_45,0.98,0,45,45,11
51,seq130,r_76_67_92,r_98_9_41,r_98_9_41,0.79,42,83,41,11
14,r_61_129_86,seq136,r_119_103_16,r_61_129_86,0.84,0,86,86,11
18,r_116_73_39,r_33_6_50,seq99,r_116_73_39,1.0,0,39,39,11
8,r_77_58_89,r_24_38_81,seq16,r_77_58_89,0.52,-7,82,89,11
46,r_119_103_16,r_13_2_80,seq148,r_119_103_16,1.0,-1,15,16,11
12,r_53_118_14,seq84,r_80_132_10,r_53_118_14,0.83,0,14,14,11
43,r_31_28_69,r_83_128_98,seq146,r_31_28_69,1.0,0,69,69,11
15,r_13_2_80,seq137,r_97_149_52,r_13_2_80,0.5,-29,51,80,11
16,r_49_110_73,seq57,r_31_28_69,r_49_110_73,0.98,0,73,73,11
21,r_33_6_50,r_116_73_39,r_5_74_22,r_5_74_22,0.82,1,23,22,11
31,r_52_75_63,seq19,r_37_89_43,r_37_89_43,0.55,-1,42,43,11
20,r_37_89_43,r_52_75_63,r_140_8_91,r_37_89_43,0.8,46,89,43,11
19,r_115_3_55,seq16,seq143,r_115_3_55,0.68,12,67,55,11
1,r_117_26_18,r_59_90_59,seq106,r_117_26_18,0.92,1,19,18,11
30,r_59_90_59,seq30,r_80_132_10,r_59_90_59,0.99,0,59,59,11
20,r_37_89_43,seq146,r_52_75_63,r_37_89_43,1.0,0,43,43,11
40,r_133_145_33,seq7,r_120_85_32,r_133_145_33,1.0,1,34,33,11
10,r_24_38_81,r_77_58_89,seq46,r_24_38_81,0.97,1,82,81,11
11,r_17_131_26,r_76_67_92,seq63,r_17_131_26,1.0,0,26,26,11
88,seq144,r_97_149_52,seq55,r_97_149_52,1.0,-7,45,52,11
4,r_127_10_64,r_49_110_73,r_117_26_18,r_127_10_64,0.96,0,64,64,11
80,seq65,r_4_32_15,r_120_85_32,r_4_32_15,0.77,0,15,15,11
2,r_87_113_38,seq22,seq0,r_87_113_38,0.98,2,40,38,11
15,r_13_2_80,r_119_103_16,seq137,r_119_103_16,0.55,8,24,16,11
21,r_33_6_50,r_5_74_22,r_91_72_23,r_33_6_50,1.0,0,50,50,11
5,r_4_32_15,r_66_34_75,r_68_101_27,r_66_34_75,1.0,0,75,75,11
66,seq30,r_59_90_59,seq54,r_59_90_59,1.0,0,59,59,11
27,r_42_64_78,seq142,r_125_60_7,r_42_64_78,0.9,0,78,78,11
31,r_52_75_63,r_37_89_43,seq55,r_52_75_63,0.9,1,64,63,11
25,r_120_85_32,seq123,r_133_145_33,r_120_85_32,1.0,2,34,32,11
22,r_98_9_41,r_105_45_61,r_115_3_55,r_98_9_41,1.0,2,43,41,11
38,r_5_74_22,r_33_6_50,seq55,r_33_6_50,1.0,0,50,50,11
9,r_141_35_20,r_43_107_29,r_79_88_5,r_141_35_20,0.99,-1,19,20,11
3,r_86_21_51,r_83_128_98,seq84,r_86_21_51,0.99,1,52,51,11
48,r_11_18_42,r_105_45_61,seq30,r_11_18_42,0.82,3,45,42,11
17,r_68_101_27,seq23,r_4_32_15,r_68_101_27,0.96,0,27,27,11
38,r_5_74_22,r_61_129_86,r_33_6_50,r_33_6_50,0.66,-28,22,50,11
42,r_134_109_40,seq106,r_14_122_2,r_134_109_40,1.0,0,40,40,11
32,r_91_72_23,seq146,r_33_6_50,r_33_6_50,0.96,9,59,50,11
39,r_43_107_29,seq92,r_80_132_10,r_43_107_29,0.85,1,30,29,11
15,r_13_2_80,r_97_149_52,r_141_35_20,r_13_2_80,0.8,0,80,80,11
32,r_91_72_23,seq55,seq146,r_91_72_23,0.99,2,25,23,11
64,seq22,r_87_113_38,r_125_60_7,r_87_113_38,0.59,0,38,38,11
63,seq148,r_127_10_64,r_119_103_16,r_119_103_16,0.51,-2,14,16,11
34,r_83_128_98,r_69_1_90,r_87_113_38,r_83_128_98,0.7,-8,90,98,11
61,seq146,r_37_89_43,r_91_72_23,r_37_89_43,0.77,0,43,43,11
96,seq147,r_105_45_61,r_29_62_8,r_105_45_61,1.0,0,61,61,11
29,r_66_34_75,r_4_32_15,r_98_9_41,r_66_34_75,0.74,0,75,75,11
24,r_27_100_31,seq39,seq65,r_27_100_31,1.0,1,32,31,11
49,r_56_95_79,seq63,seq137,r_56_95_79,0.59,2,81,79,11
41,r_44_78_58,r_66_34_75,r_27_100_31,r_44_78_58,1.0,0,58,58,11
6,r_80_132_10,seq104,seq36,r_80_132_10,0.89,1,11,10,11
44,r_69_1_90,r_83_128_98,seq137,r_69_1_90,0.84,0,90,90,11
35,r_105_45_61,seq147,r_27_100_31,r_105_45_61,1.0,0,61,61,11
7,r_124_20_44,r_49_110_73,r_120_85_32,r_124_20_44,1.0,1,45,44,11
5,r_4_32_15,seq65,r_66_34_75,r_4_32_15,1.0,0,15,15,11
29,r_66_34_75,r_98_9_41,r_4_32_15,r_66_34_75,0.65,-60,15,75,11
30,r_121_35_74,r_28_42_93,r_7_92_9,r_121_35_74,0.5,0,74,74,12
22,r_77_91_27,seq50,r_84_105_7,r_77_91_27,1.0,0,27,27,12
41,r_29_133_49,seq129,seq112,r_29_133_49,1.0,0,49,49,12
8,r_149_62_31,r_123_115_50,r_130_60_19,r_149_62_31,1.0,0,31,31,12
72,seq44,r_98_117_56,r_132_11_16,r_98_117_56,0.49,-22,34,56,12
45,r_56_89_26,seq81,seq120,r_56_89_26,0.85,1,27,26,12
24,r_132_11_16,seq107,seq51,r_132_11_16,1.0,0,16,16,12
1,r_146_113_87,r_111_88_15,seq61,r_146_113_87,0.99,0,87,87,12
91,seq99,seq4,r_57_64_51,r_57_64_51,1.0,1,52,51,12
46,r_97_66_62,seq143,r_148_49_22,r_97_66_62,1.0,0,62,62,12
52,seq2,r_76_45_95,r_93_58_10,r_93_58_10,0.51,17,27,10,12
35,r_57_64_51,seq15,seq99,r_57_64_51,0.99,0,51,51,12
0,r_148_49_22,r_149_62_31,seq46,r_148_49_22,0.72,0,22,22,12
29,r_14_86_30,r_127_40_81,seq79,r_14_86_30,1.0,0,30,30,12
48,r_135_82_12,r_3_124_32,seq2,r_135_82_12,0.96,2,14,12,12
1,r_146_113_87,seq147,r_111_88_15,r_111_88_15,0.93,10,25,15,12
10,r_127_40_81,r_3_124_32,r_121_35_74,r_127_40_81,1.0,0,81,81,12
43,r_111_88_15,r_67_41_14,seq20,r_111_88_15,0.94,1,16,15,12
18,r_33_144_33,r_106_27_45,r_149_62_31,r_106_27_45,1.0,-12,33,45,12
15,r_138_73_23,r_94_90_28,r_93_58_10,r_138_73_23,1.0,0,23,23,12
88,seq143,r_97_66_62,r_7_92_9,r_97_66_62,0.56,-13,49,62,12
38,r_23_26_55,seq39,r_31_100_36,r_23_26_55,1.0,0,55,55,12
36,r_130_60_19,r_145_52_96,r_69_6_89,r_130_60_19,1.0,0,19,19,12
14,r_36_13_11,r_28_42_93,seq118,r_36_13_11,0.86,0,11,11,12
6,r_98_117_56,seq44,r_132_11_16,r_132_11_16,0.65,12,28,16,12
49,r_119_136_57,seq50,r_77_91_27,r_119_136_57,0.47,0,57,57,12
36,r_130_60_19,r_69_6_89,r_149_62_31,r_149_62_31,0.96,58,89,31,12
27,r_1_17_78,seq12,r_85_110_37,r_1_17_78,0.72,0,78,78,12
42,r_101_114_41,seq120,seq137,r_101_114_41,1.0,0,41,41,12
39,r_139_141_39,seq4,seq2,r_139_141_39,1.0,0,39,39,12
47,r_48_83_86,seq137,r_56_89_26,r_48_83_86,0.94,0,86,86,12
40,r_67_41_14,r_111_88_15,seq55,r_67_41_14,0.68,2,16,14,12
25,r_10_5_76,seq46,r_9_70_88,r_10_5_76,0.94,0,76,76,12
10,r_127_40_81,r_139_141_39,r_3_124_32,r_139_141_39,0.66,-3,36,39,12
21,r_85_110_37,r_23_26_55,r_111_88_15,r_85_110_37,0.99,0,37,37,12
74,seq50,r_119_136_57,r_9_70_88,r_119_136_57,0.98,0,57,57,12
32,r_126_104_58,seq75,r_31_100_36,r_126_104_58,1.0,2,60,58,12
28,r_106_27_45,r_123_115_50,r_132_11_16,r_106_27_45,1.0,0,45,45,12
19,r_54_68_35,r_63_16_59,r_36_13_11,r_54_68_35,1.0,0,35,35,12
16,r_63_16_59,seq75,r_77_91_27,r_63_16_59,0.99,0,59,59,12
30,r_121_35_74,r_7_92_9,r_127_40_81,r_127_40_81,0.74,3,84,81,12
84,seq75,r_63_16_59,seq120,r_63_16_59,0.84,0,59,59,12
6,r_98_117_56,r_132_11_16,r_57_64_51,r_98_117_56,0.96,0,56,56,12
7,r_3_124_32,r_1_17_78,seq37,r_3_124_32,0.78,3,35,32,12
11,r_31_100_36,r_22_0_38,seq12,r_31_100_36,0.98,0,36,36,12
5,r_69_6_89,r_146_113_87,r_130_60_19,r_130_60_19,1.0,0,19,19,12
97,seq120,r_101_114_41,r_56_89_26,r_101_114_41,0.96,0,41,41,12
33,r_123_115_50,seq78,seq128,r_123_115_50,1.0,-1,49,50,12
79,seq65,r_145_52_96,r_9_70_88,r_145_52_96,0.65,-7,89,96,12
23,r_22_0_38,r_10_5_76,r_36_13_11,r_10_5_76,0.71,-37,39,76,12
31,r_103_87_4,r_56_89_26,seq142,r_56_89_26,0.57,1,27,26,12
38,r_19_11_33,r_78_4_57,seq111,r_19_11_33,0.98,1,34,33,13
36,r_24_98_24,r_86_70_92,r_82_120_19,r_24_98_24,0.9,0,24,24,13
37,r_66_3_90,r_77_45_99,r_65_114_35,r_66_3_90,0.55,0,90,90,13
32,r_84_8_46,seq12,r_40_74_16,r_84_8_46,0.99,-1,45,46,13
23,r_51_146_78,r_118_17_32,seq124,r_118_17_32,1.0,0,32,32,13
16,r_13_141_84,seq136,seq41,r_13_141_84,0.81,1,85,84,13
1,r_14_44_73,r_77_45_99,r_128_142_60,r_77_45_99,0.99,-26,73,99,13
97,seq124,r_90_34_69,r_51_146_78,r_90_34_69,1.0,0,69,69,13
25,r_40_74_16,r_43_27_77,r_110_6_81,r_40_74_16,1.0,0,16,16,13
5,r_43_27_77,seq135,seq81,r_43_27_77,0.93,0,77,77,13
42,r_9_83_80,r_13_141_84,r_7_16_28,r_9_83_80,0.92,0,80,80,13
69,seq41,seq56,r_13_141_84,r_13_141_84,0.73,3,87,84,13
28,r_58_71_44,r_43_27_77,seq73,r_58_71_44,1.0,0,44,44,13
18,r_116_42_12,r_10_0_67,seq76,r_116_42_12,0.66,0,12,12,13
41,r_144_23_63,seq76,seq1,r_144_23_63,1.0,0,63,63,13
3,r_53_149_61,r_13_141_84,seq73,r_53_149_61,1.0,0,61,61,13
44,r_59_57_43,r_72_61_45,seq56,r_59_57_43,1.0,0,43,43,13
26,r_89_26_85,seq36,r_116_42_12,r_89_26_85,0.63,-1,84,85,13
40,r_82_120_19,r_7_16_28,seq92,r_82_120_19,0.79,-2,17,19,13
31,r_118_17_32,r_51_146_78,seq1,r_118_17_32,0.87,0,32,32,13
11,r_10_0_67,r_89_26_85,r_144_23_63,r_10_0_67,0.82,2,69,67,13
15,r_32_49_65,seq22,r_33_54_48,r_32_49_65,0.89,0,65,65,13
10,r_147_95_39,seq15,r_64_39_25,r_147_95_39,1.0,0,39,39,13
6,r_128_142_60,r_66_3_90,seq99,r_128_142_60,1.0,1,61,60,13
9,r_131_47_37,seq148,seq88,r_131_47_37,1.0,0,37,37,13
27,r_119_101_56,seq12,r_116_42_12,r_119_101_56,0.86,0,56,56,13
19,r_21_46_54,r_13_141_84,r_97_67_4,r_21_46_54,0.96,0,54,54,13
24,r_72_61_45,seq31,seq132,r_72_61_45,0.79,1,46,45,13
20,r_110_6_81,r_147_95_39,r_40_74_16,r_110_6_81,0.77,-68,13,81,13
35,r_86_70_92,r_24_98_24,seq132,r_24_98_24,1.0,0,24,24,13
0,r_37_5_55,seq130,seq135,r_37_5_55,0.99,-1,54,55,13
20,r_110_6_81,r_40_74_16,r_72_61_45,r_110_6_81,0.61,2,83,81,13
61,seq22,r_32_49_65,seq20,r_32_49_65,0.99,2,67,65,13
22,r_33_54_48,r_14_44_73,r_24_98_24,r_33_54_48,0.48,0,48,48,13
2,r_96_2_50,r_90_34_69,r_109_145_87,r_96_2_50,0.83,2,52,50,13
47,r_78_4_57,seq100,r_33_54_48,r_78_4_57,1.0,0,57,57,13
45,r_48_121_52,seq88,r_116_42_12,r_48_121_52,1.0,0,52,52,13
14,r_7_16_28,r_48_121_52,seq31,r_7_16_28,0.9,0,28,28,13
17,r_18_140_72,seq63,r_72_61_45,r_18_140_72,0.99,0,72,72,13
25,r_40_74_16,r_110_6_81,r_84_8_46,r_40_74_16,0.92,67,83,16,13
30,r_64_39_25,r_10_0_67,r_30_105_3,r_64_39_25,0.99,0,25,25,13
7,r_94_134_36,r_144_23_63,seq36,r_94_134_36,0.95,0,36,36,13
49,r_90_34_69,seq124,seq138,r_90_34_69,0.66,0,69,69,13
70,seq47,r_20_56_24,r_144_31_40,r_144_31_40,0.99,5,45,40,14
42,r_11_88_31,r_67_65_55,r_55_115_26,r_11_88_31,0.99,0,31,31,14
14,r_14_73_76,r_68_66_98,seq40,r_14_73_76,0.89,0,76,76,14
93,seq101,r_9_141_50,seq92,r_9_141_50,1.0,0,50,50,14
43,r_28_78_74,r_58_63_73,r_98_24_12,r_28_78_74,0.96,3,77,74,14
37,r_81_25_69,seq21,seq43,r_81_25_69,1.0,1,70,69,14
26,r_144_31_40,r_8_38_75,seq47,r_144_31_40,0.98,0,40,40,14
71,seq49,r_23_19_83,seq148,r_23_19_83,0.97,1,84,83,14
22,r_84_95_34,seq39,r_55_115_26,r_84_95_34,0.74,1,35,34,14
75,seq60,seq97,r_3_42_37,r_3_42_37,0.93,2,39,37,14
44,r_90_27_17,seq118,r_106_103_9,r_90_27_17,0.99,1,18,17,14
45,r_58_63_73,r_28_78_74,r_9_141_50,r_58_63_73,0.87,4,77,73,14
21,r_114_112_70,r_9_141_50,r_87_121_57,r_114_112_70,0.95,1,71,70,14
25,r_85_0_36,seq43,r_111_86_88,r_85_0_36,0.95,0,36,36,14
30,r_9_141_50,seq101,r_114_112_70,r_9_141_50,1.0,0,50,50,14
48,r_3_42_37,r_81_25_69,seq60,r_3_42_37,0.79,2,39,37,14
86,seq143,r_110_18_42,r_55_115_26,r_55_115_26,1.0,18,44,26,14
10,r_108_1_77,seq50,seq74,r_108_1_77,0.99,0,77,77,14
11,r_132_123_27,r_124_146_58,r_12_13_1,r_132_123_27,0.75,-1,26,27,14
0,r_68_66_98,r_14_73_76,r_67_65_55,r_68_66_98,0.87,-22,76,98,14
6,r_30_4_5,r_68_66_98,r_116_79_15,r_116_79_15,0.96,3,18,15,14
3,r_46_107_32,seq61,r_75_117_21,r_46_107_32,0.9,4,36,32,14
20,r_17_26_81,r_82_134_14,r_127_2_67,r_17_26_81,0.76,0,81,81,14
23,r_75_117_21,r_98_24_12,r_46_107_32,r_46_107_32,0.88,25,57,32,14
13,r_51_147_78,seq32,r_70_105_64,r_51_147_78,0.95,0,78,78,14
30,r_9_141_50,r_114_112_70,r_58_63_73,r_9_141_50,0.88,23,73,50,14
15,r_20_56_24,r_110_18_42,seq47,r_20_56_24,0.86,0,24,24,14
21,r_114_112_70,r_87_121_57,r_9_141_50,r_114_112_70,0.73,-17,53,70,14
16,r_140_89_7,r_82_134_14,r_109_113_29,r_140_89_7,0.56,53,60,7,14
85,seq83,r_70_105_64,seq100,r_70_105_64,1.0,0,64,64,14
17,r_111_86_88,r_85_0_36,seq10,r_111_86_88,0.87,0,88,88,14
17,r_111_86_88,r_67_65_55,r_85_0_36,r_111_86_88,0.97,-29,59,88,14
68,seq43,r_85_0_36,seq47,r_85_0_36,1.0,0,36,36,14
27,r_127_2_67,seq149,r_17_26_81,r_17_26_81,0.73,6,87,81,14
12,r_57_137_20,seq54,r_55_115_26,r_57_137_20,0.95,0,20,20,14
4,r_29_122_19,seq74,seq149,r_29_122_19,0.94,0,19,19,14
18,r_70_105_64,seq83,seq139,r_70_105_64,1.0,0,64,64,14
82,seq74,r_29_122_19,seq92,r_29_122_19,0.82,0,19,19,14
68,seq43,seq47,r_81_25_69,r_81_25_69,0.99,5,74,69,14
82,seq74,seq92,r_108_1_77,r_108_1_77,1.0,3,80,77,14
25,r_85_0_36,r_111_86_88,r_106_103_9,r_111_86_88,0.91,2,90,88,14
1,r_91_59_84,r_55_115_26,seq126,r_55_115_26,0.93,2,28,26,14
29,r_8_38_75,r_55_115_26,r_114_112_70,r_8_38_75,1.0,0,75,75,14
33,r_52_16_94,r_68_66_98,r_116_79_15,r_116_79_15,1.0,3,18,15,14
99,seq149,r_127_2_67,r_29_122_19,r_29_122_19,1.0,2,21,19,14
31,r_67_65_55,r_111_86_88,r_68_66_98,r_67_65_55,0.99,4,59,55,14
40,r_119_37_4,seq143,r_110_18_42,r_119_37_4,0.38,56,60,4,14
34,r_109_113_29,seq34,r_140_89_7,r_140_89_7,1.0,14,21,7,14
46,r_124_146_58,seq53,seq77,r_124_146_58,0.97,1,59,58,14
76,seq61,r_46_107_32,seq5,r_46_107_32,0.64,11,43,32,14
49,r_23_19_83,seq49,r_70_105_64,r_23_19_83,0.69,1,84,83,14
7,r_55_115_26,r_91_59_84,r_57_137_20,r_55_115_26,1.0,1,27,26,14
29,r_8_38_75,r_144_31_40,r_55_115_26,r_8_38_75,0.93,-35,40,75,14
35,r_104_45_85,seq149,r_110_18_42,r_104_45_85,0.71,0,85,85,14
36,r_116_79_15,seq5,r_30_4_5,r_116_79_15,0.99,-2,13,15,14
36,r_110_138_58,r_141_67_93,seq83,r_110_138_58,0.77,10,68,58,15
33,r_128_51_33,seq1,r_9_97_15,r_128_51_33,1.0,2,35,33,15
8,r_23_41_81,seq85,seq111,r_23_41_81,0.67,1,82,81,15
42,r_130_79_20,seq36,seq117,r_130_79_20,0.94,-1,19,20,15
1,r_103_143_36,seq88,seq1,r_103_143_36,1.0,0,36,36,15
53,seq129,r_47_43_99,r_61_146_26,r_61_146_26,0.9,14,40,26,15
86,seq95,r_37_5_88,r_0_27_27,r_0_27_27,0.57,20,47,27,15
24,r_54_109_6,r_86_144_89,seq134,r_86_144_89,0.87,0,89,89,15
5,r_2_98_23,r_145_64_80,r_15_29_96,r_2_98_23,0.95,2,25,23,15
29,r_22_108_30,seq53,r_42_72_63,r_22_108_30,0.94,0,30,30,15
99,seq124,r_47_43_99,r_102_58_79,r_102_58_79,0.57,-27,52,79,15
12,r_42_72_63,r_22_108_30,seq40,r_42_72_63,0.93,0,63,63,15
12,r_42_72_63,r_68_122_87,r_22_108_30,r_22_108_30,0.84,1,31,30,15
41,r_25_33_64,seq66,seq1,r_25_33_64,0.98,0,64,64,15
38,r_61_146_26,r_32_18_24,seq129,r_61_146_26,0.98,0,26,26,15
17,r_139_30_34,r_47_43_99,seq40,r_139_30_34,0.63,6,40,34,15
32,r_28_119_49,r_47_43_99,seq11,r_28_119_49,0.92,0,49,49,15
2,r_63_106_17,r_107_96_70,seq62,r_107_96_70,1.0,0,70,70,15
4,r_0_27_27,r_103_143_36,seq95,r_0_27_27,0.7,0,27,27,15
46,r_90_71_44,r_86_144_89,r_61_146_26,r_86_144_89,0.95,-42,47,89,15
15,r_48_99_66,r_47_43_99,r_45_65_25,r_48_99_66,0.64,0,66,66,15
31,r_131_77_13,r_116_82_52,r_26_17_38,r_131_77_13,0.63,0,13,13,15
27,r_126_75_43,seq74,seq4,r_126_75_43,0.95,5,48,43,15
85,seq89,r_125_31_60,r_39_12_21,r_125_31_60,0.97,4,64,60,15
2,r_63_106_17,r_147_3_77,r_107_96_70,r_107_96_70,0.57,-53,17,70,15
44,r_84_7_31,r_141_67_93,seq137,r_84_7_31,0.86,1,32,31,15
87,seq148,seq135,r_63_106_17,r_63_106_17,0.65,70,87,17,15
47,r_80_101_84,seq62,r_47_43_99,r_80_101_84,0.74,0,84,84,15
18,r_147_3_77,seq115,seq38,r_147_3_77,0.99,0,77,77,15
28,r_114_59_42,r_142_81_95,r_145_64_80,r_114_59_42,0.4,28,70,42,15
40,r_15_29_96,r_125_31_60,r_2_98_23,r_15_29_96,0.95,-56,40,96,15
37,r_26_17_38,seq137,r_131_77_13,r_26_17_38,0.89,1,39,38,15
28,r_114_59_42,r_147_3_77,r_142_81_95,r_114_59_42,0.53,6,48,42,15
6,r_116_82_52,r_142_81_95,seq11,r_116_82_52,0.96,2,54,52,15
3,r_9_97_15,r_47_43_99,seq88,r_9_97_15,0.98,0,15,15,15
64,seq132,r_21_127_37,seq117,r_21_127_37,0.72,-22,15,37,15
34,r_92_35_72,r_145_64_80,r_22_108_30,r_92_35_72,0.87,1,73,72,15
29,r_22_108_30,r_42_72_63,seq8,r_42_72_63,0.98,0,63,63,15
13,r_112_24_32,r_37_5_88,seq85,r_112_24_32,0.91,-5,27,32,15
49,r_69_49_22,r_112_24_32,seq104,r_69_49_22,0.96,-1,21,22,15
9,r_39_12_21,seq74,seq89,r_39_12_21,0.84,1,22,21,15
26,r_91_44_18,r_63_106_17,seq140,r_91_44_18,0.82,0,18,18,15
79,seq74,r_126_75_43,seq117,r_126_75_43,0.77,4,47,43,15
62,seq20,r_54_109_6,r_23_41_81,r_23_41_81,0.36,-8,73,81,15
91,seq111,r_6_94_7,r_23_41_81,r_23_41_81,0.41,8,89,81,15
10,r_45_65_25,r_47_43_99,seq38,r_45_65_25,1.0,0,25,25,15
7,r_133_76_78,r_142_81_95,r_103_143_36,r_133_76_78,0.87,0,78,78,15
19,r_6_94_7,r_125_31_60,seq111,r_125_31_60,0.66,-30,30,60,15
23,r_68_122_87,seq8,r_47_43_99,r_68_122_87,0.47,0,87,87,15
14,r_52_93_39,seq11,seq53,r_52_93_39,0.73,0,39,39,15
36,r_108_59_88,seq62,r_146_52_45,r_146_52_45,0.64,44,89,45,16
16,r_79_86_54,r_13_32_75,r_72_20_55,r_79_86_54,0.96,1,55,54,16
25,r_94_27_18,r_1_111_8,seq33,r_94_27_18,0.96,0,18,18,16
8,r_10_122_61,seq53,seq39,r_10_122_61,0.98,0,61,61,16
43,r_83_148_93,seq115,r_13_32_75,r_13_32_75,0.46,18,93,75,16
44,r_40_22_34,r_31_5_62,r_24_90_40,r_31_5_62,0.79,0,62,62,16
37,r_56_4_70,seq49,r_43_135_31,r_56_4_70,0.82,0,70,70,16
3,r_77_23_22,r_24_90_40,seq41,r_77_23_22,0.98,0,22,22,16
39,r_130_110_67,seq128,r_94_27_18,r_130_110_67,0.98,0,67,67,16
95,seq115,r_120_80_26,r_101_89_69,r_120_80_26,0.9,-1,25,26,16
1,r_72_20_55,seq45,seq6,r_72_20_55,0.98,0,55,55,16
44,r_40_22_34,seq88,r_31_5_62,r_40_22_34,1.0,0,34,34,16
31,r_37_118_63,seq45,r_10_122_61,r_37_118_63,1.0,0,63,63,16
41,r_91_125_83,seq41,seq142,r_91_125_83,0.92,0,83,83,16
9,r_120_80_26,seq115,seq49,r_120_80_26,1.0,-1,25,26,16
4,r_84_129_79,seq107,seq137,r_84_129_79,0.96,1,80,79,16
0,r_55_116_65,seq49,r_26_121_30,r_55_116_65,0.99,0,65,65,16
7,r_65_147_52,r_31_5_62,seq81,r_65_147_52,0.56,0,52,52,16
15,r_29_16_1,r_108_59_88,r_35_34_20,r_29_16_1,0.48,61,62,1,16
67,seq44,r_103_105_99,r_18_30_46,r_18_30_46,0.98,1,47,46,16
49,r_47_25_16,r_79_86_54,r_21_74_9,r_47_25_16,0.81,0,16,16,16
33,r_69_123_87,r_8_136_51,r_35_34_20,r_69_123_87,0.6,-29,58,87,16
40,r_143_139_66,seq124,r_43_135_31,r_143_139_66,0.96,0,66,66,16
18,r_138_131_76,r_38_144_91,r_19_46_6,r_138_131_76,0.84,0,76,76,16
19,r_149_97_41,r_29_16_1,seq81,r_149_97_41,0.8,0,41,41,16
82,seq75,seq96,r_94_27_18,r_94_27_18,1.0,0,18,18,16
64,seq134,r_67_95_85,r_31_5_62,r_31_5_62,1.0,12,74,62,16
10,r_31_5_62,r_65_147_52,r_40_22_34,r_31_5_62,0.88,-18,44,62,16
32,r_42_85_77,seq142,seq128,r_42_85_77,0.92,0,77,77,16
23,r_66_102_58,seq88,seq142,r_66_102_58,0.97,0,58,58,16
45,r_26_121_30,seq12,seq51,r_26_121_30,1.0,0,30,30,16
6,r_8_136_51,r_69_123_87,r_112_99_23,r_8_136_51,0.86,0,51,51,16
29,r_101_89_69,seq115,r_120_80_26,r_101_89_69,0.96,0,69,69,16
27,r_35_34_20,r_82_54_90,r_71_78_2,r_35_34_20,0.9,-4,16,20,16
34,r_24_90_40,r_101_89_69,r_40_22_34,r_24_90_40,1.0,0,40,40,16
10,r_31_5_62,r_40_22_34,r_112_99_23,r_31_5_62,0.99,0,62,62,16
21,r_18_30_46,seq96,seq44,r_18_30_46,1.0,0,46,46,16
22,r_13_32_75,seq50,seq63,r_13_32_75,0.94,0,75,75,16
14,r_145_113_13,r_11_114_98,r_71_78_2,r_71_78_2,0.63,11,13,2,16
29,r_101_89_69,r_24_90_40,seq115,r_24_90_40,1.0,0,40,40,16
90,seq100,r_1_111_8,r_18_30_46,r_18_30_46,0.88,1,47,46,16
5,r_103_105_99,r_130_110_67,r_11_114_98,r_103_105_99,0.81,-65,34,99,16
42,r_61_132_11,r_84_129_79,seq127,r_61_132_11,0.95,1,12,11,16
24,r_43_135_31,r_1_111_8,seq62,r_43_135_31,0.97,0,31,31,16
2,r_146_52_45,r_42_85_77,r_19_46_6,r_146_52_45,0.99,0,45,45,16
30,r_24_9_86,seq25,r_34_108_78,r_24_9_86,0.74,2,88,86,17
20,r_107_56_41,seq93,seq8,r_107_56_41,0.97,0,41,41,17
41,r_35_84_17,r_42_79_70,seq54,r_35_84_17,1.0,0,17,17,17
36,r_47_142_44,r_133_19_75,r_34_108_78,r_47_142_44,0.97,32,76,44,17
19,r_146_18_79,r_128_94_9,r_41_70_8,r_146_18_79,0.97,0,79,79,17
4,r_133_19_75,r_39_0_22,r_47_142_44,r_47_142_44,0.91,4,48,44,17
5,r_42_79_70,seq80,r_44_15_18,r_42_79_70,0.99,0,70,70,17
19,r_146_18_79,r_36_98_64,r_128_94_9,r_128_94_9,0.93,3,12,9,17
34,r_48_78_53,seq130,r_4_67_97,r_48_78_53,1.0,1,54,53,17
11,r_82_120_23,r_59_2_96,r_52_23_6,r_82_120_23,0.9,0,23,23,17
10,r_99_132_81,r_24_9_86,r_128_94_9,r_99_132_81,0.82,0,81,81,17
26,r_123_45_72,r_129_13_71,r_42_79_70,r_123_45_72,0.89,0,72,72,17
45,r_63_83_35,seq20,r_46_16_87,r_63_83_35,1.0,0,35,35,17
18,r_3_71_36,r_4_67_97,r_117_122_99,r_3_71_36,0.68,0,36,36,17
15,r_86_89_82,seq114,seq105,r_86_89_82,0.7,2,84,82,17
48,r_36_98_64,seq81,r_49_68_57,r_49_68_57,0.95,10,67,57,17
35,r_43_136_39,r_112_65_33,r_125_111_14,r_43_136_39,0.97,0,39,39,17
6,r_140_100_85,r_138_21_27,seq81,r_140_100_85,0.95,0,85,85,17
21,r_128_94_9,r_146_18_79,seq81,r_146_18_79,1.0,0,79,79,17
12,r_44_15_18,r_86_89_82,seq20,r_44_15_18,0.97,0,18,18,17
33,r_39_0_22,r_133_19_75,seq114,r_39_0_22,0.52,9,31,22,17
27,r_149_118_61,r_134_64_65,r_48_78_53,r_149_118_61,0.73,0,61,61,17
47,r_113_95_30,r_134_64_65,r_66_147_5,r_113_95_30,0.61,6,36,30,17
2,r_134_64_65,r_149_118_61,r_35_84_17,r_134_64_65,0.97,-1,64,65,17
36,r_47_142_44,seq38,r_133_19_75,r_47_142_44,1.0,2,46,44,17
29,r_1_7_83,r_37_102_88,r_134_64_65,r_134_64_65,0.68,19,84,65,17
7,r_31_62_16,r_141_144_92,seq105,r_31_62_16,0.54,0,16,16,17
44,r_90_77_21,seq105,r_59_2_96,r_90_77_21,0.93,-1,20,21,17
37,r_127_143_25,r_43_136_39,seq93,r_127_143_25,0.98,2,27,25,17
4,r_133_19_75,r_47_142_44,r_42_79_70,r_133_19_75,0.96,0,75,75,17
22,r_37_102_88,seq32,seq97,r_37_102_88,0.84,-1,87,88,17
28,r_27_124_68,seq54,r_66_147_5,r_27_124_68,1.0,0,68,68,17
23,r_129_13_71,seq60,seq109,r_129_13_71,0.95,3,74,71,17
82,seq81,r_36_98_64,r_128_94_9,r_36_98_64,0.82,3,67,64,17
24,r_40_87_47,r_134_64_65,seq20,r_40_87_47,1.0,0,47,47,17
13,r_49_68_57,r_117_122_99,r_63_83_35,r_49_68_57,1.0,2,59,57,17
91,seq108,r_73_63_38,seq149,r_73_63_38,0.99,0,38,38,18
41,r_16_17_64,r_73_63_38,r_106_129_41,r_16_17_64,1.0,0,64,64,18
9,r_110_113_34,r_114_109_63,seq134,r_110_113_34,0.97,0,34,34,18
81,seq67,r_33_27_36,seq135,r_33_27_36,0.65,-2,34,36,18
21,r_92_82_96,r_98_59_78,r_143_34_95,r_98_59_78,1.0,0,78,78,18
39,r_118_21_85,seq123,r_119_13_33,r_118_21_85,0.33,0,85,85,18
5,r_100_102_68,seq20,r_32_70_15,r_100_102_68,1.0,0,68,68,18
11,r_94_24_11,r_2_74_28,seq86,r_94_24_11,0.99,0,11,11,18
25,r_4_36_37,r_68_42_43,r_110_113_34,r_4_36_37,0.99,0,37,37,18
19,r_55_71_71,r_139_9_99,r_127_140_19,r_55_71_71,0.96,0,71,71,18
53,seq134,r_38_51_93,r_110_113_34,r_110_113_34,0.98,0,34,34,18
4,r_50_138_12,r_64_66_60,seq144,r_50_138_12,0.69,3,15,12,18
43,r_73_63_38,seq108,r_16_17_64,r_73_63_38,0.99,0,38,38,18
31,r_53_46_86,seq35,r_26_78_65,r_53_46_86,0.92,0,86,86,18
61,seq131,r_143_34_95,r_119_13_33,r_119_13_33,0.99,1,34,33,18
26,r_64_66_60,r_30_122_80,r_111_76_29,r_30_122_80,1.0,0,80,80,18
30,r_33_27_36,seq67,r_94_24_11,r_33_27_36,0.98,0,36,36,18
26,r_64_66_60,r_18_79_74,r_30_122_80,r_64_66_60,1.0,0,60,60,18
72,seq44,r_148_61_84,r_85_88_8,r_148_61_84,0.85,0,84,84,18
64,seq25,seq3,r_142_69_6,r_142_69_6,0.58,31,37,6,18
56,seq11,r_143_34_95,r_106_129_41,r_106_129_41,0.93,1,42,41,18
20,r_139_9_99,r_55_71_71,r_103_97_70,r_139_9_99,1.0,-29,70,99,18
70,seq40,r_12_1_88,r_28_19_22,r_28_19_22,0.45,17,39,22,18
15,r_148_61_84,seq44,r_110_113_34,r_148_61_84,0.67,0,84,84,18
6,r_114_109_63,r_92_82_96,seq49,r_114_109_63,0.94,0,63,63,18
18,r_28_19_22,r_100_102_68,seq40,r_28_19_22,0.52,1,23,22,18
14,r_2_74_28,r_94_24_11,r_10_7_97,r_94_24_11,0.54,0,11,11,18
29,r_65_0_10,r_93_62_59,seq29,r_65_0_10,1.0,0,10,10,18
84,seq86,r_112_117_62,r_94_24_11,r_112_117_62,0.92,-25,37,62,18
27,r_18_79_74,seq15,r_141_130_54,r_18_79_74,0.76,0,74,74,18
41,r_16_17_64,seq60,r_73_63_38,r_73_63_38,1.0,0,38,38,18
17,r_127_140_19,r_30_122_80,seq35,r_127_140_19,0.98,0,19,19,18
14,r_2_74_28,r_10_7_97,seq145,r_2_74_28,0.99,0,28,28,18
47,r_30_122_80,seq49,r_64_66_60,r_64_66_60,0.98,4,64,60,18
40,r_12_1_88,seq40,r_106_129_41,r_12_1_88,0.64,2,90,88,18
22,r_106_129_41,seq3,seq11,r_106_129_41,0.99,0,41,41,18
24,r_90_75_61,r_10_7_97,seq123,r_90_75_61,0.57,1,62,61,18
8,r_26_78_65,r_111_76_29,r_14_105_5,r_111_76_29,0.99,0,29,29,18
47,r_30_122_80,r_64_66_60,r_50_138_12,r_30_122_80,0.98,0,80,80,18
33,r_104_107_83,seq115,r_58_37_1,r_58_37_1,0.51,83,84,1,18
3,r_93_62_59,seq96,r_85_88_8,r_93_62_59,1.0,0,59,59,18
94,seq121,seq3,r_141_130_54,r_141_130_54,1.0,2,56,54,18
1,r_111_76_29,r_26_78_65,seq126,r_111_76_29,0.96,0,29,29,18
16,r_141_130_54,seq145,seq121,r_141_130_54,1.0,0,54,54,18
34,r_72_6_67,r_18_79_74,seq108,r_18_79_74,0.96,-9,65,74,18
36,r_23_116_47,seq49,r_106_129_41,r_23_116_47,0.63,0,47,47,18
81,seq67,seq135,r_28_19_22,r_28_19_22,0.66,28,50,22,18
48,r_83_22_49,r_112_117_62,r_68_42_43,r_83_22_49,1.0,1,50,49,18
43,r_73_63_38,r_16_17_64,r_141_130_54,r_73_63_38,0.98,26,64,38,18
96,seq123,r_118_21_85,r_90_75_61,r_118_21_85,0.84,-15,70,85,18
28,r_112_117_62,seq86,seq81,r_112_117_62,1.0,0,62,62,18
7,r_98_59_78,r_92_82_96,r_141_130_54,r_98_59_78,0.86,0,78,78,18
44,r_103_97_70,seq40,r_139_9_99,r_103_97_70,0.75,0,70,70,18
58,seq144,seq91,r_50_138_12,r_50_138_12,0.97,3,15,12,18
38,r_87_147_27,seq3,r_85_88_8,r_87_147_27,0.91,0,27,27,18
93,seq106,r_19_51_62,r_123_147_72,r_19_51_62,0.8,1,63,62,19
0,r_16_100_10,r_4_61_73,seq35,r_16_100_10,1.0,1,11,10,19
32,r_52_45_14,r_148_21_86,seq137,r_52_45_14,0.94,0,14,14,19
43,r_19_51_62,seq106,seq108,r_19_51_62,0.93,2,64,62,19
48,r_74_14_26,r_110_56_51,seq6,r_74_14_26,0.92,-6,20,26,19
10,r_2_120_31,r_4_61_73,seq75,r_2_120_31,0.99,0,31,31,19
19,r_15_96_25,r_39_114_90,seq30,r_39_114_90,0.66,0,90,90,19
1,r_81_71_3,r_127_8_33,r_11_99_19,r_11_99_19,1.0,15,34,19,19
22,r_125_105_46,seq69,seq124,r_125_105_46,0.93,0,46,46,19
45,r_80_90_30,r_103_92_20,seq141,r_80_90_30,1.0,2,32,30,19
35,r_126_1_47,seq23,seq24,r_126_1_47,0.99,0,47,47,19
2,r_110_56_51,seq23,r_17_49_8,r_110_56_51,0.98,0,51,51,19
33,r_135_25_57,seq98,r_43_68_50,r_135_25_57,1.0,0,57,57,19
41,r_27_22_77,seq44,seq6,r_27_22_77,0.81,0,77,77,19
29,r_67_33_21,r_43_68_50,seq50,r_67_33_21,0.93,0,21,21,19
20,r_82_20_18,seq65,seq149,r_82_20_18,0.91,-2,16,18,19
37,r_88_79_15,seq77,seq101,r_88_79_15,1.0,0,15,15,19
30,r_11_99_19,r_28_109_48,r_81_71_3,r_11_99_19,0.91,1,20,19,19
3,r_113_93_80,seq144,seq137,r_113_93_80,0.95,0,80,80,19
8,r_39_114_90,r_15_96_25,r_16_100_10,r_39_114_90,0.81,-1,89,90,19
9,r_32_116_39,r_118_12_94,r_81_71_3,r_32_116_39,1.0,0,39,39,19
11,r_132_31_65,r_123_147_72,r_115_7_84,r_132_31_65,0.64,0,65,65,19
18,r_48_0_35,r_131_59_42,seq138,r_48_0_35,0.87,1,36,35,19
15,r_36_41_82,seq133,r_4_61_73,r_36_41_82,0.75,0,82,82,19
34,r_97_84_55,seq130,r_127_8_33,r_97_84_55,1.0,0,55,55,19
21,r_43_68_50,seq141,seq72,r_43_68_50,1.0,0,50,50,19
6,r_4_61_73,seq50,seq44,r_4_61_73,1.0,0,73,73,19
99,seq124,seq149,r_125_105_46,r_125_105_46,0.96,7,53,46,19
47,r_34_26_64,r_123_147_72,r_74_14_26,r_34_26_64,0.94,0,64,64,19
46,r_134_37_41,r_123_147_72,r_104_3_59,r_104_3_59,0.81,4,63,59,19
24,r_46_112_63,seq138,seq141,r_46_112_63,0.94,0,63,63,19
19,r_15_96_25,seq53,r_39_114_90,r_15_96_25,1.0,0,25,25,19
38,r_122_60_78,seq58,seq106,r_122_60_78,0.91,0,78,78,19
8,r_39_114_90,seq65,r_15_96_25,r_15_96_25,1.0,1,26,25,19
90,seq98,r_135_25_57,seq137,r_135_25_57,1.0,0,57,57,19
26,r_57_107_24,seq35,seq138,r_57_107_24,0.92,0,24,24,19
75,seq58,r_122_60_78,r_67_33_21,r_122_60_78,0.51,-1,77,78,19
51,seq130,r_97_84_55,seq140,r_97_84_55,1.0,1,56,55,19
94,seq108,seq75,r_19_51_62,r_19_51_62,0.84,11,73,62,19
16,r_28_109_48,r_27_22_77,r_131_59_42,r_28_109_48,0.97,5,53,48,19
46,r_134_37_41,seq137,r_123_147_72,r_134_37_41,0.89,0,41,41,19
49,r_87_143_70,seq55,r_104_3_59,r_87_143_70,0.6,4,74,70,19
14,r_128_145_95,r_70_142_98,r_47_62_29,r_47_62_29,1.0,6,35,29,19
83,seq77,r_88_79_15,seq53,r_88_79_15,0.84,0,15,15,19
23,r_13_9_60,r_36_41_82,r_17_49_8,r_13_9_60,1.0,0,60,60,19
42,r_47_62_29,r_19_51_62,r_128_145_95,r_47_62_29,1.0,0,29,29,19
61,seq149,seq124,r_82_20_18,r_82_20_18,0.94,15,33,18,19
13,r_104_3_59,seq78,r_134_37_41,r_104_3_59,1.0,0,59,59,19
82,seq75,seq108,r_2_120_31,r_2_120_31,1.0,0,31,31,19
17,r_131_59_42,seq141,r_82_20_18,r_131_59_42,1.0,0,42,42,19
49,r_15_89_57,r_145_119_58,r_10_14_42,r_145_119_58,0.98,0,58,58,20
33,r_38_53_16,r_131_84_37,seq87,r_38_53_16,0.81,0,16,16,20
36,r_134_25_18,seq88,seq109,r_134_25_18,1.0,0,18,18,20
45,r_43_105_49,r_145_119_58,r_22_148_14,r_43_105_49,0.99,0,49,49,20
40,r_21_75_45,seq31,r_10_14_42,r_21_75_45,0.96,2,47,45,20
84,seq88,r_134_25_18,r_24_143_6,r_134_25_18,0.8,-2,16,18,20
16,r_6_33_72,r_54_26_80,r_97_58_46,r_54_26_80,0.99,-6,74,80,20
43,r_49_108_32,seq87,r_99_116_23,r_49_108_32,1.0,0,32,32,20
24,r_139_136_27,r_106_41_54,seq2,r_139_136_27,0.92,0,27,27,20
92,seq109,r_99_116_23,r_134_25_18,r_134_25_18,0.96,2,20,18,20
3,r_22_148_14,r_71_8_52,r_81_85_12,r_22_148_14,0.98,0,14,14,20
42,r_145_119_58,r_15_89_57,seq130,r_145_119_58,1.0,0,58,58,20
35,r_126_68_51,seq122,r_107_90_9,r_126_68_51,0.77,-5,46,51,20
20,r_133_92_43,r_118_29_77,r_61_101_50,r_61_101_50,0.71,9,59,50,20
4,r_35_1_3,seq147,r_114_0_69,r_114_0_69,0.62,0,69,69,20
0,r_118_29_77,seq109,r_107_90_9,r_107_90_9,0.62,69,78,9,20
88,seq96,r_102_56_97,r_81_85_12,r_81_85_12,0.87,0,12,12,20
98,seq123,r_77_32_96,seq63,r_77_32_96,0.62,-38,58,96,20
48,r_100_51_21,r_145_119_58,seq5,r_100_51_21,0.49,0,21,21,20
1,r_106_41_54,seq130,seq132,r_106_41_54,1.0,0,54,54,20
6,r_42_65_64,r_76_27_99,r_146_78_61,r_42_65_64,1.0,0,64,64,20
5,r_61_101_50,seq3,r_133_92_43,r_61_101_50,1.0,0,50,50,20
46,r_81_85_12,r_42_65_64,seq96,r_81_85_12,0.99,0,12,12,20
30,r_138_39_29,seq63,seq74,r_138_39_29,1.0,0,29,29,20
39,r_103_140_20,r_95_141_67,seq59,r_103_140_20,0.9,-4,16,20,20
15,r_46_93_10,r_118_29_77,seq19,r_46_93_10,0.75,2,12,10,20
41,r_72_80_26,seq144,seq121,r_72_80_26,0.8,2,28,26,20
28,r_10_14_42,seq121,r_21_75_45,r_10_14_42,0.71,3,45,42,20
34,r_54_26_80,seq5,seq115,r_54_26_80,0.33,0,80,80,20
19,r_113_57_34,seq129,seq98,r_113_57_34,1.0,1,35,34,20
75,seq66,seq19,r_61_101_50,r_61_101_50,0.99,11,61,50,20
2,r_28_112_39,seq144,seq132,r_28_112_39,1.0,0,39,39,20
21,r_71_8_52,seq67,r_45_34_4,r_71_8_52,1.0,0,52,52,20
25,r_97_58_46,r_54_26_80,seq47,r_97_58_46,0.99,0,46,46,20
8,r_99_116_23,seq109,r_103_140_20,r_99_116_23,0.57,-3,20,23,20
27,r_131_84_37,seq147,seq122,r_131_84_37,0.79,5,42,37,20
7,r_114_0_69,seq4,r_35_1_3,r_114_0_69,0.68,0,69,69,20
44,r_135_124_53,seq11,seq144,r_135_124_53,0.86,7,60,53,20
23,r_62_86_66,seq142,seq31,r_62_86_66,1.0,0,66,66,20
12,r_146_78_61,seq47,seq104,r_146_78_61,0.97,0,61,61,20
40,r_113_65_56,r_143_121_78,r_61_26_45,r_143_121_78,0.67,-20,58,78,21
18,r_54_100_15,r_52_119_43,r_58_40_12,r_54_100_15,0.99,0,15,15,21
29,r_61_26_45,seq85,seq138,r_61_26_45,1.0,0,45,45,21
20,r_74_110_39,r_61_26_45,r_23_33_22,r_23_33_22,1.0,17,39,22,21
24,r_95_91_87,r_51_16_34,r_44_131_53,r_95_91_87,0.99,1,88,87,21
21,r_37_35_70,seq93,seq101,r_37_35_70,1.0,0,70,70,21
39,r_67_11_80,seq1,r_123_139_16,r_67_11_80,0.91,0,80,80,21
46,r_19_56_63,r_37_35_70,seq80,r_19_56_63,1.0,0,63,63,21
5,r_3_72_48,seq138,r_51_16_34,r_3_72_48,0.91,0,48,48,21
16,r_31_55_74,seq6,r_45_12_24,r_45_12_24,1.0,0,24,24,21
1,r_132_115_47,r_68_13_67,r_143_121_78,r_132_115_47,1.0,0,47,47,21
31,r_23_33_22,seq145,seq118,r_23_33_22,1.0,0,22,22,21
0,r_17_84_17,seq101,seq41,r_17_84_17,0.82,0,17,17,21
8,r_22_109_49,seq148,seq126,r_22_109_49,1.0,6,55,49,21
32,r_45_12_24,r_74_110_39,seq73,r_45_12_24,1.0,0,24,24,21
2,r_123_139_16,seq41,seq18,r_123_139_16,0.98,0,16,16,21
4,r_66_96_82,seq14,r_57_62_37,r_66_96_82,0.84,1,83,82,21
12,r_4_0_23,r_48_103_92,seq145,r_4_0_23,1.0,1,24,23,21
17,r_97_69_60,r_54_100_15,seq148,r_97_69_60,1.0,0,60,60,21
37,r_42_125_21,r_134_59_90,seq122,r_42_125_21,0.99,1,22,21,21
57,seq14,r_66_96_82,r_46_106_46,r_46_106_46,0.62,37,83,46,21
33,r_86_53_54,seq114,r_68_13_67,r_86_53_54,0.96,0,54,54,21
7,r_51_16_34,r_95_91_87,r_3_72_48,r_3_72_48,0.97,4,52,48,21
38,r_82_8_50,seq83,seq133,r_82_8_50,1.0,0,50,50,21
34,r_147_20_58,seq142,r_60_128_32,r_147_20_58,0.97,0,58,58,21
67,seq41,r_17_84_17,r_60_128_32,r_60_128_32,0.85,24,56,32,21
9,r_50_99_89,r_129_149_30,r_132_115_47,r_50_99_89,0.93,-48,41,89,21
13,r_58_40_12,seq30,r_54_100_15,r_58_40_12,0.86,7,19,12,21
88,seq101,seq1,r_37_35_70,r_37_35_70,0.88,9,79,70,21
9,r_50_99_89,r_132_115_47,r_45_12_24,r_50_99_89,0.94,0,89,89,21
3,r_60_128_32,r_37_35_70,seq80,r_60_128_32,0.95,0,32,32,21
48,r_46_106_46,r_130_10_38,seq14,r_46_106_46,1.0,0,46,46,21
15,r_79_136_52,seq133,r_42_125_21,r_79_136_52,1.0,0,52,52,21
24,r_95_91_87,r_97_69_60,r_51_16_34,r_95_91_87,0.81,-54,33,87,21
16,r_31_55_74,r_45_12_24,r_61_26_45,r_31_55_74,0.98,0,74,74,21
23,r_47_15_28,r_3_72_48,seq89,r_47_15_28,0.99,2,30,28,21
79,seq85,r_61_26_45,seq70,r_61_26_45,1.0,2,47,45,21
7,r_51_16_34,r_61_26_45,r_95_91_87,r_51_16_34,0.9,1,35,34,21
28,r_68_13_67,seq118,r_86_53_54,r_86_53_54,0.75,13,67,54,21
25,r_28_107_25,seq140,seq70,r_28_107_25,0.99,1,26,25,21
49,r_129_149_30,r_50_99_89,seq32,r_129_149_30,1.0,5,35,30,21
44,r_38_81_83,r_52_119_43,r_4_0_23,r_38_81_83,0.78,0,83,83,21
19,r_143_121_78,r_113_65_56,r_132_115_47,r_143_121_78,0.97,-20,58,78,21
11,r_57_62_37,r_68_13_67,seq64,r_57_62_37,0.61,2,39,37,21
17,r_97_69_60,seq71,r_54_100_15,r_97_69_60,0.95,-35,25,60,21
35,r_111_116_31,r_97_69_60,seq64,r_111_116_31,0.81,0,31,31,21
18,r_108_112_8,r_68_32_84,r_116_132_54,r_116_132_54,0.87,5,59,54,22
38,r_143_131_34,r_138_90_50,seq57,r_143_131_34,1.0,0,34,34,22
36,r_103_105_71,seq58,seq102,r_103_105_71,1.0,0,71,71,22
29,r_28_39_27,seq119,r_85_96_29,r_28_39_27,0.88,0,27,27,22
92,seq102,r_68_32_84,r_103_105_71,r_103_105_71,0.56,13,84,71,22
8,r_126_16_78,seq11,seq12,r_126_16_78,0.82,0,78,78,22
10,r_67_95_30,r_141_70_58,seq19,r_67_95_30,0.7,1,31,30,22
28,r_87_75_69,r_45_79_17,r_116_132_54,r_87_75_69,1.0,0,69,69,22
21,r_104_40_88,seq57,seq58,r_104_40_88,0.58,0,88,88,22
32,r_138_90_50,r_91_1_44,seq119,r_138_90_50,1.0,0,50,50,22
14,r_93_73_15,seq36,seq57,r_93_73_15,1.0,0,15,15,22
45,r_144_24_81,seq23,r_84_10_4,r_144_24_81,0.94,1,82,81,22
15,r_128_147_41,r_89_118_63,seq102,r_128_147_41,1.0,0,41,41,22
95,seq117,r_110_81_77,r_65_109_9,r_110_81_77,0.87,1,78,77,22
11,r_21_120_12,r_69_145_60,seq0,r_21_120_12,0.89,1,13,12,22
41,r_137_130_61,seq6,r_62_42_31,r_137_130_61,0.99,0,61,61,22
37,r_30_20_48,r_110_81_77,r_111_136_19,r_30_20_48,0.91,0,48,48,22
20,r_89_118_63,r_128_147_41,seq101,r_128_147_41,0.98,-13,28,41,22
25,r_76_80_37,r_104_40_88,seq2,r_76_80_37,0.99,2,39,37,22
26,r_68_32_84,seq102,r_138_90_50,r_68_32_84,0.83,0,84,84,22
78,seq57,r_104_40_88,r_143_131_34,r_143_131_34,0.62,46,80,34,22
0,r_69_145_60,seq8,r_67_95_30,r_69_145_60,0.92,5,65,60,22
46,r_91_1_44,r_138_90_50,r_93_73_15,r_91_1_44,1.0,3,47,44,22
48,r_94_140_3,r_7_115_74,r_85_96_29,r_7_115_74,0.99,1,75,74,22
40,r_53_13_53,r_68_32_84,seq64,r_53_13_53,1.0,0,53,53,22
23,r_85_96_29,r_31_44_98,seq51,r_85_96_29,0.94,-2,27,29,22
1,r_27_54_90,r_7_115_74,r_85_96_29,r_7_115_74,0.82,-29,45,74,22
19,r_116_132_54,r_103_105_71,r_108_112_8,r_116_132_54,0.56,1,55,54,22
7,r_83_133_24,r_62_42_31,seq41,r_83_133_24,0.98,1,25,24,22
12,r_72_77_43,seq38,r_84_10_4,r_72_77_43,1.0,0,43,43,22
30,r_141_70_58,seq0,seq60,r_141_70_58,0.98,0,58,58,22
47,r_110_81_77,seq117,r_83_133_24,r_110_81_77,0.7,1,78,77,22
42,r_106_56_40,r_149_4_70,seq36,r_106_56_40,0.99,0,40,40,22
16,r_82_139_45,seq99,r_111_136_19,r_82_139_45,1.0,0,45,45,22
20,r_89_118_63,seq101,seq18,r_89_118_63,1.0,2,65,63,22
4,r_62_42_31,r_144_24_81,seq47,r_62_42_31,1.0,0,31,31,22
9,r_3_5_49,r_78_107_97,seq98,r_3_5_49,0.96,1,50,49,22
34,r_71_63_79,seq6,seq52,r_71_63_79,0.81,0,79,79,22
22,r_45_79_17,r_128_147_41,r_134_124_13,r_45_79_17,0.83,1,18,17,22
17,r_59_125_83,seq122,r_97_92_14,r_59_125_83,0.65,1,84,83,22
28,r_87_75_69,r_138_90_50,r_45_79_17,r_87_75_69,0.7,-46,23,69,22
33,r_25_33_47,seq51,seq129,r_25_33_47,1.0,0,47,47,22
49,r_148_26_65,seq98,seq129,r_148_26_65,1.0,0,65,65,22
44,r_149_4_70,r_108_112_8,r_93_73_15,r_149_4_70,0.95,0,70,70,22
79,seq58,r_103_105_71,seq52,r_103_105_71,0.77,0,71,71,22
3,r_29_50_38,seq74,r_21_120_12,r_29_50_38,0.98,0,38,38,22
12,r_52_93_26,r_31_91_84,seq45,r_31_91_84,0.96,0,84,84,23
51,seq3,r_102_39_69,r_123_37_54,r_123_37_54,1.0,16,70,54,23
36,r_22_98_74,seq8,seq114,r_22_98_74,0.9,1,75,74,23
48,r_56_128_88,r_47_55_38,r_121_146_23,r_56_128_88,0.83,-55,33,88,23
40,r_19_125_65,r_101_118_71,r_110_140_33,r_101_118_71,0.9,-6,65,71,23
28,r_62_149_62,r_87_143_18,seq11,r_62_149_62,1.0,0,62,62,23
16,r_67_1_87,seq13,r_18_26_81,r_18_26_81,0.75,8,89,81,23
26,r_58_96_50,seq49,r_89_111_30,r_58_96_50,1.0,0,50,50,23
15,r_87_143_18,r_62_149_62,seq50,r_62_149_62,1.0,0,62,62,23
1,r_101_118_71,seq63,r_79_113_98,r_101_118_71,0.99,0,71,71,23
60,seq20,seq48,r_35_2_36,r_35_2_36,0.99,6,42,36,23
6,r_145_74_56,r_69_103_4,r_16_72_43,r_145_74_56,0.98,0,56,56,23
37,r_89_111_30,r_28_73_35,seq136,r_89_111_30,1.0,0,30,30,23
30,r_29_54_99,r_87_143_18,seq7,r_87_143_18,0.73,3,21,18,23
32,r_90_17_66,r_110_140_33,r_12_78_31,r_90_17_66,0.74,-31,35,66,23
9,r_134_129_86,seq106,r_104_33_73,r_134_129_86,0.86,1,87,86,23
43,r_32_57_49,seq7,seq63,r_32_57_49,1.0,0,49,49,23
17,r_28_73_35,r_89_111_30,r_87_143_18,r_28_73_35,0.99,-3,32,35,23
10,r_66_147_67,seq65,r_131_126_39,r_66_147_67,0.54,0,67,67,23
32,r_90_17_66,r_12_78_31,r_58_96_50,r_90_17_66,1.0,0,66,66,23
48,r_56_128_88,r_121_146_23,r_66_147_67,r_56_128_88,0.86,0,88,88,23
0,r_102_39_69,seq3,r_58_96_50,r_58_96_50,0.99,20,70,50,23
46,r_131_126_39,r_19_125_65,r_66_147_67,r_131_126_39,0.95,26,65,39,23
28,r_62_149_62,seq50,r_87_143_18,r_87_143_18,0.97,7,25,18,23
20,r_18_26_81,seq136,r_10_95_37,r_18_26_81,0.92,0,81,81,23
13,r_127_23_70,r_104_33_73,seq119,r_104_33_73,0.67,-2,71,73,23
18,r_12_78_31,seq136,seq8,r_12_78_31,0.86,0,31,31,23
29,r_117_82_13,r_138_59_29,seq86,r_117_82_13,0.95,1,14,13,23
9,r_134_129_86,r_108_42_58,seq106,r_108_42_58,0.97,1,59,58,23
46,r_131_126_39,seq44,r_19_125_65,r_131_126_39,0.97,0,39,39,23
31,r_10_95_37,seq11,seq124,r_10_95_37,0.99,0,37,37,23
22,r_121_146_23,r_56_128_88,r_137_92_90,r_121_146_23,0.58,65,88,23,23
55,seq8,seq77,r_12_78_31,r_12_78_31,1.0,0,31,31,23
45,r_35_2_36,seq80,seq20,r_35_2_36,1.0,0,36,36,23
27,r_47_55_38,r_56_128_88,seq64,r_47_55_38,0.88,0,38,38,23
15,r_87_143_18,r_29_54_99,r_62_149_62,r_87_143_18,0.99,0,18,18,23
33,r_104_33_73,r_127_23_70,seq80,r_104_33_73,0.8,0,73,73,23
88,seq94,r_127_23_70,r_62_149_62,r_62_149_62,1.0,9,71,62,23
3,r_108_42_58,r_134_129_86,r_99_68_52,r_108_42_58,0.66,1,59,58,23
22,r_121_146_23,seq14,r_56_128_88,r_121_146_23,0.86,-2,21,23,23
70,seq48,seq20,r_51_40_15,r_51_40_15,1.0,0,15,15,23
61,seq21,r_38_139_95,r_47_55_38,r_47_55_38,0.84,43,81,38,23
67,seq44,r_131_126_39,seq3,r_131_126_39,1.0,0,39,39,23
7,r_16_72_43,r_108_42_58,r_89_111_30,r_16_72_43,0.83,0,43,43,23
19,r_138_59_29,seq50,seq124,r_138_59_29,0.78,6,35,29,23
40,r_19_125_65,r_52_93_26,r_101_118_71,r_52_93_26,0.81,-1,25,26,23
38,r_51_40_15,seq141,seq48,r_51_40_15,0.91,0,15,15,23
12,r_52_93_26,r_19_125_65,r_31_91_84,r_52_93_26,0.99,-1,25,26,23
23,r_43_4_82,seq63,seq135,r_43_4_82,0.78,0,82,82,23
25,r_99_68_52,seq25,r_108_42_58,r_99_68_52,0.99,0,52,52,23
49,r_79_113_98,seq49,r_101_118_71,r_101_118_71,0.98,7,78,71,23
14,r_110_140_33,r_90_17_66,seq106,r_110_140_33,0.71,2,35,33,23
35,r_15_107_32,r_22_98_74,seq133,r_15_107_32,1.0,0,32,32,23
39,r_61_6_46,seq81,seq65,r_61_6_46,0.86,0,46,46,23
2,r_83_24_45,seq3,seq135,r_83_24_45,0.74,0,45,45,23
15,r_34_98_47,r_88_70_88,r_24_53_76,r_34_98_47,1.0,2,49,47,24
6,r_116_71_20,seq41,r_113_93_86,r_116_71_20,0.92,0,20,20,24
18,r_125_58_39,r_80_132_1,seq52,r_125_58_39,0.99,0,39,39,24
43,r_33_32_49,r_119_147_25,seq142,r_33_32_49,0.89,0,49,49,24
15,r_34_98_47,r_24_53_76,r_118_107_69,r_24_53_76,0.97,0,76,76,24
16,r_92_44_61,seq86,seq89,r_92_44_61,0.99,0,61,61,24
39,r_56_1_67,seq97,r_55_8_54,r_56_1_67,0.87,1,68,67,24
37,r_24_53_76,r_34_98_47,r_11_7_26,r_24_53_76,1.0,0,76,76,24
42,r_19_5_65,seq148,seq140,r_19_5_65,1.0,0,65,65,24
45,r_90_43_68,seq42,r_55_8_54,r_90_43_68,1.0,0,68,68,24
2,r_26_28_5,r_129_136_22,seq66,r_26_28_5,0.88,13,18,5,24
24,r_63_120_18,r_116_71_20,r_68_105_83,r_68_105_83,0.8,4,87,83,24
1,r_48_143_29,seq77,seq142,r_48_143_29,0.85,6,35,29,24
31,r_130_16_80,seq47,seq89,r_130_16_80,1.0,0,80,80,24
41,r_118_107_69,seq140,r_34_98_47,r_34_98_47,1.0,25,72,47,24
9,r_3_106_24,r_33_32_49,seq41,r_3_106_24,0.99,0,24,24,24
37,r_24_53_76,r_26_28_5,r_34_98_47,r_34_98_47,0.94,-1,46,47,24
13,r_65_73_70,r_76_95_90,r_11_7_26,r_11_7_26,0.92,44,70,26,24
7,r_119_147_25,r_133_39_94,r_80_132_1,r_119_147_25,1.0,1,26,25,24
29,r_40_102_27,seq89,seq18,r_40_102_27,0.94,-1,26,27,24
30,r_72_126_34,r_40_102_27,seq17,r_72_126_34,0.82,-3,31,34,24
40,r_114_25_19,r_4_23_43,seq29,r_114_25_19,0.82,0,19,19,24
27,r_88_70_88,seq144,r_134_112_87,r_88_70_88,0.72,1,89,88,24
36,r_67_64_45,seq18,r_129_136_22,r_67_64_45,0.78,0,45,45,24
47,r_14_137_85,seq50,r_11_7_26,r_14_137_85,0.95,1,86,85,24
6,r_116_71_20,r_113_93_86,r_31_139_36,r_113_93_86,0.84,0,86,86,24
32,r_85_10_56,seq38,r_40_102_27,r_85_10_56,0.47,14,70,56,24
34,r_113_93_86,seq74,r_134_112_87,r_134_112_87,0.56,2,89,87,24
24,r_63_120_18,r_92_44_61,r_116_71_20,r_92_44_61,0.59,-36,25,61,24
81,seq140,r_118_107_69,r_19_5_65,r_19_5_65,0.99,7,72,65,24
17,r_83_127_82,seq89,r_24_53_76,r_83_127_82,0.84,1,83,82,24
22,r_31_139_36,r_14_137_85,r_116_71_20,r_31_139_36,0.98,1,37,36,24
20,r_96_111_31,r_88_70_88,seq21,r_96_111_31,1.0,0,31,31,24
49,r_122_75_64,r_134_112_87,r_11_7_26,r_122_75_64,1.0,0,64,64,24
35,r_68_105_83,r_124_20_92,r_63_120_18,r_68_105_83,0.59,3,86,83,24
43,r_33_32_49,r_3_106_24,r_119_147_25,r_33_32_49,0.95,-21,28,49,24
12,r_76_95_90,seq27,r_11_7_26,r_76_95_90,0.77,0,90,90,24
3,r_4_23_43,r_76_95_90,r_134_112_87,r_4_23_43,0.99,-1,42,43,24
44,r_46_117_38,seq97,r_55_8_54,r_46_117_38,0.99,0,38,38,24
36,r_121_133_75,seq96,r_16_37_23,r_121_133_75,0.85,-4,71,75,25
25,r_84_54_41,r_144_18_98,seq145,r_84_54_41,0.99,2,43,41,25
46,r_66_8_15,r_136_45_49,seq112,r_66_8_15,0.96,0,15,15,25
0,r_4_44_27,seq127,seq122,r_4_44_27,1.0,0,27,27,25
15,r_25_141_31,r_103_76_74,r_48_34_93,r_25_141_31,0.94,3,34,31,25
96,seq122,r_115_47_59,r_4_44_27,r_115_47_59,0.85,0,59,59,25
34,r_148_56_29,r_132_12_95,r_130_46_53,r_148_56_29,0.99,0,29,29,25
19,r_91_7_77,r_24_21_2,r_35_131_17,r_91_7_77,0.59,2,79,77,25
13,r_16_37_23,r_111_70_94,seq112,r_16_37_23,0.95,-2,21,23,25
5,r_102_116_52,seq89,r_114_28_11,r_102_116_52,1.0,0,52,52,25
4,r_61_71_9,r_63_69_91,r_0_90_65,r_0_90_65,0.98,3,68,65,25
31,r_0_90_65,seq147,r_61_71_9,r_0_90_65,0.92,0,65,65,25
67,seq134,seq96,r_49_120_21,r_49_120_21,0.92,45,66,21,25
3,r_149_98_84,r_74_40_58,r_102_116_52,r_149_98_84,0.99,-26,58,84,25
27,r_75_31_43,seq101,seq92,r_75_31_43,0.91,0,43,43,25
26,r_73_52_81,r_144_18_98,r_148_56_29,r_73_52_81,0.71,1,82,81,25
44,r_125_43_56,seq30,seq79,r_125_43_56,0.71,0,56,56,25
20,r_114_28_11,r_132_12_95,seq6,r_114_28_11,0.94,0,11,11,25
48,r_5_106_80,r_104_2_85,r_65_93_12,r_5_106_80,0.87,0,80,80,25
6,r_62_107_69,r_144_18_98,r_61_71_9,r_62_107_69,0.71,4,73,69,25
3,r_149_98_84,r_102_116_52,r_144_18_98,r_149_98_84,0.94,0,84,84,25
17,r_115_47_59,seq122,r_144_18_98,r_115_47_59,1.0,0,59,59,25
40,r_1_39_67,r_126_142_97,r_75_31_43,r_1_39_67,0.6,10,77,67,25
18,r_23_50_64,r_0_90_65,seq10,r_23_50_64,0.83,0,64,64,25
24,r_103_76_74,seq99,r_84_54_41,r_103_76_74,0.85,0,74,74,25
10,r_136_45_49,seq128,seq57,r_136_45_49,0.99,0,49,49,25
47,r_63_69_91,r_132_12_95,r_61_71_9,r_63_69_91,0.54,-60,31,91,25
70,seq57,seq81,r_136_45_49,r_136_45_49,1.0,13,62,49,25
42,r_86_64_16,r_24_21_2,r_121_133_75,r_86_64_16,1.0,0,16,16,25
39,r_65_93_12,r_20_26_38,r_144_18_98,r_65_93_12,0.96,0,12,12,25
15,r_25_141_31,r_48_34_93,r_102_116_52,r_25_141_31,0.81,59,90,31,25
49,r_117_51_50,r_105_42_70,r_17_72_34,r_117_51_50,1.0,0,50,50,25
32,r_32_97_8,r_102_116_52,r_3_38_68,r_32_97_8,0.56,20,28,8,25
8,r_74_40_58,r_149_98_84,seq30,r_74_40_58,0.49,0,58,58,25
9,r_108_13_79,r_63_69_91,r_115_47_59,r_115_47_59,0.94,23,82,59,25
21,r_17_72_34,seq95,seq147,r_17_72_34,0.99,0,34,34,25
22,r_130_46_53,r_104_2_85,r_73_52_81,r_130_46_53,0.72,32,85,53,25
28,r_105_42_70,seq129,r_132_12_95,r_105_42_70,0.85,2,72,70,25
41,r_135_78_48,r_144_18_98,r_114_28_11,r_135_78_48,1.0,0,48,48,25
7,r_104_2_85,r_130_46_53,r_4_44_27,r_104_2_85,0.81,1,86,85,25
38,r_20_26_38,seq6,r_4_44_27,r_4_44_27,0.67,14,41,27,25
42,r_86_64_16,r_121_133_75,r_49_120_21,r_121_133_75,0.85,0,75,75,25
12,r_3_38_68,r_144_18_98,seq95,r_3_38_68,0.62,3,71,68,25
33,r_49_120_21,seq30,seq134,r_49_120_21,0.97,1,22,21,25
32,r_33_27_6,seq9,r_8_99_62,r_8_99_62,0.39,3,65,62,26
36,r_40_125_70,seq119,r_46_112_53,r_40_125_70,0.91,0,70,70,26
96,seq121,r_94_85_59,seq63,r_94_85_59,1.0,0,59,59,26
14,r_16_71_85,seq24,r_20_124_39,r_20_124_39,1.0,4,43,39,26
5,r_136_67_71,seq49,r_23_87_51,r_23_87_51,0.73,22,73,51,26
24,r_78_81_89,r_20_124_39,r_23_87_51,r_20_124_39,0.84,2,41,39,26
46,r_15_139_16,seq128,r_94_85_59,r_94_85_59,1.0,0,59,59,26
31,r_8_99_62,r_23_87_51,r_33_27_6,r_8_99_62,0.88,3,65,62,26
78,seq63,r_102_111_42,seq121,r_102_111_42,1.0,2,44,42,26
7,r_46_112_53,r_144_126_60,r_113_79_41,r_113_79_41,1.0,13,54,41,26
43,r_113_79_41,seq90,seq148,r_113_79_41,1.0,0,41,41,26
46,r_15_139_16,seq22,seq128,r_15_139_16,0.97,-2,14,16,26
14,r_16_71_85,r_20_124_39,seq44,r_16_71_85,0.78,0,85,85,26
41,r_57_82_37,r_147_35_12,seq129,r_57_82_37,1.0,0,37,37,26
26,r_130_52_56,seq49,seq75,r_130_52_56,0.97,0,56,56,26
17,r_23_87_51,r_8_99_62,r_136_67_71,r_23_87_51,0.5,15,66,51,26
20,r_93_13_28,seq2,r_62_29_86,r_93_13_28,0.96,0,28,28,26
22,r_62_29_86,seq128,r_93_13_28,r_93_13_28,0.96,6,34,28,26
23,r_97_142_34,seq28,seq108,r_97_142_34,0.93,0,34,34,26
11,r_100_66_55,r_94_85_59,r_58_114_19,r_58_114_19,0.73,36,55,19,26
16,r_14_45_43,seq49,seq141,r_14_45_43,0.99,3,46,43,26
31,r_8_99_62,r_78_81_89,r_23_87_51,r_23_87_51,0.61,-3,48,51,26
45,r_83_84_47,r_33_27_6,r_96_115_17,r_83_84_47,1.0,0,47,47,26
49,r_58_114_19,r_101_133_84,seq49,r_58_114_19,0.89,-5,14,19,26
27,r_132_36_61,r_12_17_1,r_144_126_60,r_12_17_1,1.0,60,61,1,26
47,r_101_133_84,r_4_131_78,r_98_38_14,r_4_131_78,0.63,0,78,78,26
15,r_20_124_39,r_78_81_89,seq28,r_20_124_39,1.0,0,39,39,26
44,r_65_88_40,seq30,r_58_114_19,r_65_88_40,1.0,1,41,40,26
25,r_4_131_78,r_101_133_84,r_132_36_61,r_4_131_78,0.77,0,78,78,26
33,r_117_47_80,seq2,r_100_66_55,r_100_66_55,0.93,25,80,55,26
28,r_116_110_30,seq24,r_70_50_8,r_116_110_30,1.0,0,30,30,26
42,r_96_115_17,r_23_87_51,seq24,r_96_115_17,1.0,-1,16,17,26
19,r_37_3_25,r_4_131_78,r_103_5_7,r_37_3_25,0.66,0,25,25,26
3,r_109_55_52,seq86,r_98_38_14,r_109_55_52,1.0,2,54,52,26
59,seq148,seq104,r_113_79_41,r_113_79_41,0.87,10,51,41,26
48,r_102_111_42,seq63,r_96_115_17,r_102_111_42,1.0,2,44,42,26
94,seq119,r_40_125_70,r_51_107_4,r_40_125_70,0.97,0,70,70,26
1,r_73_146_15,r_144_126_60,r_98_38_14,r_73_146_15,0.93,0,15,15,26
89,seq95,r_23_87_51,r_59_11_50,r_23_87_51,0.66,0,51,51,26
32,r_33_27_6,r_83_84_47,seq9,r_83_84_47,1.0,1,48,47,26
0,r_94_85_59,seq121,r_15_139_16,r_94_85_59,0.95,0,59,59,26
35,r_77_41_31,r_102_111_42,seq39,r_77_41_31,1.0,0,31,31,26
43,r_40_122_79,seq43,seq35,r_40_122_79,0.77,1,80,79,27
37,r_83_46_85,seq30,r_101_15_52,r_83_46_85,0.76,1,86,85,27
21,r_129_7_84,seq48,r_40_122_79,r_129_7_84,0.61,1,85,84,27
39,r_100_77_67,seq27,seq76,r_100_77_67,0.99,0,67,67,27
13,r_120_9_15,r_89_116_80,seq17,r_120_9_15,0.95,0,15,15,27
33,r_33_127_39,r_73_62_6,seq30,r_33_127_39,1.0,-1,38,39,27
58,seq23,r_18_94_54,r_73_62_6,r_18_94_54,1.0,1,55,54,27
24,r_142_32_18,r_129_7_84,seq24,r_142_32_18,0.89,0,18,18,27
36,r_82_147_37,r_129_7_84,seq4,r_82_147_37,1.0,1,38,37,27
14,r_19_52_20,seq145,seq48,r_19_52_20,0.95,0,20,20,27
45,r_59_124_12,r_126_34_72,seq102,r_59_124_12,0.96,1,13,12,27
31,r_97_11_87,r_106_26_59,r_38_133_7,r_97_11_87,0.64,0,87,87,27
67,seq41,r_80_58_77,r_118_72_64,r_118_72_64,0.58,13,77,64,27
40,r_3_60_34,r_109_135_93,r_28_8_31,r_3_60_34,0.86,-2,32,34,27
97,seq113,seq39,r_28_8_31,r_28_8_31,0.99,-1,30,31,27
12,r_37_104_51,seq39,seq111,r_37_104_51,1.0,0,51,51,27
25,r_47_85_30,r_143_138_75,r_107_78_4,r_47_85_30,0.85,0,30,30,27
32,r_132_136_32,r_143_138_75,seq41,r_132_136_32,0.96,0,32,32,27
15,r_119_25_69,r_148_54_62,r_19_52_20,r_119_25_69,1.0,0,69,69,27
7,r_12_10_24,seq110,r_106_26_59,r_12_10_24,1.0,0,24,24,27
10,r_108_2_33,r_106_26_59,r_56_92_42,r_108_2_33,1.0,0,33,33,27
47,r_86_53_89,seq125,r_101_15_52,r_86_53_89,0.65,1,90,89,27
19,r_143_138_75,r_38_133_7,r_0_149_48,r_143_138_75,0.97,0,75,75,27
18,r_126_34_72,seq76,seq29,r_126_34_72,0.78,0,72,72,27
29,r_49_1_65,seq63,r_33_127_39,r_49_1_65,1.0,2,67,65,27
49,r_6_64_25,r_126_34_72,seq98,r_6_64_25,0.96,1,26,25,27
41,r_22_117_41,r_18_94_54,r_12_10_24,r_22_117_41,0.71,0,41,41,27
38,r_140_65_76,seq43,seq13,r_140_65_76,0.97,0,76,76,27
77,seq70,r_89_116_80,r_100_77_67,r_100_77_67,0.94,15,82,67,27
9,r_109_135_93,r_3_60_34,r_14_114_36,r_109_135_93,1.0,-60,33,93,27
48,r_56_92_42,r_100_77_67,r_108_2_33,r_56_92_42,0.7,2,44,42,27
2,r_101_15_52,r_115_79_61,seq137,r_101_15_52,0.98,0,52,52,27
4,r_67_50_35,seq96,seq43,r_67_50_35,0.97,3,38,35,27
27,r_14_114_36,r_106_26_59,r_109_135_93,r_14_114_36,1.0,0,36,36,27
17,r_80_58_77,seq41,seq123,r_80_58_77,0.79,0,77,77,27
34,r_28_8_31,seq71,seq113,r_28_8_31,1.0,0,31,31,27
27,r_14_114_36,r_109_135_93,r_18_94_54,r_14_114_36,0.74,47,83,36,27
46,r_134_45_58,seq13,r_95_42_3,r_134_45_58,1.0,1,59,58,27
22,r_89_116_80,seq70,seq110,r_89_116_80,0.48,2,82,80,27
28,r_18_94_54,seq23,r_14_114_36,r_18_94_54,1.0,1,55,54,27
19,r_143_138_75,r_47_85_30,r_38_133_7,r_47_85_30,0.98,0,30,30,27
1,r_105_141_17,seq66,seq41,r_105_141_17,1.0,0,17,17,27
23,r_118_72_64,seq139,r_132_136_32,r_118_72_64,0.94,0,64,64,27
35,r_115_79_61,seq44,r_6_64_25,r_115_79_61,1.0,0,61,61,27
8,r_51_21_13,r_143_138_75,r_106_26_59,r_51_21_13,0.97,0,13,13,27
30,r_121_131_14,r_19_52_20,r_73_62_6,r_121_131_14,0.86,0,14,14,27
30,r_107_64_70,r_21_69_92,r_132_108_8,r_107_64_70,0.99,0,70,70,28
77,seq147,r_3_8_81,r_10_129_18,r_10_129_18,0.99,0,18,18,28
43,r_89_45_78,r_21_69_92,r_57_137_2,r_89_45_78,0.9,0,78,78,28
37,r_82_38_57,r_81_117_76,r_12_13_45,r_82_38_57,1.0,0,57,57,28
15,r_7_134_29,seq135,r_27_40_58,r_7_134_29,1.0,0,29,29,28
16,r_67_91_68,seq25,r_122_28_91,r_67_91_68,0.95,0,68,68,28
39,r_96_142_77,r_79_52_20,r_132_108_8,r_96_142_77,0.87,0,77,77,28
49,r_27_40_58,r_3_8_81,r_7_134_29,r_7_134_29,1.0,-2,27,29,28
78,seq70,r_50_98_69,r_132_108_8,r_50_98_69,0.95,-12,57,69,28
41,r_122_28_91,r_72_125_83,r_67_91_68,r_67_91_68,0.57,8,76,68,28
8,r_127_97_55,seq104,seq62,r_127_97_55,1.0,0,55,55,28
49,r_27_40_58,r_7_134_29,r_56_148_21,r_27_40_58,0.99,0,58,58,28
11,r_0_84_61,r_1_37_89,r_11_141_11,r_0_84_61,0.96,-1,60,61,28
32,r_105_66_41,r_72_125_83,seq2,r_72_125_83,0.53,-44,39,83,28
20,r_71_6_87,seq111,seq23,r_71_6_87,0.9,-1,86,87,28
9,r_94_65_42,seq44,r_106_26_13,r_94_65_42,1.0,0,42,42,28
17,r_51_36_28,r_124_58_93,seq24,r_51_36_28,0.99,0,28,28,28
21,r_10_129_18,seq19,seq147,r_10_129_18,0.97,0,18,18,28
24,r_81_117_76,r_100_14_73,r_46_144_51,r_81_117_76,0.83,-24,52,76,28
47,r_43_145_34,r_102_73_47,seq70,r_43_145_34,0.44,1,35,34,28
3,r_126_53_53,seq92,seq113,r_126_53_53,1.0,0,53,53,28
14,r_102_73_47,seq99,seq9,r_102_73_47,0.52,0,47,47,28
25,r_79_52_20,r_96_142_77,r_50_98_69,r_79_52_20,0.88,51,71,20,28
44,r_12_13_45,r_102_73_47,seq25,r_12_13_45,0.67,0,45,45,28
22,r_143_20_38,seq9,seq33,r_143_20_38,0.93,0,38,38,28
5,r_106_26_13,r_105_66_41,r_77_112_9,r_106_26_13,0.98,0,13,13,28
34,r_29_68_79,r_81_117_76,seq146,r_29_68_79,0.86,0,79,79,28
19,r_72_125_83,r_122_28_91,seq70,r_72_125_83,0.69,0,83,83,28
6,r_93_90_19,r_82_38_57,r_123_61_49,r_93_90_19,0.98,38,57,19,28
18,r_11_141_11,r_3_8_81,seq109,r_11_141_11,1.0,0,11,11,28
19,r_72_125_83,r_105_66_41,r_122_28_91,r_105_66_41,1.0,-2,39,41,28
40,r_18_83_64,r_82_38_57,r_94_65_42,r_18_83_64,0.96,-5,59,64,28
15,r_7_134_29,r_27_40_58,r_81_117_76,r_27_40_58,1.0,0,58,58,28
33,r_123_61_49,r_67_91_68,r_93_90_19,r_123_61_49,0.96,0,49,49,28
7,r_50_98_69,seq70,r_79_52_20,r_50_98_69,0.78,0,69,69,28
23,r_128_85_15,r_72_125_83,r_74_103_66,r_74_103_66,0.63,2,68,66,28
35,r_100_14_73,r_81_117_76,seq34,r_100_14_73,0.87,0,73,73,28
12,r_74_103_66,seq24,r_128_85_15,r_74_103_66,1.0,0,66,66,28
6,r_93_90_19,seq146,r_82_38_57,r_93_90_19,0.99,0,19,19,28
28,r_77_112_9,seq22,r_106_26_13,r_77_112_9,0.98,5,14,9,28
42,r_46_144_51,seq22,r_81_117_76,r_46_144_51,1.0,0,51,51,28
97,seq123,r_126_58_52,r_44_91_20,r_126_58_52,0.94,0,52,52,29
30,r_111_77_84,seq59,r_100_96_80,r_111_77_84,0.68,0,84,84,29
14,r_25_23_72,r_26_112_99,seq108,r_25_23_72,0.99,0,72,72,29
43,r_7_42_12,seq138,r_26_112_99,r_7_42_12,0.84,2,14,12,29
5,r_97_139_22,seq33,seq3,r_97_139_22,1.0,0,22,22,29
21,r_35_82_62,r_99_105_83,seq30,r_35_82_62,0.99,0,62,62,29
42,r_62_83_66,r_99_105_83,seq138,r_62_83_66,0.9,0,66,66,29
41,r_5_21_44,r_10_81_49,seq89,r_5_21_44,1.0,0,44,44,29
10,r_44_91_20,r_46_18_81,seq123,r_44_91_20,0.86,0,20,20,29
95,seq117,seq108,r_55_140_26,r_55_140_26,1.0,12,38,26,29
1,r_95_45_25,seq130,r_32_148_18,r_95_45_25,0.98,0,25,25,29
49,r_11_113_11,r_65_88_48,seq130,r_11_113_11,0.99,0,11,11,29
76,seq57,r_99_105_83,r_47_48_5,r_99_105_83,0.62,0,83,83,29
31,r_20_135_70,r_27_149_77,r_49_6_53,r_20_135_70,0.98,2,72,70,29
23,r_55_140_26,r_116_115_67,seq117,r_55_140_26,1.0,0,26,26,29
3,r_100_96_80,r_99_105_83,r_61_9_51,r_100_96_80,0.9,2,82,80,29
4,r_27_149_77,seq89,r_97_139_22,r_27_149_77,0.78,0,77,77,29
19,r_145_67_45,seq136,seq8,r_145_67_45,1.0,0,45,45,29
26,r_61_9_51,r_116_115_67,r_5_21_44,r_61_9_51,1.0,0,51,51,29
12,r_49_6_53,seq17,seq114,r_49_6_53,1.0,-3,50,53,29
13,r_122_109_82,seq56,r_49_6_53,r_122_109_82,0.86,0,82,82,29
38,r_126_58_52,seq123,r_97_139_22,r_126_58_52,0.96,0,52,52,29
6,r_50_134_69,seq89,r_84_106_47,r_50_134_69,0.96,1,70,69,29
15,r_128_110_56,r_125_41_60,r_103_120_37,r_128_110_56,0.97,0,56,56,29
46,r_65_88_48,seq108,seq69,r_65_88_48,1.0,0,48,48,29
45,r_84_106_47,r_87_34_71,seq59,r_84_106_47,1.0,0,47,47,29
8,r_144_121_41,seq3,r_125_41_60,r_144_121_41,0.98,0,41,41,29
27,r_87_34_71,seq0,r_61_9_51,r_87_34_71,1.0,0,71,71,29
18,r_99_105_83,seq57,r_62_83_66,r_62_83_66,0.55,17,83,66,29
11,r_78_29_16,r_116_115_67,seq3,r_78_29_16,1.0,0,16,16,29
47,r_118_66_24,seq8,r_125_41_60,r_118_66_24,0.99,0,24,24,29
32,r_102_142_57,r_87_34_71,r_47_48_5,r_102_142_57,0.99,2,59,57,29
7,r_137_72_17,seq117,seq17,r_137_72_17,0.91,-3,14,17,29
44,r_10_81_49,r_5_21_44,seq56,r_10_81_49,1.0,3,52,49,29
75,seq56,r_122_109_82,r_47_48_5,r_122_109_82,0.88,0,82,82,29
40,r_76_63_46,r_122_109_82,seq30,r_76_63_46,0.95,2,48,46,29
9,r_116_115_67,r_125_41_60,seq138,r_116_115_67,0.97,0,67,67,29
36,r_143_129_30,r_144_121_41,seq85,r_143_129_30,1.0,0,30,30,29
17,r_107_133_31,r_61_9_51,seq0,r_107_133_31,0.99,-5,26,31,29
22,r_2_40_73,seq14,r_98_28_76,r_2_40_73,0.9,1,74,73,29
42,r_62_83_66,seq138,r_99_105_83,r_99_105_83,0.9,0,83,83,29
29,r_103_120_37,seq17,r_143_129_30,r_103_120_37,0.88,0,37,37,29
38,r_103_62_37,r_60_122_34,r_52_68_1,r_103_62_37,1.0,-3,34,37,30
36,r_31_43_69,r_23_92_93,seq67,r_31_43_69,0.82,1,70,69,30
16,r_29_136_55,seq4,r_140_47_12,r_29_136_55,0.94,0,55,55,30
14,r_84_46_63,seq28,r_60_122_34,r_84_46_63,1.0,1,64,63,30
43,r_120_109_84,seq75,r_63_119_56,r_120_109_84,0.8,0,84,84,30
25,r_63_119_56,r_84_46_63,seq2,r_63_119_56,1.0,1,57,56,30
37,r_107_36_72,seq98,seq9,r_107_36_72,1.0,0,72,72,30
31,r_121_41_38,seq67,r_39_114_17,r_121_41_38,0.68,2,40,38,30
48,r_69_143_15,r_108_59_58,seq83,r_69_143_15,0.85,-4,11,15,30
55,seq133,r_7_0_71,seq117,r_7_0_71,1.0,1,72,71,30
39,r_93_25_81,seq116,seq28,r_93_25_81,0.99,-2,79,81,30
1,r_108_59_58,seq35,r_118_79_78,r_108_59_58,1.0,1,59,58,30
30,r_60_122_34,r_103_62_37,seq98,r_60_122_34,0.98,0,34,34,30
20,r_30_80_92,r_111_45_29,seq42,r_111_45_29,0.99,13,42,29,30
9,r_52_68_1,r_138_54_49,r_103_62_37,r_103_62_37,0.82,12,49,37,30
29,r_100_139_28,r_102_18_46,seq13,r_100_139_28,1.0,0,28,28,30
50,seq128,r_5_15_27,r_93_25_81,r_93_25_81,0.45,5,86,81,30
11,r_104_71_60,seq117,r_8_64_9,r_104_71_60,0.96,0,60,60,30
19,r_5_15_27,r_7_0_71,seq75,r_5_15_27,0.88,0,27,27,30
5,r_51_16_47,seq113,seq19,r_51_16_47,1.0,0,47,47,30
98,seq117,r_104_71_60,seq133,r_104_71_60,0.99,2,62,60,30
27,r_97_112_26,seq22,r_21_99_7,r_97_112_26,1.0,0,26,26,30
47,r_24_34_64,r_74_20_48,seq27,r_74_20_48,1.0,0,48,48,30
94,seq106,r_145_85_44,r_69_143_15,r_145_85_44,1.0,1,45,44,30
13,r_149_127_33,r_1_26_77,r_6_82_10,r_149_127_33,1.0,0,33,33,30
8,r_138_54_49,r_52_68_1,seq116,r_138_54_49,0.78,0,49,49,30
24,r_110_48_66,seq49,seq55,r_110_48_66,1.0,0,66,66,30
47,r_24_34_64,seq27,r_51_16_47,r_24_34_64,0.9,0,64,64,30
0,r_87_72_19,r_31_43_69,seq35,r_87_72_19,0.89,0,19,19,30
21,r_37_58_16,r_145_85_44,r_126_146_98,r_37_58_16,1.0,0,16,16,30
22,r_111_45_29,seq130,r_100_139_28,r_100_139_28,0.71,2,30,28,30
34,r_3_33_86,seq91,r_74_20_48,r_74_20_48,0.8,38,86,48,30
32,r_74_20_48,r_24_34_64,seq76,r_74_20_48,0.88,0,48,48,30
69,seq35,r_108_59_58,seq81,r_108_59_58,1.0,-13,45,58,30
62,seq19,seq130,r_51_16_47,r_51_16_47,1.0,1,48,47,30
17,r_39_114_17,r_108_59_58,seq130,r_108_59_58,0.86,-43,15,58,30
40,r_135_147_52,r_52_68_1,seq28,r_135_147_52,1.0,0,52,52,30
18,r_95_78_40,seq90,r_88_77_22,r_88_77_22,0.8,20,42,22,30
4,r_145_85_44,seq106,r_88_77_22,r_145_85_44,1.0,1,45,44,30
7,r_94_101_62,seq76,seq129,r_94_101_62,1.0,0,62,62,30
41,r_102_18_46,seq38,seq132,r_102_18_46,0.62,9,55,46,30
10,r_126_146_98,r_51_16_47,r_37_58_16,r_126_146_98,1.0,-71,27,98,30
35,r_65_123_73,seq81,seq117,r_65_123_73,0.99,0,73,73,30
54,seq4,r_29_136_55,seq35,r_29_136_55,1.0,0,55,55,30
12,r_7_0_71,seq133,r_52_68_1,r_7_0_71,0.98,1,72,71,30
30,r_87_12_63,seq36,seq68,r_87_12_63,1.0,0,63,63,31
16,r_51_44_79,r_94_58_74,r_7_26_43,r_94_58_74,0.73,5,79,74,31
21,r_141_28_90,seq92,r_88_147_60,r_141_28_90,0.61,0,90,90,31
91,seq113,r_34_6_3,r_47_66_25,r_47_66_25,0.61,9,34,25,31
35,r_140_133_51,r_88_147_60,r_67_23_26,r_140_133_51,0.78,0,51,51,31
32,r_37_134_34,r_5_138_53,seq142,r_37_134_34,0.96,0,34,34,31
24,r_112_132_41,r_115_119_61,seq98,r_112_132_41,1.0,2,43,41,31
4,r_85_49_70,seq92,seq76,r_85_49_70,1.0,0,70,70,31
63,seq35,r_109_52_84,seq1,r_109_52_84,0.99,0,84,84,31
73,seq68,seq15,r_87_12_63,r_87_12_63,1.0,0,63,63,31
20,r_88_147_60,seq45,seq126,r_88_147_60,1.0,2,62,60,31
13,r_91_10_69,r_30_82_78,r_57_3_5,r_91_10_69,0.77,6,75,69,31
98,seq126,r_55_81_92,seq15,r_55_81_92,0.94,-12,80,92,31
37,r_19_104_37,r_4_73_93,seq142,r_19_104_37,1.0,0,37,37,31
40,r_54_39_32,seq76,r_34_6_3,r_54_39_32,0.68,1,33,32,31
17,r_7_26_43,r_85_49_70,seq122,r_7_26_43,1.0,1,44,43,31
27,r_94_58_74,r_51_44_79,r_41_96_2,r_94_58_74,0.97,0,74,74,31
25,r_67_23_26,r_129_99_67,r_41_96_2,r_67_23_26,0.81,1,27,26,31
47,r_128_80_75,seq56,seq2,r_128_80_75,0.98,1,76,75,31
29,r_110_106_19,r_27_149_50,seq36,r_110_106_19,1.0,-2,17,19,31
38,r_115_119_61,r_51_44_79,r_140_133_51,r_115_119_61,1.0,0,61,61,31
52,seq2,r_116_22_72,r_111_89_7,r_116_22_72,1.0,0,72,72,31
6,r_47_66_25,seq61,seq113,r_47_66_25,0.83,11,36,25,31
34,r_60_95_64,r_46_124_4,r_4_73_93,r_60_95_64,0.54,2,66,64,31
48,r_69_25_23,seq142,r_41_96_2,r_69_25_23,1.0,0,23,23,31
28,r_129_99_67,seq135,r_41_96_2,r_129_99_67,1.0,0,67,67,31
49,r_120_93_20,r_78_38_87,r_34_6_3,r_120_93_20,0.98,-1,19,20,31
7,r_78_38_87,r_46_124_4,seq139,r_46_124_4,0.8,83,87,4,31
44,r_116_22_72,seq2,r_9_102_99,r_116_22_72,1.0,0,72,72,31
39,r_27_149_50,r_18_145_91,seq135,r_27_149_50,0.93,0,50,50,31
23,r_59_131_12,r_51_44_79,seq53,r_59_131_12,0.95,-1,11,12,31
93,seq110,r_16_35_70,r_54_109_81,r_16_35_70,1.0,1,71,70,32
40,r_28_125_86,seq50,r_145_136_4,r_28_125_86,0.82,0,86,86,32
27,r_45_146_45,r_28_125_86,r_133_102_10,r_45_146_45,0.93,-1,44,45,32
36,r_18_93_66,r_33_68_85,seq108,r_18_93_66,1.0,1,67,66,32
92,seq108,r_120_119_58,r_18_93_66,r_18_93_66,0.98,4,70,66,32
14,r_124_9_63,r_120_119_58,seq22,r_124_9_63,1.0,2,65,63,32
43,r_54_109_81,seq138,r_133_102_10,r_133_102_10,0.52,72,82,10,32
59,seq12,r_33_68_85,r_46_80_60,r_46_80_60,0.95,10,70,60,32
10,r_147_14_29,r_103_20_74,seq0,r_147_14_29,1.0,2,31,29,32
13,r_105_6_64,r_36_117_43,r_145_136_4,r_36_117_43,1.0,2,45,43,32
15,r_3_51_69,r_120_119_58,seq40,r_120_119_58,0.75,-25,33,58,32
21,r_16_35_70,seq110,r_34_96_25,r_16_35_70,0.65,1,71,70,32
39,r_79_88_76,r_56_81_84,seq101,r_79_88_76,0.97,0,76,76,32
25,r_23_77_92,r_120_119_58,r_126_83_15,r_23_77_92,0.59,-52,40,92,32
1,r_145_136_4,r_105_6_64,r_42_82_32,r_105_6_64,0.57,1,65,64,32
35,r_30_21_18,seq107,seq118,r_30_21_18,0.93,0,18,18,32
42,r_134_84_34,r_76_71_55,seq37,r_76_71_55,1.0,0,55,55,32
24,r_135_38_41,seq139,seq40,r_135_38_41,1.0,0,41,41,32
86,seq92,r_28_125_86,r_15_86_72,r_28_125_86,0.89,-28,58,86,32
7,r_126_83_15,r_23_77_92,seq108,r_23_77_92,0.78,-2,90,92,32
33,r_60_2_40,r_105_6_64,seq130,r_60_2_40,1.0,2,42,40,32
16,r_15_86_72,r_70_131_38,seq104,r_70_131_38,1.0,0,38,38,32
26,r_34_96_25,seq98,seq66,r_34_96_25,1.0,-2,23,25,32
89,seq104,r_15_86_72,r_127_91_75,r_127_91_75,0.97,6,81,75,32
72,seq47,r_97_24_27,seq5,r_97_24_27,0.91,0,27,27,32
11,r_97_24_27,seq47,seq50,r_97_24_27,1.0,0,27,27,32
3,r_103_20_74,seq128,r_15_86_72,r_103_20_74,0.89,2,76,74,32
34,r_112_55_48,seq5,r_34_96_25,r_112_55_48,1.0,0,48,48,32
15,r_3_51_69,r_95_99_19,r_120_119_58,r_3_51_69,0.82,-58,11,69,32
72,seq47,seq5,r_120_119_58,r_120_119_58,0.73,-1,57,58,32
0,r_85_39_6,r_103_20_74,r_3_51_69,r_85_39_6,0.8,64,70,6,32
20,r_127_91_75,seq66,seq104,r_127_91_75,0.96,1,76,75,32
48,r_149_94_68,r_56_81_84,r_1_25_47,r_1_25_47,0.97,21,68,47,32
47,r_76_71_55,r_3_51_69,r_64_52_57,r_3_51_69,0.64,1,70,69,32
45,r_36_117_43,r_105_6_64,seq118,r_36_117_43,0.79,2,45,43,32
15,r_3_51_69,r_76_71_55,r_85_39_6,r_3_51_69,0.99,0,69,69,32
13,r_105_6_64,r_145_136_4,r_133_102_10,r_105_6_64,1.0,1,65,64,32
29,r_32_116_52,seq22,r_63_123_8,r_32_116_52,0.89,-3,49,52,32
4,r_1_25_47,seq98,r_129_90_20,r_1_25_47,0.97,0,47,47,32
40,r_28_125_86,r_70_131_38,seq50,r_70_131_38,0.99,-22,16,38,32
46,r_143_59_33,r_134_84_34,r_141_11_67,r_143_59_33,1.0,0,33,33,32
23,r_49_144_17,r_46_80_60,seq75,r_49_144_17,0.99,0,17,17,32
7,r_126_83_15,seq104,r_23_77_92,r_126_83_15,1.0,1,16,15,32
88,seq101,seq75,r_79_88_76,r_79_88_76,0.86,0,76,76,32
38,r_43_44_80,seq4,r_120_119_58,r_43_44_80,0.95,0,80,80,32
19,r_62_65_50,seq27,seq130,r_62_65_50,0.99,0,50,50,32
47,r_76_71_55,seq128,r_3_51_69,r_76_71_55,0.98,0,55,55,32
22,r_46_80_60,r_49_144_17,r_54_109_81,r_49_144_17,0.96,1,18,17,32
5,r_70_131_38,r_15_86_72,seq5,r_70_131_38,1.0,0,38,38,32
30,r_42_82_32,r_32_116_52,r_145_136_4,r_42_82_32,0.99,0,32,32,32
9,r_120_119_58,r_124_9_63,seq47,r_124_9_63,0.95,2,65,63,32
49,r_69_17_73,seq118,r_49_144_17,r_69_17_73,0.56,3,76,73,32
41,r_64_52_57,r_103_20_74,r_135_38_41,r_103_20_74,0.94,-16,58,74,32
44,r_33_68_85,seq12,r_147_14_29,r_147_14_29,0.54,59,88,29,32
31,r_133_102_10,r_141_11_67,seq98,r_133_102_10,0.93,2,12,10,32
15,r_3_51_69,seq40,r_76_71_55,r_3_51_69,0.55,-13,56,69,32
22,r_46_80_60,r_54_109_81,seq12,r_46_80_60,1.0,3,63,60,32
8,r_63_123_8,r_28_125_86,r_97_24_27,r_63_123_8,0.9,58,66,8,32
12,r_31_100_65,seq58,seq57,r_31_100_65,0.83,12,77,65,32
37,r_95_99_19,r_3_51_69,seq139,r_95_99_19,0.84,-1,18,19,32
40,r_119_137_31,r_13_116_3,seq85,r_119_137_31,1.0,0,31,31,33
30,r_140_39_58,seq130,r_144_127_11,r_140_39_58,0.85,2,60,58,33
9,r_46_74_42,r_136_57_78,seq80,r_136_57_78,0.63,-35,43,78,33
36,r_115_94_67,seq114,seq62,r_115_94_67,0.55,0,67,67,33
0,r_135_71_10,seq47,seq30,r_135_71_10,0.89,1,11,10,33
14,r_76_11_84,seq88,r_126_97_73,r_126_97_73,0.83,11,84,73,33
65,seq142,r_100_37_74,r_16_63_39,r_16_63_39,0.82,2,41,39,33
21,r_65_113_81,r_69_68_26,seq142,r_65_113_81,0.74,0,81,81,33
39,r_24_90_83,seq53,seq61,r_24_90_83,0.89,0,83,83,33
42,r_100_37_74,seq142,r_119_137_31,r_100_37_74,0.64,0,74,74,33
84,seq92,r_49_18_52,r_55_121_6,r_49_18_52,1.0,0,52,52,33
4,r_52_84_15,r_43_10_54,seq22,r_52_84_15,0.99,0,15,15,33
27,r_118_45_47,seq62,r_144_127_11,r_118_45_47,1.0,4,51,47,33
76,seq72,r_146_102_60,r_129_28_23,r_146_102_60,0.9,0,60,60,33
41,r_31_6_72,seq133,r_135_71_10,r_31_6_72,0.99,0,72,72,33
10,r_138_87_35,seq142,r_82_131_14,r_82_131_14,1.0,3,17,14,33
35,r_20_145_51,seq54,r_16_63_39,r_20_145_51,1.0,1,52,51,33
3,r_136_57_78,seq44,r_13_116_3,r_136_57_78,0.65,0,78,78,33
8,r_43_10_54,r_24_90_83,r_35_23_2,r_43_10_54,0.97,1,55,54,33
47,r_48_108_57,r_109_101_65,seq9,r_48_108_57,1.0,1,58,57,33
23,r_110_75_36,r_56_19_59,seq44,r_56_19_59,1.0,-18,41,59,33
15,r_96_123_80,r_41_98_68,r_52_84_15,r_96_123_80,0.89,1,81,80,33
2,r_15_91_25,r_8_17_96,seq107,r_15_91_25,0.91,1,26,25,33
11,r_89_59_45,r_109_101_65,seq107,r_109_101_65,0.99,-16,49,65,33
26,r_56_19_59,seq80,r_20_145_51,r_56_19_59,1.0,0,59,59,33
48,r_58_103_18,r_65_113_81,seq114,r_58_103_18,0.81,0,18,18,33
71,seq62,r_118_45_47,r_115_94_67,r_118_45_47,0.66,4,51,47,33
22,r_81_4_12,r_138_87_35,seq111,r_81_4_12,1.0,0,12,12,33
64,seq44,r_110_75_36,r_2_34_7,r_2_34_7,1.0,3,10,7,33
38,r_50_26_37,seq3,seq60,r_50_26_37,0.68,6,43,37,33
33,r_144_127_11,seq130,seq5,r_144_127_11,0.66,0,11,11,33
46,r_73_42_30,r_41_98_68,seq133,r_73_42_30,0.99,0,30,30,33
34,r_51_139_56,seq117,seq61,r_51_139_56,1.0,2,58,56,33
16,r_129_28_23,seq120,seq72,r_129_28_23,1.0,0,23,23,33
1,r_0_32_41,r_89_59_45,seq117,r_0_32_41,1.0,2,43,41,33
24,r_82_131_14,r_0_32_41,r_138_87_35,r_82_131_14,0.46,0,14,14,33
45,r_69_68_26,r_65_113_81,seq3,r_69_68_26,0.62,4,30,26,33
17,r_146_102_60,seq72,r_20_145_51,r_146_102_60,0.68,4,64,60,33
32,r_149_36_29,r_76_11_84,r_82_131_14,r_149_36_29,0.92,1,30,29,33
25,r_49_18_52,seq92,seq12,r_49_18_52,1.0,0,52,52,33
92,seq111,seq147,r_81_4_12,r_81_4_12,1.0,2,14,12,33
96,seq120,r_129_28_23,r_140_39_58,r_129_28_23,0.99,-1,22,23,33
49,r_7_141_49,r_109_101_65,seq44,r_7_141_49,0.84,10,59,49,33
43,r_16_63_39,r_8_17_96,seq142,r_16_63_39,1.0,0,39,39,33
7,r_126_97_73,r_27_77_99,r_50_26_37,r_126_97_73,0.99,1,74,73,33
44,r_33_40_61,r_24_90_83,seq54,r_33_40_61,0.99,1,62,61,33
42,r_28_11_7,r_55_77_59,r_71_148_40,r_28_11_7,0.68,33,40,7,34
30,r_3_35_78,r_146_79_64,r_95_31_34,r_146_79_64,0.51,0,64,64,34
20,r_127_58_35,seq99,seq135,r_127_58_35,1.0,0,35,35,34
34,r_147_54_28,seq122,r_75_96_15,r_147_54_28,0.49,60,88,28,34
30,r_3_35_78,r_95_31_34,r_111_109_1,r_3_35_78,0.91,0,78,78,34
36,r_1_92_74,r_143_14_87,r_10_27_75,r_1_92_74,0.74,14,88,74,34
6,r_26_128_46,r_19_94_49,seq132,r_26_128_46,0.99,6,52,46,34
20,r_127_58_35,seq135,r_136_57_88,r_127_58_35,0.61,55,90,35,34
14,r_113_36_69,seq129,r_87_137_70,r_113_36_69,0.67,1,70,69,34
16,r_33_6_83,seq49,r_131_52_4,r_33_6_83,0.62,1,84,83,34
21,r_55_77_59,seq145,seq122,r_55_77_59,0.98,1,60,59,34
1,r_76_149_91,r_87_137_70,r_100_78_53,r_76_149_91,0.78,-20,71,91,34
15,r_141_108_17,r_143_14_87,r_12_116_6,r_141_108_17,0.58,0,17,17,34
5,r_66_48_56,seq45,r_12_116_6,r_66_48_56,0.92,4,60,56,34
51,seq130,r_101_85_43,seq80,r_101_85_43,0.85,-21,22,43,34
45,r_146_79_64,r_3_35_78,seq45,r_146_79_64,1.0,0,64,64,34
10,r_61_120_54,seq112,r_106_69_89,r_61_120_54,0.85,3,57,54,34
19,r_87_137_70,r_76_149_91,seq132,r_87_137_70,0.96,1,71,70,34
9,r_95_31_34,seq115,r_3_35_78,r_95_31_34,0.76,6,40,34,34
8,r_136_57_88,seq44,r_2_102_12,r_136_57_88,0.55,-67,21,88,34
96,seq121,r_41_82_44,r_13_18_55,r_13_18_55,0.7,1,56,55,34
34,r_147_54_28,r_118_39_32,seq122,r_147_54_28,0.4,17,45,28,34
35,r_65_86_48,seq25,seq63,r_65_86_48,0.99,4,52,48,34
8,r_136_57_88,r_2_102_12,r_127_58_35,r_2_102_12,0.62,78,90,12,34
33,r_10_27_75,r_131_52_4,r_1_92_74,r_10_27_75,0.77,0,75,75,34
34,r_147_54_28,r_20_15_57,r_118_39_32,r_147_54_28,0.56,2,30,28,34
48,r_50_68_27,seq44,seq56,r_50_68_27,0.97,2,29,27,34
13,r_51_42_96,r_26_128_46,r_95_31_34,r_26_128_46,0.6,7,53,46,34
26,r_70_9_26,seq25,r_20_15_57,r_70_9_26,0.81,-1,25,26,34
29,r_75_96_15,r_114_105_82,r_22_89_3,r_75_96_15,0.77,-1,14,15,34
40,r_74_34_47,seq7,r_22_89_3,r_74_34_47,0.99,2,49,47,34
37,r_19_94_49,r_26_128_46,seq99,r_19_94_49,0.96,3,52,49,34
27,r_143_14_87,r_1_92_74,r_101_85_43,r_1_92_74,0.59,14,88,74,34
24,r_13_18_55,r_1_92_74,seq121,r_13_18_55,0.99,1,56,55,34
33,r_10_27_75,r_71_148_40,r_131_52_4,r_10_27_75,0.69,-35,40,75,34
31,r_2_102_12,r_111_109_1,r_136_57_88,r_2_102_12,0.91,2,14,12,34
93,seq115,r_95_31_34,seq140,r_95_31_34,0.55,-18,16,34,34
44,r_71_148_40,r_10_27_75,r_28_11_7,r_71_148_40,0.93,0,40,40,34
25,r_64_0_68,seq135,r_87_137_70,r_64_0_68,0.78,3,71,68,34
61,seq17,seq7,r_61_120_54,r_61_120_54,0.72,29,83,54,34
38,r_81_21_65,seq122,r_95_31_34,r_81_21_65,0.98,0,65,65,34
4,r_101_85_43,seq130,seq140,r_101_85_43,0.99,1,44,43,34
3,r_124_88_31,seq25,seq45,r_124_88_31,0.96,0,31,31,34
49,r_118_39_32,r_84_134_13,seq112,r_118_39_32,0.37,-3,29,32,34
18,r_100_78_53,r_113_36_69,r_124_88_31,r_100_78_53,1.0,0,53,53,34
31,r_2_102_12,r_136_57_88,r_84_134_13,r_136_57_88,0.98,2,90,88,34
23,r_114_105_82,r_37_93_95,seq49,r_114_105_82,0.79,0,82,82,34
9,r_95_31_34,r_3_35_78,r_81_21_65,r_95_31_34,0.91,38,72,34,34
42,r_28_11_7,r_64_0_68,r_55_77_59,r_64_0_68,0.57,-56,12,68,34
12,r_73_59_63,r_20_15_57,r_118_39_32,r_73_59_63,0.9,1,64,63,34
8,r_100_130_70,r_142_39_1,seq146,r_100_130_70,0.46,0,70,70,35
45,r_97_134_13,r_103_62_49,r_142_39_1,r_103_62_49,0.65,-35,14,49,35
21,r_88_6_61,seq58,seq139,r_88_6_61,1.0,0,61,61,35
46,r_138_16_83,r_105_92_92,seq146,r_138_16_83,0.54,3,86,83,35
77,seq63,r_44_104_46,r_87_54_16,r_44_104_46,0.94,3,49,46,35
39,r_108_59_27,seq137,seq70,r_108_59_27,0.77,0,27,27,35
9,r_116_65_40,r_143_15_39,seq127,r_143_15_39,0.83,1,40,39,35
2,r_72_94_47,seq37,seq25,r_72_94_47,0.97,4,51,47,35
16,r_78_77_29,seq46,r_113_76_5,r_78_77_29,1.0,0,29,29,35
35,r_91_84_52,seq14,r_47_115_2,r_91_84_52,1.0,0,52,52,35
89,seq106,r_1_13_67,seq14,r_1_13_67,1.0,0,67,67,35
55,seq140,seq53,r_8_136_43,r_8_136_43,1.0,3,46,43,35
43,r_80_110_24,r_42_51_93,seq37,r_80_110_24,0.89,0,24,24,35
40,r_28_12_45,r_31_68_62,seq137,r_28_12_45,1.0,0,45,45,35
1,r_50_132_11,r_126_71_53,seq25,r_50_132_11,0.99,2,13,11,35
0,r_10_49_88,seq83,r_44_104_46,r_10_49_88,0.65,0,88,88,35
63,seq24,r_147_69_73,seq137,r_147_69_73,0.66,3,76,73,35
17,r_113_76_5,r_31_68_62,r_126_71_53,r_31_68_62,0.65,1,63,62,35
26,r_112_149_20,r_98_3_71,seq109,r_112_149_20,0.99,0,20,20,35
4,r_31_68_62,r_113_76_5,r_81_7_87,r_31_68_62,1.0,0,62,62,35
27,r_26_30_79,seq121,r_8_136_43,r_26_30_79,0.76,2,81,79,35
36,r_9_79_51,seq109,r_142_39_1,r_9_79_51,1.0,0,51,51,35
31,r_87_54_16,r_145_0_22,seq58,r_145_0_22,0.7,-8,14,22,35
25,r_40_45_59,seq96,r_87_54_16,r_40_45_59,0.95,1,60,59,35
33,r_1_13_67,seq106,r_40_45_59,r_1_13_67,0.82,0,67,67,35
30,r_44_104_46,seq63,seq57,r_44_104_46,0.98,3,49,46,35
80,seq67,r_126_71_53,r_93_75_99,r_126_71_53,1.0,1,54,53,35
37,r_114_101_35,r_105_92_92,r_87_54_16,r_114_101_35,0.72,3,38,35,35
42,r_145_0_22,r_8_136_43,seq14,r_145_0_22,0.91,0,22,22,35
44,r_27_111_14,r_105_92_92,seq58,r_27_111_14,0.52,2,16,14,35
34,r_90_86_66,r_47_115_2,r_31_68_62,r_90_86_66,0.85,0,66,66,35
65,seq133,r_72_94_47,r_73_29_30,r_73_29_30,0.74,2,32,30,35
7,r_126_71_53,seq67,r_113_76_5,r_126_71_53,0.68,0,53,53,35
22,r_147_69_73,seq24,seq5,r_147_69_73,0.96,3,76,73,35
49,r_33_23_19,r_105_92_92,seq46,r_33_23_19,1.0,0,19,19,35
24,r_143_15_39,r_116_65_40,seq52,r_143_15_39,1.0,1,40,39,35
19,r_48_60_56,seq129,seq37,r_48_60_56,0.95,2,58,56,35
47,r_4_102_26,seq14,seq70,r_4_102_26,0.74,0,26,26,35
79,seq66,r_21_141_89,r_98_3_71,r_21_141_89,0.32,0,89,89,35
67,seq32,r_42_104_43,r_117_105_52,r_42_104_43,0.87,-7,36,43,36
8,r_101_57_71,r_61_0_13,r_60_111_61,r_101_57_71,0.82,-3,68,71,36
37,r_94_93_93,r_13_40_66,r_98_89_92,r_13_40_66,0.99,-4,62,66,36
16,r_135_18_77,seq76,seq75,r_135_18_77,0.82,3,80,77,36
5,r_1_41_88,r_2_132_83,r_87_53_55,r_87_53_55,0.87,33,88,55,36
15,r_79_10_20,r_21_138_76,seq137,r_79_10_20,0.95,-4,16,20,36
43,r_30_28_58,seq140,r_92_72_45,r_30_28_58,0.83,0,58,58,36
10,r_121_90_21,r_46_118_96,r_7_148_48,r_7_148_48,0.5,5,53,48,36
31,r_2_132_83,r_1_41_88,r_73_63_17,r_2_132_83,0.6,-2,81,83,36
13,r_87_53_55,seq137,r_125_56_18,r_87_53_55,1.0,-1,54,55,36
44,r_42_104_43,seq32,r_73_63_17,r_42_104_43,0.98,0,43,43,36
26,r_6_84_68,r_61_0_13,seq95,r_6_84_68,0.76,3,71,68,36
45,r_49_25_35,seq14,seq38,r_49_25_35,0.93,0,35,35,36
34,r_139_39_34,r_101_57_71,seq137,r_139_39_34,0.59,-4,30,34,36
48,r_52_96_26,r_34_119_54,seq16,r_52_96_26,0.7,0,26,26,36
35,r_120_102_16,r_78_69_40,seq3,r_120_102_16,1.0,0,16,16,36
1,r_34_119_54,seq23,seq29,r_34_119_54,0.99,0,54,54,36
19,r_116_127_49,r_6_84_68,r_88_71_33,r_6_84_68,0.56,-19,49,68,36
4,r_80_17_56,seq14,seq37,r_80_17_56,1.0,-1,55,56,36
39,r_131_5_36,seq64,r_108_66_2,r_131_5_36,0.98,-1,35,36,36
36,r_117_105_52,r_13_40_66,seq32,r_13_40_66,1.0,-21,45,66,36
47,r_123_62_85,seq4,r_6_84_68,r_123_62_85,0.56,0,85,85,36
28,r_141_100_41,seq82,seq140,r_141_100_41,0.98,0,41,41,36
18,r_99_15_65,seq115,seq20,r_99_15_65,0.99,-3,62,65,36
29,r_21_138_76,seq140,seq20,r_21_138_76,0.71,4,80,76,36
27,r_7_148_48,r_108_66_2,r_121_90_21,r_7_148_48,0.9,2,50,48,36
10,r_121_90_21,seq59,r_46_118_96,r_121_90_21,0.83,1,22,21,36
33,r_13_40_66,r_94_93_93,r_87_53_55,r_94_93_93,1.0,-27,66,93,36
21,r_78_69_40,r_43_22_95,r_46_118_96,r_78_69_40,0.94,-1,39,40,36
76,seq137,r_87_53_55,r_139_39_34,r_87_53_55,0.93,-19,36,55,36
24,r_88_71_33,r_117_105_52,seq133,r_88_71_33,0.96,1,34,33,36
17,r_55_136_15,seq35,seq16,r_55_136_15,0.95,1,16,15,36
7,r_126_12_86,seq103,seq149,r_126_12_86,0.58,0,86,86,36
42,r_128_8_37,r_1_41_88,seq107,r_128_8_37,0.95,0,37,37,36
2,r_92_72_45,seq32,seq54,r_92_72_45,0.99,0,45,45,36
22,r_75_58_44,r_59_24_74,seq65,r_75_58_44,1.0,0,44,44,37
41,r_23_19_17,r_126_116_86,r_46_5_69,r_23_19_17,1.0,0,17,17,37
14,r_53_102_82,seq95,r_37_93_24,r_53_102_82,0.98,0,82,82,37
8,r_111_112_63,r_59_24_74,r_50_109_18,r_111_112_63,1.0,0,63,63,37
43,r_16_97_72,r_147_70_73,seq57,r_16_97_72,0.71,5,77,72,37
31,r_83_66_40,seq9,seq47,r_83_66_40,1.0,0,40,40,37
35,r_15_11_35,r_12_142_66,r_23_19_17,r_15_11_35,0.82,1,36,35,37
19,r_99_52_89,seq4,r_49_14_76,r_99_52_89,0.59,1,90,89,37
15,r_129_7_41,r_51_73_95,r_125_74_30,r_129_7_41,1.0,0,41,41,37
29,r_132_67_38,seq110,r_139_149_5,r_132_67_38,1.0,0,38,38,37
20,r_46_5_69,r_30_13_50,r_23_19_17,r_23_19_17,0.99,0,17,17,37
90,seq100,r_90_27_81,seq94,r_90_27_81,1.0,-14,67,81,37
91,seq105,r_107_43_54,r_76_2_70,r_107_43_54,0.91,-3,51,54,37
37,r_76_2_70,r_17_117_27,seq105,r_17_117_27,0.84,-8,19,27,37
1,r_30_13_50,r_46_5_69,r_122_41_92,r_30_13_50,1.0,2,52,50,37
78,seq57,r_25_72_93,r_107_43_54,r_107_43_54,0.72,13,67,54,37
0,r_59_24_74,seq34,seq110,r_59_24_74,0.69,0,74,74,37
41,r_23_19_17,r_46_5_69,r_21_8_36,r_23_19_17,0.87,52,69,17,37
6,r_49_14_76,r_137_71_96,r_82_0_22,r_49_14_76,0.88,0,76,76,37
23,r_17_117_27,r_76_2_70,seq143,r_17_117_27,1.0,0,27,27,37
16,r_36_89_34,r_126_116_86,seq133,r_36_89_34,1.0,0,34,34,37
34,r_60_63_61,r_99_52_89,seq131,r_60_63_61,0.94,-2,59,61,37
93,seq110,r_62_39_12,r_59_24_74,r_59_24_74,1.0,2,76,74,37
36,r_40_3_28,r_107_43_54,seq18,r_40_3_28,0.71,-1,27,28,37
26,r_125_74_30,r_148_79_26,r_129_7_41,r_129_7_41,0.99,2,43,41,37
91,seq105,r_76_2_70,r_30_13_50,r_76_2_70,0.6,6,76,70,37
4,r_37_93_24,seq131,seq6,r_37_93_24,0.76,-1,23,24,37
2,r_144_81_68,seq135,r_12_142_66,r_144_81_68,0.96,0,68,68,37
54,seq133,r_125_74_30,r_36_89_34,r_36_89_34,1.0,7,41,34,37
40,r_123_48_88,seq131,r_83_66_40,r_123_48_88,0.51,0,88,88,37
17,r_107_43_54,seq105,seq57,r_107_43_54,1.0,1,55,54,37
18,r_90_27_81,seq100,r_62_39_12,r_90_27_81,0.95,0,81,81,37
37,r_76_2_70,seq105,r_147_70_73,r_76_2_70,0.94,0,70,70,37
25,r_29_92_80,seq6,seq96,r_29_92_80,0.94,0,80,80,37
10,r_21_8_36,r_33_121_94,seq28,r_21_8_36,1.0,0,36,36,37
71,seq34,r_59_24_74,r_82_0_22,r_82_0_22,0.9,-1,21,22,37
20,r_46_5_69,r_23_19_17,seq35,r_46_5_69,0.94,0,69,69,37
26,r_125_74_30,r_82_0_22,r_148_79_26,r_82_0_22,0.85,0,22,22,37
28,r_87_54_31,r_147_70_73,seq135,r_87_54_31,1.0,0,31,31,37
36,r_40_3_28,seq18,r_30_13_50,r_30_13_50,0.65,21,71,50,37
49,r_137_71_96,r_49_14_76,r_101_55_15,r_49_14_76,0.95,-4,72,76,37
7,r_126_116_86,seq88,r_76_2_70,r_126_116_86,0.89,1,87,86,37
44,r_104_146_60,r_126_116_86,r_98_103_4,r_104_146_60,1.0,0,60,60,37
32,r_82_0_22,r_125_74_30,seq34,r_82_0_22,0.96,-1,21,22,37
12,r_12_142_66,r_147_70_73,seq95,r_12_142_66,0.91,0,66,66,37
5,r_50_109_18,r_30_13_50,seq115,r_50_109_18,1.0,-3,15,18,37
40,r_51_89_31,seq60,r_73_48_15,r_51_89_31,1.0,0,31,31,38
14,r_102_58_77,r_139_57_1,seq9,r_102_58_77,0.84,0,77,77,38
17,r_26_87_27,r_72_136_71,seq140,r_72_136_71,1.0,0,71,71,38
0,r_21_104_29,r_102_58_77,seq133,r_21_104_29,0.94,-2,27,29,38
51,seq2,r_39_35_79,r_131_16_13,r_131_16_13,0.79,-1,12,13,38
21,r_46_107_68,seq138,r_131_16_13,r_46_107_68,0.52,0,68,68,38
18,r_50_56_96,seq145,r_124_63_38,r_124_63_38,1.0,12,50,38,38
42,r_59_111_75,seq18,r_99_149_80,r_99_149_80,0.94,7,87,80,38
69,seq37,r_24_30_78,r_12_75_30,r_24_30_78,0.76,1,79,78,38
3,r_73_48_15,seq71,seq18,r_73_48_15,0.88,-1,14,15,38
19,r_20_98_65,seq96,seq47,r_20_98_65,0.99,1,66,65,38
30,r_115_129_52,r_68_109_95,r_73_48_15,r_73_48_15,0.81,31,46,15,38
41,r_137_28_63,seq54,seq101,r_137_28_63,1.0,0,63,63,38
5,r_7_117_33,r_4_142_61,r_143_45_99,r_7_117_33,0.68,0,33,33,38
28,r_144_1_32,r_5_42_47,r_73_48_15,r_144_1_32,0.81,1,33,32,38
26,r_139_57_1,r_102_58_77,r_110_32_66,r_139_57_1,0.71,68,69,1,38
16,r_99_149_80,r_125_53_6,r_24_30_78,r_99_149_80,0.53,3,83,80,38
38,r_131_16_13,r_50_56_96,seq2,r_131_16_13,0.62,1,14,13,38
4,r_4_142_61,r_74_34_85,r_94_97_36,r_4_142_61,1.0,0,61,61,38
16,r_99_149_80,r_124_63_38,r_125_53_6,r_124_63_38,0.77,-16,22,38,38
68,seq31,r_5_42_47,seq6,r_5_42_47,1.0,0,47,47,38
12,r_72_136_71,r_94_97_36,r_26_87_27,r_72_136_71,0.94,-42,29,71,38
20,r_24_30_78,seq37,seq15,r_24_30_78,0.96,0,78,78,38
48,r_88_106_72,seq6,seq80,r_88_106_72,1.0,0,72,72,38
75,seq54,r_13_119_83,r_112_0_55,r_112_0_55,0.6,2,57,55,38
39,r_78_118_24,seq116,r_69_121_46,r_78_118_24,0.95,-1,23,24,38
11,r_91_105_57,r_20_98_65,r_73_48_15,r_91_105_57,1.0,0,57,57,38
2,r_39_35_79,seq47,r_12_75_30,r_39_35_79,0.87,0,79,79,38
17,r_26_87_27,r_5_42_47,r_72_136_71,r_26_87_27,0.92,0,27,27,38
45,r_94_97_36,r_72_136_71,seq130,r_94_97_36,0.73,0,36,36,38
29,r_25_23_17,r_135_114_90,seq29,r_25_23_17,1.0,0,17,17,38
34,r_95_113_58,seq15,seq31,r_95_113_58,1.0,0,58,58,38
33,r_110_32_66,r_64_76_91,r_139_57_1,r_110_32_66,0.95,0,66,66,38
23,r_100_3_9,seq140,seq18,r_100_3_9,0.86,1,10,9,38
37,r_90_33_42,r_143_45_99,r_21_104_29,r_90_33_42,0.56,0,42,42,38
25,r_120_8_11,r_148_127_81,seq27,r_120_8_11,0.71,-1,10,11,38
32,r_148_127_81,seq29,seq38,r_148_127_81,0.75,-1,80,81,38
12,r_72_136_71,r_26_87_27,r_4_142_61,r_72_136_71,0.67,0,71,71,38
44,r_41_49_51,r_4_142_61,seq66,r_41_49_51,1.0,-2,49,51,38
47,r_112_0_55,r_20_98_65,seq54,r_112_0_55,1.0,0,55,55,38
36,r_12_75_30,r_36_82_35,seq37,r_12_75_30,0.92,0,30,30,38
7,r_36_82_35,seq133,seq54,r_36_82_35,0.98,0,35,35,38
22,r_74_34_85,seq29,r_112_0_55,r_112_0_55,0.79,32,87,55,38
49,r_13_119_83,seq54,r_50_56_96,r_13_119_83,0.82,0,83,83,38
8,r_124_63_38,r_69_121_46,r_50_56_96,r_124_63_38,1.0,0,38,38,38
74,seq52,seq116,r_5_42_47,r_5_42_47,1.0,2,49,47,38
24,r_5_42_47,seq31,seq52,r_5_42_47,1.0,0,47,47,38
27,r_14_11_14,r_4_142_61,seq96,r_14_11_14,0.86,0,14,14,38
18,r_91_36_60,r_78_137_20,r_130_34_31,r_91_36_60,0.99,0,60,60,39
91,seq103,r_51_104_80,r_145_117_25,r_145_117_25,1.0,1,26,25,39
14,r_8_133_90,seq74,r_97_101_7,r_8_133_90,0.7,0,90,90,39
18,r_91_36_60,r_88_99_52,r_78_137_20,r_78_137_20,0.99,14,34,20,39
28,r_142_93_64,r_17_144_21,r_145_117_25,r_142_93_64,0.98,0,64,64,39
10,r_130_34_31,seq138,seq64,r_130_34_31,1.0,0,31,31,39
5,r_45_126_48,r_142_93_64,r_82_129_49,r_82_129_49,0.65,-3,46,49,39
16,r_25_107_58,r_12_132_71,r_57_67_55,r_12_132_71,1.0,-13,58,71,39
1,r_116_53_87,seq61,r_111_77_19,r_116_53_87,0.51,0,87,87,39
25,r_22_2_17,r_58_112_96,r_142_93_64,r_22_2_17,0.93,-2,15,17,39
42,r_72_83_79,seq37,r_5_40_46,r_72_83_79,0.94,2,81,79,39
25,r_22_2_17,r_142_93_64,r_90_92_56,r_90_92_56,0.59,-1,55,56,39
21,r_46_35_23,r_45_126_48,seq94,r_46_35_23,1.0,0,23,23,39
11,r_59_30_50,r_90_92_56,r_45_126_48,r_45_126_48,0.91,2,50,48,39
19,r_114_19_72,r_110_39_27,r_87_149_11,r_114_19_72,0.97,1,73,72,39
45,r_57_67_55,seq44,seq31,r_57_67_55,1.0,0,55,55,39
66,seq37,r_72_83_79,r_128_65_98,r_72_83_79,1.0,2,81,79,39
37,r_145_117_25,seq140,seq103,r_145_117_25,1.0,0,25,25,39
76,seq61,r_116_53_87,r_66_11_82,r_66_11_82,0.7,5,87,82,39
46,r_78_137_20,seq0,seq55,r_78_137_20,1.0,0,20,20,39
28,r_142_93_64,r_45_126_48,r_17_144_21,r_17_144_21,0.65,8,29,21,39
26,r_7_73_61,r_110_39_27,seq131,r_7_73_61,1.0,0,61,61,39
0,r_12_132_71,seq64,r_87_149_11,r_12_132_71,0.91,2,73,71,39
15,r_66_11_82,seq86,r_134_143_51,r_66_11_82,0.67,3,85,82,39
48,r_84_32_65,r_26_9_81,seq140,r_84_32_65,1.0,0,65,65,39
17,r_88_99_52,r_91_36_60,r_17_144_21,r_88_99_52,1.0,0,52,52,39
87,seq86,r_66_11_82,seq113,r_66_11_82,0.93,-12,70,82,39
38,r_90_92_56,r_59_30_50,r_22_2_17,r_22_2_17,0.83,39,56,17,39
29,r_26_9_81,r_43_95_24,seq102,r_26_9_81,0.71,-1,80,81,39
20,r_41_123_32,r_63_124_5,seq31,r_41_123_32,1.0,0,32,32,39
47,r_17_144_21,r_142_93_64,r_88_99_52,r_17_144_21,0.96,38,59,21,39
12,r_111_77_19,r_130_34_31,seq147,r_130_34_31,0.54,-12,19,31,39
44,r_82_129_49,r_114_19_72,r_45_126_48,r_82_129_49,1.0,0,49,49,39
13,r_5_40_46,r_116_53_87,seq121,r_5_40_46,1.0,0,46,46,39
9,r_141_10_14,r_23_135_44,seq16,r_141_10_14,0.66,1,15,14,39
47,r_17_144_21,r_148_49_37,r_142_93_64,r_17_144_21,1.0,0,21,21,39
7,r_62_125_38,r_134_143_51,r_130_34_31,r_130_34_31,1.0,7,38,31,39
49,r_100_105_66,seq103,seq38,r_100_105_66,0.98,0,66,66,39
39,r_23_135_44,r_58_112_96,r_145_117_25,r_23_135_44,1.0,0,44,44,39
23,r_134_143_51,seq42,seq61,r_134_143_51,0.76,11,62,51,39
27,r_148_49_37,r_57_67_55,seq33,r_148_49_37,0.7,0,37,37,39
2,r_87_149_11,r_88_99_52,seq33,r_87_149_11,0.98,0,11,11,39
18,r_85_14_51,r_12_96_97,r_84_42_17,r_85_14_51,0.98,0,51,51,40
43,r_112_26_15,r_146_143_90,seq3,r_112_26_15,0.82,-1,14,15,40
2,r_41_68_59,r_147_86_68,r_13_81_98,r_41_68_59,1.0,0,59,59,40
26,r_49_45_55,r_54_149_87,r_6_80_34,r_49_45_55,0.92,0,55,55,40
16,r_38_0_71,r_17_8_83,seq39,r_38_0_71,1.0,0,71,71,40
1,r_46_75_84,r_10_60_61,seq109,r_10_60_61,1.0,3,64,61,40
46,r_146_143_90,seq5,r_38_0_71,r_146_143_90,0.55,0,90,90,40
42,r_95_114_65,r_147_86_68,r_91_19_48,r_95_114_65,0.96,0,65,65,40
1,r_46_75_84,seq109,seq77,r_46_75_84,0.95,0,84,84,40
85,seq76,r_117_97_26,r_93_123_7,r_117_97_26,0.84,1,27,26,40
45,r_119_89_82,r_84_42_17,r_124_35_12,r_119_89_82,0.87,0,82,82,40
19,r_62_51_70,seq1,seq109,r_62_51_70,0.81,0,70,70,40
51,seq3,r_7_67_56,r_112_26_15,r_112_26_15,0.52,21,36,15,40
13,r_6_80_34,r_36_129_33,seq132,r_6_80_34,0.98,0,34,34,40
0,r_50_79_43,seq44,r_48_4_25,r_48_4_25,1.0,-1,24,25,40
36,r_100_58_53,r_38_0_71,r_12_96_97,r_100_58_53,1.0,0,53,53,40
37,r_91_19_48,r_43_141_47,r_130_122_2,r_91_19_48,1.0,0,48,48,40
10,r_27_30_77,seq109,r_6_80_34,r_27_30_77,0.74,0,77,77,40
30,r_84_42_17,r_12_96_97,r_119_89_82,r_84_42_17,0.87,2,19,17,40
54,seq135,r_7_67_56,r_21_94_52,r_21_94_52,0.71,4,56,52,40
72,seq133,r_17_8_83,r_61_57_41,r_61_57_41,0.78,42,83,41,40
84,seq73,seq135,r_84_42_17,r_84_42_17,0.94,5,22,17,40
31,r_117_97_26,seq76,r_124_35_12,r_117_97_26,0.66,1,27,26,40
48,r_130_122_2,r_54_149_87,r_124_35_12,r_130_122_2,0.52,85,87,2,40
20,r_43_141_47,r_91_19_48,r_106_134_23,r_43_141_47,0.6,1,48,47,40
33,r_106_134_23,seq20,seq104,r_106_134_23,0.8,-2,21,23,40
6,r_40_34_27,r_63_101_89,r_124_35_12,r_40_34_27,0.94,1,28,27,40
23,r_36_129_33,r_49_45_55,r_147_86_68,r_36_129_33,0.99,2,35,33,40
27,r_66_137_69,seq5,r_147_86_68,r_66_137_69,0.98,0,69,69,40
41,r_2_72_38,r_99_115_54,r_84_42_17,r_99_115_54,0.67,-16,38,54,40
30,r_84_42_17,r_119_89_82,r_105_107_44,r_84_42_17,0.93,65,82,17,40
40,r_23_120_62,seq32,r_84_42_17,r_23_120_62,1.0,0,62,62,40
45,r_119_89_82,r_61_57_41,r_84_42_17,r_61_57_41,0.62,-5,36,41,40
29,r_10_60_61,r_46_75_84,r_124_35_12,r_10_60_61,0.64,4,65,61,40
49,r_71_11_10,r_124_35_12,seq47,r_71_11_10,1.0,0,10,10,40
15,r_48_4_25,r_40_34_27,r_50_79_43,r_48_4_25,0.99,2,27,25,40
39,r_21_94_52,r_12_96_97,seq135,r_21_94_52,1.0,0,52,52,40
22,r_108_145_30,r_148_103_37,seq9,r_108_145_30,1.0,0,30,30,40
52,seq132,seq55,r_6_80_34,r_6_80_34,0.96,35,69,34,40
34,r_63_101_89,seq47,r_27_30_77,r_27_30_77,0.78,13,90,77,40
25,r_128_90_21,seq77,seq136,r_128_90_21,0.95,1,22,21,40
5,r_61_57_41,r_119_89_82,r_131_126_5,r_61_57_41,1.0,0,41,41,40
9,r_17_8_83,seq133,r_43_141_47,r_43_141_47,0.59,36,83,47,40
24,r_99_115_54,seq15,r_147_86_68,r_99_115_54,0.99,0,54,54,40
86,seq77,r_128_90_21,r_124_35_12,r_128_90_21,0.8,1,22,21,40
28,r_54_149_87,r_130_122_2,r_148_103_37,r_54_149_87,0.63,0,87,87,40
3,r_7_67_56,seq3,seq138,r_7_67_56,0.92,0,56,56,40
35,r_74_83_72,seq56,r_40_34_27,r_74_83_72,0.98,0,72,72,40
8,r_124_35_12,r_27_30_77,r_130_122_2,r_124_35_12,0.72,1,13,12,40
93,seq110,r_113_38_79,seq22,r_113_38_79,0.5,1,80,79,41
36,r_111_98_60,seq3,seq13,r_111_98_60,1.0,0,60,60,41
8,r_93_43_31,seq138,seq75,r_93_43_31,0.57,0,31,31,41
22,r_64_24_54,r_70_100_80,seq79,r_64_24_54,0.8,0,54,54,41
37,r_57_2_19,seq59,r_4_68_41,r_4_68_41,1.0,4,45,41,41
43,r_149_41_23,r_27_65_55,r_82_127_45,r_82_127_45,1.0,2,47,45,41
24,r_92_144_59,r_32_121_83,r_78_96_4,r_92_144_59,0.63,0,59,59,41
21,r_139_42_64,seq30,r_76_72_13,r_139_42_64,0.99,1,65,64,41
5,r_113_38_79,seq110,r_128_86_22,r_128_86_22,0.6,58,80,22,41
33,r_36_10_32,seq59,seq69,r_36_10_32,1.0,0,32,32,41
32,r_47_131_72,r_44_16_7,r_64_24_54,r_47_131_72,1.0,0,72,72,41
39,r_130_87_37,seq22,seq95,r_130_87_37,1.0,0,37,37,41
49,r_39_136_11,r_115_25_94,r_118_103_9,r_39_136_11,0.92,0,11,11,41
29,r_70_100_80,r_64_24_54,r_123_58_40,r_64_24_54,0.78,0,54,54,41
31,r_119_56_62,seq13,r_128_86_22,r_128_86_22,0.94,40,62,22,41
41,r_84_132_71,seq31,r_12_50_69,r_84_132_71,0.78,0,71,71,41
20,r_19_108_16,r_115_25_94,seq88,r_19_108_16,0.84,1,17,16,41
3,r_33_1_67,r_12_50_69,seq31,r_33_1_67,0.84,1,68,67,41
1,r_148_20_33,r_113_38_79,seq109,r_148_20_33,1.0,0,33,33,41
7,r_128_86_22,r_101_81_74,seq29,r_128_86_22,0.99,0,22,22,41
40,r_45_85_82,r_107_117_91,r_101_81_74,r_45_85_82,0.87,1,83,82,41
26,r_146_77_70,r_45_85_82,r_128_86_22,r_146_77_70,0.96,4,74,70,41
72,seq51,r_70_100_80,seq23,r_70_100_80,0.84,-8,72,80,41
16,r_76_72_13,seq147,r_139_42_64,r_139_42_64,1.0,3,67,64,41
37,r_57_2_19,r_115_25_94,seq59,r_57_2_19,1.0,0,19,19,41
15,r_27_65_55,seq99,seq138,r_27_65_55,0.86,7,62,55,41
29,r_70_100_80,r_123_58_40,r_12_50_69,r_70_100_80,0.99,0,80,80,41
46,r_60_73_44,seq135,seq142,r_60_73_44,0.98,1,45,44,41
18,r_120_6_58,seq23,seq14,r_120_6_58,0.99,0,58,58,41
74,seq59,seq29,r_37_52_47,r_37_52_47,1.0,-2,45,47,41
30,r_105_63_15,r_64_24_54,r_19_108_16,r_105_63_15,0.97,2,17,15,41
97,seq122,seq15,r_133_91_57,r_133_91_57,1.0,2,59,57,41
0,r_123_58_40,seq22,r_70_100_80,r_123_58_40,0.62,0,40,40,41
0,r_123_58_40,r_70_100_80,seq23,r_70_100_80,0.97,1,81,80,41
45,r_11_34_10,r_146_77_70,seq55,r_11_34_10,0.96,1,11,10,41
32,r_47_131_72,seq109,r_44_16_7,r_44_16_7,0.78,5,12,7,41
67,seq29,seq59,r_128_86_22,r_128_86_22,0.98,7,29,22,41
40,r_45_85_82,r_146_77_70,r_107_117_91,r_146_77_70,0.42,0,70,70,41
87,seq95,r_53_141_35,r_130_87_37,r_130_87_37,1.0,2,39,37,41
19,r_4_68_41,r_5_49_18,r_57_2_19,r_4_68_41,0.99,0,41,41,41
48,r_44_16_7,r_47_131_72,r_92_144_59,r_44_16_7,1.0,65,72,7,41
28,r_40_54_48,r_94_90_61,seq8,r_94_90_61,1.0,-7,54,61,41
25,r_17_104_50,r_94_90_61,seq122,r_17_104_50,1.0,0,50,50,41
2,r_37_52_47,r_17_104_50,seq59,r_37_52_47,0.61,0,47,47,41
17,r_94_90_61,seq30,r_148_20_33,r_94_90_61,1.0,1,62,61,41
43,r_149_41_23,seq122,r_27_65_55,r_149_41_23,0.7,0,23,23,41
42,r_53_141_35,seq95,seq75,r_53_141_35,0.83,-2,33,35,41
9,r_129_66_86,r_5_49_18,r_92_144_59,r_129_66_86,0.53,0,86,86,41
23,r_101_81_74,seq8,r_130_87_37,r_101_81_74,0.91,0,74,74,41
6,r_133_91_57,r_28_26_93,seq122,r_133_91_57,1.0,0,57,57,41
35,r_32_121_83,seq88,r_92_144_59,r_92_144_59,0.49,24,83,59,41
12,r_7_61_77,seq124,seq145,r_7_61_77,0.47,-1,76,77,41
17,r_100_3_57,r_19_121_31,seq16,r_100_3_57,1.0,0,57,57,42
8,r_144_93_61,seq89,r_51_31_19,r_144_93_61,1.0,0,61,61,42
37,r_66_10_71,seq120,seq0,r_66_10_71,0.49,0,71,71,42
30,r_8_105_55,seq63,seq115,r_8_105_55,0.54,0,55,55,42
16,r_97_29_75,r_46_1_90,r_73_146_45,r_97_29_75,0.76,0,75,75,42
5,r_46_1_90,seq2,r_4_48_52,r_46_1_90,0.47,0,90,90,42
42,r_140_9_68,r_46_1_90,seq58,r_140_9_68,0.75,4,72,68,42
4,r_114_65_25,r_51_31_19,r_148_82_37,r_114_65_25,0.97,0,25,25,42
6,r_94_103_9,r_73_146_45,seq149,r_94_103_9,0.59,1,10,9,42
41,r_28_138_82,r_145_30_56,r_27_40_2,r_28_138_82,0.93,1,83,82,42
21,r_51_31_19,r_114_65_25,seq36,r_51_31_19,0.6,1,20,19,42
55,seq135,r_73_146_45,r_19_121_31,r_73_146_45,1.0,0,45,45,42
44,r_49_39_23,r_137_113_81,r_27_40_2,r_49_39_23,0.96,1,24,23,42
10,r_27_40_2,r_90_53_73,r_49_39_23,r_27_40_2,0.85,72,74,2,42
14,r_127_69_26,r_19_121_31,r_54_52_98,r_127_69_26,1.0,-2,24,26,42
46,r_112_128_33,r_137_113_81,seq2,r_112_128_33,0.99,-7,26,33,42
11,r_118_136_63,seq58,r_27_40_2,r_118_136_63,1.0,0,63,63,42
33,r_148_82_37,r_134_6_22,r_109_44_4,r_148_82_37,0.47,-12,25,37,42
13,r_76_26_58,seq62,r_24_23_15,r_76_26_58,0.96,4,62,58,42
35,r_134_6_22,seq11,seq60,r_134_6_22,0.7,3,25,22,42
48,r_110_141_21,r_90_53_73,seq85,r_110_141_21,1.0,0,21,21,42
27,r_119_108_69,seq102,r_96_67_67,r_119_108_69,0.84,0,69,69,42
2,r_12_55_77,r_137_113_81,seq106,r_137_113_81,0.94,-3,78,81,42
18,r_61_32_88,r_25_37_72,r_88_45_48,r_61_32_88,0.65,2,90,88,42
24,r_90_53_73,r_27_40_2,r_73_146_45,r_90_53_73,0.62,1,74,73,42
4,r_114_65_25,r_148_82_37,r_64_107_40,r_114_65_25,0.72,15,40,25,42
28,r_41_101_46,r_145_30_56,seq78,r_41_101_46,1.0,0,46,46,42
32,r_116_84_62,r_46_1_90,seq104,r_116_84_62,1.0,0,62,62,42
52,seq2,r_46_1_90,seq143,r_46_1_90,0.56,0,90,90,42
29,r_17_133_12,r_46_1_90,seq115,r_17_133_12,0.95,0,12,12,42
33,r_148_82_37,r_109_44_4,seq56,r_148_82_37,0.6,13,50,37,42
0,r_4_48_52,r_145_30_56,r_80_123_5,r_4_48_52,0.99,0,52,52,42
60,seq16,seq56,r_100_3_57,r_100_3_57,1.0,9,66,57,42
23,r_96_67_67,r_88_45_48,r_145_30_56,r_96_67_67,1.0,0,67,67,42
38,r_111_98_18,seq5,seq81,r_111_98_18,0.96,0,18,18,42
12,r_57_131_64,r_46_1_90,seq77,r_57_131_64,0.95,2,66,64,42
7,r_73_146_45,seq135,seq72,r_73_146_45,1.0,0,45,45,42
1,r_64_107_40,seq20,r_114_65_25,r_64_107_40,0.96,0,40,40,42
20,r_48_113_37,r_136_63_91,r_29_143_56,r_48_113_37,0.99,0,37,37,43
33,r_149_34_51,seq110,seq74,r_149_34_51,1.0,0,51,51,43
48,r_121_134_90,r_50_69_45,r_44_27_49,r_44_27_49,0.66,-1,48,49,43
49,r_119_103_46,seq73,r_136_63_91,r_119_103_46,1.0,-2,44,46,43
18,r_50_69_45,r_121_134_90,seq12,r_50_69_45,0.53,-1,44,45,43
43,r_118_47_79,r_60_107_94,r_22_112_53,r_118_47_79,0.96,0,79,79,43
11,r_29_143_56,r_48_113_37,r_87_77_13,r_29_143_56,0.99,0,56,56,43
37,r_139_46_75,r_40_140_97,r_48_113_37,r_139_46_75,0.78,0,75,75,43
31,r_87_77_13,seq12,seq110,r_87_77_13,0.66,2,15,13,43
77,seq71,r_60_107_94,r_88_104_43,r_88_104_43,0.97,1,44,43,43
39,r_120_4_80,seq101,seq0,r_120_4_80,0.82,0,80,80,43
42,r_132_15_67,seq0,seq100,r_132_15_67,0.94,0,67,67,43
93,seq114,seq131,r_54_49_16,r_54_49_16,0.93,20,36,16,43
16,r_91_53_42,r_16_61_76,r_97_147_8,r_91_53_42,0.98,0,42,42,43
30,r_88_104_43,r_22_112_53,seq71,r_88_104_43,0.98,1,44,43,43
12,r_33_68_23,seq57,seq101,r_33_68_23,0.98,0,23,23,43
40,r_44_27_49,seq148,r_121_134_90,r_44_27_49,1.0,2,51,49,43
19,r_62_123_66,r_25_59_61,seq11,r_25_59_61,1.0,1,62,61,43
38,r_30_32_34,r_120_4_80,r_45_95_72,r_120_4_80,0.67,-48,32,80,43
13,r_51_90_54,r_120_4_80,r_78_21_41,r_51_90_54,1.0,0,54,54,43
29,r_54_49_16,r_146_115_63,seq114,r_54_49_16,0.9,0,16,16,43
14,r_52_129_19,r_48_113_37,seq31,r_52_129_19,0.99,3,22,19,43
3,r_93_1_64,seq138,seq117,r_93_1_64,0.91,0,64,64,43
41,r_45_95_72,r_30_32_34,r_7_67_57,r_7_67_57,0.98,17,74,57,43
4,r_40_140_97,r_139_46_75,r_149_34_51,r_40_140_97,0.68,-30,67,97,43
0,r_94_105_73,seq141,r_29_143_56,r_29_143_56,0.83,17,73,56,43
23,r_2_66_12,r_50_69_45,seq99,r_2_66_12,0.79,4,16,12,43
26,r_146_115_63,r_45_95_72,r_50_69_45,r_146_115_63,0.54,-4,59,63,43
20,r_48_113_37,seq100,r_139_46_75,r_139_46_75,0.63,2,77,75,43
8,r_7_67_57,seq148,r_149_34_51,r_7_67_57,1.0,0,57,57,43
15,r_22_112_53,r_56_3_2,seq99,r_22_112_53,1.0,0,53,53,43
48,r_121_134_90,r_44_27_49,r_94_105_73,r_121_134_90,0.55,-1,89,90,43
25,r_25_59_61,r_62_123_66,r_44_27_49,r_25_59_61,0.96,1,62,61,43
21,r_78_21_41,r_22_112_53,seq131,r_22_112_53,0.78,-14,39,53,43
66,seq24,r_94_105_73,r_10_89_50,r_10_89_50,0.91,-2,48,50,43
47,r_16_61_76,r_91_53_42,r_120_4_80,r_91_53_42,1.0,0,42,42,43
41,r_45_95_72,r_146_115_63,r_30_32_34,r_45_95_72,0.59,-39,33,72,43
34,r_98_133_84,seq43,r_42_81_99,r_98_133_84,0.68,1,85,84,43
20,r_48_113_37,r_29_143_56,seq100,r_29_143_56,0.83,0,56,56,43
27,r_92_13_36,r_16_61_76,r_30_32_34,r_92_13_36,0.51,42,78,36,43
2,r_10_89_50,r_7_67_57,seq24,r_10_89_50,0.99,-3,47,50,43
36,r_106_72_47,r_40_140_97,seq110,r_106_72_47,1.0,0,47,47,43
6,r_124_102_40,r_25_59_61,seq17,r_124_102_40,1.0,0,40,40,43
60,seq141,r_94_105_73,r_10_89_50,r_10_89_50,0.56,23,73,50,43
27,r_92_13_36,r_48_113_37,r_16_61_76,r_92_13_36,0.99,0,36,36,43
17,r_85_19_74,r_16_61_76,r_94_105_73,r_85_19_74,0.88,1,75,74,43
9,r_55_82_87,seq6,r_40_140_97,r_40_140_97,0.62,-19,78,97,43
32,r_116_58_29,seq100,seq24,r_116_58_29,0.95,1,30,29,43
47,r_16_61_76,r_120_4_80,r_50_69_45,r_120_4_80,0.83,-4,76,80,43
11,r_29_143_56,r_60_107_94,r_48_113_37,r_29_143_56,0.66,-17,39,56,43
95,seq148,r_44_27_49,r_96_80_11,r_44_27_49,0.77,-13,36,49,43
37,r_9_77_46,seq47,r_40_149_19,r_9_77_46,1.0,1,47,46,44
16,r_102_100_15,seq124,seq4,r_102_100_15,0.99,0,15,15,44
6,r_114_136_22,r_95_42_88,seq33,r_114_136_22,1.0,0,22,22,44
36,r_39_111_66,seq55,seq69,r_39_111_66,0.91,0,66,66,44
8,r_139_131_71,seq64,r_78_133_16,r_139_131_71,0.79,-3,68,71,44
43,r_147_6_65,seq5,r_78_133_16,r_147_6_65,0.85,-1,64,65,44
87,seq86,r_16_48_63,r_36_61_17,r_16_48_63,0.92,-15,48,63,44
71,seq51,r_68_143_81,r_88_93_61,r_88_93_61,0.6,17,78,61,44
21,r_66_34_67,seq0,r_8_108_21,r_66_34_67,0.7,-3,64,67,44
1,r_31_140_70,seq65,seq50,r_31_140_70,0.98,1,71,70,44
99,seq124,r_15_84_74,r_43_24_34,r_43_24_34,1.0,-1,33,34,44
2,r_63_12_51,seq30,seq130,r_63_12_51,0.95,0,51,51,44
46,r_36_61_17,r_87_18_91,seq86,r_36_61_17,0.67,3,20,17,44
67,seq135,seq13,r_20_60_83,r_20_60_83,0.96,-2,81,83,44
3,r_68_143_81,seq51,r_62_14_4,r_68_143_81,0.69,0,81,81,44
10,r_15_84_74,seq124,seq117,r_15_84_74,0.68,5,79,74,44
4,r_7_56_69,r_148_59_3,r_40_149_19,r_7_56_69,1.0,0,69,69,44
23,r_82_115_41,r_120_99_45,r_36_61_17,r_82_115_41,0.67,0,41,41,44
20,r_20_60_83,r_146_138_79,seq135,r_20_60_83,0.58,-1,82,83,44
88,seq90,r_29_27_6,seq124,r_29_27_6,0.84,6,12,6,44
48,r_37_91_77,seq70,seq0,r_37_91_77,0.55,2,79,77,44
14,r_46_21_36,r_39_111_66,r_40_149_19,r_46_21_36,0.97,0,36,36,44
44,r_89_35_30,r_137_38_89,r_11_110_7,r_89_35_30,1.0,1,31,30,44
26,r_83_2_62,r_120_99_45,seq45,r_120_99_45,0.51,-4,41,45,44
35,r_79_125_48,r_95_42_88,r_8_108_21,r_8_108_21,0.91,27,48,21,44
26,r_83_2_62,seq45,r_17_26_59,r_83_2_62,0.97,0,62,62,44
15,r_142_53_39,seq57,seq55,r_142_53_39,1.0,0,39,39,44
33,r_11_110_7,r_139_131_71,seq132,r_11_110_7,0.52,4,11,7,44
29,r_17_26_59,seq4,r_29_27_6,r_17_26_59,1.0,1,60,59,44
25,r_146_138_79,r_20_60_83,r_66_34_67,r_146_138_79,0.78,-2,77,79,44
38,r_112_71_44,seq132,r_8_108_21,r_8_108_21,0.9,15,36,21,44
70,seq50,seq117,r_31_140_70,r_31_140_70,0.99,3,73,70,44
13,r_87_18_91,r_36_61_17,r_29_27_6,r_36_61_17,0.71,3,20,17,44
0,r_144_23_37,seq135,seq65,r_144_23_37,0.88,5,42,37,44
47,r_120_99_45,r_83_2_62,r_11_110_7,r_11_110_7,0.75,38,45,7,44
34,r_96_19_75,seq80,seq129,r_96_19_75,0.94,0,75,75,44
74,seq55,r_39_111_66,r_142_53_39,r_142_53_39,0.71,1,40,39,44
27,r_67_119_33,seq129,seq64,r_67_119_33,0.96,3,36,33,44
52,seq130,seq141,r_63_12_51,r_63_12_51,0.74,2,53,51,44
42,r_43_24_34,seq106,seq124,r_43_24_34,0.66,-1,33,34,44
28,r_16_48_63,seq86,r_148_59_3,r_16_48_63,0.97,1,64,63,44
49,r_88_93_61,r_137_38_89,seq51,r_88_93_61,1.0,0,61,61,44
39,r_8_108_21,r_96_19_75,seq124,r_8_108_21,0.98,1,22,21,44
5,r_148_59_3,r_7_56_69,r_104_76_2,r_7_56_69,1.0,-20,49,69,44
43,r_94_15_72,r_22_38_86,r_47_85_31,r_94_15_72,0.76,1,73,72,45
37,r_59_81_28,seq50,r_127_75_25,r_59_81_28,1.0,0,28,28,45
25,r_71_76_55,r_43_29_75,r_46_66_32,r_71_76_55,0.71,0,55,55,45
46,r_133_95_88,seq142,r_12_54_60,r_12_54_60,0.99,30,90,60,45
42,r_145_78_59,seq53,r_35_19_62,r_145_78_59,0.94,2,61,59,45
80,seq68,seq108,r_51_49_76,r_51_49_76,0.99,0,76,76,45
48,r_122_25_38,r_133_95_88,r_46_66_32,r_133_95_88,0.6,-50,38,88,45
21,r_86_128_45,r_144_80_51,seq53,r_86_128_45,1.0,0,45,45,45
19,r_12_54_60,seq92,seq6,r_12_54_60,0.98,1,61,60,45
22,r_47_85_31,r_131_58_94,seq45,r_47_85_31,1.0,0,31,31,45
72,seq53,r_145_78_59,r_52_109_18,r_145_78_59,0.98,-8,51,59,45
35,r_99_103_46,seq45,seq108,r_99_103_46,1.0,1,47,46,45
11,r_107_104_15,seq1,r_21_7_95,r_107_104_15,0.98,0,15,15,45
45,r_3_42_57,seq119,r_36_118_6,r_3_42_57,1.0,0,57,57,45
36,r_138_96_53,r_36_118_6,seq55,r_138_96_53,0.97,0,53,53,45
30,r_24_136_34,seq33,r_0_34_23,r_24_136_34,0.92,0,34,34,45
20,r_110_2_19,r_73_130_8,seq9,r_110_2_19,1.0,-2,17,19,45
10,r_57_23_78,r_100_139_83,seq39,r_100_139_83,0.74,-3,80,83,45
40,r_48_90_20,r_124_140_36,seq14,r_48_90_20,0.63,-3,17,20,45
28,r_111_13_87,r_73_130_8,r_127_75_25,r_127_75_25,0.94,0,25,25,45
15,r_124_140_36,seq116,seq141,r_124_140_36,1.0,1,37,36,45
6,r_51_49_76,seq14,seq68,r_51_49_76,0.91,3,79,76,45
90,seq108,seq68,r_99_103_46,r_99_103_46,1.0,2,48,46,45
13,r_10_149_13,r_69_30_85,seq101,r_10_149_13,0.73,3,16,13,45
27,r_100_139_83,seq146,r_102_123_2,r_100_139_83,0.72,0,83,83,45
31,r_74_121_40,r_22_38_86,seq89,r_74_121_40,1.0,1,41,40,45
87,seq92,r_12_54_60,r_43_29_75,r_12_54_60,1.0,1,61,60,45
2,r_106_65_73,seq53,r_93_113_58,r_106_65_73,0.82,0,73,73,45
47,r_135_8_63,r_43_29_75,r_24_136_34,r_135_8_63,0.86,5,68,63,45
18,r_28_148_65,seq105,r_88_20_9,r_28_148_65,0.78,2,67,65,45
17,r_52_109_18,r_59_81_28,seq53,r_52_109_18,0.71,-1,17,18,45
14,r_31_98_17,r_100_139_83,seq61,r_31_98_17,0.96,0,17,17,45
68,seq39,r_93_113_58,r_144_80_51,r_93_113_58,0.97,-1,57,58,45
94,seq115,seq18,r_132_41_42,r_132_41_42,0.98,14,56,42,45
41,r_127_75_25,r_106_65_73,r_59_81_28,r_127_75_25,0.96,3,28,25,45
12,r_144_80_51,seq62,seq4,r_144_80_51,0.48,2,53,51,45
38,r_0_34_23,r_69_30_85,seq40,r_0_34_23,0.92,0,23,23,45
24,r_46_66_32,r_24_136_34,seq70,r_46_66_32,0.97,1,33,32,45
29,r_132_41_42,seq6,seq115,r_132_41_42,0.97,0,42,42,45
28,r_111_13_87,r_127_75_25,r_94_15_72,r_111_13_87,0.71,2,89,87,45
88,seq101,r_97_64_54,r_10_149_13,r_10_149_13,0.8,0,13,13,45
44,r_35_19_62,r_100_139_83,r_93_113_58,r_100_139_83,0.99,-22,61,83,45
23,r_69_30_85,seq61,r_102_123_2,r_102_123_2,0.57,83,85,2,45
0,r_97_64_54,seq101,seq27,r_97_64_54,0.79,3,57,54,45
3,r_77_84_37,r_125_147_1,r_97_64_54,r_77_84_37,0.9,0,37,37,45
32,r_11_44_21,r_97_64_54,r_36_118_6,r_11_44_21,0.99,-4,17,21,45
97,seq124,r_52_128_41,r_84_29_25,r_84_29_25,0.73,17,42,25,46
47,r_2_43_22,seq87,seq130,r_2_43_22,0.94,0,22,22,46
40,r_14_57_58,seq92,r_86_62_56,r_14_57_58,1.0,0,58,58,46
14,r_68_39_68,r_38_91_7,seq56,r_68_39_68,0.94,0,68,68,46
82,seq89,r_59_54_59,r_40_93_49,r_40_93_49,0.86,9,58,49,46
30,r_114_143_34,seq133,seq65,r_114_143_34,1.0,1,35,34,46
43,r_104_33_72,seq146,r_55_41_39,r_104_33_72,0.89,0,72,72,46
21,r_147_44_63,seq121,r_26_21_48,r_147_44_63,1.0,1,64,63,46
24,r_105_12_57,r_42_139_99,r_10_23_24,r_105_12_57,1.0,0,57,57,46
42,r_137_64_78,seq141,seq47,r_137_64_78,0.45,-7,71,78,46
33,r_134_102_60,r_59_54_59,r_60_6_31,r_134_102_60,1.0,-1,59,60,46
45,r_108_67_61,seq133,seq122,r_108_67_61,0.94,3,64,61,46
48,r_10_23_24,seq9,r_105_12_57,r_105_12_57,0.64,7,64,57,46
37,r_107_66_29,r_59_54_59,r_42_139_99,r_107_66_29,1.0,0,29,29,46
8,r_46_96_50,seq22,seq112,r_46_96_50,0.81,0,50,50,46
46,r_55_41_39,r_88_77_11,r_104_33_72,r_104_33_72,0.56,2,74,72,46
44,r_42_139_99,r_105_12_57,r_107_66_29,r_42_139_99,0.81,-42,57,99,46
13,r_19_106_10,r_101_49_21,r_27_125_1,r_19_106_10,0.98,1,11,10,46
20,r_59_54_59,r_134_102_60,seq121,r_134_102_60,0.94,-1,59,60,46
4,r_94_140_76,seq56,r_30_78_28,r_94_140_76,0.75,0,76,76,46
94,seq121,r_147_44_63,r_59_54_59,r_147_44_63,0.98,-4,59,63,46
48,r_10_23_24,r_111_142_93,seq9,r_10_23_24,0.96,2,26,24,46
22,r_40_93_49,seq146,seq123,r_40_93_49,0.97,2,51,49,46
70,seq136,seq65,r_99_115_17,r_99_115_17,0.61,-6,11,17,46
46,r_55_41_39,r_59_54_59,r_88_77_11,r_55_41_39,1.0,1,40,39,46
74,seq65,seq136,r_114_143_34,r_114_143_34,1.0,2,36,34,46
0,r_138_145_18,r_147_44_63,seq17,r_138_145_18,0.81,0,18,18,46
10,r_132_149_35,r_15_16_47,r_48_82_32,r_15_16_47,0.92,-6,41,47,46
3,r_45_110_27,r_132_149_35,r_60_6_31,r_45_110_27,0.99,0,27,27,46
29,r_51_28_79,seq8,seq69,r_51_28_79,0.98,-1,78,79,46
26,r_30_78_28,r_25_144_62,r_1_4_2,r_30_78_28,0.98,0,28,28,46
6,r_95_72_38,r_108_67_61,seq100,r_95_72_38,0.99,1,39,38,46
89,seq113,r_84_29_25,r_132_149_35,r_84_29_25,0.92,-4,21,25,46
85,seq100,r_68_39_68,r_95_72_38,r_95_72_38,0.79,1,39,38,46
39,r_75_70_65,r_55_41_39,r_60_6_31,r_75_70_65,0.69,0,65,65,46
28,r_48_82_32,seq80,r_132_149_35,r_48_82_32,0.57,-20,12,32,46
12,r_84_29_25,seq113,seq124,r_84_29_25,0.98,0,25,25,46
5,r_86_62_56,r_51_28_79,r_14_57_58,r_86_62_56,0.77,2,58,56,46
11,r_34_18_43,seq56,r_38_91_7,r_34_18_43,1.0,2,45,43,46
49,r_25_144_62,seq122,r_19_106_10,r_25_144_62,0.88,1,63,62,46
7,r_24_35_83,seq69,r_19_106_10,r_24_35_83,0.89,0,83,83,46
23,r_15_16_47,r_75_70_65,seq5,r_15_16_47,1.0,0,47,47,46
31,r_99_115_17,r_60_6_31,seq136,r_99_115_17,0.55,-5,12,17,46
39,r_75_70_65,r_15_16_47,r_55_41_39,r_75_70_65,0.99,-19,46,65,46
30,r_21_100_24,r_64_76_45,r_73_109_16,r_73_109_16,0.87,8,24,16,47
36,r_106_129_66,seq17,seq85,r_106_129_66,0.95,0,66,66,47
33,r_26_22_35,seq136,r_83_130_14,r_26_22_35,0.94,0,35,35,47
43,r_123_115_82,seq15,r_61_149_61,r_123_115_82,0.92,0,82,82,47
3,r_96_132_48,seq143,r_60_72_85,r_96_132_48,1.0,0,48,48,47
83,seq87,r_60_72_85,r_96_132_48,r_96_132_48,0.64,39,87,48,47
37,r_113_0_75,seq126,r_64_76_45,r_113_0_75,0.52,1,76,75,47
21,r_139_124_73,r_83_130_14,r_38_62_22,r_139_124_73,0.96,0,73,73,47
39,r_148_7_83,r_50_3_3,seq81,r_148_7_83,0.82,0,83,83,47
24,r_116_128_30,seq85,seq14,r_116_128_30,0.94,0,30,30,47
28,r_60_72_85,r_104_32_36,seq87,r_104_32_36,1.0,0,36,36,47
32,r_73_109_16,r_74_77_29,r_116_128_30,r_73_109_16,0.69,0,16,16,47
42,r_42_93_70,seq10,seq135,r_42_93_70,0.95,0,70,70,47
12,r_74_77_29,r_28_29_40,seq94,r_74_77_29,0.99,1,30,29,47
22,r_39_142_71,seq108,r_127_66_80,r_39_142_71,0.59,-13,58,71,47
15,r_103_146_50,seq99,r_23_51_12,r_103_146_50,1.0,0,50,50,47
38,r_28_29_40,r_114_16_8,r_101_107_10,r_28_29_40,0.79,0,40,40,47
14,r_38_62_22,r_116_128_30,r_9_105_9,r_38_62_22,0.88,0,22,22,47
10,r_111_37_58,seq99,seq19,r_111_37_58,0.39,15,73,58,47
25,r_114_16_8,r_13_67_33,r_38_62_22,r_114_16_8,0.96,25,33,8,47
48,r_80_45_89,seq41,r_123_115_82,r_123_115_82,0.77,8,90,82,47
28,r_60_72_85,r_96_132_48,r_133_89_77,r_60_72_85,1.0,0,85,85,47
0,r_23_51_12,r_110_69_55,r_120_44_2,r_23_51_12,0.89,1,13,12,47
6,r_133_89_77,r_18_84_81,seq20,r_133_89_77,0.77,0,77,77,47
28,r_60_72_85,seq87,r_96_132_48,r_96_132_48,1.0,1,49,48,47
85,seq143,r_96_132_48,r_92_54_7,r_96_132_48,0.97,-22,26,48,47
9,r_64_76_45,r_80_45_89,r_137_86_37,r_64_76_45,0.91,0,45,45,47
54,seq136,r_26_22_35,r_13_67_33,r_26_22_35,0.55,0,35,35,47
2,r_8_134_62,seq65,r_83_130_14,r_8_134_62,1.0,0,62,62,47
23,r_137_86_37,r_117_35_88,r_21_100_24,r_137_86_37,0.99,0,37,37,47
18,r_18_84_81,seq78,r_13_67_33,r_18_84_81,0.92,-1,80,81,47
4,r_57_34_43,seq108,r_137_86_37,r_57_34_43,0.98,0,43,43,47
47,r_61_149_61,r_80_45_89,seq71,r_61_149_61,0.76,0,61,61,47
20,r_110_69_55,r_92_54_7,seq10,r_110_69_55,1.0,0,55,55,47
44,r_104_32_36,r_60_72_85,r_74_77_29,r_104_32_36,0.63,0,36,36,47
32,r_73_109_16,r_116_128_30,r_21_100_24,r_73_109_16,0.86,10,26,16,47
3,r_96_132_48,r_60_72_85,r_38_62_22,r_96_132_48,0.56,39,87,48,47
47,r_61_149_61,r_60_72_85,r_80_45_89,r_61_149_61,0.35,-16,45,61,47
16,r_9_105_9,r_28_29_40,r_38_62_22,r_9_105_9,0.97,16,25,9,47
27,r_55_75_57,r_127_66_80,seq99,r_55_75_57,0.95,1,58,57,47
75,seq63,r_117_35_88,r_110_69_55,r_110_69_55,0.79,18,73,55,47
17,r_83_130_14,r_139_124_73,r_8_134_62,r_83_130_14,0.53,59,73,14,47
26,r_13_67_33,r_114_16_8,seq140,r_13_67_33,0.88,0,33,33,47
19,r_138_82_39,seq14,r_144_46_6,r_138_82_39,0.99,0,39,39,47
34,r_4_36_46,seq17,seq85,r_4_36_46,1.0,0,46,46,47
7,r_117_35_88,seq63,r_23_51_12,r_117_35_88,0.81,2,90,88,47
35,r_50_3_3,r_148_7_83,r_23_51_12,r_50_3_3,0.62,80,83,3,47
5,r_27_91_34,r_133_89_77,seq43,r_27_91_34,0.98,0,34,34,47
30,r_39_34_61,r_145_86_89,seq29,r_39_34_61,0.99,0,61,61,48
2,r_98_2_29,r_4_131_62,r_88_105_25,r_4_131_62,0.96,0,62,62,48
36,r_148_53_57,seq10,r_59_75_6,r_148_53_57,1.0,1,58,57,48
43,r_3_56_84,seq74,r_106_54_18,r_3_56_84,0.85,1,85,84,48
83,seq87,r_26_9_74,r_21_42_8,r_26_9_74,0.98,0,74,74,48
10,r_43_46_30,seq137,seq44,r_43_46_30,1.0,0,30,30,48
16,r_78_8_67,r_25_138_93,r_59_75_6,r_78_8_67,0.78,0,67,67,48
29,r_126_116_32,r_64_68_1,seq114,r_126_116_32,1.0,0,32,32,48
6,r_147_73_54,r_123_122_77,r_32_16_11,r_147_73_54,1.0,2,56,54,48
48,r_128_141_38,seq94,r_59_75_6,r_128_141_38,0.92,0,38,38,48
40,r_58_6_34,seq137,seq44,r_58_6_34,0.98,0,34,34,48
45,r_97_119_28,r_26_9_74,seq94,r_97_119_28,0.99,0,28,28,48
87,seq99,r_64_68_1,r_31_76_15,r_31_76_15,1.0,6,21,15,48
21,r_142_83_33,seq132,r_14_22_23,r_142_83_33,0.51,20,53,33,48
27,r_35_108_42,r_26_9_74,seq65,r_35_108_42,1.0,1,43,42,48
25,r_90_125_45,r_40_107_59,seq29,r_90_125_45,0.99,0,45,45,48
18,r_81_102_64,r_41_19_96,r_147_73_54,r_81_102_64,0.62,-40,24,64,48
24,r_145_86_89,r_112_11_5,r_35_108_42,r_145_86_89,0.51,0,89,89,48
5,r_84_69_17,seq48,seq44,r_84_69_17,1.0,0,17,17,48
11,r_36_130_63,seq48,r_40_107_59,r_36_130_63,1.0,0,63,63,48
32,r_55_62_39,seq60,r_84_69_17,r_55_62_39,0.99,0,39,39,48
13,r_33_0_79,seq140,r_79_85_41,r_33_0_79,0.88,1,80,79,48
39,r_24_118_21,seq52,r_104_139_31,r_104_139_31,1.0,4,35,31,48
26,r_31_76_15,seq12,seq99,r_31_76_15,0.93,0,15,15,48
23,r_4_131_62,r_98_2_29,r_121_7_44,r_4_131_62,0.98,0,62,62,48
93,seq113,seq12,r_143_61_22,r_143_61_22,1.0,2,24,22,48
37,r_110_91_10,seq113,seq87,r_110_91_10,0.81,0,10,10,48
4,r_106_54_18,seq134,r_21_42_8,r_106_54_18,1.0,0,18,18,48
12,r_18_135_55,seq47,r_106_54_18,r_18_135_55,0.88,0,55,55,48
24,r_145_86_89,r_39_34_61,r_112_11_5,r_39_34_61,1.0,0,61,61,48
8,r_89_15_92,seq114,r_32_16_11,r_32_16_11,0.85,18,29,11,48
47,r_104_139_31,r_26_9_74,seq57,r_104_139_31,1.0,0,31,31,48
23,r_4_131_62,r_35_108_42,r_33_0_79,r_4_131_62,0.6,-52,10,62,48
14,r_14_22_23,seq50,seq47,r_14_22_23,1.0,0,23,23,48
21,r_142_83_33,r_98_2_29,seq132,r_142_83_33,0.99,0,33,33,48
75,seq65,seq134,r_35_108_42,r_35_108_42,1.0,27,69,42,48
34,r_32_16_11,r_84_69_17,r_89_15_92,r_32_16_11,0.99,0,11,11,48
61,seq20,seq114,r_147_73_54,r_147_73_54,1.0,-1,53,54,48
23,r_4_131_62,r_33_0_79,r_98_2_29,r_98_2_29,0.91,-6,23,29,48
38,r_143_61_22,r_18_135_55,seq113,r_143_61_22,0.85,1,23,22,48
2,r_98_2_29,r_128_141_38,r_4_131_62,r_98_2_29,0.89,2,31,29,48
17,r_77_72_69,seq140,seq115,r_77_72_69,0.98,0,69,69,48
84,seq92,r_123_122_77,r_88_105_25,r_88_105_25,0.99,15,40,25,48
46,r_123_122_77,seq92,r_110_91_10,r_110_91_10,0.63,14,24,10,48
22,r_40_107_59,seq149,r_36_130_63,r_36_130_63,0.99,1,64,63,48
35,r_144_49_40,seq136,seq52,r_144_49_40,1.0,0,40,40,48
49,r_25_138_93,r_78_8_67,r_144_49_40,r_144_49_40,0.76,36,76,40,48
44,r_26_9_74,seq87,r_84_69_17,r_26_9_74,0.98,0,74,74,48
42,r_121_7_44,r_145_86_89,seq1,r_121_7_44,0.99,0,44,44,48
31,r_27_51_12,r_123_122_77,seq94,r_27_51_12,0.97,0,12,12,48
79,seq140,r_77_72_69,seq60,r_77_72_69,1.0,0,69,69,48
18,r_81_102_64,r_147_73_54,seq136,r_81_102_64,0.99,1,65,64,48
22,r_124_34_44,r_123_75_89,seq89,r_124_34_44,0.94,0,44,44,49
58,seq15,r_82_4_25,r_77_69_14,r_82_4_25,0.59,-6,19,25,49
53,seq132,r_24_29_69,seq143,r_24_29_69,0.94,2,71,69,49
37,r_39_109_77,seq142,seq9,r_39_109_77,0.93,0,77,77,49
24,r_54_5_49,r_22_96_54,r_0_63_31,r_54_5_49,0.92,0,49,49,49
1,r_131_51_84,seq84,seq57,r_131_51_84,0.7,0,84,84,49
46,r_107_134_35,seq19,r_90_31_12,r_107_134_35,1.0,0,35,35,49
5,r_111_122_20,seq145,seq67,r_111_122_20,0.98,5,25,20,49
19,r_46_112_51,seq143,r_118_135_79,r_46_112_51,0.97,1,52,51,49
39,r_77_69_14,r_111_122_20,seq15,r_77_69_14,0.9,3,17,14,49
90,seq95,r_65_47_68,r_136_33_52,r_136_33_52,1.0,25,77,52,49
44,r_26_38_18,r_58_114_37,seq103,r_26_38_18,0.74,4,22,18,49
26,r_14_30_62,seq129,r_120_105_15,r_120_105_15,0.71,50,65,15,49
4,r_3_43_71,seq99,r_77_69_14,r_3_43_71,0.99,0,71,71,49
47,r_22_96_54,seq56,seq1,r_22_96_54,1.0,0,54,54,49
20,r_65_47_68,seq95,r_48_27_2,r_48_27_2,0.79,75,77,2,49
15,r_2_62_81,r_113_11_85,r_14_30_62,r_14_30_62,0.59,19,81,62,49
48,r_21_17_76,seq80,r_90_31_12,r_21_17_76,0.64,0,76,76,49
40,r_136_33_52,seq137,seq95,r_136_33_52,1.0,1,53,52,49
2,r_141_110_8,r_8_28_78,r_48_27_2,r_8_28_78,0.96,-1,77,78,49
13,r_58_114_37,r_3_43_71,r_68_60_41,r_58_114_37,0.85,2,39,37,49
31,r_49_126_47,r_8_28_78,r_48_27_2,r_8_28_78,0.71,-30,48,78,49
9,r_68_60_41,seq35,r_58_114_37,r_68_60_41,0.95,4,45,41,49
49,r_20_53_39,r_94_87_27,r_6_148_9,r_20_53_39,1.0,0,39,39,49
12,r_108_140_22,r_115_36_67,seq139,r_108_140_22,0.97,0,22,22,49
11,r_42_55_57,r_8_28_78,r_22_96_54,r_42_55_57,1.0,0,57,57,49
25,r_40_23_75,seq84,r_94_87_27,r_40_23_75,0.58,-1,74,75,49
19,r_46_112_51,r_118_135_79,r_90_31_12,r_118_135_79,1.0,0,79,79,49
38,r_123_75_89,seq9,r_6_148_9,r_123_75_89,0.52,0,89,89,49
67,seq137,r_136_33_52,r_90_31_12,r_136_33_52,0.95,0,52,52,49
34,r_90_31_12,r_0_63_31,seq130,r_90_31_12,0.98,1,13,12,49
8,r_82_4_25,r_124_34_44,r_101_44_29,r_82_4_25,0.52,1,26,25,49
99,seq121,r_111_122_20,r_49_126_47,r_111_122_20,0.91,2,22,20,49
18,r_8_28_78,r_49_126_47,r_141_110_8,r_8_28_78,0.72,-30,48,78,49
36,r_106_41_30,r_94_87_27,seq74,r_106_41_30,0.94,0,30,30,49
0,r_0_63_31,r_10_138_88,seq89,r_0_63_31,1.0,0,31,31,49
18,r_8_28_78,r_141_110_8,r_14_30_62,r_8_28_78,0.87,-1,77,78,49
28,r_133_45_65,seq67,r_68_60_41,r_133_45_65,0.98,0,65,65,49
82,seq84,r_131_51_84,seq72,r_131_51_84,0.88,0,84,84,49
29,r_120_105_15,r_54_5_49,seq98,r_120_105_15,0.98,0,15,15,49
93,seq110,r_133_8_86,r_143_42_53,r_143_42_53,1.0,35,88,53,50
8,r_77_121_47,seq15,seq146,r_77_121_47,0.99,0,47,47,50
23,r_16_51_15,seq109,r_60_129_18,r_16_51_15,0.97,3,18,15,50
36,r_82_10_64,seq146,seq123,r_82_10_64,0.87,0,64,64,50
48,r_71_2_31,r_5_19_48,seq67,r_71_2_31,1.0,0,31,31,50
7,r_62_148_38,seq123,r_112_0_23,r_112_0_23,1.0,8,31,23,50
12,r_65_124_63,r_125_102_61,r_16_51_15,r_16_51_15,0.99,-1,14,15,50
32,r_46_147_10,r_137_30_34,r_78_11_22,r_78_11_22,0.97,-12,10,22,50
6,r_60_129_18,seq104,r_16_51_15,r_16_51_15,1.0,3,18,15,50
19,r_47_138_9,r_9_140_26,r_112_0_23,r_47_138_9,0.91,19,28,9,50
16,r_125_102_61,r_65_124_63,r_73_1_13,r_125_102_61,0.96,0,61,61,50
43,r_122_101_30,r_25_131_29,r_34_7_4,r_34_7_4,0.99,28,32,4,50
22,r_91_59_89,r_97_53_3,r_73_1_13,r_73_1_13,0.55,6,19,13,50
38,r_142_80_35,r_143_42_53,r_92_29_12,r_142_80_35,1.0,0,35,35,50
31,r_45_39_62,r_4_87_72,r_137_30_34,r_137_30_34,0.5,28,62,34,50
30,r_106_145_19,r_25_131_29,r_73_1_13,r_73_1_13,0.76,6,19,13,50
26,r_139_144_88,seq37,r_77_121_47,r_77_121_47,0.6,42,89,47,50
11,r_23_89_66,seq115,r_79_54_50,r_23_89_66,1.0,0,66,66,50
89,seq104,r_60_129_18,r_43_114_46,r_43_114_46,0.93,0,46,46,50
15,r_79_54_50,r_68_126_91,seq63,r_68_126_91,0.61,-30,61,91,50
27,r_88_118_65,r_139_144_88,seq15,r_139_144_88,0.86,-23,65,88,50
41,r_84_83_21,r_77_121_47,seq55,r_84_83_21,0.71,2,23,21,50
22,r_91_59_89,r_73_1_13,seq57,r_91_59_89,0.88,0,89,89,50
9,r_43_114_46,r_92_29_12,seq104,r_43_114_46,0.98,1,47,46,50
37,r_143_42_53,seq63,r_122_101_30,r_143_42_53,1.0,0,53,53,50
18,r_135_93_77,seq37,seq74,r_135_93_77,0.79,3,80,77,50
29,r_61_44_68,seq57,seq75,r_61_44_68,1.0,1,69,68,50
25,r_66_70_78,r_91_59_89,r_137_30_34,r_66_70_78,0.73,-1,77,78,50
5,r_112_0_23,r_79_54_50,r_47_138_9,r_112_0_23,0.99,0,23,23,50
20,r_32_72_32,seq49,r_112_0_23,r_112_0_23,1.0,9,32,23,50
2,r_73_1_13,r_23_89_66,r_106_145_19,r_73_1_13,0.93,7,20,13,50
98,seq120,r_23_89_66,r_16_51_15,r_16_51_15,1.0,0,15,15,50
92,seq109,r_16_51_15,seq146,r_16_51_15,0.97,3,18,15,50
77,seq63,r_143_42_53,r_79_54_50,r_143_42_53,1.0,0,53,53,50
14,r_78_11_22,seq14,r_48_95_7,r_78_11_22,0.75,10,32,22,50
17,r_9_140_26,r_77_121_47,seq115,r_9_140_26,0.91,0,26,26,50
21,r_137_30_34,r_5_19_48,seq37,r_137_30_34,0.94,0,34,34,50
34,r_92_29_12,r_73_1_13,r_43_114_46,r_92_29_12,0.92,0,12,12,50
28,r_132_69_79,seq116,r_5_19_48,r_132_69_79,0.81,0,79,79,50
34,r_92_29_12,r_43_114_46,r_142_80_35,r_92_29_12,1.0,25,37,12,50
0,r_5_19_48,seq85,seq136,r_5_19_48,1.0,0,48,48,50
71,seq55,r_34_7_4,r_84_83_21,r_84_83_21,0.6,8,29,21,50
12,r_65_124_63,r_16_51_15,seq55,r_65_124_63,0.98,1,64,63,50
35,r_133_8_86,seq110,r_97_53_3,r_133_8_86,0.47,2,88,86,50
84,seq90,r_23_89_66,r_84_83_21,r_23_89_66,0.96,-6,60,66,50
93,seq100,r_42_92_88,r_111_40_56,r_111_40_56,0.96,32,88,56,51
30,r_11_17_65,seq66,r_25_52_19,r_11_17_65,0.94,0,65,65,51
52,seq3,r_149_93_51,r_16_144_32,r_16_144_32,0.95,4,36,32,51
45,r_57_80_27,r_72_51_76,r_50_83_26,r_72_51_76,0.52,-49,27,76,51
21,r_118_101_82,r_38_102_95,seq30,r_118_101_82,0.83,0,82,82,51
39,r_42_92_88,seq100,seq138,r_42_92_88,0.8,0,88,88,51
97,seq122,seq58,r_7_78_54,r_7_78_54,1.0,7,61,54,51
5,r_63_123_69,r_42_92_88,r_16_144_32,r_42_92_88,0.84,-19,69,88,51
46,r_140_106_72,seq54,r_23_4_37,r_140_106_72,0.92,2,74,72,51
42,r_41_97_63,r_75_128_97,seq36,r_41_97_63,1.0,0,63,63,51
29,r_45_70_58,seq95,r_111_40_56,r_45_70_58,0.97,0,58,58,51
7,r_7_78_54,r_63_123_69,seq122,r_7_78_54,1.0,0,54,54,51
15,r_109_145_41,seq61,r_73_53_28,r_109_145_41,0.98,0,41,41,51
34,r_50_83_26,seq74,r_57_80_27,r_50_83_26,0.57,1,27,26,51
11,r_23_4_37,seq21,seq82,r_23_4_37,1.0,0,37,37,51
14,r_111_40_56,seq39,seq34,r_111_40_56,1.0,0,56,56,51
44,r_108_14_43,seq54,r_107_35_24,r_108_14_43,0.99,0,43,43,51
28,r_65_46_33,r_63_123_69,r_120_56_45,r_65_46_33,1.0,0,33,33,51
64,seq21,r_23_4_37,r_25_52_19,r_23_4_37,0.79,0,37,37,51
20,r_72_51_76,seq82,r_105_117_92,r_72_51_76,0.9,3,79,76,51
13,r_130_67_60,seq6,r_73_53_28,r_130_67_60,1.0,0,60,60,51
25,r_16_144_32,r_108_14_43,seq3,r_16_144_32,0.96,1,33,32,51
48,r_110_64_21,r_111_40_56,seq27,r_110_64_21,0.95,0,21,21,51
47,r_79_20_15,seq124,seq132,r_79_20_15,0.99,1,16,15,51
26,r_76_126_90,r_50_83_26,r_114_32_16,r_50_83_26,0.91,-6,20,26,51
19,r_49_146_20,r_23_4_37,seq71,r_49_146_20,0.94,0,20,20,51
41,r_120_56_45,seq138,r_68_0_14,r_120_56_45,0.78,1,46,45,51
8,r_114_32_16,r_120_56_45,seq19,r_114_32_16,0.64,0,16,16,51
27,r_13_147_71,seq26,seq135,r_13_147_71,0.93,0,71,71,51
53,seq132,r_75_128_97,r_79_20_15,r_79_20_15,0.81,3,18,15,51
3,r_73_53_28,seq84,seq124,r_73_53_28,0.97,0,28,28,51
24,r_87_69_85,seq86,r_55_98_1,r_87_69_85,0.64,1,86,85,51
4,r_47_48_42,r_77_89_91,seq95,r_47_48_42,1.0,0,42,42,51
32,r_22_119_74,seq135,r_73_53_28,r_22_119_74,0.93,0,74,74,51
9,r_75_128_97,r_41_97_63,r_57_80_27,r_41_97_63,0.61,0,63,63,51
18,r_115_127_13,r_1_33_35,seq139,r_115_127_13,0.99,0,13,13,51
49,r_103_148_70,seq6,r_23_4_37,r_103_148_70,1.0,0,70,70,51
0,r_136_133_57,seq6,seq26,r_136_133_57,1.0,0,57,57,51
33,r_25_52_19,r_103_148_70,seq143,r_25_52_19,1.0,0,19,19,51
6,r_47_45_23,r_96_10_59,seq128,r_47_45_23,1.0,-1,22,23,52
36,r_25_77_86,r_38_94_65,r_41_93_35,r_25_77_86,0.66,0,86,86,52
71,seq44,seq132,r_131_29_60,r_131_29_60,1.0,0,60,60,52
19,r_36_5_42,seq146,r_115_4_9,r_36_5_42,0.99,2,44,42,52
43,r_106_62_89,seq21,r_50_13_33,r_50_13_33,0.78,56,89,33,52
21,r_126_143_83,seq149,seq125,r_126_143_83,0.64,1,84,83,52
39,r_124_51_78,r_138_98_54,r_140_27_11,r_138_98_54,0.57,24,78,54,52
1,r_53_129_73,seq19,r_138_98_54,r_53_129_73,0.71,2,75,73,52
25,r_54_121_15,r_47_45_23,r_40_8_20,r_54_121_15,0.98,0,15,15,52
13,r_23_9_48,seq43,r_36_5_42,r_23_9_48,0.99,0,48,48,52
45,r_120_61_63,seq59,seq128,r_120_61_63,0.93,0,63,63,52
60,seq145,r_85_104_82,r_22_67_38,r_22_67_38,0.95,1,39,38,52
22,r_41_93_35,seq133,seq19,r_41_93_35,0.8,-1,34,35,52
47,r_102_46_18,seq31,seq97,r_102_46_18,0.97,0,18,18,52
32,r_2_78_43,r_38_94_65,seq20,r_2_78_43,1.0,-3,40,43,52
29,r_50_13_33,r_83_12_61,seq55,r_50_13_33,1.0,1,34,33,52
2,r_119_6_44,seq118,seq59,r_119_6_44,1.0,-1,43,44,52
15,r_17_127_71,seq55,r_140_27_11,r_17_127_71,0.92,0,71,71,52
26,r_11_148_3,r_22_67_38,r_147_137_27,r_11_148_3,0.58,22,25,3,52
48,r_96_10_59,seq105,seq31,r_96_10_59,1.0,0,59,59,52
16,r_138_98_54,r_124_51_78,r_53_129_73,r_138_98_54,0.95,24,78,54,52
27,r_82_42_64,seq134,seq146,r_82_42_64,0.99,1,65,64,52
9,r_112_123_46,r_82_42_64,r_115_4_9,r_112_123_46,1.0,-1,45,46,52
20,r_83_12_61,seq19,r_112_123_46,r_83_12_61,0.74,-5,56,61,52
11,r_22_67_38,r_115_4_9,seq145,r_22_67_38,1.0,0,38,38,52
23,r_147_137_27,r_53_129_73,r_11_148_3,r_147_137_27,0.79,-2,25,27,52
33,r_40_8_20,r_89_116_90,r_54_121_15,r_40_8_20,1.0,-2,18,20,52
10,r_100_144_36,r_138_98_54,r_28_87_6,r_100_144_36,1.0,-1,35,36,52
14,r_63_26_31,seq44,seq21,r_63_26_31,0.95,0,31,31,52
28,r_131_29_60,r_53_129_73,seq44,r_131_29_60,1.0,0,60,60,52
49,r_92_79_79,r_40_8_20,seq134,r_92_79_79,0.47,7,86,79,52
12,r_140_27_11,seq103,seq105,r_140_27_11,0.85,1,12,11,52
7,r_65_141_76,r_69_142_97,r_101_130_12,r_65_141_76,0.63,0,76,76,52
41,r_122_111_55,r_120_61_63,r_139_91_96,r_139_91_96,0.92,-41,55,96,52
34,r_35_30_34,seq72,r_139_91_96,r_35_30_34,0.66,2,36,34,52
16,r_138_98_54,r_85_104_82,r_124_51_78,r_138_98_54,0.8,-5,49,54,52
30,r_112_28_54,seq97,r_101_39_21,r_112_28_54,1.0,7,61,54,53
18,r_101_39_21,r_31_76_27,seq62,r_101_39_21,0.9,-1,20,21,53
36,r_70_73_89,seq57,r_75_102_71,r_70_73_89,0.73,1,90,89,53
8,r_131_114_84,seq83,r_18_48_20,r_131_114_84,0.66,0,84,84,53
43,r_32_42_75,seq16,r_148_37_10,r_32_42_75,0.92,0,75,75,53
42,r_90_135_26,r_88_54_63,r_101_39_21,r_90_135_26,0.95,0,26,26,53
50,seq128,r_104_49_3,r_18_48_20,r_18_48_20,0.9,2,22,20,53
37,r_115_47_80,r_20_13_7,r_148_37_10,r_115_47_80,0.47,1,81,80,53
1,r_46_0_81,seq84,r_31_76_27,r_31_76_27,0.96,54,81,27,53
48,r_72_77_35,r_4_36_97,seq79,r_72_77_35,0.54,1,36,35,53
39,r_68_35_43,r_141_10_79,seq143,r_68_35_43,1.0,0,43,43,53
11,r_60_63_22,seq5,seq143,r_60_63_22,0.79,0,22,22,53
95,seq147,r_145_1_87,r_131_114_84,r_131_114_84,0.72,3,87,84,53
31,r_14_6_24,r_85_95_13,r_78_100_4,r_14_6_24,0.98,1,25,24,53
41,r_82_108_83,r_15_121_92,r_141_10_79,r_141_10_79,0.66,4,83,79,53
20,r_113_21_30,r_68_35_43,r_78_100_4,r_68_35_43,0.51,-15,28,43,53
10,r_141_10_79,r_113_21_30,seq86,r_141_10_79,0.61,0,79,79,53
71,seq61,r_113_21_30,r_66_7_23,r_66_7_23,0.96,4,27,23,53
77,seq140,r_134_124_53,seq16,r_134_124_53,1.0,1,54,53,53
0,r_126_133_85,r_4_36_97,r_24_17_64,r_126_133_85,0.69,0,85,85,53
13,r_24_17_64,r_46_0_81,r_56_30_14,r_24_17_64,1.0,1,65,64,53
16,r_8_138_32,r_123_137_74,seq67,r_123_137_74,0.54,-42,32,74,53
27,r_94_87_47,r_141_10_79,r_92_99_1,r_94_87_47,1.0,0,47,47,53
47,r_9_103_59,seq139,r_34_59_15,r_9_103_59,0.53,2,61,59,53
24,r_58_111_67,r_146_41_5,seq86,r_58_111_67,0.91,1,68,67,53
25,r_55_118_77,r_115_47_80,r_31_76_27,r_55_118_77,0.79,0,77,77,53
72,seq62,r_51_45_49,r_101_39_21,r_51_45_49,0.66,-6,43,49,53
70,seq57,r_70_73_89,r_123_137_74,r_123_137_74,0.59,16,90,74,53
32,r_88_54_63,seq140,r_2_125_6,r_88_54_63,0.93,2,65,63,53
15,r_31_76_27,r_15_121_92,seq93,r_31_76_27,0.98,0,27,27,53
38,r_130_116_76,seq65,r_20_13_7,r_130_116_76,0.55,10,86,76,53
22,r_51_45_49,seq62,seq84,r_51_45_49,0.99,0,49,49,53
33,r_66_7_23,r_131_114_84,seq61,r_66_7_23,0.98,1,24,23,53
4,r_52_80_11,r_51_45_49,r_34_59_15,r_52_80_11,0.72,10,21,11,53
90,seq105,seq38,r_50_132_33,r_50_132_33,0.92,1,34,33,53
46,r_50_132_33,r_46_0_81,seq105,r_50_132_33,1.0,5,38,33,53
17,r_145_1_87,seq147,r_60_63_22,r_60_63_22,0.49,65,87,22,53
21,r_85_95_13,r_112_28_54,r_92_99_1,r_112_28_54,0.55,-8,46,54,53
26,r_18_48_20,r_88_54_63,seq128,r_18_48_20,1.0,-2,18,20,53
29,r_56_30_14,r_112_28_54,seq19,r_112_28_54,0.9,-34,20,54,53
34,r_34_59_15,r_8_138_32,r_146_41_5,r_34_59_15,0.89,-3,12,15,53
28,r_29_33_66,seq27,r_58_111_67,r_58_111_67,0.5,2,69,67,53
49,r_40_53_55,seq26,seq139,r_40_53_55,0.85,6,61,55,53
7,r_20_13_7,r_115_47_80,r_130_116_76,r_115_47_80,0.91,1,81,80,53
23,r_123_137_74,seq149,seq57,r_123_137_74,0.85,0,74,74,53
82,seq84,r_46_0_81,r_51_45_49,r_51_45_49,1.0,32,81,49,53
12,r_75_102_71,r_92_99_1,r_40_53_55,r_75_102_71,0.94,2,73,71,53
45,r_134_124_53,seq140,seq128,r_134_124_53,0.99,1,54,53,53
91,seq85,r_68_112_59,r_101_43_10,r_68_112_59,1.0,0,59,59,54
14,r_45_11_69,seq26,seq136,r_45_11_69,0.97,0,69,69,54
20,r_140_23_26,r_125_87_50,seq36,r_140_23_26,1.0,0,26,26,54
5,r_68_112_59,seq85,seq51,r_68_112_59,1.0,0,59,59,54
39,r_104_58_65,r_67_38_73,seq133,r_104_58_65,1.0,0,65,65,54
25,r_102_110_40,seq94,seq72,r_102_110_40,0.99,0,40,40,54
37,r_96_113_14,r_45_11_69,r_50_111_98,r_96_113_14,0.99,0,14,14,54
27,r_27_70_25,r_124_16_99,seq49,r_27_70_25,1.0,0,25,25,54
93,seq94,r_102_110_40,r_109_47_46,r_102_110_40,1.0,-1,39,40,54
43,r_107_122_42,r_130_46_87,seq10,r_107_122_42,0.98,-1,41,42,54
31,r_139_135_75,seq51,seq12,r_139_135_75,0.74,0,75,75,54
41,r_91_93_90,seq64,r_115_57_23,r_115_57_23,0.45,65,88,23,54
11,r_115_57_23,seq134,seq0,r_115_57_23,1.0,0,23,23,54
38,r_119_7_24,r_4_138_61,r_99_147_21,r_4_138_61,0.83,-37,24,61,54
30,r_82_141_19,seq36,seq137,r_82_141_19,1.0,0,19,19,54
4,r_67_38_73,seq131,r_146_66_71,r_67_38_73,0.94,0,73,73,54
0,r_86_37_89,seq10,r_4_138_61,r_86_37_89,0.74,1,90,89,54
13,r_88_25_70,seq34,seq74,r_88_25_70,1.0,0,70,70,54
15,r_55_21_84,seq28,r_67_38_73,r_55_21_84,0.8,0,84,84,54
3,r_5_33_39,seq26,r_20_90_68,r_5_33_39,0.97,0,39,39,54
26,r_106_73_20,r_140_23_26,seq142,r_106_73_20,0.95,0,20,20,54
16,r_8_123_32,seq144,r_99_147_21,r_8_123_32,1.0,2,34,32,54
34,r_14_78_33,seq24,r_50_111_98,r_14_78_33,1.0,0,33,33,54
61,seq144,r_8_123_32,seq51,r_8_123_32,1.0,3,35,32,54
2,r_62_71_82,seq85,r_118_65_22,r_62_71_82,0.48,0,82,82,54
47,r_98_3_77,r_132_128_91,r_101_43_10,r_98_3_77,0.84,0,77,77,54
29,r_132_128_91,r_98_3_77,seq94,r_98_3_77,0.92,-7,70,77,54
36,r_40_18_31,r_44_48_94,seq15,r_40_18_31,0.99,0,31,31,54
17,r_101_43_10,seq12,seq85,r_101_43_10,1.0,0,10,10,54
58,seq12,seq61,r_139_135_75,r_139_135_75,0.8,3,78,75,54
24,r_56_39_51,seq15,seq10,r_56_39_51,1.0,0,51,51,54
45,r_103_117_38,r_146_66_71,r_20_90_68,r_103_117_38,1.0,0,38,38,54
46,r_81_13_49,r_98_3_77,seq19,r_81_13_49,0.92,0,49,49,54
81,seq61,r_114_52_76,seq12,r_114_52_76,0.98,-6,70,76,54
1,r_118_65_22,r_114_52_76,r_125_87_50,r_118_65_22,0.88,-1,21,22,54
9,r_130_46_87,seq60,r_76_30_3,r_130_46_87,0.8,0,87,87,54
22,r_114_52_76,seq61,r_4_138_61,r_114_52_76,0.79,0,76,76,54
59,seq142,r_149_2_81,r_99_147_21,r_99_147_21,1.0,1,22,21,54
49,r_149_2_81,seq142,r_140_23_26,r_140_23_26,0.53,55,81,26,54
44,r_84_83_67,seq136,r_8_123_32,r_84_83_67,0.97,0,67,67,54
23,r_116_1_80,r_130_46_87,r_40_18_31,r_130_46_87,0.89,-7,80,87,54
63,seq19,seq85,r_81_13_49,r_81_13_49,1.0,6,55,49,54
40,r_126_120_12,r_149_2_81,r_20_90_68,r_126_120_12,0.95,-1,11,12,54
19,r_99_147_21,r_67_38_73,r_106_73_20,r_67_38_73,0.97,-52,21,73,54
84,seq74,r_79_3_62,r_78_132_20,r_78_132_20,0.76,0,20,20,55
23,r_56_64_18,r_34_99_90,r_104_87_16,r_56_64_18,0.72,0,18,18,55
9,r_120_100_83,r_80_127_24,r_20_44_3,r_120_100_83,0.98,0,83,83,55
29,r_77_141_46,r_118_146_91,seq10,r_77_141_46,0.98,0,46,46,55
92,seq101,r_39_84_45,r_137_15_21,r_39_84_45,0.9,3,48,45,55
16,r_79_3_62,seq128,seq81,r_79_3_62,1.0,0,62,62,55
46,r_89_30_81,seq143,r_104_87_16,r_89_30_81,0.84,0,81,81,55
30,r_137_15_21,r_8_71_97,seq19,r_137_15_21,0.82,0,21,21,55
11,r_51_50_22,r_120_100_83,seq12,r_51_50_22,1.0,0,22,22,55
31,r_126_134_27,seq26,r_8_71_97,r_126_134_27,0.58,-2,25,27,55
9,r_120_100_83,r_123_62_38,r_80_127_24,r_120_100_83,0.93,-60,23,83,55
41,r_75_125_86,seq86,r_78_132_20,r_75_125_86,0.77,-1,85,86,55
47,r_133_28_29,r_96_63_36,r_46_41_11,r_133_28_29,1.0,-1,28,29,55
23,r_56_64_18,r_104_87_16,r_96_63_36,r_104_87_16,0.4,44,60,16,55
26,r_98_25_33,r_96_63_36,seq148,r_98_25_33,1.0,2,35,33,55
20,r_72_109_61,seq12,r_78_132_20,r_72_109_61,1.0,0,61,61,55
48,r_9_67_65,seq10,r_68_55_57,r_9_67_65,1.0,0,65,65,55
55,seq136,r_118_146_91,r_90_66_66,r_118_146_91,0.58,-39,52,91,55
18,r_122_35_23,seq136,r_131_138_95,r_122_35_23,1.0,0,23,23,55
99,seq149,seq0,r_13_103_72,r_13_103_72,0.88,14,86,72,55
55,seq136,r_122_35_23,r_118_146_91,r_122_35_23,0.65,3,26,23,55
36,r_118_146_91,r_77_141_46,r_137_15_21,r_77_141_46,1.0,0,46,46,55
40,r_13_103_72,seq1,seq149,r_13_103_72,0.98,1,73,72,55
4,r_78_132_20,r_120_100_83,seq74,r_78_132_20,1.0,-2,18,20,55
24,r_2_60_60,seq10,r_133_28_29,r_2_60_60,1.0,0,60,60,55
7,r_130_105_99,r_68_55_57,r_57_106_19,r_130_105_99,0.86,-71,28,99,55
37,r_96_63_36,r_22_65_5,r_85_47_98,r_22_65_5,0.74,34,39,5,55
27,r_57_106_19,seq10,r_130_105_99,r_57_106_19,1.0,-1,18,19,55
15,r_123_62_38,r_121_76_77,r_126_134_27,r_123_62_38,1.0,0,38,38,55
70,seq36,r_22_65_5,r_130_105_99,r_22_65_5,0.74,56,61,5,55
21,r_68_55_57,r_130_105_99,seq1,r_68_55_57,0.99,0,57,57,55
34,r_90_66_66,seq17,r_123_62_38,r_123_62_38,0.97,29,67,38,55
35,r_135_124_41,r_79_3_62,r_20_44_3,r_135_124_41,1.0,0,41,41,55
62,seq19,r_39_84_45,r_137_15_21,r_39_84_45,0.81,-7,38,45,55
25,r_80_127_24,seq45,r_53_69_12,r_80_127_24,0.8,-1,23,24,55
2,r_54_16_53,seq111,seq12,r_54_16_53,0.67,0,53,53,55
22,r_23_73_28,r_22_65_5,r_130_105_99,r_22_65_5,0.81,68,73,5,55
10,r_107_58_54,seq93,r_115_144_9,r_107_58_54,1.0,1,55,54,55
49,r_121_76_77,seq112,r_20_44_3,r_121_76_77,0.9,0,77,77,55
33,r_142_92_10,seq111,seq128,r_142_92_10,0.97,0,10,10,55
42,r_85_47_98,r_104_87_16,r_96_63_36,r_85_47_98,0.33,-39,59,98,55
6,r_88_14_17,r_34_99_90,seq17,r_88_14_17,0.76,-5,12,17,55
30,r_69_143_88,seq94,r_1_15_59,r_1_15_59,0.95,29,88,59,56
23,r_132_121_18,r_136_113_50,r_106_57_11,r_132_121_18,1.0,0,18,18,56
35,r_25_74_38,r_21_31_34,r_1_15_59,r_1_15_59,0.89,11,70,59,56
8,r_106_57_11,r_101_44_30,r_97_108_35,r_106_57_11,0.94,0,11,11,56
43,r_18_70_84,seq134,r_124_129_75,r_18_70_84,0.75,0,84,84,56
4,r_142_85_53,seq16,r_119_120_23,r_142_85_53,1.0,0,53,53,56
49,r_10_77_31,r_59_76_64,seq72,r_59_76_64,0.51,-33,31,64,56
28,r_20_111_24,r_100_45_95,seq145,r_20_111_24,1.0,0,24,24,56
21,r_82_53_65,r_87_42_93,r_35_137_66,r_82_53_65,0.8,0,65,65,56
39,r_29_95_81,r_73_146_5,seq83,r_73_146_5,0.73,79,84,5,56
5,r_59_76_64,seq135,seq123,r_59_76_64,1.0,0,64,64,56
46,r_102_38_87,seq134,r_29_95_81,r_102_38_87,0.85,0,87,87,56
42,r_51_149_71,seq127,r_118_109_6,r_51_149_71,0.95,0,71,71,56
69,seq135,r_59_76_64,seq13,r_59_76_64,0.99,0,64,64,56
45,r_115_147_70,seq134,r_86_141_68,r_115_147_70,0.9,0,70,70,56
32,r_140_49_33,seq83,seq93,r_140_49_33,1.0,0,33,33,56
35,r_25_74_38,seq72,r_21_31_34,r_25_74_38,1.0,0,38,38,56
19,r_24_17_77,seq26,r_106_57_11,r_24_17_77,0.9,0,77,77,56
62,seq22,r_1_15_59,r_101_44_30,r_1_15_59,1.0,-6,53,59,56
31,r_9_58_78,seq54,seq144,r_9_58_78,0.98,1,79,78,56
85,seq81,seq8,r_118_109_6,r_118_109_6,0.6,51,57,6,56
44,r_36_80_55,seq8,seq54,r_36_80_55,0.96,2,57,55,56
11,r_97_108_35,r_3_92_94,r_78_11_29,r_97_108_35,1.0,-1,34,35,56
90,seq94,r_124_129_75,r_30_90_58,r_30_90_58,0.99,26,84,58,56
33,r_78_11_29,r_122_2_98,r_97_108_35,r_122_2_98,0.63,-13,85,98,56
26,r_6_67_61,seq72,seq134,r_6_67_61,0.96,1,62,61,56
73,seq54,r_9_58_78,r_98_65_40,r_9_58_78,0.99,1,79,78,56
97,seq123,r_136_113_50,seq148,r_136_113_50,1.0,0,50,50,56
97,seq123,seq148,r_59_76_64,r_59_76_64,0.92,5,69,64,56
6,r_30_90_58,seq16,seq94,r_30_90_58,0.99,1,59,58,56
27,r_103_4_74,seq41,seq134,r_103_4_74,0.96,0,74,74,56
63,seq23,seq52,r_47_110_7,r_47_110_7,0.58,17,24,7,56
16,r_105_130_16,r_136_113_50,seq52,r_105_130_16,1.0,1,17,16,56
10,r_122_2_98,r_75_107_96,r_78_11_29,r_78_11_29,1.0,0,29,29,56
47,r_39_139_85,seq0,r_101_44_30,r_39_139_85,0.88,0,85,85,56
12,r_37_91_13,r_21_31_34,r_75_107_96,r_37_91_13,0.97,0,13,13,56
29,r_86_141_68,r_24_17_77,seq13,r_86_141_68,1.0,0,68,68,56
36,r_21_31_34,seq54,r_35_137_66,r_21_31_34,1.0,0,34,34,56
24,r_131_34_83,seq64,r_142_85_53,r_142_85_53,0.6,30,83,53,56
8,r_106_57_11,r_97_108_35,r_132_121_18,r_97_108_35,0.95,0,35,35,56
25,r_79_138_44,seq8,r_101_44_30,r_79_138_44,0.69,0,44,44,56
13,r_136_113_50,seq123,seq135,r_136_113_50,1.0,0,50,50,56
64,seq26,r_24_17_77,r_98_65_40,r_24_17_77,0.63,0,77,77,56
3,r_1_15_59,seq22,r_25_74_38,r_1_15_59,0.94,0,59,59,56
68,seq41,r_103_4_74,seq94,r_103_4_74,0.99,0,74,74,56
48,r_119_120_23,seq72,r_142_85_53,r_142_85_53,1.0,0,53,53,56
48,r_119_120_23,r_39_139_85,seq72,r_39_139_85,0.5,-62,23,85,56
36,r_21_31_34,r_35_137_66,r_25_74_38,r_35_137_66,0.64,-9,57,66,56
81,seq66,r_112_40_67,seq7,r_112_40_67,0.98,1,68,67,56
18,r_75_107_96,r_1_15_59,r_37_91_13,r_37_91_13,0.8,0,13,13,56
13,r_136_113_50,seq135,r_124_129_75,r_124_129_75,0.59,-4,71,75,56
84,seq72,r_6_67_61,r_10_77_31,r_6_67_61,1.0,-4,57,61,56
22,r_84_48_76,seq144,r_106_57_11,r_84_48_76,0.91,0,76,76,56
40,r_43_96_49,r_51_149_71,r_101_44_30,r_51_149_71,1.0,-19,52,71,56
7,r_124_129_75,seq94,r_136_113_50,r_136_113_50,0.98,34,84,50,56
33,r_78_11_29,r_18_70_84,r_122_2_98,r_78_11_29,0.99,0,29,29,56
93,seq100,r_44_130_76,r_109_134_29,r_44_130_76,0.96,0,76,76,57
18,r_11_72_15,r_63_60_34,seq0,r_11_72_15,0.99,0,15,15,57
54,seq135,seq45,r_58_12_79,r_58_12_79,0.73,3,82,79,57
39,r_74_57_62,r_46_49_95,seq30,r_74_57_62,1.0,0,62,62,57
97,seq116,r_76_9_58,r_89_8_19,r_76_9_58,0.87,12,70,58,57
46,r_104_108_65,r_127_83_88,r_27_92_27,r_104_108_65,0.94,0,65,65,57
42,r_1_126_85,seq62,r_55_54_81,r_1_126_85,0.77,0,85,85,57
19,r_68_80_67,seq73,r_87_91_45,r_68_80_67,0.96,0,67,67,57
2,r_20_120_21,r_44_130_76,seq124,r_20_120_21,0.87,0,21,21,57
53,seq133,r_125_107_73,r_131_32_14,r_125_107_73,0.99,-30,43,73,57
13,r_103_35_54,r_66_123_8,seq138,r_103_35_54,0.99,0,54,54,57
41,r_69_40_78,seq142,r_148_3_92,r_69_40_78,0.99,0,78,78,57
30,r_102_106_20,r_15_112_87,r_56_97_74,r_102_106_20,0.96,0,20,20,57
26,r_125_107_73,seq143,seq0,r_125_107_73,1.0,1,74,73,57
4,r_145_147_75,seq51,r_131_32_14,r_145_147_75,0.95,0,75,75,57
17,r_99_96_41,r_1_126_85,seq132,r_99_96_41,1.0,0,41,41,57
10,r_117_113_28,r_34_48_12,r_102_106_20,r_34_48_12,0.91,16,28,12,57
48,r_84_128_63,r_58_12_79,seq67,r_84_128_63,0.99,0,63,63,57
15,r_78_41_37,r_68_80_67,seq62,r_68_80_67,0.79,-30,37,67,57
66,seq23,r_55_54_81,r_87_91_45,r_87_91_45,0.45,-9,36,45,57
6,r_15_112_87,seq70,r_33_141_57,r_33_141_57,0.84,30,87,57,57
89,seq88,r_33_141_57,seq62,r_33_141_57,1.0,-9,48,57,57
27,r_86_82_46,seq30,seq45,r_86_82_46,1.0,0,46,46,57
12,r_7_79_26,r_127_83_88,seq95,r_7_79_26,0.98,0,26,26,57
9,r_50_2_44,r_84_128_63,seq28,r_84_128_63,0.99,-17,46,63,57
3,r_139_115_50,seq67,seq62,r_139_115_50,1.0,0,50,50,57
29,r_122_118_10,r_7_79_26,r_4_37_91,r_122_118_10,0.93,0,10,10,57
87,seq81,r_58_12_79,r_148_3_92,r_58_12_79,1.0,-1,78,79,57
40,r_127_83_88,seq142,r_50_2_44,r_127_83_88,0.63,0,88,88,57
74,seq45,seq135,r_86_82_46,r_86_82_46,0.96,15,61,46,57
28,r_33_141_57,seq124,seq22,r_33_141_57,1.0,0,57,57,57
31,r_53_90_49,seq30,seq59,r_53_90_49,0.99,0,49,49,57
30,r_102_106_20,r_56_97_74,r_117_113_28,r_102_106_20,0.74,29,49,20,57
38,r_44_130_76,seq100,r_89_8_19,r_44_130_76,0.96,0,76,76,57
77,seq59,r_110_39_89,r_50_2_44,r_110_39_89,0.73,-1,88,89,57
36,r_121_146_18,r_55_54_81,seq73,r_121_146_18,0.99,3,21,18,57
16,r_10_26_53,seq137,seq70,r_10_26_53,0.99,0,53,53,57
7,r_27_92_27,r_99_96_41,seq95,r_27_92_27,1.0,0,27,27,57
8,r_131_32_14,r_11_72_15,seq133,r_11_72_15,0.71,-3,12,15,57
43,r_87_91_45,r_14_24_3,seq23,r_87_91_45,0.72,10,55,45,57
83,seq71,r_46_49_95,r_64_13_43,r_64_13_43,0.95,15,58,43,57
29,r_122_118_10,r_4_37_91,r_78_41_37,r_122_118_10,0.45,59,69,10,57
30,r_123_57_76,seq127,seq133,r_123_57_76,0.66,1,77,76,58
36,r_38_116_70,r_149_53_2,seq77,r_38_116_70,1.0,0,70,70,58
15,r_54_31_34,seq42,r_11_0_8,r_54_31_34,1.0,0,34,34,58
43,r_9_63_16,r_147_50_94,seq41,r_9_63_16,0.49,-2,14,16,58
1,r_82_108_36,r_120_49_93,r_1_93_60,r_82_108_36,0.86,-18,18,36,58
76,seq73,seq77,r_4_66_46,r_4_66_46,0.88,7,53,46,58
32,r_62_15_30,r_1_93_60,seq146,r_62_15_30,0.96,5,35,30,58
48,r_118_101_14,r_88_56_56,seq92,r_118_101_14,0.92,0,14,14,58
37,r_138_142_29,r_109_128_65,r_27_48_3,r_138_142_29,1.0,0,29,29,58
10,r_8_16_75,r_106_129_99,r_130_132_41,r_8_16_75,0.42,1,76,75,58
47,r_4_66_46,r_8_16_75,seq73,r_4_66_46,1.0,1,47,46,58
20,r_68_107_49,r_25_22_66,seq90,r_68_107_49,1.0,0,49,49,58
0,r_125_24_23,seq98,r_105_85_79,r_125_24_23,0.96,0,23,23,58
7,r_88_56_56,seq94,seq146,r_88_56_56,1.0,1,57,56,58
28,r_29_140_44,r_45_55_98,seq2,r_29_140_44,0.64,3,47,44,58
4,r_58_74_61,seq43,seq102,r_58_74_61,1.0,0,61,61,58
78,seq77,seq73,r_38_116_70,r_38_116_70,0.99,11,81,70,58
11,r_137_141_47,r_30_110_53,r_84_67_62,r_84_67_62,0.95,10,72,62,58
17,r_130_132_41,seq136,seq90,r_130_132_41,0.94,0,41,41,58
13,r_109_128_65,seq73,r_1_93_60,r_109_128_65,0.86,1,66,65,58
6,r_37_148_85,seq131,r_9_63_16,r_37_148_85,0.56,0,85,85,58
49,r_45_55_98,r_29_140_44,r_137_141_47,r_45_55_98,0.82,-51,47,98,58
35,r_21_5_31,r_68_107_49,r_11_0_8,r_21_5_31,0.78,3,34,31,58
5,r_46_124_51,seq73,seq94,r_46_124_51,0.95,2,53,51,58
2,r_89_40_82,r_144_112_86,seq17,r_89_40_82,0.64,0,82,82,58
67,seq43,r_58_74_61,r_26_104_6,r_58_74_61,0.88,-32,29,61,58
45,r_64_87_39,seq32,r_62_15_30,r_64_87_39,1.0,0,39,39,58
25,r_145_14_74,r_105_85_79,r_71_78_35,r_145_14_74,0.88,0,74,74,58
33,r_44_115_88,r_97_18_92,r_82_108_36,r_44_115_88,0.8,0,88,88,58
61,seq32,r_64_87_39,seq111,r_64_87_39,1.0,0,39,39,58
38,r_35_7_73,r_123_57_76,r_125_24_23,r_35_7_73,0.95,1,74,73,58
52,seq133,r_84_67_62,seq20,r_84_67_62,1.0,0,62,62,58
34,r_144_112_86,seq36,r_145_14_74,r_144_112_86,0.7,0,86,86,58
46,r_30_110_53,r_38_116_70,seq69,r_30_110_53,0.68,2,55,53,58
9,r_75_3_83,r_1_93_60,r_88_56_56,r_88_56_56,0.63,32,88,56,58
22,r_135_81_64,seq113,seq95,r_135_81_64,0.94,0,64,64,58
29,r_71_78_35,r_89_40_82,seq70,r_71_78_35,0.84,-11,24,35,58
88,seq98,r_125_24_23,seq28,r_125_24_23,0.97,-6,17,23,58
41,r_23_33_17,r_143_13_96,r_80_10_5,r_23_33_17,0.88,-1,16,17,58
44,r_84_67_62,seq133,r_137_141_47,r_84_67_62,0.96,0,62,62,58
27,r_12_72_20,r_82_108_36,seq65,r_12_72_20,0.96,-6,14,20,58
30,r_60_8_73,r_39_41_93,seq114,r_60_8_73,0.97,0,73,73,59
37,r_23_106_67,r_143_54_95,seq138,r_23_106_67,0.98,1,68,67,59
81,seq69,r_91_77_64,r_135_72_24,r_135_72_24,0.49,-7,17,24,59
21,r_18_82_65,r_126_130_80,seq34,r_18_82_65,0.9,1,66,65,59
46,r_10_7_76,seq57,r_145_14_22,r_10_7_76,0.81,0,76,76,59
33,r_21_4_32,r_23_106_67,r_28_26_27,r_21_4_32,0.91,0,32,32,59
25,r_9_137_37,r_143_54_95,r_50_134_14,r_9_137_37,1.0,0,37,37,59
27,r_99_139_29,r_39_41_93,r_66_24_3,r_99_139_29,0.45,-2,27,29,59
1,r_29_149_35,seq78,r_128_125_5,r_29_149_35,1.0,0,35,35,59
61,seq17,r_52_32_46,seq62,r_52_32_46,0.6,-1,45,46,59
9,r_70_46_60,r_40_133_6,seq131,r_70_46_60,0.96,-2,58,60,59
26,r_38_84_19,seq45,seq129,r_38_84_19,0.91,-2,17,19,59
8,r_116_110_25,r_22_112_59,seq118,r_116_110_25,0.91,-2,23,25,59
32,r_102_64_42,seq49,r_140_51_48,r_102_64_42,0.88,-2,40,42,59
4,r_71_74_96,r_33_56_78,seq94,r_33_56_78,0.72,5,83,78,59
76,seq58,r_96_146_68,r_116_110_25,r_116_110_25,0.77,0,25,25,59
95,seq118,r_13_117_90,r_116_110_25,r_116_110_25,1.0,-2,23,25,59
6,r_96_146_68,seq58,seq124,r_96_146_68,1.0,0,68,68,59
22,r_61_119_75,r_80_31_26,seq59,r_80_31_26,0.69,-15,11,26,59
35,r_52_32_46,seq17,r_30_132_1,r_52_32_46,0.74,2,48,46,59
23,r_140_51_48,r_22_112_59,r_102_64_42,r_22_112_59,0.96,-13,46,59,59
49,r_39_41_93,seq127,r_80_31_26,r_80_31_26,1.0,-1,25,26,59
31,r_3_109_55,r_80_31_26,r_145_14_22,r_3_109_55,0.6,-32,23,55,59
22,r_61_119_75,seq59,r_104_144_54,r_61_119_75,0.98,0,75,75,59
2,r_147_35_87,seq5,r_102_64_42,r_147_35_87,0.36,-2,85,87,59
45,r_88_123_17,r_93_108_11,r_38_84_19,r_93_108_11,0.67,6,17,11,59
18,r_13_117_90,seq58,r_70_46_60,r_13_117_90,0.58,0,90,90,59
38,r_63_122_10,r_91_77_64,seq15,r_63_122_10,1.0,0,10,10,59
31,r_3_109_55,r_145_14_22,seq98,r_3_109_55,0.9,0,55,55,59
11,r_22_112_59,seq59,seq15,r_22_112_59,1.0,0,59,59,59
44,r_28_26_27,r_33_56_78,r_21_4_32,r_21_4_32,0.74,-2,30,32,59
77,seq59,r_22_112_59,r_43_67_62,r_22_112_59,1.0,0,59,59,59
47,r_86_12_56,r_43_67_62,seq49,r_86_12_56,0.94,-11,45,56,59
12,r_83_75_43,seq6,seq11,r_83_75_43,1.0,1,44,43,59
34,r_95_90_79,seq65,r_36_20_51,r_95_90_79,0.55,0,79,79,59
40,r_143_54_95,r_9_137_37,r_88_123_17,r_143_54_95,0.94,-72,23,95,59
19,r_135_72_24,r_116_110_25,seq69,r_135_72_24,0.89,-7,17,24,59
10,r_128_125_5,r_99_139_29,r_29_149_35,r_29_149_35,1.0,0,35,35,59
7,r_145_14_22,r_96_146_68,r_3_109_55,r_145_14_22,0.99,-1,21,22,59
17,r_91_77_64,seq69,seq17,r_91_77_64,0.83,-1,63,64,59
94,seq114,r_95_90_79,r_60_8_73,r_60_8_73,0.83,4,77,73,59
7,r_145_14_22,r_3_109_55,r_10_7_76,r_145_14_22,0.63,54,76,22,59
0,r_111_76_31,r_16_103_92,r_115_89_81,r_16_103_92,0.92,-14,78,92,59
41,r_36_20_51,seq138,seq141,r_36_20_51,0.99,0,51,51,59
0,r_111_76_31,r_23_106_67,r_16_103_92,r_111_76_31,0.99,0,31,31,59
28,r_33_56_78,r_71_74_96,seq78,r_71_74_96,0.72,-13,83,96,59
3,r_80_31_26,r_61_119_75,r_104_144_54,r_80_31_26,0.49,-1,25,26,59
16,r_43_67_62,r_86_12_56,seq59,r_86_12_56,0.71,-4,52,56,59
83,seq78,r_29_149_35,seq98,r_29_149_35,1.0,0,35,35,59
95,seq114,r_123_146_40,seq26,r_123_146_40,0.95,1,41,40,60
23,r_33_49_27,seq55,seq40,r_33_49_27,0.86,1,28,27,60
16,r_105_137_66,r_135_59_62,seq24,r_135_59_62,1.0,-7,55,62,60
46,r_43_65_22,seq57,seq22,r_43_65_22,0.98,0,22,22,60
36,r_62_93_30,seq22,r_123_146_40,r_62_93_30,0.95,9,39,30,60
59,seq147,r_131_111_79,r_4_82_70,r_4_82_70,0.69,0,70,70,60
1,r_39_118_80,seq128,r_131_111_79,r_39_118_80,0.44,0,80,80,60
14,r_3_41_43,r_105_137_66,r_71_64_2,r_3_41_43,0.96,0,43,43,60
42,r_7_78_86,seq40,r_85_11_81,r_7_78_86,0.74,0,86,86,60
78,seq67,seq37,r_98_99_37,r_98_99_37,0.65,7,44,37,60
61,seq24,r_12_73_59,r_105_137_66,r_12_73_59,0.98,-4,55,59,60
39,r_98_99_37,seq30,seq67,r_98_99_37,0.98,0,37,37,60
15,r_12_73_59,seq24,r_72_107_56,r_12_73_59,0.84,0,59,59,60
47,r_31_35_28,r_10_54_82,seq37,r_31_35_28,1.0,0,28,28,60
4,r_123_146_40,seq114,r_62_93_30,r_123_146_40,0.96,1,41,40,60
11,r_139_63_25,seq77,r_83_45_23,r_139_63_25,0.75,1,26,25,60
29,r_80_133_34,r_12_73_59,r_20_130_16,r_80_133_34,1.0,0,34,34,60
20,r_97_119_78,seq66,r_139_63_25,r_97_119_78,0.97,0,78,78,60
13,r_4_82_70,r_129_87_60,seq147,r_4_82_70,0.67,-4,66,70,60
48,r_29_5_65,seq60,r_105_137_66,r_29_5_65,0.96,-1,64,65,60
2,r_16_104_38,r_85_11_81,r_138_28_39,r_16_104_38,0.65,2,40,38,60
98,seq121,seq30,r_108_27_19,r_108_27_19,0.97,17,36,19,60
94,seq112,r_138_28_39,seq55,r_138_28_39,0.97,-6,33,39,60
25,r_124_25_20,r_105_137_66,seq38,r_124_25_20,0.96,0,20,20,60
33,r_36_32_46,r_85_11_81,seq68,r_36_32_46,0.58,0,46,46,60
27,r_135_59_62,r_105_137_66,seq37,r_135_59_62,1.0,0,62,62,60
49,r_138_28_39,seq112,seq46,r_138_28_39,1.0,0,39,39,60
38,r_44_109_44,r_4_82_70,r_89_122_97,r_44_109_44,1.0,0,44,44,60
40,r_117_149_68,r_7_78_86,r_74_142_57,r_7_78_86,1.0,-19,67,86,60
18,r_85_11_81,r_126_148_11,r_132_113_17,r_126_148_11,0.84,71,82,11,60
70,seq48,r_84_125_72,r_23_116_12,r_84_125_72,0.95,5,77,72,60
44,r_110_19_9,r_58_52_48,seq17,r_110_19_9,0.76,7,16,9,60
21,r_134_145_67,seq70,r_29_5_65,r_134_145_67,0.59,-11,56,67,60
22,r_58_52_48,seq22,r_105_137_66,r_58_52_48,1.0,0,48,48,60
24,r_83_45_23,seq112,r_139_63_25,r_83_45_23,0.99,0,23,23,60
26,r_74_142_57,r_117_149_68,r_10_54_82,r_10_54_82,0.99,-25,57,82,60
17,r_76_53_63,seq128,r_138_28_39,r_138_28_39,0.64,24,63,39,60
10,r_72_107_56,seq136,r_13_14_54,r_72_107_56,1.0,-1,55,56,60
5,r_108_27_19,r_39_118_80,seq121,r_108_27_19,1.0,0,19,19,60
7,r_84_125_72,seq48,r_129_87_60,r_84_125_72,1.0,0,72,72,60
69,seq46,r_4_82_70,r_138_28_39,r_138_28_39,0.99,0,39,39,60
40,r_36_37_7,r_54_64_89,r_108_137_26,r_36_37_7,0.66,83,90,7,61
18,r_86_34_58,seq83,r_108_137_26,r_86_34_58,0.99,1,59,58,61
36,r_88_76_64,r_41_24_60,r_14_74_48,r_88_76_64,0.98,-4,60,64,61
70,seq45,r_98_49_56,seq143,r_98_49_56,1.0,0,56,56,61
14,r_112_31_70,seq4,seq97,r_112_31_70,0.94,0,70,70,61
8,r_41_24_60,seq17,seq13,r_41_24_60,0.98,0,60,60,61
45,r_61_142_71,r_54_64_89,seq89,r_61_142_71,0.65,-4,67,71,61
19,r_44_82_63,seq39,r_91_141_37,r_44_82_63,0.96,0,63,63,61
10,r_46_16_46,r_72_15_80,r_88_76_64,r_46_16_46,0.99,0,46,46,61
34,r_149_92_28,r_65_119_94,seq4,r_149_92_28,0.96,-2,26,28,61
31,r_35_135_88,r_126_5_82,r_14_74_48,r_14_74_48,0.5,41,89,48,61
30,r_102_38_34,r_98_49_56,seq19,r_102_38_34,0.73,0,34,34,61
3,r_144_10_77,seq48,r_41_24_60,r_144_10_77,0.9,3,80,77,61
73,seq52,r_66_21_93,seq131,r_66_21_93,0.81,-14,79,93,61
17,r_60_67_41,r_144_10_77,seq121,r_60_67_41,0.64,0,41,41,61
13,r_91_141_37,r_73_130_92,seq109,r_91_141_37,1.0,0,37,37,61
41,r_68_26_20,r_90_50_87,seq134,r_68_26_20,1.0,0,20,20,61
15,r_98_49_56,seq45,seq118,r_98_49_56,1.0,0,56,56,61
33,r_114_106_21,r_72_15_80,seq52,r_114_106_21,0.82,0,21,21,61
39,r_94_22_52,seq13,r_88_76_64,r_94_22_52,1.0,1,53,52,61
27,r_128_99_85,seq89,seq143,r_128_99_85,0.59,1,86,85,61
23,r_129_125_84,seq63,r_108_137_26,r_108_137_26,0.96,20,46,26,61
2,r_72_15_80,seq134,r_108_137_26,r_72_15_80,0.8,0,80,80,61
4,r_30_23_31,seq81,seq6,r_30_23_31,0.99,0,31,31,61
29,r_140_12_53,seq39,r_1_58_1,r_140_12_53,1.0,2,55,53,61
38,r_54_64_89,r_61_142_71,r_149_92_28,r_54_64_89,0.55,1,90,89,61
6,r_110_9_15,r_122_146_97,seq81,r_110_9_15,0.97,0,15,15,61
9,r_93_120_74,r_72_15_80,r_65_119_94,r_93_120_74,0.65,0,74,74,61
96,seq118,seq147,r_98_49_56,r_98_49_56,1.0,9,65,56,61
95,seq117,seq63,r_108_137_26,r_108_137_26,0.98,20,46,26,61
22,r_42_136_68,seq101,r_1_58_1,r_42_136_68,0.96,0,68,68,61
28,r_126_5_82,r_35_135_88,r_102_38_34,r_126_5_82,0.81,3,85,82,61
24,r_25_127_32,r_43_103_49,seq48,r_25_127_32,1.0,0,32,32,61
49,r_65_119_94,r_18_3_83,r_93_120_74,r_65_119_94,0.75,-12,82,94,61
0,r_14_74_48,r_126_5_82,r_46_16_46,r_14_74_48,0.99,0,48,48,61
7,r_28_84_67,seq6,seq63,r_28_84_67,1.0,0,67,67,61
43,r_43_103_49,r_72_15_80,r_110_9_15,r_43_103_49,0.99,2,51,49,61
5,r_33_100_24,seq121,seq138,r_33_100_24,0.96,0,24,24,61
35,r_18_3_83,r_65_119_94,r_112_31_70,r_65_119_94,0.5,-11,83,94,61
1,r_108_137_26,r_41_24_60,r_36_37_7,r_108_137_26,0.66,0,26,26,61
12,r_47_105_57,seq46,r_61_25_6,r_47_105_57,1.0,0,57,57,62
8,r_120_89_89,seq7,seq77,r_120_89_89,0.73,0,89,89,62
43,r_109_123_87,seq17,r_52_114_85,r_109_123_87,0.45,0,87,87,62
37,r_110_116_35,r_40_65_42,seq28,r_110_116_35,0.99,0,35,35,62
28,r_76_68_68,r_63_33_36,r_110_116_35,r_76_68_68,0.48,0,68,68,62
18,r_64_66_56,r_52_114_85,r_124_70_61,r_64_66_56,0.51,0,56,56,62
1,r_67_94_64,r_136_140_69,r_56_147_8,r_56_147_8,0.95,56,64,8,62
97,seq112,r_44_122_84,seq98,r_44_122_84,0.96,-16,68,84,62
28,r_76_68_68,r_99_75_26,r_63_33_36,r_63_33_36,0.98,0,36,36,62
5,r_142_117_82,seq16,r_9_34_73,r_142_117_82,0.97,0,82,82,62
22,r_137_78_15,r_67_94_64,seq55,r_137_78_15,0.96,0,15,15,62
41,r_23_26_74,r_5_102_93,seq53,r_23_26_74,0.97,0,74,74,62
47,r_37_83_28,seq7,seq1,r_37_83_28,1.0,0,28,28,62
10,r_44_122_84,seq112,r_130_126_41,r_44_122_84,0.89,0,84,84,62
80,seq71,r_62_87_33,r_41_145_11,r_62_87_33,0.91,-14,19,33,62
25,r_97_79_38,r_9_34_73,r_12_0_31,r_97_79_38,0.65,1,39,38,62
26,r_81_24_67,seq77,r_63_33_36,r_81_24_67,0.58,0,67,67,62
0,r_130_126_41,r_109_123_87,seq60,r_130_126_41,1.0,0,41,41,62
11,r_9_34_73,seq18,seq98,r_9_34_73,0.95,-1,72,73,62
55,seq6,r_9_34_73,r_4_21_19,r_4_21_19,0.73,0,19,19,62
39,r_139_119_50,seq148,seq18,r_139_119_50,1.0,-1,49,50,62
13,r_136_140_69,r_5_102_93,r_20_31_1,r_136_140_69,0.92,0,69,69,62
6,r_99_75_26,r_76_68_68,seq6,r_99_75_26,0.8,0,26,26,62
76,seq55,r_106_144_90,r_137_78_15,r_137_78_15,0.88,0,15,15,62
35,r_100_59_39,r_38_8_43,seq13,r_100_59_39,1.0,0,39,39,62
49,r_30_3_51,seq103,r_110_116_35,r_30_3_51,0.91,0,51,51,62
15,r_129_113_40,r_56_147_8,r_137_78_15,r_137_78_15,0.9,41,56,15,62
34,r_62_87_33,seq71,seq39,r_62_87_33,1.0,1,34,33,62
29,r_4_21_19,r_81_24_67,seq6,r_4_21_19,1.0,0,19,19,62
20,r_57_88_46,seq28,seq15,r_57_88_46,1.0,0,46,46,62
38,r_38_8_43,seq6,seq84,r_38_8_43,1.0,0,43,43,62
33,r_48_74_78,seq2,seq132,r_48_74_78,0.55,0,78,78,62
21,r_45_111_16,r_32_104_45,seq60,r_45_111_16,0.92,0,16,16,62
3,r_146_118_47,r_52_114_85,r_130_126_41,r_52_114_85,0.88,-38,47,85,62
46,r_149_92_53,r_56_147_8,r_41_145_11,r_149_92_53,1.0,0,53,53,62
23,r_11_14_21,seq19,seq7,r_11_14_21,0.61,4,25,21,62
40,r_35_58_13,r_30_3_51,seq19,r_30_3_51,0.61,-37,14,51,62
2,r_63_33_36,r_76_68_68,r_81_24_67,r_63_33_36,0.61,32,68,36,62
17,r_32_104_45,r_143_135_96,r_95_29_62,r_95_29_62,0.95,0,62,62,62
9,r_95_29_62,seq72,r_32_104_45,r_95_29_62,1.0,-1,61,62,62
51,seq1,seq101,r_37_83_28,r_37_83_28,1.0,7,35,28,62
31,r_41_145_11,r_143_135_96,seq71,r_41_145_11,0.92,0,11,11,62
27,r_40_65_42,seq72,seq46,r_40_65_42,0.92,0,42,42,62
56,seq7,r_120_89_89,r_11_14_21,r_120_89_89,0.77,-16,73,89,62
7,r_106_144_90,r_61_25_6,r_35_58_13,r_106_144_90,0.61,0,90,90,62
36,r_82_125_59,seq19,seq101,r_82_125_59,0.99,0,59,59,62
2,r_63_33_36,r_139_119_50,r_76_68_68,r_63_33_36,0.8,0,36,36,62
42,r_115_130_89,r_140_61_56,r_74_116_71,r_115_130_89,0.88,0,89,89,63
32,r_124_4_48,r_96_12_22,seq135,r_124_4_48,0.84,0,48,48,63
1,r_80_87_42,seq16,seq2,r_80_87_42,0.94,0,42,42,63
35,r_31_33_15,r_76_110_20,r_71_90_80,r_76_110_20,0.99,0,20,20,63
83,seq141,r_93_40_64,r_77_66_73,r_93_40_64,0.65,-3,61,64,63
37,r_5_24_68,seq2,r_124_4_48,r_5_24_68,0.73,2,70,68,63
21,r_114_18_69,r_125_28_82,seq62,r_114_18_69,0.84,0,69,69,63
5,r_125_28_82,seq129,r_41_95_26,r_125_28_82,0.86,0,82,82,63
42,r_115_130_89,r_19_131_57,r_140_61_56,r_115_130_89,0.79,-28,61,89,63
44,r_103_128_13,r_42_48_49,r_57_59_55,r_57_59_55,1.0,3,58,55,63
10,r_94_104_43,seq17,r_145_26_4,r_94_104_43,0.74,0,43,43,63
44,r_103_128_13,r_126_7_86,r_42_48_49,r_103_128_13,0.76,2,15,13,63
29,r_0_91_50,r_49_142_75,seq32,r_0_91_50,0.92,4,54,50,63
75,seq56,r_106_21_74,r_6_39_34,r_6_39_34,0.92,18,52,34,63
12,r_42_48_49,r_46_43_27,r_103_128_13,r_46_43_27,0.65,0,27,27,63
23,r_41_95_26,seq135,seq84,r_41_95_26,0.54,0,26,26,63
12,r_42_48_49,r_103_128_13,seq133,r_42_48_49,0.77,1,50,49,63
78,seq62,seq135,r_114_18_69,r_114_18_69,0.97,0,69,69,63
11,r_93_40_64,seq102,seq120,r_93_40_64,0.59,0,64,64,63
7,r_20_30_52,r_75_137_47,seq102,r_20_30_52,0.96,0,52,52,63
13,r_123_10_70,r_79_98_36,r_67_11_60,r_123_10_70,0.91,4,74,70,63
98,seq120,r_86_25_62,r_93_40_64,r_86_25_62,0.55,2,64,62,63
34,r_57_59_55,r_74_116_71,r_103_128_13,r_57_59_55,1.0,0,55,55,63
0,r_6_39_34,r_53_144_31,seq85,r_6_39_34,1.0,0,34,34,63
2,r_74_116_71,seq72,r_41_95_26,r_74_116_71,0.83,0,71,71,63
27,r_86_25_62,r_77_66_73,seq92,r_86_25_62,0.56,2,64,62,63
39,r_140_61_56,seq44,seq58,r_140_61_56,0.9,0,56,56,63
40,r_9_139_65,seq143,r_34_101_98,r_9_139_65,0.61,9,74,65,63
18,r_67_11_60,seq52,r_123_10_70,r_67_11_60,0.48,1,61,60,63
71,seq44,r_106_21_74,r_103_128_13,r_106_21_74,0.65,-22,52,74,63
25,r_19_131_57,r_115_130_89,seq68,r_19_131_57,0.65,4,61,57,63
33,r_23_147_87,seq85,seq69,r_23_147_87,0.62,1,88,87,63
15,r_46_43_27,r_42_48_49,seq100,r_46_43_27,0.69,0,27,27,63
32,r_124_4_48,r_123_10_70,r_96_12_22,r_124_4_48,0.64,-29,19,48,63
17,r_106_21_74,seq134,r_119_36_2,r_106_21_74,0.58,1,75,74,63
45,r_55_54_33,r_88_63_91,r_105_64_99,r_88_63_91,0.58,-58,33,91,63
38,r_96_12_22,r_124_4_48,r_71_90_80,r_96_12_22,0.52,36,58,22,63
24,r_105_64_99,r_6_39_34,r_55_54_33,r_105_64_99,0.74,-67,32,99,63
49,r_126_7_86,seq143,r_6_39_34,r_6_39_34,0.92,53,87,34,63
2,r_74_116_71,r_57_59_55,seq72,r_57_59_55,1.0,0,55,55,63
26,r_53_144_31,r_6_39_34,seq136,r_6_39_34,0.72,-2,32,34,63
22,r_76_110_20,r_31_33_15,seq129,r_76_110_20,1.0,0,20,20,63
14,r_75_137_47,r_71_90_80,r_123_10_70,r_75_137_47,0.92,5,52,47,63
21,r_92_119_18,r_36_53_67,seq79,r_92_119_18,0.91,-1,17,18,64
19,r_51_64_16,r_105_138_49,r_130_96_12,r_51_64_16,1.0,0,16,16,64
3,r_52_84_8,r_137_123_89,r_97_109_29,r_137_123_89,0.69,0,89,89,64
26,r_143_74_47,r_85_31_93,seq16,r_143_74_47,1.0,0,47,47,64
16,r_30_38_80,seq0,r_146_11_44,r_30_38_80,0.8,1,81,80,64
31,r_4_126_62,r_85_31_93,r_130_96_12,r_4_126_62,1.0,0,62,62,64
11,r_141_72_22,r_93_76_23,r_45_142_3,r_141_72_22,1.0,1,23,22,64
37,r_85_31_93,r_143_74_47,r_52_84_8,r_143_74_47,0.85,1,48,47,64
8,r_93_76_23,r_148_40_99,seq25,r_93_76_23,1.0,0,23,23,64
6,r_134_147_57,r_7_27_81,seq1,r_134_147_57,1.0,1,58,57,64
27,r_105_138_49,r_100_21_84,r_107_124_1,r_105_138_49,0.89,3,52,49,64
4,r_19_63_77,seq133,seq22,r_19_63_77,0.98,0,77,77,64
63,seq25,r_136_14_64,r_93_76_23,r_136_14_64,0.67,1,65,64,64
20,r_136_14_64,seq25,r_118_80_90,r_136_14_64,1.0,1,65,64,64
13,r_56_89_72,r_23_135_73,r_35_98_11,r_35_98_11,0.94,66,77,11,64
62,seq22,r_20_18_60,seq65,r_20_18_60,1.0,0,60,60,64
14,r_35_98_11,r_30_38_80,seq69,r_35_98_11,0.97,0,11,11,64
5,r_99_9_50,seq121,r_45_142_3,r_99_9_50,1.0,0,50,50,64
1,r_7_27_81,r_134_147_57,seq41,r_134_147_57,1.0,-4,53,57,64
34,r_108_144_53,seq68,seq132,r_108_144_53,1.0,0,53,53,64
15,r_131_90_33,r_134_147_57,seq104,r_131_90_33,1.0,0,33,33,64
28,r_70_103_41,r_137_123_89,r_92_119_18,r_70_103_41,0.99,0,41,41,64
18,r_34_26_78,seq68,seq91,r_34_26_78,0.43,1,79,78,64
33,r_100_21_84,seq62,seq95,r_100_21_84,0.73,0,84,84,64
42,r_125_6_10,seq16,seq47,r_125_6_10,1.0,0,10,10,64
2,r_130_96_12,r_34_26_78,seq44,r_130_96_12,0.85,0,12,12,64
47,r_113_112_31,seq48,r_45_142_3,r_113_112_31,1.0,1,32,31,64
10,r_94_42_38,r_99_9_50,r_145_110_26,r_145_110_26,0.93,12,38,26,64
24,r_145_110_26,r_137_123_89,seq12,r_145_110_26,1.0,-1,25,26,64
32,r_146_11_44,seq44,r_58_101_19,r_146_11_44,1.0,0,44,44,64
39,r_45_142_3,r_23_135_73,r_113_112_31,r_45_142_3,0.83,31,34,3,64
51,seq1,r_45_142_3,r_134_147_57,r_134_147_57,0.91,-1,56,57,64
36,r_46_83_30,seq2,seq102,r_46_83_30,0.98,0,30,30,64
49,r_24_39_63,seq128,r_148_40_99,r_24_39_63,1.0,0,63,63,64
45,r_116_13_20,r_23_135_73,seq106,r_116_13_20,0.99,0,20,20,64
23,r_23_135_73,seq12,r_7_27_81,r_23_135_73,0.93,0,73,73,64
17,r_137_123_89,r_52_84_8,seq81,r_137_123_89,0.83,0,89,89,64
22,r_97_109_29,r_66_43_96,seq68,r_97_109_29,0.72,0,29,29,64
46,r_50_57_45,seq47,seq67,r_50_57_45,0.96,1,46,45,64
39,r_21_97_84,seq49,r_77_114_30,r_21_97_84,0.93,0,84,84,65
1,r_73_119_79,seq149,r_60_20_24,r_73_119_79,0.91,0,79,79,65
45,r_19_15_64,seq17,seq58,r_19_15_64,0.91,0,64,64,65
9,r_125_93_53,seq28,seq7,r_125_93_53,1.0,-1,52,53,65
19,r_69_146_62,r_130_46_96,r_76_35_48,r_69_146_62,0.93,0,62,62,65
40,r_14_2_56,seq117,r_77_114_30,r_14_2_56,1.0,0,56,56,65
14,r_60_20_24,r_22_52_80,seq79,r_60_20_24,0.96,0,24,24,65
80,seq66,r_95_72_15,seq33,r_95_72_15,0.92,0,15,15,65
5,r_88_27_40,r_57_18_54,seq149,r_88_27_40,0.98,0,40,40,65
13,r_82_126_43,r_89_41_95,seq56,r_82_126_43,0.6,21,64,43,65
15,r_94_107_72,r_140_51_98,r_37_104_65,r_140_51_98,0.98,-25,73,98,65
11,r_55_67_21,r_125_93_53,r_62_3_16,r_55_67_21,0.89,0,21,21,65
31,r_76_35_48,r_96_101_78,seq90,r_76_35_48,0.99,0,48,48,65
42,r_120_0_32,r_136_47_81,r_59_53_31,r_136_47_81,0.88,-49,32,81,65
2,r_37_104_65,seq25,seq5,r_37_104_65,1.0,0,65,65,65
33,r_135_111_57,seq98,seq141,r_135_111_57,0.85,1,58,57,65
29,r_136_47_81,seq79,r_77_114_30,r_136_47_81,0.93,0,81,81,65
43,r_59_53_31,seq147,seq28,r_59_53_31,0.95,0,31,31,65
7,r_116_84_29,r_14_2_56,seq141,r_116_84_29,0.97,-1,28,29,65
44,r_103_12_33,seq4,seq149,r_103_12_33,0.94,0,33,33,65
38,r_134_45_82,seq141,r_73_119_79,r_134_45_82,0.81,0,82,82,65
25,r_124_29_17,seq7,seq5,r_124_29_17,0.7,4,21,17,65
17,r_65_23_60,r_140_51_98,r_62_3_16,r_140_51_98,0.67,-34,64,98,65
22,r_70_128_69,seq127,r_60_20_24,r_70_128_69,0.95,0,69,69,65
35,r_95_72_15,seq66,seq79,r_95_72_15,0.91,0,15,15,65
10,r_122_8_22,r_125_93_53,seq79,r_122_8_22,0.78,-1,21,22,65
23,r_22_52_80,seq5,r_19_15_64,r_22_52_80,0.79,0,80,80,65
41,r_57_18_54,r_21_97_84,r_76_35_48,r_57_18_54,1.0,0,54,54,65
84,seq90,r_139_40_90,r_69_146_62,r_69_146_62,1.0,28,90,62,65
18,r_49_53_15,r_108_103_55,seq50,r_49_53_15,0.96,0,15,15,66
25,r_26_61_28,r_64_146_52,seq4,r_26_61_28,0.98,0,28,28,66
35,r_36_47_94,r_79_21_45,r_124_23_20,r_124_23_20,0.49,0,20,20,66
15,r_128_51_34,r_96_54_65,seq57,r_128_51_34,0.93,0,34,34,66
52,seq134,r_6_98_87,r_79_21_45,r_79_21_45,0.92,1,46,45,66
31,r_108_103_55,r_49_53_15,r_149_59_72,r_49_53_15,0.72,0,15,15,66
20,r_133_56_36,seq72,r_116_135_21,r_133_56_36,0.84,0,36,36,66
71,seq50,r_16_74_42,r_49_53_15,r_49_53_15,0.9,-1,14,15,66
21,r_139_46_67,seq63,r_25_35_82,r_139_46_67,1.0,0,67,67,66
39,r_77_28_86,seq41,r_71_87_14,r_71_87_14,0.56,72,86,14,66
13,r_55_144_56,r_11_126_58,r_60_13_16,r_55_144_56,0.83,0,56,56,66
45,r_76_91_79,seq63,r_81_33_3,r_76_91_79,0.97,0,79,79,66
29,r_2_93_54,r_15_122_70,seq121,r_2_93_54,1.0,0,54,54,66
89,seq105,seq65,r_7_12_74,r_7_12_74,0.86,0,74,74,66
0,r_149_59_72,seq18,r_147_34_12,r_147_34_12,0.86,46,58,12,66
44,r_104_101_24,r_37_99_88,r_96_54_65,r_104_101_24,0.86,0,24,24,66
81,seq84,r_39_129_77,r_147_34_12,r_39_129_77,0.57,-39,38,77,66
46,r_138_125_53,r_117_70_50,r_71_87_14,r_71_87_14,0.72,38,52,14,66
31,r_108_103_55,r_149_59_72,r_82_131_26,r_82_131_26,0.75,29,55,26,66
34,r_124_23_20,r_141_114_64,r_36_47_94,r_124_23_20,0.95,0,20,20,66
48,r_116_135_21,seq118,seq4,r_116_135_21,1.0,0,21,21,66
36,r_60_13_16,seq24,r_30_27_41,r_60_13_16,0.61,1,17,16,66
6,r_6_98_87,seq134,seq29,r_6_98_87,0.56,0,87,87,66
16,r_37_99_88,r_8_97_49,r_62_0_38,r_37_99_88,0.99,-42,46,88,66
9,r_39_129_77,r_15_122_70,r_79_21_45,r_79_21_45,0.98,14,59,45,66
8,r_130_102_32,r_25_35_82,seq1,r_130_102_32,1.0,0,32,32,66
17,r_8_97_49,r_37_99_88,r_81_33_3,r_8_97_49,1.0,0,49,49,66
41,r_117_70_50,r_138_125_53,seq58,r_117_70_50,0.67,2,52,50,66
28,r_16_74_42,seq50,r_124_23_20,r_16_74_42,0.67,-2,40,42,66
40,r_83_110_73,seq121,seq88,r_83_110_73,1.0,0,73,73,66
42,r_62_0_38,seq58,seq107,r_62_0_38,0.66,0,38,38,66
19,r_111_44_47,r_128_51_34,r_81_33_3,r_111_44_47,1.0,0,47,47,66
67,seq38,r_30_27_41,r_19_42_71,r_30_27_41,0.84,-3,38,41,66
38,r_19_42_71,seq134,r_71_87_14,r_71_87_14,0.76,59,73,14,66
23,r_15_122_70,seq84,r_79_21_45,r_79_21_45,0.7,13,58,45,66
24,r_147_34_12,r_139_46_67,seq84,r_147_34_12,0.59,0,12,12,66
5,r_141_114_64,r_124_23_20,r_108_103_55,r_124_23_20,1.0,0,20,20,66
1,r_71_87_14,r_94_3_44,seq140,r_94_3_44,0.76,-29,15,44,66
19,r_111_44_47,r_108_103_55,r_128_51_34,r_128_51_34,0.96,-1,33,34,66
36,r_60_13_16,r_30_27_41,r_94_3_44,r_60_13_16,0.55,29,45,16,66
43,r_79_21_45,seq22,seq134,r_79_21_45,0.96,1,46,45,66
47,r_94_3_44,r_120_9_85,r_60_13_16,r_94_3_44,0.98,0,44,44,66
16,r_37_99_88,r_62_0_38,r_71_87_14,r_62_0_38,0.69,50,88,38,66
11,r_82_131_26,r_120_9_85,r_108_103_55,r_108_103_55,0.94,-3,52,55,66
7,r_7_12_74,r_149_59_72,r_19_42_71,r_19_42_71,0.62,-38,33,71,66
37,r_43_14_18,seq4,seq72,r_43_14_18,0.96,0,18,18,66
3,r_30_27_41,seq38,r_147_34_12,r_30_27_41,0.93,1,42,41,66
0,r_17_40_32,seq137,seq69,r_17_40_32,0.98,-4,28,32,67
32,r_145_59_31,seq7,r_136_143_9,r_145_59_31,1.0,0,31,31,67
54,seq7,r_116_91_67,r_25_121_58,r_116_91_67,0.84,0,67,67,67
22,r_63_80_52,r_131_140_89,r_93_0_7,r_63_80_52,1.0,0,52,52,67
37,r_39_27_62,r_12_1_59,r_44_50_20,r_44_50_20,0.92,49,69,20,67
1,r_129_90_61,seq2,r_19_111_38,r_129_90_61,0.95,1,62,61,67
16,r_132_84_43,seq104,seq70,r_132_84_43,0.88,1,44,43,67
14,r_19_111_38,seq133,seq14,r_19_111_38,0.99,3,41,38,67
12,r_136_143_9,r_71_53_51,r_145_59_31,r_145_59_31,0.96,7,38,31,67
31,r_116_91_67,seq7,r_81_48_53,r_116_91_67,0.99,0,67,67,67
20,r_32_148_21,seq3,r_136_143_9,r_32_148_21,0.99,1,22,21,67
49,r_73_76_49,seq47,seq21,r_73_76_49,1.0,0,49,49,67
42,r_139_60_42,r_12_1_59,r_134_135_11,r_139_60_42,0.63,4,46,42,67
11,r_71_53_51,r_136_143_9,r_118_83_74,r_118_83_74,0.62,-12,62,74,67
48,r_67_105_60,r_131_140_89,seq141,r_67_105_60,1.0,1,61,60,67
15,r_85_6_37,seq74,seq13,r_85_6_37,0.99,0,37,37,67
46,r_122_138_45,r_125_103_92,r_106_66_35,r_106_66_35,0.68,23,58,35,67
9,r_106_66_35,r_118_83_74,seq78,r_106_66_35,1.0,0,35,35,67
38,r_20_102_44,seq68,seq29,r_20_102_44,1.0,0,44,44,67
12,r_136_143_9,r_100_147_3,r_71_53_51,r_136_143_9,0.86,1,10,9,67
36,r_125_103_92,r_34_9_54,r_134_135_11,r_134_135_11,0.81,4,15,11,67
47,r_33_107_80,seq13,r_136_143_9,r_33_107_80,0.85,0,80,80,67
18,r_25_121_58,r_95_113_97,seq7,r_25_121_58,0.83,3,61,58,67
33,r_79_92_65,seq22,r_132_84_43,r_79_92_65,1.0,1,66,65,67
50,seq2,r_129_90_61,seq16,r_129_90_61,1.0,8,69,61,67
44,r_37_8_36,r_131_140_89,r_28_115_15,r_37_8_36,0.99,0,36,36,67
77,seq68,seq127,r_12_1_59,r_12_1_59,1.0,0,59,59,67
17,r_35_18_34,seq11,seq78,r_35_18_34,1.0,0,34,34,67
34,r_77_114_39,seq69,r_58_89_4,r_77_114_39,0.75,2,41,39,67
4,r_81_48_53,seq101,seq98,r_81_48_53,0.87,4,57,53,67
27,r_15_86_16,r_128_45_28,r_93_0_7,r_15_86_16,1.0,0,16,16,67
26,r_36_51_33,r_62_5_1,r_17_40_32,r_36_51_33,1.0,0,33,33,67
5,r_44_50_20,r_149_120_25,seq3,r_44_50_20,1.0,0,20,20,67
28,r_30_130_75,r_95_113_97,r_87_23_70,r_30_130_75,0.86,1,76,75,67
7,r_124_42_63,seq43,r_81_48_53,r_124_42_63,1.0,0,63,63,67
23,r_87_23_70,seq70,r_20_102_44,r_87_23_70,0.59,0,70,70,67
10,r_134_135_11,r_77_114_39,seq47,r_134_135_11,1.0,0,11,11,67
29,r_28_115_15,r_44_50_20,seq133,r_28_115_15,1.0,0,15,15,67
47,r_56_55_22,r_30_27_48,seq140,r_56_55_22,0.95,0,22,22,68
23,r_129_35_38,r_66_3_46,seq8,r_129_35_38,1.0,0,38,38,68
36,r_107_31_66,r_59_90_87,r_81_29_69,r_59_90_87,0.68,-21,66,87,68
12,r_104_16_33,seq49,seq57,r_104_16_33,0.99,0,33,33,68
28,r_28_133_23,seq10,r_32_148_26,r_32_148_26,1.0,1,27,26,68
48,r_82_12_31,r_81_29_69,seq50,r_82_12_31,1.0,0,31,31,68
28,r_28_133_23,r_32_148_26,r_127_19_59,r_127_19_59,1.0,0,59,59,68
16,r_121_11_83,seq60,r_101_93_61,r_121_11_83,0.33,0,83,83,68
5,r_127_19_59,r_87_115_98,r_28_133_23,r_127_19_59,0.91,2,61,59,68
42,r_5_6_62,r_24_77_84,seq4,r_5_6_62,0.99,-1,61,62,68
6,r_97_7_90,r_28_133_23,r_17_45_71,r_17_45_71,0.81,-15,56,71,68
43,r_48_105_44,r_66_3_46,seq103,r_48_105_44,0.54,-3,41,44,68
22,r_88_139_19,r_121_11_83,seq134,r_88_139_19,0.99,0,19,19,68
38,r_122_113_32,seq100,seq60,r_122_113_32,1.0,0,32,32,68
31,r_44_119_77,r_14_123_79,r_89_131_70,r_44_119_77,0.81,3,80,77,68
44,r_108_147_24,r_33_99_41,seq9,r_108_147_24,0.99,0,24,24,68
26,r_67_117_85,seq49,r_70_36_73,r_67_117_85,0.67,3,88,85,68
7,r_92_41_57,seq134,seq13,r_92_41_57,0.92,0,57,57,68
2,r_33_99_41,seq4,seq142,r_33_99_41,1.0,0,41,41,68
85,seq138,r_59_90_87,seq54,r_59_90_87,0.99,-11,76,87,68
1,r_30_27_48,seq72,seq142,r_30_27_48,1.0,0,48,48,68
8,r_66_3_46,r_48_105_44,seq47,r_66_3_46,0.92,-1,45,46,68
46,r_24_77_84,r_5_6_62,seq13,r_24_77_84,0.52,-44,40,84,68
24,r_83_130_56,seq63,r_66_3_46,r_83_130_56,1.0,0,56,56,68
35,r_85_42_49,seq135,r_34_137_27,r_85_42_49,1.0,0,49,49,68
20,r_79_143_16,r_66_3_46,seq2,r_79_143_16,0.99,-1,15,16,68
3,r_34_137_27,r_81_29_69,seq64,r_34_137_27,0.99,0,27,27,68
40,r_32_148_26,r_127_19_59,r_28_133_23,r_28_133_23,0.6,3,26,23,68
18,r_89_131_70,r_67_117_85,seq13,r_89_131_70,0.74,1,71,70,68
29,r_14_123_79,r_44_119_77,r_97_7_90,r_14_123_79,0.85,1,80,79,68
25,r_59_90_87,seq138,r_124_68_50,r_124_68_50,0.7,37,87,50,68
13,r_124_68_50,r_86_145_68,r_122_113_32,r_124_68_50,0.97,0,50,50,68
65,seq22,r_84_128_96,r_101_93_61,r_84_128_96,0.78,-27,69,96,68
46,r_24_77_84,seq13,seq138,r_24_77_84,0.98,0,84,84,68
45,r_39_73_42,seq60,r_53_116_36,r_39_73_42,1.0,-1,41,42,68
4,r_144_96_11,r_121_11_83,r_95_76_10,r_144_96_11,0.98,0,11,11,68
17,r_95_76_10,r_17_45_71,r_144_96_11,r_95_76_10,0.99,1,11,10,68
34,r_106_26_63,r_79_143_16,r_88_139_19,r_106_26_63,0.76,-40,23,63,68
32,r_46_132_55,r_102_112_93,r_53_116_36,r_46_132_55,0.99,1,56,55,68
61,seq142,r_102_112_93,r_30_27_48,r_30_27_48,0.98,1,49,48,68
36,r_5_43_65,seq132,r_11_3_32,r_5_43_65,0.9,2,67,65,69
25,r_105_143_24,r_71_47_59,seq22,r_105_143_24,1.0,0,24,24,69
37,r_62_122_89,r_28_58_93,r_115_8_17,r_28_58_93,0.51,-4,89,93,69
1,r_148_23_76,seq0,seq132,r_148_23_76,0.83,0,76,76,69
54,seq6,r_139_39_50,seq132,r_139_39_50,0.89,-6,44,50,69
14,r_4_13_12,r_71_47_59,r_26_66_64,r_26_66_64,1.0,1,65,64,69
8,r_54_12_22,r_90_78_40,seq118,r_54_12_22,1.0,2,24,22,69
19,r_18_34_63,seq7,r_37_129_58,r_18_34_63,1.0,0,63,63,69
38,r_85_102_18,seq86,r_71_47_59,r_85_102_18,0.68,47,65,18,69
45,r_11_3_32,r_32_15_60,seq81,r_11_3_32,0.94,0,32,32,69
17,r_1_76_20,r_57_25_33,r_55_128_15,r_57_25_33,0.88,-13,20,33,69
3,r_71_47_59,seq81,r_85_102_18,r_85_102_18,0.58,47,65,18,69
18,r_21_80_52,r_117_63_67,seq103,r_21_80_52,0.96,0,52,52,69
78,seq61,r_32_15_60,seq126,r_32_15_60,1.0,0,60,60,69
11,r_26_66_64,seq22,r_4_13_12,r_26_66_64,1.0,1,65,64,69
46,r_29_64_42,r_77_30_83,seq118,r_29_64_42,0.96,1,43,42,69
13,r_145_14_71,seq137,seq108,r_145_14_71,0.95,0,71,71,69
72,seq45,seq135,r_115_8_17,r_115_8_17,0.85,9,26,17,69
0,r_90_78_40,r_74_56_41,seq135,r_74_56_41,0.7,-1,40,41,69
34,r_37_129_58,r_89_98_98,seq40,r_37_129_58,0.82,1,59,58,69
49,r_120_93_57,r_89_98_98,r_54_12_22,r_89_98_98,0.66,-41,57,98,69
28,r_115_8_17,r_18_34_63,seq45,r_115_8_17,0.95,0,17,17,69
2,r_32_15_60,seq61,seq41,r_32_15_60,1.0,0,60,60,69
97,seq118,r_124_65_91,r_29_64_42,r_29_64_42,1.0,2,44,42,69
33,r_134_33_66,r_97_138_3,r_116_106_2,r_134_33_66,0.98,1,67,66,69
31,r_121_125_47,r_139_39_50,seq20,r_121_125_47,0.79,2,49,47,69
68,seq40,seq45,r_18_34_63,r_18_34_63,1.0,0,63,63,69
32,r_146_48_77,r_97_138_3,seq6,r_146_48_77,0.66,0,77,77,69
77,seq60,seq45,r_18_34_63,r_18_34_63,1.0,7,70,63,69
24,r_139_39_50,r_121_125_47,r_116_106_2,r_139_39_50,0.63,1,51,50,69
14,r_4_13_12,seq40,r_71_47_59,r_4_13_12,0.84,0,12,12,69
9,r_107_10_51,seq111,r_97_138_3,r_107_10_51,0.57,12,63,51,69
48,r_24_69_43,r_112_46_99,r_90_78_40,r_24_69_43,0.88,0,43,43,69
22,r_142_50_62,r_117_63_67,r_51_101_26,r_142_50_62,0.99,0,62,62,69
20,r_94_2_30,r_71_47_59,r_105_143_24,r_71_47_59,0.96,-28,31,59,69
23,r_49_70_68,seq95,seq136,r_49_70_68,0.58,0,68,68,69
27,r_74_56_41,seq141,seq96,r_74_56_41,0.49,0,41,41,69
7,r_57_25_33,r_124_65_91,r_112_46_99,r_57_25_33,0.99,0,33,33,69
38,r_85_102_18,r_145_14_71,seq86,r_85_102_18,0.99,0,18,18,69
14,r_42_89_28,seq24,r_64_5_16,r_42_89_28,1.0,1,29,28,70
30,r_125_55_81,seq119,r_95_30_8,r_125_55_81,0.44,0,81,81,70
36,r_39_85_68,seq45,seq60,r_39_85_68,0.68,1,69,68,70
99,seq124,r_142_93_32,r_33_131_14,r_142_93_32,0.76,0,32,32,70
92,seq103,r_48_51_95,r_37_57_69,r_37_57_69,1.0,6,75,69,70
8,r_7_8_63,r_83_79_6,seq141,r_7_8_63,0.98,3,66,63,70
18,r_71_69_56,r_114_6_92,seq62,r_71_69_56,1.0,0,56,56,70
16,r_37_57_69,r_40_56_79,seq103,r_37_57_69,0.9,0,69,69,70
34,r_96_1_40,r_43_49_43,seq34,r_96_1_40,0.73,2,42,40,70
1,r_116_94_71,seq38,r_76_145_54,r_76_145_54,0.95,17,71,54,70
21,r_86_26_31,r_117_75_70,r_37_57_69,r_86_26_31,0.92,39,70,31,70
5,r_40_56_79,seq82,r_142_93_32,r_40_56_79,0.68,0,79,79,70
42,r_77_65_90,seq84,r_116_94_71,r_77_65_90,0.35,0,90,90,70
80,seq66,r_0_53_75,r_108_136_9,r_0_53_75,0.6,1,76,75,70
41,r_70_19_20,r_31_102_30,seq47,r_31_102_30,0.6,-8,22,30,70
10,r_117_75_70,r_86_26_31,r_7_8_63,r_86_26_31,0.49,39,70,31,70
28,r_80_127_17,r_142_93_32,seq130,r_80_127_17,1.0,1,18,17,70
7,r_58_122_57,seq45,r_33_131_14,r_58_122_57,1.0,1,58,57,70
35,r_143_61_21,seq107,seq78,r_143_61_21,0.79,1,22,21,70
31,r_4_105_84,seq68,r_37_57_69,r_4_105_84,0.53,0,84,84,70
3,r_91_118_78,seq12,seq63,r_91_118_78,0.8,0,78,78,70
0,r_31_102_30,r_114_6_92,seq84,r_31_102_30,1.0,0,30,30,70
20,r_72_87_45,r_40_56_79,seq24,r_72_87_45,1.0,2,47,45,70
2,r_14_139_13,r_21_36_72,seq16,r_14_139_13,0.93,3,16,13,70
29,r_22_46_33,r_117_75_70,seq24,r_117_75_70,0.91,-29,41,70,70
15,r_115_110_83,seq128,seq134,r_115_110_83,0.57,0,83,83,70
10,r_117_75_70,r_58_122_57,r_86_26_31,r_58_122_57,0.98,-18,39,57,70
71,seq47,seq133,r_70_19_20,r_70_19_20,0.7,11,31,20,70
27,r_21_36_72,seq128,r_70_19_20,r_21_36_72,0.75,1,73,72,70
12,r_43_49_43,r_96_1_40,seq113,r_43_49_43,1.0,0,43,43,70
26,r_76_145_54,seq146,seq119,r_76_145_54,1.0,0,54,54,70
44,r_142_93_32,seq124,seq68,r_142_93_32,0.99,0,32,32,70
38,r_109_74_22,seq24,seq2,r_109_74_22,1.0,0,22,22,70
13,r_123_104_35,r_58_122_57,seq59,r_123_104_35,1.0,0,35,35,70
40,r_120_44_18,r_81_148_23,seq11,r_120_44_18,1.0,0,18,18,70
17,r_83_79_6,r_7_8_63,seq149,r_7_8_63,0.74,-21,42,63,70
47,r_33_131_14,r_0_53_75,seq124,r_33_131_14,0.71,0,14,14,70
32,r_29_13_58,seq134,r_109_74_22,r_109_74_22,0.82,48,70,22,70
96,seq113,seq107,r_43_49_43,r_43_49_43,1.0,5,48,43,70
45,r_73_18_41,seq2,r_20_132_19,r_73_18_41,1.0,0,41,41,70
25,r_20_132_19,r_58_122_57,r_9_92_50,r_20_132_19,0.96,3,22,19,70
78,seq62,seq107,r_71_69_56,r_71_69_56,1.0,2,58,56,70
8,r_7_8_63,seq32,r_83_79_6,r_7_8_63,0.76,-43,20,63,70
25,r_20_132_19,r_9_92_50,r_73_18_41,r_20_132_19,1.0,33,52,19,70
43,r_3_135_38,seq17,r_14_139_13,r_3_135_38,1.0,1,39,38,70
23,r_35_15_62,seq134,r_120_44_18,r_35_15_62,1.0,2,64,62,70
39,r_28_23_42,r_58_122_57,seq84,r_28_23_42,1.0,0,42,42,70
48,r_9_92_50,seq124,seq41,r_9_92_50,0.98,1,51,50,70
40,r_63_26_43,r_37_23_83,seq88,r_63_26_43,1.0,0,43,43,71
83,seq89,r_45_16_55,r_102_36_14,r_45_16_55,0.71,-10,45,55,71
14,r_141_145_45,r_108_17_98,r_13_41_9,r_141_145_45,0.99,0,45,45,71
37,r_7_57_2,r_113_1_85,r_139_95_35,r_7_57_2,0.77,83,85,2,71
28,r_115_65_53,r_13_41_9,r_31_28_18,r_115_65_53,0.99,-2,51,53,71
46,r_113_1_85,r_7_57_2,r_45_16_55,r_113_1_85,0.83,0,85,85,71
9,r_75_119_37,seq55,seq131,r_75_119_37,0.96,-6,31,37,71
2,r_139_95_35,r_67_72_48,seq5,r_139_95_35,1.0,0,35,35,71
48,r_102_36_14,r_0_25_34,seq89,r_102_36_14,0.56,0,14,14,71
49,r_38_136_33,r_51_77_88,r_4_6_12,r_38_136_33,0.96,0,33,33,71
89,seq101,seq21,r_19_14_71,r_19_14_71,0.95,2,73,71,71
10,r_58_76_80,seq101,r_102_36_14,r_58_76_80,0.97,0,80,80,71
43,r_47_86_26,r_45_16_55,r_110_130_13,r_47_86_26,0.69,-2,24,26,71
8,r_99_61_15,r_141_145_45,seq15,r_141_145_45,0.55,-30,15,45,71
11,r_32_43_84,seq15,seq54,r_32_43_84,0.96,0,84,84,71
15,r_69_66_87,seq147,r_45_16_55,r_69_66_87,0.69,2,89,87,71
57,seq11,r_8_12_95,r_99_61_15,r_8_12_95,0.73,-10,85,95,71
6,r_94_59_68,seq93,r_53_118_17,r_94_59_68,0.97,0,68,68,71
20,r_67_72_48,seq131,seq24,r_67_72_48,1.0,0,48,48,71
85,seq93,r_94_59_68,seq55,r_94_59_68,1.0,1,69,68,71
31,r_90_146_41,r_98_103_50,seq21,r_90_146_41,0.96,0,41,41,71
39,r_60_22_16,r_45_16_55,seq107,r_60_22_16,0.72,0,16,16,71
12,r_110_130_13,r_99_61_15,r_47_86_26,r_110_130_13,0.96,0,13,13,71
18,r_2_104_61,seq55,r_4_6_12,r_2_104_61,0.94,0,61,61,71
27,r_0_25_34,seq79,seq125,r_0_25_34,0.98,0,34,34,71
1,r_45_16_55,seq89,seq143,r_45_16_55,1.0,1,56,55,71
61,seq147,r_69_66_87,r_98_103_50,r_69_66_87,0.86,2,89,87,71
38,r_19_14_71,r_106_35_76,seq101,r_19_14_71,0.86,2,73,71,71
47,r_80_124_29,r_141_145_45,seq79,r_80_124_29,0.97,1,30,29,71
26,r_135_68_24,r_132_142_19,seq5,r_135_68_24,0.98,0,24,24,71
4,r_53_118_17,seq101,seq15,r_53_118_17,0.99,0,17,17,71
22,r_73_40_65,r_132_142_19,r_45_16_55,r_73_40_65,1.0,0,65,65,71
24,r_3_33_56,seq21,r_122_112_92,r_3_33_56,0.99,2,58,56,71
41,r_20_50_57,r_46_83_58,r_109_121_54,r_109_121_54,0.98,4,58,54,71
34,r_92_85_23,r_94_59_68,seq34,r_92_85_23,0.74,0,23,23,71
0,r_13_41_9,r_115_65_53,seq137,r_115_65_53,1.0,-2,51,53,71
25,r_4_6_12,r_13_41_9,seq89,r_4_6_12,0.98,0,12,12,71
45,r_109_121_54,seq100,r_20_50_57,r_109_121_54,1.0,0,54,54,71
28,r_74_123_14,r_105_82_36,seq142,r_74_123_14,0.78,1,15,14,72
14,r_147_78_77,seq17,r_126_49_59,r_126_49_59,1.0,22,81,59,72
46,r_56_107_10,seq141,seq41,r_56_107_10,0.92,1,11,10,72
30,r_106_125_56,r_44_102_52,r_16_69_13,r_106_125_56,0.82,-1,55,56,72
19,r_72_63_68,seq53,r_144_42_65,r_72_63_68,0.98,0,68,68,72
35,r_12_77_11,r_87_20_95,seq94,r_12_77_11,1.0,0,11,11,72
39,r_105_82_36,seq5,seq4,r_105_82_36,1.0,1,37,36,72
11,r_71_29_37,r_112_143_54,r_111_18_8,r_112_143_54,0.69,-17,37,54,72
18,r_40_83_51,seq131,seq68,r_40_83_51,0.96,-8,43,51,72
7,r_11_52_34,r_88_15_18,seq141,r_11_52_34,1.0,0,34,34,72
4,r_38_90_99,r_62_43_74,r_71_29_37,r_62_43_74,0.62,0,74,74,72
22,r_2_64_22,seq70,r_33_101_25,r_2_64_22,1.0,0,22,22,72
33,r_119_148_40,r_66_122_55,r_88_15_18,r_119_148_40,1.0,0,40,40,72
16,r_97_149_39,r_50_113_64,r_47_10_62,r_47_10_62,0.54,-23,39,62,72
47,r_99_139_61,seq26,r_76_140_19,r_99_139_61,1.0,0,61,61,72
15,r_27_14_31,seq70,seq131,r_27_14_31,0.91,2,33,31,72
74,seq53,r_72_63_68,seq145,r_72_63_68,0.98,0,68,68,72
1,r_114_22_58,seq17,r_112_143_54,r_114_22_58,0.98,0,58,58,72
25,r_62_43_74,r_38_90_99,r_12_77_11,r_62_43_74,0.89,0,74,74,72
37,r_133_58_38,seq80,seq94,r_133_58_38,1.0,0,38,38,72
44,r_100_28_27,seq59,r_2_64_22,r_100_28_27,0.88,0,27,27,72
68,seq34,r_146_46_82,seq80,r_146_46_82,0.71,-2,80,82,72
21,r_45_31_96,r_106_125_56,r_76_140_19,r_76_140_19,0.96,14,33,19,72
3,r_30_124_9,r_99_139_61,seq128,r_30_124_9,0.83,6,15,9,72
54,seq5,r_105_82_36,seq26,r_105_82_36,0.98,1,37,36,72
41,r_23_55_29,r_146_46_82,seq17,r_23_55_29,0.8,-1,28,29,72
34,r_16_69_13,r_73_61_79,r_116_60_2,r_16_69_13,0.98,0,13,13,72
12,r_132_51_44,seq68,r_2_64_22,r_132_51_44,0.98,0,44,44,72
6,r_47_10_62,seq17,r_117_137_7,r_117_137_7,0.79,44,51,7,72
32,r_76_140_19,seq24,seq59,r_76_140_19,1.0,0,19,19,72
38,r_88_15_18,r_11_52_34,r_119_148_40,r_88_15_18,0.91,16,34,18,72
49,r_66_122_55,seq37,seq129,r_66_122_55,0.75,-5,50,55,72
9,r_144_42_65,r_110_39_94,r_72_63_68,r_144_42_65,0.98,0,65,65,72
10,r_112_143_54,seq145,seq70,r_112_143_54,0.98,1,55,54,72
40,r_44_102_52,r_106_125_56,seq70,r_44_102_52,1.0,0,52,52,72
36,r_54_134_43,r_144_42_65,r_111_18_8,r_54_134_43,1.0,0,43,43,72
0,r_126_49_59,seq127,r_110_39_94,r_126_49_59,1.0,0,59,59,72
38,r_88_15_18,r_106_125_56,r_11_52_34,r_88_15_18,1.0,0,18,18,72
13,r_110_39_94,r_144_42_65,r_126_49_59,r_110_39_94,0.94,-35,59,94,72
82,seq80,r_133_58_38,seq3,r_133_58_38,1.0,0,38,38,72
93,seq114,seq118,r_74_55_77,r_74_55_77,0.9,4,81,77,73
36,r_111_128_54,seq2,seq95,r_111_128_54,1.0,6,60,54,73
8,r_112_28_67,seq22,r_36_24_11,r_112_28_67,0.84,0,67,67,73
37,r_49_77_62,seq60,r_141_72_9,r_49_77_62,1.0,1,63,62,73
3,r_36_24_11,r_137_106_37,seq34,r_36_24_11,0.91,0,11,11,73
5,r_7_57_64,seq84,seq129,r_7_57_64,1.0,-1,63,64,73
25,r_137_106_37,r_133_17_41,r_39_21_25,r_137_106_37,0.97,0,37,37,73
6,r_69_41_33,r_7_57_64,r_1_11_36,r_69_41_33,0.98,2,35,33,73
43,r_38_149_29,seq27,r_117_126_87,r_38_149_29,1.0,0,29,29,73
30,r_47_42_19,seq34,r_144_64_91,r_47_42_19,0.79,0,19,19,73
17,r_78_140_14,r_148_143_49,r_141_72_9,r_78_140_14,0.96,-2,12,14,73
14,r_141_72_9,r_78_140_14,r_49_77_62,r_49_77_62,0.98,15,77,62,73
63,seq29,r_71_14_70,r_105_108_56,r_71_14_70,0.67,0,70,70,73
11,r_98_101_65,seq25,r_87_44_34,r_98_101_65,1.0,1,66,65,73
62,seq27,r_38_149_29,r_23_90_5,r_38_149_29,1.0,0,29,29,73
20,r_74_55_77,r_117_126_87,seq114,r_74_55_77,0.98,0,77,77,73
13,r_65_123_60,seq3,r_32_104_45,r_65_123_60,0.95,0,60,60,73
15,r_12_56_69,r_145_76_96,seq34,r_12_56_69,0.92,0,69,69,73
48,r_0_75_84,r_117_126_87,r_12_56_69,r_117_126_87,0.55,-3,84,87,73
27,r_146_94_21,r_112_28_67,seq70,r_146_94_21,0.79,0,21,21,73
9,r_13_18_20,r_39_21_25,seq97,r_13_18_20,0.96,0,20,20,73
29,r_134_58_39,seq97,r_148_143_49,r_148_143_49,0.71,0,49,49,73
28,r_26_4_40,seq73,r_116_68_27,r_116_68_27,0.63,13,40,27,73
40,r_124_92_78,seq67,r_146_94_21,r_124_92_78,0.81,0,78,78,73
2,r_96_147_22,r_98_101_65,seq67,r_96_147_22,0.99,0,22,22,73
35,r_39_21_25,r_65_123_60,seq51,r_39_21_25,0.67,4,29,25,73
52,seq3,r_65_123_60,seq34,r_65_123_60,0.73,0,60,60,73
0,r_37_136_52,seq132,r_26_4_40,r_37_136_52,1.0,0,52,52,73
14,r_141_72_9,r_117_126_87,r_78_140_14,r_141_72_9,0.93,4,13,9,73
33,r_103_63_43,r_93_125_81,seq2,r_103_63_43,0.48,0,43,43,73
7,r_30_102_57,seq45,r_66_31_10,r_30_102_57,0.78,3,60,57,73
23,r_62_50_79,seq22,r_23_90_5,r_62_50_79,0.98,3,82,79,73
47,r_10_20_26,r_98_101_65,seq84,r_10_20_26,0.91,0,26,26,73
16,r_148_143_49,seq60,r_134_58_39,r_148_143_49,0.82,0,49,49,73
39,r_1_11_36,seq132,r_69_41_33,r_1_11_36,1.0,0,36,36,73
13,r_12_55_22,r_96_58_76,seq146,r_12_55_22,0.92,2,24,22,74
48,r_83_79_31,r_60_73_46,r_111_56_10,r_83_79_31,0.97,0,31,31,74
37,r_80_61_69,seq29,r_105_124_37,r_80_61_69,0.96,0,69,69,74
38,r_119_57_16,seq134,seq33,r_119_57_16,0.79,0,16,16,74
42,r_63_99_66,r_94_106_86,seq74,r_63_99_66,0.53,1,67,66,74
69,seq41,r_59_121_89,r_12_55_22,r_12_55_22,0.67,49,71,22,74
21,r_9_125_36,seq54,r_90_45_9,r_9_125_36,0.66,0,36,36,74
45,r_110_78_54,seq18,r_36_77_48,r_110_78_54,0.64,1,55,54,74
10,r_82_142_18,seq146,r_20_2_4,r_82_142_18,0.81,-1,17,18,74
20,r_38_89_72,seq66,r_63_99_66,r_38_89_72,1.0,0,72,72,74
3,r_96_58_76,r_104_129_98,r_128_143_44,r_96_58_76,0.75,0,76,76,74
4,r_75_84_91,seq133,seq25,r_75_84_91,0.42,-1,90,91,74
0,r_94_106_86,r_63_99_66,seq134,r_63_99_66,0.6,1,67,66,74
6,r_6_50_24,r_94_106_86,seq122,r_6_50_24,1.0,0,24,24,74
0,r_94_106_86,seq134,r_17_30_81,r_94_106_86,0.87,2,88,86,74
1,r_23_42_53,seq1,r_111_56_10,r_23_42_53,0.8,-8,45,53,74
8,r_26_40_38,seq91,seq76,r_26_40_38,1.0,-2,36,38,74
7,r_100_141_28,r_38_89_72,seq140,r_100_141_28,1.0,1,29,28,74
79,seq76,seq16,r_26_40_38,r_26_40_38,0.97,6,44,38,74
49,r_65_39_14,r_96_58_76,seq81,r_65_39_14,0.67,0,14,14,74
35,r_131_123_34,seq103,seq74,r_131_123_34,0.99,0,34,34,74
47,r_135_109_65,r_118_28_95,r_6_50_24,r_135_109_65,0.99,0,65,65,74
40,r_138_11_70,seq67,r_149_68_1,r_138_11_70,0.88,1,71,70,74
29,r_17_30_81,seq88,r_119_57_16,r_17_30_81,0.92,0,81,81,74
46,r_60_73_46,seq33,seq146,r_60_73_46,0.98,-2,44,46,74
5,r_111_56_10,r_7_47_42,r_138_11_70,r_111_56_10,0.61,0,10,10,74
25,r_128_143_44,seq21,r_14_126_64,r_128_143_44,0.87,0,44,44,74
75,seq67,r_138_11_70,seq101,r_138_11_70,0.77,-11,59,70,74
33,r_35_147_71,seq108,seq22,r_35_147_71,1.0,0,71,71,74
9,r_53_136_57,r_31_116_94,seq115,r_53_136_57,1.0,0,57,57,74
27,r_36_77_48,r_107_117_63,r_104_129_98,r_104_129_98,1.0,-49,49,98,74
15,r_114_8_27,seq54,seq49,r_114_8_27,1.0,0,27,27,74
22,r_37_5_29,seq71,seq67,r_37_5_29,0.95,1,30,29,74
23,r_145_24_35,seq115,seq16,r_145_24_35,0.97,1,36,35,74
5,r_111_56_10,r_138_11_70,r_83_79_31,r_111_56_10,0.6,27,37,10,74
17,r_4_15_67,seq134,r_26_40_38,r_4_15_67,1.0,-3,64,67,74
28,r_130_98_62,r_75_84_91,r_14_126_64,r_130_98_62,0.97,1,63,62,74
20,r_38_89_72,r_100_141_28,seq66,r_100_141_28,0.99,1,29,28,74
31,r_44_51_32,r_63_99_66,r_32_148_7,r_44_51_32,0.98,1,33,32,74
19,r_52_46_68,r_72_34_41,r_65_39_14,r_52_46_68,0.92,-10,58,68,74
98,seq122,r_72_34_41,r_6_50_24,r_6_50_24,0.99,1,25,24,74
84,seq91,r_26_40_38,seq108,r_26_40_38,1.0,-5,33,38,74
41,r_72_34_41,r_52_46_68,r_104_129_98,r_72_34_41,0.99,-1,40,41,74
32,r_105_124_37,seq97,seq16,r_105_124_37,1.0,0,37,37,74
11,r_7_47_42,seq54,r_100_141_28,r_7_47_42,0.98,0,42,42,74
26,r_104_146_20,seq117,seq29,r_104_146_20,0.86,6,26,20,75
36,r_31_97_77,seq33,r_21_115_35,r_31_97_77,0.8,0,77,77,75
37,r_66_36_39,r_41_62_94,r_127_95_84,r_66_36_39,0.96,4,43,39,75
10,r_136_140_23,seq133,r_42_43_69,r_42_43_69,0.98,1,70,69,75
24,r_128_143_27,seq25,seq67,r_128_143_27,0.97,0,27,27,75
27,r_79_65_24,r_121_27_57,seq64,r_79_65_24,0.98,0,24,24,75
5,r_130_92_25,seq40,seq64,r_130_92_25,0.99,0,25,25,75
8,r_11_80_59,seq64,seq33,r_11_80_59,0.98,0,59,59,75
95,seq118,seq34,r_84_131_82,r_84_131_82,0.6,0,82,82,75
49,r_10_76_33,r_21_115_35,seq0,r_10_76_33,0.96,0,33,33,75
34,r_73_122_85,r_134_6_99,r_136_140_23,r_73_122_85,0.44,-37,48,85,75
11,r_91_90_79,seq37,r_39_5_44,r_91_90_79,0.8,0,79,79,75
48,r_148_135_62,seq26,seq67,r_148_135_62,1.0,-1,61,62,75
6,r_42_43_69,seq108,r_136_140_23,r_42_43_69,1.0,-1,68,69,75
23,r_21_115_35,r_82_60_47,r_136_140_23,r_82_60_47,0.58,-12,35,47,75
38,r_39_5_44,r_42_43_69,seq0,r_39_5_44,1.0,0,44,44,75
16,r_44_4_28,seq96,seq7,r_44_4_28,1.0,0,28,28,75
47,r_84_131_82,seq47,seq118,r_84_131_82,0.81,-3,79,82,75
29,r_82_60_47,seq124,seq67,r_82_60_47,1.0,0,47,47,75
17,r_8_116_55,seq7,seq53,r_8_116_55,0.78,0,55,55,75
20,r_121_27_57,seq33,seq40,r_121_27_57,0.98,0,57,57,75
4,r_15_149_40,r_110_75_67,seq1,r_15_149_40,0.91,3,43,40,75
33,r_145_69_70,seq40,r_66_36_39,r_145_69_70,0.97,3,73,70,75
45,r_28_142_15,r_123_147_60,r_119_100_7,r_28_142_15,1.0,0,15,15,75
10,r_136_140_23,seq49,seq133,r_136_140_23,0.89,0,23,23,75
9,r_35_63_50,seq133,seq113,r_35_63_50,0.83,1,51,50,75
75,seq50,seq129,r_22_101_37,r_22_101_37,1.0,-5,32,37,75
13,r_32_51_45,r_110_75_67,seq124,r_32_51_45,0.95,-1,44,45,75
28,r_123_147_60,seq67,r_134_6_99,r_123_147_60,0.85,-4,56,60,75
50,seq0,seq33,r_39_5_44,r_39_5_44,0.99,4,48,44,75
43,r_77_139_51,r_11_80_59,seq117,r_77_139_51,1.0,-1,50,51,75
3,r_112_48_46,r_84_131_82,r_134_6_99,r_112_48_46,0.83,0,46,46,75
86,seq96,r_44_4_28,seq0,r_44_4_28,1.0,0,28,28,75
46,r_88_103_54,seq53,seq93,r_88_103_54,0.99,0,54,54,75
22,r_22_101_37,seq2,seq50,r_22_101_37,1.0,0,37,37,75
7,r_110_75_67,r_148_135_62,r_104_146_20,r_148_135_62,0.83,-2,60,62,75
25,r_102_24_12,r_11_80_59,r_119_100_7,r_102_24_12,0.96,0,12,12,75
35,r_138_132_74,r_127_95_84,seq1,r_138_132_74,0.99,-1,73,74,75
42,r_141_61_8,r_89_13_68,seq47,r_141_61_8,0.65,4,12,8,75
22,r_88_128_49,r_140_47_86,r_31_95_77,r_88_128_49,0.72,37,86,49,76
21,r_50_51_65,r_149_48_4,r_92_118_61,r_50_51_65,0.7,-11,54,65,76
6,r_144_33_75,r_45_101_64,r_15_147_34,r_144_33_75,0.63,5,80,75,76
99,seq127,r_134_55_85,r_124_26_87,r_124_26_87,0.5,2,89,87,76
14,r_9_125_84,seq122,r_34_20_51,r_34_20_51,0.72,33,84,51,76
21,r_50_51_65,r_92_118_61,r_44_53_52,r_92_118_61,0.82,4,65,61,76
37,r_117_42_57,r_144_33_75,r_86_81_40,r_117_42_57,0.69,3,60,57,76
39,r_105_84_72,r_9_125_84,r_141_68_73,r_105_84_72,0.68,0,72,72,76
1,r_110_41_63,seq100,seq58,r_110_41_63,0.97,0,63,63,76
97,seq122,r_9_125_84,r_22_94_37,r_9_125_84,0.71,-12,72,84,76
45,r_141_68_73,r_130_121_70,seq1,r_130_121_70,0.98,-7,63,70,76
44,r_106_109_18,r_145_72_68,seq28,r_106_109_18,0.76,-3,15,18,76
76,seq62,r_140_47_86,seq12,r_140_47_86,0.99,-21,65,86,76
18,r_40_104_14,r_15_147_34,seq107,r_40_104_14,0.74,-2,12,14,76
92,seq107,r_129_91_91,r_145_72_68,r_129_91_91,0.92,-64,27,91,76
7,r_86_81_40,r_49_23_94,r_117_42_57,r_86_81_40,0.81,-6,34,40,76
30,r_138_78_20,r_140_47_86,seq1,r_138_78_20,1.0,0,20,20,76
15,r_34_20_51,r_129_91_91,r_106_109_18,r_34_20_51,0.86,0,51,51,76
3,r_92_118_61,seq70,r_3_123_53,r_92_118_61,1.0,0,61,61,76
10,r_142_148_78,seq93,seq136,r_142_148_78,0.83,0,78,78,76
26,r_89_67_71,seq19,r_108_111_38,r_89_67_71,0.89,1,72,71,76
11,r_35_17_44,seq28,r_24_132_42,r_24_132_42,0.66,6,48,42,76
12,r_129_91_91,r_34_20_51,r_22_94_37,r_34_20_51,0.99,0,51,51,76
46,r_85_97_43,seq7,seq39,r_85_97_43,0.98,0,43,43,76
6,r_144_33_75,r_117_42_57,r_45_101_64,r_144_33_75,0.56,-11,64,75,76
34,r_103_52_33,r_44_53_52,seq98,r_103_52_33,0.91,1,34,33,76
29,r_74_43_47,r_149_48_4,r_5_16_15,r_74_43_47,0.95,3,50,47,76
19,r_3_123_53,r_135_133_97,seq98,r_3_123_53,1.0,0,53,53,76
32,r_5_16_15,r_129_91_91,seq36,r_5_16_15,0.98,0,15,15,76
27,r_61_69_74,seq126,r_105_84_72,r_61_69_74,0.52,0,74,74,76
17,r_83_99_21,r_40_104_14,r_46_113_45,r_46_113_45,0.99,17,62,45,76
18,r_40_104_14,seq107,r_96_119_46,r_96_119_46,0.59,-1,45,46,76
2,r_134_55_85,r_135_133_97,r_74_43_47,r_74_43_47,0.72,41,88,47,76
5,r_15_147_34,seq4,seq8,r_15_147_34,0.59,2,36,34,76
24,r_124_26_87,seq73,seq127,r_124_26_87,0.51,0,87,87,76
25,r_130_121_70,r_141_68_73,seq66,r_130_121_70,0.93,0,70,70,76
33,r_45_101_64,r_149_48_4,seq80,r_45_101_64,0.97,1,65,64,76
42,r_22_94_37,r_124_26_87,seq87,r_124_26_87,0.96,-49,38,87,76
63,seq25,r_143_56_59,r_108_111_38,r_143_56_59,0.77,0,59,59,76
58,seq139,r_31_95_77,seq93,r_31_95_77,0.77,0,77,77,76
61,seq19,r_89_67_71,seq131,r_89_67_71,1.0,1,72,71,76
47,r_24_132_42,r_11_57_96,seq7,r_24_132_42,0.75,0,42,42,76
22,r_88_128_49,r_142_148_78,r_140_47_86,r_88_128_49,1.0,0,49,49,76
8,r_102_116_58,r_9_125_84,seq54,r_102_116_58,1.0,0,58,58,76
65,seq28,r_35_17_44,r_106_109_18,r_106_109_18,0.74,-3,15,18,76
9,r_145_72_68,seq18,r_88_128_49,r_145_72_68,0.92,0,68,68,76
40,r_143_56_59,seq25,seq58,r_143_56_59,0.79,0,59,59,76
49,r_140_47_86,seq62,r_45_101_64,r_140_47_86,0.47,0,86,86,76
48,r_0_60_29,r_124_26_87,seq54,r_0_60_29,0.78,3,32,29,76
43,r_14_77_54,seq36,r_34_20_51,r_14_77_54,1.0,1,55,54,76
17,r_83_99_21,r_110_41_63,r_40_104_14,r_83_99_21,0.98,0,21,21,76
23,r_76_63_11,r_135_133_97,seq122,r_76_63_11,0.98,0,11,11,76
30,r_128_31_70,seq62,seq65,r_128_31_70,0.97,0,70,70,77
20,r_55_38_37,seq124,r_82_112_35,r_55_38_37,0.97,0,37,37,77
0,r_110_141_55,r_128_31_70,r_44_142_94,r_110_141_55,1.0,0,55,55,77
8,r_21_49_24,r_27_63_87,seq84,r_21_49_24,0.94,-5,19,24,77
14,r_120_79_74,seq84,r_19_108_49,r_120_79_74,0.97,1,75,74,77
54,seq9,r_27_63_87,r_34_20_47,r_27_63_87,0.58,-8,79,87,77
3,r_82_112_35,r_109_103_50,seq86,r_82_112_35,1.0,0,35,35,77
5,r_34_20_47,r_80_67_78,seq139,r_80_67_78,0.74,-32,46,78,77
39,r_127_149_72,seq89,seq39,r_127_149_72,0.87,0,72,72,77
46,r_27_63_87,seq9,r_3_47_40,r_27_63_87,0.53,0,87,87,77
21,r_101_102_30,r_110_141_55,r_74_118_31,r_101_102_30,0.99,1,31,30,77
20,r_55_38_37,r_82_112_35,seq97,r_82_112_35,0.6,38,73,35,77
19,r_98_46_12,r_6_104_33,seq133,r_98_46_12,0.9,0,12,12,77
41,r_36_135_67,r_95_42_90,r_109_103_50,r_36_135_67,1.0,0,67,67,77
98,seq124,r_55_38_37,seq89,r_55_38_37,0.95,0,37,37,77
10,r_132_137_61,r_95_42_90,r_109_103_50,r_132_137_61,1.0,0,61,61,77
47,r_138_96_44,r_19_108_49,seq56,r_138_96_44,0.99,3,47,44,77
72,seq62,r_128_31_70,r_98_46_12,r_128_31_70,0.96,0,70,70,77
98,seq124,seq89,r_80_67_78,r_80_67_78,0.91,1,79,78,77
63,seq29,r_41_143_81,r_34_20_47,r_41_143_81,0.78,-4,77,81,77
32,r_78_24_71,r_51_136_39,r_5_50_8,r_51_136_39,0.92,0,39,39,77
42,r_19_108_49,r_131_22_80,seq147,r_19_108_49,1.0,0,49,49,77
10,r_132_137_61,r_109_103_50,r_5_50_8,r_132_137_61,0.5,26,87,61,77
73,seq64,r_34_20_47,r_146_7_26,r_146_7_26,0.99,1,27,26,77
13,r_6_104_33,r_100_91_66,seq84,r_6_104_33,0.81,0,33,33,77
89,seq89,r_59_140_58,r_52_54_65,r_59_140_58,0.98,0,58,58,77
36,r_130_23_51,r_126_37_96,seq133,r_130_23_51,1.0,0,51,51,77
18,r_92_87_16,r_18_16_63,seq25,r_92_87_16,0.65,1,17,16,77
33,r_52_54_65,seq84,seq89,r_52_54_65,0.67,5,70,65,77
11,r_17_88_20,r_80_67_78,seq62,r_17_88_20,0.99,-3,17,20,77
15,r_146_7_26,seq39,seq64,r_146_7_26,0.99,-1,25,26,77
61,seq25,r_126_37_96,r_14_123_79,r_14_123_79,0.85,1,80,79,77
45,r_74_118_31,r_55_38_37,r_101_102_30,r_74_118_31,1.0,0,31,31,77
27,r_59_140_58,seq89,r_130_23_51,r_59_140_58,0.96,0,58,58,77
2,r_51_136_39,r_78_24_71,seq75,r_51_136_39,1.0,0,39,39,77
17,r_14_123_79,r_95_42_90,seq25,r_14_123_79,0.98,0,79,79,77
9,r_80_67_78,seq147,seq124,r_80_67_78,0.65,1,79,78,77
22,r_18_16_63,r_52_54_65,r_98_46_12,r_18_16_63,1.0,0,63,63,77
28,r_131_22_80,r_113_73_4,seq97,r_131_22_80,0.88,0,80,80,77
0,r_110_141_55,r_44_142_94,r_2_45_77,r_110_141_55,0.69,22,77,55,77
49,r_121_10_52,r_80_67_78,seq106,r_121_10_52,0.81,0,52,52,77
81,seq75,r_126_37_96,r_51_136_39,r_51_136_39,0.84,4,43,39,77
34,r_94_53_46,r_18_16_63,r_3_47_40,r_94_53_46,1.0,0,46,46,77
48,r_32_68_42,r_27_63_87,seq11,r_32_68_42,0.99,0,42,42,77
44,r_100_91_66,seq114,r_101_102_30,r_100_91_66,1.0,0,66,66,77
23,r_4_111_89,seq97,r_3_47_40,r_3_47_40,0.64,49,89,40,77
30,r_56_71_47,seq137,seq51,r_56_71_47,0.94,0,47,47,78
46,r_119_24_11,r_42_34_16,r_2_123_10,r_119_24_11,0.91,0,11,11,78
37,r_35_124_64,r_63_95_91,r_91_16_13,r_35_124_64,0.66,0,64,64,78
16,r_22_32_71,r_75_143_99,r_114_67_20,r_22_32_71,0.81,0,71,71,78
21,r_18_144_86,seq129,r_84_52_36,r_18_144_86,0.46,0,86,86,78
97,seq118,r_26_108_81,r_15_113_7,r_26_108_81,0.96,0,81,81,78
87,seq89,r_54_1_49,r_83_81_61,r_54_1_49,0.64,-7,42,49,78
42,r_26_108_81,seq118,r_101_48_78,r_26_108_81,0.98,0,81,81,78
18,r_62_29_29,r_49_127_69,seq43,r_62_29_29,0.97,0,29,29,78
45,r_77_27_65,r_18_144_86,seq100,r_77_27_65,0.99,2,67,65,78
43,r_122_10_58,seq3,seq137,r_122_10_58,1.0,0,58,58,78
2,r_13_17_32,seq30,seq106,r_13_17_32,1.0,0,32,32,78
31,r_116_46_76,r_102_76_8,r_56_71_47,r_116_46_76,0.99,0,76,76,78
10,r_91_16_13,seq121,seq130,r_91_16_13,0.99,0,13,13,78
0,r_41_33_72,seq51,r_74_58_37,r_41_33_72,1.0,0,72,72,78
11,r_49_127_69,seq65,seq79,r_49_127_69,0.73,0,69,69,78
98,seq121,r_91_16_13,seq140,r_91_16_13,0.69,1,14,13,78
12,r_7_90_90,r_35_124_64,r_28_109_50,r_7_90_90,0.96,-40,50,90,78
62,seq145,seq44,r_36_132_39,r_36_132_39,0.95,1,40,39,78
13,r_102_76_8,r_116_46_76,r_73_104_92,r_116_46_76,0.82,0,76,76,78
8,r_117_78_51,seq4,seq31,r_117_78_51,0.99,1,52,51,78
34,r_115_57_17,r_142_50_98,seq88,r_115_57_17,1.0,-1,16,17,78
9,r_96_23_59,r_120_69_3,r_126_99_46,r_120_69_3,0.98,56,59,3,78
32,r_139_59_52,r_122_10_58,seq31,r_139_59_52,0.55,-1,51,52,78
12,r_7_90_90,r_28_109_50,r_13_17_32,r_7_90_90,0.83,-1,89,90,78
29,r_42_34_16,r_119_24_11,seq65,r_42_34_16,0.68,2,18,16,78
40,r_37_5_57,seq8,r_42_34_16,r_37_5_57,0.79,0,57,57,78
1,r_9_141_22,r_74_58_37,r_119_24_11,r_119_24_11,0.59,11,22,11,78
27,r_54_1_49,seq89,r_98_25_80,r_54_1_49,0.93,1,50,49,78
44,r_114_67_20,seq53,r_22_32_71,r_114_67_20,0.68,5,25,20,78
47,r_126_99_46,r_80_125_28,seq140,r_126_99_46,1.0,0,46,46,78
39,r_39_146_34,seq140,seq65,r_39_146_34,1.0,0,34,34,78
65,seq30,r_13_17_32,seq140,r_13_17_32,1.0,0,32,32,78
17,r_110_72_67,seq100,seq53,r_110_72_67,1.0,0,67,67,78
7,r_0_135_60,r_22_32_71,r_119_24_11,r_0_135_60,0.89,0,60,60,78
23,r_28_109_50,r_139_59_52,r_7_90_90,r_28_109_50,0.58,0,50,50,78
19,r_74_58_37,seq44,seq92,r_74_58_37,1.0,0,37,37,78
19,r_28_84_29,seq105,seq85,r_28_84_29,0.58,7,36,29,79
45,r_32_59_15,r_66_149_83,seq36,r_32_59_15,0.77,-1,14,15,79
2,r_138_81_58,seq13,r_20_109_54,r_138_81_58,1.0,0,58,58,79
46,r_37_86_75,seq4,r_20_109_54,r_20_109_54,0.77,20,74,54,79
42,r_106_82_69,seq99,r_2_25_11,r_106_82_69,0.7,-3,66,69,79
43,r_45_125_40,seq29,seq72,r_45_125_40,1.0,0,40,40,79
44,r_74_64_82,r_2_25_11,seq57,r_74_64_82,0.99,0,82,82,79
32,r_0_54_5,r_66_149_83,r_73_40_41,r_73_40_41,0.64,42,83,41,79
38,r_5_39_71,r_136_10_30,r_112_117_26,r_5_39_71,0.79,-39,32,71,79
11,r_103_31_13,seq50,seq60,r_103_31_13,0.97,2,15,13,79
31,r_22_30_80,seq60,r_132_51_2,r_22_30_80,0.96,-2,78,80,79
41,r_131_24_86,seq3,r_69_90_72,r_131_24_86,0.63,0,86,86,79
38,r_5_39_71,r_112_117_26,r_67_26_66,r_5_39_71,0.66,9,80,71,79
44,r_74_64_82,r_75_63_1,r_2_25_11,r_2_25_11,0.78,13,24,11,79
3,r_102_91_17,seq145,r_2_25_11,r_102_91_17,0.75,1,18,17,79
14,r_75_63_1,r_74_64_82,r_2_25_11,r_75_63_1,0.7,23,24,1,79
26,r_33_68_34,seq3,r_135_87_38,r_33_68_34,0.99,1,35,34,79
65,seq36,r_2_25_11,r_32_59_15,r_32_59_15,0.98,1,16,15,79
16,r_77_108_57,seq58,r_28_84_29,r_77_108_57,1.0,0,57,57,79
17,r_73_40_41,seq57,r_0_54_5,r_73_40_41,1.0,0,41,41,79
22,r_46_21_32,r_73_40_41,r_136_10_30,r_46_21_32,0.93,0,32,32,79
8,r_18_93_27,r_77_108_57,seq89,r_18_93_27,0.99,-2,25,27,79
27,r_120_130_68,seq3,seq12,r_120_130_68,1.0,0,68,68,79
30,r_66_149_83,r_0_54_5,r_67_26_66,r_66_149_83,0.67,0,83,83,79
23,r_80_128_45,r_66_149_83,seq41,r_80_128_45,1.0,1,46,45,79
28,r_134_11_61,r_37_86_75,r_136_10_30,r_134_11_61,0.6,-4,57,61,79
24,r_17_44_77,seq9,seq127,r_17_44_77,0.99,0,77,77,79
52,seq4,r_134_11_61,r_52_113_48,r_52_113_48,1.0,1,49,48,79
15,r_76_71_59,r_96_141_98,seq98,r_76_71_59,0.7,-21,38,59,79
21,r_116_35_46,seq104,r_118_101_50,r_116_35_46,1.0,1,47,46,79
36,r_118_101_50,seq99,r_116_35_46,r_118_101_50,0.95,0,50,50,79
1,r_69_90_72,seq148,r_77_108_57,r_77_108_57,0.9,-1,56,57,79
10,r_15_8_43,r_48_14_99,r_132_51_2,r_15_8_43,1.0,-1,42,43,79
9,r_62_142_84,r_135_87_38,r_18_93_27,r_62_142_84,0.77,1,85,84,79
34,r_136_10_30,r_5_39_71,seq29,r_136_10_30,0.76,2,32,30,79
49,r_16_88_89,r_96_141_98,r_133_144_23,r_16_88_89,0.55,1,90,89,79
20,r_126_6_28,r_33_68_34,seq58,r_126_6_28,0.99,1,29,28,79
37,r_2_25_11,seq36,r_102_91_17,r_2_25_11,0.74,2,13,11,79
33,r_112_117_26,r_61_111_19,r_5_39_71,r_112_117_26,0.94,0,26,26,79
0,r_20_109_54,r_17_44_77,r_80_128_45,r_20_109_54,0.99,3,57,54,79
6,r_110_100_8,r_143_114_85,r_133_144_23,r_110_100_8,0.77,11,19,8,79
14,r_27_143_28,r_70_1_93,r_138_149_22,r_70_1_93,0.78,-64,29,93,80
24,r_145_4_35,seq116,seq130,r_145_4_35,1.0,1,36,35,80
30,r_120_102_63,r_106_23_69,seq142,r_120_102_63,0.95,1,64,63,80
99,seq116,r_145_4_35,r_78_109_6,r_145_4_35,1.0,1,36,35,80
35,r_137_22_26,r_124_14_81,r_11_133_36,r_124_14_81,0.8,-11,70,81,80
26,r_39_10_48,seq83,r_145_4_35,r_39_10_48,0.97,-1,47,48,80
13,r_112_148_12,r_31_147_89,seq130,r_112_148_12,0.97,0,12,12,80
21,r_24_88_72,r_80_141_92,seq33,r_24_88_72,1.0,0,72,72,80
7,r_31_147_89,r_27_143_28,seq29,r_31_147_89,0.95,0,89,89,80
52,seq131,r_122_144_33,seq96,r_122_144_33,0.87,-6,27,33,80
2,r_132_92_11,seq146,r_17_6_68,r_132_92_11,0.81,-1,10,11,80
45,r_35_53_51,r_17_6_68,r_20_42_31,r_35_53_51,0.98,0,51,51,80
25,r_84_99_40,seq46,seq19,r_84_99_40,1.0,1,41,40,80
85,seq83,r_39_10_48,r_140_94_78,r_39_10_48,0.73,-3,45,48,80
3,r_125_15_71,r_80_141_92,r_27_143_28,r_125_15_71,1.0,0,71,71,80
10,r_69_114_82,r_87_58_88,seq16,r_69_114_82,0.97,0,82,82,80
11,r_71_95_14,r_13_121_30,seq64,r_71_95_14,0.95,0,14,14,80
8,r_128_51_34,seq38,seq46,r_128_51_34,0.95,0,34,34,80
15,r_57_49_75,seq103,seq33,r_57_49_75,0.91,-1,74,75,80
23,r_61_136_16,r_26_60_59,seq18,r_61_136_16,1.0,-1,15,16,80
6,r_26_60_59,seq104,seq47,r_26_60_59,1.0,0,59,59,80
5,r_41_135_60,seq2,seq16,r_41_135_60,0.91,-7,53,60,80
33,r_138_149_22,r_31_147_89,r_27_143_28,r_138_149_22,0.69,38,60,22,80
42,r_123_25_45,seq38,r_8_36_32,r_123_25_45,1.0,0,45,45,80
40,r_21_9_70,r_67_97_77,r_106_23_69,r_21_9_70,0.96,-1,69,70,80
29,r_106_23_69,seq111,r_21_9_70,r_106_23_69,0.94,0,69,69,80
46,r_122_144_33,seq131,r_3_101_43,r_122_144_33,0.99,0,33,33,80
4,r_20_42_31,seq33,r_61_136_16,r_20_42_31,1.0,0,31,31,80
44,r_11_133_36,r_69_114_82,r_137_22_26,r_69_114_82,0.51,-46,36,82,80
1,r_119_74_29,r_69_114_82,r_132_92_11,r_119_74_29,0.83,0,29,29,80
47,r_124_14_81,r_137_22_26,r_24_88_72,r_124_14_81,0.78,1,82,81,80
22,r_13_121_30,seq18,seq45,r_13_121_30,1.0,0,30,30,80
31,r_3_101_43,r_122_144_33,seq7,r_3_101_43,0.71,4,47,43,80
35,r_137_22_26,r_13_121_30,r_124_14_81,r_137_22_26,1.0,0,26,26,80
12,r_40_126_56,r_66_77_65,seq139,r_40_126_56,0.94,-3,53,56,80
81,seq73,r_66_77_65,seq47,r_66_77_65,1.0,-4,61,65,80
9,r_30_76_67,r_31_147_89,r_78_109_6,r_30_76_67,1.0,0,67,67,80
33,r_138_149_22,r_39_10_48,r_31_147_89,r_138_149_22,1.0,1,23,22,80
91,seq103,r_57_49_75,r_112_148_12,r_57_49_75,0.95,-2,73,75,80
48,r_8_36_32,r_84_99_40,r_87_58_88,r_8_36_32,0.92,0,32,32,80
7,r_31_147_89,r_93_85_37,r_27_143_28,r_31_147_89,0.91,-52,37,89,80
47,r_124_14_81,r_145_4_35,r_137_22_26,r_124_14_81,0.97,-55,26,81,80
19,r_93_85_37,r_31_147_89,seq33,r_93_85_37,0.98,0,37,37,80
30,r_45_120_47,r_74_128_88,r_65_134_81,r_65_134_81,0.48,7,88,81,81
16,r_99_58_14,r_130_1_62,seq95,r_99_58_14,0.59,2,16,14,81
9,r_142_38_5,r_140_41_86,r_104_132_26,r_140_41_86,0.62,-1,85,86,81
41,r_127_108_48,r_17_9_53,seq84,r_127_108_48,0.86,1,49,48,81
43,r_56_82_67,seq98,r_40_105_8,r_56_82_67,1.0,0,67,67,81
37,r_17_9_53,seq80,seq72,r_17_9_53,0.67,4,57,53,81
98,seq121,r_129_135_29,r_5_133_43,r_5_133_43,0.99,14,57,43,81
12,r_79_8_50,r_97_88_94,seq73,r_79_8_50,1.0,4,54,50,81
42,r_68_51_72,seq54,r_97_88_94,r_68_51_72,0.97,1,73,72,81
21,r_119_124_23,r_18_0_77,r_47_25_6,r_119_124_23,0.89,0,23,23,81
2,r_78_149_10,r_104_132_26,seq98,r_78_149_10,0.99,0,10,10,81
19,r_126_11_89,seq98,r_28_62_93,r_126_11_89,0.5,-1,88,89,81
5,r_47_25_6,r_59_137_69,r_119_124_23,r_119_124_23,0.56,26,49,23,81
14,r_44_89_1,r_125_139_51,r_40_105_8,r_125_139_51,0.48,5,56,51,81
26,r_122_36_73,r_28_62_93,seq136,r_122_36_73,0.96,0,73,73,81
1,r_69_115_13,r_44_89_1,seq98,r_69_115_13,0.99,0,13,13,81
0,r_104_132_26,seq13,r_6_114_78,r_104_132_26,0.49,53,79,26,81
20,r_50_147_91,seq136,r_104_132_26,r_50_147_91,0.51,-1,90,91,81
13,r_140_41_86,r_113_96_65,r_142_38_5,r_113_96_65,1.0,0,65,65,81
6,r_23_27_64,r_68_51_72,r_112_3_31,r_112_3_31,0.61,33,64,31,81
46,r_125_139_51,seq52,r_42_2_30,r_125_139_51,0.78,0,51,51,81
13,r_140_41_86,r_142_38_5,r_30_138_56,r_140_41_86,0.76,1,87,86,81
48,r_63_55_32,seq21,r_47_25_6,r_63_55_32,0.84,-10,22,32,81
40,r_12_106_45,seq84,r_91_118_36,r_91_118_36,0.68,40,76,36,81
29,r_18_0_77,r_140_41_86,seq54,r_18_0_77,0.94,0,77,77,81
35,r_86_24_55,seq90,seq123,r_86_24_55,0.98,2,57,55,81
38,r_59_137_69,seq16,r_29_141_76,r_59_137_69,0.62,7,76,69,81
11,r_112_3_31,r_50_147_91,seq19,r_112_3_31,0.99,-1,30,31,81
76,seq67,r_43_145_18,seq49,r_43_145_18,1.0,1,19,18,81
23,r_5_133_43,r_140_41_86,seq33,r_5_133_43,1.0,0,43,43,81
17,r_100_39_90,seq102,r_101_31_9,r_100_39_90,0.55,0,90,90,81
34,r_42_2_30,r_17_9_53,seq49,r_42_2_30,0.99,1,31,30,81
90,seq95,r_107_37_82,r_99_58_14,r_99_58_14,1.0,0,14,14,81
7,r_91_118_36,seq49,r_129_135_29,r_91_118_36,1.0,0,36,36,81
49,r_6_114_78,seq46,r_104_132_26,r_6_114_78,0.91,0,78,78,81
3,r_43_145_18,seq67,seq66,r_43_145_18,0.84,1,19,18,81
18,r_56_133_42,r_61_0_94,seq138,r_61_0_94,0.74,-35,59,94,82
40,r_7_71_20,r_89_114_18,seq8,r_7_71_20,1.0,0,20,20,82
8,r_106_122_79,seq18,seq84,r_106_122_79,0.8,0,79,79,82
43,r_80_21_66,r_55_9_69,r_69_4_6,r_55_9_69,0.82,-1,68,69,82
3,r_109_36_47,r_55_9_69,seq75,r_109_36_47,1.0,1,48,47,82
15,r_110_144_22,seq18,seq99,r_110_144_22,0.96,0,22,22,82
1,r_81_46_60,r_55_9_69,seq14,r_81_46_60,1.0,0,60,60,82
42,r_103_52_77,r_5_23_99,r_35_44_17,r_103_52_77,0.84,0,77,77,82
31,r_100_45_53,r_139_70_82,r_113_74_23,r_100_45_53,0.99,3,56,53,82
30,r_117_63_45,r_139_70_82,r_69_4_6,r_117_63_45,1.0,0,45,45,82
19,r_55_9_69,r_76_13_74,r_56_133_42,r_55_9_69,0.77,0,69,69,82
67,seq26,r_85_136_62,seq108,r_85_136_62,0.9,1,63,62,82
37,r_66_120_46,seq75,r_89_114_18,r_66_120_46,1.0,2,48,46,82
10,r_5_23_99,r_103_52_77,r_100_45_53,r_5_23_99,0.89,-22,77,99,82
12,r_146_88_10,seq54,seq97,r_146_88_10,0.79,1,11,10,82
0,r_30_72_78,seq14,seq18,r_30_72_78,0.78,2,80,78,82
25,r_29_38_26,r_77_137_88,r_132_19_25,r_29_38_26,0.97,4,30,26,82
5,r_82_147_11,seq43,seq99,r_82_147_11,0.99,0,11,11,82
13,r_60_65_65,r_5_23_99,seq97,r_60_65_65,0.66,8,73,65,82
27,r_15_96_32,r_148_53_80,r_58_34_9,r_15_96_32,1.0,1,33,32,82
41,r_134_131_7,r_77_137_88,r_22_67_37,r_134_131_7,0.52,50,57,7,82
34,r_22_67_37,seq59,seq1,r_22_67_37,0.79,-4,33,37,82
46,r_148_53_80,r_60_65_65,r_81_46_60,r_148_53_80,0.98,0,80,80,82
45,r_132_19_25,seq93,seq128,r_132_19_25,0.9,0,25,25,82
7,r_35_44_17,seq25,r_90_6_13,r_35_44_17,0.88,2,19,17,82
47,r_85_136_62,seq26,r_89_114_18,r_85_136_62,0.66,1,63,62,82
46,r_148_53_80,r_15_96_32,r_60_65_65,r_15_96_32,0.64,1,33,32,82
44,r_79_124_39,seq16,seq75,r_79_124_39,1.0,2,41,39,82
16,r_113_74_23,r_132_19_25,r_5_23_99,r_113_74_23,1.0,0,23,23,82
32,r_130_10_72,r_139_70_82,r_5_23_99,r_130_10_72,0.96,1,73,72,82
48,r_41_32_44,r_5_23_99,seq111,r_41_32_44,1.0,0,44,44,82
24,r_90_6_13,r_47_37_90,r_35_44_17,r_90_6_13,0.97,1,14,13,82
9,r_73_3_48,seq14,r_41_32_44,r_73_3_48,1.0,2,50,48,82
21,r_104_101_40,r_22_67_37,r_113_74_23,r_104_101_40,0.69,1,41,40,82
65,seq24,r_17_94_57,r_139_70_82,r_17_94_57,1.0,1,58,57,82
17,r_102_86_76,seq129,r_121_68_58,r_102_86_76,0.44,0,76,76,82
14,r_17_94_57,seq24,seq20,r_17_94_57,0.99,1,58,57,82
22,r_139_70_82,r_130_10_72,seq24,r_130_10_72,1.0,1,73,72,82
74,seq50,r_102_86_76,r_89_114_18,r_89_114_18,0.76,3,21,18,82
23,r_119_49_64,seq75,r_85_136_62,r_119_49_64,0.98,0,64,64,82
49,r_89_114_18,r_7_71_20,seq50,r_89_114_18,0.6,2,20,18,82
11,r_121_68_58,seq16,r_15_96_32,r_15_96_32,0.65,26,58,32,82
35,r_115_48_61,seq16,r_17_94_57,r_115_48_61,0.68,2,63,61,82
9,r_106_56_43,seq121,seq47,r_106_56_43,1.0,0,43,43,83
17,r_67_60_47,seq145,seq19,r_67_60_47,1.0,0,47,47,83
53,seq132,r_137_124_61,r_76_57_12,r_137_124_61,0.95,0,61,61,83
3,r_53_109_48,seq7,r_106_56_43,r_53_109_48,1.0,0,48,48,83
18,r_89_91_32,r_74_95_82,r_41_40_14,r_89_91_32,0.56,0,32,32,83
37,r_88_20_85,r_58_0_71,r_115_147_87,r_58_0_71,0.59,1,72,71,83
41,r_144_24_18,r_127_102_77,seq145,r_144_24_18,0.98,0,18,18,83
16,r_79_142_68,seq16,seq145,r_79_142_68,0.93,0,68,68,83
39,r_98_38_60,seq9,r_69_44_16,r_98_38_60,0.99,0,60,60,83
42,r_30_37_78,r_143_97_91,r_54_25_38,r_143_97_91,0.74,-8,83,91,83
22,r_8_36_58,r_92_12_2,seq128,r_8_36_58,1.0,0,58,58,83
31,r_104_22_37,seq113,seq90,r_104_22_37,0.99,1,38,37,83
98,seq121,r_63_49_40,seq33,r_63_49_40,1.0,1,41,40,83
27,r_69_44_16,seq77,r_3_35_96,r_69_44_16,1.0,1,17,16,83
30,r_28_13_33,r_5_78_42,seq7,r_28_13_33,0.99,0,33,33,83
0,r_115_147_87,r_75_50_72,r_88_20_85,r_115_147_87,0.77,-5,82,87,83
2,r_82_31_41,r_107_148_74,seq18,r_82_31_41,1.0,1,42,41,83
28,r_14_10_26,seq90,seq128,r_14_10_26,1.0,0,26,26,83
64,seq18,r_123_73_92,r_82_31_41,r_82_31_41,0.94,12,53,41,83
15,r_41_40_14,r_106_56_43,seq51,r_41_40_14,0.94,-1,13,14,83
1,r_76_57_12,r_53_109_48,seq113,r_76_57_12,0.7,0,12,12,83
29,r_75_50_72,r_115_147_87,r_30_37_78,r_75_50_72,0.49,18,90,72,83
21,r_107_148_74,r_137_124_61,seq1,r_107_148_74,0.99,1,75,74,83
6,r_63_49_40,seq121,seq119,r_63_49_40,1.0,1,41,40,83
25,r_80_135_83,seq110,r_67_60_47,r_80_135_83,0.82,0,83,83,83
33,r_123_73_92,r_4_134_66,seq132,r_4_134_66,1.0,0,66,66,83
36,r_42_34_22,r_8_36_58,seq62,r_42_34_22,0.8,0,22,22,83
48,r_58_0_71,r_88_20_85,seq116,r_58_0_71,1.0,0,71,71,83
38,r_81_100_65,seq19,r_63_49_40,r_81_100_65,1.0,0,65,65,83
26,r_54_25_38,seq129,r_104_22_37,r_54_25_38,0.87,0,38,38,83
24,r_61_23_21,r_42_34_22,seq2,r_61_23_21,0.92,2,23,21,83
47,r_66_71_39,seq7,seq39,r_66_71_39,1.0,0,39,39,83
13,r_141_125_23,r_99_133_93,seq2,r_141_125_23,0.99,0,23,23,83
48,r_58_0_71,r_5_78_42,r_88_20_85,r_5_78_42,0.99,0,42,42,83
44,r_137_124_61,seq132,r_107_148_74,r_137_124_61,1.0,0,61,61,83
21,r_107_148_74,r_82_31_41,r_137_124_61,r_107_148_74,0.98,-32,42,74,83
23,r_108_46_62,seq110,r_28_13_33,r_108_46_62,1.0,0,62,62,83
43,r_136_17_50,seq139,seq83,r_136_17_50,1.0,1,51,50,83
35,r_4_134_66,r_123_73_92,seq110,r_4_134_66,0.99,0,66,66,83
11,r_5_78_42,r_58_0_71,seq94,r_5_78_42,0.46,0,42,42,83
74,seq47,seq39,r_106_56_43,r_106_56_43,1.0,0,43,43,83
30,r_121_13_68,r_36_1_98,r_117_5_53,r_121_13_68,1.0,-6,62,68,84
18,r_75_137_58,seq132,seq43,r_75_137_58,0.84,1,59,58,84
37,r_99_85_60,seq128,r_64_98_67,r_99_85_60,0.96,7,67,60,84
16,r_149_77_25,r_110_109_91,seq66,r_149_77_25,0.88,0,25,25,84
15,r_48_26_22,r_67_46_64,seq43,r_48_26_22,0.88,0,22,22,84
21,r_6_139_90,seq31,seq47,r_6_139_90,0.57,0,90,90,84
39,r_40_35_85,seq0,r_4_2_81,r_40_35_85,0.77,2,87,85,84
46,r_29_112_72,seq134,seq79,r_29_112_72,0.83,1,73,72,84
42,r_12_135_87,r_38_61_2,r_18_86_78,r_12_135_87,0.51,1,88,87,84
44,r_78_81_29,r_33_9_86,r_108_123_33,r_33_9_86,0.97,1,87,86,84
8,r_21_93_65,seq145,seq106,r_21_93_65,0.89,-6,59,65,84
0,r_55_126_23,seq69,r_21_93_65,r_55_126_23,1.0,1,24,23,84
32,r_117_5_53,r_82_17_92,seq131,r_117_5_53,0.98,1,54,53,84
31,r_113_30_69,seq128,r_59_10_26,r_113_30_69,1.0,0,69,69,84
13,r_141_22_55,r_32_100_1,seq15,r_141_22_55,0.98,-1,54,55,84
64,seq34,seq146,r_108_123_33,r_108_123_33,1.0,3,36,33,84
10,r_11_119_63,r_42_41_59,seq83,r_11_119_63,0.99,2,65,63,84
89,seq103,r_42_41_59,r_118_148_21,r_118_148_21,0.94,7,28,21,84
4,r_39_130_70,r_6_139_90,r_64_98_67,r_39_130_70,0.98,0,70,70,84
98,seq124,r_64_98_67,seq143,r_64_98_67,0.99,1,68,67,84
48,r_71_28_83,seq131,r_113_30_69,r_71_28_83,0.53,0,83,83,84
49,r_32_100_1,r_40_35_85,r_84_116_84,r_32_100_1,0.71,74,75,1,84
6,r_88_3_71,seq37,r_64_98_67,r_88_3_71,0.92,0,71,71,84
34,r_91_53_34,r_39_130_70,r_38_61_2,r_91_53_34,0.99,0,34,34,84
33,r_101_72_46,r_88_3_71,r_129_62_88,r_129_62_88,0.81,-42,46,88,84
11,r_129_62_88,r_51_94_96,r_101_72_46,r_101_72_46,0.98,-2,44,46,84
36,r_19_74_51,r_88_3_71,seq43,r_19_74_51,0.99,0,51,51,84
27,r_102_24_27,r_36_1_98,seq132,r_102_24_27,0.9,2,29,27,84
2,r_65_20_66,r_32_100_1,r_63_7_24,r_65_20_66,0.84,1,67,66,84
12,r_142_25_13,r_42_41_59,seq145,r_42_41_59,0.73,-46,13,59,84
40,r_59_10_26,seq76,seq69,r_59_10_26,1.0,0,26,26,84
5,r_108_123_33,seq0,seq34,r_108_123_33,0.97,3,36,33,84
74,seq68,r_56_27_97,r_88_3_71,r_88_3_71,0.98,-1,70,71,84
24,r_45_97_79,r_127_70_7,seq44,r_127_70_7,0.54,72,79,7,84
25,r_84_116_84,seq111,r_32_100_1,r_84_116_84,0.86,0,84,84,84
78,seq79,r_78_81_29,r_18_86_78,r_78_81_29,1.0,4,33,29,84
43,r_33_9_86,r_29_112_72,r_78_81_29,r_33_9_86,0.63,-49,37,86,84
73,seq66,r_42_41_59,r_149_77_25,r_149_77_25,0.96,10,35,25,84
66,seq43,seq76,r_48_26_22,r_48_26_22,0.87,21,43,22,84
92,seq106,r_127_70_7,r_21_93_65,r_21_93_65,0.52,-15,50,65,84
38,r_18_86_78,seq125,seq0,r_18_86_78,0.7,3,81,78,84
52,seq131,r_71_28_83,r_39_130_70,r_39_130_70,0.55,13,83,70,84
3,r_118_148_21,seq125,seq103,r_118_148_21,1.0,0,21,21,84
44,r_78_81_29,seq79,r_33_9_86,r_78_81_29,1.0,0,29,29,84
41,r_147_140_14,r_12_135_87,seq66,r_147_140_14,0.77,1,15,14,84
26,r_115_54_57,r_39_130_70,seq37,r_115_54_57,0.99,0,57,57,84
99,seq125,r_118_148_21,r_18_86_78,r_118_148_21,0.99,0,21,21,84
17,r_38_61_2,r_56_27_97,r_91_53_34,r_91_53_34,0.99,27,61,34,84
9,r_64_98_67,seq124,r_11_119_63,r_64_98_67,0.71,1,68,67,84
43,r_33_9_86,r_78_81_29,seq37,r_33_9_86,1.0,1,87,86,84
47,r_67_46_64,seq145,seq124,r_67_46_64,0.91,-15,49,64,84
0,r_55_126_23,r_21_93_65,r_88_3_71,r_88_3_71,0.49,0,71,71,84
49,r_32_100_1,r_141_22_55,r_40_35_85,r_32_100_1,0.82,63,64,1,84
22,r_63_7_24,r_51_94_96,seq80,r_63_7_24,0.73,1,25,24,84
29,r_50_95_94,r_113_30_69,seq0,r_113_30_69,0.82,-32,37,69,84
35,r_4_2_81,seq58,seq134,r_4_2_81,0.64,0,81,81,84
45,r_138_60_18,seq34,seq69,r_138_60_18,1.0,0,18,18,84
17,r_122_29_9,r_84_131_7,r_18_111_57,r_18_111_57,0.86,0,57,57,85
6,r_89_133_30,r_77_11_52,seq3,r_89_133_30,0.87,2,32,30,85
8,r_0_58_97,r_104_52_78,r_63_116_34,r_0_58_97,0.61,-18,79,97,85
4,r_77_11_52,r_31_129_70,r_144_90_16,r_77_11_52,0.5,1,53,52,85
37,r_127_78_76,seq67,seq33,r_127_78_76,0.79,1,77,76,85
42,r_112_35_51,seq69,seq87,r_112_35_51,0.99,1,52,51,85
20,r_14_43_38,r_146_95_77,seq134,r_14_43_38,0.85,2,40,38,85
21,r_12_50_63,seq135,seq132,r_12_50_63,0.94,0,63,63,85
29,r_144_90_16,r_91_51_94,seq21,r_144_90_16,0.9,-3,13,16,85
1,r_1_107_18,r_60_25_29,seq142,r_1_107_18,0.68,0,18,18,85
31,r_2_62_53,seq132,r_60_25_29,r_2_62_53,0.59,3,56,53,85
45,r_110_86_66,seq139,seq69,r_110_86_66,0.94,0,66,66,85
19,r_26_4_65,seq3,r_84_131_7,r_26_4_65,0.93,5,70,65,85
38,r_40_20_47,r_136_32_87,seq24,r_40_20_47,1.0,0,47,47,85
41,r_80_46_67,seq88,r_82_119_10,r_80_46_67,0.99,2,69,67,85
26,r_113_143_62,seq99,r_112_35_51,r_113_143_62,0.86,0,62,62,85
49,r_65_49_33,seq71,seq21,r_65_49_33,0.93,1,34,33,85
48,r_123_47_79,r_136_32_87,r_12_50_63,r_123_47_79,0.56,6,85,79,85
27,r_136_32_87,seq74,r_59_137_43,r_136_32_87,0.77,0,87,87,85
77,seq70,r_97_15_72,r_96_66_24,r_96_66_24,1.0,5,29,24,85
3,r_36_73_19,r_120_83_85,seq138,r_36_73_19,0.96,1,20,19,85
24,r_96_66_24,r_136_32_87,seq70,r_96_66_24,0.65,0,24,24,85
2,r_28_27_80,seq37,seq13,r_28_27_80,0.86,0,80,80,85
16,r_63_116_34,seq87,r_0_58_97,r_63_116_34,0.67,3,37,34,85
7,r_115_55_15,r_77_11_52,seq22,r_115_55_15,0.66,1,16,15,85
46,r_18_111_57,seq109,r_122_29_9,r_18_111_57,0.94,0,57,57,85
88,seq99,r_120_83_85,r_115_55_15,r_120_83_85,0.69,0,85,85,85
32,r_104_52_78,r_0_58_97,seq33,r_104_52_78,0.67,1,79,78,85
47,r_10_140_46,r_104_52_78,r_59_137_43,r_104_52_78,0.86,-33,45,78,85
33,r_94_85_26,r_56_38_36,seq145,r_94_85_26,0.99,1,27,26,85
14,r_7_53_58,r_31_129_70,r_89_133_30,r_7_53_58,0.83,0,58,58,85
9,r_102_149_61,r_45_48_88,seq30,r_102_149_61,1.0,0,61,61,85
11,r_59_137_43,r_12_50_63,r_10_140_46,r_12_50_63,0.92,-18,45,63,85
56,seq139,r_110_86_66,r_84_131_7,r_110_86_66,0.7,7,73,66,85
43,r_105_57_42,r_59_137_43,r_144_90_16,r_59_137_43,0.73,2,45,43,85
12,r_64_130_89,seq30,r_82_119_10,r_64_130_89,0.7,0,89,89,85
39,r_56_38_36,seq37,r_1_107_18,r_56_38_36,0.76,0,36,36,85
93,seq102,r_11_41_85,r_32_37_47,r_11_41_85,0.94,0,85,85,86
26,r_68_143_70,r_71_12_26,r_20_42_6,r_68_143_70,0.88,-43,27,70,86
19,r_82_148_44,seq19,seq85,r_82_148_44,1.0,0,44,44,86
96,seq115,seq133,r_131_75_22,r_131_75_22,1.0,20,42,22,86
18,r_62_24_51,seq96,seq31,r_62_24_51,1.0,0,51,51,86
48,r_136_48_12,r_110_34_60,seq40,r_136_48_12,0.9,0,12,12,86
86,seq86,seq31,r_101_112_36,r_101_112_36,1.0,44,80,36,86
12,r_95_135_49,r_28_47_5,seq132,r_95_135_49,1.0,0,49,49,86
43,r_71_12_26,r_68_143_70,seq2,r_71_12_26,0.54,1,27,26,86
1,r_11_41_85,seq102,r_95_135_49,r_11_41_85,0.56,0,85,85,86
42,r_66_13_54,r_7_8_62,r_76_25_34,r_66_13_54,0.99,1,55,54,86
32,r_18_87_32,r_82_148_44,seq6,r_82_148_44,0.95,-9,35,44,86
53,seq133,seq38,r_54_51_25,r_54_51_25,0.71,18,43,25,86
95,seq113,seq22,r_68_143_70,r_68_143_70,0.94,-1,69,70,86
38,r_70_56_86,r_20_42_6,r_32_37_47,r_70_56_86,0.57,0,86,86,86
34,r_131_75_22,seq138,seq115,r_131_75_22,1.0,0,22,22,86
45,r_116_80_57,seq73,seq127,r_116_80_57,0.97,0,57,57,86
41,r_45_142_73,seq134,r_76_25_34,r_45_142_73,0.59,-31,42,73,86
16,r_55_67_18,r_110_34_60,seq99,r_55_67_18,0.86,0,18,18,86
28,r_76_25_34,seq23,r_45_142_73,r_76_25_34,0.66,8,42,34,86
31,r_20_42_6,r_70_56_86,seq78,r_70_56_86,0.73,-27,59,86,86
33,r_54_51_25,r_149_10_40,seq133,r_54_51_25,0.63,0,25,25,86
3,r_101_112_36,seq22,seq86,r_101_112_36,1.0,0,36,36,86
13,r_110_34_60,seq133,r_95_135_49,r_110_34_60,0.82,1,61,60,86
15,r_53_46_66,seq81,r_55_67_18,r_53_46_66,0.56,0,66,66,86
62,seq22,r_101_112_36,r_28_47_5,r_101_112_36,0.9,-14,22,36,86
28,r_76_25_34,r_45_142_73,r_66_13_54,r_45_142_73,0.83,0,73,73,86
0,r_149_10_40,r_3_27_55,seq60,r_149_10_40,1.0,0,40,40,86
26,r_68_143_70,r_20_42_6,seq113,r_68_143_70,0.91,2,72,70,86
9,r_89_30_35,r_117_129_93,seq60,r_89_30_35,0.69,0,35,35,86
27,r_0_103_74,r_11_41_85,r_20_42_6,r_0_103_74,0.96,0,74,74,86
14,r_123_144_42,r_107_121_78,r_9_36_8,r_123_144_42,0.98,0,42,42,86
85,seq85,r_32_37_47,r_82_148_44,r_82_148_44,1.0,12,56,44,86
47,r_125_111_77,r_104_21_92,r_76_25_34,r_125_111_77,1.0,0,77,77,86
40,r_107_121_78,r_74_108_84,r_97_57_63,r_107_121_78,0.84,1,79,78,86
74,seq58,r_100_120_75,r_69_126_91,r_100_120_75,0.88,1,76,75,86
99,seq127,seq19,r_116_80_57,r_116_80_57,0.97,1,58,57,86
36,r_63_118_52,seq140,seq43,r_63_118_52,1.0,0,52,52,86
25,r_74_108_84,seq132,seq79,r_74_108_84,0.88,1,85,84,86
65,seq31,seq86,r_62_24_51,r_62_24_51,1.0,29,80,51,86
52,seq132,r_74_108_84,r_95_135_49,r_95_135_49,0.72,35,84,49,86
16,r_55_67_18,seq99,r_63_118_52,r_63_118_52,0.99,15,67,52,86
80,seq78,r_71_12_26,r_20_42_6,r_20_42_6,0.52,22,28,6,86
79,seq73,r_116_80_57,r_9_36_8,r_116_80_57,1.0,0,57,57,86
6,r_88_109_33,seq17,r_54_51_25,r_88_109_33,1.0,0,33,33,86
17,r_28_47_5,seq22,r_7_8_62,r_28_47_5,0.66,64,69,5,86
70,seq40,seq78,r_136_48_12,r_136_48_12,0.96,1,13,12,86
22,r_100_120_75,seq58,seq19,r_100_120_75,1.0,1,76,75,86
41,r_45_142_73,r_76_25_34,r_32_37_47,r_45_142_73,0.75,0,73,73,86
49,r_65_5_80,seq138,r_71_12_26,r_65_5_80,0.97,1,81,80,86
7,r_7_8_62,seq60,seq147,r_7_8_62,0.84,3,65,62,86
44,r_97_57_63,seq133,r_116_80_57,r_97_57_63,1.0,0,63,63,86
90,seq96,r_62_24_51,r_15_26_1,r_62_24_51,1.0,0,51,51,86
82,seq81,r_90_114_83,seq6,r_90_114_83,0.54,5,88,83,86
62,seq22,r_28_47_5,seq147,r_28_47_5,0.49,60,65,5,86
40,r_62_94_43,r_112_111_76,seq12,r_62_94_43,0.55,0,43,43,87
36,r_143_71_64,seq55,seq113,r_143_71_64,0.97,0,64,64,87
6,r_68_41_52,r_0_6_93,r_13_45_49,r_0_6_93,0.58,-41,52,93,87
14,r_88_17_78,seq130,r_112_111_76,r_112_111_76,0.8,0,76,76,87
43,r_125_118_58,r_112_111_76,r_68_41_52,r_125_118_58,1.0,2,60,58,87
37,r_38_52_81,r_108_126_89,r_0_6_93,r_38_52_81,0.97,0,81,81,87
71,seq37,r_34_4_75,r_101_86_68,r_34_4_75,1.0,-5,70,75,87
16,r_120_44_73,r_91_75_94,seq147,r_91_75_94,0.65,-22,72,94,87
24,r_100_85_30,r_73_40_32,r_143_71_64,r_143_71_64,0.98,-34,30,64,87
27,r_105_109_59,r_143_71_64,seq20,r_105_109_59,0.77,0,59,59,87
23,r_134_83_25,r_121_146_97,r_0_6_93,r_134_83_25,0.84,-3,22,25,87
52,seq130,r_88_17_78,r_72_67_12,r_72_67_12,0.84,10,22,12,87
25,r_60_104_36,seq50,seq116,r_60_104_36,1.0,0,36,36,87
95,seq147,r_58_99_69,r_120_44_73,r_58_99_69,0.97,1,70,69,87
71,seq37,r_123_78_15,r_34_4_75,r_123_78_15,0.72,0,15,15,87
46,r_79_54_17,seq147,r_87_48_9,r_79_54_17,0.88,0,17,17,87
10,r_112_111_76,seq1,r_88_17_78,r_112_111_76,0.48,0,76,76,87
4,r_101_86_68,r_81_59_88,r_95_49_38,r_95_49_38,0.98,27,65,38,87
5,r_115_65_54,r_5_103_87,seq35,r_115_65_54,1.0,0,54,54,87
31,r_53_27_86,seq9,r_68_41_52,r_53_27_86,0.91,0,86,86,87
20,r_127_21_60,seq116,seq141,r_127_21_60,0.75,0,60,60,87
48,r_34_4_75,seq37,r_79_54_17,r_34_4_75,0.6,0,75,75,87
35,r_123_78_15,seq37,seq8,r_123_78_15,0.95,1,16,15,87
2,r_84_2_45,r_81_59_88,seq29,r_84_2_45,0.92,-1,44,45,87
47,r_58_99_69,r_148_133_57,r_134_83_25,r_58_99_69,1.0,0,69,69,87
7,r_77_10_1,r_95_49_38,r_87_48_9,r_77_10_1,0.8,10,11,1,87
28,r_148_133_57,r_58_99_69,seq66,r_58_99_69,0.85,-10,59,69,87
3,r_73_40_32,r_127_21_60,r_123_78_15,r_73_40_32,0.71,0,32,32,87
75,seq50,r_16_107_91,seq57,r_16_107_91,0.63,-19,72,91,87
31,r_53_27_86,r_24_149_46,seq9,r_24_149_46,0.92,-1,45,46,87
24,r_100_85_30,r_143_71_64,seq57,r_100_85_30,0.53,38,68,30,87
21,r_24_149_46,r_53_27_86,seq98,r_24_149_46,1.0,0,46,46,87
13,r_13_45_49,r_18_36_50,r_11_15_95,r_11_15_95,0.88,-46,49,95,87
22,r_136_22_13,r_84_2_45,seq76,r_136_22_13,0.98,0,13,13,87
29,r_7_51_18,seq14,r_136_22_13,r_136_22_13,0.99,7,20,13,87
8,r_95_49_38,r_33_74_77,seq116,r_95_49_38,1.0,0,38,38,87
34,r_137_31_22,r_73_40_32,seq141,r_73_40_32,0.75,-9,23,32,87
56,seq9,r_53_27_86,r_33_74_77,r_53_27_86,0.44,0,86,86,87
22,r_124_105_54,r_92_41_56,r_27_13_22,r_27_13_22,0.75,32,54,22,88
1,r_53_2_76,r_96_90_83,r_107_68_78,r_107_68_78,0.77,1,79,78,88
5,r_128_100_88,seq80,r_53_2_76,r_53_2_76,0.82,12,88,76,88
42,r_135_91_6,r_106_75_81,r_138_26_68,r_138_26_68,0.5,0,68,68,88
33,r_59_78_46,seq112,r_55_86_55,r_59_78_46,0.73,13,59,46,88
16,r_142_110_42,r_49_9_99,seq63,r_142_110_42,0.95,0,42,42,88
21,r_48_44_19,seq137,r_50_134_3,r_48_44_19,0.92,3,22,19,88
23,r_113_18_51,r_117_24_67,seq87,r_113_18_51,0.74,0,51,51,88
29,r_82_28_38,seq58,r_55_86_55,r_82_28_38,0.99,0,38,38,88
2,r_149_132_29,seq71,seq69,r_149_132_29,1.0,0,29,29,88
41,r_56_15_53,r_49_9_99,r_117_24_67,r_56_15_53,0.89,3,56,53,88
0,r_125_99_84,seq148,r_56_15_53,r_125_99_84,0.33,-1,83,84,88
37,r_27_13_22,r_125_99_84,seq95,r_27_13_22,0.93,0,22,22,88
13,r_10_102_69,seq52,r_6_121_59,r_10_102_69,0.89,1,70,69,88
15,r_117_24_67,r_10_102_69,r_145_12_33,r_145_12_33,0.93,38,71,33,88
48,r_77_5_74,seq97,seq32,r_77_5_74,0.92,1,75,74,88
10,r_7_79_60,r_16_123_77,r_60_45_34,r_7_79_60,0.96,1,61,60,88
26,r_46_133_31,seq87,seq19,r_46_133_31,0.98,0,31,31,88
41,r_56_15_53,r_117_24_67,r_125_99_84,r_56_15_53,0.51,21,74,53,88
34,r_11_129_45,seq87,seq111,r_11_129_45,0.93,2,47,45,88
40,r_65_120_66,r_10_102_69,r_113_18_51,r_10_102_69,0.87,0,69,69,88
18,r_106_75_81,seq103,r_16_123_77,r_106_75_81,0.57,-3,78,81,88
59,seq20,r_145_12_33,r_84_85_36,r_145_12_33,1.0,0,33,33,88
32,r_122_36_72,r_50_134_3,seq108,r_122_36_72,0.48,0,72,72,88
38,r_6_121_59,seq104,seq103,r_6_121_59,0.59,9,68,59,88
24,r_84_85_36,r_81_131_96,seq127,r_84_85_36,0.97,1,37,36,88
10,r_7_79_60,r_60_45_34,r_16_123_77,r_60_45_34,0.9,1,35,34,88
81,seq72,r_147_114_1,r_56_15_53,r_56_15_53,0.65,10,63,53,88
43,r_92_41_56,seq80,seq52,r_92_41_56,1.0,0,56,56,88
7,r_1_141_35,r_82_28_38,seq71,r_1_141_35,0.98,0,35,35,88
4,r_145_12_33,seq20,seq8,r_145_12_33,0.9,0,33,33,88
19,r_50_134_3,r_122_36_72,r_48_44_19,r_50_134_3,0.58,34,37,3,88
35,r_107_68_78,seq17,r_53_2_76,r_53_2_76,0.71,5,81,76,88
12,r_138_26_68,seq143,r_135_91_6,r_138_26_68,0.69,0,68,68,88
30,r_85_47_78,seq133,r_16_147_8,r_85_47_78,0.93,1,79,78,89
36,r_136_108_83,r_148_49_60,r_111_131_59,r_136_108_83,0.94,0,83,83,89
37,r_143_101_66,seq104,seq133,r_143_101_66,1.0,0,66,66,89
42,r_71_19_51,r_25_74_25,r_134_36_91,r_71_19_51,0.99,1,52,51,89
16,r_148_49_60,r_136_108_83,r_33_139_34,r_136_108_83,0.52,-19,64,83,89
44,r_54_126_10,seq66,seq64,r_54_126_10,0.86,7,17,10,89
45,r_18_22_96,r_145_72_86,r_1_76_46,r_1_76_46,0.8,40,86,46,89
15,r_4_29_19,r_125_149_73,seq53,r_4_29_19,0.92,2,21,19,89
8,r_42_5_20,r_143_101_66,seq31,r_42_5_20,0.61,1,21,20,89
18,r_35_28_18,r_8_99_33,seq94,r_35_28_18,0.84,0,18,18,89
95,seq112,r_114_124_89,seq66,r_114_124_89,0.87,0,89,89,89
41,r_145_72_86,r_18_22_96,r_70_21_36,r_18_22_96,0.68,-10,86,96,89
10,r_58_93_76,seq65,r_81_78_62,r_58_93_76,0.99,0,76,76,89
4,r_45_13_77,seq37,r_63_51_24,r_45_13_77,1.0,0,77,77,89
9,r_20_34_39,r_45_13_77,r_96_55_99,r_20_34_39,1.0,0,39,39,89
87,seq97,r_8_99_33,r_33_139_34,r_8_99_33,0.85,0,33,33,89
13,r_70_21_36,seq23,r_48_87_13,r_70_21_36,1.0,1,37,36,89
7,r_39_10_41,seq6,r_18_22_96,r_39_10_41,1.0,0,41,41,89
25,r_25_74_25,r_71_19_51,seq17,r_71_19_51,0.94,1,52,51,89
25,r_25_74_25,r_145_72_86,r_71_19_51,r_25_74_25,0.7,0,25,25,89
23,r_33_139_34,r_113_83_93,seq97,r_33_139_34,0.91,3,37,34,89
3,r_119_107_53,seq69,seq73,r_119_107_53,1.0,0,53,53,89
40,r_67_91_68,r_121_106_98,seq65,r_67_91_68,0.99,0,68,68,89
33,r_114_124_89,seq112,r_8_99_33,r_114_124_89,0.65,0,89,89,89
27,r_135_141_32,seq41,seq105,r_135_141_32,0.99,2,34,32,89
21,r_63_51_24,r_121_106_98,seq75,r_63_51_24,1.0,0,24,24,89
32,r_125_149_73,seq60,r_70_21_36,r_125_149_73,0.95,0,73,73,89
77,seq65,r_58_93_76,seq6,r_58_93_76,1.0,0,76,76,89
48,r_11_116_45,r_128_57_52,r_1_76_46,r_11_116_45,1.0,-1,44,45,89
26,r_130_90_22,r_63_51_24,seq12,r_130_90_22,0.98,2,24,22,89
5,r_52_77_17,r_7_129_30,seq46,r_52_77_17,0.98,1,18,17,89
6,r_8_99_33,seq97,r_128_57_52,r_8_99_33,1.0,0,33,33,89
17,r_103_32_67,seq75,r_111_131_59,r_103_32_67,1.0,0,67,67,89
86,seq95,r_79_88_38,r_89_127_5,r_79_88_38,0.98,0,38,38,89
14,r_48_87_13,r_39_10_41,r_121_106_98,r_48_87_13,0.95,0,13,13,89
0,r_1_76_46,r_113_83_93,r_18_22_96,r_1_76_46,1.0,0,46,46,89
29,r_43_3_21,r_70_21_36,seq12,r_43_3_21,0.96,3,24,21,89
20,r_62_115_23,r_68_82_6,seq24,r_62_115_23,1.0,0,23,23,89
29,r_43_3_21,seq12,seq65,r_43_3_21,0.45,43,64,21,89
47,r_132_142_43,seq140,seq64,r_132_142_43,1.0,0,43,43,89
35,r_81_78_62,r_18_22_96,seq64,r_81_78_62,0.9,2,64,62,89
12,r_79_88_38,seq95,seq50,r_79_88_38,1.0,0,38,38,89
30,r_119_22_69,r_52_5_83,r_45_118_13,r_119_22_69,0.72,0,69,69,90
19,r_83_131_36,r_76_141_1,r_73_120_16,r_83_131_36,1.0,0,36,36,90
13,r_90_10_24,seq2,r_148_16_10,r_90_10_24,0.71,0,24,24,90
8,r_113_66_75,seq36,r_100_26_32,r_113_66_75,0.85,0,75,75,90
51,seq2,r_90_10_24,seq40,r_90_10_24,0.99,1,25,24,90
43,r_77_104_60,r_113_66_75,r_91_61_52,r_77_104_60,0.92,0,60,60,90
28,r_100_26_32,seq30,seq20,r_100_26_32,0.95,0,32,32,90
37,r_3_128_66,r_75_71_87,r_147_145_17,r_3_128_66,0.75,0,66,66,90
16,r_65_38_59,r_130_46_81,seq84,r_65_38_59,0.5,-1,58,59,90
42,r_31_106_55,r_17_18_74,r_45_118_13,r_31_106_55,0.99,0,55,55,90
12,r_133_149_21,seq19,r_8_28_23,r_133_149_21,0.99,2,23,21,90
36,r_17_18_74,r_42_127_33,r_147_145_17,r_17_18_74,0.77,1,75,74,90
21,r_51_107_19,seq111,seq117,r_51_107_19,0.95,0,19,19,90
26,r_58_97_56,seq80,seq48,r_58_97_56,0.7,0,56,56,90
31,r_108_67_64,seq125,r_83_131_36,r_108_67_64,1.0,0,64,64,90
11,r_8_28_23,r_102_41_43,seq50,r_8_28_23,0.76,0,23,23,90
41,r_45_118_13,r_133_149_21,seq70,r_45_118_13,1.0,0,13,13,90
7,r_99_109_22,seq134,seq139,r_99_109_22,0.95,0,22,22,90
0,r_47_7_80,seq70,seq144,r_47_7_80,0.7,2,82,80,90
5,r_126_123_54,r_143_110_99,r_83_131_36,r_143_110_99,0.69,-45,54,99,90
14,r_85_87_18,seq70,seq13,r_85_87_18,0.84,0,18,18,90
44,r_4_129_58,r_12_59_95,r_90_10_24,r_4_129_58,1.0,0,58,58,90
29,r_138_124_14,r_85_87_18,seq132,r_138_124_14,0.98,0,14,14,90
3,r_147_145_17,r_102_41_43,r_17_18_74,r_102_41_43,0.99,0,43,43,90
27,r_42_127_33,seq20,r_17_18_74,r_42_127_33,1.0,0,33,33,90
99,seq125,r_108_67_64,seq9,r_108_67_64,1.0,0,64,64,90
39,r_93_49_39,seq74,seq50,r_93_49_39,1.0,0,39,39,90
2,r_122_33_88,r_24_15_89,r_51_107_19,r_51_107_19,0.59,69,88,19,90
40,r_21_39_27,r_37_29_94,r_54_142_96,r_21_39_27,0.87,-1,26,27,90
18,r_130_46_81,seq81,seq89,r_130_46_81,0.39,1,82,81,90
20,r_102_41_43,r_147_145_17,seq13,r_102_41_43,0.75,0,43,43,90
36,r_17_18_74,r_102_41_43,r_42_127_33,r_17_18_74,0.75,-41,33,74,90
85,seq82,r_91_61_52,r_8_28_23,r_91_61_52,0.95,0,52,52,90
15,r_91_61_52,seq82,r_73_120_16,r_91_61_52,0.99,0,52,52,90
3,r_147_145_17,r_75_71_87,r_102_41_43,r_147_145_17,0.92,0,17,17,90
47,r_23_62_48,r_91_61_52,r_147_145_17,r_91_61_52,0.42,-3,49,52,90
17,r_73_120_16,r_148_16_10,r_12_59_95,r_73_120_16,0.96,0,16,16,90
49,r_55_53_61,r_6_136_78,seq132,r_55_53_61,0.99,0,61,61,90
20,r_102_41_43,r_8_28_23,r_147_145_17,r_102_41_43,0.91,-20,23,43,90
9,r_12_59_95,r_4_129_58,r_73_120_16,r_73_120_16,0.75,2,18,16,90
35,r_6_136_78,seq20,r_83_131_36,r_6_136_78,0.93,0,78,78,90
30,r_55_51_77,seq85,r_139_25_23,r_139_25_23,0.76,54,77,23,91
86,seq80,seq47,r_83_134_30,r_83_134_30,0.94,10,40,30,91
37,r_90_1_81,r_117_45_84,r_94_30_68,r_117_45_84,0.72,-1,83,84,91
26,r_41_5_20,r_83_134_30,r_104_52_99,r_41_5_20,0.97,1,21,20,91
71,seq44,r_26_28_73,r_23_17_43,r_23_17_43,0.99,35,78,43,91
49,r_20_86_57,seq140,r_133_19_28,r_133_19_28,0.79,28,56,28,91
75,seq56,seq137,r_29_149_9,r_29_149_9,1.0,12,21,9,91
6,r_54_81_34,seq71,seq140,r_54_81_34,1.0,1,35,34,91
41,r_87_106_27,r_31_75_82,r_6_76_94,r_87_106_27,0.5,0,27,27,91
21,r_83_134_30,r_55_51_77,seq80,r_83_134_30,0.93,0,30,30,91
14,r_13_144_32,r_98_79_36,r_133_19_28,r_98_79_36,0.43,-3,33,36,91
43,r_68_14_16,seq123,seq142,r_68_14_16,1.0,0,16,16,91
35,r_111_91_14,seq127,seq92,r_111_91_14,0.78,0,14,14,91
23,r_49_82_42,seq92,seq18,r_49_82_42,1.0,0,42,42,91
57,seq142,r_48_141_91,r_68_14_16,r_68_14_16,1.0,1,17,16,91
15,r_88_99_56,r_48_141_91,seq70,r_88_99_56,1.0,0,56,56,91
10,r_100_36_33,r_20_86_57,r_118_135_37,r_100_36_33,1.0,0,33,33,91
19,r_40_37_53,seq9,seq146,r_40_37_53,1.0,1,54,53,91
80,seq70,seq145,r_88_99_56,r_88_99_56,1.0,0,56,56,91
29,r_72_57_70,r_64_39_96,seq12,r_72_57_70,0.99,0,70,70,91
8,r_104_52_99,seq18,r_41_5_20,r_41_5_20,1.0,9,29,20,91
5,r_133_19_28,seq147,r_68_14_16,r_133_19_28,1.0,0,28,28,91
45,r_64_39_96,r_72_57_70,r_101_46_1,r_72_57_70,0.99,-24,46,70,91
82,seq140,r_20_86_57,r_54_81_34,r_54_81_34,0.98,22,56,34,91
28,r_121_125_48,r_4_103_90,r_115_73_5,r_121_125_48,1.0,0,48,48,91
16,r_4_103_90,r_121_125_48,r_60_63_11,r_121_125_48,1.0,0,48,48,91
44,r_109_128_55,r_48_141_91,seq42,r_109_128_55,1.0,0,55,55,91
32,r_124_105_65,seq18,r_60_63_11,r_124_105_65,0.98,0,65,65,91
38,r_53_27_83,r_31_75_82,seq145,r_53_27_83,0.9,0,83,83,91
0,r_131_108_52,seq70,seq147,r_131_108_52,0.99,0,52,52,91
24,r_139_25_23,r_94_30_68,seq21,r_139_25_23,0.74,2,25,23,91
42,r_120_3_15,seq24,seq8,r_120_3_15,1.0,0,15,15,91
27,r_98_79_36,r_13_144_32,seq71,r_98_79_36,1.0,0,36,36,91
17,r_94_30_68,r_117_45_84,seq95,r_94_30_68,0.98,0,68,68,91
31,r_93_112_59,seq78,r_10_58_97,r_93_112_59,0.99,0,59,59,91
18,r_10_58_97,seq33,r_7_11_8,r_7_11_8,0.96,5,13,8,91
47,r_148_113_18,r_69_59_71,seq126,r_148_113_18,1.0,3,21,18,91
13,r_118_135_37,r_64_39_96,seq127,r_118_135_37,0.75,10,47,37,91
9,r_132_136_25,seq92,seq42,r_132_136_25,1.0,1,26,25,91
7,r_0_84_86,seq126,r_69_59_71,r_0_84_86,0.82,0,86,86,91
12,r_31_75_82,seq114,seq143,r_31_75_82,0.74,1,83,82,91
22,r_117_145_39,r_35_25_14,seq74,r_117_145_39,0.99,0,39,39,92
5,r_55_75_49,r_85_33_60,seq46,r_85_33_60,0.66,-9,51,60,92
14,r_106_124_73,r_19_113_87,r_72_109_64,r_106_124_73,0.99,1,74,73,92
30,r_27_21_46,seq43,r_35_25_14,r_27_21_46,1.0,1,47,46,92
25,r_133_34_57,r_3_38_99,seq13,r_133_34_57,0.99,0,57,57,92
43,r_108_59_94,r_94_0_76,r_24_15_25,r_24_15_25,0.79,35,60,25,92
45,r_4_67_86,r_72_109_64,r_133_34_57,r_4_67_86,0.85,-28,58,86,92
42,r_79_58_19,seq73,seq42,r_79_58_19,0.94,0,19,19,92
10,r_39_14_43,r_85_33_60,r_79_58_19,r_79_58_19,1.0,24,43,19,92
19,r_120_136_74,seq74,r_18_57_11,r_120_136_74,0.94,0,74,74,92
40,r_112_104_38,seq8,r_88_71_26,r_112_104_38,1.0,0,38,38,92
4,r_24_15_25,seq68,seq81,r_24_15_25,0.7,5,30,25,92
1,r_3_38_99,r_133_34_57,r_144_12_35,r_3_38_99,0.98,-52,47,99,92
45,r_4_67_86,r_133_34_57,seq138,r_4_67_86,0.8,0,86,86,92
6,r_118_84_55,r_98_77_93,seq2,r_118_84_55,1.0,0,55,55,92
3,r_72_109_64,r_4_67_86,r_24_15_25,r_72_109_64,0.99,0,64,64,92
26,r_94_0_76,r_35_25_14,r_26_143_48,r_26_143_48,0.91,27,75,48,92
11,r_88_71_26,r_35_25_14,seq80,r_88_71_26,1.0,0,26,26,92
35,r_83_139_42,r_72_109_64,seq60,r_83_139_42,0.98,0,42,42,92
20,r_111_116_77,seq9,seq137,r_111_116_77,0.91,1,78,77,92
13,r_41_128_89,seq102,seq16,r_41_128_89,0.79,-1,88,89,92
85,seq81,r_85_33_60,r_24_15_25,r_85_33_60,0.94,-13,47,60,92
15,r_126_76_88,seq42,r_61_123_51,r_61_123_51,0.81,37,88,51,92
76,seq137,r_88_71_26,r_111_116_77,r_111_116_77,0.91,1,78,77,92
23,r_144_12_35,seq53,r_103_23_4,r_144_12_35,0.57,0,35,35,92
27,r_19_113_87,seq2,r_10_64_30,r_10_64_30,0.54,57,87,30,92
46,r_147_92_13,seq78,seq99,r_147_92_13,0.89,0,13,13,92
16,r_36_86_23,r_106_124_73,r_103_23_4,r_36_86_23,0.96,0,23,23,92
36,r_31_47_21,r_35_25_14,seq82,r_31_47_21,1.0,0,21,21,92
0,r_61_123_51,r_90_7_58,seq78,r_61_123_51,0.92,1,52,51,92
43,r_108_59_94,r_3_38_99,r_94_0_76,r_108_59_94,0.57,-81,13,94,92
32,r_26_143_48,seq138,seq32,r_26_143_48,1.0,0,48,48,92
47,r_40_114_41,r_106_124_73,seq89,r_40_114_41,0.84,-2,39,41,92
17,r_18_57_11,r_66_63_45,seq73,r_18_57_11,0.98,0,11,11,92
34,r_10_64_30,seq137,seq140,r_10_64_30,0.99,1,31,30,92
24,r_135_130_16,r_100_56_95,seq65,r_135_130_16,1.0,-1,15,16,92
8,r_90_7_58,r_126_76_88,seq53,r_90_7_58,0.56,-20,38,58,92
44,r_48_141_67,seq46,seq9,r_48_141_67,0.64,0,67,67,92
30,r_35_43_56,seq116,r_50_25_5,r_35_43_56,0.99,0,56,56,93
8,r_80_117_31,r_119_95_52,seq141,r_80_117_31,0.92,0,31,31,93
20,r_76_16_80,r_114_40_28,r_60_31_65,r_76_16_80,0.59,0,80,80,93
42,r_78_138_77,r_82_6_2,r_128_124_46,r_82_6_2,0.92,74,76,2,93
19,r_19_73_85,r_9_67_94,r_60_31_65,r_60_31_65,0.76,20,85,65,93
5,r_14_131_29,seq17,seq135,r_14_131_29,0.75,0,29,29,93
14,r_107_85_20,r_46_18_61,seq103,r_107_85_20,0.83,0,20,20,93
1,r_3_97_47,r_139_42_79,seq104,r_3_97_47,0.84,0,47,47,93
31,r_50_25_5,seq91,r_35_43_56,r_35_43_56,1.0,9,65,56,93
96,seq116,seq89,r_48_92_40,r_48_92_40,1.0,0,40,40,93
12,r_144_137_39,r_46_18_61,r_55_130_55,r_46_18_61,0.69,0,61,61,93
23,r_48_92_40,r_46_18_61,seq116,r_48_92_40,0.8,2,42,40,93
47,r_109_54_58,seq105,r_128_124_46,r_109_54_58,0.93,0,58,58,93
11,r_55_130_55,seq59,r_111_98_54,r_111_98_54,0.75,0,54,54,93
4,r_139_42_79,r_1_44_96,seq87,r_139_42_79,0.64,1,80,79,93
0,r_86_134_69,seq94,seq56,r_86_134_69,1.0,0,69,69,93
38,r_65_132_51,r_5_102_71,seq90,r_65_132_51,1.0,1,52,51,93
15,r_74_136_36,r_121_63_98,r_2_34_37,r_74_136_36,0.98,1,37,36,93
6,r_60_31_65,seq105,seq69,r_60_31_65,1.0,0,65,65,93
7,r_83_146_42,r_9_67_94,seq105,r_83_146_42,0.99,2,44,42,93
28,r_53_36_13,r_9_67_94,r_121_63_98,r_53_36_13,1.0,0,13,13,93
41,r_128_124_46,r_111_98_54,seq21,r_128_124_46,0.56,0,46,46,93
45,r_119_95_52,r_147_29_50,r_9_67_94,r_119_95_52,1.0,-2,50,52,93
9,r_46_18_61,r_48_92_40,r_144_137_39,r_46_18_61,0.61,-19,42,61,93
26,r_111_98_54,r_51_52_44,r_55_130_55,r_111_98_54,0.99,0,54,54,93
25,r_114_40_28,r_5_102_71,r_76_16_80,r_114_40_28,0.98,1,29,28,93
48,r_70_122_33,seq13,seq8,r_70_122_33,0.78,12,45,33,93
18,r_101_64_87,seq81,r_55_130_55,r_101_64_87,0.62,0,87,87,93
29,r_133_12_64,seq33,r_51_52_44,r_133_12_64,0.96,0,64,64,93
13,r_24_99_35,r_9_67_94,r_77_100_16,r_24_99_35,0.99,0,35,35,93
20,r_76_16_80,seq135,r_114_40_28,r_114_40_28,0.76,10,38,28,93
25,r_114_40_28,r_76_16_80,seq135,r_76_16_80,0.9,-14,66,80,93
34,r_110_62_76,seq57,seq28,r_110_62_76,0.99,0,76,76,93
76,seq69,r_55_130_55,r_45_23_15,r_45_23_15,1.0,1,16,15,93
9,r_46_18_61,r_144_137_39,seq17,r_46_18_61,1.0,0,61,61,93
10,r_147_29_50,r_119_95_52,r_24_99_35,r_147_29_50,1.0,0,50,50,93
32,r_148_15_11,seq37,r_93_47_95,r_148_15_11,0.96,0,11,11,93
35,r_45_23_15,r_3_97_47,seq69,r_45_23_15,0.66,0,15,15,93
27,r_2_34_37,r_3_97_47,r_74_136_36,r_2_34_37,0.78,0,37,37,93
43,r_118_11_49,r_9_67_94,r_49_22_99,r_118_11_49,0.97,2,51,49,93
90,seq104,seq7,r_3_97_47,r_3_97_47,0.99,0,47,47,93
12,r_144_137_39,r_55_130_55,r_46_18_61,r_144_137_39,0.78,-1,38,39,93
1,r_101_50_88,r_145_68_13,seq140,r_145_68_13,0.97,-2,11,13,94
29,r_27_122_46,r_56_8_72,r_81_75_56,r_27_122_46,1.0,0,46,46,94
10,r_29_102_39,r_39_74_97,seq24,r_29_102_39,0.86,1,40,39,94
12,r_133_72_54,r_115_43_86,r_49_23_1,r_133_72_54,0.76,0,54,54,94
16,r_142_146_21,r_147_118_63,seq84,r_142_146_21,0.95,0,21,21,94
24,r_55_92_59,r_109_141_94,seq70,r_55_92_59,0.97,0,59,59,94
86,seq100,r_109_141_94,r_90_117_34,r_90_117_34,0.77,51,85,34,94
30,r_137_65_23,r_81_75_56,seq76,r_137_65_23,1.0,0,23,23,94
1,r_101_50_88,seq140,r_6_110_42,r_101_50_88,0.41,0,88,88,94
23,r_79_103_19,r_56_8_72,r_120_138_10,r_79_103_19,0.63,0,19,19,94
5,r_56_8_72,r_62_12_85,r_66_136_4,r_56_8_72,0.94,0,72,72,94
21,r_129_112_37,r_14_4_89,r_6_110_42,r_14_4_89,0.95,0,89,89,94
35,r_144_128_53,r_81_75_56,r_79_103_19,r_144_128_53,0.86,6,59,53,94
19,r_109_141_94,seq100,r_90_117_34,r_90_117_34,0.9,46,80,34,94
37,r_22_20_24,r_81_75_56,r_77_67_16,r_22_20_24,0.97,1,25,24,94
45,r_51_83_57,r_115_43_86,seq123,r_51_83_57,1.0,0,57,57,94
31,r_147_118_63,seq31,r_55_92_59,r_147_118_63,0.39,0,63,63,94
8,r_13_73_14,r_133_72_54,r_32_2_9,r_13_73_14,0.91,0,14,14,94
28,r_66_136_4,r_81_75_56,r_56_8_72,r_66_136_4,0.61,63,67,4,94
3,r_17_127_82,seq48,seq106,r_17_127_82,0.83,0,82,82,94
26,r_49_23_1,r_5_63_78,r_133_72_54,r_133_72_54,0.73,24,78,54,94
38,r_62_12_85,r_142_146_21,r_29_102_39,r_62_12_85,0.95,0,85,85,94
20,r_94_82_79,r_6_110_42,r_133_72_54,r_94_82_79,0.88,0,79,79,94
47,r_45_60_48,r_66_136_4,r_36_96_99,r_45_60_48,1.0,0,48,48,94
9,r_145_68_13,r_101_50_88,r_18_0_3,r_145_68_13,1.0,0,13,13,94
50,seq3,r_18_0_3,r_49_23_1,r_49_23_1,0.69,65,66,1,94
61,seq24,seq107,r_29_102_39,r_29_102_39,1.0,20,59,39,94
40,r_130_21_68,r_115_43_86,r_49_23_1,r_130_21_68,0.51,2,70,68,94
36,r_120_138_10,r_56_8_72,seq93,r_120_138_10,0.77,0,10,10,94
64,seq31,r_147_118_63,r_77_67_16,r_147_118_63,1.0,0,63,63,94
21,r_129_112_37,r_18_0_3,r_14_4_89,r_129_112_37,1.0,0,37,37,94
32,r_5_63_78,r_49_23_1,seq134,r_5_63_78,0.72,0,78,78,94
38,r_62_12_85,r_56_8_72,r_142_146_21,r_62_12_85,0.66,-13,72,85,94
4,r_16_44_38,seq9,r_40_54_43,r_40_54_43,1.0,1,44,43,94
48,r_40_54_43,r_55_92_59,r_16_44_38,r_40_54_43,0.48,1,44,43,94
28,r_66_136_4,r_45_60_48,r_81_75_56,r_45_60_48,0.89,0,48,48,94
43,r_14_4_89,r_129_112_37,r_36_96_99,r_14_4_89,0.98,0,89,89,94
14,r_143_26_12,r_129_112_37,seq125,r_143_26_12,0.99,1,13,12,94
22,r_41_85_28,r_17_127_82,seq28,r_17_127_82,0.7,-45,37,82,94
0,r_6_110_42,r_94_82_79,seq149,r_6_110_42,0.79,4,46,42,94
49,r_115_43_86,seq148,r_15_30_73,r_115_43_86,0.81,0,86,86,94
43,r_14_4_89,r_7_80_95,r_129_112_37,r_129_112_37,0.98,2,39,37,94
7,r_15_30_73,r_14_4_89,r_46_108_51,r_14_4_89,0.65,-16,73,89,94
34,r_90_117_34,seq88,seq132,r_90_117_34,0.95,2,36,34,94
85,seq95,seq57,r_46_108_51,r_46_108_51,1.0,7,58,51,94
72,seq57,seq91,r_16_44_38,r_16_44_38,0.76,-14,24,38,94
29,r_20_64_45,r_127_10_72,seq139,r_20_64_45,0.75,0,45,45,95
30,r_66_12_12,r_132_136_65,r_63_61_5,r_66_12_12,1.0,0,12,12,95
16,r_101_118_78,seq98,seq128,r_101_118_78,0.91,0,78,78,95
22,r_149_18_35,seq128,r_123_78_7,r_149_18_35,1.0,0,35,35,95
5,r_40_92_80,r_75_102_99,r_100_38_26,r_40_92_80,0.82,0,80,80,95
42,r_125_138_66,seq65,r_3_67_4,r_125_138_66,0.76,0,66,66,95
43,r_26_41_31,r_114_46_32,seq128,r_26_41_31,0.74,1,32,31,95
21,r_84_95_36,seq129,seq111,r_84_95_36,1.0,0,36,36,95
45,r_122_86_74,seq37,seq22,r_122_86_74,0.95,0,74,74,95
3,r_142_99_39,r_75_102_99,r_88_24_3,r_142_99_39,0.97,1,40,39,95
0,r_123_78_7,seq71,r_149_18_35,r_149_18_35,0.99,6,41,35,95
4,r_52_0_60,r_101_118_78,r_13_107_58,r_101_118_78,0.99,-18,60,78,95
9,r_114_46_32,r_26_41_31,r_3_67_4,r_114_46_32,0.92,0,32,32,95
48,r_100_38_26,r_19_112_38,r_4_134_8,r_100_38_26,0.89,0,26,26,95
13,r_96_47_89,seq105,r_82_1_16,r_96_47_89,0.88,0,89,89,95
46,r_88_24_3,r_148_121_95,r_142_99_39,r_142_99_39,0.67,8,47,39,95
47,r_15_74_44,r_106_31_6,r_132_136_65,r_132_136_65,0.68,4,69,65,95
41,r_19_112_38,r_148_121_95,r_147_124_13,r_19_112_38,1.0,0,38,38,95
33,r_127_10_72,seq54,r_50_36_57,r_127_10_72,0.98,0,72,72,95
44,r_135_140_18,r_73_17_83,seq81,r_135_140_18,0.79,2,20,18,95
40,r_110_117_41,r_75_102_99,seq32,r_110_117_41,0.93,0,41,41,95
38,r_90_29_84,seq54,r_135_140_18,r_135_140_18,0.58,66,84,18,95
14,r_5_21_43,r_148_121_95,r_75_102_99,r_148_121_95,0.51,-44,51,95,95
31,r_13_107_58,seq83,seq143,r_13_107_58,0.56,0,58,58,95
17,r_131_16_55,seq49,seq141,r_131_16_55,0.85,5,60,55,95
91,seq98,r_101_118_78,r_82_1_16,r_101_118_78,0.84,0,78,78,95
24,r_133_91_15,r_137_8_92,seq14,r_133_91_15,0.94,0,15,15,95
47,r_15_74_44,r_87_9_50,r_106_31_6,r_15_74_44,0.89,0,44,44,95
7,r_144_130_68,r_148_121_95,r_106_31_6,r_144_130_68,0.97,0,68,68,95
23,r_87_9_50,seq139,seq72,r_87_9_50,0.96,0,50,50,95
8,r_147_124_13,r_56_42_42,seq39,r_147_124_13,1.0,0,13,13,95
24,r_26_43_59,r_120_103_88,seq25,r_26_43_59,0.97,0,59,59,96
16,r_118_95_86,r_113_75_94,r_28_94_39,r_113_75_94,0.71,-8,86,94,96
40,r_61_88_49,r_113_75_94,r_59_8_2,r_61_88_49,0.59,1,50,49,96
28,r_119_4_18,r_18_104_97,seq144,r_119_4_18,1.0,0,18,18,96
44,r_16_23_31,r_140_81_85,r_139_67_63,r_16_23_31,0.66,54,85,31,96
41,r_64_98_84,r_19_9_98,r_35_54_75,r_64_98_84,0.85,0,84,84,96
25,r_28_94_39,r_139_67_63,seq14,r_28_94_39,1.0,0,39,39,96
5,r_29_57_73,r_77_143_15,r_78_110_42,r_77_143_15,0.86,18,33,15,96
23,r_22_74_22,r_140_81_85,r_139_67_63,r_22_74_22,0.56,41,63,22,96
12,r_90_105_45,seq106,seq11,r_90_105_45,0.56,-9,36,45,96
36,r_136_121_9,r_142_91_68,r_15_123_4,r_136_121_9,0.87,3,12,9,96
0,r_139_67_63,r_35_54_75,r_22_74_22,r_22_74_22,0.67,41,63,22,96
63,seq17,r_49_147_95,r_20_6_74,r_49_147_95,0.57,-20,75,95,96
32,r_68_34_33,seq42,seq25,r_68_34_33,0.83,-1,32,33,96
13,r_41_32_81,seq80,r_97_92_8,r_41_32_81,0.99,0,81,81,96
48,r_99_21_60,seq14,r_29_57_73,r_99_21_60,0.79,0,60,60,96
26,r_72_30_29,r_26_43_59,r_31_65_21,r_72_30_29,1.0,1,30,29,96
44,r_16_23_31,seq102,r_140_81_85,r_16_23_31,1.0,0,31,31,96
19,r_109_117_54,seq1,seq42,r_109_117_54,1.0,0,54,54,96
49,r_128_122_14,r_140_81_85,seq131,r_128_122_14,1.0,0,14,14,96
5,r_29_57_73,r_78_110_42,r_71_52_30,r_71_52_30,0.53,47,77,30,96
37,r_60_58_43,r_138_116_99,seq108,r_60_58_43,1.0,1,44,43,96
2,r_79_126_79,r_19_9_98,seq62,r_19_9_98,0.51,-23,75,98,96
11,r_140_81_85,r_16_23_31,r_60_58_43,r_140_81_85,1.0,0,85,85,96
46,r_129_66_32,seq7,seq50,r_129_66_32,1.0,0,32,32,96
14,r_39_84_24,seq69,seq131,r_39_84_24,0.95,1,25,24,96
47,r_59_8_2,r_71_52_30,r_61_88_49,r_59_8_2,0.98,28,30,2,96
43,r_31_65_21,seq69,seq144,r_31_65_21,1.0,0,21,21,96
17,r_142_91_68,r_79_126_79,r_48_37_11,r_142_91_68,0.82,1,69,68,96
11,r_140_81_85,r_22_74_22,r_16_23_31,r_16_23_31,0.93,9,40,31,96
21,r_51_70_55,r_83_133_92,seq102,r_51_70_55,0.67,-3,52,55,96
9,r_48_37_11,r_41_32_81,seq96,r_48_37_11,0.94,-1,10,11,96
10,r_71_52_30,r_59_8_2,seq141,r_71_52_30,1.0,0,30,30,96
22,r_2_149_64,seq130,seq69,r_2_149_64,1.0,0,64,64,96
23,r_22_74_22,r_90_105_45,r_140_81_85,r_22_74_22,0.97,-1,21,22,96
14,r_93_30_83,seq103,r_82_96_38,r_93_30_83,0.75,0,83,83,97
11,r_147_117_29,r_136_129_47,seq126,r_147_117_29,0.98,0,29,29,97
4,r_143_18_53,seq132,seq22,r_143_18_53,0.94,0,53,53,97
3,r_92_60_12,r_130_59_77,r_54_98_18,r_130_59_77,0.79,0,77,77,97
26,r_120_6_21,r_118_61_57,seq2,r_120_6_21,0.99,0,21,21,97
42,r_8_79_67,seq45,r_7_110_58,r_7_110_58,1.0,26,84,58,97
23,r_67_9_22,seq84,seq83,r_67_9_22,0.81,0,22,22,97
33,r_90_87_59,seq71,seq86,r_90_87_59,0.98,0,59,59,97
32,r_20_73_78,r_82_96_38,r_23_119_35,r_20_73_78,0.95,-40,38,78,97
62,seq149,r_123_43_81,r_137_68_17,r_137_68_17,0.81,4,21,17,97
8,r_54_98_18,r_32_4_88,seq84,r_54_98_18,1.0,0,18,18,97
52,seq3,seq17,r_127_76_49,r_127_76_49,0.87,-10,39,49,97
7,r_26_66_51,r_105_97_50,seq132,r_26_66_51,1.0,0,51,51,97
32,r_20_73_78,r_23_119_35,r_67_9_22,r_20_73_78,1.0,0,78,78,97
45,r_118_61_57,r_120_6_21,r_114_34_39,r_118_61_57,0.98,-36,21,57,97
35,r_128_62_52,seq42,seq24,r_128_62_52,1.0,0,52,52,97
47,r_7_110_58,seq14,seq124,r_7_110_58,1.0,0,58,58,97
75,seq57,seq69,r_51_52_36,r_51_52_36,1.0,6,42,36,97
1,r_56_29_24,r_128_62_52,r_63_64_31,r_56_29_24,1.0,3,27,24,97
0,r_114_34_39,r_118_61_57,r_134_102_44,r_114_34_39,0.73,18,57,39,97
44,r_105_97_50,r_26_66_51,r_113_33_95,r_26_66_51,0.98,0,51,51,97
40,r_51_52_36,seq17,seq57,r_51_52_36,1.0,0,36,36,97
37,r_21_27_34,r_142_85_65,r_23_119_35,r_21_27_34,1.0,3,37,34,97
16,r_136_129_47,seq121,seq22,r_136_129_47,1.0,0,47,47,97
20,r_115_122_46,seq14,seq111,r_115_122_46,0.8,2,48,46,97
3,r_92_60_12,seq25,r_130_59_77,r_92_60_12,0.89,0,12,12,97
5,r_32_4_88,r_108_46_7,r_105_97_50,r_32_4_88,0.75,1,89,88,97
6,r_130_59_77,seq84,r_92_60_12,r_130_59_77,0.7,-47,30,77,97
27,r_131_47_62,seq71,r_108_46_7,r_131_47_62,1.0,0,62,62,97
2,r_142_85_65,seq86,r_56_29_24,r_142_85_65,0.95,0,65,65,97
41,r_108_46_7,r_32_4_88,r_146_140_20,r_108_46_7,0.63,82,89,7,97
24,r_137_68_17,seq2,seq149,r_137_68_17,0.99,0,17,17,97
96,seq121,r_136_129_47,r_146_140_20,r_136_129_47,0.49,0,47,47,97
6,r_130_59_77,r_92_60_12,seq10,r_130_59_77,0.73,0,77,77,97
18,r_123_43_81,seq149,seq15,r_123_43_81,0.85,0,81,81,97
25,r_134_102_44,seq111,seq116,r_134_102_44,1.0,0,44,44,97
71,seq42,r_128_62_52,r_146_140_20,r_128_62_52,0.5,0,52,52,97
46,r_81_13_30,r_48_41_37,seq71,r_81_13_30,0.97,1,31,30,97
15,r_82_96_38,r_20_73_78,seq1,r_82_96_38,0.75,0,38,38,97
81,seq75,r_114_34_39,seq86,r_114_34_39,0.98,0,39,39,97
0,r_114_34_39,seq75,r_118_61_57,r_114_34_39,0.91,0,39,39,97
21,r_127_76_49,seq89,seq3,r_127_76_49,0.57,-8,41,49,97
5,r_32_4_88,r_54_98_18,r_108_46_7,r_54_98_18,0.55,0,18,18,97
17,r_0_78_71,r_93_30_83,r_81_13_30,r_0_78_71,0.68,0,71,71,97
29,r_141_50_42,r_44_88_55,r_147_117_29,r_141_50_42,0.76,0,42,42,97
9,r_112_94_64,seq95,r_137_68_17,r_112_94_64,1.0,0,64,64,97
99,seq126,r_63_64_31,r_147_117_29,r_147_117_29,1.0,0,29,29,97
45,r_118_61_57,r_114_34_39,r_26_66_51,r_118_61_57,0.87,0,57,57,97
95,seq116,seq25,r_134_102_44,r_134_102_44,1.0,11,55,44,97
1,r_56_29_24,r_63_64_31,r_142_85_65,r_142_85_65,1.0,7,72,65,97
28,r_65_38_28,seq107,seq19,r_65_38_28,0.99,0,28,28,97
31,r_23_119_35,seq124,r_21_27_34,r_23_119_35,1.0,1,36,35,97
12,r_48_41_37,r_93_30_83,seq16,r_48_41_37,0.48,1,38,37,97
19,r_88_26_15,r_103_65_75,seq82,r_88_26_15,0.98,0,15,15,98
26,r_23_1_47,seq127,r_8_67_22,r_23_1_47,1.0,0,47,47,98
4,r_35_95_48,seq83,r_78_131_36,r_35_95_48,1.0,0,48,48,98
24,r_139_98_11,r_24_110_42,seq96,r_139_98_11,0.9,0,11,11,98
36,r_64_141_37,r_31_145_81,seq3,r_64_141_37,0.99,1,38,37,98
52,seq3,r_74_99_33,r_64_141_37,r_64_141_37,1.0,3,40,37,98
30,r_87_14_17,seq105,seq28,r_87_14_17,1.0,-1,16,17,98
41,r_63_97_34,r_24_110_42,r_149_144_20,r_24_110_42,0.88,-8,34,42,98
27,r_55_2_40,r_22_76_99,r_128_102_21,r_55_2_40,1.0,3,43,40,98
33,r_80_20_46,seq42,r_116_75_24,r_80_20_46,1.0,2,48,46,98
63,seq148,r_48_143_71,seq15,r_48_143_71,0.97,0,71,71,98
65,seq28,r_74_99_33,r_87_14_17,r_87_14_17,1.0,-1,16,17,98
37,r_114_33_38,r_25_85_31,r_6_29_28,r_114_33_38,0.95,-4,34,38,98
11,r_48_143_71,seq148,r_64_141_37,r_48_143_71,0.86,0,71,71,98
32,r_22_76_99,r_32_69_39,r_78_131_36,r_22_76_99,0.98,-60,39,99,98
20,r_66_11_65,r_41_13_76,r_136_71_83,r_66_11_65,0.86,4,69,65,98
25,r_60_119_30,r_74_99_33,seq12,r_60_119_30,0.99,2,32,30,98
48,r_103_65_75,r_31_145_81,r_51_38_35,r_31_145_81,0.85,-5,76,81,98
45,r_149_144_20,r_114_33_38,r_63_97_34,r_149_144_20,0.62,18,38,20,98
15,r_24_110_42,r_136_71_83,r_117_53_45,r_24_110_42,0.98,3,45,42,98
86,seq81,r_41_13_76,r_128_102_21,r_128_102_21,1.0,-1,20,21,98
94,seq105,r_87_14_17,seq147,r_87_14_17,0.54,0,17,17,98
43,r_142_34_26,r_25_85_31,seq57,r_142_34_26,0.87,0,26,26,98
46,r_32_69_39,r_22_76_99,seq42,r_32_69_39,0.99,0,39,39,98
3,r_109_146_66,seq15,r_128_102_21,r_128_102_21,0.75,36,57,21,98
5,r_25_85_31,r_114_33_38,seq93,r_25_85_31,0.91,1,32,31,98
2,r_126_54_44,seq101,seq37,r_126_54_44,1.0,0,44,44,98
39,r_128_102_21,r_0_43_95,seq81,r_128_102_21,1.0,-1,20,21,98
10,r_8_67_22,r_109_146_66,seq46,r_8_67_22,1.0,0,22,22,98
13,r_18_104_49,seq138,seq12,r_18_104_49,1.0,1,50,49,98
22,r_59_9_64,r_74_99_33,r_51_38_35,r_51_38_35,0.92,5,40,35,98
22,r_59_9_64,r_51_38_35,r_60_119_30,r_59_9_64,0.99,0,64,64,98
0,r_51_38_35,r_122_4_78,r_59_9_64,r_51_38_35,0.8,3,38,35,98
17,r_122_4_78,r_100_108_87,seq36,r_100_108_87,0.5,-7,80,87,98
34,r_90_106_32,seq46,seq130,r_90_106_32,0.91,0,32,32,98
35,r_73_107_27,r_136_71_83,r_139_98_11,r_73_107_27,0.91,1,28,27,98
49,r_61_111_67,seq36,r_90_106_32,r_90_106_32,0.45,30,62,32,98
98,seq124,r_70_84_79,r_62_134_89,r_70_84_79,0.84,-26,53,79,98
7,r_72_79_63,r_31_145_81,r_87_14_17,r_72_79_63,1.0,1,64,63,98
23,r_117_53_45,r_21_123_18,r_142_34_26,r_117_53_45,0.93,2,47,45,98
45,r_149_144_20,r_24_110_42,r_114_33_38,r_149_144_20,0.88,0,20,20,98
14,r_78_131_36,r_135_112_94,r_22_76_99,r_78_131_36,0.93,2,38,36,98
12,r_113_91_60,seq127,seq129,r_113_91_60,0.97,0,60,60,98
0,r_51_38_35,r_59_9_64,r_74_99_33,r_59_9_64,0.91,0,64,64,98
30,r_19_142_78,r_131_77_91,r_111_120_6,r_19_142_78,0.7,2,80,78,99
27,r_86_1_33,r_6_9_59,seq66,r_6_9_59,0.82,3,62,59,99
8,r_101_114_62,r_129_11_94,seq28,r_101_114_62,0.98,3,65,62,99
18,r_128_50_15,seq36,seq113,r_128_50_15,0.93,1,16,15,99
37,r_10_135_85,seq109,r_80_48_68,r_10_135_85,0.84,0,85,85,99
23,r_124_45_84,r_111_120_6,r_34_106_49,r_124_45_84,0.77,1,85,84,99
16,r_58_37_77,r_131_77_91,r_133_105_51,r_131_77_91,0.66,-14,77,91,99
21,r_99_102_73,seq27,seq78,r_99_102_73,0.58,1,74,73,99
5,r_80_48_68,seq41,r_90_56_60,r_90_56_60,1.0,20,80,60,99
33,r_130_14_34,r_75_82_54,r_43_116_56,r_130_14_34,1.0,4,38,34,99
24,r_59_144_18,seq132,seq109,r_59_144_18,1.0,0,18,18,99
19,r_136_54_61,seq22,r_85_98_24,r_136_54_61,1.0,1,62,61,99
32,r_62_30_47,r_124_45_84,seq143,r_62_30_47,0.65,0,47,47,99
31,r_75_82_54,seq32,r_71_146_29,r_75_82_54,0.99,0,54,54,99
46,r_6_9_59,r_71_146_29,r_86_1_33,r_6_9_59,0.88,-25,34,59,99
10,r_63_70_80,seq139,r_80_48_68,r_63_70_80,0.81,-9,71,80,99
48,r_52_97_17,r_71_146_29,seq36,r_52_97_17,0.95,0,17,17,99
11,r_74_21_82,r_90_56_60,r_85_98_24,r_90_56_60,1.0,0,60,60,99
46,r_6_9_59,r_86_1_33,seq35,r_6_9_59,1.0,1,60,59,99
20,r_103_108_87,r_131_77_91,r_52_97_17,r_103_108_87,0.77,-1,86,87,99
6,r_90_56_60,r_74_21_82,seq132,r_90_56_60,1.0,0,60,60,99
26,r_2_73_20,r_90_56_60,seq121,r_2_73_20,0.96,0,20,20,99
7,r_71_146_29,r_52_97_17,r_64_53_4,r_71_146_29,0.97,-5,24,29,99
42,r_61_96_31,r_15_8_93,seq32,r_61_96_31,1.0,1,32,31,99
43,r_122_24_26,seq69,seq32,r_122_24_26,0.9,0,26,26,99
3,r_85_98_24,seq35,r_74_21_82,r_85_98_24,0.88,-4,20,24,99
25,r_133_105_51,seq17,seq141,r_133_105_51,1.0,0,51,51,99
34,r_67_20_53,r_124_45_84,seq93,r_67_20_53,1.0,0,53,53,99
9,r_140_23_40,r_145_123_81,seq137,r_145_123_81,0.67,-34,47,81,99
27,r_86_1_33,r_136_54_61,r_6_9_59,r_86_1_33,0.91,1,34,33,99
50,seq3,r_63_70_80,r_47_84_66,r_47_84_66,0.57,0,66,66,99
0,r_104_51_46,seq18,seq93,r_104_51_46,1.0,1,47,46,99
38,r_147_39_23,r_90_56_60,seq139,r_147_39_23,0.79,0,23,23,99
53,seq137,r_43_116_56,r_140_23_40,r_140_23_40,0.59,2,42,40,99
28,r_111_120_6,r_124_45_84,r_145_123_81,r_145_123_81,0.66,4,85,81,99
35,r_5_68_22,r_136_54_61,seq26,r_136_54_61,0.99,-21,40,61,99
49,r_47_84_66,r_129_11_94,seq3,r_47_84_66,0.98,3,69,66,99
23,r_124_45_84,r_62_30_47,r_111_120_6,r_62_30_47,1.0,0,47,47,99
14,r_29_38_36,r_43_116_56,seq41,r_29_38_36,0.97,2,38,36,99
12,r_145_123_81,seq88,r_111_120_6,r_145_123_81,0.83,0,81,81,99
36,r_4_25_14,r_124_45_84,r_64_53_4,r_4_25_14,0.97,-1,13,14,99
