22,r_75_127_36,r_123_18_120,seq74,r_75_127_36,0.99,3,39,36,0
14,r_7_140_87,r_108_28_11,seq86,r_7_140_87,0.49,6,93,87,0
8,r_54_8_83,seq59,seq5,r_54_8_83,0.8,6,89,83,0
17,r_40_2_131,r_88_137_56,seq4,r_88_137_56,1.0,0,56,56,0
55,seq5,r_49_144_111,r_14_52_113,r_49_144_111,0.74,0,111,111,0
16,r_141_67_66,seq89,seq74,r_141_67_66,1.0,0,66,66,0
82,seq68,r_123_18_120,r_80_117_52,r_80_117_52,1.0,1,53,52,0
21,r_104_70_86,seq134,seq38,r_104_70_86,0.92,1,87,86,0
25,r_114_42_14,r_29_83_104,seq20,r_114_42_14,0.85,1,15,14,0
76,seq45,r_133_120_112,r_0_65_62,r_0_65_62,0.92,34,96,62,0
3,r_30_109_84,seq4,seq15,r_30_109_84,0.72,5,89,84,0
10,r_63_3_59,seq74,seq4,r_63_3_59,0.85,2,61,59,0
27,r_80_117_52,r_141_67_66,seq68,r_80_117_52,0.92,0,52,52,0
4,r_100_77_55,seq82,r_80_117_52,r_80_117_52,1.0,15,67,52,0
0,r_14_52_113,seq128,r_149_69_42,r_14_52_113,0.74,2,115,113,0
29,r_62_46_60,seq22,r_72_113_149,r_62_46_60,0.98,-3,57,60,0
31,r_33_61_38,r_121_34_28,r_10_17_51,r_33_61_38,0.47,-11,27,38,0
12,r_129_16_29,seq136,seq22,r_129_16_29,1.0,0,29,29,0
20,r_91_56_78,seq134,r_54_8_83,r_91_56_78,0.99,0,78,78,0
13,r_123_18_120,seq68,r_63_3_59,r_123_18_120,0.54,2,122,120,0
46,r_85_94_44,r_133_120_112,r_107_6_61,r_133_120_112,0.96,0,112,112,0
1,r_10_17_51,seq58,seq86,r_10_17_51,0.81,0,51,51,0
41,r_126_78_80,r_51_98_18,r_54_8_83,r_126_78_80,0.99,1,81,80,0
47,r_9_93_125,r_135_84_88,r_88_137_56,r_88_137_56,0.88,69,125,56,0
18,r_23_44_123,r_104_70_86,r_9_93_125,r_104_70_86,0.86,13,99,86,0
46,r_85_94_44,seq20,r_133_120_112,r_85_94_44,1.0,0,44,44,0
28,r_105_43_95,seq15,seq36,r_105_43_95,0.73,-38,57,95,0
24,r_0_65_62,seq64,seq45,r_0_65_62,1.0,1,63,62,0
31,r_33_61_38,r_10_17_51,r_129_16_29,r_33_61_38,0.85,0,38,38,0
33,r_108_28_11,r_7_140_87,r_29_83_104,r_29_83_104,0.64,0,104,104,0
19,r_88_137_56,r_40_2_131,r_102_19_142,r_88_137_56,1.0,0,56,56,0
84,seq74,r_63_3_59,r_57_11_17,r_57_11_17,0.97,0,17,17,0
2,r_149_69_42,seq136,seq5,r_149_69_42,0.81,-3,39,42,0
9,r_29_83_104,seq142,r_108_28_11,r_29_83_104,0.9,0,104,104,0
41,r_126_78_80,r_30_109_84,r_51_98_18,r_51_98_18,1.0,1,19,18,0
18,r_23_44_123,r_9_93_125,r_91_56_78,r_23_44_123,0.65,0,123,123,0
37,r_51_98_18,r_126_78_80,r_63_3_59,r_51_98_18,0.79,65,83,18,0
49,r_48_66_103,seq35,seq36,r_48_66_103,0.93,0,103,103,0
7,r_49_144_111,seq5,seq139,r_49_144_111,0.99,0,111,111,0
44,r_107_6_61,r_72_113_149,r_85_94_44,r_107_6_61,1.0,0,61,61,0
40,r_24_148_22,r_23_44_123,seq136,r_24_148_22,1.0,0,22,22,0
17,r_40_2_131,seq4,seq15,r_40_2_131,0.87,1,132,131,0
30,r_31_119_40,r_100_77_55,seq134,r_31_119_40,1.0,1,41,40,0
6,r_125_143_12,r_105_43_95,seq81,r_125_143_12,0.71,0,12,12,0
32,r_57_11_17,r_62_46_60,seq74,r_57_11_17,0.94,0,17,17,0
35,r_95_76_100,seq131,r_24_148_22,r_95_76_100,0.82,0,100,100,0
37,r_51_98_18,r_9_93_125,r_126_78_80,r_51_98_18,0.93,0,18,18,0
30,r_53_147_81,r_41_117_135,seq49,r_53_147_81,1.0,0,81,81,1
8,r_84_19_66,seq126,seq118,r_84_19_66,1.0,2,68,66,1
37,r_11_47_133,seq0,seq66,r_11_47_133,0.63,1,134,133,1
5,r_69_89_46,r_123_99_108,seq28,r_69_89_46,0.86,0,46,46,1
1,r_106_97_120,seq143,r_83_59_111,r_106_97_120,0.84,1,121,120,1
31,r_105_77_128,r_88_72_57,r_134_60_26,r_105_77_128,0.8,-86,42,128,1
39,r_130_37_19,r_58_91_85,r_7_148_6,r_130_37_19,1.0,0,19,19,1
4,r_5_57_15,r_79_128_104,seq68,r_5_57_15,1.0,0,15,15,1
41,r_133_102_59,r_78_149_114,r_30_62_3,r_78_149_114,1.0,-45,69,114,1
26,r_79_128_104,r_11_47_133,seq8,r_79_128_104,0.97,0,104,104,1
72,seq68,r_63_29_88,r_21_64_18,r_63_29_88,0.67,0,88,88,1
19,r_65_140_45,seq129,r_135_71_24,r_65_140_45,1.0,0,45,45,1
11,r_87_46_105,seq54,r_30_62_3,r_87_46_105,0.94,0,105,105,1
20,r_83_59_111,r_138_1_112,seq93,r_138_1_112,0.57,1,113,112,1
57,seq139,r_123_99_108,r_33_35_9,r_123_99_108,1.0,1,109,108,1
6,r_86_32_106,seq137,r_134_60_26,r_86_32_106,0.98,1,107,106,1
18,r_9_34_29,r_134_60_26,seq0,r_9_34_29,0.93,-6,23,29,1
0,r_134_60_26,r_105_77_128,r_42_145_58,r_42_145_58,0.96,38,96,58,1
49,r_88_72_57,seq20,r_69_89_46,r_88_72_57,0.9,0,57,57,1
45,r_61_12_11,r_87_46_105,seq76,r_61_12_11,0.84,0,11,11,1
27,r_123_99_108,seq139,seq66,r_123_99_108,0.55,7,115,108,1
47,r_109_38_36,r_56_75_43,r_30_62_3,r_30_62_3,1.0,33,36,3,1
35,r_121_36_12,r_86_32_106,seq114,r_121_36_12,0.7,0,12,12,1
22,r_58_91_85,r_84_19_66,seq125,r_58_91_85,0.98,0,85,85,1
29,r_55_18_91,seq114,seq132,r_55_18_91,0.99,0,91,91,1
25,r_63_29_88,seq68,seq49,r_63_29_88,1.0,0,88,88,1
33,r_136_31_98,r_48_110_141,r_98_26_2,r_136_31_98,0.98,2,100,98,1
65,seq27,r_41_117_135,r_106_97_120,r_106_97_120,0.75,18,138,120,1
32,r_138_1_112,seq67,r_2_142_110,r_138_1_112,0.72,1,113,112,1
22,r_58_91_85,r_130_37_19,r_84_19_66,r_130_37_19,0.78,11,30,19,1
16,r_101_82_52,r_85_17_89,seq108,r_101_82_52,1.0,2,54,52,1
34,r_4_141_117,r_41_117_135,r_78_149_114,r_4_141_117,0.79,0,117,117,1
17,r_2_142_110,r_106_97_120,r_105_77_128,r_2_142_110,0.75,1,111,110,1
5,r_69_89_46,seq28,r_88_72_57,r_69_89_46,0.52,14,60,46,1
40,r_39_127_30,seq28,r_121_36_12,r_39_127_30,1.0,0,30,30,1
9,r_41_117_135,seq27,r_2_142_110,r_2_142_110,0.73,25,135,110,1
48,r_10_120_53,seq100,seq0,r_10_120_53,0.95,1,54,53,1
0,r_134_60_26,r_56_75_43,r_105_77_128,r_134_60_26,1.0,-1,25,26,1
46,r_85_17_89,r_101_82_52,r_2_142_110,r_101_82_52,1.0,2,54,52,1
10,r_7_148_6,r_41_117_135,r_130_37_19,r_130_37_19,1.0,0,19,19,1
66,seq28,r_56_75_43,r_86_32_106,r_56_75_43,0.54,0,43,43,1
7,r_131_43_123,r_22_13_145,r_7_148_6,r_131_43_123,0.57,3,126,123,1
44,r_146_50_73,r_7_148_6,seq20,r_146_50_73,1.0,0,73,73,1
36,r_42_145_58,r_30_62_3,r_134_60_26,r_42_145_58,1.0,1,59,58,1
66,seq28,r_88_72_57,r_78_149_114,r_78_149_114,0.96,0,114,114,1
38,r_21_64_18,r_30_62_3,seq68,r_21_64_18,1.0,0,18,18,1
46,r_85_17_89,r_2_142_110,seq137,r_85_17_89,0.73,0,89,89,1
12,r_78_149_114,r_11_47_133,r_4_141_117,r_78_149_114,0.69,3,117,114,1
30,r_134_149_61,seq90,seq41,r_134_149_61,1.0,1,62,61,2
2,r_137_111_49,r_131_57_103,seq10,r_137_111_49,0.39,41,90,49,2
38,r_131_57_103,seq10,r_137_111_49,r_137_111_49,0.93,4,53,49,2
10,r_34_107_36,r_14_7_97,r_59_61_45,r_34_107_36,1.0,4,40,36,2
4,r_93_109_53,r_69_33_73,seq20,r_93_109_53,0.72,0,53,53,2
11,r_1_135_109,r_116_31_124,r_40_73_2,r_116_31_124,0.54,2,126,124,2
37,r_141_83_92,r_25_128_120,r_52_89_41,r_141_83_92,0.98,1,93,92,2
1,r_59_61_45,seq76,r_34_107_36,r_34_107_36,0.94,24,60,36,2
41,r_5_22_19,r_91_65_130,r_14_7_97,r_5_22_19,0.99,2,21,19,2
5,r_12_47_125,seq10,r_134_149_61,r_134_149_61,0.91,67,128,61,2
45,r_85_9_101,seq44,seq36,r_85_9_101,0.7,1,102,101,2
32,r_81_17_34,r_40_73_2,seq37,r_81_17_34,0.97,0,34,34,2
2,r_137_111_49,seq70,r_131_57_103,r_137_111_49,0.97,0,49,49,2
49,r_25_128_120,r_116_31_124,r_69_33_73,r_25_128_120,0.87,0,120,120,2
95,seq113,r_68_16_113,seq140,r_68_16_113,0.96,0,113,113,2
0,r_130_129_31,r_116_31_124,seq18,r_130_129_31,0.97,2,33,31,2
38,r_131_57_103,r_137_111_49,seq117,r_131_57_103,0.87,4,107,103,2
31,r_63_119_118,r_55_39_121,r_105_38_114,r_63_119_118,0.78,0,118,118,2
3,r_132_126_66,seq49,seq20,r_132_126_66,0.99,0,66,66,2
26,r_21_118_128,seq90,r_81_17_34,r_21_118_128,0.5,0,128,128,2
36,r_108_84_46,r_91_65_130,r_55_39_121,r_108_84_46,0.93,3,49,46,2
11,r_1_135_109,r_14_7_97,r_116_31_124,r_1_135_109,0.54,0,109,109,2
20,r_116_31_124,r_141_83_92,r_25_128_120,r_141_83_92,0.94,-13,79,92,2
13,r_112_27_93,r_59_61_45,seq86,r_112_27_93,1.0,0,93,93,2
48,r_69_33_73,seq26,seq74,r_69_33_73,0.99,0,73,73,2
20,r_116_31_124,r_25_128_120,r_108_84_46,r_116_31_124,0.98,-4,120,124,2
36,r_108_84_46,r_55_39_121,r_116_31_124,r_108_84_46,0.66,80,126,46,2
27,r_68_16_113,seq113,seq24,r_68_16_113,0.95,0,113,113,2
22,r_136_42_39,seq15,r_75_92_102,r_75_92_102,1.0,0,102,102,2
47,r_4_146_127,seq110,r_52_89_41,r_52_89_41,0.84,38,79,41,2
14,r_148_145_57,seq26,seq30,r_148_145_57,0.87,0,57,57,2
40,r_55_39_121,seq26,r_40_73_2,r_40_73_2,0.48,115,117,2,2
24,r_23_96_129,r_50_97_144,r_131_57_103,r_50_97_144,0.59,-8,136,144,2
25,r_71_8_88,seq82,r_14_7_97,r_71_8_88,0.98,0,88,88,2
33,r_75_92_102,seq19,r_136_42_39,r_75_92_102,1.0,0,102,102,2
16,r_127_124_48,r_55_39_121,seq88,r_127_124_48,1.0,0,48,48,2
64,seq30,seq133,r_148_145_57,r_148_145_57,1.0,13,70,57,2
22,r_136_42_39,seq66,seq15,r_136_42_39,0.97,1,40,39,2
52,seq10,r_12_47_125,r_137_111_49,r_137_111_49,0.99,33,82,49,2
34,r_3_56_11,r_35_11_112,r_64_138_6,r_3_56_11,0.89,0,11,11,2
12,r_79_48_50,seq95,seq144,r_79_48_50,1.0,3,53,50,2
7,r_13_122_21,r_137_111_49,seq110,r_137_111_49,0.67,-28,21,49,2
47,r_4_146_127,r_52_89_41,r_21_118_128,r_4_146_127,0.93,1,128,127,2
49,r_25_128_120,r_141_83_92,r_116_31_124,r_141_83_92,0.86,0,92,92,2
44,r_46_2_100,seq99,r_69_33_73,r_46_2_100,0.9,0,100,100,2
23,r_6_115_84,seq41,seq20,r_6_115_84,0.97,0,84,84,2
78,seq70,r_137_111_49,r_62_51_5,r_137_111_49,1.0,0,49,49,2
39,r_52_89_41,seq15,seq49,r_52_89_41,0.95,1,42,41,2
93,seq106,r_91_149_111,r_19_107_140,r_91_149_111,0.71,1,112,111,3
30,r_31_100_106,seq52,seq119,r_31_100_106,0.94,3,109,106,3
14,r_64_87_120,r_72_15_143,seq106,r_64_87_120,0.65,0,120,120,3
43,r_55_57_90,r_124_49_92,seq83,r_55_57_90,0.7,0,90,90,3
16,r_63_75_43,r_66_42_149,seq117,r_63_75_43,1.0,0,43,43,3
20,r_111_38_39,r_108_133_68,seq2,r_111_38_39,0.87,0,39,39,3
62,seq144,seq128,r_12_4_26,r_12_4_26,0.99,6,32,26,3
39,r_16_40_59,r_114_126_145,r_129_73_89,r_16_40_59,1.0,1,60,59,3
1,r_91_149_111,seq106,r_60_95_55,r_91_149_111,0.94,1,112,111,3
5,r_58_127_129,seq22,r_98_11_24,r_58_127_129,0.75,0,129,129,3
46,r_123_67_63,seq82,seq10,r_123_67_63,0.82,0,63,63,3
42,r_61_8_109,r_121_32_12,r_21_85_38,r_61_8_109,0.92,0,109,109,3
11,r_98_11_24,r_108_133_68,seq105,r_98_11_24,0.98,1,25,24,3
10,r_29_86_46,r_140_138_122,r_56_125_15,r_29_86_46,1.0,-1,45,46,3
69,seq30,r_120_45_100,r_108_133_68,r_108_133_68,0.99,29,97,68,3
45,r_115_141_88,seq143,r_31_100_106,r_31_100_106,0.91,-17,89,106,3
36,r_21_85_38,seq79,seq119,r_21_85_38,0.88,0,38,38,3
86,seq82,r_72_15_143,r_104_78_96,r_104_78_96,0.99,3,99,96,3
93,seq106,r_19_107_140,r_64_87_120,r_19_107_140,0.59,-10,130,140,3
3,r_108_133_68,seq119,seq30,r_108_133_68,1.0,0,68,68,3
26,r_84_137_91,r_91_149_111,seq62,r_84_137_91,0.96,0,91,91,3
41,r_60_95_55,r_108_133_68,seq117,r_60_95_55,0.59,1,56,55,3
0,r_136_110_80,seq36,r_124_49_92,r_136_110_80,0.86,0,80,80,3
13,r_104_78_96,r_46_109_74,seq14,r_46_109_74,0.94,0,74,74,3
49,r_146_33_34,seq47,seq118,r_146_33_34,0.84,0,34,34,3
15,r_35_39_82,seq2,seq22,r_35_39_82,0.99,0,82,82,3
70,seq34,r_58_127_129,r_130_89_9,r_130_89_9,0.59,2,11,9,3
99,seq119,seq101,r_31_100_106,r_31_100_106,0.7,8,114,106,3
36,r_21_85_38,seq119,r_61_8_109,r_61_8_109,0.92,7,116,109,3
27,r_46_109_74,r_104_78_96,r_111_38_39,r_46_109_74,0.74,0,74,74,3
13,r_104_78_96,seq14,seq82,r_104_78_96,0.9,0,96,96,3
64,seq20,r_64_87_120,seq62,r_64_87_120,0.99,-73,47,120,3
40,r_120_45_100,r_68_70_119,seq52,r_120_45_100,0.84,4,104,100,3
12,r_97_145_13,r_91_149_111,r_27_148_5,r_97_145_13,0.84,0,13,13,3
18,r_140_138_122,seq119,r_90_122_14,r_140_138_122,0.47,0,122,122,3
25,r_71_26_71,seq53,seq113,r_71_26_71,0.57,11,82,71,3
21,r_12_4_26,r_21_85_38,seq144,r_12_4_26,0.71,0,26,26,3
33,r_124_49_92,r_55_57_90,seq3,r_124_49_92,0.65,-2,90,92,3
58,seq10,r_102_7_133,r_123_67_63,r_123_67_63,1.0,26,89,63,3
65,seq22,r_58_127_129,r_35_39_82,r_35_39_82,0.73,6,88,82,3
48,r_9_54_42,r_19_107_140,r_129_73_89,r_9_54_42,0.99,2,44,42,3
2,r_90_122_14,seq69,r_121_32_12,r_90_122_14,0.94,0,14,14,3
66,seq24,r_6_43_142,r_92_51_35,r_92_51_35,1.0,3,38,35,3
9,r_139_99_110,r_102_7_133,r_115_141_88,r_102_7_133,1.0,-23,110,133,3
45,r_115_141_88,r_31_100_106,r_139_99_110,r_115_141_88,0.56,15,103,88,3
22,r_116_81_115,seq77,r_139_99_110,r_116_81_115,0.96,0,115,115,3
4,r_92_51_35,r_91_149_111,seq24,r_92_51_35,1.0,0,35,35,3
44,r_102_7_133,seq88,r_21_85_38,r_102_7_133,0.52,0,133,133,3
35,r_68_70_119,seq30,r_97_145_13,r_97_145_13,0.59,107,120,13,3
8,r_48_66_47,r_95_62_135,r_99_69_40,r_48_66_47,1.0,1,48,47,4
3,r_70_31_24,r_47_135_132,r_48_66_47,r_48_66_47,0.9,87,134,47,4
21,r_9_143_107,seq149,r_109_15_28,r_9_143_107,0.97,0,107,107,4
39,r_125_25_99,r_49_41_20,r_110_37_4,r_110_37_4,0.7,60,64,4,4
46,r_83_73_74,seq60,r_94_132_30,r_83_73_74,1.0,0,74,74,4
19,r_87_55_75,r_98_108_127,r_121_82_55,r_87_55_75,0.97,0,75,75,4
1,r_121_82_55,r_147_42_33,r_87_55_75,r_121_82_55,0.68,31,86,55,4
20,r_139_21_43,seq64,seq23,r_139_21_43,0.77,0,43,43,4
78,seq58,r_91_71_19,seq0,r_91_71_19,0.4,85,104,19,4
41,r_78_146_73,seq85,r_32_29_71,r_78_146_73,0.95,0,73,73,4
27,r_122_68_67,r_53_84_38,r_147_42_33,r_122_68_67,1.0,-32,35,67,4
13,r_103_97_92,r_107_26_48,r_138_2_29,r_103_97_92,0.91,0,92,92,4
11,r_14_35_35,r_78_146_73,seq129,r_14_35_35,1.0,-1,34,35,4
26,r_98_108_127,r_138_2_29,seq40,r_98_108_127,0.3,0,127,127,4
17,r_45_77_121,seq34,r_107_26_48,r_45_77_121,0.85,0,121,121,4
4,r_90_38_76,r_7_76_112,seq24,r_90_38_76,0.79,0,76,76,4
0,r_113_142_111,seq72,r_49_41_20,r_113_142_111,0.43,0,111,111,4
63,seq19,r_148_120_103,seq86,r_148_120_103,0.99,6,109,103,4
13,r_103_97_92,r_122_68_67,r_107_26_48,r_107_26_48,0.96,19,67,48,4
10,r_109_15_28,seq5,seq56,r_109_15_28,1.0,0,28,28,4
15,r_50_16_82,r_94_132_30,seq60,r_50_16_82,1.0,0,82,82,4
48,r_75_8_97,r_91_71_19,r_6_59_10,r_75_8_97,0.99,0,97,97,4
12,r_47_135_132,r_70_31_24,r_91_71_19,r_47_135_132,0.44,4,136,132,4
31,r_107_26_48,r_123_118_114,r_147_42_33,r_107_26_48,0.98,0,48,48,4
43,r_123_118_114,r_107_26_48,seq136,r_107_26_48,1.0,-6,42,48,4
2,r_95_62_135,r_133_33_27,r_54_65_96,r_54_65_96,0.5,39,135,96,4
40,r_80_124_100,r_49_41_20,seq137,r_80_124_100,1.0,0,100,100,4
18,r_32_29_71,r_99_69_40,r_94_132_30,r_32_29_71,0.85,-5,66,71,4
29,r_94_132_30,r_50_16_82,r_32_29_71,r_50_16_82,0.59,0,82,82,4
24,r_130_102_133,seq115,r_147_42_33,r_147_42_33,0.96,100,133,33,4
35,r_138_2_29,r_98_108_127,r_103_97_92,r_103_97_92,1.0,35,127,92,4
25,r_11_63_72,r_122_68_67,seq149,r_11_63_72,0.99,0,72,72,4
43,r_123_118_114,seq136,seq128,r_123_118_114,0.99,0,114,114,4
1,r_121_82_55,seq56,r_147_42_33,r_147_42_33,0.61,23,56,33,4
32,r_54_65_96,seq140,seq137,r_54_65_96,0.96,0,96,96,4
9,r_147_42_33,r_90_38_76,r_122_68_67,r_147_42_33,0.99,0,33,33,4
12,r_47_135_132,seq17,r_70_31_24,r_70_31_24,0.92,-5,19,24,4
17,r_45_77_121,r_100_145_110,seq34,r_100_145_110,0.98,0,110,110,4
7,r_6_59_10,r_121_82_55,seq93,r_121_82_55,0.98,-45,10,55,4
16,r_112_116_53,r_103_97_92,r_49_41_20,r_112_116_53,0.99,0,53,53,4
22,r_7_76_112,r_49_41_20,seq34,r_7_76_112,0.88,0,112,112,4
35,r_138_2_29,r_54_65_96,r_98_108_127,r_138_2_29,0.9,-14,15,29,4
28,r_27_92_60,r_91_71_19,seq22,r_27_92_60,1.0,0,60,60,4
3,r_70_31_24,seq58,r_47_135_132,r_70_31_24,0.89,-5,19,24,4
44,r_100_145_110,r_45_77_121,r_9_143_107,r_100_145_110,0.85,0,110,110,4
14,r_53_84_38,r_103_97_92,r_110_37_4,r_53_84_38,1.0,0,38,38,4
51,seq1,r_77_71_136,r_145_30_83,r_77_71_136,0.87,-46,90,136,5
97,seq120,r_147_46_38,seq91,r_147_46_38,1.0,-1,37,38,5
16,r_3_134_130,r_29_69_141,seq129,r_29_69_141,0.42,-11,130,141,5
39,r_77_71_136,r_99_42_64,r_142_45_49,r_142_45_49,0.63,87,136,49,5
1,r_99_42_64,r_145_30_83,seq11,r_99_42_64,0.84,16,80,64,5
14,r_133_110_43,r_102_112_65,r_144_22_12,r_133_110_43,0.85,0,43,43,5
5,r_60_148_105,r_53_51_78,seq17,r_53_51_78,0.98,-5,73,78,5
35,r_26_16_53,seq43,r_52_65_4,r_26_16_53,1.0,-8,45,53,5
10,r_40_41_57,r_144_22_12,seq109,r_40_41_57,0.98,0,57,57,5
31,r_6_28_101,r_121_8_35,seq139,r_6_28_101,0.97,0,101,101,5
21,r_44_73_27,seq87,seq20,r_44_73_27,0.99,0,27,27,5
41,r_2_61_120,seq128,seq43,r_2_61_120,0.6,0,120,120,5
24,r_52_65_4,r_77_71_136,r_26_16_53,r_52_65_4,0.73,51,55,4,5
44,r_142_45_49,r_135_32_58,r_93_82_42,r_142_45_49,1.0,-6,43,49,5
49,r_68_57_82,r_38_13_87,r_40_41_57,r_68_57_82,0.59,0,82,82,5
4,r_102_112_65,r_68_57_82,r_114_90_22,r_102_112_65,0.85,1,66,65,5
0,r_103_59_97,r_121_8_35,r_62_111_31,r_103_59_97,1.0,0,97,97,5
11,r_76_92_108,seq105,r_131_132_40,r_76_92_108,0.69,0,108,108,5
20,r_21_37_102,seq43,seq19,r_21_37_102,0.97,0,102,102,5
48,r_24_39_85,seq101,r_62_111_31,r_24_39_85,0.88,-4,81,85,5
15,r_118_78_36,seq5,seq139,r_118_78_36,0.88,1,37,36,5
8,r_137_115_21,r_102_112_65,r_108_66_18,r_108_66_18,0.55,-1,17,18,5
6,r_47_9_134,r_62_111_31,r_60_148_105,r_60_148_105,0.94,32,137,105,5
46,r_149_72_39,r_125_124_110,r_52_65_4,r_149_72_39,0.91,0,39,39,5
33,r_107_31_44,seq11,seq85,r_107_31_44,0.97,2,46,44,5
62,seq20,r_15_113_118,r_44_73_27,r_44_73_27,1.0,0,27,27,5
30,r_144_22_12,r_40_41_57,r_133_110_43,r_144_22_12,0.79,45,57,12,5
18,r_108_66_18,r_103_59_97,r_137_115_21,r_108_66_18,0.89,-1,17,18,5
2,r_145_30_83,r_99_42_64,r_100_141_14,r_145_30_83,0.55,0,83,83,5
49,r_68_57_82,r_102_112_65,r_38_13_87,r_68_57_82,0.48,-37,45,82,5
3,r_114_90_22,seq138,r_102_112_65,r_102_112_65,0.99,3,68,65,5
25,r_100_141_14,r_144_22_12,r_145_30_83,r_145_30_83,0.61,-12,71,83,5
7,r_83_35_11,r_38_13_87,seq75,r_83_35_11,0.99,0,11,11,5
34,r_53_51_78,r_60_148_105,seq120,r_53_51_78,0.98,-3,75,78,5
45,r_93_82_42,seq139,r_142_45_49,r_93_82_42,1.0,-1,41,42,5
28,r_125_124_110,seq81,seq17,r_125_124_110,0.97,0,110,110,5
36,r_131_132_40,r_140_119_69,seq79,r_140_119_69,0.53,-28,41,69,5
3,r_114_90_22,r_21_37_102,seq138,r_114_90_22,0.76,-3,19,22,5
56,seq11,seq20,r_99_42_64,r_99_42_64,0.63,16,80,64,5
23,r_25_33_75,seq50,seq85,r_25_33_75,1.0,0,75,75,5
5,r_60_148_105,seq17,r_25_33_75,r_60_148_105,1.0,0,105,105,5
27,r_4_12_146,r_15_113_118,r_147_46_38,r_147_46_38,0.99,-1,37,38,5
19,r_147_46_38,seq120,r_4_12_146,r_147_46_38,0.91,-1,37,38,5
38,r_135_32_58,seq136,r_34_10_9,r_135_32_58,1.0,0,58,58,5
12,r_140_119_69,seq55,r_44_73_27,r_140_119_69,1.0,0,69,69,5
30,r_46_23_140,r_134_41_81,r_111_90_57,r_46_23_140,0.6,-56,84,140,6
14,r_134_41_81,r_46_23_140,r_21_84_29,r_134_41_81,0.54,3,84,81,6
8,r_67_131_94,r_35_20_76,seq148,r_35_20_76,0.53,3,79,76,6
16,r_72_9_99,seq103,seq129,r_72_9_99,1.0,0,99,99,6
39,r_39_3_120,r_140_102_128,r_65_99_132,r_39_3_120,0.91,0,120,120,6
1,r_111_90_57,seq42,r_108_64_44,r_111_90_57,0.72,4,61,57,6
7,r_141_32_11,r_17_43_63,r_37_51_60,r_141_32_11,1.0,52,63,11,6
46,r_19_36_138,seq145,r_74_119_98,r_19_36_138,0.48,0,138,138,6
42,r_35_20_76,r_67_131_94,seq49,r_35_20_76,0.55,3,79,76,6
25,r_17_43_63,r_141_32_11,seq58,r_17_43_63,1.0,0,63,63,6
45,r_47_139_68,r_53_29_106,r_107_123_31,r_107_123_31,0.74,37,68,31,6
19,r_38_45_121,seq22,seq34,r_38_45_121,0.85,0,121,121,6
23,r_21_84_29,r_19_36_138,r_127_24_45,r_21_84_29,1.0,0,29,29,6
76,seq54,seq129,r_66_128_20,r_66_128_20,0.88,74,94,20,6
31,r_37_51_60,seq42,r_141_32_11,r_37_51_60,1.0,0,60,60,6
41,r_126_68_73,seq148,seq2,r_126_68_73,0.89,0,73,73,6
10,r_69_27_65,seq42,r_65_99_132,r_69_27_65,0.89,4,69,65,6
26,r_106_30_111,seq48,seq49,r_106_30_111,0.89,2,113,111,6
72,seq48,r_93_105_66,r_106_30_111,r_93_105_66,1.0,1,67,66,6
4,r_100_124_1,seq113,r_47_139_68,r_47_139_68,1.0,27,95,68,6
0,r_0_59_87,seq58,r_47_139_68,r_0_59_87,1.0,1,88,87,6
73,seq49,seq113,r_35_20_76,r_35_20_76,1.0,5,81,76,6
20,r_138_81_115,seq13,r_65_99_132,r_138_81_115,0.94,0,115,115,6
13,r_77_133_118,r_19_36_138,r_79_91_89,r_19_36_138,0.57,-19,119,138,6
11,r_108_64_44,r_134_41_81,r_111_90_57,r_134_41_81,0.58,3,84,81,6
49,r_89_95_50,r_140_102_128,r_79_91_89,r_89_95_50,0.94,60,110,50,6
57,seq13,r_138_81_115,r_73_143_47,r_73_143_47,0.88,68,115,47,6
25,r_17_43_63,seq16,r_141_32_11,r_141_32_11,0.63,9,20,11,6
40,r_28_82_53,r_1_130_119,seq80,r_28_82_53,1.0,0,53,53,6
11,r_108_64_44,r_93_105_66,r_134_41_81,r_108_64_44,1.0,0,44,44,6
27,r_117_96_77,r_67_131_94,r_126_68_73,r_67_131_94,0.81,-15,79,94,6
38,r_66_128_20,r_1_130_119,seq149,r_66_128_20,1.0,0,20,20,6
2,r_11_78_79,seq135,r_86_118_67,r_11_78_79,1.0,0,79,79,6
6,r_73_143_47,seq109,seq13,r_73_143_47,1.0,0,47,47,6
18,r_74_119_98,r_46_23_140,seq48,r_74_119_98,0.75,0,98,98,6
29,r_79_91_89,r_65_99_132,r_89_95_50,r_79_91_89,0.67,0,89,89,6
37,r_146_44_39,seq58,seq80,r_146_44_39,0.98,0,39,39,6
50,seq129,seq54,r_72_9_99,r_72_9_99,1.0,8,107,99,6
65,seq22,r_38_45_121,seq31,r_38_45_121,0.86,-15,106,121,6
7,r_141_32_11,r_55_137_14,r_17_43_63,r_141_32_11,0.98,0,11,11,6
32,r_93_105_66,seq48,seq145,r_93_105_66,0.98,0,66,66,6
93,seq144,r_122_112_43,seq6,r_122_112_43,0.86,3,46,43,6
34,r_1_130_119,seq142,seq60,r_1_130_119,0.88,0,119,119,6
15,r_107_123_31,r_11_78_79,seq49,r_107_123_31,0.98,0,31,31,6
49,r_89_95_50,seq135,r_140_102_128,r_89_95_50,1.0,0,50,50,6
30,r_46_23_140,r_111_90_57,r_74_119_98,r_46_23_140,0.94,0,140,140,6
60,seq16,r_17_43_63,r_1_130_119,r_17_43_63,0.56,1,64,63,6
17,r_87_147_80,seq149,seq16,r_87_147_80,0.99,0,80,80,6
36,r_122_112_43,seq144,seq50,r_122_112_43,1.0,0,43,43,6
44,r_86_118_67,seq101,seq61,r_86_118_67,0.96,-1,66,67,6
8,r_67_131_94,seq148,r_47_139_68,r_67_131_94,0.93,0,94,94,6
35,r_57_75_110,seq61,seq15,r_57_75_110,0.97,3,113,110,6
12,r_53_29_106,r_47_139_68,seq149,r_47_139_68,0.99,0,68,68,6
28,r_55_137_14,r_39_3_120,seq135,r_55_137_14,0.98,0,14,14,6
12,r_53_29_106,seq149,r_100_124_1,r_53_29_106,0.92,7,113,106,6
74,seq50,seq113,r_122_112_43,r_122_112_43,1.0,3,46,43,6
30,r_38_31_2,r_102_109_126,r_148_84_87,r_148_84_87,1.0,30,117,87,7
36,r_16_100_100,r_148_84_87,r_129_28_30,r_16_100_100,0.74,-13,87,100,7
6,r_118_24_44,r_123_51_137,r_32_93_36,r_118_24_44,0.93,2,46,44,7
37,r_133_6_33,r_123_51_137,r_95_13_97,r_133_6_33,0.58,61,94,33,7
59,seq18,r_0_5_22,r_132_85_66,r_132_85_66,1.0,0,66,66,7
53,seq9,r_105_106_20,r_111_37_21,r_111_37_21,0.91,3,24,21,7
19,r_123_51_137,r_43_75_76,r_25_113_80,r_123_51_137,0.72,0,137,137,7
45,r_110_27_27,r_105_106_20,seq135,r_110_27_27,1.0,0,27,27,7
21,r_87_146_110,seq63,r_118_24_44,r_87_146_110,0.62,-1,109,110,7
97,seq117,r_70_14_138,r_48_34_42,r_48_34_42,0.63,98,140,42,7
46,r_12_15_78,r_123_51_137,r_87_146_110,r_12_15_78,0.9,0,78,78,7
42,r_42_52_83,r_41_3_122,seq26,r_42_52_83,0.8,1,84,83,7
35,r_134_74_47,seq67,r_32_93_36,r_134_74_47,0.57,0,47,47,7
41,r_86_145_107,seq44,r_148_84_87,r_148_84_87,1.0,27,114,87,7
67,seq44,r_86_145_107,r_36_65_113,r_36_65_113,0.97,2,115,113,7
29,r_111_37_21,seq83,seq9,r_111_37_21,0.99,0,21,21,7
31,r_121_69_19,r_45_61_3,seq2,r_121_69_19,0.84,2,21,19,7
5,r_129_28_30,r_101_130_123,r_125_92_10,r_129_28_30,0.99,0,30,30,7
26,r_148_84_87,r_16_100_100,r_38_31_2,r_148_84_87,0.85,0,87,87,7
4,r_101_130_123,r_41_3_122,r_0_5_22,r_101_130_123,0.44,2,125,123,7
0,r_43_75_76,r_101_130_123,r_123_51_137,r_43_75_76,0.59,18,94,76,7
73,seq58,r_29_126_120,seq21,r_29_126_120,0.94,0,120,120,7
11,r_141_104_111,r_50_22_133,r_110_27_27,r_110_27_27,0.83,84,111,27,7
10,r_128_144_28,r_101_130_123,seq83,r_101_130_123,0.66,-95,28,123,7
22,r_125_92_10,r_45_61_3,r_148_84_87,r_125_92_10,0.85,0,10,10,7
62,seq23,r_80_94_135,r_70_14_138,r_80_94_135,0.43,5,140,135,7
15,r_48_34_42,r_102_109_126,seq117,r_48_34_42,0.85,1,43,42,7
27,r_76_4_85,r_95_13_97,r_111_37_21,r_76_4_85,0.96,0,85,85,7
48,r_39_122_23,seq88,seq112,r_39_122_23,0.95,12,35,23,7
2,r_35_114_86,r_41_3_122,r_57_1_75,r_41_3_122,1.0,-35,87,122,7
36,r_16_100_100,r_129_28_30,r_121_69_19,r_16_100_100,0.76,1,101,100,7
40,r_47_136_65,r_70_14_138,r_68_91_60,r_47_136_65,0.95,-4,61,65,7
0,r_43_75_76,r_123_51_137,r_120_115_9,r_43_75_76,0.64,49,125,76,7
24,r_95_13_97,seq26,r_133_6_33,r_95_13_97,0.87,0,97,97,7
16,r_32_93_36,seq18,r_129_28_30,r_32_93_36,0.53,1,37,36,7
25,r_82_89_81,r_25_113_80,r_0_5_22,r_82_89_81,1.0,0,81,81,7
46,r_12_15_78,r_87_146_110,seq63,r_87_146_110,0.95,0,110,110,7
22,r_125_92_10,r_148_84_87,r_129_28_30,r_125_92_10,0.94,42,52,10,7
88,seq88,seq64,r_35_114_86,r_35_114_86,0.93,11,97,86,7
32,r_7_97_73,seq11,seq142,r_7_97_73,1.0,0,73,73,7
38,r_41_3_122,seq2,seq55,r_41_3_122,0.5,0,122,122,7
34,r_57_1_75,r_41_3_122,seq88,r_57_1_75,0.93,0,75,75,7
3,r_0_5_22,r_32_93_36,seq23,r_32_93_36,0.98,-5,31,36,7
47,r_78_54_53,seq135,r_121_69_19,r_78_54_53,0.75,4,57,53,7
50,seq149,r_33_131_48,seq26,r_33_131_48,0.99,0,48,48,7
17,r_132_85_66,seq142,seq18,r_132_85_66,1.0,0,66,66,7
43,r_116_81_49,r_36_65_113,r_121_69_19,r_116_81_49,1.0,1,50,49,7
49,r_80_94_135,seq23,r_48_34_42,r_48_34_42,0.64,98,140,42,7
7,r_90_77_118,seq26,r_0_5_22,r_90_77_118,0.61,0,118,118,7
44,r_25_113_80,r_82_89_81,seq98,r_25_113_80,0.77,0,80,80,7
19,r_123_51_137,r_118_24_44,r_43_75_76,r_118_24_44,0.89,3,47,44,7
68,seq46,r_148_84_87,r_32_93_36,r_32_93_36,0.5,2,38,36,7
30,r_0_46_96,r_108_39_129,r_146_133_66,r_146_133_66,0.91,48,114,66,8
5,r_61_26_45,r_30_147_80,r_20_85_72,r_61_26_45,0.99,0,45,45,8
52,seq129,seq98,r_29_78_39,r_29_78_39,1.0,-2,37,39,8
14,r_116_43_117,seq62,r_31_149_92,r_116_43_117,0.84,0,117,117,8
8,r_141_54_110,seq96,seq94,r_141_54_110,0.96,1,111,110,8
43,r_70_25_109,r_115_139_125,r_122_148_23,r_70_25_109,0.49,4,113,109,8
1,r_8_126_142,seq127,r_134_60_32,r_134_60_32,1.0,0,32,32,8
4,r_146_133_66,r_136_95_111,seq33,r_136_95_111,0.56,-58,53,111,8
36,r_122_148_23,r_20_85_72,r_108_39_129,r_122_148_23,0.97,1,24,23,8
16,r_110_80_124,seq97,seq1,r_110_80_124,0.73,0,124,124,8
21,r_120_48_102,seq132,r_30_147_80,r_30_147_80,0.49,23,103,80,8
38,r_15_83_48,seq21,seq96,r_15_83_48,1.0,0,48,48,8
46,r_27_117_122,seq13,r_61_26_45,r_61_26_45,0.73,78,123,45,8
5,r_61_26_45,r_20_85_72,r_121_91_81,r_121_91_81,1.0,15,96,81,8
3,r_75_128_64,r_68_109_16,r_114_2_76,r_114_2_76,0.48,5,81,76,8
31,r_47_144_28,r_116_43_117,seq71,r_47_144_28,1.0,-2,26,28,8
3,r_75_128_64,seq94,r_68_109_16,r_75_128_64,0.96,0,64,64,8
86,seq96,r_141_54_110,r_15_83_48,r_15_83_48,0.59,4,52,48,8
40,r_4_103_44,r_82_73_137,seq56,r_4_103_44,1.0,1,45,44,8
26,r_136_95_111,r_146_133_66,r_31_149_92,r_146_133_66,0.81,47,113,66,8
0,r_22_111_91,seq102,seq21,r_22_111_91,1.0,0,91,91,8
73,seq62,r_116_43_117,r_69_99_63,r_69_99_63,0.76,10,73,63,8
11,r_69_99_63,r_106_50_133,seq62,r_69_99_63,1.0,1,64,63,8
20,r_30_147_80,r_0_46_96,seq97,r_30_147_80,1.0,0,80,80,8
37,r_20_85_72,r_122_148_23,r_120_48_102,r_122_148_23,0.85,-1,22,23,8
13,r_31_149_92,seq100,r_6_118_82,r_31_149_92,0.94,0,92,92,8
15,r_3_77_107,seq18,r_5_137_46,r_3_77_107,0.95,3,110,107,8
18,r_93_9_31,r_130_131_114,seq12,r_93_9_31,0.97,0,31,31,8
27,r_6_118_82,seq35,seq87,r_6_118_82,1.0,1,83,82,8
6,r_68_109_16,r_8_126_142,seq71,r_68_109_16,0.81,-3,13,16,8
2,r_38_79_74,r_115_139_125,seq63,r_38_79_74,1.0,0,74,74,8
29,r_106_50_133,r_112_40_144,seq132,r_106_50_133,0.48,2,135,133,8
23,r_51_23_18,r_38_79_74,seq138,r_51_23_18,0.98,-1,17,18,8
25,r_89_44_71,r_27_117_122,seq33,r_89_44_71,0.97,0,71,71,8
48,r_108_39_129,r_89_44_71,r_122_148_23,r_122_148_23,1.0,2,25,23,8
61,seq21,r_115_139_125,r_22_111_91,r_22_111_91,0.78,2,93,91,8
32,r_82_73_137,seq16,r_146_133_66,r_82_73_137,0.31,1,138,137,8
37,r_20_85_72,r_120_48_102,r_61_26_45,r_61_26_45,0.75,2,47,45,8
9,r_119_65_22,r_61_26_45,seq98,r_119_65_22,1.0,0,22,22,8
22,r_114_2_76,seq35,r_75_128_64,r_114_2_76,1.0,1,77,76,8
10,r_92_45_54,r_121_91_81,r_61_26_45,r_121_91_81,0.6,-26,55,81,8
28,r_115_139_125,seq145,r_68_109_16,r_115_139_125,0.53,0,125,125,8
91,seq102,r_22_111_91,seq135,r_22_111_91,1.0,0,91,91,8
42,r_37_52_73,r_29_78_39,r_146_133_66,r_29_78_39,0.99,-4,35,39,8
42,r_37_52_73,r_146_133_66,seq145,r_37_52_73,0.98,0,73,73,8
41,r_134_60_32,seq87,r_8_126_142,r_134_60_32,1.0,-1,31,32,8
45,r_29_78_39,r_37_52_73,seq129,r_29_78_39,1.0,-2,37,39,8
30,r_80_19_66,r_102_16_92,r_110_25_27,r_80_19_66,0.76,0,66,66,9
47,r_124_136_39,r_71_138_65,r_78_54_25,r_78_54_25,1.0,12,37,25,9
43,r_55_39_86,seq27,seq36,r_55_39_86,0.7,1,87,86,9
37,r_132_11_124,seq35,seq70,r_132_11_124,0.51,0,124,124,9
10,r_45_120_31,r_149_117_106,r_40_38_1,r_45_120_31,0.82,-1,30,31,9
39,r_127_119_20,r_66_1_72,r_115_122_139,r_127_119_20,0.86,1,21,20,9
71,seq48,r_105_67_89,seq69,r_105_67_89,1.0,0,89,89,9
1,r_149_117_106,seq137,r_102_16_92,r_102_16_92,0.8,17,109,92,9
5,r_63_46_107,r_9_29_93,r_73_145_9,r_63_46_107,0.72,0,107,107,9
22,r_110_25_27,r_5_142_142,r_80_19_66,r_80_19_66,0.63,12,78,66,9
21,r_96_134_30,r_66_1_72,r_17_101_129,r_66_1_72,0.98,13,85,72,9
45,r_9_29_93,r_63_46_107,r_0_98_60,r_0_98_60,0.82,33,93,60,9
19,r_0_98_60,r_105_67_89,seq15,r_0_98_60,1.0,0,60,60,9
78,seq70,r_86_52_104,r_75_112_6,r_86_52_104,0.93,-51,53,104,9
12,r_40_38_1,r_94_74_32,r_45_120_31,r_40_38_1,0.99,30,31,1,9
67,seq35,r_132_11_124,r_94_74_32,r_94_74_32,1.0,1,33,32,9
26,r_71_138_65,seq95,r_88_107_140,r_71_138_65,0.63,6,71,65,9
32,r_82_65_40,r_42_92_70,r_94_74_32,r_82_65_40,1.0,0,40,40,9
15,r_17_101_129,r_102_16_92,r_0_98_60,r_0_98_60,0.86,23,83,60,9
48,r_66_1_72,seq103,r_124_136_39,r_66_1_72,0.73,2,74,72,9
2,r_12_21_95,r_115_122_139,r_124_136_39,r_115_122_139,0.59,-113,26,139,9
18,r_42_92_70,r_82_65_40,r_105_67_89,r_82_65_40,0.69,-9,31,40,9
31,r_20_139_12,r_57_111_37,r_75_112_6,r_57_111_37,0.88,-24,13,37,9
6,r_102_16_92,r_17_101_129,seq125,r_102_16_92,0.88,-3,89,92,9
2,r_12_21_95,r_124_136_39,seq27,r_12_21_95,1.0,0,95,95,9
58,seq15,r_108_97_105,r_0_98_60,r_0_98_60,1.0,-1,59,60,9
41,r_91_99_133,seq103,r_90_37_36,r_90_37_36,0.63,0,36,36,9
42,r_6_58_47,r_84_53_98,r_104_77_19,r_6_58_47,0.75,-5,42,47,9
41,r_91_99_133,r_90_37_36,seq43,r_91_99_133,0.44,0,133,133,9
46,r_94_74_32,r_40_38_1,seq35,r_94_74_32,0.99,1,33,32,9
24,r_49_106_128,r_68_50_84,r_115_122_139,r_68_50_84,0.98,6,90,84,9
25,r_68_50_84,r_49_106_128,seq148,r_49_106_128,0.51,-42,86,128,9
33,r_44_146_63,seq147,seq118,r_44_146_63,1.0,0,63,63,9
20,r_90_37_36,r_91_99_133,r_45_120_31,r_91_99_133,0.56,-2,131,133,9
68,seq36,r_23_51_145,r_55_39_86,r_55_39_86,1.0,1,87,86,9
21,r_96_134_30,r_5_142_142,r_66_1_72,r_96_134_30,0.95,3,33,30,9
34,r_59_113_69,seq33,seq89,r_59_113_69,1.0,1,70,69,9
17,r_143_31_130,seq95,r_82_65_40,r_143_31_130,0.74,0,130,130,9
70,seq43,r_12_21_95,r_10_32_11,r_10_32_11,0.72,2,13,11,9
28,r_26_8_67,seq2,seq100,r_26_8_67,1.0,0,67,67,9
20,r_90_37_36,r_88_107_140,r_91_99_133,r_90_37_36,0.82,-5,31,36,9
7,r_86_52_104,seq70,r_4_83_5,r_86_52_104,0.83,0,104,104,9
22,r_110_25_27,r_88_107_140,r_5_142_142,r_110_25_27,0.53,-2,25,27,9
23,r_108_97_105,seq15,seq93,r_108_97_105,0.46,4,109,105,9
4,r_57_111_37,r_84_53_98,seq130,r_57_111_37,0.98,0,37,37,9
93,seq115,r_51_144_71,r_4_138_80,r_51_144_71,0.99,1,72,71,10
37,r_146_129_92,r_52_3_140,seq56,r_146_129_92,0.82,0,92,92,10
23,r_44_28_54,seq115,seq62,r_44_28_54,1.0,0,54,54,10
15,r_136_77_64,r_127_10_144,r_82_67_88,r_82_67_88,0.9,4,92,88,10
39,r_125_27_87,r_100_140_126,r_59_18_57,r_125_27_87,0.66,0,87,87,10
1,r_113_112_97,r_100_140_126,seq15,r_113_112_97,0.73,0,97,97,10
97,seq121,seq14,r_19_45_123,r_19_45_123,0.62,-13,110,123,10
46,r_60_109_93,r_127_10_144,seq89,r_60_109_93,0.99,0,93,93,10
3,r_119_78_102,r_65_7_128,r_60_109_93,r_119_78_102,0.87,2,104,102,10
10,r_1_70_68,r_136_77_64,r_100_140_126,r_1_70_68,0.74,-4,64,68,10
26,r_61_95_62,r_66_2_70,r_100_140_126,r_100_140_126,0.56,-64,62,126,10
0,r_66_2_70,r_127_10_144,r_102_98_51,r_127_10_144,1.0,-74,70,144,10
11,r_79_90_101,seq22,r_106_23_55,r_79_90_101,0.81,0,101,101,10
20,r_127_10_144,r_60_109_93,r_82_67_88,r_127_10_144,0.99,-51,93,144,10
15,r_136_77_64,r_42_81_127,r_127_10_144,r_136_77_64,1.0,1,65,64,10
48,r_53_24_82,seq31,r_103_55_5,r_53_24_82,0.97,1,83,82,10
6,r_132_35_115,seq50,r_13_142_9,r_132_35_115,0.47,3,118,115,10
85,seq89,r_132_35_115,r_60_109_93,r_60_109_93,0.99,2,95,93,10
8,r_80_141_56,seq148,seq31,r_80_141_56,1.0,1,57,56,10
4,r_106_23_55,seq29,seq126,r_106_23_55,1.0,0,55,55,10
2,r_49_34_145,r_52_3_140,r_92_58_59,r_49_34_145,0.5,-21,124,145,10
7,r_43_94_42,seq40,seq148,r_43_94_42,0.79,5,47,42,10
21,r_59_18_57,seq131,seq56,r_59_18_57,0.99,2,59,57,10
99,seq126,seq99,r_106_23_55,r_106_23_55,0.83,3,58,55,10
47,r_6_114_46,seq118,r_103_55_5,r_6_114_46,0.97,0,46,46,10
44,r_96_41_30,seq72,r_12_111_2,r_96_41_30,1.0,0,30,30,10
34,r_52_3_140,r_92_58_59,r_106_23_55,r_52_3_140,0.64,0,140,140,10
38,r_17_91_81,seq118,r_103_55_5,r_17_91_81,0.94,1,82,81,10
34,r_52_3_140,r_146_129_92,r_92_58_59,r_52_3_140,0.65,-48,92,140,10
59,seq15,r_93_145_148,r_113_112_97,r_113_112_97,0.61,-17,80,97,10
16,r_92_58_59,seq135,r_49_34_145,r_92_58_59,0.6,0,59,59,10
27,r_21_128_16,seq133,seq117,r_21_128_16,0.78,0,16,16,10
9,r_51_144_71,seq115,r_66_2_70,r_51_144_71,1.0,0,71,71,10
61,seq148,r_80_141_56,r_43_94_42,r_80_141_56,0.92,1,57,56,10
35,r_84_37_33,r_79_90_101,seq32,r_84_37_33,0.98,2,35,33,10
41,r_102_98_51,r_60_109_93,seq33,r_102_98_51,1.0,0,51,51,10
28,r_4_138_80,seq86,seq115,r_4_138_80,0.56,4,84,80,10
42,r_63_147_50,r_66_2_70,r_43_94_42,r_43_94_42,1.0,9,51,42,10
37,r_88_35_97,r_32_115_80,seq72,r_32_115_80,0.98,-24,56,80,11
49,r_105_49_15,r_112_79_135,seq85,r_105_49_15,0.57,3,18,15,11
92,seq97,r_33_45_129,r_19_147_76,r_19_147_76,1.0,58,134,76,11
88,seq85,r_6_50_37,seq39,r_6_50_37,1.0,0,37,37,11
46,r_80_126_11,seq37,seq27,r_80_126_11,0.94,0,11,11,11
3,r_93_121_43,r_23_75_130,r_83_24_110,r_83_24_110,0.74,20,130,110,11
59,seq14,r_25_8_91,r_124_128_14,r_25_8_91,0.67,0,91,91,11
71,seq43,r_21_68_88,r_95_76_12,r_21_68_88,0.96,0,88,88,11
1,r_144_56_143,r_9_67_123,r_95_76_12,r_144_56_143,0.73,-21,122,143,11
20,r_83_24_110,r_144_56_143,r_93_121_43,r_83_24_110,0.97,0,110,110,11
5,r_21_68_88,seq43,seq39,r_21_68_88,1.0,0,88,88,11
42,r_9_67_123,r_144_56_143,seq122,r_9_67_123,0.7,-1,122,123,11
80,seq66,r_94_34_102,r_17_38_74,r_17_38_74,0.59,28,102,74,11
37,r_88_35_97,seq72,seq28,r_88_35_97,0.99,0,97,97,11
83,seq72,r_23_75_130,seq140,r_23_75_130,0.75,0,130,130,11
83,seq72,r_29_138_25,r_23_75_130,r_29_138_25,0.98,0,25,25,11
40,r_117_58_29,r_114_71_94,seq134,r_117_58_29,1.0,0,29,29,11
66,seq30,r_41_53_139,r_88_35_97,r_88_35_97,1.0,42,139,97,11
76,seq57,r_112_79_135,r_88_35_97,r_88_35_97,0.91,38,135,97,11
3,r_93_121_43,r_144_56_143,r_23_75_130,r_93_121_43,1.0,0,43,43,11
41,r_22_148_75,r_130_44_124,seq110,r_22_148_75,1.0,0,75,75,11
36,r_1_62_26,seq64,seq5,r_1_62_26,0.88,0,26,26,11
14,r_20_132_17,r_130_44_124,seq42,r_20_132_17,1.0,-1,16,17,11
2,r_114_71_94,r_117_58_29,r_29_138_25,r_114_71_94,0.98,-65,29,94,11
26,r_104_118_120,r_143_149_141,r_124_128_14,r_104_118_120,0.84,0,120,120,11
8,r_29_138_25,r_104_118_120,r_130_44_124,r_104_118_120,0.98,0,120,120,11
35,r_87_73_42,r_83_24_110,seq10,r_87_73_42,1.0,0,42,42,11
4,r_54_111_126,r_101_102_95,seq108,r_101_102_95,1.0,0,95,95,11
78,seq63,r_60_99_138,seq90,r_60_99_138,0.69,0,138,138,11
0,r_143_149_141,r_98_65_121,r_29_138_25,r_143_149_141,0.9,-20,121,141,11
20,r_83_24_110,r_19_147_76,r_144_56_143,r_19_147_76,0.97,0,76,76,11
13,r_32_115_80,r_23_75_130,r_141_46_53,r_32_115_80,1.0,0,80,80,11
6,r_23_75_130,r_93_121_43,seq70,r_23_75_130,0.92,0,130,130,11
22,r_125_119_13,r_95_76_12,seq27,r_125_119_13,0.64,-3,10,13,11
6,r_23_75_130,r_32_115_80,r_93_121_43,r_23_75_130,0.95,-50,80,130,11
2,r_114_71_94,r_29_138_25,r_32_115_80,r_32_115_80,0.73,15,95,80,11
19,r_146_31_55,r_32_115_80,r_1_62_26,r_146_31_55,0.93,0,55,55,11
8,r_29_138_25,seq72,r_104_118_120,r_29_138_25,1.0,0,25,25,11
27,r_17_38_74,seq3,seq66,r_17_38_74,1.0,0,74,74,11
49,r_105_49_15,seq85,r_12_0_30,r_105_49_15,0.66,48,63,15,11
18,r_19_147_76,r_83_24_110,seq145,r_19_147_76,1.0,0,76,76,11
29,r_107_40_65,r_144_56_143,r_93_121_43,r_144_56_143,0.91,-78,65,143,11
24,r_7_103_84,seq61,r_137_59_49,r_7_103_84,0.51,1,85,84,11
25,r_69_18_67,r_19_147_76,r_47_131_57,r_19_147_76,0.95,-9,67,76,11
43,r_6_50_37,seq85,r_125_119_13,r_6_50_37,1.0,0,37,37,11
39,r_95_76_12,r_125_119_13,seq43,r_95_76_12,0.95,0,12,12,11
38,r_98_65_121,r_143_149_141,seq42,r_98_65_121,0.77,0,121,121,11
15,r_12_0_30,r_144_56_143,seq81,r_12_0_30,0.99,1,31,30,11
4,r_54_111_126,seq108,r_104_118_120,r_54_111_126,1.0,0,126,126,11
32,r_120_89_36,r_130_44_124,seq145,r_120_89_36,0.92,0,36,36,11
17,r_2_77_64,r_143_149_141,seq74,r_2_77_64,1.0,1,65,64,11
94,seq108,r_54_111_126,r_2_77_64,r_2_77_64,0.8,62,126,64,11
33,r_137_59_49,seq39,seq82,r_137_59_49,1.0,0,49,49,11
44,r_94_34_102,seq66,r_78_135_10,r_94_34_102,0.98,0,102,102,11
12,r_101_102_95,r_54_111_126,seq43,r_101_102_95,0.51,0,95,95,11
22,r_125_119_13,seq27,r_6_50_37,r_6_50_37,1.0,0,37,37,11
45,r_109_86_18,r_47_131_57,r_127_4_9,r_127_4_9,0.7,9,18,9,11
9,r_100_104_43,r_58_26_141,seq125,r_100_104_43,0.97,0,43,43,12
8,r_31_47_106,r_133_11_109,r_46_23_18,r_31_47_106,0.53,2,108,106,12
12,r_117_5_15,r_31_47_106,seq78,r_117_5_15,0.89,-1,14,15,12
28,r_113_2_101,r_69_10_32,seq70,r_69_10_32,1.0,0,32,32,12
54,seq138,r_22_1_62,r_20_143_132,r_22_1_62,1.0,2,64,62,12
20,r_142_98_39,r_86_139_126,seq24,r_142_98_39,0.78,1,40,39,12
59,seq17,seq78,r_41_18_95,r_41_18_95,1.0,6,101,95,12
3,r_29_4_10,seq102,seq50,r_29_4_10,0.99,1,11,10,12
55,seq12,r_90_75_92,r_137_76_86,r_90_75_92,0.7,0,92,92,12
16,r_133_11_109,r_31_47_106,r_117_5_15,r_133_11_109,0.68,4,113,109,12
21,r_109_0_128,seq99,r_74_73_54,r_109_0_128,0.83,1,129,128,12
39,r_65_62_113,seq37,r_46_23_18,r_65_62_113,0.86,0,113,113,12
30,r_123_55_23,seq24,seq121,r_123_55_23,0.64,0,23,23,12
1,r_86_139_126,r_105_96_7,seq3,r_86_139_126,0.67,3,129,126,12
29,r_69_10_32,r_113_2_101,r_86_139_126,r_69_10_32,1.0,0,32,32,12
42,r_59_122_98,seq101,r_124_110_17,r_59_122_98,0.79,2,100,98,12
80,seq72,r_88_141_134,r_58_26_141,r_88_141_134,0.25,5,139,134,12
37,r_60_135_29,r_20_143_132,seq111,r_60_135_29,1.0,1,30,29,12
45,r_15_39_131,seq89,r_137_76_86,r_15_39_131,0.3,1,132,131,12
19,r_149_130_4,r_52_25_120,seq7,r_52_25_120,0.94,0,120,120,12
7,r_66_87_58,r_58_26_141,r_142_98_39,r_66_87_58,1.0,0,58,58,12
31,r_22_1_62,seq138,seq121,r_22_1_62,1.0,0,62,62,12
89,seq99,r_41_18_95,r_124_110_17,r_41_18_95,0.86,0,95,95,12
10,r_41_18_95,seq99,seq17,r_41_18_95,1.0,0,95,95,12
90,seq101,r_59_122_98,seq7,r_59_122_98,0.78,2,100,98,12
0,r_21_83_90,seq14,r_82_64_77,r_82_64_77,0.75,14,91,77,12
11,r_82_64_77,seq67,seq33,r_82_64_77,1.0,0,77,77,12
15,r_63_8_135,seq136,r_46_23_18,r_46_23_18,0.76,117,135,18,12
48,r_115_112_114,seq33,seq146,r_115_112_114,0.89,0,114,114,12
46,r_93_128_44,r_97_92_47,seq14,r_93_128_44,1.0,1,45,44,12
6,r_137_76_86,seq24,seq12,r_137_76_86,0.75,1,87,86,12
33,r_80_61_112,seq33,r_41_18_95,r_80_61_112,0.93,0,112,112,12
27,r_20_143_132,seq127,r_41_18_95,r_41_18_95,0.96,37,132,95,12
26,r_74_73_54,seq136,r_93_128_44,r_74_73_54,0.77,0,54,54,12
87,seq95,r_77_34_136,r_28_118_94,r_77_34_136,0.59,-61,75,136,12
43,r_32_6_52,seq91,r_46_23_18,r_32_6_52,0.99,1,53,52,12
33,r_80_61_112,r_132_49_57,seq33,r_132_49_57,1.0,1,58,57,12
40,r_103_19_59,seq114,seq72,r_103_19_59,0.89,1,60,59,12
28,r_113_2_101,seq70,r_40_134_80,r_40_134_80,0.99,0,80,80,12
49,r_43_119_27,seq68,seq111,r_43_119_27,0.99,-1,26,27,12
24,r_88_141_134,seq72,r_41_18_95,r_41_18_95,0.94,40,135,95,12
20,r_142_98_39,seq24,r_66_87_58,r_66_87_58,0.99,2,60,58,12
81,seq78,seq136,r_117_5_15,r_117_5_15,0.78,41,56,15,12
14,r_124_110_17,seq7,seq99,r_124_110_17,0.88,0,17,17,12
13,r_129_42_50,r_86_139_126,r_123_55_23,r_129_42_50,0.97,0,50,50,12
30,r_123_55_23,seq121,r_129_42_50,r_129_42_50,0.66,2,52,50,12
32,r_105_96_7,r_86_139_126,r_137_76_86,r_105_96_7,0.72,122,129,7,12
38,r_77_34_136,seq44,r_22_1_62,r_22_1_62,0.73,74,136,62,12
34,r_40_134_80,seq144,r_113_2_101,r_40_134_80,0.96,0,80,80,12
34,r_40_134_80,r_113_2_101,seq145,r_113_2_101,0.97,1,102,101,12
47,r_53_126_25,r_20_143_132,seq85,r_20_143_132,0.53,-107,25,132,12
17,r_81_84_108,seq107,seq99,r_81_84_108,0.96,0,108,108,12
85,seq91,r_32_6_52,r_120_116_13,r_32_6_52,1.0,1,53,52,12
5,r_132_49_57,r_80_61_112,seq106,r_132_49_57,1.0,0,57,57,12
96,seq114,r_103_19_59,seq33,r_103_19_59,1.0,1,60,59,12
28,r_113_2_101,r_40_134_80,r_21_83_90,r_113_2_101,0.99,1,102,101,12
29,r_69_10_32,r_86_139_126,r_31_47_106,r_69_10_32,0.67,83,115,32,12
22,r_147_108_66,seq30,seq33,r_147_108_66,0.99,0,66,66,12
44,r_52_25_120,r_149_130_4,r_97_92_47,r_52_25_120,0.88,0,120,120,12
23,r_90_75_92,seq12,seq67,r_90_75_92,1.0,0,92,92,12
5,r_109_135_56,seq107,seq59,r_109_135_56,1.0,0,56,56,13
29,r_44_85_46,r_113_65_119,seq25,r_44_85_46,1.0,0,46,46,13
8,r_29_73_62,seq112,seq20,r_29_73_62,1.0,0,62,62,13
23,r_75_110_31,r_69_92_67,r_106_130_86,r_75_110_31,1.0,1,32,31,13
38,r_19_18_15,r_96_141_88,seq60,r_19_18_15,1.0,1,16,15,13
21,r_102_7_115,seq74,seq52,r_102_7_115,0.72,3,118,115,13
39,r_125_30_128,seq82,seq112,r_125_30_128,0.88,1,129,128,13
18,r_134_61_45,r_57_124_118,r_76_108_13,r_134_61_45,0.57,5,50,45,13
46,r_67_137_89,r_125_30_128,r_134_61_45,r_67_137_89,0.99,0,89,89,13
42,r_69_92_67,seq21,seq16,r_69_92_67,1.0,0,67,67,13
45,r_57_124_118,seq32,seq62,r_57_124_118,0.81,1,119,118,13
19,r_138_79_101,seq45,r_134_61_45,r_138_79_101,0.95,0,101,101,13
78,seq60,seq53,r_19_18_15,r_19_18_15,0.99,17,32,15,13
36,r_9_50_32,seq53,seq2,r_9_50_32,0.98,0,32,32,13
10,r_76_108_13,seq43,r_134_61_45,r_76_108_13,0.79,0,13,13,13
26,r_96_141_88,seq25,seq39,r_96_141_88,0.94,0,88,88,13
37,r_31_128_19,r_109_135_56,seq53,r_31_128_19,0.99,0,19,19,13
0,r_38_119_93,r_125_30_128,r_4_78_39,r_38_119_93,1.0,0,93,93,13
16,r_23_126_22,r_125_30_128,seq90,r_23_126_22,1.0,0,22,22,13
11,r_46_101_132,seq74,r_102_7_115,r_102_7_115,0.56,17,132,115,13
28,r_6_149_27,r_106_130_86,seq45,r_6_149_27,0.98,-1,26,27,13
20,r_42_117_70,r_140_83_147,seq127,r_42_117_70,0.99,0,70,70,13
2,r_4_78_39,seq95,seq10,r_4_78_39,1.0,1,40,39,13
85,seq82,r_125_30_128,seq45,r_125_30_128,0.95,1,129,128,13
60,seq17,r_140_83_147,r_143_77_123,r_143_77_123,1.0,1,124,123,13
17,r_113_65_119,r_44_85_46,r_131_120_28,r_113_65_119,0.85,-91,28,119,13
22,r_131_120_28,r_113_65_119,r_34_139_43,r_131_120_28,0.58,91,119,28,13
40,r_88_132_133,r_103_68_136,r_69_92_67,r_69_92_67,1.0,67,134,67,13
25,r_87_98_65,r_91_3_81,seq144,r_87_98_65,1.0,0,65,65,13
33,r_133_63_84,r_122_100_79,r_76_108_13,r_133_63_84,0.96,0,84,84,13
50,seq0,r_55_28_38,seq94,r_55_28_38,1.0,-6,32,38,13
34,r_104_118_109,seq93,r_89_11_92,r_89_11_92,0.98,20,112,92,13
43,r_40_71_59,seq51,seq129,r_40_71_59,1.0,0,59,59,13
32,r_34_139_43,seq127,r_131_120_28,r_34_139_43,0.63,1,44,43,13
60,seq17,r_91_3_81,r_140_83_147,r_91_3_81,0.93,-13,68,81,13
75,seq53,seq60,r_31_128_19,r_31_128_19,0.91,13,32,19,13
22,r_131_120_28,r_91_3_81,r_113_65_119,r_131_120_28,0.81,0,28,28,13
49,r_89_11_92,seq52,r_104_118_109,r_89_11_92,0.83,0,92,92,13
9,r_106_130_86,r_6_149_27,r_146_123_6,r_6_149_27,0.83,-1,26,27,13
18,r_134_61_45,r_76_108_13,r_138_79_101,r_138_79_101,1.0,19,120,101,13
17,r_113_65_119,r_131_120_28,seq32,r_113_65_119,0.97,0,119,119,13
79,seq62,r_91_3_81,r_6_149_27,r_6_149_27,0.61,64,91,27,13
35,r_115_54_105,seq95,seq10,r_115_54_105,0.7,1,106,105,13
14,r_55_28_38,seq0,seq14,r_55_28_38,1.0,0,38,38,13
12,r_91_3_81,seq17,r_44_85_46,r_91_3_81,1.0,-2,79,81,13
51,seq132,r_71_8_143,r_22_62_52,r_22_62_52,1.0,26,78,52,14
14,r_118_119_70,r_74_103_130,r_26_110_21,r_118_119_70,0.78,3,73,70,14
43,r_7_56_109,r_88_43_127,r_47_102_51,r_7_56_109,0.69,0,109,109,14
37,r_55_17_129,seq15,r_145_116_83,r_145_116_83,0.84,47,130,83,14
54,seq136,r_52_68_147,r_36_50_136,r_36_50_136,0.79,0,136,136,14
16,r_88_43_127,seq57,r_82_121_17,r_88_43_127,0.49,0,127,127,14
45,r_6_11_128,seq77,seq20,r_6_11_128,0.55,0,128,128,14
19,r_64_134_102,seq40,r_145_116_83,r_64_134_102,0.88,0,102,102,14
28,r_137_144_58,r_145_116_83,seq5,r_137_144_58,0.8,0,58,58,14
20,r_26_110_21,r_47_102_51,r_93_120_84,r_26_110_21,0.85,0,21,21,14
31,r_34_66_115,seq80,seq5,r_34_66_115,0.87,0,115,115,14
15,r_140_67_59,seq19,r_96_133_37,r_140_67_59,1.0,0,59,59,14
41,r_36_50_136,r_29_39_117,r_91_146_55,r_91_146_55,0.95,38,93,55,14
10,r_63_138_61,r_123_49_96,seq15,r_63_138_61,0.99,0,61,61,14
33,r_114_109_13,r_24_143_30,r_25_45_4,r_114_109_13,0.99,0,13,13,14
26,r_86_1_145,r_85_69_77,r_111_35_69,r_85_69_77,1.0,-7,70,77,14
40,r_96_133_37,r_37_104_71,seq27,r_96_133_37,1.0,0,37,37,14
11,r_145_116_83,seq54,seq139,r_145_116_83,0.89,0,83,83,14
13,r_32_60_132,r_2_115_144,r_108_147_18,r_2_115_144,0.67,-12,132,144,14
6,r_24_143_30,r_32_60_132,seq48,r_24_143_30,0.98,0,30,30,14
42,r_128_97_36,r_22_62_52,r_74_103_130,r_128_97_36,0.49,0,36,36,14
27,r_85_69_77,r_74_103_130,seq9,r_85_69_77,0.97,0,77,77,14
36,r_47_102_51,seq87,seq18,r_47_102_51,1.0,0,51,51,14
49,r_37_104_71,r_96_133_37,seq5,r_96_133_37,0.98,0,37,37,14
2,r_112_98_97,seq15,r_142_28_22,r_112_98_97,0.96,2,99,97,14
94,seq107,seq3,r_142_28_22,r_142_28_22,1.0,-1,21,22,14
29,r_70_76_91,seq81,seq48,r_70_76_91,1.0,0,91,91,14
48,r_74_103_130,seq13,r_128_97_36,r_128_97_36,0.87,11,47,36,14
25,r_123_49_96,seq51,r_70_76_91,r_123_49_96,0.97,0,96,96,14
9,r_126_129_41,seq79,seq58,r_126_129_41,1.0,0,41,41,14
48,r_74_103_130,r_128_97_36,seq10,r_74_103_130,0.52,0,130,130,14
20,r_26_110_21,r_93_120_84,r_118_119_70,r_26_110_21,0.95,63,84,21,14
42,r_128_97_36,r_74_103_130,r_30_148_124,r_30_148_124,0.95,6,130,124,14
47,r_95_53_113,r_86_1_145,r_25_45_4,r_95_53_113,0.69,-86,27,113,14
0,r_22_62_52,seq136,seq132,r_22_62_52,1.0,0,52,52,14
5,r_108_147_18,r_70_76_91,r_94_101_11,r_108_147_18,1.0,0,18,18,14
75,seq57,r_88_43_127,seq149,r_88_43_127,0.56,0,127,127,14
39,r_91_146_55,r_125_33_120,r_36_50_136,r_91_146_55,1.0,0,55,55,14
49,r_37_104_71,seq5,seq38,r_37_104_71,0.96,0,71,71,14
17,r_29_39_117,r_36_50_136,seq149,r_29_39_117,0.86,0,117,117,14
3,r_82_121_17,r_73_59_1,seq9,r_82_121_17,0.98,0,17,17,14
54,seq136,r_22_62_52,r_52_68_147,r_22_62_52,1.0,0,52,52,14
44,r_141_78_111,r_71_8_143,r_142_28_22,r_141_78_111,0.94,0,111,111,14
35,r_4_14_9,seq23,seq12,r_4_14_9,0.35,73,82,9,14
23,r_93_120_84,r_140_67_59,r_26_110_21,r_93_120_84,0.9,-63,21,84,14
12,r_111_35_69,r_112_98_97,r_86_1_145,r_112_98_97,0.99,-27,70,97,14
61,seq18,r_65_16_86,r_47_102_51,r_47_102_51,1.0,1,52,51,14
23,r_93_120_84,r_26_110_21,seq58,r_93_120_84,0.99,0,84,84,14
84,seq81,r_70_76_91,r_88_43_127,r_70_76_91,0.77,0,91,91,14
30,r_56_77_99,r_40_21_74,seq81,r_40_21_74,0.79,1,75,74,15
36,r_64_51_70,r_141_71_109,r_15_144_35,r_141_71_109,0.66,-39,70,109,15
8,r_23_13_101,seq22,seq18,r_23_13_101,1.0,0,101,101,15
53,seq136,r_80_39_98,r_26_89_30,r_80_39_98,0.48,16,114,98,15
43,r_80_39_98,r_110_46_86,r_4_133_32,r_80_39_98,1.0,-10,88,98,15
54,seq10,r_70_118_123,r_139_5_48,r_139_5_48,1.0,75,123,48,15
37,r_116_103_94,seq143,seq22,r_116_103_94,0.73,9,103,94,15
86,seq83,seq22,r_67_90_81,r_67_90_81,1.0,19,100,81,15
21,r_85_58_62,r_95_149_115,r_147_109_36,r_85_58_62,1.0,0,62,62,15
39,r_137_66_66,seq145,r_94_123_135,r_137_66_66,1.0,0,66,66,15
5,r_146_102_90,r_95_149_115,r_124_16_16,r_124_16_16,0.79,77,93,16,15
46,r_95_149_115,r_85_58_62,r_79_88_4,r_85_58_62,1.0,0,62,62,15
32,r_79_88_4,r_2_120_114,seq114,r_2_120_114,1.0,0,114,114,15
18,r_9_68_45,r_92_28_78,seq60,r_9_68_45,0.98,0,45,45,15
45,r_55_52_91,r_115_105_147,r_139_5_48,r_55_52_91,0.99,2,93,91,15
19,r_134_0_119,r_53_108_12,r_9_68_45,r_53_108_12,0.72,107,119,12,15
94,seq114,r_2_120_114,r_79_88_4,r_2_120_114,0.89,-67,47,114,15
31,r_74_128_67,r_110_46_86,r_129_32_59,r_110_46_86,0.69,-19,67,86,15
24,r_41_119_44,r_67_90_81,seq132,r_67_90_81,0.91,-33,48,81,15
10,r_2_120_114,r_79_88_4,r_67_90_81,r_2_120_114,0.85,0,114,114,15
26,r_54_11_111,seq135,r_115_105_147,r_54_11_111,0.82,0,111,111,15
46,r_95_149_115,r_79_88_4,r_4_133_32,r_95_149_115,1.0,0,115,115,15
0,r_25_62_133,r_124_16_16,r_106_61_60,r_106_61_60,0.99,78,138,60,15
11,r_115_105_147,r_55_52_91,r_112_113_41,r_55_52_91,1.0,2,93,91,15
13,r_94_123_135,seq126,r_137_66_66,r_137_66_66,1.0,21,87,66,15
48,r_8_44_19,seq121,r_56_77_99,r_8_44_19,0.64,2,21,19,15
6,r_141_71_109,seq65,seq73,r_141_71_109,0.99,1,110,109,15
4,r_4_133_32,r_23_13_101,seq65,r_4_133_32,0.84,0,32,32,15
27,r_53_108_12,r_134_0_119,r_112_113_41,r_53_108_12,0.51,107,119,12,15
29,r_139_5_48,r_106_61_60,seq10,r_139_5_48,1.0,1,49,48,15
33,r_86_101_55,r_141_71_109,r_26_89_30,r_141_71_109,0.87,-51,58,109,15
40,r_106_61_60,seq138,r_26_89_30,r_106_61_60,1.0,0,60,60,15
82,seq73,r_116_103_94,r_147_109_36,r_147_109_36,0.69,20,56,36,15
25,r_129_32_59,r_12_36_121,seq69,r_129_32_59,0.62,1,60,59,15
48,r_8_44_19,r_56_77_99,r_23_13_101,r_23_13_101,0.96,1,102,101,15
64,seq27,seq145,r_79_88_4,r_79_88_4,0.47,102,106,4,15
20,r_26_89_30,r_56_77_99,seq35,r_26_89_30,0.76,2,32,30,15
68,seq35,r_1_100_136,r_26_89_30,r_26_89_30,0.63,106,136,30,15
61,seq20,seq140,r_92_28_78,r_92_28_78,0.83,3,81,78,15
38,r_110_46_86,r_80_39_98,seq135,r_110_46_86,1.0,2,88,86,15
34,r_124_16_16,r_25_62_133,r_146_102_90,r_146_102_90,1.0,48,138,90,15
15,r_125_6_28,r_9_68_45,r_47_131_15,r_125_6_28,0.7,0,28,28,15
17,r_7_31_95,r_141_71_109,r_74_128_67,r_7_31_95,0.81,12,107,95,15
9,r_98_87_128,seq138,seq99,r_98_87_128,0.75,1,129,128,15
12,r_84_72_58,r_137_66_66,seq83,r_84_72_58,1.0,1,59,58,15
7,r_15_144_35,r_12_36_121,seq138,r_15_144_35,1.0,0,35,35,15
22,r_70_118_123,seq10,r_67_90_81,r_67_90_81,0.99,42,123,81,15
28,r_40_21_74,r_56_77_99,seq91,r_40_21_74,0.75,1,75,74,15
75,seq57,r_26_89_30,seq18,r_26_89_30,0.72,15,45,30,15
49,r_147_109_36,r_42_14_141,seq73,r_147_109_36,1.0,0,36,36,15
44,r_92_28_78,seq132,seq20,r_92_28_78,0.93,0,78,78,15
35,r_82_107_75,seq24,r_9_68_45,r_82_107_75,0.99,0,75,75,15
14,r_112_113_41,r_141_71_109,seq29,r_141_71_109,1.0,-54,55,109,15
30,r_91_37_132,seq132,r_87_148_140,r_87_148_140,0.92,-6,134,140,16
75,seq54,r_69_14_54,r_123_28_49,r_123_28_49,1.0,6,55,49,16
43,r_114_65_84,r_117_10_116,r_47_61_74,r_114_65_84,1.0,0,84,84,16
37,r_139_126_35,r_44_86_82,seq26,r_139_126_35,1.0,0,35,35,16
21,r_70_41_105,r_55_107_1,seq42,r_70_41_105,1.0,0,105,105,16
46,r_74_93_106,seq84,seq144,r_74_93_106,1.0,0,106,106,16
42,r_51_2_63,seq57,seq145,r_51_2_63,1.0,1,64,63,16
13,r_149_13_56,r_125_81_126,seq19,r_149_13_56,1.0,0,56,56,16
10,r_85_135_46,r_99_21_104,r_91_37_132,r_85_135_46,0.89,0,46,46,16
31,r_17_116_88,r_134_49_130,r_1_31_77,r_17_116_88,0.61,0,88,88,16
89,seq98,r_83_106_128,seq103,r_83_106_128,0.94,3,131,128,16
90,seq101,r_67_94_138,r_131_62_48,r_131_62_48,0.78,90,138,48,16
36,r_32_100_15,r_129_24_69,seq66,r_32_100_15,0.58,1,16,15,16
26,r_40_109_79,r_83_106_128,r_149_13_56,r_83_106_128,0.89,-45,83,128,16
0,r_47_61_74,seq23,r_127_105_102,r_47_61_74,1.0,0,74,74,16
0,r_47_61_74,r_127_105_102,r_114_65_84,r_47_61_74,0.65,30,104,74,16
20,r_117_10_116,seq101,r_51_2_63,r_51_2_63,1.0,53,116,63,16
15,r_69_14_54,seq54,r_33_88_144,r_69_14_54,0.75,1,55,54,16
45,r_20_140_45,r_60_79_142,r_36_89_29,r_60_79_142,0.9,-97,45,142,16
49,r_110_80_55,seq4,seq144,r_110_80_55,1.0,2,57,55,16
10,r_85_135_46,r_91_37_132,r_142_34_118,r_85_135_46,0.68,88,134,46,16
27,r_68_25_131,seq16,r_142_34_118,r_68_25_131,0.78,0,131,131,16
19,r_64_11_23,r_74_93_106,r_33_88_144,r_74_93_106,0.82,-72,34,106,16
47,r_3_120_70,r_90_147_16,seq22,r_3_120_70,1.0,1,71,70,16
40,r_127_105_102,seq113,r_63_124_62,r_63_124_62,1.0,36,98,62,16
24,r_123_28_49,r_117_10_116,seq54,r_123_28_49,1.0,1,50,49,16
25,r_63_124_62,seq23,seq4,r_63_124_62,0.99,0,62,62,16
28,r_131_62_48,seq42,seq101,r_131_62_48,0.74,0,48,48,16
33,r_112_29_108,r_127_105_102,r_131_62_48,r_112_29_108,0.87,0,108,108,16
64,seq132,r_91_37_132,seq42,r_91_37_132,0.51,-29,103,132,16
34,r_118_52_18,r_91_37_132,seq57,r_118_52_18,1.0,-1,17,18,16
38,r_99_21_104,seq113,seq26,r_99_21_104,0.99,0,104,104,16
60,seq145,r_122_77_117,r_51_2_63,r_51_2_63,0.98,37,100,63,16
17,r_82_0_98,seq108,r_8_92_22,r_82_0_98,0.76,0,98,98,16
9,r_122_77_117,seq145,seq23,r_122_77_117,0.67,0,117,117,16
41,r_18_76_19,r_72_141_80,seq6,r_18_76_19,0.93,0,19,19,16
12,r_50_73_43,seq54,seq84,r_50_73_43,0.9,2,45,43,16
22,r_27_146_123,r_1_31_77,r_8_92_22,r_27_146_123,0.63,0,123,123,16
81,seq66,r_87_148_140,r_32_100_15,r_32_100_15,1.0,4,19,15,16
7,r_83_106_128,seq98,r_1_31_77,r_83_106_128,0.81,1,129,128,16
23,r_1_31_77,r_27_146_123,r_17_116_88,r_1_31_77,0.57,27,104,77,16
6,r_38_111_12,r_82_0_98,seq130,r_38_111_12,1.0,0,12,12,16
35,r_46_75_68,r_99_21_104,r_55_107_1,r_46_75_68,1.0,0,68,68,16
30,r_34_106_111,seq23,r_132_143_27,r_34_106_111,0.54,0,111,111,17
46,r_62_121_57,seq94,seq63,r_62_121_57,0.65,-35,22,57,17
40,r_73_56_14,r_83_70_72,seq58,r_73_56_14,0.82,-2,12,14,17
14,r_13_42_85,r_81_49_4,r_88_27_8,r_13_42_85,0.73,2,87,85,17
37,r_47_89_61,r_19_117_94,seq94,r_19_117_94,0.89,-44,50,94,17
21,r_39_52_63,seq113,r_77_78_52,r_39_52_63,1.0,0,63,63,17
39,r_33_138_121,r_69_91_104,r_6_109_100,r_33_138_121,0.57,-17,104,121,17
1,r_18_103_69,seq16,seq59,r_18_103_69,0.98,-1,68,69,17
4,r_130_123_40,r_33_138_121,r_31_107_31,r_130_123_40,0.99,0,40,40,17
49,r_32_133_95,r_33_138_121,r_6_109_100,r_33_138_121,0.97,0,121,121,17
7,r_132_143_27,r_139_72_134,r_147_36_13,r_132_143_27,0.33,106,133,27,17
18,r_149_74_88,r_53_24_56,r_81_49_4,r_149_74_88,0.66,-43,45,88,17
58,seq15,r_145_10_74,r_77_78_52,r_77_78_52,0.5,-2,50,52,17
12,r_38_124_19,seq146,r_87_99_137,r_38_124_19,1.0,-2,17,19,17
16,r_3_40_30,seq125,seq11,r_3_40_30,1.0,0,30,30,17
3,r_79_1_130,r_108_112_118,seq46,r_108_112_118,0.91,0,118,118,17
41,r_29_140_51,seq113,r_92_135_59,r_92_135_59,0.66,21,80,59,17
26,r_134_4_126,seq59,r_147_36_13,r_134_4_126,0.73,0,126,126,17
0,r_7_44_67,r_20_98_124,seq68,r_7_44_67,0.98,1,68,67,17
11,r_14_90_99,r_79_1_130,seq63,r_14_90_99,0.99,0,99,99,17
20,r_6_109_100,seq68,r_32_133_95,r_6_109_100,0.57,0,100,100,17
13,r_83_70_72,seq126,seq82,r_83_70_72,0.94,-4,68,72,17
15,r_66_86_98,seq129,seq94,r_66_86_98,0.9,0,98,98,17
36,r_87_99_137,r_148_120_34,r_38_124_19,r_87_99_137,1.0,-118,19,137,17
14,r_13_42_85,r_92_135_59,r_81_49_4,r_92_135_59,1.0,-11,48,59,17
12,r_38_124_19,r_87_99_137,r_20_98_124,r_20_98_124,0.68,13,137,124,17
10,r_148_120_34,r_87_99_137,r_101_105_39,r_148_120_34,1.0,0,34,34,17
6,r_139_72_134,seq146,r_132_143_27,r_132_143_27,1.0,1,28,27,17
36,r_87_99_137,r_38_124_19,r_147_36_13,r_87_99_137,0.68,0,137,137,17
27,r_75_25_122,r_136_0_123,r_62_121_57,r_75_25_122,0.9,0,122,122,17
34,r_119_28_47,r_77_78_52,seq16,r_119_28_47,1.0,0,47,47,17
29,r_111_100_127,r_87_99_137,r_92_135_59,r_92_135_59,0.94,58,117,59,17
25,r_108_112_118,r_79_1_130,r_77_78_52,r_108_112_118,0.96,0,118,118,17
33,r_145_10_74,seq15,r_130_123_40,r_130_123_40,0.95,32,72,40,17
64,seq26,r_77_78_52,r_69_91_104,r_69_91_104,0.89,4,108,104,17
6,r_139_72_134,r_132_143_27,r_6_109_100,r_6_109_100,0.91,34,134,100,17
68,seq46,r_87_99_137,seq144,r_87_99_137,0.98,-31,106,137,17
42,r_95_54_50,r_33_138_121,r_96_41_108,r_95_54_50,0.95,68,118,50,17
32,r_50_141_113,seq15,r_132_143_27,r_50_141_113,0.46,0,113,113,17
38,r_69_91_104,r_33_138_121,seq26,r_69_91_104,0.66,0,104,104,17
77,seq63,seq30,r_62_121_57,r_62_121_57,1.0,14,71,57,17
18,r_149_74_88,r_81_49_4,seq128,r_149_74_88,0.85,0,88,88,17
39,r_33_138_121,r_6_109_100,r_73_56_14,r_33_138_121,0.69,0,121,121,17
8,r_92_135_59,r_13_42_85,r_29_140_51,r_92_135_59,0.76,-1,58,59,17
43,r_53_24_56,r_149_74_88,seq63,r_53_24_56,0.74,0,56,56,17
41,r_29_140_51,seq116,seq113,r_29_140_51,1.0,0,51,51,17
22,r_96_41_108,r_17_142_144,r_95_54_50,r_17_142_144,0.99,-36,108,144,17
49,r_32_133_95,r_20_98_124,r_33_138_121,r_32_133_95,0.86,1,96,95,17
44,r_43_114_135,seq144,r_130_123_40,r_43_114_135,0.47,0,135,135,17
23,r_77_78_52,seq21,seq15,r_77_78_52,0.97,-2,50,52,17
7,r_132_143_27,r_130_123_40,r_139_72_134,r_132_143_27,0.79,0,27,27,17
42,r_95_54_50,r_66_86_98,r_33_138_121,r_95_54_50,0.99,0,50,50,17
35,r_19_117_94,r_47_89_61,seq129,r_19_117_94,0.96,1,95,94,17
84,seq82,seq116,r_83_70_72,r_83_70_72,0.96,-4,68,72,17
36,r_90_23_100,seq132,r_99_55_8,r_90_23_100,0.81,0,100,100,18
14,r_126_41_68,seq43,seq32,r_126_41_68,0.98,0,68,68,18
8,r_12_87_74,seq110,seq48,r_12_87_74,0.97,2,76,74,18
7,r_45_78_16,r_144_140_83,seq88,r_45_78_16,0.95,-1,15,16,18
31,r_39_83_135,r_77_26_20,r_81_6_70,r_77_26_20,0.72,-2,18,20,18
37,r_113_84_139,r_99_55_8,r_5_36_2,r_5_36_2,0.61,137,139,2,18
48,r_104_35_145,r_75_72_87,r_77_26_20,r_77_26_20,0.7,0,20,20,18
21,r_112_19_116,r_53_17_114,r_1_16_5,r_112_19_116,0.87,0,116,116,18
39,r_145_31_55,seq133,r_116_149_69,r_145_31_55,0.49,10,65,55,18
1,r_123_135_81,seq42,r_116_149_69,r_123_135_81,0.98,0,81,81,18
5,r_29_25_119,r_106_58_137,seq95,r_29_25_119,0.67,0,119,119,18
46,r_81_6_70,seq42,seq37,r_81_6_70,1.0,-1,69,70,18
16,r_118_93_24,seq98,seq142,r_118_93_24,1.0,0,24,24,18
11,r_106_58_137,seq110,seq138,r_106_58_137,1.0,0,137,137,18
3,r_101_139_63,r_64_30_123,seq18,r_101_139_63,1.0,0,63,63,18
28,r_92_63_52,r_131_28_54,seq132,r_92_63_52,0.51,0,52,52,18
4,r_10_62_97,seq73,r_12_87_74,r_10_62_97,0.99,0,97,97,18
11,r_106_58_137,r_29_25_119,seq110,r_29_25_119,0.77,-42,77,119,18
20,r_115_102_105,r_65_146_124,r_125_74_130,r_115_102_105,0.78,0,105,105,18
13,r_53_17_114,r_112_19_116,seq136,r_112_19_116,1.0,0,116,116,18
26,r_148_21_29,r_145_31_55,r_80_124_33,r_148_21_29,0.81,2,31,29,18
35,r_14_11_40,seq69,r_94_97_11,r_14_11_40,1.0,-1,39,40,18
84,seq69,r_14_11_40,r_145_31_55,r_14_11_40,0.98,-3,37,40,18
29,r_108_49_53,r_65_146_124,r_94_97_11,r_94_97_11,0.51,20,31,11,18
91,seq95,seq38,r_29_25_119,r_29_25_119,0.8,1,120,119,18
55,seq134,r_53_17_114,r_117_24_28,r_117_24_28,1.0,3,31,28,18
47,r_52_7_94,seq137,r_40_109_19,r_52_7_94,0.58,0,94,94,18
10,r_70_8_44,r_115_102_105,seq3,r_70_8_44,0.95,-3,41,44,18
74,seq48,seq43,r_12_87_74,r_12_87_74,1.0,2,76,74,18
18,r_64_30_123,r_101_139_63,r_116_149_69,r_101_139_63,1.0,-2,61,63,18
64,seq132,r_53_17_114,r_92_63_52,r_92_63_52,0.97,12,64,52,18
42,r_94_97_11,r_75_72_87,r_108_49_53,r_94_97_11,0.89,0,11,11,18
24,r_114_0_15,r_131_28_54,seq142,r_114_0_15,0.98,4,19,15,18
32,r_86_54_104,seq51,seq137,r_86_54_104,0.77,0,104,104,18
15,r_67_127_27,r_12_87_74,seq73,r_67_127_27,1.0,0,27,27,18
38,r_75_72_87,r_104_35_145,r_131_28_54,r_75_72_87,0.98,0,87,87,18
2,r_131_28_54,seq138,seq71,r_131_28_54,1.0,-1,53,54,18
17,r_125_74_130,seq4,r_123_135_81,r_123_135_81,0.94,52,133,81,18
0,r_40_109_19,r_125_74_130,r_94_97_11,r_40_109_19,1.0,2,21,19,18
9,r_22_96_113,seq27,seq110,r_22_96_113,0.77,0,113,113,18
31,r_39_83_135,r_81_6_70,seq95,r_81_6_70,0.57,21,91,70,18
41,r_60_46_51,seq66,seq37,r_60_46_51,1.0,0,51,51,18
40,r_47_20_21,seq129,r_99_55_8,r_47_20_21,1.0,0,21,21,18
49,r_79_119_35,r_126_41_68,seq18,r_79_119_35,1.0,0,35,35,18
44,r_99_55_8,r_113_84_139,r_90_23_100,r_90_23_100,0.66,39,139,100,18
23,r_82_103_77,r_64_30_123,r_67_127_27,r_82_103_77,0.87,0,77,77,18
52,seq3,seq129,r_70_8_44,r_70_8_44,1.0,-3,41,44,18
33,r_77_26_20,r_113_84_139,r_104_35_145,r_77_26_20,0.92,-1,19,20,18
30,r_117_24_28,seq95,seq134,r_117_24_28,0.98,0,28,28,18
37,r_128_91_47,seq89,seq135,r_128_91_47,1.0,0,47,47,19
40,r_50_73_138,r_7_34_99,seq143,r_50_73_138,0.7,1,139,138,19
31,r_53_32_39,r_7_34_99,seq139,r_53_32_39,0.95,0,39,39,19
22,r_132_95_43,r_5_77_48,seq66,r_132_95_43,1.0,-1,42,43,19
92,seq105,r_21_45_80,r_114_19_9,r_21_45_80,1.0,-2,78,80,19
16,r_115_40_14,r_86_22_32,seq47,r_115_40_14,0.86,0,14,14,19
53,seq135,r_11_36_109,seq55,r_11_36_109,1.0,0,109,109,19
43,r_133_79_108,seq99,seq80,r_133_79_108,0.78,0,108,108,19
56,seq12,r_140_129_131,r_138_130_20,r_138_130_20,1.0,3,23,20,19
86,seq87,seq131,r_115_40_14,r_115_40_14,0.82,56,70,14,19
1,r_75_124_61,r_107_123_31,r_115_40_14,r_75_124_61,1.0,0,61,61,19
5,r_21_45_80,r_88_41_116,seq51,r_21_45_80,0.98,0,80,80,19
46,r_146_24_75,r_11_36_109,r_35_16_144,r_146_24_75,0.86,2,77,75,19
42,r_121_71_107,seq131,r_92_64_115,r_121_71_107,0.75,2,109,107,19
83,seq80,r_120_42_27,r_133_79_108,r_133_79_108,0.97,3,111,108,19
19,r_88_41_116,seq26,r_97_78_6,r_97_78_6,0.77,111,117,6,19
66,seq28,r_11_36_109,r_60_112_84,r_60_112_84,0.49,0,84,84,19
45,r_10_101_29,r_75_124_61,seq72,r_10_101_29,0.82,0,29,29,19
80,seq72,r_92_64_115,r_10_101_29,r_10_101_29,1.0,20,49,29,19
10,r_98_85_103,seq43,r_119_67_15,r_98_85_103,0.99,0,103,103,19
90,seq99,r_133_79_108,r_122_81_59,r_122_81_59,0.72,49,108,59,19
26,r_8_4_105,r_11_36_109,r_134_2_46,r_134_2_46,0.7,59,105,46,19
0,r_37_3_117,r_35_16_144,seq94,r_37_3_117,0.95,0,117,117,19
20,r_60_112_84,r_50_73_138,seq28,r_60_112_84,0.98,5,89,84,19
18,r_103_113_35,seq139,seq20,r_103_113_35,1.0,1,36,35,19
29,r_29_31_26,r_69_61_120,seq70,r_29_31_26,0.98,0,26,26,19
15,r_69_61_120,seq135,r_17_65_82,r_69_61_120,0.84,1,121,120,19
48,r_15_127_3,r_6_46_85,r_86_22_32,r_15_127_3,0.93,82,85,3,19
83,seq80,r_134_2_46,r_120_42_27,r_134_2_46,0.99,0,46,46,19
6,r_17_65_82,r_54_44_140,r_144_9_8,r_17_65_82,1.0,2,84,82,19
28,r_23_110_38,r_7_34_99,seq0,r_23_110_38,1.0,0,38,38,19
4,r_86_22_32,r_48_68_132,seq51,r_86_22_32,0.97,0,32,32,19
27,r_147_102_95,seq99,r_92_64_115,r_147_102_95,1.0,0,95,95,19
2,r_90_93_122,r_50_73_138,r_146_24_75,r_90_93_122,0.83,1,123,122,19
21,r_122_81_59,seq51,seq74,r_122_81_59,0.99,0,59,59,19
40,r_50_73_138,r_100_57_124,r_7_34_99,r_100_57_124,0.7,-54,70,124,19
74,seq51,seq1,r_21_45_80,r_21_45_80,1.0,9,89,80,19
24,r_138_130_20,r_17_65_82,seq12,r_138_130_20,1.0,0,20,20,19
66,seq28,r_60_112_84,r_128_91_47,r_60_112_84,0.48,52,136,84,19
33,r_92_64_115,seq72,r_121_71_107,r_121_71_107,0.95,2,109,107,19
58,seq142,seq38,r_56_82_67,r_56_82_67,1.0,34,101,67,19
70,seq39,r_21_45_80,r_58_116_33,r_21_45_80,0.62,-15,65,80,19
72,seq47,r_121_71_107,r_115_40_14,r_115_40_14,0.7,1,15,14,19
38,r_11_36_109,r_69_61_120,r_97_78_6,r_11_36_109,0.87,0,109,109,19
47,r_108_141_42,r_140_129_131,seq104,r_108_141_42,1.0,0,42,42,19
36,r_58_116_33,r_122_81_59,seq39,r_58_116_33,0.98,0,33,33,19
34,r_35_16_144,r_63_62_104,r_146_24_75,r_35_16_144,0.9,-40,104,144,19
39,r_5_77_48,seq139,seq125,r_5_77_48,0.92,3,51,48,19
41,r_119_67_15,r_120_42_27,seq26,r_119_67_15,1.0,0,15,15,19
17,r_100_57_124,r_50_73_138,seq89,r_100_57_124,0.84,1,125,124,19
9,r_6_46_85,r_15_127_3,seq104,r_6_46_85,1.0,0,85,85,19
49,r_14_136_40,r_5_77_48,r_29_31_26,r_29_31_26,1.0,15,41,26,19
44,r_56_82_67,r_107_123_31,seq142,r_56_82_67,1.0,1,68,67,19
23,r_63_62_104,r_35_16_144,r_17_65_82,r_63_62_104,0.93,0,104,104,19
82,seq76,r_132_95_43,seq49,r_132_95_43,0.99,0,43,43,19
31,r_53_32_39,seq139,r_134_2_46,r_134_2_46,0.93,13,59,46,19
11,r_134_2_46,seq80,r_53_32_39,r_134_2_46,1.0,0,46,46,19
30,r_144_20_80,r_140_72_135,r_136_135_41,r_144_20_80,0.99,0,80,80,20
36,r_5_7_123,seq41,r_48_71_126,r_5_7_123,0.53,5,128,123,20
8,r_106_102_146,r_122_78_89,r_70_26_23,r_106_102_146,0.5,-57,89,146,20
49,r_13_119_58,seq131,seq22,r_13_119_58,0.98,0,58,58,20
37,r_9_88_128,seq91,seq95,r_9_88_128,0.78,0,128,128,20
2,r_146_3_57,r_113_129_117,seq79,r_146_3_57,0.96,2,59,57,20
59,seq22,r_113_129_117,r_13_119_58,r_13_119_58,0.67,3,61,58,20
17,r_70_26_23,r_2_127_78,r_106_102_146,r_70_26_23,0.99,0,23,23,20
21,r_121_83_95,r_113_129_117,seq49,r_121_83_95,0.76,1,96,95,20
39,r_39_89_53,r_18_116_84,r_87_98_43,r_18_116_84,0.55,-23,61,84,20
1,r_30_65_133,r_105_143_98,r_103_16_30,r_30_65_133,0.97,-35,98,133,20
42,r_18_116_84,seq32,r_77_137_36,r_18_116_84,1.0,0,84,84,20
19,r_48_71_126,r_35_36_149,r_5_7_123,r_48_71_126,0.34,1,127,126,20
43,r_136_135_41,r_31_80_100,r_24_117_105,r_136_135_41,1.0,0,41,41,20
62,seq29,seq118,r_64_44_46,r_64_44_46,1.0,7,53,46,20
20,r_63_4_20,r_87_98_43,r_93_125_142,r_63_4_20,1.0,1,21,20,20
7,r_21_61_59,r_38_46_99,seq40,r_21_61_59,1.0,0,59,59,20
41,r_148_27_92,r_140_72_135,seq66,r_148_27_92,1.0,0,92,92,20
89,seq95,seq41,r_9_88_128,r_9_88_128,0.81,3,131,128,20
10,r_69_99_76,seq32,seq66,r_69_99_76,0.94,2,78,76,20
4,r_105_143_98,r_30_65_133,seq128,r_105_143_98,1.0,0,98,98,20
0,r_142_0_108,r_114_90_40,seq47,r_142_0_108,0.96,0,108,108,20
46,r_94_11_45,r_39_89_53,seq131,r_94_11_45,1.0,0,45,45,20
25,r_87_98_43,r_63_4_20,seq23,r_63_4_20,0.62,0,20,20,20
85,seq84,r_140_72_135,r_2_127_78,r_2_127_78,1.0,60,138,78,20
1,r_30_65_133,r_103_16_30,r_56_8_54,r_30_65_133,0.88,0,133,133,20
5,r_12_115_8,seq22,r_141_97_72,r_141_97_72,1.0,2,74,72,20
6,r_76_132_29,r_39_89_53,seq131,r_76_132_29,1.0,0,29,29,20
87,seq91,r_9_88_128,seq51,r_9_88_128,0.86,0,128,128,20
78,seq134,r_58_17_113,r_63_4_20,r_63_4_20,1.0,0,20,20,20
40,r_133_42_106,seq10,seq41,r_133_42_106,0.81,0,106,106,20
18,r_140_72_135,seq84,r_105_143_98,r_140_72_135,0.23,3,138,135,20
29,r_112_85_61,seq23,r_100_130_51,r_112_85_61,1.0,0,61,61,20
27,r_77_137_36,r_121_83_95,r_18_116_84,r_77_137_36,0.99,61,97,36,20
23,r_139_25_55,r_24_117_105,seq118,r_139_25_55,1.0,0,55,55,20
33,r_2_127_78,seq14,seq84,r_2_127_78,1.0,0,78,78,20
48,r_64_44_46,seq29,r_122_78_89,r_122_78_89,1.0,17,106,89,20
47,r_103_16_30,r_30_65_133,r_82_53_112,r_103_16_30,0.57,103,133,30,20
69,seq47,seq75,r_100_130_51,r_100_130_51,1.0,5,56,51,20
32,r_122_78_89,r_106_102_146,r_64_44_46,r_122_78_89,0.97,0,89,89,20
28,r_56_8_54,seq51,seq123,r_56_8_54,1.0,0,54,54,20
38,r_24_117_105,seq109,r_105_143_98,r_24_117_105,1.0,0,105,105,20
47,r_103_16_30,r_39_89_53,r_30_65_133,r_103_16_30,1.0,0,30,30,20
34,r_62_126_116,seq86,r_106_102_146,r_62_126_116,0.95,0,116,116,20
48,r_64_44_46,seq49,seq29,r_64_44_46,1.0,0,46,46,20
43,r_136_135_41,r_24_117_105,r_144_20_80,r_136_135_41,1.0,48,89,41,20
9,r_141_97_72,seq84,r_12_115_8,r_141_97_72,0.98,1,73,72,20
14,r_110_108_32,seq45,seq149,r_110_108_32,0.99,0,32,32,20
96,seq118,seq75,r_139_25_55,r_139_25_55,1.0,18,73,55,20
31,r_100_130_51,r_31_80_100,seq47,r_100_130_51,1.0,0,51,51,20
22,r_43_55_69,r_106_102_146,seq59,r_43_55_69,1.0,2,71,69,20
27,r_77_137_36,r_21_61_59,r_121_83_95,r_77_137_36,0.63,6,42,36,20
35,r_15_96_86,seq66,seq107,r_15_96_86,0.91,-1,85,86,20
12,r_82_53_112,r_35_36_149,r_103_16_30,r_82_53_112,0.84,0,112,112,20
36,r_42_36_112,seq62,seq94,r_42_36_112,1.0,0,112,112,21
8,r_0_71_76,seq1,r_105_125_48,r_105_125_48,1.0,29,77,48,21
43,r_83_84_75,r_0_71_76,r_79_66_6,r_83_84_75,1.0,0,75,75,21
16,r_73_44_60,r_100_46_145,r_95_54_43,r_73_44_60,1.0,0,60,60,21
5,r_135_98_84,r_33_51_69,r_105_125_48,r_105_125_48,1.0,23,71,48,21
46,r_29_122_119,seq119,seq17,r_29_122_119,0.92,0,119,119,21
42,r_32_126_98,r_4_80_139,r_87_145_31,r_4_80_139,0.72,-40,99,139,21
18,r_100_46_145,r_73_44_60,r_9_48_142,r_73_44_60,0.72,-34,26,60,21
75,seq67,r_149_90_21,seq139,r_149_90_21,0.77,0,21,21,21
19,r_115_118_91,r_45_99_29,seq19,r_115_118_91,1.0,0,91,91,21
29,r_6_31_33,r_95_54_43,r_65_124_45,r_65_124_45,0.66,6,51,45,21
95,seq116,r_91_77_94,seq7,r_91_77_94,1.0,1,95,94,21
47,r_45_99_29,r_115_118_91,r_128_117_18,r_45_99_29,0.95,-1,28,29,21
30,r_35_123_19,r_29_122_119,r_8_109_122,r_35_123_19,1.0,0,19,19,21
38,r_57_70_65,seq93,seq96,r_57_70_65,0.63,-6,59,65,21
26,r_61_10_128,seq75,r_12_141_126,r_61_10_128,0.81,1,129,128,21
4,r_79_66_6,r_42_36_112,r_83_84_75,r_79_66_6,0.69,69,75,6,21
13,r_21_50_125,r_69_112_97,r_28_14_24,r_21_50_125,0.96,-21,104,125,21
48,r_74_26_92,seq19,r_113_55_99,r_74_26_92,0.89,1,93,92,21
10,r_95_54_43,seq94,r_20_85_12,r_95_54_43,0.48,-4,39,43,21
89,seq144,seq94,r_63_22_41,r_63_22_41,1.0,0,41,41,21
6,r_33_51_69,r_135_98_84,r_20_85_12,r_135_98_84,0.84,23,107,84,21
45,r_41_43_11,r_28_14_24,r_88_56_1,r_88_56_1,1.0,10,11,1,21
17,r_87_145_31,r_61_10_128,seq130,r_87_145_31,1.0,0,31,31,21
27,r_131_82_105,r_57_70_65,r_113_55_99,r_131_82_105,1.0,1,106,105,21
29,r_6_31_33,r_113_55_99,r_95_54_43,r_6_31_33,0.95,-2,31,33,21
30,r_35_123_19,r_8_109_122,seq34,r_8_109_122,1.0,-13,109,122,21
40,r_12_141_126,seq17,r_33_51_69,r_33_51_69,0.61,60,129,69,21
25,r_88_56_1,seq75,r_41_43_11,r_41_43_11,1.0,2,13,11,21
15,r_128_117_18,r_91_77_94,r_45_99_29,r_128_117_18,0.99,0,18,18,21
24,r_47_142_70,r_61_10_128,r_128_117_18,r_47_142_70,1.0,1,71,70,21
2,r_28_14_24,r_81_58_46,seq16,r_28_14_24,1.0,0,24,24,21
33,r_91_77_94,seq116,seq94,r_91_77_94,1.0,1,95,94,21
14,r_114_68_25,r_45_99_29,seq94,r_114_68_25,0.6,-2,23,25,21
66,seq34,r_64_129_59,r_35_123_19,r_64_129_59,0.91,-6,53,59,21
32,r_13_107_113,r_113_55_99,r_20_85_12,r_13_107_113,0.92,0,113,113,21
23,r_81_58_46,seq146,r_135_98_84,r_81_58_46,0.81,7,53,46,21
28,r_65_124_45,seq137,r_6_31_33,r_65_124_45,0.99,0,45,45,21
34,r_134_110_104,seq23,seq89,r_134_110_104,0.94,2,106,104,21
10,r_95_54_43,r_20_85_12,r_73_44_60,r_73_44_60,1.0,9,69,60,21
31,r_8_109_122,r_35_123_19,seq92,r_8_109_122,0.94,0,122,122,21
49,r_63_22_41,seq19,seq144,r_63_22_41,1.0,0,41,41,21
0,r_64_129_59,seq34,seq38,r_64_129_59,1.0,0,59,59,21
44,r_108_140_81,seq78,seq86,r_108_140_81,1.0,0,81,81,21
22,r_3_18_23,r_12_141_126,r_20_85_12,r_3_18_23,0.95,0,23,23,21
79,seq78,r_108_140_81,r_35_123_19,r_108_140_81,0.76,-12,69,81,21
35,r_69_112_97,r_21_50_125,seq137,r_69_112_97,0.97,0,97,97,21
31,r_8_109_122,r_64_129_59,r_35_123_19,r_8_109_122,0.73,-103,19,122,21
12,r_15_143_133,seq148,seq7,r_15_143_133,0.33,1,134,133,21
64,seq148,seq133,r_138_20_28,r_138_20_28,1.0,1,29,28,22
28,r_9_1_19,r_12_63_131,seq52,r_9_1_19,0.96,-4,15,19,22
8,r_113_109_107,seq131,r_118_23_91,r_113_109_107,0.97,0,107,107,22
43,r_105_17_130,seq13,r_66_136_102,r_66_136_102,0.85,28,130,102,22
1,r_12_63_131,r_140_68_35,r_44_90_76,r_12_63_131,0.85,1,132,131,22
37,r_97_25_85,seq54,seq137,r_97_25_85,1.0,0,85,85,22
10,r_127_83_22,r_35_125_52,seq141,r_35_125_52,0.69,-22,30,52,22
21,r_107_110_100,seq19,r_0_116_29,r_107_110_100,0.72,0,100,100,22
1,r_12_63_131,r_101_67_90,r_140_68_35,r_12_63_131,0.94,-41,90,131,22
5,r_66_136_102,r_51_94_58,r_79_106_143,r_51_94_58,0.86,5,63,58,22
46,r_149_55_81,r_97_25_85,seq131,r_149_55_81,0.97,0,81,81,22
42,r_62_56_17,r_85_78_106,r_53_75_116,r_62_56_17,1.0,2,19,17,22
45,r_102_26_86,seq40,r_39_36_148,r_102_26_86,0.84,1,87,86,22
27,r_144_72_25,r_97_25_85,seq81,r_144_72_25,1.0,0,25,25,22
75,seq57,r_44_90_76,r_119_92_128,r_44_90_76,1.0,-4,72,76,22
66,seq28,seq41,r_42_146_62,r_42_146_62,1.0,20,82,62,22
39,r_140_68_35,r_12_63_131,r_122_77_129,r_140_68_35,0.65,97,132,35,22
31,r_101_67_90,r_12_63_131,seq126,r_101_67_90,0.96,0,90,90,22
41,r_32_74_75,seq52,r_114_14_71,r_32_74_75,1.0,0,75,75,22
0,r_51_94_58,r_66_136_102,r_24_80_147,r_51_94_58,0.91,0,58,58,22
3,r_122_77_129,r_119_92_128,seq15,r_122_77_129,0.71,1,130,129,22
26,r_37_71_120,seq93,seq123,r_37_71_120,0.82,0,120,120,22
78,seq64,r_44_90_76,r_119_92_128,r_44_90_76,1.0,0,76,76,22
20,r_24_80_147,seq40,r_51_94_58,r_24_80_147,0.57,-86,61,147,22
13,r_132_8_92,r_82_99_2,seq7,r_132_8_92,0.77,3,95,92,22
15,r_39_36_148,r_118_23_91,r_3_84_69,r_39_36_148,1.0,-56,92,148,22
48,r_118_23_91,r_39_36_148,r_0_116_29,r_118_23_91,0.98,1,92,91,22
73,seq52,r_32_74_75,r_9_1_19,r_32_74_75,0.81,-27,48,75,22
36,r_53_75_116,r_37_71_120,r_62_56_17,r_53_75_116,0.55,-99,17,116,22
99,seq126,seq52,r_101_67_90,r_101_67_90,1.0,0,90,90,22
36,r_53_75_116,r_62_56_17,r_50_38_38,r_53_75_116,0.94,1,117,116,22
10,r_127_83_22,seq141,r_82_99_2,r_82_99_2,0.55,115,117,2,22
25,r_4_21_26,r_24_80_147,seq54,r_4_21_26,0.65,3,29,26,22
49,r_50_38_38,r_43_65_114,seq69,r_50_38_38,1.0,1,39,38,22
39,r_140_68_35,seq47,r_12_63_131,r_140_68_35,1.0,0,35,35,22
4,r_31_139_23,r_144_72_25,seq121,r_31_139_23,0.99,0,23,23,22
47,r_89_145_72,r_43_65_114,seq45,r_89_145_72,1.0,0,72,72,22
40,r_42_146_62,seq34,seq28,r_42_146_62,1.0,1,63,62,22
24,r_10_22_117,seq121,seq141,r_10_22_117,0.37,0,117,117,22
33,r_44_90_76,seq64,seq91,r_44_90_76,1.0,0,76,76,22
82,seq141,r_127_83_22,r_10_22_117,r_127_83_22,0.49,95,117,22,22
88,seq93,r_37_71_120,r_42_146_62,r_42_146_62,0.65,58,120,62,22
70,seq45,seq81,r_89_145_72,r_89_145_72,1.0,8,80,72,22
44,r_138_20_28,seq104,seq148,r_138_20_28,1.0,-1,27,28,22
42,r_62_56_17,r_53_75_116,r_35_125_52,r_62_56_17,0.5,100,117,17,22
61,seq16,seq81,r_147_117_73,r_147_117_73,1.0,7,80,73,22
32,r_33_134_98,seq59,seq6,r_33_134_98,1.0,1,99,98,22
38,r_147_117_73,seq76,seq16,r_147_117_73,1.0,1,74,73,22
83,seq81,seq16,r_144_72_25,r_144_72_25,1.0,2,27,25,22
34,r_29_129_94,r_122_77_129,seq34,r_29_129_94,0.99,1,95,94,22
5,r_66_136_102,r_79_106_143,r_132_8_92,r_66_136_102,0.92,-3,99,102,22
17,r_3_84_69,r_101_67_90,r_39_36_148,r_3_84_69,1.0,0,69,69,22
30,r_0_116_29,r_143_120_139,seq104,r_0_116_29,1.0,-4,25,29,22
96,seq121,r_10_22_117,r_31_139_23,r_31_139_23,0.93,94,117,23,22
22,r_43_65_114,seq96,seq133,r_43_65_114,0.88,1,115,114,22
7,r_85_78_106,seq59,seq19,r_85_78_106,0.93,1,107,106,22
23,r_119_92_128,r_122_77_129,seq64,r_119_92_128,0.76,2,130,128,22
19,r_130_135_32,r_143_120_139,seq40,r_130_135_32,1.0,0,32,32,22
35,r_30_103_121,seq59,r_149_55_81,r_30_103_121,0.66,1,122,121,22
12,r_114_14_71,seq7,seq124,r_114_14_71,1.0,0,71,71,22
82,seq141,r_85_78_106,r_127_83_22,r_127_83_22,0.5,8,30,22,22
14,r_35_125_52,r_58_60_112,r_144_72_25,r_35_125_52,1.0,3,55,52,22
30,r_8_79_5,r_69_128_111,r_38_100_51,r_38_100_51,0.92,36,87,51,23
54,seq10,r_9_40_24,r_149_7_43,r_149_7_43,1.0,2,45,43,23
53,seq6,r_138_52_101,seq33,r_138_52_101,1.0,1,102,101,23
43,r_28_32_120,seq114,r_87_71_52,r_87_71_52,0.7,68,120,52,23
36,r_72_62_39,r_121_144_123,r_147_143_13,r_72_62_39,1.0,0,39,39,23
17,r_51_22_22,seq80,seq21,r_51_22_22,1.0,0,22,22,23
3,r_139_25_48,seq57,r_47_50_36,r_139_25_48,1.0,0,48,48,23
18,r_36_11_33,r_20_99_92,seq21,r_36_11_33,1.0,-1,32,33,23
22,r_87_71_52,r_88_120_132,r_149_7_43,r_87_71_52,1.0,0,52,52,23
31,r_19_24_50,r_149_7_43,seq42,r_19_24_50,0.91,-7,43,50,23
21,r_20_99_92,r_85_74_134,r_106_123_6,r_20_99_92,0.86,0,92,92,23
1,r_23_82_67,seq114,seq10,r_23_82_67,1.0,5,72,67,23
41,r_136_116_14,r_102_0_105,r_104_54_83,r_136_116_14,0.81,7,21,14,23
8,r_45_39_23,seq6,seq90,r_45_39_23,0.87,1,24,23,23
69,seq42,r_121_144_123,seq92,r_121_144_123,0.54,4,127,123,23
12,r_106_123_6,r_19_24_50,r_20_99_92,r_106_123_6,0.63,53,59,6,23
42,r_89_55_28,r_36_11_33,seq95,r_89_55_28,1.0,0,28,28,23
4,r_88_120_132,r_87_71_52,seq15,r_87_71_52,0.8,-6,46,52,23
34,r_1_131_26,seq127,seq10,r_1_131_26,1.0,0,26,26,23
27,r_149_7_43,r_19_24_50,seq10,r_149_7_43,0.97,0,43,43,23
10,r_37_117_65,seq84,r_139_25_48,r_37_117_65,1.0,0,65,65,23
45,r_129_97_8,r_102_0_105,r_53_12_57,r_129_97_8,0.9,40,48,8,23
23,r_61_3_34,seq146,seq81,r_61_3_34,1.0,0,34,34,23
11,r_102_0_105,r_14_5_129,seq46,r_102_0_105,0.96,4,109,105,23
44,r_96_132_55,seq84,seq124,r_96_132_55,1.0,1,56,55,23
20,r_138_52_101,seq6,r_139_25_48,r_138_52_101,0.98,1,102,101,23
98,seq125,r_119_148_100,seq57,r_119_148_100,0.99,-2,98,100,23
48,r_14_5_129,seq109,r_89_55_28,r_89_55_28,0.73,102,130,28,23
4,r_88_120_132,seq15,r_17_75_82,r_88_120_132,0.78,1,133,132,23
0,r_147_143_13,r_37_117_65,seq15,r_147_143_13,1.0,0,13,13,23
6,r_98_137_84,seq66,r_19_24_50,r_98_137_84,1.0,2,86,84,23
9,r_47_50_36,seq95,seq114,r_47_50_36,1.0,0,36,36,23
46,r_38_100_51,r_98_137_84,r_8_79_5,r_38_100_51,0.84,0,51,51,23
14,r_73_93_42,r_113_115_91,seq145,r_73_93_42,0.99,0,42,42,23
35,r_43_30_25,r_36_11_33,seq80,r_36_11_33,0.76,-9,24,33,23
47,r_13_103_62,seq140,r_87_71_52,r_13_103_62,0.99,0,62,62,23
24,r_17_75_82,seq46,seq68,r_17_75_82,1.0,0,82,82,23
25,r_113_115_91,r_121_144_123,seq60,r_113_115_91,0.99,0,91,91,23
33,r_85_74_134,seq68,seq42,r_85_74_134,0.55,1,135,134,23
19,r_53_12_57,seq141,r_129_97_8,r_53_12_57,1.0,-1,56,57,23
85,seq81,r_104_54_83,r_61_3_34,r_61_3_34,1.0,17,51,34,23
32,r_29_135_74,seq35,r_45_39_23,r_29_135_74,1.0,0,74,74,23
38,r_119_148_100,seq125,seq109,r_119_148_100,0.92,0,100,100,23
28,r_121_144_123,seq42,r_139_25_48,r_139_25_48,0.86,79,127,48,23
7,r_16_134_102,seq26,r_44_64_7,r_16_134_102,0.98,1,103,102,23
30,r_91_27_71,r_58_36_94,seq95,r_91_27_71,0.96,0,71,71,24
42,r_138_70_34,r_90_97_29,seq72,r_138_70_34,1.0,0,34,34,24
36,r_60_145_97,r_90_97_29,r_138_70_34,r_90_97_29,0.98,68,97,29,24
8,r_55_15_101,r_20_25_107,r_117_108_102,r_117_108_102,0.85,-1,101,102,24
43,r_94_61_85,r_20_25_107,seq124,r_94_61_85,1.0,0,85,85,24
45,r_146_123_74,r_51_142_33,r_16_18_7,r_146_123_74,0.76,-64,10,74,24
18,r_104_85_132,seq133,r_51_142_33,r_51_142_33,1.0,1,34,33,24
65,seq133,r_104_85_132,r_93_74_16,r_93_74_16,0.53,18,34,16,24
3,r_51_142_33,r_104_85_132,r_23_87_54,r_51_142_33,0.55,99,132,33,24
16,r_111_49_131,r_12_44_140,r_78_43_149,r_111_49_131,0.5,0,131,131,24
39,r_102_115_60,seq101,seq29,r_102_115_60,0.73,3,63,60,24
1,r_20_25_107,r_94_61_85,r_96_54_59,r_96_54_59,0.68,26,85,59,24
5,r_141_76_122,seq127,r_41_45_99,r_141_76_122,0.93,0,122,122,24
46,r_69_14_104,r_90_97_29,r_41_45_99,r_90_97_29,1.0,75,104,29,24
85,seq84,r_56_89_6,r_19_35_84,r_19_35_84,0.68,3,87,84,24
34,r_148_32_46,seq114,seq134,r_148_32_46,1.0,3,49,46,24
19,r_3_80_134,seq64,r_96_54_59,r_3_80_134,0.63,0,134,134,24
85,seq84,r_53_57_24,seq124,r_53_57_24,0.81,-4,20,24,24
98,seq126,r_113_149_118,r_83_40_11,r_83_40_11,0.83,2,13,11,24
14,r_86_50_37,r_141_76_122,r_140_144_38,r_86_50_37,1.0,0,37,37,24
41,r_117_108_102,seq65,r_55_15_101,r_117_108_102,0.93,0,102,102,24
15,r_83_40_11,r_91_27_71,seq126,r_83_40_11,1.0,0,11,11,24
4,r_82_22_1,seq126,r_19_35_84,r_19_35_84,1.0,17,101,84,24
63,seq29,r_125_30_81,r_102_115_60,r_125_30_81,1.0,0,81,81,24
11,r_106_143_77,r_94_61_85,r_1_139_61,r_106_143_77,1.0,0,77,77,24
1,r_20_25_107,r_96_54_59,seq64,r_20_25_107,0.99,0,107,107,24
20,r_39_147_90,seq65,seq38,r_39_147_90,0.95,0,90,90,24
48,r_113_149_118,seq72,r_37_116_45,r_113_149_118,0.56,0,118,118,24
57,seq9,r_104_85_132,r_112_63_92,r_112_63_92,0.56,2,94,92,24
85,seq84,seq124,r_56_89_6,r_56_89_6,0.44,67,73,6,24
62,seq26,r_19_35_84,seq8,r_19_35_84,0.97,0,84,84,24
21,r_16_18_7,r_146_123_74,r_117_108_102,r_16_18_7,1.0,67,74,7,24
49,r_71_13_15,r_19_35_84,r_140_144_38,r_71_13_15,1.0,0,15,15,24
13,r_23_87_54,seq38,r_51_142_33,r_23_87_54,1.0,1,55,54,24
9,r_1_139_61,seq92,r_106_143_77,r_106_143_77,1.0,8,85,77,24
24,r_53_57_24,seq21,seq114,r_53_57_24,1.0,0,24,24,24
40,r_58_36_94,seq59,seq21,r_58_36_94,0.99,0,94,94,24
74,seq59,r_58_36_94,seq99,r_58_36_94,1.0,0,94,94,24
34,r_148_32_46,seq134,r_19_35_84,r_19_35_84,0.84,31,115,84,24
33,r_19_35_84,seq26,r_138_70_34,r_19_35_84,0.98,0,84,84,24
7,r_93_74_16,seq31,seq133,r_93_74_16,1.0,0,16,16,24
61,seq24,r_112_63_92,seq17,r_112_63_92,1.0,0,92,92,24
38,r_88_7_42,r_121_110_144,r_47_11_36,r_47_11_36,0.68,31,67,36,24
47,r_37_116_45,seq124,seq65,r_37_116_45,1.0,0,45,45,24
2,r_48_107_25,r_121_110_144,seq134,r_48_107_25,1.0,0,25,25,24
37,r_132_0_103,r_53_57_24,r_56_89_6,r_53_57_24,0.97,-4,20,24,24
3,r_51_142_33,r_146_123_74,r_104_85_132,r_51_142_33,1.0,0,33,33,24
97,seq124,r_138_70_34,r_94_61_85,r_94_61_85,0.69,-3,82,85,24
45,r_146_123_74,r_16_18_7,r_90_97_29,r_146_123_74,0.98,0,74,74,24
24,r_53_57_24,seq114,seq8,r_53_57_24,0.43,58,82,24,24
17,r_112_63_92,seq24,seq9,r_112_63_92,0.96,0,92,92,24
9,r_1_139_61,seq17,seq92,r_1_139_61,0.92,0,61,61,24
37,r_132_0_103,r_56_89_6,r_1_139_61,r_132_0_103,0.86,0,103,103,24
22,r_131_28_66,r_41_45_99,r_140_144_38,r_41_45_99,0.99,-26,73,99,24
60,seq21,r_53_57_24,r_56_89_6,r_53_57_24,0.99,0,24,24,24
28,r_100_103_123,seq134,seq34,r_100_103_123,0.81,0,123,123,24
44,r_96_54_59,r_20_25_107,r_120_6_95,r_20_25_107,0.85,0,107,107,24
18,r_104_85_132,r_51_142_33,r_39_147_90,r_51_142_33,0.42,99,132,33,24
44,r_96_54_59,r_90_97_29,r_20_25_107,r_96_54_59,1.0,1,60,59,24
23,r_120_6_95,seq65,r_96_54_59,r_120_6_95,1.0,0,95,95,24
26,r_47_11_36,seq126,seq101,r_47_11_36,1.0,0,36,36,24
90,seq101,seq38,r_47_11_36,r_47_11_36,1.0,11,47,36,24
30,r_124_78_124,r_2_12_89,r_145_108_128,r_124_78_124,0.48,-33,91,124,25
44,r_126_107_78,r_86_23_127,r_2_12_89,r_126_107_78,0.73,53,131,78,25
36,r_86_23_127,r_25_96_102,r_126_107_78,r_126_107_78,0.66,24,102,78,25
8,r_117_100_63,seq120,seq71,r_117_100_63,0.75,19,82,63,25
43,r_130_114_144,seq143,r_141_26_44,r_141_26_44,0.7,16,60,44,25
67,seq36,r_117_100_63,r_110_116_40,r_110_116_40,0.84,2,42,40,25
31,r_106_93_133,r_92_119_82,seq60,r_106_93_133,0.79,0,133,133,25
54,seq10,r_92_119_82,r_98_5_75,r_92_119_82,0.6,0,82,82,25
83,seq72,r_29_144_104,r_58_48_97,r_29_144_104,1.0,0,104,104,25
16,r_75_57_66,r_111_13_105,r_125_148_21,r_125_148_21,0.81,45,66,21,25
21,r_18_6_140,seq146,r_106_93_133,r_18_6_140,0.4,0,140,140,25
39,r_112_134_91,seq83,r_1_38_12,r_1_38_12,0.67,79,91,12,25
5,r_138_97_61,seq72,seq90,r_138_97_61,0.87,1,62,61,25
46,r_77_33_74,seq16,seq43,r_77_33_74,0.84,4,78,74,25
42,r_67_24_55,seq70,r_64_80_13,r_67_24_55,1.0,0,55,55,25
3,r_125_148_21,r_32_65_99,r_45_99_3,r_125_148_21,0.75,3,24,21,25
45,r_37_73_125,seq120,seq60,r_37_73_125,0.9,1,126,125,25
47,r_92_119_82,r_11_49_130,r_88_142_35,r_11_49_130,0.95,0,130,130,25
23,r_141_26_44,seq63,r_130_114_144,r_141_26_44,0.78,0,44,44,25
19,r_145_108_128,r_126_107_78,seq43,r_145_108_128,0.71,-53,75,128,25
15,r_135_40_6,r_89_7_111,r_98_5_75,r_135_40_6,0.59,108,114,6,25
31,r_106_93_133,r_9_129_98,r_92_119_82,r_106_93_133,0.87,-35,98,133,25
41,r_25_96_102,r_86_23_127,r_125_148_21,r_25_96_102,0.52,-1,101,102,25
89,seq90,seq16,r_138_97_61,r_138_97_61,0.97,45,106,61,25
10,r_64_80_13,seq128,seq131,r_64_80_13,0.99,0,13,13,25
14,r_136_0_22,r_89_7_111,r_1_38_12,r_1_38_12,0.71,12,24,12,25
20,r_58_48_97,seq54,seq72,r_58_48_97,0.43,1,98,97,25
13,r_89_7_111,r_135_40_6,r_32_65_99,r_32_65_99,0.55,15,114,99,25
49,r_22_137_14,r_17_121_122,r_15_41_101,r_22_137_14,0.61,109,123,14,25
4,r_17_121_122,r_22_137_14,r_1_38_12,r_1_38_12,0.74,111,123,12,25
49,r_22_137_14,r_8_147_76,r_17_121_122,r_22_137_14,0.96,0,14,14,25
25,r_34_95_47,seq76,seq66,r_34_95_47,0.56,4,51,47,25
1,r_1_38_12,r_94_27_16,seq63,r_1_38_12,0.98,0,12,12,25
2,r_98_5_75,r_50_79_143,r_135_40_6,r_98_5_75,0.93,3,78,75,25
47,r_92_119_82,seq10,r_11_49_130,r_92_119_82,1.0,0,82,82,25
4,r_17_121_122,seq55,r_22_137_14,r_22_137_14,0.85,4,18,14,25
29,r_15_41_101,seq4,seq31,r_15_41_101,0.94,0,101,101,25
30,r_124_78_124,r_145_108_128,r_89_7_111,r_145_108_128,0.99,1,129,128,25
33,r_51_149_70,r_2_12_89,r_88_142_35,r_51_149_70,0.78,2,72,70,25
37,r_127_46_27,r_32_65_99,seq66,r_127_46_27,0.89,5,32,27,25
19,r_145_108_128,seq43,seq105,r_145_108_128,1.0,1,129,128,25
35,r_53_84_29,r_67_24_55,seq31,r_53_84_29,1.0,0,29,29,25
32,r_32_65_99,seq101,seq72,r_32_65_99,0.64,5,104,99,25
38,r_8_147_76,seq133,seq81,r_8_147_76,0.94,3,79,76,25
0,r_110_116_40,seq66,seq36,r_110_116_40,0.97,2,42,40,25
34,r_111_13_105,seq103,r_1_38_12,r_111_13_105,0.95,1,106,105,25
24,r_88_142_35,seq28,r_87_56_148,r_88_142_35,1.0,2,37,35,25
36,r_86_23_127,r_126_107_78,r_9_129_98,r_86_23_127,0.65,4,131,127,25
17,r_9_129_98,r_106_93_133,r_127_46_27,r_9_129_98,1.0,0,98,98,25
9,r_11_49_130,r_106_93_133,seq132,r_11_49_130,0.71,0,130,130,25
22,r_29_144_104,seq72,r_64_80_13,r_29_144_104,0.97,0,104,104,25
28,r_74_102_31,seq66,seq62,r_74_102_31,1.0,0,31,31,25
7,r_2_12_89,r_124_78_124,seq83,r_2_12_89,0.82,0,89,89,25
44,r_126_107_78,r_145_108_128,r_86_23_127,r_126_107_78,0.58,0,78,78,25
14,r_64_40_80,seq33,seq146,r_64_40_80,0.99,0,80,80,26
43,r_2_1_103,seq69,r_47_119_72,r_2_1_103,0.85,1,104,103,26
33,r_87_95_56,r_111_142_78,r_48_7_46,r_87_95_56,0.97,0,56,56,26
16,r_99_89_116,seq147,r_132_103_138,r_99_89_116,0.74,1,117,116,26
21,r_39_127_119,r_130_17_145,seq146,r_39_127_119,0.26,2,121,119,26
24,r_66_78_29,r_32_24_57,seq67,r_66_78_29,1.0,1,30,29,26
5,r_134_43_100,r_109_131_104,r_4_6_39,r_134_43_100,0.98,4,104,100,26
42,r_144_70_129,r_29_138_10,r_41_25_96,r_29_138_10,0.52,121,131,10,26
13,r_90_83_76,r_27_129_110,r_109_131_104,r_90_83_76,0.95,36,112,76,26
22,r_125_11_124,r_31_5_74,seq33,r_31_5_74,0.59,49,123,74,26
45,r_71_57_62,seq124,seq82,r_71_57_62,1.0,1,63,62,26
19,r_19_104_67,r_130_17_145,seq60,r_19_104_67,1.0,1,68,67,26
31,r_109_131_104,r_134_43_100,seq121,r_109_131_104,0.92,0,104,104,26
41,r_102_18_109,seq10,seq15,r_102_18_109,0.95,0,109,109,26
67,seq34,r_44_122_99,seq52,r_44_122_99,0.57,0,99,99,26
6,r_27_129_110,r_90_83_76,seq61,r_27_129_110,1.0,2,112,110,26
3,r_111_142_78,seq107,r_13_21_86,r_111_142_78,0.62,9,87,78,26
44,r_59_68_21,r_32_24_57,seq101,r_59_68_21,0.97,0,21,21,26
47,r_28_77_17,r_47_119_72,seq26,r_28_77_17,0.73,-2,15,17,26
9,r_140_36_38,seq50,seq72,r_140_36_38,1.0,1,39,38,26
78,seq62,r_35_56_102,r_41_25_96,r_41_25_96,0.98,8,104,96,26
11,r_13_21_86,seq38,r_111_142_78,r_13_21_86,0.95,1,87,86,26
13,r_90_83_76,seq46,r_27_129_110,r_90_83_76,0.94,0,76,76,26
15,r_32_24_57,r_88_117_130,seq145,r_32_24_57,0.93,11,68,57,26
48,r_37_0_81,seq22,seq86,r_37_0_81,0.8,0,81,81,26
46,r_85_143_59,r_118_45_50,r_116_54_127,r_85_143_59,1.0,-1,58,59,26
6,r_27_129_110,seq146,r_90_83_76,r_90_83_76,1.0,1,77,76,26
99,seq126,r_8_20_87,seq145,r_8_20_87,1.0,0,87,87,26
39,r_4_6_39,r_120_106_143,r_48_7_46,r_4_6_39,1.0,0,39,39,26
2,r_47_119_72,r_134_43_100,seq148,r_47_119_72,0.96,0,72,72,26
40,r_35_56_102,seq62,seq52,r_35_56_102,0.72,2,104,102,26
52,seq133,r_111_142_78,r_51_91_36,r_51_91_36,0.86,9,45,36,26
37,r_76_58_12,r_116_54_127,seq124,r_76_58_12,0.98,-1,11,12,26
58,seq145,r_109_131_104,seq12,r_109_131_104,0.91,0,104,104,26
70,seq46,r_90_83_76,r_31_5_74,r_90_83_76,1.0,0,76,76,26
61,seq148,seq61,r_47_119_72,r_47_119_72,0.98,2,74,72,26
32,r_16_80_70,seq50,seq61,r_16_80_70,1.0,1,71,70,26
23,r_118_45_50,r_85_143_59,seq147,r_85_143_59,0.84,-6,53,59,26
38,r_96_84_89,r_125_11_124,r_66_78_29,r_66_78_29,0.67,69,98,29,26
77,seq61,seq148,r_16_80_70,r_16_80_70,1.0,4,74,70,26
4,r_51_91_36,r_4_6_39,seq133,r_51_91_36,1.0,0,36,36,26
17,r_41_25_96,seq55,seq62,r_41_25_96,0.99,0,96,96,26
65,seq26,r_32_24_57,r_28_77_17,r_28_77_17,0.7,-2,15,17,26
22,r_125_11_124,r_96_84_89,r_31_5_74,r_125_11_124,0.62,-26,98,124,26
28,r_88_117_130,seq26,r_66_78_29,r_66_78_29,0.92,102,131,29,26
0,r_93_92_52,seq60,seq141,r_93_92_52,1.0,1,53,52,26
56,seq141,r_32_24_57,r_93_92_52,r_93_92_52,0.92,10,62,52,26
7,r_8_20_87,seq126,seq33,r_8_20_87,1.0,0,87,87,26
62,seq22,r_37_0_81,r_110_73_13,r_110_73_13,0.46,2,15,13,26
25,r_79_30_8,r_118_45_50,seq94,r_118_45_50,0.68,-38,12,50,26
35,r_44_122_99,seq34,r_47_119_72,r_44_122_99,0.95,0,99,99,26
12,r_97_136_92,seq126,r_32_24_57,r_32_24_57,0.97,70,127,57,26
14,r_67_146_80,r_66_125_143,r_143_99_74,r_66_125_143,1.0,-67,76,143,27
43,r_86_117_73,seq105,seq104,r_86_117_73,0.98,-2,71,73,27
37,r_3_8_94,r_64_149_85,seq110,r_3_8_94,0.98,0,94,94,27
19,r_71_127_124,r_57_93_57,r_28_43_99,r_57_93_57,0.97,67,124,57,27
30,r_42_89_12,r_118_116_47,seq144,r_42_89_12,0.89,0,12,12,27
18,r_131_134_55,r_64_149_85,r_141_32_2,r_131_134_55,1.0,1,56,55,27
1,r_0_41_60,seq138,seq128,r_0_41_60,0.85,3,63,60,27
80,seq75,seq69,r_103_16_54,r_103_16_54,0.98,24,78,54,27
34,r_129_63_19,r_64_149_85,seq1,r_129_63_19,0.94,-4,15,19,27
5,r_11_123_43,r_57_93_57,seq132,r_11_123_43,1.0,0,43,43,27
47,r_101_17_34,seq33,r_36_68_48,r_36_68_48,0.59,33,81,48,27
47,r_101_17_34,r_11_123_43,seq33,r_101_17_34,0.93,0,34,34,27
9,r_87_76_42,r_19_55_113,seq51,r_87_76_42,0.99,-2,40,42,27
15,r_57_93_57,r_71_127_124,r_58_115_111,r_57_93_57,0.97,67,124,57,27
22,r_65_74_31,seq128,r_64_149_85,r_65_74_31,1.0,0,31,31,27
7,r_22_94_58,r_71_127_124,r_91_2_36,r_22_94_58,1.0,0,58,58,27
6,r_77_78_22,r_87_76_42,r_66_125_143,r_77_78_22,0.95,-1,21,22,27
26,r_23_14_100,r_142_39_147,r_91_2_36,r_23_14_100,0.89,0,100,100,27
0,r_64_149_85,r_3_8_94,r_95_119_68,r_64_149_85,0.85,-17,68,85,27
13,r_109_10_65,seq51,r_77_78_22,r_109_10_65,0.93,0,65,65,27
42,r_53_108_49,r_21_34_41,r_64_149_85,r_53_108_49,1.0,0,49,49,27
98,seq122,r_18_147_75,r_9_88_44,r_18_147_75,1.0,-1,74,75,27
48,r_44_120_102,seq1,r_87_76_42,r_44_120_102,0.83,0,102,102,27
57,seq138,r_12_56_92,seq81,r_12_56_92,0.98,0,92,92,27
23,r_4_73_16,r_66_125_143,r_72_140_6,r_4_73_16,0.94,-1,15,16,27
45,r_36_68_48,seq46,r_101_17_34,r_36_68_48,1.0,0,48,48,27
27,r_15_148_116,r_141_32_2,seq1,r_141_32_2,0.82,114,116,2,27
40,r_80_31_149,seq75,r_6_50_98,r_6_50_98,1.0,21,119,98,27
29,r_124_62_115,seq132,r_118_116_47,r_124_62_115,0.99,0,115,115,27
20,r_141_32_2,r_15_148_116,r_131_134_55,r_141_32_2,0.57,55,57,2,27
24,r_113_20_88,r_66_125_143,r_9_88_44,r_113_20_88,0.94,0,88,88,27
25,r_143_99_74,seq105,r_42_89_12,r_143_99_74,0.93,0,74,74,27
33,r_95_119_68,seq29,r_64_149_85,r_95_119_68,0.95,0,68,68,27
21,r_19_55_113,r_85_5_51,seq81,r_19_55_113,0.95,-58,55,113,27
58,seq139,r_28_43_99,r_64_149_85,r_28_43_99,1.0,2,101,99,27
15,r_57_93_57,r_58_115_111,r_71_127_124,r_57_93_57,1.0,0,57,57,27
68,seq38,r_71_127_124,r_57_93_57,r_57_93_57,0.93,67,124,57,27
32,r_6_50_98,seq47,r_80_31_149,r_6_50_98,0.98,0,98,98,27
38,r_12_56_92,seq138,seq145,r_12_56_92,0.99,0,92,92,27
44,r_91_2_36,seq132,seq60,r_91_2_36,0.98,1,37,36,27
10,r_66_125_143,r_67_146_80,r_77_78_22,r_66_125_143,0.77,-120,23,143,27
31,r_85_5_51,r_19_55_113,seq106,r_85_5_51,0.94,-4,47,51,27
74,seq51,r_103_16_54,r_87_76_42,r_87_76_42,0.96,-2,40,42,27
17,r_27_61_101,r_48_82_145,r_64_149_85,r_27_61_101,0.53,0,101,101,27
19,r_71_127_124,r_22_94_58,r_57_93_57,r_71_127_124,0.7,-66,58,124,27
35,r_58_115_111,seq59,r_57_93_57,r_57_93_57,0.78,54,111,57,27
11,r_21_34_41,r_12_56_92,seq132,r_21_34_41,0.82,1,42,41,27
12,r_18_147_75,seq122,seq29,r_18_147_75,0.99,-1,74,75,27
2,r_118_116_47,seq38,seq59,r_118_116_47,1.0,-2,45,47,27
38,r_3_13_34,seq121,seq125,r_3_13_34,1.0,0,34,34,28
36,r_142_131_83,seq47,seq52,r_142_131_83,1.0,0,83,83,28
14,r_37_50_77,seq134,seq125,r_37_50_77,1.0,0,77,77,28
37,r_53_11_135,r_77_35_109,r_48_89_120,r_77_35_109,0.85,26,135,109,28
28,r_141_122_130,r_3_13_34,seq62,r_141_122_130,0.98,0,130,130,28
16,r_94_55_137,seq127,r_41_118_25,r_41_118_25,0.54,112,137,25,28
1,r_48_89_120,seq47,seq40,r_48_89_120,0.84,0,120,120,28
42,r_145_80_93,r_76_61_142,r_17_123_32,r_145_80_93,0.85,0,93,93,28
45,r_108_146_125,seq52,seq147,r_108_146_125,0.74,0,125,125,28
34,r_97_42_75,r_76_61_142,seq6,r_97_42_75,0.59,-46,29,75,28
5,r_41_118_25,seq32,seq6,r_41_118_25,0.99,0,25,25,28
19,r_70_136_67,r_77_35_109,seq32,r_70_136_67,1.0,1,68,67,28
15,r_93_79_128,seq121,r_104_51_29,r_93_79_128,0.95,1,129,128,28
39,r_71_139_47,r_26_15_86,seq52,r_26_15_86,0.82,-39,47,86,28
65,seq30,r_98_0_58,seq32,r_98_0_58,0.94,1,59,58,28
65,seq30,seq32,r_70_136_67,r_70_136_67,0.99,14,81,67,28
26,r_1_58_55,seq20,seq78,r_1_58_55,0.52,1,56,55,28
27,r_16_96_45,r_38_82_147,seq83,r_16_96_45,1.0,0,45,45,28
67,seq32,seq5,r_60_114_71,r_60_114_71,1.0,1,72,71,28
10,r_75_100_94,seq91,r_119_102_14,r_75_100_94,0.99,0,94,94,28
90,seq110,r_133_137_99,r_104_51_29,r_104_51_29,1.0,81,110,29,28
4,r_138_25_118,r_95_65_127,r_34_63_46,r_34_63_46,0.71,23,69,46,28
78,seq67,r_24_144_111,seq90,r_24_144_111,0.61,0,111,111,28
0,r_126_132_105,r_57_107_136,r_60_114_71,r_126_132_105,0.87,0,105,105,28
63,seq28,r_72_4_91,r_46_54_139,r_72_4_91,1.0,1,92,91,28
7,r_92_49_52,r_133_137_99,seq112,r_92_49_52,1.0,0,52,52,28
20,r_148_88_119,r_19_143_5,seq10,r_148_88_119,0.71,0,119,119,28
15,r_93_79_128,r_2_43_63,seq121,r_2_43_63,1.0,0,63,63,28
48,r_103_9_76,seq135,r_3_13_34,r_103_9_76,1.0,0,76,76,28
6,r_26_15_86,r_73_106_103,seq23,r_26_15_86,0.7,1,87,86,28
8,r_7_56_41,r_37_50_77,seq44,r_37_50_77,0.81,-36,41,77,28
30,r_104_51_29,r_7_56_41,seq110,r_104_51_29,1.0,0,29,29,28
4,r_138_25_118,r_34_63_46,seq129,r_138_25_118,1.0,0,118,118,28
47,r_73_106_103,seq44,r_119_102_14,r_73_106_103,1.0,1,104,103,28
74,seq52,r_108_146_125,r_142_131_83,r_142_131_83,0.95,42,125,83,28
18,r_95_65_127,seq127,r_17_123_32,r_17_123_32,0.93,97,129,32,28
29,r_24_144_111,seq67,r_7_56_41,r_24_144_111,0.48,0,111,111,28
24,r_57_107_136,seq147,seq30,r_57_107_136,0.47,0,136,136,28
25,r_19_143_5,r_148_88_119,r_138_25_118,r_19_143_5,0.91,114,119,5,28
33,r_101_130_62,seq78,seq135,r_101_130_62,1.0,0,62,62,28
32,r_99_116_106,seq124,r_16_96_45,r_99_116_106,1.0,0,106,106,28
17,r_59_120_90,r_141_122_130,r_60_114_71,r_59_120_90,1.0,0,90,90,28
13,r_17_123_32,seq78,seq64,r_17_123_32,1.0,0,32,32,28
9,r_128_21_70,seq111,seq52,r_128_21_70,1.0,0,70,70,28
31,r_34_63_46,r_138_25_118,seq127,r_138_25_118,1.0,0,118,118,28
28,r_141_122_130,r_59_120_90,r_3_13_34,r_141_122_130,0.97,-51,79,130,28
91,seq111,r_128_21_70,r_119_102_14,r_128_21_70,1.0,0,70,70,28
44,r_60_114_71,r_45_36_102,seq32,r_60_114_71,1.0,2,73,71,28
23,r_68_8_81,r_126_132_105,seq23,r_126_132_105,0.93,-23,82,105,28
11,r_98_0_58,seq30,r_101_130_62,r_98_0_58,0.72,0,58,58,28
35,r_27_85_66,seq134,seq121,r_27_85_66,0.98,0,66,66,28
12,r_2_43_63,r_93_79_128,r_41_118_25,r_2_43_63,0.98,0,63,63,28
8,r_100_27_19,r_96_128_124,seq42,r_100_27_19,1.0,0,19,19,29
46,r_86_109_17,r_94_9_49,r_111_88_136,r_86_109_17,0.99,-2,15,17,29
42,r_123_35_56,r_130_30_138,r_97_143_47,r_123_35_56,1.0,1,57,56,29
15,r_118_120_119,r_94_9_49,r_136_115_28,r_118_120_119,0.98,-90,29,119,29
16,r_23_121_115,r_5_90_66,r_84_81_90,r_23_121_115,0.97,0,115,115,29
21,r_3_16_97,seq31,r_97_143_47,r_3_16_97,1.0,0,97,97,29
39,r_92_122_76,seq72,r_80_70_55,r_92_122_76,0.99,-1,75,76,29
5,r_74_33_132,seq146,seq133,r_74_33_132,0.88,0,132,132,29
24,r_76_119_25,seq135,seq110,r_76_119_25,0.81,2,27,25,29
80,seq69,r_145_18_73,r_100_27_19,r_145_18_73,0.5,-8,65,73,29
19,r_96_128_124,seq48,r_47_13_50,r_96_128_124,0.76,0,124,124,29
15,r_118_120_119,r_136_115_28,r_140_7_105,r_136_115_28,0.62,91,119,28,29
45,r_99_43_32,r_144_82_146,seq135,r_99_43_32,1.0,0,32,32,29
35,r_97_143_47,r_104_51_131,r_57_64_40,r_97_143_47,1.0,0,47,47,29
40,r_140_7_105,r_56_45_57,r_118_120_119,r_140_7_105,0.63,16,121,105,29
87,seq89,r_76_119_25,r_113_131_20,r_113_131_20,0.93,1,21,20,29
11,r_114_63_13,r_80_70_55,seq66,r_114_63_13,0.83,0,13,13,29
31,r_54_19_96,r_76_119_25,r_100_27_19,r_54_19_96,1.0,0,96,96,29
37,r_126_138_74,r_125_2_89,r_76_119_25,r_126_138_74,0.85,1,75,74,29
26,r_75_39_139,seq91,seq141,r_75_39_139,0.54,0,139,139,29
14,r_111_88_136,r_86_109_17,r_85_62_104,r_86_109_17,0.63,119,136,17,29
79,seq66,r_139_117_130,r_114_63_13,r_114_63_13,1.0,8,21,13,29
37,r_126_138_74,r_12_24_144,r_125_2_89,r_125_2_89,0.35,-43,46,89,29
13,r_139_117_130,seq66,r_84_81_90,r_139_117_130,0.79,0,130,130,29
46,r_86_109_17,r_111_88_136,r_67_148_93,r_67_148_93,0.97,43,136,93,29
6,r_26_134_65,seq146,seq36,r_26_134_65,1.0,0,65,65,29
3,r_47_13_50,r_111_88_136,r_11_73_2,r_47_13_50,0.97,0,50,50,29
10,r_6_0_7,r_111_88_136,r_84_81_90,r_84_81_90,1.0,27,117,90,29
30,r_56_45_57,r_130_30_138,r_125_2_89,r_56_45_57,0.63,0,57,57,29
41,r_22_129_36,r_54_19_96,seq41,r_22_129_36,0.98,0,36,36,29
20,r_60_59_14,r_47_13_50,seq146,r_60_59_14,0.9,1,15,14,29
2,r_84_81_90,seq78,r_6_0_7,r_84_81_90,1.0,0,90,90,29
47,r_107_20_112,r_111_88_136,r_80_70_55,r_107_20_112,0.75,0,112,112,29
40,r_140_7_105,r_111_88_136,r_56_45_57,r_140_7_105,0.56,1,106,105,29
29,r_130_30_138,seq50,r_85_62_104,r_85_62_104,0.49,34,138,104,29
65,seq31,r_3_16_97,seq91,r_3_16_97,1.0,-34,63,97,29
18,r_80_70_55,seq8,r_113_131_20,r_80_70_55,0.99,0,55,55,29
48,r_94_9_49,seq10,r_22_129_36,r_94_9_49,1.0,0,49,49,29
17,r_136_115_28,r_118_120_119,r_114_63_13,r_136_115_28,0.65,91,119,28,29
9,r_85_62_104,seq72,r_76_119_25,r_85_62_104,0.72,0,104,104,29
14,r_111_88_136,r_47_13_50,r_86_109_17,r_111_88_136,0.84,-105,31,136,29
34,r_98_37_21,r_97_143_47,r_86_109_17,r_98_37_21,1.0,0,21,21,29
22,r_67_148_93,r_68_55_137,r_98_37_21,r_67_148_93,0.98,0,93,93,29
28,r_5_90_66,r_23_121_115,seq10,r_23_121_115,0.89,-52,63,115,29
49,r_68_55_137,seq141,r_149_40_100,r_149_40_100,0.63,37,137,100,29
36,r_57_64_40,r_80_70_55,r_5_90_66,r_57_64_40,1.0,0,40,40,29
98,seq112,r_94_9_49,seq72,r_94_9_49,1.0,0,49,49,29
56,seq141,r_68_55_137,r_116_65_147,r_68_55_137,0.88,0,137,137,29
44,r_145_18_73,seq69,r_123_35_56,r_145_18_73,0.97,0,73,73,29
36,r_132_57_92,seq36,seq133,r_132_57_92,0.81,0,92,92,30
32,r_47_29_22,seq32,r_39_20_60,r_39_20_60,1.0,10,70,60,30
92,seq113,r_80_23_122,r_127_69_63,r_127_69_63,1.0,-1,62,63,30
71,seq43,seq85,r_39_20_60,r_39_20_60,0.99,10,70,60,30
39,r_16_21_75,r_93_96_139,seq86,r_16_21_75,1.0,0,75,75,30
1,r_39_20_60,r_59_146_64,r_109_17_91,r_39_20_60,1.0,0,60,60,30
1,r_39_20_60,r_109_17_91,r_10_72_94,r_10_72_94,0.91,15,109,94,30
45,r_31_70_104,seq145,r_16_21_75,r_31_70_104,0.89,0,104,104,30
19,r_42_63_99,seq88,seq125,r_42_63_99,0.99,0,99,99,30
15,r_77_97_135,r_130_108_13,r_89_46_96,r_77_97_135,0.82,0,135,135,30
76,seq55,r_132_57_92,r_79_60_9,r_132_57_92,0.68,-8,84,92,30
31,r_49_94_84,seq61,r_109_17_91,r_49_94_84,1.0,0,84,84,30
24,r_99_92_55,seq138,seq48,r_99_92_55,1.0,0,55,55,30
3,r_78_129_116,seq56,seq36,r_78_129_116,0.46,1,117,116,30
69,seq36,r_67_22_80,r_78_129_116,r_78_129_116,0.99,-1,115,116,30
18,r_28_102_23,r_80_23_122,seq3,r_28_102_23,0.67,1,24,23,30
9,r_45_18_110,seq98,seq0,r_45_18_110,0.73,0,110,110,30
26,r_130_108_13,seq147,seq116,r_130_108_13,0.8,1,14,13,30
0,r_80_23_122,seq66,seq88,r_80_23_122,0.61,0,122,122,30
11,r_41_136_119,seq138,seq145,r_41_136_119,0.95,0,119,119,30
20,r_89_46_96,seq144,seq56,r_89_46_96,0.98,0,96,96,30
13,r_5_37_61,seq12,r_28_102_23,r_5_37_61,1.0,0,61,61,30
46,r_19_114_47,seq116,seq48,r_19_114_47,1.0,0,47,47,30
15,r_77_97_135,r_135_112_128,r_130_108_13,r_77_97_135,0.45,-70,65,135,30
6,r_62_26_130,seq115,r_128_83_117,r_62_26_130,0.51,0,130,130,30
33,r_59_146_64,seq8,r_52_137_12,r_59_146_64,1.0,-10,54,64,30
63,seq145,r_51_11_134,r_38_134_29,r_38_134_29,1.0,1,30,29,30
85,seq88,r_42_63_99,r_80_23_122,r_42_63_99,0.75,0,99,99,30
48,r_111_91_19,r_80_23_122,seq61,r_111_91_19,1.0,-1,18,19,30
8,r_44_106_44,r_128_83_117,seq27,r_44_106_44,0.97,0,44,44,30
32,r_47_29_22,r_80_23_122,seq32,r_47_29_22,0.99,0,22,22,30
29,r_84_73_18,r_80_23_122,seq116,r_84_73_18,0.99,0,18,18,30
2,r_128_83_117,r_30_13_126,r_127_69_63,r_128_83_117,0.61,0,117,117,30
25,r_75_121_33,seq7,seq1,r_75_121_33,1.0,-2,31,33,30
47,r_67_22_80,seq32,seq36,r_67_22_80,0.97,0,80,80,30
40,r_25_58_102,r_109_17_91,r_5_37_61,r_25_58_102,0.95,0,102,102,30
27,r_24_74_42,r_59_146_64,seq138,r_24_74_42,1.0,-4,38,42,30
21,r_79_60_9,r_93_96_139,seq36,r_79_60_9,0.98,1,10,9,30
37,r_103_35_39,r_80_23_122,seq12,r_103_35_39,0.94,-1,38,39,30
50,seq0,seq8,r_45_18_110,r_45_18_110,0.64,2,112,110,30
18,r_28_102_23,seq3,r_5_37_61,r_5_37_61,1.0,1,62,61,30
34,r_109_17_91,r_25_58_102,seq141,r_25_58_102,0.87,-24,78,102,30
71,seq43,r_39_20_60,r_87_148_93,r_87_148_93,0.98,1,94,93,30
10,r_52_137_12,r_42_63_99,seq144,r_52_137_12,0.97,0,12,12,30
30,r_14_142_48,r_62_26_130,seq8,r_14_142_48,1.0,0,48,48,30
9,r_45_18_110,r_87_148_93,seq98,r_87_148_93,0.91,-5,88,93,30
22,r_10_72_94,seq48,r_39_20_60,r_10_72_94,0.98,0,94,94,30
28,r_15_126_95,seq141,r_117_65_21,r_15_126_95,0.98,0,95,95,30
7,r_135_112_128,seq12,r_123_105_4,r_135_112_128,0.8,0,128,128,30
59,seq138,r_41_136_119,r_24_74_42,r_24_74_42,0.89,0,42,42,30
44,r_127_69_63,seq40,seq113,r_127_69_63,1.0,-1,62,63,30
42,r_38_134_29,r_15_126_95,seq145,r_38_134_29,1.0,0,29,29,30
79,seq66,r_80_23_122,r_128_83_117,r_128_83_117,0.71,5,122,117,30
35,r_149_68_71,r_45_18_110,r_19_114_47,r_45_18_110,0.5,-38,72,110,30
23,r_117_65_21,r_51_11_134,seq2,r_117_65_21,0.98,0,21,21,30
43,r_30_13_126,seq56,r_123_105_4,r_123_105_4,0.82,24,28,4,30
12,r_87_148_93,r_45_18_110,seq43,r_87_148_93,0.96,0,93,93,30
84,seq86,r_41_136_119,r_16_21_75,r_16_21_75,0.59,0,75,75,30
37,r_53_93_47,seq59,seq50,r_53_93_47,1.0,0,47,47,31
30,r_6_51_68,seq141,r_103_24_55,r_6_51_68,1.0,0,68,68,31
36,r_79_68_110,seq127,r_52_91_3,r_79_68_110,0.87,0,110,110,31
14,r_129_111_67,r_97_113_130,r_118_146_43,r_129_111_67,1.0,0,67,67,31
43,r_33_42_132,seq73,r_80_84_93,r_33_42_132,0.68,0,132,132,31
26,r_49_98_40,r_80_84_93,seq78,r_49_98_40,0.99,0,40,40,31
16,r_72_104_124,seq73,seq55,r_72_104_124,0.82,0,124,124,31
1,r_36_45_61,r_80_84_93,seq19,r_36_45_61,0.97,0,61,61,31
46,r_27_5_122,seq135,r_117_149_128,r_27_5_122,0.89,1,123,122,31
13,r_103_24_55,seq26,r_122_13_60,r_103_24_55,1.0,1,56,55,31
41,r_94_4_116,r_62_20_92,r_80_84_93,r_94_4_116,0.73,-23,93,116,31
47,r_35_8_66,r_95_67_29,r_63_106_75,r_95_67_29,0.84,-1,28,29,31
20,r_23_12_42,r_144_87_113,r_52_91_3,r_23_12_42,1.0,0,42,42,31
3,r_48_102_82,seq58,seq85,r_48_102_82,1.0,1,83,82,31
24,r_29_10_120,seq41,r_53_93_47,r_29_10_120,1.0,-3,117,120,31
41,r_94_4_116,r_80_84_93,r_74_148_104,r_94_4_116,0.72,0,116,116,31
4,r_118_146_43,seq141,r_129_111_67,r_129_111_67,1.0,3,70,67,31
0,r_76_71_96,seq125,seq145,r_76_71_96,0.96,0,96,96,31
11,r_142_15_101,seq56,r_114_99_25,r_142_15_101,1.0,1,102,101,31
39,r_123_28_48,r_144_87_113,seq40,r_123_28_48,1.0,1,49,48,31
6,r_114_99_25,r_118_146_43,seq73,r_114_99_25,1.0,1,26,25,31
48,r_17_119_117,seq78,seq140,r_17_119_117,0.92,0,117,117,31
99,seq127,r_54_57_125,r_89_0_41,r_89_0_41,0.74,33,74,41,31
8,r_137_130_16,seq32,r_22_86_94,r_137_130_16,0.93,0,16,16,31
27,r_62_20_92,r_14_1_100,r_103_24_55,r_14_1_100,1.0,-8,92,100,31
29,r_110_7_102,r_63_106_75,r_123_28_48,r_110_7_102,0.63,-53,49,102,31
12,r_89_0_41,r_62_20_92,seq127,r_89_0_41,1.0,0,41,41,31
10,r_95_67_29,r_35_8_66,seq127,r_95_67_29,1.0,0,29,29,31
40,r_92_11_135,seq132,r_103_24_55,r_103_24_55,0.79,80,135,55,31
74,seq55,seq127,r_72_104_124,r_72_104_124,0.55,2,126,124,31
24,r_29_10_120,r_54_57_125,seq41,r_29_10_120,0.46,-51,69,120,31
25,r_120_39_77,seq75,seq85,r_120_39_77,0.98,0,77,77,31
64,seq30,seq50,r_74_148_104,r_74_148_104,1.0,8,112,104,31
23,r_80_84_93,r_94_4_116,r_48_102_82,r_94_4_116,1.0,0,116,116,31
58,seq141,r_6_51_68,r_117_149_128,r_6_51_68,1.0,0,68,68,31
17,r_101_18_30,r_62_20_92,seq58,r_101_18_30,1.0,0,30,30,31
32,r_136_134_71,r_38_116_133,r_117_149_128,r_136_134_71,0.95,0,71,71,31
38,r_14_1_100,r_94_4_116,seq128,r_14_1_100,0.96,0,100,100,31
68,seq40,r_110_7_102,r_123_28_48,r_123_28_48,0.79,-2,46,48,31
60,seq19,r_16_65_126,r_36_45_61,r_36_45_61,1.0,30,91,61,31
18,r_9_100_21,seq132,r_66_69_5,r_9_100_21,1.0,0,21,21,31
9,r_16_65_126,seq19,r_54_57_125,r_54_57_125,0.54,9,134,125,31
22,r_54_57_125,seq127,seq132,r_54_57_125,0.82,0,125,125,31
77,seq59,r_53_93_47,r_117_149_128,r_53_93_47,0.98,1,48,47,31
34,r_143_108_12,r_136_134_71,seq125,r_143_108_12,0.81,0,12,12,31
28,r_144_87_113,seq50,r_49_98_40,r_144_87_113,0.75,0,113,113,31
49,r_97_113_130,r_122_13_60,r_48_102_82,r_97_113_130,0.51,0,130,130,31
7,r_63_106_75,seq107,seq147,r_63_106_75,1.0,0,75,75,31
44,r_38_116_133,r_136_134_71,seq30,r_136_134_71,1.0,0,71,71,31
23,r_80_84_93,seq34,r_94_4_116,r_80_84_93,0.81,0,93,93,31
29,r_110_7_102,r_123_28_48,r_52_91_3,r_110_7_102,0.95,0,102,102,31
35,r_74_148_104,r_17_119_117,seq30,r_74_148_104,0.96,0,104,104,31
41,r_124_7_45,r_87_19_4,seq131,r_124_7_45,1.0,0,45,45,32
38,r_149_74_46,seq12,seq121,r_149_74_46,1.0,0,46,46,32
36,r_57_79_134,seq131,r_145_64_123,r_57_79_134,0.67,0,134,134,32
28,r_44_25_27,r_90_70_140,seq46,r_44_25_27,0.53,0,27,27,32
92,seq109,r_146_38_120,r_56_98_9,r_146_38_120,0.95,-5,115,120,32
8,r_145_64_123,r_129_126_122,r_85_49_82,r_145_64_123,0.93,0,123,123,32
43,r_106_128_128,r_94_42_131,r_86_134_104,r_106_128_128,0.73,5,133,128,32
1,r_105_40_35,seq82,r_144_84_68,r_105_40_35,0.73,-3,32,35,32
10,r_88_140_30,r_143_138_127,r_86_134_104,r_88_140_30,1.0,0,30,30,32
98,seq122,r_97_32_55,seq46,r_97_32_55,0.97,-9,46,55,32
5,r_129_126_122,r_145_64_123,r_105_40_35,r_129_126_122,0.91,0,122,122,32
19,r_71_30_71,r_125_29_70,r_16_47_29,r_71_30_71,1.0,0,71,71,32
31,r_18_66_99,r_129_126_122,seq122,r_18_66_99,0.77,0,99,99,32
3,r_92_127_100,r_87_19_4,r_105_40_35,r_92_127_100,0.99,0,100,100,32
45,r_119_13_24,seq20,r_14_43_147,r_119_13_24,1.0,0,24,24,32
0,r_103_110_124,seq28,r_124_7_45,r_124_7_45,0.98,80,125,45,32
11,r_94_42_131,r_106_128_128,r_22_115_44,r_106_128_128,0.55,5,133,128,32
44,r_97_32_55,seq122,seq28,r_97_32_55,0.94,1,56,55,32
20,r_72_62_69,seq104,r_144_84_68,r_72_62_69,0.82,-3,66,69,32
30,r_33_5_26,r_15_10_74,r_81_24_19,r_33_5_26,0.99,0,26,26,32
46,r_86_134_104,r_88_140_30,seq148,r_88_140_30,0.61,74,104,30,32
48,r_61_107_119,r_14_43_147,r_93_54_66,r_61_107_119,0.98,0,119,119,32
46,r_86_134_104,r_85_49_82,r_88_140_30,r_88_140_30,0.93,6,36,30,32
6,r_90_70_140,seq36,r_50_3_51,r_50_3_51,0.74,89,140,51,32
85,seq82,r_105_40_35,r_0_139_53,r_0_139_53,1.0,13,66,53,32
29,r_16_47_29,r_97_32_55,seq130,r_16_47_29,1.0,0,29,29,32
99,seq123,seq21,r_135_117_79,r_135_117_79,1.0,16,95,79,32
10,r_88_140_30,r_86_134_104,seq52,r_86_134_104,0.67,0,104,104,32
17,r_0_139_53,r_113_65_144,seq82,r_0_139_53,1.0,0,53,53,32
2,r_89_133_95,r_83_80_121,seq141,r_83_80_121,0.99,-20,101,121,32
47,r_132_69_97,seq130,seq51,r_132_69_97,0.99,0,97,97,32
40,r_93_54_66,r_90_70_140,seq53,r_93_54_66,0.47,12,78,66,32
18,r_35_142_96,r_90_70_140,r_149_74_46,r_35_142_96,0.97,0,96,96,32
15,r_114_39_18,r_112_100_136,seq77,r_114_39_18,1.0,0,18,18,32
24,r_59_17_101,r_90_70_140,seq123,r_59_17_101,0.97,0,101,101,32
33,r_85_49_82,r_86_134_104,seq116,r_85_49_82,1.0,0,82,82,32
65,seq27,seq51,r_72_62_69,r_72_62_69,0.68,38,107,69,32
42,r_56_98_9,r_22_115_44,seq109,r_56_98_9,0.95,1,10,9,32
32,r_135_117_79,seq141,seq123,r_135_117_79,1.0,0,79,79,32
4,r_22_115_44,seq4,seq6,r_22_115_44,0.92,0,44,44,32
34,r_75_96_76,r_41_95_137,seq123,r_75_96_76,1.0,0,76,76,32
9,r_50_3_51,r_94_42_131,seq45,r_50_3_51,1.0,0,51,51,32
75,seq51,r_94_42_131,r_132_69_97,r_132_69_97,1.0,39,136,97,32
35,r_81_24_19,r_90_70_140,r_33_5_26,r_33_5_26,0.99,0,26,26,32
13,r_14_43_147,r_61_107_119,r_119_13_24,r_14_43_147,0.75,-103,44,147,32
22,r_83_80_121,r_113_65_144,r_112_100_136,r_83_80_121,0.85,0,121,121,32
49,r_143_138_127,seq8,seq27,r_143_138_127,0.53,2,129,127,32
7,r_146_38_120,seq109,seq48,r_146_38_120,0.72,1,121,120,32
82,seq77,seq123,r_114_39_18,r_114_39_18,1.0,-1,17,18,32
23,r_144_84_68,r_94_42_131,r_72_62_69,r_144_84_68,0.56,-2,66,68,32
71,seq45,seq147,r_50_3_51,r_50_3_51,1.0,-1,50,51,32
24,r_118_86_33,r_109_1_138,seq24,r_118_86_33,1.0,3,36,33,33
30,r_133_105_1,r_60_129_115,r_33_43_77,r_33_43_77,1.0,53,130,77,33
18,r_100_51_15,seq140,seq47,r_100_51_15,0.74,0,15,15,33
36,r_109_1_138,seq122,seq131,r_109_1_138,0.42,0,138,138,33
29,r_17_146_46,r_60_129_115,seq75,r_17_146_46,1.0,0,46,46,33
8,r_85_21_112,seq140,seq145,r_85_21_112,0.71,0,112,112,33
82,seq75,r_99_42_94,r_17_146_46,r_17_146_46,0.92,0,46,46,33
34,r_76_80_45,seq143,seq31,r_76_80_45,1.0,0,45,45,33
1,r_29_52_76,r_10_127_34,r_39_37_18,r_29_52_76,0.37,-30,46,76,33
71,seq47,r_88_149_103,r_103_18_74,r_103_18_74,0.98,13,87,74,33
16,r_103_18_74,r_19_48_98,seq47,r_103_18_74,1.0,0,74,74,33
21,r_40_78_108,r_66_50_124,r_134_67_63,r_40_78_108,0.91,0,108,108,33
39,r_92_70_113,seq32,seq140,r_92_70_113,0.85,2,115,113,33
93,seq111,seq44,r_55_148_40,r_55_148_40,0.99,-1,39,40,33
19,r_79_97_101,seq107,seq145,r_79_97_101,0.75,0,101,101,33
1,r_29_52_76,r_39_37_18,seq120,r_29_52_76,0.9,0,76,76,33
11,r_39_37_18,r_139_144_84,r_69_38_80,r_39_37_18,0.75,66,84,18,33
38,r_55_148_40,seq8,seq111,r_55_148_40,1.0,0,40,40,33
66,seq31,seq59,r_19_48_98,r_19_48_98,1.0,12,110,98,33
27,r_9_11_51,r_40_78_108,seq54,r_9_11_51,1.0,0,51,51,33
31,r_16_57_79,seq121,seq143,r_16_57_79,0.98,0,79,79,33
41,r_98_36_49,seq15,seq6,r_98_36_49,0.61,11,60,49,33
3,r_13_28_109,seq141,r_60_129_115,r_13_28_109,1.0,0,109,109,33
10,r_19_48_98,r_90_58_114,seq31,r_19_48_98,0.93,0,98,98,33
26,r_66_50_124,seq140,seq75,r_66_50_124,0.99,2,126,124,33
26,r_66_50_124,r_40_78_108,seq140,r_40_78_108,0.84,2,110,108,33
4,r_96_135_105,seq54,seq3,r_96_135_105,0.41,0,105,105,33
32,r_10_127_34,r_29_52_76,seq41,r_29_52_76,1.0,-35,41,76,33
0,r_60_129_115,r_61_14_125,r_93_124_97,r_60_129_115,0.89,5,120,115,33
20,r_69_38_80,seq44,r_46_87_19,r_69_38_80,0.99,1,81,80,33
13,r_82_2_65,seq89,r_46_87_19,r_82_2_65,0.67,5,70,65,33
15,r_130_117_59,seq30,seq56,r_130_117_59,0.96,1,60,59,33
48,r_35_84_93,r_19_48_98,seq126,r_35_84_93,0.85,0,93,93,33
6,r_93_124_97,seq136,seq7,r_93_124_97,1.0,0,97,97,33
62,seq131,r_33_43_77,r_112_132_8,r_33_43_77,0.72,0,77,77,33
37,r_101_72_41,r_133_105_1,seq30,r_101_72_41,1.0,3,44,41,33
2,r_64_25_62,r_19_48_98,seq15,r_64_25_62,1.0,0,62,62,33
74,seq56,seq95,r_130_117_59,r_130_117_59,0.95,2,61,59,33
25,r_61_14_125,r_60_129_115,r_40_78_108,r_61_14_125,0.64,0,125,125,33
33,r_99_42_94,seq111,r_9_11_51,r_99_42_94,0.68,0,94,94,33
50,seq0,r_133_105_1,r_33_43_77,r_33_43_77,0.99,1,78,77,33
42,r_139_144_84,r_39_37_18,r_106_53_73,r_106_53_73,0.84,11,84,73,33
18,r_100_51_15,seq47,r_134_67_63,r_134_67_63,1.0,1,64,63,33
11,r_39_37_18,r_22_137_22,r_139_144_84,r_39_37_18,0.7,2,20,18,33
9,r_33_43_77,seq131,seq0,r_33_43_77,0.85,0,77,77,33
14,r_26_115_30,seq31,seq54,r_26_115_30,1.0,2,32,30,33
96,seq122,r_109_1_138,r_96_135_105,r_109_1_138,0.49,0,138,138,33
28,r_90_58_114,r_19_48_98,r_92_70_113,r_19_48_98,0.85,1,99,98,33
7,r_114_138_50,seq143,seq136,r_114_138_50,1.0,0,50,50,33
49,r_88_149_103,seq3,r_106_53_73,r_106_53_73,0.88,31,104,73,33
44,r_49_20_64,r_13_28_109,r_134_67_63,r_49_20_64,1.0,0,64,64,33
43,r_22_137_22,seq145,seq142,r_22_137_22,0.98,0,22,22,33
23,r_134_67_63,r_64_25_62,r_49_20_64,r_49_20_64,0.76,0,64,64,33
42,r_139_144_84,r_29_52_76,r_39_37_18,r_39_37_18,0.97,0,18,18,33
35,r_116_12_131,seq3,r_112_132_8,r_116_12_131,0.57,4,135,131,33
95,seq121,r_16_57_79,r_112_132_8,r_16_57_79,0.97,-21,58,79,33
12,r_106_53_73,seq140,seq54,r_106_53_73,1.0,1,74,73,33
37,r_2_11_56,r_22_35_68,seq53,r_2_11_56,0.8,0,56,56,34
30,r_22_35_68,seq149,seq71,r_22_35_68,0.99,0,68,68,34
20,r_83_117_12,r_13_115_27,seq74,r_83_117_12,0.6,0,12,12,34
54,seq136,seq67,r_126_86_59,r_126_86_59,1.0,-1,58,59,34
12,r_102_146_37,r_126_86_59,seq111,r_102_146_37,0.92,9,46,37,34
8,r_47_28_86,seq33,r_22_35_68,r_47_28_86,0.67,1,87,86,34
53,seq129,seq142,r_64_29_72,r_64_29_72,1.0,15,87,72,34
80,seq74,r_5_48_133,r_83_117_12,r_83_117_12,0.6,0,12,12,34
43,r_103_98_15,seq30,seq81,r_103_98_15,0.63,-1,14,15,34
46,r_104_95_79,r_140_70_146,seq30,r_104_95_79,0.82,3,82,79,34
66,seq33,r_145_63_71,seq14,r_145_63_71,0.76,-1,70,71,34
89,seq106,r_114_147_107,seq44,r_114_147_107,0.98,-6,101,107,34
15,r_126_86_59,r_102_146_37,seq136,r_126_86_59,0.84,-8,51,59,34
13,r_43_45_124,r_5_48_133,r_145_63_71,r_145_63_71,0.73,55,126,71,34
35,r_41_93_131,r_10_123_57,r_31_21_7,r_10_123_57,0.89,-41,16,57,34
4,r_13_115_27,r_83_117_12,r_41_93_131,r_13_115_27,0.37,104,131,27,34
6,r_46_119_91,r_3_143_82,r_131_77_93,r_3_143_82,0.99,-2,80,82,34
85,seq90,r_56_127_74,r_36_105_22,r_36_105_22,0.73,4,26,22,34
4,r_13_115_27,r_79_133_90,r_83_117_12,r_79_133_90,0.98,-62,28,90,34
24,r_60_32_24,r_27_76_149,r_83_117_12,r_27_76_149,0.89,-125,24,149,34
2,r_3_143_82,r_46_119_91,seq67,r_3_143_82,0.92,0,82,82,34
47,r_137_39_96,seq134,seq15,r_137_39_96,0.44,-34,62,96,34
45,r_12_42_36,seq132,seq23,r_12_42_36,0.96,0,36,36,34
18,r_0_78_135,r_138_26_128,r_56_127_74,r_138_26_128,0.54,7,135,128,34
29,r_7_100_17,r_10_123_57,seq50,r_7_100_17,0.54,0,17,17,34
35,r_41_93_131,r_31_21_7,r_13_115_27,r_41_93_131,0.81,0,131,131,34
25,r_64_29_72,r_5_48_133,seq129,r_64_29_72,0.99,0,72,72,34
65,seq30,r_103_98_15,r_104_95_79,r_104_95_79,0.68,-2,77,79,34
42,r_31_21_7,r_41_93_131,r_139_148_11,r_41_93_131,0.8,0,131,131,34
69,seq49,r_10_123_57,r_27_76_149,r_10_123_57,1.0,-1,56,57,34
77,seq69,r_124_128_94,seq19,r_124_128_94,1.0,-32,62,94,34
34,r_114_147_107,seq106,r_51_9_62,r_114_147_107,0.96,0,107,107,34
1,r_59_65_42,r_140_70_146,r_138_26_128,r_59_65_42,0.86,-4,38,42,34
26,r_52_40_10,r_5_48_133,r_138_26_128,r_5_48_133,0.62,-123,10,133,34
11,r_36_105_22,seq74,seq90,r_36_105_22,0.97,-2,20,22,34
17,r_145_63_71,seq33,r_130_135_8,r_130_135_8,0.57,62,70,8,34
5,r_10_123_57,seq49,seq132,r_10_123_57,1.0,0,57,57,34
22,r_88_80_73,r_85_92_141,seq6,r_88_80_73,1.0,0,73,73,34
44,r_82_97_44,seq72,r_140_70_146,r_82_97_44,1.0,0,44,44,34
63,seq23,r_27_76_149,r_12_42_36,r_12_42_36,1.0,8,44,36,34
27,r_51_9_62,seq54,r_114_147_107,r_114_147_107,1.0,0,107,107,34
26,r_50_64_23,r_49_112_74,r_118_138_27,r_50_64_23,0.9,4,27,23,35
42,r_127_33_70,seq103,seq101,r_127_33_70,0.98,0,70,70,35
36,r_46_12_77,r_42_120_124,r_8_48_80,r_46_12_77,1.0,0,77,77,35
2,r_118_138_27,r_4_96_44,r_50_64_23,r_118_138_27,1.0,0,27,27,35
32,r_2_9_140,r_146_55_19,r_37_22_6,r_2_9_140,0.85,0,140,140,35
22,r_10_129_54,seq24,r_60_98_65,r_10_129_54,1.0,0,54,54,35
45,r_84_26_34,r_82_38_114,seq95,r_84_26_34,0.93,-7,27,34,35
71,seq53,r_42_120_124,seq61,r_42_120_124,0.96,-22,102,124,35
54,seq145,r_99_68_41,r_105_67_37,r_105_67_37,0.75,7,44,37,35
6,r_99_68_41,seq145,seq103,r_99_68_41,0.94,3,44,41,35
69,seq36,r_3_65_125,r_51_141_48,r_51_141_48,0.84,17,65,48,35
41,r_126_91_26,r_117_28_68,seq23,r_126_91_26,0.72,1,27,26,35
49,r_139_19_21,r_146_55_19,r_4_96_44,r_4_96_44,0.86,12,56,44,35
14,r_49_112_74,r_122_70_42,seq133,r_49_112_74,1.0,0,74,74,35
31,r_71_135_136,r_127_33_70,r_117_28_68,r_71_135_136,1.0,-68,68,136,35
37,r_51_141_48,seq145,seq36,r_51_141_48,0.99,0,48,48,35
10,r_42_120_124,seq53,seq137,r_42_120_124,0.97,0,124,124,35
48,r_52_5_14,r_146_55_19,seq23,r_52_5_14,0.78,1,15,14,35
3,r_31_16_30,seq143,seq17,r_31_16_30,1.0,0,30,30,35
35,r_29_45_52,seq80,seq23,r_29_45_52,1.0,1,53,52,35
0,r_72_81_116,seq23,r_51_141_48,r_51_141_48,1.0,68,116,48,35
11,r_88_106_105,seq24,r_107_74_24,r_88_106_105,0.85,0,105,105,35
20,r_109_30_88,r_0_134_137,r_47_116_72,r_109_30_88,0.43,3,91,88,35
13,r_3_65_125,seq83,r_118_138_27,r_3_65_125,0.73,0,125,125,35
12,r_117_28_68,r_71_135_136,seq15,r_117_28_68,0.49,68,136,68,35
28,r_105_67_37,r_47_116_72,seq145,r_105_67_37,1.0,0,37,37,35
4,r_11_87_55,seq78,seq103,r_11_87_55,0.98,0,55,55,35
27,r_63_77_46,seq133,seq34,r_63_77_46,0.98,1,47,46,35
30,r_73_121_57,r_123_125_141,seq101,r_73_121_57,0.99,1,58,57,35
42,r_127_33_70,r_4_96_44,seq103,r_4_96_44,0.98,1,45,44,35
18,r_111_41_89,r_2_9_140,seq142,r_111_41_89,1.0,0,89,89,35
29,r_25_93_121,r_0_134_137,seq53,r_25_93_121,0.77,0,121,121,35
25,r_47_116_72,seq110,seq1,r_47_116_72,0.76,0,72,72,35
14,r_49_112_74,r_50_64_23,r_122_70_42,r_50_64_23,0.9,0,23,23,35
1,r_107_74_24,r_122_70_42,seq124,r_107_74_24,1.0,0,24,24,35
32,r_2_9_140,r_111_41_89,r_146_55_19,r_2_9_140,0.82,-50,90,140,35
52,seq133,r_63_77_46,r_49_112_74,r_49_112_74,0.99,3,77,74,35
34,r_8_48_80,r_136_39_146,r_46_12_77,r_8_48_80,0.76,0,80,80,35
49,r_139_19_21,r_88_106_105,r_146_55_19,r_139_19_21,0.73,0,21,21,35
25,r_47_116_72,seq1,r_109_30_88,r_109_30_88,0.82,-1,87,88,35
60,seq18,r_117_28_68,seq133,r_117_28_68,1.0,0,68,68,35
26,r_50_64_23,r_118_138_27,r_130_62_86,r_130_62_86,1.0,3,89,86,35
21,r_85_94_25,seq13,r_37_22_6,r_85_94_25,1.0,0,25,25,35
38,r_128_102_15,r_88_106_105,r_37_22_6,r_128_102_15,0.85,0,15,15,35
31,r_71_135_136,r_117_28_68,seq147,r_71_135_136,0.77,0,136,136,35
7,r_130_62_86,r_122_70_42,r_50_64_23,r_130_62_86,0.89,0,86,86,35
44,r_149_75_107,r_3_65_125,seq1,r_3_65_125,0.84,-16,109,125,35
16,r_140_131_32,r_50_64_23,r_46_12_77,r_140_131_32,0.55,24,56,32,35
23,r_144_14_67,seq54,r_37_22_6,r_144_14_67,1.0,1,68,67,35
33,r_146_55_19,r_60_98_65,seq132,r_146_55_19,1.0,0,19,19,35
12,r_117_28_68,seq18,r_71_135_136,r_117_28_68,1.0,0,68,68,35
24,r_4_96_44,r_127_33_70,r_139_19_21,r_4_96_44,1.0,1,45,44,35
40,r_39_71_18,r_106_33_114,r_24_83_88,r_24_83_88,0.99,3,91,88,36
8,r_35_32_112,r_130_17_110,seq147,r_35_32_112,0.93,0,112,112,36
43,r_106_33_114,r_140_61_128,r_86_145_120,r_86_145_120,0.88,5,125,120,36
37,r_129_65_62,r_97_51_145,seq43,r_129_65_62,1.0,4,66,62,36
83,seq84,r_139_92_106,r_99_91_26,r_99_91_26,0.99,0,26,26,36
16,r_24_83_88,seq21,r_39_71_18,r_24_83_88,1.0,1,89,88,36
4,r_142_29_48,seq81,seq113,r_142_29_48,0.98,0,48,48,36
26,r_114_49_57,r_130_17_110,r_20_19_129,r_20_19_129,0.82,-19,110,129,36
80,seq80,seq147,r_64_50_39,r_64_50_39,0.87,3,42,39,36
30,r_13_63_22,r_14_8_89,seq87,r_13_63_22,0.63,0,22,22,36
19,r_104_26_73,seq9,r_111_55_27,r_111_55_27,0.91,46,73,27,36
1,r_62_10_19,r_130_17_110,seq119,r_62_10_19,1.0,0,19,19,36
28,r_47_60_63,r_114_49_57,r_75_16_148,r_114_49_57,0.85,1,58,57,36
41,r_78_27_44,r_106_33_114,seq21,r_78_27_44,1.0,-2,42,44,36
12,r_111_55_27,seq125,seq73,r_111_55_27,1.0,0,27,27,36
46,r_117_135_32,r_130_17_110,r_46_44_20,r_117_135_32,0.98,2,34,32,36
3,r_64_50_39,r_24_83_88,seq80,r_64_50_39,0.68,1,40,39,36
36,r_126_108_29,r_64_50_39,seq136,r_126_108_29,1.0,0,29,29,36
92,seq113,seq59,r_142_29_48,r_142_29_48,0.89,6,54,48,36
0,r_38_34_123,r_96_67_125,r_148_31_78,r_38_34_123,0.81,0,123,123,36
63,seq147,seq21,r_35_32_112,r_35_32_112,0.84,1,113,112,36
20,r_54_3_80,seq122,r_30_109_134,r_54_3_80,0.98,-1,79,80,36
13,r_14_8_89,seq73,r_115_7_94,r_14_8_89,0.48,0,89,89,36
6,r_139_92_106,r_20_19_129,r_123_105_5,r_139_92_106,0.71,0,106,106,36
21,r_99_91_26,seq84,r_114_49_57,r_114_49_57,0.78,60,117,57,36
2,r_85_72_76,seq69,r_46_44_20,r_85_72_76,1.0,0,76,76,36
18,r_130_17_110,r_35_32_112,r_2_15_43,r_130_17_110,0.67,0,110,110,36
29,r_140_61_128,r_106_33_114,r_24_83_88,r_24_83_88,1.0,18,106,88,36
25,r_86_145_120,seq18,r_106_33_114,r_86_145_120,0.7,1,121,120,36
21,r_99_91_26,r_38_34_123,seq84,r_99_91_26,1.0,0,26,26,36
40,r_39_71_18,r_111_55_27,r_106_33_114,r_106_33_114,0.9,-96,18,114,36
64,seq21,r_64_50_39,seq116,r_64_50_39,0.96,-1,38,39,36
38,r_148_31_78,r_94_42_132,seq125,r_148_31_78,1.0,-1,77,78,36
34,r_94_42_132,seq87,r_23_77_105,r_94_42_132,0.46,0,132,132,36
24,r_40_134_25,r_52_127_116,seq73,r_40_134_25,0.96,0,25,25,36
9,r_52_127_116,seq18,r_111_55_27,r_52_127_116,0.97,0,116,116,36
7,r_6_128_103,seq102,r_2_15_43,r_6_128_103,0.98,0,103,103,36
44,r_96_67_125,seq76,r_14_8_89,r_96_67_125,0.79,0,125,125,36
35,r_2_15_43,seq125,seq122,r_2_15_43,1.0,0,43,43,36
23,r_110_28_82,r_123_105_5,r_107_132_15,r_110_28_82,0.94,-1,81,82,36
82,seq82,r_130_17_110,r_20_19_129,r_130_17_110,0.44,20,130,110,36
26,r_114_49_57,r_47_60_63,r_130_17_110,r_114_49_57,0.84,1,58,57,36
93,seq111,r_127_24_81,r_16_43_43,r_16_43_43,1.0,31,74,43,37
37,r_122_132_16,r_51_144_24,seq3,r_122_132_16,0.99,0,16,16,37
21,r_23_30_73,seq103,r_99_74_59,r_23_30_73,1.0,1,74,73,37
14,r_140_31_54,r_5_142_130,r_100_85_52,r_5_142_130,0.67,-86,44,130,37
18,r_68_145_26,seq129,seq2,r_68_145_26,1.0,0,26,26,37
30,r_27_28_46,r_121_116_133,r_12_48_71,r_27_28_46,1.0,0,46,46,37
9,r_4_17_41,r_90_92_146,r_0_75_30,r_90_92_146,0.98,-106,40,146,37
31,r_12_48_71,seq50,r_68_145_26,r_68_145_26,0.96,28,54,26,37
41,r_5_142_130,seq65,seq56,r_5_142_130,0.54,0,130,130,37
89,seq102,r_135_80_42,r_23_30_73,r_23_30_73,1.0,15,88,73,37
34,r_117_37_37,r_12_48_71,seq112,r_117_37_37,1.0,1,38,37,37
4,r_55_70_62,seq84,seq50,r_55_70_62,1.0,0,62,62,37
33,r_100_85_52,seq146,r_117_37_37,r_117_37_37,1.0,11,48,37,37
1,r_51_144_24,r_135_80_42,r_47_88_40,r_47_88_40,0.58,17,57,40,37
63,seq25,r_57_6_149,r_78_21_34,r_78_21_34,0.97,61,95,34,37
29,r_99_74_59,seq67,r_47_88_40,r_99_74_59,1.0,0,59,59,37
11,r_40_134_124,seq73,r_95_36_88,r_95_36_88,0.96,36,124,88,37
5,r_60_86_144,r_16_43_43,r_44_33_33,r_16_43_43,0.81,-3,40,43,37
13,r_136_141_91,r_58_42_145,r_44_33_33,r_136_141_91,0.77,-1,90,91,37
15,r_79_13_98,r_52_20_147,r_47_88_40,r_47_88_40,0.77,58,98,40,37
6,r_130_46_67,r_1_11_83,r_90_92_146,r_130_46_67,1.0,0,67,67,37
2,r_133_104_82,seq111,r_4_17_41,r_133_104_82,0.99,1,83,82,37
40,r_47_88_40,seq119,r_51_144_24,r_47_88_40,1.0,0,40,40,37
25,r_69_87_85,seq59,r_55_70_62,r_69_87_85,0.99,0,85,85,37
28,r_18_109_48,r_100_85_52,r_115_101_29,r_18_109_48,1.0,0,48,48,37
3,r_66_72_61,r_93_125_103,seq71,r_66_72_61,0.98,-2,59,61,37
20,r_16_43_43,r_60_86_144,seq111,r_16_43_43,1.0,1,44,43,37
1,r_51_144_24,r_4_17_41,r_135_80_42,r_51_144_24,0.77,0,24,24,37
32,r_32_19_87,seq2,r_23_30_73,r_32_19_87,0.96,0,87,87,37
38,r_95_36_88,seq97,seq96,r_95_36_88,0.94,0,88,88,37
77,seq65,r_5_142_130,seq77,r_5_142_130,0.61,0,130,130,37
75,seq62,r_135_80_42,r_10_53_56,r_10_53_56,0.86,32,88,56,37
39,r_78_21_34,r_12_48_71,seq148,r_78_21_34,1.0,0,34,34,37
17,r_107_15_60,r_135_80_42,seq119,r_107_15_60,1.0,1,61,60,37
27,r_115_101_29,r_133_104_82,r_18_109_48,r_133_104_82,0.51,-9,73,82,37
23,r_0_75_30,r_4_17_41,r_52_20_147,r_52_20_147,1.0,-117,30,147,37
7,r_91_76_35,r_66_72_61,seq22,r_91_76_35,1.0,0,35,35,37
27,r_115_101_29,seq7,r_133_104_82,r_115_101_29,1.0,-1,28,29,37
8,r_10_53_56,seq34,seq62,r_10_53_56,0.93,0,56,56,37
49,r_106_54_94,seq139,r_117_37_37,r_106_54_94,1.0,0,94,94,37
29,r_99_74_59,r_47_88_40,r_23_30_73,r_23_30_73,0.64,16,89,73,37
48,r_44_33_33,seq112,r_60_86_144,r_44_33_33,0.86,-1,32,33,37
44,r_93_125_103,seq41,seq22,r_93_125_103,0.95,0,103,103,37
35,r_45_8_129,seq35,seq62,r_45_8_129,0.63,0,129,129,37
93,seq109,r_13_122_117,seq132,r_13_122_117,0.78,0,117,117,38
36,r_5_149_129,seq23,seq137,r_5_149_129,0.34,2,131,129,38
33,r_51_61_121,seq148,r_37_105_85,r_37_105_85,0.98,0,85,85,38
14,r_81_9_70,r_133_135_133,r_93_3_58,r_81_9_70,0.97,-1,69,70,38
8,r_129_106_80,r_67_104_99,seq4,r_129_106_80,0.67,-1,79,80,38
54,seq137,r_146_101_73,r_115_28_10,r_146_101_73,0.79,0,73,73,38
37,r_103_16_106,r_27_7_95,r_24_48_79,r_103_16_106,0.91,-1,105,106,38
86,seq88,r_56_108_65,seq147,r_56_108_65,1.0,-2,63,65,38
16,r_18_8_96,seq87,r_110_86_137,r_18_8_96,0.98,1,97,96,38
21,r_128_58_77,r_0_71_87,r_53_127_105,r_53_127_105,0.53,-28,77,105,38
42,r_67_104_99,seq102,r_50_47_82,r_67_104_99,0.93,0,99,99,38
35,r_37_105_85,r_51_61_121,r_56_108_65,r_51_61_121,0.97,0,121,121,38
48,r_55_54_41,r_51_61_121,seq26,r_55_54_41,1.0,0,41,41,38
38,r_59_100_36,r_84_31_84,seq68,r_59_100_36,0.83,-1,35,36,38
10,r_111_39_72,seq26,r_74_95_19,r_111_39_72,0.48,-3,69,72,38
26,r_139_123_97,r_90_2_109,seq19,r_139_123_97,0.81,0,97,97,38
72,seq49,r_0_71_87,seq117,r_0_71_87,1.0,-2,85,87,38
0,r_84_31_84,r_14_43_140,r_146_101_73,r_14_43_140,1.0,-55,85,140,38
73,seq132,seq109,r_112_20_81,r_112_20_81,1.0,10,91,81,38
11,r_85_76_101,seq63,r_129_106_80,r_85_76_101,1.0,0,101,101,38
39,r_134_120_48,r_18_8_96,seq4,r_134_120_48,0.99,1,49,48,38
20,r_62_144_122,seq79,r_45_83_68,r_62_144_122,0.54,0,122,122,38
13,r_13_122_117,seq109,r_110_86_137,r_13_122_117,0.89,0,117,117,38
33,r_51_61_121,r_55_54_41,seq148,r_55_54_41,0.76,0,41,41,38
15,r_24_48_79,seq94,seq32,r_24_48_79,0.98,0,79,79,38
6,r_121_64_86,r_110_86_137,seq57,r_121_64_86,0.88,1,87,86,38
30,r_114_131_40,r_118_136_132,r_14_43_140,r_114_131_40,1.0,0,40,40,38
27,r_38_66_123,seq23,r_113_92_89,r_113_92_89,0.73,34,123,89,38
30,r_114_131_40,r_14_43_140,r_0_71_87,r_0_71_87,0.81,53,140,87,38
4,r_74_95_19,r_77_41_43,seq25,r_74_95_19,1.0,0,19,19,38
49,r_126_89_21,r_18_8_96,r_74_95_19,r_126_89_21,1.0,4,25,21,38
2,r_90_2_109,seq15,seq102,r_90_2_109,0.58,1,110,109,38
47,r_133_135_133,seq60,seq40,r_133_135_133,0.43,0,133,133,38
40,r_27_7_95,r_103_16_106,seq79,r_103_16_106,0.98,-21,85,106,38
18,r_146_101_73,seq137,seq75,r_146_101_73,0.88,0,73,73,38
29,r_0_71_87,seq49,r_114_131_40,r_0_71_87,0.97,0,87,87,38
25,r_65_72_113,seq79,r_55_54_41,r_55_54_41,0.84,73,114,41,38
19,r_14_43_140,r_84_31_84,r_114_131_40,r_114_131_40,0.96,1,41,40,38
39,r_134_120_48,seq4,r_56_108_65,r_56_108_65,0.8,6,71,65,38
32,r_141_69_69,r_146_101_73,seq87,r_141_69_69,0.91,0,69,69,38
33,r_51_61_121,r_37_105_85,r_110_86_137,r_51_61_121,1.0,0,121,121,38
34,r_112_20_81,seq32,seq132,r_112_20_81,0.96,0,81,81,38
46,r_115_28_10,seq4,seq137,r_115_28_10,0.92,0,10,10,38
43,r_93_3_58,r_128_58_77,seq94,r_93_3_58,1.0,1,59,58,38
17,r_118_136_132,seq11,r_141_69_69,r_118_136_132,0.65,1,133,132,38
9,r_50_47_82,r_103_16_106,seq148,r_50_47_82,1.0,0,82,82,38
28,r_119_52_93,seq117,seq88,r_119_52_93,0.61,0,93,93,38
7,r_56_108_65,seq88,r_134_120_48,r_56_108_65,0.75,0,65,65,38
44,r_45_83_68,r_38_66_123,r_55_54_41,r_55_54_41,0.86,22,63,41,38
23,r_53_127_105,r_141_69_69,r_128_58_77,r_53_127_105,0.94,-29,76,105,38
41,r_91_145_54,r_24_48_79,seq34,r_91_145_54,0.97,1,55,54,38
35,r_37_105_85,seq68,r_51_61_121,r_37_105_85,0.91,0,85,85,38
12,r_113_92_89,r_14_43_140,r_59_100_36,r_113_92_89,0.53,1,90,89,38
14,r_97_102_82,r_33_34_116,seq136,r_97_102_82,1.0,1,83,82,39
32,r_43_12_29,seq2,r_0_39_67,r_43_12_29,0.99,2,31,29,39
42,r_106_55_57,r_3_27_108,r_123_46_122,r_106_55_57,1.0,0,57,57,39
20,r_0_39_67,r_21_18_48,r_43_12_29,r_0_39_67,0.94,-28,39,67,39
54,seq6,seq74,r_88_93_101,r_88_93_101,0.49,4,105,101,39
16,r_26_36_60,seq138,r_139_41_23,r_139_41_23,0.79,39,62,23,39
39,r_48_105_110,seq54,r_26_36_60,r_48_105_110,0.95,0,110,110,39
1,r_120_86_129,seq135,r_108_69_13,r_120_86_129,0.71,0,129,129,39
20,r_0_39_67,r_43_12_29,seq56,r_0_39_67,0.71,0,67,67,39
21,r_139_41_23,seq79,seq52,r_139_41_23,0.99,-1,22,23,39
19,r_126_68_77,r_49_78_99,seq136,r_126_68_77,0.89,4,81,77,39
31,r_3_27_108,seq42,r_20_10_89,r_3_27_108,0.51,0,108,108,39
41,r_148_57_83,seq79,r_94_11_117,r_148_57_83,0.95,0,83,83,39
15,r_30_101_20,seq134,r_145_58_6,r_30_101_20,1.0,0,20,20,39
3,r_40_17_115,seq38,seq129,r_40_17_115,0.96,1,116,115,39
9,r_137_65_139,r_61_75_73,r_53_121_143,r_137_65_139,0.87,0,139,139,39
78,seq54,r_48_105_110,seq1,r_48_105_110,0.95,0,110,110,39
0,r_61_75_73,r_120_86_129,seq98,r_61_75_73,0.97,2,75,73,39
45,r_13_100_35,r_137_65_139,seq31,r_13_100_35,0.99,0,35,35,39
11,r_142_89_85,r_53_121_143,r_23_113_11,r_53_121_143,0.58,-56,87,143,39
13,r_33_34_116,r_123_46_122,r_13_100_35,r_123_46_122,0.87,-5,117,122,39
48,r_94_11_117,r_120_86_129,seq14,r_120_86_129,0.51,-12,117,129,39
32,r_43_12_29,r_0_39_67,r_99_92_149,r_0_39_67,0.54,0,67,67,39
6,r_44_50_96,r_49_78_99,r_106_55_57,r_49_78_99,1.0,-2,97,99,39
18,r_145_58_6,r_61_75_73,r_30_101_20,r_145_58_6,0.85,17,23,6,39
35,r_76_116_51,r_33_34_116,r_131_81_18,r_76_116_51,0.98,3,54,51,39
4,r_127_110_52,r_88_93_101,r_21_18_48,r_21_18_48,0.99,7,55,48,39
27,r_147_112_62,seq77,seq146,r_147_112_62,0.98,0,62,62,39
33,r_131_81_18,r_137_65_139,r_84_85_32,r_84_85_32,0.61,1,33,32,39
12,r_21_18_48,r_0_39_67,r_95_90_12,r_95_90_12,0.97,36,48,12,39
40,r_83_132_128,seq52,r_33_34_116,r_33_34_116,0.54,12,128,116,39
41,r_148_57_83,r_94_11_117,r_5_73_102,r_148_57_83,0.51,37,120,83,39
74,seq45,r_5_73_102,seq8,r_5_73_102,1.0,0,102,102,39
29,r_49_78_99,r_44_50_96,seq2,r_44_50_96,0.97,0,96,96,39
43,r_111_149_31,seq35,seq42,r_111_149_31,0.63,0,31,31,39
25,r_64_80_100,r_95_90_12,r_106_55_57,r_95_90_12,0.98,88,100,12,39
58,seq130,r_88_93_101,r_53_121_143,r_88_93_101,0.55,-3,98,101,39
42,r_106_55_57,r_123_46_122,r_44_50_96,r_106_55_57,0.97,69,126,57,39
44,r_82_118_36,seq67,seq135,r_82_118_36,0.67,1,37,36,39
34,r_5_73_102,seq45,seq115,r_5_73_102,0.59,0,102,102,39
46,r_22_107_45,r_133_9_114,r_30_101_20,r_22_107_45,0.78,5,50,45,39
33,r_131_81_18,seq74,r_137_65_139,r_131_81_18,0.73,0,18,18,39
5,r_96_37_38,seq122,seq42,r_96_37_38,0.88,0,38,38,39
9,r_137_65_139,r_123_46_122,r_61_75_73,r_61_75_73,0.99,54,127,73,39
17,r_108_69_13,r_61_75_73,r_123_46_122,r_108_69_13,0.72,0,13,13,39
22,r_95_90_12,r_64_80_100,r_21_18_48,r_95_90_12,0.99,88,100,12,39
28,r_124_28_95,seq72,r_97_102_82,r_97_102_82,1.0,15,97,82,39
91,seq98,r_123_46_122,r_61_75_73,r_61_75_73,0.96,54,127,73,39
24,r_84_85_32,r_94_11_117,r_131_81_18,r_84_85_32,0.94,0,32,32,39
49,r_88_93_101,seq130,seq6,r_88_93_101,0.49,9,110,101,39
7,r_20_10_89,r_83_132_128,r_3_27_108,r_83_132_128,0.73,-21,107,128,39
23,r_123_46_122,r_137_65_139,seq35,r_123_46_122,0.69,0,122,122,39
17,r_108_69_13,r_123_46_122,r_61_75_73,r_61_75_73,0.95,54,127,73,39
79,seq56,r_88_93_101,r_0_39_67,r_0_39_67,1.0,3,70,67,39
93,seq107,seq149,r_89_67_125,r_89_67_125,0.93,3,128,125,40
36,r_119_113_110,r_25_136_129,seq59,r_119_113_110,0.85,0,110,110,40
32,r_148_35_105,seq58,r_21_4_9,r_148_35_105,0.95,2,107,105,40
38,r_97_123_53,seq115,r_72_134_45,r_97_123_53,1.0,0,53,53,40
14,r_54_31_136,r_108_63_142,r_93_47_38,r_54_31_136,0.58,0,136,136,40
43,r_55_51_108,seq84,r_6_52_62,r_55_51_108,0.77,0,108,108,40
29,r_25_136_129,r_21_4_9,r_98_99_109,r_25_136_129,0.82,0,129,129,40
37,r_46_128_34,r_147_48_121,seq71,r_46_128_34,0.96,1,35,34,40
30,r_141_104_39,r_72_134_45,seq118,r_141_104_39,1.0,0,39,39,40
16,r_106_117_83,seq127,r_102_37_77,r_106_117_83,0.97,1,84,83,40
21,r_6_52_62,seq65,seq121,r_6_52_62,0.94,1,63,62,40
39,r_100_85_135,seq84,r_109_124_90,r_109_124_90,0.78,40,130,90,40
1,r_91_82_126,r_15_34_92,seq19,r_15_34_92,0.55,35,127,92,40
46,r_89_67_125,seq32,seq107,r_89_67_125,0.78,0,125,125,40
42,r_61_142_75,seq127,seq143,r_61_142_75,1.0,0,75,75,40
45,r_111_77_26,r_88_105_22,r_44_70_79,r_44_70_79,0.66,-5,74,79,40
21,r_6_52_62,seq121,r_55_51_108,r_55_51_108,1.0,3,111,108,40
33,r_21_4_9,r_25_136_129,r_109_124_90,r_25_136_129,0.93,0,129,129,40
27,r_18_114_69,r_74_79_13,r_44_70_79,r_44_70_79,0.45,23,102,79,40
71,seq42,r_109_124_90,r_74_79_13,r_74_79_13,1.0,0,13,13,40
3,r_49_126_42,seq5,seq68,r_49_126_42,0.72,2,44,42,40
31,r_16_78_104,seq71,seq144,r_16_78_104,0.96,0,104,104,40
41,r_15_34_92,r_91_82_126,seq56,r_15_34_92,0.73,0,92,92,40
89,seq90,r_27_9_58,r_76_17_99,r_76_17_99,0.53,23,122,99,40
10,r_2_57_139,seq94,r_116_87_1,r_2_57_139,0.23,-1,138,139,40
90,seq94,r_139_140_117,r_2_57_139,r_139_140_117,0.92,2,119,117,40
13,r_98_99_109,seq43,seq130,r_98_99_109,0.87,1,110,109,40
15,r_81_33_94,seq43,r_28_137_6,r_81_33_94,0.99,0,94,94,40
57,seq11,r_7_73_122,r_8_14_60,r_8_14_60,0.77,61,121,60,40
6,r_7_73_122,seq11,r_27_9_58,r_7_73_122,0.62,-1,121,122,40
27,r_18_114_69,r_91_82_126,r_74_79_13,r_18_114_69,0.99,1,70,69,40
48,r_41_24_23,r_88_105_22,seq121,r_41_24_23,1.0,-1,22,23,40
40,r_116_87_1,r_129_0_74,seq131,r_129_0_74,1.0,3,77,74,40
18,r_129_0_74,r_116_87_1,r_41_24_23,r_129_0_74,1.0,3,77,74,40
29,r_25_136_129,r_119_113_110,r_21_4_9,r_119_113_110,0.9,0,110,110,40
24,r_3_80_63,seq62,seq133,r_3_80_63,0.56,14,77,63,40
25,r_66_145_87,seq71,seq58,r_66_145_87,0.84,2,89,87,40
47,r_72_134_45,seq65,r_97_123_53,r_97_123_53,0.99,24,77,53,40
32,r_148_35_105,r_109_124_90,seq58,r_109_124_90,0.78,-31,59,90,40
52,seq131,r_44_70_79,seq60,r_44_70_79,0.86,0,79,79,40
19,r_110_12_50,r_6_52_62,seq36,r_110_12_50,0.99,0,50,50,40
34,r_20_92_106,r_108_63_142,seq101,r_20_92_106,0.81,3,109,106,40
7,r_74_79_13,r_141_104_39,seq42,r_74_79_13,0.69,0,13,13,40
26,r_88_105_22,r_111_77_26,seq86,r_88_105_22,0.84,0,22,22,40
0,r_93_47_38,r_15_34_92,seq132,r_93_47_38,0.72,0,38,38,40
47,r_72_134_45,r_141_104_39,seq65,r_141_104_39,0.8,0,39,39,40
17,r_44_70_79,seq131,seq83,r_44_70_79,0.97,0,79,79,40
9,r_13_120_19,r_91_82_126,seq45,r_13_120_19,0.75,53,72,19,40
26,r_88_105_22,seq86,r_76_17_99,r_76_17_99,1.0,3,102,99,40
22,r_8_14_60,r_108_63_142,r_141_104_39,r_8_14_60,1.0,1,61,60,40
49,r_102_37_77,seq1,seq122,r_102_37_77,1.0,1,78,77,40
44,r_139_140_117,seq94,seq39,r_139_140_117,0.91,0,117,117,40
23,r_76_17_99,seq68,r_88_105_22,r_76_17_99,0.8,0,99,99,40
93,seq113,r_61_139_80,seq22,r_61_139_80,0.55,18,98,80,41
36,r_103_74_64,seq76,seq78,r_103_74_64,1.0,0,64,64,41
47,r_68_37_65,r_144_140_4,r_141_27_105,r_141_27_105,0.95,3,108,105,41
25,r_47_69_92,r_79_14_52,seq26,r_47_69_92,0.48,-74,18,92,41
49,r_135_64_44,r_70_36_46,seq59,r_135_64_44,1.0,0,44,44,41
15,r_83_48_14,seq49,seq76,r_83_48_14,0.91,0,14,14,41
14,r_51_118_125,r_138_108_142,seq58,r_138_108_142,0.46,-17,125,142,41
53,seq8,r_56_77_127,seq0,r_56_77_127,0.99,-26,101,127,41
43,r_53_145_113,seq26,r_31_72_19,r_53_145_113,0.77,0,113,113,41
3,r_7_149_26,r_16_24_148,seq19,r_7_149_26,0.53,0,26,26,41
37,r_132_1_126,seq134,r_70_36_46,r_70_36_46,0.61,80,126,46,41
52,seq6,seq76,r_70_36_46,r_70_36_46,1.0,0,46,46,41
59,seq19,r_82_50_99,r_66_88_36,r_66_88_36,0.8,65,101,36,41
10,r_105_148_24,r_42_84_139,seq41,r_105_148_24,0.52,2,26,24,41
71,seq52,r_2_89_103,r_133_45_86,r_2_89_103,0.99,-12,91,103,41
21,r_65_54_110,seq26,seq38,r_65_54_110,0.69,0,110,110,41
39,r_98_142_94,r_82_50_99,seq120,r_82_50_99,1.0,-3,96,99,41
5,r_81_43_90,r_121_114_2,r_33_85_61,r_81_43_90,1.0,0,90,90,41
46,r_18_32_106,seq124,seq59,r_18_32_106,0.99,1,107,106,41
42,r_129_111_131,seq22,r_135_64_44,r_135_64_44,0.58,87,131,44,41
77,seq63,seq67,r_126_96_42,r_126_96_42,1.0,4,46,42,41
16,r_126_96_42,r_61_139_80,seq63,r_126_96_42,1.0,0,42,42,41
41,r_33_85_61,seq62,seq12,r_33_85_61,1.0,1,62,61,41
17,r_25_123_40,r_51_118_125,seq30,r_25_123_40,1.0,0,40,40,41
0,r_136_117_83,r_39_131_140,seq137,r_136_117_83,1.0,0,83,83,41
11,r_87_95_82,seq75,seq78,r_87_95_82,0.68,1,83,82,41
18,r_66_88_36,seq62,seq19,r_66_88_36,1.0,0,36,36,41
48,r_42_84_139,r_122_93_145,r_129_111_131,r_122_93_145,0.63,-6,139,145,41
27,r_102_146_95,r_53_145_113,r_61_139_80,r_102_146_95,1.0,0,95,95,41
2,r_21_128_53,r_2_89_103,seq124,r_2_89_103,0.98,-59,44,103,41
47,r_68_37_65,r_127_90_143,r_144_140_4,r_68_37_65,0.97,0,65,65,41
40,r_29_11_108,r_129_111_131,seq59,r_29_11_108,0.51,0,108,108,41
12,r_34_104_39,seq40,seq13,r_34_104_39,1.0,0,39,39,41
58,seq15,r_82_50_99,r_66_88_36,r_66_88_36,0.7,65,101,36,41
65,seq134,r_132_1_126,r_4_112_72,r_4_112_72,1.0,6,78,72,41
20,r_20_46_47,r_4_112_72,seq58,r_20_46_47,0.83,-3,44,47,41
24,r_31_72_19,seq12,seq23,r_31_72_19,0.97,0,19,19,41
32,r_17_100_74,seq78,r_31_72_19,r_17_100_74,1.0,1,75,74,41
29,r_119_9_49,seq0,seq26,r_119_9_49,0.85,3,52,49,41
34,r_3_109_112,seq124,r_66_88_36,r_3_109_112,0.67,0,112,112,41
13,r_70_36_46,r_18_32_106,seq6,r_70_36_46,1.0,0,46,46,41
25,r_47_69_92,seq26,r_4_112_72,r_47_69_92,0.66,0,92,92,41
9,r_4_112_72,seq12,seq130,r_4_112_72,1.0,0,72,72,41
7,r_61_139_80,seq113,seq75,r_61_139_80,0.96,0,80,80,41
23,r_82_50_99,r_98_142_94,seq49,r_82_50_99,0.74,-3,96,99,41
76,seq62,r_66_88_36,r_144_140_4,r_66_88_36,1.0,-4,32,36,41
55,seq10,r_70_36_46,seq22,r_70_36_46,0.89,-22,24,46,41
30,r_71_103_95,seq7,seq65,r_71_103_95,0.77,2,97,95,42
36,r_49_18_133,seq7,seq9,r_49_18_133,0.5,0,133,133,42
5,r_90_76_26,r_80_99_77,seq127,r_90_76_26,1.0,0,26,26,42
8,r_62_125_93,seq146,seq56,r_62_125_93,1.0,0,93,93,42
68,seq50,seq5,r_104_43_54,r_104_43_54,1.0,-4,50,54,42
37,r_93_1_118,seq118,r_73_69_60,r_73_69_60,0.87,58,118,60,42
20,r_68_137_80,seq7,r_22_23_25,r_22_23_25,0.46,15,40,25,42
59,seq146,r_62_125_93,r_145_39_17,r_62_125_93,0.95,0,93,93,42
39,r_54_31_124,seq144,seq139,r_54_31_124,0.83,0,124,124,42
46,r_85_26_120,seq27,r_66_136_10,r_85_26_120,0.47,2,122,120,42
42,r_34_38_129,seq118,r_66_136_10,r_34_38_129,0.46,-57,72,129,42
14,r_70_6_41,r_77_0_73,r_58_14_109,r_70_6_41,1.0,0,41,41,42
45,r_58_14_109,seq129,r_10_72_33,r_58_14_109,0.72,0,109,109,42
32,r_8_95_45,r_42_20_121,seq7,r_8_95_45,1.0,2,47,45,42
19,r_66_136_10,seq120,r_110_75_19,r_110_75_19,0.96,0,19,19,42
38,r_100_32_23,r_25_46_78,r_22_23_25,r_100_32_23,0.51,8,31,23,42
7,r_126_61_59,seq7,r_134_41_14,r_126_61_59,1.0,0,59,59,42
25,r_110_75_19,seq9,r_66_136_10,r_110_75_19,1.0,-2,17,19,42
26,r_77_0_73,r_49_18_133,r_78_148_70,r_77_0_73,0.95,2,75,73,42
14,r_70_6_41,r_58_14_109,seq57,r_58_14_109,0.98,0,109,109,42
21,r_113_101_12,r_87_142_56,r_91_112_16,r_113_101_12,0.98,1,13,12,42
49,r_108_47_136,seq143,r_25_46_78,r_108_47_136,0.98,0,136,136,42
54,seq9,r_110_75_19,seq5,r_110_75_19,0.72,-6,13,19,42
0,r_80_99_77,r_98_59_135,seq83,r_80_99_77,0.58,26,103,77,42
48,r_98_59_135,seq94,r_107_123_128,r_107_123_128,0.65,10,138,128,42
20,r_68_137_80,r_22_23_25,seq111,r_68_137_80,1.0,0,80,80,42
6,r_13_24_85,seq139,seq111,r_13_24_85,1.0,0,85,85,42
27,r_73_69_60,r_13_24_85,r_8_95_45,r_73_69_60,0.98,1,61,60,42
29,r_105_141_36,r_80_99_77,seq7,r_105_141_36,0.81,0,36,36,42
31,r_21_81_15,r_104_43_54,r_67_138_113,r_21_81_15,0.69,-1,14,15,42
41,r_67_138_113,r_21_81_15,r_80_99_77,r_67_138_113,0.42,0,113,113,42
47,r_86_122_83,seq63,r_135_17_51,r_86_122_83,1.0,3,86,83,42
40,r_128_124_72,seq19,seq57,r_128_124_72,0.99,0,72,72,42
23,r_145_39_17,r_87_142_56,seq146,r_145_39_17,0.98,0,17,17,42
24,r_52_15_90,seq147,r_90_76_26,r_52_15_90,0.99,0,90,90,42
88,seq97,r_22_23_25,seq83,r_22_23_25,0.83,-3,22,25,42
65,seq35,r_102_2_82,seq130,r_102_2_82,1.0,1,83,82,42
2,r_104_43_54,seq7,seq50,r_104_43_54,1.0,0,54,54,42
34,r_36_33_130,seq16,r_71_103_95,r_36_33_130,0.44,2,132,130,42
75,seq65,r_98_59_135,r_71_103_95,r_71_103_95,0.65,5,100,95,42
17,r_22_23_25,r_68_137_80,r_100_32_23,r_68_137_80,1.0,0,80,80,42
9,r_102_2_82,seq35,seq57,r_102_2_82,0.98,1,83,82,42
96,seq118,r_93_1_118,r_66_136_10,r_93_1_118,0.6,0,118,118,42
31,r_21_81_15,r_67_138_113,seq120,r_21_81_15,0.37,120,135,15,42
18,r_134_41_14,r_52_15_90,seq5,r_134_41_14,0.82,-4,10,14,42
22,r_78_148_70,seq92,r_77_0_73,r_78_148_70,0.93,3,73,70,42
28,r_30_45_31,r_67_138_113,seq11,r_30_45_31,0.92,0,31,31,42
10,r_91_112_16,seq7,r_113_101_12,r_91_112_16,0.68,39,55,16,42
91,seq111,r_54_31_124,r_13_24_85,r_13_24_85,0.93,8,93,85,42
49,r_108_47_136,r_25_46_78,seq143,r_25_46_78,0.83,0,78,78,42
3,r_87_142_56,seq51,seq57,r_87_142_56,0.96,0,56,56,42
4,r_10_72_33,seq149,seq5,r_10_72_33,1.0,0,33,33,42
44,r_25_46_78,r_108_47_136,seq57,r_25_46_78,0.86,0,78,78,42
41,r_67_138_113,r_30_45_31,r_21_81_15,r_67_138_113,0.5,-82,31,113,42
17,r_22_23_25,seq97,r_68_137_80,r_22_23_25,0.94,0,25,25,42
35,r_132_131_123,seq130,seq37,r_132_131_123,0.61,2,125,123,42
12,r_107_123_128,seq92,r_73_69_60,r_107_123_128,0.58,-7,121,128,42
30,r_100_148_124,seq144,r_70_2_12,r_100_148_124,0.85,1,125,124,43
36,r_82_92_114,r_124_125_130,seq147,r_82_92_114,0.91,0,114,114,43
46,r_124_125_130,seq79,r_59_121_31,r_124_125_130,0.76,0,130,130,43
14,r_129_84_136,r_95_142_138,r_82_92_114,r_82_92_114,0.67,24,138,114,43
41,r_40_83_49,seq145,r_129_84_136,r_40_83_49,1.0,0,49,49,43
43,r_65_57_83,r_100_148_124,seq135,r_65_57_83,1.0,1,84,83,43
83,seq77,r_76_73_63,r_17_64_95,r_76_73_63,1.0,0,63,63,43
37,r_68_3_134,seq60,seq149,r_68_3_134,0.67,0,134,134,43
21,r_140_105_123,seq55,r_8_127_102,r_140_105_123,0.52,2,125,123,43
1,r_58_78_113,r_129_84_136,r_87_19_80,r_87_19_80,0.82,33,113,80,43
46,r_124_125_130,r_82_92_114,seq79,r_82_92_114,1.0,0,114,114,43
80,seq71,r_58_78_113,r_40_83_49,r_40_83_49,0.92,47,96,49,43
19,r_52_27_105,r_47_113_120,r_88_106_79,r_88_106_79,0.55,26,105,79,43
28,r_123_11_59,r_107_101_94,seq133,r_123_11_59,0.81,-1,58,59,43
66,seq25,r_52_27_105,r_70_2_12,r_52_27_105,1.0,-3,102,105,43
38,r_59_121_31,seq149,seq60,r_59_121_31,1.0,0,31,31,43
31,r_48_72_4,r_87_19_80,r_10_136_36,r_48_72_4,0.98,77,81,4,43
16,r_50_54_29,r_40_83_49,seq144,r_50_54_29,0.98,0,29,29,43
31,r_48_72_4,r_10_136_36,r_62_80_99,r_62_80_99,0.8,11,110,99,43
8,r_89_0_14,r_112_119_2,r_131_39_7,r_89_0_14,1.0,0,14,14,43
12,r_13_110_27,seq133,r_82_92_114,r_13_110_27,1.0,0,27,27,43
34,r_41_9_39,r_107_101_94,seq55,r_41_9_39,1.0,-1,38,39,43
26,r_62_80_99,r_8_127_102,r_48_72_4,r_62_80_99,0.98,0,99,99,43
4,r_14_5_133,r_130_42_145,r_116_98_116,r_116_98_116,0.61,18,134,116,43
45,r_4_146_28,r_116_98_116,seq35,r_4_146_28,0.89,-4,24,28,43
3,r_10_136_36,r_88_106_79,r_48_72_4,r_10_136_36,1.0,0,36,36,43
5,r_69_6_40,seq29,seq91,r_69_6_40,1.0,0,40,40,43
20,r_47_113_120,r_70_2_12,r_130_42_145,r_47_113_120,0.82,0,120,120,43
83,seq77,r_17_64_95,r_40_83_49,r_17_64_95,0.78,-13,82,95,43
15,r_95_142_138,r_129_84_136,r_76_73_63,r_76_73_63,1.0,75,138,63,43
48,r_70_2_12,r_47_113_120,seq25,r_47_113_120,0.94,0,120,120,43
12,r_13_110_27,r_82_92_114,r_76_73_63,r_13_110_27,0.97,52,79,27,43
6,r_107_101_94,r_47_113_120,r_63_104_88,r_107_101_94,0.78,0,94,94,43
23,r_131_39_7,r_4_146_28,r_89_0_14,r_89_0_14,0.84,1,15,14,43
2,r_116_98_116,r_131_39_7,seq132,r_116_98_116,0.6,0,116,116,43
41,r_40_83_49,r_129_84_136,seq77,r_40_83_49,0.56,90,139,49,43
29,r_63_104_88,r_56_51_72,r_107_101_94,r_107_101_94,1.0,12,106,94,43
24,r_1_108_75,r_130_42_145,seq79,r_1_108_75,1.0,0,75,75,43
25,r_122_99_73,seq35,seq86,r_122_99_73,1.0,0,73,73,43
33,r_56_51_72,seq31,r_24_37_15,r_56_51_72,0.95,-2,70,72,43
11,r_24_37_15,r_122_99_73,r_89_0_14,r_24_37_15,0.98,1,16,15,43
56,seq138,r_10_136_36,r_24_37_15,r_10_136_36,0.91,2,38,36,43
32,r_87_19_80,r_48_72_4,r_41_9_39,r_87_19_80,0.99,2,82,80,43
77,seq61,r_116_98_116,r_8_127_102,r_8_127_102,0.6,4,106,102,43
75,seq55,r_140_105_123,r_87_19_80,r_87_19_80,1.0,11,91,80,43
35,r_17_64_95,seq71,r_114_12_70,r_17_64_95,0.63,0,95,95,43
60,seq144,r_53_74_132,r_114_12_70,r_114_12_70,1.0,0,70,70,43
9,r_76_73_63,seq77,r_13_110_27,r_76_73_63,1.0,0,63,63,43
22,r_88_106_79,seq138,seq93,r_88_106_79,0.8,0,79,79,43
35,r_17_64_95,r_76_73_63,seq71,r_76_73_63,0.98,-23,40,63,43
49,r_8_127_102,r_62_80_99,seq61,r_8_127_102,0.99,0,102,102,43
7,r_114_12_70,r_58_78_113,seq144,r_114_12_70,1.0,0,70,70,43
76,seq60,r_62_80_99,r_59_121_31,r_59_121_31,0.74,1,32,31,43
87,seq80,seq1,r_0_37_32,r_0_37_32,0.82,-4,28,32,44
43,r_98_125_119,seq117,r_86_122_75,r_86_122_75,0.9,52,127,75,44
25,r_48_135_23,r_124_65_41,r_141_45_140,r_48_135_23,0.99,1,24,23,44
83,seq129,r_124_65_41,r_92_143_97,r_92_143_97,0.94,0,97,97,44
37,r_31_113_71,seq18,seq1,r_31_113_71,0.58,3,74,71,44
13,r_87_104_42,seq123,seq22,r_87_104_42,0.88,3,45,42,44
16,r_25_67_80,seq19,r_71_16_65,r_25_67_80,0.97,0,80,80,44
21,r_138_32_74,r_116_133_107,r_43_8_40,r_138_32_74,0.52,0,74,74,44
1,r_41_91_69,r_25_67_80,r_68_120_16,r_41_91_69,0.87,0,69,69,44
5,r_59_95_144,r_71_16_65,r_78_107_57,r_78_107_57,0.68,21,78,57,44
6,r_134_115_56,seq50,r_147_108_113,r_134_115_56,0.9,0,56,56,44
18,r_70_73_34,seq39,seq30,r_70_73_34,0.98,1,35,34,44
19,r_147_108_113,r_52_53_79,r_134_115_56,r_147_108_113,0.66,-39,74,113,44
30,r_84_127_45,seq17,seq20,r_84_127_45,0.81,1,46,45,44
33,r_90_64_55,r_128_38_86,seq19,r_90_64_55,1.0,0,55,55,44
42,r_78_107_57,seq145,r_59_95_144,r_78_107_57,0.74,1,58,57,44
95,seq117,r_98_125_119,r_41_91_69,r_41_91_69,1.0,58,127,69,44
14,r_58_24_26,r_52_53_79,r_88_3_149,r_58_24_26,0.57,7,33,26,44
31,r_9_77_91,seq26,seq145,r_9_77_91,0.99,0,91,91,44
41,r_14_89_116,seq74,seq26,r_14_89_116,0.77,0,116,116,44
3,r_62_61_130,seq55,r_6_136_12,r_62_61_130,0.56,1,131,130,44
71,seq146,seq1,r_0_37_32,r_0_37_32,0.57,6,38,32,44
10,r_130_148_125,r_6_136_12,r_70_73_34,r_130_148_125,0.56,1,126,125,44
57,seq144,r_85_10_99,r_68_120_16,r_68_120_16,1.0,1,17,16,44
39,r_124_65_41,seq129,seq12,r_124_65_41,0.82,4,45,41,44
15,r_66_82_5,seq137,r_85_10_99,r_85_10_99,0.41,11,110,99,44
0,r_88_3_149,seq54,r_58_24_26,r_58_24_26,0.98,0,26,26,44
8,r_140_51_15,seq80,r_96_142_25,r_140_51_15,0.99,10,25,15,44
45,r_96_142_25,r_138_32_74,r_140_51_15,r_96_142_25,0.94,0,25,25,44
22,r_13_46_30,r_87_104_42,seq29,r_13_46_30,0.97,3,33,30,44
24,r_92_143_97,seq26,seq129,r_92_143_97,1.0,0,97,97,44
29,r_128_38_86,r_90_64_55,r_71_16_65,r_90_64_55,1.0,0,55,55,44
64,seq26,r_9_77_91,seq114,r_9_77_91,1.0,1,92,91,44
46,r_0_37_32,seq40,seq80,r_0_37_32,0.95,0,32,32,44
19,r_147_108_113,r_134_115_56,seq17,r_147_108_113,1.0,0,113,113,44
58,seq17,seq36,r_147_108_113,r_147_108_113,0.75,0,113,113,44
61,seq20,seq1,r_5_4_83,r_5_4_83,0.79,1,84,83,44
38,r_93_131_127,r_101_56_132,r_71_16_65,r_71_16_65,0.95,62,127,65,44
6,r_134_115_56,r_147_108_113,r_71_16_65,r_147_108_113,1.0,-1,112,113,44
69,seq34,r_124_65_41,r_96_142_25,r_96_142_25,1.0,1,26,25,44
34,r_86_122_75,seq55,r_98_125_119,r_86_122_75,0.93,8,83,75,44
47,r_49_119_28,r_35_81_124,seq27,r_49_119_28,0.58,-3,25,28,44
94,seq114,r_93_131_127,r_6_136_12,r_93_131_127,0.71,-37,90,127,44
28,r_5_4_83,r_85_10_99,seq20,r_5_4_83,0.91,0,83,83,44
12,r_15_83_54,seq110,seq18,r_15_83_54,0.98,4,58,54,44
7,r_71_16_65,r_59_95_144,r_128_38_86,r_71_16_65,0.52,13,78,65,44
44,r_75_60_103,seq26,r_71_16_65,r_75_60_103,0.91,0,103,103,44
23,r_52_53_79,r_147_108_113,r_90_64_55,r_147_108_113,1.0,-34,79,113,44
27,r_43_8_40,r_35_81_124,seq55,r_43_8_40,0.98,1,41,40,44
35,r_85_10_99,r_98_125_119,r_66_82_5,r_98_125_119,0.53,-17,102,119,44
2,r_105_139_36,r_71_16_65,seq79,r_105_139_36,0.85,0,36,36,44
93,seq111,r_39_46_83,r_100_18_70,r_100_18_70,0.93,0,70,70,45
42,r_71_8_34,r_51_104_105,seq132,r_71_8_34,1.0,0,34,34,45
36,r_99_146_75,r_39_46_83,seq66,r_99_146_75,1.0,0,75,75,45
92,seq110,r_24_80_128,r_70_67_6,r_24_80_128,0.84,0,128,128,45
8,r_60_82_77,r_39_46_83,r_83_9_18,r_60_82_77,0.74,0,77,77,45
22,r_149_31_59,r_24_80_128,r_138_47_60,r_149_31_59,1.0,0,59,59,45
37,r_3_87_120,r_57_133_71,r_65_85_31,r_57_133_71,0.89,-6,65,71,45
20,r_21_78_26,r_51_104_105,seq22,r_21_78_26,0.97,0,26,26,45
55,seq11,r_44_7_122,seq29,r_44_7_122,0.49,-33,89,122,45
16,r_57_133_71,r_3_87_120,seq45,r_57_133_71,0.89,0,71,71,45
21,r_141_54_137,seq29,r_126_30_2,r_141_54_137,0.63,0,137,137,45
39,r_77_15_80,seq135,r_107_128_56,r_107_128_56,0.78,19,75,56,45
1,r_138_47_60,r_64_12_132,seq108,r_138_47_60,1.0,1,61,60,45
35,r_83_9_18,r_73_58_76,r_105_10_99,r_83_9_18,1.0,0,18,18,45
48,r_117_94_39,seq40,r_115_96_35,r_117_94_39,0.98,0,39,39,45
30,r_112_102_19,r_105_10_99,seq22,r_112_102_19,1.0,0,19,19,45
4,r_136_42_95,seq97,seq40,r_136_42_95,0.72,0,95,95,45
11,r_51_104_105,seq2,seq69,r_51_104_105,0.93,0,105,105,45
18,r_145_62_27,r_60_82_77,seq2,r_145_62_27,1.0,0,27,27,45
15,r_19_26_118,seq16,r_145_62_27,r_19_26_118,0.64,-24,94,118,45
25,r_107_128_56,seq130,seq6,r_107_128_56,1.0,0,56,56,45
7,r_48_143_30,seq89,seq13,r_48_143_30,0.97,-1,29,30,45
27,r_86_129_111,r_137_37_131,r_107_128_56,r_86_129_111,0.86,0,111,111,45
37,r_3_87_120,r_65_85_31,r_92_109_47,r_3_87_120,1.0,0,120,120,45
2,r_73_58_76,seq41,seq4,r_73_58_76,0.88,-1,75,76,45
43,r_105_10_99,r_112_102_19,r_83_9_18,r_105_10_99,1.0,-80,19,99,45
40,r_137_37_131,seq144,r_107_128_56,r_137_37_131,0.71,0,131,131,45
19,r_103_81_51,seq113,seq75,r_103_81_51,1.0,0,51,51,45
13,r_65_85_31,r_71_8_34,seq144,r_65_85_31,0.96,0,31,31,45
30,r_112_102_19,seq22,r_90_134_28,r_90_134_28,0.93,32,60,28,45
35,r_83_9_18,r_105_10_99,r_60_82_77,r_83_9_18,0.92,82,100,18,45
43,r_105_10_99,r_83_9_18,r_19_26_118,r_105_10_99,1.0,1,100,99,45
33,r_79_120_73,seq25,r_19_26_118,r_79_120_73,1.0,0,73,73,45
34,r_17_52_14,r_86_129_111,seq74,r_17_52_14,0.98,0,14,14,45
38,r_127_93_98,seq16,seq135,r_127_93_98,0.66,0,98,98,45
41,r_115_96_35,r_49_36_104,seq23,r_115_96_35,1.0,0,35,35,45
47,r_50_5_55,r_19_26_118,r_90_134_28,r_50_5_55,1.0,0,55,55,45
32,r_35_28_53,r_127_93_98,seq89,r_35_28_53,0.98,0,53,53,45
60,seq144,r_137_37_131,r_138_47_60,r_138_47_60,0.96,71,131,60,45
17,r_100_18_70,r_59_148_107,seq111,r_100_18_70,1.0,0,70,70,45
9,r_56_131_72,r_64_12_132,r_90_134_28,r_64_12_132,0.68,-60,72,132,45
28,r_44_7_122,seq11,r_124_139_8,r_124_139_8,0.57,117,125,8,45
91,seq108,seq22,r_138_47_60,r_138_47_60,1.0,3,63,60,45
46,r_90_134_28,r_73_58_76,r_112_102_19,r_90_134_28,0.95,0,28,28,45
12,r_122_20_63,seq33,r_70_67_6,r_122_20_63,0.98,0,63,63,45
24,r_74_106_36,seq40,seq85,r_74_106_36,1.0,0,36,36,46
36,r_13_23_135,r_104_78_1,seq138,r_13_23_135,0.62,1,136,135,46
30,r_20_41_48,seq139,r_111_89_26,r_20_41_48,0.77,-1,47,48,46
26,r_56_38_37,seq3,seq46,r_56_38_37,0.99,0,37,37,46
28,r_147_19_22,seq46,seq143,r_147_19_22,0.99,-1,21,22,46
37,r_35_42_113,seq43,seq140,r_35_42_113,0.84,0,113,113,46
39,r_37_14_87,seq9,r_49_77_2,r_37_14_87,0.76,0,87,87,46
14,r_32_34_44,seq7,seq83,r_32_34_44,1.0,0,44,44,46
1,r_36_117_54,seq87,seq16,r_36_117_54,0.61,10,64,54,46
5,r_146_70_94,seq64,seq43,r_146_70_94,0.58,4,98,94,46
42,r_129_148_57,seq138,r_66_27_65,r_129_148_57,0.96,6,63,57,46
11,r_17_137_25,seq88,seq40,r_17_137_25,0.99,0,25,25,46
80,seq71,r_141_105_85,r_132_26_6,r_141_105_85,1.0,-1,84,85,46
69,seq40,seq62,r_17_137_25,r_17_137_25,1.0,63,88,25,46
45,r_131_94_83,seq149,seq139,r_131_94_83,0.98,0,83,83,46
15,r_57_4_42,seq43,r_69_107_19,r_57_4_42,1.0,0,42,42,46
19,r_5_8_105,r_122_1_124,seq73,r_5_8_105,0.63,3,108,105,46
8,r_113_130_59,seq64,r_60_51_27,r_113_130_59,1.0,0,59,59,46
72,seq46,r_147_19_22,r_20_41_48,r_147_19_22,0.91,-1,21,22,46
21,r_69_107_19,r_124_68_111,r_146_70_94,r_69_107_19,0.77,0,19,19,46
89,seq135,r_25_29_109,r_60_51_27,r_25_29_109,0.98,-15,94,109,46
23,r_96_61_40,seq76,r_80_72_122,r_96_61_40,1.0,0,40,40,46
3,r_30_59_103,seq16,seq9,r_30_59_103,1.0,0,103,103,46
90,seq97,r_101_100_139,r_147_19_22,r_147_19_22,0.7,118,140,22,46
4,r_116_84_96,seq140,seq16,r_116_84_96,0.95,0,96,96,46
78,seq65,seq64,r_144_81_102,r_144_81_102,0.99,13,115,102,46
0,r_10_6_92,seq33,r_54_133_74,r_10_6_92,1.0,0,92,92,46
73,seq50,r_53_93_75,r_36_117_54,r_53_93_75,0.98,2,77,75,46
98,seq121,r_21_82_129,r_110_58_71,r_110_58_71,0.59,59,130,71,46
48,r_141_105_85,seq71,seq136,r_141_105_85,0.67,0,85,85,46
49,r_123_48_11,r_21_82_129,r_110_58_71,r_110_58_71,0.85,6,77,71,46
6,r_144_81_102,seq16,seq65,r_144_81_102,0.77,0,102,102,46
62,seq16,r_108_45_137,r_36_117_54,r_36_117_54,0.68,83,137,54,46
16,r_24_99_10,r_30_59_103,seq33,r_24_99_10,0.9,2,12,10,46
21,r_69_107_19,r_146_70_94,r_57_4_42,r_69_107_19,0.5,79,98,19,46
82,seq76,r_96_61_40,seq128,r_96_61_40,1.0,1,41,40,46
27,r_80_72_122,r_110_58_71,r_96_61_40,r_80_72_122,1.0,-51,71,122,46
2,r_53_93_75,seq50,r_20_41_48,r_53_93_75,0.92,1,76,75,46
47,r_122_1_124,r_5_8_105,r_36_117_54,r_122_1_124,0.73,-16,108,124,46
18,r_25_29_109,seq135,seq128,r_25_29_109,0.62,1,110,109,46
47,r_122_1_124,r_36_117_54,r_10_6_92,r_122_1_124,0.95,0,124,124,46
25,r_101_100_139,seq97,r_10_6_92,r_10_6_92,0.79,48,140,92,46
43,r_111_89_26,r_54_133_74,r_20_41_48,r_111_89_26,0.73,8,34,26,46
70,seq43,r_35_42_113,r_146_70_94,r_35_42_113,0.62,0,113,113,46
65,seq149,r_12_90_91,r_60_51_27,r_12_90_91,0.98,0,91,91,46
32,r_12_90_91,seq149,seq98,r_12_90_91,0.93,0,91,91,46
34,r_110_58_71,r_80_72_122,r_123_48_11,r_110_58_71,0.99,0,71,71,46
46,r_63_92_46,seq83,r_147_19_22,r_63_92_46,0.99,4,50,46,46
27,r_80_72_122,r_96_61_40,r_15_118_110,r_80_72_122,1.0,0,122,122,46
81,seq73,r_66_27_65,r_5_8_105,r_5_8_105,0.78,-5,100,105,46
9,r_54_133_74,seq114,seq136,r_54_133_74,0.98,-3,71,74,46
59,seq139,seq136,r_131_94_83,r_131_94_83,1.0,3,86,83,46
96,seq114,r_54_133_74,r_36_117_54,r_54_133_74,0.99,2,76,74,46
44,r_95_47_49,r_113_130_59,seq128,r_95_47_49,1.0,1,50,49,46
7,r_124_68_111,r_31_126_143,r_60_51_27,r_124_68_111,0.96,0,111,111,46
35,r_127_115_115,r_13_23_135,seq114,r_127_115_115,0.74,1,116,115,46
96,seq114,r_36_117_54,r_127_115_115,r_127_115_115,1.0,1,116,115,46
23,r_96_61_40,r_80_72_122,r_10_6_92,r_96_61_40,0.95,82,122,40,46
1,r_15_139_11,r_123_41_45,r_5_91_53,r_15_139_11,0.93,0,11,11,47
55,seq136,r_34_32_135,r_44_38_1,r_34_32_135,0.63,1,136,135,47
86,seq94,seq133,r_69_125_86,r_69_125_86,1.0,6,92,86,47
16,r_56_92_123,r_79_140_141,r_0_64_111,r_0_64_111,0.76,17,128,111,47
21,r_108_129_98,seq142,r_44_38_1,r_108_129_98,0.97,1,99,98,47
5,r_100_78_77,seq48,r_7_58_48,r_7_58_48,0.56,28,76,48,47
42,r_72_12_97,seq146,r_62_33_15,r_72_12_97,0.81,1,98,97,47
87,seq96,r_84_86_55,r_7_58_48,r_7_58_48,0.62,3,51,48,47
8,r_8_124_54,seq68,seq145,r_8_124_54,0.6,0,54,54,47
45,r_69_125_86,seq71,seq94,r_69_125_86,0.98,1,87,86,47
24,r_35_89_125,r_90_104_14,seq71,r_35_89_125,0.54,0,125,125,47
19,r_53_82_83,seq65,seq20,r_53_82_83,0.97,0,83,83,47
1,r_15_139_11,r_5_91_53,seq103,r_5_91_53,0.96,4,57,53,47
44,r_123_41_45,seq98,seq144,r_123_41_45,1.0,1,46,45,47
31,r_0_64_111,seq25,seq145,r_0_64_111,0.62,1,112,111,47
41,r_23_113_126,r_49_137_4,r_56_92_123,r_23_113_126,0.42,1,127,126,47
89,seq98,seq114,r_11_45_51,r_11_45_51,1.0,32,83,51,47
14,r_62_33_15,seq144,seq10,r_62_33_15,0.75,1,16,15,47
20,r_77_42_25,r_56_92_123,seq73,r_77_42_25,0.99,0,25,25,47
33,r_5_91_53,r_15_139_11,seq146,r_5_91_53,0.98,1,54,53,47
4,r_34_32_135,seq136,r_77_42_25,r_34_32_135,0.55,1,136,135,47
78,seq65,r_53_82_83,r_66_47_36,r_53_82_83,0.5,0,83,83,47
11,r_87_74_102,r_35_89_125,r_69_125_86,r_35_89_125,0.67,-23,102,125,47
13,r_49_137_4,r_23_113_126,r_122_131_122,r_122_131_122,0.88,5,127,122,47
18,r_29_28_143,seq114,r_66_47_36,r_66_47_36,1.0,0,36,36,47
15,r_99_135_84,seq128,seq138,r_99_135_84,0.94,1,85,84,47
48,r_132_63_70,seq70,seq48,r_132_63_70,0.91,-4,66,70,47
68,seq134,r_84_86_55,seq60,r_84_86_55,0.67,1,56,55,47
25,r_84_86_55,seq134,r_143_36_71,r_84_86_55,0.94,1,56,55,47
6,r_116_93_116,seq4,seq6,r_116_93_116,0.58,0,116,116,47
26,r_90_104_14,r_7_58_48,r_35_89_125,r_90_104_14,0.89,6,20,14,47
46,r_7_58_48,seq39,seq96,r_7_58_48,0.99,0,48,48,47
27,r_143_36_71,seq61,r_84_86_55,r_143_36_71,0.94,-1,70,71,47
47,r_22_24_96,seq10,seq17,r_22_24_96,0.95,2,98,96,47
30,r_11_45_51,seq76,seq98,r_11_45_51,1.0,0,51,51,47
33,r_5_91_53,seq9,r_15_139_11,r_15_139_11,0.95,0,11,11,47
2,r_119_147_26,r_8_124_54,seq25,r_119_147_26,0.91,-2,24,26,47
92,seq103,r_5_91_53,r_15_139_11,r_5_91_53,0.86,0,53,53,47
0,r_30_120_28,seq61,seq25,r_30_120_28,0.91,1,29,28,47
38,r_16_115_92,r_116_93_116,r_1_3_41,r_116_93_116,0.65,-23,93,116,47
23,r_66_47_36,r_130_43_63,r_29_28_143,r_66_47_36,1.0,0,36,36,47
52,seq4,r_116_93_116,seq128,r_116_93_116,0.49,7,123,116,47
12,r_31_13_18,seq52,seq39,r_31_13_18,1.0,1,19,18,47
24,r_35_89_125,r_87_74_102,r_90_104_14,r_90_104_14,0.86,0,14,14,47
34,r_79_140_141,r_56_92_123,seq146,r_56_92_123,0.58,5,128,123,47
3,r_1_3_41,r_100_78_77,seq98,r_1_3_41,1.0,0,41,41,47
17,r_122_131_122,seq105,r_49_137_4,r_122_131_122,0.48,1,123,122,47
9,r_118_88_114,seq17,seq134,r_118_88_114,0.81,1,115,114,47
26,r_90_104_14,r_35_89_125,r_15_139_11,r_35_89_125,0.6,0,125,125,47
96,seq114,seq98,r_83_37_90,r_83_37_90,1.0,15,105,90,47
22,r_83_37_90,r_122_131_122,seq114,r_83_37_90,0.94,0,90,90,47
28,r_18_111_107,seq142,seq20,r_18_111_107,0.89,0,107,107,47
49,r_40_126_62,seq141,seq81,r_40_126_62,1.0,0,62,62,47
56,seq9,r_87_74_102,r_15_139_11,r_87_74_102,0.68,-32,70,102,47
7,r_75_85_73,r_44_38_1,seq51,r_75_85_73,1.0,-1,72,73,47
35,r_27_21_75,r_34_32_135,seq25,r_27_21_75,1.0,0,75,75,47
83,seq76,r_11_45_51,r_148_112_52,r_11_45_51,0.9,-17,34,51,47
26,r_73_98_27,seq30,r_91_74_125,r_73_98_27,0.99,0,27,27,48
30,r_92_13_68,seq131,seq144,r_92_13_68,1.0,0,68,68,48
14,r_15_68_133,seq47,r_36_95_52,r_36_95_52,0.56,81,133,52,48
8,r_76_126_87,seq63,r_103_143_34,r_76_126_87,0.93,0,87,87,48
37,r_20_116_85,seq51,r_50_87_6,r_20_116_85,0.89,1,86,85,48
21,r_106_12_69,r_91_74_125,seq56,r_106_12_69,1.0,1,70,69,48
39,r_44_89_72,r_104_17_101,r_36_95_52,r_44_89_72,0.95,1,73,72,48
1,r_72_101_138,seq63,r_129_140_17,r_72_101_138,0.34,0,138,138,48
5,r_104_17_101,r_44_89_72,r_134_145_36,r_104_17_101,0.93,-28,73,101,48
35,r_139_19_58,r_93_99_82,r_18_45_30,r_18_45_30,0.9,0,30,30,48
18,r_120_124_29,r_62_14_81,r_106_12_69,r_120_124_29,0.94,6,35,29,48
7,r_134_145_36,r_104_17_101,r_139_19_58,r_134_145_36,0.58,65,101,36,48
18,r_120_124_29,r_106_12_69,r_73_98_27,r_106_12_69,1.0,1,70,69,48
69,seq47,r_15_68_133,r_106_12_69,r_106_12_69,0.98,65,134,69,48
45,r_5_125_67,r_23_21_145,seq61,r_5_125_67,1.0,0,67,67,48
32,r_58_16_33,r_93_99_82,seq77,r_58_16_33,1.0,0,33,33,48
43,r_111_37_43,r_62_14_81,r_81_26_88,r_111_37_43,0.87,0,43,43,48
3,r_33_31_106,seq54,seq83,r_33_31_106,0.56,0,106,106,48
63,seq28,seq52,r_75_112_39,r_75_112_39,0.83,-6,33,39,48
5,r_104_17_101,r_134_145_36,seq113,r_104_17_101,1.0,0,101,101,48
43,r_111_37_43,r_81_26_88,r_109_24_76,r_111_37_43,1.0,44,87,43,48
20,r_93_99_82,seq61,seq28,r_93_99_82,0.95,0,82,82,48
13,r_109_24_76,seq38,r_111_37_43,r_109_24_76,1.0,0,76,76,48
48,r_71_60_115,r_6_135_122,r_104_17_101,r_71_60_115,0.8,0,115,115,48
6,r_2_82_78,seq63,r_132_0_15,r_2_82_78,1.0,1,79,78,48
0,r_91_74_125,r_73_98_27,r_4_149_5,r_91_74_125,0.76,0,125,125,48
4,r_41_59_32,r_76_126_87,seq128,r_41_59_32,1.0,0,32,32,48
42,r_132_0_15,r_23_21_145,seq27,r_132_0_15,0.96,-2,13,15,48
16,r_75_112_39,r_33_31_106,seq28,r_75_112_39,1.0,0,39,39,48
12,r_146_70_56,r_62_14_81,r_58_16_33,r_146_70_56,0.93,0,56,56,48
38,r_18_45_30,r_139_19_58,seq61,r_139_19_58,0.96,0,58,58,48
2,r_62_14_81,seq130,r_136_119_2,r_62_14_81,0.75,1,82,81,48
47,r_81_26_88,seq78,r_64_141_1,r_81_26_88,0.88,1,89,88,48
40,r_40_69_95,seq54,r_36_95_52,r_40_69_95,0.76,0,95,95,48
29,r_49_114_119,seq39,seq30,r_49_114_119,0.73,2,121,119,48
36,r_103_143_34,seq27,seq113,r_103_143_34,1.0,0,34,34,48
38,r_18_45_30,r_104_17_101,r_139_19_58,r_18_45_30,0.65,0,30,30,48
35,r_139_19_58,r_18_45_30,seq86,r_139_19_58,1.0,0,58,58,48
24,r_48_34_107,seq10,seq42,r_48_34_107,0.58,2,109,107,48
11,r_129_140_17,r_33_31_106,seq30,r_129_140_17,1.0,0,17,17,48
33,r_36_95_52,r_91_74_125,seq57,r_36_95_52,0.83,1,53,52,48
42,r_132_0_15,seq27,r_2_82_78,r_2_82_78,1.0,11,89,78,48
23,r_67_32_35,seq65,seq54,r_67_32_35,1.0,1,36,35,48
77,seq61,r_93_99_82,seq83,r_93_99_82,1.0,0,82,82,48
0,r_91_74_125,r_36_95_52,r_73_98_27,r_73_98_27,0.97,15,42,27,48
34,r_105_117_103,r_23_21_145,r_120_124_29,r_105_117_103,0.95,0,103,103,48
94,seq113,seq52,r_103_143_34,r_103_143_34,0.99,39,73,34,48
25,r_80_22_46,seq144,r_41_59_32,r_80_22_46,0.9,0,46,46,48
26,r_73_98_27,r_91_74_125,r_120_124_29,r_91_74_125,0.92,0,125,125,48
22,r_35_127_61,r_62_14_81,seq10,r_35_127_61,0.88,1,62,61,48
7,r_134_145_36,r_49_114_119,r_104_17_101,r_134_145_36,1.0,0,36,36,48
44,r_29_138_97,seq147,seq54,r_29_138_97,0.99,0,97,97,48
63,seq28,r_75_112_39,r_93_99_82,r_93_99_82,1.0,0,82,82,48
79,seq65,r_20_116_85,r_88_11_104,r_20_116_85,1.0,-22,63,85,48
93,seq114,r_138_72_109,r_23_54_35,r_138_72_109,0.73,-37,72,109,49
30,r_71_11_99,r_145_7_132,r_29_9_94,r_71_11_99,0.91,1,100,99,49
4,r_143_42_137,r_92_39_114,r_6_80_116,r_143_42_137,0.86,0,137,137,49
8,r_117_1_71,seq135,seq91,r_117_1_71,0.89,0,71,71,49
43,r_47_129_125,seq59,r_6_80_116,r_47_129_125,0.44,1,126,125,49
37,r_21_98_56,r_64_142_134,seq115,r_21_98_56,0.57,11,67,56,49
3,r_81_45_25,r_63_60_117,r_6_80_116,r_81_45_25,0.73,93,118,25,49
16,r_120_76_89,seq10,seq130,r_120_76_89,0.97,1,90,89,49
21,r_145_7_132,r_141_69_139,r_66_78_19,r_145_7_132,0.47,0,132,132,49
1,r_61_3_87,seq51,seq31,r_61_3_87,0.99,0,87,87,49
46,r_88_123_63,r_117_1_71,seq51,r_88_123_63,1.0,0,63,63,49
27,r_75_34_24,r_100_24_85,seq103,r_75_34_24,0.9,0,24,24,49
69,seq38,r_128_116_33,r_95_33_58,r_95_33_58,1.0,5,63,58,49
56,seq137,seq10,r_53_4_48,r_53_4_48,1.0,4,52,48,49
23,r_53_4_48,r_112_101_108,seq137,r_53_4_48,1.0,1,49,48,49
2,r_35_83_50,r_117_1_71,seq132,r_35_83_50,1.0,0,50,50,49
7,r_17_77_53,r_138_72_109,seq99,r_17_77_53,1.0,1,54,53,49
28,r_95_33_58,seq125,seq38,r_95_33_58,1.0,0,58,58,49
19,r_66_78_19,seq137,seq8,r_66_78_19,1.0,0,19,19,49
40,r_23_54_35,seq85,seq114,r_23_54_35,0.92,3,38,35,49
31,r_112_101_108,seq91,seq107,r_112_101_108,0.89,0,108,108,49
45,r_5_148_26,r_133_136_138,seq48,r_5_148_26,1.0,0,26,26,49
10,r_84_111_110,r_145_7_132,r_64_142_134,r_84_111_110,0.8,0,110,110,49
4,r_143_42_137,r_6_80_116,r_92_39_114,r_6_80_116,0.61,0,116,116,49
0,r_65_20_62,r_145_7_132,r_35_83_50,r_65_20_62,1.0,2,64,62,49
12,r_94_56_21,seq130,r_109_50_70,r_94_56_21,0.98,0,21,21,49
20,r_79_28_129,seq135,r_66_78_19,r_66_78_19,0.93,110,129,19,49
13,r_138_72_109,seq114,seq89,r_138_72_109,0.82,0,109,109,49
48,r_63_60_117,r_81_45_25,r_92_39_114,r_81_45_25,0.7,93,118,25,49
12,r_94_56_21,r_109_50_70,r_88_123_63,r_88_123_63,0.98,10,73,63,49
6,r_109_50_70,seq48,seq10,r_109_50_70,0.94,0,70,70,49
14,r_86_119_16,r_61_3_87,seq91,r_86_119_16,0.97,3,19,16,49
33,r_12_110_54,r_90_70_73,seq16,r_12_110_54,1.0,0,54,54,49
99,seq127,r_47_129_125,r_141_69_139,r_141_69_139,0.66,0,139,139,49
5,r_92_39_114,seq127,seq107,r_92_39_114,0.65,0,114,114,49
47,r_73_2_12,r_143_42_137,seq51,r_73_2_12,0.67,-2,10,12,49
34,r_128_116_33,r_90_70_73,seq14,r_128_116_33,0.73,0,33,33,49
74,seq51,r_61_3_87,r_73_2_12,r_61_3_87,1.0,0,87,87,49
18,r_6_80_116,r_143_42_137,r_5_148_26,r_5_148_26,0.67,90,116,26,49
29,r_139_126_80,seq62,r_12_110_54,r_139_126_80,1.0,0,80,80,49
24,r_140_96_105,r_112_101_108,seq31,r_140_96_105,0.68,0,105,105,49
25,r_90_70_73,r_46_41_149,r_147_113_82,r_90_70_73,0.7,0,73,73,49
32,r_147_113_82,r_100_24_85,r_90_70_73,r_147_113_82,0.86,0,82,82,49
38,r_29_9_94,seq114,seq13,r_29_9_94,0.83,0,94,94,49
3,r_81_45_25,r_61_3_87,r_63_60_117,r_61_3_87,0.68,-66,21,87,49
75,seq55,seq48,r_94_56_21,r_94_56_21,0.55,51,72,21,49
15,r_133_136_138,r_5_148_26,r_92_39_114,r_133_136_138,0.96,-112,26,138,49
60,seq15,r_145_7_132,r_74_32_123,r_74_32_123,0.4,1,124,123,49
5,r_92_39_114,r_90_70_73,seq127,r_92_39_114,0.52,-76,38,114,49
81,seq82,r_52_102_4,r_67_30_60,r_67_30_60,1.0,26,86,60,49
17,r_100_24_85,r_143_42_137,r_79_28_129,r_100_24_85,0.98,0,85,85,49
94,seq115,r_18_108_81,r_21_98_56,r_18_108_81,1.0,0,81,81,49
22,r_67_30_60,r_100_24_85,seq82,r_67_30_60,0.64,0,60,60,49
49,r_37_25_96,r_47_129_125,seq55,r_37_25_96,0.76,-1,95,96,49
44,r_18_108_81,seq115,seq130,r_18_108_81,0.99,0,81,81,49
79,seq62,r_139_126_80,seq130,r_139_126_80,1.0,0,80,80,49
82,seq85,r_23_54_35,seq135,r_23_54_35,0.67,3,38,35,49
84,seq89,seq51,r_138_72_109,r_138_72_109,0.98,14,123,109,49
50,seq0,r_99_65_138,r_9_29_45,r_9_29_45,1.0,0,45,45,50
36,r_85_69_66,r_14_79_13,seq92,r_85_69_66,0.66,8,74,66,50
57,seq7,r_99_65_138,r_64_18_25,r_64_18_25,0.89,30,55,25,50
13,r_80_106_146,r_41_23_23,r_77_5_7,r_41_23_23,0.57,1,24,23,50
14,r_53_75_137,r_99_65_138,r_136_88_108,r_99_65_138,0.58,-1,137,138,50
43,r_149_27_105,r_144_57_114,r_117_108_71,r_117_108_71,0.99,34,105,71,50
45,r_89_50_14,r_64_18_25,seq16,r_89_50_14,0.98,0,14,14,50
28,r_144_57_114,r_129_43_147,r_60_145_20,r_60_145_20,1.0,1,21,20,50
16,r_109_66_88,r_46_44_74,seq76,r_109_66_88,0.92,3,91,88,50
21,r_46_44_74,r_109_66_88,r_129_43_147,r_46_44_74,0.57,17,91,74,50
5,r_117_108_71,r_14_79_13,seq101,r_117_108_71,1.0,0,71,71,50
46,r_30_45_120,r_14_79_13,seq123,r_30_45_120,0.61,0,120,120,50
18,r_56_47_29,r_80_106_146,seq22,r_56_47_29,0.95,0,29,29,50
80,seq139,seq137,r_132_116_102,r_132_116_102,0.68,12,114,102,50
7,r_60_145_20,r_144_57_114,r_129_43_147,r_144_57_114,0.99,0,114,114,50
69,seq28,r_53_75_137,r_111_103_92,r_111_103_92,0.87,5,97,92,50
39,r_41_23_23,r_80_106_146,seq95,r_41_23_23,0.99,1,24,23,50
84,seq92,r_136_88_108,r_85_69_66,r_136_88_108,0.97,-80,28,108,50
33,r_40_83_37,seq11,r_117_108_71,r_40_83_37,0.5,87,124,37,50
1,r_64_18_25,r_74_141_121,seq7,r_64_18_25,0.99,0,25,25,50
3,r_147_72_81,seq36,r_15_113_21,r_147_72_81,1.0,0,81,81,50
37,r_10_21_57,seq139,seq39,r_10_21_57,1.0,2,59,57,50
26,r_136_88_108,seq92,r_35_81_63,r_136_88_108,0.94,0,108,108,50
32,r_34_94_41,seq11,r_146_148_96,r_146_148_96,0.58,-55,41,96,50
11,r_135_38_83,r_149_27_105,r_10_21_57,r_135_38_83,0.99,0,83,83,50
20,r_54_86_101,seq22,r_109_66_88,r_54_86_101,0.83,0,101,101,50
15,r_74_141_121,seq6,r_117_108_71,r_117_108_71,1.0,56,127,71,50
6,r_17_37_65,r_111_103_92,r_56_47_29,r_17_37_65,1.0,0,65,65,50
23,r_104_26_44,seq92,r_9_29_45,r_9_29_45,0.91,0,45,45,50
27,r_132_116_102,r_25_78_122,seq139,r_25_78_122,0.57,-17,105,122,50
87,seq97,r_46_44_74,seq8,r_46_44_74,0.63,27,101,74,50
41,r_146_148_96,seq22,r_34_94_41,r_34_94_41,0.98,11,52,41,50
74,seq39,r_111_103_92,r_10_21_57,r_10_21_57,0.97,23,80,57,50
29,r_14_79_13,r_30_45_120,r_135_38_83,r_135_38_83,0.95,37,120,83,50
25,r_131_71_116,seq133,r_124_105_58,r_124_105_58,0.99,64,122,58,50
7,r_60_145_20,r_136_88_108,r_144_57_114,r_60_145_20,0.94,0,20,20,50
19,r_96_100_40,r_117_108_71,seq2,r_96_100_40,0.92,1,41,40,50
41,r_146_148_96,r_34_94_41,r_147_72_81,r_146_148_96,0.97,0,96,96,50
38,r_25_78_122,seq107,r_124_105_58,r_124_105_58,0.39,65,123,58,50
34,r_35_81_63,r_74_141_121,seq133,r_35_81_63,1.0,1,64,63,50
81,seq140,r_124_105_58,r_99_65_138,r_124_105_58,0.6,1,59,58,50
8,r_124_105_58,seq140,r_60_145_20,r_124_105_58,0.99,0,58,58,50
9,r_111_103_92,seq127,seq28,r_111_103_92,0.38,4,96,92,50
33,r_40_83_37,r_51_20_148,seq11,r_40_83_37,0.5,15,52,37,50
13,r_80_106_146,r_77_5_7,seq11,r_77_5_7,0.43,75,82,7,50
28,r_144_57_114,r_60_145_20,seq6,r_144_57_114,0.92,0,114,114,50
32,r_34_94_41,r_146_148_96,seq22,r_146_148_96,1.0,0,96,96,50
49,r_126_49_64,seq22,r_9_29_45,r_126_49_64,1.0,1,65,64,50
44,r_42_73_124,seq16,r_85_69_66,r_42_73_124,0.69,1,125,124,50
35,r_52_70_107,r_131_71_116,r_147_72_81,r_52_70_107,0.99,0,107,107,50
18,r_56_47_29,seq22,r_17_37_65,r_17_37_65,1.0,15,80,65,50
2,r_9_29_45,r_63_110_70,r_104_26_44,r_9_29_45,0.92,0,45,45,50
36,r_97_39_62,r_145_112_112,seq30,r_97_39_62,0.7,0,62,62,51
0,r_32_16_11,seq1,seq6,r_32_16_11,0.78,0,11,11,51
8,r_100_52_6,r_35_62_139,r_92_82_33,r_92_82_33,0.99,75,108,33,51
43,r_148_80_100,seq143,seq99,r_148_80_100,0.9,0,100,100,51
54,seq137,r_8_47_117,r_27_69_91,r_27_69_91,0.72,27,118,91,51
37,r_117_41_92,seq119,r_74_78_63,r_74_78_63,1.0,37,100,63,51
16,r_27_69_91,r_118_124_121,r_4_140_53,r_27_69_91,0.94,0,91,91,51
21,r_36_11_111,seq22,r_7_147_80,r_36_11_111,0.93,1,112,111,51
44,r_89_134_23,r_123_73_47,r_7_147_80,r_89_134_23,0.98,0,23,23,51
35,r_104_120_45,seq116,seq6,r_104_120_45,1.0,0,45,45,51
19,r_144_58_118,seq138,r_8_47_117,r_144_58_118,0.86,0,118,118,51
4,r_31_83_51,seq2,seq93,r_31_83_51,1.0,0,51,51,51
44,r_89_134_23,r_7_147_80,r_96_63_35,r_7_147_80,1.0,-3,77,80,51
45,r_7_147_80,r_89_134_23,seq70,r_7_147_80,0.99,0,80,80,51
38,r_40_128_21,r_118_124_121,r_5_87_57,r_40_128_21,0.84,100,121,21,51
29,r_4_140_53,r_35_62_139,seq18,r_4_140_53,1.0,1,54,53,51
31,r_88_111_88,seq50,r_0_95_17,r_88_111_88,0.92,0,88,88,51
7,r_92_82_33,r_133_13_101,r_35_62_139,r_92_82_33,1.0,1,34,33,51
53,seq6,seq94,r_32_16_11,r_32_16_11,0.86,38,49,11,51
3,r_127_28_67,r_144_58_118,seq59,r_144_58_118,0.78,-44,74,118,51
10,r_133_13_101,seq126,r_31_83_51,r_31_83_51,1.0,55,106,51,51
26,r_33_48_110,r_8_47_117,r_129_110_14,r_33_48_110,0.63,0,110,110,51
63,seq22,r_36_11_111,r_149_132_4,r_36_11_111,0.91,2,113,111,51
48,r_8_47_117,seq137,r_144_58_118,r_8_47_117,0.61,1,118,117,51
6,r_38_55_95,seq109,r_74_78_63,r_38_55_95,0.81,0,95,95,51
99,seq126,r_133_13_101,r_33_48_110,r_33_48_110,1.0,4,114,110,51
27,r_26_23_69,r_102_37_125,seq70,r_26_23_69,1.0,0,69,69,51
41,r_35_62_139,r_121_136_37,r_92_82_33,r_35_62_139,1.0,-101,38,139,51
25,r_121_136_37,r_35_62_139,seq98,r_121_136_37,1.0,1,38,37,51
40,r_5_87_57,seq25,r_40_128_21,r_5_87_57,0.72,0,57,57,51
2,r_42_15_84,seq93,seq50,r_42_15_84,0.98,2,86,84,51
14,r_123_73_47,seq131,seq64,r_123_73_47,1.0,0,47,47,51
33,r_85_53_81,r_33_48_110,r_123_73_47,r_85_53_81,0.91,16,97,81,51
50,seq1,seq139,r_88_111_88,r_88_111_88,1.0,16,104,88,51
49,r_0_95_17,r_88_111_88,seq65,r_88_111_88,0.63,-71,17,88,51
15,r_17_107_27,r_97_39_62,seq61,r_17_107_27,0.91,0,27,27,51
38,r_40_128_21,seq61,r_118_124_121,r_40_128_21,0.87,0,21,21,51
24,r_129_110_14,r_9_125_134,seq126,r_129_110_14,0.91,0,14,14,51
45,r_7_147_80,r_5_87_57,r_89_134_23,r_89_134_23,0.65,7,30,23,51
17,r_135_3_72,r_149_132_4,seq25,r_135_3_72,0.98,0,72,72,51
9,r_118_124_121,r_27_69_91,r_40_128_21,r_27_69_91,0.81,0,91,91,51
18,r_67_14_13,r_135_3_72,seq57,r_67_14_13,1.0,0,13,13,51
32,r_12_66_30,r_123_73_47,r_17_107_27,r_12_66_30,1.0,0,30,30,51
22,r_145_112_112,seq2,r_0_95_17,r_145_112_112,0.95,0,112,112,51
59,seq18,r_9_125_134,r_4_140_53,r_4_140_53,0.87,1,54,53,51
42,r_96_63_35,r_144_58_118,r_89_134_23,r_96_63_35,0.98,0,35,35,51
23,r_74_78_63,r_33_48_110,r_29_90_56,r_74_78_63,1.0,0,63,63,51
5,r_24_45_49,seq54,seq50,r_24_45_49,1.0,0,49,49,51
82,seq81,r_102_37_125,r_24_45_49,r_24_45_49,0.55,76,125,49,51
12,r_84_51_107,seq99,seq91,r_84_51_107,0.85,0,107,107,51
9,r_118_124_121,r_40_128_21,r_24_45_49,r_118_124_121,0.95,0,121,121,51
84,seq91,seq50,r_84_51_107,r_84_51_107,0.81,-1,106,107,51
93,seq110,r_11_144_116,r_102_30_24,r_11_144_116,0.79,1,117,116,52
37,r_64_37_90,r_128_75_47,r_121_19_124,r_121_19_124,0.68,1,125,124,52
36,r_87_86_4,r_12_136_120,r_72_71_79,r_87_86_4,0.59,121,125,4,52
14,r_72_71_79,seq124,seq41,r_72_71_79,1.0,0,79,79,52
4,r_18_5_64,r_4_140_26,seq59,r_4_140_26,1.0,0,26,26,52
48,r_130_147_30,seq139,seq124,r_130_147_30,1.0,0,30,30,52
43,r_73_106_107,r_56_141_98,r_26_47_40,r_73_106_107,0.97,0,107,107,52
37,r_64_37_90,r_145_49_111,r_128_75_47,r_64_37_90,0.88,15,105,90,52
21,r_121_19_124,seq1,r_64_37_90,r_121_19_124,0.87,0,124,124,52
39,r_103_131_123,r_60_66_133,r_115_77_43,r_103_131_123,0.66,2,125,123,52
16,r_102_30_24,r_72_71_79,seq78,r_72_71_79,0.55,-53,26,79,52
42,r_114_104_87,r_121_19_124,r_102_30_24,r_121_19_124,0.76,-33,91,124,52
29,r_133_62_57,r_2_16_135,seq123,r_133_62_57,1.0,1,58,57,52
28,r_119_113_68,r_24_120_41,seq110,r_119_113_68,0.83,0,68,68,52
38,r_26_47_40,r_84_23_138,r_103_131_123,r_26_47_40,1.0,0,40,40,52
95,seq112,r_84_23_138,r_72_71_79,r_72_71_79,1.0,59,138,79,52
38,r_26_47_40,r_103_131_123,r_73_106_107,r_26_47_40,0.78,81,121,40,52
46,r_98_134_20,r_128_75_47,seq95,r_98_134_20,1.0,0,20,20,52
41,r_145_49_111,seq142,r_102_30_24,r_145_49_111,0.88,0,111,111,52
19,r_74_148_76,r_118_149_6,seq97,r_74_148_76,0.99,0,76,76,52
3,r_132_38_60,r_119_113_68,seq139,r_132_38_60,1.0,0,60,60,52
4,r_18_5_64,seq59,r_99_107_148,r_18_5_64,0.73,2,66,64,52
0,r_24_120_41,r_74_148_76,r_98_134_20,r_24_120_41,0.98,0,41,41,52
2,r_55_33_13,r_128_75_47,r_42_127_147,r_55_33_13,0.96,0,13,13,52
30,r_4_140_26,r_18_5_64,seq105,r_4_140_26,1.0,0,26,26,52
13,r_12_136_120,r_87_86_4,r_133_62_57,r_87_86_4,0.66,117,121,4,52
44,r_90_54_58,seq43,seq79,r_90_54_58,0.99,0,58,58,52
35,r_57_8_25,seq93,seq82,r_57_8_25,1.0,0,25,25,52
27,r_70_40_119,r_121_19_124,r_61_109_94,r_61_109_94,0.89,27,121,94,52
12,r_128_75_47,seq34,seq59,r_128_75_47,1.0,1,48,47,52
9,r_42_127_147,seq43,r_55_33_13,r_42_127_147,0.61,-128,19,147,52
47,r_89_122_62,r_2_16_135,r_130_147_30,r_89_122_62,1.0,0,62,62,52
18,r_143_27_140,seq34,r_56_141_98,r_56_141_98,0.73,42,140,98,52
15,r_32_83_18,r_133_62_57,seq93,r_32_83_18,0.99,0,18,18,52
24,r_25_63_72,r_11_144_116,r_51_20_2,r_25_63_72,1.0,0,72,72,52
25,r_61_109_94,seq82,seq96,r_61_109_94,1.0,0,94,94,52
19,r_74_148_76,r_24_120_41,r_118_149_6,r_24_120_41,0.79,0,41,41,52
33,r_135_137_67,r_2_16_135,seq59,r_135_137_67,1.0,2,69,67,52
22,r_58_101_37,r_90_54_58,seq142,r_58_101_37,0.99,1,38,37,52
10,r_13_68_32,r_56_141_98,seq22,r_13_68_32,1.0,0,32,32,52
68,seq41,r_84_23_138,r_72_71_79,r_72_71_79,1.0,11,90,79,52
32,r_84_23_138,seq112,r_32_83_18,r_84_23_138,0.61,0,138,138,52
6,r_48_92_35,seq14,seq17,r_48_92_35,1.0,1,36,35,52
7,r_115_77_43,seq126,seq1,r_115_77_43,1.0,0,43,43,52
28,r_119_113_68,r_132_38_60,r_24_120_41,r_119_113_68,0.44,-18,50,68,52
17,r_99_107_148,seq22,r_18_5_64,r_18_5_64,1.0,12,76,64,52
59,seq17,r_56_141_98,r_48_92_35,r_48_92_35,1.0,0,35,35,52
34,r_53_116_46,seq52,seq1,r_53_116_46,1.0,0,46,46,52
49,r_138_35_114,seq129,r_118_149_6,r_138_35_114,0.89,0,114,114,52
23,r_118_149_6,r_74_148_76,r_132_38_60,r_118_149_6,1.0,69,75,6,52
8,r_85_94_33,seq93,seq100,r_85_94_33,1.0,0,33,33,52
56,seq139,r_130_147_30,r_74_148_76,r_130_147_30,1.0,0,30,30,52
84,seq88,r_2_16_135,r_24_120_41,r_24_120_41,0.67,95,136,41,52
13,r_62_26_18,r_91_102_144,r_2_77_7,r_91_102_144,0.54,-126,18,144,53
43,r_53_94_98,seq107,r_48_19_40,r_53_94_98,0.68,6,104,98,53
16,r_111_86_123,seq35,r_106_145_12,r_111_86_123,0.69,3,126,123,53
39,r_63_87_87,seq14,seq71,r_63_87_87,0.89,0,87,87,53
87,seq88,r_132_43_140,r_70_104_43,r_70_104_43,1.0,-1,42,43,53
46,r_110_114_86,r_61_65_114,seq131,r_110_114_86,0.99,0,86,86,53
27,r_122_99_20,r_57_47_130,r_96_28_149,r_122_99_20,0.9,4,24,20,53
37,r_31_60_38,r_136_25_77,r_55_127_4,r_31_60_38,0.88,-8,30,38,53
4,r_149_30_30,seq50,seq78,r_149_30_30,0.98,0,30,30,53
26,r_144_116_44,seq3,r_0_27_5,r_144_116_44,0.66,9,53,44,53
10,r_76_11_137,seq83,seq41,r_76_11_137,0.41,0,137,137,53
45,r_98_24_14,r_62_26_18,seq85,r_98_24_14,0.76,2,16,14,53
72,seq50,seq10,r_21_124_57,r_21_124_57,1.0,3,60,57,53
7,r_21_124_57,seq41,seq50,r_21_124_57,1.0,0,57,57,53
0,r_136_25_77,seq146,r_105_115_3,r_136_25_77,1.0,0,77,77,53
11,r_148_129_110,r_18_68_135,seq82,r_18_68_135,0.59,-23,112,135,53
3,r_79_39_35,seq84,seq72,r_79_39_35,1.0,1,36,35,53
50,seq3,r_144_116_44,r_56_130_141,r_144_116_44,0.89,9,53,44,53
82,seq81,r_134_51_46,seq84,r_134_51_46,1.0,-4,42,46,53
15,r_141_75_109,seq131,r_18_68_135,r_141_75_109,0.92,0,109,109,53
71,seq49,r_136_25_77,r_54_40_9,r_54_40_9,0.69,1,10,9,53
48,r_57_47_130,seq113,r_13_123_100,r_13_123_100,0.57,30,130,100,53
65,seq41,r_21_124_57,seq131,r_21_124_57,0.98,-9,48,57,53
2,r_33_12_66,seq23,seq131,r_33_12_66,1.0,0,66,66,53
47,r_80_5_139,seq72,r_2_77_7,r_80_5_139,0.35,1,140,139,53
24,r_36_108_113,seq17,seq95,r_36_108_113,0.92,0,113,113,53
33,r_61_65_114,seq85,r_139_143_82,r_61_65_114,0.62,1,115,114,53
65,seq41,seq131,r_76_11_137,r_76_11_137,0.98,3,140,137,53
31,r_134_51_46,seq81,seq9,r_134_51_46,1.0,0,46,46,53
50,seq3,r_56_130_141,r_0_27_5,r_0_27_5,0.88,70,75,5,53
34,r_1_4_90,seq147,seq85,r_1_4_90,0.95,0,90,90,53
40,r_70_104_43,r_103_34_50,seq88,r_70_104_43,0.96,-1,42,43,53
94,seq113,r_52_109_96,seq78,r_52_109_96,1.0,-6,90,96,53
32,r_46_133_19,r_70_104_43,r_0_27_5,r_46_133_19,0.93,1,20,19,53
22,r_52_109_96,seq113,seq84,r_52_109_96,0.94,0,96,96,53
28,r_100_58_61,r_91_102_144,seq135,r_100_58_61,1.0,0,61,61,53
12,r_106_145_12,r_97_89_143,seq16,r_106_145_12,0.97,0,12,12,53
44,r_125_69_69,r_120_112_125,seq35,r_125_69_69,1.0,0,69,69,53
23,r_67_32_74,seq45,r_144_116_44,r_67_32_74,0.41,-2,72,74,53
42,r_103_34_50,seq117,seq45,r_103_34_50,1.0,0,50,50,53
35,r_132_43_140,seq88,r_52_109_96,r_52_109_96,0.99,44,140,96,53
14,r_38_8_53,r_52_109_96,r_20_29_8,r_38_8_53,0.97,2,55,53,53
30,r_30_108_144,r_104_110_118,r_29_24_131,r_104_110_118,0.77,1,119,118,54
0,r_88_111_20,r_61_137_98,r_51_1_52,r_88_111_20,0.79,38,58,20,54
16,r_3_119_108,r_70_94_1,seq18,r_3_119_108,0.96,0,108,108,54
39,r_62_58_76,r_46_84_121,seq129,r_62_58_76,0.92,1,77,76,54
42,r_61_137_98,r_12_98_123,r_52_69_45,r_61_137_98,0.93,-1,97,98,54
10,r_52_69_45,r_37_47_3,seq99,r_52_69_45,0.77,0,45,45,54
12,r_81_9_34,r_35_126_136,r_70_94_1,r_81_9_34,1.0,0,34,34,54
15,r_147_6_48,seq26,seq66,r_147_6_48,1.0,0,48,48,54
27,r_105_39_25,r_104_110_118,seq5,r_105_39_25,1.0,0,25,25,54
21,r_53_146_19,r_3_119_108,seq115,r_53_146_19,0.89,0,19,19,54
31,r_83_112_120,r_12_98_123,r_53_146_19,r_83_112_120,0.94,0,120,120,54
41,r_125_102_109,r_29_24_131,r_141_100_102,r_29_24_131,0.51,-22,109,131,54
14,r_134_76_31,r_35_126_136,seq127,r_134_76_31,0.6,-10,21,31,54
26,r_93_72_111,seq140,seq40,r_93_72_111,0.75,0,111,111,54
74,seq45,r_145_71_59,r_107_120_33,r_107_120_33,0.62,0,33,33,54
4,r_116_13_119,seq99,seq117,r_116_13_119,0.81,0,119,119,54
20,r_122_101_88,r_11_8_80,r_52_69_45,r_11_8_80,0.61,8,88,80,54
36,r_77_123_36,r_35_126_136,r_19_56_83,r_77_123_36,1.0,0,36,36,54
92,seq99,r_116_13_119,r_52_69_45,r_52_69_45,0.74,0,45,45,54
0,r_88_111_20,r_44_32_134,r_61_137_98,r_88_111_20,0.96,0,20,20,54
6,r_141_100_102,seq2,seq86,r_141_100_102,0.87,0,102,102,54
33,r_25_144_21,r_35_126_136,r_96_7_11,r_96_7_11,0.76,10,21,11,54
48,r_145_71_59,seq140,seq136,r_145_71_59,1.0,0,59,59,54
5,r_44_32_134,r_42_10_17,r_62_58_76,r_44_32_134,0.5,0,134,134,54
18,r_42_10_17,r_82_89_82,r_44_32_134,r_42_10_17,0.99,0,17,17,54
19,r_31_131_38,r_35_126_136,seq26,r_31_131_38,1.0,0,38,38,54
22,r_107_120_33,r_3_119_108,seq45,r_107_120_33,1.0,0,33,33,54
24,r_51_1_52,seq64,r_88_111_20,r_51_1_52,1.0,0,52,52,54
47,r_48_132_86,r_139_38_138,r_134_76_31,r_48_132_86,1.0,-1,85,86,54
28,r_29_24_131,r_125_102_109,r_96_7_11,r_96_7_11,1.0,0,11,11,54
43,r_96_7_11,r_79_57_110,r_29_24_131,r_96_7_11,1.0,0,11,11,54
40,r_138_148_126,r_139_38_138,r_134_76_31,r_138_148_126,0.38,0,126,126,54
29,r_103_59_78,seq23,seq50,r_103_59_78,1.0,0,78,78,54
43,r_96_7_11,r_29_24_131,r_25_144_21,r_29_24_131,0.85,3,134,131,54
48,r_145_71_59,seq136,r_79_57_110,r_79_57_110,1.0,13,123,110,54
65,seq21,r_138_148_126,r_91_36_44,r_138_148_126,0.99,-26,100,126,54
44,r_12_98_123,r_88_111_20,r_92_73_2,r_12_98_123,0.82,0,123,123,54
3,r_19_56_83,seq26,r_77_123_36,r_77_123_36,0.92,11,47,36,54
32,r_49_114_115,r_138_148_126,r_52_69_45,r_49_114_115,0.59,3,118,115,54
54,seq5,r_79_57_110,r_105_39_25,r_105_39_25,0.98,-2,23,25,54
17,r_79_57_110,seq5,r_145_71_59,r_145_71_59,0.48,51,110,59,54
36,r_77_123_36,r_19_56_83,r_31_131_38,r_19_56_83,1.0,0,83,83,54
9,r_46_84_121,r_62_58_76,r_105_39_25,r_62_58_76,0.68,46,122,76,54
3,r_19_56_83,r_77_123_36,r_91_36_44,r_19_56_83,1.0,0,83,83,54
5,r_44_32_134,r_88_111_20,r_42_10_17,r_44_32_134,0.92,-115,19,134,54
34,r_33_95_24,r_54_124_147,seq45,r_33_95_24,1.0,-1,23,24,54
56,seq129,r_35_126_136,r_62_58_76,r_62_58_76,0.97,1,77,76,54
18,r_42_10_17,r_44_32_134,r_37_47_3,r_44_32_134,0.81,0,134,134,54
44,r_12_98_123,r_61_137_98,r_88_111_20,r_12_98_123,0.91,-40,83,123,54
23,r_97_133_70,r_122_101_88,seq129,r_97_133_70,0.78,1,71,70,54
35,r_104_110_118,r_30_108_144,r_88_111_20,r_104_110_118,0.89,1,119,118,54
32,r_34_48_61,seq90,r_113_86_145,r_113_86_145,0.44,-34,111,145,55
12,r_46_0_129,seq135,r_72_139_41,r_46_0_129,0.98,1,130,129,55
47,r_4_5_20,r_124_20_114,r_57_47_7,r_4_5_20,0.88,-3,17,20,55
43,r_25_64_72,r_131_10_63,seq54,r_25_64_72,0.95,1,73,72,55
37,r_37_141_99,seq50,r_125_2_86,r_37_141_99,0.86,0,99,99,55
39,r_124_20_114,r_46_0_129,seq74,r_124_20_114,0.9,1,115,114,55
5,r_93_26_117,r_113_86_145,r_110_55_24,r_113_86_145,0.75,-25,120,145,55
42,r_145_127_115,seq99,r_51_103_100,r_51_103_100,0.99,21,121,100,55
45,r_51_103_100,seq6,r_36_101_9,r_51_103_100,0.97,0,100,100,55
35,r_147_32_51,seq120,r_84_1_148,r_147_32_51,1.0,0,51,51,55
19,r_130_44_103,r_84_1_148,seq99,r_130_44_103,0.94,2,105,103,55
16,r_118_95_38,r_125_2_86,seq126,r_118_95_38,1.0,0,38,38,55
89,seq104,r_49_128_124,seq89,r_49_128_124,0.66,0,124,124,55
26,r_113_86_145,r_93_26_117,r_34_48_61,r_34_48_61,0.64,54,115,61,55
28,r_24_136_74,r_25_64_72,r_118_95_38,r_24_136_74,0.76,2,76,74,55
14,r_36_101_9,seq106,r_30_122_107,r_30_122_107,1.0,23,130,107,55
4,r_146_132_73,seq106,seq17,r_146_132_73,1.0,0,73,73,55
20,r_12_33_91,seq149,r_19_142_81,r_12_33_91,0.73,0,91,91,55
13,r_59_88_127,r_84_1_148,r_113_86_145,r_59_88_127,0.68,0,127,127,55
46,r_110_55_24,seq99,seq9,r_110_55_24,0.4,97,121,24,55
15,r_61_85_102,seq41,r_108_13_136,r_61_85_102,0.75,3,105,102,55
94,seq114,r_69_144_43,r_29_91_77,r_69_144_43,0.83,1,44,43,55
48,r_71_115_125,seq87,seq96,r_71_115_125,0.71,0,125,125,55
15,r_61_85_102,r_108_13_136,r_29_91_77,r_61_85_102,0.82,34,136,102,55
27,r_31_133_119,seq43,r_29_91_77,r_31_133_119,0.7,2,121,119,55
1,r_69_144_43,seq114,r_58_119_47,r_69_144_43,0.7,8,51,43,55
87,seq99,r_145_127_115,r_130_44_103,r_130_44_103,0.98,18,121,103,55
29,r_108_13_136,r_61_85_102,r_22_98_25,r_108_13_136,0.94,0,136,136,55
18,r_77_52_108,seq107,seq15,r_77_52_108,0.96,0,108,108,55
29,r_108_13_136,seq90,r_61_85_102,r_61_85_102,0.57,2,104,102,55
24,r_19_142_81,seq109,seq129,r_19_142_81,0.99,1,82,81,55
25,r_65_79_78,seq41,r_105_123_54,r_65_79_78,1.0,2,80,78,55
68,seq50,r_37_141_99,seq15,r_37_141_99,0.9,0,99,99,55
32,r_34_48_61,seq99,seq90,r_34_48_61,0.95,0,61,61,55
22,r_100_38_14,r_46_0_129,r_36_101_9,r_100_38_14,0.97,0,14,14,55
34,r_66_137_89,r_143_73_2,seq27,r_66_137_89,0.95,0,89,89,55
40,r_22_98_25,r_24_136_74,seq107,r_22_98_25,1.0,-2,23,25,55
81,seq87,r_71_115_125,seq23,r_71_115_125,0.97,0,125,125,55
17,r_125_2_86,seq28,r_94_68_17,r_125_2_86,0.94,1,87,86,55
46,r_110_55_24,r_49_128_124,seq99,r_110_55_24,0.76,-1,23,24,55
6,r_16_8_29,r_131_10_63,seq39,r_16_8_29,0.97,-2,27,29,55
10,r_58_119_47,seq129,r_112_11_16,r_58_119_47,0.99,4,51,47,55
28,r_24_136_74,r_113_86_145,r_25_64_72,r_113_86_145,0.42,-85,60,145,55
36,r_72_139_41,r_77_52_108,seq92,r_72_139_41,1.0,0,41,41,55
11,r_94_68_17,seq129,r_131_10_63,r_94_68_17,0.53,19,36,17,55
49,r_30_122_107,seq96,r_36_101_9,r_30_122_107,0.91,1,108,107,55
41,r_112_11_16,seq114,seq109,r_112_11_16,0.97,0,16,16,55
7,r_29_91_77,r_131_10_63,seq114,r_131_10_63,0.62,10,73,63,55
44,r_131_10_63,r_29_91_77,r_94_68_17,r_131_10_63,0.84,10,73,63,55
40,r_31_16_59,r_37_88_81,seq96,r_31_16_59,1.0,-1,58,59,56
38,r_147_95_53,r_145_33_125,r_109_15_119,r_147_95_53,1.0,0,53,53,56
8,r_91_19_58,seq64,r_102_59_42,r_91_19_58,0.94,2,60,58,56
36,r_115_34_18,r_123_63_34,r_89_108_91,r_115_34_18,1.0,0,18,18,56
37,r_73_133_113,r_86_107_117,r_0_49_94,r_73_133_113,0.68,0,113,113,56
5,r_130_39_24,r_71_1_111,r_114_53_56,r_130_39_24,0.94,-2,22,24,56
39,r_93_131_64,r_71_1_111,seq69,r_71_1_111,0.65,-48,63,111,56
1,r_76_141_85,r_9_6_109,r_36_61_30,r_36_61_30,0.77,55,85,30,56
8,r_91_19_58,r_102_59_42,r_149_132_87,r_149_132_87,0.87,10,97,87,56
7,r_116_43_15,r_148_72_97,seq65,r_116_43_15,0.57,83,98,15,56
3,r_37_88_81,r_31_16_59,seq26,r_31_16_59,0.63,-25,34,59,56
95,seq112,r_38_3_116,r_13_120_84,r_13_120_84,0.83,34,118,84,56
38,r_147_95_53,r_109_15_119,r_123_63_34,r_109_15_119,1.0,0,119,119,56
31,r_13_120_84,seq139,seq99,r_13_120_84,1.0,0,84,84,56
41,r_38_3_116,seq112,r_78_113_28,r_38_3_116,0.55,2,118,116,56
10,r_17_70_93,r_114_53_56,r_115_34_18,r_115_34_18,0.76,75,93,18,56
16,r_77_48_133,r_146_20_35,r_145_33_125,r_77_48_133,0.88,0,133,133,56
48,r_78_113_28,r_89_108_91,seq137,r_78_113_28,0.97,0,28,28,56
92,seq104,r_126_97_65,seq11,r_126_97_65,1.0,-11,54,65,56
14,r_148_72_97,r_116_43_15,seq98,r_148_72_97,0.79,3,100,97,56
4,r_145_33_125,seq99,seq26,r_145_33_125,0.58,0,125,125,56
78,seq74,r_149_132_87,seq136,r_149_132_87,1.0,0,87,87,56
0,r_42_87_86,r_148_72_97,seq79,r_42_87_86,1.0,0,86,86,56
76,seq139,r_13_120_84,r_123_63_34,r_123_63_34,0.73,0,34,34,56
20,r_125_55_106,seq138,r_116_43_15,r_125_55_106,0.99,1,107,106,56
15,r_126_97_65,seq104,seq90,r_126_97_65,1.0,0,65,65,56
16,r_77_48_133,r_76_141_85,r_146_20_35,r_146_20_35,0.77,5,40,35,56
6,r_84_18_89,seq90,r_22_12_45,r_84_18_89,1.0,1,90,89,56
26,r_36_61_30,r_126_97_65,seq60,r_126_97_65,1.0,-35,30,65,56
2,r_109_15_119,r_147_95_53,r_17_70_93,r_109_15_119,1.0,0,119,119,56
42,r_86_107_117,r_73_133_113,r_102_59_42,r_102_59_42,0.58,0,42,42,56
47,r_4_32_4,r_9_6_109,r_52_124_128,r_9_6_109,1.0,1,110,109,56
29,r_68_134_115,seq11,r_130_39_24,r_68_134_115,0.65,1,116,115,56
24,r_149_132_87,seq74,r_91_19_58,r_149_132_87,1.0,3,90,87,56
35,r_146_20_35,r_77_48_133,r_52_124_128,r_77_48_133,0.86,0,133,133,56
25,r_0_49_94,seq90,seq60,r_0_49_94,1.0,0,94,94,56
46,r_57_135_32,seq26,seq25,r_57_135_32,1.0,0,32,32,56
27,r_123_63_34,r_73_133_113,seq139,r_123_63_34,1.0,0,34,34,56
87,seq96,r_119_92_57,r_31_16_59,r_31_16_59,0.99,-1,58,59,56
42,r_86_107_117,r_102_59_42,r_130_39_24,r_86_107_117,0.97,0,117,117,56
32,r_102_59_42,r_86_107_117,r_149_132_87,r_102_59_42,0.77,75,117,42,56
7,r_116_43_15,r_91_19_58,r_148_72_97,r_116_43_15,0.98,-1,14,15,56
3,r_37_88_81,seq26,seq90,r_37_88_81,1.0,0,81,81,56
17,r_110_2_11,r_123_63_34,seq138,r_110_2_11,1.0,0,11,11,56
35,r_146_20_35,seq80,r_77_48_133,r_146_20_35,1.0,0,35,35,56
14,r_148_72_97,r_42_87_86,r_116_43_15,r_116_43_15,0.75,17,32,15,56
2,r_109_15_119,r_13_120_84,r_147_95_53,r_147_95_53,0.67,2,55,53,56
30,r_119_92_57,seq96,seq104,r_119_92_57,0.78,-3,54,57,56
74,seq64,r_91_19_58,r_73_133_113,r_91_19_58,0.88,1,59,58,56
44,r_9_6_109,r_4_32_4,r_114_53_56,r_9_6_109,0.98,1,110,109,56
43,r_41_40_21,r_125_55_106,r_46_8_16,r_125_55_106,0.75,-84,22,106,56
60,seq25,r_125_55_106,r_57_135_32,r_57_135_32,0.92,0,32,32,56
37,r_103_38_56,r_34_147_112,seq108,r_103_38_56,1.0,0,56,56,57
92,seq108,r_142_26_129,r_25_129_74,r_25_129_74,0.99,55,129,74,57
14,r_81_21_69,seq56,r_39_63_102,r_81_21_69,1.0,0,69,69,57
8,r_3_115_111,seq50,seq134,r_3_115_111,0.92,0,111,111,57
26,r_22_19_19,r_80_44_44,seq20,r_22_19_19,0.92,2,21,19,57
15,r_80_44_44,seq62,r_109_83_3,r_80_44_44,0.9,0,44,44,57
21,r_25_129_74,r_132_70_95,r_103_38_56,r_25_129_74,0.79,0,74,74,57
5,r_94_124_46,seq119,r_121_47_101,r_94_124_46,0.74,20,66,46,57
46,r_1_77_77,r_143_13_71,seq107,r_1_77_77,0.97,0,77,77,57
42,r_140_41_39,r_121_47_101,seq119,r_121_47_101,0.55,-1,100,101,57
38,r_127_111_105,r_143_13_71,r_80_44_44,r_127_111_105,0.98,0,105,105,57
41,r_54_30_120,seq137,seq98,r_54_30_120,0.74,0,120,120,57
24,r_146_72_53,r_25_129_74,seq149,r_146_72_53,0.9,0,53,53,57
14,r_81_21_69,r_39_63_102,seq120,r_39_63_102,1.0,0,102,102,57
23,r_61_122_41,seq8,seq123,r_61_122_41,0.98,1,42,41,57
11,r_88_58_100,r_90_125_49,r_94_124_46,r_88_58_100,0.99,0,100,100,57
1,r_23_139_16,r_18_6_97,seq89,r_23_139_16,1.0,0,16,16,57
20,r_29_110_63,seq123,r_94_124_46,r_29_110_63,1.0,2,65,63,57
98,seq120,r_0_31_126,r_81_21_69,r_81_21_69,1.0,57,126,69,57
10,r_138_33_28,r_36_97_94,r_132_70_95,r_138_33_28,1.0,0,28,28,57
48,r_7_126_70,seq20,seq43,r_7_126_70,0.74,0,70,70,57
30,r_67_131_51,r_84_16_124,seq65,r_67_131_51,1.0,1,52,51,57
22,r_143_13_71,r_127_111_105,r_48_91_96,r_143_13_71,0.96,34,105,71,57
6,r_92_5_139,seq60,r_3_115_111,r_3_115_111,0.89,29,140,111,57
99,seq123,r_29_110_63,r_61_122_41,r_29_110_63,0.78,1,64,63,57
10,r_138_33_28,r_132_70_95,r_48_91_96,r_138_33_28,1.0,69,97,28,57
27,r_100_73_91,r_39_63_102,r_53_42_2,r_39_63_102,1.0,-6,96,102,57
87,seq98,r_84_16_124,r_54_30_120,r_84_16_124,0.47,0,124,124,57
2,r_36_97_94,seq98,r_37_101_9,r_36_97_94,0.87,0,94,94,57
74,seq56,r_81_21_69,r_79_106_148,r_81_21_69,0.96,0,69,69,57
18,r_90_125_49,r_88_58_100,r_130_57_35,r_90_125_49,0.99,53,102,49,57
29,r_84_16_124,seq50,seq56,r_84_16_124,0.85,0,124,124,57
25,r_39_63_102,r_100_73_91,seq82,r_39_63_102,1.0,-1,101,102,57
49,r_132_70_95,r_138_33_28,r_18_6_97,r_138_33_28,0.61,69,97,28,57
33,r_0_31_126,seq120,r_103_38_56,r_103_38_56,0.99,70,126,56,57
68,seq46,r_35_148_146,r_37_101_9,r_37_101_9,0.59,52,61,9,57
32,r_142_26_129,seq108,r_18_6_97,r_142_26_129,0.61,0,129,129,57
34,r_145_117_113,seq76,r_22_19_19,r_145_117_113,0.94,0,113,113,57
75,seq60,r_92_5_139,r_87_104_138,r_92_5_139,0.43,1,140,139,57
28,r_78_10_50,r_92_5_139,seq68,r_78_10_50,0.99,0,50,50,57
17,r_130_57_35,r_39_63_102,r_90_125_49,r_130_57_35,0.92,0,35,35,57
38,r_127_111_105,r_25_129_74,r_143_13_71,r_25_129_74,0.81,-37,37,74,57
12,r_4_86_42,seq14,r_22_19_19,r_4_86_42,0.99,3,45,42,57
22,r_143_13_71,r_69_93_142,r_127_111_105,r_143_13_71,0.7,6,77,71,57
49,r_132_70_95,r_25_129_74,r_138_33_28,r_132_70_95,0.96,-21,74,95,57
7,r_17_66_62,seq50,seq8,r_17_66_62,1.0,0,62,62,57
44,r_59_75_106,seq89,seq76,r_59_75_106,1.0,0,106,106,57
79,seq68,r_85_45_26,r_78_10_50,r_78_10_50,0.97,19,69,50,57
35,r_49_114_116,seq8,seq135,r_49_114_116,0.85,0,116,116,57
84,seq89,r_48_91_96,r_23_139_16,r_48_91_96,0.68,-34,62,96,57
26,r_96_138_27,seq29,seq35,r_96_138_27,1.0,0,27,27,58
30,r_63_118_134,seq93,r_14_28_30,r_63_118_134,0.47,-1,133,134,58
18,r_48_74_16,seq30,r_125_144_60,r_48_74_16,0.79,0,16,16,58
37,r_23_141_98,r_123_72_144,seq136,r_23_141_98,0.77,5,103,98,58
22,r_10_99_57,seq20,r_96_138_27,r_10_99_57,1.0,0,57,57,58
1,r_98_77_119,r_123_72_144,seq30,r_98_77_119,0.78,0,119,119,58
46,r_67_12_105,seq61,r_10_99_57,r_67_12_105,0.76,0,105,105,58
32,r_33_1_7,r_19_91_117,seq117,r_19_91_117,0.98,0,117,117,58
45,r_39_49_99,seq147,seq17,r_39_49_99,0.94,0,99,99,58
19,r_119_107_124,r_131_80_136,r_113_105_34,r_119_107_124,0.72,-1,123,124,58
15,r_19_91_117,r_33_1_7,r_16_18_8,r_19_91_117,0.82,0,117,117,58
41,r_25_87_86,seq95,seq85,r_25_87_86,0.52,3,89,86,58
14,r_42_92_22,r_26_121_132,seq65,r_42_92_22,0.98,0,22,22,58
90,seq130,r_46_34_129,r_40_8_32,r_46_34_129,0.4,1,130,129,58
5,r_14_28_30,r_39_49_99,r_89_120_39,r_14_28_30,0.9,0,30,30,58
48,r_125_144_60,r_127_69_29,r_48_74_16,r_125_144_60,0.65,-43,17,60,58
40,r_36_97_36,seq17,seq29,r_36_97_36,1.0,1,37,36,58
36,r_132_62_50,seq68,seq27,r_132_62_50,1.0,-1,49,50,58
4,r_21_124_69,seq64,seq147,r_21_124_69,1.0,0,69,69,58
0,r_115_47_103,seq35,r_4_142_71,r_115_47_103,0.96,2,105,103,58
63,seq27,r_114_71_112,r_132_62_50,r_132_62_50,0.93,61,111,50,58
95,seq104,seq85,r_75_54_80,r_75_54_80,0.61,10,90,80,58
11,r_103_145_106,seq45,r_127_69_29,r_103_145_106,0.6,4,110,106,58
13,r_53_51_93,seq5,r_125_144_60,r_125_144_60,1.0,33,93,60,58
98,seq117,r_19_91_117,r_33_1_7,r_19_91_117,0.97,0,117,117,58
34,r_109_134_67,r_127_69_29,r_43_101_44,r_109_134_67,0.99,0,67,67,58
6,r_4_142_71,seq58,r_73_88_70,r_4_142_71,0.82,1,72,71,58
52,seq5,seq45,r_113_105_34,r_113_105_34,0.98,24,58,34,58
27,r_31_52_107,r_11_110_146,seq29,r_31_52_107,0.57,3,110,107,58
12,r_148_0_19,r_11_110_146,seq58,r_148_0_19,0.95,1,20,19,58
39,r_113_105_34,seq64,seq5,r_113_105_34,1.0,1,35,34,58
87,seq85,r_41_56_108,r_25_87_86,r_41_56_108,0.58,-26,82,108,58
2,r_73_88_70,r_106_129_148,r_4_142_71,r_73_88_70,0.99,0,70,70,58
10,r_127_69_29,seq65,seq76,r_127_69_29,0.99,0,29,29,58
29,r_59_50_74,seq44,seq68,r_59_50_74,1.0,0,74,74,58
24,r_11_110_146,r_31_52_107,seq84,r_31_52_107,0.7,3,110,107,58
33,r_22_128_61,seq20,r_42_92_22,r_42_92_22,0.48,41,63,22,58
42,r_122_112_47,r_25_87_86,r_60_9_6,r_122_112_47,1.0,0,47,47,58
20,r_16_18_8,r_139_86_138,r_19_91_117,r_19_91_117,0.76,21,138,117,58
61,seq149,r_131_80_136,r_94_78_1,r_131_80_136,0.75,0,136,136,58
38,r_140_108_78,seq76,r_94_78_1,r_140_108_78,0.94,0,78,78,58
18,r_48_74_16,r_42_92_22,r_148_0_19,r_148_0_19,0.56,84,103,19,58
18,r_48_74_16,r_125_144_60,r_42_92_22,r_125_144_60,0.69,2,62,60,58
75,seq61,r_67_12_105,seq95,r_67_12_105,1.0,1,106,105,58
3,r_40_8_32,r_41_56_108,seq126,r_41_56_108,0.63,-75,33,108,58
60,seq20,r_22_128_61,r_43_101_44,r_43_101_44,0.54,19,63,44,58
81,seq76,r_140_108_78,r_127_69_29,r_140_108_78,0.74,-2,76,78,58
17,r_131_80_136,seq149,r_23_141_98,r_131_80_136,0.49,0,136,136,58
48,r_125_144_60,r_48_74_16,seq55,r_125_144_60,0.99,2,62,60,58
9,r_114_71_112,seq27,r_39_49_99,r_114_71_112,0.75,-1,111,112,58
34,r_109_134_67,r_113_105_34,r_127_69_29,r_109_134_67,0.86,-35,32,67,58
47,r_43_101_44,seq3,seq20,r_43_101_44,1.0,0,44,44,58
7,r_139_86_138,r_16_18_8,r_89_120_39,r_16_18_8,0.3,130,138,8,58
44,r_41_56_108,seq85,r_109_134_67,r_41_56_108,0.9,0,108,108,58
23,r_75_54_80,seq126,seq104,r_75_54_80,0.77,1,81,80,58
79,seq68,seq3,r_59_50_74,r_59_50_74,1.0,2,76,74,58
30,r_2_127_72,seq42,seq19,r_2_127_72,1.0,1,73,72,59
51,seq129,r_37_90_97,seq142,r_37_90_97,0.95,-25,72,97,59
36,r_111_134_137,seq36,r_99_4_67,r_99_4_67,0.78,70,137,67,59
8,r_99_4_67,seq133,seq44,r_99_4_67,1.0,1,68,67,59
10,r_73_3_80,r_41_46_136,r_124_70_91,r_41_46_136,0.77,2,138,136,59
37,r_38_66_24,r_144_61_132,seq131,r_38_66_24,1.0,-1,23,24,59
46,r_37_90_97,seq129,r_124_70_91,r_124_70_91,0.95,6,97,91,59
44,r_6_13_22,r_91_62_123,r_88_33_21,r_6_13_22,1.0,1,23,22,59
45,r_23_119_130,r_144_61_132,r_104_17_75,r_23_119_130,0.62,1,131,130,59
39,r_80_16_32,seq96,seq53,r_80_16_32,1.0,0,32,32,59
41,r_104_17_75,seq18,r_2_127_72,r_104_17_75,0.98,0,75,75,59
20,r_67_11_42,seq30,r_144_61_132,r_67_11_42,1.0,0,42,42,59
3,r_124_70_91,seq48,r_95_86_70,r_124_70_91,1.0,0,91,91,59
10,r_73_3_80,seq45,r_41_46_136,r_73_3_80,0.95,5,85,80,59
4,r_72_101_85,seq15,seq18,r_72_101_85,1.0,0,85,85,59
13,r_91_62_123,r_20_139_143,seq146,r_91_62_123,0.77,1,124,123,59
15,r_32_137_86,r_41_46_136,seq142,r_32_137_86,0.92,3,89,86,59
48,r_128_57_103,seq18,r_73_3_80,r_128_57_103,0.8,5,108,103,59
6,r_43_49_96,seq106,r_20_139_143,r_43_49_96,1.0,1,97,96,59
53,seq131,r_27_147_52,r_38_66_24,r_27_147_52,0.64,0,52,52,59
2,r_41_46_136,r_73_3_80,r_71_39_39,r_41_46_136,0.55,2,138,136,59
27,r_93_103_95,seq30,r_88_33_21,r_93_103_95,0.98,0,95,95,59
19,r_143_100_46,seq8,r_82_113_8,r_143_100_46,1.0,2,48,46,59
34,r_74_64_44,r_87_108_146,seq130,r_74_64_44,1.0,0,44,44,59
29,r_148_138_36,r_114_10_127,seq18,r_148_138_36,1.0,0,36,36,59
2,r_41_46_136,r_32_137_86,r_73_3_80,r_41_46_136,0.45,-61,75,136,59
47,r_35_58_63,seq96,seq102,r_35_58_63,0.99,1,64,63,59
40,r_115_85_126,seq19,r_124_70_91,r_124_70_91,0.94,38,129,91,59
24,r_116_5_125,seq81,r_132_145_124,r_116_5_125,0.8,0,125,125,59
25,r_65_98_112,seq0,r_148_138_36,r_65_98_112,0.66,1,113,112,59
33,r_76_135_106,seq19,seq63,r_76_135_106,0.62,0,106,106,59
17,r_109_54_14,r_132_145_124,seq96,r_109_54_14,0.76,4,18,14,59
18,r_21_110_54,seq102,r_125_14_28,r_21_110_54,0.66,1,55,54,59
20,r_67_11_42,r_144_61_132,r_80_16_32,r_67_11_42,0.59,90,132,42,59
32,r_95_86_70,seq26,r_74_64_44,r_95_86_70,0.99,0,70,70,59
38,r_20_139_143,r_91_62_123,r_43_49_96,r_43_49_96,0.92,28,124,96,59
0,r_27_147_52,seq131,seq68,r_27_147_52,1.0,0,52,52,59
26,r_71_39_39,r_91_62_123,seq149,r_71_39_39,0.99,0,39,39,59
60,seq18,r_128_57_103,r_72_101_85,r_72_101_85,0.73,23,108,85,59
14,r_125_14_28,r_23_119_130,seq146,r_125_14_28,1.0,0,28,28,59
5,r_24_83_20,r_87_108_146,seq92,r_24_83_20,0.71,0,20,20,59
9,r_114_10_127,seq44,r_97_9_68,r_97_9_68,1.0,61,129,68,59
11,r_123_56_12,r_99_4_67,seq55,r_123_56_12,1.0,0,12,12,59
28,r_144_61_132,r_67_11_42,r_60_105_30,r_144_61_132,0.97,0,132,132,59
28,r_144_61_132,r_23_119_130,r_67_11_42,r_67_11_42,1.0,23,65,42,59
91,seq106,r_43_49_96,seq140,r_43_49_96,1.0,1,97,96,59
42,r_88_33_21,seq140,seq117,r_88_33_21,1.0,0,21,21,59
49,r_79_50_134,seq30,r_132_145_124,r_79_50_134,0.63,0,134,134,59
82,seq68,seq94,r_27_147_52,r_27_147_52,0.99,0,52,52,59
31,r_60_105_30,r_73_3_80,seq94,r_60_105_30,1.0,1,31,30,59
7,r_132_145_124,seq31,seq63,r_132_145_124,0.74,0,124,124,59
23,r_97_9_68,seq59,seq68,r_97_9_68,1.0,0,68,68,59
17,r_109_54_14,seq96,r_73_3_80,r_73_3_80,0.87,22,102,80,59
30,r_66_8_78,r_53_139_94,seq135,r_66_8_78,0.95,0,78,78,60
36,r_17_145_139,seq124,seq102,r_17_145_139,0.29,0,139,139,60
14,r_144_85_77,r_84_52_98,seq64,r_144_85_77,1.0,0,77,77,60
37,r_51_0_99,seq45,seq87,r_51_0_99,0.96,0,99,99,60
3,r_6_32_106,r_33_9_23,seq78,r_6_32_106,1.0,0,106,106,60
16,r_142_98_72,r_97_57_125,seq82,r_142_98_72,0.92,2,74,72,60
39,r_1_112_60,r_84_52_98,seq37,r_1_112_60,1.0,0,60,60,60
1,r_81_101_64,seq40,r_86_117_103,r_81_101_64,1.0,0,64,64,60
5,r_86_117_103,seq42,r_33_9_23,r_86_117_103,0.95,0,103,103,60
46,r_104_132_73,seq40,seq89,r_104_132_73,0.9,10,83,73,60
69,seq43,seq133,r_147_35_42,r_147_35_42,1.0,39,81,42,60
84,seq78,r_118_108_126,seq10,r_118_108_126,0.44,-79,47,126,60
24,r_41_5_17,seq45,r_84_52_98,r_84_52_98,1.0,8,106,98,60
41,r_53_139_94,seq45,r_3_105_83,r_53_139_94,1.0,0,94,94,60
3,r_6_32_106,r_28_90_71,r_33_9_23,r_6_32_106,0.78,-83,23,106,60
10,r_28_90_71,r_71_47_88,r_96_88_22,r_28_90_71,0.79,-1,70,71,60
26,r_143_46_100,seq137,r_33_9_23,r_143_46_100,1.0,1,101,100,60
72,seq135,r_109_94_104,r_56_36_82,r_56_36_82,0.99,13,95,82,60
4,r_97_57_125,r_142_98_72,seq87,r_142_98_72,0.98,0,72,72,60
0,r_134_14_84,seq87,r_22_95_58,r_134_14_84,0.58,1,85,84,60
11,r_120_149_61,r_3_105_83,seq10,r_120_149_61,1.0,0,61,61,60
1,r_81_101_64,r_86_117_103,r_24_65_93,r_81_101_64,0.87,39,103,64,60
20,r_24_65_93,r_72_55_148,r_81_101_64,r_72_55_148,1.0,-55,93,148,60
98,seq124,r_71_47_88,r_33_9_23,r_71_47_88,1.0,1,89,88,60
44,r_23_26_35,r_129_121_102,r_70_116_15,r_23_26_35,1.0,0,35,35,60
45,r_44_141_57,seq42,r_33_9_23,r_44_141_57,1.0,-1,56,57,60
6,r_3_105_83,r_143_46_100,r_142_98_72,r_3_105_83,1.0,0,83,83,60
19,r_96_88_22,r_6_32_106,seq34,r_96_88_22,0.98,0,22,22,60
4,r_97_57_125,seq87,r_66_8_78,r_97_57_125,0.83,0,125,125,60
35,r_33_9_23,seq133,r_44_141_57,r_44_141_57,1.0,-1,56,57,60
2,r_84_52_98,r_6_32_106,r_41_5_17,r_84_52_98,0.93,0,98,98,60
47,r_79_148_95,seq45,r_70_116_15,r_79_148_95,0.96,0,95,95,60
29,r_109_94_104,seq135,r_21_123_37,r_21_123_37,0.99,70,107,37,60
25,r_129_121_102,seq19,r_54_107_149,r_129_121_102,0.62,6,108,102,60
33,r_59_20_85,seq63,seq73,r_59_20_85,1.0,0,85,85,60
28,r_50_128_30,r_24_65_93,seq45,r_50_128_30,0.98,0,30,30,60
43,r_21_123_37,seq19,seq136,r_21_123_37,0.99,0,37,37,60
38,r_56_36_82,seq60,seq135,r_56_36_82,0.97,0,82,82,60
34,r_48_114_124,r_13_12_133,r_143_46_100,r_143_46_100,0.53,24,124,100,60
15,r_122_29_47,r_22_95_58,seq82,r_22_95_58,0.57,1,59,58,60
40,r_125_130_48,seq34,seq42,r_125_130_48,1.0,0,48,48,60
15,r_122_29_47,r_79_148_95,r_22_95_58,r_122_29_47,0.88,0,47,47,60
17,r_118_108_126,seq62,r_67_58_21,r_118_108_126,0.49,3,129,126,60
18,r_67_58_21,r_24_65_93,seq4,r_67_58_21,0.92,0,21,21,60
9,r_138_74_76,r_104_132_73,seq42,r_138_74_76,1.0,0,76,76,60
12,r_70_116_15,seq136,seq40,r_70_116_15,1.0,0,15,15,60
84,seq78,seq10,r_6_32_106,r_6_32_106,1.0,19,125,106,60
24,r_41_5_17,seq111,seq45,r_41_5_17,0.7,-2,15,17,60
49,r_103_119_101,seq82,r_33_9_23,r_103_119_101,0.93,0,101,101,60
7,r_115_15_65,seq37,seq40,r_115_15_65,1.0,0,65,65,60
22,r_106_39_25,seq2,seq75,r_106_39_25,0.97,0,25,25,60
21,r_147_35_42,r_24_65_93,seq43,r_147_35_42,0.99,0,42,42,60
30,r_65_51_96,r_81_114_4,r_123_147_92,r_123_147_92,0.95,7,99,92,61
44,r_15_52_28,r_95_142_136,r_23_131_88,r_23_131_88,1.0,2,90,88,61
8,r_68_1_70,r_54_49_117,seq149,r_68_1_70,1.0,0,70,70,61
18,r_70_4_12,r_45_109_93,r_132_94_73,r_45_109_93,0.72,-23,70,93,61
42,r_19_20_26,seq149,r_82_117_89,r_19_20_26,1.0,0,26,26,61
37,r_2_136_61,seq8,seq84,r_2_136_61,0.92,4,65,61,61
55,seq138,r_41_58_132,r_91_110_67,r_91_110_67,0.92,1,68,67,61
71,seq56,r_18_121_107,r_5_102_85,r_5_102_85,1.0,23,108,85,61
5,r_135_71_69,seq125,r_81_114_4,r_135_71_69,0.95,1,70,69,61
46,r_89_53_65,seq37,r_88_46_52,r_88_46_52,1.0,23,75,52,61
22,r_3_105_18,r_130_86_68,seq9,r_3_105_18,0.99,1,19,18,61
18,r_70_4_12,r_41_58_132,r_45_109_93,r_70_4_12,1.0,0,12,12,61
31,r_5_102_85,seq77,seq76,r_5_102_85,1.0,0,85,85,61
41,r_132_94_73,seq75,r_70_4_12,r_132_94_73,0.82,0,73,73,61
89,seq101,r_104_38_94,seq99,r_104_38_94,1.0,2,96,94,61
10,r_81_114_4,r_65_51_96,r_135_71_69,r_135_71_69,0.71,30,99,69,61
26,r_40_128_103,r_16_26_142,r_123_147_92,r_40_128_103,0.78,0,103,103,61
72,seq139,r_22_140_115,seq67,r_22_140_115,0.98,1,116,115,61
23,r_45_109_93,r_82_117_89,r_70_4_12,r_70_4_12,0.8,22,34,12,61
4,r_23_131_88,seq124,r_27_35_77,r_23_131_88,0.99,0,88,88,61
11,r_126_103_90,seq74,seq67,r_126_103_90,1.0,0,90,90,61
20,r_91_110_67,r_95_142_136,seq138,r_91_110_67,1.0,0,67,67,61
15,r_123_147_92,seq11,seq75,r_123_147_92,0.97,0,92,92,61
48,r_137_62_97,r_22_140_115,r_14_119_48,r_137_62_97,0.99,0,97,97,61
68,seq39,seq108,r_88_46_52,r_88_46_52,1.0,4,56,52,61
6,r_107_98_63,r_60_48_71,seq124,r_107_98_63,0.93,2,65,63,61
16,r_148_10_14,seq44,seq122,r_148_10_14,0.79,-2,12,14,61
85,seq84,r_50_21_119,seq13,r_50_21_119,0.92,2,121,119,61
99,seq125,r_135_71_69,seq75,r_135_71_69,0.99,1,70,69,61
0,r_79_61_43,r_18_121_107,seq9,r_79_61_43,1.0,1,44,43,61
27,r_104_38_94,seq101,r_45_109_93,r_104_38_94,0.84,2,96,94,61
47,r_95_142_136,r_91_110_67,r_15_52_28,r_95_142_136,0.61,-69,67,136,61
74,seq64,seq44,r_14_119_48,r_14_119_48,1.0,26,74,48,61
23,r_45_109_93,r_70_4_12,r_144_113_2,r_45_109_93,1.0,-1,92,93,61
24,r_0_34_86,seq28,r_70_4_12,r_0_34_86,0.76,2,88,86,61
25,r_130_86_68,seq17,r_41_58_132,r_130_86_68,1.0,0,68,68,61
38,r_82_117_89,seq145,r_19_20_26,r_19_20_26,1.0,10,36,26,61
47,r_95_142_136,r_15_52_28,seq72,r_95_142_136,0.84,0,136,136,61
14,r_55_116_30,seq28,seq9,r_55_116_30,1.0,0,30,30,61
29,r_88_46_52,seq9,seq39,r_88_46_52,1.0,0,52,52,61
34,r_60_48_71,seq37,seq8,r_60_48_71,0.9,0,71,71,61
40,r_100_80_23,seq101,seq77,r_100_80_23,1.0,0,23,23,61
75,seq67,seq139,r_126_103_90,r_126_103_90,0.66,2,92,90,61
17,r_27_35_77,r_5_102_85,r_15_52_28,r_5_102_85,0.73,-7,78,85,61
25,r_130_86_68,r_41_58_132,r_91_110_67,r_41_58_132,1.0,0,132,132,61
28,r_41_58_132,r_130_86_68,r_42_83_53,r_41_58_132,0.81,0,132,132,61
7,r_42_83_53,seq129,seq120,r_42_83_53,1.0,0,53,53,61
28,r_41_58_132,seq138,r_130_86_68,r_130_86_68,1.0,0,68,68,61
49,r_22_140_115,seq139,seq37,r_22_140_115,0.76,1,116,115,61
3,r_43_134_36,r_0_34_86,seq112,r_0_34_86,0.91,6,92,86,61
79,seq74,r_126_103_90,seq6,r_126_103_90,1.0,0,90,90,61
43,r_14_119_48,seq125,seq64,r_14_119_48,1.0,0,48,48,61
44,r_15_52_28,seq69,r_95_142_136,r_15_52_28,0.97,0,28,28,61
3,r_43_134_36,r_27_35_77,r_0_34_86,r_43_134_36,0.97,2,38,36,61
64,seq29,r_21_78_46,r_106_69_33,r_106_69_33,1.0,1,34,33,62
82,seq82,r_118_56_25,r_25_10_100,r_118_56_25,0.87,1,26,25,62
21,r_47_91_68,seq134,r_43_39_8,r_47_91_68,0.96,1,69,68,62
1,r_138_101_62,seq146,r_43_39_8,r_138_101_62,1.0,0,62,62,62
31,r_15_112_90,r_21_78_46,r_147_119_99,r_147_119_99,0.97,4,103,99,62
5,r_84_75_116,seq11,seq146,r_84_75_116,0.65,0,116,116,62
35,r_79_130_29,seq40,seq67,r_79_130_29,1.0,1,30,29,62
32,r_9_92_38,r_116_145_125,seq11,r_9_92_38,1.0,0,38,38,62
42,r_21_78_46,r_15_112_90,r_140_24_58,r_15_112_90,0.8,8,98,90,62
19,r_122_76_122,seq102,r_118_56_25,r_118_56_25,0.48,100,125,25,62
8,r_90_93_17,r_116_145_125,seq114,r_90_93_17,1.0,1,18,17,62
41,r_147_119_99,seq40,r_15_112_90,r_147_119_99,0.98,0,99,99,62
44,r_129_13_130,seq20,r_118_56_25,r_129_13_130,0.46,-106,24,130,62
3,r_116_145_125,r_149_4_134,r_43_39_8,r_116_145_125,0.75,0,125,125,62
7,r_66_89_20,r_86_136_1,seq148,r_66_89_20,1.0,2,22,20,62
26,r_16_125_84,r_25_10_100,r_132_59_39,r_25_10_100,0.68,-16,84,100,62
72,seq54,r_27_98_89,seq61,r_27_98_89,0.89,-17,72,89,62
4,r_137_72_105,r_127_120_85,seq67,r_137_72_105,0.93,-16,89,105,62
46,r_118_56_25,seq82,r_129_13_130,r_118_56_25,0.75,1,26,25,62
18,r_128_143_52,r_122_76_122,r_139_68_135,r_128_143_52,0.99,0,52,52,62
42,r_21_78_46,seq29,r_15_112_90,r_21_78_46,0.96,0,46,46,62
22,r_83_110_53,r_58_18_141,seq102,r_83_110_53,1.0,0,53,53,62
13,r_45_6_74,r_15_112_90,r_25_10_100,r_25_10_100,0.82,-28,72,100,62
46,r_118_56_25,r_129_13_130,r_122_76_122,r_129_13_130,0.31,-4,126,130,62
15,r_149_4_134,r_116_145_125,r_2_28_120,r_149_4_134,0.65,-9,125,134,62
6,r_1_53_95,seq20,r_106_69_33,r_106_69_33,0.8,62,95,33,62
10,r_140_24_58,r_37_57_91,r_21_78_46,r_37_57_91,0.93,-37,54,91,62
58,seq17,r_21_78_46,r_12_135_114,r_21_78_46,0.34,79,125,46,62
39,r_132_59_39,r_30_46_40,seq63,r_132_59_39,1.0,0,39,39,62
47,r_103_87_113,seq22,r_128_143_52,r_103_87_113,0.94,1,114,113,62
29,r_133_60_127,r_25_10_100,seq88,r_133_60_127,0.64,1,128,127,62
24,r_27_98_89,seq54,seq67,r_27_98_89,0.45,1,90,89,62
25,r_2_28_120,r_139_68_135,r_149_4_134,r_2_28_120,0.6,1,121,120,62
33,r_127_120_85,r_137_72_105,seq11,r_127_120_85,0.87,-1,84,85,62
31,r_15_112_90,r_45_6_74,r_21_78_46,r_21_78_46,0.9,0,46,46,62
58,seq17,r_37_57_91,r_21_78_46,r_37_57_91,1.0,0,91,91,62
77,seq67,r_44_7_118,r_27_98_89,r_27_98_89,0.54,41,130,89,62
9,r_106_69_33,seq114,seq29,r_106_69_33,1.0,0,33,33,62
27,r_33_141_22,seq20,seq52,r_33_141_22,0.76,0,22,22,62
28,r_37_57_91,seq17,seq40,r_37_57_91,1.0,0,91,91,62
23,r_35_19_56,r_32_108_119,seq146,r_35_19_56,1.0,0,56,56,62
49,r_32_108_119,seq61,r_43_39_8,r_32_108_119,0.56,2,121,119,62
18,r_128_143_52,r_139_68_135,r_103_87_113,r_103_87_113,0.68,-1,112,113,62
43,r_42_38_45,seq126,r_51_31_82,r_42_38_45,1.0,0,45,45,62
12,r_123_107_94,r_32_108_119,r_34_48_12,r_123_107_94,0.56,2,96,94,62
14,r_30_46_40,r_132_59_39,seq124,r_132_59_39,0.98,0,39,39,62
0,r_54_28_28,r_46_64_134,seq146,r_54_28_28,0.99,0,28,28,63
12,r_99_16_57,seq83,seq129,r_99_16_57,1.0,0,57,57,63
2,r_22_59_85,r_31_143_45,r_44_85_60,r_22_59_85,0.87,5,90,85,63
36,r_37_56_122,seq51,seq139,r_37_56_122,0.88,0,122,122,63
49,r_31_143_45,r_144_52_124,r_22_59_85,r_31_143_45,0.95,-1,44,45,63
43,r_134_80_107,seq12,r_67_108_70,r_67_108_70,1.0,40,110,70,63
10,r_49_3_52,seq87,r_54_28_28,r_49_3_52,1.0,0,52,52,63
38,r_137_9_12,r_37_56_122,seq136,r_137_9_12,0.74,4,16,12,63
16,r_2_20_118,seq136,seq70,r_2_20_118,0.8,0,118,118,63
30,r_15_41_23,r_91_127_46,seq71,r_15_41_23,1.0,0,23,23,63
1,r_104_145_6,r_106_149_76,r_109_76_71,r_104_145_6,0.99,70,76,6,63
33,r_101_138_20,r_33_120_65,seq129,r_101_138_20,1.0,0,20,20,63
46,r_26_117_63,seq30,seq38,r_26_117_63,1.0,-1,62,63,63
23,r_1_73_21,seq126,seq55,r_1_73_21,0.9,1,22,21,63
19,r_112_119_102,seq55,seq60,r_112_119_102,0.93,0,102,102,63
2,r_22_59_85,seq126,r_31_143_45,r_31_143_45,0.42,4,49,45,63
25,r_43_122_2,seq126,r_91_127_46,r_91_127_46,1.0,1,47,46,63
41,r_39_75_88,seq129,seq131,r_39_75_88,0.76,0,88,88,63
8,r_35_110_51,seq147,seq107,r_35_110_51,1.0,-1,50,51,63
86,seq147,r_35_110_51,seq19,r_35_110_51,1.0,-7,44,51,63
3,r_67_108_70,r_118_61_105,r_25_57_66,r_67_108_70,1.0,0,70,70,63
4,r_18_102_77,seq4,seq81,r_18_102_77,0.81,1,78,77,63
11,r_48_89_119,seq139,r_86_142_31,r_48_89_119,0.93,1,120,119,63
39,r_63_111_1,r_96_78_148,r_86_142_31,r_86_142_31,0.93,0,31,31,63
13,r_103_130_109,seq19,r_15_41_23,r_103_130_109,0.88,0,109,109,63
15,r_46_64_134,seq128,r_116_42_5,r_46_64_134,0.62,0,134,134,63
48,r_90_121_94,seq95,r_15_41_23,r_15_41_23,0.74,71,94,23,63
6,r_44_85_60,r_5_148_132,r_22_59_85,r_44_85_60,0.94,10,70,60,63
62,seq19,r_103_130_109,seq147,r_103_130_109,0.97,0,109,109,63
29,r_17_72_29,seq70,seq132,r_17_72_29,0.88,0,29,29,63
99,seq126,r_43_122_2,r_44_85_60,r_44_85_60,0.9,3,63,60,63
76,seq62,r_37_56_122,r_0_27_13,r_0_27_13,0.56,9,22,13,63
5,r_94_13_104,r_97_58_36,r_49_3_52,r_94_13_104,0.99,0,104,104,63
42,r_97_58_36,r_99_16_57,r_94_13_104,r_97_58_36,0.75,-4,32,36,63
20,r_0_27_13,r_25_57_66,seq62,r_0_27_13,1.0,0,13,13,63
47,r_65_105_126,seq71,seq53,r_65_105_126,0.57,0,126,126,63
18,r_33_120_65,seq88,seq30,r_33_120_65,1.0,0,65,65,63
24,r_109_76_71,seq107,r_104_145_6,r_109_76_71,0.76,0,71,71,63
5,r_94_13_104,r_37_56_122,r_97_58_36,r_97_58_36,0.89,8,44,36,63
88,seq88,r_33_120_65,seq87,r_33_120_65,1.0,-1,64,65,63
80,seq71,r_65_105_126,r_15_41_23,r_15_41_23,0.79,9,32,23,63
68,seq38,seq14,r_26_117_63,r_26_117_63,1.0,6,69,63,63
42,r_97_58_36,r_94_13_104,seq24,r_94_13_104,1.0,0,104,104,63
32,r_77_10_136,seq93,r_67_108_70,r_67_108_70,1.0,66,136,70,63
26,r_86_142_31,seq132,seq70,r_86_142_31,0.92,3,34,31,63
27,r_29_6_35,seq128,seq30,r_29_6_35,0.55,1,36,35,63
21,r_91_127_46,seq21,r_43_122_2,r_91_127_46,0.94,0,46,46,63
37,r_106_149_76,r_104_145_6,r_15_41_23,r_106_149_76,1.0,0,76,76,63
22,r_66_50_80,r_39_75_88,r_43_122_2,r_66_50_80,1.0,0,80,80,63
7,r_118_61_105,seq74,seq132,r_118_61_105,1.0,0,105,105,63
35,r_36_23_120,seq51,seq19,r_36_23_120,0.7,1,121,120,63
30,r_49_1_70,r_41_18_4,r_51_6_72,r_49_1_70,0.85,-1,69,70,64
0,r_138_59_28,seq9,seq140,r_138_59_28,1.0,0,28,28,64
12,r_100_69_57,r_62_141_60,seq37,r_100_69_57,1.0,0,57,57,64
36,r_20_147_71,r_118_63_107,r_100_69_57,r_20_147_71,0.9,0,71,71,64
8,r_41_18_4,r_49_1_70,r_112_115_65,r_112_115_65,0.91,6,71,65,64
43,r_114_15_127,seq144,r_104_88_10,r_114_15_127,0.81,0,127,127,64
32,r_22_45_31,r_104_88_10,seq113,r_22_45_31,1.0,0,31,31,64
16,r_76_38_85,seq44,r_2_3_59,r_2_3_59,1.0,30,89,59,64
39,r_119_24_90,seq79,r_148_52_149,r_119_24_90,0.92,1,91,90,64
1,r_82_129_108,seq140,seq130,r_82_129_108,0.99,0,108,108,64
5,r_81_23_103,seq11,r_49_1_70,r_81_23_103,0.99,0,103,103,64
46,r_149_106_126,seq146,r_105_72_95,r_149_106_126,0.8,0,126,126,64
80,seq68,r_53_137_112,r_32_101_52,r_53_137_112,1.0,1,113,112,64
35,r_2_3_59,r_122_127_98,r_35_48_81,r_35_48_81,0.92,-22,59,81,64
15,r_94_56_42,seq130,r_30_47_2,r_94_56_42,1.0,0,42,42,64
19,r_142_143_84,r_122_127_98,seq7,r_142_143_84,0.84,1,85,84,64
31,r_8_64_133,seq44,r_145_135_148,r_8_64_133,0.72,0,133,133,64
41,r_134_36_125,seq44,r_148_52_149,r_148_52_149,0.92,-24,125,149,64
67,seq27,r_119_24_90,r_121_97_109,r_121_97_109,0.55,-36,73,109,64
44,r_116_61_25,seq120,seq140,r_116_61_25,1.0,-1,24,25,64
3,r_148_52_149,r_132_73_92,r_119_24_90,r_132_73_92,0.59,0,92,92,64
10,r_62_141_60,seq140,seq110,r_62_141_60,0.99,1,61,60,64
98,seq120,r_116_61_25,seq11,r_116_61_25,0.99,-1,24,25,64
26,r_102_87_83,r_108_124_75,r_35_48_81,r_108_124_75,0.87,-9,66,75,64
13,r_118_63_107,r_121_97_109,r_90_92_69,r_118_63_107,0.98,0,107,107,64
6,r_112_115_65,r_90_92_69,r_41_18_4,r_112_115_65,0.96,0,65,65,64
33,r_109_50_21,seq79,seq85,r_109_50_21,1.0,0,21,21,64
27,r_132_73_92,r_148_52_149,r_22_45_31,r_132_73_92,1.0,0,92,92,64
21,r_13_91_29,r_65_77_62,seq11,r_13_91_29,1.0,0,29,29,64
17,r_136_19_27,r_104_88_10,seq16,r_136_19_27,1.0,0,27,27,64
40,r_53_137_112,seq68,r_121_97_109,r_53_137_112,0.98,1,113,112,64
18,r_105_72_95,seq130,seq111,r_105_72_95,0.72,0,95,95,64
29,r_65_77_62,seq7,r_35_48_81,r_65_77_62,0.98,0,62,62,64
24,r_51_6_72,seq14,r_99_54_34,r_99_54_34,0.7,39,73,34,64
25,r_70_89_99,seq34,r_109_50_21,r_70_89_99,0.8,1,100,99,64
38,r_98_133_58,r_114_15_127,r_99_54_34,r_98_133_58,1.0,3,61,58,64
34,r_121_97_109,r_118_63_107,seq27,r_121_97_109,0.7,-2,107,109,64
2,r_32_101_52,seq111,seq117,r_32_101_52,0.78,0,52,52,64
96,seq113,r_145_135_148,r_22_45_31,r_22_45_31,0.87,2,33,31,64
9,r_122_127_98,r_67_28_130,r_35_48_81,r_122_127_98,1.0,0,98,98,64
22,r_42_78_114,r_149_106_126,r_122_127_98,r_42_78_114,0.98,1,115,114,64
28,r_108_124_75,seq14,seq123,r_108_124_75,0.97,3,78,75,64
7,r_90_92_69,seq26,seq130,r_90_92_69,0.98,4,73,69,64
23,r_66_128_74,seq79,r_138_59_28,r_66_128_74,0.96,2,76,74,64
84,seq79,r_66_128_74,seq40,r_66_128_74,0.99,2,76,74,64
30,r_16_83_111,r_111_127_144,seq48,r_111_127_144,0.89,-32,112,144,65
26,r_95_112_45,seq90,seq61,r_95_112_45,1.0,1,46,45,65
14,r_35_89_100,r_77_134_140,seq108,r_35_89_100,0.98,0,100,100,65
41,r_77_134_140,r_43_46_14,r_124_107_47,r_77_134_140,0.81,0,140,140,65
31,r_5_19_35,r_64_52_15,seq71,r_5_19_35,1.0,0,35,35,65
18,r_121_27_50,r_31_82_134,seq55,r_121_27_50,0.99,1,51,50,65
4,r_76_118_10,r_41_53_36,seq55,r_76_118_10,0.82,0,10,10,65
46,r_125_12_11,r_128_63_85,seq49,r_125_12_11,0.95,0,11,11,65
24,r_37_122_49,r_113_0_138,r_126_47_127,r_37_122_49,1.0,0,49,49,65
21,r_144_102_91,seq65,seq56,r_144_102_91,0.92,0,91,91,65
42,r_123_72_117,seq50,r_129_68_112,r_123_72_117,0.59,1,118,117,65
32,r_131_2_7,seq33,r_66_45_97,r_66_45_97,1.0,1,98,97,65
9,r_36_14_17,r_129_68_112,r_85_74_9,r_36_14_17,1.0,0,17,17,65
19,r_34_60_62,seq114,seq69,r_34_60_62,1.0,0,62,62,65
23,r_31_82_134,r_121_27_50,r_30_9_148,r_121_27_50,1.0,1,51,50,65
66,seq39,r_51_143_84,r_85_74_9,r_51_143_84,1.0,0,84,84,65
76,seq61,r_91_4_115,r_95_112_45,r_95_112_45,0.98,70,115,45,65
33,r_59_38_55,seq11,seq32,r_59_38_55,1.0,2,57,55,65
41,r_77_134_140,r_35_89_100,r_43_46_14,r_77_134_140,0.52,-40,100,140,65
45,r_85_74_9,r_28_13_66,r_36_14_17,r_28_13_66,1.0,-28,38,66,65
10,r_28_13_66,r_22_130_102,r_57_148_16,r_28_13_66,1.0,0,66,66,65
35,r_57_148_16,seq40,seq17,r_57_148_16,0.96,-2,14,16,65
1,r_7_120_24,r_145_142_78,r_76_118_10,r_145_142_78,1.0,2,80,78,65
0,r_103_29_104,r_123_72_117,seq90,r_103_29_104,0.77,0,104,104,65
11,r_113_0_138,seq18,r_138_88_146,r_138_88_146,0.56,-42,104,146,65
22,r_44_99_131,r_37_122_49,seq98,r_44_99_131,0.9,-11,120,131,65
15,r_128_63_85,r_144_102_91,r_145_142_78,r_128_63_85,0.87,0,85,85,65
48,r_22_130_102,seq106,seq49,r_22_130_102,0.91,0,102,102,65
47,r_26_73_119,r_34_60_62,r_121_27_50,r_26_73_119,0.97,-69,50,119,65
16,r_30_9_148,r_31_82_134,r_103_29_104,r_30_9_148,0.82,-25,123,148,65
13,r_43_46_14,r_77_134_140,r_125_12_11,r_43_46_14,0.6,126,140,14,65
6,r_129_68_112,r_119_105_116,r_57_148_16,r_129_68_112,0.86,0,112,112,65
13,r_43_46_14,r_44_99_131,r_77_134_140,r_43_46_14,1.0,0,14,14,65
43,r_126_47_127,seq141,r_37_122_49,r_37_122_49,1.0,-2,47,49,65
22,r_44_99_131,seq98,r_37_122_49,r_44_99_131,0.87,-22,109,131,65
27,r_86_132_67,r_64_52_15,seq42,r_86_132_67,1.0,0,67,67,65
21,r_144_102_91,seq56,r_85_74_9,r_144_102_91,0.53,29,120,91,65
43,r_126_47_127,r_37_122_49,r_145_142_78,r_145_142_78,0.67,49,127,78,65
47,r_26_73_119,r_121_27_50,r_16_83_111,r_26_73_119,0.96,0,119,119,65
58,seq20,seq18,r_51_143_84,r_51_143_84,1.0,-1,83,84,65
68,seq42,r_96_136_141,r_86_132_67,r_86_132_67,1.0,12,79,67,65
17,r_15_21_30,seq25,seq101,r_15_21_30,1.0,0,30,30,65
1,r_7_120_24,r_16_83_111,r_145_142_78,r_7_120_24,1.0,0,24,24,65
38,r_91_4_115,seq61,r_15_21_30,r_91_4_115,0.85,0,115,115,65
22,r_44_99_131,r_43_46_14,r_129_68_112,r_43_46_14,0.98,0,14,14,65
34,r_111_127_144,r_16_83_111,seq141,r_16_83_111,1.0,1,112,111,65
81,seq71,seq10,r_5_19_35,r_5_19_35,1.0,45,80,35,65
70,seq49,r_35_89_100,r_125_12_11,r_125_12_11,0.62,2,13,11,65
49,r_66_45_97,seq39,r_131_2_7,r_66_45_97,0.79,0,97,97,65
56,seq18,r_113_0_138,r_103_29_104,r_103_29_104,0.99,27,131,104,65
7,r_145_142_78,r_26_73_119,seq147,r_145_142_78,0.99,0,78,78,65
44,r_51_143_84,seq39,seq20,r_51_143_84,0.7,0,84,84,65
12,r_119_105_116,r_129_68_112,seq98,r_129_68_112,0.87,0,112,112,65
22,r_44_99_131,seq98,r_103_29_104,r_44_99_131,0.81,1,132,131,65
23,r_31_82_134,r_30_9_148,r_95_112_45,r_31_82_134,0.51,0,134,134,65
36,r_127_63_69,seq112,seq129,r_127_63_69,1.0,0,69,69,66
92,seq106,r_89_134_121,r_83_69_118,r_89_134_121,0.69,1,122,121,66
43,r_122_110_119,r_83_69_118,r_147_20_43,r_122_110_119,0.96,0,119,119,66
37,r_54_46_88,seq126,seq53,r_54_46_88,1.0,1,89,88,66
16,r_66_132_41,seq81,seq38,r_66_132_41,1.0,0,41,41,66
42,r_47_17_84,r_124_33_125,r_93_29_59,r_47_17_84,1.0,0,84,84,66
1,r_67_77_36,r_57_49_101,r_130_136_30,r_67_77_36,0.95,0,36,36,66
10,r_87_140_68,r_141_107_22,r_25_97_18,r_87_140_68,0.93,-48,20,68,66
33,r_147_20_43,seq53,r_122_110_119,r_122_110_119,1.0,0,119,119,66
8,r_25_97_18,r_91_27_28,r_87_140_68,r_25_97_18,0.96,0,18,18,66
95,seq112,r_127_63_69,r_115_3_34,r_127_63_69,1.0,0,69,69,66
66,seq39,r_143_95_85,r_72_99_86,r_143_95_85,0.51,-14,71,85,66
76,seq64,seq31,r_93_29_59,r_93_29_59,1.0,40,99,59,66
34,r_141_107_22,r_87_140_68,seq70,r_141_107_22,1.0,0,22,22,66
20,r_32_60_20,r_18_123_103,r_25_97_18,r_32_60_20,0.72,2,22,20,66
3,r_143_95_85,r_124_33_125,r_117_14_95,r_143_95_85,1.0,0,85,85,66
26,r_18_123_103,r_58_51_49,r_30_128_128,r_18_123_103,0.62,-67,36,103,66
8,r_25_97_18,r_87_140_68,r_32_60_20,r_25_97_18,0.58,53,71,18,66
41,r_59_71_56,r_57_49_101,r_80_131_53,r_59_71_56,0.91,0,56,56,66
4,r_37_26_64,r_35_42_83,r_73_100_5,r_37_26_64,1.0,-1,63,64,66
0,r_72_99_86,seq146,seq31,r_72_99_86,0.98,0,86,86,66
38,r_115_3_34,seq0,seq112,r_115_3_34,0.56,-5,29,34,66
73,seq53,seq10,r_54_46_88,r_54_46_88,1.0,1,89,88,66
15,r_75_12_93,r_121_56_143,seq10,r_75_12_93,0.92,0,93,93,66
57,seq146,r_72_99_86,r_78_62_26,r_72_99_86,0.56,0,86,86,66
31,r_119_114_12,r_36_116_144,seq74,r_119_114_12,1.0,1,13,12,66
6,r_83_69_118,r_122_110_119,r_32_60_20,r_83_69_118,0.97,1,119,118,66
26,r_18_123_103,r_32_60_20,r_58_51_49,r_18_123_103,0.78,-83,20,103,66
10,r_87_140_68,r_25_97_18,r_127_63_69,r_127_63_69,1.0,2,71,69,66
5,r_80_131_53,seq16,r_7_1_24,r_80_131_53,1.0,0,53,53,66
24,r_7_1_24,r_91_27_28,r_141_107_22,r_7_1_24,0.99,0,24,24,66
18,r_135_65_74,seq41,r_102_21_142,r_135_65_74,1.0,1,75,74,66
30,r_58_51_49,seq31,r_119_114_12,r_58_51_49,0.65,0,49,49,66
47,r_108_5_45,r_35_42_83,r_130_136_30,r_108_5_45,0.8,1,46,45,66
44,r_78_62_26,r_144_2_131,seq146,r_78_62_26,0.99,0,26,26,66
32,r_149_24_102,r_124_33_125,r_32_60_20,r_32_60_20,0.9,85,105,20,66
79,seq74,seq81,r_119_114_12,r_119_114_12,0.83,11,23,12,66
66,seq39,r_89_134_121,r_142_15_3,r_89_134_121,0.5,-16,105,121,66
45,r_130_136_30,seq76,r_67_77_36,r_130_136_30,0.99,3,33,30,66
22,r_91_27_28,r_147_20_43,seq68,r_91_27_28,0.97,0,28,28,66
23,r_93_29_59,r_117_14_95,seq64,r_93_29_59,1.0,0,59,59,66
49,r_82_40_91,seq0,r_93_29_59,r_82_40_91,0.96,1,92,91,66
33,r_147_20_43,seq44,seq53,r_147_20_43,0.89,0,43,43,66
7,r_89_134_121,seq106,seq44,r_89_134_121,0.69,1,122,121,66
26,r_18_123_103,r_30_128_128,r_87_140_68,r_18_123_103,0.75,0,103,103,66
35,r_103_11_137,seq145,r_80_131_53,r_80_131_53,0.76,84,137,53,66
12,r_35_42_83,seq109,seq9,r_35_42_83,1.0,0,83,83,66
36,r_59_74_120,seq32,r_9_145_112,r_59_74_120,0.78,1,121,120,67
14,r_9_145_112,r_5_144_130,r_115_43_7,r_9_145_112,0.67,4,116,112,67
8,r_1_49_73,r_80_105_4,r_138_20_50,r_138_20_50,0.92,26,76,50,67
43,r_79_55_5,r_31_148_113,r_9_145_112,r_9_145_112,0.52,1,113,112,67
54,seq129,seq96,r_33_143_89,r_33_143_89,0.99,14,103,89,67
86,seq90,r_119_137_138,r_66_149_23,r_119_137_138,0.62,1,139,138,67
21,r_92_23_98,seq67,seq24,r_92_23_98,0.99,0,98,98,67
1,r_107_93_106,r_19_78_24,r_92_23_98,r_19_78_24,0.99,82,106,24,67
42,r_139_7_118,seq58,seq130,r_139_7_118,0.96,0,118,118,67
15,r_18_17_81,r_116_13_25,seq90,r_18_17_81,0.97,0,81,81,67
32,r_19_78_24,r_107_93_106,r_8_135_74,r_19_78_24,0.5,82,106,24,67
16,r_147_69_42,r_97_91_76,seq96,r_147_69_42,0.99,0,42,42,67
30,r_45_29_21,seq129,r_6_121_17,r_45_29_21,0.79,0,21,21,67
19,r_95_77_56,r_31_148_113,seq47,r_95_77_56,0.64,16,72,56,67
2,r_70_53_49,seq28,r_107_93_106,r_70_53_49,1.0,0,49,49,67
31,r_10_48_79,seq94,r_115_43_7,r_10_48_79,1.0,2,81,79,67
41,r_5_144_130,r_9_145_112,r_21_101_68,r_21_101_68,1.0,62,130,68,67
47,r_116_13_25,r_66_149_23,r_18_17_81,r_116_13_25,0.84,-2,23,25,67
89,seq99,seq130,r_126_73_80,r_126_73_80,1.0,43,123,80,67
4,r_118_36_134,seq47,seq26,r_118_36_134,0.56,0,134,134,67
0,r_142_76_124,r_33_143_89,seq46,r_142_76_124,0.81,-32,92,124,67
20,r_80_105_4,r_63_127_67,r_136_44_43,r_80_105_4,0.99,63,67,4,67
48,r_106_124_85,seq2,r_147_69_42,r_106_124_85,0.83,0,85,85,67
6,r_126_73_80,seq4,seq99,r_126_73_80,1.0,1,81,80,67
63,seq30,r_6_121_17,r_115_43_7,r_115_43_7,0.68,23,30,7,67
13,r_14_62_29,r_31_148_113,seq65,r_14_62_29,0.99,0,29,29,67
27,r_8_135_74,r_106_124_85,r_109_15_6,r_8_135_74,0.8,1,75,74,67
87,seq94,r_10_48_79,r_3_134_31,r_10_48_79,0.58,2,81,79,67
11,r_87_54_57,seq71,seq11,r_87_54_57,1.0,0,57,57,67
38,r_136_44_43,r_138_20_50,r_80_105_4,r_136_44_43,0.55,0,43,43,67
3,r_75_117_26,r_9_145_112,seq146,r_75_117_26,0.95,1,27,26,67
40,r_39_81_63,seq24,seq129,r_39_81_63,1.0,0,63,63,67
18,r_31_148_113,r_95_77_56,r_79_55_5,r_31_148_113,0.78,-41,72,113,67
29,r_97_91_76,seq83,seq130,r_97_91_76,0.99,0,76,76,67
24,r_33_143_89,r_142_76_124,seq129,r_33_143_89,0.99,3,92,89,67
25,r_21_101_68,r_139_7_118,seq71,r_21_101_68,1.0,0,68,68,67
88,seq96,seq129,r_27_40_101,r_27_40_101,0.99,2,103,101,67
37,r_138_20_50,r_106_124_85,r_116_13_25,r_138_20_50,0.54,4,54,50,67
47,r_116_13_25,r_18_17_81,r_138_20_50,r_116_13_25,0.95,44,69,25,67
77,seq65,seq90,r_14_62_29,r_14_62_29,1.0,13,42,29,67
15,r_18_17_81,r_92_23_98,r_116_13_25,r_18_17_81,0.61,-34,47,81,67
60,seq24,r_39_81_63,r_118_36_134,r_39_81_63,0.69,0,63,63,67
16,r_147_69_42,seq96,r_106_124_85,r_106_124_85,1.0,5,90,85,67
17,r_119_137_138,seq90,r_70_53_49,r_119_137_138,0.43,1,139,138,67
94,seq111,r_131_84_86,seq64,r_131_84_86,1.0,1,87,86,67
9,r_52_22_94,r_118_36_134,seq82,r_52_22_94,0.99,2,96,94,67
33,r_6_121_17,seq30,r_45_29_21,r_45_29_21,0.99,2,23,21,67
28,r_109_15_6,r_107_93_106,r_8_135_74,r_109_15_6,0.98,100,106,6,67
34,r_68_37_37,seq11,seq30,r_68_37_37,1.0,0,37,37,67
49,r_131_84_86,seq111,seq2,r_131_84_86,0.98,1,87,86,67
7,r_86_25_103,r_6_121_17,r_66_149_23,r_86_25_103,0.98,0,103,103,67
44,r_27_40_101,seq58,seq96,r_27_40_101,0.94,0,101,101,67
23,r_63_127_67,r_1_49_73,seq56,r_63_127_67,1.0,0,67,67,67
2,r_70_53_49,r_107_93_106,r_8_135_74,r_107_93_106,1.0,0,106,106,67
35,r_104_125_82,r_5_144_130,r_45_29_21,r_104_125_82,0.89,9,91,82,67
12,r_108_50_119,seq46,seq11,r_108_50_119,0.89,0,119,119,67
18,r_31_148_113,r_79_55_5,seq24,r_31_148_113,0.84,0,113,113,67
40,r_41_0_134,r_114_131_104,r_127_88_8,r_114_131_104,0.5,32,136,104,68
32,r_55_82_53,r_83_148_103,r_19_26_2,r_83_148_103,0.96,0,103,103,68
92,seq101,seq116,r_73_136_101,r_73_136_101,1.0,0,101,101,68
37,r_3_97_62,r_1_125_146,seq6,r_3_97_62,1.0,0,62,62,68
71,seq47,r_1_125_146,r_142_35_116,r_142_35_116,0.58,21,137,116,68
39,r_83_148_103,r_19_26_2,r_55_82_53,r_55_82_53,1.0,9,62,53,68
46,r_29_13_68,r_80_89_81,r_3_97_62,r_29_13_68,0.57,1,69,68,68
42,r_5_8_132,seq96,r_143_109_26,r_5_8_132,0.56,1,133,132,68
35,r_4_117_30,r_18_15_147,r_105_146_24,r_4_117_30,0.59,0,30,30,68
18,r_106_102_35,r_139_90_76,seq96,r_106_102_35,1.0,0,35,35,68
45,r_10_91_122,r_72_59_40,r_139_90_76,r_10_91_122,0.59,0,122,122,68
19,r_70_52_92,seq134,r_17_85_13,r_70_52_92,1.0,1,93,92,68
33,r_142_35_116,r_127_88_8,seq47,r_142_35_116,0.97,0,116,116,68
2,r_66_137_20,r_38_115_74,seq107,r_66_137_20,0.96,1,21,20,68
40,r_41_0_134,r_124_132_49,r_114_131_104,r_124_132_49,0.94,1,50,49,68
83,seq78,r_24_133_115,r_17_85_13,r_17_85_13,0.95,0,13,13,68
95,seq111,r_1_125_146,r_145_45_95,r_145_45_95,0.59,38,133,95,68
38,r_127_88_8,r_142_35_116,seq48,r_142_35_116,0.8,0,116,116,68
27,r_113_2_45,r_31_22_109,r_40_64_84,r_113_2_45,1.0,0,45,45,68
3,r_43_108_55,r_92_120_141,seq42,r_43_108_55,0.99,0,55,55,68
41,r_110_60_83,r_145_45_95,r_76_46_44,r_110_60_83,0.98,2,85,83,68
26,r_124_132_49,r_41_0_134,r_17_85_13,r_124_132_49,1.0,0,49,49,68
10,r_126_49_69,seq95,seq54,r_126_49_69,1.0,0,69,69,68
20,r_143_109_26,seq21,seq141,r_143_109_26,1.0,-1,25,26,68
4,r_72_59_40,r_10_91_122,r_3_97_62,r_3_97_62,0.9,60,122,62,68
11,r_24_133_115,seq78,r_19_26_2,r_24_133_115,0.94,0,115,115,68
13,r_145_45_95,seq71,seq111,r_145_45_95,0.63,1,96,95,68
98,seq122,r_31_22_109,r_44_62_133,r_31_22_109,0.98,0,109,109,68
33,r_142_35_116,r_38_115_74,r_127_88_8,r_38_115_74,1.0,-28,46,74,68
7,r_128_37_41,r_1_125_146,r_114_131_104,r_128_37_41,1.0,0,41,41,68
87,seq87,r_100_118_128,r_76_46_44,r_76_46_44,0.79,36,80,44,68
60,seq21,r_143_109_26,seq16,r_143_109_26,0.81,-9,17,26,68
29,r_14_36_64,r_100_118_128,seq16,r_100_118_128,0.82,-59,69,128,68
25,r_38_115_74,seq147,r_124_132_49,r_38_115_74,0.83,0,74,74,68
43,r_100_118_128,r_76_46_44,r_68_58_127,r_100_118_128,0.99,0,128,128,68
58,seq147,r_38_115_74,r_127_88_8,r_38_115_74,1.0,-8,66,74,68
68,seq134,r_70_52_92,r_56_34_17,r_70_52_92,0.71,1,93,92,68
15,r_105_146_24,r_113_2_45,seq16,r_105_146_24,1.0,1,25,24,68
48,r_76_46_44,r_43_108_55,seq87,r_76_46_44,1.0,0,44,44,68
34,r_31_22_109,seq122,seq111,r_31_22_109,1.0,0,109,109,68
43,r_100_118_128,r_14_36_64,r_76_46_44,r_76_46_44,1.0,10,54,44,68
32,r_55_82_53,seq123,r_83_148_103,r_55_82_53,1.0,0,53,53,68
39,r_83_148_103,r_55_82_53,r_114_131_104,r_83_148_103,0.83,0,103,103,68
17,r_39_77_105,seq123,seq93,r_39_77_105,0.71,0,105,105,68
1,r_138_94_23,seq7,seq123,r_138_94_23,0.99,0,23,23,68
9,r_69_74_120,seq23,r_76_46_44,r_69_74_120,0.9,0,120,120,68
22,r_139_90_76,r_14_36_64,r_124_132_49,r_139_90_76,1.0,0,76,76,68
14,r_17_85_13,r_100_118_128,seq78,r_17_85_13,0.98,0,13,13,68
49,r_73_136_101,seq93,seq101,r_73_136_101,0.98,0,101,101,68
23,r_144_140_63,r_114_131_104,seq57,r_144_140_63,0.98,0,63,63,68
30,r_115_78_94,r_96_103_137,r_108_58_84,r_115_78_94,0.99,0,94,94,69
6,r_132_80_52,r_121_28_92,seq140,r_132_80_52,0.96,0,52,52,69
14,r_104_39_133,seq60,r_125_67_21,r_125_67_21,0.95,111,132,21,69
22,r_105_52_42,seq147,seq26,r_105_52_42,0.75,12,54,42,69
27,r_98_12_12,r_65_6_122,seq69,r_98_12_12,0.52,0,12,12,69
37,r_101_50_5,r_145_86_93,r_41_112_79,r_101_50_5,1.0,88,93,5,69
59,seq15,seq74,r_121_28_92,r_121_28_92,0.99,7,99,92,69
86,seq74,seq15,r_40_107_63,r_40_107_63,1.0,6,69,63,69
21,r_110_83_112,r_45_72_17,r_77_47_62,r_45_72_17,0.7,95,112,17,69
39,r_71_31_70,r_144_48_146,r_130_62_6,r_71_31_70,1.0,1,71,70,69
42,r_77_47_62,seq118,r_29_10_147,r_77_47_62,0.99,0,62,62,69
32,r_3_148_89,r_98_12_12,r_130_62_6,r_3_148_89,0.79,2,91,89,69
35,r_75_79_50,seq42,r_65_6_122,r_75_79_50,1.0,0,50,50,69
56,seq140,seq149,r_132_80_52,r_132_80_52,1.0,0,52,52,69
13,r_125_67_21,r_108_58_84,seq17,r_125_67_21,1.0,1,22,21,69
95,seq111,r_116_25_138,r_66_91_53,r_66_91_53,0.74,51,104,53,69
66,seq26,r_37_137_105,r_105_52_42,r_37_137_105,0.67,0,105,105,69
36,r_81_11_55,r_116_25_138,r_87_19_48,r_116_25_138,1.0,-83,55,138,69
31,r_37_137_105,seq26,r_125_67_21,r_37_137_105,0.57,0,105,105,69
41,r_135_76_113,seq93,seq7,r_135_76_113,0.96,2,115,113,69
67,seq27,r_64_126_139,r_24_99_78,r_24_99_78,0.99,61,139,78,69
3,r_108_58_84,r_145_86_93,r_75_79_50,r_108_58_84,1.0,0,84,84,69
10,r_96_103_137,r_115_78_94,seq149,r_115_78_94,1.0,0,94,94,69
8,r_97_100_128,r_68_143_36,r_138_119_87,r_97_100_128,0.8,0,128,128,69
72,seq42,r_138_119_87,seq51,r_138_119_87,0.96,0,87,87,69
47,r_139_106_58,r_37_137_105,r_101_50_5,r_139_106_58,1.0,0,58,58,69
11,r_87_19_48,seq36,seq118,r_87_19_48,1.0,0,48,48,69
4,r_22_46_81,seq141,r_101_50_5,r_22_46_81,0.99,0,81,81,69
0,r_116_25_138,seq124,r_96_103_137,r_116_25_138,0.52,0,138,138,69
15,r_57_0_39,seq5,seq55,r_57_0_39,1.0,1,40,39,69
25,r_114_53_30,r_116_25_138,seq134,r_114_53_30,1.0,0,30,30,69
16,r_123_21_22,seq74,seq5,r_123_21_22,1.0,0,22,22,69
73,seq43,seq90,r_66_91_53,r_66_91_53,0.86,41,94,53,69
20,r_24_99_78,r_122_38_96,r_87_19_48,r_24_99_78,0.99,3,81,78,69
10,r_96_103_137,seq149,r_116_25_138,r_96_103_137,0.92,1,138,137,69
23,r_113_146_15,r_22_46_81,r_65_6_122,r_113_146_15,0.97,0,15,15,69
63,seq147,r_105_52_42,r_66_91_53,r_66_91_53,1.0,1,54,53,69
17,r_128_4_49,seq73,seq56,r_128_4_49,1.0,0,49,49,69
24,r_40_107_63,r_3_148_89,seq74,r_40_107_63,0.92,1,64,63,69
34,r_68_143_36,r_97_100_128,r_40_107_63,r_68_143_36,0.8,93,129,36,69
35,r_75_79_50,r_65_6_122,r_108_58_84,r_75_79_50,0.99,72,122,50,69
33,r_34_129_91,r_117_89_127,seq93,r_34_129_91,0.91,3,94,91,69
32,r_3_148_89,r_40_107_63,r_98_12_12,r_40_107_63,0.73,1,64,63,69
38,r_122_38_96,seq142,seq55,r_122_38_96,0.99,-1,95,96,69
77,seq51,seq95,r_114_53_30,r_114_53_30,0.97,72,102,30,69
29,r_65_6_122,r_98_12_12,r_113_146_15,r_65_6_122,0.94,-110,12,122,69
8,r_97_100_128,seq74,r_68_143_36,r_68_143_36,0.97,1,37,36,69
55,seq8,r_66_91_53,r_101_50_5,r_66_91_53,0.99,4,57,53,69
90,seq92,r_66_91_53,r_101_50_5,r_66_91_53,0.75,-19,34,53,69
48,r_13_49_16,r_116_25_138,seq70,r_13_49_16,0.92,0,16,16,69
96,seq118,seq85,r_87_19_48,r_87_19_48,1.0,92,140,48,69
29,r_65_6_122,r_113_146_15,r_114_53_30,r_65_6_122,0.45,0,122,122,69
28,r_138_119_87,seq42,seq36,r_138_119_87,1.0,0,87,87,69
49,r_41_112_79,seq1,r_101_50_5,r_41_112_79,1.0,0,79,79,69
7,r_121_28_92,seq56,seq15,r_121_28_92,0.94,0,92,92,69
34,r_68_143_36,r_132_80_52,r_97_100_128,r_97_100_128,0.85,-92,36,128,69
44,r_66_91_53,seq8,seq147,r_66_91_53,1.0,0,53,53,69
12,r_29_10_147,r_71_31_70,r_77_47_62,r_29_10_147,1.0,-77,70,147,69
23,r_113_146_15,r_65_6_122,r_108_58_84,r_108_58_84,1.0,38,122,84,69
14,r_0_88_132,r_117_76_147,r_37_120_88,r_0_88_132,0.66,3,135,132,70
43,r_70_30_80,r_144_100_135,r_65_98_142,r_70_30_80,0.86,3,83,80,70
54,seq135,r_141_66_128,seq68,r_141_66_128,0.9,1,129,128,70
59,seq15,r_96_39_134,r_128_2_72,r_128_2_72,0.96,63,135,72,70
15,r_92_55_136,r_35_46_54,r_95_31_22,r_92_55_136,1.0,-114,22,136,70
1,r_56_106_77,seq25,seq104,r_56_106_77,1.0,0,77,77,70
42,r_23_21_103,seq54,seq32,r_23_21_103,0.99,0,103,103,70
37,r_142_59_30,seq48,seq28,r_142_59_30,1.0,0,30,30,70
45,r_42_134_79,seq4,seq78,r_42_134_79,1.0,0,79,79,70
19,r_57_107_114,r_13_91_130,r_146_64_73,r_13_91_130,0.92,-16,114,130,70
15,r_92_55_136,r_95_31_22,seq131,r_92_55_136,0.73,1,137,136,70
31,r_37_120_88,seq61,seq43,r_37_120_88,0.99,0,88,88,70
41,r_18_83_87,seq89,seq147,r_18_83_87,1.0,0,87,87,70
89,seq89,r_18_83_87,r_96_39_134,r_18_83_87,0.95,0,87,87,70
46,r_129_118_34,seq78,seq143,r_129_118_34,1.0,0,34,34,70
3,r_128_2_72,r_23_21_103,r_95_31_22,r_128_2_72,0.99,-1,71,72,70
4,r_20_127_63,r_0_88_132,seq28,r_20_127_63,0.98,-5,58,63,70
90,seq90,seq47,r_95_31_22,r_95_31_22,0.78,83,105,22,70
26,r_117_76_147,r_0_88_132,r_113_40_85,r_113_40_85,0.75,50,135,85,70
8,r_11_140_139,seq24,r_141_66_128,r_141_66_128,0.32,12,140,128,70
0,r_115_26_95,seq99,seq71,r_115_26_95,0.79,1,96,95,70
73,seq47,seq43,r_19_122_51,r_19_122_51,1.0,13,64,51,70
5,r_19_122_51,seq32,seq47,r_19_122_51,0.93,3,54,51,70
20,r_1_67_75,r_113_40_85,r_126_125_59,r_1_67_75,0.7,7,82,75,70
13,r_80_114_119,seq5,r_6_53_8,r_80_114_119,0.87,0,119,119,70
40,r_65_98_142,r_18_83_87,r_70_30_80,r_18_83_87,0.7,-7,80,87,70
6,r_96_39_134,seq15,seq61,r_96_39_134,0.53,1,135,134,70
11,r_148_41_49,r_96_39_134,r_35_46_54,r_96_39_134,1.0,-85,49,134,70
87,seq79,seq54,r_18_83_87,r_18_83_87,1.0,3,90,87,70
47,r_87_112_60,r_121_82_1,seq24,r_87_112_60,1.0,2,62,60,70
18,r_146_64_73,r_115_26_95,seq36,r_146_64_73,1.0,1,74,73,70
24,r_144_100_135,r_70_30_80,r_92_55_136,r_144_100_135,0.75,-47,88,135,70
33,r_113_40_85,seq28,seq32,r_113_40_85,0.98,0,85,85,70
64,seq24,r_13_91_130,r_87_112_60,r_87_112_60,1.0,70,130,60,70
2,r_110_3_20,r_128_2_72,seq62,r_110_3_20,1.0,0,20,20,70
39,r_116_75_57,r_11_140_139,seq48,r_116_75_57,1.0,0,57,57,70
61,seq17,r_149_94_81,r_6_53_8,r_149_94_81,1.0,1,82,81,70
32,r_63_33_127,seq61,r_95_31_22,r_63_33_127,0.7,0,127,127,70
38,r_81_105_99,seq16,seq89,r_81_105_99,0.94,0,99,99,70
25,r_95_31_22,r_11_140_139,r_92_55_136,r_95_31_22,1.0,0,22,22,70
8,r_11_140_139,r_116_75_57,seq24,r_116_75_57,1.0,1,58,57,70
25,r_95_31_22,r_92_55_136,r_63_33_127,r_95_31_22,0.66,115,137,22,70
9,r_13_91_130,seq24,seq99,r_13_91_130,0.65,0,130,130,70
40,r_65_98_142,r_35_46_54,r_18_83_87,r_35_46_54,1.0,0,54,54,70
96,seq104,r_50_84_124,r_56_106_77,r_56_106_77,1.0,8,85,77,70
28,r_149_94_81,seq17,r_126_125_59,r_149_94_81,1.0,1,82,81,70
23,r_35_46_54,r_65_98_142,r_148_41_49,r_65_98_142,1.0,-86,56,142,70
89,seq89,r_96_39_134,r_81_105_99,r_81_105_99,0.7,0,99,99,70
7,r_141_66_128,seq135,r_80_114_119,r_141_66_128,0.56,1,129,128,70
44,r_7_8_66,r_37_120_88,r_126_125_59,r_7_8_66,0.93,0,66,66,70
35,r_49_86_102,r_34_10_144,seq5,r_49_86_102,0.77,0,102,102,70
12,r_50_84_124,seq104,r_20_127_63,r_50_84_124,0.68,0,124,124,70
84,seq71,r_96_39_134,r_115_26_95,r_115_26_95,0.72,4,99,95,70
8,r_53_136_39,seq92,r_44_34_5,r_53_136_39,1.0,0,39,39,71
46,r_110_111_17,r_141_39_113,r_94_132_136,r_110_111_17,0.99,1,18,17,71
30,r_102_80_110,r_44_34_5,seq62,r_102_80_110,0.53,-54,56,110,71
45,r_51_81_14,r_33_72_127,r_47_78_95,r_51_81_14,0.76,0,14,14,71
19,r_94_132_136,r_110_111_17,r_25_145_34,r_94_132_136,0.7,0,136,136,71
16,r_35_48_100,seq86,seq16,r_35_48_100,0.83,0,100,100,71
14,r_38_45_44,r_47_78_95,r_66_52_149,r_38_45_44,1.0,0,44,44,71
97,seq118,r_67_46_64,seq62,r_67_46_64,1.0,0,64,64,71
80,seq92,seq2,r_64_125_106,r_64_125_106,0.99,0,106,106,71
42,r_141_39_113,seq104,seq2,r_141_39_113,0.85,2,115,113,71
35,r_77_24_36,r_70_123_71,seq99,r_77_24_36,0.99,0,36,36,71
19,r_94_132_136,r_1_84_86,r_110_111_17,r_110_111_17,0.99,2,19,17,71
1,r_122_31_26,r_91_49_8,r_51_81_14,r_122_31_26,0.95,4,30,26,71
41,r_140_18_103,seq86,r_101_6_55,r_101_6_55,1.0,51,106,55,71
34,r_129_143_99,seq9,seq71,r_129_143_99,0.98,1,100,99,71
40,r_55_37_91,r_102_80_110,r_36_112_138,r_55_37_91,0.8,48,139,91,71
26,r_67_46_64,seq118,seq12,r_67_46_64,1.0,0,64,64,71
20,r_33_72_127,r_147_63_111,r_35_48_100,r_33_72_127,0.72,-23,104,127,71
98,seq119,r_70_123_71,r_59_134_6,r_70_123_71,1.0,0,71,71,71
46,r_110_111_17,r_94_132_136,r_1_84_86,r_94_132_136,0.77,-41,95,136,71
15,r_137_50_90,seq7,seq11,r_137_50_90,0.94,0,90,90,71
6,r_64_125_106,seq65,seq92,r_64_125_106,0.96,0,106,106,71
62,seq16,r_88_68_124,seq19,r_88_68_124,0.55,-2,122,124,71
30,r_102_80_110,r_55_37_91,r_53_136_39,r_102_80_110,0.83,2,112,110,71
27,r_101_6_55,r_89_4_126,r_124_90_45,r_101_6_55,1.0,1,56,55,71
80,seq92,r_53_136_39,seq2,r_53_136_39,1.0,4,43,39,71
87,seq104,r_141_39_113,r_66_52_149,r_141_39_113,0.92,2,115,113,71
17,r_8_127_18,r_140_18_103,seq15,r_8_127_18,1.0,1,19,18,71
39,r_75_131_41,seq97,r_51_81_14,r_75_131_41,1.0,0,41,41,71
34,r_129_143_99,r_148_69_53,seq9,r_148_69_53,0.99,0,53,53,71
2,r_1_84_86,seq79,r_110_111_17,r_110_111_17,0.93,89,106,17,71
49,r_124_90_45,seq100,seq76,r_124_90_45,1.0,0,45,45,71
47,r_147_63_111,r_33_72_127,r_8_127_18,r_147_63_111,0.65,0,111,111,71
40,r_55_37_91,seq3,r_102_80_110,r_55_37_91,0.52,0,91,91,71
29,r_36_112_138,seq133,r_55_37_91,r_55_37_91,0.97,47,138,91,71
5,r_115_13_28,r_95_120_146,r_149_58_20,r_95_120_146,0.85,-118,28,146,71
25,r_146_82_97,r_5_30_142,seq86,r_146_82_97,0.94,0,97,97,71
33,r_66_52_149,r_23_139_52,r_38_45_44,r_66_52_149,0.99,-96,53,149,71
58,seq12,r_66_52_149,r_67_46_64,r_67_46_64,1.0,1,65,64,71
52,seq3,r_55_37_91,r_59_134_6,r_55_37_91,0.93,0,91,91,71
10,r_54_135_38,seq2,r_59_134_6,r_54_135_38,0.88,0,38,38,71
30,r_102_80_110,seq62,r_55_37_91,r_102_80_110,0.58,-14,96,110,71
45,r_51_81_14,r_47_78_95,r_122_31_26,r_47_78_95,0.51,6,101,95,71
11,r_23_139_52,r_66_52_149,seq9,r_23_139_52,1.0,1,53,52,71
9,r_87_56_80,seq9,r_53_136_39,r_87_56_80,0.62,0,80,80,71
22,r_70_123_71,seq119,seq0,r_70_123_71,0.96,0,71,71,71
28,r_27_142_93,seq79,seq62,r_27_142_93,0.94,0,93,93,71
23,r_10_28_121,r_85_126_132,r_149_58_20,r_149_58_20,0.52,103,123,20,71
20,r_33_72_127,r_35_48_100,r_141_39_113,r_33_72_127,0.8,0,127,127,71
79,seq86,r_140_18_103,r_148_69_53,r_148_69_53,1.0,53,106,53,71
82,seq97,r_75_131_41,r_149_58_20,r_75_131_41,0.64,-5,36,41,71
44,r_148_69_53,r_129_143_99,seq86,r_148_69_53,1.0,0,53,53,71
30,r_120_99_140,seq57,r_35_102_113,r_35_102_113,0.7,27,140,113,72
23,r_81_59_35,seq3,seq97,r_81_59_35,0.98,3,38,35,72
8,r_80_78_116,seq63,r_8_48_14,r_80_78_116,0.85,0,116,116,72
43,r_55_144_83,seq83,r_49_136_143,r_55_144_83,0.99,1,84,83,72
6,r_108_113_18,r_84_67_112,seq135,r_108_113_18,1.0,0,18,18,72
10,r_112_62_52,r_80_78_116,r_28_68_54,r_112_62_52,0.94,0,52,52,72
78,seq53,r_107_54_32,r_8_48_14,r_107_54_32,0.99,-10,22,32,72
16,r_121_70_61,r_120_99_140,seq126,r_121_70_61,1.0,0,61,61,72
1,r_35_102_113,r_114_43_126,r_127_73_59,r_127_73_59,0.79,54,113,59,72
5,r_129_41_70,seq24,seq27,r_129_41_70,0.94,3,73,70,72
69,seq27,seq0,r_129_41_70,r_129_41_70,0.67,8,78,70,72
45,r_23_30_119,r_49_136_143,r_129_41_70,r_23_30_119,0.76,0,119,119,72
19,r_21_40_91,r_20_88_92,r_129_41_70,r_129_41_70,0.73,22,92,70,72
76,seq50,r_35_102_113,r_22_82_48,r_22_82_48,0.67,68,116,48,72
0,r_132_137_29,seq87,seq146,r_132_137_29,0.96,4,33,29,72
31,r_18_10_75,r_75_14_130,seq56,r_18_10_75,0.95,0,75,75,72
41,r_84_67_112,seq0,r_132_137_29,r_132_137_29,0.71,84,113,29,72
89,seq89,r_85_46_74,seq56,r_85_46_74,0.99,0,74,74,72
26,r_52_125_127,r_45_149_131,r_80_78_116,r_52_125_127,0.71,0,127,127,72
40,r_71_141_37,seq5,seq17,r_71_141_37,1.0,0,37,37,72
64,seq17,r_122_115_122,r_71_141_37,r_71_141_37,1.0,0,37,37,72
11,r_32_66_133,seq6,seq33,r_32_66_133,0.49,4,137,133,72
20,r_95_15_135,seq138,r_100_2_55,r_100_2_55,0.62,80,135,55,72
13,r_147_79_87,r_80_78_116,r_119_148_9,r_147_79_87,0.94,1,88,87,72
25,r_107_54_32,seq53,seq138,r_107_54_32,1.0,0,32,32,72
15,r_49_136_143,r_23_30_119,r_55_144_83,r_55_144_83,0.89,36,119,83,72
36,r_28_68_54,seq51,r_112_62_52,r_28_68_54,0.55,0,54,54,72
47,r_22_82_48,r_80_78_116,r_35_102_113,r_22_82_48,0.97,0,48,48,72
27,r_31_61_111,seq128,seq106,r_31_61_111,0.96,0,111,111,72
21,r_127_73_59,r_110_124_76,seq56,r_127_73_59,0.94,0,59,59,72
72,seq34,r_7_60_128,r_133_103_19,r_133_103_19,0.98,1,20,19,72
18,r_36_123_3,r_35_102_113,r_22_82_48,r_36_123_3,0.6,115,118,3,72
29,r_45_149_131,seq37,seq12,r_45_149_131,0.43,0,131,131,72
46,r_133_103_19,r_147_79_87,seq34,r_133_103_19,1.0,0,19,19,72
24,r_44_139_82,seq130,seq63,r_44_139_82,0.94,3,85,82,72
47,r_22_82_48,r_35_102_113,seq50,r_35_102_113,1.0,3,116,113,72
28,r_119_148_9,r_19_98_114,seq3,r_119_148_9,0.66,1,10,9,72
70,seq29,r_122_115_122,seq143,r_122_115_122,1.0,1,123,122,72
32,r_7_60_128,seq140,seq4,r_7_60_128,0.67,0,128,128,72
38,r_47_9_65,r_122_115_122,r_132_137_29,r_47_9_65,0.99,1,66,65,72
37,r_74_58_24,r_107_54_32,seq42,r_107_54_32,0.62,-5,27,32,72
34,r_20_88_92,r_21_40_91,seq130,r_20_88_92,0.69,1,93,92,72
9,r_122_115_122,seq29,seq63,r_122_115_122,0.74,1,123,122,72
22,r_134_145_60,seq69,seq42,r_134_145_60,1.0,0,60,60,72
49,r_118_1_123,seq4,seq5,r_118_1_123,0.71,0,123,123,72
4,r_104_94_16,r_134_145_60,seq5,r_104_94_16,0.81,0,16,16,72
42,r_100_2_55,r_49_136_143,r_71_141_37,r_49_136_143,0.48,-51,92,143,72
42,r_100_2_55,seq24,r_49_136_143,r_100_2_55,0.7,4,59,55,72
35,r_110_124_76,seq13,r_28_68_54,r_110_124_76,0.69,1,77,76,72
12,r_19_98_114,r_72_117_148,r_129_41_70,r_129_41_70,0.51,46,116,70,72
48,r_86_131_50,seq34,r_22_82_48,r_86_131_50,1.0,1,51,50,72
93,seq101,r_77_111_92,r_119_109_64,r_119_109_64,1.0,31,95,64,73
51,seq1,r_45_6_118,r_143_64_20,r_143_64_20,0.8,78,98,20,73
14,r_142_100_72,r_126_118_100,r_148_123_55,r_142_100_72,0.95,0,72,72,73
8,r_94_32_79,r_62_63_83,seq25,r_94_32_79,1.0,1,80,79,73
43,r_103_54_113,seq69,r_120_27_102,r_103_54_113,0.81,0,113,113,73
3,r_126_118_100,r_132_11_95,r_77_111_92,r_77_111_92,0.59,-44,48,92,73
48,r_144_121_105,r_45_6_118,r_143_64_20,r_143_64_20,1.0,0,20,20,73
1,r_108_83_76,seq114,r_10_28_74,r_108_83_76,0.99,2,78,76,73
21,r_29_52_15,seq65,seq145,r_29_52_15,0.47,30,45,15,73
25,r_82_12_38,r_99_50_149,seq16,r_82_12_38,1.0,3,41,38,73
19,r_113_59_62,seq75,seq18,r_113_59_62,0.87,0,62,62,73
2,r_132_11_95,r_108_83_76,seq98,r_132_11_95,0.99,0,95,95,73
23,r_104_58_131,r_142_100_72,r_99_50_149,r_104_58_131,0.93,1,132,131,73
95,seq114,r_108_83_76,r_81_80_63,r_108_83_76,1.0,-9,67,76,73
30,r_70_92_97,r_106_17_51,r_78_14_21,r_70_92_97,0.64,-67,30,97,73
10,r_77_111_92,seq101,r_108_83_76,r_108_83_76,1.0,36,112,76,73
16,r_146_40_36,r_9_149_56,seq135,r_146_40_36,0.97,0,36,36,73
96,seq116,seq147,r_139_138_19,r_139_138_19,1.0,0,19,19,73
72,seq43,r_97_31_94,seq98,r_97_31_94,0.91,0,94,94,73
26,r_38_60_42,r_94_32_79,seq39,r_38_60_42,0.69,0,42,42,73
0,r_9_149_56,seq21,seq75,r_9_149_56,0.85,5,61,56,73
63,seq21,r_9_149_56,r_107_136_43,r_107_136_43,0.95,18,61,43,73
15,r_87_57_61,seq129,seq20,r_87_57_61,1.0,0,61,61,73
49,r_78_14_21,r_70_92_97,r_119_109_64,r_78_14_21,0.98,76,97,21,73
41,r_143_64_20,r_110_41_111,r_144_121_105,r_143_64_20,1.0,0,20,20,73
47,r_10_28_74,seq1,r_108_83_76,r_108_83_76,0.72,-1,75,76,73
6,r_47_49_123,seq79,r_119_109_64,r_119_109_64,1.0,59,123,64,73
29,r_139_138_19,seq145,seq116,r_139_138_19,1.0,0,19,19,73
30,r_70_92_97,r_78_14_21,r_3_127_53,r_70_92_97,1.0,0,97,97,73
2,r_132_11_95,r_23_19_78,r_108_83_76,r_132_11_95,0.85,-17,78,95,73
41,r_143_64_20,r_144_121_105,seq1,r_144_121_105,0.99,2,107,105,73
40,r_62_63_83,r_94_32_79,r_110_41_111,r_62_63_83,0.57,-3,80,83,73
17,r_148_123_55,seq61,seq67,r_148_123_55,1.0,0,55,55,73
24,r_53_91_137,seq46,r_82_12_38,r_82_12_38,0.99,99,137,38,73
33,r_97_31_94,seq43,seq33,r_97_31_94,0.63,0,94,94,73
48,r_144_121_105,r_143_64_20,seq98,r_144_121_105,1.0,1,106,105,73
31,r_3_127_53,seq68,seq145,r_3_127_53,0.57,-4,49,53,73
88,seq86,r_104_58_131,r_142_100_72,r_142_100_72,1.0,36,108,72,73
18,r_2_36_45,seq114,seq43,r_2_36_45,0.59,2,47,45,73
65,seq25,r_53_91_137,r_94_32_79,r_94_32_79,1.0,5,84,79,73
59,seq145,seq134,r_3_127_53,r_3_127_53,1.0,-3,50,53,73
32,r_120_27_102,r_110_41_111,seq61,r_120_27_102,0.47,3,105,102,73
38,r_22_84_87,seq101,seq134,r_22_84_87,0.9,0,87,87,73
34,r_119_109_64,r_97_31_94,seq101,r_119_109_64,1.0,1,65,64,73
49,r_78_14_21,r_2_36_45,r_70_92_97,r_78_14_21,0.99,0,21,21,73
60,seq18,r_55_5_77,r_113_59_62,r_55_5_77,0.71,-17,60,77,73
81,seq69,r_103_54_113,r_112_102_7,r_103_54_113,0.9,0,113,113,73
28,r_133_26_103,r_53_91_137,r_38_60_42,r_133_26_103,0.97,1,104,103,73
36,r_107_136_43,r_10_28_74,seq21,r_107_136_43,1.0,0,43,43,73
7,r_71_66_6,r_103_54_113,r_55_5_77,r_55_5_77,0.73,19,96,77,73
3,r_126_118_100,r_77_111_92,r_70_92_97,r_77_111_92,1.0,9,101,92,73
23,r_104_58_131,seq86,r_142_100_72,r_142_100_72,1.0,21,93,72,73
79,seq67,r_104_58_131,r_148_123_55,r_148_123_55,1.0,20,75,55,73
47,r_10_28_74,r_107_136_43,seq1,r_10_28_74,0.6,-31,43,74,73
35,r_130_115_69,r_99_50_149,r_96_90_26,r_130_115_69,1.0,0,69,69,73
12,r_55_5_77,seq18,r_71_66_6,r_55_5_77,1.0,1,78,77,73
46,r_96_90_26,r_119_109_64,seq35,r_96_90_26,0.66,1,27,26,73
30,r_8_79_124,seq102,r_143_41_54,r_143_41_54,0.98,38,92,54,74
16,r_131_51_125,r_138_25_144,r_22_97_11,r_22_97_11,1.0,-1,10,11,74
43,r_119_40_65,r_138_25_144,seq18,r_119_40_65,1.0,0,65,65,74
13,r_105_45_43,r_87_23_86,seq72,r_105_45_43,1.0,0,43,43,74
3,r_22_97_11,r_131_51_125,r_63_109_24,r_22_97_11,0.58,114,125,11,74
3,r_22_97_11,r_11_136_79,r_131_51_125,r_22_97_11,0.96,0,11,11,74
55,seq6,r_43_98_113,r_74_68_103,r_74_68_103,0.85,10,113,103,74
26,r_80_69_16,r_92_59_122,seq128,r_80_69_16,0.98,0,16,16,74
21,r_65_134_88,seq6,seq14,r_65_134_88,0.95,0,88,88,74
39,r_43_98_113,seq6,r_143_41_54,r_43_98_113,0.5,0,113,113,74
42,r_133_139_106,r_2_113_146,r_100_121_63,r_133_139_106,0.9,0,106,106,74
73,seq49,seq55,r_146_111_28,r_146_111_28,1.0,1,29,28,74
11,r_12_144_19,seq58,seq82,r_12_144_19,0.93,0,19,19,74
47,r_118_114_34,r_19_48_39,seq30,r_118_114_34,1.0,0,34,34,74
5,r_138_25_144,seq128,r_62_91_69,r_62_91_69,0.86,21,90,69,74
16,r_131_51_125,r_22_97_11,seq84,r_131_51_125,0.53,0,125,125,74
4,r_116_32_71,seq128,r_42_13_73,r_116_32_71,0.7,0,71,71,74
9,r_19_48_39,seq128,seq27,r_19_48_39,1.0,0,39,39,74
15,r_61_46_83,seq50,seq83,r_61_46_83,0.93,0,83,83,74
48,r_107_31_72,r_108_1_1,seq102,r_107_31_72,1.0,0,72,72,74
0,r_130_125_56,seq148,r_57_76_127,r_130_125_56,1.0,0,56,56,74
20,r_20_117_48,seq14,r_0_33_12,r_20_117_48,1.0,0,48,48,74
27,r_143_41_54,seq30,r_8_79_124,r_143_41_54,0.93,-7,47,54,74
67,seq30,r_143_41_54,r_118_114_34,r_118_114_34,1.0,1,35,34,74
18,r_62_91_69,seq67,r_138_25_144,r_62_91_69,0.97,0,69,69,74
29,r_108_1_1,r_107_31_72,seq66,r_107_31_72,1.0,-1,71,72,74
24,r_87_23_86,seq86,seq50,r_87_23_86,0.81,1,87,86,74
46,r_21_99_13,seq55,seq60,r_21_99_13,1.0,0,13,13,74
25,r_73_96_96,r_57_76_127,seq83,r_73_96_96,0.94,0,96,96,74
33,r_74_68_103,r_77_145_145,seq6,r_74_68_103,0.99,0,103,103,74
6,r_63_109_24,r_77_145_145,r_22_97_11,r_63_109_24,1.0,1,25,24,74
65,seq28,seq129,r_26_140_75,r_26_140_75,1.0,31,106,75,74
61,seq147,seq126,r_42_13_73,r_42_13_73,0.88,9,82,73,74
32,r_26_140_75,r_9_10_91,seq28,r_26_140_75,0.99,0,75,75,74
38,r_100_121_63,seq50,seq72,r_100_121_63,1.0,0,63,63,74
41,r_146_111_28,r_116_32_71,seq49,r_146_111_28,0.96,0,28,28,74
44,r_94_137_52,seq78,r_104_103_3,r_94_137_52,0.99,0,52,52,74
51,seq129,seq148,r_17_37_9,r_17_37_9,0.76,22,31,9,74
10,r_81_122_37,r_105_45_43,seq128,r_105_45_43,0.58,-8,35,43,74
4,r_116_32_71,r_42_13_73,r_123_93_149,r_116_32_71,0.59,31,102,71,74
17,r_11_136_79,seq71,r_21_99_13,r_11_136_79,0.99,0,79,79,74
14,r_141_39_58,r_75_38_128,seq24,r_141_39_58,1.0,0,58,58,74
36,r_64_56_59,seq18,r_74_68_103,r_74_68_103,0.89,11,114,103,74
49,r_112_132_60,r_75_38_128,r_19_48_39,r_112_132_60,0.99,0,60,60,74
1,r_47_70_17,r_105_45_43,seq85,r_105_45_43,0.63,-26,17,43,74
23,r_75_38_128,seq60,r_130_125_56,r_75_38_128,0.81,0,128,128,74
36,r_64_56_59,r_108_1_1,seq18,r_64_56_59,1.0,0,59,59,74
12,r_42_13_73,r_104_103_3,seq147,r_42_13_73,1.0,2,75,73,74
5,r_138_25_144,r_119_40_65,seq128,r_119_40_65,0.98,-10,55,65,74
40,r_83_125_90,r_144_112_39,r_20_68_50,r_83_125_90,1.0,0,90,90,75
36,r_143_41_83,seq42,seq38,r_143_41_83,0.92,1,84,83,75
14,r_122_126_72,r_92_140_100,seq26,r_122_126_72,0.94,0,72,72,75
54,seq8,r_39_16_108,r_103_116_91,r_103_116_91,1.0,17,108,91,75
37,r_52_123_89,seq42,seq27,r_52_123_89,0.99,2,91,89,75
49,r_148_101_36,seq118,seq5,r_148_101_36,0.56,2,38,36,75
16,r_145_80_129,seq91,r_94_117_13,r_94_117_13,0.59,119,132,13,75
1,r_92_140_100,seq99,r_59_43_125,r_92_140_100,0.64,0,100,100,75
46,r_0_120_78,seq45,r_65_14_16,r_0_120_78,0.85,0,78,78,75
42,r_28_86_77,r_72_67_138,r_144_112_39,r_28_86_77,1.0,0,77,77,75
93,seq102,seq71,r_1_100_28,r_1_100_28,0.99,21,49,28,75
35,r_20_68_50,seq85,seq132,r_20_68_50,0.84,0,50,50,75
45,r_127_33_113,seq48,r_109_54_33,r_109_54_33,0.6,84,117,33,75
39,r_35_95_42,seq75,seq139,r_35_95_42,1.0,1,43,42,75
2,r_73_25_48,r_147_53_135,r_94_117_13,r_73_25_48,0.94,2,50,48,75
29,r_135_40_101,r_0_120_78,r_104_113_47,r_135_40_101,0.65,0,101,101,75
8,r_11_106_58,seq137,seq34,r_11_106_58,0.86,1,59,58,75
82,seq71,r_1_100_28,r_69_29_124,r_1_100_28,0.6,88,116,28,75
27,r_147_53_135,r_93_142_149,r_119_88_147,r_147_53_135,0.77,0,135,135,75
41,r_98_79_85,seq22,r_103_116_91,r_98_79_85,1.0,3,88,85,75
3,r_56_18_107,seq31,seq137,r_56_18_107,0.96,0,107,107,75
10,r_103_116_91,seq10,r_98_79_85,r_98_79_85,0.88,7,92,85,75
20,r_72_67_138,r_36_15_98,r_70_23_110,r_72_67_138,0.69,-22,116,138,75
0,r_46_128_118,seq8,r_93_142_149,r_46_128_118,0.73,0,118,118,75
63,seq22,r_98_79_85,r_65_14_16,r_98_79_85,1.0,3,88,85,75
20,r_72_67_138,r_28_86_77,r_36_15_98,r_28_86_77,0.74,0,77,77,75
9,r_109_54_33,seq115,seq102,r_109_54_33,0.67,4,37,33,75
27,r_147_53_135,r_73_25_48,r_93_142_149,r_147_53_135,0.79,-80,55,135,75
13,r_65_14_16,r_56_18_107,seq22,r_65_14_16,0.89,0,16,16,75
43,r_121_149_17,seq102,seq99,r_121_149_17,0.78,0,17,17,75
1,r_92_140_100,r_59_43_125,r_122_126_72,r_59_43_125,0.89,10,135,125,75
19,r_104_113_47,r_92_140_100,r_109_54_33,r_104_113_47,0.99,6,53,47,75
52,seq132,r_130_90_130,r_20_68_50,r_20_68_50,0.98,0,50,50,75
6,r_134_7_14,r_83_125_90,seq64,r_134_7_14,0.56,-1,13,14,75
47,r_59_43_125,r_36_15_98,r_92_140_100,r_59_43_125,0.42,-25,100,125,75
40,r_83_125_90,r_134_7_14,r_144_112_39,r_134_7_14,0.75,-1,13,14,75
24,r_30_37_65,seq5,r_20_68_50,r_30_37_65,0.98,0,65,65,75
5,r_1_100_28,r_98_79_85,seq102,r_1_100_28,0.6,0,28,28,75
33,r_2_49_54,r_130_90_130,r_94_117_13,r_94_117_13,0.69,106,119,13,75
25,r_82_146_10,r_135_40_101,r_130_90_130,r_82_146_10,0.98,0,10,10,75
38,r_70_23_110,seq74,r_103_116_91,r_70_23_110,0.75,0,110,110,75
29,r_135_40_101,r_82_146_10,seq27,r_135_40_101,0.74,-89,12,101,75
26,r_144_112_39,seq32,r_83_125_90,r_144_112_39,0.79,0,39,39,75
25,r_82_146_10,r_130_90_130,r_94_117_13,r_82_146_10,0.55,120,130,10,75
22,r_94_117_13,r_30_37_65,r_97_3_141,r_97_3_141,0.93,-128,13,141,75
7,r_97_3_141,r_130_90_130,r_94_117_13,r_94_117_13,0.96,22,35,13,75
29,r_135_40_101,seq27,r_0_120_78,r_135_40_101,0.85,-23,78,101,75
47,r_59_43_125,r_92_140_100,r_119_88_147,r_59_43_125,0.68,9,134,125,75
28,r_9_87_31,r_36_15_98,seq84,r_9_87_31,0.95,0,31,31,75
44,r_36_15_98,seq5,r_66_4_2,r_36_15_98,0.6,2,100,98,75
26,r_144_112_39,r_83_125_90,r_28_86_77,r_144_112_39,0.93,51,90,39,75
34,r_133_110_19,r_0_120_78,seq85,r_133_110_19,1.0,-1,18,19,75
12,r_61_108_132,seq8,seq42,r_61_108_132,0.52,3,135,132,75
29,r_43_95_27,r_31_89_31,seq125,r_43_95_27,0.98,0,27,27,76
32,r_50_136_56,seq45,r_78_135_99,r_78_135_99,0.98,9,108,99,76
37,r_110_132_140,r_61_97_138,r_69_14_104,r_69_14_104,1.0,36,140,104,76
40,r_149_18_15,r_102_72_29,seq143,r_149_18_15,0.95,0,15,15,76
16,r_131_128_127,seq15,seq5,r_131_128_127,0.47,3,130,127,76
21,r_92_62_119,seq47,seq49,r_92_62_119,0.92,0,119,119,76
39,r_83_32_120,r_84_101_133,seq142,r_83_32_120,0.75,0,120,120,76
23,r_4_111_20,seq46,r_61_97_138,r_4_111_20,0.94,-1,19,20,76
46,r_139_73_110,r_108_40_135,seq8,r_139_73_110,0.96,2,112,110,76
87,seq143,r_146_116_96,r_149_18_15,r_149_18_15,0.99,0,15,15,76
49,r_148_144_62,r_146_116_96,seq29,r_146_116_96,0.44,-40,56,96,76
80,seq64,r_39_57_70,r_30_59_84,r_39_57_70,0.99,1,71,70,76
12,r_117_140_23,r_96_58_25,seq104,r_117_140_23,0.98,0,23,23,76
31,r_39_57_70,seq64,r_25_68_18,r_39_57_70,1.0,1,71,70,76
41,r_30_59_84,r_78_135_99,seq64,r_30_59_84,0.48,7,91,84,76
90,seq103,r_78_135_99,seq142,r_78_135_99,0.86,0,99,99,76
5,r_2_124_16,r_99_17_102,r_23_9_47,r_2_124_16,0.89,1,17,16,76
14,r_25_68_18,r_20_85_109,r_39_57_70,r_25_68_18,0.82,61,79,18,76
4,r_98_81_89,seq5,seq21,r_98_81_89,0.96,0,89,89,76
6,r_23_9_47,r_109_12_148,r_2_124_16,r_2_124_16,0.71,1,17,16,76
0,r_99_17_102,r_34_107_149,r_38_82_48,r_99_17_102,0.93,0,102,102,76
73,seq47,r_92_62_119,seq133,r_92_62_119,0.94,0,119,119,76
11,r_78_135_99,seq103,r_50_136_56,r_78_135_99,0.73,0,99,99,76
20,r_44_63_143,r_134_118_7,seq5,r_134_118_7,0.53,100,107,7,76
13,r_69_14_104,r_131_128_127,seq94,r_69_14_104,0.99,0,104,104,76
6,r_23_9_47,r_2_124_16,seq1,r_23_9_47,1.0,0,47,47,76
48,r_109_12_148,r_42_75_90,r_141_79_72,r_109_12_148,0.63,-55,93,148,76
62,seq21,seq93,r_98_81_89,r_98_81_89,0.77,27,116,89,76
14,r_25_68_18,r_92_62_119,r_20_85_109,r_25_68_18,0.8,1,19,18,76
36,r_96_58_25,seq1,r_19_13_67,r_96_58_25,1.0,0,25,25,76
27,r_80_76_137,r_65_100_74,r_69_14_104,r_80_76_137,0.36,0,137,137,76
5,r_2_124_16,r_23_9_47,r_141_79_72,r_23_9_47,0.73,0,47,47,76
2,r_10_26_68,seq87,r_65_100_74,r_10_26_68,0.99,1,69,68,76
47,r_146_116_96,seq143,r_34_107_149,r_34_107_149,0.63,-53,96,149,76
15,r_114_3_38,seq67,r_61_97_138,r_114_3_38,0.96,1,39,38,76
64,seq24,r_141_79_72,seq52,r_141_79_72,0.59,26,98,72,76
24,r_91_66_76,seq106,r_10_26_68,r_91_66_76,0.89,0,76,76,76
64,seq24,r_2_124_16,r_141_79_72,r_141_79_72,0.48,-21,51,72,76
25,r_141_79_72,r_33_11_144,r_2_124_16,r_141_79_72,0.95,0,72,72,76
42,r_20_85_109,r_25_68_18,seq27,r_20_85_109,0.95,0,109,109,76
32,r_50_136_56,seq106,seq45,r_50_136_56,0.62,4,60,56,76
38,r_119_137_69,r_84_101_133,seq15,r_119_137_69,0.99,0,69,69,76
76,seq51,r_2_124_16,r_69_14_104,r_69_14_104,1.0,27,131,104,76
34,r_34_107_149,r_99_17_102,r_146_116_96,r_34_107_149,0.86,-47,102,149,76
45,r_123_54_41,seq130,seq145,r_123_54_41,1.0,0,41,41,76
3,r_31_89_31,seq22,seq21,r_31_89_31,1.0,0,31,31,76
44,r_35_115_50,r_10_26_68,seq28,r_35_115_50,1.0,2,52,50,76
75,seq49,seq27,r_92_62_119,r_92_62_119,1.0,2,121,119,76
28,r_84_101_133,r_83_32_120,r_117_140_23,r_84_101_133,0.81,-13,120,133,76
76,seq51,r_109_12_148,r_2_124_16,r_109_12_148,0.29,-104,44,148,76
26,r_102_72_29,seq93,r_60_7_9,r_102_72_29,1.0,0,29,29,76
52,seq130,r_123_54_41,seq27,r_123_54_41,1.0,0,41,41,76
42,r_20_85_109,r_146_116_96,r_25_68_18,r_25_68_18,1.0,0,18,18,76
35,r_42_75_90,r_109_12_148,r_123_54_41,r_123_54_41,0.99,45,86,41,76
49,r_14_115_37,r_98_55_22,seq12,r_14_115_37,0.77,-19,18,37,77
9,r_149_126_9,r_131_47_108,r_48_148_105,r_131_47_108,0.74,0,108,108,77
44,r_40_112_57,seq24,r_10_99_15,r_40_112_57,0.86,2,59,57,77
43,r_49_44_113,seq52,seq61,r_49_44_113,0.81,0,113,113,77
37,r_70_120_125,seq36,seq9,r_70_120_125,0.45,0,125,125,77
59,seq17,r_103_92_128,seq43,r_103_92_128,1.0,0,128,128,77
39,r_145_66_65,seq83,seq16,r_145_66_65,0.93,0,65,65,77
5,r_114_102_73,seq110,seq37,r_114_102_73,0.93,0,73,73,77
46,r_131_47_108,r_141_86_147,r_106_25_24,r_131_47_108,0.68,0,108,108,77
24,r_23_38_27,seq18,r_134_124_62,r_23_38_27,1.0,0,27,27,77
69,seq50,r_131_47_108,r_48_148_105,r_131_47_108,0.47,0,108,108,77
88,seq91,seq62,r_39_127_13,r_39_127_13,0.88,30,43,13,77
22,r_10_99_15,seq22,seq91,r_10_99_15,1.0,0,15,15,77
95,seq110,r_114_102_73,r_28_88_77,r_114_102_73,0.97,0,73,73,77
76,seq65,seq62,r_71_51_68,r_71_51_68,1.0,3,71,68,77
17,r_89_133_20,r_116_123_32,seq97,r_116_123_32,0.61,-12,20,32,77
31,r_105_34_59,r_1_146_124,r_14_115_37,r_105_34_59,1.0,2,61,59,77
41,r_130_77_79,seq76,r_27_108_51,r_130_77_79,0.96,0,79,79,77
27,r_129_75_31,r_28_88_77,seq41,r_129_75_31,1.0,0,31,31,77
10,r_30_15_100,r_26_136_149,r_71_51_68,r_30_15_100,0.98,0,100,100,77
16,r_57_19_35,r_28_88_77,r_49_44_113,r_57_19_35,0.95,1,36,35,77
72,seq59,r_1_146_124,seq121,r_1_146_124,0.9,-4,120,124,77
16,r_57_19_35,r_49_44_113,r_32_101_29,r_49_44_113,0.93,0,113,113,77
63,seq35,r_56_2_117,seq9,r_56_2_117,0.55,0,117,117,77
73,seq60,r_142_31_114,r_106_25_24,r_142_31_114,0.64,0,114,114,77
57,seq12,seq74,r_14_115_37,r_14_115_37,0.99,5,42,37,77
12,r_32_101_29,seq9,seq76,r_32_101_29,1.0,0,29,29,77
20,r_20_64_95,seq37,r_118_4_2,r_20_64_95,0.98,0,95,95,77
13,r_142_31_114,seq60,r_129_75_31,r_142_31_114,0.97,0,114,114,77
48,r_29_82_86,seq83,seq24,r_29_82_86,1.0,0,86,86,77
1,r_45_63_53,r_144_3_139,seq90,r_45_63_53,1.0,1,54,53,77
19,r_33_42_18,r_104_147_110,seq72,r_33_42_18,0.83,0,18,18,77
6,r_134_124_62,seq61,seq6,r_134_124_62,1.0,0,62,62,77
42,r_39_127_13,r_28_88_77,seq91,r_39_127_13,0.76,0,13,13,77
87,seq90,r_84_132_115,r_45_63_53,r_45_63_53,0.98,62,115,53,77
47,r_71_51_68,r_48_148_105,seq65,r_71_51_68,1.0,3,71,68,77
24,r_23_38_27,r_134_124_62,seq67,r_134_124_62,1.0,0,62,62,77
29,r_26_136_149,r_30_15_100,r_138_58_72,r_26_136_149,0.93,-49,100,149,77
25,r_138_58_72,seq91,seq16,r_138_58_72,1.0,1,73,72,77
33,r_87_122_133,seq36,r_106_25_24,r_106_25_24,0.43,109,133,24,77
53,seq7,r_28_88_77,r_53_137_10,r_53_137_10,1.0,0,10,10,77
64,seq36,r_70_120_125,seq22,r_70_120_125,0.77,0,125,125,77
2,r_106_25_24,r_134_124_62,seq83,r_134_124_62,0.62,-40,22,62,77
14,r_53_137_10,r_87_122_133,seq7,r_53_137_10,0.97,0,10,10,77
38,r_79_107_69,r_56_2_117,r_14_115_37,r_79_107_69,1.0,0,69,69,77
60,seq18,r_28_88_77,seq24,r_28_88_77,0.8,-26,51,77,77
34,r_48_148_105,r_49_44_113,seq50,r_48_148_105,0.76,1,106,105,77
4,r_27_108_51,seq139,r_130_77_79,r_130_77_79,1.0,7,86,79,77
32,r_98_55_22,r_14_115_37,seq111,r_98_55_22,0.82,-3,19,22,77
4,r_27_108_51,r_104_147_110,seq139,r_27_108_51,0.93,6,57,51,77
30,r_116_123_32,r_144_3_139,seq11,r_116_123_32,0.98,0,32,32,77
21,r_143_68_34,seq139,r_98_55_22,r_143_68_34,1.0,0,34,34,77
91,seq96,r_28_88_77,r_53_137_10,r_28_88_77,0.63,25,102,77,77
7,r_81_0_66,seq97,r_134_124_62,r_81_0_66,0.83,2,68,66,77
23,r_84_132_115,seq90,r_32_101_29,r_84_132_115,0.51,0,115,115,77
84,seq83,r_145_66_65,r_106_25_24,r_145_66_65,1.0,0,65,65,77
44,r_27_143_91,r_51_122_7,r_93_4_84,r_93_4_84,0.98,12,96,84,78
36,r_35_117_142,r_74_107_79,r_18_13_70,r_35_117_142,1.0,-69,73,142,78
14,r_85_112_85,r_52_78_92,r_130_22_23,r_130_22_23,0.94,62,85,23,78
4,r_17_87_107,r_68_109_81,r_32_132_11,r_17_87_107,0.96,3,110,107,78
37,r_77_81_28,r_37_126_94,r_97_96_27,r_77_81_28,1.0,0,28,28,78
21,r_114_67_110,seq63,r_18_13_70,r_114_67_110,0.83,3,113,110,78
39,r_18_13_70,r_17_87_107,seq39,r_18_13_70,1.0,0,70,70,78
5,r_37_126_94,seq113,r_18_13_70,r_18_13_70,1.0,25,95,70,78
46,r_139_53_86,seq95,seq59,r_139_53_86,1.0,0,86,86,78
42,r_141_127_75,r_16_140_121,seq11,r_16_140_121,0.5,-46,75,121,78
80,seq63,r_114_67_110,r_98_137_90,r_114_67_110,0.69,-5,105,110,78
35,r_97_96_27,r_92_50_82,seq42,r_97_96_27,0.74,0,27,27,78
8,r_15_10_54,r_120_102_106,r_149_136_50,r_149_136_50,0.47,4,54,50,78
45,r_38_75_89,r_108_25_97,r_139_53_86,r_38_75_89,0.98,9,98,89,78
69,seq42,r_21_111_148,r_97_96_27,r_97_96_27,0.98,4,31,27,78
41,r_98_137_90,r_16_140_121,seq63,r_16_140_121,0.66,-40,81,121,78
22,r_69_135_78,seq121,r_92_50_82,r_69_135_78,0.57,26,104,78,78
90,seq131,seq104,r_90_100_60,r_90_100_60,0.91,0,60,60,78
26,r_43_64_131,r_29_20_135,r_115_148_108,r_29_20_135,0.51,-3,132,135,78
4,r_17_87_107,r_18_13_70,seq8,r_18_13_70,0.52,0,70,70,78
11,r_115_148_108,seq5,r_66_84_37,r_115_148_108,0.96,0,108,108,78
13,r_29_20_135,r_56_82_129,seq65,r_56_82_129,0.76,-1,128,129,78
48,r_120_102_106,seq118,r_66_84_37,r_120_102_106,1.0,0,106,106,78
6,r_106_48_100,r_114_67_110,r_66_84_37,r_106_48_100,0.99,0,100,100,78
4,r_17_87_107,seq8,r_68_109_81,r_68_109_81,0.92,0,81,81,78
44,r_27_143_91,r_52_78_92,r_51_122_7,r_51_122_7,0.71,24,31,7,78
33,r_33_9_31,seq128,seq118,r_33_9_31,1.0,0,31,31,78
27,r_90_100_60,seq54,seq131,r_90_100_60,1.0,1,61,60,78
2,r_56_82_129,r_29_20_135,r_74_107_79,r_56_82_129,0.69,-1,128,129,78
47,r_68_109_81,r_66_84_37,r_17_87_107,r_17_87_107,0.95,-26,81,107,78
44,r_27_143_91,r_93_4_84,r_56_82_129,r_27_143_91,0.64,42,133,91,78
18,r_129_89_102,r_21_111_148,r_38_75_89,r_129_89_102,0.48,2,104,102,78
29,r_16_140_121,seq60,seq123,r_16_140_121,0.6,0,121,121,78
24,r_74_107_79,r_35_117_142,r_51_122_7,r_74_107_79,0.86,0,79,79,78
25,r_93_4_84,seq0,r_33_9_31,r_93_4_84,1.0,0,84,84,78
20,r_51_122_7,r_27_143_91,r_74_107_79,r_74_107_79,0.94,13,92,79,78
68,seq41,r_92_50_82,seq28,r_92_50_82,1.0,-15,67,82,78
12,r_103_110_19,r_106_48_100,seq57,r_103_110_19,1.0,0,19,19,78
32,r_31_142_48,r_92_50_82,seq44,r_31_142_48,1.0,0,48,48,78
81,seq65,r_21_111_148,r_29_20_135,r_21_111_148,0.79,-34,114,148,78
17,r_91_124_115,seq2,r_37_126_94,r_91_124_115,0.84,0,115,115,78
47,r_68_109_81,r_17_87_107,seq8,r_17_87_107,0.65,2,109,107,78
16,r_7_62_34,r_130_22_23,seq40,r_7_62_34,0.98,1,35,34,78
75,seq57,r_105_80_24,r_103_110_19,r_103_110_19,0.93,8,27,19,78
22,r_69_135_78,seq134,seq121,r_69_135_78,0.89,0,78,78,78
34,r_66_84_37,r_30_88_122,seq2,r_30_88_122,0.73,-85,37,122,78
49,r_108_25_97,r_38_75_89,r_18_13_70,r_108_25_97,1.0,1,98,97,78
30,r_149_136_50,r_91_124_115,r_15_10_54,r_15_10_54,0.92,0,54,54,78
23,r_52_78_92,r_27_143_91,seq128,r_52_78_92,0.99,0,92,92,78
43,r_26_24_51,r_21_111_148,seq60,r_26_24_51,0.97,0,51,51,78
40,r_32_132_11,r_17_87_107,seq14,r_32_132_11,0.9,0,11,11,78
30,r_121_47_102,seq13,r_133_146_86,r_121_47_102,0.71,0,102,102,79
19,r_61_19_54,seq0,r_12_24_84,r_61_19_54,0.5,-39,15,54,79
8,r_34_57_116,seq134,r_10_83_111,r_34_57_116,0.77,3,119,116,79
39,r_94_26_76,seq60,seq46,r_94_26_76,1.0,-2,74,76,79
97,seq148,r_69_3_135,r_135_59_8,r_69_3_135,0.56,1,136,135,79
14,r_74_104_138,r_113_67_40,r_119_42_49,r_74_104_138,0.79,-95,43,138,79
45,r_111_108_130,seq145,seq0,r_111_108_130,0.65,0,130,130,79
57,seq18,r_119_42_49,seq77,r_119_42_49,0.98,0,49,49,79
34,r_1_92_50,r_68_142_69,r_66_70_33,r_1_92_50,0.59,2,52,50,79
25,r_37_65_32,seq72,r_8_32_2,r_37_65_32,0.54,4,36,32,79
83,seq80,r_69_3_135,r_51_149_35,r_51_149_35,0.99,22,57,35,79
31,r_91_95_75,r_12_24_84,r_11_136_149,r_91_95_75,0.94,1,76,75,79
41,r_131_106_132,seq54,seq45,r_131_106_132,0.56,0,132,132,79
3,r_68_142_69,r_99_38_121,seq98,r_68_142_69,0.87,4,73,69,79
10,r_17_39_90,r_69_3_135,seq54,r_17_39_90,0.99,0,90,90,79
90,seq97,r_89_21_74,r_116_15_9,r_89_21_74,1.0,0,74,74,79
37,r_6_100_56,seq62,r_51_149_35,r_6_100_56,1.0,3,59,56,79
15,r_140_127_14,seq30,seq88,r_140_127_14,1.0,1,15,14,79
26,r_40_78_104,r_43_96_112,seq77,r_40_78_104,0.99,0,104,104,79
72,seq54,r_131_106_132,r_89_21_74,r_89_21_74,0.99,44,118,74,79
1,r_31_56_25,r_12_24_84,r_37_65_32,r_31_56_25,0.94,2,27,25,79
4,r_69_3_135,seq46,r_7_4_66,r_7_4_66,0.91,69,135,66,79
18,r_138_76_52,seq54,seq63,r_138_76_52,1.0,0,52,52,79
0,r_130_58_73,seq2,r_79_109_36,r_130_58_73,0.6,1,74,73,79
81,seq77,seq18,r_40_78_104,r_40_78_104,0.59,-1,103,104,79
11,r_7_4_66,seq54,r_14_137_64,r_7_4_66,1.0,0,66,66,79
20,r_132_143_98,seq120,seq28,r_132_143_98,0.99,0,98,98,79
46,r_35_129_41,r_99_38_121,r_116_15_9,r_99_38_121,1.0,-20,101,121,79
48,r_43_96_112,seq60,r_17_39_90,r_17_39_90,0.71,23,113,90,79
57,seq18,seq77,r_114_144_108,r_114_144_108,1.0,0,108,108,79
6,r_85_33_45,r_10_83_111,seq63,r_85_33_45,1.0,0,45,45,79
87,seq88,r_139_75_79,r_140_127_14,r_139_75_79,0.67,0,79,79,79
29,r_51_149_35,r_138_76_52,seq80,r_51_149_35,1.0,1,36,35,79
62,seq27,r_110_86_58,r_133_146_86,r_133_146_86,0.98,0,86,86,79
74,seq60,r_43_96_112,seq55,r_43_96_112,0.97,1,113,112,79
24,r_12_24_84,seq22,r_94_26_76,r_12_24_84,1.0,1,85,84,79
44,r_113_67_40,r_74_104_138,r_116_15_9,r_113_67_40,1.0,1,41,40,79
33,r_126_84_60,seq54,seq134,r_126_84_60,0.9,2,62,60,79
9,r_99_38_121,r_35_129_41,r_40_78_104,r_99_38_121,0.98,0,121,121,79
68,seq46,r_69_3_135,r_12_24_84,r_12_24_84,0.91,51,135,84,79
38,r_117_112_81,seq63,seq28,r_117_112_81,0.96,1,82,81,79
52,seq2,r_130_58_73,r_135_59_8,r_130_58_73,0.95,1,74,73,79
81,seq77,r_133_146_86,seq18,r_133_146_86,0.76,0,86,86,79
32,r_79_109_36,r_85_33_45,seq145,r_79_109_36,0.95,0,36,36,79
17,r_115_118_93,r_111_108_130,seq93,r_115_118_93,0.82,9,102,93,79
43,r_66_70_33,r_69_3_135,seq128,r_66_70_33,0.92,2,35,33,79
9,r_99_38_121,r_68_142_69,r_35_129_41,r_99_38_121,1.0,-48,73,121,79
22,r_10_83_111,seq55,r_53_16_21,r_10_83_111,0.93,0,111,111,79
91,seq98,seq0,r_68_142_69,r_68_142_69,1.0,13,82,69,79
46,r_35_129_41,r_85_33_45,r_99_38_121,r_35_129_41,0.89,0,41,41,79
49,r_114_144_108,seq97,seq18,r_114_144_108,0.87,1,109,108,79
56,seq145,r_111_108_130,r_79_109_36,r_79_109_36,0.99,94,130,36,79
7,r_14_137_64,seq27,r_7_4_66,r_7_4_66,0.68,0,66,66,79
23,r_133_146_86,seq77,seq27,r_133_146_86,1.0,0,86,86,79
35,r_89_21_74,seq97,seq54,r_89_21_74,1.0,0,74,74,79
16,r_119_42_49,seq18,seq30,r_119_42_49,0.97,0,49,49,79
13,r_110_86_58,r_68_142_69,r_138_76_52,r_138_76_52,1.0,7,59,52,79
2,r_36_125_10,r_130_58_73,seq20,r_36_125_10,0.55,1,11,10,79
36,r_144_92_89,r_87_137_109,r_93_103_11,r_144_92_89,0.91,0,89,89,80
8,r_99_98_116,r_32_97_147,r_83_108_80,r_32_97_147,0.61,-31,116,147,80
59,seq17,r_102_133_130,r_70_22_3,r_102_133_130,0.65,0,130,130,80
10,r_1_82_26,seq139,seq28,r_1_82_26,1.0,0,26,26,80
50,seq2,r_46_42_39,seq64,r_46_42_39,1.0,1,40,39,80
55,seq11,seq89,r_61_58_47,r_61_58_47,1.0,15,62,47,80
16,r_143_121_62,seq131,r_93_103_11,r_143_121_62,1.0,0,62,62,80
1,r_88_130_122,seq75,seq24,r_88_130_122,0.67,0,122,122,80
5,r_149_136_112,seq95,r_93_103_11,r_149_136_112,0.87,0,112,112,80
32,r_61_58_47,seq127,seq11,r_61_58_47,1.0,0,47,47,80
66,seq28,r_110_53_119,r_70_22_3,r_110_53_119,0.96,0,119,119,80
48,r_54_20_55,r_68_118_97,r_109_128_57,r_68_118_97,1.0,0,97,97,80
31,r_87_137_109,r_144_92_89,r_13_117_102,r_144_92_89,0.99,0,89,89,80
7,r_68_118_97,r_59_126_141,r_54_20_55,r_59_126_141,0.58,-82,59,141,80
3,r_10_55_22,r_102_133_130,seq91,r_10_55_22,0.97,1,23,22,80
26,r_140_123_126,seq131,seq146,r_140_123_126,0.74,0,126,126,80
4,r_57_51_63,r_32_97_147,seq85,r_57_51_63,1.0,2,65,63,80
0,r_7_107_137,seq5,r_10_55_22,r_7_107_137,0.69,0,137,137,80
11,r_35_112_91,r_21_26_95,seq131,r_35_112_91,0.85,0,91,91,80
20,r_125_81_93,seq4,seq94,r_125_81_93,0.97,0,93,93,80
15,r_63_41_100,r_147_104_135,seq119,r_63_41_100,1.0,0,100,100,80
25,r_62_96_56,r_87_137_109,seq47,r_62_96_56,1.0,0,56,56,80
48,r_54_20_55,r_90_114_149,r_68_118_97,r_54_20_55,0.64,4,59,55,80
29,r_116_15_19,seq4,seq31,r_116_15_19,1.0,0,19,19,80
19,r_27_8_79,r_140_123_126,seq122,r_27_8_79,1.0,-1,78,79,80
42,r_105_66_37,r_83_108_80,seq89,r_83_108_80,0.67,-40,40,80,80
18,r_83_108_80,seq106,seq134,r_83_108_80,0.88,0,80,80,80
24,r_52_30_71,r_70_22_3,r_61_58_47,r_52_30_71,0.74,0,71,71,80
64,seq24,seq146,r_88_130_122,r_88_130_122,0.65,12,134,122,80
38,r_115_3_66,r_120_74_138,r_93_103_11,r_115_3_66,0.95,-1,65,66,80
34,r_45_132_106,seq75,seq95,r_45_132_106,0.94,0,106,106,80
7,r_68_118_97,r_54_20_55,seq12,r_68_118_97,0.64,0,97,97,80
49,r_46_42_39,seq2,r_141_0_6,r_46_42_39,1.0,1,40,39,80
81,seq75,r_88_130_122,r_46_42_39,r_46_42_39,0.58,83,122,39,80
9,r_69_44_84,seq101,seq12,r_69_44_84,0.83,1,85,84,80
27,r_109_128_57,r_27_8_79,seq4,r_109_128_57,0.99,0,57,57,80
22,r_38_73_117,seq17,r_46_42_39,r_46_42_39,1.0,81,120,39,80
28,r_13_117_102,r_87_137_109,r_70_22_3,r_87_137_109,0.96,0,109,109,80
44,r_138_135_108,seq76,seq43,r_138_135_108,0.63,8,116,108,80
17,r_48_37_125,seq71,r_57_51_63,r_57_51_63,0.82,62,125,63,80
31,r_87_137_109,r_13_117_102,r_68_118_97,r_87_137_109,0.61,0,109,109,80
17,r_48_37_125,r_83_108_80,seq71,r_48_37_125,0.85,-104,21,125,80
33,r_65_67_18,r_72_145_129,seq89,r_65_67_18,0.69,1,19,18,80
12,r_60_34_99,r_149_136_112,seq19,r_60_34_99,0.99,0,99,99,80
2,r_93_103_11,r_52_30_71,seq101,r_93_103_11,0.99,0,11,11,80
19,r_27_8_79,r_109_128_57,r_140_123_126,r_109_128_57,0.92,0,57,57,80
46,r_36_80_45,r_88_130_122,r_90_114_149,r_36_80_45,0.71,1,46,45,80
30,r_50_108_139,seq90,r_65_32_105,r_65_32_105,1.0,35,140,105,81
8,r_81_25_124,r_42_83_145,r_107_130_111,r_107_130_111,0.51,14,125,111,81
53,seq9,r_61_141_79,seq5,r_61_141_79,1.0,0,79,79,81
43,r_112_101_64,seq20,r_139_142_144,r_112_101_64,1.0,2,66,64,81
4,r_128_13_10,r_34_85_140,r_80_124_112,r_128_13_10,0.98,0,10,10,81
52,seq8,r_111_82_56,r_34_85_140,r_111_82_56,1.0,-10,46,56,81
14,r_0_69_59,r_118_39_101,seq70,r_0_69_59,0.87,0,59,59,81
16,r_53_40_91,seq29,seq58,r_53_40_91,0.93,0,91,91,81
39,r_77_48_78,seq138,seq86,r_77_48_78,1.0,0,78,78,81
97,seq122,r_10_104_89,r_88_127_125,r_10_104_89,0.82,9,98,89,81
5,r_61_141_79,seq9,seq17,r_61_141_79,1.0,0,79,79,81
46,r_98_131_81,seq74,r_34_85_140,r_98_131_81,0.99,0,81,81,81
42,r_15_143_88,r_139_142_144,seq17,r_15_143_88,0.98,0,88,88,81
49,r_111_82_56,seq8,seq70,r_111_82_56,1.0,0,56,56,81
21,r_126_12_23,r_76_134_36,r_139_142_144,r_139_142_144,0.56,-121,23,144,81
45,r_42_83_145,r_81_25_124,r_88_127_125,r_42_83_145,0.7,-20,125,145,81
19,r_115_37_141,r_54_72_65,r_135_14_35,r_115_37_141,0.69,-74,67,141,81
40,r_123_2_47,r_64_49_106,seq17,r_123_2_47,0.51,9,56,47,81
95,seq119,r_19_145_123,r_123_2_47,r_19_145_123,0.55,1,124,123,81
66,seq133,r_103_51_108,r_26_23_51,r_26_23_51,0.56,11,62,51,81
41,r_79_92_42,r_60_113_66,r_38_109_28,r_79_92_42,1.0,0,42,42,81
26,r_1_3_74,r_103_51_108,seq96,r_1_3_74,0.99,0,74,74,81
12,r_56_120_24,seq24,r_107_130_111,r_56_120_24,0.93,0,24,24,81
11,r_10_104_89,seq122,r_126_12_23,r_10_104_89,0.95,0,89,89,81
20,r_91_66_87,seq119,r_111_82_56,r_91_66_87,0.84,0,87,87,81
13,r_16_28_100,seq29,seq93,r_16_28_100,0.99,0,100,100,81
15,r_45_68_121,seq116,r_22_140_20,r_45_68_121,0.62,0,121,121,81
48,r_103_51_108,seq17,seq52,r_103_51_108,0.77,0,108,108,81
4,r_128_13_10,r_80_124_112,r_118_39_101,r_128_13_10,0.96,102,112,10,81
12,r_56_120_24,r_107_130_111,seq18,r_107_130_111,0.52,4,115,111,81
6,r_60_113_66,seq95,seq147,r_60_113_66,0.69,-6,60,66,81
21,r_126_12_23,r_139_142_144,r_10_104_89,r_10_104_89,1.0,19,108,89,81
36,r_80_124_112,r_128_13_10,r_135_14_35,r_80_124_112,0.92,0,112,112,81
17,r_41_129_53,r_50_108_139,seq29,r_41_129_53,1.0,0,53,53,81
27,r_107_130_111,r_94_99_86,r_81_25_124,r_94_99_86,1.0,3,89,86,81
25,r_26_23_51,seq33,seq133,r_26_23_51,1.0,0,51,51,81
34,r_117_44_44,seq73,r_87_78_3,r_117_44_44,1.0,0,44,44,81
47,r_64_49_106,seq57,r_61_141_79,r_61_141_79,0.96,28,107,79,81
36,r_80_124_112,r_65_32_105,r_128_13_10,r_128_13_10,0.98,0,10,10,81
29,r_136_84_122,seq106,seq5,r_136_84_122,0.79,0,122,122,81
88,seq148,r_55_62_149,r_54_72_65,r_54_72_65,0.8,10,75,65,81
38,r_88_127_125,seq110,r_42_83_145,r_88_127_125,0.71,0,125,125,81
44,r_38_109_28,r_112_101_64,r_79_92_42,r_38_109_28,0.98,14,42,28,81
22,r_54_72_65,r_115_37_141,seq148,r_54_72_65,0.95,2,67,65,81
18,r_71_102_38,seq11,r_55_62_149,r_71_102_38,1.0,4,42,38,81
3,r_55_62_149,seq148,r_71_102_38,r_71_102_38,1.0,18,56,38,81
56,seq17,r_103_51_108,r_15_143_88,r_15_143_88,0.73,12,100,88,81
7,r_65_32_105,r_50_108_139,r_16_28_100,r_65_32_105,0.88,0,105,105,81
0,r_135_14_35,r_81_25_124,r_115_37_141,r_135_14_35,1.0,1,36,35,81
82,seq86,r_80_124_112,r_77_48_78,r_77_48_78,0.9,2,80,78,81
10,r_4_89_27,r_16_28_100,seq138,r_4_89_27,0.99,0,27,27,81
35,r_94_99_86,r_107_130_111,r_0_69_59,r_94_99_86,0.8,1,87,86,81
93,seq112,seq58,r_88_94_110,r_88_94_110,0.95,4,114,110,82
51,seq128,r_3_135_60,seq45,r_3_135_60,1.0,3,63,60,82
36,r_73_122_73,r_145_46_82,r_74_130_66,r_73_122_73,1.0,-8,65,73,82
8,r_35_61_125,r_29_28_130,r_136_89_25,r_35_61_125,0.87,2,127,125,82
43,r_133_98_138,seq9,r_52_138_43,r_133_98_138,0.27,1,139,138,82
37,r_34_144_148,r_126_72_57,r_134_56_61,r_126_72_57,1.0,0,57,57,82
55,seq9,r_133_98_138,r_7_24_71,r_7_24_71,0.95,68,139,71,82
86,seq92,r_27_83_134,r_82_121_59,r_82_121_59,1.0,75,134,59,82
21,r_53_91_129,seq57,r_69_105_9,r_69_105_9,0.7,120,129,9,82
39,r_25_76_72,seq8,r_97_63_50,r_25_76_72,0.81,0,72,72,82
1,r_109_18_58,r_29_28_130,seq45,r_29_28_130,1.0,0,130,130,82
1,r_109_18_58,r_99_148_106,r_29_28_130,r_109_18_58,0.94,4,62,58,82
97,seq120,r_109_18_58,r_149_142_37,r_109_18_58,0.62,40,98,58,82
5,r_64_51_102,seq112,r_39_113_89,r_64_51_102,0.97,0,102,102,82
76,seq58,r_86_102_147,r_12_50_42,r_12_50_42,1.0,11,53,42,82
19,r_88_94_110,r_99_148_106,seq112,r_88_94_110,0.66,3,113,110,82
38,r_104_95_17,r_82_121_59,seq68,r_104_95_17,0.96,0,17,17,82
95,seq116,seq2,r_36_62_108,r_36_62_108,1.0,0,108,108,82
3,r_12_50_42,seq68,seq58,r_12_50_42,0.96,1,43,42,82
31,r_110_40_22,r_149_142_37,r_69_105_9,r_110_40_22,0.98,0,22,22,82
10,r_145_46_82,seq115,r_134_56_61,r_145_46_82,0.99,0,82,82,82
22,r_47_107_34,r_36_62_108,seq13,r_47_107_34,1.0,0,34,34,82
72,seq45,r_29_28_130,r_109_18_58,r_109_18_58,1.0,72,130,58,82
18,r_71_17_52,seq108,seq119,r_71_17_52,1.0,0,52,52,82
13,r_5_60_67,r_1_6_105,r_34_144_148,r_5_60_67,1.0,0,67,67,82
25,r_136_89_25,r_47_107_34,r_25_76_72,r_47_107_34,0.78,-2,32,34,82
48,r_43_125_63,seq11,seq23,r_43_125_63,1.0,0,63,63,82
6,r_3_135_60,seq128,seq10,r_3_135_60,1.0,0,60,60,82
47,r_140_77_48,seq146,r_59_96_1,r_140_77_48,1.0,0,48,48,82
27,r_31_49_84,r_34_144_148,r_69_105_9,r_31_49_84,0.97,0,84,84,82
2,r_36_62_108,seq137,r_59_96_1,r_36_62_108,0.96,0,108,108,82
14,r_147_42_55,r_133_98_138,seq4,r_147_42_55,1.0,2,57,55,82
40,r_7_24_71,seq4,seq103,r_7_24_71,0.91,2,73,71,82
32,r_85_117_13,r_145_46_82,seq23,r_85_117_13,0.95,0,13,13,82
33,r_74_130_66,r_1_6_105,r_73_122_73,r_74_130_66,1.0,7,73,66,82
9,r_126_72_57,r_34_144_148,seq30,r_126_72_57,1.0,0,57,57,82
75,seq57,r_99_148_106,r_70_129_11,r_99_148_106,0.68,2,108,106,82
4,r_149_142_37,r_71_17_52,seq8,r_149_142_37,0.78,1,38,37,82
60,seq15,r_27_83_134,r_118_67_94,r_118_67_94,0.9,11,105,94,82
17,r_99_148_106,seq57,seq141,r_99_148_106,0.9,2,108,106,82
62,seq146,r_140_77_48,r_97_63_50,r_140_77_48,0.71,0,48,48,82
12,r_82_121_59,seq141,seq92,r_82_121_59,1.0,0,59,59,82
49,r_41_79_113,seq112,r_70_129_11,r_41_79_113,0.95,0,113,113,82
89,seq103,seq44,r_7_24_71,r_7_24_71,0.45,12,83,71,82
42,r_66_37_124,seq58,seq15,r_66_37_124,0.52,-80,44,124,82
23,r_118_67_94,r_1_6_105,r_66_37_124,r_118_67_94,0.9,1,95,94,82
35,r_134_56_61,seq0,r_34_144_148,r_134_56_61,0.62,0,61,61,82
50,seq0,r_50_105_35,seq97,r_50_105_35,0.98,1,36,35,83
32,r_31_35_21,r_129_86_65,r_123_9_36,r_129_86_65,0.94,0,65,65,83
36,r_106_94_60,r_74_135_124,r_65_147_12,r_106_94_60,0.96,2,62,60,83
14,r_74_135_124,r_25_148_125,seq136,r_74_135_124,0.53,0,124,124,83
43,r_26_78_109,r_121_49_130,seq3,r_26_78_109,0.59,0,109,109,83
54,seq7,r_48_23_84,r_38_44_66,r_38_44_66,1.0,24,90,66,83
31,r_102_88_40,r_14_39_80,seq100,r_102_88_40,1.0,0,40,40,83
16,r_114_27_88,r_64_62_144,r_107_110_41,r_114_27_88,0.99,0,88,88,83
39,r_79_63_75,seq117,r_95_109_30,r_79_63_75,0.81,0,75,75,83
97,seq119,r_34_4_91,r_128_58_39,r_128_58_39,0.7,59,98,39,83
5,r_14_39_80,seq2,seq55,r_14_39_80,1.0,2,82,80,83
42,r_127_28_93,seq101,r_48_23_84,r_48_23_84,0.58,9,93,84,83
45,r_8_75_92,r_74_135_124,r_38_44_66,r_8_75_92,0.91,1,93,92,83
4,r_70_29_46,seq3,seq43,r_70_29_46,1.0,0,46,46,83
8,r_107_110_41,seq61,r_20_93_15,r_107_110_41,0.94,2,43,41,83
95,seq115,r_20_93_15,r_80_140_99,r_80_140_99,0.99,0,99,99,83
30,r_129_86_65,r_64_62_144,r_123_9_36,r_123_9_36,0.95,0,36,36,83
3,r_143_30_74,seq66,seq61,r_143_30_74,1.0,0,74,74,83
11,r_90_18_33,seq57,r_65_147_12,r_90_18_33,0.99,1,34,33,83
10,r_133_145_134,seq11,r_143_30_74,r_143_30_74,1.0,60,134,74,83
0,r_54_137_131,seq43,r_41_24_95,r_41_24_95,0.71,37,132,95,83
20,r_125_89_114,seq97,seq7,r_125_89_114,0.65,-3,111,114,83
13,r_41_24_95,seq43,r_123_9_36,r_41_24_95,0.9,4,99,95,83
15,r_98_149_71,r_25_148_125,seq115,r_98_149_71,0.99,2,73,71,83
6,r_48_23_84,seq7,r_76_96_56,r_76_96_56,1.0,34,90,56,83
87,seq97,r_123_9_36,seq0,r_123_9_36,1.0,0,36,36,83
1,r_65_147_12,r_91_10_143,seq22,r_65_147_12,0.9,0,12,12,83
47,r_121_49_130,seq11,seq111,r_121_49_130,0.6,0,130,130,83
40,r_84_141_107,r_20_93_15,r_65_147_12,r_84_141_107,0.8,1,108,107,83
18,r_130_32_83,seq82,seq131,r_130_32_83,0.88,0,83,83,83
46,r_95_109_30,r_48_23_84,seq43,r_95_109_30,0.98,0,30,30,83
38,r_40_69_10,r_76_96_56,r_64_62_144,r_40_69_10,0.74,0,10,10,83
24,r_81_85_77,r_41_24_95,seq82,r_81_85_77,1.0,0,77,77,83
75,seq59,seq126,r_76_96_56,r_76_96_56,1.0,3,59,56,83
25,r_15_51_104,seq59,seq117,r_15_51_104,0.83,-14,90,104,83
33,r_34_4_91,seq119,r_65_147_12,r_34_4_91,0.92,7,98,91,83
30,r_129_86_65,r_123_9_36,seq142,r_129_86_65,0.9,0,65,65,83
21,r_128_58_39,r_125_89_114,seq119,r_128_58_39,1.0,0,39,39,83
58,seq142,r_25_148_125,r_129_86_65,r_129_86_65,1.0,65,130,65,83
7,r_1_72_17,r_14_39_80,seq122,r_1_72_17,1.0,0,17,17,83
23,r_123_9_36,seq97,r_129_86_65,r_123_9_36,1.0,0,36,36,83
34,r_80_140_99,r_99_138_133,seq115,r_80_140_99,1.0,0,99,99,83
9,r_67_112_137,seq45,r_102_88_40,r_102_88_40,0.75,97,137,40,83
96,seq117,r_38_44_66,seq134,r_38_44_66,0.75,3,69,66,83
22,r_6_36_119,seq7,r_26_78_109,r_6_36_119,0.85,0,119,119,83
28,r_116_47_90,seq33,r_120_118_54,r_116_47_90,0.83,1,91,90,83
37,r_16_146_31,r_125_89_114,seq43,r_16_146_31,0.93,0,31,31,83
49,r_73_13_34,r_34_4_91,r_20_93_15,r_73_13_34,0.99,2,36,34,83
56,seq11,r_121_49_130,seq19,r_121_49_130,0.8,0,130,130,83
44,r_25_148_125,seq142,r_65_147_12,r_65_147_12,0.68,118,130,12,83
26,r_50_105_35,seq0,seq59,r_50_105_35,0.96,1,36,35,83
32,r_31_35_21,r_14_39_80,r_129_86_65,r_31_35_21,0.99,0,21,21,83
35,r_38_44_66,seq117,seq7,r_38_44_66,0.96,3,69,66,83
2,r_64_62_144,r_70_29_46,r_40_69_10,r_70_29_46,0.92,-10,36,46,83
23,r_123_9_36,r_129_86_65,r_31_35_21,r_129_86_65,1.0,0,65,65,83
84,seq82,r_130_32_83,r_81_85_77,r_81_85_77,0.94,6,83,77,83
30,r_49_56_129,seq0,seq128,r_49_56_129,0.84,0,129,129,84
36,r_20_90_81,r_24_26_108,seq134,r_20_90_81,1.0,1,82,81,84
92,seq112,r_114_96_131,r_121_123_47,r_114_96_131,0.81,-2,129,131,84
38,r_139_104_53,seq137,r_29_54_16,r_139_104_53,1.0,0,53,53,84
14,r_86_91_97,r_64_48_105,seq39,r_86_91_97,0.97,1,98,97,84
8,r_72_2_123,seq15,r_29_54_16,r_72_2_123,0.87,0,123,123,84
59,seq14,r_83_65_118,seq15,r_83_65_118,1.0,0,118,118,84
1,r_142_17_132,seq141,seq14,r_142_17_132,0.71,0,132,132,84
5,r_127_76_70,seq131,seq125,r_127_76_70,0.48,3,73,70,84
42,r_24_26_108,r_44_58_3,r_66_57_84,r_66_57_84,0.67,24,108,84,84
10,r_121_123_47,seq73,seq143,r_121_123_47,0.81,-2,45,47,84
7,r_108_70_48,seq39,r_21_31_111,r_21_31_111,1.0,0,111,111,84
0,r_40_34_51,seq137,seq92,r_40_34_51,0.99,-2,49,51,84
19,r_53_7_86,seq143,r_41_11_41,r_53_7_86,0.96,0,86,86,84
66,seq33,r_119_129_117,r_75_98_8,r_119_129_117,0.56,-52,65,117,84
37,r_19_27_29,seq5,seq137,r_19_27_29,1.0,0,29,29,84
41,r_9_95_63,r_32_4_143,seq73,r_9_95_63,0.72,-1,62,63,84
45,r_28_63_21,r_68_84_121,r_36_117_14,r_28_63_21,1.0,0,21,21,84
20,r_29_54_16,r_142_17_132,seq10,r_29_54_16,0.98,0,16,16,84
26,r_64_48_105,seq38,r_66_57_84,r_64_48_105,0.99,0,105,105,84
48,r_132_135_28,r_139_104_53,seq112,r_132_135_28,0.7,0,28,28,84
4,r_47_107_137,seq6,r_44_58_3,r_44_58_3,0.78,134,137,3,84
73,seq134,r_1_16_100,r_20_90_81,r_20_90_81,1.0,26,107,81,84
23,r_41_11_41,seq39,r_19_27_29,r_41_11_41,1.0,0,41,41,84
13,r_148_52_124,seq10,seq62,r_148_52_124,0.65,1,125,124,84
7,r_108_70_48,r_83_65_118,seq39,r_108_70_48,1.0,0,48,48,84
46,r_61_110_45,r_72_2_123,seq143,r_61_110_45,1.0,0,45,45,84
25,r_50_45_20,r_127_76_70,seq6,r_50_45_20,1.0,0,20,20,84
27,r_25_103_99,r_66_57_84,r_75_98_8,r_25_103_99,0.91,0,99,99,84
2,r_18_8_96,r_47_107_137,r_79_81_89,r_18_8_96,0.71,-1,95,96,84
47,r_32_4_143,r_9_95_63,r_132_135_28,r_32_4_143,0.82,-61,82,143,84
40,r_119_129_117,seq33,r_53_7_86,r_119_129_117,0.53,0,117,117,84
18,r_68_84_121,seq115,seq3,r_68_84_121,0.89,0,121,121,84
29,r_79_81_89,seq62,seq97,r_79_81_89,0.79,5,94,89,84
24,r_114_96_131,seq112,r_105_88_148,r_114_96_131,0.89,0,131,131,84
33,r_100_136_102,seq128,seq115,r_100_136_102,0.81,-1,101,102,84
16,r_55_111_50,r_114_96_131,r_36_117_14,r_55_111_50,0.91,-2,48,50,84
34,r_30_22_107,seq42,seq35,r_30_22_107,0.81,0,107,107,84
39,r_36_117_14,r_127_76_70,seq73,r_36_117_14,0.96,-1,13,14,84
17,r_66_57_84,r_25_103_99,seq5,r_25_103_99,0.77,0,99,99,84
85,seq89,seq5,r_50_45_20,r_50_45_20,1.0,11,31,20,84
9,r_12_78_109,r_105_88_148,seq38,r_12_78_109,0.89,0,109,109,84
22,r_109_147_91,seq85,seq115,r_109_147_91,0.83,1,92,91,84
28,r_1_16_100,seq134,seq92,r_1_16_100,0.66,7,107,100,84
49,r_149_101_71,seq99,r_105_88_148,r_149_101_71,1.0,0,71,71,84
35,r_113_130_98,seq35,r_127_76_70,r_113_130_98,0.97,1,99,98,84
12,r_83_65_118,seq14,r_1_16_100,r_83_65_118,0.78,0,118,118,84
93,seq102,r_99_77_79,r_17_131_19,r_99_77_79,0.86,1,80,79,85
26,r_128_7_138,r_78_65_124,r_144_55_26,r_144_55_26,1.0,1,27,26,85
30,r_99_77_79,seq102,r_119_57_94,r_99_77_79,1.0,1,80,79,85
36,r_44_79_103,seq12,seq140,r_44_79_103,0.95,1,104,103,85
14,r_51_4_110,seq123,r_2_13_69,r_51_4_110,0.73,0,110,110,85
8,r_130_14_86,r_73_30_115,seq109,r_130_14_86,0.6,1,87,86,85
53,seq10,r_73_30_115,r_122_47_62,r_73_30_115,0.73,-50,65,115,85
32,r_117_107_142,seq124,r_62_101_40,r_62_101_40,0.94,-9,31,40,85
71,seq54,r_31_9_100,seq45,r_31_9_100,1.0,0,100,100,85
16,r_103_71_93,seq109,r_120_133_71,r_103_71_93,0.48,1,94,93,85
5,r_90_41_65,seq75,r_103_71_93,r_103_71_93,0.6,16,109,93,85
35,r_114_121_18,r_20_52_133,seq1,r_114_121_18,1.0,0,18,18,85
12,r_132_34_38,r_0_3_55,r_147_22_139,r_0_3_55,0.85,-20,35,55,85
29,r_72_111_30,seq49,r_144_55_26,r_72_111_30,0.94,0,30,30,85
2,r_17_131_19,r_117_107_142,seq45,r_17_131_19,0.93,2,21,19,85
31,r_125_115_119,seq135,seq87,r_125_115_119,0.9,0,119,119,85
41,r_78_65_124,r_128_7_138,seq141,r_78_65_124,0.45,0,124,124,85
89,seq91,r_73_30_115,r_122_47_62,r_73_30_115,0.87,1,116,115,85
3,r_37_104_125,seq48,seq36,r_37_104_125,0.9,1,126,125,85
10,r_20_52_133,seq95,r_73_30_115,r_20_52_133,0.69,1,134,133,85
25,r_144_55_26,r_134_100_136,r_72_111_30,r_144_55_26,0.98,4,30,26,85
20,r_122_47_62,seq15,seq10,r_122_47_62,0.73,-2,60,62,85
34,r_110_64_22,seq10,r_118_28_2,r_110_64_22,0.97,-2,20,22,85
37,r_35_105_11,seq27,r_127_94_32,r_127_94_32,0.77,5,37,32,85
6,r_73_30_115,seq91,r_144_55_26,r_73_30_115,0.64,1,116,115,85
33,r_69_26_37,r_62_101_40,r_18_98_24,r_69_26_37,1.0,0,37,37,85
24,r_96_143_35,r_90_41_65,seq60,r_96_143_35,0.91,0,35,35,85
70,seq50,seq45,r_46_112_25,r_46_112_25,0.91,12,37,25,85
42,r_129_33_13,seq43,seq32,r_129_33_13,0.94,0,13,13,85
47,r_146_24_120,seq93,seq56,r_146_24_120,0.85,1,121,120,85
19,r_59_11_43,seq56,seq109,r_59_11_43,1.0,0,43,43,85
18,r_2_13_69,seq141,seq75,r_2_13_69,0.92,3,72,69,85
44,r_62_101_40,r_69_26_37,r_117_107_142,r_69_26_37,0.88,-4,33,37,85
46,r_18_98_24,r_31_9_100,r_84_19_57,r_18_98_24,0.73,32,56,24,85
50,seq1,r_39_53_87,r_114_121_18,r_39_53_87,0.71,1,88,87,85
39,r_84_19_57,seq58,r_18_98_24,r_84_19_57,0.99,0,57,57,85
38,r_66_126_64,r_39_53_87,seq63,r_66_126_64,1.0,0,64,64,85
45,r_127_94_32,seq137,r_35_105_11,r_127_94_32,0.84,2,34,32,85
19,r_59_11_43,r_18_98_24,seq56,r_18_98_24,0.92,-7,17,24,85
60,seq21,r_39_53_87,r_114_121_18,r_39_53_87,0.73,1,88,87,85
17,r_29_145_112,r_92_82_109,r_114_121_18,r_29_145_112,0.94,-2,110,112,85
22,r_46_112_25,r_127_94_32,seq50,r_46_112_25,0.89,3,28,25,85
46,r_18_98_24,r_59_11_43,r_31_9_100,r_18_98_24,0.5,0,24,24,85
27,r_0_3_55,r_132_34_38,seq56,r_0_3_55,1.0,2,57,55,85
26,r_128_7_138,r_144_55_26,r_118_28_2,r_128_7_138,0.39,1,139,138,85
28,r_40_6_101,r_147_22_139,seq48,r_40_6_101,0.54,4,105,101,85
49,r_147_22_139,r_40_6_101,r_132_34_38,r_147_22_139,0.58,-34,105,139,85
56,seq141,r_2_13_69,seq93,r_2_13_69,0.96,3,72,69,85
7,r_92_82_109,r_29_145_112,r_31_9_100,r_29_145_112,0.95,-3,109,112,85
23,r_31_9_100,seq54,seq123,r_31_9_100,0.86,0,100,100,85
79,seq70,seq45,r_144_55_26,r_144_55_26,0.8,43,69,26,85
63,seq32,r_92_82_109,r_129_33_13,r_129_33_13,0.84,-2,11,13,85
20,r_41_91_35,seq47,seq74,r_41_91_35,0.99,0,35,35,86
36,r_146_116_79,r_66_102_110,r_39_95_67,r_146_116_79,1.0,0,79,79,86
26,r_64_62_44,r_71_77_125,seq47,r_64_62_44,1.0,0,44,44,86
62,seq148,r_96_92_45,seq7,r_96_92_45,1.0,0,45,45,86
43,r_4_67_121,seq138,r_147_111_119,r_4_67_121,0.85,0,121,121,86
3,r_21_10_26,seq126,seq127,r_21_10_26,1.0,0,26,26,86
83,seq80,r_136_45_109,seq42,r_136_45_109,0.99,-17,92,109,86
37,r_24_143_63,seq74,r_65_1_11,r_24_143_63,1.0,-1,62,63,86
86,seq94,r_98_145_129,seq7,r_98_145_129,0.97,-43,86,129,86
16,r_98_145_129,seq94,r_141_59_62,r_141_59_62,0.64,68,130,62,86
91,seq108,r_71_77_125,r_2_78_53,r_2_78_53,0.82,-1,52,53,86
1,r_141_59_62,r_121_40_86,seq13,r_141_59_62,1.0,0,62,62,86
29,r_31_105_38,r_12_29_132,seq6,r_31_105_38,1.0,-6,32,38,86
46,r_70_93_126,seq28,seq132,r_70_93_126,0.6,2,128,126,86
21,r_36_37_33,r_53_83_134,r_65_1_11,r_36_37_33,0.54,39,72,33,86
33,r_119_49_34,r_4_67_121,seq149,r_119_49_34,0.96,-2,32,34,86
45,r_137_51_31,r_71_77_125,seq117,r_137_51_31,1.0,1,32,31,86
11,r_12_29_132,r_3_54_30,seq42,r_12_29_132,0.93,0,132,132,86
27,r_53_83_134,r_36_37_33,r_23_86_94,r_53_83_134,0.48,0,134,134,86
41,r_139_82_103,seq18,seq74,r_139_82_103,0.99,0,103,103,86
10,r_39_95_67,r_139_82_103,seq58,r_39_95_67,0.94,-7,60,67,86
23,r_128_43_138,r_63_118_69,seq28,r_128_43_138,0.87,0,138,138,86
42,r_16_38_48,r_46_35_104,seq138,r_16_38_48,0.96,0,48,48,86
4,r_69_140_74,seq135,r_26_25_144,r_69_140_74,0.91,2,76,74,86
0,r_34_85_101,r_20_104_23,seq42,r_34_85_101,0.96,1,102,101,86
5,r_65_1_11,seq124,seq57,r_65_1_11,0.87,0,11,11,86
19,r_112_9_29,r_106_5_88,seq108,r_112_9_29,1.0,-2,27,29,86
13,r_23_86_94,seq28,seq6,r_23_86_94,0.73,0,94,94,86
98,seq126,seq14,r_121_40_86,r_121_40_86,1.0,24,110,86,86
15,r_71_77_125,seq97,seq22,r_71_77_125,0.57,0,125,125,86
48,r_115_90_117,r_128_43_138,r_21_10_26,r_128_43_138,0.94,-21,117,138,86
40,r_121_40_86,r_34_85_101,seq126,r_121_40_86,0.7,0,86,86,86
17,r_2_78_53,r_23_86_94,seq108,r_2_78_53,1.0,-1,52,53,86
66,seq28,r_23_86_94,seq107,r_23_86_94,0.99,-36,58,94,86
27,r_53_83_134,seq57,r_36_37_33,r_36_37_33,1.0,0,33,33,86
40,r_121_40_86,r_141_59_62,r_34_85_101,r_141_59_62,0.98,-2,60,62,86
96,seq124,seq47,r_32_114_55,r_32_114_55,0.9,2,57,55,86
24,r_66_102_110,seq55,seq7,r_66_102_110,0.88,0,110,110,86
25,r_75_30_141,r_89_120_124,r_147_111_119,r_75_30_141,0.58,-17,124,141,86
2,r_3_54_30,r_53_83_134,r_73_81_28,r_53_83_134,0.99,-104,30,134,86
21,r_36_37_33,r_66_102_110,r_53_83_134,r_36_37_33,1.0,0,33,33,86
32,r_63_118_69,r_103_133_105,r_119_49_34,r_63_118_69,1.0,0,69,69,86
77,seq58,seq6,r_39_95_67,r_39_95_67,1.0,16,83,67,86
9,r_106_5_88,r_72_130_133,r_100_79_52,r_100_79_52,0.66,2,54,52,86
34,r_72_130_133,r_52_84_139,r_23_86_94,r_72_130_133,0.23,3,136,133,86
11,r_12_29_132,r_34_85_101,r_3_54_30,r_3_54_30,0.93,0,30,30,86
30,r_100_79_52,r_106_5_88,seq134,r_106_5_88,1.0,0,88,88,86
39,r_8_0_60,r_100_79_52,seq135,r_8_0_60,0.66,-5,55,60,86
30,r_100_79_52,r_8_0_60,r_106_5_88,r_100_79_52,0.98,-4,48,52,86
9,r_106_5_88,r_100_79_52,r_11_44_82,r_106_5_88,0.84,0,88,88,86
12,r_96_92_45,seq148,r_113_88_16,r_96_92_45,1.0,0,45,45,86
22,r_26_25_144,r_46_35_104,r_69_140_74,r_26_25_144,0.77,-70,74,144,86
28,r_89_120_124,r_75_30_141,r_100_79_52,r_89_120_124,0.92,0,124,124,86
7,r_46_35_104,r_26_25_144,seq50,r_46_35_104,0.63,3,107,104,86
44,r_103_133_105,seq60,r_11_44_82,r_11_44_82,0.82,26,108,82,86
23,r_128_43_138,r_115_90_117,r_63_118_69,r_63_118_69,0.88,35,104,69,86
35,r_11_44_82,seq6,r_103_133_105,r_11_44_82,1.0,0,82,82,86
19,r_112_9_29,seq108,r_11_44_82,r_11_44_82,1.0,4,86,82,86
68,seq134,seq68,r_100_79_52,r_100_79_52,1.0,7,59,52,86
14,r_32_114_55,r_98_145_129,seq124,r_32_114_55,1.0,0,55,55,86
40,r_45_16_15,r_101_137_103,r_96_6_57,r_45_16_15,0.93,88,103,15,87
30,r_47_97_77,r_101_137_103,seq143,r_47_97_77,1.0,0,77,77,87
44,r_74_102_13,r_67_139_126,r_127_57_66,r_127_57_66,0.99,19,85,66,87
51,seq128,r_120_10_86,seq106,r_120_10_86,0.84,-9,77,86,87
44,r_74_102_13,r_55_105_53,r_67_139_126,r_74_102_13,0.8,0,13,13,87
14,r_23_53_102,seq73,seq138,r_23_53_102,0.95,0,102,102,87
7,r_86_41_30,r_19_125_91,r_26_119_130,r_86_41_30,1.0,1,31,30,87
37,r_19_125_91,r_67_139_126,seq3,r_19_125_91,1.0,1,92,91,87
40,r_45_16_15,seq31,r_101_137_103,r_45_16_15,1.0,0,15,15,87
97,seq123,r_25_121_93,r_11_99_29,r_25_121_93,1.0,0,93,93,87
46,r_120_10_86,seq106,r_114_65_54,r_114_65_54,0.92,32,86,54,87
42,r_110_131_85,seq133,seq44,r_110_131_85,1.0,0,85,85,87
43,r_76_72_32,r_13_77_64,seq132,r_76_72_32,1.0,0,32,32,87
7,r_86_41_30,r_26_119_130,r_29_126_36,r_26_119_130,0.6,-38,92,130,87
95,seq108,r_96_6_57,r_9_112_127,r_96_6_57,1.0,0,57,57,87
41,r_29_126_36,r_23_53_102,seq5,r_29_126_36,0.67,1,37,36,87
1,r_148_46_25,r_47_97_77,seq82,r_148_46_25,0.8,0,25,25,87
11,r_26_119_130,r_18_15_131,r_8_92_20,r_26_119_130,0.94,0,130,130,87
19,r_36_22_52,seq89,seq130,r_36_22_52,0.99,0,52,52,87
76,seq44,r_104_90_136,r_69_78_97,r_69_78_97,0.75,3,100,97,87
31,r_7_17_109,seq134,r_29_126_36,r_7_17_109,0.84,0,109,109,87
26,r_146_140_73,seq73,r_50_1_59,r_146_140_73,0.98,0,73,73,87
15,r_18_15_131,seq0,r_120_10_86,r_18_15_131,0.51,0,131,131,87
6,r_87_24_1,r_20_48_112,r_47_97_77,r_87_24_1,0.83,112,113,1,87
20,r_116_122_92,r_50_1_59,r_94_98_145,r_50_1_59,1.0,-11,48,59,87
24,r_58_33_55,r_26_119_130,seq3,r_58_33_55,0.95,1,56,55,87
45,r_101_137_103,r_148_46_25,r_45_16_15,r_101_137_103,0.96,-86,17,103,87
22,r_67_139_126,r_55_105_53,seq141,r_67_139_126,0.98,0,126,126,87
25,r_49_42_83,seq5,r_115_66_4,r_49_42_83,0.96,1,84,83,87
33,r_34_56_120,r_27_109_141,r_7_17_109,r_34_56_120,0.67,4,124,120,87
38,r_118_63_78,seq136,r_9_112_127,r_118_63_78,0.74,4,82,78,87
34,r_11_99_29,r_104_90_136,seq123,r_104_90_136,0.93,-51,85,136,87
47,r_114_65_54,r_25_121_93,r_116_122_92,r_114_65_54,0.98,1,55,54,87
45,r_101_137_103,r_45_16_15,seq35,r_101_137_103,0.98,0,103,103,87
17,r_20_48_112,r_87_24_1,r_9_112_127,r_20_48_112,0.95,1,113,112,87
9,r_127_57_66,r_26_119_130,r_74_102_13,r_127_57_66,1.0,1,67,66,87
28,r_2_14_22,r_23_53_102,r_11_99_29,r_2_14_22,1.0,1,23,22,87
27,r_55_105_53,r_7_17_109,r_74_102_13,r_55_105_53,1.0,0,53,53,87
22,r_67_139_126,r_19_125_91,r_55_105_53,r_67_139_126,0.74,-34,92,126,87
11,r_26_119_130,r_58_33_55,r_18_15_131,r_58_33_55,1.0,1,56,55,87
8,r_8_92_20,r_27_109_141,r_38_145_104,r_8_92_20,0.81,0,20,20,87
49,r_104_90_136,r_11_99_29,r_115_66_4,r_104_90_136,0.61,0,136,136,87
13,r_96_6_57,seq108,r_45_16_15,r_96_6_57,1.0,0,57,57,87
0,r_50_1_59,r_116_122_92,r_36_22_52,r_50_1_59,1.0,0,59,59,87
47,r_114_65_54,r_116_122_92,r_120_10_86,r_114_65_54,0.83,53,107,54,87
35,r_107_52_74,r_87_24_1,r_39_68_139,r_107_52_74,1.0,0,74,74,87
12,r_69_78_97,seq138,r_110_131_85,r_69_78_97,0.93,0,97,97,87
23,r_61_91_9,r_118_63_78,seq21,r_118_63_78,0.98,4,82,78,87
68,seq31,r_142_66_77,r_148_102_6,r_142_66_77,0.66,-46,31,77,88
14,r_65_135_3,seq1,r_126_59_78,r_126_59_78,1.0,17,95,78,88
37,r_142_66_77,seq25,seq97,r_142_66_77,1.0,1,78,77,88
59,seq143,r_140_57_92,seq98,r_140_57_92,0.52,-3,89,92,88
17,r_137_16_24,r_44_118_110,r_114_35_11,r_137_16_24,0.99,-1,23,24,88
69,seq32,r_82_51_139,r_145_125_33,r_145_125_33,1.0,0,33,33,88
39,r_67_14_90,r_96_2_103,seq25,r_67_14_90,0.96,0,90,90,88
5,r_91_52_70,seq87,r_21_20_2,r_91_52_70,1.0,0,70,70,88
20,r_134_72_53,seq19,r_33_93_145,r_134_72_53,0.78,0,53,53,88
19,r_140_57_92,seq143,seq107,r_140_57_92,1.0,0,92,92,88
8,r_90_13_59,seq110,r_148_102_6,r_90_13_59,1.0,0,59,59,88
31,r_96_2_103,r_60_127_140,seq132,r_96_2_103,0.61,0,103,103,88
41,r_36_11_13,r_48_131_48,r_95_42_55,r_36_11_13,0.97,0,13,13,88
3,r_6_53_83,seq121,seq37,r_6_53_83,1.0,0,83,83,88
30,r_124_120_19,r_48_131_48,seq25,r_124_120_19,1.0,0,19,19,88
43,r_100_85_36,seq80,seq129,r_100_85_36,0.91,0,36,36,88
47,r_23_105_15,r_74_64_91,seq27,r_23_105_15,0.97,0,15,15,88
0,r_74_64_91,seq12,r_137_16_24,r_74_64_91,0.99,0,91,91,88
43,r_100_85_36,seq129,r_77_149_68,r_77_149_68,0.78,8,76,68,88
73,seq41,r_69_46_136,seq98,r_69_46_136,0.77,-23,113,136,88
15,r_126_59_78,seq103,r_65_135_3,r_126_59_78,1.0,1,79,78,88
48,r_101_94_98,seq31,seq121,r_101_94_98,1.0,0,98,98,88
42,r_122_58_43,r_50_39_99,r_95_42_55,r_122_58_43,0.66,0,43,43,88
27,r_54_89_120,r_28_15_118,r_6_53_83,r_54_89_120,0.68,-1,119,120,88
1,r_22_8_10,r_74_64_91,seq24,r_22_8_10,0.56,0,10,10,88
38,r_77_149_68,r_75_112_42,r_100_85_36,r_77_149_68,1.0,-25,43,68,88
40,r_60_127_140,seq0,r_77_149_68,r_60_127_140,0.48,0,140,140,88
18,r_9_138_72,r_33_93_145,seq17,r_9_138_72,1.0,0,72,72,88
29,r_28_15_118,r_54_89_120,r_90_13_59,r_90_13_59,0.84,60,119,59,88
66,seq27,seq108,r_23_105_15,r_23_105_15,0.82,16,31,15,88
25,r_44_118_110,seq17,r_140_57_92,r_44_118_110,0.95,0,110,110,88
33,r_3_133_85,r_95_42_55,seq103,r_3_133_85,0.95,-6,79,85,88
70,seq37,r_10_61_133,r_6_53_83,r_6_53_83,1.0,15,98,83,88
95,seq113,r_145_125_33,seq143,r_145_125_33,1.0,0,33,33,88
23,r_145_125_33,seq113,seq32,r_145_125_33,1.0,0,33,33,88
61,seq17,r_44_118_110,r_9_138_72,r_9_138_72,0.52,1,73,72,88
32,r_5_56_123,seq31,seq130,r_5_56_123,0.81,0,123,123,88
36,r_75_112_42,r_77_149_68,seq70,r_75_112_42,1.0,0,42,42,88
34,r_38_84_131,r_54_89_120,seq24,r_38_84_131,0.29,0,131,131,88
28,r_47_79_54,r_96_2_103,seq87,r_47_79_54,1.0,-1,53,54,88
4,r_104_92_57,r_101_94_98,seq108,r_104_92_57,1.0,0,57,57,88
9,r_10_61_133,seq37,r_48_131_48,r_10_61_133,0.2,2,135,133,88
6,r_136_116_16,r_90_13_59,r_95_42_55,r_136_116_16,0.65,0,16,16,88
22,r_82_51_139,seq32,r_140_57_92,r_82_51_139,0.61,0,139,139,88
91,seq108,r_82_51_139,r_104_92_57,r_104_92_57,1.0,5,62,57,88
93,seq110,r_90_13_59,r_137_16_24,r_90_13_59,0.91,-8,51,59,88
7,r_55_4_138,seq41,r_126_59_78,r_126_59_78,1.0,62,140,78,88
44,r_68_71_130,r_95_42_55,r_100_85_36,r_68_71_130,0.68,0,130,130,88
13,r_33_93_145,r_9_138_72,r_134_72_53,r_9_138_72,0.96,-34,38,72,88
35,r_50_39_99,seq40,seq19,r_50_39_99,0.98,0,99,99,88
24,r_114_35_11,r_38_84_131,r_137_16_24,r_137_16_24,0.98,1,25,24,88
36,r_12_133_132,r_77_68_142,r_101_35_114,r_12_133_132,0.49,0,132,132,89
30,r_146_120_38,r_23_90_52,seq43,r_146_120_38,1.0,0,38,38,89
54,seq6,r_12_133_132,r_122_86_74,r_122_86_74,1.0,10,84,74,89
3,r_70_87_41,r_62_0_112,r_24_125_29,r_62_0_112,0.94,3,115,112,89
2,r_38_21_32,seq114,r_16_106_13,r_38_21_32,0.76,1,33,32,89
71,seq56,r_66_4_110,r_23_90_52,r_66_4_110,0.81,-1,109,110,89
16,r_34_65_118,seq43,seq107,r_34_65_118,0.85,0,118,118,89
21,r_84_28_68,seq137,seq144,r_84_28_68,1.0,-1,67,68,89
39,r_10_64_63,seq14,r_103_27_35,r_10_64_63,1.0,0,63,63,89
46,r_121_39_128,seq138,r_100_140_34,r_100_140_34,0.89,94,128,34,89
35,r_72_48_59,r_18_118_139,seq94,r_72_48_59,1.0,0,59,59,89
32,r_26_142_37,r_18_118_139,r_84_28_68,r_84_28_68,0.87,71,139,68,89
45,r_55_89_121,seq37,seq14,r_55_89_121,0.69,0,121,121,89
31,r_62_0_112,r_88_46_87,r_70_87_41,r_70_87_41,1.0,1,42,41,89
56,seq137,r_141_11_123,r_105_83_43,r_105_83_43,1.0,6,49,43,89
9,r_149_139_48,seq69,seq20,r_149_139_48,1.0,0,48,48,89
62,seq145,seq61,r_44_8_14,r_44_8_14,1.0,0,14,14,89
80,seq75,r_33_85_117,r_63_129_15,r_63_129_15,0.78,-5,10,15,89
95,seq113,r_82_17_137,r_141_11_123,r_141_11_123,0.9,3,126,123,89
40,r_24_125_29,r_100_140_34,r_124_3_21,r_124_3_21,0.96,8,29,21,89
1,r_36_136_47,seq104,r_96_79_89,r_36_136_47,1.0,0,47,47,89
41,r_49_45_96,r_34_65_118,r_84_28_68,r_49_45_96,0.9,0,96,96,89
4,r_122_86_74,seq81,seq6,r_122_86_74,1.0,0,74,74,89
14,r_42_115_33,r_76_74_65,seq104,r_76_74_65,1.0,1,66,65,89
37,r_100_140_34,r_121_39_128,seq69,r_100_140_34,1.0,0,34,34,89
68,seq50,r_101_35_114,r_100_140_34,r_101_35_114,0.86,2,116,114,89
20,r_88_46_87,r_12_133_132,r_36_136_47,r_88_46_87,0.96,0,87,87,89
34,r_80_60_28,r_88_46_87,seq114,r_80_60_28,0.69,-8,20,28,89
15,r_9_148_83,seq50,r_146_120_38,r_9_148_83,1.0,1,84,83,89
48,r_128_29_93,seq99,seq112,r_128_29_93,0.99,1,94,93,89
18,r_23_90_52,r_10_64_63,seq52,r_10_64_63,1.0,-5,58,63,89
6,r_119_110_105,r_34_65_118,r_23_90_52,r_119_110_105,0.95,0,105,105,89
27,r_76_74_65,r_36_136_47,r_42_115_33,r_76_74_65,0.94,-19,46,65,89
85,seq92,r_33_85_117,r_111_116_49,r_111_116_49,1.0,74,123,49,89
19,r_111_116_49,r_96_79_89,seq75,r_111_116_49,1.0,0,49,49,89
26,r_18_118_139,r_72_48_59,r_26_142_37,r_18_118_139,0.78,-80,59,139,89
42,r_124_3_21,seq94,seq95,r_124_3_21,0.74,3,24,21,89
47,r_66_4_110,seq56,r_124_3_21,r_66_4_110,0.78,-1,109,110,89
29,r_51_1_82,seq53,seq104,r_51_1_82,1.0,0,82,82,89
11,r_30_58_57,seq78,seq57,r_30_58_57,1.0,2,59,57,89
90,seq99,r_70_87_41,r_96_79_89,r_70_87_41,1.0,1,42,41,89
50,seq2,r_25_40_140,r_103_27_35,r_103_27_35,1.0,74,109,35,89
70,seq53,r_51_1_82,seq59,r_51_1_82,1.0,0,82,82,89
65,seq37,r_55_89_121,r_128_29_93,r_128_29_93,0.59,28,121,93,89
68,seq50,r_9_148_83,r_101_35_114,r_9_148_83,0.79,1,84,83,89
22,r_96_79_89,r_111_116_49,r_36_136_47,r_96_79_89,1.0,-40,49,89,89
27,r_76_74_65,r_42_115_33,r_80_60_28,r_76_74_65,0.89,1,66,65,89
0,r_44_8_14,r_149_139_48,seq145,r_44_8_14,0.99,0,14,14,89
13,r_105_83_43,seq37,seq137,r_105_83_43,1.0,1,44,43,89
10,r_103_27_35,seq22,seq2,r_103_27_35,1.0,0,35,35,89
14,r_42_115_33,r_149_139_48,r_76_74_65,r_42_115_33,0.79,-1,32,33,89
26,r_18_118_139,r_26_142_37,r_36_136_47,r_18_118_139,0.74,0,139,139,89
91,seq104,r_42_115_33,r_51_1_82,r_51_1_82,1.0,0,82,82,89
31,r_62_0_112,r_70_87_41,r_108_47_55,r_62_0_112,0.97,1,113,112,89
7,r_102_31_126,r_18_118_139,r_84_28_68,r_84_28_68,1.0,65,133,68,89
44,r_98_143_85,seq138,seq57,r_98_143_85,0.93,1,86,85,89
83,seq81,r_128_29_93,seq56,r_128_29_93,0.91,-57,36,93,89
32,r_26_142_37,r_30_58_57,r_18_118_139,r_26_142_37,1.0,0,37,37,89
14,r_42_115_33,seq104,r_101_35_114,r_101_35_114,0.95,7,121,114,89
3,r_70_87_41,seq99,r_62_0_112,r_70_87_41,1.0,1,42,41,89
8,r_146_14_113,seq130,r_18_109_97,r_146_14_113,0.85,2,115,113,90
19,r_108_22_9,r_95_137_132,seq129,r_95_137_132,0.95,0,132,132,90
14,r_145_68_73,r_114_65_25,r_21_61_56,r_145_68_73,1.0,0,73,73,90
16,r_70_106_107,r_7_54_106,r_92_90_27,r_92_90_27,0.55,85,112,27,90
39,r_45_58_127,seq136,r_111_35_83,r_45_58_127,0.58,0,127,127,90
1,r_7_54_106,r_70_106_107,r_46_140_79,r_46_140_79,0.99,33,112,79,90
46,r_117_36_133,r_8_83_140,r_0_29_37,r_117_36_133,0.65,1,134,133,90
3,r_39_10_33,r_41_99_143,seq116,r_39_10_33,0.73,34,67,33,90
44,r_114_65_25,r_39_10_33,r_145_68_73,r_114_65_25,0.97,-2,23,25,90
45,r_134_43_80,seq56,seq107,r_134_43_80,0.84,3,83,80,90
30,r_92_90_27,r_7_54_106,seq34,r_92_90_27,0.88,0,27,27,90
29,r_100_119_29,r_146_14_113,seq105,r_100_119_29,0.71,9,38,29,90
43,r_40_84_42,seq12,r_39_10_33,r_40_84_42,1.0,1,43,42,90
76,seq56,seq26,r_59_78_69,r_59_78_69,1.0,40,109,69,90
31,r_11_16_135,seq115,seq133,r_11_16_135,0.41,0,135,135,90
41,r_59_78_69,r_42_142_101,seq56,r_59_78_69,1.0,0,69,69,90
10,r_95_137_132,seq129,r_108_22_9,r_108_22_9,0.68,72,81,9,90
26,r_87_31_70,seq1,seq30,r_87_31_70,0.99,0,70,70,90
23,r_120_131_32,r_146_14_113,seq1,r_120_131_32,0.97,2,34,32,90
20,r_63_50_118,r_127_122_136,r_118_17_47,r_63_50_118,0.91,0,118,118,90
15,r_46_140_79,r_18_109_97,seq136,r_46_140_79,0.67,0,79,79,90
48,r_42_142_101,seq136,seq105,r_42_142_101,0.99,0,101,101,90
47,r_51_37_16,seq6,seq130,r_51_37_16,1.0,0,16,16,90
10,r_95_137_132,r_108_22_9,r_102_91_3,r_95_137_132,0.99,0,132,132,90
65,seq25,r_18_109_97,r_64_143_10,r_64_143_10,0.93,15,25,10,90
27,r_127_122_136,seq33,r_23_57_44,r_23_57_44,0.98,92,136,44,90
21,r_64_143_10,r_149_72_52,seq25,r_64_143_10,1.0,0,10,10,90
25,r_74_32_88,seq130,seq30,r_74_32_88,0.56,-27,61,88,90
14,r_145_68_73,seq88,r_114_65_25,r_145_68_73,0.88,-48,25,73,90
68,seq30,r_103_79_112,r_74_32_88,r_103_79_112,0.95,0,112,112,90
4,r_23_57_44,seq107,r_74_32_88,r_23_57_44,1.0,0,44,44,90
24,r_13_15_23,r_45_58_127,seq105,r_13_15_23,0.92,0,23,23,90
36,r_118_17_47,r_146_14_113,seq66,r_118_17_47,1.0,0,47,47,90
3,r_39_10_33,seq20,r_41_99_143,r_39_10_33,1.0,0,33,33,90
17,r_103_79_112,seq30,seq4,r_103_79_112,0.54,0,112,112,90
0,r_0_29_37,r_19_53_126,r_74_32_88,r_0_29_37,1.0,0,37,37,90
9,r_111_35_83,seq2,r_74_32_88,r_111_35_83,1.0,1,84,83,90
96,seq115,r_11_16_135,r_8_83_140,r_11_16_135,0.39,0,135,135,90
44,r_114_65_25,r_145_68_73,r_39_10_33,r_114_65_25,0.8,48,73,25,90
28,r_126_124_114,r_8_83_140,r_120_131_32,r_126_124_114,0.83,0,114,114,90
49,r_60_128_128,r_8_83_140,r_120_131_32,r_60_128_128,0.64,0,128,128,90
32,r_21_61_56,seq26,seq110,r_21_61_56,1.0,0,56,56,90
40,r_93_98_20,r_103_79_112,seq9,r_93_98_20,0.73,2,22,20,90
35,r_123_67_60,r_69_49_148,r_147_44_1,r_123_67_60,0.98,0,60,60,90
30,r_23_122_72,seq66,seq18,r_23_122_72,0.67,4,76,72,91
44,r_144_1_9,r_42_8_131,r_135_112_16,r_135_112_16,0.51,95,111,16,91
16,r_61_10_55,seq104,seq40,r_61_10_55,1.0,0,55,55,91
17,r_31_142_29,r_90_149_123,seq67,r_31_142_29,1.0,0,29,29,91
14,r_13_38_67,r_102_52_139,r_129_105_25,r_13_38_67,0.96,0,67,67,91
8,r_24_4_126,seq9,seq130,r_24_4_126,0.88,0,126,126,91
43,r_96_14_96,seq43,r_81_93_58,r_96_14_96,0.99,0,96,96,91
59,seq18,r_108_28_120,r_23_122_72,r_23_122_72,0.56,10,82,72,91
19,r_133_73_135,seq88,r_116_115_75,r_133_73_135,1.0,1,136,135,91
39,r_126_68_80,seq132,r_117_78_78,r_126_68_80,0.99,0,80,80,91
32,r_86_109_50,seq64,r_47_131_45,r_86_109_50,1.0,0,50,50,91
42,r_42_8_131,r_19_80_94,r_144_1_9,r_42_8_131,0.41,-37,94,131,91
45,r_143_37_118,seq89,r_76_107_69,r_143_37_118,0.51,0,118,118,91
5,r_129_105_25,r_143_37_118,r_13_38_67,r_129_105_25,0.83,45,70,25,91
5,r_129_105_25,r_81_93_58,r_48_29_54,r_129_105_25,0.98,0,25,25,91
19,r_133_73_135,r_63_15_74,seq88,r_63_15_74,0.6,1,75,74,91
31,r_70_69_133,seq22,r_81_93_58,r_81_93_58,1.0,75,133,58,91
27,r_140_71_35,r_81_93_58,seq17,r_140_71_35,1.0,0,35,35,91
0,r_81_93_58,seq77,r_129_105_25,r_81_93_58,0.76,0,58,58,91
3,r_116_115_75,r_108_28_120,r_31_142_29,r_31_142_29,0.63,47,76,29,91
10,r_45_44_109,r_54_106_143,seq132,r_45_44_109,0.54,0,109,109,91
36,r_135_112_16,seq59,seq55,r_135_112_16,1.0,0,16,16,91
49,r_16_79_49,seq26,seq97,r_16_79_49,1.0,0,49,49,91
26,r_32_85_114,r_90_149_123,r_141_134_44,r_90_149_123,0.93,-9,114,123,91
92,seq97,seq82,r_16_79_49,r_16_79_49,1.0,5,54,49,91
76,seq64,r_111_56_31,r_86_109_50,r_111_56_31,0.97,7,38,31,91
20,r_108_28_120,r_23_122_72,r_30_62_52,r_108_28_120,0.69,0,120,120,91
11,r_58_20_10,r_126_68_80,r_48_29_54,r_58_20_10,0.94,70,80,10,91
37,r_0_110_46,seq17,r_31_142_29,r_0_110_46,1.0,0,46,46,91
20,r_108_28_120,r_116_115_75,r_23_122_72,r_108_28_120,0.56,-44,76,120,91
13,r_76_107_69,r_147_145_149,seq57,r_76_107_69,0.74,35,104,69,91
67,seq40,r_141_134_44,r_90_149_123,r_141_134_44,1.0,0,44,44,91
15,r_121_84_77,seq35,r_101_7_5,r_121_84_77,1.0,2,79,77,91
48,r_119_120_82,seq89,r_121_84_77,r_119_120_82,1.0,0,82,82,91
6,r_27_138_61,seq137,seq82,r_27_138_61,1.0,1,62,61,91
62,seq22,r_70_69_133,r_45_44_109,r_45_44_109,0.83,24,133,109,91
85,seq87,r_102_52_139,r_63_15_74,r_63_15_74,0.98,12,86,74,91
4,r_48_29_54,r_119_120_82,r_129_105_25,r_129_105_25,0.9,3,28,25,91
1,r_47_131_45,r_141_134_44,r_86_109_50,r_47_131_45,0.95,6,51,45,91
87,seq89,r_119_120_82,r_129_105_25,r_119_120_82,0.43,0,82,82,91
21,r_51_83_18,r_90_149_123,r_3_49_57,r_51_83_18,0.94,0,18,18,91
47,r_25_100_11,r_46_39_91,r_141_134_44,r_141_134_44,0.52,48,92,44,91
40,r_117_78_78,r_46_39_91,seq136,r_117_78_78,1.0,0,78,78,91
18,r_19_80_94,r_42_8_131,seq82,r_19_80_94,1.0,0,94,94,91
29,r_90_149_123,seq12,seq91,r_90_149_123,0.69,0,123,123,91
46,r_111_56_31,seq64,seq12,r_111_56_31,0.96,0,31,31,91
33,r_118_72_83,r_102_52_139,seq64,r_118_72_83,1.0,1,84,83,91
88,seq91,seq132,r_90_149_123,r_90_149_123,0.8,2,125,123,91
44,r_144_1_9,seq2,r_42_8_131,r_144_1_9,0.93,1,10,9,91
38,r_63_15_74,r_133_73_135,seq87,r_63_15_74,0.99,1,75,74,91
52,seq5,r_63_15_74,r_111_56_31,r_63_15_74,0.7,-5,69,74,91
24,r_141_134_44,seq40,r_25_100_11,r_141_134_44,1.0,0,44,44,91
22,r_33_6_27,seq36,seq77,r_33_6_27,0.97,1,28,27,91
9,r_46_39_91,r_25_100_11,seq59,r_46_39_91,0.71,1,92,91,91
4,r_48_29_54,r_129_105_25,r_58_20_10,r_48_29_54,1.0,0,54,54,91
25,r_30_62_52,seq88,seq26,r_30_62_52,1.0,0,52,52,91
91,seq95,r_102_52_139,r_45_44_109,r_45_44_109,0.96,30,139,109,91
0,r_81_93_58,r_129_105_25,r_96_14_96,r_96_14_96,1.0,2,98,96,91
7,r_146_113_92,seq77,r_48_29_54,r_48_29_54,1.0,45,99,54,91
42,r_42_8_131,r_144_1_9,r_45_44_109,r_42_8_131,0.88,0,131,131,91
79,seq67,seq77,r_31_142_29,r_31_142_29,0.96,31,60,29,91
5,r_129_105_25,r_48_29_54,r_143_37_118,r_48_29_54,0.83,0,54,54,91
30,r_124_34_64,r_78_14_147,seq145,r_124_34_64,1.0,1,65,64,92
14,r_78_14_147,r_124_34_64,r_36_110_21,r_124_34_64,1.0,0,64,64,92
83,seq80,r_76_6_111,r_98_75_47,r_98_75_47,0.73,64,111,47,92
37,r_125_85_105,r_0_100_146,seq68,r_125_85_105,0.59,2,107,105,92
55,seq137,r_128_39_78,seq95,r_128_39_78,1.0,0,78,78,92
12,r_132_32_49,r_144_52_70,r_17_42_12,r_132_32_49,1.0,0,49,49,92
5,r_89_131_99,seq3,r_36_110_21,r_89_131_99,0.99,0,99,99,92
46,r_76_6_111,seq80,r_88_51_10,r_76_6_111,0.78,0,111,111,92
69,seq45,r_49_129_116,r_58_79_79,r_49_129_116,0.97,2,118,116,92
45,r_46_93_124,r_35_113_86,seq2,r_46_93_124,0.82,1,125,124,92
43,r_61_63_20,r_115_117_125,r_105_26_25,r_61_63_20,1.0,0,20,20,92
31,r_13_18_96,seq47,seq73,r_13_18_96,0.68,2,98,96,92
41,r_23_90_140,seq2,r_139_21_138,r_139_21_138,0.75,2,140,138,92
93,seq107,r_5_72_43,r_96_25_45,r_5_72_43,0.99,-18,25,43,92
85,seq86,seq40,r_24_120_57,r_24_120_57,1.0,0,57,57,92
28,r_126_50_29,seq140,r_33_37_149,r_126_50_29,1.0,0,29,29,92
10,r_139_21_138,seq40,r_132_32_49,r_132_32_49,1.0,89,138,49,92
26,r_11_114_74,r_49_129_116,r_62_108_103,r_11_114_74,0.99,29,103,74,92
4,r_49_129_116,seq45,seq66,r_49_129_116,0.97,2,118,116,92
0,r_146_69_83,seq136,r_35_113_86,r_146_69_83,0.98,4,87,83,92
11,r_134_83_94,r_65_84_107,seq140,r_134_83_94,0.72,6,100,94,92
20,r_38_133_120,seq147,r_134_83_94,r_38_133_120,0.93,0,120,120,92
13,r_0_100_146,r_125_85_105,seq2,r_0_100_146,0.59,-39,107,146,92
15,r_121_94_3,r_115_117_125,r_49_129_116,r_49_129_116,0.9,9,125,116,92
48,r_101_55_91,r_134_83_94,r_82_4_33,r_134_83_94,0.58,-3,91,94,92
94,seq140,r_78_14_147,r_134_83_94,r_134_83_94,0.49,-13,81,94,92
36,r_104_123_40,r_139_21_138,r_115_117_125,r_115_117_125,0.92,13,138,125,92
27,r_118_141_89,seq67,seq53,r_118_141_89,1.0,0,89,89,92
40,r_24_120_57,seq81,seq86,r_24_120_57,1.0,0,57,57,92
18,r_15_9_137,seq97,r_29_43_75,r_15_9_137,0.81,0,137,137,92
32,r_17_42_12,r_76_6_111,seq127,r_17_42_12,0.85,1,13,12,92
25,r_71_10_77,r_76_6_111,seq44,r_71_10_77,1.0,0,77,77,92
6,r_5_72_43,seq107,r_105_26_25,r_5_72_43,1.0,0,43,43,92
7,r_8_59_23,r_124_34_64,seq80,r_8_59_23,1.0,0,23,23,92
38,r_29_43_75,r_13_18_96,r_111_106_66,r_13_18_96,1.0,-21,75,96,92
23,r_105_26_25,r_125_85_105,r_61_63_20,r_61_63_20,1.0,5,25,20,92
34,r_128_39_78,seq137,seq149,r_128_39_78,0.99,0,78,78,92
75,seq60,r_46_93_124,seq148,r_46_93_124,0.72,-23,101,124,92
17,r_65_84_107,r_134_83_94,r_98_75_47,r_134_83_94,0.94,13,107,94,92
9,r_35_113_86,seq149,r_146_69_83,r_146_69_83,0.99,20,103,83,92
33,r_98_75_47,seq56,seq80,r_98_75_47,1.0,0,47,47,92
22,r_62_108_103,seq145,r_11_114_74,r_62_108_103,0.99,0,103,103,92
36,r_104_123_40,r_15_9_137,r_139_21_138,r_104_123_40,0.56,1,41,40,92
49,r_144_52_70,seq44,seq28,r_144_52_70,0.99,-2,68,70,92
79,seq68,r_65_84_107,r_125_85_105,r_65_84_107,0.79,0,107,107,92
47,r_33_37_149,r_13_18_96,r_126_50_29,r_126_50_29,0.62,14,43,29,92
35,r_54_16_121,seq27,r_49_129_116,r_54_16_121,0.8,2,123,121,92
19,r_36_110_21,seq2,seq56,r_36_110_21,0.75,0,21,21,92
84,seq81,r_77_7_127,r_29_43_75,r_29_43_75,0.8,52,127,75,92
19,r_51_20_43,r_32_110_51,seq132,r_51_20_43,0.99,0,43,43,93
5,r_32_110_51,r_89_96_68,r_112_15_2,r_32_110_51,0.92,0,51,51,93
14,r_106_28_104,seq46,seq77,r_106_28_104,0.89,0,104,104,93
8,r_138_99_85,r_142_3_107,r_56_53_36,r_138_99_85,0.99,0,85,85,93
43,r_40_66_122,seq64,seq57,r_40_66_122,0.7,0,122,122,93
83,seq77,r_117_136_139,r_106_28_104,r_106_28_104,0.94,35,139,104,93
12,r_92_87_49,seq43,seq8,r_92_87_49,0.99,0,49,49,93
28,r_62_93_35,r_95_148_88,seq43,r_62_93_35,0.99,1,36,35,93
42,r_17_67_133,seq8,r_50_91_46,r_50_91_46,0.89,88,134,46,93
49,r_95_148_88,r_56_53_36,seq132,r_95_148_88,0.73,0,88,88,93
48,r_61_12_37,r_125_0_38,seq33,r_125_0_38,0.51,0,38,38,93
45,r_70_63_64,seq109,r_50_91_46,r_70_63_64,0.57,0,64,64,93
31,r_112_15_2,r_83_140_61,r_32_110_51,r_32_110_51,1.0,1,52,51,93
20,r_141_139_23,r_138_99_85,seq86,r_141_139_23,0.86,-2,21,23,93
67,seq33,r_39_147_89,seq146,r_39_147_89,1.0,0,89,89,93
3,r_122_24_116,r_84_44_9,seq1,r_122_24_116,0.83,0,116,116,93
26,r_38_47_66,r_101_115_97,r_92_87_49,r_101_115_97,0.97,-31,66,97,93
75,seq52,seq132,r_50_91_46,r_50_91_46,0.99,-4,42,46,93
4,r_69_133_115,seq2,r_61_12_37,r_69_133_115,0.48,2,117,115,93
0,r_117_136_139,seq77,r_138_99_85,r_117_136_139,0.43,0,139,139,93
63,seq21,r_122_24_116,r_27_121_56,r_27_121_56,0.73,9,65,56,93
54,seq132,r_117_136_139,r_51_20_43,r_51_20_43,1.0,0,43,43,93
33,r_56_53_36,r_92_87_49,r_125_0_38,r_56_53_36,0.81,3,39,36,93
15,r_118_144_132,seq43,r_22_134_15,r_118_144_132,0.49,3,135,132,93
6,r_49_76_105,r_5_114_140,seq64,r_49_76_105,0.58,0,105,105,93
1,r_59_71_48,r_17_67_133,seq46,r_59_71_48,0.99,0,48,48,93
41,r_50_91_46,r_69_133_115,seq52,r_50_91_46,0.77,0,46,46,93
27,r_128_48_63,seq37,seq6,r_128_48_63,1.0,2,65,63,93
11,r_27_121_56,seq132,seq21,r_27_121_56,1.0,1,57,56,93
2,r_94_23_86,seq126,seq86,r_94_23_86,0.99,0,86,86,93
74,seq46,r_106_28_104,r_35_88_22,r_106_28_104,0.89,0,104,104,93
18,r_101_115_97,r_82_107_120,seq58,r_101_115_97,0.92,0,97,97,93
29,r_84_44_9,r_122_24_116,r_113_45_13,r_122_24_116,0.63,0,116,116,93
24,r_89_96_68,seq64,r_141_139_23,r_89_96_68,0.99,0,68,68,93
13,r_60_124_28,r_39_147_89,seq34,r_60_124_28,0.86,3,31,28,93
48,r_61_12_37,seq33,r_69_133_115,r_61_12_37,0.5,68,105,37,93
20,r_141_139_23,seq86,r_18_26_111,r_18_26_111,1.0,2,113,111,93
32,r_4_74_136,seq149,r_138_99_85,r_138_99_85,1.0,35,120,85,93
38,r_18_26_111,r_142_3_107,r_141_139_23,r_142_3_107,0.62,4,111,107,93
77,seq57,r_9_68_131,r_40_66_122,r_40_66_122,0.56,14,136,122,93
34,r_82_107_120,seq127,seq103,r_82_107_120,0.63,0,120,120,93
30,r_22_134_15,r_32_110_51,seq8,r_22_134_15,0.92,0,15,15,93
21,r_125_0_38,r_17_67_133,r_56_53_36,r_125_0_38,0.93,0,38,38,93
39,r_113_45_13,seq42,r_84_44_9,r_113_45_13,0.76,2,15,13,93
46,r_143_137_24,r_122_24_116,seq42,r_143_137_24,0.85,0,24,24,93
9,r_39_147_89,r_98_73_130,r_123_90_128,r_39_147_89,0.99,0,89,89,93
47,r_35_88_22,seq149,seq116,r_35_88_22,0.97,-1,21,22,93
22,r_119_11_77,r_138_99_85,seq36,r_119_11_77,0.72,1,78,77,93
49,r_95_148_88,r_62_93_35,r_56_53_36,r_95_148_88,1.0,-52,36,88,93
7,r_130_7_137,r_117_136_139,r_59_71_48,r_130_7_137,0.42,0,137,137,93
44,r_9_68_131,seq57,r_18_26_111,r_18_26_111,0.84,25,136,111,93
96,seq116,seq102,r_35_88_22,r_35_88_22,1.0,-1,21,22,93
36,r_19_132_136,seq100,r_7_115_134,r_19_132_136,0.48,0,136,136,94
14,r_41_118_34,r_123_26_64,r_96_50_28,r_41_118_34,0.69,46,80,34,94
14,r_41_118_34,r_37_80_124,r_123_26_64,r_41_118_34,1.0,0,34,34,94
26,r_15_111_40,r_24_34_73,seq44,r_15_111_40,1.0,0,40,40,94
16,r_20_134_98,seq70,r_25_61_10,r_20_134_98,0.94,0,98,98,94
33,r_136_77_20,seq46,seq116,r_136_77_20,1.0,0,20,20,94
5,r_11_98_100,r_16_143_109,r_25_61_10,r_16_143_109,0.53,-9,100,109,94
46,r_24_34_73,seq40,seq27,r_24_34_73,1.0,0,73,73,94
35,r_126_135_30,r_117_90_72,seq79,r_126_135_30,1.0,0,30,30,94
45,r_32_142_78,seq91,r_35_14_33,r_32_142_78,1.0,0,78,78,94
6,r_25_61_10,r_7_115_134,seq122,r_25_61_10,0.95,0,10,10,94
19,r_55_56_94,seq8,seq95,r_55_56_94,1.0,0,94,94,94
33,r_136_77_20,seq116,r_66_60_115,r_66_60_115,0.79,1,116,115,94
44,r_103_130_23,r_48_5_3,seq12,r_103_130_23,0.91,1,24,23,94
20,r_123_26_64,r_48_5_3,r_4_141_2,r_4_141_2,0.93,40,42,2,94
3,r_7_115_134,seq49,r_41_118_34,r_41_118_34,1.0,100,134,34,94
10,r_16_143_109,seq23,r_126_135_30,r_126_135_30,0.99,80,110,30,94
73,seq49,r_7_115_134,r_88_139_76,r_88_139_76,0.51,58,134,76,94
11,r_62_2_66,seq12,r_137_104_54,r_137_104_54,0.9,14,68,54,94
13,r_17_29_96,r_88_139_76,seq131,r_17_29_96,0.92,0,96,96,94
48,r_145_112_75,r_37_80_124,seq21,r_145_112_75,1.0,0,75,75,94
8,r_146_99_22,r_32_142_78,seq149,r_146_99_22,0.86,3,25,22,94
34,r_117_90_72,r_126_135_30,r_35_14_33,r_117_90_72,0.89,-39,33,72,94
15,r_119_74_32,r_52_13_52,r_103_130_23,r_119_74_32,0.71,1,33,32,94
18,r_144_109_104,seq129,r_33_97_1,r_144_109_104,0.98,1,105,104,94
29,r_138_121_88,r_48_5_3,r_64_6_57,r_48_5_3,1.0,85,88,3,94
35,r_126_135_30,seq79,r_16_143_109,r_126_135_30,0.39,74,104,30,94
24,r_125_31_26,r_7_115_134,seq91,r_125_31_26,1.0,0,26,26,94
88,seq92,seq44,r_73_1_59,r_73_1_59,1.0,5,64,59,94
2,r_45_43_45,seq107,seq36,r_45_43_45,1.0,1,46,45,94
50,seq128,r_76_110_144,r_93_58_81,r_93_58_81,1.0,45,126,81,94
38,r_63_81_128,seq36,r_41_118_34,r_41_118_34,0.84,94,128,34,94
77,seq68,r_54_87_132,r_51_0_138,r_51_0_138,0.69,0,138,138,94
66,seq36,r_63_81_128,r_45_43_45,r_45_43_45,0.99,6,51,45,94
70,seq44,seq92,r_15_111_40,r_15_111_40,1.0,9,49,40,94
4,r_64_6_57,seq42,seq107,r_64_6_57,1.0,0,57,57,94
81,seq140,r_51_0_138,seq18,r_51_0_138,0.92,0,138,138,94
39,r_35_14_33,r_117_90_72,r_32_142_78,r_35_14_33,1.0,41,74,33,94
9,r_147_89_51,r_48_5_3,r_126_135_30,r_126_135_30,0.85,33,63,30,94
22,r_88_139_76,r_17_29_96,seq49,r_17_29_96,0.98,-7,89,96,94
34,r_117_90_72,r_35_14_33,seq148,r_117_90_72,1.0,0,72,72,94
28,r_93_58_81,seq47,seq128,r_93_58_81,1.0,0,81,81,94
93,seq107,r_45_43_45,r_120_78_74,r_45_43_45,1.0,0,45,45,94
30,r_52_13_52,r_147_89_51,r_25_61_10,r_52_13_52,0.99,2,54,52,94
49,r_73_1_59,r_11_98_100,seq92,r_73_1_59,1.0,0,59,59,94
43,r_96_50_28,r_57_102_12,seq128,r_96_50_28,0.59,11,39,28,94
7,r_120_78_74,seq149,seq38,r_120_78_74,1.0,0,74,74,94
39,r_35_14_33,r_28_105_145,r_117_90_72,r_35_14_33,0.98,0,33,33,94
41,r_137_104_54,seq79,r_62_2_66,r_137_104_54,1.0,0,54,54,94
12,r_51_0_138,seq140,seq68,r_51_0_138,0.51,0,138,138,94
30,r_139_79_120,seq75,r_2_42_26,r_2_42_26,1.0,97,123,26,95
99,seq127,r_143_95_50,r_24_112_32,r_143_95_50,1.0,1,51,50,95
36,r_144_90_86,seq145,r_72_67_14,r_144_90_86,0.68,1,87,86,95
2,r_106_56_49,seq36,r_17_58_9,r_106_56_49,0.98,0,49,49,95
16,r_72_67_14,seq92,seq105,r_72_67_14,0.87,0,14,14,95
8,r_5_1_61,r_22_28_136,seq138,r_5_1_61,1.0,0,61,61,95
37,r_51_131_67,seq74,r_130_113_37,r_51_131_67,1.0,0,67,67,95
86,seq98,seq135,r_27_8_94,r_27_8_94,1.0,15,109,94,95
3,r_15_35_126,r_130_113_37,r_9_68_38,r_15_35_126,0.99,0,126,126,95
1,r_21_69_95,seq45,seq32,r_21_69_95,0.68,2,97,95,95
5,r_118_4_149,r_51_131_67,r_142_12_42,r_118_4_149,0.82,-82,67,149,95
42,r_38_109_88,seq133,r_17_58_9,r_38_109_88,0.98,1,89,88,95
48,r_107_13_35,r_147_40_132,seq92,r_107_13_35,0.99,-1,34,35,95
69,seq55,r_47_64_144,r_11_52_111,r_11_52_111,0.79,16,127,111,95
35,r_143_95_50,seq127,seq128,r_143_95_50,1.0,1,51,50,95
31,r_142_12_42,seq137,r_89_148_44,r_89_148_44,0.38,0,44,44,95
39,r_60_10_12,r_87_114_75,r_59_140_78,r_60_10_12,1.0,66,78,12,95
41,r_9_68_38,seq127,seq3,r_9_68_38,0.46,54,92,38,95
45,r_2_42_26,r_29_0_99,seq92,r_2_42_26,0.98,0,26,26,95
3,r_15_35_126,r_102_117_90,r_130_113_37,r_15_35_126,0.83,-37,89,126,95
10,r_18_141_62,seq6,r_5_1_61,r_18_141_62,1.0,1,63,62,95
0,r_147_40_132,r_101_132_80,r_63_53_73,r_147_40_132,1.0,0,132,132,95
18,r_121_23_48,seq3,r_130_113_37,r_121_23_48,1.0,1,49,48,95
4,r_70_66_71,r_38_109_88,seq45,r_70_66_71,1.0,0,71,71,95
2,r_106_56_49,r_16_124_18,seq36,r_106_56_49,0.84,-30,19,49,95
0,r_147_40_132,r_146_119_131,r_101_132_80,r_101_132_80,0.99,19,99,80,95
11,r_47_64_144,r_26_129_108,seq3,r_26_129_108,0.9,-1,107,108,95
20,r_27_8_94,r_29_0_99,r_102_117_90,r_27_8_94,0.99,0,94,94,95
57,seq145,r_144_90_86,seq57,r_144_90_86,1.0,1,87,86,95
29,r_7_34_22,r_89_148_44,r_147_40_132,r_147_40_132,0.95,-110,22,132,95
40,r_102_117_90,r_15_35_126,seq98,r_102_117_90,1.0,0,90,90,95
24,r_101_132_80,seq135,r_89_148_44,r_101_132_80,1.0,0,80,80,95
25,r_49_44_112,seq96,r_33_14_40,r_49_44_112,0.62,0,112,112,95
33,r_63_53_73,seq62,seq6,r_63_53_73,1.0,0,73,73,95
54,seq135,r_101_132_80,r_16_124_18,r_16_124_18,0.63,2,20,18,95
23,r_87_114_75,seq134,r_60_10_12,r_60_10_12,0.97,2,14,12,95
68,seq50,r_15_35_126,r_130_113_37,r_130_113_37,0.62,68,105,37,95
39,r_60_10_12,r_15_35_126,r_87_114_75,r_60_10_12,0.99,0,12,12,95
32,r_59_140_78,r_9_68_38,seq134,r_59_140_78,1.0,0,78,78,95
38,r_26_129_108,r_47_64_144,seq137,r_26_129_108,0.77,0,108,108,95
34,r_78_82_103,seq94,r_70_66_71,r_78_82_103,0.79,0,103,103,95
49,r_39_54_21,seq20,r_72_67_14,r_39_54_21,1.0,0,21,21,95
14,r_116_31_58,seq128,seq20,r_116_31_58,1.0,0,58,58,95
9,r_80_77_70,r_65_30_128,seq120,r_80_77_70,0.47,10,80,70,95
96,seq122,r_15_35_126,r_130_113_37,r_130_113_37,0.88,68,105,37,95
7,r_130_113_37,r_73_103_115,seq122,r_130_113_37,1.0,1,38,37,95
26,r_16_124_18,r_106_56_49,seq135,r_16_124_18,0.98,0,18,18,95
29,r_7_34_22,r_147_40_132,r_33_14_40,r_7_34_22,0.65,76,98,22,95
22,r_11_52_111,seq97,seq55,r_11_52_111,0.85,0,111,111,95
91,seq105,r_29_0_99,r_72_67_14,r_29_0_99,0.83,-19,80,99,95
46,r_24_112_32,r_51_131_67,seq127,r_51_131_67,1.0,-26,41,67,95
19,r_33_14_40,r_70_66_71,r_7_34_22,r_33_14_40,1.0,0,40,40,95
23,r_87_114_75,r_60_10_12,r_61_25_23,r_87_114_75,1.0,0,75,75,95
36,r_27_109_84,seq133,seq32,r_27_109_84,0.99,0,84,84,96
26,r_4_3_42,r_88_143_103,r_38_84_22,r_4_3_42,0.99,2,44,42,96
14,r_79_86_86,seq62,seq37,r_79_86_86,1.0,1,87,86,96
20,r_19_28_134,r_93_7_108,r_11_56_13,r_19_28_134,0.99,1,135,134,96
8,r_54_26_100,seq76,r_139_9_63,r_54_26_100,0.86,0,100,100,96
43,r_61_5_126,seq15,r_21_42_97,r_61_5_126,0.96,0,126,126,96
30,r_106_6_54,seq119,seq124,r_106_6_54,0.74,2,56,54,96
37,r_0_117_87,seq85,seq125,r_0_117_87,0.99,0,87,87,96
55,seq133,r_27_109_84,seq76,r_27_109_84,1.0,0,84,84,96
86,seq85,r_0_117_87,seq134,r_0_117_87,1.0,0,87,87,96
21,r_55_71_93,seq41,seq145,r_55_71_93,0.94,0,93,93,96
39,r_90_97_118,seq145,seq34,r_90_97_118,0.53,5,123,118,96
1,r_24_147_111,r_87_102_75,r_75_17_10,r_87_102_75,1.0,0,75,75,96
5,r_108_64_82,seq8,seq2,r_108_64_82,0.98,0,82,82,96
42,r_12_72_99,r_93_7_108,seq127,r_12_72_99,0.73,5,104,99,96
45,r_137_80_115,r_16_146_129,r_113_30_26,r_137_80_115,0.8,0,115,115,96
19,r_91_44_69,r_20_116_125,r_24_147_111,r_91_44_69,0.57,59,128,69,96
0,r_139_9_63,seq128,r_54_26_100,r_54_26_100,0.71,3,103,100,96
11,r_126_123_21,seq34,seq31,r_126_123_21,0.99,1,22,21,96
41,r_14_22_78,seq138,seq13,r_14_22_78,0.96,0,78,78,96
40,r_118_1_45,seq52,seq43,r_118_1_45,1.0,0,45,45,96
2,r_11_56_13,r_51_112_57,seq107,r_11_56_13,1.0,0,13,13,96
78,seq60,r_142_130_88,r_100_74_66,r_100_74_66,0.99,25,91,66,96
0,r_139_9_63,seq122,seq128,r_139_9_63,0.92,1,64,63,96
20,r_19_28_134,r_94_144_106,r_93_7_108,r_19_28_134,0.61,-26,108,134,96
15,r_67_65_117,seq43,seq133,r_67_65_117,0.93,0,117,117,96
48,r_88_143_103,seq134,seq53,r_88_143_103,0.67,1,104,103,96
49,r_20_116_125,r_91_44_69,r_100_74_66,r_20_116_125,0.96,3,128,125,96
72,seq43,r_67_65_117,r_118_1_45,r_118_1_45,0.95,3,48,45,96
62,seq145,r_90_97_118,r_55_71_93,r_55_71_93,0.93,30,123,93,96
99,seq127,seq145,r_12_72_99,r_12_72_99,0.55,7,106,99,96
29,r_38_84_22,seq13,seq40,r_38_84_22,0.99,0,22,22,96
1,r_24_147_111,r_75_17_10,r_51_112_57,r_24_147_111,0.96,0,111,111,96
51,seq129,seq114,r_149_83_107,r_149_83_107,0.86,-3,104,107,96
18,r_142_130_88,seq60,seq32,r_142_130_88,0.75,3,91,88,96
24,r_21_42_97,seq32,seq134,r_21_42_97,0.94,3,100,97,96
25,r_100_74_66,r_20_116_125,seq60,r_100_74_66,0.86,2,68,66,96
33,r_149_83_107,seq125,seq129,r_149_83_107,0.87,1,108,107,96
58,seq138,r_14_22_78,seq50,r_14_22_78,1.0,0,78,78,96
65,seq32,r_21_42_97,r_142_130_88,r_21_42_97,0.68,3,100,97,96
90,seq107,r_75_17_10,r_11_56_13,r_11_56_13,0.99,6,19,13,96
38,r_94_144_106,r_19_28_134,r_11_56_13,r_94_144_106,0.53,0,106,106,96
47,r_113_30_26,r_55_71_93,seq125,r_113_30_26,1.0,1,27,26,96
64,seq31,r_75_17_10,r_126_123_21,r_126_123_21,1.0,0,21,21,96
17,r_68_47_98,seq2,r_29_73_9,r_68_47_98,1.0,1,99,98,96
9,r_93_7_108,r_12_72_99,seq131,r_93_7_108,0.92,0,108,108,96
96,seq122,r_139_9_63,r_75_17_10,r_139_9_63,0.93,2,65,63,96
16,r_70_10_11,r_11_56_13,r_75_17_10,r_75_17_10,1.0,1,11,10,96
49,r_20_116_125,r_100_74_66,r_91_44_69,r_100_74_66,1.0,2,68,66,96
7,r_92_39_85,seq140,r_14_22_78,r_92_39_85,0.91,4,89,85,96
23,r_135_105_138,seq18,seq50,r_135_105_138,0.44,0,138,138,96
27,r_148_121_38,r_120_46_146,seq15,r_148_121_38,0.77,3,41,38,96
79,seq62,r_79_86_86,seq125,r_79_86_86,1.0,3,89,86,96
3,r_81_59_31,r_142_130_88,r_136_99_28,r_81_59_31,0.64,11,42,31,96
4,r_82_95_37,r_149_83_107,r_29_73_9,r_82_95_37,0.99,0,37,37,96
30,r_51_108_107,r_99_35_120,seq119,r_51_108_107,0.94,0,107,107,97
51,seq130,r_136_29_80,r_34_147_112,r_136_29_80,0.88,1,81,80,97
36,r_138_91_116,seq21,r_25_88_61,r_138_91_116,0.83,1,117,116,97
92,seq106,r_144_52_141,r_16_134_122,r_144_52_141,0.51,-51,90,141,97
14,r_50_126_73,seq133,seq96,r_50_126_73,0.98,0,73,73,97
8,r_79_4_72,r_69_27_113,seq60,r_79_4_72,1.0,1,73,72,97
43,r_116_0_137,seq53,r_149_10_2,r_149_10_2,0.6,135,137,2,97
21,r_16_134_122,seq118,r_26_87_103,r_16_134_122,0.73,0,122,122,97
39,r_39_24_94,seq36,seq133,r_39_24_94,0.9,0,94,94,97
1,r_54_70_62,r_144_52_141,seq13,r_54_70_62,1.0,0,62,62,97
42,r_9_109_54,r_67_41_101,r_58_1_149,r_67_41_101,0.4,-37,64,101,97
19,r_22_72_88,r_34_147_112,seq117,r_22_72_88,0.99,1,89,88,97
66,seq133,r_50_126_73,seq68,r_50_126_73,0.98,0,73,73,97
6,r_15_132_22,seq106,r_127_85_41,r_127_85_41,0.97,7,48,41,97
86,seq96,r_120_123_16,r_65_140_18,r_120_123_16,0.65,2,18,16,97
41,r_47_55_105,r_26_87_103,r_15_132_22,r_47_55_105,0.65,1,106,105,97
4,r_58_1_149,seq57,r_9_109_54,r_9_109_54,0.6,9,63,54,97
11,r_69_27_113,r_79_4_72,seq77,r_69_27_113,0.54,-40,73,113,97
23,r_127_85_41,r_61_141_59,r_15_132_22,r_127_85_41,1.0,0,41,41,97
13,r_71_73_135,seq19,r_17_95_67,r_17_95_67,0.91,68,135,67,97
22,r_63_59_32,r_80_103_127,seq137,r_63_59_32,1.0,0,32,32,97
2,r_56_125_40,seq38,seq117,r_56_125_40,1.0,0,40,40,97
76,seq60,seq81,r_80_103_127,r_80_103_127,0.48,-73,54,127,97
27,r_148_12_66,seq18,r_17_95_67,r_148_12_66,0.93,0,66,66,97
29,r_121_110_77,r_16_134_122,seq48,r_121_110_77,0.99,2,79,77,97
24,r_26_87_103,r_47_55_105,seq74,r_47_55_105,0.54,-1,104,105,97
67,seq33,r_30_49_58,r_124_105_37,r_30_49_58,0.46,0,58,58,97
33,r_99_35_120,seq137,r_93_143_69,r_99_35_120,0.82,0,120,120,97
48,r_80_103_127,seq60,seq137,r_80_103_127,0.9,2,129,127,97
5,r_64_112_33,r_14_37_102,seq131,r_64_112_33,0.68,11,44,33,97
34,r_120_123_16,seq96,seq135,r_120_123_16,0.91,1,17,16,97
88,seq100,seq33,r_25_88_61,r_25_88_61,1.0,15,76,61,97
40,r_65_140_18,seq115,seq96,r_65_140_18,0.71,0,18,18,97
32,r_136_29_80,seq130,seq53,r_136_29_80,0.99,1,81,80,97
31,r_30_49_58,seq33,seq21,r_30_49_58,0.99,0,58,58,97
17,r_34_147_112,r_22_72_88,seq135,r_22_72_88,1.0,1,89,88,97
9,r_25_88_61,seq45,seq100,r_25_88_61,0.99,1,62,61,97
47,r_32_78_21,r_25_88_61,seq5,r_32_78_21,1.0,0,21,21,97
10,r_40_2_42,seq28,seq115,r_40_2_42,0.79,8,50,42,97
70,seq135,r_34_147_112,r_120_123_16,r_120_123_16,0.81,24,40,16,97
28,r_3_111_131,seq118,r_67_41_101,r_3_111_131,0.71,1,132,131,97
49,r_93_143_69,seq130,seq44,r_93_143_69,0.99,0,69,69,97
0,r_61_141_59,r_99_35_120,seq6,r_61_141_59,1.0,0,59,59,97
48,r_80_103_127,r_63_59_32,seq60,r_63_59_32,0.73,0,32,32,97
44,r_17_95_67,seq107,r_148_12_66,r_17_95_67,0.93,0,67,67,97
16,r_42_90_31,r_127_85_41,seq129,r_42_90_31,0.87,0,31,31,97
82,seq83,r_89_75_145,r_14_37_102,r_14_37_102,1.0,32,134,102,97
3,r_124_105_37,r_54_70_62,seq33,r_124_105_37,0.78,0,37,37,97
6,r_15_132_22,r_82_43_71,seq106,r_15_132_22,0.76,1,23,22,97
35,r_82_43_71,seq53,seq146,r_82_43_71,0.94,4,75,71,97
12,r_14_37_102,seq74,seq83,r_14_37_102,0.98,0,102,102,97
36,r_143_75_81,r_110_135_97,r_88_145_9,r_143_75_81,0.93,3,84,81,98
32,r_134_112_46,seq128,seq1,r_134_112_46,1.0,0,46,46,98
8,r_141_126_65,seq6,r_101_62_47,r_141_126_65,1.0,1,66,65,98
37,r_116_93_79,r_57_95_120,seq56,r_57_95_120,1.0,-37,83,120,98
4,r_149_51_99,seq3,r_50_71_59,r_149_51_99,1.0,1,100,99,98
14,r_69_68_93,r_149_51_99,r_130_142_34,r_130_142_34,0.84,10,44,34,98
97,seq117,r_34_30_80,r_35_98_33,r_34_30_80,1.0,0,80,80,98
5,r_110_135_97,seq133,seq32,r_110_135_97,0.9,0,97,97,98
46,r_83_89_78,seq76,r_137_55_72,r_83_89_78,0.98,0,78,78,98
42,r_46_103_122,r_22_53_106,seq43,r_46_103_122,0.56,-2,120,122,98
18,r_90_33_105,seq54,r_124_39_22,r_124_39_22,0.99,4,26,22,98
6,r_130_142_34,r_69_68_93,seq32,r_130_142_34,0.71,55,89,34,98
41,r_9_66_44,r_110_135_97,r_72_7_17,r_9_66_44,0.96,0,44,44,98
45,r_31_59_84,r_113_14_140,seq129,r_31_59_84,1.0,0,84,84,98
6,r_130_142_34,seq117,r_69_68_93,r_130_142_34,0.99,0,34,34,98
9,r_122_82_58,r_127_77_91,r_79_131_57,r_122_82_58,1.0,0,58,58,98
64,seq21,r_139_4_39,seq43,r_139_4_39,0.83,0,39,39,98
26,r_100_49_75,r_44_121_126,seq128,r_100_49_75,0.84,0,75,75,98
72,seq32,seq3,r_110_135_97,r_110_135_97,1.0,38,135,97,98
11,r_44_121_126,r_100_49_75,r_122_82_58,r_44_121_126,0.98,-54,72,126,98
20,r_137_55_72,seq17,seq38,r_137_55_72,0.99,0,72,72,98
15,r_36_45_102,r_84_63_132,r_79_131_57,r_36_45_102,0.96,0,102,102,98
48,r_22_53_106,r_46_103_122,seq64,r_22_53_106,0.74,5,111,106,98
13,r_124_39_22,r_90_33_105,r_97_10_41,r_124_39_22,0.6,71,93,22,98
34,r_50_71_59,seq38,seq43,r_50_71_59,1.0,0,59,59,98
0,r_86_147_8,r_57_95_120,r_148_125_5,r_57_95_120,0.99,0,120,120,98
27,r_15_29_86,r_60_104_101,r_94_74_83,r_60_104_101,0.98,-13,88,101,98
19,r_101_62_47,r_149_51_99,seq23,r_101_62_47,0.98,1,48,47,98
39,r_52_111_56,seq32,seq58,r_52_111_56,0.99,0,56,56,98
47,r_57_95_120,r_116_93_79,r_78_81_118,r_57_95_120,0.85,0,120,120,98
14,r_69_68_93,r_130_142_34,r_88_145_9,r_69_68_93,0.98,0,93,93,98
24,r_84_63_132,seq123,r_72_7_17,r_84_63_132,0.6,0,132,132,98
25,r_109_61_95,seq1,seq136,r_109_61_95,0.93,0,95,95,98
33,r_94_74_83,r_105_37_10,seq146,r_94_74_83,1.0,1,84,83,98
38,r_78_81_118,r_113_14_140,seq65,r_78_81_118,0.84,1,119,118,98
81,seq65,r_120_2_98,seq146,r_120_2_98,1.0,0,98,98,98
3,r_97_10_41,r_149_51_99,r_8_118_50,r_8_118_50,0.7,-1,49,50,98
17,r_120_2_98,seq65,seq133,r_120_2_98,1.0,0,98,98,98
13,r_124_39_22,r_134_112_46,r_90_33_105,r_124_39_22,1.0,1,23,22,98
22,r_79_131_57,r_116_93_79,r_122_82_58,r_122_82_58,1.0,18,76,58,98
4,r_149_51_99,r_101_62_47,seq3,r_101_62_47,0.68,-2,45,47,98
7,r_34_30_80,seq117,seq92,r_34_30_80,0.99,0,80,80,98
18,r_90_33_105,r_124_39_22,seq123,r_90_33_105,0.47,-1,104,105,98
44,r_105_37_10,r_110_135_97,r_139_4_39,r_110_135_97,0.65,-7,90,97,98
43,r_8_118_50,seq18,r_97_10_41,r_8_118_50,1.0,1,51,50,98
11,r_44_121_126,r_122_82_58,seq43,r_44_121_126,0.98,0,126,126,98
35,r_13_67_74,r_94_74_83,r_101_62_47,r_13_67_74,0.97,0,74,74,98
12,r_127_77_91,seq43,r_137_55_72,r_127_77_91,0.94,0,91,91,98
23,r_139_4_39,seq21,r_105_37_10,r_139_4_39,0.96,0,39,39,98
76,seq54,r_48_132_133,r_88_145_9,r_88_145_9,0.42,19,28,9,98
36,r_6_144_112,r_115_77_58,r_1_119_60,r_1_119_60,0.72,2,62,60,99
35,r_143_31_99,seq118,seq19,r_143_31_99,0.96,3,102,99,99
16,r_141_128_71,r_101_113_106,r_112_29_119,r_141_128_71,0.87,0,71,71,99
21,r_36_126_123,seq62,seq2,r_36_126_123,0.55,1,124,123,99
1,r_105_107_131,seq72,r_9_16_34,r_9_16_34,0.61,99,133,34,99
5,r_133_84_78,seq71,seq91,r_133_84_78,0.99,4,82,78,99
46,r_149_148_81,r_101_113_106,r_59_94_64,r_149_148_81,0.99,0,81,81,99
14,r_61_68_40,r_145_135_69,seq85,r_61_68_40,0.99,1,41,40,99
45,r_59_94_64,seq71,seq18,r_59_94_64,0.97,3,67,64,99
19,r_103_73_68,seq18,r_139_52_113,r_103_73_68,1.0,0,68,68,99
13,r_112_29_119,r_141_128_71,r_57_132_111,r_112_29_119,0.99,0,119,119,99
10,r_81_30_3,r_20_89_22,seq35,r_81_30_3,0.55,86,89,3,99
76,seq72,r_105_107_131,r_1_119_60,r_1_119_60,0.92,73,133,60,99
40,r_63_49_140,r_96_42_73,r_133_84_78,r_63_49_140,0.9,0,140,140,99
43,r_13_27_12,r_101_113_106,seq76,r_13_27_12,1.0,0,12,12,99
3,r_139_52_113,r_63_49_140,seq23,r_139_52_113,0.87,0,113,113,99
26,r_37_142_130,seq40,seq108,r_37_142_130,0.59,-1,129,130,99
0,r_101_113_106,r_149_148_81,r_60_130_66,r_101_113_106,0.98,-25,81,106,99
13,r_112_29_119,r_96_42_73,r_141_128_71,r_112_29_119,0.96,-48,71,119,99
25,r_50_10_59,seq17,r_7_21_6,r_50_10_59,1.0,0,59,59,99
27,r_1_119_60,r_6_144_112,seq72,r_6_144_112,1.0,1,113,112,99
15,r_48_98_103,r_139_52_113,seq0,r_48_98_103,0.76,1,104,103,99
37,r_25_131_37,r_78_26_126,seq62,r_25_131_37,1.0,0,37,37,99
6,r_136_11_74,seq75,seq58,r_136_11_74,1.0,0,74,74,99
10,r_81_30_3,seq40,r_20_89_22,r_81_30_3,0.29,55,58,3,99
27,r_1_119_60,seq39,r_6_144_112,r_1_119_60,1.0,0,60,60,99
47,r_95_83_95,seq85,r_149_148_81,r_95_83_95,0.98,0,95,95,99
40,r_63_49_140,r_139_52_113,r_96_42_73,r_96_42_73,0.82,40,113,73,99
19,r_103_73_68,r_139_52_113,r_96_42_73,r_139_52_113,1.0,0,113,113,99
18,r_60_130_66,r_136_11_74,r_101_113_106,r_60_130_66,0.73,-1,65,66,99
24,r_57_132_111,seq55,r_88_12_28,r_57_132_111,0.82,2,113,111,99
8,r_20_89_22,seq0,r_97_90_18,r_97_90_18,0.63,11,29,18,99
34,r_115_77_58,r_6_144_112,seq8,r_115_77_58,1.0,0,58,58,99
36,r_6_144_112,r_1_119_60,r_96_42_73,r_6_144_112,0.88,7,119,112,99
68,seq58,seq0,r_136_11_74,r_136_11_74,0.99,1,75,74,99
61,seq34,r_139_52_113,r_96_42_73,r_96_42_73,0.58,40,113,73,99
22,r_97_90_18,r_9_16_34,seq24,r_97_90_18,0.98,0,18,18,99
16,r_141_128_71,r_112_29_119,r_143_31_99,r_112_29_119,0.98,0,119,119,99
9,r_28_140_94,seq110,seq62,r_28_140_94,0.71,0,94,94,99
51,seq129,seq102,r_88_12_28,r_88_12_28,1.0,4,32,28,99
32,r_109_79_11,r_101_113_106,r_121_46_16,r_109_79_11,1.0,0,11,11,99
33,r_88_12_28,r_32_15_143,seq129,r_88_12_28,0.93,0,28,28,99
2,r_9_16_34,seq23,seq75,r_9_16_34,0.97,0,34,34,99
49,r_138_14_122,seq71,seq85,r_138_14_122,0.77,0,122,122,99
7,r_96_42_73,r_54_43_142,r_103_73_68,r_96_42_73,0.99,0,73,73,99
44,r_22_137_136,seq85,r_120_117_149,r_22_137_136,0.62,0,136,136,99
23,r_53_114_49,r_47_33_125,seq104,r_53_114_49,1.0,1,50,49,99
79,seq76,r_78_26_126,r_47_33_125,r_78_26_126,0.74,0,126,126,99
35,r_143_31_99,r_121_46_16,seq118,r_143_31_99,0.47,-29,70,99,99
12,r_47_33_125,r_22_137_136,r_13_27_12,r_13_27_12,0.42,114,126,12,99
84,seq91,seq18,r_133_84_78,r_133_84_78,1.0,29,107,78,99
