93,seq111,r_16_53_146,r_142_70_57,r_142_70_57,0.73,65,122,57,0
30,r_60_137_114,seq72,seq18,r_60_137_114,1.0,0,114,114,0
36,r_28_83_101,r_16_53_146,seq9,r_28_83_101,0.97,2,103,101,0
6,r_71_40_46,seq88,seq73,r_71_40_46,0.98,0,46,46,0
48,r_120_10_31,r_102_24_79,seq114,r_120_10_31,0.99,0,31,31,0
14,r_34_26_89,seq100,r_102_24_79,r_34_26_89,0.74,0,89,89,0
8,r_148_69_124,seq23,seq42,r_148_69_124,0.99,0,124,124,0
51,seq3,r_138_86_47,seq9,r_138_86_47,0.99,11,58,47,0
43,r_110_81_103,seq13,r_21_141_27,r_110_81_103,0.99,0,103,103,0
81,seq76,r_142_70_57,seq3,r_142_70_57,0.94,-2,55,57,0
37,r_84_105_78,seq42,seq46,r_84_105_78,0.99,0,78,78,0
59,seq14,r_22_117_175,r_101_85_167,r_101_85_167,0.66,8,175,167,0
55,seq9,r_92_36_157,r_28_83_101,r_28_83_101,0.98,56,157,101,0
16,r_56_112_139,r_92_36_157,r_37_12_152,r_56_112_139,0.79,1,140,139,0
39,r_66_119_134,seq46,seq42,r_66_119_134,0.69,0,134,134,0
1,r_89_135_62,seq109,seq72,r_89_135_62,1.0,0,62,62,0
5,r_129_122_118,seq132,r_35_90_138,r_129_122_118,1.0,0,118,118,0
42,r_92_36_157,seq97,seq106,r_92_36_157,0.34,1,158,157,0
45,r_59_144_61,r_128_98_93,seq143,r_59_144_61,0.98,1,62,61,0
19,r_101_85_167,seq111,seq80,r_101_85_167,0.9,0,167,167,0
38,r_138_86_47,seq3,seq116,r_138_86_47,0.99,0,47,47,0
31,r_79_11_132,seq140,r_65_49_40,r_79_11_132,0.84,0,132,132,0
98,seq123,r_22_117_175,r_8_149_10,r_8_149_10,1.0,0,10,10,0
4,r_57_121_88,r_92_36_157,r_93_94_71,r_57_121_88,0.98,2,90,88,0
0,r_93_94_71,seq42,r_31_107_67,r_93_94_71,0.98,0,71,71,0
20,r_139_118_165,seq147,seq5,r_139_118_165,0.43,0,165,165,0
13,r_17_68_68,r_148_69_124,seq132,r_17_68_68,0.89,1,69,68,0
15,r_134_108_168,seq4,r_43_45_129,r_134_108_168,0.53,2,170,168,0
67,seq29,r_110_81_103,r_62_61_41,r_110_81_103,0.99,-10,93,103,0
47,r_8_149_10,r_93_94_71,seq123,r_8_149_10,0.99,0,10,10,0
27,r_31_107_67,r_0_1_98,seq63,r_31_107_67,0.99,0,67,67,0
40,r_6_41_158,r_75_103_73,r_43_45_129,r_43_45_129,0.56,29,158,129,0
64,seq23,r_148_69_124,r_0_1_98,r_148_69_124,1.0,0,124,124,0
88,seq97,r_92_36_157,r_65_49_40,r_65_49_40,1.0,117,157,40,0
21,r_142_70_57,seq76,seq111,r_142_70_57,1.0,-2,55,57,0
50,seq2,r_30_64_170,r_17_68_68,r_17_68_68,0.78,102,170,68,0
65,seq25,seq111,r_127_113_30,r_127_113_30,1.0,116,146,30,0
0,r_93_94_71,r_31_107_67,r_57_121_88,r_93_94_71,0.6,28,99,71,0
32,r_91_32_148,seq114,r_71_40_46,r_91_32_148,0.6,5,153,148,0
10,r_62_61_41,seq145,seq100,r_62_61_41,1.0,1,42,41,0
34,r_96_126_181,seq145,r_43_45_129,r_96_126_181,0.28,0,181,181,0
3,r_127_113_30,seq3,seq25,r_127_113_30,0.99,3,33,30,0
2,r_58_7_39,r_0_1_98,seq145,r_58_7_39,1.0,0,39,39,0
17,r_55_54_177,r_99_33_187,seq125,r_55_54_177,0.6,1,178,177,0
9,r_99_33_187,r_51_20_163,seq147,r_51_20_163,0.98,0,163,163,0
42,r_92_36_157,seq106,r_30_64_170,r_92_36_157,0.59,13,170,157,0
22,r_16_53_146,seq111,seq4,r_16_53_146,0.88,3,149,146,0
28,r_21_141_27,r_16_53_146,seq18,r_21_141_27,0.87,4,31,27,0
24,r_65_49_40,seq100,seq97,r_65_49_40,1.0,0,40,40,0
49,r_35_90_138,seq123,r_62_61_41,r_62_61_41,1.0,97,138,41,0
7,r_43_45_129,seq18,r_34_26_89,r_43_45_129,0.84,0,129,129,0
44,r_51_20_163,r_55_54_177,r_43_45_129,r_51_20_163,0.73,0,163,163,0
23,r_75_103_73,r_6_41_158,r_71_40_46,r_71_40_46,0.99,112,158,46,0
26,r_39_50_32,r_60_137_114,seq132,r_39_50_32,0.9,0,32,32,0
35,r_102_24_79,seq13,seq46,r_102_24_79,0.99,2,81,79,0
12,r_128_98_93,seq73,r_0_1_98,r_128_98_93,0.93,0,93,93,0
84,seq80,r_22_117_175,r_101_85_167,r_101_85_167,0.73,8,175,167,0
92,seq107,r_55_19_85,seq146,r_55_19_85,1.0,0,85,85,1
8,r_34_99_88,seq17,seq38,r_34_99_88,0.99,1,89,88,1
11,r_66_64_28,r_135_124_42,r_24_37_46,r_66_64_28,0.99,1,29,28,1
6,r_100_14_17,r_142_147_188,seq0,r_100_14_17,0.97,1,18,17,1
83,seq75,r_129_5_146,r_41_67_61,r_41_67_61,0.45,61,122,61,1
37,r_95_90_107,r_133_101_173,r_24_37_46,r_133_101_173,0.99,0,173,173,1
24,r_56_70_59,seq130,seq46,r_56_70_59,1.0,0,59,59,1
55,seq8,r_15_25_114,r_72_62_22,r_15_25_114,1.0,1,115,114,1
16,r_45_43_121,r_83_63_136,r_54_138_106,r_45_43_121,0.86,0,121,121,1
39,r_44_106_155,seq131,seq9,r_44_106_155,0.44,0,155,155,1
1,r_28_97_148,r_135_124_42,r_54_138_106,r_28_97_148,0.96,0,148,148,1
5,r_83_63_136,seq38,r_42_89_75,r_42_89_75,1.0,69,144,75,1
46,r_33_81_110,r_133_101_173,r_54_138_106,r_133_101_173,0.96,-63,110,173,1
45,r_94_117_20,seq80,r_48_2_196,r_94_117_20,0.88,2,22,20,1
19,r_133_101_173,r_95_90_107,r_39_79_143,r_95_90_107,0.69,66,173,107,1
27,r_122_60_164,r_42_89_75,r_4_16_71,r_122_60_164,0.95,4,168,164,1
28,r_48_2_196,r_11_104_14,r_94_117_20,r_48_2_196,0.79,-178,18,196,1
76,seq47,r_50_22_62,seq136,r_50_22_62,1.0,0,62,62,1
31,r_105_128_103,seq12,r_135_124_42,r_105_128_103,0.58,1,104,103,1
41,r_65_73_186,r_122_60_164,r_39_79_143,r_65_73_186,0.62,-36,150,186,1
89,seq88,r_91_134_98,r_115_111_5,r_91_134_98,0.88,0,98,98,1
3,r_55_19_85,seq107,r_137_112_25,r_55_19_85,0.99,0,85,85,1
4,r_74_140_104,r_41_67_61,r_126_77_195,r_41_67_61,1.0,0,61,61,1
2,r_29_149_38,seq132,seq0,r_29_149_38,1.0,0,38,38,1
73,seq36,seq109,r_10_103_67,r_10_103_67,1.0,29,96,67,1
20,r_57_96_80,seq136,seq59,r_57_96_80,0.89,0,80,80,1
15,r_51_119_109,seq20,seq31,r_51_119_109,0.98,2,111,109,1
48,r_1_121_139,seq141,r_11_104_14,r_1_121_139,0.99,0,139,139,1
62,seq17,r_34_99_88,r_142_147_188,r_34_99_88,1.0,1,89,88,1
36,r_137_112_25,r_21_78_171,r_102_113_141,r_21_78_171,0.6,1,172,171,1
36,r_137_112_25,r_54_138_106,r_21_78_171,r_137_112_25,0.93,0,25,25,1
0,r_11_104_14,r_48_2_196,seq82,r_11_104_14,0.88,4,18,14,1
27,r_122_60_164,r_18_40_95,r_42_89_75,r_122_60_164,0.91,-69,95,164,1
30,r_135_124_42,r_28_97_148,r_105_128_103,r_135_124_42,0.97,106,148,42,1
1,r_28_97_148,r_71_120_60,r_135_124_42,r_28_97_148,1.0,-97,51,148,1
40,r_91_134_98,seq88,seq80,r_91_134_98,0.93,0,98,98,1
18,r_10_103_67,r_28_97_148,seq36,r_10_103_67,1.0,0,67,67,1
25,r_7_145_47,r_4_16_71,r_50_22_62,r_50_22_62,1.0,11,73,62,1
33,r_50_22_62,seq47,r_7_145_47,r_50_22_62,1.0,0,62,62,1
30,r_135_124_42,seq9,r_28_97_148,r_135_124_42,1.0,0,42,42,1
65,seq20,r_51_119_109,seq9,r_51_119_109,1.0,2,111,109,1
32,r_15_25_114,seq8,seq26,r_15_25_114,0.92,5,119,114,1
38,r_71_120_60,r_28_97_148,seq9,r_71_120_60,1.0,0,60,60,1
77,seq136,r_57_96_80,seq47,r_57_96_80,0.97,0,80,80,1
4,r_74_140_104,r_126_77_195,r_98_49_6,r_74_140_104,0.93,0,104,104,1
34,r_125_52_124,seq143,r_24_37_46,r_125_52_124,0.43,2,126,124,1
75,seq46,r_108_69_131,r_56_70_59,r_56_70_59,1.0,77,136,59,1
17,r_41_67_61,r_74_140_104,seq110,r_41_67_61,1.0,0,61,61,1
9,r_54_138_106,seq87,seq141,r_54_138_106,1.0,0,106,106,1
43,r_114_13_56,seq143,seq132,r_114_13_56,1.0,0,56,56,1
29,r_21_78_171,r_137_112_25,r_74_140_104,r_21_78_171,0.7,3,174,171,1
22,r_102_113_141,seq9,r_55_19_85,r_55_19_85,0.99,51,136,85,1
49,r_129_5_146,seq80,r_56_70_59,r_129_5_146,0.77,0,146,146,1
56,seq9,seq6,r_18_40_95,r_18_40_95,1.0,3,98,95,1
7,r_18_40_95,r_122_60_164,seq9,r_18_40_95,0.97,0,95,95,1
44,r_108_69_131,seq46,seq0,r_108_69_131,0.72,5,136,131,1
23,r_42_89_75,r_133_101_173,r_122_60_164,r_42_89_75,1.0,0,75,75,1
35,r_4_16_71,seq9,r_94_117_20,r_4_16_71,0.87,0,71,71,1
12,r_98_49_6,r_83_63_136,r_74_140_104,r_74_140_104,0.99,2,106,104,1
29,r_21_78_171,r_48_2_196,r_137_112_25,r_137_112_25,0.74,0,25,25,1
23,r_42_89_75,r_122_60_164,r_83_63_136,r_122_60_164,0.78,-13,151,164,1
6,r_58_133_20,seq139,seq20,r_58_133_20,1.0,0,20,20,2
8,r_81_95_72,seq49,seq74,r_81_95_72,1.0,0,72,72,2
28,r_64_136_192,seq40,r_118_38_24,r_118_38_24,1.0,0,24,24,2
86,seq68,r_37_78_160,r_149_117_84,r_149_117_84,1.0,4,88,84,2
1,r_94_129_149,seq41,seq50,r_94_129_149,0.92,0,149,149,2
97,seq124,r_62_102_119,seq139,r_62_102_119,0.95,0,119,119,2
42,r_56_54_105,seq29,r_58_133_20,r_56_54_105,1.0,0,105,105,2
45,r_2_101_100,seq119,r_111_17_80,r_2_101_100,1.0,0,100,100,2
19,r_76_70_136,seq29,r_137_47_35,r_76_70_136,0.98,0,136,136,2
15,r_32_106_156,r_86_30_41,seq61,r_32_106_156,0.97,3,159,156,2
7,r_116_142_59,seq44,seq29,r_116_142_59,1.0,0,59,59,2
30,r_112_114_34,seq68,seq48,r_112_114_34,1.0,0,34,34,2
15,r_32_106_156,r_145_88_82,r_86_30_41,r_86_30_41,1.0,10,51,41,2
3,r_24_103_176,seq89,seq122,r_24_103_176,0.63,0,176,176,2
90,seq89,r_24_103_176,r_69_28_4,r_24_103_176,0.62,0,176,176,2
26,r_19_75_114,r_32_106_156,r_33_138_15,r_19_75_114,0.98,0,114,114,2
16,r_111_17_80,r_77_109_23,r_52_0_196,r_111_17_80,1.0,0,80,80,2
5,r_87_91_47,r_26_13_58,seq113,r_26_13_58,0.84,-11,47,58,2
13,r_62_102_119,seq124,seq22,r_62_102_119,0.97,0,119,119,2
98,seq125,seq132,r_126_131_60,r_126_131_60,0.69,52,112,60,2
67,seq29,r_76_70_136,r_116_142_59,r_116_142_59,0.64,0,59,59,2
48,r_96_9_55,r_52_0_196,r_18_23_57,r_96_9_55,1.0,2,57,55,2
10,r_18_23_57,seq5,r_96_9_55,r_18_23_57,1.0,-1,56,57,2
27,r_98_104_77,seq68,seq44,r_98_104_77,1.0,0,77,77,2
87,seq73,r_110_71_157,r_36_39_56,r_36_39_56,0.99,102,158,56,2
20,r_33_138_15,r_126_131_60,seq40,r_33_138_15,0.76,0,15,15,2
39,r_36_39_56,seq134,seq44,r_36_39_56,1.0,0,56,56,2
52,seq3,r_36_39_56,seq61,r_36_39_56,1.0,0,56,56,2
14,r_126_131_60,r_140_6_180,seq125,r_126_131_60,0.78,-3,57,60,2
40,r_135_108_172,seq20,r_46_11_62,r_46_11_62,0.96,111,173,62,2
24,r_72_57_68,seq21,seq74,r_72_57_68,0.96,-1,67,68,2
33,r_42_121_116,seq29,r_86_30_41,r_42_121_116,1.0,0,116,116,2
65,seq22,r_52_0_196,r_62_102_119,r_62_102_119,0.99,15,134,119,2
50,seq1,seq5,r_105_51_98,r_105_51_98,1.0,23,121,98,2
70,seq35,r_52_0_196,r_59_100_131,r_59_100_131,1.0,24,155,131,2
21,r_99_7_38,r_86_30_41,seq31,r_99_7_38,1.0,-1,37,38,2
16,r_111_17_80,r_37_78_160,r_77_109_23,r_77_109_23,0.78,0,23,23,2
32,r_110_71_157,seq73,r_37_78_160,r_110_71_157,0.95,0,157,157,2
38,r_16_12_161,seq141,r_33_138_15,r_16_12_161,0.61,3,164,161,2
34,r_130_82_146,seq49,seq5,r_130_82_146,0.92,-1,145,146,2
46,r_77_109_23,r_32_106_156,r_111_17_80,r_77_109_23,0.98,0,23,23,2
25,r_137_47_35,seq4,r_76_70_136,r_76_70_136,1.0,3,139,136,2
93,seq113,r_118_38_24,r_87_91_47,r_118_38_24,0.94,-2,22,24,2
25,r_137_47_35,r_32_106_156,seq4,r_137_47_35,1.0,0,35,35,2
9,r_46_11_62,seq22,seq132,r_46_11_62,1.0,0,62,62,2
11,r_118_38_24,seq113,r_64_136_192,r_118_38_24,1.0,0,24,24,2
16,r_111_17_80,r_52_0_196,r_2_101_100,r_2_101_100,0.61,49,149,100,2
22,r_149_117_84,r_94_129_149,seq68,r_149_117_84,1.0,0,84,84,2
12,r_26_13_58,r_130_82_146,seq66,r_26_13_58,1.0,0,58,58,2
44,r_105_51_98,r_135_108_172,seq1,r_105_51_98,1.0,0,98,98,2
0,r_120_15_14,r_32_106_156,seq25,r_120_15_14,0.95,2,16,14,2
46,r_77_109_23,r_111_17_80,seq5,r_111_17_80,0.98,0,80,80,2
76,seq48,r_59_100_131,r_112_114_34,r_112_114_34,0.8,1,35,34,2
35,r_27_148_159,seq74,r_59_100_131,r_27_148_159,0.57,0,159,159,2
23,r_86_30_41,r_99_7_38,r_32_106_156,r_86_30_41,1.0,-2,39,41,2
23,r_86_30_41,r_32_106_156,r_42_121_116,r_42_121_116,0.74,43,159,116,2
65,seq22,r_46_11_62,r_52_0_196,r_46_11_62,1.0,-7,55,62,2
30,r_129_144_59,r_67_33_77,r_104_121_50,r_129_144_59,0.6,2,61,59,3
36,r_15_16_154,seq128,r_140_78_9,r_15_16_154,0.5,1,155,154,3
44,r_115_112_111,r_110_18_176,r_77_105_163,r_115_112_111,0.98,52,163,111,3
8,r_41_145_159,seq38,r_131_0_139,r_41_145_159,0.66,0,159,159,3
43,r_7_27_87,seq49,seq97,r_7_27_87,1.0,1,88,87,3
83,seq60,seq137,r_139_90_65,r_139_90_65,1.0,63,128,65,3
37,r_13_29_168,r_48_132_110,r_140_78_9,r_48_132_110,0.95,0,110,110,3
59,seq141,r_71_122_184,r_148_37_15,r_148_37_15,0.86,169,184,15,3
28,r_118_36_24,seq44,r_140_78_9,r_118_36_24,0.98,0,24,24,3
39,r_21_82_113,r_79_39_131,seq146,r_21_82_113,0.54,6,119,113,3
1,r_110_18_176,seq52,seq58,r_110_18_176,0.34,3,179,176,3
46,r_19_32_52,seq20,seq22,r_19_32_52,0.59,11,63,52,3
44,r_115_112_111,r_35_76_67,r_110_18_176,r_115_112_111,0.99,0,111,111,3
19,r_103_70_78,r_15_16_154,seq44,r_103_70_78,1.0,0,78,78,3
66,seq22,r_19_32_52,r_53_66_103,r_53_66_103,0.99,-2,101,103,3
31,r_92_45_76,seq58,r_101_43_7,r_92_45_76,1.0,0,76,76,3
41,r_94_68_88,r_47_83_167,seq96,r_94_68_88,1.0,0,88,88,3
89,seq88,r_80_23_95,r_131_0_139,r_131_0_139,0.83,0,139,139,3
16,r_148_37_15,r_119_50_44,seq44,r_148_37_15,0.94,3,18,15,3
3,r_67_33_77,seq117,seq147,r_67_33_77,1.0,1,78,77,3
10,r_125_135_85,seq54,seq1,r_125_135_85,1.0,0,85,85,3
90,seq96,r_26_72_189,r_94_68_88,r_94_68_88,1.0,52,140,88,3
26,r_62_89_116,seq146,r_95_127_120,r_62_89_116,0.97,12,128,116,3
4,r_77_105_163,seq133,r_115_112_111,r_77_105_163,0.75,0,163,163,3
0,r_139_90_65,seq126,seq149,r_139_90_65,1.0,0,65,65,3
73,seq38,r_41_145_159,r_35_76_67,r_35_76_67,0.83,74,141,67,3
11,r_131_0_139,seq54,seq88,r_131_0_139,0.61,0,139,139,3
20,r_106_9_101,seq111,seq10,r_106_9_101,1.0,0,101,101,3
13,r_65_56_105,r_26_72_189,seq85,r_65_56_105,0.98,0,105,105,3
15,r_53_66_103,seq4,seq22,r_53_66_103,0.83,0,103,103,3
57,seq10,seq116,r_106_9_101,r_106_9_101,1.0,16,117,101,3
6,r_48_132_110,r_13_29_168,seq116,r_48_132_110,1.0,0,110,110,3
62,seq146,r_62_89_116,r_101_43_7,r_62_89_116,0.94,1,117,116,3
99,seq126,r_64_100_106,r_13_29_168,r_64_100_106,0.99,0,106,106,3
27,r_71_122_184,seq141,r_108_11_45,r_108_11_45,0.6,139,184,45,3
87,seq85,seq44,r_65_56_105,r_65_56_105,1.0,4,109,105,3
30,r_129_144_59,r_104_121_50,r_2_93_71,r_129_144_59,0.75,18,77,59,3
2,r_79_39_131,r_81_136_178,seq1,r_79_39_131,0.99,0,131,131,3
18,r_24_109_25,seq137,r_130_124_94,r_130_124_94,1.0,5,99,94,3
29,r_81_136_178,seq31,r_13_29_168,r_81_136_178,0.37,1,179,178,3
24,r_95_127_120,r_71_122_184,r_62_89_116,r_95_127_120,0.99,0,120,120,3
9,r_101_43_7,r_62_89_116,r_92_45_76,r_101_43_7,0.85,69,76,7,3
35,r_2_93_71,r_129_144_59,r_47_83_167,r_47_83_167,0.81,-2,165,167,3
25,r_130_124_94,r_80_23_95,r_24_109_25,r_130_124_94,1.0,0,94,94,3
33,r_142_25_121,seq116,seq5,r_142_25_121,0.48,21,142,121,3
64,seq20,r_19_32_52,seq40,r_19_32_52,0.6,21,73,52,3
50,seq128,r_15_16_154,seq99,r_15_16_154,0.99,-8,146,154,3
65,seq149,seq137,r_139_90_65,r_139_90_65,1.0,11,76,65,3
32,r_61_123_140,seq51,r_55_138_18,r_61_123_140,0.84,0,140,140,3
38,r_35_76_67,seq97,r_119_50_44,r_35_76_67,0.92,0,67,67,3
52,seq4,r_53_66_103,r_26_72_189,r_53_66_103,0.55,7,110,103,3
76,seq44,r_148_37_15,r_103_70_78,r_103_70_78,1.0,52,130,78,3
9,r_101_43_7,r_104_121_50,r_62_89_116,r_101_43_7,0.52,26,33,7,3
34,r_69_113_123,r_47_83_167,r_94_68_88,r_47_83_167,0.91,-42,125,167,3
22,r_55_138_18,r_17_91_2,seq86,r_55_138_18,1.0,0,18,18,3
17,r_47_83_167,seq42,r_2_93_71,r_2_93_71,0.77,96,167,71,3
21,r_108_11_45,r_46_63_199,seq137,r_108_11_45,0.75,1,46,45,3
91,seq97,r_35_76_67,seq86,r_35_76_67,1.0,0,67,67,3
49,r_59_3_186,r_87_107_194,r_119_50_44,r_59_3_186,0.29,0,186,186,3
44,r_115_112_111,r_92_45_76,r_35_76_67,r_35_76_67,0.5,1,68,67,3
12,r_64_100_106,seq126,r_80_23_95,r_64_100_106,0.93,0,106,106,3
7,r_119_50_44,r_110_18_176,seq58,r_119_50_44,1.0,1,45,44,3
36,r_99_4_151,seq7,r_69_134_12,r_99_4_151,0.82,0,151,151,4
0,r_10_66_27,seq144,seq143,r_10_66_27,1.0,0,27,27,4
37,r_127_49_147,seq29,seq102,r_127_49_147,0.96,0,147,147,4
17,r_84_98_23,seq43,seq15,r_84_98_23,1.0,0,23,23,4
20,r_56_72_193,r_48_82_77,r_3_131_35,r_3_131_35,0.73,1,36,35,4
16,r_105_138_2,r_61_24_125,seq102,r_61_24_125,0.98,0,125,125,4
21,r_124_68_95,r_140_128_140,seq25,r_124_68_95,0.54,0,95,95,4
39,r_48_82_77,r_56_72_193,seq12,r_48_82_77,1.0,0,77,77,4
1,r_30_81_188,seq107,r_75_126_186,r_75_126_186,0.37,-11,175,186,4
46,r_123_122_190,r_105_138_2,r_112_54_64,r_112_54_64,0.96,126,190,64,4
25,r_53_19_37,seq0,r_58_50_22,r_53_19_37,1.0,0,37,37,4
7,r_79_135_33,r_76_108_21,r_57_73_94,r_57_73_94,0.94,15,109,94,4
5,r_94_118_26,r_27_26_173,seq141,r_94_118_26,0.77,-1,25,26,4
15,r_22_18_9,seq43,seq0,r_22_18_9,0.34,64,73,9,4
97,seq117,seq2,r_34_32_142,r_34_32_142,0.48,8,150,142,4
31,r_14_16_167,seq137,r_63_136_132,r_63_136_132,0.43,-25,107,132,4
41,r_61_24_125,r_105_138_2,seq29,r_61_24_125,0.95,0,125,125,4
7,r_79_135_33,seq85,r_76_108_21,r_76_108_21,0.89,13,34,21,4
6,r_1_95_120,seq2,r_34_32_142,r_1_95_120,0.57,24,144,120,4
3,r_23_8_139,r_11_146_156,r_57_73_94,r_57_73_94,0.56,37,131,94,4
10,r_67_40_97,seq41,r_9_101_70,r_67_40_97,0.63,4,101,97,4
14,r_76_108_21,seq117,seq109,r_76_108_21,0.95,0,21,21,4
23,r_133_116_105,r_23_8_139,r_48_82_77,r_23_8_139,0.85,0,139,139,4
26,r_5_37_83,seq109,seq129,r_5_37_83,0.57,0,83,83,4
4,r_34_32_142,seq64,r_1_95_120,r_34_32_142,0.54,2,144,142,4
48,r_9_101_70,r_133_116_105,seq137,r_9_101_70,0.78,7,77,70,4
57,seq141,r_115_114_116,r_94_118_26,r_94_118_26,0.57,-1,25,26,4
6,r_1_95_120,r_55_113_113,seq2,r_1_95_120,0.53,-7,113,120,4
97,seq117,r_34_32_142,r_27_26_173,r_27_26_173,0.67,-4,169,173,4
27,r_57_73_94,seq137,r_79_135_33,r_57_73_94,0.95,1,95,94,4
18,r_83_119_119,seq62,seq120,r_83_119_119,0.86,0,119,119,4
24,r_110_139_59,r_112_54_64,seq60,r_110_139_59,1.0,2,61,59,4
33,r_125_142_79,seq65,r_69_134_12,r_125_142_79,0.93,1,80,79,4
65,seq29,r_127_49_147,seq89,r_127_49_147,0.95,-79,68,147,4
68,seq41,r_67_40_97,seq129,r_67_40_97,0.96,4,101,97,4
32,r_33_6_121,seq45,seq29,r_33_6_121,0.66,0,121,121,4
40,r_58_50_22,seq60,r_53_19_37,r_53_19_37,1.0,6,43,37,4
40,r_58_50_22,r_57_73_94,seq60,r_58_50_22,0.7,1,23,22,4
45,r_13_59_14,seq137,seq129,r_13_59_14,0.6,100,114,14,4
9,r_112_54_64,r_110_139_59,r_147_35_197,r_110_139_59,0.99,2,61,59,4
15,r_22_18_9,seq0,r_14_16_167,r_14_16_167,0.61,0,167,167,4
31,r_14_16_167,r_63_136_132,r_22_18_9,r_14_16_167,1.0,0,167,167,4
28,r_115_114_116,seq141,seq25,r_115_114_116,0.77,3,119,116,4
49,r_3_131_35,seq117,r_56_72_193,r_3_131_35,0.98,0,35,35,4
56,seq12,r_23_8_139,r_48_82_77,r_48_82_77,1.0,9,86,77,4
44,r_55_113_113,r_1_95_120,seq70,r_55_113_113,0.99,0,113,113,4
23,r_133_116_105,r_149_97_10,r_23_8_139,r_133_116_105,0.68,0,105,105,4
81,seq143,r_123_122_190,r_10_66_27,r_10_66_27,1.0,13,40,27,4
34,r_121_104_36,seq0,seq85,r_121_104_36,1.0,0,36,36,4
82,seq77,r_9_101_70,r_149_97_10,r_9_101_70,0.99,4,74,70,4
97,seq117,r_76_108_21,seq2,r_76_108_21,0.74,3,24,21,4
12,r_11_146_156,seq28,seq144,r_11_146_156,0.59,0,156,156,4
93,seq107,r_29_38_151,seq139,r_29_38_151,0.39,3,154,151,5
45,r_90_109_47,r_69_57_39,r_30_16_20,r_90_109_47,1.0,-4,43,47,5
14,r_114_36_113,seq75,seq97,r_114_36_113,0.64,0,113,113,5
43,r_141_98_67,seq144,seq101,r_141_98_67,1.0,0,67,67,5
83,seq78,r_111_62_139,seq77,r_111_62_139,0.98,0,139,139,5
36,r_32_70_18,seq148,seq66,r_32_70_18,1.0,0,18,18,5
21,r_110_26_75,seq133,seq19,r_110_26_75,0.76,23,98,75,5
39,r_59_85_144,r_96_127_152,seq64,r_96_127_152,0.57,-4,148,152,5
1,r_45_4_198,r_96_127_152,r_61_135_101,r_45_4_198,0.85,-46,152,198,5
5,r_61_135_101,r_91_33_188,seq10,r_61_135_101,0.77,0,101,101,5
25,r_54_128_37,r_114_36_113,r_106_56_32,r_54_128_37,1.0,0,37,37,5
69,seq145,r_12_134_179,r_50_121_78,r_50_121_78,1.0,26,104,78,5
16,r_106_56_32,seq67,r_54_128_37,r_54_128_37,0.88,20,57,37,5
31,r_84_104_91,seq77,seq95,r_84_104_91,0.93,0,91,91,5
41,r_41_140_102,seq66,seq15,r_41_140_102,1.0,0,102,102,5
29,r_122_87_22,r_27_34_69,r_58_37_158,r_122_87_22,0.98,-1,21,22,5
3,r_68_14_25,seq64,seq42,r_68_14_25,0.97,-2,23,25,5
10,r_58_37_158,seq131,r_122_87_22,r_122_87_22,0.98,69,91,22,5
90,seq101,seq80,r_141_98_67,r_141_98_67,1.0,12,79,67,5
4,r_43_51_63,r_58_37_158,seq130,r_43_51_63,0.99,1,64,63,5
0,r_147_116_124,r_50_121_78,r_146_47_183,r_50_121_78,1.0,0,78,78,5
20,r_49_31_149,r_29_38_151,r_122_87_22,r_29_38_151,0.5,-2,149,151,5
13,r_143_5_160,seq60,r_90_109_47,r_143_5_160,0.65,0,160,160,5
48,r_0_119_126,r_12_134_179,seq67,r_0_119_126,0.81,0,126,126,5
6,r_123_89_133,r_2_100_192,r_46_74_134,r_123_89_133,0.74,3,136,133,5
8,r_82_132_57,r_61_135_101,seq130,r_82_132_57,1.0,0,57,57,5
10,r_58_37_158,r_122_87_22,r_147_116_124,r_58_37_158,0.99,1,159,158,5
27,r_12_134_179,seq145,r_7_76_55,r_12_134_179,0.44,1,180,179,5
47,r_111_62_139,seq78,seq97,r_111_62_139,0.71,0,139,139,5
40,r_86_39_141,seq139,seq28,r_86_39_141,0.41,1,142,141,5
24,r_72_124_128,seq10,seq40,r_72_124_128,0.97,1,129,128,5
33,r_27_34_69,seq67,r_11_23_7,r_27_34_69,1.0,1,70,69,5
88,seq97,seq52,r_114_36_113,r_114_36_113,0.52,7,120,113,5
50,seq130,r_2_100_192,r_43_51_63,r_43_51_63,1.0,55,118,63,5
68,seq40,r_29_38_151,r_72_124_128,r_72_124_128,1.0,0,128,128,5
17,r_8_149_30,r_147_116_124,seq35,r_8_149_30,0.99,0,30,30,5
32,r_79_92_129,seq71,seq17,r_79_92_129,0.59,4,133,129,5
34,r_18_1_117,seq75,seq117,r_18_1_117,0.88,2,119,117,5
75,seq60,r_143_5_160,seq9,r_143_5_160,0.99,0,160,160,5
9,r_118_137_89,r_91_33_188,r_45_4_198,r_118_137_89,0.94,0,89,89,5
42,r_69_57_39,r_90_109_47,seq15,r_69_57_39,1.0,0,39,39,5
96,seq117,seq35,r_20_13_136,r_20_13_136,0.99,14,150,136,5
88,seq97,r_114_36_113,r_111_62_139,r_111_62_139,0.99,2,141,139,5
0,r_147_116_124,r_146_47_183,r_50_121_78,r_147_116_124,0.92,1,125,124,5
16,r_106_56_32,seq77,seq67,r_106_56_32,0.98,1,33,32,5
29,r_122_87_22,r_58_37_158,seq142,r_58_37_158,0.94,2,160,158,5
22,r_11_23_7,r_146_47_183,r_27_34_69,r_27_34_69,1.0,52,121,69,5
49,r_146_47_183,r_11_23_7,r_29_38_151,r_146_47_183,0.26,0,183,183,5
23,r_20_13_136,r_58_37_158,seq117,r_20_13_136,0.77,0,136,136,5
12,r_96_127_152,r_45_4_198,r_50_121_78,r_50_121_78,0.84,74,152,78,5
37,r_30_16_20,r_43_51_63,seq115,r_30_16_20,1.0,-2,18,20,5
30,r_20_87_99,seq138,seq149,r_20_87_99,0.99,0,99,99,6
33,r_27_141_51,r_30_12_63,seq26,r_27_141_51,1.0,0,51,51,6
50,seq130,r_8_100_186,r_1_93_17,r_1_93_17,0.96,28,45,17,6
36,r_83_62_100,seq40,r_114_103_10,r_83_62_100,0.96,1,101,100,6
14,r_109_108_103,seq96,seq75,r_109_108_103,0.29,13,116,103,6
37,r_4_101_61,seq40,r_71_69_18,r_4_101_61,0.98,1,62,61,6
59,seq18,r_24_44_104,r_71_69_18,r_24_44_104,0.72,-43,61,104,6
6,r_81_42_65,seq14,r_28_5_75,r_28_5_75,0.97,28,103,75,6
5,r_71_69_18,r_8_100_186,seq18,r_71_69_18,0.74,4,22,18,6
16,r_30_12_63,seq63,seq117,r_30_12_63,1.0,-3,60,63,6
39,r_148_23_143,r_15_127_71,seq9,r_15_127_71,0.94,0,71,71,6
1,r_121_39_147,r_43_90_194,r_76_122_62,r_43_90_194,0.61,-47,147,194,6
42,r_61_65_119,r_129_146_139,r_104_91_91,r_61_65_119,0.98,0,119,119,6
45,r_15_127_71,r_148_23_143,r_89_79_19,r_15_127_71,1.0,0,71,71,6
34,r_119_140_30,r_81_42_65,seq137,r_119_140_30,0.69,-1,29,30,6
76,seq64,seq7,r_3_49_59,r_3_49_59,1.0,-3,56,59,6
31,r_94_38_54,seq14,seq105,r_94_38_54,1.0,0,54,54,6
39,r_148_23_143,seq9,r_89_79_19,r_148_23_143,0.51,3,146,143,6
41,r_104_91_91,seq138,r_109_108_103,r_104_91_91,0.64,2,93,91,6
26,r_97_133_4,r_20_87_99,r_32_36_36,r_97_133_4,0.95,95,99,4,6
4,r_66_35_69,seq80,r_123_134_42,r_66_35_69,0.95,0,69,69,6
46,r_45_33_16,r_129_146_139,seq34,r_129_146_139,0.95,-113,26,139,6
0,r_28_5_75,seq105,r_81_42_65,r_28_5_75,0.97,0,75,75,6
11,r_111_98_66,r_81_42_65,r_3_49_59,r_81_42_65,1.0,0,65,65,6
23,r_92_47_44,seq9,seq96,r_92_47_44,1.0,-3,41,44,6
19,r_125_0_27,r_112_136_136,seq63,r_125_0_27,0.93,0,27,27,6
46,r_45_33_16,seq34,r_24_44_104,r_24_44_104,1.0,0,104,104,6
15,r_43_90_194,r_121_39_147,r_20_87_99,r_20_87_99,0.81,48,147,99,6
12,r_132_120_64,r_67_51_152,seq131,r_67_51_152,0.97,0,152,152,6
28,r_32_36_36,r_24_44_104,seq138,r_32_36_36,0.99,1,37,36,6
6,r_81_42_65,r_111_98_66,seq14,r_81_42_65,1.0,-2,63,65,6
99,seq126,r_129_146_139,r_20_87_99,r_20_87_99,0.96,39,138,99,6
62,seq137,seq13,r_119_140_30,r_119_140_30,0.95,-3,27,30,6
47,r_17_41_158,r_11_139_199,r_89_79_19,r_11_139_199,0.85,-40,159,199,6
40,r_11_139_199,r_17_41_158,r_20_87_99,r_20_87_99,0.51,60,159,99,6
29,r_128_25_93,seq7,seq74,r_128_25_93,0.95,1,94,93,6
35,r_67_51_152,r_132_120_64,seq85,r_132_120_64,0.75,88,152,64,6
38,r_124_54_38,seq85,seq72,r_124_54_38,0.69,-2,36,38,6
24,r_73_56_25,r_21_37_163,seq63,r_73_56_25,0.94,1,26,25,6
88,seq95,r_107_102_132,r_109_108_103,r_107_102_132,1.0,0,132,132,6
21,r_3_49_59,seq80,seq64,r_3_49_59,0.99,-4,55,59,6
22,r_123_134_42,r_29_52_7,seq72,r_123_134_42,0.77,-21,21,42,6
7,r_1_93_17,r_148_23_143,seq130,r_1_93_17,0.91,0,17,17,6
25,r_114_103_10,seq13,seq34,r_114_103_10,0.86,0,10,10,6
32,r_112_136_136,seq13,seq149,r_112_136_136,0.71,4,140,136,6
48,r_2_6_26,r_104_91_91,r_89_79_19,r_2_6_26,0.72,-3,23,26,6
9,r_129_146_139,r_61_65_119,seq60,r_129_146_139,0.63,-17,122,139,6
8,r_89_79_19,r_76_122_62,seq40,r_89_79_19,0.7,1,20,19,6
49,r_107_102_132,seq95,seq82,r_107_102_132,0.9,0,132,132,6
56,seq14,seq115,r_81_42_65,r_81_42_65,1.0,9,74,65,6
44,r_144_70_162,r_21_37_163,r_20_87_99,r_144_70_162,0.8,0,162,162,6
79,seq74,r_21_37_163,r_128_25_93,r_128_25_93,0.76,1,94,93,6
35,r_67_51_152,seq40,r_132_120_64,r_132_120_64,0.99,7,71,64,6
12,r_132_120_64,r_11_139_199,r_67_51_152,r_132_120_64,1.0,0,64,64,6
30,r_36_32_188,seq49,r_85_141_158,r_85_141_158,0.55,30,188,158,7
36,r_120_84_181,seq11,r_140_63_142,r_140_63_142,0.52,39,181,142,7
35,r_132_143_7,r_8_108_135,r_97_129_123,r_97_129_123,0.89,4,127,123,7
8,r_10_72_152,seq115,r_23_96_136,r_10_72_152,0.26,13,165,152,7
43,r_23_96_136,r_140_63_142,seq103,r_140_63_142,0.58,-4,138,142,7
16,r_88_64_157,r_8_108_135,r_76_116_43,r_76_116_43,1.0,0,43,43,7
55,seq134,r_147_144_180,r_56_111_67,r_56_111_67,0.59,1,68,67,7
86,seq83,r_107_81_187,r_133_136_145,r_107_81_187,0.53,1,188,187,7
21,r_97_129_123,seq12,r_132_143_7,r_97_129_123,0.91,0,123,123,7
39,r_6_79_69,r_62_86_168,seq65,r_6_79_69,1.0,0,69,69,7
48,r_41_121_141,seq7,seq118,r_41_121_141,0.71,4,145,141,7
1,r_16_31_100,r_107_81_187,r_41_121_141,r_16_31_100,0.71,5,105,100,7
97,seq117,seq94,r_1_142_110,r_1_142_110,0.92,51,161,110,7
46,r_75_44_173,seq94,seq3,r_75_44_173,0.39,-12,161,173,7
42,r_147_144_180,seq29,seq67,r_147_144_180,0.58,0,180,180,7
34,r_93_82_76,r_140_63_142,r_39_124_90,r_39_124_90,0.6,4,94,90,7
19,r_101_80_74,r_120_84_181,r_105_45_77,r_105_45_77,0.69,0,77,77,7
33,r_76_116_43,r_8_108_135,r_98_61_99,r_76_116_43,0.96,93,136,43,7
31,r_37_27_149,r_16_31_100,r_74_46_97,r_74_46_97,0.85,48,145,97,7
41,r_148_60_125,seq95,seq43,r_148_60_125,0.99,0,125,125,7
10,r_20_122_84,seq95,r_53_135_18,r_20_122_84,1.0,0,84,84,7
16,r_88_64_157,r_76_116_43,r_132_143_7,r_88_64_157,0.8,9,166,157,7
0,r_133_136_145,seq128,seq26,r_133_136_145,0.65,0,145,145,7
73,seq40,r_130_91_94,seq7,r_130_91_94,0.97,-4,90,94,7
11,r_8_108_135,r_88_64_157,r_71_54_66,r_71_54_66,0.97,70,136,66,7
13,r_105_45_77,r_36_32_188,r_101_80_74,r_105_45_77,1.0,0,77,77,7
98,seq118,seq43,r_41_121_141,r_41_121_141,0.86,-18,123,141,7
48,r_41_121_141,r_130_91_94,seq7,r_130_91_94,0.74,-5,89,94,7
57,seq9,seq7,r_106_73_139,r_106_73_139,0.72,3,142,139,7
12,r_53_135_18,seq21,r_20_122_84,r_20_122_84,1.0,2,86,84,7
6,r_98_61_99,seq65,r_76_116_43,r_76_116_43,0.64,55,98,43,7
12,r_53_135_18,r_20_122_84,seq21,r_53_135_18,0.98,0,18,18,7
27,r_1_142_110,r_137_87_186,seq117,r_1_142_110,0.73,0,110,110,7
87,seq139,r_137_87_186,r_85_141_158,r_85_141_158,0.92,28,186,158,7
22,r_62_86_168,seq5,seq69,r_62_86_168,0.78,0,168,168,7
2,r_90_77_107,seq38,seq30,r_90_77_107,0.85,0,107,107,7
47,r_39_124_90,seq22,r_93_82_76,r_93_82_76,0.9,12,88,76,7
18,r_74_46_97,r_85_141_158,seq5,r_74_46_97,1.0,0,97,97,7
29,r_137_87_186,seq139,r_2_100_162,r_2_100_162,0.76,24,186,162,7
35,r_132_143_7,seq113,r_8_108_135,r_132_143_7,0.45,72,79,7,7
68,seq29,r_147_144_180,r_85_141_158,r_147_144_180,0.73,0,180,180,7
38,r_106_73_139,r_62_86_168,seq9,r_62_86_168,0.49,-29,139,168,7
4,r_92_35_54,r_8_108_135,r_85_141_158,r_92_35_54,1.0,0,54,54,7
34,r_93_82_76,r_107_81_187,r_140_63_142,r_93_82_76,0.84,0,76,76,7
15,r_123_48_59,r_20_122_84,seq19,r_20_122_84,0.6,-38,46,84,7
75,seq43,r_107_81_187,r_148_60_125,r_148_60_125,1.0,4,129,125,7
81,seq65,r_98_61_99,r_6_79_69,r_6_79_69,1.0,17,86,69,7
17,r_140_63_142,r_23_96_136,seq17,r_23_96_136,0.94,2,138,136,7
9,r_56_111_67,r_97_129_123,seq134,r_56_111_67,0.78,-4,63,67,7
22,r_62_86_168,r_6_79_69,seq5,r_6_79_69,1.0,-2,67,69,7
28,r_2_100_162,r_55_18_195,r_148_60_125,r_2_100_162,0.63,0,162,162,7
49,r_107_81_187,seq83,r_85_141_158,r_107_81_187,0.53,0,187,187,7
33,r_76_116_43,r_70_59_122,r_8_108_135,r_76_116_43,1.0,0,43,43,7
44,r_130_91_94,seq40,seq30,r_130_91_94,1.0,0,94,94,7
23,r_71_54_66,seq103,seq95,r_71_54_66,1.0,0,66,66,7
93,seq111,r_146_140_149,seq22,r_146_140_149,0.58,0,149,149,8
14,r_109_34_179,r_50_136_180,seq103,r_50_136_180,0.68,-1,179,180,8
8,r_144_94_122,seq1,r_73_40_40,r_73_40_40,0.96,86,126,40,8
17,r_8_55_52,seq89,seq15,r_8_55_52,0.99,-2,50,52,8
43,r_118_9_131,seq6,r_110_32_27,r_110_32_27,0.92,116,143,27,8
22,r_90_35_128,r_43_99_81,r_144_94_122,r_90_35_128,0.7,-74,54,128,8
37,r_43_99_81,r_90_35_128,r_105_107_195,r_43_99_81,0.66,-4,77,81,8
16,r_132_116_143,seq3,seq47,r_132_116_143,0.81,4,147,143,8
1,r_74_149_74,r_113_2_26,seq131,r_74_149_74,0.98,0,74,74,8
5,r_98_129_146,seq112,r_11_85_47,r_98_129_146,0.87,1,147,146,8
41,r_56_39_82,r_5_66_114,r_144_94_122,r_5_66_114,0.65,0,114,114,8
58,seq15,r_115_104_48,r_8_55_52,r_8_55_52,1.0,-2,50,52,8
19,r_29_10_95,r_50_136_180,seq16,r_29_10_95,0.57,-3,92,95,8
11,r_21_41_41,r_121_42_123,r_78_134_121,r_21_41_41,0.98,83,124,41,8
61,seq131,r_11_85_47,seq117,r_11_85_47,0.51,0,47,47,8
41,r_56_39_82,seq77,r_5_66_114,r_56_39_82,0.93,0,82,82,8
90,seq103,r_73_40_40,seq131,r_73_40_40,0.87,-5,35,40,8
10,r_0_100_183,seq108,r_5_66_114,r_0_100_183,0.49,0,183,183,8
36,r_14_125_17,seq141,r_102_63_4,r_14_125_17,1.0,-1,16,17,8
11,r_21_41_41,seq6,r_121_42_123,r_121_42_123,0.66,-82,41,123,8
72,seq54,r_122_64_115,r_146_140_149,r_122_64_115,0.99,1,116,115,8
67,seq31,seq58,r_86_119_46,r_86_119_46,0.85,3,49,46,8
47,r_79_65_58,r_132_116_143,seq117,r_79_65_58,1.0,-4,54,58,8
38,r_138_48_50,seq117,r_102_63_4,r_138_48_50,1.0,1,51,50,8
15,r_50_136_180,r_109_34_179,r_57_130_68,r_109_34_179,0.59,1,180,179,8
48,r_38_51_161,seq142,r_53_23_9,r_38_51_161,0.72,1,162,161,8
57,seq142,r_38_51_161,r_4_133_66,r_4_133_66,1.0,0,66,66,8
6,r_67_124_159,seq44,seq112,r_67_124_159,0.56,6,165,159,8
7,r_135_137_44,seq16,seq111,r_135_137_44,1.0,0,44,44,8
99,seq127,r_57_130_68,r_92_81_79,r_92_81_79,0.76,4,83,79,8
45,r_11_85_47,seq131,seq148,r_11_85_47,1.0,0,47,47,8
27,r_102_63_4,r_90_35_128,r_53_23_9,r_53_23_9,0.72,136,145,9,8
30,r_121_42_123,r_110_32_27,seq87,r_121_42_123,0.97,3,126,123,8
4,r_145_101_24,r_38_51_161,seq141,r_145_101_24,0.99,0,24,24,8
40,r_105_107_195,r_109_34_179,r_43_99_81,r_105_107_195,0.6,-111,84,195,8
61,seq131,seq117,r_68_76_78,r_68_76_78,0.94,5,83,78,8
29,r_18_93_118,r_28_143_5,r_79_65_58,r_28_143_5,0.79,113,118,5,8
24,r_4_133_66,r_30_37_176,seq142,r_4_133_66,1.0,0,66,66,8
35,r_110_32_27,r_121_42_123,r_118_9_131,r_121_42_123,0.94,8,131,123,8
25,r_78_134_121,r_24_46_197,r_21_41_41,r_78_134_121,0.75,1,122,121,8
33,r_120_75_185,r_115_104_48,r_50_136_180,r_120_75_185,0.28,0,185,185,8
21,r_73_40_40,seq103,r_20_13_29,r_73_40_40,1.0,-1,39,40,8
3,r_86_119_46,r_121_42_123,seq31,r_86_119_46,0.91,1,47,46,8
32,r_122_64_115,seq54,seq59,r_122_64_115,0.97,1,116,115,8
34,r_68_76_78,r_144_94_122,seq131,r_68_76_78,0.93,-1,77,78,8
9,r_5_66_114,r_92_81_79,r_56_39_82,r_5_66_114,0.97,-34,80,114,8
9,r_5_66_114,r_56_39_82,seq44,r_5_66_114,0.94,0,114,114,8
28,r_36_128_169,seq77,r_19_72_1,r_36_128_169,0.62,0,169,169,8
35,r_110_32_27,r_109_34_179,r_121_42_123,r_110_32_27,0.87,1,28,27,8
49,r_92_81_79,seq97,seq127,r_92_81_79,1.0,1,80,79,8
26,r_20_13_29,r_121_42_123,r_73_40_40,r_73_40_40,0.92,-11,29,40,8
20,r_113_2_26,r_49_62_141,r_115_104_48,r_113_2_26,0.93,-3,23,26,8
23,r_57_130_68,seq127,r_4_133_66,r_4_133_66,0.64,2,68,66,8
12,r_30_37_176,seq47,r_43_99_81,r_43_99_81,0.78,96,177,81,8
30,r_121_42_123,r_86_119_46,r_110_32_27,r_110_32_27,1.0,1,28,27,8
30,r_92_31_171,seq46,r_66_84_41,r_66_84_41,1.0,44,85,41,9
36,r_76_86_65,seq64,seq67,r_76_86_65,1.0,0,65,65,9
25,r_38_142_28,r_77_70_149,seq39,r_38_142_28,0.94,0,28,28,9
66,seq46,r_92_31_171,r_106_105_109,r_106_105_109,1.0,2,111,109,9
8,r_49_90_113,seq11,seq9,r_49_90_113,0.98,0,113,113,9
43,r_106_105_109,seq87,seq46,r_106_105_109,0.99,1,110,109,9
59,seq25,r_10_23_115,seq36,r_10_23_115,1.0,0,115,115,9
28,r_113_129_85,r_91_19_31,seq143,r_113_129_85,1.0,0,85,85,9
38,r_132_53_16,r_52_14_188,seq75,r_132_53_16,0.99,0,16,16,9
16,r_101_104_78,seq37,seq99,r_101_104_78,1.0,0,78,78,9
21,r_96_27_81,seq61,seq39,r_96_27_81,1.0,0,81,81,9
46,r_82_3_138,r_45_148_10,r_113_129_85,r_82_3_138,0.69,0,138,138,9
80,seq81,r_42_127_146,r_12_138_96,r_12_138_96,0.64,50,146,96,9
69,seq137,r_135_98_132,seq130,r_135_98_132,1.0,-7,125,132,9
11,r_34_55_50,seq46,r_128_134_52,r_34_55_50,1.0,0,50,50,9
45,r_15_5_182,seq143,r_26_17_79,r_15_5_182,0.54,0,182,182,9
19,r_93_65_173,seq107,r_30_2_140,r_93_65_173,0.5,0,173,173,9
78,seq75,r_132_53_16,r_13_124_80,r_13_124_80,1.0,1,81,80,9
31,r_12_138_96,r_115_117_105,r_62_48_72,r_12_138_96,1.0,0,96,96,9
41,r_83_102_66,r_21_18_110,r_38_142_28,r_83_102_66,0.9,3,69,66,9
96,seq119,r_91_19_31,r_77_70_149,r_77_70_149,0.99,7,156,149,9
3,r_40_121_87,r_78_141_111,r_32_60_24,r_40_121_87,1.0,0,87,87,9
10,r_42_127_146,seq81,r_62_48_72,r_62_48_72,1.0,4,76,72,9
90,seq107,r_93_65_173,r_8_4_120,r_8_4_120,1.0,53,173,120,9
26,r_8_4_120,r_52_14_188,r_26_17_79,r_8_4_120,0.99,0,120,120,9
4,r_6_72_170,seq99,r_10_23_115,r_10_23_115,0.96,61,176,115,9
0,r_145_59_114,r_135_98_132,r_113_129_85,r_145_59_114,0.99,7,121,114,9
73,seq64,r_57_103_135,seq94,r_57_103_135,0.51,25,160,135,9
32,r_91_19_31,r_0_47_128,seq119,r_91_19_31,0.95,1,32,31,9
20,r_62_48_72,seq71,r_42_127_146,r_62_48_72,0.99,0,72,72,9
13,r_122_1_112,seq11,seq68,r_122_1_112,1.0,0,112,112,9
15,r_21_18_110,seq94,seq63,r_21_18_110,0.87,0,110,110,9
2,r_78_141_111,r_115_117_105,seq100,r_115_117_105,0.68,43,148,105,9
66,seq46,r_34_55_50,r_92_31_171,r_34_55_50,1.0,0,50,50,9
48,r_108_44_179,r_77_70_149,r_15_5_182,r_77_70_149,1.0,0,149,149,9
6,r_10_23_115,seq25,seq100,r_10_23_115,1.0,0,115,115,9
85,seq94,r_21_18_110,seq64,r_21_18_110,1.0,0,110,110,9
10,r_42_127_146,r_62_48_72,r_113_129_85,r_42_127_146,0.99,0,146,146,9
27,r_52_14_188,seq63,r_0_47_128,r_0_47_128,0.64,60,188,128,9
5,r_128_134_52,r_113_129_85,r_34_55_50,r_128_134_52,1.0,1,53,52,9
39,r_66_84_41,seq29,r_92_31_171,r_66_84_41,0.84,0,41,41,9
2,r_78_141_111,seq131,r_115_117_105,r_115_117_105,0.66,6,111,105,9
47,r_133_118_117,r_57_103_135,seq16,r_133_118_117,0.61,0,117,117,9
40,r_112_41_127,seq67,seq147,r_112_41_127,0.99,0,127,127,9
74,seq67,r_112_41_127,r_76_86_65,r_76_86_65,0.69,42,107,65,9
18,r_140_88_98,r_77_70_149,seq87,r_140_88_98,1.0,0,98,98,9
29,r_115_117_105,seq56,seq116,r_115_117_105,1.0,0,105,105,9
33,r_0_47_128,seq39,seq94,r_0_47_128,0.65,6,134,128,9
64,seq39,r_0_47_128,r_96_27_81,r_96_27_81,1.0,16,97,81,9
88,seq100,seq67,r_10_23_115,r_10_23_115,1.0,9,124,115,9
20,r_62_48_72,r_42_127_146,r_12_138_96,r_42_127_146,0.84,0,146,146,9
34,r_13_124_80,seq130,seq75,r_13_124_80,1.0,0,80,80,9
28,r_113_129_85,r_128_134_52,r_91_19_31,r_128_134_52,0.65,1,53,52,9
96,seq119,r_128_134_52,r_91_19_31,r_128_134_52,0.8,-19,33,52,9
49,r_32_60_24,r_128_134_52,seq61,r_32_60_24,1.0,-1,23,24,9
78,seq75,r_45_148_10,r_132_53_16,r_132_53_16,0.99,2,18,16,9
17,r_20_7_54,r_57_103_135,seq119,r_20_7_54,0.71,16,70,54,9
25,r_38_142_28,seq39,r_83_102_66,r_83_102_66,0.77,85,151,66,9
23,r_77_70_149,r_108_44_179,seq119,r_77_70_149,0.7,0,149,149,9
60,seq29,r_66_84_41,seq119,r_66_84_41,1.0,0,41,41,9
93,seq112,r_133_54_171,r_89_32_63,r_89_32_63,1.0,117,180,63,10
30,r_116_127_133,seq1,r_14_45_8,r_116_127_133,0.99,0,133,133,10
36,r_130_128_75,r_51_70_188,seq90,r_130_128_75,0.6,1,76,75,10
8,r_136_41_111,r_13_25_145,seq55,r_136_41_111,0.85,1,112,111,10
43,r_68_71_94,r_24_8_125,r_12_102_82,r_68_71_94,0.88,0,94,94,10
37,r_26_88_143,r_29_48_175,r_117_10_80,r_26_88_143,0.91,0,143,143,10
21,r_33_63_173,seq106,r_115_59_43,r_115_59_43,1.0,134,177,43,10
39,r_117_10_80,r_61_144_138,r_103_131_199,r_117_10_80,0.97,4,84,80,10
1,r_13_25_145,seq23,r_12_102_82,r_13_25_145,0.82,1,146,145,10
5,r_16_40_107,seq141,seq15,r_16_40_107,0.97,0,107,107,10
80,seq87,r_56_17_128,r_82_65_54,r_82_65_54,0.89,74,128,54,10
32,r_37_91_157,r_12_102_82,seq19,r_37_91_157,0.75,0,157,157,10
45,r_120_99_87,seq90,seq55,r_120_99_87,0.8,1,88,87,10
19,r_89_32_63,seq55,seq50,r_89_32_63,0.83,5,68,63,10
76,seq79,r_140_34_135,r_115_59_43,r_115_59_43,1.0,92,135,43,10
0,r_5_124_35,r_116_127_133,seq105,r_5_124_35,0.52,0,35,35,10
15,r_80_38_56,r_123_132_76,seq96,r_80_38_56,0.98,3,59,56,10
41,r_123_132_76,seq22,seq78,r_123_132_76,1.0,0,76,76,10
72,seq139,r_53_52_126,r_57_66_53,r_57_66_53,0.71,64,117,53,10
4,r_56_17_128,seq87,r_7_36_48,r_56_17_128,0.51,0,128,128,10
20,r_125_84_65,r_137_49_6,r_47_95_177,r_125_84_65,0.96,2,67,65,10
13,r_76_42_174,seq113,r_133_54_171,r_76_42_174,0.47,-53,121,174,10
98,seq126,r_135_75_152,r_82_65_54,r_82_65_54,0.82,106,160,54,10
48,r_4_145_144,seq55,r_26_88_143,r_26_88_143,0.88,1,144,143,10
55,seq141,r_16_40_107,r_122_58_10,r_122_58_10,0.84,0,10,10,10
47,r_29_48_175,r_61_144_138,seq129,r_29_48_175,0.95,0,175,175,10
22,r_24_8_125,r_7_36_48,seq55,r_24_8_125,0.61,-1,124,125,10
31,r_122_58_10,r_140_34_135,seq141,r_122_58_10,0.99,0,10,10,10
42,r_7_36_48,r_35_107_39,r_24_8_125,r_7_36_48,0.68,-28,20,48,10
99,seq149,r_57_66_53,seq22,r_57_66_53,1.0,0,53,53,10
47,r_29_48_175,r_26_88_143,r_61_144_138,r_61_144_138,0.63,5,143,138,10
24,r_61_144_138,r_140_34_135,seq44,r_61_144_138,0.77,3,141,138,10
11,r_115_59_43,seq78,seq79,r_115_59_43,1.0,0,43,43,10
25,r_64_104_124,seq108,seq1,r_64_104_124,0.68,2,126,124,10
33,r_74_121_129,r_94_9_1,r_35_107_39,r_94_9_1,0.62,129,130,1,10
70,seq55,r_83_6_27,r_24_8_125,r_24_8_125,0.94,13,138,125,10
88,seq106,r_33_63_173,r_82_65_54,r_82_65_54,0.99,123,177,54,10
3,r_82_65_54,seq138,seq87,r_82_65_54,0.9,5,59,54,10
70,seq55,r_89_32_63,r_83_6_27,r_89_32_63,0.82,6,69,63,10
6,r_35_107_39,seq141,r_74_121_129,r_74_121_129,0.98,-1,128,129,10
42,r_7_36_48,r_24_8_125,r_56_17_128,r_56_17_128,0.63,0,128,128,10
32,r_37_91_157,r_64_104_124,r_12_102_82,r_12_102_82,0.55,0,82,82,10
28,r_30_77_34,r_68_71_94,r_94_9_1,r_30_77_34,0.89,1,35,34,10
6,r_35_107_39,r_4_145_144,seq141,r_35_107_39,0.98,1,40,39,10
17,r_93_146_81,seq21,seq79,r_93_146_81,1.0,3,84,81,10
94,seq113,r_76_42_174,r_135_75_152,r_76_42_174,0.53,-18,156,174,10
9,r_53_52_126,seq72,r_117_10_80,r_53_52_126,0.98,0,126,126,10
18,r_14_45_8,r_76_42_174,seq111,r_14_45_8,0.98,2,10,8,10
44,r_28_69_49,seq39,seq141,r_28_69_49,0.99,1,50,49,10
22,r_24_8_125,r_68_71_94,r_7_36_48,r_7_36_48,0.73,46,94,48,10
14,r_57_66_53,seq149,seq129,r_57_66_53,1.0,0,53,53,10
49,r_62_118_181,seq141,r_12_102_82,r_62_118_181,0.31,3,184,181,10
23,r_12_102_82,r_137_49_6,r_68_71_94,r_12_102_82,0.99,11,93,82,10
12,r_133_54_171,seq112,r_76_42_174,r_133_54_171,0.32,9,180,171,10
33,r_65_100_44,r_42_16_163,r_63_43_134,r_65_100_44,1.0,1,45,44,11
36,r_10_106_164,r_144_45_147,r_28_62_69,r_10_106_164,0.57,-16,148,164,11
28,r_61_22_16,r_28_62_69,r_98_51_8,r_61_22_16,0.91,0,16,16,11
14,r_36_48_192,r_101_118_112,r_58_123_26,r_58_123_26,0.62,84,110,26,11
43,r_2_31_143,r_85_25_55,r_59_135_85,r_2_31_143,0.9,0,143,143,11
21,r_53_95_121,seq105,r_102_94_2,r_53_95_121,0.99,0,121,121,11
1,r_102_94_2,r_57_141_150,r_53_95_121,r_53_95_121,1.0,1,122,121,11
5,r_18_129_114,seq9,r_28_62_69,r_18_129_114,0.44,8,122,114,11
42,r_146_107_140,seq147,r_28_62_69,r_146_107_140,0.97,0,140,140,11
12,r_88_11_34,r_28_62_69,seq15,r_88_11_34,1.0,0,34,34,11
45,r_83_104_136,seq21,seq68,r_83_104_136,0.95,0,136,136,11
19,r_124_148_156,seq137,seq82,r_124_148_156,0.93,0,156,156,11
33,r_65_100_44,r_63_43_134,seq35,r_63_43_134,0.9,6,140,134,11
11,r_74_96_56,seq82,r_49_30_144,r_49_30_144,1.0,10,154,144,11
37,r_58_123_26,r_50_71_194,r_36_48_192,r_58_123_26,0.95,0,26,26,11
31,r_143_4_123,seq82,seq37,r_143_4_123,0.91,0,123,123,11
41,r_13_127_74,r_18_129_114,r_52_126_110,r_13_127_74,1.0,1,75,74,11
10,r_49_30_144,seq75,r_74_96_56,r_49_30_144,0.86,0,144,144,11
90,seq105,r_53_95_121,seq0,r_53_95_121,1.0,0,121,121,11
26,r_119_90_153,seq109,r_132_139_11,r_119_90_153,0.86,0,153,153,11
63,seq21,r_83_104_136,r_132_139_11,r_83_104_136,0.82,-16,120,136,11
20,r_52_126_110,seq69,r_13_127_74,r_13_127_74,1.0,35,109,74,11
13,r_57_141_150,seq133,r_143_4_123,r_143_4_123,1.0,36,159,123,11
98,seq120,r_84_19_111,seq56,r_84_19_111,0.95,1,112,111,11
47,r_32_142_50,seq103,seq55,r_32_142_50,1.0,0,50,50,11
57,seq9,r_18_129_114,r_59_135_85,r_59_135_85,1.0,9,94,85,11
6,r_23_3_60,r_18_129_114,seq97,r_23_3_60,1.0,1,61,60,11
68,seq35,r_63_43_134,r_65_100_44,r_65_100_44,1.0,9,53,44,11
3,r_132_139_11,r_17_33_101,seq64,r_132_139_11,0.88,1,12,11,11
27,r_84_19_111,seq120,r_52_126_110,r_84_19_111,0.95,0,111,111,11
30,r_117_77_57,r_101_118_112,seq73,r_117_77_57,1.0,0,57,57,11
11,r_74_96_56,seq69,seq82,r_74_96_56,1.0,1,57,56,11
2,r_54_72_115,r_83_104_136,seq26,r_54_72_115,0.77,0,115,115,11
40,r_47_121_14,r_42_16_163,r_98_51_8,r_47_121_14,0.97,2,16,14,11
29,r_59_135_85,seq14,seq9,r_59_135_85,1.0,0,85,85,11
24,r_70_140_93,seq27,r_18_129_114,r_70_140_93,1.0,0,93,93,11
25,r_144_45_147,r_10_106_164,r_53_95_121,r_144_45_147,0.94,1,148,147,11
58,seq14,r_59_135_85,seq116,r_59_135_85,0.83,-5,80,85,11
38,r_122_112_158,seq26,r_132_139_11,r_122_112_158,0.59,1,159,158,11
34,r_101_118_112,r_36_48_192,seq0,r_101_118_112,0.63,-2,110,112,11
17,r_63_43_134,r_50_71_194,r_47_121_14,r_63_43_134,0.82,0,134,134,11
37,r_58_123_26,r_36_48_192,r_119_90_153,r_119_90_153,0.98,4,157,153,11
22,r_17_33_101,seq128,seq82,r_17_33_101,1.0,1,102,101,11
36,r_10_106_164,r_28_62_69,seq15,r_10_106_164,0.74,0,164,164,11
18,r_111_138_41,r_12_92_152,r_61_22_16,r_111_138_41,0.99,1,42,41,11
49,r_76_29_145,seq14,seq82,r_76_29_145,0.89,0,145,145,11
23,r_40_38_188,seq21,r_80_125_79,r_40_38_188,0.36,1,189,188,11
35,r_1_39_135,seq15,r_67_134_63,r_1_39_135,0.86,0,135,135,11
84,seq82,r_143_4_123,seq115,r_143_4_123,1.0,0,123,123,11
51,seq2,seq66,r_95_67_128,r_95_67_128,1.0,0,128,128,12
36,r_124_72_108,seq42,seq136,r_124_72_108,1.0,0,108,108,12
16,r_74_71_27,seq47,seq63,r_74_71_27,0.97,0,27,27,12
43,r_134_88_132,r_50_29_162,seq148,r_134_88_132,0.95,4,136,132,12
55,seq138,r_50_29_162,r_111_85_65,r_111_85_65,1.0,0,65,65,12
21,r_149_80_139,seq38,r_83_23_98,r_149_80_139,0.46,2,141,139,12
39,r_98_131_194,r_114_137_161,seq136,r_114_137_161,1.0,0,161,161,12
1,r_57_129_103,r_46_76_5,r_115_1_15,r_57_129_103,1.0,0,103,103,12
45,r_111_85_65,seq58,seq138,r_111_85_65,1.0,0,65,65,12
88,seq92,r_133_91_185,r_68_139_49,r_68_139_49,1.0,8,57,49,12
48,r_117_56_197,r_48_8_177,r_10_118_14,r_10_118_14,0.86,0,14,14,12
31,r_54_9_73,r_141_126_180,r_3_93_64,r_54_9_73,1.0,0,73,73,12
10,r_114_137_161,r_98_131_194,r_20_24_74,r_114_137_161,0.7,0,161,161,12
4,r_105_37_159,seq38,r_3_93_64,r_105_37_159,0.44,1,160,159,12
0,r_40_12_154,seq38,seq87,r_40_12_154,0.54,0,154,154,12
73,seq47,seq55,r_100_18_188,r_100_18_188,0.72,-29,159,188,12
11,r_50_29_162,seq138,seq51,r_50_29_162,0.53,0,162,162,12
20,r_46_76_5,r_57_129_103,seq86,r_57_129_103,1.0,-42,61,103,12
13,r_13_52_133,r_27_36_150,seq81,r_13_52_133,0.97,1,134,133,12
42,r_27_36_150,r_78_140_54,seq62,r_78_140_54,1.0,-5,49,54,12
15,r_30_84_168,seq63,seq62,r_30_84_168,0.77,2,170,168,12
85,seq87,seq15,r_40_12_154,r_40_12_154,0.99,19,173,154,12
19,r_77_19_56,r_149_80_139,seq14,r_77_19_56,0.94,-1,55,56,12
99,seq123,seq148,r_104_116_87,r_104_116_87,1.0,6,93,87,12
27,r_122_144_170,seq96,r_95_67_128,r_95_67_128,0.97,46,174,128,12
34,r_127_34_26,r_13_52_133,r_46_76_5,r_13_52_133,0.99,-86,47,133,12
26,r_78_140_54,r_27_36_150,seq35,r_78_140_54,1.0,0,54,54,12
12,r_146_65_28,r_117_56_197,seq130,r_146_65_28,0.91,0,28,28,12
80,seq63,r_30_84_168,r_74_71_27,r_74_71_27,0.95,0,27,27,12
2,r_39_132_123,seq15,r_75_73_57,r_39_132_123,0.92,0,123,123,12
47,r_53_128_93,r_100_18_188,r_111_85_65,r_111_85_65,0.93,28,93,65,12
3,r_16_43_52,r_77_19_56,seq96,r_16_43_52,1.0,0,52,52,12
40,r_17_107_90,r_50_29_162,r_78_140_54,r_78_140_54,0.94,37,91,54,12
18,r_64_125_86,r_59_101_140,r_16_43_52,r_16_43_52,0.8,27,79,52,12
29,r_83_23_98,seq135,seq11,r_83_23_98,0.99,1,99,98,12
28,r_75_73_57,r_64_125_86,seq143,r_75_73_57,1.0,0,57,57,12
89,seq96,r_122_144_170,r_16_43_52,r_16_43_52,1.0,0,52,52,12
46,r_10_118_14,r_74_71_27,r_117_56_197,r_10_118_14,0.91,-1,13,14,12
25,r_59_101_140,seq33,r_39_132_123,r_59_101_140,0.99,0,140,140,12
33,r_95_67_128,r_50_29_162,seq2,r_95_67_128,0.99,3,131,128,12
76,seq58,r_111_85_65,r_64_125_86,r_111_85_65,1.0,-6,59,65,12
58,seq14,seq135,r_77_19_56,r_77_19_56,0.66,9,65,56,12
57,seq130,seq41,r_146_65_28,r_146_65_28,1.0,-1,27,28,12
38,r_79_94_125,seq63,seq55,r_79_94_125,0.78,4,129,125,12
75,seq55,seq103,r_79_94_125,r_79_94_125,0.71,2,127,125,12
9,r_104_116_87,r_124_72_108,seq123,r_104_116_87,0.95,4,91,87,12
17,r_115_1_15,r_39_132_123,seq42,r_115_1_15,0.97,1,16,15,12
22,r_70_69_173,r_98_131_194,r_39_132_123,r_70_69_173,0.58,0,173,173,12
49,r_141_126_180,seq38,seq136,r_141_126_180,0.67,0,180,180,12
7,r_31_25_81,seq81,seq82,r_31_25_81,1.0,0,81,81,12
44,r_133_91_185,seq92,r_105_37_159,r_105_37_159,0.89,26,185,159,12
5,r_68_139_49,r_16_43_52,seq92,r_68_139_49,1.0,0,49,49,12
82,seq81,r_31_25_81,seq121,r_31_25_81,1.0,0,81,81,12
35,r_22_49_67,seq15,r_3_93_64,r_22_49_67,0.9,0,67,67,12
93,seq103,seq77,r_116_20_31,r_116_20_31,1.0,70,101,31,13
30,r_144_67_178,seq145,r_148_130_164,r_144_67_178,0.43,0,178,178,13
51,seq1,r_119_136_100,r_2_52_137,r_2_52_137,0.98,2,139,137,13
36,r_115_9_118,r_75_126_129,seq19,r_115_9_118,0.98,0,118,118,13
32,r_7_23_58,r_84_14_33,r_0_85_121,r_7_23_58,0.65,68,126,58,13
14,r_112_80_142,seq82,r_38_139_109,r_112_80_142,0.86,0,142,142,13
8,r_127_5_145,r_144_67_178,seq61,r_127_5_145,0.94,0,145,145,13
49,r_104_73_91,r_7_23_58,r_75_126_129,r_104_73_91,0.98,0,91,91,13
54,seq145,r_144_67_178,r_91_140_23,r_91_140_23,0.57,155,178,23,13
83,seq74,r_143_48_159,r_95_70_56,r_95_70_56,1.0,103,159,56,13
86,seq82,r_112_80_142,r_83_59_1,r_112_80_142,0.79,0,142,142,13
21,r_135_45_162,r_69_72_166,seq102,r_135_45_162,0.62,1,163,162,13
39,r_0_85_121,r_71_96_198,r_7_23_58,r_0_85_121,0.91,0,121,121,13
5,r_148_130_164,r_149_118_195,r_57_125_77,r_148_130_164,0.72,0,164,164,13
29,r_47_110_32,r_112_80_142,seq28,r_112_80_142,0.53,-109,33,142,13
45,r_78_24_155,seq79,r_0_85_121,r_78_24_155,0.91,1,156,155,13
27,r_124_133_25,r_0_85_121,r_4_129_13,r_124_133_25,0.88,0,25,25,13
19,r_137_122_146,seq106,seq17,r_137_122_146,0.67,0,146,146,13
38,r_16_87_35,r_127_5_145,seq37,r_127_5_145,0.58,-110,35,145,13
31,r_71_96_198,r_0_85_121,r_91_140_23,r_71_96_198,0.77,-77,121,198,13
41,r_10_34_183,seq128,r_148_130_164,r_10_34_183,0.63,0,183,183,13
44,r_38_139_109,r_15_18_194,r_112_80_142,r_112_80_142,0.74,6,148,142,13
95,seq107,r_35_90_157,r_123_108_37,r_123_108_37,0.55,12,49,37,13
10,r_11_63_108,seq32,seq128,r_11_63_108,0.91,0,108,108,13
28,r_84_14_33,r_86_53_72,r_81_88_123,r_84_14_33,1.0,0,33,33,13
26,r_119_136_100,r_3_21_131,r_57_125_77,r_57_125_77,0.96,53,130,77,13
7,r_95_70_56,r_104_73_91,seq74,r_95_70_56,0.95,1,57,56,13
0,r_75_126_129,r_115_9_118,seq41,r_115_9_118,1.0,0,118,118,13
20,r_114_134_148,seq141,r_104_73_91,r_114_134_148,0.8,0,148,148,13
15,r_81_88_123,r_149_118_195,seq6,r_81_88_123,1.0,0,123,123,13
48,r_30_121_143,seq138,r_95_70_56,r_30_121_143,0.97,3,146,143,13
6,r_123_108_37,r_57_125_77,seq107,r_123_108_37,0.9,0,37,37,13
43,r_117_101_47,r_22_76_176,r_47_110_32,r_117_101_47,1.0,0,47,47,13
13,r_147_36_39,r_57_125_77,seq120,r_147_36_39,0.99,0,39,39,13
87,seq89,r_3_21_131,r_57_125_77,r_57_125_77,0.97,54,131,77,13
2,r_149_118_195,r_148_130_164,r_117_101_47,r_117_101_47,0.95,117,164,47,13
47,r_2_52_137,seq61,seq1,r_2_52_137,0.95,0,137,137,13
24,r_40_99_17,r_86_53_72,seq79,r_40_99_17,0.97,0,17,17,13
18,r_3_21_131,seq89,r_0_85_121,r_3_21_131,0.6,0,131,131,13
28,r_84_14_33,r_81_88_123,r_116_20_31,r_81_88_123,1.0,-35,88,123,13
32,r_7_23_58,r_104_73_91,r_84_14_33,r_104_73_91,0.98,0,91,91,13
25,r_142_131_135,r_2_52_137,seq41,r_142_131_135,0.83,0,135,135,13
33,r_62_105_95,seq28,seq109,r_62_105_95,1.0,0,95,95,13
37,r_4_129_13,r_10_34_183,seq103,r_4_129_13,1.0,-2,11,13,13
64,seq32,r_11_63_108,r_91_140_23,r_91_140_23,0.53,0,23,23,13
50,seq128,r_10_34_183,r_11_63_108,r_11_63_108,0.86,17,125,108,13
58,seq141,r_114_134_148,seq42,r_114_134_148,0.98,0,148,148,13
32,r_7_23_58,r_112_80_142,r_104_73_91,r_7_23_58,0.8,1,59,58,13
40,r_91_140_23,r_3_21_131,seq32,r_91_140_23,1.0,0,23,23,13
60,seq19,seq74,r_115_9_118,r_115_9_118,1.0,3,121,118,13
17,r_8_94_163,r_3_21_131,r_57_125_77,r_57_125_77,0.97,9,86,77,13
34,r_116_20_31,seq46,r_4_129_13,r_116_20_31,1.0,0,31,31,13
22,r_86_53_72,r_22_76_176,seq138,r_86_53_72,0.99,0,72,72,13
49,r_104_73_91,r_95_70_56,r_7_23_58,r_104_73_91,0.51,-24,67,91,13
23,r_146_25_156,r_57_125_77,r_75_126_129,r_57_125_77,1.0,-5,72,77,13
49,r_104_73_91,r_75_126_129,r_91_140_23,r_104_73_91,0.55,80,171,91,13
79,seq61,r_2_52_137,r_69_72_166,r_2_52_137,1.0,0,137,137,13
35,r_22_76_176,seq120,r_148_130_164,r_22_76_176,0.67,2,178,176,13
12,r_57_125_77,r_146_25_156,r_119_136_100,r_57_125_77,1.0,0,77,77,13
23,r_146_25_156,r_75_126_129,r_27_64_87,r_146_25_156,0.97,0,156,156,13
30,r_48_112_96,r_121_10_97,seq76,r_121_10_97,1.0,0,97,97,14
51,seq128,r_101_54_129,seq47,r_101_54_129,1.0,0,129,129,14
14,r_90_65_103,seq133,r_52_106_91,r_52_106_91,0.99,13,104,91,14
8,r_83_81_59,r_19_110_171,seq133,r_83_81_59,1.0,1,60,59,14
43,r_130_78_151,seq133,seq15,r_130_78_151,0.72,1,152,151,14
41,r_85_1_18,r_58_75_30,seq69,r_85_1_18,0.89,0,18,18,14
55,seq134,seq45,r_85_1_18,r_85_1_18,0.96,42,60,18,14
17,r_53_56_199,r_103_136_146,r_86_73_13,r_86_73_13,0.61,1,14,13,14
86,seq92,r_80_49_181,r_96_82_22,r_96_82_22,0.85,159,181,22,14
16,r_46_29_83,seq97,seq92,r_46_29_83,1.0,2,85,83,14
1,r_103_136_146,seq23,seq31,r_103_136_146,0.9,0,146,146,14
80,seq129,r_105_43_42,seq37,r_105_43_42,0.95,0,42,42,14
37,r_95_22_20,r_52_106_91,r_86_73_13,r_95_22_20,0.92,-6,14,20,14
19,r_115_21_120,seq0,seq57,r_115_21_120,1.0,0,120,120,14
13,r_96_82_22,r_4_68_119,seq92,r_96_82_22,0.97,0,22,22,14
45,r_86_73_13,r_83_81_59,r_53_56_199,r_86_73_13,0.74,0,13,13,14
0,r_119_33_33,r_48_112_96,seq94,r_119_33_33,1.0,0,33,33,14
36,r_41_26_29,seq100,seq127,r_41_26_29,0.97,3,32,29,14
26,r_105_43_42,seq129,r_140_99_48,r_105_43_42,1.0,0,42,42,14
11,r_71_6_102,seq17,seq77,r_71_6_102,1.0,0,102,102,14
15,r_18_64_90,seq14,seq138,r_18_64_90,0.99,1,91,90,14
48,r_80_49_181,seq92,r_149_38_177,r_80_49_181,0.56,0,181,181,14
6,r_122_70_66,seq44,r_125_9_21,r_122_70_66,1.0,0,66,66,14
3,r_16_35_50,r_55_91_164,r_140_99_48,r_16_35_50,1.0,0,50,50,14
27,r_66_146_79,seq3,seq145,r_66_146_79,1.0,0,79,79,14
2,r_4_68_119,seq128,r_51_25_24,r_4_68_119,0.99,0,119,119,14
74,seq47,r_42_87_155,r_48_112_96,r_42_87_155,1.0,-55,100,155,14
24,r_62_144_192,seq133,r_4_68_119,r_4_68_119,1.0,8,127,119,14
33,r_121_10_97,r_48_112_96,r_85_1_18,r_121_10_97,1.0,1,98,97,14
64,seq23,r_103_136_146,r_95_22_20,r_103_136_146,0.91,-9,137,146,14
88,seq94,r_149_38_177,r_119_33_33,r_119_33_33,0.97,144,177,33,14
39,r_61_137_57,seq76,seq30,r_61_137_57,1.0,0,57,57,14
61,seq15,seq13,r_130_78_151,r_130_78_151,0.85,2,153,151,14
77,seq67,r_124_120_193,r_55_91_164,r_55_91_164,0.83,3,167,164,14
68,seq32,seq145,r_125_9_21,r_125_9_21,1.0,25,46,21,14
9,r_52_106_91,seq132,r_90_65_103,r_52_106_91,0.99,1,92,91,14
47,r_125_9_21,r_124_120_193,seq32,r_125_9_21,0.98,0,21,21,14
23,r_58_75_30,seq145,r_86_73_13,r_58_75_30,1.0,0,30,30,14
28,r_113_148_84,seq57,seq133,r_113_148_84,1.0,0,84,84,14
49,r_107_2_145,seq133,r_119_33_33,r_107_2_145,0.78,2,147,145,14
7,r_149_38_177,seq94,seq57,r_149_38_177,0.54,0,177,177,14
42,r_89_39_187,r_55_91_164,r_109_60_23,r_89_39_187,0.86,-128,59,187,14
10,r_109_60_23,seq31,r_89_39_187,r_109_60_23,0.91,4,27,23,14
35,r_55_91_164,r_89_39_187,seq67,r_55_91_164,0.78,0,164,164,14
4,r_140_99_48,r_66_146_79,r_16_35_50,r_140_99_48,0.99,8,56,48,14
44,r_94_44_36,r_106_50_133,r_55_129_55,r_55_129_55,0.91,84,139,55,15
9,r_28_6_28,r_21_17_101,seq122,r_21_17_101,0.97,3,104,101,15
14,r_111_26_63,seq68,seq59,r_111_26_63,1.0,0,63,63,15
8,r_134_70_79,seq86,r_52_46_68,r_134_70_79,1.0,5,84,79,15
3,r_96_18_143,r_55_129_55,r_49_101_29,r_96_18_143,0.95,1,144,143,15
1,r_27_67_71,seq68,r_74_93_78,r_74_93_78,0.55,53,131,78,15
1,r_27_67_71,r_88_119_58,seq68,r_27_67_71,0.98,0,71,71,15
46,r_35_107_129,seq102,seq137,r_35_107_129,0.81,0,129,129,15
35,r_7_75_30,seq0,seq87,r_7_75_30,1.0,0,30,30,15
48,r_21_17_101,r_84_40_175,r_28_6_28,r_28_6_28,1.0,6,34,28,15
32,r_55_129_55,r_96_18_143,r_82_2_136,r_55_129_55,0.95,89,144,55,15
45,r_39_141_65,r_145_9_87,r_77_138_57,r_39_141_65,1.0,0,65,65,15
13,r_128_61_42,r_47_1_85,seq66,r_128_61_42,0.95,0,42,42,15
22,r_103_12_56,r_127_56_196,r_38_139_31,r_103_12_56,1.0,0,56,56,15
39,r_38_139_31,r_63_22_167,r_147_126_138,r_38_139_31,0.53,136,167,31,15
41,r_84_40_175,seq122,r_37_33_151,r_84_40_175,0.65,0,175,175,15
27,r_148_132_17,r_85_72_19,seq32,r_148_132_17,0.98,0,17,17,15
3,r_96_18_143,seq5,r_55_129_55,r_55_129_55,1.0,9,64,55,15
10,r_3_45_141,seq73,r_21_17_101,r_3_45_141,0.96,0,141,141,15
17,r_41_91_12,r_62_15_127,r_47_1_85,r_41_91_12,0.81,0,12,12,15
26,r_42_65_88,seq58,r_113_112_49,r_42_65_88,0.99,0,88,88,15
72,seq60,r_63_22_167,r_147_126_138,r_63_22_167,0.94,0,167,167,15
78,seq78,seq10,r_125_117_1,r_125_117_1,0.81,79,80,1,15
0,r_121_97_92,r_127_56_196,seq13,r_121_97_92,1.0,0,92,92,15
63,seq25,r_114_69_89,seq140,r_114_69_89,0.98,2,91,89,15
11,r_14_53_128,seq140,r_128_61_42,r_14_53_128,0.77,0,128,128,15
39,r_38_139_31,seq10,r_63_22_167,r_38_139_31,0.97,0,31,31,15
20,r_34_116_156,seq24,r_111_26_63,r_111_26_63,1.0,100,163,63,15
98,seq122,r_84_40_175,seq142,r_84_40_175,0.86,1,176,175,15
15,r_30_90_158,r_147_126_138,seq89,r_30_90_158,0.74,1,159,158,15
12,r_63_22_167,r_38_139_31,r_136_146_139,r_38_139_31,0.9,136,167,31,15
36,r_113_112_49,r_127_56_196,r_83_123_197,r_113_112_49,0.81,5,54,49,15
6,r_47_1_85,r_34_116_156,r_52_46_68,r_47_1_85,1.0,0,85,85,15
36,r_113_112_49,r_83_123_197,r_42_65_88,r_42_65_88,0.99,101,189,88,15
9,r_28_6_28,seq16,r_21_17_101,r_28_6_28,1.0,0,28,28,15
2,r_52_46_68,r_63_22_167,seq95,r_52_46_68,0.67,-4,64,68,15
47,r_88_119_58,seq11,r_135_76_81,r_135_76_81,1.0,64,145,81,15
40,r_135_76_81,seq140,r_88_119_58,r_135_76_81,1.0,1,82,81,15
29,r_74_93_78,r_145_9_87,r_37_33_151,r_37_33_151,1.0,-73,78,151,15
24,r_145_9_87,seq13,r_114_69_89,r_145_9_87,1.0,0,87,87,15
25,r_136_146_139,seq120,r_148_132_17,r_136_146_139,0.92,0,139,139,15
33,r_36_19_91,seq108,r_41_91_12,r_36_19_91,0.97,0,91,91,15
48,r_21_17_101,r_28_6_28,seq102,r_21_17_101,0.99,3,104,101,15
12,r_63_22_167,r_147_126_138,r_38_139_31,r_38_139_31,0.99,1,32,31,15
31,r_106_50_133,r_96_18_143,r_94_44_36,r_94_44_36,0.83,10,46,36,15
70,seq58,r_42_65_88,seq115,r_42_65_88,1.0,0,88,88,15
38,r_37_33_151,r_74_93_78,seq48,r_37_33_151,0.92,0,151,151,15
44,r_94_44_36,r_47_1_85,r_106_50_133,r_94_44_36,0.9,0,36,36,15
38,r_37_33_151,seq68,r_74_93_78,r_74_93_78,1.0,16,94,78,15
77,seq73,r_3_45_141,seq115,r_3_45_141,0.99,0,141,141,15
30,r_133_144_15,r_34_116_156,seq31,r_133_144_15,1.0,0,15,15,15
83,seq87,seq92,r_7_75_30,r_7_75_30,1.0,7,37,30,15
75,seq68,r_37_33_151,r_114_69_89,r_114_69_89,0.95,40,129,89,15
4,r_77_138_57,r_83_123_197,seq104,r_77_138_57,1.0,0,57,57,15
50,seq0,r_7_75_30,r_54_57_132,r_7_75_30,0.82,-5,25,30,15
50,seq0,r_54_57_132,r_128_61_42,r_54_57_132,0.99,-28,104,132,15
31,r_106_50_133,r_94_44_36,seq81,r_106_50_133,0.52,6,139,133,15
29,r_74_93_78,r_37_33_151,r_27_67_71,r_37_33_151,0.99,0,151,151,15
5,r_85_72_19,r_36_19_91,r_96_18_143,r_85_72_19,0.9,0,19,19,15
49,r_82_2_136,seq64,r_55_129_55,r_55_129_55,0.99,81,136,55,15
7,r_147_126_138,r_30_90_158,r_103_12_56,r_103_12_56,0.99,103,159,56,15
32,r_55_129_55,r_77_138_57,r_96_18_143,r_96_18_143,0.58,-87,56,143,15
23,r_114_69_89,seq25,r_145_9_87,r_114_69_89,0.58,2,91,89,15
5,r_85_72_19,r_96_18_143,r_94_44_36,r_94_44_36,0.76,8,44,36,15
84,seq89,r_130_105_169,r_30_90_158,r_30_90_158,0.93,1,159,158,15
40,r_39_59_58,r_88_101_131,r_29_7_20,r_88_101_131,1.0,0,131,131,16
30,r_63_131_123,seq140,seq113,r_63_131_123,0.98,0,123,123,16
47,r_27_76_21,r_142_34_141,r_67_91_129,r_27_76_21,0.95,1,22,21,16
51,seq129,r_142_34_141,seq43,r_142_34_141,0.72,0,141,141,16
36,r_20_122_103,seq19,seq58,r_20_122_103,0.99,0,103,103,16
43,r_94_70_169,seq99,r_135_114_50,r_135_114_50,0.99,119,169,50,16
35,r_66_73_19,r_62_52_125,seq144,r_66_73_19,0.96,1,20,19,16
83,seq74,r_126_41_120,r_97_51_115,r_126_41_120,0.71,0,120,120,16
37,r_3_1_193,r_49_75_93,r_33_139_127,r_3_1_193,0.56,-100,93,193,16
71,seq40,r_125_83_65,seq64,r_125_83_65,1.0,0,65,65,16
16,r_25_93_68,r_94_70_169,seq48,r_25_93_68,1.0,0,68,68,16
21,r_96_15_110,seq13,r_121_30_53,r_96_15_110,0.85,0,110,110,16
18,r_135_114_50,r_63_131_123,seq13,r_135_114_50,0.98,0,50,50,16
46,r_80_128_73,r_31_9_148,seq8,r_80_128_73,0.79,0,73,73,16
42,r_61_44_160,seq105,seq26,r_61_44_160,0.64,0,160,160,16
60,seq143,r_97_51_115,r_69_111_41,r_69_111_41,0.75,1,42,41,16
80,seq64,r_23_85_101,seq40,r_23_85_101,0.96,3,104,101,16
45,r_11_145_122,seq54,r_117_24_98,r_11_145_122,0.99,0,122,122,16
19,r_104_35_113,seq36,r_68_100_97,r_104_35_113,0.98,0,113,113,16
88,seq144,seq42,r_121_30_53,r_121_30_53,1.0,4,57,53,16
40,r_39_59_58,seq28,r_88_101_131,r_39_59_58,0.96,-2,56,58,16
39,r_106_65_46,r_67_91_129,r_102_141_92,r_102_141_92,1.0,5,97,92,16
3,r_97_51_115,seq143,seq110,r_97_51_115,0.85,1,116,115,16
90,seq99,r_94_70_169,r_133_148_52,r_133_148_52,1.0,117,169,52,16
26,r_84_57_137,r_94_70_169,r_39_59_58,r_84_57_137,0.64,0,137,137,16
14,r_116_79_24,r_3_1_193,seq113,r_116_79_24,0.83,0,24,24,16
4,r_138_90_116,r_61_44_160,seq0,r_138_90_116,0.98,0,116,116,16
29,r_121_30_53,r_87_21_168,seq144,r_121_30_53,1.0,0,53,53,16
11,r_33_139_127,seq16,seq40,r_33_139_127,0.83,6,133,127,16
8,r_146_82_34,seq137,seq54,r_146_82_34,0.99,0,34,34,16
32,r_56_71_18,r_39_59_58,seq132,r_56_71_18,1.0,0,18,18,16
48,r_124_10_83,r_5_136_150,r_56_71_18,r_124_10_83,0.97,1,84,83,16
13,r_4_50_17,r_5_136_150,r_133_148_52,r_5_136_150,0.65,9,159,150,16
6,r_46_95_91,seq130,seq17,r_46_95_91,0.99,1,92,91,16
27,r_133_148_52,r_5_136_150,seq99,r_133_148_52,0.9,-4,48,52,16
85,seq86,seq38,r_68_100_97,r_68_100_97,0.96,0,97,97,16
2,r_87_21_168,r_106_65_46,r_33_139_127,r_87_21_168,0.57,0,168,168,16
20,r_5_136_150,r_133_148_52,r_4_50_17,r_5_136_150,0.54,-132,18,150,16
56,seq137,r_106_65_46,seq43,r_106_65_46,1.0,4,50,46,16
72,seq42,seq144,r_55_123_16,r_55_123_16,1.0,0,16,16,16
10,r_69_111_41,r_96_15_110,seq143,r_69_111_41,1.0,0,41,41,16
24,r_119_6_156,seq110,seq129,r_119_6_156,0.77,0,156,156,16
25,r_68_100_97,r_67_91_129,seq86,r_68_100_97,0.96,0,97,97,16
33,r_107_77_77,r_11_145_122,r_66_73_19,r_107_77_77,1.0,-3,74,77,16
2,r_87_21_168,r_68_100_97,r_106_65_46,r_87_21_168,0.93,-122,46,168,16
20,r_5_136_150,r_4_50_17,r_39_59_58,r_5_136_150,0.69,2,152,150,16
38,r_62_52_125,seq113,seq98,r_62_52_125,0.97,0,125,125,16
52,seq130,r_46_95_91,seq16,r_46_95_91,1.0,-19,72,91,16
34,r_32_103_94,r_138_90_116,seq140,r_32_103_94,1.0,0,94,94,16
15,r_67_91_129,r_68_100_97,r_106_65_46,r_67_91_129,0.99,-83,46,129,16
75,seq47,r_102_141_92,r_118_2_118,r_102_141_92,0.99,0,92,92,16
12,r_55_123_16,r_22_78_191,seq42,r_55_123_16,0.93,0,16,16,16
17,r_49_75_93,r_3_1_193,seq38,r_49_75_93,0.98,5,98,93,16
35,r_66_73_19,seq144,r_107_77_77,r_107_77_77,0.99,0,77,77,16
41,r_29_7_20,seq144,seq105,r_29_7_20,0.96,-1,19,20,16
5,r_12_60_44,seq105,seq99,r_12_60_44,1.0,-2,42,44,16
22,r_126_41_120,seq74,seq58,r_126_41_120,0.89,0,120,120,16
28,r_88_101_131,r_138_90_116,r_39_59_58,r_88_101_131,0.61,-53,78,131,16
13,r_4_50_17,r_121_30_53,r_5_136_150,r_121_30_53,0.87,-36,17,53,16
49,r_23_85_101,seq64,seq16,r_23_85_101,0.94,3,104,101,16
44,r_117_24_98,seq47,r_67_91_129,r_117_24_98,1.0,0,98,98,16
23,r_102_141_92,seq47,r_106_65_46,r_102_141_92,0.99,0,92,92,16
79,seq58,r_94_70_169,r_126_41_120,r_126_41_120,1.0,11,131,120,16
39,r_106_65_46,seq137,r_67_91_129,r_106_65_46,1.0,0,46,46,16
28,r_88_101_131,r_39_59_58,seq132,r_88_101_131,1.0,0,131,131,16
40,r_47_50_29,r_44_59_92,seq115,r_44_59_92,0.95,-61,31,92,17
43,r_142_77_80,r_145_85_176,seq39,r_142_77_80,1.0,-1,79,80,17
83,seq82,r_69_109_94,seq58,r_69_109_94,0.99,0,94,94,17
37,r_22_104_97,r_137_74_164,seq115,r_22_104_97,0.94,0,97,97,17
44,r_45_138_14,r_133_27_110,seq51,r_45_138_14,0.92,0,14,14,17
5,r_73_26_22,seq82,r_80_7_12,r_73_26_22,0.87,0,22,22,17
86,seq91,seq139,r_110_83_89,r_110_83_89,1.0,1,90,89,17
21,r_135_16_171,r_116_79_129,seq130,r_116_79_129,1.0,1,130,129,17
1,r_84_144_5,r_71_23_98,r_99_131_37,r_84_144_5,0.63,96,101,5,17
46,r_66_105_141,r_24_122_193,r_73_26_22,r_66_105_141,1.0,0,141,141,17
42,r_20_48_124,seq136,r_73_26_22,r_73_26_22,0.98,102,124,22,17
21,r_135_16_171,seq130,seq1,r_135_16_171,0.96,1,172,171,17
69,seq39,seq2,r_8_38_108,r_8_38_108,1.0,24,132,108,17
22,r_94_100_31,r_9_95_88,r_32_148_140,r_94_100_31,0.69,0,31,31,17
11,r_137_74_164,r_57_143_2,r_73_26_22,r_137_74_164,0.83,0,164,164,17
27,r_41_40_50,r_88_87_139,r_9_95_88,r_41_40_50,0.5,95,145,50,17
31,r_88_87_139,r_20_48_124,seq132,r_20_48_124,0.58,2,126,124,17
13,r_70_53_55,seq2,seq15,r_70_53_55,1.0,-1,54,55,17
4,r_110_83_89,r_54_61_186,seq91,r_110_83_89,0.99,1,90,89,17
11,r_137_74_164,r_18_68_72,r_57_143_2,r_18_68_72,1.0,-3,69,72,17
39,r_55_102_48,seq0,seq46,r_55_102_48,1.0,1,49,48,17
20,r_56_120_78,r_135_16_171,seq91,r_56_120_78,1.0,0,78,78,17
56,seq129,r_20_48_124,r_9_95_88,r_20_48_124,0.54,1,125,124,17
15,r_78_63_168,seq1,seq2,r_78_63_168,0.8,0,168,168,17
6,r_145_85_176,seq108,seq86,r_145_85_176,0.63,0,176,176,17
36,r_54_61_186,r_17_123_195,seq114,r_17_123_195,0.67,-9,186,195,17
36,r_54_61_186,r_110_83_89,r_17_123_195,r_110_83_89,1.0,-38,51,89,17
47,r_57_143_2,r_137_74_164,r_8_38_108,r_57_143_2,0.7,162,164,2,17
18,r_69_109_94,seq82,r_30_6_53,r_69_109_94,0.99,3,97,94,17
24,r_107_34_113,r_88_87_139,r_44_59_92,r_88_87_139,1.0,-26,113,139,17
27,r_41_40_50,seq134,r_88_87_139,r_41_40_50,0.96,0,50,50,17
25,r_133_27_110,r_32_148_140,r_54_61_186,r_133_27_110,0.54,6,116,110,17
33,r_64_124_149,r_11_14_198,r_81_5_76,r_11_14_198,0.6,-49,149,198,17
58,seq10,r_11_14_198,r_44_59_92,r_44_59_92,0.99,2,94,92,17
32,r_116_79_129,r_135_16_171,seq15,r_116_79_129,0.79,1,130,129,17
38,r_31_21_169,r_80_7_12,seq4,r_31_21_169,0.62,0,169,169,17
49,r_80_7_12,r_19_103_99,r_73_26_22,r_73_26_22,1.0,2,24,22,17
34,r_67_35_64,r_145_85_176,r_146_140_107,r_67_35_64,0.99,0,64,64,17
26,r_121_118_35,seq129,seq117,r_121_118_35,0.63,-11,24,35,17
2,r_30_6_53,r_18_68_72,r_96_97_38,r_30_6_53,0.67,0,53,53,17
17,r_71_23_98,r_84_144_5,seq15,r_71_23_98,0.99,3,101,98,17
25,r_133_27_110,r_54_61_186,r_19_103_99,r_54_61_186,0.9,-4,182,186,17
94,seq115,r_146_140_107,r_22_104_97,r_22_104_97,1.0,17,114,97,17
9,r_18_68_72,r_137_74_164,seq130,r_18_68_72,0.98,0,72,72,17
91,seq108,r_145_85_176,r_116_79_129,r_116_79_129,0.85,47,176,129,17
23,r_60_12_106,seq58,r_19_103_99,r_60_12_106,1.0,0,106,106,17
3,r_99_131_37,r_30_6_53,r_84_144_5,r_99_131_37,1.0,0,37,37,17
2,r_30_6_53,r_96_97_38,r_69_109_94,r_69_109_94,0.91,16,110,94,17
12,r_8_38_108,r_107_34_113,seq39,r_8_38_108,0.95,0,108,108,17
36,r_8_52_167,seq9,r_16_37_199,r_8_52_167,0.76,0,167,167,18
74,seq57,r_20_6_98,seq19,r_20_6_98,0.98,0,98,98,18
14,r_116_82_142,r_104_55_159,seq19,r_116_82_142,0.92,0,142,142,18
43,r_64_135_84,r_104_55_159,seq12,r_64_135_84,1.0,1,85,84,18
92,seq102,r_42_81_116,r_137_131_21,r_137_131_21,0.72,30,51,21,18
37,r_93_36_172,r_18_70_106,r_71_47_62,r_18_70_106,0.82,66,172,106,18
16,r_65_114_140,r_33_43_177,seq95,r_65_114_140,0.95,0,140,140,18
21,r_45_14_105,r_16_37_199,r_7_132_26,r_16_37_199,0.59,-94,105,199,18
39,r_106_80_81,r_136_103_187,seq53,r_106_80_81,1.0,0,81,81,18
1,r_104_55_159,r_116_82_142,r_149_54_134,r_104_55_159,0.46,-17,142,159,18
97,seq118,r_49_117_55,seq31,r_49_117_55,0.93,9,64,55,18
29,r_144_99_85,r_121_25_193,seq3,r_144_99_85,0.66,71,156,85,18
15,r_128_32_17,seq73,r_142_105_190,r_128_32_17,0.53,0,17,17,18
42,r_20_6_98,seq57,r_59_75_32,r_20_6_98,0.95,0,98,98,18
80,seq73,seq10,r_96_86_82,r_96_86_82,1.0,4,86,82,18
32,r_127_119_157,r_59_75_32,seq17,r_127_119_157,0.68,3,160,157,18
1,r_104_55_159,r_149_54_134,seq3,r_104_55_159,0.61,0,159,159,18
32,r_127_119_157,r_136_103_187,r_59_75_32,r_59_75_32,1.0,6,38,32,18
69,seq35,r_125_11_191,r_138_87_109,r_138_87_109,0.96,66,175,109,18
45,r_18_70_106,r_93_36_172,seq76,r_93_36_172,0.93,-60,112,172,18
46,r_90_66_135,r_2_56_76,r_7_132_26,r_90_66_135,0.98,-106,29,135,18
27,r_137_131_21,r_92_84_144,seq102,r_137_131_21,0.99,-2,19,21,18
97,seq118,seq31,r_90_66_135,r_90_66_135,1.0,3,138,135,18
31,r_68_124_148,seq40,seq28,r_68_124_148,0.99,0,148,148,18
20,r_143_48_33,r_121_25_193,r_128_32_17,r_143_48_33,1.0,0,33,33,18
4,r_71_47_62,r_104_55_159,seq100,r_71_47_62,0.99,0,62,62,18
0,r_110_34_165,r_97_147_151,r_59_75_32,r_59_75_32,0.91,133,165,32,18
13,r_96_86_82,seq1,seq73,r_96_86_82,1.0,0,82,82,18
46,r_90_66_135,r_7_132_26,seq118,r_90_66_135,0.99,3,138,135,18
49,r_112_0_10,r_110_34_165,r_16_37_199,r_110_34_165,0.53,0,165,165,18
4,r_71_47_62,seq100,r_93_36_172,r_71_47_62,0.61,110,172,62,18
12,r_7_132_26,r_90_66_135,seq145,r_90_66_135,1.0,2,137,135,18
6,r_149_54_134,seq12,r_16_37_199,r_149_54_134,0.92,2,136,134,18
12,r_7_132_26,r_59_75_32,r_90_66_135,r_7_132_26,1.0,0,26,26,18
30,r_140_27_40,r_65_114_140,r_16_37_199,r_140_27_40,0.95,0,40,40,18
49,r_112_0_10,seq10,r_110_34_165,r_112_0_10,0.9,2,12,10,18
10,r_59_75_32,r_127_119_157,r_20_6_98,r_20_6_98,0.99,28,126,98,18
48,r_111_134_35,r_65_114_140,r_85_123_153,r_111_134_35,0.97,0,35,35,18
29,r_144_99_85,seq3,r_121_25_193,r_121_25_193,0.58,-76,117,193,18
40,r_42_81_116,seq102,seq88,r_42_81_116,0.61,-1,115,116,18
18,r_85_123_153,seq113,seq9,r_85_123_153,0.85,0,153,153,18
29,r_144_99_85,r_38_29_196,seq3,r_144_99_85,0.77,0,85,85,18
33,r_2_56_76,r_90_66_135,r_111_134_35,r_2_56_76,0.96,0,76,76,18
48,r_111_134_35,r_85_123_153,r_2_56_76,r_111_134_35,0.94,90,125,35,18
11,r_129_139_16,seq35,seq122,r_129_139_16,0.98,0,16,16,18
65,seq24,r_8_52_167,seq9,r_8_52_167,1.0,-68,99,167,18
10,r_59_75_32,r_133_83_95,r_127_119_157,r_59_75_32,0.99,0,32,32,18
61,seq19,seq51,r_96_86_82,r_96_86_82,0.98,8,90,82,18
74,seq57,r_49_117_55,r_20_6_98,r_49_117_55,0.99,2,57,55,18
38,r_50_41_129,r_16_37_199,seq51,r_50_41_129,0.98,0,129,129,18
34,r_15_109_120,seq3,r_137_131_21,r_15_109_120,0.82,1,121,120,18
35,r_39_78_2,r_16_37_199,r_112_0_10,r_112_0_10,0.99,34,44,10,18
26,r_49_117_55,seq57,r_33_43_177,r_49_117_55,1.0,2,57,55,18
61,seq19,r_96_86_82,r_116_82_142,r_116_82_142,0.99,-4,138,142,18
17,r_38_29_196,r_144_99_85,seq13,r_144_99_85,1.0,-3,82,85,18
22,r_97_147_151,r_110_34_165,r_42_81_116,r_97_147_151,0.71,2,153,151,18
28,r_108_74_94,r_142_105_190,r_120_62_14,r_108_74_94,0.99,1,95,94,18
56,seq12,r_149_54_134,r_64_135_84,r_64_135_84,0.75,52,136,84,18
7,r_133_83_95,seq77,seq115,r_133_83_95,0.81,1,96,95,18
23,r_138_87_109,r_149_54_134,seq94,r_138_87_109,0.81,0,109,109,18
36,r_98_66_155,r_25_50_168,seq102,r_98_66_155,0.87,0,155,155,19
14,r_116_59_84,r_30_140_151,r_32_123_120,r_116_59_84,1.0,0,84,84,19
8,r_1_70_167,seq92,r_116_59_84,r_1_70_167,0.69,0,167,167,19
46,r_81_60_42,seq10,seq108,r_81_60_42,1.0,0,42,42,19
43,r_67_19_179,seq23,r_6_24_95,r_6_24_95,0.8,26,121,95,19
71,seq136,r_99_61_184,r_147_39_26,r_147_39_26,0.99,160,186,26,19
21,r_54_110_3,seq23,r_38_141_62,r_38_141_62,1.0,17,79,62,19
1,r_121_83_156,seq73,r_22_52_48,r_121_83_156,0.64,0,156,156,19
5,r_15_71_163,seq28,seq23,r_15_71_163,0.89,0,163,163,19
42,r_95_134_137,seq139,r_47_40_66,r_95_134_137,0.98,0,137,137,19
43,r_67_19_179,r_6_24_95,seq96,r_67_19_179,0.98,0,179,179,19
80,seq73,r_121_83_156,r_78_145_44,r_78_145_44,0.96,55,99,44,19
32,r_32_123_120,r_119_142_55,r_116_59_84,r_116_59_84,0.95,39,123,84,19
23,r_78_145_44,r_32_123_120,seq73,r_78_145_44,1.0,0,44,44,19
19,r_84_37_186,r_29_106_25,r_31_148_57,r_29_106_25,0.51,161,186,25,19
39,r_133_137_27,seq96,r_90_45_9,r_133_137_27,0.88,1,28,27,19
15,r_25_50_168,r_128_85_96,seq122,r_128_85_96,0.57,72,168,96,19
10,r_27_2_17,r_78_145_44,r_33_21_173,r_27_2_17,0.66,0,17,17,19
67,seq42,seq46,r_111_49_140,r_111_49_140,0.75,3,143,140,19
3,r_6_24_95,seq56,r_55_80_76,r_6_24_95,0.75,1,96,95,19
11,r_22_52_48,seq4,r_29_106_25,r_22_52_48,0.71,0,48,48,19
0,r_29_106_25,r_84_37_186,r_121_83_156,r_29_106_25,0.61,154,179,25,19
20,r_128_85_96,seq28,seq34,r_128_85_96,0.72,14,110,96,19
12,r_13_93_50,r_119_142_55,r_22_52_48,r_13_93_50,0.86,0,50,50,19
30,r_147_39_26,seq108,r_120_113_2,r_147_39_26,1.0,0,26,26,19
13,r_90_45_9,r_144_76_135,r_9_130_40,r_90_45_9,0.58,126,135,9,19
15,r_25_50_168,r_98_66_155,r_128_85_96,r_25_50_168,0.45,-13,155,168,19
48,r_117_112_172,seq8,seq10,r_117_112_172,0.81,0,172,172,19
6,r_3_41_65,r_126_86_157,seq92,r_3_41_65,1.0,0,65,65,19
27,r_119_142_55,seq11,r_32_123_120,r_119_142_55,1.0,1,56,55,19
85,seq92,r_1_70_167,r_35_135_64,r_35_135_64,0.87,103,167,64,19
2,r_55_80_76,r_67_19_179,r_6_24_95,r_55_80_76,0.78,103,179,76,19
49,r_91_149_12,r_89_132_197,seq73,r_91_149_12,0.98,0,12,12,19
16,r_33_21_173,r_5_16_72,r_27_2_17,r_27_2_17,1.0,0,17,17,19
2,r_55_80_76,r_144_76_135,r_67_19_179,r_55_80_76,0.73,1,77,76,19
18,r_35_135_64,r_99_61_184,seq127,r_35_135_64,1.0,0,64,64,19
38,r_82_100_30,r_22_52_48,r_51_14_1,r_22_52_48,1.0,-18,30,48,19
24,r_38_141_62,r_107_138_126,r_54_110_3,r_38_141_62,1.0,0,62,62,19
64,seq34,r_25_50_168,r_128_85_96,r_25_50_168,0.65,-53,115,168,19
32,r_32_123_120,seq12,r_119_142_55,r_119_142_55,1.0,3,58,55,19
65,seq36,r_75_105_131,seq96,r_75_105_131,0.98,4,135,131,19
90,seq102,r_104_58_170,r_33_21_173,r_33_21_173,0.84,-142,31,173,19
34,r_144_76_135,r_90_45_9,r_43_72_34,r_144_76_135,0.99,0,135,135,19
17,r_30_140_151,seq56,seq129,r_30_140_151,0.52,1,152,151,19
90,seq102,r_33_21_173,r_98_66_155,r_98_66_155,0.87,-4,151,155,19
31,r_114_57_51,seq69,r_22_52_48,r_114_57_51,0.55,0,51,51,19
22,r_107_138_126,seq108,r_51_14_1,r_107_138_126,0.99,0,126,126,19
28,r_126_86_157,seq97,r_107_138_126,r_126_86_157,0.78,0,157,157,19
35,r_9_130_40,seq146,r_90_45_9,r_9_130_40,1.0,0,40,40,19
7,r_75_105_131,seq36,seq11,r_75_105_131,0.83,4,135,131,19
44,r_47_40_66,r_51_14_1,r_89_132_197,r_47_40_66,0.97,0,66,66,19
41,r_31_148_57,r_25_50_168,seq125,r_31_148_57,1.0,0,57,57,19
79,seq69,r_144_76_135,r_99_61_184,r_144_76_135,0.94,-59,76,135,19
23,r_82_61_52,r_73_135_115,seq117,r_82_61_52,1.0,0,52,52,20
30,r_136_33_132,r_42_85_111,r_108_118_96,r_108_118_96,0.9,15,111,96,20
36,r_15_25_187,seq146,r_147_148_198,r_147_148_198,0.65,-11,187,198,20
9,r_37_112_64,r_144_3_183,r_40_30_86,r_37_112_64,0.81,119,183,64,20
19,r_32_16_83,r_13_78_44,r_114_65_2,r_13_78_44,0.95,0,44,44,20
14,r_73_135_115,seq138,seq35,r_73_135_115,0.64,0,115,115,20
43,r_28_0_159,seq43,seq35,r_28_0_159,0.76,0,159,159,20
16,r_127_149_138,seq24,seq29,r_127_149_138,1.0,2,140,138,20
21,r_80_48_99,r_91_77_95,seq138,r_80_48_99,0.71,4,103,99,20
39,r_42_85_111,r_136_33_132,r_32_16_83,r_42_85_111,1.0,0,111,111,20
97,seq121,r_68_102_186,r_100_81_130,r_100_81_130,0.93,56,186,130,20
80,seq79,seq69,r_100_81_130,r_100_81_130,0.99,45,175,130,20
25,r_107_75_34,r_7_64_55,seq51,r_107_75_34,1.0,3,37,34,20
7,r_6_129_84,r_13_78_44,r_131_123_195,r_6_129_84,0.46,71,155,84,20
41,r_137_53_12,r_143_8_70,seq10,r_137_53_12,1.0,0,12,12,20
8,r_142_47_23,r_19_27_193,seq18,r_142_47_23,1.0,-5,18,23,20
11,r_59_76_18,r_94_36_109,r_40_30_86,r_59_76_18,0.98,92,110,18,20
47,r_120_111_41,r_100_81_130,seq138,r_120_111_41,1.0,0,41,41,20
31,r_140_9_61,r_37_112_64,seq38,r_140_9_61,0.99,2,63,61,20
3,r_84_54_136,seq18,seq58,r_84_54_136,0.98,0,136,136,20
30,r_136_33_132,r_108_118_96,r_45_23_32,r_136_33_132,0.9,0,132,132,20
26,r_52_133_66,seq67,seq35,r_52_133_66,1.0,1,67,66,20
98,seq124,seq145,r_55_122_59,r_55_122_59,1.0,4,63,59,20
4,r_91_77_95,seq101,seq2,r_91_77_95,0.96,1,96,95,20
73,seq146,r_15_25_187,seq22,r_15_25_187,0.49,0,187,187,20
20,r_100_81_130,seq38,seq79,r_100_81_130,0.72,2,132,130,20
13,r_4_39_81,r_40_30_86,r_59_76_18,r_59_76_18,1.0,63,81,18,20
48,r_94_36_109,r_93_62_179,seq70,r_94_36_109,0.8,1,110,109,20
57,seq18,r_40_30_86,r_142_47_23,r_40_30_86,0.78,5,91,86,20
6,r_143_8_70,seq29,seq72,r_143_8_70,1.0,0,70,70,20
76,seq67,r_52_133_66,seq70,r_52_133_66,1.0,-12,54,66,20
27,r_66_116_166,seq10,r_100_81_130,r_66_116_166,0.78,0,166,166,20
33,r_26_60_35,seq38,r_41_92_9,r_26_60_35,0.89,5,40,35,20
11,r_59_76_18,seq124,r_94_36_109,r_59_76_18,1.0,0,18,18,20
22,r_144_3_183,r_37_112_64,r_83_106_194,r_144_3_183,0.74,0,183,183,20
2,r_40_30_86,seq18,r_59_76_18,r_40_30_86,1.0,5,91,86,20
40,r_115_14_146,r_50_17_168,r_32_16_83,r_115_14_146,0.74,0,146,146,20
18,r_132_12_164,r_87_130_197,r_114_65_2,r_132_12_164,0.82,0,164,164,20
29,r_55_122_59,seq103,seq124,r_55_122_59,1.0,4,63,59,20
24,r_108_118_96,seq10,r_40_30_86,r_108_118_96,1.0,0,96,96,20
65,seq35,r_52_133_66,r_28_0_159,r_28_0_159,1.0,10,169,159,20
19,r_32_16_83,r_114_65_2,seq21,r_32_16_83,1.0,0,83,83,20
88,seq97,r_84_54_136,seq18,r_84_54_136,1.0,-48,88,136,20
98,seq124,r_59_76_18,seq145,r_59_76_18,0.96,0,18,18,20
32,r_68_102_186,seq121,r_28_0_159,r_28_0_159,0.65,27,186,159,20
38,r_46_49_149,seq44,r_40_30_86,r_46_49_149,0.8,0,149,149,20
17,r_93_62_179,r_144_3_183,r_147_148_198,r_144_3_183,0.59,-4,179,183,20
9,r_37_112_64,seq34,r_144_3_183,r_37_112_64,1.0,0,64,64,20
96,seq117,seq139,r_82_61_52,r_82_61_52,1.0,15,67,52,20
0,r_45_23_32,r_37_112_64,seq113,r_45_23_32,1.0,0,32,32,20
22,r_144_3_183,r_93_62_179,r_37_112_64,r_37_112_64,1.0,9,73,64,20
49,r_99_119_90,r_68_102_186,r_55_122_59,r_99_119_90,0.69,0,90,90,20
29,r_55_122_59,seq124,r_99_119_90,r_99_119_90,1.0,3,93,90,20
44,r_131_123_195,r_93_62_179,r_46_49_149,r_46_49_149,0.87,2,151,149,20
35,r_134_74_122,seq21,r_147_148_198,r_134_74_122,0.94,0,122,122,20
12,r_50_17_168,r_41_92_9,r_13_78_44,r_13_78_44,1.0,125,169,44,20
37,r_126_5_21,r_100_81_130,r_59_76_18,r_126_5_21,0.98,-3,18,21,20
5,r_7_64_55,r_93_62_179,seq10,r_7_64_55,1.0,0,55,55,20
45,r_13_78_44,r_32_16_83,r_50_17_168,r_13_78_44,1.0,0,44,44,20
30,r_148_136_2,seq51,r_50_64_67,r_50_64_67,1.0,6,73,67,21
49,r_120_108_18,r_53_20_62,r_71_7_138,r_120_108_18,0.67,0,18,18,21
36,r_67_147_175,seq74,r_128_103_54,r_128_103_54,1.0,121,175,54,21
46,r_44_76_22,r_34_46_20,seq70,r_44_76_22,1.0,0,22,22,21
8,r_9_80_125,r_0_1_123,seq54,r_0_1_123,0.58,2,125,123,21
43,r_0_1_123,r_9_80_125,seq140,r_0_1_123,0.78,2,125,123,21
83,seq75,r_114_48_189,r_142_83_51,r_142_83_51,1.0,138,189,51,21
37,r_25_41_50,seq30,seq74,r_25_41_50,1.0,0,50,50,21
21,r_18_116_127,r_88_10_158,r_25_41_50,r_88_10_158,0.98,-31,127,158,21
1,r_68_84_188,r_21_119_130,r_118_92_96,r_21_119_130,0.99,0,130,130,21
5,r_23_122_78,r_87_79_186,seq95,r_23_122_78,1.0,0,78,78,21
69,seq40,r_49_144_179,r_21_119_130,r_21_119_130,1.0,50,180,130,21
33,r_81_127_145,r_128_103_54,r_34_46_20,r_128_103_54,0.86,1,55,54,21
33,r_81_127_145,r_34_46_20,r_4_110_30,r_81_127_145,0.76,0,145,145,21
39,r_16_8_41,r_45_61_70,seq146,r_16_8_41,0.74,-4,37,41,21
76,seq62,r_117_134_109,seq37,r_117_134_109,0.85,4,113,109,21
41,r_117_134_109,seq62,seq24,r_117_134_109,0.7,4,113,109,21
45,r_89_17_26,seq19,seq32,r_89_17_26,1.0,0,26,26,21
10,r_99_139_153,r_49_144_179,r_9_80_125,r_99_139_153,0.84,0,153,153,21
20,r_77_123_59,seq137,seq96,r_77_123_59,1.0,0,59,59,21
26,r_50_64_67,r_18_116_127,r_148_136_2,r_50_64_67,1.0,0,67,67,21
17,r_124_93_24,seq19,seq55,r_124_93_24,0.98,0,24,24,21
14,r_71_7_138,r_120_108_18,seq30,r_71_7_138,1.0,0,138,138,21
4,r_145_43_94,r_126_104_154,r_120_108_18,r_145_43_94,1.0,0,94,94,21
25,r_4_110_30,r_11_14_198,seq130,r_4_110_30,1.0,0,30,30,21
11,r_21_119_130,r_68_84_188,seq40,r_21_119_130,1.0,0,130,130,21
13,r_28_138_137,r_67_147_175,r_107_82_89,r_28_138_137,0.96,0,137,137,21
15,r_128_103_54,r_81_127_145,seq105,r_128_103_54,1.0,1,55,54,21
48,r_53_20_62,r_99_139_153,seq98,r_53_20_62,1.0,0,62,62,21
49,r_120_108_18,r_71_7_138,r_145_43_94,r_120_108_18,0.79,120,138,18,21
6,r_27_5_36,seq112,seq105,r_27_5_36,0.96,1,37,36,21
47,r_88_10_158,r_77_123_59,r_2_39_27,r_88_10_158,0.95,1,159,158,21
62,seq26,r_57_13_38,r_85_101_29,r_85_101_29,1.0,41,70,29,21
31,r_90_91_48,seq130,seq30,r_90_91_48,1.0,0,48,48,21
27,r_36_33_180,seq70,r_128_103_54,r_128_103_54,1.0,126,180,54,21
87,seq95,r_129_47_162,seq29,r_129_47_162,1.0,0,162,162,21
2,r_87_79_186,seq105,r_45_61_70,r_45_61_70,1.0,116,186,70,21
47,r_88_10_158,r_18_116_127,r_77_123_59,r_77_123_59,0.98,68,127,59,21
40,r_102_121_151,seq32,r_85_101_29,r_102_121_151,0.87,0,151,151,21
29,r_15_66_159,seq19,r_38_6_135,r_38_6_135,0.47,-32,103,135,21
24,r_73_58_157,seq78,r_118_92_96,r_73_58_157,0.79,0,157,157,21
14,r_71_7_138,r_36_33_180,r_120_108_18,r_120_108_18,1.0,-1,17,18,21
88,seq96,r_99_139_153,r_77_123_59,r_77_123_59,1.0,59,118,59,21
52,seq132,r_126_104_154,seq29,r_126_104_154,1.0,1,155,154,21
1,r_68_84_188,r_118_92_96,r_89_17_26,r_68_84_188,1.0,0,188,188,21
23,r_34_46_20,r_59_3_64,r_81_127_145,r_34_46_20,0.99,0,20,20,21
81,seq140,seq143,r_0_1_123,r_0_1_123,0.97,14,137,123,21
22,r_129_47_162,seq95,seq55,r_129_47_162,0.85,0,162,162,21
28,r_59_3_64,seq29,r_120_108_18,r_59_3_64,1.0,0,64,64,21
0,r_142_83_51,r_28_138_137,seq98,r_142_83_51,1.0,0,51,51,21
44,r_45_61_70,seq98,seq30,r_45_61_70,1.0,0,70,70,21
12,r_49_144_179,seq40,r_145_43_94,r_145_43_94,1.0,86,180,94,21
23,r_34_46_20,r_81_127_145,r_15_66_159,r_81_127_145,0.98,-19,126,145,21
30,r_135_113_89,seq107,r_126_81_33,r_135_113_89,1.0,0,89,89,22
36,r_61_105_65,seq44,seq67,r_61_105_65,1.0,0,65,65,22
9,r_92_89_146,r_146_60_54,seq2,r_92_89_146,0.96,0,146,146,22
14,r_101_48_154,seq125,r_115_27_139,r_101_48_154,0.63,2,156,154,22
43,r_31_127_80,r_64_118_173,r_55_128_50,r_31_127_80,1.0,0,80,80,22
1,r_122_110_29,r_61_105_65,r_65_19_5,r_122_110_29,0.9,3,32,29,22
28,r_64_118_173,r_144_6_130,r_75_46_2,r_144_6_130,0.82,-4,126,130,22
26,r_146_60_54,seq69,r_92_89_146,r_146_60_54,1.0,1,55,54,22
16,r_134_82_185,seq10,r_100_94_102,r_100_94_102,0.98,87,189,102,22
21,r_124_20_141,seq102,r_16_72_75,r_124_20_141,0.98,4,145,141,22
24,r_43_57_30,r_115_27_139,seq98,r_43_57_30,0.98,0,30,30,22
97,seq116,r_71_34_122,r_24_13_11,r_71_34_122,0.82,-56,66,122,22
5,r_145_26_188,r_100_94_102,r_51_49_94,r_145_26_188,0.97,-86,102,188,22
7,r_41_12_32,seq17,r_135_113_89,r_135_113_89,0.68,39,128,89,22
19,r_100_94_102,r_145_26_188,r_115_27_139,r_100_94_102,0.87,0,102,102,22
15,r_117_93_39,r_144_6_130,r_8_120_133,r_117_93_39,0.86,92,131,39,22
33,r_66_79_150,r_126_81_33,r_122_110_29,r_66_79_150,0.99,2,152,150,22
45,r_85_123_22,r_66_79_150,r_38_136_193,r_85_123_22,0.86,1,23,22,22
31,r_65_19_5,r_5_39_191,r_122_110_29,r_122_110_29,0.99,15,44,29,22
67,seq42,r_9_15_138,seq50,r_9_15_138,0.99,-18,120,138,22
3,r_9_15_138,seq42,r_24_13_11,r_9_15_138,1.0,0,138,138,22
10,r_16_72_75,r_55_128_50,seq76,r_16_72_75,1.0,0,75,75,22
23,r_115_27_139,r_16_72_75,r_101_48_154,r_101_48_154,0.57,2,156,154,22
8,r_77_108_40,r_78_139_157,r_16_72_75,r_77_108_40,0.93,117,157,40,22
4,r_148_58_136,seq1,r_32_149_163,r_148_58_136,0.82,0,136,136,22
20,r_63_30_60,seq62,seq44,r_63_30_60,1.0,3,63,60,22
13,r_11_130_121,seq28,seq119,r_11_130_121,0.92,0,121,121,22
6,r_144_6_130,r_64_118_173,seq29,r_144_6_130,0.87,1,131,130,22
52,seq2,seq62,r_92_89_146,r_92_89_146,1.0,1,147,146,22
5,r_145_26_188,r_51_49_94,r_117_93_39,r_51_49_94,0.9,94,188,94,22
27,r_32_149_163,r_5_39_191,r_148_58_136,r_148_58_136,1.0,4,140,136,22
29,r_36_83_26,seq76,r_32_149_163,r_36_83_26,0.98,-3,23,26,22
23,r_115_27_139,r_100_94_102,r_16_72_75,r_115_27_139,0.87,2,141,139,22
41,r_126_81_33,seq18,r_66_79_150,r_126_81_33,0.78,14,47,33,22
41,r_126_81_33,r_66_79_150,r_135_113_89,r_126_81_33,0.84,75,108,33,22
15,r_117_93_39,r_9_15_138,r_144_6_130,r_117_93_39,1.0,0,39,39,22
40,r_3_52_132,seq69,seq90,r_3_52_132,0.94,0,132,132,22
28,r_64_118_173,r_75_46_2,r_122_110_29,r_64_118_173,0.93,7,180,173,22
18,r_132_80_79,r_144_6_130,r_65_19_5,r_132_80_79,0.99,1,80,79,22
0,r_21_23_13,r_133_129_99,seq1,r_21_23_13,0.89,2,15,13,22
33,r_66_79_150,r_137_140_76,r_126_81_33,r_66_79_150,0.6,-63,87,150,22
47,r_78_139_157,r_77_108_40,seq131,r_78_139_157,0.87,-3,154,157,22
19,r_100_94_102,r_115_27_139,r_38_136_193,r_115_27_139,0.8,2,141,139,22
50,seq0,r_145_26_188,r_51_49_94,r_51_49_94,0.98,43,137,94,22
42,r_24_13_11,r_144_6_130,seq116,r_24_13_11,0.88,0,11,11,22
2,r_38_136_193,r_43_57_30,r_85_123_22,r_38_136_193,0.8,-171,22,193,22
32,r_111_59_111,r_137_140_76,seq87,r_111_59_111,1.0,0,111,111,22
38,r_71_34_122,r_37_74_199,seq28,r_71_34_122,0.92,3,125,122,22
52,seq2,r_133_129_99,seq62,r_133_129_99,0.98,0,99,99,22
47,r_78_139_157,r_126_81_33,r_77_108_40,r_77_108_40,0.95,2,42,40,22
34,r_137_140_76,r_66_79_150,seq69,r_137_140_76,0.69,11,87,76,22
9,r_92_89_146,r_135_113_89,r_146_60_54,r_146_60_54,0.53,0,54,54,22
8,r_77_108_40,r_45_4_170,r_78_139_157,r_77_108_40,0.97,0,40,40,22
17,r_55_128_50,r_16_72_75,r_32_149_163,r_16_72_75,0.94,0,75,75,22
94,seq109,r_45_4_170,r_63_30_60,r_63_30_60,1.0,111,171,60,22
26,r_146_60_54,r_92_89_146,seq68,r_92_89_146,0.87,2,148,146,22
23,r_115_27_139,r_43_57_30,r_85_123_22,r_115_27_139,0.99,-109,30,139,22
22,r_138_147_125,seq91,seq141,r_138_147_125,0.95,1,126,125,22
28,r_64_118_173,r_31_127_80,r_144_6_130,r_31_127_80,1.0,0,80,80,22
35,r_51_49_94,seq69,seq0,r_51_49_94,1.0,1,95,94,22
19,r_100_94_102,r_38_136_193,r_134_82_185,r_100_94_102,0.52,81,183,102,22
7,r_41_12_32,r_51_49_94,seq17,r_41_12_32,0.7,34,66,32,22
44,r_133_129_99,seq2,r_135_113_89,r_133_129_99,0.88,2,101,99,22
12,r_45_4_170,seq109,r_92_89_146,r_45_4_170,0.71,1,171,170,22
23,r_115_27_139,r_85_123_22,r_100_94_102,r_100_94_102,1.0,0,102,102,22
38,r_24_98_46,seq74,seq104,r_24_98_46,1.0,0,46,46,23
36,r_3_39_69,r_122_51_79,seq69,r_3_39_69,1.0,0,69,69,23
9,r_95_16_138,r_105_68_180,r_122_51_79,r_95_16_138,0.98,0,138,138,23
14,r_57_31_82,seq48,seq134,r_57_31_82,0.97,0,82,82,23
8,r_122_51_79,r_124_145_124,seq44,r_122_51_79,0.92,1,80,79,23
43,r_71_11_157,seq75,r_41_136_111,r_71_11_157,0.82,0,157,157,23
86,seq91,r_41_136_111,r_110_20_122,r_110_20_122,1.0,37,159,122,23
37,r_103_70_119,seq19,r_105_68_180,r_103_70_119,0.87,0,119,119,23
86,seq91,r_1_42_95,r_41_136_111,r_1_42_95,0.97,-32,63,95,23
1,r_147_79_199,r_27_80_132,r_59_123_125,r_147_79_199,0.79,-65,134,199,23
5,r_62_47_108,r_5_32_4,seq64,r_62_47_108,0.92,-2,106,108,23
46,r_52_108_170,seq15,r_147_79_199,r_52_108_170,0.53,0,170,170,23
45,r_7_2_165,seq112,r_1_42_95,r_1_42_95,0.98,70,165,95,23
24,r_1_42_95,seq0,r_7_2_165,r_7_2_165,0.92,1,166,165,23
31,r_84_149_102,seq113,seq132,r_84_149_102,0.79,0,102,102,23
41,r_85_33_77,seq55,r_65_121_60,r_85_33_77,0.92,0,77,77,23
3,r_110_20_122,seq117,r_1_42_95,r_1_42_95,0.87,0,95,95,23
10,r_59_123_125,seq119,seq113,r_59_123_125,0.77,3,128,125,23
72,seq48,r_57_31_82,seq19,r_57_31_82,1.0,1,83,82,23
4,r_9_127_148,seq25,r_89_4_53,r_89_4_53,1.0,110,163,53,23
63,seq19,r_103_70_119,seq48,r_103_70_119,1.0,0,119,119,23
48,r_144_130_139,seq132,r_110_20_122,r_144_130_139,0.87,0,139,139,23
21,r_58_46_198,r_59_123_125,r_53_37_54,r_59_123_125,0.87,-72,53,125,23
3,r_110_20_122,r_41_136_111,r_115_90_171,r_115_90_171,1.0,2,173,171,23
3,r_110_20_122,r_1_42_95,r_41_136_111,r_110_20_122,1.0,0,122,122,23
0,r_56_116_56,r_52_108_170,seq40,r_56_116_56,1.0,0,56,56,23
15,r_6_86_45,r_65_121_60,seq141,r_6_86_45,0.96,0,45,45,23
19,r_89_4_53,r_41_136_111,seq23,r_89_4_53,1.0,0,53,53,23
27,r_61_111_68,r_95_16_138,seq15,r_61_111_68,1.0,0,68,68,23
18,r_128_60_18,seq129,seq23,r_128_60_18,0.74,-1,17,18,23
2,r_28_99_71,seq45,r_109_35_7,r_28_99_71,1.0,0,71,71,23
47,r_65_121_60,seq38,r_85_33_77,r_85_33_77,0.95,0,77,77,23
40,r_114_67_121,seq64,r_82_34_1,r_114_67_121,1.0,0,121,121,23
29,r_101_139_173,seq30,r_122_51_79,r_101_139_173,0.53,0,173,173,23
24,r_1_42_95,r_7_2_165,seq0,r_1_42_95,0.95,1,96,95,23
25,r_22_107_110,seq40,r_103_70_119,r_103_70_119,0.95,49,168,119,23
33,r_78_26_83,r_1_42_95,r_28_99_71,r_1_42_95,0.86,-12,83,95,23
65,seq25,r_9_127_148,r_84_149_102,r_84_149_102,1.0,61,163,102,23
28,r_18_140_20,r_72_126_147,seq112,r_18_140_20,0.8,2,22,20,23
17,r_124_145_124,seq131,r_61_111_68,r_61_111_68,1.0,47,115,68,23
81,seq74,r_24_98_46,r_18_140_20,r_24_98_46,0.99,-1,45,46,23
94,seq112,r_7_2_165,r_18_140_20,r_7_2_165,0.64,0,165,165,23
9,r_95_16_138,r_61_111_68,r_105_68_180,r_61_111_68,1.0,0,68,68,23
37,r_103_70_119,r_105_68_180,r_81_137_177,r_81_137_177,1.0,2,179,177,23
12,r_13_29_25,seq0,seq54,r_13_29_25,0.98,0,25,25,23
22,r_81_137_177,seq48,r_103_70_119,r_103_70_119,1.0,58,177,119,23
49,r_120_21_129,seq134,seq40,r_120_21_129,1.0,0,129,129,23
7,r_115_90_171,seq134,r_110_20_122,r_110_20_122,0.45,49,171,122,23
44,r_76_66_176,seq134,r_120_21_129,r_120_21_129,0.96,47,176,129,23
23,r_27_80_132,r_147_79_199,seq131,r_27_80_132,0.88,2,134,132,23
68,seq38,r_65_121_60,seq48,r_65_121_60,0.84,-1,59,60,23
30,r_122_28_103,r_135_103_118,seq139,r_122_28_103,1.0,1,104,103,24
20,r_42_17_36,seq137,seq9,r_42_17_36,0.99,-1,35,36,24
18,r_49_14_19,seq105,r_144_147_23,r_49_14_19,0.69,1,20,19,24
14,r_83_37_123,seq146,r_95_25_46,r_83_37_123,1.0,0,123,123,24
8,r_141_93_165,seq142,seq124,r_141_93_165,0.65,0,165,165,24
17,r_96_40_50,r_80_133_180,r_0_125_89,r_96_40_50,1.0,0,50,50,24
43,r_82_87_96,r_107_72_127,seq34,r_82_87_96,1.0,0,96,96,24
27,r_68_100_94,r_66_112_62,r_77_44_12,r_77_44_12,0.84,0,12,12,24
24,r_59_46_17,r_49_14_19,seq65,r_59_46_17,0.98,-1,16,17,24
16,r_60_54_145,seq19,r_42_17_36,r_60_54_145,0.77,2,147,145,24
39,r_70_67_64,r_60_54_145,r_96_40_50,r_60_54_145,0.77,-81,64,145,24
46,r_92_4_146,seq63,seq38,r_92_4_146,0.68,0,146,146,24
42,r_128_52_81,r_82_87_96,seq74,r_82_87_96,0.79,-15,81,96,24
80,seq74,seq6,r_128_52_81,r_128_52_81,1.0,5,86,81,24
88,seq105,r_134_45_189,r_64_15_163,r_64_15_163,0.94,11,174,163,24
7,r_77_44_12,r_68_100_94,r_134_45_189,r_68_100_94,0.86,0,94,94,24
45,r_135_103_118,seq126,r_84_30_24,r_135_103_118,0.95,0,118,118,24
0,r_84_30_24,r_92_4_146,seq75,r_84_30_24,0.85,-2,22,24,24
5,r_35_104_51,r_0_125_89,r_8_39_32,r_35_104_51,0.97,1,52,51,24
27,r_68_100_94,r_77_44_12,r_138_12_80,r_68_100_94,1.0,0,94,94,24
95,seq120,r_0_125_89,r_32_71_70,r_32_71_70,1.0,7,77,70,24
73,seq53,seq102,r_24_18_40,r_24_18_40,1.0,9,49,40,24
10,r_143_149_161,seq140,r_35_104_51,r_143_149_161,0.81,2,163,161,24
26,r_10_69_173,seq23,r_56_13_42,r_56_13_42,0.89,131,173,42,24
7,r_77_44_12,r_134_45_189,r_94_148_132,r_94_148_132,0.76,-3,129,132,24
12,r_144_147_23,seq61,seq7,r_144_147_23,0.89,1,24,23,24
68,seq34,r_84_30_24,r_82_87_96,r_82_87_96,1.0,4,100,96,24
11,r_0_125_89,seq33,r_96_40_50,r_96_40_50,1.0,23,73,50,24
98,seq126,r_135_103_118,r_86_2_179,r_135_103_118,1.0,0,118,118,24
25,r_8_39_32,r_143_149_161,seq63,r_8_39_32,1.0,0,32,32,24
48,r_80_133_180,seq3,r_0_125_89,r_80_133_180,0.33,0,180,180,24
37,r_85_11_37,r_128_52_81,seq19,r_85_11_37,0.96,0,37,37,24
6,r_32_71_70,seq106,seq120,r_32_71_70,1.0,0,70,70,24
13,r_79_119_13,r_98_58_152,seq146,r_79_119_13,1.0,1,14,13,24
5,r_35_104_51,r_8_39_32,r_76_88_97,r_76_88_97,1.0,11,108,97,24
69,seq38,r_84_30_24,r_81_16_8,r_81_16_8,0.93,6,14,8,24
69,seq38,r_81_16_8,r_92_4_146,r_92_4_146,0.61,-4,142,146,24
2,r_138_12_80,seq127,r_8_39_32,r_138_12_80,0.66,0,80,80,24
47,r_107_72_127,seq124,r_144_147_23,r_107_72_127,0.93,0,127,127,24
29,r_94_148_132,r_98_58_152,r_77_44_12,r_94_148_132,0.97,0,132,132,24
40,r_57_1_18,r_98_58_152,seq75,r_57_1_18,1.0,0,18,18,24
68,seq34,r_83_37_123,r_84_30_24,r_83_37_123,0.48,-59,64,123,24
77,seq63,r_92_4_146,r_8_39_32,r_8_39_32,0.99,41,73,32,24
33,r_89_121_44,r_141_93_165,seq124,r_89_121_44,1.0,0,44,44,24
34,r_31_99_166,seq5,r_77_44_12,r_31_99_166,0.8,0,166,166,24
44,r_27_78_28,seq6,r_56_13_42,r_56_13_42,0.99,2,44,42,24
7,r_77_44_12,r_84_30_24,r_68_100_94,r_77_44_12,1.0,0,12,12,24
49,r_24_18_40,seq110,seq53,r_24_18_40,0.99,0,40,40,24
22,r_76_88_97,r_64_15_163,r_35_104_51,r_76_88_97,1.0,0,97,97,24
28,r_64_15_163,seq23,seq105,r_64_15_163,0.9,0,163,163,24
91,seq110,seq109,r_32_71_70,r_32_71_70,1.0,91,161,70,24
81,seq75,r_56_13_42,r_57_1_18,r_56_13_42,0.65,1,43,42,24
23,r_20_118_5,r_80_133_180,r_117_48_10,r_117_48_10,0.45,90,100,10,24
19,r_95_25_46,seq110,seq74,r_95_25_46,1.0,1,47,46,24
44,r_27_78_28,r_83_37_123,seq6,r_27_78_28,0.93,0,28,28,24
93,seq104,r_77_79_69,seq38,r_77_79_69,1.0,0,69,69,25
36,r_16_34_79,r_56_61_151,seq75,r_16_34_79,0.98,0,79,79,25
14,r_43_129_149,seq142,r_106_116_48,r_106_116_48,0.87,110,158,48,25
83,seq142,r_43_129_149,r_23_112_77,r_23_112_77,1.0,81,158,77,25
3,r_111_52_29,r_2_149_88,seq50,r_111_52_29,0.67,6,35,29,25
37,r_56_61_151,r_46_94_96,seq28,r_46_94_96,0.99,-34,62,96,25
59,seq18,r_148_62_166,r_134_3_72,r_134_3_72,0.97,34,106,72,25
19,r_24_103_122,r_36_17_46,seq96,r_24_103_122,1.0,0,122,122,25
30,r_122_123_12,r_36_17_46,seq54,r_122_123_12,0.95,0,12,12,25
39,r_77_79_69,seq104,seq28,r_77_79_69,1.0,0,69,69,25
1,r_40_98_180,seq102,r_109_53_145,r_40_98_180,0.71,0,180,180,25
5,r_23_112_77,seq29,r_7_59_51,r_23_112_77,0.99,0,77,77,25
42,r_108_49_78,seq97,seq71,r_108_49_78,1.0,0,78,78,25
32,r_41_88_23,r_19_64_189,r_73_105_73,r_73_105_73,0.93,109,182,73,25
24,r_19_64_189,r_106_116_48,r_42_114_76,r_19_64_189,0.59,0,189,189,25
34,r_69_136_50,r_44_125_168,seq13,r_69_136_50,0.98,2,52,50,25
9,r_33_99_40,r_65_110_9,seq38,r_33_99_40,1.0,0,40,40,25
43,r_81_124_19,r_36_17_46,seq130,r_81_124_19,0.84,1,20,19,25
35,r_144_72_47,r_23_112_77,r_69_136_50,r_69_136_50,0.59,-3,47,50,25
31,r_4_146_174,seq75,r_134_3_72,r_134_3_72,1.0,102,174,72,25
41,r_93_48_181,seq83,r_118_95_5,r_93_48_181,0.52,0,181,181,25
89,seq97,r_108_49_78,r_81_124_19,r_108_49_78,1.0,0,78,78,25
10,r_107_51_184,seq90,r_65_110_9,r_65_110_9,0.8,175,184,9,25
8,r_36_17_46,r_24_103_122,r_73_105_73,r_24_103_122,0.86,0,122,122,25
22,r_1_22_170,r_7_59_51,r_21_147_56,r_1_22_170,0.72,1,171,170,25
4,r_7_59_51,r_1_22_170,seq91,r_1_22_170,0.84,-80,90,170,25
78,seq75,r_109_53_145,r_16_34_79,r_16_34_79,0.64,23,102,79,25
0,r_148_62_166,seq96,r_77_79_69,r_77_79_69,0.66,97,166,69,25
11,r_46_94_96,r_56_61_151,seq83,r_46_94_96,0.65,0,96,96,25
46,r_106_116_48,r_1_22_170,r_19_64_189,r_106_116_48,0.96,4,52,48,25
20,r_2_149_88,seq137,r_7_59_51,r_2_149_88,0.98,0,88,88,25
13,r_134_3_72,seq60,seq18,r_134_3_72,1.0,0,72,72,25
46,r_106_116_48,r_19_64_189,r_43_129_149,r_106_116_48,0.58,141,189,48,25
15,r_42_114_76,r_70_92_104,r_108_49_78,r_108_49_78,1.0,6,84,78,25
62,seq28,r_56_61_151,r_77_79_69,r_77_79_69,1.0,41,110,69,25
21,r_80_68_157,seq74,r_27_140_161,r_80_68_157,0.99,0,157,157,25
19,r_24_103_122,r_21_147_56,r_36_17_46,r_24_103_122,0.71,-67,55,122,25
26,r_21_147_56,r_24_103_122,seq8,r_21_147_56,0.77,-2,54,56,25
24,r_19_64_189,r_36_17_46,r_106_116_48,r_19_64_189,0.97,-137,52,189,25
2,r_109_53_145,seq75,r_69_136_50,r_109_53_145,0.79,0,145,145,25
47,r_138_78_128,seq13,r_58_6_1,r_138_78_128,1.0,0,128,128,25
40,r_89_11_111,r_1_22_170,seq104,r_89_11_111,0.99,1,112,111,25
93,seq104,seq38,r_89_11_111,r_89_11_111,0.96,13,124,111,25
33,r_45_120_90,r_1_22_170,r_108_49_78,r_1_22_170,1.0,-80,90,170,25
38,r_127_10_116,seq130,r_46_94_96,r_46_94_96,1.0,23,119,96,25
77,seq74,r_25_0_154,seq47,r_25_0_154,0.58,0,154,154,25
8,r_36_17_46,r_19_64_189,r_24_103_122,r_36_17_46,0.8,12,58,46,25
17,r_25_0_154,seq74,r_12_133_43,r_12_133_43,0.68,111,154,43,25
37,r_56_61_151,seq28,r_81_124_19,r_56_61_151,0.99,0,151,151,25
22,r_1_22_170,r_89_11_111,r_7_59_51,r_89_11_111,1.0,1,112,111,25
28,r_85_20_171,seq8,seq86,r_85_20_171,0.82,0,171,171,25
91,seq101,seq9,r_44_125_168,r_44_125_168,1.0,2,170,168,25
49,r_126_32_80,seq47,r_65_110_9,r_126_32_80,0.69,0,80,80,25
27,r_12_133_43,r_25_0_154,r_81_124_19,r_12_133_43,0.93,-1,42,43,25
7,r_73_105_73,seq60,r_31_39_63,r_73_105_73,1.0,0,73,73,25
44,r_31_39_63,r_5_135_109,seq76,r_31_39_63,1.0,1,64,63,25
32,r_41_88_23,r_148_62_166,r_19_64_189,r_41_88_23,1.0,0,23,23,25
23,r_5_135_109,seq145,r_108_49_78,r_5_135_109,1.0,1,110,109,25
82,seq83,r_93_48_181,r_46_94_96,r_46_94_96,1.0,35,131,96,25
79,seq76,seq47,r_31_39_63,r_31_39_63,1.0,21,84,63,25
12,r_84_131_81,r_138_78_128,r_21_147_56,r_138_78_128,0.61,-38,90,128,25
45,r_37_132_18,r_24_103_122,seq137,r_37_132_18,0.56,0,18,18,25
84,seq86,seq82,r_85_20_171,r_85_20_171,0.99,1,172,171,25
36,r_72_30_61,r_19_4_192,r_56_15_41,r_72_30_61,0.91,1,62,61,26
8,r_147_76_77,seq14,r_51_71_197,r_147_76_77,1.0,0,77,77,26
43,r_51_71_197,r_38_110_78,r_147_76_77,r_147_76_77,0.9,5,82,77,26
16,r_13_84_116,r_19_4_192,r_75_128_28,r_75_128_28,1.0,15,43,28,26
83,seq94,seq14,r_39_126_127,r_39_126_127,1.0,18,145,127,26
81,seq89,seq148,r_45_5_138,r_45_5_138,0.99,9,147,138,26
37,r_115_62_62,seq54,seq17,r_115_62_62,1.0,0,62,62,26
19,r_130_134_36,r_73_142_174,r_104_41_164,r_130_134_36,0.43,138,174,36,26
39,r_45_5_138,r_137_6_189,seq89,r_45_5_138,0.87,0,138,138,26
1,r_60_58_147,seq96,r_74_90_74,r_74_90_74,0.85,73,147,74,26
46,r_65_78_110,seq2,r_8_138_34,r_65_78_110,1.0,0,110,110,26
12,r_50_129_35,r_46_20_186,seq127,r_50_129_35,0.92,0,35,35,26
15,r_75_128_28,r_13_84_116,r_19_4_192,r_13_84_116,1.0,3,119,116,26
16,r_13_84_116,r_73_142_174,seq132,r_73_142_174,1.0,0,174,174,26
21,r_43_3_59,r_103_11_13,seq14,r_43_3_59,0.76,0,59,59,26
41,r_22_0_69,r_146_68_95,seq96,r_22_0_69,0.95,0,69,69,26
67,seq37,seq136,r_34_57_101,r_34_57_101,1.0,1,102,101,26
3,r_83_86_64,seq23,r_24_123_198,r_83_86_64,1.0,0,64,64,26
10,r_28_125_122,seq52,seq70,r_28_125_122,1.0,0,122,122,26
16,r_13_84_116,r_75_128_28,r_73_142_174,r_13_84_116,0.98,3,119,116,26
0,r_38_110_78,r_51_71_197,r_85_9_70,r_85_9_70,1.0,12,82,70,26
63,seq23,r_99_139_191,r_74_90_74,r_74_90_74,1.0,17,91,74,26
73,seq61,r_133_35_157,r_108_101_71,r_108_101_71,0.81,3,74,71,26
22,r_116_113_2,r_91_36_140,r_33_93_10,r_116_113_2,0.68,49,51,2,26
48,r_103_11_13,r_50_129_35,r_43_3_59,r_103_11_13,0.91,0,13,13,26
13,r_131_141_98,seq96,seq14,r_131_141_98,1.0,0,98,98,26
6,r_133_35_157,seq61,seq105,r_133_35_157,0.89,0,157,157,26
85,seq96,r_60_58_147,r_22_0_69,r_22_0_69,0.94,27,96,69,26
2,r_114_66_166,seq94,r_38_110_78,r_114_66_166,0.98,2,168,166,26
27,r_108_101_71,seq54,seq61,r_108_101_71,1.0,1,72,71,26
32,r_73_142_174,r_13_84_116,r_147_76_77,r_73_142_174,1.0,0,174,174,26
31,r_56_15_41,r_73_142_174,seq2,r_56_15_41,1.0,0,41,41,26
19,r_130_134_36,seq96,r_73_142_174,r_130_134_36,0.99,2,38,36,26
2,r_114_66_166,r_34_57_101,seq94,r_34_57_101,1.0,1,102,101,26
18,r_34_57_101,r_114_66_166,seq37,r_34_57_101,1.0,1,102,101,26
29,r_85_9_70,seq89,seq120,r_85_9_70,1.0,0,70,70,26
24,r_24_123_198,r_116_113_2,r_83_86_64,r_83_86_64,1.0,-1,63,64,26
33,r_42_87_130,seq148,seq136,r_42_87_130,0.96,0,130,130,26
50,seq149,r_146_68_95,seq89,r_146_68_95,0.95,-7,88,95,26
28,r_8_138_34,r_99_139_191,seq69,r_8_138_34,0.97,0,34,34,26
32,r_73_142_174,seq109,r_13_84_116,r_13_84_116,0.92,2,118,116,26
38,r_91_36_140,r_116_113_2,seq105,r_91_36_140,0.97,0,140,140,26
34,r_74_90_74,seq96,seq23,r_74_90_74,1.0,5,79,74,26
5,r_59_48_18,seq37,seq52,r_59_48_18,0.99,0,18,18,26
15,r_75_128_28,r_115_62_62,r_13_84_116,r_75_128_28,0.63,0,28,28,26
81,seq89,r_85_9_70,seq148,r_85_9_70,0.89,5,75,70,26
17,r_146_68_95,seq149,r_33_93_10,r_146_68_95,1.0,1,96,95,26
21,r_43_3_59,r_26_88_46,r_103_11_13,r_43_3_59,0.82,-13,46,59,26
9,r_104_41_164,seq102,r_130_134_36,r_104_41_164,0.82,0,164,164,26
31,r_56_15_41,seq2,r_106_107_97,r_106_107_97,1.0,30,127,97,26
48,r_103_11_13,r_43_3_59,r_56_15_41,r_103_11_13,0.99,49,62,13,26
49,r_7_119_65,seq31,r_38_110_78,r_7_119_65,0.88,9,74,65,26
7,r_27_80_177,seq95,r_122_112_58,r_27_80_177,0.52,0,177,177,26
44,r_106_107_97,r_137_6_189,r_56_15_41,r_137_6_189,0.65,-91,98,189,26
25,r_63_117_49,seq14,r_55_40_4,r_63_117_49,1.0,0,49,49,26
42,r_26_88_46,r_43_3_59,r_116_113_2,r_116_113_2,0.93,48,50,2,26
35,r_39_126_127,seq10,seq94,r_39_126_127,1.0,1,128,127,26
40,r_33_93_10,r_83_86_64,r_116_113_2,r_116_113_2,0.93,9,11,2,26
26,r_122_112_58,r_32_49_154,seq31,r_122_112_58,1.0,0,58,58,26
84,seq95,r_27_80_177,seq77,r_27_80_177,0.79,0,177,177,26
30,r_43_107_93,r_79_94_99,seq127,r_43_107_93,1.0,0,93,93,27
33,r_77_96_59,seq60,r_47_67_6,r_77_96_59,0.71,-24,35,59,27
92,seq97,r_12_101_164,r_72_57_41,r_72_57_41,0.74,67,108,41,27
14,r_102_36_98,r_105_121_125,r_59_78_31,r_102_36_98,0.75,1,99,98,27
8,r_6_84_91,seq42,r_76_48_45,r_6_84_91,0.92,0,91,91,27
10,r_11_18_40,r_12_101_164,r_138_37_38,r_11_18_40,1.0,0,40,40,27
43,r_68_14_139,seq35,seq104,r_68_14_139,0.75,0,139,139,27
19,r_44_22_10,r_28_132_179,r_119_144_160,r_44_22_10,0.41,147,157,10,27
55,seq136,r_106_131_86,seq63,r_106_131_86,0.5,-9,77,86,27
16,r_40_32_65,r_77_96_59,r_141_91_13,r_40_32_65,0.74,-3,62,65,27
21,r_85_27_90,r_115_70_105,seq39,r_115_70_105,1.0,-11,94,105,27
5,r_130_3_144,r_33_111_187,r_141_91_13,r_130_3_144,0.7,0,144,144,27
46,r_115_70_105,r_28_132_179,seq20,r_115_70_105,0.98,0,105,105,27
24,r_72_57_41,seq51,seq97,r_72_57_41,1.0,0,41,41,27
32,r_49_62_153,seq99,seq20,r_49_62_153,0.6,-5,148,153,27
45,r_45_123_155,r_28_132_179,seq99,r_45_123_155,0.66,0,155,155,27
42,r_113_34_123,r_83_86_167,r_49_62_153,r_49_62_153,0.7,-125,28,153,27
95,seq104,r_33_111_187,r_12_101_164,r_12_101_164,0.65,4,168,164,27
41,r_66_55_168,seq127,r_85_27_90,r_85_27_90,0.67,80,170,90,27
26,r_56_82_135,r_45_123_155,r_44_22_10,r_45_123_155,1.0,0,155,155,27
3,r_106_131_86,seq136,seq19,r_106_131_86,0.97,5,91,86,27
26,r_56_82_135,seq42,r_45_123_155,r_56_82_135,0.6,0,135,135,27
4,r_54_0_74,r_66_55_168,r_89_69_23,r_54_0_74,1.0,-1,73,74,27
0,r_5_2_68,seq93,seq13,r_5_2_68,0.87,25,93,68,27
11,r_119_144_160,seq1,r_44_22_10,r_44_22_10,0.82,150,160,10,27
32,r_49_62_153,r_76_48_45,seq99,r_76_48_45,1.0,-6,39,45,27
15,r_30_26_67,r_115_70_105,seq50,r_115_70_105,0.68,-38,67,105,27
48,r_33_111_187,seq104,r_66_55_168,r_33_111_187,0.36,1,188,187,27
35,r_116_8_54,seq108,r_112_117_161,r_116_8_54,0.98,0,54,54,27
47,r_25_148_196,seq65,r_113_34_123,r_113_34_123,0.63,41,164,123,27
23,r_98_109_37,r_12_101_164,seq9,r_98_109_37,1.0,0,37,37,27
18,r_52_75_185,seq9,r_119_144_160,r_119_144_160,0.75,25,185,160,27
29,r_28_132_179,r_115_70_105,r_44_22_10,r_115_70_105,0.96,0,105,105,27
35,r_116_8_54,r_112_117_161,r_54_0_74,r_116_8_54,0.83,107,161,54,27
36,r_105_121_125,r_102_36_98,r_40_32_65,r_105_121_125,0.86,-46,79,125,27
36,r_105_121_125,r_89_69_23,r_102_36_98,r_89_69_23,0.97,-1,22,23,27
19,r_44_22_10,r_40_32_65,r_28_132_179,r_44_22_10,0.99,0,10,10,27
42,r_113_34_123,r_49_62_153,r_25_148_196,r_113_34_123,0.55,-6,117,123,27
38,r_61_80_127,seq122,r_106_131_86,r_61_80_127,0.9,0,127,127,27
11,r_119_144_160,r_44_22_10,r_52_75_185,r_52_75_185,0.67,-1,184,185,27
40,r_89_69_23,r_105_121_125,seq134,r_89_69_23,0.99,0,23,23,27
36,r_105_121_125,r_40_32_65,seq95,r_105_121_125,1.0,1,126,125,27
17,r_79_94_99,seq99,r_98_109_37,r_79_94_99,0.78,0,99,99,27
27,r_138_37_38,seq129,r_11_18_40,r_11_18_40,1.0,0,40,40,27
9,r_74_146_82,seq137,seq104,r_74_146_82,0.79,14,96,82,27
31,r_112_117_161,r_116_8_54,r_110_64_5,r_112_117_161,0.88,0,161,161,27
29,r_28_132_179,r_44_22_10,r_106_131_86,r_28_132_179,0.74,-13,166,179,27
22,r_125_103_180,r_41_17_188,r_106_131_86,r_125_103_180,0.43,0,180,180,27
49,r_47_67_6,r_23_81_9,r_77_96_59,r_77_96_59,0.88,-40,19,59,27
56,seq9,r_52_75_185,r_79_94_99,r_79_94_99,0.99,86,185,99,27
7,r_12_101_164,seq134,r_68_14_139,r_12_101_164,0.71,0,164,164,27
44,r_147_53_142,seq139,seq29,r_147_53_142,0.85,4,146,142,27
31,r_112_117_161,seq134,r_116_8_54,r_116_8_54,1.0,3,57,54,27
39,r_76_48_45,r_49_62_153,seq16,r_76_48_45,1.0,-3,42,45,27
93,seq109,seq141,r_21_22_66,r_21_22_66,1.0,-1,65,66,28
9,r_48_127_118,r_43_9_65,r_80_53_43,r_48_127_118,0.71,-75,43,118,28
36,r_143_137_157,seq38,r_85_96_138,r_143_137_157,0.73,0,157,157,28
9,r_48_127_118,r_80_53_43,r_20_69_15,r_48_127_118,1.0,0,118,118,28
14,r_75_71_145,seq118,r_54_91_78,r_75_71_145,0.75,0,145,145,28
8,r_99_55_102,r_29_115_172,r_147_13_46,r_99_55_102,0.97,2,104,102,28
43,r_24_110_119,r_48_127_118,r_64_68_90,r_24_110_119,0.92,-1,118,119,28
22,r_116_81_59,r_133_6_149,r_14_138_28,r_116_81_59,1.0,0,59,59,28
37,r_135_74_167,seq45,seq124,r_135_74_167,0.57,0,167,167,28
16,r_82_95_134,r_40_149_139,r_80_53_43,r_40_149_139,1.0,-2,137,139,28
21,r_42_108_131,r_89_33_186,r_61_129_58,r_61_129_58,0.65,73,131,58,28
97,seq120,r_29_115_172,r_25_88_89,r_25_88_89,0.84,17,106,89,28
5,r_67_7_85,r_97_36_147,seq58,r_67_7_85,1.0,0,85,85,28
42,r_126_19_97,seq139,seq17,r_126_19_97,0.64,-3,94,97,28
19,r_56_119_92,seq86,seq118,r_56_119_92,0.99,1,93,92,28
31,r_57_23_50,r_44_32_8,seq141,r_57_23_50,1.0,0,50,50,28
41,r_29_115_172,seq12,r_122_73_98,r_29_115_172,0.58,0,172,172,28
3,r_39_100_73,r_99_55_102,r_136_90_75,r_39_100_73,1.0,3,76,73,28
45,r_94_35_24,r_93_5_194,r_97_36_147,r_94_35_24,1.0,0,24,24,28
11,r_37_78_121,r_46_87_178,r_122_73_98,r_46_87_178,0.5,-57,121,178,28
20,r_21_22_66,r_43_9_65,seq109,r_21_22_66,1.0,-1,65,66,28
98,seq123,r_25_88_89,seq59,r_25_88_89,1.0,-17,72,89,28
10,r_14_138_28,seq12,seq11,r_14_138_28,1.0,0,28,28,28
15,r_43_9_65,r_21_22_66,r_61_129_58,r_43_9_65,1.0,0,65,65,28
48,r_54_91_78,r_44_32_8,r_89_33_186,r_54_91_78,1.0,0,78,78,28
2,r_122_73_98,seq142,r_37_78_121,r_37_78_121,0.85,5,126,121,28
57,seq12,r_29_115_172,r_61_129_58,r_61_129_58,1.0,48,106,58,28
12,r_97_36_147,r_94_35_24,seq52,r_97_36_147,0.57,0,147,147,28
6,r_133_6_149,seq128,r_61_129_58,r_61_129_58,0.58,91,149,58,28
47,r_80_53_43,r_106_113_34,r_82_95_134,r_80_53_43,0.67,94,137,43,28
99,seq124,r_89_33_186,r_72_47_112,r_72_47_112,0.68,18,130,112,28
27,r_63_70_109,seq8,seq102,r_63_70_109,0.86,1,110,109,28
87,seq83,seq2,r_147_13_46,r_147_13_46,0.41,56,102,46,28
2,r_122_73_98,r_143_137_157,seq142,r_122_73_98,0.56,2,100,98,28
40,r_76_111_174,seq17,r_94_35_24,r_94_35_24,0.57,150,174,24,28
18,r_15_104_160,seq148,seq51,r_15_104_160,0.54,3,163,160,28
1,r_61_129_58,r_146_114_38,seq12,r_61_129_58,1.0,0,58,58,28
24,r_64_68_90,seq132,seq51,r_64_68_90,1.0,2,92,90,28
48,r_54_91_78,r_89_33_186,r_75_71_145,r_75_71_145,0.98,37,182,145,28
47,r_80_53_43,r_48_127_118,r_106_113_34,r_48_127_118,0.66,0,118,118,28
50,seq128,r_133_6_149,seq2,r_133_6_149,1.0,0,149,149,28
65,seq132,r_64_68_90,seq52,r_64_68_90,1.0,-16,74,90,28
32,r_85_96_138,seq117,seq16,r_85_96_138,0.98,0,138,138,28
38,r_144_92_88,r_97_36_147,seq3,r_144_92_88,1.0,0,88,88,28
34,r_72_47_112,seq11,seq124,r_72_47_112,0.89,0,112,112,28
17,r_89_33_186,r_54_91_78,r_1_98_10,r_89_33_186,0.94,0,186,186,28
45,r_94_35_24,r_97_36_147,seq132,r_97_36_147,0.46,0,147,147,28
17,r_89_33_186,r_42_108_131,r_54_91_78,r_54_91_78,0.74,53,131,78,28
7,r_1_98_10,r_56_119_92,seq16,r_1_98_10,0.96,0,10,10,28
96,seq118,r_40_149_139,r_56_119_92,r_56_119_92,0.75,47,139,92,28
12,r_97_36_147,r_144_92_88,r_94_35_24,r_94_35_24,0.94,1,25,24,28
91,seq102,r_46_87_178,r_63_70_109,r_63_70_109,0.84,74,183,109,28
49,r_25_88_89,seq123,seq120,r_25_88_89,1.0,0,89,89,28
23,r_136_90_75,r_44_32_8,seq38,r_136_90_75,0.99,1,76,75,28
47,r_80_53_43,seq28,r_48_127_118,r_80_53_43,1.0,0,43,43,28
35,r_125_26_108,seq58,r_43_9_65,r_125_26_108,0.97,0,108,108,28
15,r_43_9_65,r_61_129_58,r_125_26_108,r_125_26_108,0.92,8,116,108,28
13,r_106_113_34,seq142,seq12,r_106_113_34,0.82,-4,30,34,28
33,r_121_27_19,r_143_137_157,seq12,r_121_27_19,0.91,3,22,19,28
28,r_123_23_43,r_146_139_77,r_120_88_111,r_123_23_43,0.77,0,43,43,29
51,seq129,r_48_37_182,r_122_110_4,r_48_37_182,0.51,-35,147,182,29
36,r_125_64_139,seq9,r_5_114_124,r_125_64_139,0.76,0,139,139,29
14,r_4_27_135,r_116_112_172,seq67,r_4_27_135,0.84,0,135,135,29
8,r_142_15_109,r_21_94_164,seq73,r_142_15_109,0.8,0,109,109,29
40,r_18_131_12,r_45_133_8,seq13,r_18_131_12,0.94,0,12,12,29
43,r_144_71_44,r_89_35_65,r_16_95_69,r_16_95_69,0.53,-53,16,69,29
37,r_105_100_89,seq74,seq3,r_105_100_89,1.0,1,90,89,29
71,seq57,r_33_28_167,seq76,r_33_28_167,0.99,-61,106,167,29
21,r_90_124_149,seq13,seq130,r_90_124_149,0.54,1,150,149,29
5,r_41_87_146,seq67,r_83_40_85,r_41_87_146,0.9,0,146,146,29
46,r_146_139_77,seq69,seq79,r_146_139_77,1.0,0,77,77,29
42,r_16_95_69,r_48_37_182,r_144_71_44,r_16_95_69,1.0,0,69,69,29
45,r_108_96_94,r_47_19_192,seq43,r_108_96_94,0.79,2,96,94,29
10,r_49_1_20,r_41_87_146,seq25,r_49_1_20,0.83,0,20,20,29
24,r_42_138_63,r_132_38_138,r_46_121_93,r_42_138_63,0.87,75,138,63,29
19,r_5_114_124,seq67,r_103_58_71,r_5_114_124,0.5,1,125,124,29
31,r_106_107_188,seq141,r_45_133_8,r_45_133_8,0.74,180,188,8,29
26,r_75_34_59,r_118_77_157,seq74,r_75_34_59,0.99,3,62,59,29
4,r_21_94_164,seq55,r_142_15_109,r_142_15_109,0.95,55,164,109,29
11,r_148_81_73,seq7,r_103_58_71,r_148_81_73,0.55,0,73,73,29
20,r_47_19_192,r_108_96_94,r_24_20_31,r_47_19_192,0.98,-96,96,192,29
98,seq119,r_56_84_161,r_83_40_85,r_56_84_161,0.99,9,170,161,29
15,r_66_61_168,r_47_19_192,r_4_27_135,r_47_19_192,0.57,-24,168,192,29
48,r_93_32_88,seq44,seq127,r_93_32_88,1.0,0,88,88,29
34,r_29_36_114,seq7,seq141,r_29_36_114,0.76,3,117,114,29
85,seq79,seq25,r_146_139_77,r_146_139_77,1.0,12,89,77,29
2,r_132_38_138,r_42_138_63,seq55,r_132_38_138,0.97,0,138,138,29
99,seq127,seq72,r_93_32_88,r_93_32_88,1.0,3,91,88,29
79,seq72,seq127,r_53_99_53,r_53_99_53,1.0,6,59,53,29
41,r_60_0_46,r_120_88_111,seq85,r_60_0_46,0.99,0,46,46,29
3,r_26_113_49,r_46_121_93,r_49_1_20,r_46_121_93,0.79,-43,50,93,29
27,r_118_77_157,seq10,r_5_114_124,r_118_77_157,0.71,0,157,157,29
44,r_116_112_172,r_122_110_4,seq52,r_116_112_172,0.8,0,172,172,29
1,r_53_99_53,r_47_19_192,seq72,r_53_99_53,1.0,0,53,53,29
23,r_120_88_111,r_60_0_46,r_123_23_43,r_120_88_111,1.0,-65,46,111,29
2,r_132_38_138,r_17_134_119,r_42_138_63,r_42_138_63,0.99,2,65,63,29
25,r_24_20_31,r_120_88_111,r_47_19_192,r_24_20_31,0.99,0,31,31,29
18,r_83_40_85,r_56_84_161,seq39,r_83_40_85,0.57,0,85,85,29
24,r_42_138_63,r_49_1_20,r_132_38_138,r_42_138_63,0.86,0,63,63,29
6,r_111_22_41,r_83_40_85,seq115,r_111_22_41,0.94,0,41,41,29
59,seq13,r_136_30_152,r_18_131_12,r_18_131_12,0.71,0,12,12,29
33,r_46_121_93,r_29_36_114,r_42_138_63,r_29_36_114,0.88,-21,93,114,29
43,r_144_71_44,r_93_32_88,r_89_35_65,r_144_71_44,0.7,0,44,44,29
70,seq55,r_142_15_109,r_63_8_13,r_142_15_109,1.0,0,109,109,29
61,seq141,r_106_107_188,r_29_36_114,r_29_36_114,0.74,74,188,114,29
38,r_89_35_65,seq128,seq7,r_89_35_65,0.9,51,116,65,29
34,r_29_36_114,r_46_121_93,seq7,r_46_121_93,0.98,0,93,93,29
94,seq102,r_46_121_93,seq97,r_46_121_93,1.0,-24,69,93,29
96,seq115,r_120_88_111,r_111_22_41,r_111_22_41,1.0,54,95,41,29
22,r_63_8_13,r_105_100_89,seq55,r_63_8_13,0.95,0,13,13,29
0,r_147_82_48,r_125_64_139,r_49_1_20,r_147_82_48,1.0,0,48,48,29
7,r_56_84_161,seq119,r_108_96_94,r_108_96_94,0.67,76,170,94,29
44,r_116_112_172,r_4_27_135,r_122_110_4,r_4_27_135,0.89,0,135,135,29
12,r_48_37_182,seq129,r_42_138_63,r_42_138_63,0.79,119,182,63,29
30,r_64_87_60,r_3_36_99,r_128_17_53,r_128_17_53,1.0,8,61,53,30
36,r_59_82_134,seq41,r_128_17_53,r_128_17_53,0.77,82,135,53,30
92,seq108,r_38_75_154,seq100,r_38_75_154,0.62,-71,83,154,30
14,r_111_24_88,seq116,r_125_19_173,r_111_24_88,0.94,0,88,88,30
26,r_76_44_43,r_125_19_173,seq107,r_76_44_43,0.99,0,43,43,30
22,r_68_9_54,r_124_4_4,r_129_8_15,r_68_9_54,1.0,0,54,54,30
37,r_125_19_173,seq104,r_111_24_88,r_111_24_88,1.0,38,126,88,30
1,r_147_65_72,r_127_49_181,r_34_53_57,r_147_65_72,0.99,1,73,72,30
5,r_3_36_99,seq41,seq37,r_3_36_99,0.99,-5,94,99,30
42,r_106_96_66,r_38_75_154,seq40,r_106_96_66,1.0,1,67,66,30
80,seq83,r_55_71_158,seq48,r_55_71_158,0.98,-5,153,158,30
45,r_61_1_115,r_124_4_4,seq135,r_61_1_115,0.8,0,115,115,30
12,r_27_20_40,r_110_131_111,seq100,r_110_131_111,0.77,-76,35,111,30
19,r_110_131_111,r_118_0_153,seq86,r_110_131_111,0.88,1,112,111,30
16,r_115_58_18,r_3_36_99,r_112_85_26,r_112_85_26,0.52,2,28,26,30
13,r_51_13_166,seq122,r_22_11_34,r_22_11_34,0.94,0,34,34,30
43,r_34_53_57,seq63,r_147_65_72,r_147_65_72,0.7,0,72,72,30
41,r_133_7_108,r_110_131_111,r_3_36_99,r_133_7_108,0.89,0,108,108,30
16,r_115_58_18,r_27_20_40,r_3_36_99,r_3_36_99,0.67,-81,18,99,30
10,r_70_78_128,seq101,r_80_31_70,r_70_78_128,0.99,0,128,128,30
2,r_80_31_70,r_38_75_154,r_70_78_128,r_80_31_70,1.0,59,129,70,30
72,seq140,r_113_138_95,seq50,r_113_138_95,0.87,-5,90,95,30
0,r_38_75_154,r_89_46_198,seq122,r_38_75_154,0.92,0,154,154,30
11,r_66_102_149,seq139,r_110_131_111,r_110_131_111,0.58,38,149,111,30
23,r_109_130_175,r_45_84_94,r_43_15_105,r_109_130_175,1.0,0,175,175,30
6,r_129_8_15,r_3_36_99,seq5,r_129_8_15,0.81,-1,14,15,30
20,r_91_98_103,seq2,r_124_4_4,r_91_98_103,1.0,1,104,103,30
15,r_29_6_86,seq123,r_124_4_4,r_29_6_86,1.0,0,86,86,30
48,r_118_0_153,seq97,r_144_136_12,r_144_136_12,0.98,147,159,12,30
95,seq116,r_28_42_1,r_16_56_22,r_16_56_22,1.0,1,23,22,30
13,r_51_13_166,r_22_11_34,r_125_19_173,r_22_11_34,0.55,132,166,34,30
62,seq25,r_55_71_158,seq48,r_55_71_158,0.84,-19,139,158,30
8,r_16_56_22,r_45_84_94,seq116,r_16_56_22,0.99,0,22,22,30
85,seq99,r_149_93_124,r_143_121_81,r_143_121_81,0.97,34,115,81,30
2,r_80_31_70,r_113_138_95,r_38_75_154,r_80_31_70,1.0,0,70,70,30
21,r_145_137_59,r_33_67_174,seq12,r_145_137_59,0.96,0,59,59,30
40,r_79_132_163,r_118_0_153,seq140,r_79_132_163,0.66,0,163,163,30
18,r_43_15_105,seq86,r_112_85_26,r_43_15_105,0.78,1,106,105,30
29,r_55_71_158,r_109_130_175,r_66_102_149,r_55_71_158,0.8,1,159,158,30
34,r_22_11_34,r_51_13_166,seq122,r_51_13_166,0.93,3,169,166,30
33,r_52_47_2,r_38_75_154,r_80_31_70,r_80_31_70,1.0,59,129,70,30
43,r_34_53_57,r_124_4_4,seq63,r_34_53_57,0.88,0,57,57,30
65,seq37,r_127_49_181,r_3_36_99,r_3_36_99,1.0,82,181,99,30
68,seq48,r_109_130_175,r_124_4_4,r_109_130_175,0.78,-61,114,175,30
32,r_149_93_124,seq99,seq94,r_149_93_124,0.97,0,124,124,30
38,r_92_120_161,seq135,r_149_93_124,r_92_120_161,0.68,0,161,161,30
77,seq74,r_38_75_154,r_80_31_70,r_80_31_70,1.0,59,129,70,30
75,seq63,r_33_67_174,r_147_65_72,r_147_65_72,0.99,100,172,72,30
4,r_113_138_95,r_29_6_86,r_26_23_147,r_26_23_147,1.0,-1,146,147,30
9,r_143_121_81,seq60,seq99,r_143_121_81,1.0,0,81,81,30
27,r_128_17_53,seq73,seq10,r_128_17_53,1.0,0,53,53,30
72,seq140,seq50,r_79_132_163,r_79_132_163,0.77,3,166,163,30
34,r_22_11_34,r_92_120_161,r_51_13_166,r_22_11_34,0.95,1,35,34,30
56,seq12,r_127_49_181,r_145_137_59,r_145_137_59,1.0,2,61,59,30
7,r_35_142_140,seq5,r_149_93_124,r_35_142_140,0.59,7,147,140,30
31,r_144_136_12,r_147_65_72,seq81,r_144_136_12,0.98,0,12,12,30
23,r_109_130_175,r_55_71_158,r_45_84_94,r_55_71_158,0.85,-5,153,158,30
35,r_33_67_174,seq63,r_3_36_99,r_33_67_174,0.51,0,174,174,30
46,r_112_85_26,r_124_4_4,r_115_58_18,r_112_85_26,1.0,1,27,26,30
51,seq3,r_124_52_146,r_136_142_75,r_136_142_75,0.55,12,87,75,31
36,r_41_130_89,seq76,r_98_84_86,r_41_130_89,0.87,0,89,89,31
14,r_50_30_173,seq145,r_98_84_86,r_50_30_173,0.5,0,173,173,31
8,r_126_69_135,seq19,r_49_55_32,r_126_69_135,0.75,0,135,135,31
43,r_141_94_193,seq118,r_41_130_89,r_41_130_89,0.72,101,190,89,31
86,seq90,r_140_86_132,seq61,r_140_86_132,0.82,7,139,132,31
16,r_31_77_94,r_147_26_142,r_81_40_41,r_31_77_94,1.0,2,96,94,31
1,r_87_45_161,r_91_66_175,seq134,r_87_45_161,0.56,0,161,161,31
42,r_132_27_123,r_56_110_53,seq71,r_132_27_123,0.95,1,124,123,31
45,r_15_143_140,r_70_25_126,seq144,r_70_25_126,0.97,-10,116,126,31
33,r_10_138_65,r_70_25_126,seq144,r_70_25_126,1.0,0,126,126,31
11,r_81_40_41,seq123,r_31_77_94,r_81_40_41,0.7,106,147,41,31
31,r_92_127_115,seq57,seq101,r_92_127_115,0.96,1,116,115,31
41,r_105_139_171,r_9_42_195,r_99_36_83,r_99_36_83,0.93,90,173,83,31
3,r_115_74_108,seq148,seq11,r_115_74_108,0.74,1,109,108,31
47,r_43_37_12,r_109_97_147,r_70_25_126,r_43_37_12,0.88,0,12,12,31
45,r_15_143_140,seq144,seq145,r_15_143_140,0.99,1,141,140,31
2,r_75_135_13,r_99_36_83,seq118,r_75_135_13,1.0,0,13,13,31
29,r_107_0_28,r_20_116_174,seq13,r_107_0_28,0.76,0,28,28,31
0,r_109_97_147,seq29,r_12_23_109,r_109_97_147,0.54,1,148,147,31
68,seq44,r_63_108_46,seq67,r_63_108_46,0.98,1,47,46,31
20,r_20_116_174,seq58,seq19,r_20_116_174,0.53,2,176,174,31
13,r_12_23_109,r_98_84_86,r_99_36_83,r_99_36_83,0.44,3,86,83,31
15,r_124_52_146,seq67,seq114,r_124_52_146,0.7,0,146,146,31
48,r_79_60_88,r_113_146_184,seq47,r_79_60_88,0.98,1,89,88,31
57,seq13,r_100_133_119,r_107_0_28,r_100_133_119,0.89,-48,71,119,31
62,seq19,r_126_69_135,seq29,r_126_69_135,0.99,0,135,135,31
5,r_54_8_23,r_98_84_86,r_99_36_83,r_54_8_23,1.0,63,86,23,31
27,r_103_33_80,seq129,r_43_37_12,r_103_33_80,0.86,1,81,80,31
9,r_63_108_46,seq44,seq61,r_63_108_46,1.0,1,47,46,31
13,r_12_23_109,r_24_22_93,r_109_97_147,r_109_97_147,1.0,1,148,147,31
40,r_24_22_93,seq123,seq58,r_24_22_93,1.0,3,96,93,31
25,r_99_36_83,r_113_146_184,r_54_8_23,r_99_36_83,0.95,1,84,83,31
33,r_10_138_65,r_136_142_75,r_70_25_126,r_10_138_65,0.98,1,66,65,31
47,r_43_37_12,r_70_25_126,r_103_33_80,r_43_37_12,0.66,81,93,12,31
5,r_54_8_23,seq114,r_98_84_86,r_54_8_23,0.96,0,23,23,31
65,seq29,r_109_97_147,seq19,r_109_97_147,0.93,1,148,147,31
21,r_49_55_32,r_81_40_41,seq114,r_81_40_41,0.72,-8,33,41,31
32,r_136_142_75,r_10_138_65,seq3,r_136_142_75,1.0,-9,66,75,31
13,r_12_23_109,r_99_36_83,r_24_22_93,r_12_23_109,0.99,0,109,109,31
34,r_9_42_195,r_105_139_171,r_82_128_11,r_105_139_171,0.65,-10,161,171,31
81,seq76,r_41_130_89,seq114,r_41_130_89,0.97,0,89,89,31
17,r_38_88_160,seq51,seq5,r_38_88_160,0.34,1,161,160,31
28,r_68_53_26,seq47,r_9_42_195,r_68_53_26,0.82,-3,23,26,31
22,r_70_25_126,r_15_143_140,seq6,r_70_25_126,0.78,0,126,126,31
49,r_147_26_142,r_31_77_94,r_109_97_147,r_31_77_94,0.76,10,104,94,31
7,r_34_7_97,r_126_69_135,r_79_60_88,r_34_7_97,1.0,2,99,97,31
44,r_39_122_84,r_141_94_193,seq149,r_39_122_84,1.0,1,85,84,31
23,r_64_112_117,seq59,r_48_21_197,r_64_112_117,1.0,0,117,117,31
35,r_113_146_184,seq11,r_34_7_97,r_34_7_97,0.68,89,186,97,31
11,r_81_40_41,r_9_42_195,seq123,r_81_40_41,1.0,1,42,41,31
24,r_89_2_39,seq118,seq6,r_89_2_39,0.99,0,39,39,31
30,r_142_9_91,seq141,seq8,r_142_9_91,1.0,0,91,91,32
51,seq5,r_92_33_138,r_7_125_55,r_7_125_55,0.91,84,139,55,32
36,r_81_47_123,seq111,seq42,r_81_47_123,0.99,0,123,123,32
43,r_95_127_82,r_81_47_123,seq94,r_81_47_123,0.83,-40,83,123,32
3,r_57_65_52,seq8,r_7_125_55,r_57_65_52,0.37,91,143,52,32
21,r_77_11_132,seq31,r_147_105_6,r_77_11_132,0.97,0,132,132,32
5,r_36_100_161,r_53_18_109,r_89_32_34,r_53_18_109,0.97,1,110,109,32
46,r_106_79_105,r_22_25_106,seq37,r_106_79_105,1.0,-1,104,105,32
42,r_38_44_62,seq73,seq14,r_38_44_62,1.0,1,63,62,32
19,r_137_112_177,seq14,r_128_97_152,r_128_97_152,0.87,25,177,152,32
13,r_114_113_18,r_64_126_198,seq136,r_114_113_18,0.93,3,21,18,32
11,r_62_21_19,r_45_99_182,r_85_49_127,r_85_49_127,0.87,55,182,127,32
45,r_7_125_55,r_90_146_162,seq5,r_7_125_55,1.0,0,55,55,32
17,r_98_101_39,r_12_40_187,seq140,r_98_101_39,1.0,0,39,39,32
41,r_55_104_89,seq135,seq56,r_55_104_89,1.0,0,89,89,32
67,seq37,r_138_78_130,r_147_105_6,r_138_78_130,0.99,0,130,130,32
4,r_22_25_106,seq67,r_64_126_198,r_22_25_106,0.98,0,106,106,32
0,r_53_18_109,r_36_100_161,r_69_110_116,r_53_18_109,1.0,1,110,109,32
6,r_34_123_11,r_53_18_109,seq67,r_34_123_11,0.95,3,14,11,32
20,r_88_71_180,seq83,r_77_11_132,r_77_11_132,0.82,48,180,132,32
15,r_12_40_187,seq135,r_137_112_177,r_12_40_187,0.5,0,187,187,32
48,r_138_78_130,seq37,seq115,r_138_78_130,0.91,0,130,130,32
10,r_45_99_182,seq29,r_62_21_19,r_62_21_19,0.98,20,39,19,32
33,r_41_119_188,r_53_18_109,r_46_116_42,r_41_119_188,0.81,0,188,188,32
10,r_45_99_182,r_62_21_19,r_92_33_138,r_62_21_19,0.58,163,182,19,32
28,r_82_19_17,r_90_146_162,seq74,r_82_19_17,1.0,0,17,17,32
27,r_128_97_152,r_124_129_174,r_81_47_123,r_81_47_123,0.64,31,154,123,32
11,r_62_21_19,r_53_18_109,r_45_99_182,r_62_21_19,0.86,-1,18,19,32
8,r_93_102_49,r_22_25_106,r_122_35_2,r_93_102_49,1.0,0,49,49,32
22,r_46_116_42,seq13,seq135,r_46_116_42,1.0,1,43,42,32
31,r_26_0_12,seq107,seq70,r_26_0_12,0.96,2,14,12,32
47,r_103_131_183,seq58,r_59_3_35,r_59_3_35,0.64,148,183,35,32
3,r_57_65_52,seq94,seq8,r_57_65_52,0.88,0,52,52,32
18,r_20_27_64,seq10,r_7_125_55,r_7_125_55,0.94,10,65,55,32
89,seq94,r_57_65_52,seq118,r_57_65_52,1.0,0,52,52,32
24,r_86_66_93,seq140,seq67,r_86_66_93,1.0,0,93,93,32
25,r_92_33_138,seq5,r_95_127_82,r_92_33_138,0.71,1,139,138,32
33,r_41_119_188,r_90_146_162,r_53_18_109,r_53_18_109,1.0,55,164,109,32
32,r_139_96_43,seq52,seq83,r_139_96_43,1.0,0,43,43,32
37,r_89_32_34,r_87_23_119,r_36_100_161,r_87_23_119,0.92,-81,38,119,32
7,r_39_4_111,r_147_105_6,r_92_33_138,r_92_33_138,0.95,34,172,138,32
65,seq31,seq130,r_143_61_83,r_143_61_83,1.0,50,133,83,32
61,seq149,r_91_132_80,seq108,r_91_132_80,1.0,0,80,80,32
77,seq58,r_103_131_183,seq13,r_103_131_183,0.78,0,183,183,32
34,r_134_120_166,r_124_129_174,r_34_123_11,r_34_123_11,1.0,155,166,11,32
60,seq145,seq83,r_148_68_86,r_148_68_86,1.0,12,98,86,32
81,seq70,seq60,r_26_0_12,r_26_0_12,1.0,50,62,12,32
9,r_143_61_83,seq6,seq31,r_143_61_83,1.0,0,83,83,32
96,seq115,seq31,r_138_78_130,r_138_78_130,0.93,3,133,130,32
49,r_59_3_35,seq31,seq74,r_59_3_35,1.0,1,36,35,32
7,r_39_4_111,r_81_47_123,r_147_105_6,r_81_47_123,0.54,-9,114,123,32
44,r_91_132_80,seq149,seq115,r_91_132_80,1.0,0,80,80,32
23,r_90_146_162,r_41_119_188,r_85_49_127,r_41_119_188,0.96,-24,164,188,32
89,seq94,seq118,r_95_127_82,r_95_127_82,0.66,29,111,82,32
12,r_87_23_119,r_138_78_130,r_53_18_109,r_138_78_130,0.86,-11,119,130,32
74,seq52,r_139_96_43,r_122_35_2,r_139_96_43,1.0,0,43,43,32
51,seq2,r_9_50_159,seq16,r_9_50_159,0.94,5,164,159,33
36,r_26_124_178,r_118_12_194,r_83_115_95,r_26_124_178,0.53,0,178,178,33
26,r_140_119_45,r_7_108_72,r_75_5_181,r_140_119_45,1.0,0,45,45,33
25,r_97_144_28,seq0,seq51,r_97_144_28,1.0,0,28,28,33
8,r_33_40_118,r_26_124_178,r_62_145_26,r_33_40_118,1.0,0,118,118,33
43,r_128_14_89,seq3,seq66,r_128_14_89,1.0,0,89,89,33
18,r_36_61_32,r_147_89_125,r_111_20_197,r_36_61_32,1.0,0,32,32,33
3,r_75_5_181,r_140_119_45,seq135,r_75_5_181,0.91,3,184,181,33
16,r_37_17_143,r_95_92_147,seq0,r_37_17_143,0.99,1,144,143,33
21,r_88_121_189,seq68,r_82_48_106,r_82_48_106,0.91,1,107,106,33
1,r_62_145_26,r_143_23_120,r_33_40_118,r_33_40_118,1.0,3,121,118,33
5,r_60_34_135,r_30_84_180,r_6_54_112,r_60_34_135,0.85,0,135,135,33
46,r_146_113_99,seq112,r_30_84_180,r_146_113_99,1.0,0,99,99,33
45,r_28_22_85,seq130,r_118_12_194,r_28_22_85,1.0,0,85,85,33
19,r_65_91_102,seq141,r_36_61_32,r_65_91_102,0.92,0,102,102,33
31,r_96_1_87,seq58,r_99_94_165,r_96_1_87,0.99,0,87,87,33
41,r_44_19_77,seq85,seq0,r_44_19_77,1.0,0,77,77,33
67,seq41,seq29,r_106_129_139,r_106_129_139,1.0,33,172,139,33
3,r_75_5_181,r_126_138_133,r_140_119_45,r_140_119_45,0.83,72,117,45,33
10,r_118_12_194,r_26_124_178,r_37_17_143,r_37_17_143,0.73,29,172,143,33
38,r_107_142_116,r_95_92_147,r_143_23_120,r_95_92_147,0.99,1,148,147,33
0,r_126_138_133,r_75_5_181,seq59,r_126_138_133,0.99,-2,131,133,33
11,r_7_108_72,seq0,seq47,r_7_108_72,1.0,0,72,72,33
2,r_98_57_56,r_9_50_159,seq69,r_98_57_56,1.0,0,56,56,33
13,r_95_92_147,r_37_17_143,seq59,r_95_92_147,0.8,-2,145,147,33
48,r_93_148_78,r_147_89_125,seq11,r_93_148_78,1.0,1,79,78,33
15,r_77_103_35,seq56,seq70,r_77_103_35,0.83,2,37,35,33
6,r_81_15_90,r_143_23_120,r_98_57_56,r_81_15_90,0.87,2,92,90,33
62,seq24,r_13_35_154,r_83_115_95,r_83_115_95,0.62,9,104,95,33
27,r_53_101_146,seq70,seq102,r_53_101_146,0.97,0,146,146,33
30,r_143_23_120,r_62_145_26,r_77_103_35,r_62_145_26,0.51,95,121,26,33
87,seq85,r_44_19_77,seq135,r_44_19_77,1.0,0,77,77,33
30,r_143_23_120,r_81_15_90,r_62_145_26,r_143_23_120,0.92,-62,58,120,33
47,r_123_52_130,r_82_48_106,r_143_23_120,r_123_52_130,0.4,-46,84,130,33
67,seq41,r_134_90_46,seq29,r_134_90_46,1.0,0,46,46,33
29,r_13_35_154,seq24,seq112,r_13_35_154,0.99,0,154,154,33
24,r_43_78_144,seq24,r_6_54_112,r_43_78_144,0.81,2,146,144,33
33,r_83_115_95,r_53_101_146,seq24,r_83_115_95,1.0,0,95,95,33
86,seq141,r_110_10_196,r_134_90_46,r_134_90_46,1.0,8,54,46,33
50,seq0,seq137,r_44_19_77,r_44_19_77,1.0,1,78,77,33
70,seq47,r_147_89_125,r_7_108_72,r_7_108_72,0.76,47,119,72,33
47,r_123_52_130,r_143_23_120,seq3,r_123_52_130,1.0,0,130,130,33
32,r_136_8_91,r_118_12_194,seq49,r_136_8_91,1.0,0,91,91,33
31,r_96_1_87,r_99_94_165,r_149_32_134,r_96_1_87,1.0,54,141,87,33
38,r_107_142_116,r_46_73_138,r_95_92_147,r_107_142_116,0.64,0,116,116,33
20,r_76_27_27,r_44_19_77,seq86,r_76_27_27,0.97,0,27,27,33
34,r_105_139_62,seq69,seq130,r_105_139_62,1.0,0,62,62,33
73,seq56,seq87,r_109_80_19,r_109_80_19,1.0,39,58,19,33
37,r_109_80_19,r_60_34_135,seq56,r_109_80_19,0.99,1,20,19,33
75,seq59,seq58,r_95_92_147,r_95_92_147,0.98,4,151,147,33
17,r_6_54_112,seq86,r_97_144_28,r_6_54_112,1.0,0,112,112,33
9,r_99_94_165,seq66,seq25,r_99_94_165,0.81,0,165,165,33
26,r_140_119_45,r_75_5_181,r_147_89_125,r_147_89_125,1.0,16,141,125,33
22,r_46_73_138,r_30_84_180,r_93_148_78,r_30_84_180,0.98,-38,142,180,33
28,r_21_55_185,seq58,r_118_12_194,r_21_55_185,0.63,1,186,185,33
49,r_9_50_159,seq2,r_143_23_120,r_9_50_159,0.59,5,164,159,33
7,r_147_89_125,seq47,r_140_119_45,r_147_89_125,0.71,0,125,125,33
44,r_149_32_134,r_111_20_197,r_96_1_87,r_149_32_134,1.0,0,134,134,33
23,r_82_48_106,r_53_101_146,r_88_121_189,r_82_48_106,0.9,1,107,106,33
39,r_134_90_46,seq41,seq141,r_134_90_46,1.0,0,46,46,33
35,r_111_20_197,r_149_32_134,r_36_61_32,r_111_20_197,1.0,-124,73,197,33
12,r_106_129_139,r_99_94_165,seq41,r_106_129_139,0.94,0,139,139,33
1,r_62_145_26,r_146_113_99,r_143_23_120,r_62_145_26,1.0,0,26,26,33
97,seq113,seq55,r_71_11_22,r_71_11_22,0.97,30,52,22,34
37,r_13_130_56,seq17,r_75_36_9,r_13_130_56,1.0,0,56,56,34
30,r_49_126_187,seq90,r_8_0_108,r_49_126_187,0.46,0,187,187,34
20,r_38_68_13,r_137_116_189,seq101,r_38_68_13,0.86,-1,12,13,34
14,r_8_0_108,seq132,seq47,r_8_0_108,0.92,2,110,108,34
8,r_91_60_81,r_112_138_144,seq39,r_91_60_81,1.0,2,83,81,34
62,seq146,seq26,r_80_27_30,r_80_27_30,1.0,1,31,30,34
43,r_104_53_146,seq84,r_50_28_4,r_50_28_4,0.52,147,151,4,34
21,r_120_46_164,r_65_63_36,r_112_138_144,r_112_138_144,0.69,22,166,144,34
39,r_62_22_75,seq131,seq58,r_62_22_75,0.84,1,76,75,34
1,r_50_28_4,r_34_57_117,r_78_92_137,r_34_57_117,1.0,0,117,117,34
42,r_14_29_131,r_112_138_144,seq7,r_14_29_131,0.7,1,132,131,34
44,r_127_117_21,seq10,seq51,r_127_117_21,0.89,2,23,21,34
7,r_108_149_188,r_61_141_94,r_120_46_164,r_61_141_94,0.74,94,188,94,34
69,seq31,r_133_23_160,r_83_42_53,r_83_42_53,0.88,12,65,53,34
45,r_122_81_119,r_34_57_117,seq1,r_122_81_119,0.69,0,119,119,34
11,r_65_63_36,r_120_46_164,r_82_99_99,r_82_99_99,0.99,67,166,99,34
41,r_74_59_163,seq1,r_67_79_63,r_74_59_163,0.41,3,166,163,34
3,r_67_79_63,r_108_149_188,seq39,r_67_79_63,1.0,0,63,63,34
26,r_147_44_141,seq1,r_112_138_144,r_147_44_141,0.47,6,147,141,34
12,r_144_136_35,r_133_23_160,r_75_36_9,r_144_136_35,1.0,1,36,35,34
4,r_118_56_107,seq132,seq35,r_118_56_107,0.96,0,107,107,34
0,r_12_125_132,seq132,r_54_123_57,r_12_125_132,0.99,1,133,132,34
31,r_83_42_53,r_104_53_146,r_94_119_171,r_83_42_53,0.97,0,53,53,34
13,r_77_45_193,r_82_99_99,r_54_123_57,r_77_45_193,0.55,-120,73,193,34
33,r_95_18_41,seq101,r_52_115_10,r_95_18_41,1.0,0,41,41,34
15,r_137_116_189,seq69,r_97_33_138,r_97_33_138,1.0,51,189,138,34
48,r_70_107_61,r_66_2_184,seq47,r_66_2_184,0.7,-97,87,184,34
52,seq131,r_96_110_199,r_50_28_4,r_96_110_199,0.71,-42,157,199,34
27,r_3_114_186,r_96_110_199,r_67_79_63,r_96_110_199,0.34,-13,186,199,34
76,seq47,r_129_87_50,r_70_107_61,r_129_87_50,1.0,0,50,50,34
47,r_82_99_99,r_77_45_193,seq40,r_82_99_99,0.87,4,103,99,34
29,r_66_2_184,seq86,seq140,r_66_2_184,0.51,0,184,184,34
24,r_34_57_117,r_122_81_119,r_70_107_61,r_34_57_117,1.0,0,117,117,34
25,r_96_110_199,r_3_114_186,r_78_92_137,r_96_110_199,0.34,-13,186,199,34
64,seq21,r_94_119_171,r_118_56_107,r_118_56_107,1.0,64,171,107,34
36,r_129_87_50,seq47,r_106_6_25,r_129_87_50,1.0,0,50,50,34
32,r_48_9_113,r_34_57_117,r_95_18_41,r_48_9_113,0.65,0,113,113,34
77,seq51,r_61_141_94,r_127_117_21,r_127_117_21,0.64,118,139,21,34
76,seq47,r_70_107_61,r_8_0_108,r_8_0_108,0.99,6,114,108,34
34,r_64_105_86,seq85,seq40,r_64_105_86,0.99,0,86,86,34
60,seq15,seq31,r_83_42_53,r_83_42_53,1.0,27,80,53,34
18,r_80_27_30,r_34_57_117,seq146,r_80_27_30,0.97,0,30,30,34
5,r_71_11_22,r_78_92_137,seq113,r_71_11_22,0.95,-2,20,22,34
9,r_111_145_161,seq86,r_112_138_144,r_112_138_144,0.88,17,161,144,34
17,r_106_6_25,r_104_53_146,r_137_116_189,r_106_6_25,0.54,1,26,25,34
31,r_83_42_53,r_94_119_171,r_122_81_119,r_122_81_119,0.62,52,171,119,34
28,r_97_33_138,r_70_107_61,r_61_141_94,r_97_33_138,0.84,0,138,138,34
17,r_106_6_25,r_137_116_189,r_129_87_50,r_129_87_50,0.9,0,50,50,34
28,r_97_33_138,seq47,r_70_107_61,r_70_107_61,0.64,2,63,61,34
11,r_65_63_36,r_61_141_94,r_120_46_164,r_65_63_36,0.6,0,36,36,34
49,r_135_16_118,r_108_149_188,seq86,r_135_16_118,1.0,0,118,118,34
7,r_108_149_188,r_135_16_118,r_61_141_94,r_135_16_118,0.99,0,118,118,34
19,r_54_123_57,seq139,r_77_45_193,r_54_123_57,0.79,1,58,57,34
35,r_121_72_136,seq5,seq134,r_121_72_136,0.77,0,136,136,34
84,seq85,r_64_105_86,seq1,r_64_105_86,1.0,-22,64,86,34
30,r_68_88_82,r_98_106_193,seq9,r_68_88_82,0.93,0,82,82,35
36,r_38_15_175,r_42_13_191,r_132_6_86,r_42_13_191,0.54,-24,167,191,35
8,r_41_91_115,r_50_71_52,r_46_127_107,r_41_91_115,1.0,1,116,115,35
41,r_115_103_49,seq31,r_19_107_17,r_115_103_49,1.0,0,49,49,35
54,seq9,r_148_73_84,r_68_88_82,r_148_73_84,0.85,-3,81,84,35
37,r_87_128_183,seq56,r_132_6_86,r_132_6_86,0.6,97,183,86,35
21,r_23_80_181,r_147_62_148,r_54_69_192,r_147_62_148,0.94,2,150,148,35
5,r_4_90_79,r_39_25_110,seq2,r_4_90_79,1.0,0,79,79,35
46,r_147_62_148,r_23_80_181,r_66_32_137,r_147_62_148,0.76,2,150,148,35
42,r_39_25_110,seq78,r_40_58_62,r_40_58_62,0.78,50,112,62,35
95,seq122,r_140_17_22,seq35,r_140_17_22,0.99,-1,21,22,35
19,r_7_102_154,r_81_48_5,seq11,r_7_102_154,0.59,0,154,154,35
18,r_27_97_43,r_63_10_119,r_93_59_93,r_27_97_43,0.72,0,43,43,35
39,r_28_95_23,r_116_113_133,r_149_135_63,r_28_95_23,0.95,102,125,23,35
31,r_120_75_66,seq136,seq108,r_120_75_66,1.0,0,66,66,35
89,seq108,r_116_113_133,r_120_75_66,r_120_75_66,0.81,59,125,66,35
39,r_28_95_23,seq35,r_116_113_133,r_28_95_23,0.88,-6,17,23,35
3,r_63_10_119,r_114_143_99,r_16_134_195,r_114_143_99,0.85,0,99,99,35
26,r_93_59_93,r_24_43_74,seq26,r_24_43_74,1.0,1,75,74,35
4,r_40_58_62,seq44,seq133,r_40_58_62,1.0,0,62,62,35
0,r_77_110_101,r_93_59_93,seq22,r_77_110_101,0.99,1,102,101,35
63,seq133,r_98_106_193,r_140_17_22,r_140_17_22,1.0,99,121,22,35
73,seq56,r_87_128_183,r_12_1_106,r_87_128_183,0.85,0,183,183,35
11,r_24_43_74,r_93_59_93,r_50_71_52,r_24_43_74,1.0,1,75,74,35
20,r_109_137_100,r_57_0_121,r_53_138_11,r_109_137_100,0.72,2,102,100,35
13,r_57_0_121,r_109_137_100,seq35,r_57_0_121,0.69,-19,102,121,35
49,r_129_85_57,r_14_36_48,r_34_146_80,r_34_146_80,0.7,81,161,80,35
14,r_14_36_48,seq11,r_140_17_22,r_14_36_48,1.0,0,48,48,35
6,r_46_127_107,seq47,seq44,r_46_127_107,0.92,0,107,107,35
49,r_129_85_57,r_54_69_192,r_14_36_48,r_129_85_57,0.95,0,57,57,35
3,r_63_10_119,r_16_134_195,r_109_137_100,r_63_10_119,1.0,0,119,119,35
48,r_140_17_22,seq122,seq133,r_140_17_22,0.99,0,22,22,35
2,r_12_1_106,r_98_106_193,seq123,r_98_106_193,0.89,-83,110,193,35
47,r_116_113_133,seq108,r_12_1_106,r_116_113_133,0.96,0,133,133,35
40,r_81_48_5,r_7_102_154,r_34_146_80,r_34_146_80,0.94,74,154,80,35
29,r_149_135_63,seq22,r_28_95_23,r_149_135_63,1.0,0,63,63,35
17,r_19_107_17,r_41_91_115,seq104,r_41_91_115,0.54,-98,17,115,35
21,r_23_80_181,r_54_69_192,seq55,r_23_80_181,0.82,2,183,181,35
25,r_105_94_190,seq121,r_19_107_17,r_19_107_17,0.8,173,190,17,35
6,r_46_127_107,seq44,r_41_91_115,r_46_127_107,0.51,46,153,107,35
33,r_114_143_99,r_63_10_119,r_93_59_93,r_93_59_93,0.76,6,99,93,35
64,seq33,r_145_131_95,r_19_107_17,r_145_131_95,0.93,-26,69,95,35
32,r_50_71_52,r_41_91_115,r_24_43_74,r_50_71_52,0.75,58,110,52,35
38,r_86_79_186,seq78,r_49_84_182,r_49_84_182,0.47,4,186,182,35
44,r_54_69_192,r_129_85_57,r_76_82_37,r_54_69_192,1.0,-155,37,192,35
66,seq44,r_40_58_62,seq130,r_40_58_62,1.0,-11,51,62,35
20,r_109_137_100,r_53_138_11,r_63_10_119,r_109_137_100,0.72,21,121,100,35
45,r_76_82_37,r_54_69_192,seq47,r_76_82_37,0.46,141,178,37,35
10,r_83_61_47,seq18,seq144,r_83_61_47,1.0,0,47,47,35
9,r_37_142_155,seq130,r_120_75_66,r_37_142_155,0.45,0,155,155,35
22,r_98_106_193,seq20,r_129_85_57,r_129_85_57,1.0,16,73,57,35
56,seq130,r_37_142_155,r_148_73_84,r_148_73_84,0.87,69,153,84,35
7,r_132_6_86,seq104,seq122,r_132_6_86,0.96,0,86,86,35
16,r_42_13_191,r_24_43_74,r_98_106_193,r_24_43_74,0.98,-22,52,74,35
79,seq78,r_39_25_110,seq67,r_39_25_110,0.88,9,119,110,35
45,r_76_82_37,r_98_106_193,r_54_69_192,r_76_82_37,0.99,0,37,37,35
51,seq4,r_30_115_184,r_117_123_114,r_117_123_114,0.62,20,134,114,36
36,r_74_45_90,r_28_7_153,r_73_104_42,r_74_45_90,0.9,0,90,90,36
18,r_117_123_114,r_9_26_37,seq4,r_117_123_114,1.0,0,114,114,36
14,r_56_40_9,seq60,r_5_19_60,r_5_19_60,1.0,13,73,60,36
43,r_139_127_89,seq149,r_9_26_37,r_139_127_89,0.99,0,89,89,36
37,r_114_92_108,seq12,seq16,r_114_92_108,0.95,3,111,108,36
30,r_32_95_39,r_21_53_38,seq109,r_32_95_39,0.99,0,39,39,36
71,seq44,r_108_93_148,r_140_52_84,r_140_52_84,0.88,0,84,84,36
39,r_83_62_99,r_5_19_60,r_48_97_193,r_83_62_99,1.0,-35,64,99,36
42,r_34_69_131,r_99_17_183,r_73_104_42,r_34_69_131,0.7,10,141,131,36
15,r_47_142_48,r_85_125_196,seq22,r_47_142_48,1.0,0,48,48,36
19,r_101_76_82,r_68_106_92,seq109,r_101_76_82,0.99,1,83,82,36
52,seq133,r_6_80_135,r_2_122_28,r_2_122_28,1.0,11,39,28,36
48,r_14_86_36,r_101_76_82,seq138,r_14_86_36,0.98,3,39,36,36
32,r_73_104_42,r_94_146_179,r_74_45_90,r_74_45_90,0.97,1,91,90,36
39,r_83_62_99,r_48_97_193,r_9_26_37,r_83_62_99,0.81,90,189,99,36
31,r_82_91_160,r_39_121_80,seq116,r_39_121_80,0.61,68,148,80,36
26,r_87_129_120,r_30_115_184,r_101_76_82,r_30_115_184,1.0,-64,120,184,36
0,r_88_107_112,r_11_120_125,seq71,r_88_107_112,0.73,1,113,112,36
11,r_113_90_156,r_48_97_193,seq96,r_113_90_156,0.54,1,157,156,36
13,r_108_93_148,seq44,seq36,r_108_93_148,0.71,3,151,148,36
10,r_84_78_56,r_117_123_114,r_2_122_28,r_84_78_56,1.0,0,56,56,36
33,r_70_50_14,r_85_125_196,r_144_111_63,r_70_50_14,0.99,0,14,14,36
46,r_21_53_38,r_32_95_39,seq58,r_21_53_38,1.0,1,39,38,36
27,r_68_106_92,r_30_115_184,r_144_111_63,r_68_106_92,0.99,0,92,92,36
2,r_27_67_101,seq135,r_32_95_39,r_27_67_101,0.84,0,101,101,36
18,r_117_123_114,r_140_52_84,r_9_26_37,r_117_123_114,0.61,-26,88,114,36
29,r_94_146_179,seq20,r_47_142_48,r_47_142_48,1.0,131,179,48,36
24,r_140_52_84,r_117_123_114,seq44,r_140_52_84,1.0,4,88,84,36
34,r_5_19_60,r_3_43_169,seq60,r_3_43_169,0.58,0,169,169,36
6,r_9_26_37,seq55,r_131_24_107,r_9_26_37,0.86,2,39,37,36
47,r_131_24_107,r_9_26_37,seq58,r_131_24_107,0.99,1,108,107,36
6,r_9_26_37,r_131_24_107,r_139_127_89,r_9_26_37,0.96,71,108,37,36
68,seq38,r_119_100_198,r_75_81_59,r_75_81_59,1.0,6,65,59,36
61,seq20,r_94_146_179,seq105,r_94_146_179,0.77,-1,178,179,36
38,r_39_121_80,seq116,seq112,r_39_121_80,0.73,-2,78,80,36
47,r_131_24_107,r_84_78_56,r_9_26_37,r_131_24_107,0.96,-65,42,107,36
34,r_5_19_60,r_83_62_99,r_3_43_169,r_5_19_60,1.0,4,64,60,36
75,seq55,seq60,r_5_19_60,r_5_19_60,1.0,13,73,60,36
17,r_118_134_111,r_145_79_109,seq58,r_118_134_111,0.9,0,111,111,36
9,r_48_97_193,r_113_90_156,r_83_62_99,r_83_62_99,0.91,58,157,99,36
22,r_25_59_178,seq116,r_114_92_108,r_114_92_108,0.76,71,179,108,36
76,seq58,seq112,r_21_53_38,r_21_53_38,0.41,5,43,38,36
28,r_57_31_78,r_39_121_80,seq96,r_57_31_78,0.91,0,78,78,36
91,seq105,r_94_146_179,r_73_104_42,r_73_104_42,0.9,138,180,42,36
49,r_99_17_183,r_63_130_199,seq138,r_63_130_199,0.45,-15,184,199,36
41,r_2_122_28,r_5_19_60,seq133,r_2_122_28,1.0,1,29,28,36
7,r_6_80_135,r_28_7_153,seq41,r_28_7_153,0.39,-16,137,153,36
1,r_98_51_17,seq10,seq29,r_98_51_17,0.9,0,17,17,36
23,r_3_43_169,seq60,r_5_19_60,r_5_19_60,1.0,8,68,60,36
35,r_75_81_59,r_114_92_108,seq38,r_75_81_59,1.0,4,63,59,36
12,r_11_120_125,seq15,r_75_81_59,r_11_120_125,0.99,0,125,125,36
32,r_73_104_42,r_101_76_82,r_94_146_179,r_73_104_42,0.98,0,42,42,36
23,r_3_43_169,r_5_19_60,r_39_121_80,r_5_19_60,0.65,109,169,60,36
84,seq138,seq36,r_14_86_36,r_14_86_36,1.0,35,71,36,36
30,r_39_103_168,seq23,r_107_147_147,r_39_103_168,0.4,0,168,168,37
51,seq3,r_4_139_149,r_1_62_44,r_1_62_44,0.79,105,149,44,37
93,seq115,r_148_66_55,r_80_86_182,r_148_66_55,1.0,0,55,55,37
36,r_81_79_108,seq44,r_101_131_135,r_81_79_108,0.59,0,108,108,37
91,seq108,seq46,r_38_50_20,r_38_50_20,1.0,7,27,20,37
8,r_26_48_151,seq129,seq30,r_26_48_151,0.9,0,151,151,37
18,r_6_55_32,r_10_18_25,seq118,r_6_55_32,1.0,2,34,32,37
13,r_141_34_43,r_7_73_180,r_52_125_150,r_141_34_43,1.0,0,43,43,37
3,r_78_105_184,r_148_66_55,r_91_82_179,r_78_105_184,0.64,0,184,184,37
84,seq84,r_95_98_58,r_111_5_10,r_111_5_10,1.0,0,10,10,37
71,seq37,seq30,r_119_47_18,r_119_47_18,0.7,119,137,18,37
39,r_130_76_170,seq122,r_133_67_124,r_133_67_124,0.64,46,170,124,37
10,r_119_47_18,r_109_65_111,r_52_125_150,r_119_47_18,0.74,0,18,18,37
19,r_91_82_179,seq44,seq122,r_91_82_179,0.54,0,179,179,37
41,r_80_86_182,seq126,r_13_32_119,r_80_86_182,0.36,0,182,182,37
3,r_78_105_184,seq138,r_148_66_55,r_148_66_55,1.0,8,63,55,37
38,r_90_127_23,seq115,seq132,r_90_127_23,0.99,1,24,23,37
14,r_10_18_25,r_6_55_32,seq16,r_6_55_32,0.63,-11,21,32,37
26,r_109_65_111,seq43,r_42_94_57,r_109_65_111,0.84,1,112,111,37
46,r_89_114_185,r_95_98_58,r_10_18_25,r_10_18_25,0.57,160,185,25,37
0,r_0_59_194,r_39_103_168,r_96_144_69,r_96_144_69,1.0,4,73,69,37
73,seq44,seq75,r_133_67_124,r_133_67_124,0.99,15,139,124,37
11,r_21_100_122,r_91_82_179,r_83_145_12,r_21_100_122,0.98,0,122,122,37
15,r_58_143_131,seq44,seq35,r_58_143_131,1.0,0,131,131,37
17,r_24_72_186,r_77_93_3,r_26_48_151,r_24_72_186,0.99,0,186,186,37
4,r_101_131_135,seq16,r_81_79_108,r_81_79_108,0.53,0,108,108,37
99,seq126,r_80_86_182,r_123_128_61,r_123_128_61,1.0,121,182,61,37
5,r_29_45_134,r_6_55_32,r_38_50_20,r_29_45_134,1.0,0,134,134,37
42,r_54_117_36,seq22,seq44,r_54_117_36,0.84,0,36,36,37
2,r_133_67_124,r_107_147_147,r_54_117_36,r_133_67_124,1.0,0,124,124,37
93,seq115,r_80_86_182,r_81_79_108,r_81_79_108,1.0,41,149,108,37
40,r_19_135_165,r_24_72_186,r_107_147_147,r_19_135_165,0.53,0,165,165,37
24,r_33_56_160,r_24_72_186,r_4_139_149,r_33_56_160,0.82,5,165,160,37
25,r_52_125_150,r_1_62_44,r_141_34_43,r_52_125_150,1.0,-106,44,150,37
33,r_123_128_61,seq44,seq126,r_123_128_61,1.0,0,61,61,37
5,r_29_45_134,r_133_67_124,r_6_55_32,r_6_55_32,1.0,12,44,32,37
21,r_148_66_55,seq115,r_6_55_32,r_148_66_55,0.95,0,55,55,37
58,seq140,r_19_135_165,seq25,r_19_135_165,1.0,-24,141,165,37
48,r_1_62_44,r_52_125_150,seq3,r_1_62_44,1.0,0,44,44,37
95,seq118,seq138,r_6_55_32,r_6_55_32,1.0,21,53,32,37
34,r_42_94_57,seq25,seq61,r_42_94_57,1.0,0,57,57,37
17,r_24_72_186,r_33_56_160,r_77_93_3,r_24_72_186,0.53,-21,165,186,37
27,r_146_71_16,r_4_139_149,seq102,r_146_71_16,1.0,0,16,16,37
9,r_83_145_12,seq149,seq30,r_83_145_12,0.96,-2,10,12,37
6,r_28_113_27,seq122,seq70,r_28_113_27,0.78,0,27,27,37
32,r_68_136_145,r_80_86_182,seq16,r_68_136_145,0.65,-134,11,145,37
29,r_38_50_20,seq132,seq108,r_38_50_20,1.0,0,20,20,37
16,r_17_63_53,seq30,r_107_147_147,r_17_63_53,1.0,0,53,53,37
36,r_81_79_108,r_101_131_135,seq115,r_101_131_135,0.99,1,136,135,37
4,r_101_131_135,r_81_79_108,seq129,r_101_131_135,0.94,1,136,135,37
49,r_96_144_69,r_36_121_70,seq129,r_96_144_69,0.99,1,70,69,37
4,r_101_131_135,seq115,seq16,r_101_131_135,0.56,-102,33,135,37
7,r_12_69_141,r_97_41_107,seq112,r_12_69_141,0.95,1,142,141,37
44,r_36_121_70,r_133_67_124,seq16,r_36_121_70,0.99,0,70,70,37
35,r_7_73_180,r_141_34_43,r_133_67_124,r_7_73_180,0.92,-137,43,180,37
43,r_111_5_10,r_133_67_124,r_77_93_3,r_111_5_10,0.98,0,10,10,37
35,r_7_73_180,r_133_67_124,seq106,r_133_67_124,0.98,-27,97,124,37
30,r_39_11_65,seq63,seq15,r_39_11_65,0.86,7,72,65,38
53,seq132,r_94_139_85,r_133_43_8,r_94_139_85,0.73,0,85,85,38
1,r_125_95_48,r_10_98_68,r_2_116_13,r_125_95_48,0.86,2,50,48,38
43,r_122_78_73,seq55,r_120_47_150,r_122_78_73,1.0,0,73,73,38
3,r_91_5_35,r_77_24_77,seq112,r_91_5_35,0.94,0,35,35,38
37,r_120_47_150,r_45_31_118,r_122_78_73,r_122_78_73,1.0,0,73,73,38
16,r_140_59_91,r_89_114_174,r_108_4_59,r_140_59_91,0.97,4,95,91,38
39,r_131_34_191,r_101_22_144,r_51_16_29,r_51_16_29,0.81,122,151,29,38
46,r_62_85_71,r_148_46_189,seq106,r_62_85_71,1.0,0,71,71,38
42,r_10_98_68,seq28,r_51_16_29,r_10_98_68,1.0,0,68,68,38
32,r_127_103_41,r_89_114_174,r_118_117_31,r_89_114_174,0.98,-37,137,174,38
69,seq42,r_89_114_174,r_118_117_31,r_118_117_31,0.71,143,174,31,38
45,r_56_60_103,seq18,r_62_85_71,r_56_60_103,0.62,0,103,103,38
24,r_148_46_189,seq21,r_30_79_46,r_148_46_189,0.37,-15,174,189,38
27,r_143_84_27,seq137,seq18,r_143_84_27,0.84,0,27,27,38
31,r_121_81_89,seq49,r_30_79_46,r_30_79_46,1.0,48,94,46,38
41,r_86_67_148,seq126,seq132,r_86_67_148,0.95,0,148,148,38
18,r_146_54_33,seq65,r_12_142_55,r_12_142_55,0.76,8,63,55,38
18,r_146_54_33,r_121_81_89,seq65,r_146_54_33,0.93,0,33,33,38
44,r_0_1_43,r_121_81_89,seq110,r_0_1_43,1.0,0,43,43,38
8,r_75_9_24,r_118_117_31,seq137,r_75_9_24,1.0,-1,23,24,38
14,r_133_43_8,r_107_71_80,r_138_53_72,r_133_43_8,1.0,72,80,8,38
28,r_30_79_46,r_94_139_85,r_121_81_89,r_30_79_46,1.0,1,47,46,38
32,r_127_103_41,r_12_142_55,r_89_114_174,r_127_103_41,0.82,0,41,41,38
59,seq15,r_12_142_55,r_39_11_65,r_12_142_55,1.0,0,55,55,38
49,r_51_16_29,r_131_34_191,r_10_98_68,r_10_98_68,0.99,16,84,68,38
63,seq21,r_148_46_189,r_121_81_89,r_121_81_89,0.51,89,178,89,38
11,r_89_114_174,seq42,r_45_31_118,r_89_114_174,0.88,0,174,174,38
13,r_48_147_126,seq97,seq61,r_48_147_126,0.95,1,127,126,38
6,r_130_76_99,seq3,r_29_32_10,r_130_76_99,1.0,0,99,99,38
78,seq65,seq26,r_146_54_33,r_146_54_33,1.0,3,36,33,38
56,seq8,seq26,r_118_117_31,r_118_117_31,1.0,5,36,31,38
4,r_35_149_62,r_12_142_55,seq99,r_12_142_55,0.93,0,55,55,38
53,seq132,r_133_43_8,r_86_67_148,r_86_67_148,0.99,2,150,148,38
35,r_135_96_9,r_118_117_31,r_19_124_5,r_135_96_9,0.9,3,12,9,38
2,r_72_20_137,r_86_67_148,seq28,r_72_20_137,0.91,0,137,137,38
47,r_138_53_72,r_121_81_89,r_133_43_8,r_138_53_72,1.0,0,72,72,38
40,r_77_24_77,seq44,r_33_90_42,r_77_24_77,1.0,0,77,77,38
29,r_23_74_95,seq128,seq49,r_23_74_95,0.57,9,104,95,38
24,r_148_46_189,r_62_85_71,seq21,r_62_85_71,1.0,0,71,71,38
24,r_148_46_189,r_30_79_46,r_118_117_31,r_148_46_189,0.85,0,189,189,38
25,r_104_68_143,r_134_58_195,r_122_78_73,r_104_68_143,0.96,0,143,143,38
43,r_122_78_73,r_120_47_150,r_104_68_143,r_122_78_73,1.0,78,151,73,38
33,r_94_139_85,seq132,r_91_5_35,r_94_139_85,1.0,0,85,85,38
88,seq99,seq100,r_35_149_62,r_35_149_62,1.0,1,63,62,38
21,r_12_142_55,r_41_82_1,r_146_54_33,r_12_142_55,1.0,0,55,55,38
70,seq44,r_77_24_77,seq8,r_77_24_77,1.0,0,77,77,38
14,r_133_43_8,r_108_4_59,r_107_71_80,r_133_43_8,0.9,2,10,8,38
0,r_33_90_42,seq111,seq110,r_33_90_42,1.0,0,42,42,38
17,r_107_71_80,r_94_139_85,seq49,r_107_71_80,1.0,0,80,80,38
9,r_45_31_118,seq50,seq123,r_45_31_118,0.61,8,126,118,38
26,r_29_32_10,seq28,r_130_76_99,r_130_76_99,1.0,-1,98,99,38
49,r_51_16_29,seq106,r_131_34_191,r_51_16_29,0.97,0,29,29,38
12,r_108_4_59,seq55,seq87,r_108_4_59,1.0,0,59,59,38
37,r_120_47_150,r_122_78_73,r_35_149_62,r_120_47_150,1.0,1,151,150,38
22,r_101_22_144,r_131_34_191,r_37_145_40,r_37_145_40,1.0,105,145,40,38
5,r_118_117_31,r_130_76_99,seq8,r_118_117_31,1.0,0,31,31,38
9,r_87_62_81,r_148_106_183,r_97_72_69,r_87_62_81,0.95,3,84,81,39
37,r_4_76_104,r_53_52_23,seq118,r_53_52_23,0.72,1,24,23,39
5,r_90_57_32,r_9_111_25,seq98,r_90_57_32,0.8,-10,22,32,39
16,r_5_40_132,r_22_138_162,seq30,r_5_40_132,0.54,3,135,132,39
21,r_147_84_154,seq88,r_95_42_126,r_147_84_154,0.81,2,156,154,39
45,r_22_138_162,r_5_40_132,r_59_60_131,r_5_40_132,0.54,3,135,132,39
36,r_122_10_38,r_4_76_104,seq45,r_122_10_38,1.0,0,38,38,39
46,r_49_105_29,r_87_62_81,r_78_135_19,r_49_105_29,0.99,0,29,29,39
27,r_116_25_57,r_22_138_162,r_59_60_131,r_116_25_57,0.9,96,153,57,39
0,r_9_111_25,r_121_112_152,r_53_52_23,r_9_111_25,0.96,-1,24,25,39
14,r_58_133_18,seq118,seq123,r_58_133_18,0.56,2,20,18,39
4,r_7_93_148,seq44,r_15_18_33,r_15_18_33,0.81,-3,30,33,39
31,r_13_131_64,r_87_62_81,r_9_111_25,r_9_111_25,0.9,39,64,25,39
41,r_32_120_191,r_74_21_115,r_95_42_126,r_95_42_126,0.67,0,126,126,39
44,r_53_52_23,r_4_76_104,seq119,r_53_52_23,0.97,1,24,23,39
3,r_51_36_89,r_94_75_39,r_2_61_133,r_94_75_39,0.98,1,40,39,39
39,r_94_75_39,r_51_36_89,seq39,r_94_75_39,0.57,1,40,39,39
26,r_29_24_125,seq6,seq114,r_29_24_125,0.98,1,126,125,39
72,seq48,r_33_144_124,seq54,r_33_144_124,0.88,1,125,124,39
11,r_128_149_95,seq134,seq140,r_128_149_95,0.93,0,95,95,39
20,r_148_106_183,r_67_113_86,seq118,r_148_106_183,0.87,-96,87,183,39
15,r_103_38_129,seq134,r_58_133_18,r_103_38_129,0.88,1,130,129,39
68,seq44,seq41,r_101_3_54,r_101_3_54,1.0,2,56,54,39
4,r_7_93_148,r_15_18_33,seq12,r_7_93_148,0.45,1,149,148,39
13,r_15_18_33,r_7_93_148,seq68,r_7_93_148,0.99,0,148,148,39
62,seq30,seq115,r_5_40_132,r_5_40_132,0.83,11,143,132,39
19,r_101_3_54,seq119,seq44,r_101_3_54,0.99,1,55,54,39
89,seq98,seq46,r_90_57_32,r_90_57_32,0.97,6,38,32,39
13,r_15_18_33,r_145_132_66,r_7_93_148,r_15_18_33,0.97,0,33,33,39
87,seq88,r_129_100_157,seq28,r_129_100_157,0.56,-5,152,157,39
47,r_97_72_69,seq8,seq55,r_97_72_69,1.0,0,69,69,39
40,r_146_80_123,r_126_17_1,r_63_141_2,r_146_80_123,0.59,0,123,123,39
45,r_22_138_162,r_59_60_131,r_110_81_101,r_22_138_162,0.59,0,162,162,39
18,r_59_60_131,r_147_84_154,r_19_143_84,r_19_143_84,0.58,47,131,84,39
29,r_110_81_101,r_5_40_132,seq83,r_110_81_101,0.76,0,101,101,39
24,r_145_132_66,seq130,r_11_109_71,r_145_132_66,1.0,2,68,66,39
3,r_51_36_89,r_2_61_133,r_26_104_4,r_51_36_89,1.0,0,89,89,39
33,r_37_79_109,r_2_61_133,seq20,r_37_79_109,0.89,3,112,109,39
88,seq92,r_126_17_1,r_74_21_115,r_74_21_115,0.99,4,119,115,39
50,seq130,seq127,r_95_42_126,r_95_42_126,0.88,1,127,126,39
42,r_95_42_126,r_64_102_139,seq130,r_95_42_126,0.97,4,130,126,39
32,r_11_109_71,seq124,r_145_132_66,r_11_109_71,0.99,2,73,71,39
38,r_77_73_135,seq27,r_37_79_109,r_37_79_109,1.0,27,136,109,39
77,seq65,r_86_107_177,seq139,r_86_107_177,0.8,1,178,177,39
75,seq55,seq130,r_87_62_81,r_87_62_81,1.0,3,84,81,39
60,seq27,r_77_73_135,r_145_132_66,r_145_132_66,1.0,70,136,66,39
17,r_33_144_124,seq48,seq68,r_33_144_124,0.88,1,125,124,39
9,r_87_62_81,r_13_131_64,r_148_106_183,r_13_131_64,0.62,0,64,64,39
27,r_116_25_57,seq45,r_22_138_162,r_116_25_57,1.0,0,57,57,39
37,r_4_76_104,seq118,seq44,r_4_76_104,1.0,0,104,104,39
29,r_110_81_101,seq83,r_22_138_162,r_22_138_162,0.74,1,163,162,39
28,r_67_113_86,r_148_106_183,r_53_52_23,r_67_113_86,0.94,0,86,86,39
23,r_64_102_139,r_19_143_84,seq83,r_19_143_84,0.76,-6,78,84,39
35,r_19_143_84,r_64_102_139,r_116_25_57,r_116_25_57,0.8,28,85,57,39
12,r_96_91_83,seq88,seq31,r_96_91_83,0.7,2,85,83,39
23,r_64_102_139,seq83,r_145_132_66,r_64_102_139,0.89,3,142,139,39
30,r_61_46_79,r_143_103_6,seq5,r_61_46_79,0.97,4,83,79,40
36,r_62_3_60,seq66,seq106,r_62_3_60,0.99,4,64,60,40
14,r_133_34_103,seq0,seq13,r_133_34_103,1.0,0,103,103,40
37,r_9_29_124,seq72,seq42,r_9_29_124,1.0,0,124,124,40
86,seq144,r_35_14_192,r_12_140_135,r_12_140_135,0.64,11,146,135,40
39,r_79_67_147,r_28_126_88,seq115,r_28_126_88,0.99,0,88,88,40
46,r_26_65_160,seq39,seq2,r_26_65_160,0.95,0,160,160,40
80,seq81,r_19_127_186,r_36_59_198,r_19_127_186,0.39,0,186,186,40
45,r_93_138_89,seq6,r_11_48_5,r_93_138_89,0.51,1,90,89,40
16,r_88_37_42,r_133_34_103,seq60,r_88_37_42,0.54,0,42,42,40
19,r_22_102_45,r_71_41_129,seq27,r_22_102_45,0.92,16,61,45,40
8,r_53_4_27,r_71_41_129,r_146_92_156,r_53_4_27,1.0,0,27,27,40
35,r_47_122_182,r_9_29_124,r_30_132_17,r_47_122_182,0.71,-160,22,182,40
39,r_79_67_147,seq115,seq13,r_79_67_147,0.96,1,148,147,40
41,r_74_95_64,seq110,seq49,r_74_95_64,1.0,0,64,64,40
9,r_143_103_6,r_61_46_79,seq49,r_61_46_79,0.99,-21,58,79,40
3,r_137_50_141,seq123,r_62_3_60,r_62_3_60,0.49,81,141,60,40
10,r_139_119_126,seq144,r_88_37_42,r_139_119_126,0.97,0,126,126,40
0,r_30_132_17,seq135,r_47_122_182,r_30_132_17,0.97,0,17,17,40
90,seq104,r_70_31_171,r_28_126_88,r_28_126_88,1.0,16,104,88,40
26,r_149_148_146,r_89_125_177,r_137_50_141,r_137_50_141,1.0,10,151,141,40
11,r_70_31_171,seq104,r_52_68_37,r_52_68_37,0.52,138,175,37,40
7,r_111_80_127,r_79_67_147,r_100_114_148,r_111_80_127,0.95,20,147,127,40
13,r_141_84_190,r_108_21_137,r_61_46_79,r_61_46_79,0.9,53,132,79,40
48,r_131_33_74,seq0,r_35_14_192,r_131_33_74,1.0,0,74,74,40
49,r_97_101_161,r_64_107_44,seq51,r_97_101_161,0.68,0,161,161,40
6,r_11_48_5,r_9_29_124,r_30_132_17,r_9_29_124,0.83,-43,81,124,40
40,r_78_45_41,r_64_107_44,r_52_68_37,r_78_45_41,0.83,-8,33,41,40
99,seq123,r_137_50_141,r_129_128_96,r_137_50_141,0.98,0,141,141,40
0,r_30_132_17,r_47_122_182,r_11_48_5,r_30_132_17,0.31,170,187,17,40
27,r_105_130_144,seq123,r_94_117_4,r_105_130_144,0.82,1,145,144,40
47,r_28_126_88,r_79_67_147,seq104,r_28_126_88,0.98,0,88,88,40
15,r_52_68_37,seq135,r_78_45_41,r_52_68_37,0.73,2,39,37,40
18,r_24_118_153,seq54,r_146_92_156,r_24_118_153,0.97,0,153,153,40
29,r_108_21_137,r_141_84_190,r_28_126_88,r_28_126_88,0.96,49,137,88,40
25,r_129_128_96,seq123,r_74_95_64,r_74_95_64,1.0,61,125,64,40
33,r_146_92_156,seq99,r_24_118_153,r_24_118_153,1.0,16,169,153,40
65,seq39,r_26_65_160,r_139_119_126,r_139_119_126,0.78,30,156,126,40
32,r_23_32_128,r_100_114_148,seq69,r_23_32_128,0.85,0,128,128,40
38,r_19_127_186,seq81,r_1_76_2,r_19_127_186,0.35,2,188,186,40
52,seq5,r_141_84_190,r_61_46_79,r_61_46_79,1.0,18,97,79,40
28,r_64_107_44,seq87,r_97_101_161,r_64_107_44,0.83,1,45,44,40
34,r_77_40_188,r_70_31_171,r_28_126_88,r_28_126_88,1.0,16,104,88,40
60,seq17,r_70_31_171,r_28_126_88,r_28_126_88,1.0,16,104,88,40
17,r_124_56_181,seq147,r_139_119_126,r_139_119_126,0.78,56,182,126,40
28,r_64_107_44,r_97_101_161,r_23_32_128,r_23_32_128,0.98,33,161,128,40
22,r_25_20_130,seq60,seq16,r_25_20_130,0.99,0,130,130,40
49,r_97_101_161,r_96_7_183,r_64_107_44,r_64_107_44,0.89,19,63,44,40
7,r_111_80_127,r_85_116_139,r_79_67_147,r_79_67_147,0.76,-20,127,147,40
43,r_112_38_12,r_146_92_156,seq16,r_112_38_12,1.0,-2,10,12,40
23,r_85_116_139,seq87,seq54,r_85_116_139,0.9,-2,137,139,40
12,r_12_140_135,r_71_41_129,seq144,r_12_140_135,0.69,0,135,135,40
84,seq87,r_85_116_139,r_52_68_37,r_85_116_139,1.0,-1,138,139,40
44,r_137_124_152,seq129,r_47_7_90,r_47_7_90,1.0,4,94,90,41
36,r_47_7_90,seq134,r_137_124_152,r_47_7_90,1.0,1,91,90,41
32,r_72_23_55,r_22_62_9,seq74,r_72_23_55,1.0,0,55,55,41
8,r_45_4_136,r_145_43_150,r_22_62_9,r_22_62_9,0.98,127,136,9,41
55,seq9,seq141,r_98_60_114,r_98_60_114,1.0,1,115,114,41
86,seq143,r_37_73_180,r_128_97_132,r_128_97_132,1.0,48,180,132,41
21,r_64_46_138,seq147,seq105,r_64_46_138,0.55,0,138,138,41
1,r_30_112_36,r_24_130_127,r_66_48_198,r_30_112_36,0.72,0,36,36,41
45,r_98_60_114,seq49,seq9,r_98_60_114,0.92,0,114,114,41
10,r_120_100_14,r_99_81_66,seq102,r_120_100_14,1.0,1,15,14,41
19,r_22_62_9,r_75_87_98,r_53_79_75,r_22_62_9,0.73,93,102,9,41
33,r_20_42_27,r_149_133_134,seq135,r_149_133_134,1.0,1,135,134,41
41,r_75_87_98,r_22_62_9,seq93,r_22_62_9,0.83,93,102,9,41
3,r_145_43_150,r_45_4_136,r_99_81_66,r_45_4_136,0.6,0,136,136,41
26,r_24_130_127,seq49,r_75_87_98,r_24_130_127,0.97,0,127,127,41
18,r_121_101_24,seq6,r_80_107_137,r_121_101_24,1.0,0,24,24,41
20,r_116_69_185,seq131,r_137_124_152,r_116_69_185,0.4,0,185,185,41
46,r_25_56_34,r_39_142_190,r_116_69_185,r_116_69_185,0.64,5,190,185,41
15,r_119_106_145,seq110,seq32,r_119_106_145,0.71,0,145,145,41
48,r_0_52_60,r_71_78_192,seq15,r_0_52_60,1.0,0,60,60,41
25,r_29_113_56,r_22_62_9,seq129,r_29_113_56,0.94,0,56,56,41
57,seq141,r_22_62_9,seq126,r_22_62_9,0.86,81,90,9,41
6,r_139_10_153,seq51,r_114_109_140,r_139_10_153,0.86,0,153,153,41
44,r_137_124_152,r_17_13_31,seq129,r_17_13_31,1.0,0,31,31,41
9,r_66_48_198,r_36_55_120,r_30_112_36,r_30_112_36,1.0,0,36,36,41
0,r_89_125_46,seq32,r_3_12_121,r_3_12_121,1.0,42,163,121,41
36,r_47_7_90,r_137_124_152,r_40_92_118,r_137_124_152,0.54,3,155,152,41
2,r_138_14_77,seq129,seq8,r_138_14_77,0.94,1,78,77,41
47,r_80_107_137,seq49,seq34,r_80_107_137,0.84,2,139,137,41
30,r_5_108_51,seq95,r_25_56_34,r_5_108_51,1.0,0,51,51,41
38,r_50_2_43,r_0_52_60,r_30_112_36,r_30_112_36,0.92,7,43,36,41
40,r_61_11_139,seq28,r_115_127_82,r_115_127_82,0.66,57,139,82,41
29,r_128_97_132,seq15,seq143,r_128_97_132,0.98,0,132,132,41
14,r_65_86_17,r_36_55_120,seq110,r_65_86_17,1.0,0,17,17,41
58,seq15,r_53_79_75,r_0_52_60,r_0_52_60,1.0,17,77,60,41
42,r_149_133_134,r_20_42_27,seq83,r_149_133_134,0.85,1,135,134,41
77,seq59,r_31_123_124,r_75_87_98,r_31_123_124,1.0,-8,116,124,41
34,r_115_127_82,seq19,r_71_78_192,r_115_127_82,1.0,0,82,82,41
75,seq54,r_114_109_140,r_137_124_152,r_114_109_140,0.74,3,143,140,41
33,r_20_42_27,r_47_7_90,r_149_133_134,r_20_42_27,0.93,0,27,27,41
52,seq6,r_121_101_24,r_40_92_118,r_121_101_24,0.68,-4,20,24,41
17,r_103_85_83,seq111,seq148,r_103_85_83,1.0,0,83,83,41
42,r_149_133_134,r_89_125_46,r_20_42_27,r_149_133_134,1.0,-95,39,134,41
96,seq147,r_64_46_138,seq122,r_64_46_138,1.0,0,138,138,41
3,r_145_43_150,r_99_81_66,seq21,r_145_43_150,0.6,0,150,150,41
22,r_3_12_121,r_114_109_140,r_89_125_46,r_3_12_121,0.91,1,122,121,41
28,r_39_142_190,r_25_56_34,r_132_88_10,r_39_142_190,0.2,0,190,190,41
91,seq102,r_94_77_178,r_120_100_14,r_120_100_14,0.96,164,178,14,41
0,r_89_125_46,seq41,seq32,r_89_125_46,1.0,0,46,46,41
49,r_94_77_178,seq102,r_24_130_127,r_24_130_127,1.0,51,178,127,41
31,r_17_13_31,r_137_124_152,r_82_118_119,r_137_124_152,0.77,-121,31,152,41
56,seq140,r_25_56_34,seq8,r_25_56_34,0.81,36,70,34,41
18,r_121_101_24,r_80_107_137,r_114_109_140,r_121_101_24,0.91,116,140,24,41
23,r_53_79_75,seq15,r_22_62_9,r_53_79_75,0.75,2,77,75,41
44,r_137_124_152,r_47_7_90,seq54,r_137_124_152,0.96,3,155,152,41
35,r_40_92_118,r_114_109_140,r_47_7_90,r_40_92_118,0.85,0,118,118,41
12,r_31_123_124,seq59,seq38,r_31_123_124,0.95,1,125,124,41
24,r_1_35_44,seq8,seq49,r_1_35_44,1.0,1,45,44,41
36,r_101_124_82,seq4,seq140,r_101_124_82,0.97,2,84,82,42
14,r_53_37_138,r_8_126_145,r_58_44_69,r_58_44_69,1.0,69,138,69,42
15,r_118_30_32,r_17_36_116,seq20,r_118_30_32,1.0,0,32,32,42
86,seq79,r_143_121_143,r_49_144_52,r_49_144_52,0.94,92,144,52,42
16,r_120_15_50,r_107_10_85,seq125,r_107_10_85,0.99,-14,71,85,42
39,r_54_24_99,seq23,r_82_19_11,r_54_24_99,1.0,0,99,99,42
1,r_107_10_85,seq52,seq29,r_107_10_85,1.0,0,85,85,42
97,seq122,seq61,r_11_33_107,r_11_33_107,0.71,-3,104,107,42
5,r_145_133_93,seq20,seq76,r_145_133_93,1.0,0,93,93,42
42,r_68_109_106,r_143_121_143,seq131,r_68_109_106,0.98,1,107,106,42
49,r_21_66_56,seq76,seq28,r_21_66_56,0.98,0,56,56,42
80,seq61,r_92_103_101,r_104_114_59,r_92_103_101,0.99,-37,64,101,42
19,r_106_13_120,seq129,seq139,r_106_13_120,0.99,0,120,120,42
76,seq51,r_3_115_151,seq75,r_3_115_151,0.65,10,161,151,42
31,r_110_7_127,seq6,r_42_141_60,r_110_7_127,0.99,0,127,127,42
3,r_67_119_135,r_88_69_180,seq38,r_67_119_135,0.94,0,135,135,42
10,r_80_128_90,r_57_35_3,r_65_59_33,r_65_59_33,1.0,70,103,33,42
26,r_11_33_107,seq22,seq122,r_11_33_107,0.73,0,107,107,42
4,r_88_69_180,r_67_119_135,r_42_141_60,r_42_141_60,0.72,41,101,60,42
11,r_104_114_59,seq98,seq61,r_104_114_59,0.86,31,90,59,42
7,r_49_144_52,r_80_128_90,seq4,r_49_144_52,1.0,0,52,52,42
20,r_84_108_164,seq130,r_54_24_99,r_84_108_164,0.71,0,164,164,42
13,r_26_56_134,r_77_62_181,r_101_124_82,r_77_62_181,0.99,-43,138,181,42
98,seq123,r_112_41_148,r_104_114_59,r_112_41_148,0.86,0,148,148,42
48,r_89_137_174,seq55,r_42_141_60,r_89_137_174,0.51,0,174,174,42
4,r_88_69_180,r_42_141_60,r_118_30_32,r_88_69_180,0.65,0,180,180,42
46,r_73_90_58,r_111_93_43,seq14,r_73_90_58,1.0,0,58,58,42
85,seq76,seq140,r_145_133_93,r_145_133_93,1.0,15,108,93,42
99,seq125,r_58_44_69,r_120_15_50,r_58_44_69,1.0,0,69,69,42
27,r_17_36_116,seq0,r_77_62_181,r_17_36_116,0.99,0,116,116,42
2,r_3_115_151,seq51,r_92_103_101,r_3_115_151,0.69,3,154,151,42
40,r_81_64_64,r_143_121_143,r_77_62_181,r_143_121_143,0.99,-20,123,143,42
18,r_45_86_104,seq0,seq29,r_45_86_104,0.99,1,105,104,42
24,r_146_100_76,r_80_128_90,seq2,r_146_100_76,0.99,2,78,76,42
33,r_92_103_101,seq61,r_83_127_55,r_92_103_101,1.0,0,101,101,42
65,seq20,seq135,r_118_30_32,r_118_30_32,1.0,95,127,32,42
21,r_82_19_11,r_99_96_129,seq52,r_82_19_11,0.58,0,11,11,42
28,r_65_59_33,r_111_93_43,r_80_128_90,r_65_59_33,0.99,1,34,33,42
32,r_58_44_69,seq125,r_31_78_37,r_58_44_69,1.0,0,69,69,42
77,seq52,r_107_10_85,r_82_19_11,r_107_10_85,1.0,0,85,85,42
45,r_50_27_31,r_99_96_129,seq95,r_50_27_31,1.0,0,31,31,42
34,r_143_121_143,seq79,r_57_35_3,r_143_121_143,0.68,1,144,143,42
17,r_42_141_60,seq60,r_88_69_180,r_42_141_60,1.0,1,61,60,42
9,r_136_40_186,seq52,r_70_134_97,r_136_40_186,0.35,0,186,186,42
22,r_117_116_103,seq14,r_92_103_101,r_117_116_103,0.8,4,107,103,42
91,seq94,r_105_71_163,r_80_128_90,r_105_71_163,0.98,0,163,163,42
17,r_42_141_60,r_88_69_180,r_110_7_127,r_110_7_127,0.94,53,180,127,42
47,r_31_78_37,r_3_115_151,seq28,r_31_78_37,0.98,1,38,37,42
79,seq60,r_42_141_60,r_83_127_55,r_42_141_60,1.0,1,61,60,42
35,r_39_147_92,seq2,r_80_128_90,r_39_147_92,0.98,0,92,92,42
12,r_32_149_71,seq29,r_97_5_22,r_32_149_71,0.76,7,78,71,42
23,r_12_102_6,seq131,r_68_109_106,r_68_109_106,1.0,4,110,106,42
36,r_120_69_173,seq89,r_83_101_21,r_120_69_173,0.65,0,173,173,43
43,r_10_23_151,r_85_147_46,r_27_142_61,r_10_23_151,0.79,0,151,151,43
37,r_35_17_56,r_85_147_46,seq125,r_35_17_56,1.0,1,57,56,43
48,r_105_70_20,r_9_106_182,seq57,r_105_70_20,1.0,0,20,20,43
71,seq48,r_4_2_95,seq107,r_4_2_95,0.55,-1,94,95,43
16,r_109_43_99,seq95,seq61,r_109_43_99,1.0,0,99,99,43
39,r_119_21_176,r_80_0_178,seq15,r_80_0_178,0.5,-2,176,178,43
1,r_27_142_61,r_127_88_145,r_108_131_85,r_127_88_145,0.91,-72,73,145,43
5,r_26_3_143,seq7,seq57,r_26_3_143,0.99,1,144,143,43
75,seq52,r_31_126_50,seq107,r_31_126_50,1.0,0,50,50,43
4,r_5_34_24,r_27_142_61,r_146_84_10,r_5_34_24,1.0,1,25,24,43
7,r_29_132_31,seq63,r_81_130_100,r_81_130_100,0.64,18,118,100,43
45,r_127_88_145,r_27_142_61,r_136_46_184,r_127_88_145,0.83,0,145,145,43
19,r_146_84_10,seq50,r_5_34_24,r_5_34_24,0.99,44,68,24,43
33,r_115_39_136,seq52,r_31_126_50,r_115_39_136,1.0,0,136,136,43
8,r_83_101_21,r_79_71_125,seq8,r_83_101_21,1.0,0,21,21,43
40,r_31_126_50,seq52,seq8,r_31_126_50,1.0,0,50,50,43
66,seq32,r_67_117_102,seq107,r_67_117_102,1.0,0,102,102,43
76,seq54,r_9_106_182,r_79_71_125,r_79_71_125,0.99,57,182,125,43
41,r_41_138_126,seq49,r_45_44_114,r_41_138_126,0.99,0,126,126,43
11,r_136_46_184,r_127_88_145,r_118_97_75,r_136_46_184,0.94,0,184,184,43
46,r_137_74_116,r_129_143_48,r_78_93_32,r_137_74_116,1.0,-82,34,116,43
3,r_135_104_158,seq98,r_5_34_24,r_5_34_24,0.85,130,154,24,43
90,seq95,r_109_43_99,seq47,r_109_43_99,1.0,-31,68,99,43
45,r_127_88_145,r_136_46_184,r_79_71_125,r_136_46_184,0.64,0,184,184,43
26,r_118_97_75,seq107,seq121,r_118_97_75,1.0,0,75,75,43
11,r_136_46_184,r_45_44_114,r_9_106_182,r_45_44_114,0.64,2,116,114,43
13,r_79_71_125,r_25_149_127,seq54,r_79_71_125,0.99,0,125,125,43
46,r_137_74_116,r_78_93_32,r_112_100_30,r_137_74_116,1.0,0,116,116,43
6,r_134_53_135,r_114_144_186,seq36,r_134_53_135,0.93,1,136,135,43
14,r_42_96_11,r_4_2_95,seq7,r_42_96_11,0.99,0,11,11,43
52,seq133,r_41_138_126,seq47,r_41_138_126,1.0,-44,82,126,43
27,r_62_148_166,seq116,r_118_97_75,r_62_148_166,0.82,0,166,166,43
30,r_78_93_32,r_137_74_116,r_60_28_98,r_78_93_32,1.0,84,116,32,43
87,seq89,r_120_69_173,r_134_53_135,r_134_53_135,0.67,26,161,135,43
2,r_73_58_77,r_27_142_61,seq48,r_73_58_77,1.0,0,77,77,43
29,r_114_144_186,seq59,seq128,r_114_144_186,0.47,0,186,186,43
25,r_108_131_85,seq56,r_27_142_61,r_108_131_85,0.57,-11,74,85,43
18,r_6_33_47,r_26_3_143,r_119_21_176,r_6_33_47,1.0,0,47,47,43
24,r_90_139_19,seq12,seq89,r_90_139_19,0.93,0,19,19,43
38,r_67_117_102,seq32,seq133,r_67_117_102,1.0,0,102,102,43
47,r_112_100_30,seq133,seq40,r_112_100_30,1.0,0,30,30,43
52,seq133,r_112_100_30,r_41_138_126,r_112_100_30,0.96,0,30,30,43
34,r_110_77_37,r_27_142_61,r_129_143_48,r_129_143_48,1.0,24,72,48,43
32,r_129_143_48,r_41_138_126,r_25_149_127,r_129_143_48,0.93,0,48,48,43
30,r_78_93_32,seq72,r_137_74_116,r_78_93_32,1.0,0,32,32,43
9,r_80_0_178,r_119_21_176,r_83_101_21,r_119_21_176,0.46,2,178,176,43
96,seq116,r_62_148_166,r_37_87_103,r_62_148_166,0.92,0,166,166,43
11,r_136_46_184,r_9_106_182,r_127_88_145,r_136_46_184,0.56,-39,145,184,43
7,r_29_132_31,r_80_0_178,seq63,r_29_132_31,0.69,7,38,31,43
22,r_45_44_114,r_136_46_184,r_27_142_61,r_45_44_114,0.99,0,114,114,43
28,r_13_123_156,seq7,r_4_2_95,r_13_123_156,0.81,0,156,156,43
18,r_6_33_47,r_119_21_176,r_37_87_103,r_119_21_176,0.76,0,176,176,43
44,r_9_106_182,seq54,r_135_104_158,r_9_106_182,0.42,0,182,182,43
23,r_60_28_98,r_45_44_114,r_78_93_32,r_60_28_98,1.0,0,98,98,43
35,r_81_130_100,seq56,r_29_132_31,r_81_130_100,0.84,4,104,100,43
93,seq108,r_140_71_181,r_138_6_19,r_138_6_19,0.88,157,176,19,44
36,r_135_63_115,seq123,seq23,r_135_63_115,0.98,0,115,115,44
14,r_78_72_151,seq59,seq123,r_78_72_151,0.73,0,151,151,44
8,r_95_80_137,seq50,r_74_98_100,r_95_80_137,0.98,0,137,137,44
18,r_41_17_29,r_95_80_137,r_39_149_179,r_41_17_29,0.95,3,32,29,44
37,r_7_5_70,r_36_28_135,r_2_112_65,r_7_5_70,1.0,0,70,70,44
55,seq16,seq126,r_66_88_132,r_66_88_132,0.72,21,153,132,44
24,r_75_146_16,r_85_3_145,r_139_113_79,r_75_146_16,1.0,0,16,16,44
21,r_66_88_132,r_34_148_133,seq16,r_34_148_133,0.72,-1,132,133,44
39,r_130_147_169,seq16,r_100_92_66,r_130_147_169,0.53,0,169,169,44
5,r_140_71_181,seq108,r_82_142_102,r_82_142_102,0.99,79,181,102,44
46,r_20_8_144,r_140_71_181,seq38,r_20_8_144,0.53,2,146,144,44
80,seq70,r_85_3_145,seq48,r_85_3_145,1.0,0,145,145,44
45,r_145_61_4,r_18_26_148,r_74_98_100,r_74_98_100,0.94,48,148,100,44
43,r_99_37_21,seq43,r_51_96_33,r_99_37_21,0.53,55,76,21,44
78,seq68,seq101,r_74_98_100,r_74_98_100,0.9,15,115,100,44
2,r_10_124_56,r_2_112_65,seq59,r_10_124_56,1.0,1,57,56,44
41,r_134_136_120,seq123,seq106,r_134_136_120,0.97,0,120,120,44
30,r_39_149_179,seq4,r_41_17_29,r_41_17_29,0.97,5,34,29,44
3,r_74_98_100,seq126,seq68,r_74_98_100,0.99,0,100,100,44
10,r_36_28_135,r_114_79_157,r_118_65_28,r_36_28_135,0.78,0,135,135,44
26,r_35_21_59,r_104_24_112,r_29_46_45,r_29_46_45,0.59,21,66,45,44
78,seq68,r_100_92_66,seq101,r_100_92_66,1.0,0,66,66,44
31,r_55_120_53,seq48,seq59,r_55_120_53,1.0,0,53,53,44
73,seq58,seq137,r_33_11_113,r_33_11_113,0.99,1,114,113,44
9,r_51_96_33,r_100_92_66,r_99_37_21,r_51_96_33,1.0,-1,32,33,44
20,r_2_112_65,seq40,r_7_5_70,r_7_5_70,1.0,0,70,70,44
13,r_82_142_102,seq144,r_116_119_42,r_82_142_102,0.75,0,102,102,44
15,r_57_89_149,seq9,r_78_72_151,r_78_72_151,0.78,0,151,151,44
48,r_47_87_161,seq101,r_105_0_196,r_47_87_161,0.8,-46,115,161,44
35,r_18_26_148,r_135_63_115,r_145_61_4,r_18_26_148,0.79,-132,16,148,44
6,r_22_77_188,seq76,r_55_120_53,r_55_120_53,1.0,135,188,53,44
23,r_29_46_45,r_78_72_151,seq93,r_29_46_45,1.0,0,45,45,44
27,r_85_3_145,seq70,r_95_80_137,r_85_3_145,0.93,0,145,145,44
19,r_116_119_42,r_139_113_79,seq56,r_116_119_42,1.0,0,42,42,44
30,r_39_149_179,r_41_17_29,r_20_8_144,r_39_149_179,0.53,0,179,179,44
79,seq69,seq123,r_74_98_100,r_74_98_100,0.68,74,174,100,44
47,r_141_13_122,seq45,seq16,r_141_13_122,0.74,1,123,122,44
48,r_47_87_161,r_105_0_196,seq91,r_47_87_161,1.0,0,161,161,44
40,r_128_53_67,seq43,seq106,r_128_53_67,1.0,0,67,67,44
29,r_100_92_66,seq68,seq97,r_100_92_66,1.0,0,66,66,44
35,r_18_26_148,r_145_61_4,r_7_5_70,r_18_26_148,0.83,0,148,148,44
25,r_114_79_157,seq45,r_41_17_29,r_114_79_157,0.88,0,157,157,44
33,r_60_110_72,r_135_63_115,seq30,r_60_110_72,1.0,0,72,72,44
86,seq93,seq14,r_29_46_45,r_29_46_45,1.0,9,54,45,44
0,r_138_6_19,r_111_19_126,seq15,r_138_6_19,0.91,0,19,19,44
1,r_118_65_28,r_25_109_63,seq122,r_118_65_28,1.0,1,29,28,44
65,seq45,r_141_13_122,seq62,r_141_13_122,1.0,1,123,122,44
66,seq48,r_55_120_53,seq70,r_55_120_53,1.0,0,53,53,44
44,r_139_113_79,seq137,r_75_146_16,r_75_146_16,1.0,10,26,16,44
32,r_131_32_131,r_85_3_145,r_60_110_72,r_131_32_131,0.59,0,131,131,44
38,r_34_148_133,seq59,r_35_21_59,r_34_148_133,1.0,0,133,133,44
43,r_99_37_21,seq106,seq43,r_99_37_21,0.82,0,21,21,44
34,r_84_42_11,r_116_119_42,seq122,r_84_42_11,0.96,0,11,11,44
60,seq30,seq40,r_60_110_72,r_60_110_72,1.0,37,109,72,44
17,r_129_133_146,seq40,seq62,r_129_133_146,0.97,0,146,146,44
26,r_35_21_59,r_29_46_45,r_34_148_133,r_34_148_133,1.0,3,136,133,44
28,r_33_11_113,r_140_71_181,seq58,r_33_11_113,0.99,0,113,113,44
49,r_90_107_108,r_22_77_188,r_55_120_53,r_55_120_53,0.96,55,108,53,44
7,r_104_24_112,seq144,seq15,r_104_24_112,0.99,1,113,112,44
97,seq123,r_145_61_4,r_78_72_151,r_78_72_151,0.99,0,151,151,44
18,r_41_17_29,r_39_149_179,r_114_79_157,r_114_79_157,0.63,22,179,157,44
82,seq76,r_22_77_188,r_129_133_146,r_129_133_146,1.0,42,188,146,44
12,r_143_117_136,r_86_127_195,seq106,r_143_117_136,0.66,0,136,136,44
93,seq106,r_104_102_166,seq17,r_104_102_166,1.0,1,167,166,45
40,r_114_28_127,r_112_66_39,seq34,r_114_28_127,1.0,0,127,127,45
44,r_47_21_13,r_117_95_169,r_14_0_141,r_47_21_13,0.8,156,169,13,45
51,seq8,r_135_79_174,r_93_134_134,r_93_134_134,0.98,46,180,134,45
42,r_141_59_90,r_92_115_113,r_110_116_33,r_110_116_33,1.0,1,34,33,45
44,r_47_21_13,r_62_107_120,r_117_95_169,r_47_21_13,0.99,0,13,13,45
14,r_104_102_166,seq106,seq16,r_104_102_166,0.64,1,167,166,45
8,r_53_85_116,r_1_13_145,r_72_55_88,r_53_85_116,0.95,0,116,116,45
43,r_64_148_122,seq8,seq118,r_64_148_122,0.99,0,122,122,45
37,r_65_44_199,seq50,r_141_59_90,r_141_59_90,1.0,15,105,90,45
59,seq20,r_45_4_139,r_139_138_140,r_45_4_139,0.42,1,140,139,45
49,r_92_115_113,r_141_59_90,r_67_18_49,r_92_115_113,0.67,-58,55,113,45
16,r_93_134_134,seq123,seq8,r_93_134_134,0.92,2,136,134,45
1,r_25_63_71,seq8,seq34,r_25_63_71,1.0,0,71,71,45
5,r_62_107_120,r_101_76_133,r_103_124_119,r_62_107_120,0.97,2,122,120,45
46,r_83_140_66,r_128_43_183,seq51,r_83_140_66,0.97,0,66,66,45
45,r_127_7_72,r_128_43_183,r_6_94_46,r_127_7_72,1.0,1,73,72,45
24,r_39_82_79,seq8,r_53_85_116,r_53_85_116,1.0,28,144,116,45
39,r_27_71_27,seq20,r_33_68_110,r_27_71_27,0.99,1,28,27,45
95,seq118,r_41_98_148,r_112_66_39,r_112_66_39,0.56,90,129,39,45
39,r_27_71_27,r_33_68_110,r_72_55_88,r_27_71_27,0.98,66,93,27,45
31,r_111_86_107,seq80,seq89,r_111_86_107,1.0,3,110,107,45
42,r_141_59_90,r_110_116_33,r_65_44_199,r_141_59_90,1.0,0,90,90,45
3,r_103_124_119,seq50,r_62_107_120,r_103_124_119,1.0,0,119,119,45
10,r_101_76_133,r_56_3_3,r_149_144_93,r_101_76_133,0.49,0,133,133,45
72,seq40,seq17,r_47_21_13,r_47_21_13,0.82,109,122,13,45
18,r_67_18_49,r_128_43_183,r_92_115_113,r_67_18_49,1.0,0,49,49,45
47,r_110_116_33,r_141_59_90,r_67_18_49,r_141_59_90,0.53,0,90,90,45
4,r_139_138_140,r_14_0_141,seq20,r_139_138_140,0.63,0,140,140,45
20,r_128_43_183,r_83_140_66,seq52,r_83_140_66,1.0,1,67,66,45
48,r_108_61_150,seq22,seq5,r_108_61_150,0.76,1,151,150,45
27,r_90_100_24,seq57,seq80,r_90_100_24,1.0,2,26,24,45
26,r_129_120_31,r_130_11_171,r_131_132_5,r_129_120_31,1.0,0,31,31,45
49,r_92_115_113,r_67_18_49,r_33_68_110,r_92_115_113,0.54,3,116,113,45
57,seq146,r_87_145_92,seq17,r_87_145_92,1.0,0,92,92,45
12,r_42_54_26,r_45_4_139,r_139_138_140,r_45_4_139,0.95,1,140,139,45
47,r_110_116_33,r_129_120_31,r_67_18_49,r_110_116_33,0.52,137,170,33,45
13,r_6_94_46,r_15_125_191,r_127_7_72,r_6_94_46,0.76,93,139,46,45
6,r_33_68_110,r_81_78_48,r_92_115_113,r_33_68_110,0.9,5,115,110,45
21,r_45_4_139,r_42_54_26,seq52,r_45_4_139,0.97,1,140,139,45
0,r_9_32_158,r_129_120_31,r_103_124_119,r_9_32_158,0.86,1,159,158,45
36,r_117_95_169,r_47_21_13,seq119,r_117_95_169,0.81,0,169,169,45
13,r_6_94_46,r_45_4_139,r_15_125_191,r_6_94_46,0.84,9,55,46,45
2,r_149_144_93,seq12,seq23,r_149_144_93,1.0,1,94,93,45
24,r_39_82_79,seq52,seq8,r_39_82_79,1.0,0,79,79,45
7,r_75_2_30,r_42_54_26,seq143,r_75_2_30,0.67,-2,28,30,45
33,r_87_145_92,seq146,r_129_120_31,r_87_145_92,0.84,0,92,92,45
20,r_128_43_183,seq52,r_135_79_174,r_128_43_183,0.58,4,187,183,45
32,r_10_77_146,r_81_78_48,r_56_3_3,r_10_77_146,0.95,2,148,146,45
38,r_88_19_106,r_81_78_48,r_67_18_49,r_67_18_49,0.6,62,111,49,45
52,seq12,r_149_144_93,seq22,r_149_144_93,1.0,1,94,93,45
47,r_110_116_33,seq70,r_141_59_90,r_110_116_33,1.0,0,33,33,45
34,r_109_137_97,r_81_78_48,r_90_100_24,r_90_100_24,1.0,76,100,24,45
75,seq49,r_81_78_48,r_53_85_116,r_53_85_116,0.9,55,171,116,45
79,seq57,r_90_100_24,seq29,r_90_100_24,0.75,2,26,24,45
60,seq22,r_108_61_150,seq12,r_108_61_150,0.99,1,151,150,45
9,r_136_126_115,seq23,seq24,r_136_126_115,0.99,0,115,115,45
21,r_45_4_139,r_6_94_46,r_42_54_26,r_42_54_26,0.96,-1,25,26,45
96,seq119,r_108_61_150,r_117_95_169,r_117_95_169,0.69,0,169,169,45
29,r_112_66_39,seq34,r_114_28_127,r_112_66_39,1.0,0,39,39,45
12,r_42_54_26,r_75_2_30,r_45_4_139,r_42_54_26,1.0,-1,25,26,45
29,r_112_66_39,r_114_28_127,seq118,r_114_28_127,1.0,0,127,127,45
22,r_84_38_112,r_62_107_120,seq5,r_84_38_112,0.54,12,124,112,45
40,r_114_28_127,r_41_98_148,r_112_66_39,r_112_66_39,1.0,13,52,39,45
17,r_131_132_5,seq143,r_129_120_31,r_129_120_31,0.94,26,57,31,45
28,r_72_55_88,r_62_107_120,r_27_71_27,r_72_55_88,0.79,0,88,88,45
18,r_67_18_49,r_92_115_113,r_88_19_106,r_67_18_49,0.52,67,116,49,45
47,r_110_116_33,r_67_18_49,r_129_120_31,r_110_116_33,0.68,78,111,33,45
0,r_9_32_158,seq143,r_129_120_31,r_129_120_31,0.96,26,57,31,45
35,r_1_13_145,r_117_95_169,seq31,r_1_13_145,0.97,0,145,145,45
36,r_117_95_169,r_53_85_116,r_47_21_13,r_47_21_13,0.92,0,13,13,45
14,r_125_98_180,seq91,r_106_104_68,r_125_98_180,0.43,3,183,180,46
41,r_84_74_133,r_89_58_91,seq117,r_84_74_133,0.97,0,133,133,46
8,r_92_107_171,r_122_94_181,r_113_146_7,r_113_146_7,0.61,164,171,7,46
88,seq93,r_39_119_8,r_36_124_42,r_39_119_8,0.59,11,19,8,46
30,r_10_129_39,r_122_94_181,r_81_42_185,r_10_129_39,1.0,0,39,39,46
16,r_105_73_70,r_102_40_197,r_25_149_43,r_105_73_70,0.85,0,70,70,46
21,r_135_53_75,r_102_40_197,seq33,r_135_53_75,1.0,1,76,75,46
39,r_123_8_118,seq114,seq3,r_123_8_118,0.78,2,120,118,46
42,r_79_144_60,r_134_11_184,seq93,r_79_144_60,1.0,0,60,60,46
80,seq77,r_57_99_151,seq33,r_57_99_151,1.0,-1,150,151,46
96,seq117,seq136,r_84_74_133,r_84_74_133,1.0,21,154,133,46
31,r_36_124_42,r_148_71_51,seq93,r_36_124_42,0.85,0,42,42,46
41,r_84_74_133,r_60_62_107,r_89_58_91,r_84_74_133,0.76,-26,107,133,46
40,r_7_37_29,r_78_5_45,seq101,r_7_37_29,0.93,3,32,29,46
3,r_109_32_23,seq111,seq48,r_109_32_23,0.69,0,23,23,46
90,seq101,r_81_42_185,r_24_64_16,r_24_64_16,0.53,80,96,16,46
26,r_139_41_96,seq117,seq115,r_139_41_96,1.0,1,97,96,46
81,seq80,seq15,r_59_130_19,r_59_130_19,0.63,3,22,19,46
0,r_69_83_98,seq51,seq33,r_69_83_98,1.0,0,98,98,46
20,r_97_140_89,r_138_118_193,seq4,r_97_140_89,0.98,0,89,89,46
5,r_17_9_47,r_134_11_184,r_39_119_8,r_17_9_47,1.0,0,47,47,46
13,r_57_99_151,seq77,r_78_5_45,r_57_99_151,0.88,0,151,151,46
62,seq26,r_0_63_174,seq38,r_0_63_174,0.93,0,174,174,46
43,r_59_130_19,r_0_63_174,seq80,r_59_130_19,0.96,-2,17,19,46
23,r_78_5_45,seq48,seq95,r_78_5_45,0.95,0,45,45,46
22,r_30_96_13,r_123_8_118,seq23,r_30_96_13,0.6,-1,12,13,46
87,seq91,r_125_98_180,r_92_107_171,r_92_107_171,0.92,12,183,171,46
7,r_147_43_24,r_69_83_98,seq47,r_147_43_24,0.51,-5,19,24,46
69,seq46,r_147_43_24,r_57_99_151,r_57_99_151,0.9,18,169,151,46
47,r_76_31_103,r_0_63_174,seq115,r_76_31_103,0.93,0,103,103,46
18,r_89_58_91,r_0_63_174,r_84_74_133,r_89_58_91,0.74,0,91,91,46
25,r_61_22_110,r_134_11_184,seq50,r_61_22_110,0.95,1,111,110,46
43,r_59_130_19,seq80,r_29_116_90,r_29_116_90,1.0,33,123,90,46
64,seq28,r_18_2_178,r_0_63_174,r_18_2_178,0.78,0,178,178,46
32,r_29_116_90,seq4,r_59_130_19,r_29_116_90,0.93,0,90,90,46
28,r_122_94_181,r_92_107_171,r_148_71_51,r_148_71_51,1.0,3,54,51,46
38,r_128_44_131,seq111,seq136,r_128_44_131,0.94,0,131,131,46
45,r_148_71_51,seq6,r_122_94_181,r_148_71_51,1.0,1,52,51,46
45,r_148_71_51,r_122_94_181,r_138_118_193,r_122_94_181,0.66,0,181,181,46
9,r_138_118_193,r_97_140_89,r_148_71_51,r_138_118_193,1.0,-104,89,193,46
96,seq117,r_139_41_96,seq136,r_139_41_96,1.0,1,97,96,46
28,r_122_94_181,r_148_71_51,r_123_8_118,r_123_8_118,0.9,64,182,118,46
44,r_1_66_115,r_25_149_43,seq28,r_1_66_115,0.7,1,116,115,46
10,r_24_64_16,r_125_98_180,seq101,r_24_64_16,0.96,0,16,16,46
18,r_89_58_91,r_84_74_133,r_76_31_103,r_84_74_133,0.95,0,133,133,46
12,r_134_11_184,seq27,r_109_32_23,r_134_11_184,0.48,0,184,184,46
44,r_105_125_54,r_66_104_177,seq2,r_66_104_177,0.76,6,183,177,47
51,seq131,r_99_4_151,seq17,r_99_4_151,0.79,10,161,151,47
36,r_35_89_146,r_146_68_89,r_51_31_125,r_35_89_146,0.99,0,146,146,47
21,r_44_111_47,r_51_31_125,r_3_62_190,r_44_111_47,1.0,1,48,47,47
28,r_149_71_25,r_39_41_130,seq120,r_149_71_25,1.0,2,27,25,47
14,r_123_88_109,r_40_48_69,r_45_114_62,r_123_88_109,1.0,-40,69,109,47
8,r_98_95_136,seq145,seq27,r_98_95_136,0.73,2,138,136,47
83,seq73,r_42_52_156,r_115_29_73,r_115_29_73,0.95,33,106,73,47
37,r_86_134_82,seq84,r_149_71_25,r_86_134_82,1.0,0,82,82,47
19,r_3_62_190,r_44_111_47,r_99_4_151,r_44_111_47,0.22,137,184,47,47
71,seq46,r_146_68_89,r_115_29_73,r_115_29_73,1.0,32,105,73,47
86,seq80,r_109_129_59,r_47_118_184,r_109_129_59,1.0,1,60,59,47
16,r_20_37_50,r_96_21_83,seq38,r_20_37_50,0.75,14,64,50,47
39,r_45_114_62,seq17,seq139,r_45_114_62,1.0,1,63,62,47
1,r_51_31_125,r_0_141_40,r_101_22_76,r_51_31_125,1.0,0,125,125,47
98,seq120,seq110,r_149_71_25,r_149_71_25,1.0,27,52,25,47
5,r_18_94_66,r_99_4_151,seq46,r_18_94_66,1.0,0,66,66,47
42,r_117_119_98,r_83_79_187,r_146_68_89,r_117_119_98,0.99,0,98,98,47
15,r_30_100_46,r_115_29_73,r_14_122_21,r_30_100_46,1.0,2,48,46,47
18,r_126_12_45,r_45_114_62,seq147,r_45_114_62,0.58,-17,45,62,47
95,seq108,r_101_22_76,r_96_21_83,r_96_21_83,1.0,1,84,83,47
41,r_85_70_183,seq64,r_61_140_2,r_85_70_183,0.61,1,184,183,47
44,r_105_125_54,r_42_52_156,r_66_104_177,r_105_125_54,1.0,0,54,54,47
31,r_14_122_21,r_133_34_129,r_135_55_111,r_135_55_111,0.84,-90,21,111,47
10,r_146_68_89,seq46,r_117_119_98,r_117_119_98,1.0,7,105,98,47
7,r_97_142_22,r_8_75_142,seq102,r_97_142_22,1.0,0,22,22,47
4,r_99_4_151,seq131,r_39_41_130,r_99_4_151,0.67,2,153,151,47
11,r_135_55_111,r_92_121_172,seq13,r_135_55_111,0.72,6,117,111,47
17,r_115_29_73,r_30_100_46,r_86_134_82,r_115_29_73,0.76,-25,48,73,47
20,r_136_116_131,seq108,r_138_16_28,r_136_116_131,0.94,-1,130,131,47
23,r_78_91_57,seq102,seq5,r_78_91_57,1.0,0,57,57,47
86,seq80,r_47_118_184,r_33_128_94,r_33_128_94,1.0,6,100,94,47
48,r_19_54_4,r_42_52_156,r_61_140_2,r_42_52_156,0.9,-18,138,156,47
6,r_39_41_130,r_42_52_156,r_20_37_50,r_39_41_130,0.87,0,130,130,47
21,r_44_111_47,r_3_62_190,seq17,r_44_111_47,0.27,143,190,47,47
38,r_138_16_28,r_85_70_183,seq145,r_138_16_28,0.96,0,28,28,47
1,r_51_31_125,r_44_111_47,r_0_141_40,r_51_31_125,1.0,-77,48,125,47
43,r_0_141_40,seq24,r_51_31_125,r_0_141_40,1.0,2,42,40,47
2,r_83_79_187,r_117_119_98,seq6,r_117_119_98,0.89,0,98,98,47
47,r_96_21_83,r_20_37_50,seq108,r_96_21_83,0.92,3,86,83,47
24,r_40_48_69,r_123_88_109,seq84,r_40_48_69,1.0,0,69,69,47
43,r_0_141_40,seq43,r_42_52_156,r_0_141_40,0.64,116,156,40,47
46,r_1_36_13,r_39_41_130,r_101_22_76,r_1_36_13,0.78,0,13,13,47
17,r_115_29_73,r_86_134_82,seq46,r_115_29_73,1.0,0,73,73,47
25,r_33_128_94,r_135_55_111,seq80,r_33_128_94,1.0,1,95,94,47
43,r_0_141_40,r_51_31_125,seq43,r_51_31_125,0.79,2,127,125,47
33,r_42_52_156,r_39_41_130,r_61_140_2,r_39_41_130,0.92,0,130,130,47
58,seq13,seq50,r_49_63_118,r_49_63_118,0.62,24,142,118,47
31,r_14_122_21,r_135_55_111,r_30_100_46,r_14_122_21,0.91,27,48,21,47
32,r_143_76_116,r_39_41_130,seq5,r_143_76_116,0.98,1,117,116,47
45,r_59_107_32,r_101_22_76,seq38,r_59_107_32,0.84,2,34,32,47
34,r_112_130_103,seq2,r_96_21_83,r_112_130_103,0.92,13,116,103,47
26,r_66_104_177,seq26,r_105_125_54,r_105_125_54,1.0,3,57,54,47
9,r_132_11_99,seq9,r_97_142_22,r_132_11_99,1.0,0,99,99,47
26,r_66_104_177,r_105_125_54,r_123_88_109,r_66_104_177,0.69,0,177,177,47
22,r_144_81_110,seq5,r_97_142_22,r_144_81_110,1.0,0,110,110,47
40,r_109_129_59,seq80,seq147,r_109_129_59,1.0,0,59,59,47
49,r_47_118_184,seq46,r_99_4_151,r_47_118_184,0.42,0,184,184,47
33,r_42_52_156,r_61_140_2,r_0_141_40,r_42_52_156,1.0,0,156,156,47
19,r_3_62_190,r_45_114_62,r_44_111_47,r_3_62_190,1.0,-143,47,190,47
12,r_133_34_129,r_47_118_184,seq38,r_133_34_129,0.78,0,129,129,47
40,r_31_59_43,seq13,seq6,r_31_59_43,1.0,0,43,43,48
36,r_101_66_137,r_33_104_70,r_127_93_64,r_101_66_137,0.98,-71,66,137,48
70,seq42,r_120_26_163,r_78_129_51,r_78_129_51,1.0,-4,47,51,48
28,r_27_22_183,r_108_140_76,seq57,r_27_22_183,1.0,0,183,183,48
92,seq113,r_128_56_127,seq116,r_128_56_127,0.93,-6,121,127,48
37,r_84_72_124,seq136,seq14,r_84_72_124,0.99,2,126,124,48
19,r_81_7_31,r_83_25_109,r_73_80_69,r_81_7_31,1.0,78,109,31,48
1,r_0_15_144,r_27_22_183,r_107_88_112,r_107_88_112,0.79,32,144,112,48
86,seq90,r_103_61_173,r_135_95_56,r_135_95_56,0.72,27,83,56,48
42,r_68_87_175,seq64,seq13,r_68_87_175,0.57,0,175,175,48
11,r_11_62_11,r_128_56_127,seq44,r_11_62_11,0.95,0,11,11,48
45,r_73_80_69,seq123,r_81_7_31,r_73_80_69,1.0,0,69,69,48
47,r_94_46_157,r_108_140_76,r_135_95_56,r_94_46_157,0.8,0,157,157,48
48,r_107_88_112,r_68_87_175,r_0_15_144,r_68_87_175,0.88,0,175,175,48
44,r_132_143_15,r_17_117_182,seq138,r_132_143_15,1.0,0,15,15,48
19,r_81_7_31,r_141_54_90,r_83_25_109,r_81_7_31,1.0,0,31,31,48
30,r_142_114_23,r_17_117_182,seq136,r_17_117_182,0.62,-155,27,182,48
13,r_83_25_109,seq18,r_81_7_31,r_81_7_31,0.66,3,34,31,48
39,r_75_10_35,r_35_38_149,r_79_3_122,r_75_10_35,0.98,114,149,35,48
21,r_119_98_27,r_120_26_163,seq41,r_119_98_27,0.99,0,27,27,48
41,r_51_30_84,r_52_34_153,r_5_97_42,r_5_97_42,0.68,45,87,42,48
67,seq32,seq6,r_69_146_92,r_69_146_92,1.0,22,114,92,48
14,r_135_95_56,seq41,seq90,r_135_95_56,1.0,0,56,56,48
52,seq4,seq102,r_58_137_17,r_58_137_17,0.98,0,17,17,48
3,r_141_54_90,r_48_134_143,r_85_109_73,r_141_54_90,0.83,1,91,90,48
90,seq110,r_17_117_182,r_5_97_42,r_5_97_42,0.96,28,70,42,48
16,r_35_38_149,r_75_10_35,seq122,r_35_38_149,0.76,0,149,149,48
14,r_135_95_56,seq90,r_94_46_157,r_135_95_56,0.63,101,157,56,48
20,r_108_140_76,r_21_91_159,r_94_46_157,r_108_140_76,1.0,0,76,76,48
15,r_40_16_141,seq115,r_83_25_109,r_40_16_141,0.89,0,141,141,48
57,seq139,r_103_61_173,r_48_134_143,r_48_134_143,1.0,34,177,143,48
13,r_83_25_109,r_81_7_31,seq9,r_83_25_109,1.0,0,109,109,48
6,r_17_117_182,seq19,r_101_66_137,r_101_66_137,0.97,45,182,137,48
46,r_23_36_12,r_135_95_56,seq29,r_23_36_12,0.65,0,12,12,48
86,seq90,r_5_97_42,r_103_61_173,r_5_97_42,0.98,-3,39,42,48
36,r_101_66_137,r_127_93_64,seq12,r_101_66_137,1.0,0,137,137,48
27,r_69_146_92,seq136,seq32,r_69_146_92,1.0,0,92,92,48
77,seq64,r_75_10_35,r_68_87_175,r_75_10_35,1.0,-6,29,35,48
31,r_5_97_42,seq90,seq110,r_5_97_42,1.0,-1,41,42,48
39,r_75_10_35,seq64,r_35_38_149,r_75_10_35,1.0,0,35,35,48
2,r_33_104_70,r_84_72_124,seq6,r_33_104_70,0.75,0,70,70,48
47,r_94_46_157,r_0_15_144,r_108_140_76,r_108_140_76,1.0,34,110,76,48
18,r_8_144_99,seq57,seq1,r_8_144_99,1.0,2,101,99,48
29,r_85_109_73,r_84_72_124,r_132_143_15,r_85_109_73,0.67,0,73,73,48
24,r_99_106_104,seq131,seq18,r_99_106_104,0.96,0,104,104,48
25,r_21_91_159,seq9,r_79_3_122,r_21_91_159,0.58,0,159,159,48
43,r_145_49_25,seq125,r_11_62_11,r_145_49_25,0.52,152,177,25,48
33,r_126_65_72,seq113,r_58_137_17,r_126_65_72,1.0,0,72,72,48
88,seq100,r_39_71_107,seq86,r_39_71_107,1.0,3,110,107,48
58,seq12,r_48_134_143,seq124,r_48_134_143,0.94,0,143,143,48
20,r_108_140_76,r_94_46_157,seq6,r_94_46_157,0.74,0,157,157,48
32,r_103_61_173,seq139,seq123,r_103_61_173,0.35,4,177,173,48
38,r_112_92_114,r_21_91_159,seq89,r_21_91_159,1.0,-28,131,159,48
34,r_149_55_88,seq60,r_5_97_42,r_149_55_88,1.0,1,89,88,48
75,seq60,r_132_143_15,r_39_71_107,r_39_71_107,1.0,13,120,107,48
81,seq76,r_128_56_127,seq116,r_128_56_127,0.9,-35,92,127,48
17,r_2_148_185,seq89,r_68_87_175,r_68_87_175,0.75,10,185,175,48
10,r_78_129_51,r_133_43_162,seq42,r_78_129_51,1.0,-4,47,51,48
9,r_45_50_123,r_35_38_149,r_78_129_51,r_35_38_149,0.95,-26,123,149,48
96,seq122,seq64,r_35_38_149,r_35_38_149,0.91,1,150,149,48
16,r_35_38_149,r_45_50_123,r_75_10_35,r_75_10_35,1.0,0,35,35,48
22,r_39_71_107,seq100,seq60,r_39_71_107,0.92,0,107,107,48
28,r_27_22_183,r_0_15_144,r_108_140_76,r_108_140_76,1.0,68,144,76,48
97,seq123,r_73_80_69,seq70,r_73_80_69,1.0,-28,41,69,48
49,r_133_43_162,seq29,seq64,r_133_43_162,0.92,1,163,162,48
94,seq116,r_128_56_127,r_81_7_31,r_81_7_31,0.75,5,36,31,48
7,r_128_56_127,seq113,seq136,r_128_56_127,0.98,0,127,127,48
0,r_74_118_14,seq138,seq19,r_74_118_14,1.0,2,16,14,48
60,seq14,seq90,r_84_72_124,r_84_72_124,1.0,4,128,124,48
35,r_79_3_122,seq47,seq115,r_79_3_122,1.0,0,122,122,48
12,r_120_26_163,seq57,r_108_140_76,r_108_140_76,0.66,88,164,76,48
30,r_125_6_158,seq144,r_49_17_155,r_125_6_158,0.89,0,158,158,49
86,seq96,r_145_22_22,r_138_36_15,r_138_36_15,1.0,0,15,15,49
36,r_23_79_53,r_102_88_108,r_4_132_99,r_102_88_108,1.0,-50,58,108,49
6,r_66_109_52,seq3,r_44_75_42,r_66_109_52,1.0,0,52,52,49
8,r_102_88_108,r_47_35_153,seq1,r_102_88_108,1.0,0,108,108,49
53,seq3,r_10_80_79,seq58,r_10_80_79,0.99,0,79,79,49
43,r_0_120_182,r_29_26_41,r_98_50_65,r_98_50_65,0.76,117,182,65,49
40,r_84_37_12,seq15,seq46,r_84_37_12,0.73,0,12,12,49
37,r_136_56_157,seq27,r_29_26_41,r_136_56_157,0.68,0,157,157,49
3,r_72_59_47,seq71,r_28_74_152,r_28_74_152,0.89,1,153,152,49
26,r_5_100_40,r_108_130_161,seq112,r_5_100_40,1.0,0,40,40,49
16,r_98_50_65,r_125_6_158,r_77_143_69,r_77_143_69,0.99,2,71,69,49
39,r_12_48_84,r_97_30_185,r_138_36_15,r_12_48_84,1.0,0,84,84,49
1,r_101_11_188,seq124,r_134_57_143,r_101_11_188,0.37,0,188,188,49
5,r_45_39_100,seq94,seq27,r_45_39_100,1.0,0,100,100,49
46,r_122_9_68,seq58,seq99,r_122_9_68,1.0,0,68,68,49
42,r_104_89_177,seq116,seq139,r_104_89_177,0.72,2,179,177,49
45,r_118_147_96,r_47_35_153,r_131_95_124,r_47_35_153,0.52,0,153,153,49
14,r_138_36_15,r_136_56_157,seq96,r_138_36_15,0.99,0,15,15,49
45,r_118_147_96,r_43_90_174,r_47_35_153,r_118_147_96,0.82,1,97,96,49
19,r_49_17_155,seq129,seq137,r_49_17_155,0.98,0,155,155,49
11,r_108_130_161,seq27,r_72_59_47,r_108_130_161,0.86,0,161,161,49
31,r_81_31_73,seq85,seq71,r_81_31_73,1.0,0,73,73,49
41,r_77_143_69,seq113,r_98_50_65,r_77_143_69,0.99,1,70,69,49
10,r_47_35_153,r_118_147_96,r_13_148_195,r_47_35_153,0.96,0,153,153,49
10,r_47_35_153,r_102_88_108,r_118_147_96,r_47_35_153,0.8,-45,108,153,49
44,r_29_26_41,r_134_57_143,r_8_142_31,r_8_142_31,0.76,12,43,31,49
78,seq71,r_44_75_42,r_72_59_47,r_72_59_47,0.47,-21,26,47,49
11,r_108_130_161,r_5_100_40,seq27,r_5_100_40,1.0,1,41,40,49
0,r_10_80_79,seq3,seq112,r_10_80_79,1.0,0,79,79,49
2,r_106_73_56,seq116,seq65,r_106_73_56,1.0,0,56,56,49
98,seq124,r_93_52_60,r_101_11_188,r_93_52_60,1.0,0,60,60,49
48,r_13_148_195,r_28_74_152,r_47_35_153,r_47_35_153,0.57,0,153,153,49
47,r_145_22_22,seq96,seq78,r_145_22_22,0.73,-6,16,22,49
20,r_38_135_13,seq27,r_41_67_126,r_41_67_126,1.0,-4,122,126,49
53,seq3,seq58,r_134_57_143,r_134_57_143,0.9,3,146,143,49
20,r_38_135_13,seq1,seq133,r_38_135_13,0.93,0,13,13,49
29,r_141_119_86,seq92,r_42_40_61,r_141_119_86,0.98,0,86,86,49
13,r_8_142_31,r_98_50_65,r_29_26_41,r_8_142_31,0.99,0,31,31,49
25,r_134_57_143,seq112,seq3,r_134_57_143,0.89,0,143,143,49
33,r_126_82_133,seq112,seq58,r_126_82_133,0.92,0,133,133,49
88,seq99,r_131_95_124,r_122_9_68,r_122_9_68,0.75,8,76,68,49
68,seq34,r_19_60_129,r_29_26_41,r_19_60_129,1.0,0,129,129,49
3,r_72_59_47,r_141_119_86,seq71,r_72_59_47,0.53,0,47,47,49
32,r_42_40_61,r_28_74_152,seq96,r_42_40_61,0.66,0,61,61,49
38,r_64_121_74,seq140,seq46,r_64_121_74,1.0,0,74,74,49
77,seq65,r_131_95_124,r_106_73_56,r_106_73_56,0.82,68,124,56,49
34,r_28_74_152,r_43_90_174,r_72_59_47,r_28_74_152,0.93,0,152,152,49
78,seq71,r_72_59_47,r_81_31_73,r_81_31_73,1.0,0,73,73,49
17,r_19_60_129,seq34,seq3,r_19_60_129,0.97,0,129,129,49
54,seq133,r_49_17_155,r_53_91_58,r_49_17_155,1.0,-96,59,155,49
9,r_131_95_124,seq65,r_118_147_96,r_131_95_124,0.7,0,124,124,49
98,seq124,r_101_11_188,seq92,r_101_11_188,0.44,-16,172,188,49
18,r_44_75_42,seq21,r_145_22_22,r_44_75_42,1.0,0,42,42,49
49,r_41_67_126,seq92,r_38_135_13,r_41_67_126,0.9,-1,125,126,49
56,seq129,r_49_17_155,seq2,r_49_17_155,1.0,0,155,155,49
23,r_107_87_59,r_108_130_161,r_4_132_99,r_107_87_59,1.0,1,60,59,49
35,r_7_105_186,seq112,r_45_39_100,r_45_39_100,1.0,86,186,100,49
12,r_70_20_138,r_49_17_155,r_126_82_133,r_126_82_133,0.91,22,155,133,49
84,seq92,r_41_67_126,seq124,r_41_67_126,1.0,0,126,126,49
16,r_103_19_15,r_125_101_172,r_87_22_113,r_103_19_15,1.0,0,15,15,50
37,r_62_129_123,r_95_99_94,r_119_118_84,r_62_129_123,0.8,0,123,123,50
14,r_38_124_160,seq71,seq74,r_38_124_160,0.73,0,160,160,50
30,r_117_40_12,r_84_75_79,seq21,r_117_40_12,0.96,0,12,12,50
55,seq13,r_116_139_155,r_95_99_94,r_95_99_94,0.98,63,157,94,50
21,r_122_120_163,seq25,seq65,r_122_120_163,0.79,1,164,163,50
46,r_98_10_139,r_68_0_171,r_11_123_121,r_98_10_139,0.96,0,139,139,50
45,r_95_99_94,seq26,r_62_129_123,r_95_99_94,0.9,0,94,94,50
24,r_145_85_91,r_125_101_172,r_78_43_66,r_125_101_172,0.62,2,174,172,50
11,r_148_37_31,seq18,seq142,r_148_37_31,1.0,0,31,31,50
12,r_68_0_171,seq143,seq6,r_68_0_171,0.92,0,171,171,50
13,r_9_36_10,r_121_90_82,r_50_28_21,r_9_36_10,0.86,12,22,10,50
27,r_140_111_40,r_62_129_123,r_95_99_94,r_140_111_40,1.0,83,123,40,50
76,seq52,seq4,r_54_83_122,r_54_83_122,1.0,12,134,122,50
6,r_79_51_34,r_62_129_123,seq89,r_79_51_34,0.95,0,34,34,50
31,r_128_82_78,r_133_81_72,r_96_41_16,r_133_81_72,0.96,-4,68,72,50
41,r_59_45_159,seq61,r_47_30_6,r_59_45_159,0.68,0,159,159,50
45,r_95_99_94,r_62_129_123,r_140_111_40,r_62_129_123,1.0,0,123,123,50
3,r_80_86_134,r_128_82_78,r_106_141_168,r_80_86_134,0.92,0,134,134,50
10,r_20_104_61,seq49,seq46,r_20_104_61,1.0,0,61,61,50
16,r_103_19_15,r_87_22_113,seq25,r_87_22_113,1.0,0,113,113,50
4,r_78_43_66,r_16_72_114,seq74,r_78_43_66,1.0,0,66,66,50
78,seq57,r_1_135_117,r_128_82_78,r_1_135_117,1.0,0,117,117,50
0,r_119_118_84,r_106_141_168,seq48,r_119_118_84,0.94,-3,81,84,50
20,r_76_137_137,seq7,r_50_28_21,r_76_137_137,0.91,0,137,137,50
15,r_54_83_122,seq31,seq52,r_54_83_122,0.98,3,125,122,50
48,r_11_123_121,r_138_60_152,seq147,r_11_123_121,0.97,0,121,121,50
49,r_87_22_113,r_103_19_15,seq15,r_87_22_113,1.0,0,113,113,50
26,r_92_112_25,r_125_101_172,seq48,r_92_112_25,1.0,0,25,25,50
36,r_88_108_17,r_94_2_130,seq23,r_88_108_17,1.0,0,17,17,50
19,r_12_126_49,seq6,seq77,r_12_126_49,1.0,0,49,49,50
49,r_87_22_113,r_138_60_152,r_103_19_15,r_103_19_15,0.99,0,15,15,50
99,seq149,seq131,r_121_90_82,r_121_90_82,1.0,10,92,82,50
2,r_121_90_82,seq26,r_119_118_84,r_121_90_82,1.0,0,82,82,50
47,r_84_75_79,seq147,r_59_45_159,r_84_75_79,1.0,-4,75,79,50
27,r_140_111_40,seq42,r_62_129_123,r_140_111_40,0.98,-2,38,40,50
18,r_91_14_190,seq31,r_140_111_40,r_91_14_190,0.29,0,190,190,50
29,r_44_3_178,seq5,r_121_90_82,r_121_90_82,0.98,99,181,82,50
24,r_145_85_91,r_1_135_117,r_125_101_172,r_145_85_91,0.92,0,91,91,50
74,seq48,r_136_66_118,r_92_112_25,r_92_112_25,1.0,3,28,25,50
13,r_9_36_10,r_132_24_176,r_121_90_82,r_9_36_10,0.67,0,10,10,50
47,r_84_75_79,r_59_45_159,r_121_90_82,r_59_45_159,0.97,-13,146,159,50
88,seq143,r_29_127_157,seq74,r_29_127_157,0.92,1,158,157,50
42,r_96_41_16,r_94_2_130,r_128_82_78,r_96_41_16,0.98,0,16,16,50
34,r_16_72_114,r_59_45_159,seq6,r_16_72_114,0.99,0,114,114,50
32,r_29_127_157,seq143,seq18,r_29_127_157,0.83,1,158,157,50
34,r_16_72_114,r_78_43_66,r_59_45_159,r_78_43_66,1.0,0,66,66,50
17,r_125_101_172,seq74,r_145_85_91,r_145_85_91,1.0,1,92,91,50
56,seq142,r_29_127_157,r_148_37_31,r_148_37_31,0.91,1,32,31,50
1,r_50_28_21,r_12_126_49,r_9_36_10,r_50_28_21,1.0,0,21,21,50
9,r_133_81_72,r_128_82_78,seq100,r_133_81_72,0.98,0,72,72,50
37,r_62_129_123,r_140_111_40,r_95_99_94,r_95_99_94,1.0,11,105,94,50
28,r_116_139_155,seq13,seq89,r_116_139_155,0.52,2,157,155,50
37,r_62_129_123,r_79_51_34,r_140_111_40,r_62_129_123,0.82,-92,31,123,50
87,seq89,seq17,r_79_51_34,r_79_51_34,0.95,0,34,34,50
17,r_125_101_172,r_145_85_91,r_47_30_6,r_125_101_172,0.67,2,174,172,50
35,r_27_97_97,r_59_45_159,seq49,r_27_97_97,1.0,0,97,97,50
12,r_68_0_171,r_98_10_139,seq143,r_98_10_139,1.0,0,139,139,50
5,r_67_63_55,seq35,r_94_2_130,r_67_63_55,1.0,0,55,55,50
84,seq71,r_38_124_160,r_20_104_61,r_20_104_61,0.98,94,155,61,50
36,r_33_71_76,r_110_14_132,seq125,r_33_71_76,1.0,0,76,76,51
21,r_73_87_172,r_108_57_140,r_75_139_46,r_73_87_172,0.93,0,172,172,51
43,r_47_16_100,r_23_18_192,seq56,r_47_16_100,0.78,3,103,100,51
75,seq62,r_70_74_30,r_75_139_46,r_70_74_30,0.94,-10,20,30,51
37,r_110_14_132,seq102,seq29,r_110_14_132,0.98,0,132,132,51
59,seq15,r_138_119_90,r_17_117_39,r_17_117_39,0.71,50,89,39,51
19,r_136_126_129,r_141_11_50,seq9,r_136_126_129,0.99,2,131,129,51
71,seq55,r_30_81_166,seq4,r_30_81_166,0.98,1,167,166,51
16,r_134_93_138,r_23_18_192,seq80,r_23_18_192,0.51,-52,140,192,51
21,r_73_87_172,r_132_76_148,r_108_57_140,r_108_57_140,0.79,11,151,140,51
5,r_86_79_179,seq22,r_90_54_114,r_90_54_114,0.77,16,130,114,51
46,r_58_40_93,r_131_98_173,r_38_46_33,r_58_40_93,0.58,0,93,93,51
41,r_78_59_36,r_48_64_156,seq42,r_78_59_36,0.98,1,37,36,51
4,r_70_74_30,seq62,seq89,r_70_74_30,1.0,0,30,30,51
31,r_26_44_78,r_0_39_48,seq80,r_26_44_78,0.98,-4,74,78,51
3,r_132_76_148,r_73_87_172,r_38_46_33,r_132_76_148,0.51,3,151,148,51
10,r_131_98_173,r_58_40_93,r_138_119_90,r_58_40_93,0.87,3,96,93,51
58,seq142,r_48_64_156,r_10_52_9,r_48_64_156,0.74,-113,43,156,51
78,seq83,seq22,r_88_72_65,r_88_72_65,1.0,74,139,65,51
13,r_82_63_38,seq145,r_101_19_157,r_101_19_157,0.8,13,170,157,51
5,r_86_79_179,r_90_54_114,seq4,r_86_79_179,0.95,0,179,179,51
48,r_50_35_96,r_86_79_179,seq144,r_50_35_96,0.93,-1,95,96,51
57,seq13,seq61,r_25_67_85,r_25_67_85,1.0,21,106,85,51
6,r_138_119_90,r_28_148_145,r_131_98_173,r_138_119_90,0.45,14,104,90,51
62,seq20,r_21_92_125,seq107,r_21_92_125,1.0,0,125,125,51
85,seq103,r_140_130_63,seq29,r_140_130_63,0.99,0,63,63,51
19,r_136_126_129,r_101_19_157,r_141_11_50,r_141_11_50,0.99,4,54,50,51
0,r_141_11_50,r_136_126_129,seq6,r_136_126_129,0.94,3,132,129,51
10,r_131_98_173,r_138_119_90,r_140_130_63,r_131_98_173,0.82,1,174,173,51
27,r_108_57_140,r_101_19_157,r_73_87_172,r_73_87_172,0.59,-32,140,172,51
87,seq105,seq61,r_66_147_62,r_66_147_62,0.97,25,87,62,51
47,r_48_64_156,seq125,r_99_34_161,r_48_64_156,0.92,1,157,156,51
40,r_69_128_79,r_138_119_90,r_149_68_27,r_69_128_79,1.0,1,80,79,51
74,seq61,seq105,r_66_147_62,r_66_147_62,0.94,3,65,62,51
18,r_90_54_114,r_28_148_145,r_86_79_179,r_90_54_114,0.47,0,114,114,51
29,r_140_130_63,seq103,seq127,r_140_130_63,1.0,0,63,63,51
45,r_17_117_39,r_0_39_48,seq15,r_17_117_39,0.96,0,39,39,51
27,r_108_57_140,r_73_87_172,r_7_45_183,r_108_57_140,0.7,43,183,140,51
34,r_112_65_154,r_88_72_65,seq107,r_112_65_154,0.61,1,155,154,51
95,seq121,seq129,r_84_124_21,r_84_124_21,1.0,3,24,21,51
25,r_88_72_65,r_23_18_192,seq9,r_88_72_65,1.0,0,65,65,51
1,r_38_46_33,r_23_18_192,seq102,r_38_46_33,0.81,4,37,33,51
6,r_138_119_90,r_131_98_173,seq103,r_131_98_173,0.93,4,177,173,51
38,r_21_92_125,seq20,seq97,r_21_92_125,0.98,0,125,125,51
34,r_112_65_154,seq83,r_88_72_65,r_88_72_65,1.0,3,68,65,51
17,r_1_85_142,seq55,seq6,r_1_85_142,0.62,4,146,142,51
39,r_10_52_9,r_38_46_33,seq142,r_38_46_33,0.61,-22,11,33,51
9,r_25_67_85,seq89,seq13,r_25_67_85,1.0,0,85,85,51
91,seq114,r_73_87_172,seq144,r_73_87_172,1.0,-20,152,172,51
49,r_99_34_161,r_5_8_193,r_48_64_156,r_48_64_156,0.65,5,161,156,51
7,r_7_45_183,r_5_8_193,r_108_57_140,r_5_8_193,0.53,-10,183,193,51
18,r_90_54_114,r_86_79_179,seq83,r_86_79_179,1.0,0,179,179,51
0,r_141_11_50,seq80,r_136_126_129,r_141_11_50,1.0,1,51,50,51
32,r_84_124_21,r_21_92_125,seq121,r_84_124_21,0.94,0,21,21,51
75,seq62,r_75_139_46,r_12_27_131,r_12_27_131,0.73,28,159,131,51
35,r_49_41_163,seq61,seq143,r_49_41_163,0.3,0,163,163,51
12,r_23_18_192,r_134_93_138,r_146_51_120,r_134_93_138,0.71,2,140,138,51
30,r_30_132_126,seq10,seq64,r_30_132_126,0.69,2,128,126,52
38,r_134_148_53,r_30_132_126,seq103,r_134_148_53,0.75,0,53,53,52
58,seq147,r_81_68_16,r_71_47_122,r_71_47_122,0.98,3,125,122,52
37,r_53_123_25,r_63_119_170,seq35,r_53_123_25,0.78,3,28,25,52
59,seq20,r_142_48_184,r_124_56_75,r_124_56_75,1.0,0,75,75,52
40,r_144_125_13,r_37_140_68,seq104,r_144_125_13,0.98,2,15,13,52
86,seq89,r_28_111_140,seq146,r_28_111_140,1.0,-1,139,140,52
16,r_34_6_84,r_128_135_112,seq32,r_34_6_84,0.99,1,85,84,52
21,r_1_131_109,seq90,seq109,r_1_131_109,0.99,0,109,109,52
39,r_54_120_123,seq45,seq90,r_54_120_123,0.42,4,127,123,52
1,r_81_68_16,seq147,r_122_143_97,r_122_143_97,1.0,12,109,97,52
46,r_118_15_64,seq127,r_85_101_173,r_118_15_64,1.0,0,64,64,52
84,seq84,r_37_140_68,r_13_49_6,r_13_49_6,0.9,22,28,6,52
19,r_106_136_85,r_0_129_125,seq36,r_106_136_85,1.0,0,85,85,52
76,seq64,seq103,r_30_132_126,r_30_132_126,0.96,3,129,126,52
43,r_145_26_41,r_23_62_90,seq16,r_23_62_90,0.93,-52,38,90,52
10,r_40_137_137,seq32,seq127,r_40_137_137,0.99,0,137,137,52
17,r_63_119_170,r_92_102_174,r_99_58_14,r_63_119_170,0.99,0,170,170,52
90,seq98,seq75,r_23_62_90,r_23_62_90,1.0,7,97,90,52
3,r_9_96_30,r_86_94_188,seq41,r_9_96_30,0.97,0,30,30,52
26,r_124_56_75,r_37_140_68,seq20,r_124_56_75,1.0,0,75,75,52
7,r_69_50_57,r_30_132_126,seq76,r_69_50_57,0.99,0,57,57,52
4,r_122_143_97,r_30_132_126,r_81_68_16,r_81_68_16,0.93,81,97,16,52
0,r_112_44_73,r_0_129_125,seq80,r_112_44_73,0.81,0,73,73,52
1,r_81_68_16,r_9_96_30,seq147,r_81_68_16,1.0,0,16,16,52
48,r_100_110_82,seq27,r_69_50_57,r_100_110_82,0.98,1,83,82,52
25,r_57_121_56,r_40_137_137,r_37_140_68,r_57_121_56,1.0,0,56,56,52
87,seq90,seq31,r_17_74_178,r_17_74_178,0.96,6,184,178,52
27,r_92_102_174,r_63_119_170,r_128_135_112,r_63_119_170,0.53,0,170,170,52
87,seq90,r_1_131_109,seq31,r_1_131_109,1.0,0,109,109,52
47,r_42_138_129,r_55_7_29,r_63_119_170,r_42_138_129,0.88,0,129,129,52
18,r_28_111_140,seq89,r_69_50_57,r_28_111_140,0.97,-1,139,140,52
29,r_2_88_63,r_128_135_112,r_53_123_25,r_2_88_63,1.0,1,64,63,52
24,r_23_62_90,seq91,seq98,r_23_62_90,1.0,0,90,90,52
13,r_77_43_131,seq24,seq3,r_77_43_131,0.73,-100,31,131,52
33,r_71_47_122,r_63_119_170,seq147,r_63_119_170,0.53,-46,124,170,52
64,seq31,r_112_44_73,seq90,r_112_44_73,0.82,-10,63,73,52
91,seq103,seq64,r_134_148_53,r_134_148_53,1.0,2,55,53,52
70,seq41,r_142_48_184,r_9_96_30,r_9_96_30,1.0,154,184,30,52
47,r_42_138_129,r_63_119_170,seq107,r_63_119_170,1.0,0,170,170,52
68,seq36,seq126,r_106_136_85,r_106_136_85,1.0,14,99,85,52
77,seq65,r_29_97_133,seq36,r_29_97_133,1.0,-43,90,133,52
2,r_141_66_12,r_73_115_81,seq70,r_141_66_12,0.97,0,12,12,52
17,r_63_119_170,r_71_47_122,r_92_102_174,r_71_47_122,0.69,-8,114,122,52
9,r_0_129_125,r_106_136_85,seq45,r_106_136_85,0.99,0,85,85,52
22,r_142_48_184,seq41,r_71_47_122,r_142_48_184,0.35,0,184,184,52
28,r_149_139_142,r_37_140_68,r_144_125_13,r_37_140_68,0.84,75,143,68,52
58,seq147,seq103,r_81_68_16,r_81_68_16,1.0,1,17,16,52
23,r_14_82_168,seq76,r_85_101_173,r_14_82_168,0.79,0,168,168,52
35,r_46_12_99,r_142_48_184,seq80,r_46_12_99,0.56,1,100,99,52
12,r_128_135_112,seq90,r_92_102_174,r_128_135_112,0.43,72,184,112,52
93,seq113,r_134_129_177,r_70_50_88,r_70_50_88,0.96,90,178,88,53
36,r_84_69_92,seq2,seq59,r_84_69_92,0.95,0,92,92,53
11,r_23_77_47,seq60,seq128,r_23_77_47,1.0,0,47,47,53
14,r_1_112_136,seq120,r_142_101_86,r_142_101_86,0.9,46,132,86,53
8,r_147_55_78,r_136_5_119,seq66,r_147_55_78,0.97,1,79,78,53
83,seq80,r_99_125_194,r_142_101_86,r_142_101_86,0.98,8,94,86,53
41,r_63_19_18,seq13,seq66,r_63_19_18,0.99,0,18,18,53
19,r_134_129_177,r_27_104_49,seq132,r_134_129_177,0.89,1,178,177,53
71,seq51,r_33_116_77,seq12,r_33_116_77,1.0,3,80,77,53
16,r_43_103_82,r_149_3_197,r_47_44_4,r_43_103_82,0.62,24,106,82,53
21,r_58_88_162,seq90,seq36,r_58_88_162,0.79,0,162,162,53
39,r_52_15_74,r_11_57_181,seq86,r_52_15_74,1.0,0,74,74,53
1,r_117_54_141,seq66,r_34_124_50,r_117_54_141,0.95,1,142,141,53
5,r_33_116_77,seq51,r_23_77_47,r_33_116_77,1.0,1,78,77,53
19,r_134_129_177,seq113,r_27_104_49,r_27_104_49,1.0,17,66,49,53
32,r_71_146_35,r_93_46_140,seq25,r_71_146_35,1.0,0,35,35,53
95,seq120,r_38_26_109,r_56_85_60,r_56_85_60,0.79,49,109,60,53
43,r_111_81_101,seq59,seq135,r_111_81_101,1.0,0,101,101,53
31,r_114_45_155,r_39_133_59,seq67,r_39_133_59,1.0,4,63,59,53
26,r_87_97_48,r_1_112_136,seq59,r_87_97_48,1.0,1,49,48,53
96,seq148,seq2,r_17_121_163,r_17_121_163,0.59,5,168,163,53
46,r_130_75_34,r_16_139_31,seq141,r_130_75_34,1.0,0,34,34,53
13,r_123_145_85,r_0_24_130,r_110_100_183,r_0_24_130,0.98,2,132,130,53
10,r_70_50_88,r_91_8_144,r_27_104_49,r_70_50_88,0.98,1,89,88,53
0,r_37_95_148,seq132,r_33_116_77,r_33_116_77,0.7,71,148,77,53
13,r_123_145_85,seq128,r_0_24_130,r_123_145_85,0.51,4,89,85,53
48,r_136_5_119,seq73,seq18,r_136_5_119,0.71,-4,115,119,53
4,r_0_24_130,seq18,r_43_103_82,r_0_24_130,0.98,0,130,130,53
6,r_39_133_59,r_114_45_155,seq20,r_39_133_59,0.99,4,63,59,53
62,seq20,r_1_112_136,r_39_133_59,r_39_133_59,1.0,11,70,59,53
23,r_65_102_45,r_1_112_136,seq144,r_65_102_45,1.0,0,45,45,53
28,r_78_6_17,r_23_77_47,seq144,r_78_6_17,1.0,0,17,17,53
3,r_21_108_44,seq74,r_71_146_35,r_21_108_44,1.0,1,45,44,53
24,r_142_101_86,seq62,seq80,r_142_101_86,0.99,0,86,86,53
33,r_91_8_144,seq144,r_130_75_34,r_91_8_144,0.92,0,144,144,53
50,seq128,r_123_145_85,r_33_116_77,r_33_116_77,1.0,12,89,77,53
80,seq73,seq137,r_72_53_16,r_72_53_16,1.0,1,17,16,53
70,seq49,seq113,r_47_44_4,r_47_44_4,0.49,87,91,4,53
47,r_110_100_183,seq128,r_16_139_31,r_110_100_183,0.51,-137,46,183,53
38,r_38_26_109,seq120,seq86,r_38_26_109,0.99,0,109,109,53
77,seq66,r_117_54_141,r_147_55_78,r_147_55_78,0.83,64,142,78,53
37,r_131_76_27,r_37_95_148,r_72_53_16,r_37_95_148,0.72,-121,27,148,53
49,r_34_124_50,r_29_118_189,seq67,r_34_124_50,1.0,0,50,50,53
17,r_93_46_140,r_58_88_162,r_136_5_119,r_93_46_140,0.78,6,146,140,53
27,r_72_53_16,r_37_95_148,seq73,r_72_53_16,0.98,0,16,16,53
34,r_107_105_38,r_39_133_59,seq127,r_107_105_38,0.96,2,40,38,53
25,r_27_104_49,r_134_129_177,r_70_50_88,r_70_50_88,0.67,90,178,88,53
9,r_56_85_60,r_33_116_77,seq120,r_56_85_60,1.0,0,60,60,53
31,r_114_45_155,seq67,r_16_139_31,r_114_45_155,0.99,0,155,155,53
4,r_0_24_130,r_79_28_25,seq18,r_0_24_130,0.72,-95,35,130,53
7,r_41_32_113,seq86,seq90,r_41_32_113,0.96,1,114,113,53
22,r_79_28_25,r_0_24_130,r_140_7_7,r_79_28_25,0.95,0,25,25,53
25,r_27_104_49,seq30,r_134_129_177,r_27_104_49,1.0,0,49,49,53
82,seq141,r_1_112_136,r_130_75_34,r_130_75_34,1.0,38,72,34,53
42,r_29_118_189,r_34_124_50,seq59,r_34_124_50,0.81,0,50,50,53
12,r_11_57_181,seq80,r_38_26_109,r_38_26_109,1.0,72,181,109,53
42,r_117_16_34,r_93_21_146,seq32,r_117_16_34,1.0,0,34,34,54
92,seq110,r_41_80_32,seq26,r_41_80_32,1.0,-8,24,32,54
17,r_143_65_28,r_137_63_134,seq57,r_143_65_28,0.99,1,29,28,54
14,r_31_78_121,seq115,r_54_66_30,r_31_78_121,1.0,0,121,121,54
8,r_71_3_162,seq7,r_117_16_34,r_117_16_34,0.58,130,164,34,54
53,seq7,r_71_3_162,seq57,r_71_3_162,0.99,2,164,162,54
7,r_84_36_31,r_116_0_52,seq28,r_84_36_31,0.84,0,31,31,54
43,r_52_1_168,r_59_49_177,seq5,r_52_1_168,0.39,3,171,168,54
83,seq88,r_146_91_84,seq57,r_146_91_84,0.96,1,85,84,54
37,r_13_145_91,seq121,r_82_74_17,r_82_74_17,0.94,78,95,17,54
24,r_82_74_17,r_116_0_52,r_122_18_141,r_82_74_17,0.99,-1,16,17,54
21,r_93_21_146,seq5,r_143_65_28,r_93_21_146,0.97,0,146,146,54
46,r_25_95_104,r_52_1_168,seq20,r_25_95_104,0.97,0,104,104,54
24,r_82_74_17,r_122_18_141,r_101_4_148,r_122_18_141,1.0,0,141,141,54
95,seq115,r_31_78_121,seq23,r_31_78_121,1.0,0,121,121,54
0,r_138_100_23,r_130_142_198,seq38,r_138_100_23,0.97,1,24,23,54
29,r_11_56_50,r_75_64_42,r_116_0_52,r_116_0_52,0.79,2,54,52,54
41,r_22_104_41,r_130_142_198,r_85_118_5,r_22_104_41,1.0,1,42,41,54
39,r_131_79_105,seq72,seq123,r_131_79_105,0.68,4,109,105,54
33,r_136_43_33,r_131_79_105,seq47,r_136_43_33,1.0,0,33,33,54
31,r_101_4_148,r_6_107_158,r_82_74_17,r_101_4_148,0.91,0,148,148,54
6,r_116_0_52,r_86_134_183,r_11_56_50,r_116_0_52,1.0,3,55,52,54
30,r_54_66_30,r_116_0_52,seq34,r_54_66_30,1.0,0,30,30,54
26,r_102_39_123,seq34,seq23,r_102_39_123,1.0,-1,122,123,54
2,r_122_18_141,r_6_107_158,r_82_74_17,r_82_74_17,1.0,-1,16,17,54
4,r_90_15_75,seq61,r_40_111_197,r_90_15_75,1.0,0,75,75,54
78,seq73,seq97,r_138_100_23,r_138_100_23,0.7,158,181,23,54
73,seq62,r_128_2_145,r_90_15_75,r_90_15_75,1.0,50,125,75,54
20,r_33_35_147,r_86_134_183,r_45_9_69,r_86_134_183,0.67,-91,92,183,54
5,r_89_119_47,seq32,seq99,r_89_119_47,0.99,0,47,47,54
98,seq126,r_94_125_179,r_75_64_42,r_75_64_42,0.86,138,180,42,54
69,seq47,seq127,r_136_43_33,r_136_43_33,0.99,17,50,33,54
48,r_139_29_153,seq28,r_135_147_53,r_135_147_53,1.0,68,121,53,54
4,r_90_15_75,r_40_111_197,r_148_124_126,r_148_124_126,1.0,31,157,126,54
57,seq19,r_55_141_132,seq129,r_55_141_132,1.0,0,132,132,54
13,r_120_46_14,r_93_21_146,seq70,r_120_46_14,0.89,0,14,14,54
2,r_122_18_141,r_82_74_17,seq144,r_122_18_141,0.98,0,141,141,54
0,r_138_100_23,seq38,seq27,r_138_100_23,0.42,64,87,23,54
39,r_131_79_105,r_136_43_33,seq72,r_136_43_33,0.92,-13,20,33,54
47,r_37_69_77,r_58_50_137,r_116_0_52,r_37_69_77,0.99,0,77,77,54
40,r_14_114_178,r_86_134_183,r_135_147_53,r_135_147_53,0.67,126,179,53,54
18,r_81_60_157,r_86_134_183,r_122_18_141,r_122_18_141,1.0,16,157,141,54
25,r_94_125_179,seq126,r_122_18_141,r_122_18_141,0.96,39,180,141,54
50,seq129,r_14_114_178,r_48_12_78,r_48_12_78,1.0,43,121,78,54
15,r_75_64_42,r_11_56_50,seq112,r_75_64_42,0.99,15,57,42,54
38,r_128_2_145,seq62,seq26,r_128_2_145,0.71,1,146,145,54
93,seq112,seq72,r_75_64_42,r_75_64_42,0.66,4,46,42,54
77,seq72,r_131_79_105,seq126,r_131_79_105,0.7,-24,81,105,54
87,seq99,seq106,r_89_119_47,r_89_119_47,1.0,0,47,47,54
9,r_48_12_78,r_71_3_162,seq129,r_48_12_78,1.0,0,78,78,54
34,r_41_80_32,seq110,seq27,r_41_80_32,1.0,0,32,32,54
16,r_135_147_53,r_148_124_126,seq17,r_135_147_53,0.91,0,53,53,54
28,r_8_109_119,seq57,seq70,r_8_109_119,1.0,0,119,119,54
49,r_45_9_69,r_14_114_178,seq27,r_45_9_69,0.92,2,71,69,54
44,r_146_91_84,seq88,r_54_66_30,r_146_91_84,1.0,0,84,84,54
23,r_6_107_158,seq96,r_136_43_33,r_6_107_158,0.72,0,158,158,54
35,r_51_98_92,r_40_111_197,r_54_66_30,r_51_98_92,0.99,0,92,92,54
12,r_85_118_5,seq68,r_22_104_41,r_22_104_41,1.0,19,60,41,54
30,r_125_59_181,r_105_49_80,seq71,r_105_49_80,1.0,1,81,80,55
44,r_106_102_112,r_77_91_127,seq57,r_106_102_112,0.98,0,112,112,55
6,r_30_18_21,seq147,seq135,r_30_18_21,1.0,1,22,21,55
36,r_4_7_154,seq121,r_66_38_138,r_4_7_154,0.64,0,154,154,55
18,r_148_36_16,r_65_96_62,r_33_9_104,r_148_36_16,0.98,0,16,16,55
83,seq93,r_126_99_157,r_66_38_138,r_66_38_138,0.5,23,161,138,55
37,r_54_136_150,seq135,r_17_90_85,r_54_136_150,0.61,0,150,150,55
71,seq56,r_14_89_165,r_35_119_113,r_35_119_113,1.0,55,168,113,55
16,r_144_149_117,seq74,seq107,r_144_149_117,0.99,0,117,117,55
21,r_75_53_118,seq140,seq121,r_75_53_118,0.88,0,118,118,55
1,r_105_49_80,r_125_59_181,r_77_91_127,r_105_49_80,0.7,0,80,80,55
97,seq123,seq147,r_65_96_62,r_65_96_62,1.0,18,80,62,55
46,r_78_88_134,seq67,seq133,r_78_88_134,0.71,0,134,134,55
42,r_110_12_67,seq130,r_15_146_49,r_15_146_49,1.0,11,60,49,55
45,r_25_86_96,r_35_119_113,r_113_108_54,r_113_108_54,0.83,42,96,54,55
32,r_51_145_36,seq107,seq120,r_51_145_36,0.8,-2,34,36,55
23,r_14_89_165,seq56,r_15_146_49,r_15_146_49,1.0,0,49,49,55
43,r_15_146_49,seq46,r_110_12_67,r_15_146_49,0.99,0,49,49,55
8,r_61_143_39,r_105_49_80,seq67,r_105_49_80,1.0,-37,43,80,55
34,r_142_60_27,r_64_94_135,seq132,r_142_60_27,0.99,-1,26,27,55
41,r_73_39_79,seq97,r_52_43_45,r_73_39_79,0.97,1,80,79,55
67,seq46,r_138_122_183,r_17_90_85,r_17_90_85,1.0,98,183,85,55
38,r_98_2_186,seq97,r_64_94_135,r_98_2_186,0.92,0,186,186,55
89,seq111,r_3_32_92,seq71,r_3_32_92,1.0,3,95,92,55
10,r_64_94_135,r_40_141_168,seq81,r_64_94_135,0.98,2,137,135,55
24,r_83_5_52,r_77_91_127,seq132,r_83_5_52,0.98,1,53,52,55
31,r_103_87_31,r_80_26_76,seq71,r_80_26_76,0.99,0,76,76,55
48,r_77_91_127,r_83_5_52,seq69,r_83_5_52,1.0,0,52,52,55
4,r_63_6_174,seq29,r_15_146_49,r_15_146_49,0.92,125,174,49,55
78,seq71,r_3_32_92,r_47_45_64,r_47_45_64,0.53,4,68,64,55
11,r_65_96_62,r_137_19_188,seq123,r_65_96_62,1.0,0,62,62,55
20,r_134_10_139,seq81,r_128_0_33,r_134_10_139,0.93,0,139,139,55
98,seq124,r_78_88_134,r_70_41_29,r_78_88_134,0.91,-30,104,134,55
57,seq140,r_75_53_118,r_104_79_2,r_75_53_118,0.63,0,118,118,55
85,seq97,r_73_39_79,r_98_2_186,r_73_39_79,1.0,1,80,79,55
27,r_109_76_109,seq92,seq13,r_109_76_109,0.94,0,109,109,55
13,r_113_108_54,r_17_90_85,seq24,r_113_108_54,1.0,1,55,54,55
30,r_125_59_181,seq71,r_17_90_85,r_125_59_181,0.88,0,181,181,55
2,r_138_122_183,seq46,r_83_5_52,r_83_5_52,0.98,131,183,52,55
47,r_114_84_128,seq62,r_35_119_113,r_114_84_128,0.74,0,128,128,55
40,r_126_99_157,seq93,r_113_108_54,r_126_99_157,0.73,4,161,157,55
33,r_80_26_76,seq100,r_83_5_52,r_80_26_76,1.0,0,76,76,55
48,r_77_91_127,seq69,r_113_108_54,r_77_91_127,1.0,0,127,127,55
64,seq29,r_63_6_174,seq21,r_63_6_174,0.8,0,174,174,55
5,r_28_20_44,r_106_102_112,r_70_41_29,r_28_20_44,1.0,0,44,44,55
88,seq107,r_51_145_36,r_144_149_117,r_144_149_117,1.0,3,120,117,55
38,r_98_2_186,r_66_38_138,seq97,r_66_38_138,1.0,0,138,138,55
3,r_70_41_29,r_3_32_92,seq124,r_3_32_92,0.72,-61,31,92,55
26,r_33_9_104,r_80_26_76,r_148_36_16,r_33_9_104,0.82,-82,22,104,55
15,r_52_43_45,r_31_131_197,seq130,r_52_43_45,0.99,2,47,45,55
9,r_66_38_138,r_98_2_186,r_33_9_104,r_66_38_138,0.96,0,138,138,55
1,r_105_49_80,r_77_91_127,seq69,r_77_91_127,1.0,0,127,127,55
26,r_33_9_104,r_148_36_16,r_3_32_92,r_148_36_16,0.99,91,107,16,55
96,seq121,r_4_7_154,r_75_53_118,r_75_53_118,0.65,36,154,118,55
22,r_17_90_85,seq132,seq46,r_17_90_85,0.95,0,85,85,55
35,r_44_129_15,r_28_20_44,seq123,r_44_129_15,0.77,0,15,15,55
28,r_34_16_119,seq37,seq8,r_34_16_119,0.99,0,119,119,55
44,r_106_102_112,r_28_20_44,r_77_91_127,r_28_20_44,1.0,0,44,44,55
49,r_3_32_92,seq111,seq1,r_3_32_92,0.99,3,95,92,55
31,r_103_87_31,seq55,r_80_26_76,r_80_26_76,0.5,-45,31,76,55
18,r_148_36_16,r_33_9_104,seq100,r_33_9_104,1.0,-15,89,104,55
12,r_104_79_2,r_35_119_113,seq69,r_35_119_113,0.94,-4,109,113,55
23,r_14_89_165,r_15_146_49,r_103_87_31,r_15_146_49,0.5,119,168,49,55
17,r_128_0_33,seq21,r_40_141_168,r_128_0_33,1.0,3,36,33,55
53,seq4,seq98,r_74_108_39,r_74_108_39,1.0,0,39,39,56
97,seq114,r_115_47_169,r_89_26_54,r_89_26_54,1.0,4,58,54,56
30,r_77_8_61,seq106,seq78,r_77_8_61,1.0,0,61,61,56
47,r_71_130_37,seq38,seq5,r_71_130_37,1.0,0,37,37,56
36,r_41_51_162,seq120,seq32,r_41_51_162,0.53,0,162,162,56
14,r_7_111_96,r_88_73_164,seq96,r_7_111_96,1.0,0,96,96,56
8,r_118_55_66,r_102_2_141,r_62_53_38,r_118_55_66,0.98,-1,65,66,56
43,r_43_56_123,r_109_99_132,seq134,r_43_56_123,1.0,0,123,123,56
82,seq80,r_105_138_124,r_58_40_185,r_105_138_124,0.52,-109,15,124,56
39,r_126_116_32,seq78,r_16_94_72,r_16_94_72,1.0,17,89,72,56
1,r_85_140_177,seq95,seq86,r_85_140_177,0.45,0,177,177,56
42,r_3_35_99,seq18,r_9_127_50,r_3_35_99,0.98,2,101,99,56
33,r_62_53_38,seq76,seq95,r_62_53_38,1.0,0,38,38,56
41,r_75_42_44,r_85_140_177,seq136,r_75_42_44,1.0,0,44,44,56
45,r_129_13_7,seq76,r_50_113_53,r_50_113_53,0.96,43,96,53,56
32,r_17_125_106,r_9_127_50,seq0,r_17_125_106,1.0,0,106,106,56
84,seq83,r_58_40_185,r_67_1_18,r_67_1_18,1.0,10,28,18,56
19,r_21_119_194,seq106,r_66_84_133,r_66_84_133,1.0,-2,131,133,56
23,r_137_37_55,r_7_111_96,seq65,r_137_37_55,1.0,-4,51,55,56
48,r_61_19_41,seq78,seq48,r_61_19_41,0.74,-2,39,41,56
76,seq54,r_16_94_72,r_118_55_66,r_118_55_66,0.98,6,72,66,56
2,r_50_113_53,seq5,r_129_13_7,r_50_113_53,0.73,-2,51,53,56
32,r_17_125_106,r_43_56_123,r_9_127_50,r_9_127_50,0.99,4,54,50,56
31,r_115_47_169,seq114,r_69_70_36,r_69_70_36,0.58,133,169,36,56
57,seq136,seq128,r_75_42_44,r_75_42_44,1.0,1,45,44,56
26,r_11_139_153,r_6_28_152,seq29,r_11_139_153,0.93,0,153,153,56
3,r_67_1_18,r_11_139_153,seq65,r_67_1_18,0.98,0,18,18,56
0,r_66_84_133,seq29,r_21_119_194,r_66_84_133,0.55,10,143,133,56
73,seq46,r_88_73_164,r_43_56_123,r_43_56_123,0.91,41,164,123,56
7,r_89_26_54,r_77_8_61,seq114,r_89_26_54,1.0,-2,52,54,56
20,r_109_99_132,r_43_56_123,seq48,r_109_99_132,0.56,-8,124,132,56
15,r_88_73_164,seq46,r_109_99_132,r_88_73_164,0.52,0,164,164,56
9,r_15_101_121,r_9_127_50,r_60_104_171,r_60_104_171,0.99,-1,170,171,56
12,r_27_148_4,r_102_2_141,r_43_56_123,r_27_148_4,0.9,137,141,4,56
6,r_16_94_72,seq54,r_126_116_32,r_16_94_72,1.0,0,72,72,56
37,r_74_108_39,seq147,seq4,r_74_108_39,1.0,1,40,39,56
10,r_102_2_141,r_27_148_4,seq106,r_102_2_141,0.7,0,141,141,56
27,r_122_31_95,r_3_35_99,seq135,r_122_31_95,1.0,0,95,95,56
88,seq95,r_85_140_177,r_62_53_38,r_62_53_38,1.0,1,39,38,56
16,r_30_10_17,seq128,seq48,r_30_10_17,1.0,0,17,17,56
40,r_142_92_92,r_43_56_123,r_72_23_5,r_142_92_92,0.66,1,93,92,56
74,seq48,r_6_28_152,r_109_99_132,r_109_99_132,1.0,26,158,132,56
29,r_81_143_118,r_88_73_164,r_118_55_66,r_88_73_164,0.99,-46,118,164,56
46,r_123_57_19,r_109_99_132,seq141,r_123_57_19,0.92,0,19,19,56
25,r_144_133_137,seq22,r_74_108_39,r_144_133_137,0.8,0,137,137,56
50,seq0,seq96,r_17_125_106,r_17_125_106,1.0,30,136,106,56
70,seq33,r_79_90_159,r_144_133_137,r_144_133_137,0.66,22,159,137,56
68,seq29,r_66_84_133,r_11_139_153,r_11_139_153,0.98,1,154,153,56
38,r_79_90_159,seq33,r_81_143_118,r_81_143_118,0.74,41,159,118,56
52,seq132,r_39_36_176,seq120,r_39_36_176,0.65,0,176,176,56
22,r_9_127_50,r_17_125_106,r_3_35_99,r_9_127_50,1.0,56,106,50,56
13,r_124_45_26,r_77_8_61,seq103,r_124_45_26,0.98,1,27,26,56
81,seq78,r_126_116_32,r_77_8_61,r_77_8_61,1.0,0,61,61,56
22,r_9_127_50,r_85_140_177,r_17_125_106,r_9_127_50,0.99,0,50,50,56
28,r_60_104_171,seq110,r_15_101_121,r_15_101_121,0.51,50,171,121,56
49,r_72_23_5,seq49,r_142_92_92,r_142_92_92,1.0,0,92,92,56
34,r_69_70_36,r_43_56_123,seq18,r_69_70_36,0.95,0,36,36,56
35,r_100_121_88,seq145,r_16_94_72,r_100_121_88,0.98,1,89,88,56
30,r_125_87_118,r_140_9_166,r_18_26_73,r_125_87_118,0.96,0,118,118,57
36,r_29_79_165,seq105,r_18_26_73,r_29_79_165,0.49,6,171,165,57
19,r_16_39_12,r_73_109_193,r_18_26_73,r_18_26_73,0.98,-4,69,73,57
8,r_140_9_166,seq47,r_148_2_38,r_140_9_166,0.58,1,167,166,57
43,r_30_117_103,r_62_149_186,r_44_108_130,r_30_117_103,0.7,0,103,103,57
54,seq138,r_143_4_172,r_104_86_179,r_143_4_172,0.85,-77,95,172,57
52,seq132,seq41,r_40_25_40,r_40_25_40,0.63,6,46,40,57
23,r_50_99_54,seq69,seq114,r_50_99_54,1.0,0,54,54,57
55,seq139,r_45_120_144,seq118,r_45_120_144,1.0,0,144,144,57
16,r_70_51_175,seq90,r_44_108_130,r_70_51_175,0.71,0,175,175,57
21,r_112_77_123,r_49_146_189,seq121,r_112_77_123,1.0,0,123,123,57
1,r_128_0_64,seq46,seq66,r_128_0_64,0.93,3,67,64,57
5,r_147_20_163,seq118,r_83_6_133,r_147_20_163,0.96,0,163,163,57
46,r_44_108_130,r_130_12_168,seq27,r_130_12_168,0.99,-35,133,168,57
19,r_16_39_12,r_147_20_163,r_73_109_193,r_16_39_12,0.99,0,12,12,57
45,r_74_113_95,r_36_85_194,seq47,r_74_113_95,1.0,1,96,95,57
35,r_119_58_32,r_40_25_40,seq48,r_119_58_32,0.72,4,36,32,57
4,r_57_80_46,r_75_8_143,seq19,r_57_80_46,0.99,0,46,46,57
28,r_42_37_41,r_49_146_189,seq60,r_42_37_41,0.54,3,44,41,57
3,r_63_23_131,r_61_122_108,seq101,r_63_23_131,1.0,0,131,131,57
26,r_83_6_133,r_62_149_186,seq22,r_62_149_186,0.59,-53,133,186,57
0,r_18_26_73,seq123,r_16_39_12,r_18_26_73,0.79,3,76,73,57
63,seq28,r_96_72_126,seq34,r_96_72_126,0.97,-38,88,126,57
11,r_131_53_170,seq95,seq145,r_131_53_170,0.91,0,170,170,57
48,r_14_10_26,seq41,r_148_2_38,r_14_10_26,0.9,0,26,26,57
13,r_133_124_91,r_140_9_166,seq33,r_140_9_166,0.77,-64,102,166,57
15,r_45_120_144,seq139,seq121,r_45_120_144,0.8,0,144,144,57
14,r_40_25_40,r_119_58_32,seq132,r_40_25_40,0.82,-4,36,40,57
6,r_130_12_168,r_44_108_130,r_133_124_91,r_130_12_168,0.93,0,168,168,57
62,seq27,r_143_4_172,r_44_108_130,r_143_4_172,0.99,-43,129,172,57
33,r_98_136_17,r_128_0_64,r_15_56_10,r_98_136_17,0.94,0,17,17,57
32,r_67_84_164,r_50_99_54,seq3,r_67_84_164,0.87,1,165,164,57
47,r_15_56_10,r_44_108_130,r_98_136_17,r_98_136_17,0.78,116,133,17,57
40,r_13_55_138,seq69,seq47,r_13_55_138,0.99,0,138,138,57
27,r_148_2_38,r_14_10_26,seq19,r_148_2_38,0.95,0,38,38,57
18,r_5_92_157,r_140_9_166,seq118,r_140_9_166,0.77,-15,151,166,57
29,r_62_149_186,r_30_117_103,seq1,r_30_117_103,1.0,0,103,103,57
10,r_134_11_47,seq90,seq24,r_134_11_47,1.0,2,49,47,57
25,r_71_144_70,seq3,r_44_108_130,r_71_144_70,0.77,1,71,70,57
32,r_67_84_164,seq114,r_50_99_54,r_50_99_54,1.0,96,150,54,57
9,r_91_97_101,r_131_53_170,r_98_136_17,r_91_97_101,0.98,0,101,101,57
96,seq118,r_147_20_163,r_5_92_157,r_147_20_163,0.78,0,163,163,57
22,r_76_54_93,r_83_6_133,seq28,r_83_6_133,0.57,-44,89,133,57
44,r_94_78_75,r_107_111_104,r_81_126_4,r_94_78_75,0.84,3,78,75,57
12,r_36_85_194,r_74_113_95,seq66,r_74_113_95,1.0,1,96,95,57
30,r_131_0_103,seq142,seq88,r_131_0_103,0.83,4,107,103,58
36,r_112_45_141,r_101_21_144,r_40_70_95,r_112_45_141,0.97,1,142,141,58
92,seq102,r_59_3_170,r_30_106_65,r_30_106_65,1.0,14,79,65,58
14,r_101_21_144,r_74_78_163,r_82_27_198,r_101_21_144,0.59,0,144,144,58
53,seq129,seq134,r_149_145_75,r_149_145_75,1.0,0,75,75,58
41,r_67_37_112,r_41_9_45,seq88,r_67_37_112,1.0,2,114,112,58
35,r_86_147_10,r_40_70_95,r_143_29_66,r_86_147_10,0.96,0,10,10,58
37,r_8_48_182,r_6_93_143,r_56_17_172,r_8_48_182,0.61,0,182,182,58
16,r_7_118_160,seq130,r_69_4_167,r_7_118_160,0.77,0,160,160,58
39,r_6_93_143,r_8_48_182,seq141,r_8_48_182,0.65,-26,156,182,58
1,r_65_12_87,seq138,r_108_83_30,r_65_12_87,1.0,1,88,87,58
5,r_79_80_184,r_53_125_115,seq1,r_53_125_115,1.0,0,115,115,58
46,r_76_103_90,r_69_4_167,r_124_34_29,r_76_103_90,0.98,3,93,90,58
19,r_75_119_176,seq84,r_90_148_43,r_75_119_176,0.66,1,177,176,58
41,r_67_37_112,seq23,r_41_9_45,r_41_9_45,1.0,29,74,45,58
26,r_38_105_125,r_59_3_170,r_90_148_43,r_38_105_125,0.99,1,126,125,58
8,r_143_29_66,r_86_147_10,r_41_9_45,r_86_147_10,0.64,131,141,10,58
4,r_40_70_95,r_18_133_135,r_132_57_86,r_40_70_95,1.0,2,97,95,58
21,r_71_113_13,r_46_44_57,seq92,r_71_113_13,0.95,0,13,13,58
0,r_59_3_170,r_56_17_172,seq33,r_56_17_172,0.72,2,174,172,58
11,r_132_57_86,seq88,seq96,r_132_57_86,0.84,0,86,86,58
20,r_31_2_162,seq138,r_53_125_115,r_53_125_115,0.89,47,162,115,58
48,r_53_125_115,r_79_80_184,seq50,r_53_125_115,0.89,0,115,115,58
13,r_26_98_187,r_149_145_75,seq13,r_149_145_75,0.98,-38,37,75,58
13,r_26_98_187,seq13,r_59_3_170,r_59_3_170,0.65,1,171,170,58
6,r_30_106_65,seq115,seq102,r_30_106_65,1.0,0,65,65,58
62,seq20,r_59_3_170,r_30_106_65,r_30_106_65,1.0,92,157,65,58
10,r_104_25_47,r_77_111_139,r_126_95_106,r_104_25_47,0.86,63,110,47,58
27,r_46_44_57,r_31_2_162,r_146_24_78,r_146_24_78,0.97,12,90,78,58
40,r_146_24_78,r_26_98_187,r_46_44_57,r_146_24_78,1.0,3,81,78,58
74,seq49,seq134,r_51_109_51,r_51_109_51,1.0,18,69,51,58
18,r_100_99_89,seq58,seq36,r_100_99_89,1.0,0,89,89,58
29,r_54_5_71,r_79_80_184,r_51_109_51,r_54_5_71,1.0,0,71,71,58
8,r_143_29_66,r_77_111_139,r_86_147_10,r_86_147_10,0.99,0,10,10,58
35,r_86_147_10,r_143_29_66,r_32_87_80,r_86_147_10,0.85,63,73,10,58
25,r_116_10_84,r_101_21_144,seq84,r_116_10_84,1.0,0,84,84,58
33,r_18_133_135,r_40_70_95,seq13,r_40_70_95,1.0,2,97,95,58
28,r_124_34_29,seq92,seq144,r_124_34_29,0.94,1,30,29,58
58,seq13,r_69_4_167,r_18_133_135,r_69_4_167,0.69,1,168,167,58
75,seq50,seq11,r_53_125_115,r_53_125_115,0.99,8,123,115,58
17,r_51_109_51,r_32_87_80,seq49,r_32_87_80,0.57,-26,54,80,58
10,r_104_25_47,seq134,r_77_111_139,r_104_25_47,1.0,0,47,47,58
9,r_94_68_96,r_59_3_170,r_123_81_8,r_94_68_96,0.96,1,97,96,58
13,r_26_98_187,r_59_3_170,seq1,r_59_3_170,0.54,17,187,170,58
34,r_108_83_30,seq50,seq127,r_108_83_30,0.96,2,32,30,58
99,seq127,r_75_119_176,r_108_83_30,r_108_83_30,0.53,-12,18,30,58
22,r_149_145_75,r_26_98_187,seq129,r_149_145_75,0.99,0,75,75,58
49,r_32_87_80,seq144,r_86_147_10,r_32_87_80,1.0,-4,76,80,58
7,r_77_111_139,r_101_21_144,seq52,r_77_111_139,0.47,1,140,139,58
44,r_126_95_106,r_75_119_176,r_104_25_47,r_126_95_106,0.97,0,106,106,58
23,r_69_4_167,seq13,seq142,r_69_4_167,0.52,1,168,167,58
43,r_41_9_45,seq129,seq23,r_41_9_45,1.0,0,45,45,58
30,r_20_40_123,seq127,r_110_61_56,r_20_40_123,0.84,1,124,123,59
31,r_103_55_39,r_135_87_194,seq137,r_103_55_39,1.0,0,39,39,59
36,r_112_45_128,seq15,r_17_122_41,r_17_122_41,0.97,88,129,41,59
92,seq104,seq1,r_66_77_126,r_66_77_126,0.95,10,136,126,59
8,r_142_56_60,r_110_61_56,seq63,r_142_56_60,1.0,0,60,60,59
43,r_39_4_169,seq139,r_11_22_148,r_11_22_148,0.72,27,175,148,59
37,r_2_42_97,seq126,r_110_61_56,r_2_42_97,0.92,1,98,97,59
59,seq149,r_141_138_183,r_64_29_17,r_64_29_17,1.0,-1,16,17,59
39,r_3_93_91,r_129_132_178,seq149,r_3_93_91,1.0,0,91,91,59
97,seq124,r_142_56_60,r_41_96_55,r_142_56_60,0.83,0,60,60,59
5,r_0_145_93,seq86,seq71,r_0_145_93,1.0,0,93,93,59
46,r_95_51_160,seq36,r_148_91_186,r_148_91_186,0.52,-21,165,186,59
42,r_8_18_70,r_34_12_121,r_46_32_4,r_8_18_70,0.77,6,76,70,59
18,r_21_113_26,r_119_37_135,seq78,r_21_113_26,0.63,0,26,26,59
19,r_110_61_56,r_142_56_60,seq52,r_142_56_60,0.97,0,60,60,59
11,r_131_50_184,r_17_122_41,seq143,r_131_50_184,0.49,0,184,184,59
14,r_27_140_104,seq58,r_136_81_159,r_27_140_104,0.59,-67,37,104,59
67,seq48,seq19,r_85_73_74,r_85_73_74,1.0,18,92,74,59
47,r_111_60_12,r_11_22_148,seq106,r_111_60_12,0.84,0,12,12,59
26,r_85_73_74,seq86,seq48,r_85_73_74,1.0,1,75,74,59
14,r_27_140_104,r_136_81_159,seq86,r_27_140_104,1.0,0,104,104,59
4,r_136_81_159,seq139,r_47_83_101,r_136_81_159,0.93,0,159,159,59
38,r_41_96_55,r_136_81_159,seq124,r_41_96_55,0.9,0,55,55,59
17,r_17_122_41,r_41_96_55,r_131_50_184,r_17_122_41,1.0,0,41,41,59
48,r_129_132_178,r_3_93_91,r_23_82_28,r_129_132_178,0.99,-107,71,178,59
6,r_105_70_73,seq97,seq139,r_105_70_73,1.0,2,75,73,59
85,seq92,r_120_116_180,seq98,r_120_116_180,0.71,0,180,180,59
25,r_47_83_101,seq134,r_136_81_159,r_136_81_159,0.69,0,159,159,59
99,seq127,r_20_40_123,seq57,r_20_40_123,0.9,1,124,123,59
27,r_66_77_126,seq62,seq104,r_66_77_126,0.97,0,126,126,59
2,r_141_138_183,seq106,r_111_60_12,r_111_60_12,0.91,55,67,12,59
24,r_64_29_17,seq90,seq149,r_64_29_17,1.0,0,17,17,59
40,r_11_22_148,r_146_123_193,seq24,r_11_22_148,0.74,0,148,148,59
29,r_119_37_135,seq74,r_34_12_121,r_119_37_135,0.95,1,136,135,59
47,r_111_60_12,r_64_29_17,r_133_128_132,r_133_128_132,0.71,1,133,132,59
11,r_131_50_184,r_14_76_6,r_17_122_41,r_17_122_41,1.0,2,43,41,59
25,r_47_83_101,seq62,seq134,r_47_83_101,0.98,0,101,101,59
33,r_148_91_186,seq147,r_3_93_91,r_3_93_91,0.97,96,187,91,59
48,r_129_132_178,r_23_82_28,seq97,r_129_132_178,0.95,0,178,178,59
52,seq134,r_129_132_178,r_23_82_28,r_23_82_28,1.0,150,178,28,59
77,seq74,r_119_37_135,r_68_69_198,r_119_37_135,0.97,1,136,135,59
34,r_114_35_134,seq97,r_88_107_45,r_114_35_134,0.96,1,135,134,59
1,r_23_82_28,seq26,seq134,r_23_82_28,0.99,0,28,28,59
44,r_75_130_49,r_67_53_124,seq80,r_75_130_49,0.48,0,49,49,59
45,r_14_76_6,r_131_50_184,r_17_122_41,r_17_122_41,0.99,143,184,41,59
94,seq147,seq99,r_95_51_160,r_95_51_160,0.65,13,173,160,59
9,r_34_12_121,seq52,r_21_113_26,r_34_12_121,0.58,1,122,121,59
22,r_67_53_124,seq16,seq58,r_67_53_124,0.99,1,125,124,59
28,r_49_33_75,r_112_45_128,seq124,r_49_33_75,1.0,0,75,75,59
7,r_117_94_174,seq52,r_67_53_124,r_67_53_124,0.49,50,174,124,59
21,r_13_79_42,r_105_70_73,seq62,r_13_79_42,1.0,0,42,42,59
23,r_133_128_132,seq84,r_111_60_12,r_111_60_12,0.69,121,133,12,59
47,r_111_60_12,seq106,r_64_29_17,r_64_29_17,0.81,53,70,17,59
17,r_17_122_41,r_131_50_184,r_112_45_128,r_17_122_41,0.69,126,167,41,59
35,r_7_115_82,seq30,seq57,r_7_115_82,0.98,1,83,82,59
12,r_109_72_87,r_46_32_4,r_88_107_45,r_46_32_4,1.0,83,87,4,59
3,r_31_102_38,r_3_93_91,seq89,r_31_102_38,1.0,0,38,38,59
7,r_61_51_16,seq41,seq4,r_61_51_16,0.57,2,18,16,60
30,r_49_132_186,seq149,r_143_58_54,r_143_58_54,1.0,132,186,54,60
36,r_138_3_192,r_28_146_112,r_112_106_91,r_138_3_192,0.51,-73,119,192,60
8,r_66_118_171,r_85_74_153,r_9_30_140,r_85_74_153,0.66,18,171,153,60
53,seq133,r_36_100_25,r_79_14_131,r_79_14_131,1.0,4,135,131,60
43,r_84_60_113,r_85_74_153,r_36_100_25,r_84_60_113,0.99,0,113,113,60
45,r_18_98_10,r_43_21_175,seq11,r_18_98_10,0.71,4,14,10,60
54,seq137,r_113_63_28,r_26_136_47,r_26_136_47,1.0,0,47,47,60
37,r_1_69_125,r_67_145_143,r_97_54_3,r_1_69_125,0.96,1,126,125,60
16,r_16_31_124,seq77,seq17,r_16_31_124,0.72,15,139,124,60
39,r_112_106_91,r_115_12_123,r_111_47_45,r_112_106_91,0.99,1,92,91,60
65,seq38,r_16_31_124,r_131_5_61,r_131_5_61,0.52,-19,42,61,60
1,r_50_7_80,r_46_52_92,seq121,r_50_7_80,0.94,0,80,80,60
5,r_67_145_143,r_1_69_125,r_36_100_25,r_67_145_143,0.48,-17,126,143,60
80,seq77,r_16_31_124,r_37_0_117,r_37_0_117,0.97,22,139,117,60
19,r_131_5_61,r_122_40_139,seq77,r_131_5_61,0.58,6,67,61,60
95,seq121,r_113_63_28,r_50_7_80,r_50_7_80,1.0,21,101,80,60
94,seq109,r_120_119_46,r_131_5_61,r_120_119_46,0.88,3,49,46,60
41,r_48_144_83,seq25,r_143_58_54,r_48_144_83,1.0,2,85,83,60
10,r_140_104_126,seq80,r_36_100_25,r_140_104_126,0.84,0,126,126,60
28,r_87_19_33,r_115_12_123,seq137,r_87_19_33,1.0,0,33,33,60
18,r_34_32_24,seq55,seq56,r_34_32_24,1.0,0,24,24,60
4,r_9_30_140,seq11,r_16_31_124,r_9_30_140,0.88,0,140,140,60
0,r_90_59_71,r_67_145_143,seq83,r_90_59_71,1.0,0,71,71,60
11,r_28_146_112,r_138_3_192,r_81_44_84,r_28_146_112,0.71,7,119,112,60
20,r_46_52_92,r_50_7_80,r_90_59_71,r_46_52_92,0.29,-12,80,92,60
49,r_148_72_129,seq124,seq24,r_148_72_129,0.88,0,129,129,60
21,r_115_12_123,r_143_58_54,r_92_134_26,r_115_12_123,1.0,1,124,123,60
85,seq86,seq82,r_125_110_38,r_125_110_38,1.0,75,113,38,60
75,seq68,seq13,r_125_110_38,r_125_110_38,0.99,16,54,38,60
6,r_125_110_38,seq4,r_97_54_3,r_125_110_38,1.0,0,38,38,60
52,seq4,r_125_110_38,r_61_51_16,r_125_110_38,0.99,0,38,38,60
87,seq89,r_116_75_37,r_28_146_112,r_28_146_112,0.76,18,130,112,60
22,r_143_58_54,r_115_12_123,r_48_144_83,r_115_12_123,0.61,1,124,123,60
47,r_6_8_108,seq83,seq123,r_6_8_108,0.65,0,108,108,60
29,r_37_0_117,seq68,seq77,r_37_0_117,0.94,0,117,117,60
24,r_43_21_175,seq109,r_113_63_28,r_43_21_175,0.52,0,175,175,60
34,r_35_45_8,r_37_0_117,r_125_110_38,r_35_45_8,0.84,109,117,8,60
25,r_79_14_131,seq77,seq133,r_79_14_131,0.98,0,131,131,60
44,r_111_47_45,r_26_136_47,seq4,r_111_47_45,0.74,0,45,45,60
21,r_115_12_123,r_112_106_91,r_143_58_54,r_143_58_54,0.64,1,55,54,60
61,seq22,seq83,r_18_98_10,r_18_98_10,0.89,108,118,10,60
32,r_81_44_84,r_79_14_131,seq89,r_81_44_84,0.93,1,85,84,60
20,r_46_52_92,r_90_59_71,seq2,r_46_52_92,0.64,1,93,92,60
15,r_92_134_26,r_94_27_63,seq124,r_92_134_26,0.61,0,26,26,60
5,r_67_145_143,r_36_100_25,r_37_0_117,r_67_145_143,0.94,0,143,143,60
48,r_120_119_46,seq109,seq128,r_120_119_46,0.99,3,49,46,60
17,r_42_91_13,r_148_72_129,seq13,r_42_91_13,0.72,0,13,13,60
22,r_143_58_54,r_49_132_186,r_115_12_123,r_143_58_54,1.0,1,55,54,60
13,r_26_136_47,r_111_47_45,seq137,r_26_136_47,1.0,0,47,47,60
49,r_148_72_129,r_26_136_47,seq124,r_26_136_47,1.0,-12,35,47,60
23,r_94_27_63,r_96_33_193,seq83,r_94_27_63,1.0,2,65,63,60
40,r_95_108_27,r_28_146_112,seq71,r_95_108_27,1.0,0,27,27,60
35,r_129_117_160,seq10,r_16_31_124,r_129_117_160,0.43,0,160,160,60
84,seq83,r_6_8_108,r_90_59_71,r_90_59_71,1.0,2,73,71,60
93,seq111,r_117_3_194,r_69_113_112,r_69_113_112,0.95,6,118,112,61
36,r_118_37_124,r_148_36_74,r_94_82_20,r_94_82_20,0.55,104,124,20,61
8,r_137_53_143,seq121,r_25_100_44,r_25_100_44,0.44,104,148,44,61
43,r_63_130_85,seq143,r_30_59_49,r_63_130_85,0.94,1,86,85,61
16,r_10_1_81,seq79,seq23,r_10_1_81,1.0,2,83,81,61
21,r_51_17_146,seq134,r_129_22_1,r_51_17_146,0.75,2,148,146,61
39,r_38_86_176,seq76,r_60_99_41,r_38_86_176,0.45,0,176,176,61
5,r_126_112_93,r_129_22_1,seq9,r_126_112_93,0.82,1,94,93,61
15,r_120_146_47,seq80,r_94_82_20,r_120_146_47,0.87,3,50,47,61
14,r_60_99_41,r_44_56_38,r_74_45_2,r_60_99_41,1.0,0,41,41,61
19,r_67_29_79,r_103_108_130,r_44_56_38,r_103_108_130,0.46,-51,79,130,61
31,r_69_113_112,r_148_36_74,seq111,r_69_113_112,1.0,0,112,112,61
37,r_96_27_15,r_10_1_81,seq123,r_96_27_15,0.64,0,15,15,61
10,r_24_8_141,seq76,r_129_22_1,r_24_8_141,0.85,6,147,141,61
26,r_74_45_2,seq21,r_60_99_41,r_60_99_41,1.0,56,97,41,61
4,r_48_140_135,seq102,r_39_98_95,r_48_140_135,0.51,1,136,135,61
78,seq76,r_38_86_176,r_30_59_49,r_30_59_49,0.92,119,168,49,61
48,r_132_55_69,r_148_36_74,r_44_56_38,r_44_56_38,1.0,34,72,38,61
49,r_62_88_9,r_67_29_79,r_26_19_50,r_67_29_79,0.58,0,79,79,61
40,r_133_106_32,seq33,r_74_45_2,r_133_106_32,0.99,1,33,32,61
5,r_126_112_93,seq9,r_26_19_50,r_126_112_93,0.46,79,172,93,61
6,r_72_114_28,r_133_106_32,seq66,r_72_114_28,1.0,1,29,28,61
27,r_40_14_67,seq54,seq134,r_40_14_67,0.98,1,68,67,61
87,seq102,r_11_142_83,r_43_87_86,r_43_87_86,1.0,0,86,86,61
47,r_145_6_126,seq101,seq121,r_145_6_126,0.72,2,128,126,61
18,r_103_108_130,r_67_29_79,r_26_19_50,r_103_108_130,0.96,-51,79,130,61
24,r_94_82_20,seq134,r_118_37_124,r_118_37_124,1.0,37,161,124,61
13,r_78_47_31,r_118_37_124,r_74_45_2,r_78_47_31,0.97,0,31,31,61
33,r_122_4_87,seq21,seq0,r_122_4_87,0.94,1,88,87,61
88,seq104,seq76,r_30_59_49,r_30_59_49,1.0,92,141,49,61
50,seq0,seq111,r_122_4_87,r_122_4_87,0.94,0,87,87,61
46,r_58_16_53,seq138,seq139,r_58_16_53,0.99,0,53,53,61
28,r_115_61_34,r_51_17_146,seq49,r_115_61_34,0.47,0,34,34,61
32,r_148_36_74,r_69_113_112,r_25_100_44,r_69_113_112,1.0,0,112,112,61
23,r_30_59_49,seq134,seq76,r_30_59_49,0.68,4,53,49,61
38,r_92_84_168,r_148_36_74,r_95_107_78,r_95_107_78,0.62,91,169,78,61
77,seq75,seq9,r_26_19_50,r_26_19_50,0.98,102,152,50,61
34,r_46_116_59,seq104,r_68_31_189,r_46_116_59,0.98,2,61,59,61
0,r_44_56_38,r_94_82_20,seq138,r_44_56_38,0.98,0,38,38,61
17,r_93_52_116,r_38_86_176,seq79,r_93_52_116,0.42,1,117,116,61
9,r_11_142_83,seq102,r_50_34_33,r_50_34_33,0.6,50,83,33,61
22,r_136_57_148,seq121,seq33,r_136_57_148,0.85,6,154,148,61
91,seq109,r_15_147_187,r_50_34_33,r_50_34_33,0.74,50,83,33,61
7,r_50_34_33,r_44_56_38,seq143,r_50_34_33,0.65,4,37,33,61
17,r_93_52_116,seq79,r_103_108_130,r_93_52_116,0.59,15,131,116,61
44,r_64_7_142,seq83,r_26_19_50,r_64_7_142,0.44,28,170,142,61
42,r_26_19_50,r_11_142_83,r_62_88_9,r_26_19_50,1.0,0,50,50,61
35,r_43_87_86,seq111,seq102,r_43_87_86,1.0,0,86,86,61
12,r_95_107_78,seq33,r_78_47_31,r_95_107_78,0.47,0,78,78,61
18,r_103_108_130,r_26_19_50,r_93_52_116,r_103_108_130,0.84,0,130,130,61
30,r_109_44_92,seq85,r_72_27_23,r_109_44_92,1.0,0,92,92,62
36,r_32_56_79,r_50_88_124,r_86_133_110,r_32_56_79,0.57,16,95,79,62
86,seq76,r_81_146_8,r_13_5_135,r_13_5_135,0.79,1,136,135,62
8,r_63_144_171,r_121_79_114,seq26,r_121_79_114,1.0,3,117,114,62
43,r_99_142_96,seq26,seq41,r_99_142_96,0.98,0,96,96,62
24,r_52_78_129,seq26,r_110_10_62,r_52_78_129,0.87,-44,85,129,62
86,seq76,r_138_126_93,r_81_146_8,r_138_126_93,0.9,15,108,93,62
21,r_125_38_146,seq87,seq132,r_125_38_146,0.94,1,147,146,62
39,r_19_39_119,r_50_88_124,r_130_124_54,r_19_39_119,0.99,0,119,119,62
24,r_52_78_129,r_90_69_82,seq26,r_52_78_129,0.66,-99,30,129,62
5,r_115_120_106,seq43,r_72_27_23,r_72_27_23,0.79,130,153,23,62
46,r_119_117_89,seq127,seq85,r_119_117_89,0.98,-1,88,89,62
42,r_114_29_120,r_65_18_188,r_1_48_31,r_114_29_120,1.0,1,121,120,62
18,r_30_22_118,r_70_80_32,r_96_17_26,r_30_22_118,0.74,-89,29,118,62
69,seq26,r_99_142_96,seq28,r_99_142_96,1.0,1,97,96,62
22,r_108_98_125,r_123_143_103,seq11,r_108_98_125,1.0,0,125,125,62
45,r_65_18_188,seq16,r_59_62_126,r_65_18_188,0.44,0,188,188,62
38,r_83_73_149,r_130_124_54,seq60,r_130_124_54,1.0,0,54,54,62
49,r_123_143_103,r_108_98_125,seq9,r_108_98_125,0.88,6,131,125,62
66,seq21,r_15_58_94,seq28,r_15_58_94,1.0,0,94,94,62
38,r_83_73_149,seq60,r_92_46_131,r_83_73_149,0.98,0,149,149,62
31,r_7_31_132,r_65_18_188,seq4,r_7_31_132,1.0,1,133,132,62
86,seq76,r_1_48_31,r_138_126_93,r_1_48_31,0.99,2,33,31,62
3,r_93_57_104,r_115_120_106,r_119_117_89,r_93_57_104,1.0,0,104,104,62
8,r_63_144_171,seq26,r_110_10_62,r_63_144_171,0.77,3,174,171,62
72,seq37,r_125_38_146,r_140_118_49,r_140_118_49,0.8,24,73,49,62
4,r_53_3_134,seq105,seq8,r_53_3_134,0.99,1,135,134,62
15,r_104_75_40,r_115_120_106,seq95,r_104_75_40,1.0,0,40,40,62
13,r_15_58_94,seq21,seq127,r_15_58_94,0.98,0,94,94,62
48,r_103_102_137,r_139_34_4,r_130_124_54,r_103_102_137,0.84,0,137,137,62
12,r_96_17_26,r_30_22_118,seq132,r_30_22_118,0.98,5,123,118,62
12,r_96_17_26,r_90_69_82,r_30_22_118,r_96_17_26,0.68,0,26,26,62
10,r_1_48_31,seq8,r_114_29_120,r_114_29_120,1.0,8,128,120,62
17,r_140_118_49,seq9,seq37,r_140_118_49,1.0,0,49,49,62
26,r_130_124_54,r_83_73_149,seq14,r_130_124_54,0.57,0,54,54,62
2,r_110_10_62,seq76,seq105,r_110_10_62,1.0,1,63,62,62
47,r_138_126_93,seq76,seq132,r_138_126_93,1.0,0,93,93,62
36,r_32_56_79,r_86_133_110,r_52_78_129,r_52_78_129,0.68,4,133,129,62
35,r_112_134_57,seq85,seq128,r_112_134_57,1.0,0,57,57,62
33,r_13_5_135,seq43,seq76,r_13_5_135,1.0,0,135,135,62
28,r_101_51_9,r_130_124_54,seq68,r_101_51_9,0.96,1,10,9,62
88,seq85,r_109_44_92,r_119_117_89,r_109_44_92,0.68,0,92,92,62
20,r_70_80_32,seq6,seq87,r_70_80_32,1.0,0,32,32,62
14,r_72_27_23,r_90_69_82,seq87,r_72_27_23,0.98,0,23,23,62
10,r_1_48_31,seq76,seq8,r_1_48_31,1.0,1,32,31,62
32,r_121_79_114,r_63_144_171,seq137,r_121_79_114,0.59,3,117,114,62
34,r_35_2_88,r_59_62_126,seq105,r_35_2_88,1.0,0,88,88,62
27,r_49_36_16,seq74,r_54_24_5,r_49_36_16,0.98,0,16,16,62
9,r_59_62_126,seq128,seq87,r_59_62_126,1.0,0,126,126,62
96,seq107,seq74,r_92_46_131,r_92_46_131,1.0,35,166,131,62
22,r_108_98_125,seq64,r_123_143_103,r_123_143_103,0.77,-3,100,103,62
24,r_52_78_129,r_110_10_62,r_32_56_79,r_52_78_129,1.0,1,130,129,62
49,r_123_143_103,seq16,r_108_98_125,r_123_143_103,0.82,0,103,103,62
7,r_50_88_124,r_92_46_131,seq137,r_50_88_124,1.0,1,125,124,62
18,r_30_22_118,r_96_17_26,seq25,r_96_17_26,0.63,96,122,26,62
23,r_92_46_131,seq132,seq107,r_92_46_131,0.66,2,133,131,62
41,r_33_111_25,seq8,seq68,r_33_111_25,0.65,7,32,25,62
30,r_55_121_125,r_72_87_110,r_135_111_114,r_55_121_125,0.52,-13,112,125,63
54,seq16,seq68,r_21_11_57,r_21_11_57,1.0,1,58,57,63
14,r_101_50_169,r_106_131_156,r_86_117_63,r_86_117_63,1.0,43,106,63,63
30,r_55_121_125,r_135_111_114,r_30_126_55,r_55_121_125,0.85,0,125,125,63
37,r_145_141_90,seq84,seq47,r_145_141_90,1.0,0,90,90,63
16,r_114_149_172,seq38,r_26_79_123,r_114_149_172,0.74,-3,169,172,63
21,r_42_13_68,seq33,seq70,r_42_13_68,1.0,0,68,68,63
39,r_44_95_147,seq61,seq68,r_44_95_147,0.92,0,147,147,63
1,r_135_111_114,r_0_34_160,seq89,r_135_111_114,0.43,13,127,114,63
42,r_51_124_163,seq24,seq31,r_51_124_163,0.82,1,164,163,63
48,r_134_74_139,r_88_139_168,r_103_99_12,r_134_74_139,0.54,-101,38,139,63
45,r_18_49_137,seq29,r_103_99_12,r_18_49_137,0.95,1,138,137,63
34,r_133_12_67,r_65_15_126,r_21_11_57,r_65_15_126,1.0,0,126,126,63
19,r_60_147_140,seq27,seq33,r_60_147_140,0.93,0,140,140,63
77,seq64,r_7_127_193,r_63_96_117,r_63_96_117,0.5,19,136,117,63
41,r_4_85_77,seq78,r_142_144_76,r_142_144_76,0.98,1,77,76,63
67,seq38,r_63_96_117,r_114_149_172,r_63_96_117,0.93,12,129,117,63
89,seq92,r_125_77_154,r_26_79_123,r_125_77_154,0.96,0,154,154,63
26,r_137_140_122,seq84,r_73_102_113,r_137_140_122,0.28,16,138,122,63
40,r_65_15_126,r_133_12_67,seq31,r_65_15_126,1.0,0,126,126,63
14,r_101_50_169,r_86_117_63,seq98,r_101_50_169,1.0,0,169,169,63
36,r_103_99_12,r_132_90_151,r_134_74_139,r_103_99_12,0.87,0,12,12,63
4,r_62_119_106,seq91,r_142_144_76,r_62_119_106,0.95,0,106,106,63
78,seq68,seq16,r_44_95_147,r_44_95_147,0.99,2,149,147,63
0,r_88_139_168,r_122_113_4,seq31,r_88_139_168,0.7,0,168,168,63
11,r_69_100_100,seq118,seq91,r_69_100_100,1.0,0,100,100,63
20,r_97_6_141,seq16,r_62_119_106,r_97_6_141,0.98,1,142,141,63
13,r_56_9_21,r_134_74_139,r_58_23_64,r_58_23_64,0.9,7,71,64,63
98,seq148,r_106_131_156,r_86_117_63,r_86_117_63,0.84,29,92,63,63
15,r_75_110_72,seq29,seq59,r_75_110_72,1.0,1,73,72,63
5,r_30_126_55,seq40,r_116_41_146,r_116_41_146,0.82,8,154,146,63
36,r_103_99_12,r_134_74_139,r_18_49_137,r_103_99_12,0.98,127,139,12,63
27,r_63_96_117,seq38,r_1_108_28,r_63_96_117,0.98,0,117,117,63
2,r_106_131_156,r_101_50_169,seq40,r_106_131_156,0.39,0,156,156,63
47,r_66_22_158,r_51_124_163,seq89,r_66_22_158,0.78,1,159,158,63
40,r_65_15_126,r_72_87_110,r_133_12_67,r_133_12_67,0.87,10,77,67,63
74,seq57,seq28,r_72_87_110,r_72_87_110,1.0,18,128,110,63
18,r_122_113_4,r_88_139_168,r_18_49_137,r_122_113_4,0.54,164,168,4,63
29,r_132_90_151,seq59,seq38,r_132_90_151,0.64,1,152,151,63
25,r_0_34_160,r_135_111_114,r_103_99_12,r_0_34_160,0.75,-42,118,160,63
33,r_43_52_95,seq54,seq146,r_43_52_95,1.0,0,95,95,63
48,r_134_74_139,r_103_99_12,r_67_45_20,r_134_74_139,1.0,0,139,139,63
58,seq24,r_51_124_163,r_73_102_113,r_51_124_163,0.59,1,164,163,63
30,r_55_121_125,r_30_126_55,r_116_41_146,r_116_41_146,0.9,6,152,146,63
61,seq29,r_18_49_137,r_1_108_28,r_18_49_137,1.0,1,138,137,63
38,r_58_23_64,seq146,r_56_9_21,r_58_23_64,1.0,0,64,64,63
34,r_133_12_67,r_7_127_193,r_65_15_126,r_133_12_67,1.0,0,67,67,63
17,r_86_117_63,seq78,seq148,r_86_117_63,1.0,0,63,63,63
5,r_30_126_55,seq2,seq40,r_30_126_55,0.42,2,57,55,63
9,r_142_144_76,r_0_34_160,r_4_85_77,r_142_144_76,1.0,0,76,76,63
22,r_7_127_193,r_133_12_67,r_4_85_77,r_7_127_193,0.96,-125,68,193,63
49,r_105_83_118,seq37,r_73_102_113,r_105_83_118,0.97,0,118,118,63
44,r_72_87_110,seq53,seq57,r_72_87_110,0.94,1,111,110,63
23,r_8_143_71,r_136_39_183,seq78,r_8_143_71,1.0,6,77,71,63
6,r_21_11_57,r_7_127_193,seq16,r_21_11_57,1.0,0,57,57,63
67,seq38,r_114_149_172,r_132_90_151,r_114_149_172,0.96,-17,155,172,63
12,r_116_41_146,seq118,r_55_121_125,r_116_41_146,0.76,0,146,146,63
30,r_80_144_168,seq75,r_89_7_163,r_80_144_168,0.79,1,169,168,64
77,seq69,r_130_32_60,seq28,r_130_32_60,1.0,-3,57,60,64
9,r_123_90_6,r_119_59_169,r_43_54_149,r_123_90_6,0.67,163,169,6,64
5,r_48_114_58,r_122_92_43,seq26,r_48_114_58,0.97,-2,56,58,64
37,r_81_84_102,seq147,seq108,r_81_84_102,0.77,0,102,102,64
32,r_87_10_45,r_102_45_99,r_123_90_6,r_87_10_45,0.98,0,45,45,64
1,r_43_54_149,seq26,r_123_90_6,r_123_90_6,0.71,145,151,6,64
42,r_49_128_80,r_46_47_135,r_11_107_40,r_49_128_80,1.0,0,80,80,64
7,r_65_100_185,r_16_67_55,seq53,r_16_67_55,1.0,0,55,55,64
80,seq72,seq14,r_49_128_80,r_49_128_80,1.0,30,110,80,64
77,seq69,seq28,r_120_118_173,r_120_118_173,0.67,3,176,173,64
34,r_15_137_152,r_11_107_40,r_123_90_6,r_15_137_152,0.92,5,157,152,64
11,r_88_50_133,r_142_124_29,r_48_114_58,r_88_50_133,0.96,0,133,133,64
35,r_145_52_121,r_97_140_24,r_9_41_20,r_145_52_121,0.94,-99,22,121,64
36,r_5_58_32,r_40_6_76,r_57_19_54,r_5_58_32,0.94,22,54,32,64
36,r_5_58_32,r_24_0_158,r_40_6_76,r_40_6_76,0.57,-44,32,76,64
28,r_142_124_29,r_63_116_191,r_88_50_133,r_142_124_29,0.99,0,29,29,64
3,r_82_143_97,seq14,seq1,r_82_143_97,0.85,-2,95,97,64
38,r_97_140_24,r_145_52_121,seq28,r_97_140_24,0.95,0,24,24,64
26,r_55_104_170,seq133,seq141,r_55_104_170,0.61,0,170,170,64
8,r_119_59_169,r_123_90_6,r_51_129_131,r_119_59_169,0.89,0,169,169,64
65,seq26,r_43_54_149,r_48_114_58,r_48_114_58,0.91,-2,56,58,64
4,r_101_146_174,seq91,seq136,r_101_146_174,0.61,1,175,174,64
25,r_57_19_54,seq28,r_5_58_32,r_57_19_54,1.0,0,54,54,64
0,r_102_45_99,seq133,seq85,r_102_45_99,0.96,1,100,99,64
20,r_39_121_107,r_15_137_152,seq25,r_39_121_107,1.0,0,107,107,64
57,seq141,r_94_68_9,r_55_104_170,r_55_104_170,0.92,-2,168,170,64
15,r_112_99_73,seq18,r_127_125_1,r_112_99_73,0.95,1,74,73,64
48,r_35_33_136,r_89_7_163,seq93,r_35_33_136,1.0,0,136,136,64
99,seq148,r_89_7_163,r_56_132_4,r_89_7_163,0.64,-135,28,163,64
57,seq141,r_51_129_131,r_94_68_9,r_51_129_131,0.57,0,131,131,64
13,r_23_31_16,r_80_144_168,seq105,r_23_31_16,0.98,0,16,16,64
85,seq85,seq93,r_102_45_99,r_102_45_99,1.0,40,139,99,64
43,r_76_8_47,seq85,seq70,r_76_8_47,1.0,0,47,47,64
27,r_130_32_60,seq69,seq83,r_130_32_60,1.0,0,60,60,64
2,r_24_0_158,r_2_42_194,seq27,r_24_0_158,0.92,1,159,158,64
29,r_127_125_1,seq93,r_112_99_73,r_112_99_73,1.0,27,100,73,64
24,r_46_47_135,seq83,seq135,r_46_47_135,0.91,0,135,135,64
35,r_145_52_121,r_9_41_20,seq134,r_145_52_121,1.0,0,121,121,64
64,seq25,seq136,r_39_121_107,r_39_121_107,0.99,5,112,107,64
44,r_9_41_20,seq83,r_145_52_121,r_9_41_20,0.96,0,20,20,64
21,r_16_67_55,r_65_100_185,seq83,r_16_67_55,1.0,0,55,55,64
34,r_15_137_152,r_39_121_107,r_11_107_40,r_15_137_152,0.96,-45,107,152,64
11,r_88_50_133,r_138_22_122,r_142_124_29,r_142_124_29,1.0,1,30,29,64
39,r_36_38_11,r_3_113_178,seq136,r_36_38_11,0.52,2,13,11,64
78,seq70,r_82_143_97,r_76_8_47,r_76_8_47,0.92,0,47,47,64
17,r_138_22_122,r_88_50_133,seq27,r_138_22_122,0.97,0,122,122,64
31,r_77_149_61,r_46_47_135,seq20,r_46_47_135,0.97,-76,59,135,64
28,r_142_124_29,r_88_50_133,seq25,r_88_50_133,1.0,0,133,133,64
45,r_79_126_41,seq53,r_94_68_9,r_79_126_41,0.9,1,42,41,64
22,r_2_42_194,r_24_0_158,r_35_33_136,r_2_42_194,0.63,-35,159,194,64
8,r_119_59_169,r_48_114_58,r_123_90_6,r_119_59_169,0.78,-131,38,169,64
23,r_40_6_76,r_46_47_135,r_123_90_6,r_40_6_76,1.0,0,76,76,64
82,seq75,r_80_144_168,r_139_103_179,r_80_144_168,0.84,1,169,168,64
19,r_11_107_40,r_145_52_121,seq14,r_11_107_40,1.0,0,40,40,64
12,r_89_7_163,seq105,seq147,r_89_7_163,0.98,0,163,163,64
84,seq83,r_46_47_135,r_130_32_60,r_130_32_60,0.62,1,61,60,64
30,r_130_144_86,seq110,seq148,r_130_144_86,1.0,4,90,86,65
14,r_36_115_99,seq140,r_25_14_143,r_36_115_99,0.99,0,99,99,65
8,r_126_66_83,seq93,seq9,r_126_66_83,0.61,3,86,83,65
43,r_49_120_88,seq11,r_63_146_90,r_63_146_90,0.54,27,117,90,65
16,r_25_14_143,seq93,r_36_115_99,r_36_115_99,1.0,1,100,99,65
1,r_125_133_116,seq112,r_82_92_194,r_125_133_116,0.99,0,116,116,65
93,seq110,r_12_30_62,r_123_69_15,r_12_30_62,0.57,-47,15,62,65
34,r_123_69_15,seq55,seq110,r_123_69_15,0.88,0,15,15,65
18,r_57_38_46,r_106_39_77,seq70,r_106_39_77,0.86,-32,45,77,65
45,r_149_31_76,seq60,seq11,r_149_31_76,1.0,-1,75,76,65
19,r_106_39_77,r_82_92_194,r_80_41_68,r_106_39_77,0.96,0,77,77,65
39,r_128_132_28,seq70,seq43,r_128_132_28,1.0,0,28,28,65
25,r_8_71_47,r_89_34_4,seq142,r_8_71_47,0.96,0,47,47,65
95,seq112,r_125_133_116,r_116_97_61,r_116_97_61,0.78,55,116,61,65
76,seq54,r_99_68_122,r_63_146_90,r_99_68_122,0.95,-25,97,122,65
60,seq142,r_24_129_128,r_8_71_47,r_8_71_47,0.99,0,47,47,65
31,r_81_65_124,r_46_17_152,seq19,r_81_65_124,0.88,1,125,124,65
41,r_51_47_111,r_16_141_183,seq23,r_51_47_111,0.98,0,111,111,65
10,r_99_68_122,seq54,r_103_13_34,r_99_68_122,0.97,0,122,122,65
14,r_36_115_99,r_25_14_143,r_24_129_128,r_25_14_143,1.0,1,144,143,65
50,seq0,r_12_30_62,r_147_29_7,r_12_30_62,1.0,-33,29,62,65
26,r_127_108_174,r_118_74_196,r_88_5_22,r_127_108_174,0.68,1,175,174,65
11,r_20_139_41,r_36_115_99,seq114,r_20_139_41,1.0,0,41,41,65
16,r_25_14_143,r_36_115_99,r_99_68_122,r_25_14_143,0.98,1,144,143,65
79,seq59,r_85_87_31,r_15_96_26,r_85_87_31,0.89,-10,21,31,65
63,seq148,r_118_74_196,r_130_144_86,r_130_144_86,1.0,15,101,86,65
13,r_91_135_89,r_16_141_183,seq11,r_91_135_89,0.99,0,89,89,65
48,r_16_141_183,r_91_135_89,r_86_104_11,r_16_141_183,0.84,-154,29,183,65
15,r_12_30_62,seq0,seq93,r_12_30_62,1.0,1,63,62,65
27,r_72_138_55,seq136,r_63_146_90,r_72_138_55,1.0,0,55,55,65
85,seq75,r_73_95_117,r_116_97_61,r_116_97_61,0.97,56,117,61,65
4,r_63_146_90,seq145,r_72_138_55,r_72_138_55,1.0,0,55,55,65
29,r_88_5_22,r_91_135_89,r_89_34_4,r_88_5_22,0.99,1,23,22,65
2,r_24_129_128,seq142,r_36_115_99,r_36_115_99,1.0,37,136,99,65
47,r_46_17_152,r_89_34_4,r_116_97_61,r_89_34_4,0.92,148,152,4,65
6,r_33_52_48,r_94_56_56,seq136,r_94_56_56,0.87,-9,47,56,65
36,r_103_13_34,seq62,seq60,r_103_13_34,1.0,0,34,34,65
24,r_83_37_133,r_77_67_112,r_57_38_46,r_83_37_133,0.79,0,133,133,65
33,r_79_137_187,seq50,r_15_96_26,r_79_137_187,0.28,0,187,187,65
48,r_16_141_183,r_86_104_11,r_73_95_117,r_16_141_183,0.63,0,183,183,65
37,r_86_104_11,r_77_67_112,r_16_141_183,r_86_104_11,0.89,0,11,11,65
4,r_63_146_90,r_72_138_55,seq54,r_63_146_90,0.71,3,93,90,65
88,seq93,r_126_66_83,r_12_30_62,r_12_30_62,1.0,24,86,62,65
58,seq11,r_49_120_88,r_91_135_89,r_91_135_89,1.0,18,107,89,65
42,r_42_48_9,r_51_47_111,r_20_139_41,r_42_48_9,0.99,102,111,9,65
35,r_15_96_26,r_83_37_133,seq59,r_15_96_26,0.53,3,29,26,65
32,r_78_107_87,seq0,seq2,r_78_107_87,0.53,-16,71,87,65
38,r_10_18_178,seq22,r_33_52_48,r_10_18_178,0.53,4,182,178,65
21,r_94_56_56,seq148,r_80_41_68,r_94_56_56,1.0,0,56,56,65
74,seq50,r_116_97_61,r_35_134_8,r_116_97_61,0.89,-32,29,61,65
84,seq70,r_128_132_28,r_57_38_46,r_128_132_28,0.99,-1,27,28,65
75,seq53,seq93,r_36_115_99,r_36_115_99,1.0,21,120,99,65
0,r_89_34_4,r_8_71_47,r_88_5_22,r_89_34_4,0.61,17,21,4,65
53,seq3,r_117_113_115,r_131_90_43,r_131_90_43,0.97,7,50,43,65
9,r_73_95_117,seq75,seq70,r_73_95_117,0.99,0,117,117,65
37,r_86_104_11,r_16_141_183,r_20_139_41,r_20_139_41,1.0,142,183,41,65
22,r_116_97_61,seq50,seq119,r_116_97_61,1.0,0,61,61,65
28,r_117_113_115,seq61,r_128_132_28,r_128_132_28,1.0,91,119,28,65
84,seq70,r_57_38_46,r_73_95_117,r_73_95_117,1.0,15,132,117,65
56,seq136,r_72_138_55,r_33_52_48,r_72_138_55,0.5,0,55,55,65
7,r_100_121_160,seq28,r_99_68_122,r_99_68_122,0.73,39,161,122,65
44,r_102_27_103,r_73_95_117,seq55,r_102_27_103,0.72,1,104,103,65
12,r_80_41_68,r_126_66_83,r_94_56_56,r_94_56_56,1.0,17,73,56,65
65,seq22,r_10_18_178,r_94_56_56,r_94_56_56,1.0,1,57,56,65
30,r_6_28_87,r_88_75_137,seq138,r_6_28_87,0.43,-1,86,87,66
8,r_97_80_47,seq135,seq129,r_97_80_47,1.0,0,47,47,66
36,r_16_103_68,r_15_89_163,r_22_94_132,r_16_103_68,1.0,0,68,68,66
19,r_143_4_43,seq147,seq115,r_143_4_43,0.96,1,44,43,66
14,r_133_48_127,seq129,seq0,r_133_48_127,0.93,0,127,127,66
53,seq10,r_49_9_186,r_120_11_77,r_120_11_77,1.0,72,149,77,66
22,r_58_12_27,r_50_38_72,r_82_41_154,r_82_41_154,0.87,-128,26,154,66
54,seq140,r_111_124_19,r_37_109_46,r_37_109_46,0.93,1,47,46,66
83,seq71,r_98_118_166,r_92_113_115,r_92_113_115,0.99,54,169,115,66
1,r_37_109_46,r_82_41_154,seq140,r_37_109_46,1.0,0,46,46,66
20,r_13_105_40,r_36_21_175,seq76,r_13_105_40,1.0,0,40,40,66
55,seq141,r_34_78_155,r_17_86_69,r_17_86_69,0.86,86,155,69,66
86,seq84,r_146_131_180,r_93_128_76,r_93_128_76,1.0,2,78,76,66
21,r_93_128_76,seq117,seq84,r_93_128_76,1.0,1,77,76,66
39,r_122_136_150,r_44_123_152,seq91,r_44_123_152,0.55,-2,150,152,66
46,r_15_89_163,seq76,r_26_148_55,r_15_89_163,0.72,2,165,163,66
42,r_8_54_79,r_108_69_65,r_26_148_55,r_26_148_55,0.65,11,66,55,66
45,r_99_3_147,r_6_28_87,seq67,r_99_3_147,0.69,1,148,147,66
38,r_111_124_19,seq96,r_68_77_48,r_68_77_48,0.74,33,81,48,66
31,r_137_106_62,seq96,seq60,r_137_106_62,1.0,-2,60,62,66
41,r_83_104_70,seq10,seq47,r_83_104_70,1.0,0,70,70,66
10,r_108_69_65,r_8_54_79,r_6_28_87,r_108_69_65,0.85,1,66,65,66
35,r_26_148_55,seq125,seq0,r_26_148_55,1.0,0,55,55,66
4,r_120_11_77,r_88_75_137,seq10,r_120_11_77,1.0,0,77,77,66
0,r_36_21_175,seq135,r_17_86_69,r_36_21_175,0.55,0,175,175,66
11,r_34_78_155,seq141,r_8_54_79,r_34_78_155,0.79,0,155,155,66
87,seq91,r_17_86_69,seq125,r_17_86_69,1.0,-25,44,69,66
9,r_22_94_132,r_16_103_68,seq66,r_22_94_132,1.0,2,134,132,66
48,r_92_113_115,seq30,seq71,r_92_113_115,0.98,2,117,115,66
57,seq145,r_40_73_140,seq144,r_40_73_140,1.0,0,140,140,66
6,r_72_33_194,r_87_45_177,r_34_78_155,r_72_33_194,0.42,-12,182,194,66
99,seq127,r_146_131_180,r_31_14_60,r_31_14_60,1.0,0,60,60,66
43,r_134_62_26,r_24_18_142,seq0,r_134_62_26,1.0,0,26,26,66
36,r_16_103_68,r_22_94_132,r_17_86_69,r_22_94_132,1.0,2,134,132,66
10,r_108_69_65,r_6_28_87,r_82_41_154,r_82_41_154,1.0,0,154,154,66
37,r_81_85_52,r_98_118_166,seq129,r_81_85_52,1.0,0,52,52,66
27,r_25_90_97,seq129,seq76,r_25_90_97,1.0,0,97,97,66
38,r_111_124_19,r_26_148_55,seq96,r_111_124_19,0.92,0,19,19,66
22,r_58_12_27,r_82_41_154,r_50_38_72,r_58_12_27,0.93,80,107,27,66
2,r_17_86_69,seq91,seq141,r_17_86_69,1.0,-1,68,69,66
47,r_24_18_142,seq29,seq56,r_24_18_142,0.93,2,144,142,66
40,r_146_131_180,seq84,r_26_148_55,r_26_148_55,0.76,127,182,55,66
18,r_50_38_72,r_92_113_115,r_51_19_6,r_50_38_72,0.9,0,72,72,66
42,r_8_54_79,r_26_148_55,seq39,r_8_54_79,0.63,0,79,79,66
24,r_98_118_166,seq71,seq57,r_98_118_166,0.54,3,169,166,66
25,r_101_70_101,r_40_73_140,seq30,r_101_70_101,1.0,0,101,101,66
16,r_68_77_48,seq102,r_111_124_19,r_68_77_48,0.89,0,48,48,66
32,r_119_74_83,seq95,seq115,r_119_74_83,0.63,12,95,83,66
77,seq60,seq117,r_137_106_62,r_137_106_62,1.0,-2,60,62,66
34,r_55_65_66,seq96,seq121,r_55_65_66,1.0,0,66,66,66
17,r_44_123_152,seq67,r_139_43_15,r_44_123_152,0.49,0,152,152,66
94,seq115,seq64,r_143_4_43,r_143_4_43,1.0,62,105,43,66
9,r_22_94_132,seq56,r_16_103_68,r_16_103_68,1.0,11,79,68,66
12,r_139_43_15,r_93_128_76,seq147,r_139_43_15,0.97,0,15,15,66
28,r_82_41_154,seq63,r_108_69_65,r_82_41_154,0.89,0,154,154,66
91,seq107,seq117,r_26_148_55,r_26_148_55,1.0,74,129,55,66
49,r_132_35_182,r_49_9_186,r_13_105_40,r_13_105_40,0.95,142,182,40,66
7,r_87_45_177,r_72_33_194,seq149,r_87_45_177,0.34,1,178,177,66
44,r_31_14_60,seq64,seq127,r_31_14_60,1.0,0,60,60,66
23,r_2_1_164,seq47,r_98_118_166,r_2_1_164,0.93,1,165,164,66
79,seq63,r_82_41_154,r_50_38_72,r_50_38_72,0.83,82,154,72,66
55,seq7,seq80,r_100_10_36,r_100_10_36,1.0,-3,33,36,67
70,seq44,r_39_37_41,r_5_110_115,r_39_37_41,0.93,-13,28,41,67
43,r_21_34_90,r_49_121_159,seq131,r_49_121_159,1.0,-70,89,159,67
59,seq15,r_82_140_144,r_98_11_109,r_82_140_144,0.96,0,144,144,67
69,seq42,r_72_85_26,seq35,r_72_85_26,0.7,28,54,26,67
16,r_136_50_106,r_147_16_25,r_126_40_68,r_147_16_25,1.0,81,106,25,67
21,r_138_31_113,seq88,seq76,r_138_31_113,1.0,1,114,113,67
1,r_28_24_13,r_114_132_187,r_48_23_51,r_48_23_51,1.0,136,187,51,67
46,r_82_140_144,seq15,seq117,r_82_140_144,0.86,0,144,144,67
42,r_129_61_89,r_72_85_26,r_25_97_27,r_25_97_27,1.0,53,80,27,67
45,r_64_122_180,seq19,r_79_73_143,r_64_122_180,0.68,0,180,180,67
19,r_54_75_149,seq117,r_126_40_68,r_126_40_68,0.69,81,149,68,67
31,r_74_119_140,r_8_53_125,r_9_36_87,r_9_36_87,1.0,0,87,87,67
89,seq92,r_106_148_95,r_27_63_15,r_106_148_95,1.0,-7,88,95,67
3,r_49_121_159,r_114_132_187,seq6,r_49_121_159,0.75,0,159,159,67
10,r_5_110_115,seq44,r_78_104_52,r_5_110_115,1.0,0,115,115,67
26,r_72_85_26,r_142_105_174,r_8_53_125,r_142_105_174,0.98,-10,164,174,67
1,r_28_24_13,r_147_16_25,r_114_132_187,r_28_24_13,1.0,0,13,13,67
11,r_108_107_84,r_74_119_140,seq139,r_108_107_84,0.75,3,87,84,67
20,r_13_59_139,seq35,seq26,r_13_59_139,0.99,0,139,139,67
13,r_14_125_63,seq111,seq44,r_14_125_63,1.0,0,63,63,67
15,r_126_40_68,r_54_75_149,seq90,r_126_40_68,0.96,0,68,68,67
48,r_12_0_76,r_27_63_15,seq137,r_12_0_76,0.55,-1,75,76,67
28,r_142_105_174,seq42,r_82_140_144,r_142_105_174,0.95,0,174,174,67
23,r_93_133_132,seq6,r_98_11_109,r_93_133_132,0.48,36,168,132,67
31,r_74_119_140,r_9_36_87,seq19,r_74_119_140,0.94,2,142,140,67
32,r_48_23_51,seq44,r_28_24_13,r_48_23_51,1.0,0,51,51,67
36,r_114_132_187,r_28_24_13,r_27_63_15,r_114_132_187,0.45,0,187,187,67
27,r_106_148_95,r_2_83_7,r_28_24_13,r_2_83_7,0.6,88,95,7,67
47,r_8_53_125,r_74_119_140,r_120_86_108,r_120_86_108,1.0,17,125,108,67
40,r_101_134_77,seq6,seq141,r_101_134_77,1.0,0,77,77,67
18,r_27_63_15,r_12_0_76,r_41_84_43,r_41_84_43,0.97,74,117,43,67
27,r_106_148_95,r_28_24_13,r_120_86_108,r_120_86_108,0.77,0,108,108,67
44,r_39_37_41,seq44,seq51,r_39_37_41,1.0,0,41,41,67
25,r_66_103_138,seq71,r_126_40_68,r_66_103_138,0.94,0,138,138,67
58,seq141,r_72_85_26,r_101_134_77,r_101_134_77,1.0,21,98,77,67
68,seq35,r_13_59_139,seq42,r_13_59_139,0.97,0,139,139,67
34,r_56_38_123,seq19,r_41_84_43,r_56_38_123,0.96,0,123,123,67
75,seq57,r_135_109_188,r_43_149_21,r_135_109_188,0.51,0,188,188,67
36,r_114_132_187,r_49_121_159,r_28_24_13,r_28_24_13,1.0,1,14,13,67
60,seq144,r_123_46_156,seq15,r_123_46_156,0.99,0,156,156,67
81,seq71,r_66_103_138,r_78_104_52,r_78_104_52,0.45,86,138,52,67
17,r_3_115_2,r_8_53_125,seq76,r_8_53_125,0.54,-4,121,125,67
4,r_43_149_21,r_66_103_138,seq55,r_43_149_21,0.78,-4,17,21,67
41,r_29_116_19,r_101_134_77,seq90,r_29_116_19,0.99,0,19,19,67
5,r_25_97_27,seq90,seq128,r_25_97_27,1.0,0,27,27,67
74,seq55,seq124,r_43_149_21,r_43_149_21,0.99,-3,18,21,67
49,r_145_68_131,seq94,r_147_16_25,r_145_68_131,0.97,0,131,131,67
23,r_93_133_132,r_135_109_188,seq6,r_93_133_132,0.65,0,132,132,67
35,r_79_73_143,seq67,r_56_38_123,r_79_73_143,0.75,0,143,143,67
39,r_41_84_43,seq51,seq92,r_41_84_43,0.95,-1,42,43,67
30,r_34_25_88,r_60_77_142,seq31,r_34_25_88,0.92,0,88,88,68
51,seq4,r_99_62_59,seq82,r_99_62_59,0.46,25,84,59,68
18,r_53_19_16,r_85_69_171,r_60_77_142,r_53_19_16,1.0,-1,15,16,68
14,r_20_102_74,seq122,seq15,r_20_102_74,0.99,0,74,74,68
8,r_3_100_140,r_23_80_162,seq112,r_3_100_140,0.92,1,141,140,68
16,r_127_136_119,seq30,r_125_131_26,r_127_136_119,1.0,0,119,119,68
39,r_48_2_160,r_74_14_180,seq12,r_48_2_160,0.91,0,160,160,68
5,r_107_17_170,r_11_142_177,r_60_77_142,r_107_17_170,0.68,0,170,170,68
6,r_9_46_56,r_91_114_107,r_11_142_177,r_9_46_56,0.99,0,56,56,68
69,seq39,r_118_149_137,seq141,r_118_149_137,1.0,1,138,137,68
45,r_51_126_133,seq97,seq13,r_51_126_133,0.49,0,133,133,68
89,seq94,r_111_66_150,r_105_63_58,r_105_63_58,0.86,-19,39,58,68
31,r_115_7_190,seq4,r_99_62_59,r_115_7_190,0.52,-146,44,190,68
95,seq109,seq59,r_87_67_112,r_87_67_112,1.0,3,115,112,68
66,seq33,r_107_17_170,r_133_145_168,r_107_17_170,0.96,-3,167,170,68
26,r_105_63_58,seq38,r_90_81_49,r_90_81_49,1.0,-1,48,49,68
38,r_99_62_59,r_115_7_190,r_111_66_150,r_115_7_190,0.35,0,190,190,68
21,r_40_104_92,r_91_114_107,r_125_131_26,r_125_131_26,1.0,1,27,26,68
41,r_113_93_149,seq50,r_9_46_56,r_113_93_149,0.72,0,149,149,68
3,r_23_80_162,seq138,r_55_139_98,r_55_139_98,0.93,64,162,98,68
34,r_60_77_142,r_29_43_186,r_107_17_170,r_60_77_142,0.99,33,175,142,68
11,r_91_114_107,r_35_86_116,seq101,r_91_114_107,1.0,0,107,107,68
20,r_148_76_118,seq1,r_70_36_75,r_148_76_118,0.96,0,118,118,68
13,r_42_44_97,seq88,r_20_102_74,r_42_44_97,1.0,-2,95,97,68
15,r_85_69_171,seq12,r_113_93_149,r_113_93_149,0.94,22,171,149,68
21,r_40_104_92,r_125_131_26,r_111_66_150,r_40_104_92,1.0,1,93,92,68
37,r_128_0_52,seq13,seq71,r_128_0_52,0.99,0,52,52,68
27,r_143_144_127,seq31,r_32_89_9,r_143_144_127,1.0,0,127,127,68
4,r_147_10_20,seq135,seq57,r_147_10_20,1.0,-1,19,20,68
87,seq88,r_42_44_97,seq97,r_42_44_97,1.0,-10,87,97,68
2,r_78_140_156,seq95,r_48_2_160,r_78_140_156,0.51,5,161,156,68
47,r_118_149_137,seq39,r_40_104_92,r_118_149_137,0.87,1,138,137,68
40,r_133_145_168,r_124_18_70,seq33,r_124_18_70,0.4,99,169,70,68
29,r_121_16_95,seq57,r_32_89_9,r_121_16_95,1.0,0,95,95,68
34,r_60_77_142,r_53_19_16,r_29_43_186,r_60_77_142,0.59,2,144,142,68
36,r_129_116_57,r_111_66_150,seq54,r_129_116_57,1.0,0,57,57,68
25,r_74_14_180,seq138,r_23_80_162,r_23_80_162,0.99,20,182,162,68
34,r_60_77_142,r_34_25_88,r_53_19_16,r_60_77_142,0.93,-99,43,142,68
58,seq15,r_52_137_194,r_20_102_74,r_20_102_74,1.0,40,114,74,68
6,r_9_46_56,r_11_142_177,r_85_69_171,r_85_69_171,0.73,6,177,171,68
32,r_106_61_185,seq13,r_35_86_116,r_35_86_116,0.67,69,185,116,68
38,r_99_62_59,r_52_137_194,r_115_7_190,r_99_62_59,0.78,3,62,59,68
52,seq6,r_35_86_116,r_73_123_192,r_35_86_116,1.0,0,116,116,68
24,r_28_21_37,seq54,r_124_18_70,r_28_21_37,1.0,0,37,37,68
48,r_90_81_49,r_118_149_137,r_105_63_58,r_90_81_49,0.96,0,49,49,68
68,seq38,r_105_63_58,r_130_68_14,r_130_68_14,0.94,-2,12,14,68
94,seq108,r_113_93_149,r_70_36_75,r_70_36_75,0.96,49,124,75,68
9,r_111_66_150,r_117_56_195,r_47_103_197,r_117_56_195,0.81,-24,171,195,68
17,r_125_131_26,seq110,r_40_104_92,r_125_131_26,0.92,0,26,26,68
31,r_115_7_190,r_99_62_59,r_127_136_119,r_99_62_59,0.22,131,190,59,68
35,r_29_43_186,r_60_77_142,seq30,r_29_43_186,0.86,0,186,186,68
22,r_32_89_9,seq83,r_121_16_95,r_121_16_95,1.0,20,115,95,68
28,r_55_139_98,seq50,seq8,r_55_139_98,1.0,0,98,98,68
49,r_119_72_94,r_143_144_127,r_129_116_57,r_119_72_94,1.0,0,94,94,68
18,r_53_19_16,r_60_77_142,r_40_104_92,r_40_104_92,1.0,52,144,92,68
23,r_70_36_75,r_121_16_95,seq108,r_70_36_75,1.0,-2,73,75,68
17,r_125_131_26,r_40_104_92,seq71,r_40_104_92,1.0,1,93,92,68
57,seq13,r_128_0_52,r_106_61_185,r_128_0_52,1.0,-1,51,52,68
35,r_29_43_186,seq6,r_60_77_142,r_60_77_142,1.0,10,152,142,68
42,r_130_68_14,r_34_25_88,seq38,r_130_68_14,0.92,-2,12,14,68
12,r_98_27_188,r_11_142_177,r_91_114_107,r_11_142_177,0.41,11,188,177,68
40,r_88_37_11,r_127_108_180,r_125_17_112,r_125_17_112,1.0,68,180,112,69
44,r_127_108_180,r_88_37_11,seq49,r_127_108_180,0.78,0,180,180,69
47,r_5_116_19,r_104_42_101,r_75_101_193,r_104_42_101,0.83,-82,19,101,69
9,r_54_87_128,r_76_65_24,seq44,r_54_87_128,1.0,0,128,128,69
14,r_56_122_70,seq124,r_120_0_115,r_120_0_115,0.8,23,138,115,69
8,r_144_18_188,seq135,r_70_85_90,r_70_85_90,0.98,99,189,90,69
43,r_32_55_160,seq12,seq16,r_32_55_160,0.78,0,160,160,69
9,r_54_87_128,r_118_73_69,r_76_65_24,r_54_87_128,0.98,-94,34,128,69
3,r_129_113_110,r_97_23_17,r_8_81_47,r_129_113_110,0.96,0,110,110,69
16,r_2_96_67,seq135,seq19,r_2_96_67,0.99,0,67,67,69
21,r_77_27_156,r_48_133_163,seq35,r_48_133_163,0.33,-7,156,163,69
1,r_104_42_101,seq46,seq134,r_104_42_101,1.0,1,102,101,69
15,r_11_9_15,seq33,r_14_80_143,r_11_9_15,1.0,2,17,15,69
5,r_70_85_90,r_14_80_143,r_76_65_24,r_70_85_90,0.99,0,90,90,69
46,r_14_80_143,r_70_85_90,seq117,r_70_85_90,0.98,0,90,90,69
51,seq131,r_89_60_61,r_149_136_25,r_149_136_25,0.59,-3,22,25,69
39,r_148_78_126,r_118_73_69,seq64,r_148_78_126,0.95,2,128,126,69
24,r_76_65_24,r_54_87_128,r_70_85_90,r_76_65_24,1.0,104,128,24,69
19,r_118_73_69,r_54_87_128,r_148_78_126,r_118_73_69,0.97,1,70,69,69
15,r_11_9_15,r_14_80_143,seq117,r_14_80_143,0.95,-66,77,143,69
95,seq117,r_125_17_112,r_14_80_143,r_125_17_112,0.79,-1,111,112,69
20,r_97_23_17,seq94,r_67_102_21,r_67_102_21,0.96,0,21,21,69
11,r_62_68_13,r_31_106_121,seq19,r_62_68_13,1.0,0,13,13,69
39,r_148_78_126,r_67_102_21,r_118_73_69,r_118_73_69,0.86,37,106,69,69
31,r_41_24_159,seq7,r_140_93_80,r_41_24_159,0.57,1,160,159,69
10,r_71_58_83,r_127_108_180,r_149_136_25,r_71_58_83,0.98,8,91,83,69
39,r_148_78_126,r_47_91_40,r_67_102_21,r_148_78_126,0.94,-86,40,126,69
26,r_92_66_117,seq94,seq30,r_92_66_117,0.98,1,118,117,69
88,seq98,r_109_99_49,r_88_37_11,r_109_99_49,0.94,0,49,49,69
46,r_14_80_143,seq117,seq100,r_14_80_143,0.98,0,143,143,69
48,r_139_138_84,r_43_10_190,seq123,r_139_138_84,1.0,1,85,84,69
49,r_115_50_72,r_88_37_11,r_125_17_112,r_125_17_112,1.0,33,145,112,69
76,seq49,r_54_87_128,r_127_108_180,r_127_108_180,0.97,0,180,180,69
87,seq94,r_92_66_117,r_41_24_159,r_92_66_117,0.78,1,118,117,69
24,r_76_65_24,r_43_10_190,r_54_87_128,r_76_65_24,0.96,0,24,24,69
12,r_103_69_41,seq126,seq44,r_103_69_41,1.0,0,41,41,69
2,r_120_0_115,seq135,seq132,r_120_0_115,0.86,0,115,115,69
7,r_149_136_25,seq6,r_75_101_193,r_149_136_25,1.0,3,28,25,69
25,r_63_36_179,seq12,r_67_102_21,r_67_102_21,1.0,164,185,21,69
33,r_43_10_190,seq137,r_32_55_160,r_32_55_160,0.76,30,190,160,69
70,seq134,r_90_51_176,r_104_42_101,r_104_42_101,0.95,75,176,101,69
95,seq117,r_14_80_143,r_11_9_15,r_14_80_143,0.61,0,143,143,69
19,r_118_73_69,r_148_78_126,r_67_102_21,r_148_78_126,1.0,2,128,126,69
32,r_75_101_193,r_121_1_195,r_149_136_25,r_149_136_25,1.0,0,25,25,69
3,r_129_113_110,r_47_91_40,r_97_23_17,r_97_23_17,0.7,-2,15,17,69
61,seq146,r_43_10_190,seq4,r_43_10_190,0.62,-38,152,190,69
38,r_89_60_61,r_43_10_190,seq20,r_89_60_61,1.0,1,62,61,69
34,r_28_142_139,seq110,seq130,r_28_142_139,0.91,2,141,139,69
6,r_47_91_40,r_148_78_126,seq72,r_47_91_40,0.92,0,40,40,69
17,r_26_25_64,seq13,seq110,r_26_25_64,1.0,1,65,64,69
94,seq147,r_3_45_155,r_67_102_21,r_67_102_21,0.83,119,140,21,69
0,r_67_102_21,r_103_69_41,r_97_23_17,r_97_23_17,0.83,4,21,17,69
42,r_107_95_33,r_90_51_176,r_67_102_21,r_67_102_21,0.72,12,33,21,69
13,r_109_99_49,seq98,seq29,r_109_99_49,1.0,0,49,49,69
87,seq94,r_41_24_159,r_48_133_163,r_41_24_159,0.85,1,160,159,69
22,r_121_1_195,r_75_101_193,seq30,r_75_101_193,0.7,-63,130,193,69
91,seq110,r_31_106_121,r_26_25_64,r_26_25_64,0.95,9,73,64,69
49,r_115_50_72,r_104_42_101,r_88_37_11,r_115_50_72,1.0,0,72,72,69
44,r_127_108_180,r_71_58_83,r_88_37_11,r_127_108_180,0.93,-89,91,180,69
23,r_31_106_121,seq110,r_67_102_21,r_31_106_121,0.89,0,121,121,69
35,r_3_45_155,seq49,r_61_53_12,r_3_45_155,0.99,0,155,155,69
40,r_88_37_11,r_11_9_15,r_127_108_180,r_88_37_11,0.92,0,11,11,69
40,r_93_114_14,r_143_3_102,r_110_36_55,r_93_114_14,0.68,83,97,14,70
15,r_71_139_49,r_126_61_51,seq25,r_71_139_49,1.0,0,49,49,70
36,r_72_46_12,r_101_73_150,r_125_91_88,r_125_91_88,1.0,1,89,88,70
65,seq25,seq95,r_71_139_49,r_71_139_49,1.0,0,49,49,70
8,r_48_5_191,r_125_91_88,r_41_108_11,r_125_91_88,1.0,0,88,88,70
3,r_104_84_15,seq18,r_29_9_70,r_29_9_70,0.98,44,114,70,70
1,r_148_35_44,r_106_118_91,r_27_56_47,r_148_35_44,1.0,2,46,44,70
16,r_29_9_70,seq88,r_104_84_15,r_29_9_70,0.9,0,70,70,70
39,r_140_147_87,seq11,seq135,r_140_147_87,1.0,2,89,87,70
46,r_99_69_109,r_48_5_191,r_67_10_65,r_99_69_109,1.0,0,109,109,70
13,r_27_56_47,seq52,seq11,r_27_56_47,1.0,1,48,47,70
80,seq66,seq136,r_54_20_56,r_54_20_56,1.0,37,93,56,70
45,r_37_112_199,r_57_28_180,r_109_6_165,r_109_6_165,1.0,11,176,165,70
31,r_134_13_153,r_132_44_8,seq123,r_134_13_153,0.99,0,153,153,70
41,r_15_38_178,r_87_116_170,r_1_80_84,r_1_80_84,0.92,63,147,84,70
10,r_1_80_84,r_75_94_78,r_15_38_178,r_1_80_84,0.98,1,85,84,70
14,r_70_96_21,r_100_145_138,seq97,r_70_96_21,1.0,0,21,21,70
26,r_133_8_45,seq45,seq115,r_133_8_45,0.59,80,125,45,70
72,seq49,r_21_78_94,seq111,r_21_78_94,0.79,11,105,94,70
4,r_81_98_131,r_143_3_102,r_110_36_55,r_110_36_55,1.0,42,97,55,70
20,r_141_76_126,r_134_13_153,seq26,r_141_76_126,0.9,0,126,126,70
48,r_137_90_117,seq18,seq103,r_137_90_117,0.85,0,117,117,70
34,r_110_36_55,r_124_34_74,r_93_114_14,r_110_36_55,1.0,0,55,55,70
0,r_143_3_102,r_113_122_195,r_93_114_14,r_93_114_14,1.0,-1,13,14,70
6,r_75_94_78,r_1_80_84,seq18,r_1_80_84,0.95,1,85,84,70
22,r_41_108_11,r_67_10_65,r_48_5_191,r_41_108_11,0.51,0,11,11,70
95,seq115,r_99_69_109,r_133_8_45,r_99_69_109,0.95,-69,40,109,70
99,seq123,r_124_34_74,seq95,r_124_34_74,1.0,0,74,74,70
0,r_143_3_102,r_93_114_14,r_54_20_56,r_143_3_102,0.76,5,107,102,70
10,r_1_80_84,r_15_38_178,seq23,r_15_38_178,1.0,0,178,178,70
27,r_106_118_91,seq64,seq130,r_106_118_91,0.99,1,92,91,70
96,seq119,seq23,r_126_61_51,r_126_61_51,0.97,7,58,51,70
38,r_54_20_56,seq18,seq66,r_54_20_56,1.0,0,56,56,70
2,r_125_91_88,r_31_138_100,r_72_46_12,r_72_46_12,1.0,76,88,12,70
4,r_81_98_131,r_110_36_55,r_106_118_91,r_81_98_131,0.99,0,131,131,70
18,r_67_10_65,r_24_14_154,r_71_139_49,r_67_10_65,1.0,0,65,65,70
29,r_89_142_124,seq129,seq97,r_89_142_124,1.0,0,124,124,70
40,r_93_114_14,r_70_96_21,r_143_3_102,r_93_114_14,1.0,-1,13,14,70
24,r_100_145_138,seq103,seq131,r_100_145_138,0.98,0,138,138,70
25,r_57_28_180,r_37_112_199,r_143_3_102,r_143_3_102,0.81,74,176,102,70
33,r_124_34_74,seq123,seq17,r_124_34_74,1.0,0,74,74,70
3,r_104_84_15,r_143_3_102,seq18,r_104_84_15,0.98,0,15,15,70
71,seq45,r_133_8_45,r_19_58_187,r_133_8_45,0.89,8,53,45,70
60,seq17,seq18,r_124_34_74,r_124_34_74,1.0,39,113,74,70
17,r_62_82_186,seq18,r_134_13_153,r_134_13_153,0.96,33,186,153,70
90,seq97,r_70_96_21,r_89_142_124,r_89_142_124,1.0,4,128,124,70
28,r_21_78_94,seq49,r_24_14_154,r_21_78_94,0.85,11,105,94,70
41,r_15_38_178,r_1_80_84,r_93_114_14,r_15_38_178,0.85,0,178,178,70
49,r_31_138_100,r_48_5_191,seq136,r_31_138_100,1.0,0,100,100,70
7,r_109_6_165,r_132_44_8,r_30_83_118,r_132_44_8,0.71,157,165,8,70
44,r_16_7_168,r_43_107_99,seq144,r_16_7_168,0.39,-9,159,168,70
32,r_126_61_51,seq4,seq119,r_126_61_51,0.96,5,56,51,70
23,r_101_73_150,seq135,r_32_0_82,r_101_73_150,0.98,1,151,150,70
35,r_30_83_118,seq23,r_37_112_199,r_30_83_118,0.87,1,119,118,70
12,r_87_116_170,r_15_38_178,r_143_3_102,r_143_3_102,0.74,68,170,102,70
30,r_8_45_77,r_54_75_25,r_5_135_38,r_8_45_77,1.0,1,78,77,71
36,r_67_146_87,seq52,seq64,r_67_146_87,1.0,0,87,87,71
43,r_72_90_93,r_41_86_142,r_91_65_23,r_72_90_93,0.98,0,93,93,71
14,r_82_145_197,seq26,r_5_135_38,r_5_135_38,0.94,7,45,38,71
83,seq87,r_16_22_108,seq10,r_16_22_108,1.0,0,108,108,71
21,r_3_20_116,seq26,r_147_89_36,r_3_20_116,0.98,0,116,116,71
39,r_62_98_175,r_100_9_135,r_91_65_23,r_91_65_23,1.0,103,126,23,71
1,r_118_85_11,r_100_9_135,r_37_102_190,r_37_102_190,0.51,-94,96,190,71
42,r_41_86_142,r_72_90_93,r_36_60_144,r_72_90_93,1.0,0,93,93,71
45,r_124_50_118,r_14_120_137,seq94,r_124_50_118,0.89,0,118,118,71
19,r_93_73_164,seq113,r_55_0_95,r_55_0_95,1.0,80,175,95,71
16,r_5_135_38,r_122_19_112,r_82_145_197,r_5_135_38,0.99,0,38,38,71
31,r_16_22_108,seq87,seq111,r_16_22_108,1.0,0,108,108,71
15,r_63_142_159,r_51_127_22,seq117,r_63_142_159,0.99,0,159,159,71
41,r_28_35_97,seq30,r_51_127_22,r_28_35_97,1.0,0,97,97,71
3,r_132_99_31,r_114_92_104,seq49,r_114_92_104,0.59,-33,71,104,71
10,r_55_0_95,seq6,seq144,r_55_0_95,1.0,2,97,95,71
8,r_91_65_23,r_138_1_66,r_122_19_112,r_91_65_23,0.99,0,23,23,71
0,r_138_1_66,seq49,r_29_40_45,r_138_1_66,1.0,0,66,66,71
20,r_107_66_134,seq79,r_114_92_104,r_107_66_134,0.96,-1,133,134,71
13,r_24_105_81,r_81_96_50,r_100_9_135,r_24_105_81,1.0,0,81,81,71
15,r_63_142_159,r_114_92_104,r_51_127_22,r_51_127_22,0.69,90,112,22,71
25,r_14_120_137,r_53_61_62,r_91_65_23,r_53_61_62,0.51,75,137,62,71
12,r_51_127_22,r_63_142_159,r_70_33_148,r_51_127_22,0.85,137,159,22,71
91,seq109,r_41_86_142,r_147_89_36,r_147_89_36,0.84,8,44,36,71
6,r_31_121_177,r_84_17_195,seq108,r_31_121_177,0.66,0,177,177,71
62,seq30,r_28_35_97,seq103,r_28_35_97,1.0,-7,90,97,71
8,r_91_65_23,r_122_19_112,r_56_23_40,r_122_19_112,1.0,-39,73,112,71
27,r_46_128_182,r_70_33_148,seq71,r_70_33_148,1.0,-9,139,148,71
12,r_51_127_22,seq117,r_63_142_159,r_51_127_22,0.96,0,22,22,71
2,r_70_33_148,r_46_128_182,r_51_127_22,r_46_128_182,0.66,-34,148,182,71
48,r_56_23_40,r_31_121_177,r_91_65_23,r_56_23_40,0.66,5,45,40,71
40,r_74_130_68,seq2,seq111,r_74_130_68,0.9,0,68,68,71
18,r_15_38_51,seq32,r_93_73_164,r_15_38_51,0.77,80,131,51,71
25,r_14_120_137,r_124_50_118,r_53_61_62,r_53_61_62,0.97,56,118,62,71
33,r_53_61_62,seq108,seq140,r_53_61_62,1.0,1,63,62,71
5,r_81_96_50,r_129_13_44,seq111,r_129_13_44,1.0,0,44,44,71
70,seq52,r_67_146_87,seq136,r_67_146_87,1.0,0,87,87,71
44,r_21_148_30,r_14_120_137,seq97,r_21_148_30,0.99,0,30,30,71
1,r_118_85_11,r_37_102_190,seq141,r_37_102_190,0.78,-70,120,190,71
37,r_29_40_45,r_70_33_148,seq2,r_29_40_45,1.0,0,45,45,71
69,seq49,r_138_1_66,r_132_99_31,r_138_1_66,1.0,-10,56,66,71
32,r_18_59_71,r_70_33_148,seq49,r_18_59_71,0.92,0,71,71,71
38,r_88_68_156,seq10,r_138_1_66,r_138_1_66,0.99,91,157,66,71
52,seq6,r_55_0_95,seq71,r_55_0_95,1.0,2,97,95,71
35,r_25_27_13,seq83,seq136,r_25_27_13,0.98,0,13,13,71
26,r_122_19_112,r_5_135_38,r_91_65_23,r_5_135_38,0.69,0,38,38,71
34,r_110_123_139,r_70_33_148,r_4_47_1,r_110_123_139,0.97,0,139,139,71
85,seq97,seq137,r_21_148_30,r_21_148_30,1.0,1,31,30,71
9,r_133_143_184,seq103,r_91_65_23,r_133_143_184,0.35,0,184,184,71
26,r_122_19_112,r_91_65_23,r_51_127_22,r_122_19_112,0.95,1,113,112,71
96,seq117,r_46_128_182,r_63_142_159,r_63_142_159,0.9,2,161,159,71
22,r_114_92_104,r_63_142_159,r_107_66_134,r_107_66_134,0.61,4,138,134,71
28,r_95_58_161,seq119,r_55_0_95,r_55_0_95,1.0,70,165,95,71
47,r_129_13_44,r_81_96_50,seq112,r_129_13_44,1.0,0,44,44,71
49,r_147_89_36,r_5_135_38,seq109,r_147_89_36,1.0,0,36,36,71
7,r_36_60_144,seq12,seq101,r_36_60_144,0.88,1,145,144,71
30,r_32_27_134,seq41,seq56,r_32_27_134,0.97,0,134,134,72
51,seq130,r_83_143_125,seq65,r_83_143_125,0.75,-3,122,125,72
36,r_0_37_73,seq30,seq99,r_0_37_73,0.65,-8,65,73,72
14,r_117_31_74,seq4,seq45,r_117_31_74,1.0,0,74,74,72
43,r_100_113_127,r_141_13_196,r_135_104_124,r_100_113_127,0.98,0,127,127,72
37,r_78_91_96,r_83_143_125,seq40,r_78_91_96,1.0,1,97,96,72
16,r_83_143_125,r_38_85_128,seq41,r_83_143_125,0.94,0,125,125,72
39,r_131_62_90,seq125,seq98,r_131_62_90,1.0,0,90,90,72
1,r_6_1_150,seq10,r_0_37_73,r_6_1_150,0.82,0,150,150,72
27,r_79_25_59,seq105,r_96_82_92,r_79_25_59,1.0,0,59,59,72
13,r_124_103_41,seq42,r_83_143_125,r_124_103_41,0.98,0,41,41,72
19,r_75_109_91,seq133,r_94_48_6,r_75_109_91,1.0,0,91,91,72
31,r_3_23_27,r_149_139_129,r_138_148_142,r_3_23_27,0.95,-2,25,27,72
76,seq60,r_118_39_5,r_43_49_109,r_43_49_109,0.59,-5,104,109,72
67,seq33,r_144_97_102,r_24_119_19,r_144_97_102,0.59,-9,93,102,72
85,seq81,r_35_74_61,seq72,r_35_74_61,0.99,-4,57,61,72
90,seq101,seq8,r_50_142_55,r_50_142_55,1.0,-1,54,55,72
8,r_44_28_15,r_115_136_169,r_149_139_129,r_149_139_129,0.87,40,169,129,72
8,r_44_28_15,r_135_104_124,r_115_136_169,r_44_28_15,0.85,0,15,15,72
11,r_149_139_129,seq56,r_55_123_80,r_149_139_129,0.71,0,129,129,72
20,r_16_95_165,seq45,r_71_80_51,r_16_95_165,0.71,1,166,165,72
70,seq42,r_124_103_41,seq84,r_124_103_41,1.0,-2,39,41,72
48,r_55_123_80,seq146,r_44_28_15,r_55_123_80,0.87,0,80,80,72
13,r_124_103_41,r_83_143_125,seq130,r_83_143_125,1.0,-3,122,125,72
17,r_144_97_102,r_96_82_92,r_127_11_95,r_144_97_102,1.0,0,102,102,72
6,r_114_12_63,r_96_82_92,seq116,r_114_12_63,1.0,0,63,63,72
4,r_106_90_23,seq5,r_93_77_48,r_106_90_23,0.98,0,23,23,72
47,r_134_19_8,r_43_49_109,r_135_104_124,r_43_49_109,0.9,0,109,109,72
18,r_132_18_159,seq108,r_144_97_102,r_144_97_102,0.79,58,160,102,72
29,r_36_54_186,seq147,r_127_11_95,r_127_11_95,0.57,92,187,95,72
24,r_22_15_106,r_89_76_108,r_96_82_92,r_22_15_106,0.92,0,106,106,72
25,r_115_136_169,r_141_13_196,seq33,r_115_136_169,0.62,0,169,169,72
33,r_69_34_130,r_132_18_159,r_43_49_109,r_132_18_159,0.72,-29,130,159,72
70,seq42,seq84,r_89_76_108,r_89_76_108,0.98,0,108,108,72
23,r_43_49_109,seq60,r_69_34_130,r_69_34_130,1.0,2,132,130,72
88,seq98,r_58_59_185,r_131_62_90,r_131_62_90,1.0,95,185,90,72
44,r_71_80_51,r_78_91_96,seq65,r_78_91_96,0.81,-51,45,96,72
68,seq40,r_132_18_159,r_78_91_96,r_78_91_96,0.91,44,140,96,72
32,r_17_2_166,seq145,r_115_136_169,r_17_2_166,0.28,22,188,166,72
38,r_58_59_185,seq98,r_92_107_86,r_92_107_86,0.85,99,185,86,72
52,seq4,r_117_31_74,seq65,r_117_31_74,1.0,-13,61,74,72
28,r_61_47_34,r_129_52_22,r_126_122_36,r_61_47_34,1.0,1,35,34,72
34,r_141_13_196,r_115_136_169,r_149_139_129,r_149_139_129,0.93,40,169,129,72
45,r_138_148_142,seq8,r_3_23_27,r_3_23_27,0.98,14,41,27,72
75,seq56,r_149_139_129,seq110,r_149_139_129,1.0,0,129,129,72
60,seq146,r_55_123_80,r_94_48_6,r_55_123_80,0.93,-1,79,80,72
45,r_138_148_142,r_3_23_27,r_50_142_55,r_50_142_55,0.98,92,147,55,72
17,r_144_97_102,r_92_107_86,r_96_82_92,r_92_107_86,0.99,0,86,86,72
0,r_24_119_19,seq14,seq33,r_24_119_19,1.0,2,21,19,72
9,r_89_76_108,seq68,seq42,r_89_76_108,0.82,0,108,108,72
40,r_140_29_54,seq42,seq105,r_140_29_54,1.0,0,54,54,72
46,r_35_74_61,seq81,seq145,r_35_74_61,1.0,-2,59,61,72
7,r_126_122_36,seq99,r_61_47_34,r_126_122_36,1.0,-1,35,36,72
21,r_93_77_48,r_89_76_108,r_106_90_23,r_93_77_48,0.97,1,49,48,72
22,r_57_66_66,r_89_76_108,r_96_82_92,r_57_66_66,1.0,-1,65,66,72
2,r_50_142_55,r_83_143_125,seq101,r_50_142_55,1.0,0,55,55,72
23,r_43_49_109,r_134_19_8,seq60,r_43_49_109,0.57,0,109,109,72
35,r_87_121_87,seq110,seq40,r_87_121_87,1.0,0,87,87,72
30,r_29_26_148,seq146,seq54,r_29_26_148,0.85,0,148,148,73
8,r_99_53_47,seq19,seq16,r_99_53_47,1.0,1,48,47,73
92,seq97,r_25_108_86,r_32_65_24,r_25_108_86,0.89,0,86,86,73
14,r_105_61_156,seq85,seq63,r_105_61_156,0.91,1,157,156,73
43,r_24_135_99,seq129,seq44,r_24_135_99,0.99,0,99,99,73
73,seq46,r_77_88_195,r_57_80_43,r_57_80_43,1.0,8,51,43,73
55,seq134,seq147,r_1_0_63,r_1_0_63,0.98,65,128,63,73
16,r_58_110_71,seq115,seq148,r_58_110_71,1.0,0,71,71,73
21,r_120_121_150,r_49_141_170,r_144_21_7,r_120_121_150,0.71,0,150,150,73
1,r_106_50_193,r_64_47_73,r_23_125_54,r_106_50_193,0.75,-119,74,193,73
5,r_137_124_139,seq40,r_144_21_7,r_137_124_139,0.62,2,141,139,73
4,r_143_132_59,r_120_121_150,seq19,r_143_132_59,1.0,0,59,59,73
45,r_140_43_39,r_95_94_149,r_9_27_116,r_9_27_116,1.0,28,144,116,73
33,r_1_0_63,seq16,r_67_38_130,r_67_38_130,1.0,5,135,130,73
95,seq112,r_111_28_145,r_6_75_36,r_6_75_36,1.0,116,152,36,73
40,r_109_96_34,r_77_88_195,r_81_37_199,r_109_96_34,0.98,0,34,34,73
76,seq54,seq133,r_29_26_148,r_29_26_148,0.92,5,153,148,73
3,r_57_80_43,seq11,seq46,r_57_80_43,0.97,0,43,43,73
37,r_5_119_29,r_116_123_126,seq33,r_5_119_29,0.99,0,29,29,73
31,r_67_38_130,seq46,r_1_0_63,r_67_38_130,0.97,0,130,130,73
41,r_49_141_170,r_120_121_150,r_91_127_142,r_49_141_170,0.74,-20,150,170,73
42,r_23_125_54,seq13,r_55_86_27,r_23_125_54,0.94,0,54,54,73
26,r_31_35_164,seq3,seq17,r_31_35_164,0.68,0,164,164,73
72,seq45,r_100_128_101,r_15_71_50,r_100_128_101,1.0,0,101,101,73
11,r_116_123_126,r_56_42_128,r_49_141_170,r_116_123_126,0.96,1,127,126,73
13,r_48_76_181,seq10,r_31_35_164,r_31_35_164,0.57,17,181,164,73
15,r_39_82_70,r_77_88_195,seq78,r_39_82_70,1.0,0,70,70,73
46,r_6_75_36,r_66_101_117,seq112,r_6_75_36,1.0,0,36,36,73
57,seq10,r_48_76_181,r_87_103_75,r_87_103_75,1.0,58,133,75,73
6,r_95_94_149,r_111_28_145,seq7,r_95_94_149,0.79,0,149,149,73
2,r_144_21_7,r_68_34_166,r_77_88_195,r_68_34_166,0.54,-79,87,166,73
48,r_74_98_17,seq149,r_77_88_195,r_74_98_17,0.94,1,18,17,73
27,r_100_128_101,seq45,seq85,r_100_128_101,1.0,0,101,101,73
35,r_81_37_199,seq142,r_109_96_34,r_109_96_34,0.99,15,49,34,73
47,r_91_127_142,seq104,r_49_141_170,r_91_127_142,0.99,0,142,142,73
75,seq52,seq142,r_55_86_27,r_55_86_27,1.0,17,44,27,73
29,r_9_27_116,seq148,r_140_43_39,r_9_27_116,0.97,0,116,116,73
24,r_64_47_73,r_106_50_193,seq149,r_64_47_73,1.0,0,73,73,73
19,r_15_71_50,r_39_82_70,seq45,r_39_82_70,1.0,-19,51,70,73
36,r_12_22_57,r_41_18_112,seq14,r_12_22_57,0.55,0,57,57,73
25,r_66_101_117,seq146,seq3,r_66_101_117,1.0,0,117,117,73
10,r_77_88_195,r_39_82_70,r_74_98_17,r_39_82_70,0.87,-34,36,70,73
33,r_1_0_63,seq70,seq16,r_1_0_63,1.0,0,63,63,73
48,r_74_98_17,r_77_88_195,r_15_71_50,r_77_88_195,0.74,-34,161,195,73
64,seq19,seq146,r_143_132_59,r_143_132_59,1.0,29,88,59,73
88,seq85,r_105_61_156,r_100_128_101,r_100_128_101,0.91,56,157,101,73
2,r_144_21_7,r_77_88_195,r_137_124_139,r_144_21_7,0.83,136,143,7,73
61,seq16,seq63,r_1_0_63,r_1_0_63,1.0,2,65,63,73
38,r_68_34_166,seq73,r_6_75_36,r_6_75_36,0.56,130,166,36,73
52,seq3,r_31_35_164,r_66_101_117,r_66_101_117,0.86,47,164,117,73
20,r_55_86_27,seq14,seq52,r_55_86_27,1.0,0,27,27,73
34,r_41_18_112,r_20_136_182,seq113,r_41_18_112,0.93,0,112,112,73
17,r_8_126_58,seq133,seq60,r_8_126_58,1.0,0,58,58,73
9,r_111_28_145,r_95_94_149,r_116_123_126,r_116_123_126,0.8,23,149,126,73
96,seq113,seq78,r_41_18_112,r_41_18_112,1.0,3,115,112,73
22,r_59_102_67,r_31_35_164,r_6_75_36,r_59_102_67,1.0,0,67,67,73
18,r_32_65_24,r_91_127_142,seq97,r_32_65_24,0.93,1,25,24,73
49,r_62_114_79,r_56_42_128,r_15_71_50,r_62_114_79,0.98,1,80,79,73
7,r_20_136_182,seq7,r_49_141_170,r_20_136_182,0.73,0,182,182,73
44,r_89_131_74,r_20_136_182,seq40,r_89_131_74,1.0,4,78,74,73
12,r_56_42_128,r_62_114_79,r_12_22_57,r_56_42_128,1.0,-49,79,128,73
39,r_92_117_42,r_49_141_170,r_32_65_24,r_92_117_42,1.0,0,42,42,73
84,seq73,r_68_34_166,r_144_21_7,r_68_34_166,0.9,2,168,166,73
99,seq127,seq85,r_128_22_43,r_128_22_43,1.0,-1,42,43,74
51,seq5,r_99_122_81,r_130_51_10,r_99_122_81,1.0,-3,78,81,74
92,seq111,r_124_54_100,seq73,r_124_54_100,1.0,-1,99,100,74
43,r_95_14_78,r_133_3_119,seq123,r_95_14_78,1.0,0,78,78,74
31,r_142_129_15,r_27_126_55,seq68,r_142_129_15,0.95,0,15,15,74
48,r_26_134_11,r_101_67_94,seq123,r_26_134_11,1.0,0,11,11,74
55,seq139,r_21_63_178,r_90_96_102,r_90_96_102,1.0,78,180,102,74
38,r_78_20_16,r_115_12_45,seq32,r_115_12_45,0.98,-29,16,45,74
21,r_65_81_182,r_105_135_75,r_33_39_9,r_105_135_75,1.0,-3,72,75,74
39,r_21_63_178,seq139,r_55_52_28,r_55_52_28,0.63,152,180,28,74
1,r_18_94_98,r_100_36_129,seq114,r_18_94_98,0.99,0,98,98,74
97,seq121,r_90_96_102,seq53,r_90_96_102,1.0,0,102,102,74
46,r_70_147_128,seq17,seq32,r_70_147_128,1.0,0,128,128,74
18,r_100_36_129,r_33_39_9,seq98,r_100_36_129,0.99,2,131,129,74
45,r_34_136_164,seq68,r_110_109_63,r_110_109_63,1.0,2,65,63,74
6,r_130_51_10,r_97_23_80,seq72,r_130_51_10,0.94,0,10,10,74
30,r_103_45_59,r_104_102_149,r_115_12_45,r_103_45_59,1.0,0,59,59,74
66,seq38,r_101_67_94,seq73,r_101_67_94,1.0,-17,77,94,74
64,seq32,r_83_120_121,r_33_39_9,r_33_39_9,0.5,2,11,9,74
26,r_76_118_69,r_104_102_149,r_115_12_45,r_76_118_69,1.0,0,69,69,74
0,r_83_120_121,r_37_11_148,seq43,r_83_120_121,0.95,1,122,121,74
63,seq30,r_37_11_148,r_75_50_74,r_75_50_74,0.95,-1,73,74,74
11,r_105_135_75,r_65_81_182,seq106,r_105_135_75,1.0,0,75,75,74
20,r_124_54_100,seq111,seq71,r_124_54_100,0.99,0,100,100,74
5,r_29_6_14,r_110_109_63,r_26_134_11,r_29_6_14,0.99,0,14,14,74
13,r_143_148_174,seq86,r_79_82_151,r_143_148_174,0.59,0,174,174,74
98,seq123,r_88_40_156,r_95_14_78,r_95_14_78,0.97,78,156,78,74
15,r_104_102_149,seq66,seq107,r_104_102_149,0.62,1,150,149,74
21,r_65_81_182,r_33_39_9,seq84,r_65_81_182,0.47,1,183,182,74
9,r_55_52_28,seq144,r_115_12_45,r_55_52_28,1.0,0,28,28,74
27,r_99_122_81,seq5,r_46_25_30,r_99_122_81,1.0,0,81,81,74
14,r_128_22_43,r_104_102_149,seq127,r_128_22_43,0.99,-1,42,43,74
16,r_115_12_45,r_124_54_100,r_55_52_28,r_115_12_45,0.92,-6,39,45,74
25,r_31_138_51,seq106,seq35,r_31_138_51,1.0,0,51,51,74
22,r_46_25_30,seq64,r_99_122_81,r_99_122_81,1.0,72,153,81,74
2,r_90_96_102,seq121,seq111,r_90_96_102,0.95,0,102,102,74
47,r_4_57_131,seq53,seq107,r_4_57_131,0.91,0,131,131,74
18,r_100_36_129,r_18_94_98,r_33_39_9,r_18_94_98,0.52,-2,96,98,74
29,r_133_3_119,r_16_116_181,r_130_51_10,r_133_3_119,0.98,0,119,119,74
19,r_92_1_41,seq123,seq35,r_92_1_41,1.0,0,41,41,74
32,r_79_82_151,seq89,seq112,r_79_82_151,0.89,0,151,151,74
22,r_46_25_30,r_100_36_129,seq64,r_100_36_129,0.54,-99,30,129,74
34,r_140_59_150,seq7,seq53,r_140_59_150,0.78,0,150,150,74
75,seq66,r_104_102_149,r_37_11_148,r_104_102_149,0.96,1,150,149,74
12,r_41_69_53,r_124_54_100,seq74,r_41_69_53,1.0,0,53,53,74
45,r_34_136_164,r_110_109_63,r_90_96_102,r_34_136_164,0.83,0,164,164,74
17,r_97_23_80,seq84,seq144,r_97_23_80,1.0,1,81,80,74
94,seq114,seq9,r_18_94_98,r_18_94_98,1.0,5,103,98,74
24,r_33_39_9,r_29_6_14,seq32,r_33_39_9,0.99,1,10,9,74
96,seq119,r_132_80_140,seq84,r_132_80_140,1.0,0,140,140,74
28,r_110_109_63,seq141,r_142_129_15,r_110_109_63,1.0,0,63,63,74
49,r_8_49_107,seq5,r_55_52_28,r_8_49_107,0.92,1,108,107,74
54,seq10,r_27_126_55,seq77,r_27_126_55,0.97,-3,52,55,74
7,r_101_67_94,seq38,seq93,r_101_67_94,1.0,0,94,94,74
44,r_87_137_82,seq64,r_31_138_51,r_87_137_82,0.92,3,85,82,74
40,r_56_125_27,seq58,seq111,r_56_125_27,1.0,0,27,27,74
35,r_61_44_134,seq98,r_130_51_10,r_61_44_134,0.97,0,134,134,74
84,seq86,r_143_148_174,seq53,r_143_148_174,0.99,0,174,174,74
36,r_14_46_73,seq145,seq132,r_14_46_73,1.0,-2,71,73,75
14,r_115_94_139,r_38_30_9,seq59,r_115_94_139,0.63,0,139,139,75
43,r_105_29_183,seq65,r_83_137_120,r_83_137_120,0.6,63,183,120,75
83,seq74,r_80_82_149,seq141,r_80_82_149,0.99,0,149,149,75
37,r_78_43_154,r_100_26_184,seq20,r_100_26_184,0.78,-30,154,184,75
87,seq96,seq136,r_68_79_24,r_68_79_24,0.97,-1,23,24,75
45,r_4_99_28,r_39_89_131,seq106,r_4_99_28,0.7,-1,27,28,75
86,seq93,r_39_89_131,r_127_133_119,r_127_133_119,1.0,2,121,119,75
16,r_24_6_164,seq55,seq141,r_24_6_164,0.59,0,164,164,75
21,r_98_9_173,seq55,seq3,r_98_9_173,0.48,0,173,173,75
39,r_50_19_84,seq20,r_4_99_28,r_50_19_84,0.81,1,85,84,75
1,r_23_2_124,seq106,seq62,r_23_2_124,1.0,0,124,124,75
97,seq120,r_131_92_178,r_147_5_122,r_147_5_122,0.99,14,136,122,75
42,r_131_92_178,seq74,r_83_137_120,r_83_137_120,0.71,58,178,120,75
19,r_17_36_117,seq74,seq0,r_17_36_117,1.0,0,117,117,75
78,seq59,seq121,r_86_123_110,r_86_123_110,1.0,4,114,110,75
76,seq55,r_24_6_164,r_76_85_54,r_76_85_54,0.96,110,164,54,75
35,r_40_44_55,r_108_70_80,r_139_49_89,r_139_49_89,0.99,2,91,89,75
41,r_67_73_101,seq0,seq129,r_67_73_101,0.99,0,101,101,75
10,r_8_71_78,r_88_10_190,seq59,r_8_71_78,0.97,1,79,78,75
58,seq12,r_127_133_119,r_140_91_22,r_127_133_119,0.92,-87,32,119,75
72,seq48,r_105_29_183,r_60_135_95,r_60_135_95,1.0,40,135,95,75
0,r_21_37_137,seq129,r_33_15_70,r_21_37_137,0.97,0,137,137,75
11,r_117_107_79,seq62,r_140_91_22,r_117_107_79,0.98,0,79,79,75
20,r_61_51_161,seq124,r_56_77_156,r_56_77_156,1.0,6,162,156,75
13,r_114_104_145,seq52,seq20,r_114_104_145,0.7,0,145,145,75
10,r_8_71_78,seq59,r_11_90_111,r_11_90_111,0.98,3,114,111,75
8,r_110_75_52,seq28,r_95_16_11,r_110_75_52,1.0,0,52,52,75
48,r_80_82_149,seq74,seq128,r_80_82_149,0.88,0,149,149,75
6,r_56_77_156,seq48,r_61_51_161,r_56_77_156,0.75,1,157,156,75
15,r_1_111_43,r_86_123_110,seq87,r_1_111_43,1.0,0,43,43,75
99,seq124,r_61_51_161,seq141,r_61_51_161,0.52,1,162,161,75
35,r_40_44_55,r_76_85_54,r_108_70_80,r_40_44_55,0.91,-1,54,55,75
47,r_60_135_95,r_39_89_131,seq48,r_60_135_95,1.0,0,95,95,75
40,r_64_32_103,r_23_2_124,r_40_44_55,r_40_44_55,0.99,48,103,55,75
29,r_11_90_111,r_27_148_104,r_8_71_78,r_11_90_111,0.9,-3,108,111,75
24,r_38_30_9,r_115_94_139,seq145,r_115_94_139,0.78,0,139,139,75
25,r_83_137_120,seq20,seq136,r_83_137_120,1.0,0,120,120,75
33,r_147_5_122,seq106,seq120,r_147_5_122,1.0,0,122,122,75
64,seq20,r_83_137_120,r_143_41_98,r_83_137_120,0.96,0,120,120,75
32,r_86_123_110,r_24_6_164,seq59,r_86_123_110,1.0,0,110,110,75
38,r_139_49_89,seq121,r_40_44_55,r_139_49_89,0.8,0,89,89,75
4,r_76_85_54,r_40_44_55,seq55,r_76_85_54,1.0,0,54,54,75
34,r_45_13_160,seq55,r_115_94_139,r_45_13_160,0.92,0,160,160,75
2,r_68_79_24,seq59,seq96,r_68_79_24,0.54,1,25,24,75
46,r_95_16_11,r_68_79_24,r_39_89_131,r_95_16_11,0.99,-1,10,11,75
27,r_134_125_40,seq132,seq18,r_134_125_40,1.0,0,40,40,75
94,seq112,seq20,r_143_41_98,r_143_41_98,0.88,6,104,98,75
9,r_63_7_92,seq121,r_58_109_193,r_63_7_92,1.0,0,92,92,75
95,seq113,r_122_126_63,seq28,r_122_126_63,0.94,-32,31,63,75
22,r_143_41_98,seq93,seq112,r_143_41_98,0.86,0,98,98,75
28,r_127_133_119,seq97,seq93,r_127_133_119,0.99,0,119,119,75
49,r_122_126_63,seq113,r_68_79_24,r_122_126_63,0.98,0,63,63,75
7,r_100_26_184,r_39_89_131,r_24_6_164,r_39_89_131,0.34,53,184,131,75
44,r_81_116_109,r_58_109_193,r_108_70_80,r_81_116_109,1.0,0,109,109,75
23,r_69_31_90,seq53,seq132,r_69_31_90,1.0,0,90,90,75
12,r_58_109_193,r_81_116_109,r_63_7_92,r_58_109_193,1.0,-84,109,193,75
44,r_65_60_172,r_7_57_8,seq129,r_65_60_172,0.77,0,172,172,76
51,seq129,r_136_77_135,seq105,r_136_77_135,1.0,0,135,135,76
12,r_58_148_56,r_74_44_145,seq50,r_58_148_56,1.0,1,57,56,76
36,r_140_26_109,seq106,seq16,r_140_26_109,1.0,0,109,109,76
43,r_128_1_106,seq88,r_118_6_76,r_118_6_76,0.99,30,106,76,76
54,seq139,seq91,r_130_10_101,r_130_10_101,1.0,38,139,101,76
83,seq91,seq139,r_136_77_135,r_136_77_135,1.0,4,139,135,76
37,r_80_33_90,r_31_138_97,r_118_6_76,r_118_6_76,1.0,14,90,76,76
86,seq98,r_8_146_149,r_118_6_76,r_118_6_76,0.97,65,141,76,76
21,r_74_44_145,seq37,r_14_40_94,r_74_44_145,0.97,0,145,145,76
1,r_84_82_183,seq91,r_15_73_198,r_15_73_198,0.58,-15,183,198,76
5,r_111_38_177,seq91,r_21_70_148,r_111_38_177,0.69,0,177,177,76
97,seq121,r_87_101_87,r_41_20_3,r_87_101_87,0.86,-58,29,87,76
27,r_96_30_24,r_21_70_148,seq106,r_96_30_24,1.0,0,24,24,76
32,r_116_135_47,r_142_86_195,seq123,r_116_135_47,1.0,0,47,47,76
60,seq24,r_59_42_157,r_147_132_129,r_147_132_129,0.58,3,132,129,76
49,r_131_72_11,seq124,seq99,r_131_72_11,0.77,0,11,11,76
41,r_14_40_94,seq121,r_53_66_54,r_14_40_94,1.0,0,94,94,76
10,r_147_132_129,seq16,seq24,r_147_132_129,1.0,0,129,129,76
26,r_118_6_76,seq103,seq98,r_118_6_76,1.0,0,76,76,76
23,r_119_149_34,seq102,seq103,r_119_149_34,1.0,0,34,34,76
4,r_130_10_101,seq88,seq139,r_130_10_101,1.0,2,103,101,76
0,r_115_4_78,seq24,seq12,r_115_4_78,0.96,0,78,78,76
31,r_29_137_32,r_21_70_148,r_113_114_18,r_29_137_32,1.0,0,32,32,76
11,r_95_97_121,r_21_70_148,r_115_4_78,r_95_97_121,0.96,1,122,121,76
13,r_87_101_87,seq121,r_43_125_4,r_87_101_87,1.0,1,88,87,76
48,r_9_120_29,r_140_26_109,seq62,r_9_120_29,0.91,0,29,29,76
8,r_47_36_52,seq19,seq106,r_47_36_52,1.0,-1,51,52,76
2,r_21_70_148,r_134_64_58,r_142_86_195,r_21_70_148,1.0,0,148,148,76
57,seq16,r_23_104_43,r_140_26_109,r_140_26_109,1.0,4,113,109,76
25,r_122_18_21,r_21_70_148,seq75,r_122_18_21,1.0,-1,20,21,76
40,r_39_5_100,r_117_93_171,seq61,r_117_93_171,0.98,-24,147,171,76
6,r_83_11_163,r_55_68_184,seq34,r_55_68_184,0.59,-21,163,184,76
99,seq124,seq62,r_81_94_84,r_81_94_84,1.0,8,92,84,76
2,r_21_70_148,r_95_97_121,r_134_64_58,r_95_97_121,1.0,1,122,121,76
40,r_39_5_100,r_142_86_195,r_117_93_171,r_39_5_100,0.91,0,100,100,76
18,r_142_86_195,r_39_5_100,r_45_22_23,r_142_86_195,0.76,-95,100,195,76
24,r_3_126_93,seq139,seq17,r_3_126_93,1.0,0,93,93,76
33,r_8_146_149,seq98,seq85,r_8_146_149,0.62,0,149,149,76
47,r_7_57_8,r_65_60_172,seq2,r_65_60_172,0.64,0,172,172,76
58,seq17,seq28,r_3_126_93,r_3_126_93,1.0,43,136,93,76
65,seq37,r_74_44_145,seq2,r_74_44_145,1.0,0,145,145,76
42,r_45_22_23,r_140_26_109,r_55_68_184,r_45_22_23,0.79,0,23,23,76
42,r_45_22_23,r_55_68_184,r_21_70_148,r_21_70_148,0.48,36,184,148,76
98,seq123,seq0,r_116_135_47,r_116_135_47,1.0,7,54,47,76
34,r_117_93_171,r_71_141_181,seq35,r_117_93_171,0.67,0,171,171,76
44,r_65_60_172,r_47_36_52,r_7_57_8,r_47_36_52,0.97,-23,29,52,76
60,seq24,r_115_4_78,r_59_42_157,r_115_4_78,0.96,0,78,78,76
17,r_81_94_84,r_39_5_100,seq124,r_81_94_84,1.0,1,85,84,76
9,r_55_68_184,r_83_11_163,r_45_22_23,r_45_22_23,0.84,6,29,23,76
28,r_143_25_174,seq99,seq2,r_143_25_174,0.66,0,174,174,76
56,seq13,r_74_44_145,seq2,r_74_44_145,0.97,-64,81,145,76
7,r_107_79_141,r_59_42_157,r_58_148_56,r_107_79_141,0.88,1,142,141,76
45,r_53_66_54,r_140_26_109,seq91,r_53_66_54,1.0,0,54,54,76
93,seq98,r_41_56_109,r_119_74_70,r_41_56_109,0.73,1,110,109,77
30,r_41_56_109,seq98,r_58_122_89,r_41_56_109,1.0,1,110,109,77
51,seq2,seq12,r_96_92_40,r_96_92_40,1.0,34,74,40,77
36,r_139_75_78,seq99,r_36_87_143,r_139_75_78,0.98,3,81,78,77
92,seq90,r_85_78_158,seq48,r_85_78_158,1.0,2,160,158,77
8,r_42_105_120,r_70_86_176,seq14,r_42_105_120,0.96,0,120,120,77
21,r_128_100_111,seq108,r_64_29_2,r_128_100_111,0.87,2,113,111,77
39,r_45_95_65,r_41_56_109,seq28,r_45_95_65,0.88,1,66,65,77
1,r_143_125_163,seq31,seq21,r_143_125_163,0.86,0,163,163,77
5,r_120_0_83,seq51,seq98,r_120_0_83,1.0,5,88,83,77
42,r_5_38_96,seq30,seq84,r_5_38_96,1.0,0,96,96,77
45,r_66_24_67,r_142_73_108,seq79,r_66_24_67,1.0,0,67,67,77
66,seq22,seq79,r_83_110_91,r_83_110_91,1.0,44,135,91,77
31,r_36_87_143,r_72_68_87,r_139_75_78,r_36_87_143,0.95,-56,87,143,77
67,seq28,r_88_114_191,r_45_95_65,r_45_95_65,1.0,28,93,65,77
3,r_70_86_176,r_42_105_120,r_83_110_91,r_70_86_176,0.99,-55,121,176,77
10,r_55_136_185,r_119_74_70,r_18_117_16,r_119_74_70,0.31,67,137,70,77
90,seq81,r_15_146_172,r_40_148_9,r_15_146_172,0.65,-39,133,172,77
26,r_37_80_180,r_94_89_182,r_13_106_130,r_37_80_180,0.59,0,180,180,77
72,seq39,r_94_89_182,r_23_102_66,r_23_102_66,1.0,78,144,66,77
43,r_43_77_34,r_15_146_172,r_69_82_190,r_43_77_34,0.96,2,36,34,77
0,r_59_57_97,r_41_56_109,seq32,r_59_57_97,1.0,0,97,97,77
11,r_121_132_132,seq133,seq123,r_121_132_132,0.87,0,132,132,77
10,r_55_136_185,r_18_117_16,seq54,r_55_136_185,0.77,0,185,185,77
13,r_61_126_187,seq84,r_34_33_171,r_34_33_171,0.81,16,187,171,77
98,seq123,seq60,r_121_132_132,r_121_132_132,0.9,-1,131,132,77
48,r_119_74_70,r_69_82_190,seq98,r_119_74_70,0.88,15,85,70,77
85,seq65,r_70_86_176,r_83_110_91,r_83_110_91,0.91,79,170,91,77
99,seq127,r_23_102_66,seq90,r_23_102_66,1.0,0,66,66,77
36,r_139_75_78,r_36_87_143,seq48,r_36_87_143,0.92,0,143,143,77
32,r_91_9_15,r_7_149_94,seq46,r_91_9_15,0.85,0,15,15,77
20,r_18_117_16,r_96_92_40,seq35,r_18_117_16,0.54,-1,15,16,77
81,seq53,seq46,r_91_9_15,r_91_9_15,0.73,16,31,15,77
29,r_94_89_182,seq39,r_34_33_171,r_94_89_182,0.62,0,182,182,77
24,r_112_19_181,r_27_115_144,r_42_105_120,r_42_105_120,0.96,61,181,120,77
47,r_6_26_31,seq47,seq11,r_6_26_31,0.97,0,31,31,77
33,r_116_103_53,seq99,seq11,r_116_103_53,1.0,0,53,53,77
65,seq21,r_83_110_91,r_116_103_53,r_83_110_91,0.64,0,91,91,77
37,r_104_118_45,seq145,r_91_9_15,r_104_118_45,1.0,0,45,45,77
38,r_97_67_105,r_112_19_181,r_116_103_53,r_97_67_105,0.97,0,105,105,77
3,r_70_86_176,r_83_110_91,r_119_74_70,r_70_86_176,0.97,0,176,176,77
34,r_72_68_87,r_36_87_143,seq71,r_72_68_87,1.0,0,87,87,77
6,r_96_92_40,r_69_82_190,seq2,r_96_92_40,1.0,0,40,40,77
45,r_66_24_67,seq79,r_36_87_143,r_36_87_143,1.0,7,150,143,77
31,r_36_87_143,r_139_75_78,r_66_24_67,r_36_87_143,0.99,0,143,143,77
94,seq99,r_139_75_78,r_91_9_15,r_139_75_78,0.77,3,81,78,77
9,r_142_73_108,seq39,r_64_29_2,r_142_73_108,0.76,4,112,108,77
96,seq109,r_36_87_143,seq133,r_36_87_143,1.0,0,143,143,77
28,r_147_141_90,seq129,seq47,r_147_141_90,0.84,3,93,90,77
56,seq129,r_147_141_90,r_23_102_66,r_23_102_66,1.0,27,93,66,77
7,r_93_8_112,r_20_107_81,seq32,r_93_8_112,0.76,2,114,112,77
23,r_124_17_179,r_112_19_181,r_96_92_40,r_112_19_181,0.66,-2,179,181,77
82,seq54,r_15_146_172,r_40_148_9,r_15_146_172,0.69,3,175,172,77
32,r_91_9_15,seq46,r_104_118_45,r_104_118_45,1.0,9,54,45,77
35,r_13_106_130,r_112_19_181,seq79,r_13_106_130,0.79,0,130,130,77
12,r_23_102_66,seq127,seq39,r_23_102_66,1.0,0,66,66,77
44,r_97_62_12,r_72_117_168,seq107,r_72_117_168,0.91,3,171,168,78
36,r_86_144_133,seq92,r_70_78_67,r_70_78_67,1.0,66,133,67,78
43,r_73_7_95,seq83,seq46,r_73_7_95,1.0,0,95,95,78
16,r_132_26_106,seq143,seq9,r_132_26_106,0.9,1,107,106,78
46,r_0_34_183,seq143,r_72_117_168,r_72_117_168,0.71,15,183,168,78
22,r_61_29_108,r_3_32_58,r_110_120_42,r_61_29_108,0.99,-50,58,108,78
45,r_104_79_139,r_72_117_168,seq102,r_104_79_139,0.67,0,139,139,78
19,r_112_69_81,seq10,seq143,r_112_69_81,1.0,0,81,81,78
41,r_44_141_28,r_30_119_175,r_41_64_41,r_41_64_41,0.94,135,176,41,78
22,r_61_29_108,r_110_120_42,r_138_68_53,r_61_29_108,0.94,0,108,108,78
3,r_50_49_82,seq114,seq8,r_50_49_82,0.76,0,82,82,78
8,r_39_90_55,r_30_119_175,seq51,r_39_90_55,1.0,0,55,55,78
26,r_43_76_165,seq84,seq40,r_43_76_165,0.64,0,165,165,78
72,seq51,r_129_113_122,seq87,r_129_113_122,1.0,0,122,122,78
78,seq71,seq148,r_70_78_67,r_70_78_67,1.0,7,74,67,78
11,r_75_98_179,seq101,r_139_27_8,r_75_98_179,0.79,0,179,179,78
0,r_72_117_168,r_41_64_41,r_97_62_12,r_72_117_168,0.99,-156,12,168,78
99,seq149,r_130_137_195,r_142_91_142,r_142_91_142,1.0,0,142,142,78
20,r_121_33_126,seq40,seq136,r_121_33_126,1.0,3,129,126,78
13,r_11_24_171,seq88,r_127_15_125,r_127_15_125,0.99,53,178,125,78
44,r_97_62_12,r_112_69_81,r_72_117_168,r_97_62_12,0.86,0,12,12,78
15,r_30_119_175,r_44_141_28,seq48,r_30_119_175,0.56,1,176,175,78
48,r_82_2_65,r_30_119_175,seq8,r_82_2_65,1.0,0,65,65,78
4,r_95_81_6,r_61_29_108,seq102,r_61_29_108,1.0,0,108,108,78
16,r_132_26_106,seq9,r_13_17_196,r_132_26_106,0.42,52,158,106,78
10,r_110_120_42,r_61_29_108,r_67_6_96,r_110_120_42,1.0,53,95,42,78
0,r_72_117_168,r_97_62_12,seq101,r_97_62_12,0.46,159,171,12,78
27,r_70_78_67,r_134_131_140,seq71,r_70_78_67,1.0,0,67,67,78
6,r_52_36_33,r_11_24_171,r_41_64_41,r_11_24_171,0.66,-133,38,171,78
87,seq94,r_115_65_93,seq143,r_115_65_93,1.0,0,93,93,78
30,r_3_32_58,r_61_29_108,seq66,r_3_32_58,1.0,0,58,58,78
2,r_127_15_125,seq123,r_85_105_7,r_127_15_125,0.97,1,126,125,78
40,r_115_65_93,seq94,seq14,r_115_65_93,0.93,0,93,93,78
99,seq149,r_145_5_57,r_130_137_195,r_145_5_57,1.0,1,58,57,78
25,r_125_53_172,r_109_37_169,r_110_120_42,r_110_120_42,0.43,130,172,42,78
33,r_134_131_140,seq66,seq128,r_134_131_140,0.71,0,140,140,78
64,seq31,r_60_57_190,r_74_38_21,r_74_38_21,0.67,169,190,21,78
65,seq40,r_121_33_126,r_20_54_199,r_121_33_126,0.96,3,129,126,78
10,r_110_120_42,seq124,r_61_29_108,r_110_120_42,1.0,2,44,42,78
32,r_109_37_169,r_125_53_172,r_70_78_67,r_70_78_67,1.0,105,172,67,78
38,r_122_103_191,r_142_91_142,r_50_49_82,r_122_103_191,0.95,-49,142,191,78
77,seq66,r_134_131_140,seq19,r_134_131_140,1.0,0,140,140,78
17,r_140_106_131,seq8,seq94,r_140_106_131,0.99,0,131,131,78
14,r_145_5_57,seq149,r_13_17_196,r_145_5_57,1.0,1,58,57,78
5,r_41_64_41,seq107,r_52_36_33,r_41_64_41,0.66,0,41,41,78
24,r_138_68_53,r_50_49_82,seq143,r_138_68_53,1.0,1,54,53,78
21,r_28_63_34,r_129_113_122,seq92,r_28_63_34,1.0,0,34,34,78
28,r_126_12_152,seq1,seq111,r_126_12_152,0.86,2,154,152,78
91,seq102,r_61_29_108,r_95_81_6,r_61_29_108,1.0,0,108,108,78
42,r_74_38_21,r_39_90_55,seq31,r_74_38_21,1.0,0,21,21,78
49,r_142_91_142,r_122_103_191,seq149,r_142_91_142,0.98,0,142,142,78
23,r_80_35_48,r_121_33_126,seq87,r_80_35_48,1.0,0,48,48,78
56,seq14,r_108_116_107,r_115_65_93,r_115_65_93,1.0,45,138,93,78
7,r_147_135_178,seq124,r_140_106_131,r_147_135_178,0.48,1,179,178,78
35,r_129_113_122,seq51,r_110_120_42,r_129_113_122,1.0,0,122,122,78
12,r_13_17_196,r_50_49_82,r_145_5_57,r_145_5_57,1.0,18,75,57,78
92,seq102,seq103,r_143_27_100,r_143_27_100,1.0,5,105,100,79
14,r_73_115_186,seq46,r_42_95_149,r_42_95_149,0.78,37,186,149,79
8,r_34_88_94,r_118_83_114,r_18_17_68,r_18_17_68,1.0,30,98,68,79
53,seq7,r_74_21_113,r_31_113_155,r_74_21_113,0.99,0,113,113,79
43,r_118_83_114,r_34_88_94,seq128,r_34_88_94,0.79,-13,81,94,79
54,seq8,r_148_87_135,r_50_76_71,r_50_76_71,0.51,1,72,71,79
37,r_148_87_135,seq8,seq58,r_148_87_135,1.0,0,135,135,79
21,r_11_84_112,seq97,seq23,r_11_84_112,0.69,0,112,112,79
97,seq120,seq5,r_104_130_67,r_104_130_67,1.0,3,70,67,79
46,r_36_129_118,seq61,r_0_20_79,r_36_129_118,0.92,0,118,118,79
45,r_28_38_181,r_22_60_194,r_42_95_149,r_28_38_181,0.65,1,182,181,79
11,r_121_92_25,r_145_89_106,r_4_77_56,r_4_77_56,0.95,46,102,56,79
31,r_127_133_116,seq111,seq5,r_127_133_116,0.81,4,120,116,79
41,r_145_89_106,seq138,r_108_141_63,r_108_141_63,0.9,33,96,63,79
3,r_74_21_113,seq7,seq61,r_74_21_113,0.91,0,113,113,79
95,seq144,seq5,r_131_56_57,r_131_56_57,1.0,2,59,57,79
11,r_121_92_25,r_74_21_113,r_145_89_106,r_121_92_25,0.96,1,26,25,79
13,r_31_113_155,seq7,seq5,r_31_113_155,0.58,1,156,155,79
15,r_19_45_147,seq5,seq61,r_19_45_147,0.53,0,147,147,79
48,r_43_29_78,seq138,r_51_125_139,r_43_29_78,0.89,0,78,78,79
19,r_142_32_59,r_124_82_146,seq99,r_142_32_59,1.0,0,59,59,79
43,r_118_83_114,seq128,seq140,r_118_83_114,0.79,0,114,114,79
53,seq7,r_31_113_155,seq52,r_31_113_155,1.0,1,156,155,79
99,seq126,r_22_60_194,r_134_81_6,r_134_81_6,0.54,129,135,6,79
87,seq94,r_68_24_195,r_51_125_139,r_51_125_139,0.94,4,143,139,79
20,r_109_85_13,r_114_37_28,seq41,r_109_85_13,1.0,0,13,13,79
47,r_6_25_138,r_73_115_186,r_109_85_13,r_6_25_138,0.8,0,138,138,79
93,seq103,r_114_37_28,r_143_27_100,r_143_27_100,1.0,11,111,100,79
40,r_0_20_79,seq57,seq136,r_0_20_79,0.57,0,79,79,79
18,r_90_48_64,r_104_130_67,r_108_141_63,r_90_48_64,1.0,0,64,64,79
29,r_91_59_107,seq140,r_132_55_90,r_91_59_107,0.82,0,107,107,79
24,r_50_76_71,r_42_95_149,seq8,r_50_76_71,1.0,0,71,71,79
25,r_104_130_67,r_90_48_64,seq120,r_104_130_67,0.97,-3,64,67,79
48,r_43_29_78,r_51_125_139,seq61,r_43_29_78,0.54,66,144,78,79
6,r_67_78_54,r_127_133_116,r_100_106_17,r_67_78_54,0.91,0,54,54,79
58,seq140,seq9,r_118_83_114,r_118_83_114,0.8,1,115,114,79
66,seq41,r_112_15_165,r_109_85_13,r_109_85_13,1.0,1,14,13,79
34,r_143_27_100,seq70,seq102,r_143_27_100,0.9,2,102,100,79
2,r_10_122_53,r_36_129_118,seq138,r_10_122_53,0.9,-1,52,53,79
81,seq66,r_42_95_149,seq128,r_42_95_149,0.76,2,151,149,79
17,r_112_15_165,seq16,r_67_78_54,r_112_15_165,0.61,2,167,165,79
22,r_114_37_28,r_127_133_116,seq103,r_114_37_28,1.0,0,28,28,79
9,r_18_17_68,seq1,seq98,r_18_17_68,1.0,0,68,68,79
96,seq111,r_127_133_116,r_35_86_192,r_127_133_116,0.78,4,120,116,79
33,r_147_110_27,r_112_15_165,seq46,r_147_110_27,0.5,1,28,27,79
44,r_119_80_50,seq103,seq1,r_119_80_50,1.0,0,50,50,79
28,r_124_82_146,seq71,seq53,r_124_82_146,0.47,3,149,146,79
1,r_131_56_57,seq41,seq144,r_131_56_57,1.0,0,57,57,79
49,r_108_141_63,r_127_133_116,r_101_107_18,r_108_141_63,1.0,1,64,63,79
7,r_42_95_149,seq66,r_43_29_78,r_42_95_149,0.66,1,150,149,79
23,r_132_55_90,r_74_21_113,r_91_59_107,r_132_55_90,0.49,9,99,90,79
26,r_14_117_39,seq26,r_12_75_29,r_14_117_39,1.0,-3,36,39,79
79,seq64,r_69_44_122,r_101_107_18,r_69_44_122,0.74,1,123,122,79
42,r_100_106_17,r_4_77_56,r_68_24_195,r_100_106_17,0.59,1,18,17,79
4,r_4_77_56,r_148_87_135,r_121_92_25,r_4_77_56,1.0,0,56,56,79
30,r_95_32_74,seq12,r_73_22_33,r_95_32_74,1.0,0,74,74,80
36,r_34_112_179,seq94,seq111,r_34_112_179,0.61,0,179,179,80
8,r_138_133_118,r_115_71_147,r_30_46_66,r_138_133_118,0.85,1,119,118,80
43,r_53_117_157,seq44,seq74,r_53_117_157,0.64,0,157,157,80
3,r_90_11_27,r_26_50_181,seq130,r_26_50_181,0.97,-32,149,181,80
19,r_62_47_22,seq21,r_147_89_116,r_147_89_116,1.0,3,119,116,80
16,r_58_128_156,seq82,r_15_28_126,r_58_128_156,0.72,0,156,156,80
21,r_115_71_147,seq98,r_73_22_33,r_73_22_33,0.74,118,151,33,80
39,r_5_93_59,r_144_127_92,seq136,r_5_93_59,0.63,10,69,59,80
1,r_116_9_182,seq8,r_125_67_65,r_125_67_65,0.66,117,182,65,80
5,r_110_35_97,seq12,r_62_47_22,r_110_35_97,0.99,0,97,97,80
46,r_114_142_100,r_69_59_119,r_4_38_21,r_114_142_100,0.56,0,100,100,80
42,r_61_27_142,r_54_148_183,r_15_28_126,r_61_27_142,0.96,0,142,142,80
80,seq141,r_102_135_93,seq29,r_102_135_93,1.0,0,93,93,80
45,r_124_72_81,seq70,seq77,r_124_72_81,0.62,12,93,81,80
37,r_4_38_21,seq86,seq107,r_4_38_21,1.0,0,21,21,80
66,seq31,r_18_13_163,seq3,r_18_13_163,0.89,0,163,163,80
31,r_125_67_65,seq2,seq12,r_125_67_65,1.0,0,65,65,80
41,r_129_109_64,seq131,seq82,r_129_109_64,1.0,0,64,64,80
89,seq98,r_115_71_147,seq42,r_115_71_147,0.87,2,149,147,80
10,r_56_123_123,seq140,r_5_93_59,r_56_123_123,0.82,0,123,123,80
73,seq52,seq37,r_66_6_144,r_66_6_144,0.98,10,154,144,80
26,r_1_83_120,r_33_64_176,seq86,r_1_83_120,0.99,1,121,120,80
0,r_126_88_137,seq149,r_100_78_47,r_126_88_137,0.64,0,137,137,80
11,r_66_6_144,seq31,seq52,r_66_6_144,0.63,2,146,144,80
13,r_26_50_181,r_63_43_88,r_90_11_27,r_26_50_181,0.47,-93,88,181,80
25,r_73_22_33,r_104_146_125,seq149,r_73_22_33,1.0,0,33,33,80
15,r_33_64_176,r_41_79_189,r_18_13_163,r_33_64_176,0.51,0,176,176,80
48,r_76_97_83,seq137,seq96,r_76_97_83,0.93,5,88,83,80
57,seq130,r_26_50_181,r_90_11_27,r_90_11_27,0.78,121,148,27,80
13,r_26_50_181,r_90_11_27,r_104_146_125,r_90_11_27,0.86,154,181,27,80
6,r_147_89_116,seq25,r_62_47_22,r_147_89_116,0.97,1,117,116,80
62,seq131,r_129_109_64,seq8,r_129_109_64,1.0,0,64,64,80
19,r_62_47_22,r_69_59_119,seq21,r_62_47_22,0.69,0,22,22,80
33,r_36_60_17,r_110_35_97,seq70,r_36_60_17,0.9,0,17,17,80
2,r_30_46_66,r_84_7_58,seq140,r_30_46_66,1.0,0,66,66,80
47,r_102_135_93,seq141,r_73_22_33,r_102_135_93,0.98,0,93,93,80
23,r_106_132_37,r_66_6_144,seq91,r_106_132_37,1.0,0,37,37,80
3,r_90_11_27,seq86,r_26_50_181,r_90_11_27,1.0,0,27,27,80
40,r_63_43_88,r_26_50_181,seq80,r_63_43_88,1.0,0,88,88,80
29,r_100_78_47,r_104_146_125,seq75,r_100_78_47,1.0,0,47,47,80
24,r_39_20_133,seq82,seq12,r_39_20_133,0.47,-71,62,133,80
88,seq96,r_5_93_59,r_76_97_83,r_76_97_83,0.86,23,106,83,80
32,r_121_113_86,seq52,r_73_22_33,r_73_22_33,0.82,68,101,33,80
38,r_122_145_146,r_41_79_189,r_129_109_64,r_129_109_64,0.98,93,157,64,80
34,r_55_40_104,r_84_7_58,seq141,r_55_40_104,0.94,0,104,104,80
81,seq80,r_41_79_189,r_63_43_88,r_63_43_88,1.0,90,178,88,80
17,r_18_13_163,seq31,seq86,r_18_13_163,0.63,0,163,163,80
28,r_68_0_139,r_41_79_189,seq130,r_68_0_139,1.0,1,140,139,80
49,r_48_65_187,seq141,r_66_6_144,r_66_6_144,0.45,43,187,144,80
56,seq12,seq45,r_125_67_65,r_125_67_65,1.0,28,93,65,80
7,r_104_146_125,r_54_148_183,r_106_132_37,r_54_148_183,0.97,-58,125,183,80
44,r_144_127_92,r_5_93_59,r_95_32_74,r_95_32_74,1.0,21,95,74,80
12,r_15_28_126,seq37,seq105,r_15_28_126,0.91,1,127,126,80
42,r_0_76_157,r_126_12_55,r_145_84_77,r_0_76_157,0.95,0,157,157,81
40,r_113_111_67,r_10_133_146,r_147_24_142,r_10_133_146,1.0,2,148,146,81
30,r_74_8_83,r_75_1_197,seq65,r_74_8_83,1.0,0,83,83,81
16,r_62_90_68,r_40_49_91,r_27_102_17,r_27_102_17,0.93,-1,16,17,81
36,r_66_68_152,seq129,seq51,r_66_68_152,0.73,2,154,152,81
9,r_43_122_14,r_53_55_131,r_9_11_112,r_43_122_14,0.9,100,114,14,81
8,r_10_133_146,r_147_24_142,r_113_111_67,r_113_111_67,1.0,36,103,67,81
43,r_28_39_105,seq98,r_126_12_55,r_28_39_105,1.0,0,105,105,81
37,r_108_123_183,r_79_19_122,r_147_24_142,r_108_123_183,0.41,1,184,183,81
10,r_126_12_55,seq81,r_28_39_105,r_28_39_105,1.0,4,109,105,81
23,r_27_102_17,r_62_90_68,seq13,r_62_90_68,1.0,1,69,68,81
9,r_43_122_14,r_95_47_90,r_53_55_131,r_43_122_14,0.98,0,14,14,81
21,r_147_24_142,r_3_137_170,r_113_111_67,r_113_111_67,0.96,67,134,67,81
39,r_135_18_110,r_108_123_183,r_126_12_55,r_135_18_110,0.92,0,110,110,81
1,r_42_121_128,r_0_76_157,seq22,r_42_121_128,0.87,1,129,128,81
5,r_100_38_79,r_144_109_69,r_62_90_68,r_100_38_79,0.97,0,79,79,81
42,r_0_76_157,r_42_121_128,r_126_12_55,r_42_121_128,0.59,1,129,128,81
45,r_54_149_21,r_3_137_170,seq45,r_54_149_21,0.98,1,22,21,81
87,seq91,seq61,r_104_71_56,r_104_71_56,1.0,0,56,56,81
24,r_145_84_77,seq115,r_0_76_157,r_0_76_157,1.0,4,161,157,81
19,r_9_11_112,seq51,r_43_122_14,r_9_11_112,1.0,0,112,112,81
11,r_118_103_186,r_52_7_111,r_147_24_142,r_118_103_186,0.67,-3,183,186,81
95,seq115,r_138_139_182,r_2_31_138,r_2_31_138,0.98,0,138,138,81
26,r_104_71_56,seq14,seq91,r_104_71_56,1.0,0,56,56,81
31,r_95_47_90,r_140_50_109,r_100_38_79,r_95_47_90,0.79,1,91,90,81
3,r_52_7_111,r_118_103_186,r_101_16_113,r_52_7_111,0.79,23,134,111,81
3,r_52_7_111,seq65,r_118_103_186,r_118_103_186,0.85,-75,111,186,81
0,r_92_117_190,seq48,r_118_103_186,r_118_103_186,1.0,4,190,186,81
11,r_118_103_186,seq34,r_52_7_111,r_52_7_111,0.6,-25,86,111,81
81,seq82,seq22,r_20_97_25,r_20_97_25,1.0,0,25,25,81
28,r_20_97_25,r_101_16_113,seq82,r_20_97_25,0.81,0,25,25,81
20,r_36_87_87,seq105,seq13,r_36_87_87,0.82,1,88,87,81
98,seq124,seq51,r_10_133_146,r_10_133_146,1.0,-4,142,146,81
39,r_135_18_110,r_126_12_55,seq81,r_135_18_110,0.33,35,145,110,81
15,r_143_30_161,seq4,r_10_133_146,r_143_30_161,0.71,1,162,161,81
10,r_126_12_55,seq86,seq81,r_126_12_55,0.74,1,56,55,81
48,r_63_58_82,r_145_84_77,seq86,r_63_58_82,1.0,0,82,82,81
16,r_62_90_68,r_27_102_17,seq129,r_62_90_68,1.0,1,69,68,81
6,r_3_137_170,r_147_24_142,r_6_72_12,r_147_24_142,0.55,28,170,142,81
23,r_27_102_17,r_138_139_182,r_62_90_68,r_27_102_17,0.76,-1,16,17,81
5,r_100_38_79,r_62_90_68,r_95_47_90,r_95_47_90,0.61,67,157,90,81
4,r_46_128_19,r_3_137_170,seq83,r_46_128_19,1.0,0,19,19,81
2,r_142_136_101,r_23_134_167,r_94_112_24,r_23_134_167,0.59,-65,102,167,81
47,r_40_49_91,seq13,r_33_96_43,r_40_49_91,0.88,-1,90,91,81
40,r_113_111_67,seq51,r_10_133_146,r_113_111_67,1.0,-1,66,67,81
18,r_101_16_113,seq83,seq45,r_101_16_113,1.0,0,113,113,81
24,r_145_84_77,r_63_58_82,seq115,r_63_58_82,0.5,-8,74,82,81
7,r_57_130_27,seq35,seq99,r_57_130_27,0.91,1,28,27,81
25,r_75_1_197,r_74_8_83,r_70_120_6,r_74_8_83,0.98,0,83,83,81
33,r_138_139_182,seq115,r_10_133_146,r_10_133_146,0.68,38,184,146,81
50,seq129,r_66_68_152,r_62_90_68,r_62_90_68,1.0,86,154,68,81
58,seq146,r_144_109_69,r_63_58_82,r_63_58_82,1.0,72,154,82,81
32,r_127_60_179,seq77,seq115,r_127_60_179,0.5,1,180,179,81
52,seq4,r_143_30_161,seq93,r_143_30_161,0.64,1,162,161,81
90,seq99,seq5,r_57_130_27,r_57_130_27,0.87,1,28,27,81
77,seq77,r_127_60_179,r_9_11_112,r_9_11_112,1.0,68,180,112,81
27,r_41_132_49,r_9_11_112,seq124,r_9_11_112,1.0,-54,58,112,81
45,r_54_149_21,seq45,r_101_16_113,r_101_16_113,1.0,10,123,113,81
17,r_148_78_61,seq116,seq5,r_148_78_61,0.73,4,65,61,81
46,r_94_112_24,seq22,seq83,r_94_112_24,1.0,0,24,24,81
86,seq89,seq91,r_33_96_43,r_33_96_43,0.59,51,94,43,81
90,seq99,r_57_130_27,r_140_50_109,r_140_50_109,0.48,6,115,109,81
22,r_144_109_69,seq146,r_6_72_12,r_6_72_12,0.55,50,62,12,81
34,r_6_72_12,r_21_44_180,r_144_109_69,r_6_72_12,0.83,0,12,12,81
91,seq105,r_36_87_87,seq51,r_36_87_87,0.87,9,96,87,81
49,r_2_31_138,r_79_19_122,seq115,r_2_31_138,0.91,0,138,138,81
8,r_10_133_146,r_113_111_67,seq124,r_10_133_146,1.0,2,148,146,81
35,r_33_96_43,seq116,seq48,r_33_96_43,1.0,0,43,43,81
12,r_53_55_131,r_127_60_179,r_57_130_27,r_57_130_27,0.81,105,132,27,81
84,seq86,seq17,r_63_58_82,r_63_58_82,1.0,10,92,82,81
51,seq4,r_39_92_162,r_118_87_86,r_118_87_86,0.68,2,88,86,82
36,r_143_137_170,seq82,seq146,r_143_137_170,0.63,1,171,170,82
30,r_14_80_32,r_39_92_162,r_90_41_90,r_14_80_32,0.57,57,89,32,82
14,r_118_87_86,seq72,seq4,r_118_87_86,0.77,0,86,86,82
37,r_68_48_139,r_128_45_155,seq13,r_68_48_139,0.84,0,139,139,82
71,seq43,r_88_91_126,r_23_97_13,r_88_91_126,0.8,0,126,126,82
86,seq82,r_143_137_170,r_61_0_92,r_61_0_92,0.95,79,171,92,82
16,r_7_71_85,r_115_104_142,r_135_5_171,r_7_71_85,0.95,1,86,85,82
21,r_116_59_130,r_114_100_98,r_115_104_142,r_114_100_98,0.57,-17,81,98,82
1,r_135_5_171,r_7_71_85,r_74_6_53,r_74_6_53,0.46,122,175,53,82
1,r_135_5_171,seq70,r_7_71_85,r_7_71_85,0.99,1,86,85,82
5,r_62_46_143,seq12,r_115_104_142,r_115_104_142,0.85,4,146,142,82
42,r_32_129_83,seq146,seq113,r_32_129_83,1.0,0,83,83,82
80,seq70,r_108_33_189,r_7_71_85,r_7_71_85,1.0,93,178,85,82
39,r_124_34_27,r_143_137_170,seq42,r_124_34_27,1.0,0,27,27,82
34,r_74_6_53,r_131_138_176,seq1,r_74_6_53,1.0,1,54,53,82
31,r_90_41_90,seq56,r_14_80_32,r_90_41_90,0.58,4,94,90,82
30,r_14_80_32,r_36_24_183,r_39_92_162,r_14_80_32,0.89,4,36,32,82
10,r_88_91_126,seq43,seq133,r_88_91_126,0.93,0,126,126,82
2,r_115_104_142,r_116_59_130,seq10,r_115_104_142,0.43,3,145,142,82
26,r_61_0_92,seq148,seq82,r_61_0_92,0.91,0,92,92,82
16,r_7_71_85,r_135_5_171,r_66_89_50,r_135_5_171,0.53,-4,167,171,82
11,r_127_77_154,seq101,r_74_6_53,r_127_77_154,0.6,3,157,154,82
14,r_118_87_86,seq4,r_52_31_134,r_52_31_134,0.99,9,143,134,82
25,r_84_50_30,r_2_119_188,seq133,r_84_50_30,0.98,3,33,30,82
48,r_83_51_152,r_140_63_169,r_121_122_114,r_140_63_169,0.48,-3,166,169,82
6,r_108_33_189,seq70,r_99_21_71,r_99_21_71,1.0,34,105,71,82
27,r_53_20_131,r_62_46_143,r_7_71_85,r_53_20_131,0.69,2,133,131,82
44,r_57_106_182,r_17_37_159,r_121_122_114,r_57_106_182,0.62,2,184,182,82
2,r_115_104_142,r_7_71_85,r_116_59_130,r_7_71_85,0.98,1,86,85,82
47,r_140_63_169,r_83_51_152,r_39_92_162,r_39_92_162,0.41,7,169,162,82
40,r_8_103_80,r_127_77_154,seq98,r_8_103_80,1.0,0,80,80,82
18,r_40_44_58,seq93,seq73,r_40_44_58,0.99,2,60,58,82
24,r_52_31_134,seq98,r_118_87_86,r_52_31_134,0.91,0,134,134,82
20,r_66_89_50,seq29,seq64,r_66_89_50,1.0,0,50,50,82
32,r_79_47_78,seq76,seq64,r_79_47_78,1.0,1,79,78,82
38,r_128_45_155,seq98,seq65,r_128_45_155,0.84,0,155,155,82
41,r_18_95_15,seq82,seq67,r_18_95_15,0.86,0,15,15,82
60,seq146,r_32_129_83,r_110_55_198,r_32_129_83,0.81,0,83,83,82
46,r_86_144_55,r_32_129_83,r_66_89_50,r_86_144_55,1.0,0,55,55,82
81,seq72,r_121_122_114,seq28,r_121_122_114,0.74,3,117,114,82
17,r_123_136_140,seq141,r_88_91_126,r_123_136_140,0.74,1,141,140,82
9,r_117_142_110,r_16_78_164,seq120,r_16_78_164,0.6,-54,110,164,82
12,r_16_78_164,r_35_149_101,seq139,r_16_78_164,0.94,-7,157,164,82
22,r_99_21_71,r_90_41_90,r_108_33_189,r_99_21_71,0.99,1,72,71,82
28,r_125_132_167,r_17_37_159,r_14_80_32,r_125_132_167,0.36,-2,165,167,82
21,r_116_59_130,r_115_104_142,seq28,r_116_59_130,0.91,0,130,130,82
7,r_39_92_162,seq139,seq120,r_39_92_162,0.7,2,164,162,82
44,r_57_106_182,r_109_96_157,r_17_37_159,r_57_106_182,0.83,-24,158,182,82
82,seq73,r_131_138_176,r_40_44_58,r_40_44_58,1.0,2,60,58,82
60,seq146,r_110_55_198,r_143_137_170,r_143_137_170,0.9,9,179,170,82
12,r_16_78_164,r_117_142_110,r_35_149_101,r_117_142_110,0.93,0,110,110,82
30,r_94_129_121,seq128,seq103,r_94_129_121,0.92,0,121,121,83
36,r_22_23_98,seq35,r_91_30_21,r_22_23_98,1.0,0,98,98,83
32,r_99_81_72,r_120_63_27,r_73_131_140,r_99_81_72,0.3,112,184,72,83
8,r_32_142_90,seq76,seq0,r_32_142_90,0.92,8,98,90,83
10,r_113_92_39,r_73_131_140,seq110,r_113_92_39,0.78,1,40,39,83
43,r_44_55_151,seq25,r_58_135_11,r_44_55_151,0.51,0,151,151,83
83,seq75,r_104_108_162,r_147_111_122,r_104_108_162,0.54,1,163,162,83
37,r_69_41_96,seq19,seq10,r_69_41_96,1.0,1,97,96,83
14,r_87_16_103,r_15_21_108,seq20,r_87_16_103,1.0,0,103,103,83
86,seq89,r_15_21_108,r_99_81_72,r_99_81_72,0.69,45,117,72,83
21,r_51_88_124,r_84_57_142,seq141,r_84_57_142,0.63,-14,128,142,83
1,r_136_137_172,r_67_4_83,r_122_33_31,r_136_137_172,0.68,0,172,172,83
1,r_136_137_172,seq112,r_67_4_83,r_67_4_83,1.0,10,93,83,83
5,r_27_52_63,r_144_132_92,r_37_140_165,r_27_52_63,0.99,1,64,63,83
46,r_3_149_185,seq119,r_106_80_82,r_106_80_82,0.64,103,185,82,83
42,r_107_74_170,r_83_133_107,seq19,r_83_133_107,0.98,0,107,107,83
7,r_9_29_137,r_99_81_72,r_118_28_26,r_9_29_137,0.72,0,137,137,83
88,seq97,seq119,r_5_47_91,r_5_47_91,1.0,8,99,91,83
32,r_99_81_72,r_9_29_137,r_120_63_27,r_9_29_137,0.98,1,138,137,83
44,r_18_45_48,r_5_47_91,r_78_60_158,r_5_47_91,1.0,0,91,91,83
45,r_102_126_136,r_37_140_165,r_50_54_8,r_102_126_136,0.9,0,136,136,83
24,r_73_131_140,r_82_100_12,seq119,r_73_131_140,0.97,0,140,140,83
33,r_82_100_12,r_73_131_140,seq14,r_73_131_140,1.0,0,140,140,83
41,r_58_135_11,r_37_140_165,r_50_54_8,r_58_135_11,0.97,1,12,11,83
34,r_118_28_26,r_127_39_190,seq10,r_118_28_26,1.0,0,26,26,83
44,r_18_45_48,seq114,r_5_47_91,r_18_45_48,0.99,0,48,48,83
97,seq119,r_3_149_185,r_73_131_140,r_73_131_140,0.99,14,154,140,83
31,r_37_140_165,seq10,r_83_133_107,r_37_140_165,0.84,0,165,165,83
26,r_15_21_108,seq89,r_120_63_27,r_15_21_108,0.74,0,108,108,83
4,r_127_39_190,seq148,r_107_74_170,r_127_39_190,0.28,0,190,190,83
20,r_53_123_88,seq77,r_120_63_27,r_120_63_27,1.0,64,91,27,83
13,r_83_133_107,r_107_74_170,r_91_30_21,r_107_74_170,0.78,-63,107,170,83
48,r_125_56_130,r_5_47_91,r_18_45_48,r_125_56_130,0.99,-63,67,130,83
2,r_67_4_83,r_136_137_172,seq7,r_136_137_172,0.98,0,172,172,83
5,r_27_52_63,r_37_140_165,r_84_57_142,r_27_52_63,0.86,102,165,63,83
27,r_104_108_162,seq75,r_113_92_39,r_104_108_162,0.68,1,163,162,83
22,r_91_30_21,r_11_85_111,r_83_133_107,r_91_30_21,0.97,91,112,21,83
2,r_67_4_83,seq43,r_136_137_172,r_67_4_83,1.0,0,83,83,83
47,r_147_111_122,r_9_29_137,seq75,r_9_29_137,0.9,-14,123,137,83
3,r_120_63_27,r_11_85_111,seq2,r_120_63_27,0.98,0,27,27,83
40,r_1_146_112,seq98,r_99_81_72,r_1_146_112,0.47,1,113,112,83
18,r_144_132_92,r_15_21_108,seq128,r_144_132_92,1.0,0,92,92,83
29,r_106_80_82,r_44_55_151,r_46_95_32,r_106_80_82,0.77,0,82,82,83
48,r_125_56_130,r_18_45_48,r_138_109_51,r_125_56_130,1.0,0,130,130,83
7,r_9_29_137,r_118_28_26,r_27_52_63,r_9_29_137,0.56,34,171,137,83
39,r_5_47_91,r_18_45_48,seq97,r_5_47_91,0.97,0,91,91,83
22,r_91_30_21,r_104_108_162,r_11_85_111,r_91_30_21,1.0,0,21,21,83
42,r_107_74_170,seq19,seq89,r_107_74_170,0.77,1,171,170,83
32,r_99_81_72,r_37_140_165,r_9_29_137,r_99_81_72,1.0,1,73,72,83
38,r_84_57_142,seq0,r_27_52_63,r_84_57_142,0.92,0,142,142,83
77,seq61,r_145_8_154,r_65_116_75,r_145_8_154,0.95,0,154,154,83
15,r_122_33_31,seq97,seq20,r_122_33_31,1.0,0,31,31,83
97,seq119,r_138_109_51,r_3_149_185,r_138_109_51,0.93,5,56,51,83
33,r_82_100_12,r_86_72_24,r_73_131_140,r_82_100_12,1.0,0,12,12,83
17,r_78_60_158,seq40,r_18_45_48,r_18_45_48,1.0,119,167,48,83
9,r_121_13_184,seq61,r_83_133_107,r_83_133_107,0.88,77,184,107,83
28,r_11_85_111,r_44_55_151,r_5_47_91,r_44_55_151,1.0,-39,112,151,83
24,r_73_131_140,r_113_92_39,r_82_100_12,r_113_92_39,0.96,1,40,39,83
49,r_145_8_154,seq61,seq103,r_145_8_154,0.91,0,154,154,83
7,r_9_29_137,r_147_111_122,r_99_81_72,r_99_81_72,1.0,51,123,72,83
39,r_5_47_91,r_125_56_130,r_18_45_48,r_18_45_48,1.0,0,48,48,83
16,r_138_109_51,seq119,seq43,r_138_109_51,0.83,5,56,51,83
23,r_93_96_152,seq110,r_122_33_31,r_93_96_152,0.89,2,154,152,83
19,r_46_95_32,r_64_130_183,seq141,r_46_95_32,1.0,0,32,32,83
88,seq97,r_122_33_31,seq119,r_122_33_31,1.0,0,31,31,83
95,seq114,r_18_45_48,seq124,r_18_45_48,1.0,0,48,48,83
14,r_87_16_103,r_53_123_88,r_15_21_108,r_87_16_103,0.5,-48,55,103,83
84,seq76,r_32_142_90,seq117,r_32_142_90,1.0,8,98,90,83
93,seq106,r_73_111_123,seq118,r_73_111_123,0.53,1,124,123,84
37,r_51_29_56,r_25_130_61,r_119_115_5,r_51_29_56,1.0,0,56,56,84
12,r_129_44_14,seq35,r_25_130_61,r_25_130_61,0.97,8,69,61,84
36,r_73_111_123,seq106,r_122_2_86,r_122_2_86,0.99,38,124,86,84
6,r_55_18_20,seq30,seq57,r_55_18_20,0.96,0,20,20,84
92,seq101,r_145_94_185,seq61,r_145_94_185,0.59,-49,136,185,84
12,r_129_44_14,seq96,seq35,r_129_44_14,0.99,0,14,14,84
16,r_90_117_152,r_68_112_194,r_123_76_22,r_90_117_152,0.66,0,152,152,84
1,r_9_124_145,r_123_76_22,r_103_41_76,r_9_124_145,0.75,0,145,145,84
46,r_37_31_176,seq35,r_141_66_99,r_37_31_176,0.56,2,178,176,84
42,r_91_105_106,r_43_126_139,r_149_36_100,r_91_105_106,0.63,3,109,106,84
5,r_128_89_42,r_68_112_194,r_131_83_127,r_128_89_42,0.93,1,43,42,84
83,seq81,r_27_144_190,r_23_114_33,r_27_144_190,0.56,-62,128,190,84
45,r_43_126_139,seq49,seq72,r_43_126_139,0.68,0,139,139,84
19,r_21_113_182,seq62,r_110_28_102,r_110_28_102,0.62,80,182,102,84
28,r_42_59_58,r_79_138_120,seq12,r_42_59_58,1.0,0,58,58,84
31,r_65_121_179,seq116,seq77,r_65_121_179,0.41,0,179,179,84
41,r_107_33_157,seq96,r_11_38_119,r_11_38_119,1.0,49,168,119,84
3,r_79_138_120,seq139,seq142,r_79_138_120,1.0,0,120,120,84
10,r_122_2_86,r_141_66_99,seq13,r_122_2_86,1.0,0,86,86,84
14,r_64_85_16,r_52_136_170,r_123_76_22,r_64_85_16,1.0,0,16,16,84
26,r_68_112_194,r_90_117_152,r_5_39_125,r_68_112_194,0.49,-60,134,194,84
47,r_95_102_13,r_145_94_185,seq132,r_95_102_13,1.0,2,15,13,84
4,r_141_66_99,r_122_2_86,r_55_18_20,r_122_2_86,0.89,-13,73,86,84
0,r_25_130_61,r_141_66_99,r_129_44_14,r_25_130_61,1.0,1,62,61,84
25,r_60_69_30,seq35,seq134,r_60_69_30,1.0,0,30,30,84
11,r_103_41_76,r_65_121_179,seq35,r_103_41_76,0.66,-3,73,76,84
68,seq30,seq134,r_67_75_45,r_67_75_45,1.0,2,47,45,84
20,r_58_80_183,seq46,r_42_59_58,r_58_80_183,0.42,0,183,183,84
13,r_5_39_125,seq71,r_68_112_194,r_5_39_125,0.69,9,134,125,84
48,r_135_47_74,seq8,seq116,r_135_47_74,1.0,0,74,74,84
53,seq134,seq30,r_60_69_30,r_60_69_30,1.0,17,47,30,84
18,r_149_36_100,seq19,r_60_69_30,r_60_69_30,0.86,71,101,30,84
29,r_24_56_88,seq53,r_125_140_2,r_24_56_88,0.9,0,88,88,84
35,r_32_14_29,r_73_111_123,seq48,r_32_14_29,1.0,0,29,29,84
38,r_11_38_119,seq26,seq20,r_11_38_119,0.65,5,124,119,84
9,r_23_114_33,seq57,seq0,r_23_114_33,0.97,0,33,33,84
34,r_40_143_134,r_34_54_89,r_122_2_86,r_40_143_134,0.76,0,134,134,84
60,seq142,seq63,r_79_138_120,r_79_138_120,1.0,25,145,120,84
17,r_104_147_114,r_65_121_179,r_103_41_76,r_65_121_179,0.99,-63,116,179,84
96,seq116,r_65_121_179,r_25_130_61,r_25_130_61,1.0,118,179,61,84
22,r_145_94_185,seq101,seq0,r_145_94_185,0.35,0,185,185,84
49,r_34_54_89,r_40_143_134,seq88,r_40_143_134,0.87,-42,92,134,84
27,r_86_98_36,seq10,seq133,r_86_98_36,0.57,6,42,36,84
8,r_97_1_38,r_40_143_134,seq4,r_97_1_38,1.0,0,38,38,84
23,r_110_28_102,seq48,seq99,r_110_28_102,0.94,2,104,102,84
33,r_6_3_26,r_110_28_102,r_125_140_2,r_6_3_26,1.0,0,26,26,84
83,seq81,seq0,r_27_144_190,r_27_144_190,0.46,-156,34,190,84
36,r_43_56_60,r_79_103_140,seq28,r_43_56_60,1.0,0,60,60,85
2,r_67_9_27,r_120_13_148,r_93_106_164,r_67_9_27,0.98,0,27,27,85
8,r_131_8_106,seq98,r_122_75_8,r_131_8_106,1.0,2,108,106,85
30,r_101_22_35,r_99_62_191,seq124,r_101_22_35,1.0,0,35,35,85
43,r_80_102_67,r_144_38_108,r_94_70_49,r_80_102_67,1.0,0,67,67,85
14,r_120_13_148,r_141_90_68,r_109_42_14,r_120_13_148,0.82,-103,45,148,85
37,r_116_87_93,r_58_64_178,seq0,r_58_64_178,0.87,-85,93,178,85
55,seq139,seq92,r_2_146_47,r_2_146_47,0.86,25,72,47,85
21,r_79_103_140,seq132,r_52_53_58,r_52_53_58,0.8,83,141,58,85
39,r_5_128_112,r_72_1_192,r_94_70_49,r_72_1_192,0.98,-80,112,192,85
1,r_30_71_166,seq138,seq28,r_30_71_166,0.74,0,166,166,85
12,r_97_10_30,seq140,seq132,r_97_10_30,1.0,0,30,30,85
6,r_113_31_182,r_131_8_106,r_83_12_50,r_83_12_50,0.9,6,56,50,85
45,r_15_45_64,seq142,seq74,r_15_45_64,1.0,-1,63,64,85
19,r_49_126_87,r_144_38_108,seq19,r_49_126_87,0.69,3,90,87,85
33,r_93_106_164,r_67_9_27,r_133_88_41,r_67_9_27,0.88,137,164,27,85
11,r_35_77_20,r_127_100_181,r_52_53_58,r_52_53_58,1.0,124,182,58,85
27,r_109_42_14,r_120_13_148,seq39,r_109_42_14,0.6,134,148,14,85
3,r_2_146_47,seq86,seq139,r_2_146_47,0.97,-4,43,47,85
31,r_145_125_80,r_93_106_164,seq32,r_145_125_80,1.0,0,80,80,85
89,seq95,r_58_64_178,r_116_87_93,r_58_64_178,0.51,1,179,178,85
23,r_46_37_40,seq95,seq89,r_46_37_40,1.0,0,40,40,85
26,r_81_50_151,seq18,seq7,r_81_50_151,0.62,1,152,151,85
14,r_120_13_148,r_109_42_14,r_130_26_102,r_109_42_14,0.72,134,148,14,85
4,r_108_6_188,r_72_1_192,seq92,r_72_1_192,0.34,-4,188,192,85
20,r_48_147_75,r_11_115_162,seq86,r_48_147_75,0.79,3,78,75,85
13,r_144_38_108,seq91,seq34,r_144_38_108,0.51,0,108,108,85
15,r_141_90_68,r_120_13_148,seq0,r_141_90_68,1.0,0,68,68,85
48,r_58_64_178,seq95,seq4,r_58_64_178,0.68,0,178,178,85
57,seq142,r_85_54_95,seq65,r_85_54_95,1.0,1,96,95,85
12,r_97_10_30,seq132,r_25_61_79,r_25_61_79,1.0,79,158,79,85
27,r_109_42_14,r_55_73_66,r_120_13_148,r_109_42_14,0.95,-1,13,14,85
2,r_67_9_27,r_93_106_164,r_52_53_58,r_67_9_27,0.84,137,164,27,85
5,r_127_100_181,r_35_77_20,r_48_147_75,r_35_77_20,0.68,162,182,20,85
29,r_83_12_50,r_120_13_148,r_113_31_182,r_83_12_50,1.0,0,50,50,85
42,r_44_96_73,r_55_73_66,r_49_126_87,r_55_73_66,0.96,-25,41,66,85
47,r_33_36_144,r_11_115_162,r_43_56_60,r_43_56_60,1.0,86,146,60,85
40,r_130_26_102,seq82,r_120_13_148,r_130_26_102,0.42,46,148,102,85
25,r_55_73_66,r_44_96_73,seq132,r_55_73_66,1.0,1,67,66,85
6,r_113_31_182,r_83_12_50,r_131_8_106,r_131_8_106,0.75,76,182,106,85
68,seq28,r_3_111_142,r_43_56_60,r_43_56_60,1.0,1,61,60,85
32,r_16_24_94,seq76,seq78,r_16_24_94,1.0,1,95,94,85
38,r_14_66_115,r_129_105_197,r_49_126_87,r_14_66_115,0.97,0,115,115,85
34,r_133_88_41,seq89,seq60,r_133_88_41,1.0,0,41,41,85
16,r_94_70_49,r_101_22_35,r_80_102_67,r_80_102_67,1.0,5,72,67,85
60,seq18,r_81_50_151,r_85_54_95,r_85_54_95,0.62,53,148,95,85
11,r_35_77_20,seq63,r_127_100_181,r_35_77_20,1.0,0,20,20,85
81,seq74,r_93_106_164,r_15_45_64,r_15_45_64,0.84,8,72,64,85
17,r_110_68_154,r_129_105_197,r_83_12_50,r_83_12_50,0.61,104,154,50,85
18,r_137_123_13,r_2_146_47,seq124,r_137_123_13,0.8,-2,11,13,85
5,r_127_100_181,seq7,r_35_77_20,r_35_77_20,1.0,0,20,20,85
9,r_40_134_90,seq20,seq59,r_40_134_90,1.0,0,90,90,85
33,r_93_106_164,r_145_125_80,r_67_9_27,r_93_106_164,0.97,-136,28,164,85
29,r_83_12_50,r_113_31_182,r_110_68_154,r_110_68_154,0.92,28,182,154,85
22,r_3_111_142,seq28,r_85_54_95,r_85_54_95,1.0,52,147,95,85
28,r_25_61_79,r_120_13_148,seq107,r_25_61_79,1.0,0,79,79,85
49,r_135_51_89,seq148,seq89,r_135_51_89,1.0,0,89,89,85
0,r_52_53_58,seq60,r_67_9_27,r_52_53_58,1.0,1,59,58,85
7,r_129_105_197,r_110_68_154,r_120_13_148,r_110_68_154,1.0,0,154,154,85
44,r_85_54_95,seq142,r_40_134_90,r_85_54_95,0.93,1,96,95,85
16,r_94_70_49,r_52_53_58,r_101_22_35,r_94_70_49,1.0,0,49,49,85
53,seq133,seq40,r_4_91_37,r_4_91_37,1.0,55,92,37,86
83,seq82,r_32_87_138,r_29_142_64,r_29_142_64,0.57,45,109,64,86
37,r_66_123_98,seq143,seq22,r_66_123_98,1.0,0,98,98,86
43,r_20_97_14,r_34_18_119,seq103,r_20_97_14,0.99,0,14,14,86
81,seq78,seq117,r_145_50_53,r_145_50_53,0.64,5,58,53,86
14,r_109_95_59,r_6_111_61,seq51,r_109_95_59,1.0,0,59,59,86
5,r_38_46_18,r_19_60_63,seq112,r_38_46_18,0.61,4,22,18,86
16,r_61_5_141,r_6_111_61,r_53_126_21,r_61_5_141,0.63,-76,65,141,86
39,r_28_47_69,r_29_142_64,seq107,r_28_47_69,1.0,0,69,69,86
46,r_55_24_78,r_113_48_134,seq41,r_55_24_78,0.99,1,79,78,86
42,r_100_137_142,r_94_62_12,seq45,r_100_137_142,0.99,0,142,142,86
32,r_53_126_21,r_61_5_141,seq21,r_61_5_141,0.45,0,141,141,86
45,r_76_44_89,r_69_146_93,r_17_88_199,r_76_44_89,0.86,1,90,89,86
92,seq107,seq135,r_59_72_42,r_59_72_42,1.0,5,47,42,86
29,r_23_118_58,seq11,seq112,r_23_118_58,1.0,0,58,58,86
10,r_33_144_55,seq35,seq119,r_33_144_55,1.0,2,57,55,86
35,r_4_91_37,r_94_62_12,seq133,r_4_91_37,1.0,1,38,37,86
19,r_114_127_163,seq52,r_27_104_43,r_114_127_163,0.97,0,163,163,86
36,r_145_50_53,r_19_60_63,seq78,r_19_60_63,0.86,-8,55,63,86
31,r_58_56_169,r_10_148_100,r_66_123_98,r_58_56_169,0.95,-69,100,169,86
89,seq99,r_132_30_176,r_109_95_59,r_109_95_59,1.0,116,175,59,86
38,r_141_136_23,seq65,seq99,r_141_136_23,1.0,3,26,23,86
26,r_19_60_63,r_25_149_193,seq70,r_19_60_63,0.79,0,63,63,86
16,r_61_5_141,r_53_126_21,seq45,r_61_5_141,0.97,0,141,141,86
13,r_102_106_152,seq99,r_34_18_119,r_102_106_152,0.99,0,152,152,86
3,r_84_140_39,r_116_37_191,seq8,r_84_140_39,1.0,0,39,39,86
6,r_128_80_131,seq105,seq103,r_128_80_131,1.0,0,131,131,86
90,seq103,r_113_48_134,r_20_97_14,r_20_97_14,0.62,4,18,14,86
47,r_96_125_184,r_94_62_12,r_27_104_43,r_27_104_43,0.56,140,183,43,86
74,seq52,r_114_127_163,r_109_95_59,r_109_95_59,1.0,104,163,59,86
25,r_67_131_156,r_14_63_173,r_53_126_21,r_67_131_156,0.91,1,157,156,86
33,r_29_142_64,seq22,seq82,r_29_142_64,0.73,1,65,64,86
28,r_39_101_30,seq78,seq36,r_39_101_30,0.4,0,30,30,86
1,r_27_104_43,seq70,seq90,r_27_104_43,0.78,0,43,43,86
34,r_75_13_81,r_9_71_161,seq52,r_75_13_81,1.0,1,82,81,86
0,r_130_129_13,r_6_111_61,seq68,r_130_129_13,1.0,1,14,13,86
75,seq54,r_15_43_154,r_84_140_39,r_84_140_39,0.64,57,96,39,86
60,seq143,r_66_123_98,seq68,r_66_123_98,1.0,-1,97,98,86
17,r_10_148_100,r_58_56_169,seq86,r_58_56_169,0.68,-69,100,169,86
31,r_58_56_169,r_66_123_98,r_6_111_61,r_58_56_169,1.0,-1,168,169,86
22,r_98_121_82,seq22,seq3,r_98_121_82,0.7,0,82,82,86
49,r_69_146_93,seq108,r_27_104_43,r_69_146_93,0.87,3,96,93,86
56,seq8,r_76_44_89,r_6_111_61,r_76_44_89,0.79,-20,69,89,86
48,r_59_72_42,seq90,seq107,r_59_72_42,1.0,0,42,42,86
44,r_113_48_134,seq1,r_98_121_82,r_113_48_134,0.64,0,134,134,86
23,r_15_43_154,seq54,r_66_123_98,r_66_123_98,0.56,56,154,98,86
32,r_53_126_21,seq65,r_61_5_141,r_53_126_21,1.0,0,21,21,86
81,seq78,r_39_101_30,seq117,r_39_101_30,0.97,0,30,30,86
58,seq11,r_23_118_58,seq68,r_23_118_58,1.0,0,58,58,86
93,seq111,r_27_142_149,r_67_35_69,r_67_35_69,1.0,31,100,69,87
6,r_60_122_49,r_115_64_107,r_95_40_13,r_115_64_107,1.0,0,107,107,87
8,r_104_44_97,r_6_10_94,seq25,r_104_44_97,0.94,0,97,97,87
17,r_45_134_48,r_49_99_88,seq8,r_45_134_48,0.85,2,50,48,87
43,r_71_21_99,r_16_41_121,r_94_132_105,r_94_132_105,0.58,1,106,105,87
32,r_47_146_31,r_19_14_34,seq29,r_47_146_31,0.91,0,31,31,87
1,r_6_10_94,seq63,seq75,r_6_10_94,0.64,4,98,94,87
46,r_69_149_80,seq17,r_67_35_69,r_67_35_69,0.7,13,82,69,87
42,r_77_80_186,r_119_137_7,r_76_33_83,r_76_33_83,1.0,103,186,83,87
6,r_60_122_49,r_16_41_121,r_115_64_107,r_60_122_49,1.0,0,49,49,87
45,r_84_101_68,seq43,r_45_134_48,r_84_101_68,1.0,0,68,68,87
98,seq125,r_49_99_88,r_32_61_40,r_32_61_40,0.78,2,42,40,87
23,r_115_64_107,r_95_40_13,r_60_122_49,r_60_122_49,1.0,0,49,49,87
19,r_94_132_105,seq52,r_71_21_99,r_94_132_105,1.0,0,105,105,87
33,r_127_1_180,r_95_40_13,r_87_42_152,r_127_1_180,0.84,0,180,180,87
41,r_86_79_131,seq93,r_115_64_107,r_86_79_131,0.83,0,131,131,87
67,seq31,seq43,r_110_48_72,r_110_48_72,1.0,36,108,72,87
3,r_131_138_56,seq18,seq70,r_131_138_56,0.73,26,82,56,87
10,r_95_40_13,r_127_1_180,r_60_122_49,r_60_122_49,0.97,124,173,49,87
26,r_67_35_69,r_86_79_131,r_30_53_3,r_67_35_69,1.0,0,69,69,87
72,seq52,r_94_132_105,r_7_39_73,r_94_132_105,0.99,-15,90,105,87
4,r_76_33_83,r_98_65_147,seq91,r_76_33_83,0.95,0,83,83,87
20,r_110_48_72,r_6_10_94,seq31,r_110_48_72,0.98,1,73,72,87
15,r_51_88_103,r_127_1_180,r_12_34_17,r_51_88_103,0.95,0,103,103,87
82,seq78,r_139_62_41,seq141,r_139_62_41,1.0,0,41,41,87
27,r_54_133_128,seq120,r_49_99_88,r_54_133_128,0.98,0,128,128,87
87,seq91,r_135_112_155,r_76_33_83,r_76_33_83,1.0,0,83,83,87
2,r_16_41_121,seq120,seq75,r_16_41_121,0.93,4,125,121,87
47,r_98_65_147,r_107_123_160,r_47_146_31,r_98_65_147,0.98,1,148,147,87
59,seq17,r_47_146_31,r_98_65_147,r_98_65_147,1.0,24,171,147,87
40,r_24_118_90,r_113_147_132,r_12_34_17,r_113_147_132,0.82,-42,90,132,87
74,seq57,r_87_42_152,r_0_97_108,r_0_97_108,1.0,43,151,108,87
18,r_0_97_108,seq26,seq57,r_0_97_108,1.0,0,108,108,87
29,r_36_13_104,seq75,seq145,r_36_13_104,1.0,0,104,104,87
23,r_115_64_107,r_60_122_49,seq129,r_115_64_107,1.0,0,107,107,87
24,r_3_92_87,r_27_142_149,seq78,r_3_92_87,0.99,1,88,87,87
25,r_108_58_163,r_127_1_180,r_49_99_88,r_49_99_88,0.54,75,163,88,87
33,r_127_1_180,r_51_88_103,r_95_40_13,r_51_88_103,1.0,-11,92,103,87
82,seq78,seq141,r_3_92_87,r_3_92_87,1.0,17,104,87,87
38,r_7_39_73,seq116,seq52,r_7_39_73,0.48,1,74,73,87
0,r_23_4_47,r_51_88_103,seq96,r_23_4_47,1.0,0,47,47,87
81,seq75,r_36_13_104,r_6_10_94,r_36_13_104,1.0,-4,100,104,87
9,r_49_99_88,r_87_42_152,r_139_62_41,r_49_99_88,0.52,2,90,88,87
22,r_46_20_130,seq126,seq25,r_46_20_130,0.55,2,132,130,87
28,r_106_11_101,seq43,seq91,r_106_11_101,0.77,1,102,101,87
91,seq145,r_107_123_160,r_36_13_104,r_36_13_104,1.0,64,168,104,87
49,r_27_142_149,seq111,seq81,r_27_142_149,0.54,1,150,149,87
79,seq70,r_98_65_147,seq128,r_98_65_147,0.99,1,148,147,87
35,r_113_147_132,seq75,r_0_97_108,r_113_147_132,0.68,0,132,132,87
40,r_146_33_10,r_95_10_190,r_11_119_141,r_11_119_141,0.65,35,176,141,88
30,r_139_71_85,seq50,seq61,r_139_71_85,1.0,1,86,85,88
8,r_91_45_19,r_141_127_32,seq39,r_91_45_19,0.9,0,19,19,88
14,r_0_51_126,seq32,seq103,r_0_51_126,0.97,0,126,126,88
53,seq129,r_95_10_190,r_7_26_90,r_7_26_90,1.0,8,98,90,88
43,r_76_111_66,seq144,seq16,r_76_111_66,1.0,1,67,66,88
2,r_93_132_92,r_46_115_184,seq30,r_93_132_92,0.96,5,97,92,88
7,r_65_134_15,r_94_124_23,seq144,r_65_134_15,1.0,0,15,15,88
37,r_34_70_166,r_14_87_147,r_141_127_32,r_141_127_32,0.8,115,147,32,88
16,r_22_31_115,r_131_120_170,r_135_73_73,r_22_31_115,0.92,2,117,115,88
21,r_82_110_154,seq67,r_139_71_85,r_82_110_154,0.88,0,154,154,88
39,r_108_104_138,seq54,r_65_134_15,r_108_104_138,0.99,2,140,138,88
1,r_56_117_110,r_131_120_170,seq16,r_56_117_110,0.96,0,110,110,88
46,r_106_123_76,seq12,r_6_77_65,r_106_123_76,1.0,1,77,76,88
42,r_14_87_147,r_34_70_166,r_84_23_22,r_14_87_147,0.53,0,147,147,88
31,r_101_86_52,seq63,seq50,r_101_86_52,1.0,4,56,52,88
45,r_92_49_116,seq78,seq74,r_92_49_116,0.72,0,116,116,88
34,r_83_81_61,r_118_18_49,r_95_10_190,r_118_18_49,0.88,0,49,49,88
19,r_42_137_36,seq39,r_6_77_65,r_42_137_36,0.49,103,139,36,88
3,r_46_115_184,r_0_51_126,r_27_136_50,r_46_115_184,0.95,0,184,184,88
27,r_11_119_141,seq50,r_83_81_61,r_11_119_141,1.0,0,141,141,88
0,r_141_127_32,r_130_55_51,seq38,r_141_127_32,1.0,1,33,32,88
41,r_80_2_167,seq74,r_6_77_65,r_80_2_167,0.85,0,167,167,88
89,seq144,r_76_111_66,r_65_134_15,r_76_111_66,0.83,1,67,66,88
3,r_46_115_184,r_24_47_134,r_0_51_126,r_46_115_184,0.66,-50,134,184,88
20,r_126_97_45,r_42_137_36,r_94_124_23,r_126_97_45,1.0,2,47,45,88
72,seq48,r_29_62_181,r_106_123_76,r_106_123_76,1.0,51,127,76,88
4,r_96_147_93,seq57,seq63,r_96_147_93,1.0,2,95,93,88
12,r_94_124_23,r_0_51_126,seq41,r_94_124_23,0.95,1,24,23,88
13,r_25_40_168,r_112_59_81,r_58_43_38,r_112_59_81,0.62,87,168,81,88
15,r_15_142_136,seq44,seq39,r_15_142_136,0.85,-4,132,136,88
48,r_131_120_170,seq99,r_82_110_154,r_131_120_170,0.62,0,170,170,88
68,seq38,r_101_86_52,r_141_127_32,r_101_86_52,0.44,4,56,52,88
6,r_6_77_65,r_112_59_81,r_118_18_49,r_118_18_49,1.0,19,68,49,88
11,r_118_18_49,r_83_81_61,r_6_77_65,r_118_18_49,1.0,0,49,49,88
85,seq75,r_133_125_171,seq79,r_133_125_171,0.95,0,171,171,88
36,r_84_23_22,r_24_47_134,r_14_87_147,r_84_23_22,0.77,125,147,22,88
40,r_146_33_10,seq67,r_95_10_190,r_146_33_10,1.0,0,10,10,88
36,r_84_23_22,r_15_142_136,r_24_47_134,r_84_23_22,0.52,3,25,22,88
27,r_11_119_141,r_13_98_80,seq50,r_13_98_80,1.0,0,80,80,88
19,r_42_137_36,r_126_97_45,r_112_59_81,r_42_137_36,0.73,6,42,36,88
87,seq79,seq148,r_68_3_135,r_68_3_135,0.95,0,135,135,88
37,r_34_70_166,r_141_127_32,r_112_59_81,r_141_127_32,0.83,134,166,32,88
2,r_93_132_92,r_66_52_87,r_46_115_184,r_66_52_87,0.8,0,87,87,88
18,r_114_88_79,seq9,seq74,r_114_88_79,1.0,0,79,79,88
29,r_89_107_131,r_24_47_134,r_112_59_81,r_112_59_81,0.54,65,146,81,88
24,r_135_73_73,seq109,seq69,r_135_73_73,1.0,1,74,73,88
17,r_58_43_38,r_11_119_141,seq54,r_58_43_38,0.99,0,38,38,88
32,r_29_62_181,seq48,r_118_18_49,r_118_18_49,1.0,12,61,49,88
38,r_35_36_151,seq128,r_27_136_50,r_35_36_151,0.98,0,151,151,88
25,r_95_10_190,seq129,r_146_33_10,r_146_33_10,0.96,12,22,10,88
81,seq69,seq121,r_135_73_73,r_135_73_73,1.0,2,75,73,88
25,r_95_10_190,r_146_33_10,r_46_115_184,r_146_33_10,0.46,180,190,10,88
9,r_133_125_171,seq75,seq145,r_133_125_171,0.54,0,171,171,88
12,r_94_124_23,seq41,r_126_97_45,r_126_97_45,0.92,36,81,45,88
22,r_68_3_135,seq37,seq79,r_68_3_135,0.95,0,135,135,88
10,r_130_55_51,seq16,seq140,r_130_55_51,1.0,0,51,51,88
28,r_66_52_87,r_93_132_92,r_21_60_5,r_66_52_87,1.0,0,87,87,88
49,r_7_26_90,r_112_59_81,r_83_81_61,r_7_26_90,1.0,0,90,90,88
44,r_24_47_134,r_46_115_184,seq50,r_24_47_134,0.94,0,134,134,88
23,r_27_136_50,seq145,seq148,r_27_136_50,1.0,0,50,50,88
35,r_13_98_80,r_11_119_141,seq140,r_13_98_80,0.95,0,80,80,88
34,r_83_81_61,r_95_10_190,r_7_26_90,r_7_26_90,1.0,1,91,90,88
84,seq74,r_80_2_167,r_114_88_79,r_114_88_79,0.99,88,167,79,88
30,r_59_84_151,seq45,r_44_129_143,r_59_84_151,0.94,-1,150,151,89
51,seq4,seq120,r_102_117_31,r_102_117_31,1.0,75,106,31,89
36,r_148_122_114,seq62,seq22,r_148_122_114,0.99,0,114,114,89
14,r_71_74_78,seq119,r_124_89_181,r_124_89_181,0.64,-79,102,181,89
43,r_131_56_76,seq119,seq143,r_131_56_76,0.53,13,89,76,89
37,r_54_52_175,seq23,r_92_115_139,r_92_115_139,1.0,41,180,139,89
6,r_92_115_139,r_66_94_47,r_103_109_4,r_92_115_139,1.0,1,140,139,89
86,seq93,r_14_116_128,seq68,r_14_116_128,0.97,-56,72,128,89
16,r_70_100_84,seq2,seq63,r_70_100_84,1.0,0,84,84,89
21,r_72_95_66,seq2,seq62,r_72_95_66,1.0,1,67,66,89
42,r_37_43_67,seq119,r_42_40_51,r_42_40_51,0.74,20,71,51,89
45,r_14_116_128,seq93,seq2,r_14_116_128,0.89,0,128,128,89
4,r_90_1_48,seq12,seq98,r_90_1_48,0.6,3,51,48,89
39,r_66_94_47,r_77_140_5,r_92_115_139,r_66_94_47,0.97,0,47,47,89
66,seq132,r_92_115_139,seq138,r_92_115_139,0.78,0,139,139,89
29,r_8_16_27,r_72_95_66,r_41_139_45,r_72_95_66,1.0,-12,54,66,89
39,r_66_94_47,r_92_115_139,seq138,r_92_115_139,0.98,1,140,139,89
41,r_130_114_185,seq145,r_35_128_68,r_35_128_68,1.0,117,185,68,89
3,r_15_91_130,r_69_13_122,r_14_116_128,r_15_91_130,1.0,1,131,130,89
10,r_111_32_87,r_8_16_27,r_33_53_8,r_111_32_87,1.0,0,87,87,89
90,seq101,r_31_78_85,seq62,r_31_78_85,1.0,-7,78,85,89
5,r_104_49_33,r_9_57_146,seq23,r_104_49_33,1.0,0,33,33,89
26,r_124_89_181,r_5_125_198,r_71_74_78,r_71_74_78,0.77,9,87,78,89
14,r_71_74_78,r_124_89_181,r_70_100_84,r_124_89_181,0.54,3,184,181,89
11,r_60_29_162,r_81_86_2,r_33_53_8,r_81_86_2,0.63,160,162,2,89
13,r_44_129_143,seq7,r_102_117_31,r_102_117_31,0.7,117,148,31,89
6,r_92_115_139,seq132,r_66_94_47,r_66_94_47,1.0,52,99,47,89
19,r_64_147_53,r_35_128_68,seq134,r_35_128_68,0.84,-15,53,68,89
87,seq96,r_44_129_143,r_35_128_68,r_35_128_68,0.99,25,93,68,89
35,r_42_40_51,r_3_61_144,r_37_43_67,r_42_40_51,0.76,5,56,51,89
2,r_136_27_21,r_3_61_144,r_87_141_36,r_136_27_21,0.88,88,109,21,89
47,r_35_128_68,r_64_147_53,seq96,r_35_128_68,1.0,2,70,68,89
40,r_107_24_74,seq2,r_90_1_48,r_107_24_74,1.0,0,74,74,89
23,r_20_118_49,r_54_52_175,seq11,r_20_118_49,0.8,6,55,49,89
18,r_41_139_45,seq36,r_8_16_27,r_41_139_45,0.82,9,54,45,89
9,r_3_61_144,r_87_141_36,seq7,r_3_61_144,1.0,0,144,144,89
33,r_85_110_115,r_3_61_144,r_70_100_84,r_85_110_115,0.69,0,115,115,89
27,r_18_10_39,r_131_56_76,seq79,r_18_10_39,0.63,-21,18,39,89
32,r_34_67_159,r_50_97_147,r_9_57_146,r_9_57_146,1.0,1,147,146,89
38,r_47_28_104,seq48,r_87_141_36,r_87_141_36,1.0,70,106,36,89
77,seq63,seq12,r_70_100_84,r_70_100_84,1.0,2,86,84,89
34,r_9_57_146,seq101,r_5_125_198,r_9_57_146,0.98,0,146,146,89
15,r_102_117_31,seq126,seq36,r_102_117_31,1.0,0,31,31,89
17,r_31_78_85,seq101,r_8_16_27,r_31_78_85,1.0,1,86,85,89
9,r_3_61_144,r_85_110_115,r_87_141_36,r_87_141_36,1.0,65,101,36,89
26,r_124_89_181,r_71_74_78,seq48,r_124_89_181,0.42,3,184,181,89
68,seq36,r_41_139_45,r_102_117_31,r_102_117_31,0.98,23,54,31,89
22,r_81_86_2,r_60_29_162,seq38,r_60_29_162,0.96,-13,149,162,89
28,r_69_13_122,r_15_91_130,seq45,r_15_91_130,1.0,1,131,130,89
49,r_19_30_141,seq79,seq138,r_19_30_141,0.98,1,142,141,89
7,r_65_146_72,r_19_30_141,seq121,r_65_146_72,1.0,0,72,72,89
44,r_55_149_172,seq21,r_17_113_197,r_55_149_172,0.77,0,172,172,89
0,r_87_141_36,r_33_53_8,r_136_27_21,r_87_141_36,1.0,0,36,36,89
23,r_135_122_39,seq57,seq128,r_135_122_39,1.0,-1,38,39,90
36,r_95_55_147,r_62_39_167,seq27,r_95_55_147,0.79,0,147,147,90
92,seq110,r_144_82_182,seq7,r_144_82_182,0.9,0,182,182,90
53,seq6,seq73,r_75_84_123,r_75_84_123,0.99,3,126,123,90
43,r_1_38_91,r_109_97_189,seq138,r_1_38_91,0.85,0,91,91,90
48,r_28_22_20,r_108_60_57,seq98,r_28_22_20,0.96,0,20,20,90
21,r_116_121_90,seq124,seq87,r_116_121_90,1.0,2,92,90,90
39,r_40_61_165,seq27,r_142_134_156,r_40_61_165,0.59,0,165,165,90
5,r_86_132_84,seq11,seq6,r_86_132_84,1.0,0,84,84,90
46,r_144_82_182,seq110,r_25_46_82,r_25_46_82,0.67,100,182,82,90
42,r_58_54_67,seq73,seq56,r_58_54_67,1.0,0,67,67,90
7,r_52_12_171,r_105_36_103,r_59_119_148,r_52_12_171,0.95,2,173,171,90
22,r_111_18_56,seq145,seq90,r_111_18_56,0.98,0,56,56,90
19,r_42_88_125,r_52_12_171,seq51,r_42_88_125,0.96,1,126,125,90
89,seq98,seq65,r_130_14_30,r_130_14_30,1.0,-1,29,30,90
24,r_141_133_42,r_53_16_107,seq47,r_141_133_42,1.0,0,42,42,90
31,r_13_148_19,r_109_97_189,r_70_139_22,r_13_148_19,0.99,3,22,19,90
41,r_48_112_163,seq34,seq66,r_48_112_163,0.79,0,163,163,90
10,r_89_76_87,seq31,seq92,r_89_76_87,1.0,0,87,87,90
30,r_5_33_113,r_116_121_90,seq23,r_5_33_113,0.48,34,147,113,90
59,seq140,r_68_15_199,r_143_85_11,r_143_85_11,0.73,-1,10,11,90
26,r_44_146_105,r_131_104_118,seq23,r_44_146_105,0.74,2,107,105,90
4,r_107_49_152,r_89_76_87,seq31,r_89_76_87,1.0,0,87,87,90
73,seq56,r_142_134_156,r_58_54_67,r_58_54_67,1.0,79,146,67,90
11,r_25_46_82,r_99_123_85,seq126,r_25_46_82,0.98,0,82,82,90
98,seq124,seq37,r_149_30_141,r_149_30_141,1.0,1,142,141,90
15,r_77_63_106,seq106,seq91,r_77_63_106,0.86,0,106,106,90
27,r_2_9_26,r_127_147_54,seq106,r_2_9_26,1.0,0,26,26,90
4,r_107_49_152,seq31,r_0_20_4,r_107_49_152,1.0,1,153,152,90
99,seq126,r_109_97_189,r_25_46_82,r_25_46_82,1.0,11,93,82,90
3,r_108_60_57,r_25_46_82,r_13_148_19,r_108_60_57,1.0,0,57,57,90
2,r_75_84_123,seq3,seq6,r_75_84_123,0.98,1,124,123,90
47,r_103_125_94,seq11,seq56,r_103_125_94,0.55,1,95,94,90
38,r_70_139_22,r_83_24_78,r_13_148_19,r_70_139_22,0.82,0,22,22,90
40,r_83_24_78,r_149_30_141,r_2_9_26,r_83_24_78,0.99,0,78,78,90
29,r_149_30_141,seq87,seq124,r_149_30_141,0.98,0,141,141,90
8,r_143_85_11,r_113_93_194,seq140,r_113_93_194,0.56,-184,10,194,90
25,r_99_123_85,r_25_46_82,seq10,r_25_46_82,0.61,0,82,82,90
14,r_130_14_30,r_105_36_103,seq98,r_130_14_30,0.9,0,30,30,90
61,seq23,seq35,r_44_146_105,r_44_146_105,0.88,-6,99,105,90
32,r_81_102_121,r_95_55_147,r_111_18_56,r_81_102_121,0.98,0,121,121,90
34,r_94_45_161,r_109_97_189,seq31,r_94_45_161,0.72,1,162,161,90
60,seq145,r_105_36_103,seq96,r_105_36_103,1.0,0,103,103,90
17,r_105_36_103,seq145,r_77_63_106,r_105_36_103,1.0,0,103,103,90
9,r_53_16_107,r_142_134_156,r_2_9_26,r_53_16_107,0.9,0,107,107,90
96,seq118,seq73,r_100_67_38,r_100_67_38,1.0,103,141,38,90
28,r_69_80_74,seq90,seq11,r_69_80_74,1.0,0,74,74,90
49,r_62_39_167,r_95_55_147,r_143_85_11,r_95_55_147,0.65,1,148,147,90
49,r_62_39_167,r_143_85_11,r_19_74_197,r_62_39_167,0.99,0,167,167,90
7,r_52_12_171,r_42_88_125,r_105_36_103,r_105_36_103,0.73,-3,100,103,90
12,r_142_134_156,seq56,seq145,r_142_134_156,0.86,1,157,156,90
20,r_127_147_54,r_44_146_105,seq27,r_127_147_54,1.0,0,54,54,90
30,r_110_146_68,r_141_130_137,r_3_123_156,r_110_146_68,1.0,0,68,68,91
8,r_115_30_94,seq117,seq137,r_115_30_94,1.0,0,94,94,91
85,seq78,r_74_50_18,r_41_21_159,r_41_21_159,0.58,0,159,159,91
1,r_18_133_53,r_59_23_141,r_90_99_32,r_18_133_53,0.99,-3,50,53,91
37,r_102_83_108,r_3_123_156,seq36,r_102_83_108,0.95,2,110,108,91
71,seq129,r_22_53_105,r_144_32_100,r_22_53_105,0.97,-6,99,105,91
16,r_109_97_169,r_4_92_175,r_138_82_121,r_4_92_175,0.62,-6,169,175,91
21,r_138_82_121,r_67_100_128,seq128,r_138_82_121,0.79,0,121,121,91
39,r_74_50_18,seq135,seq137,r_74_50_18,0.99,0,18,18,91
5,r_16_140_65,r_22_53_105,r_120_71_42,r_16_140_65,1.0,0,65,65,91
19,r_98_86_6,r_88_91_166,seq37,r_88_91_166,0.65,0,166,166,91
15,r_134_58_163,r_45_122_73,r_107_112_50,r_134_58_163,0.98,0,163,163,91
41,r_17_44_83,r_115_30_94,seq69,r_115_30_94,0.87,-11,83,94,91
3,r_121_52_164,r_56_145_54,r_17_44_83,r_17_44_83,0.95,27,110,83,91
10,r_35_105_77,seq9,seq73,r_35_105_77,1.0,0,77,77,91
26,r_70_114_71,seq78,seq108,r_70_114_71,1.0,1,72,71,91
4,r_49_79_126,r_106_8_174,seq26,r_49_79_126,0.66,1,127,126,91
0,r_64_43_180,r_93_62_192,r_41_21_159,r_64_43_180,0.62,-1,179,180,91
92,seq103,r_27_60_64,r_107_112_50,r_27_60_64,0.94,-18,46,64,91
11,r_127_131_179,seq26,r_16_140_65,r_16_140_65,1.0,114,179,65,91
13,r_3_123_156,r_102_83_108,r_110_146_68,r_3_123_156,0.76,-88,68,156,91
15,r_134_58_163,seq101,r_45_122_73,r_45_122_73,1.0,18,91,73,91
48,r_4_92_175,r_109_97_169,seq12,r_109_97_169,0.79,0,169,169,91
13,r_3_123_156,r_110_146_68,seq38,r_3_123_156,0.78,1,157,156,91
30,r_110_146_68,r_2_40_119,r_96_124_167,r_110_146_68,0.69,102,170,68,91
6,r_57_113_177,seq6,r_35_105_77,r_57_113_177,0.68,0,177,177,91
81,seq69,r_121_52_164,r_87_39_27,r_87_39_27,1.0,1,28,27,91
85,seq78,r_70_114_71,r_18_133_53,r_70_114_71,1.0,-1,70,71,91
12,r_139_47_96,seq5,r_22_53_105,r_139_47_96,0.41,39,135,96,91
27,r_76_119_75,seq6,seq125,r_76_119_75,0.98,-3,72,75,91
30,r_110_146_68,r_3_123_156,r_2_40_119,r_110_146_68,0.74,88,156,68,91
22,r_45_122_73,r_134_58_163,seq65,r_134_58_163,0.96,1,164,163,91
2,r_142_104_44,r_107_112_50,r_14_28_144,r_142_104_44,1.0,0,44,44,91
47,r_111_10_134,seq101,r_120_71_42,r_111_10_134,0.99,0,134,134,91
14,r_87_39_27,r_149_61_1,seq69,r_87_39_27,1.0,0,27,27,91
40,r_14_28_144,r_49_79_126,r_142_104_44,r_142_104_44,0.97,48,92,44,91
18,r_141_130_137,r_110_146_68,seq125,r_110_146_68,1.0,0,68,68,91
29,r_88_91_166,r_98_86_6,seq136,r_98_86_6,0.29,160,166,6,91
25,r_106_8_174,r_14_28_144,r_115_30_94,r_115_30_94,1.0,81,175,94,91
20,r_90_99_32,seq29,r_49_79_126,r_90_99_32,0.98,0,32,32,91
20,r_90_99_32,r_49_79_126,r_18_133_53,r_49_79_126,0.95,-23,103,126,91
32,r_93_62_192,r_64_43_180,r_35_105_77,r_35_105_77,1.0,7,84,77,91
38,r_81_55_150,seq73,r_115_30_94,r_115_30_94,1.0,57,151,94,91
52,seq132,r_139_47_96,seq147,r_139_47_96,1.0,-1,95,96,91
77,seq137,r_59_23_141,r_115_30_94,r_115_30_94,0.95,0,94,94,91
34,r_59_23_141,seq54,r_102_83_108,r_59_23_141,0.99,0,141,141,91
9,r_2_40_119,seq125,r_107_112_50,r_2_40_119,0.97,0,119,119,91
22,r_45_122_73,r_120_71_42,r_134_58_163,r_45_122_73,1.0,0,73,73,91
49,r_20_68_153,seq65,r_16_140_65,r_16_140_65,0.57,88,153,65,91
3,r_121_52_164,r_17_44_83,r_142_104_44,r_121_52_164,0.98,0,164,164,91
18,r_141_130_137,seq125,r_149_61_1,r_141_130_137,0.49,0,137,137,91
82,seq73,r_81_55_150,r_35_105_77,r_35_105_77,1.0,34,111,77,91
35,r_96_124_167,seq147,r_110_146_68,r_96_124_167,0.77,0,167,167,91
12,r_139_47_96,seq132,seq5,r_139_47_96,0.55,0,96,96,91
45,r_107_112_50,r_142_104_44,seq103,r_142_104_44,0.95,0,44,44,91
51,seq1,seq57,r_11_64_54,r_11_64_54,1.0,34,88,54,92
9,r_43_3_56,r_116_109_152,r_142_68_75,r_116_109_152,0.61,-25,127,152,92
22,r_104_113_39,r_75_136_126,seq66,r_104_113_39,1.0,0,39,39,92
37,r_24_14_55,seq5,seq71,r_24_14_55,1.0,0,55,55,92
8,r_75_136_126,seq40,seq85,r_75_136_126,0.77,1,127,126,92
20,r_58_37_157,r_24_14_55,r_116_109_152,r_58_37_157,1.0,0,157,157,92
39,r_122_61_66,seq40,r_51_114_11,r_122_61_66,0.94,0,66,66,92
5,r_116_109_152,seq132,r_43_3_56,r_43_3_56,1.0,11,67,56,92
45,r_50_13_76,seq1,r_51_114_11,r_50_13_76,1.0,0,76,76,92
30,r_121_80_43,r_29_87_111,seq120,r_121_80_43,1.0,1,44,43,92
19,r_42_77_85,r_112_52_179,r_76_65_18,r_42_77_85,0.91,4,89,85,92
15,r_144_93_127,r_76_65_18,seq90,r_144_93_127,0.94,0,127,127,92
27,r_148_67_51,seq89,seq44,r_148_67_51,0.99,0,51,51,92
3,r_126_84_80,seq143,seq96,r_126_84_80,0.99,1,81,80,92
10,r_142_68_75,seq85,r_43_3_56,r_142_68_75,0.98,2,77,75,92
26,r_53_145_87,r_56_21_95,r_42_77_85,r_53_145_87,1.0,0,87,87,92
38,r_2_41_13,r_142_68_75,seq40,r_2_41_13,0.73,1,14,13,92
4,r_31_25_138,r_112_52_179,r_56_21_95,r_31_25_138,0.77,3,141,138,92
0,r_29_87_111,r_58_37_157,r_135_35_5,r_29_87_111,0.69,-1,110,111,92
73,seq70,r_133_141_150,seq88,r_133_141_150,0.68,0,150,150,92
47,r_11_64_54,r_126_84_80,seq1,r_11_64_54,1.0,0,54,54,92
20,r_58_37_157,r_29_87_111,r_24_14_55,r_58_37_157,0.54,-47,110,157,92
13,r_130_146_78,seq44,r_126_84_80,r_130_146_78,0.98,1,79,78,92
46,r_76_65_18,r_144_93_127,r_42_77_85,r_42_77_85,0.89,42,127,85,92
5,r_116_109_152,r_43_3_56,seq111,r_116_109_152,0.99,1,153,152,92
46,r_76_65_18,r_18_62_63,r_144_93_127,r_76_65_18,0.95,-6,12,18,92
24,r_0_79_38,r_29_87_111,seq100,r_0_79_38,1.0,0,38,38,92
87,seq96,seq139,r_126_84_80,r_126_84_80,1.0,9,89,80,92
22,r_104_113_39,seq66,r_19_117_88,r_19_117_88,1.0,50,138,88,92
2,r_63_16_130,r_133_141_150,r_0_79_38,r_63_16_130,0.49,0,130,130,92
15,r_144_93_127,seq96,r_76_65_18,r_144_93_127,0.59,-88,39,127,92
40,r_46_39_71,r_112_52_179,seq44,r_46_39_71,1.0,1,72,71,92
88,seq98,r_103_78_59,r_108_10_186,r_103_78_59,0.99,0,59,59,92
18,r_133_141_150,seq70,seq60,r_133_141_150,0.83,0,150,150,92
1,r_81_99_21,seq12,seq132,r_81_99_21,1.0,1,22,21,92
25,r_112_52_179,seq119,r_54_33_70,r_54_33_70,0.67,109,179,70,92
43,r_118_38_46,r_4_30_185,seq69,r_4_30_185,0.57,1,186,185,92
33,r_19_117_88,seq139,r_104_113_39,r_19_117_88,1.0,2,90,88,92
9,r_43_3_56,seq149,r_116_109_152,r_43_3_56,0.98,1,57,56,92
70,seq60,seq94,r_133_141_150,r_133_141_150,0.6,15,165,150,92
42,r_73_134_23,seq71,seq100,r_73_134_23,0.98,0,23,23,92
42,r_73_134_23,seq100,r_63_16_130,r_63_16_130,0.98,12,142,130,92
34,r_54_33_70,r_63_16_130,seq149,r_54_33_70,1.0,0,70,70,92
29,r_4_30_185,r_29_87_111,r_118_38_46,r_4_30_185,0.87,-137,48,185,92
17,r_22_140_31,r_147_95_182,r_29_87_111,r_29_87_111,1.0,72,183,111,92
94,seq111,r_108_10_186,r_116_109_152,r_116_109_152,0.73,12,164,152,92
31,r_103_78_59,seq98,r_2_41_13,r_103_78_59,1.0,0,59,59,92
96,seq119,r_112_52_179,r_48_131_113,r_112_52_179,0.47,0,179,179,92
29,r_4_30_185,r_118_38_46,r_28_138_154,r_4_30_185,0.69,0,185,185,92
91,seq102,seq57,r_11_64_54,r_11_64_54,1.0,67,121,54,92
43,r_118_38_46,r_122_61_66,r_4_30_185,r_118_38_46,1.0,0,46,46,92
56,seq139,r_19_117_88,seq128,r_19_117_88,1.0,0,88,88,92
89,seq100,r_48_131_113,r_0_79_38,r_0_79_38,0.89,6,44,38,92
7,r_18_62_63,r_123_107_135,seq89,r_18_62_63,0.7,0,63,63,92
44,r_86_8_94,seq149,seq66,r_86_8_94,1.0,0,94,94,92
35,r_9_106_69,seq66,seq98,r_9_106_69,1.0,1,70,69,92
12,r_147_95_182,r_22_140_31,r_127_17_3,r_127_17_3,0.68,180,183,3,92
23,r_51_114_11,seq44,seq7,r_51_114_11,0.76,0,11,11,92
30,r_6_86_79,r_104_8_93,r_146_0_62,r_6_86_79,0.93,1,80,79,93
40,r_20_126_20,seq42,r_80_130_14,r_20_126_20,0.86,0,20,20,93
36,r_145_129_68,r_9_27_180,seq17,r_145_129_68,0.6,8,76,68,93
83,seq83,r_146_0_62,r_127_45_94,r_127_45_94,1.0,8,102,94,93
37,r_104_8_93,seq147,r_75_108_166,r_104_8_93,0.49,-4,89,93,93
16,r_53_29_63,r_69_71_195,r_146_0_62,r_53_29_63,0.98,-3,60,63,93
21,r_67_79_60,r_116_59_160,seq149,r_67_79_60,0.95,1,61,60,93
1,r_56_115_82,r_16_73_177,r_103_74_46,r_103_74_46,0.96,51,97,46,93
45,r_127_45_94,seq68,seq83,r_127_45_94,0.99,0,94,94,93
24,r_33_120_157,r_57_121_187,r_98_122_3,r_33_120_157,0.74,19,176,157,93
95,seq110,r_118_10_38,seq88,r_118_10_38,0.98,6,44,38,93
34,r_18_102_142,r_98_122_3,r_132_60_70,r_132_60_70,0.71,5,75,70,93
31,r_38_84_158,r_63_76_168,r_56_115_82,r_38_84_158,0.64,0,158,158,93
41,r_54_41_105,seq61,seq143,r_54_41_105,0.94,1,106,105,93
71,seq42,seq68,r_77_58_86,r_77_58_86,0.7,3,89,86,93
14,r_93_46_56,r_98_122_3,r_103_74_46,r_93_46_56,0.71,0,56,56,93
3,r_99_111_167,r_28_3_191,r_128_125_103,r_128_125_103,0.56,68,171,103,93
10,r_77_58_86,seq107,seq1,r_77_58_86,1.0,0,86,86,93
26,r_9_27_180,r_2_34_192,r_18_102_142,r_9_27_180,0.64,1,181,180,93
34,r_18_102_142,r_132_60_70,r_145_129_68,r_18_102_142,0.86,6,148,142,93
4,r_132_60_70,r_21_124_92,r_18_102_142,r_21_124_92,1.0,-16,76,92,93
78,seq68,r_127_45_94,seq134,r_127_45_94,1.0,-29,65,94,93
0,r_31_82_127,seq149,r_54_41_105,r_31_82_127,0.49,-3,124,127,93
11,r_47_25_135,seq131,seq68,r_47_25_135,0.93,0,135,135,93
49,r_103_74_46,seq107,r_56_115_82,r_56_115_82,0.49,79,161,82,93
6,r_91_135_173,seq114,r_47_25_135,r_47_25_135,1.0,41,176,135,93
27,r_146_0_62,seq83,r_6_86_79,r_6_86_79,0.99,5,84,79,93
87,seq90,seq137,r_21_124_92,r_21_124_92,1.0,53,145,92,93
7,r_63_76_168,r_77_58_86,seq64,r_77_58_86,0.69,82,168,86,93
2,r_128_125_103,r_33_120_157,seq23,r_128_125_103,0.95,3,106,103,93
12,r_118_10_38,seq110,r_52_48_10,r_118_10_38,0.99,2,40,38,93
71,seq42,r_20_126_20,r_87_24_95,r_20_126_20,0.97,0,20,20,93
29,r_87_24_95,r_63_76_168,seq101,r_87_24_95,0.87,0,95,95,93
24,r_33_120_157,r_128_125_103,r_57_121_187,r_128_125_103,0.95,-3,100,103,93
25,r_116_59_160,seq61,seq101,r_116_59_160,0.45,12,172,160,93
46,r_70_139_31,seq134,seq17,r_70_139_31,1.0,0,31,31,93
47,r_80_130_14,r_98_122_3,r_20_126_20,r_80_130_14,0.58,79,93,14,93
68,seq37,r_21_124_92,r_97_148_199,r_21_124_92,1.0,0,92,92,93
47,r_80_130_14,seq68,r_98_122_3,r_80_130_14,1.0,0,14,14,93
32,r_35_4_159,seq147,r_123_119_185,r_35_4_159,0.96,0,159,159,93
37,r_104_8_93,r_75_108_166,r_18_102_142,r_75_108_166,1.0,0,166,166,93
22,r_16_73_177,seq23,r_87_24_95,r_87_24_95,0.91,82,177,95,93
91,seq101,r_104_8_93,r_87_24_95,r_87_24_95,0.99,0,95,95,93
34,r_18_102_142,r_103_74_46,r_98_122_3,r_103_74_46,0.77,0,46,46,93
7,r_63_76_168,r_38_84_158,r_77_58_86,r_77_58_86,1.0,72,158,86,93
44,r_21_124_92,seq37,seq90,r_21_124_92,1.0,0,92,92,93
23,r_75_108_166,r_104_8_93,r_47_25_135,r_104_8_93,0.53,73,166,93,93
20,r_49_30_12,r_56_115_82,seq113,r_49_30_12,0.67,-2,10,12,93
49,r_103_74_46,r_18_102_142,seq107,r_103_74_46,1.0,0,46,46,93
79,seq72,seq107,r_31_82_127,r_31_82_127,0.93,34,161,127,93
30,r_62_103_197,r_15_132_170,r_120_5_54,r_62_103_197,0.75,-136,61,197,94
84,seq86,r_120_5_54,r_36_21_20,r_36_21_20,0.97,0,20,20,94
51,seq130,seq121,r_127_141_118,r_127_141_118,0.46,-29,89,118,94
14,r_39_98_187,seq45,r_52_65_3,r_39_98_187,0.28,0,187,187,94
8,r_57_125_166,r_123_8_150,r_84_89_11,r_57_125_166,0.54,-104,62,166,94
37,r_59_29_68,seq91,seq19,r_59_29_68,1.0,2,70,68,94
23,r_100_114_32,r_81_51_52,r_6_31_23,r_100_114_32,1.0,0,32,32,94
55,seq10,r_96_122_121,seq75,r_96_122_121,1.0,0,121,121,94
16,r_127_141_118,r_53_43_148,r_84_89_11,r_127_141_118,0.51,3,121,118,94
39,r_28_108_75,r_7_93_70,r_71_38_167,r_28_108_75,1.0,-1,74,75,94
46,r_134_83_137,r_22_3_107,r_47_16_141,r_22_3_107,0.97,1,108,107,94
42,r_115_0_171,seq40,r_44_129_149,r_44_129_149,0.9,22,171,149,94
61,seq19,r_47_16_141,r_6_31_23,r_6_31_23,0.86,9,32,23,94
18,r_118_128_161,r_2_112_179,r_133_41_176,r_118_128_161,0.72,21,182,161,94
45,r_140_94_98,r_50_58_195,seq1,r_140_94_98,1.0,2,100,98,94
31,r_81_51_52,seq79,seq121,r_81_51_52,0.96,0,52,52,94
33,r_99_144_77,r_49_77_190,r_146_24_143,r_146_24_143,0.97,22,165,143,94
21,r_107_104_18,r_44_129_149,r_47_16_141,r_107_104_18,1.0,1,19,18,94
39,r_28_108_75,r_71_38_167,r_99_144_77,r_71_38_167,1.0,0,167,167,94
41,r_123_8_150,seq139,seq101,r_123_8_150,0.58,11,161,150,94
67,seq45,r_39_98_187,r_28_108_75,r_28_108_75,1.0,112,187,75,94
28,r_36_21_20,r_96_122_121,seq86,r_36_21_20,0.96,0,20,20,94
8,r_57_125_166,r_84_89_11,r_44_129_149,r_84_89_11,0.6,157,168,11,94
78,seq75,r_133_41_176,r_34_35_71,r_34_35_71,1.0,105,176,71,94
0,r_50_58_195,r_140_94_98,seq147,r_140_94_98,1.0,2,100,98,94
11,r_133_41_176,seq75,r_118_128_161,r_118_128_161,0.76,15,176,161,94
2,r_47_16_141,r_22_3_107,r_107_104_18,r_47_16_141,0.98,-99,42,141,94
15,r_69_66_72,seq97,seq18,r_69_66_72,1.0,0,72,72,94
48,r_146_24_143,seq149,r_99_144_77,r_146_24_143,0.93,0,143,143,94
4,r_2_112_179,r_6_31_23,r_100_114_32,r_2_112_179,0.4,-71,108,179,94
62,seq149,r_146_24_143,seq4,r_146_24_143,1.0,0,143,143,94
21,r_107_104_18,r_47_16_141,r_59_29_68,r_59_29_68,1.0,77,145,68,94
61,seq19,r_6_31_23,r_59_29_68,r_59_29_68,0.97,2,70,68,94
2,r_47_16_141,r_107_104_18,r_124_74_111,r_47_16_141,0.72,4,145,141,94
5,r_73_87_27,r_34_35_71,seq55,r_34_35_71,0.9,0,71,71,94
51,seq130,r_127_141_118,r_120_5_54,r_127_141_118,0.6,31,149,118,94
4,r_2_112_179,seq19,r_6_31_23,r_6_31_23,0.78,0,23,23,94
36,r_6_31_23,r_124_74_111,r_100_114_32,r_100_114_32,0.6,13,45,32,94
18,r_118_128_161,r_71_38_167,r_2_112_179,r_2_112_179,0.86,-17,162,179,94
24,r_80_56_101,r_44_129_149,seq75,r_80_56_101,1.0,1,102,101,94
25,r_22_3_107,r_134_83_137,seq116,r_22_3_107,1.0,0,107,107,94
33,r_99_144_77,r_22_3_107,r_49_77_190,r_99_144_77,0.96,1,78,77,94
29,r_120_5_54,seq86,r_62_103_197,r_62_103_197,0.7,-142,55,197,94
70,seq55,r_61_126_139,r_69_66_72,r_69_66_72,1.0,73,145,72,94
6,r_84_89_11,r_57_125_166,r_127_141_118,r_127_141_118,0.95,50,168,118,94
32,r_119_85_93,r_57_125_166,r_78_20_1,r_119_85_93,0.79,1,94,93,94
77,seq70,r_15_132_170,seq11,r_15_132_170,1.0,0,170,170,94
9,r_46_25_33,r_133_41_176,seq79,r_46_25_33,1.0,0,33,33,94
34,r_96_122_121,seq10,r_84_89_11,r_96_122_121,1.0,0,121,121,94
4,r_2_112_179,r_118_128_161,r_34_35_71,r_2_112_179,0.81,3,182,179,94
60,seq18,r_61_126_139,r_69_66_72,r_69_66_72,1.0,1,73,72,94
17,r_148_95_62,seq23,seq40,r_148_95_62,0.71,3,65,62,94
46,r_134_83_137,r_47_16_141,r_140_94_98,r_134_83_137,0.87,7,144,137,94
22,r_124_74_111,seq54,seq131,r_124_74_111,0.74,1,112,111,94
5,r_73_87_27,r_15_132_170,r_34_35_71,r_73_87_27,0.95,0,27,27,94
4,r_2_112_179,r_100_114_32,r_118_128_161,r_2_112_179,0.72,-16,163,179,94
49,r_7_93_70,r_28_108_75,seq145,r_28_108_75,0.92,-1,74,75,94
6,r_84_89_11,r_148_95_62,r_57_125_166,r_57_125_166,0.64,-155,11,166,94
7,r_53_43_148,seq145,r_50_58_195,r_50_58_195,0.93,-47,148,195,94
44,r_49_77_190,seq45,r_99_144_77,r_99_144_77,1.0,1,78,77,94
35,r_72_9_119,seq79,seq135,r_72_9_119,0.64,7,126,119,94
12,r_102_32_74,r_127_141_118,r_148_95_62,r_102_32_74,0.94,0,74,74,94
30,r_29_65_196,r_46_4_157,r_33_68_115,r_33_68_115,1.0,44,159,115,95
36,r_146_34_81,seq134,seq117,r_146_34_81,0.84,0,81,81,95
8,r_19_118_125,seq30,seq128,r_19_118_125,0.8,0,125,125,95
83,seq93,r_47_145_88,seq73,r_47_145_88,0.57,5,93,88,95
37,r_82_60_113,r_137_112_173,seq85,r_82_60_113,0.99,8,121,113,95
19,r_31_105_170,r_143_17_133,seq93,r_143_17_133,0.84,0,133,133,95
16,r_8_87_169,seq113,r_123_106_47,r_123_106_47,0.53,124,171,47,95
21,r_54_138_139,seq131,r_27_115_65,r_54_138_139,0.76,0,139,139,95
1,r_37_36_162,r_61_114_1,r_27_115_65,r_37_36_162,0.49,-1,161,162,95
46,r_27_115_65,r_82_60_113,seq96,r_27_115_65,0.99,0,65,65,95
43,r_90_76_32,seq73,r_35_103_27,r_90_76_32,1.0,0,32,32,95
83,seq93,seq73,r_31_105_170,r_31_105_170,0.9,1,171,170,95
42,r_99_2_198,seq100,seq62,r_99_2_198,0.56,-102,96,198,95
41,r_42_102_29,r_29_65_196,seq7,r_42_102_29,1.0,1,30,29,95
19,r_31_105_170,r_116_135_70,r_143_17_133,r_116_135_70,0.93,0,70,70,95
99,seq149,seq74,r_81_13_20,r_81_13_20,1.0,13,33,20,95
25,r_5_132_36,seq89,seq111,r_5_132_36,1.0,0,36,36,95
28,r_16_51_41,r_92_136_179,r_1_52_44,r_16_51_41,0.92,3,44,41,95
45,r_95_32_28,seq96,seq78,r_95_32_28,0.99,0,28,28,95
89,seq109,seq120,r_80_119_85,r_80_119_85,1.0,2,87,85,95
10,r_33_68_115,seq111,r_35_103_27,r_33_68_115,0.78,3,118,115,95
35,r_108_110_52,seq111,seq57,r_108_110_52,1.0,3,55,52,95
62,seq24,seq131,r_123_106_47,r_123_106_47,1.0,3,50,47,95
40,r_147_6_35,r_41_130_94,seq107,r_147_6_35,0.99,2,37,35,95
34,r_97_75_17,seq131,r_125_133_150,r_97_75_17,0.6,112,129,17,95
0,r_80_119_85,r_25_53_161,seq109,r_80_119_85,1.0,3,88,85,95
11,r_66_10_87,r_137_112_173,seq0,r_66_10_87,1.0,0,87,87,95
20,r_88_86_154,seq74,r_63_44_8,r_63_44_8,0.56,148,156,8,95
15,r_11_91_105,seq14,r_27_115_65,r_11_91_105,0.99,0,105,105,95
48,r_125_133_150,seq96,r_97_75_17,r_97_75_17,0.75,134,151,17,95
57,seq14,r_11_91_105,seq85,r_11_91_105,1.0,0,105,105,95
6,r_59_56_165,seq14,r_41_130_94,r_59_56_165,0.4,13,178,165,95
29,r_35_103_27,r_41_130_94,r_90_76_32,r_35_103_27,0.99,2,29,27,95
27,r_143_17_133,r_31_105_170,r_61_114_1,r_143_17_133,0.77,0,133,133,95
2,r_116_135_70,r_31_105_170,seq74,r_116_135_70,0.98,0,70,70,95
47,r_98_79_122,seq111,seq85,r_98_79_122,0.9,4,126,122,95
4,r_123_106_47,seq104,seq24,r_123_106_47,0.71,0,47,47,95
24,r_49_45_128,seq14,seq0,r_49_45_128,0.93,0,128,128,95
13,r_38_64_195,r_123_106_47,seq30,r_123_106_47,0.82,3,50,47,95
64,seq30,r_19_118_125,r_116_135_70,r_116_135_70,0.63,55,125,70,95
88,seq107,r_92_136_179,r_40_43_71,r_40_43_71,0.99,108,179,71,95
54,seq7,r_92_136_179,r_42_102_29,r_42_102_29,1.0,9,38,29,95
50,seq0,seq111,r_66_10_87,r_66_10_87,1.0,0,87,87,95
65,seq39,r_144_121_155,r_95_32_28,r_95_32_28,0.85,131,159,28,95
68,seq55,r_25_53_161,r_46_4_157,r_46_4_157,0.47,5,162,157,95
32,r_25_53_161,seq55,r_99_2_198,r_99_2_198,0.76,-36,162,198,95
77,seq74,seq149,r_116_135_70,r_116_135_70,1.0,17,87,70,95
12,r_1_52_44,r_99_2_198,r_16_51_41,r_1_52_44,0.97,0,44,44,95
23,r_81_13_20,r_54_138_139,seq149,r_81_13_20,1.0,0,20,20,95
17,r_47_145_88,seq93,seq3,r_47_145_88,0.7,5,93,88,95
9,r_15_77_92,seq134,r_127_18_199,r_15_77_92,1.0,0,92,92,95
96,seq122,r_23_50_61,seq24,r_23_50_61,1.0,0,61,61,95
22,r_40_43_71,r_41_130_94,r_42_102_29,r_40_43_71,1.0,0,71,71,95
91,seq113,r_8_87_169,r_46_4_157,r_46_4_157,0.68,14,171,157,95
26,r_70_9_24,r_146_34_81,seq72,r_70_9_24,0.95,5,29,24,95
34,r_97_75_17,r_49_45_128,r_8_87_169,r_97_75_17,0.75,6,23,17,95
7,r_144_121_155,seq39,r_38_64_195,r_38_64_195,0.87,-37,158,195,95
44,r_23_50_61,seq122,seq101,r_23_50_61,1.0,0,61,61,95
42,r_99_2_198,r_1_52_44,seq100,r_1_52_44,1.0,0,44,44,95
84,seq96,seq140,r_27_115_65,r_27_115_65,1.0,34,99,65,95
30,r_45_21_81,r_120_87_179,seq36,r_45_21_81,1.0,0,81,81,96
36,r_112_29_97,r_65_107_187,r_95_141_45,r_65_107_187,0.86,-89,98,187,96
92,seq102,r_25_110_166,r_49_90_169,r_49_90_169,0.98,-2,167,169,96
8,r_17_70_110,seq130,seq1,r_17_70_110,0.99,0,110,110,96
22,r_53_77_153,seq36,r_58_54_121,r_53_77_153,0.92,0,153,153,96
55,seq9,seq64,r_127_145_72,r_127_145_72,1.0,14,86,72,96
16,r_25_110_166,seq102,r_7_117_4,r_25_110_166,0.43,0,166,166,96
21,r_140_148_109,r_59_134_161,r_22_84_41,r_22_84_41,0.57,70,111,41,96
39,r_65_107_187,seq27,r_78_32_89,r_78_32_89,1.0,100,189,89,96
14,r_131_23_44,seq111,r_48_31_163,r_131_23_44,1.0,0,44,44,96
97,seq147,r_15_46_73,r_98_105_68,r_15_46_73,0.81,-9,64,73,96
46,r_8_128_180,seq97,r_126_55_77,r_126_55_77,1.0,104,181,77,96
45,r_15_46_73,seq147,seq27,r_15_46_73,1.0,0,73,73,96
19,r_49_90_169,seq62,seq102,r_49_90_169,0.71,0,169,169,96
38,r_95_141_45,r_76_35_184,r_112_29_97,r_112_29_97,0.93,87,184,97,96
31,r_127_145_72,r_132_109_108,seq9,r_127_145_72,1.0,0,72,72,96
38,r_95_141_45,seq135,r_76_35_184,r_95_141_45,1.0,0,45,45,96
10,r_75_125_119,seq33,seq130,r_75_125_119,1.0,0,119,119,96
42,r_132_109_108,r_127_145_72,seq130,r_127_145_72,1.0,-24,48,72,96
26,r_101_139_171,seq89,seq14,r_101_139_171,0.81,1,172,171,96
4,r_136_144_87,r_25_110_166,seq119,r_136_144_87,1.0,0,87,87,96
0,r_120_87_179,seq43,r_11_30_154,r_11_30_154,0.86,26,180,154,96
37,r_6_124_53,seq119,seq146,r_6_124_53,0.62,-7,46,53,96
20,r_126_55_77,seq47,r_8_128_180,r_126_55_77,1.0,-1,76,77,96
13,r_11_30_154,r_120_87_179,r_45_21_81,r_45_21_81,1.0,73,154,81,96
15,r_26_116_140,seq73,r_127_145_72,r_26_116_140,0.97,0,140,140,96
48,r_138_93_183,r_59_134_161,r_96_74_129,r_96_74_129,0.93,32,161,129,96
49,r_22_84_41,r_65_107_187,r_140_148_109,r_140_148_109,0.8,0,109,109,96
6,r_78_32_89,seq130,seq91,r_78_32_89,1.0,0,89,89,96
62,seq27,r_65_107_187,r_15_46_73,r_15_46_73,1.0,91,164,73,96
99,seq119,r_6_124_53,r_136_144_87,r_136_144_87,1.0,3,90,87,96
33,r_68_121_46,r_136_144_87,seq67,r_68_121_46,0.89,0,46,46,96
27,r_56_57_90,r_94_0_191,seq33,r_56_57_90,1.0,0,90,90,96
49,r_22_84_41,seq62,r_65_107_187,r_22_84_41,0.88,-2,39,41,96
47,r_60_51_125,seq61,seq42,r_60_51_125,0.99,1,126,125,96
40,r_113_16_88,r_26_116_140,r_12_40_36,r_113_16_88,0.97,0,88,88,96
25,r_59_134_161,r_138_93_183,r_6_124_53,r_59_134_161,0.91,0,161,161,96
65,seq34,r_44_72_149,seq47,r_44_72_149,0.81,0,149,149,96
42,r_132_109_108,seq130,seq104,r_132_109_108,1.0,2,110,108,96
34,r_123_18_83,r_8_128_180,seq63,r_123_18_83,1.0,0,83,83,96
1,r_12_40_36,r_17_70_110,seq61,r_17_70_110,0.56,-82,28,110,96
29,r_76_35_184,r_106_81_193,r_95_141_45,r_95_141_45,1.0,3,48,45,96
81,seq73,r_26_116_140,r_25_110_166,r_26_116_140,0.58,0,140,140,96
18,r_103_3_19,r_13_52_54,seq79,r_103_3_19,0.86,2,21,19,96
9,r_44_72_149,seq34,r_66_37_55,r_44_72_149,0.81,0,149,149,96
24,r_13_52_54,r_123_18_83,seq149,r_123_18_83,0.54,-29,54,83,96
5,r_88_50_42,r_96_74_129,seq41,r_88_50_42,0.61,0,42,42,96
29,r_76_35_184,r_95_141_45,r_58_54_121,r_58_54_121,0.51,63,184,121,96
22,r_53_77_153,r_58_54_121,seq36,r_58_54_121,0.83,0,121,121,96
7,r_143_10_122,seq147,seq137,r_143_10_122,0.74,3,125,122,96
23,r_100_2_101,r_25_110_166,seq135,r_25_110_166,0.66,-68,98,166,96
48,r_138_93_183,r_96_74_129,seq111,r_138_93_183,0.71,0,183,183,96
35,r_98_105_68,r_56_57_90,seq147,r_56_57_90,0.75,-22,68,90,96
36,r_88_29_61,r_56_7_104,r_33_100_19,r_33_100_19,0.87,44,63,19,97
92,seq107,r_54_147_182,r_19_84_135,r_19_84_135,0.93,37,172,135,97
38,r_132_74_37,r_8_27_188,seq121,r_132_74_37,0.94,1,38,37,97
35,r_17_16_124,r_41_35_62,r_31_34_189,r_17_16_124,0.87,-5,119,124,97
45,r_98_83_193,r_146_10_21,r_131_138_28,r_131_138_28,1.0,-1,27,28,97
16,r_105_115_25,r_46_82_120,seq58,r_105_115_25,1.0,0,25,25,97
86,seq94,seq121,r_86_102_112,r_86_102_112,1.0,17,129,112,97
21,r_0_24_91,r_33_100_19,r_32_59_75,r_33_100_19,1.0,72,91,19,97
1,r_140_141_142,seq148,r_67_40_9,r_140_141_142,0.76,2,144,142,97
5,r_14_103_116,seq13,r_39_55_51,r_14_103_116,0.8,2,118,116,97
46,r_52_149_79,r_20_78_167,r_31_34_189,r_52_149_79,1.0,-1,78,79,97
42,r_81_25_59,r_52_149_79,seq73,r_81_25_59,0.99,1,60,59,97
19,r_54_147_182,seq107,r_86_102_112,r_54_147_182,0.35,1,183,182,97
37,r_126_45_40,seq121,seq99,r_126_45_40,1.0,1,41,40,97
8,r_146_10_21,r_98_83_193,r_67_40_9,r_67_40_9,0.97,12,21,9,97
76,seq71,r_19_84_135,r_91_108_198,r_19_84_135,0.84,0,135,135,97
31,r_65_5_130,r_122_112_165,seq95,r_65_5_130,0.96,0,130,130,97
67,seq47,r_111_117_83,seq104,r_111_117_83,1.0,-12,71,83,97
26,r_130_21_80,seq80,r_67_40_9,r_130_21_80,1.0,0,80,80,97
0,r_134_53_107,seq128,seq114,r_134_53_107,1.0,0,107,107,97
63,seq148,r_140_141_142,seq1,r_140_141_142,0.47,2,144,142,97
20,r_101_120_3,r_145_124_137,r_76_129_6,r_145_124_137,0.69,0,137,137,97
13,r_66_28_157,r_64_30_1,seq4,r_66_28_157,0.83,0,157,157,97
62,seq144,r_46_82_120,r_85_139_18,r_85_139_18,0.97,1,19,18,97
15,r_41_35_62,seq135,seq69,r_41_35_62,0.98,0,62,62,97
48,r_20_78_167,seq123,r_134_53_107,r_134_53_107,0.94,63,170,107,97
49,r_68_49_159,seq75,seq137,r_68_49_159,0.91,0,159,159,97
85,seq92,r_3_61_58,r_52_149_79,r_3_61_58,0.51,-43,15,58,97
12,r_85_139_18,r_41_35_62,seq144,r_85_139_18,0.88,0,18,18,97
10,r_67_40_9,seq94,r_130_21_80,r_130_21_80,1.0,3,83,80,97
27,r_64_30_1,r_66_28_157,r_118_96_123,r_64_30_1,0.68,156,157,1,97
87,seq95,seq116,r_65_5_130,r_65_5_130,1.0,0,130,130,97
2,r_86_102_112,r_33_100_19,seq94,r_86_102_112,0.76,0,112,112,97
89,seq99,seq95,r_126_45_40,r_126_45_40,1.0,3,43,40,97
47,r_19_84_135,seq71,seq107,r_19_84_135,0.98,0,135,135,97
40,r_136_42_108,r_66_28_157,r_85_139_18,r_136_42_108,1.0,0,108,108,97
18,r_119_87_81,r_122_112_165,r_81_25_59,r_119_87_81,1.0,0,81,81,97
29,r_23_133_125,r_91_108_198,r_111_117_83,r_23_133_125,0.99,0,125,125,97
24,r_32_59_75,r_68_49_159,seq128,r_32_59_75,0.99,0,75,75,97
25,r_122_112_165,seq13,r_19_84_135,r_19_84_135,0.7,32,167,135,97
64,seq36,r_93_38_121,seq148,r_93_38_121,0.98,-9,112,121,97
73,seq62,seq104,r_63_109_32,r_63_109_32,1.0,3,35,32,97
70,seq57,r_8_27_188,r_140_141_142,r_140_141_142,0.96,46,188,142,97
39,r_131_138_28,seq99,r_98_83_193,r_131_138_28,1.0,2,30,28,97
32,r_93_38_121,r_66_28_157,r_86_102_112,r_86_102_112,0.86,9,121,112,97
34,r_118_96_123,r_26_51_154,r_64_30_1,r_118_96_123,0.98,0,123,123,97
30,r_63_109_32,r_26_51_154,seq62,r_63_109_32,0.99,0,32,32,97
17,r_127_18_88,r_134_53_107,r_85_139_18,r_127_18_88,1.0,1,89,88,97
75,seq70,r_39_55_51,r_126_45_40,r_126_45_40,0.76,11,51,40,97
9,r_145_124_137,r_101_120_3,r_33_100_19,r_145_124_137,0.92,0,137,137,97
22,r_56_7_104,seq12,r_33_100_19,r_56_7_104,0.99,0,104,104,97
28,r_26_51_154,seq69,r_86_102_112,r_26_51_154,0.82,2,156,154,97
49,r_68_49_159,r_32_59_75,seq75,r_32_59_75,1.0,0,75,75,97
7,r_111_117_83,seq47,seq37,r_111_117_83,0.99,1,84,83,97
44,r_39_55_51,seq70,r_89_22_86,r_39_55_51,0.7,26,77,51,97
23,r_89_22_86,r_65_5_130,r_39_55_51,r_89_22_86,0.96,1,87,86,97
41,r_3_61_58,seq58,r_33_100_19,r_3_61_58,0.78,-4,54,58,97
82,seq80,r_130_21_80,r_39_55_51,r_130_21_80,0.96,1,81,80,97
79,seq75,r_68_49_159,r_91_108_198,r_68_49_159,0.98,-28,131,159,97
35,r_17_16_124,seq94,r_41_35_62,r_41_35_62,0.61,17,79,62,97
27,r_91_140_162,r_144_65_87,seq128,r_91_140_162,0.85,0,162,162,98
53,seq6,r_136_90_157,r_21_132_58,r_21_132_58,0.87,105,163,58,98
37,r_136_90_157,seq6,r_119_146_34,r_119_146_34,1.0,122,156,34,98
21,r_144_65_87,r_26_66_144,r_91_140_162,r_144_65_87,0.56,0,87,87,98
80,seq55,r_67_134_18,r_112_81_123,r_112_81_123,0.95,15,138,123,98
5,r_82_68_69,r_7_76_141,seq124,r_82_68_69,1.0,1,70,69,98
46,r_95_96_86,seq8,r_67_134_18,r_67_134_18,0.92,78,96,18,98
6,r_32_84_10,r_21_132_58,seq31,r_32_84_10,0.99,0,10,10,98
45,r_16_61_55,r_109_40_81,seq104,r_16_61_55,1.0,0,55,55,98
97,seq121,r_4_94_129,r_112_81_123,r_112_81_123,1.0,6,129,123,98
31,r_47_69_190,seq46,r_74_37_99,r_74_37_99,1.0,3,102,99,98
41,r_109_40_81,seq56,seq113,r_109_40_81,0.94,-3,78,81,98
90,seq100,r_18_87_28,r_97_93_94,r_97_93_94,1.0,44,138,94,98
26,r_117_3_134,r_91_140_162,r_22_102_91,r_117_3_134,0.86,0,134,134,98
38,r_49_110_14,r_33_89_9,seq148,r_49_110_14,1.0,0,14,14,98
4,r_126_52_170,r_17_103_191,seq148,r_126_52_170,0.72,0,170,170,98
11,r_0_13_138,seq2,seq48,r_0_13_138,0.58,-8,130,138,98
20,r_74_37_99,seq27,r_47_69_190,r_74_37_99,1.0,0,99,99,98
13,r_26_66_144,r_19_73_154,r_97_93_94,r_97_93_94,0.86,50,144,94,98
98,seq124,seq116,r_82_68_69,r_82_68_69,1.0,2,71,69,98
14,r_67_134_18,r_0_13_138,seq141,r_67_134_18,1.0,0,18,18,98
80,seq55,r_109_40_81,r_67_134_18,r_109_40_81,0.56,-24,57,81,98
27,r_91_140_162,r_117_3_134,r_144_65_87,r_91_140_162,0.51,-28,134,162,98
2,r_97_93_94,r_42_14_149,r_119_146_34,r_119_146_34,0.89,60,94,34,98
47,r_125_131_106,seq25,r_15_59_5,r_125_131_106,1.0,0,106,106,98
72,seq44,r_95_96_86,r_138_92_20,r_138_92_20,1.0,0,20,20,98
40,r_7_76_141,seq28,r_67_134_18,r_67_134_18,0.92,123,141,18,98
29,r_105_114_179,seq104,r_97_93_94,r_97_93_94,0.46,85,179,94,98
33,r_115_39_82,r_105_114_179,r_67_134_18,r_115_39_82,1.0,0,82,82,98
18,r_60_123_47,r_105_114_179,r_67_134_18,r_60_123_47,1.0,0,47,47,98
1,r_21_132_58,r_74_37_99,seq1,r_74_37_99,0.81,-43,56,99,98
10,r_38_23_22,seq41,seq79,r_38_23_22,1.0,1,23,22,98
34,r_142_86_66,seq10,r_15_59_5,r_142_86_66,1.0,0,66,66,98
97,seq121,seq43,r_4_94_129,r_4_94_129,0.4,-98,31,129,98
81,seq56,r_109_40_81,r_42_14_149,r_109_40_81,0.96,3,84,81,98
32,r_78_149_35,r_112_81_123,r_4_94_129,r_4_94_129,0.7,-93,36,129,98
17,r_139_11_61,r_105_114_179,r_129_63_7,r_139_11_61,1.0,0,61,61,98
94,seq113,seq135,r_109_40_81,r_109_40_81,0.63,4,85,81,98
9,r_108_111_16,r_21_132_58,r_137_145_136,r_137_145_136,0.76,-121,15,136,98
22,r_5_77_197,r_26_66_144,r_117_3_134,r_26_66_144,0.72,-2,142,144,98
25,r_133_62_52,r_105_114_179,seq44,r_133_62_52,0.99,0,52,52,98
28,r_17_103_191,r_126_52_170,seq29,r_17_103_191,0.66,-21,170,191,98
91,seq104,r_105_114_179,r_120_83_80,r_120_83_80,1.0,99,179,80,98
8,r_138_92_20,seq31,seq44,r_138_92_20,1.0,0,20,20,98
49,r_88_122_124,r_22_102_91,seq79,r_22_102_91,0.99,-21,70,91,98
44,r_42_14_149,seq56,r_30_85_110,r_30_85_110,1.0,44,154,110,98
16,r_64_130_57,r_144_65_87,seq148,r_64_130_57,1.0,-1,56,57,98
23,r_22_102_91,r_88_122_124,seq80,r_22_102_91,0.99,0,91,91,98
35,r_30_85_110,r_105_114_179,r_139_11_61,r_105_114_179,0.99,-67,112,179,98
12,r_120_83_80,seq8,seq9,r_120_83_80,1.0,0,80,80,98
93,seq105,r_66_103_84,seq29,r_66_103_84,0.93,-9,75,84,99
30,r_68_148_172,seq71,r_5_127_97,r_68_148_172,0.45,0,172,172,99
18,r_125_110_59,r_67_131_98,seq117,r_125_110_59,1.0,0,59,59,99
36,r_25_124_173,r_109_2_175,r_138_11_8,r_25_124_173,0.48,2,175,173,99
14,r_42_111_76,seq62,r_80_26_15,r_42_111_76,1.0,0,76,76,99
8,r_32_24_160,r_109_2_175,r_17_50_30,r_109_2_175,0.69,-15,160,175,99
83,seq85,r_57_61_105,seq71,r_57_61_105,1.0,1,106,105,99
23,r_17_50_30,r_36_123_166,seq118,r_17_50_30,0.99,1,31,30,99
16,r_45_22_104,r_149_69_169,seq117,r_45_22_104,0.93,0,104,104,99
39,r_57_61_105,seq85,r_34_79_67,r_57_61_105,1.0,1,106,105,99
1,r_44_91_2,r_1_121_147,r_115_140_125,r_44_91_2,0.83,124,126,2,99
5,r_21_116_120,seq54,seq143,r_21_116_120,0.99,1,121,120,99
45,r_5_127_97,seq29,seq141,r_5_127_97,0.96,0,97,97,99
44,r_136_122_57,seq0,r_48_12_14,r_136_122_57,1.0,0,57,57,99
3,r_8_3_128,r_97_82_183,r_93_27_28,r_8_3_128,0.96,0,128,128,99
10,r_53_51_122,seq0,seq83,r_53_51_122,0.98,0,122,122,99
48,r_80_26_15,r_21_116_120,seq58,r_80_26_15,0.61,0,15,15,99
2,r_97_82_183,r_128_41_94,r_67_131_98,r_97_82_183,0.87,1,184,183,99
13,r_128_41_94,seq92,seq143,r_128_41_94,1.0,0,94,94,99
15,r_114_81_129,r_95_101_191,seq99,r_114_81_129,1.0,0,129,129,99
6,r_67_131_98,r_35_23_164,r_16_14_56,r_35_23_164,1.0,-66,98,164,99
19,r_93_27_28,r_66_103_84,seq64,r_93_27_28,1.0,1,29,28,99
99,seq126,r_20_108_133,r_15_147_17,r_20_108_133,0.98,1,134,133,99
27,r_20_108_133,seq126,seq118,r_20_108_133,0.76,1,134,133,99
42,r_19_87_199,seq139,r_60_120_44,r_60_120_44,1.0,1,45,44,99
2,r_97_82_183,r_8_3_128,r_128_41_94,r_97_82_183,0.92,-58,125,183,99
41,r_16_14_56,r_115_140_125,r_67_131_98,r_115_140_125,0.79,0,125,125,99
40,r_78_137_111,seq143,r_34_79_67,r_78_137_111,0.99,0,111,111,99
84,seq88,r_36_123_166,r_43_86_22,r_43_86_22,1.0,-1,21,22,99
29,r_1_121_147,seq99,r_138_11_8,r_1_121_147,0.9,2,149,147,99
24,r_73_46_79,r_36_123_166,seq129,r_73_46_79,0.92,-8,71,79,99
33,r_134_49_138,seq144,seq7,r_134_49_138,0.97,1,139,138,99
11,r_36_123_166,r_73_46_79,seq65,r_73_46_79,0.95,-20,59,79,99
70,seq58,r_133_28_190,r_21_116_120,r_21_116_120,1.0,70,190,120,99
61,seq29,r_5_127_97,seq105,r_5_127_97,0.64,1,98,97,99
32,r_115_140_125,seq126,r_44_91_2,r_115_140_125,0.83,0,125,125,99
38,r_31_47_149,seq77,r_34_79_67,r_31_47_149,0.88,-1,148,149,99
77,seq71,r_68_148_172,seq85,r_68_148_172,0.99,0,172,172,99
22,r_48_12_14,r_42_111_76,seq90,r_48_12_14,0.7,0,14,14,99
74,seq64,r_19_87_199,r_93_27_28,r_93_27_28,1.0,1,29,28,99
34,r_34_79_67,seq90,seq37,r_34_79_67,1.0,0,67,67,99
9,r_89_98_51,r_133_28_190,seq99,r_89_98_51,1.0,0,51,51,99
25,r_43_86_22,seq74,seq88,r_43_86_22,1.0,0,22,22,99
43,r_145_146_55,r_8_3_128,seq62,r_145_146_55,1.0,-1,54,55,99
81,seq77,r_31_47_149,seq38,r_31_47_149,0.69,2,151,149,99
17,r_30_72_109,r_68_148_172,r_42_111_76,r_30_72_109,0.98,0,109,109,99
49,r_13_6_77,r_44_91_2,seq9,r_13_6_77,1.0,0,77,77,99
56,seq139,seq64,r_18_10_96,r_18_10_96,0.99,0,96,96,99
41,r_16_14_56,r_67_131_98,r_115_140_125,r_16_14_56,0.82,-1,55,56,99
21,r_60_120_44,r_109_2_175,r_19_87_199,r_60_120_44,1.0,0,44,44,99
