9,r_56_152_103,r_41_150_130,seq37,r_56_152_103,0.99,1,104,103,0
14,r_11_70_159,r_41_150_130,r_18_52_142,r_41_150_130,0.57,29,159,130,0
8,r_120_49_89,seq153,seq61,r_120_49_89,0.99,3,92,89,0
53,r_3_71_97,r_18_52_142,r_138_94_71,r_3_71_97,0.58,1,98,97,0
59,r_25_81_188,r_133_51_96,r_56_152_103,r_25_81_188,0.93,0,188,188,0
37,r_43_12_2,r_118_10_108,seq112,r_118_10_108,0.99,2,110,108,0
59,r_25_81_188,seq104,r_133_51_96,r_133_51_96,0.94,36,132,96,0
55,r_126_46_70,r_143_13_27,r_159_97_63,r_126_46_70,1.0,0,70,70,0
71,seq23,r_127_99_102,r_138_94_71,r_127_99_102,1.0,0,102,102,0
16,r_55_63_160,r_43_12_2,r_144_42_45,r_43_12_2,0.75,158,160,2,0
21,r_133_51_96,r_54_134_101,r_25_81_188,r_133_51_96,0.83,0,96,96,0
39,r_119_122_195,r_18_52_142,r_126_46_70,r_126_46_70,0.95,28,98,70,0
54,r_58_59_41,r_41_150_130,seq141,r_58_59_41,0.93,3,44,41,0
5,r_0_33_187,r_85_96_191,r_93_125_38,r_0_33_187,0.39,0,187,187,0
42,r_82_44_193,r_148_8_155,r_131_95_47,r_131_95_47,1.0,82,129,47,0
1,r_131_95_47,r_108_62_129,seq20,r_131_95_47,1.0,0,47,47,0
31,r_72_149_148,r_14_111_172,r_127_99_102,r_14_111_172,0.95,-24,148,172,0
41,r_148_8_155,r_82_44_193,seq147,r_82_44_193,0.76,-38,155,193,0
3,r_138_94_71,r_91_100_173,seq23,r_138_94_71,0.89,11,82,71,0
10,r_159_97_63,r_110_66_68,r_154_132_196,r_159_97_63,0.59,0,63,63,0
87,seq61,r_38_155_53,r_89_113_11,r_38_155_53,0.89,0,53,53,0
72,seq24,r_102_64_123,r_54_134_101,r_54_134_101,0.98,24,125,101,0
11,r_18_52_142,r_154_132_196,r_54_134_101,r_154_132_196,0.83,-54,142,196,0
20,r_45_17_84,r_108_62_129,seq27,r_108_62_129,0.57,-45,84,129,0
15,r_142_139_87,seq50,seq76,r_142_139_87,0.83,0,87,87,0
48,r_69_114_125,seq37,r_131_95_47,r_69_114_125,0.89,0,125,125,0
13,r_19_106_35,seq107,seq40,r_19_106_35,0.85,2,37,35,0
57,r_90_4_78,seq27,r_110_66_68,r_110_66_68,1.0,11,79,68,0
6,r_79_158_37,r_56_152_103,r_146_26_28,r_79_158_37,0.8,0,37,37,0
89,seq141,seq30,r_58_59_41,r_58_59_41,0.63,0,41,41,0
9,r_56_152_103,r_79_158_37,r_41_150_130,r_79_158_37,0.94,0,37,37,0
62,seq2,r_75_34_194,r_127_99_102,r_127_99_102,1.0,4,106,102,0
21,r_133_51_96,r_25_81_188,r_28_123_151,r_28_123_151,0.98,37,188,151,0
49,r_89_113_11,r_19_106_35,seq61,r_89_113_11,0.9,4,15,11,0
0,r_102_64_123,seq24,r_90_4_78,r_102_64_123,0.57,-6,117,123,0
27,r_48_1_62,seq80,r_151_6_4,r_151_6_4,0.68,66,70,4,0
2,r_118_10_108,r_43_12_2,r_11_70_159,r_118_10_108,0.72,2,110,108,0
47,r_117_31_82,r_124_22_161,seq107,r_117_31_82,0.93,0,82,82,0
40,r_108_62_129,seq153,seq7,r_108_62_129,0.74,0,129,129,0
18,r_124_22_161,seq156,r_41_150_130,r_124_22_161,0.74,0,161,161,0
26,r_146_26_28,r_159_97_63,r_143_13_27,r_146_26_28,1.0,0,28,28,0
88,seq76,r_144_42_45,r_142_139_87,r_142_139_87,1.0,7,94,87,0
33,r_38_155_53,seq61,seq76,r_38_155_53,1.0,0,53,53,0
58,r_84_135_99,seq61,r_65_67_86,r_65_67_86,0.67,16,102,86,0
70,seq21,r_84_135_99,r_120_49_89,r_120_49_89,0.9,19,108,89,0
32,r_154_132_196,r_18_52_142,r_159_97_63,r_154_132_196,0.85,-98,98,196,0
36,r_85_96_191,r_47_88_104,r_151_6_4,r_151_6_4,0.71,17,21,4,0
34,r_14_111_172,r_140_5_118,r_108_62_129,r_108_62_129,0.67,43,172,129,0
51,r_115_105_50,r_148_8_155,r_93_125_38,r_115_105_50,0.6,0,50,50,0
75,seq156,r_124_22_161,r_93_125_38,r_93_125_38,1.0,126,164,38,0
2,r_118_10_108,r_11_70_159,r_127_99_102,r_11_70_159,1.0,0,159,159,0
46,r_93_125_38,r_16_157_156,seq103,r_93_125_38,1.0,0,38,38,0
17,r_127_99_102,seq23,seq2,r_127_99_102,0.94,0,102,102,0
22,r_74_68_180,seq129,seq116,r_74_68_180,0.48,0,180,180,0
56,r_65_67_86,seq129,seq39,r_65_67_86,1.0,0,86,86,0
7,r_47_88_104,r_85_96_191,seq76,r_47_88_104,0.4,37,141,104,0
23,r_78_77_133,seq104,r_48_1_62,r_78_77_133,0.89,-1,132,133,0
12,r_41_150_130,r_11_70_159,r_75_34_194,r_41_150_130,0.47,7,137,130,0
15,r_152_24_49,r_79_134_107,seq50,r_152_24_49,1.0,0,49,49,1
30,r_28_65_164,seq118,r_78_16_103,r_78_16_103,0.9,61,164,103,1
51,r_126_51_97,seq157,r_25_125_30,r_126_51_97,1.0,0,97,97,1
14,r_49_124_87,r_45_99_14,r_89_69_26,r_49_124_87,0.97,-3,84,87,1
8,r_6_102_182,r_90_21_83,seq139,r_90_21_83,0.94,3,86,83,1
53,r_46_95_68,r_154_115_70,seq0,r_46_95_68,0.99,1,69,68,1
54,r_133_76_12,r_141_19_177,r_151_132_37,r_151_132_37,0.68,40,77,37,1
83,seq68,r_103_135_84,r_96_137_131,r_103_135_84,0.99,2,86,84,1
34,r_54_122_44,r_55_75_75,seq148,r_54_122_44,0.7,1,45,44,1
37,r_84_119_135,seq52,seq153,r_84_119_135,0.41,4,139,135,1
71,seq20,r_110_33_167,r_111_146_23,r_111_146_23,0.69,52,75,23,1
86,seq80,r_5_41_111,seq35,r_5_41_111,1.0,0,111,111,1
16,r_78_16_103,r_84_119_135,seq148,r_78_16_103,0.98,0,103,103,1
21,r_113_43_120,r_141_19_177,seq140,r_141_19_177,0.7,-36,141,177,1
97,seq118,r_28_65_164,r_8_128_74,r_8_128_74,0.93,90,164,74,1
24,r_31_73_57,r_55_75_75,seq139,r_31_73_57,1.0,0,57,57,1
5,r_55_75_75,r_93_106_9,seq17,r_55_75_75,0.71,3,78,75,1
46,r_5_41_111,r_92_47_80,seq80,r_92_47_80,0.95,5,85,80,1
42,r_8_128_74,r_6_102_182,seq118,r_8_128_74,1.0,1,75,74,1
7,r_110_33_167,r_111_146_23,r_129_101_66,r_111_146_23,0.7,145,168,23,1
36,r_18_26_28,r_143_32_157,seq114,r_18_26_28,0.99,0,28,28,1
19,r_154_115_70,r_145_144_104,seq27,r_154_115_70,0.99,7,77,70,1
95,seq148,r_143_32_157,r_78_16_103,r_78_16_103,0.57,48,151,103,1
41,r_62_88_150,r_63_4_194,seq3,r_62_88_150,0.81,0,150,150,1
67,seq13,r_59_23_112,r_129_101_66,r_59_23_112,1.0,1,113,112,1
3,r_48_58_118,r_72_10_4,r_31_73_57,r_48_58_118,0.97,0,118,118,1
10,r_40_117_77,r_89_69_26,r_72_10_4,r_40_117_77,1.0,0,77,77,1
26,r_127_116_78,r_156_15_82,r_61_159_15,r_127_116_78,1.0,0,78,78,1
8,r_6_102_182,seq139,r_61_159_15,r_6_102_182,0.78,0,182,182,1
78,seq50,r_11_70_149,r_152_24_49,r_152_24_49,0.56,52,101,49,1
0,r_37_36_125,seq98,seq139,r_37_36_125,1.0,0,125,125,1
46,r_5_41_111,seq80,r_45_99_14,r_5_41_111,1.0,0,111,111,1
20,r_145_144_104,r_154_115_70,r_86_97_129,r_154_115_70,0.74,18,88,70,1
48,r_30_56_93,r_12_34_187,seq138,r_30_56_93,0.84,0,93,93,1
10,r_40_117_77,r_38_60_178,r_89_69_26,r_89_69_26,1.0,8,34,26,1
96,seq114,r_156_15_82,r_18_26_28,r_18_26_28,1.0,0,28,28,1
85,seq77,r_49_124_87,r_90_21_83,r_49_124_87,1.0,0,87,87,1
9,r_22_109_8,r_93_106_9,r_152_24_49,r_22_109_8,0.59,95,103,8,1
87,seq81,r_129_101_66,r_11_70_149,r_11_70_149,0.56,0,149,149,1
40,r_155_74_101,r_108_87_117,r_130_67_154,r_155_74_101,1.0,0,101,101,1
18,r_45_99_14,r_49_124_87,r_90_21_83,r_49_124_87,1.0,0,87,87,1
29,r_147_91_73,r_42_44_144,seq105,r_147_91_73,1.0,0,73,73,1
47,r_89_69_26,r_38_60_178,r_49_124_87,r_38_60_178,0.99,0,178,178,1
25,r_11_70_149,seq50,seq81,r_11_70_149,0.9,1,150,149,1
43,r_111_146_23,r_110_33_167,seq20,r_110_33_167,0.83,-76,91,167,1
33,r_92_47_80,r_5_41_111,r_86_97_129,r_92_47_80,0.6,5,85,80,1
50,r_59_23_112,seq13,r_108_87_117,r_59_23_112,0.92,1,113,112,1
58,r_72_10_4,r_48_58_118,r_40_117_77,r_72_10_4,0.97,114,118,4,1
38,r_143_32_157,seq148,r_156_15_82,r_143_32_157,0.61,0,157,157,1
52,r_79_134_107,r_6_102_182,r_30_56_93,r_79_134_107,1.0,0,107,107,1
45,r_25_125_30,r_156_15_82,seq98,r_25_125_30,1.0,0,30,30,1
7,r_110_33_167,seq20,r_111_146_23,r_111_146_23,1.0,20,43,23,1
17,r_38_60_178,r_40_117_77,r_89_69_26,r_40_117_77,0.61,0,77,77,1
43,r_111_146_23,r_42_44_144,r_110_33_167,r_111_146_23,1.0,0,23,23,1
9,r_22_109_8,r_11_70_149,r_93_106_9,r_22_109_8,0.67,55,63,8,1
22,r_64_107_55,seq157,seq83,r_64_107_55,1.0,0,55,55,1
28,r_141_19_177,r_133_76_12,r_86_97_129,r_141_19_177,0.59,1,178,177,1
49,r_150_2_148,r_108_87_117,r_156_15_82,r_108_87_117,0.97,1,118,117,1
47,r_89_69_26,r_40_117_77,r_38_60_178,r_40_117_77,1.0,1,78,77,1
56,r_90_21_83,r_6_102_182,seq77,r_90_21_83,0.77,3,86,83,1
44,r_103_135_84,seq68,r_46_95_68,r_103_135_84,0.66,0,84,84,1
13,r_151_132_37,r_49_124_87,r_133_76_12,r_151_132_37,0.91,1,38,37,1
23,r_86_97_129,r_30_56_93,r_92_47_80,r_86_97_129,0.94,-36,93,129,1
17,r_38_60_178,r_89_69_26,r_86_97_129,r_38_60_178,0.49,0,178,178,1
47,r_89_69_26,r_61_159_15,r_40_117_77,r_89_69_26,0.99,0,26,26,1
35,r_108_87_117,r_150_2_148,r_30_56_93,r_108_87_117,1.0,1,118,117,1
12,r_156_15_82,seq14,r_18_26_28,r_18_26_28,0.99,58,86,28,1
93,seq115,r_64_8_108,r_84_38_46,r_64_8_108,0.81,-21,87,108,2
28,r_156_120_43,r_138_57_112,seq85,r_156_120_43,0.92,0,43,43,2
30,r_11_29_109,seq137,seq41,r_11_29_109,0.99,0,109,109,2
36,r_123_152_69,r_11_29_109,seq39,r_123_152_69,0.8,1,70,69,2
9,r_151_48_48,r_136_79_159,r_59_21_42,r_151_48_48,0.62,111,159,48,2
92,seq114,seq37,r_136_79_159,r_136_79_159,0.94,12,171,159,2
69,seq23,r_87_109_68,r_112_88_18,r_87_109_68,1.0,-13,55,68,2
14,r_139_60_188,r_12_35_130,seq69,r_12_35_130,0.8,-44,86,130,2
11,r_146_18_27,r_14_31_183,r_145_110_193,r_146_18_27,0.99,2,29,27,2
10,r_132_19_35,r_153_157_57,seq47,r_132_19_35,0.64,5,40,35,2
43,r_145_110_193,r_87_109_68,r_146_18_27,r_87_109_68,0.87,2,70,68,2
37,r_91_93_19,r_87_109_68,seq41,r_91_93_19,0.92,5,24,19,2
54,r_96_95_66,seq37,seq74,r_96_95_66,1.0,1,67,66,2
94,seq117,seq143,r_111_83_65,r_111_83_65,0.94,0,65,65,2
55,r_116_32_116,r_136_79_159,seq37,r_116_32_116,0.57,0,116,116,2
12,r_59_21_42,r_142_106_161,r_49_4_2,r_59_21_42,1.0,0,42,42,2
16,r_67_68_160,r_108_122_157,r_51_77_50,r_51_77_50,0.67,109,159,50,2
1,r_136_79_159,r_113_40_128,r_151_48_48,r_151_48_48,0.84,80,128,48,2
6,r_84_38_46,seq50,seq115,r_84_38_46,0.74,3,49,46,2
45,r_12_35_130,r_139_60_188,r_11_29_109,r_11_29_109,0.87,22,131,109,2
25,r_104_135_40,r_116_32_116,seq114,r_104_135_40,1.0,1,41,40,2
2,r_51_77_50,r_49_4_2,seq5,r_51_77_50,1.0,0,50,50,2
9,r_151_48_48,seq37,r_136_79_159,r_151_48_48,1.0,0,48,48,2
95,seq118,seq41,r_129_0_146,r_129_0_146,0.99,9,155,146,2
46,r_112_88_18,r_51_77_50,seq23,r_51_77_50,0.91,-30,20,50,2
31,r_134_24_87,seq102,r_107_94_192,r_134_24_87,0.55,0,87,87,2
57,r_148_140_45,r_64_8_108,r_10_81_169,r_148_140_45,0.98,0,45,45,2
41,r_10_81_169,r_78_16_156,r_148_140_45,r_148_140_45,1.0,111,156,45,2
67,seq149,seq144,r_13_141_38,r_13_141_38,1.0,31,69,38,2
3,r_44_7_181,seq56,r_91_93_19,r_91_93_19,0.76,162,181,19,2
1,r_136_79_159,r_151_48_48,seq114,r_136_79_159,0.99,6,165,159,2
26,r_111_83_65,seq15,seq117,r_111_83_65,1.0,0,65,65,2
47,r_158_53_174,r_133_65_54,r_126_62_191,r_133_65_54,1.0,4,58,54,2
4,r_14_31_183,seq50,r_10_81_169,r_14_31_183,0.23,1,184,183,2
0,r_138_57_112,r_67_68_160,seq130,r_138_57_112,1.0,0,112,112,2
20,r_142_106_161,r_9_105_93,r_51_77_50,r_51_77_50,1.0,52,102,50,2
48,r_52_80_165,r_1_71_182,seq50,r_52_80_165,0.78,0,165,165,2
61,seq3,seq130,r_82_147_16,r_82_147_16,0.93,10,26,16,2
27,r_98_90_131,r_44_7_181,r_84_38_46,r_98_90_131,0.86,0,131,131,2
19,r_128_150_33,r_44_7_181,r_159_63_13,r_128_150_33,0.89,1,34,33,2
52,r_1_71_182,r_151_48_48,r_44_7_181,r_1_71_182,0.67,1,183,182,2
51,r_159_63_13,r_66_154_107,r_128_150_33,r_66_154_107,0.92,0,107,107,2
74,seq37,seq114,r_116_32_116,r_116_32_116,1.0,12,128,116,2
29,r_2_6_172,seq85,r_111_83_65,r_111_83_65,0.78,109,174,65,2
61,seq3,r_82_147_16,r_10_81_169,r_82_147_16,0.27,163,179,16,2
24,r_87_109_68,r_145_110_193,seq26,r_87_109_68,1.0,2,70,68,2
33,r_9_105_93,r_142_106_161,r_104_135_40,r_9_105_93,0.64,21,114,93,2
47,r_158_53_174,r_126_62_191,r_123_152_69,r_158_53_174,0.67,6,180,174,2
22,r_82_147_16,r_64_8_108,seq3,r_82_147_16,0.99,0,16,16,2
50,r_78_16_156,r_10_81_169,r_134_24_87,r_10_81_169,0.38,-13,156,169,2
58,r_33_72_144,seq15,seq25,r_33_72_144,0.96,3,147,144,2
70,seq25,r_67_68_160,r_33_72_144,r_33_72_144,0.6,3,147,144,2
20,r_142_106_161,r_51_77_50,r_112_88_18,r_142_106_161,1.0,1,162,161,2
68,seq22,seq155,r_61_42_142,r_61_42_142,0.86,1,143,142,2
32,r_129_0_146,r_2_6_172,seq118,r_129_0_146,0.94,1,147,146,2
38,r_124_20_124,r_145_110_193,seq143,r_124_20_124,0.96,1,125,124,2
52,r_1_71_182,r_52_80_165,r_151_48_48,r_151_48_48,0.99,117,165,48,2
57,r_148_140_45,r_10_81_169,r_142_106_161,r_148_140_45,0.51,125,170,45,2
34,r_153_157_57,r_132_19_35,seq130,r_153_157_57,0.72,17,74,57,2
75,seq39,r_36_103_175,r_123_152_69,r_123_152_69,1.0,106,175,69,2
51,r_159_63_13,r_107_94_192,r_66_154_107,r_159_63_13,1.0,0,13,13,2
81,seq56,r_44_7_181,r_54_131_97,r_54_131_97,0.61,84,181,97,2
17,r_64_8_108,r_61_42_142,r_66_154_107,r_61_42_142,1.0,-34,108,142,2
25,r_104_135_40,seq114,r_113_40_128,r_113_40_128,1.0,0,128,128,2
53,r_133_65_54,r_158_53_174,seq17,r_133_65_54,1.0,1,55,54,2
31,r_134_24_87,r_107_94_192,r_78_16_156,r_78_16_156,0.76,6,162,156,2
37,r_91_93_19,seq41,r_153_157_57,r_153_157_57,0.63,47,104,57,2
41,r_10_81_169,r_148_140_45,seq3,r_10_81_169,0.82,1,170,169,2
8,r_13_141_38,seq117,seq149,r_13_141_38,1.0,0,38,38,2
56,r_126_62_191,r_158_53_174,r_58_86_195,r_126_62_191,0.36,-10,181,191,2
7,r_54_131_97,seq74,seq43,r_54_131_97,0.69,0,97,97,2
44,r_108_122_157,r_67_68_160,seq85,r_67_68_160,0.45,-3,157,160,2
23,r_61_42_142,seq17,seq22,r_61_42_142,0.71,0,142,142,2
79,seq47,seq69,r_132_19_35,r_132_19_35,0.84,5,40,35,2
94,seq117,r_13_141_38,seq143,r_13_141_38,0.75,0,38,38,2
35,r_113_40_128,r_136_79_159,r_104_135_40,r_136_79_159,0.83,-31,128,159,2
30,r_65_38_170,seq31,r_55_110_105,r_55_110_105,1.0,65,170,105,3
51,r_155_73_153,r_114_153_188,r_23_76_101,r_114_153_188,0.7,-35,153,188,3
36,r_74_68_184,r_39_156_18,r_67_98_124,r_74_68_184,0.99,0,184,184,3
36,r_74_68_184,seq147,r_39_156_18,r_39_156_18,0.96,116,134,18,3
8,r_136_40_102,r_2_86_146,r_145_9_60,r_145_9_60,1.0,2,62,60,3
53,r_80_104_12,r_135_44_70,seq115,r_135_44_70,0.62,0,70,70,3
43,r_84_157_166,r_106_121_134,r_67_98_124,r_67_98_124,0.6,11,135,124,3
23,r_92_63_27,r_132_12_178,seq1,r_92_63_27,0.84,-4,23,27,3
54,r_23_76_101,seq3,seq126,r_23_76_101,1.0,0,101,101,3
55,r_145_9_60,seq3,r_2_86_146,r_145_9_60,0.96,3,63,60,3
42,r_21_123_30,r_138_45_48,r_15_53_145,r_21_123_30,0.99,0,30,30,3
5,r_11_129_82,seq1,seq29,r_11_129_82,0.93,1,83,82,3
46,r_47_30_161,seq147,r_42_159_3,r_47_30_161,0.46,0,161,161,3
1,r_137_7_52,r_23_76_101,r_14_69_62,r_23_76_101,1.0,1,102,101,3
32,r_81_34_72,r_114_153_188,r_42_159_3,r_114_153_188,0.74,-18,170,188,3
45,r_2_86_146,r_136_40_102,r_145_9_60,r_2_86_146,0.8,-44,102,146,3
57,r_138_45_48,seq33,seq28,r_138_45_48,0.79,1,49,48,3
11,r_67_98_124,r_37_130_150,seq154,r_67_98_124,1.0,0,124,124,3
95,seq107,r_43_17_108,r_133_46_67,r_43_17_108,0.96,-9,99,108,3
41,r_5_131_160,seq29,r_27_152_110,r_27_152_110,0.86,50,160,110,3
43,r_84_157_166,r_67_98_124,seq94,r_84_157_166,0.9,0,166,166,3
3,r_114_153_188,r_15_53_145,r_42_159_3,r_114_153_188,0.38,-27,161,188,3
10,r_142_108_79,seq59,r_132_12_178,r_142_108_79,1.0,0,79,79,3
26,r_132_12_178,seq95,r_142_108_79,r_142_108_79,1.0,10,89,79,3
37,r_116_151_19,r_39_156_18,r_138_45_48,r_39_156_18,0.49,1,19,18,3
55,r_145_9_60,r_67_98_124,r_112_56_162,r_112_56_162,0.49,1,163,162,3
4,r_10_49_97,seq57,seq6,r_10_49_97,1.0,0,97,97,3
0,r_42_159_3,r_114_153_188,r_78_122_93,r_78_122_93,1.0,62,155,93,3
11,r_67_98_124,r_14_69_62,r_37_130_150,r_14_69_62,1.0,1,63,62,3
20,r_19_82_118,r_5_131_160,seq154,r_19_82_118,1.0,1,119,118,3
13,r_113_158_104,r_109_120_191,seq0,r_113_158_104,1.0,0,104,104,3
48,r_22_32_86,r_20_102_96,r_72_148_63,r_22_32_86,0.67,0,86,86,3
3,r_114_153_188,r_42_159_3,r_112_56_162,r_114_153_188,0.87,1,189,188,3
44,r_90_128_1,r_135_44_70,r_106_121_134,r_106_121_134,1.0,5,139,134,3
14,r_39_156_18,r_99_13_31,r_97_140_15,r_39_156_18,1.0,1,19,18,3
8,r_136_40_102,r_145_9_60,r_90_128_1,r_136_40_102,1.0,0,102,102,3
10,r_142_108_79,r_132_12_178,r_136_40_102,r_142_108_79,0.92,99,178,79,3
27,r_96_58_64,r_27_152_110,r_139_103_13,r_27_152_110,0.94,-45,65,110,3
1,r_137_7_52,r_100_119_117,r_23_76_101,r_137_7_52,1.0,1,53,52,3
2,r_106_121_134,seq154,r_90_128_1,r_106_121_134,0.99,1,135,134,3
52,r_89_71_122,r_99_13_31,seq24,r_89_71_122,1.0,0,122,122,3
59,r_18_25_45,seq147,r_144_143_133,r_144_143_133,0.97,1,134,133,3
40,r_112_56_162,r_65_38_170,r_145_9_60,r_112_56_162,0.86,1,163,162,3
18,r_111_127_176,seq107,r_136_40_102,r_136_40_102,1.0,74,176,102,3
29,r_88_83_121,r_132_12_178,r_135_44_70,r_135_44_70,0.8,26,96,70,3
59,r_18_25_45,r_142_108_79,seq147,r_18_25_45,0.89,0,45,45,3
35,r_27_152_110,seq28,r_5_131_160,r_5_131_160,0.87,10,170,160,3
33,r_133_46_67,r_112_56_162,seq107,r_133_46_67,0.62,5,72,67,3
50,r_66_26_78,seq1,seq41,r_66_26_78,0.98,0,78,78,3
58,r_144_143_133,r_5_131_160,r_18_25_45,r_144_143_133,0.73,5,138,133,3
32,r_81_34_72,r_37_130_150,r_114_153_188,r_81_34_72,1.0,0,72,72,3
38,r_78_122_93,r_132_12_178,r_42_159_3,r_78_122_93,1.0,2,95,93,3
52,r_89_71_122,r_27_152_110,r_99_13_31,r_99_13_31,0.58,46,77,31,3
19,r_61_141_50,r_96_58_64,seq1,r_61_141_50,0.96,0,50,50,3
6,r_139_103_13,seq54,seq147,r_139_103_13,0.7,2,15,13,3
29,r_88_83_121,r_135_44_70,r_66_26_78,r_88_83_121,0.82,4,125,121,3
75,seq31,r_112_56_162,r_88_83_121,r_112_56_162,0.78,1,163,162,3
60,seq0,seq59,r_113_158_104,r_113_158_104,1.0,8,112,104,3
17,r_15_53_145,r_114_153_188,r_21_123_30,r_21_123_30,1.0,135,165,30,3
9,r_135_44_70,r_80_104_12,seq105,r_135_44_70,0.89,0,70,70,3
45,r_2_86_146,r_145_9_60,seq115,r_2_86_146,1.0,0,146,146,3
26,r_132_12_178,r_142_108_79,r_42_159_3,r_132_12_178,0.77,0,178,178,3
91,seq94,r_70_64_58,seq29,r_70_64_58,1.0,0,58,58,3
34,r_99_13_31,r_145_9_60,seq60,r_99_13_31,1.0,1,32,31,3
28,r_72_148_63,r_37_130_150,seq57,r_72_148_63,0.95,3,66,63,3
24,r_97_140_15,r_2_86_146,r_75_35_4,r_97_140_15,1.0,0,15,15,3
49,r_55_110_105,seq59,seq149,r_55_110_105,1.0,0,105,105,3
12,r_70_64_58,seq94,seq24,r_70_64_58,1.0,0,58,58,3
7,r_20_102_96,seq50,seq4,r_20_102_96,1.0,0,96,96,3
44,r_90_128_1,r_132_12_178,r_135_44_70,r_135_44_70,0.8,24,94,70,3
84,seq59,r_142_108_79,seq0,r_142_108_79,1.0,1,80,79,3
55,r_145_9_60,r_2_86_146,r_67_98_124,r_67_98_124,0.8,22,146,124,3
30,r_32_76_133,r_73_22_135,r_72_101_93,r_32_76_133,0.91,0,133,133,4
44,r_65_52_180,seq130,r_144_27_156,r_65_52_180,0.74,0,180,180,4
19,r_33_115_43,seq109,r_71_104_142,r_33_115_43,1.0,0,43,43,4
36,r_8_80_115,seq15,seq95,r_8_80_115,0.98,5,120,115,4
8,r_83_156_92,r_107_1_175,seq113,r_83_156_92,0.94,0,92,92,4
53,r_102_94_113,r_87_98_3,r_100_133_107,r_100_133_107,0.88,10,117,107,4
54,r_73_22_135,r_32_76_133,r_118_42_33,r_73_22_135,0.99,0,135,135,4
37,r_111_23_158,r_87_98_3,r_8_80_115,r_8_80_115,0.96,46,161,115,4
59,r_92_159_95,seq128,r_33_115_43,r_92_159_95,0.99,0,95,95,4
19,r_33_115_43,r_71_104_142,r_92_159_95,r_33_115_43,1.0,77,120,43,4
55,r_37_120_78,r_48_35_100,seq20,r_37_120_78,0.95,0,78,78,4
16,r_110_41_68,seq4,r_103_5_17,r_110_41_68,1.0,0,68,68,4
39,r_121_49_136,seq128,r_116_64_74,r_116_64_74,0.89,62,136,74,4
1,r_100_133_107,r_71_104_142,seq53,r_100_133_107,0.68,0,107,107,4
46,r_67_43_169,seq79,r_8_80_115,r_8_80_115,0.98,60,175,115,4
42,r_89_99_125,r_107_1_175,seq58,r_89_99_125,0.98,1,126,125,4
45,r_103_5_17,r_129_138_81,r_118_42_33,r_103_5_17,0.92,25,42,17,4
41,r_134_137_26,r_158_7_123,seq63,r_134_137_26,1.0,4,30,26,4
15,r_59_26_23,seq58,r_124_3_188,r_124_3_188,0.59,-12,176,188,4
33,r_140_119_48,seq117,r_48_35_100,r_48_35_100,0.36,57,157,100,4
95,seq106,r_158_7_123,r_87_98_3,r_158_7_123,0.62,-11,112,123,4
31,r_46_82_162,seq148,r_127_112_44,r_46_82_162,0.73,0,162,162,4
3,r_16_139_161,seq6,r_126_154_127,r_16_139_161,0.4,1,162,161,4
45,r_103_5_17,r_33_115_43,r_129_138_81,r_103_5_17,0.75,-1,16,17,4
15,r_59_26_23,r_129_138_81,seq58,r_59_26_23,0.9,0,23,23,4
26,r_114_55_178,r_71_104_142,r_118_42_33,r_114_55_178,0.95,-36,142,178,4
14,r_105_66_24,r_25_0_144,seq113,r_105_66_24,1.0,0,24,24,4
4,r_48_35_100,seq117,r_71_104_142,r_71_104_142,0.97,11,153,142,4
58,r_132_10_46,seq18,seq60,r_132_10_46,0.96,0,46,46,4
33,r_140_119_48,r_71_104_142,seq117,r_140_119_48,1.0,0,48,48,4
0,r_25_0_144,seq117,r_17_149_5,r_25_0_144,0.7,0,144,144,4
11,r_93_90_151,r_111_23_158,seq39,r_93_90_151,0.63,0,151,151,4
5,r_13_38_52,r_145_157_189,r_122_56_18,r_13_38_52,0.91,2,54,52,4
20,r_129_138_81,r_100_133_107,seq18,r_129_138_81,0.75,0,81,81,4
48,r_97_29_183,seq148,r_36_70_28,r_97_29_183,0.21,0,183,183,4
91,seq79,r_67_43_169,r_122_56_18,r_122_56_18,0.89,22,40,18,4
25,r_122_56_18,r_143_136_82,seq79,r_122_56_18,0.8,2,20,18,4
10,r_118_42_33,seq15,r_114_55_178,r_118_42_33,0.99,0,33,33,4
99,seq148,r_46_82_162,r_19_11_41,r_19_11_41,0.99,121,162,41,4
10,r_118_42_33,r_114_55_178,r_107_1_175,r_118_42_33,0.6,145,178,33,4
27,r_87_98_3,r_111_23_158,r_13_38_52,r_13_38_52,1.0,109,161,52,4
51,r_17_149_5,r_114_55_178,r_25_0_144,r_17_149_5,0.81,159,164,5,4
2,r_75_147_66,r_110_41_68,r_123_151_25,r_75_147_66,0.94,0,66,66,4
21,r_155_78_59,r_12_108_94,seq20,r_155_78_59,1.0,0,59,59,4
40,r_40_131_120,seq53,r_134_137_26,r_40_131_120,0.97,3,123,120,4
29,r_74_96_177,r_84_81_138,r_116_64_74,r_116_64_74,0.47,59,133,74,4
24,r_45_68_167,seq4,r_87_98_3,r_45_68_167,0.61,0,167,167,4
43,r_123_151_25,seq18,r_75_147_66,r_75_147_66,0.89,28,94,66,4
29,r_74_96_177,r_116_64_74,r_72_101_93,r_74_96_177,0.89,0,177,177,4
50,r_107_1_175,seq117,r_118_42_33,r_107_1_175,0.79,0,175,175,4
32,r_144_27_156,r_116_64_74,seq28,r_116_64_74,0.75,0,74,74,4
38,r_12_108_94,r_65_52_180,r_13_38_52,r_12_108_94,1.0,0,94,94,4
52,r_158_7_123,seq106,r_85_86_54,r_85_86_54,0.98,70,124,54,4
1,r_100_133_107,seq53,r_102_94_113,r_102_94_113,0.54,10,123,113,4
34,r_19_11_41,r_141_125_60,seq109,r_19_11_41,1.0,0,41,41,4
97,seq113,r_9_30_194,r_105_66_24,r_105_66_24,1.0,-2,22,24,4
17,r_141_125_60,seq128,r_123_151_25,r_141_125_60,1.0,0,60,60,4
94,seq95,seq18,r_8_80_115,r_8_80_115,0.97,5,120,115,4
9,r_126_154_127,r_25_0_144,seq4,r_126_154_127,0.95,0,127,127,4
18,r_36_70_28,r_40_131_120,seq15,r_36_70_28,1.0,0,28,28,4
22,r_71_104_142,r_114_55_178,r_48_35_100,r_71_104_142,0.85,0,142,142,4
49,r_72_101_93,seq142,seq6,r_72_101_93,1.0,0,93,93,4
47,r_127_112_44,seq62,seq47,r_127_112_44,1.0,0,44,44,4
26,r_114_55_178,r_118_42_33,r_34_44_116,r_114_55_178,0.7,0,178,178,4
56,r_84_81_138,r_74_96_177,r_33_115_43,r_84_81_138,0.95,1,139,138,4
7,r_34_44_116,r_48_35_100,seq18,r_34_44_116,0.65,1,117,116,4
44,r_65_52_180,r_12_108_94,seq130,r_12_108_94,1.0,-4,90,94,4
43,r_123_151_25,r_25_0_144,seq18,r_123_151_25,0.64,-3,22,25,4
23,r_143_136_82,seq18,seq113,r_143_136_82,0.97,0,82,82,4
35,r_116_64_74,r_144_27_156,seq15,r_116_64_74,1.0,0,74,74,4
9,r_143_55_140,r_142_53_32,r_110_83_111,r_143_55_140,1.0,1,141,140,5
14,r_119_103_148,seq133,r_74_65_96,r_119_103_148,0.82,0,148,148,5
8,r_7_52_63,r_78_137_99,r_109_19_61,r_109_19_61,0.73,2,63,61,5
53,r_13_128_146,r_131_124_192,seq21,r_13_128_146,0.85,1,147,146,5
54,r_109_19_61,r_119_103_148,seq56,r_109_19_61,0.82,1,62,61,5
71,seq155,seq140,r_73_43_74,r_73_43_74,1.0,6,80,74,5
21,r_29_14_109,r_143_55_140,seq48,r_29_14_109,1.0,0,109,109,5
1,r_92_66_101,seq125,seq17,r_92_66_101,1.0,1,102,101,5
97,seq122,r_108_64_179,r_16_147_133,r_108_64_179,0.45,3,182,179,5
5,r_111_32_90,seq4,r_34_37_70,r_34_37_70,1.0,20,90,70,5
46,r_151_68_155,r_86_138_156,r_10_121_150,r_151_68_155,0.82,0,155,155,5
7,r_102_18_181,r_75_41_39,r_123_91_67,r_102_18_181,0.7,0,181,181,5
39,r_71_95_27,r_1_6_144,seq58,r_71_95_27,1.0,0,27,27,5
19,r_146_84_2,r_1_6_144,r_74_65_96,r_1_6_144,0.94,0,144,144,5
6,r_50_80_124,r_40_87_132,seq90,r_50_80_124,1.0,0,124,124,5
17,r_117_105_62,r_10_121_150,r_24_132_129,r_24_132_129,0.64,1,130,129,5
76,seq39,r_42_25_93,r_159_100_36,r_42_25_93,0.94,-16,77,93,5
20,r_135_35_22,r_40_87_132,r_134_141_11,r_135_35_22,1.0,0,22,22,5
3,r_42_25_93,seq39,seq90,r_42_25_93,1.0,0,93,93,5
28,r_75_41_39,r_50_80_124,r_102_18_181,r_75_41_39,0.99,0,39,39,5
43,r_46_3_29,r_40_87_132,seq113,r_46_3_29,0.99,0,29,29,5
47,r_159_100_36,r_131_124_192,seq39,r_159_100_36,0.95,4,40,36,5
26,r_145_104_160,seq4,r_111_32_90,r_145_104_160,0.38,-10,150,160,5
51,r_97_89_16,seq33,seq36,r_97_89_16,0.8,4,20,16,5
4,r_106_130_91,seq56,r_74_65_96,r_106_130_91,0.97,0,91,91,5
0,r_123_91_67,seq112,r_97_89_16,r_123_91_67,0.97,0,67,67,5
11,r_15_79_186,seq107,r_13_128_146,r_15_79_186,0.37,0,186,186,5
13,r_74_65_96,seq90,seq67,r_74_65_96,0.56,18,114,96,5
48,r_26_11_188,seq9,r_123_91_67,r_123_91_67,0.57,122,189,67,5
37,r_77_136_165,r_2_96_37,seq149,r_2_96_37,0.99,0,37,37,5
6,r_50_80_124,r_129_82_86,r_40_87_132,r_129_82_86,1.0,1,87,86,5
27,r_78_137_99,r_16_147_133,r_142_53_32,r_16_147_133,0.84,-34,99,133,5
59,r_134_141_11,r_70_99_33,r_135_35_22,r_70_99_33,0.75,0,33,33,5
2,r_108_64_179,seq122,r_73_43_74,r_73_43_74,0.98,108,182,74,5
40,r_129_82_86,r_50_80_124,r_126_5_4,r_129_82_86,0.99,1,87,86,5
18,r_118_152_85,seq90,seq133,r_118_152_85,1.0,1,86,85,5
29,r_16_147_133,r_78_137_99,seq48,r_78_137_99,1.0,0,99,99,5
24,r_93_94_68,seq44,seq125,r_93_94_68,1.0,0,68,68,5
25,r_30_59_98,seq125,seq44,r_30_59_98,0.96,0,98,98,5
33,r_127_98_193,r_34_37_70,r_126_5_4,r_34_37_70,1.0,0,70,70,5
64,seq9,r_26_11_188,r_23_54_127,r_26_11_188,0.48,1,189,188,5
12,r_142_53_32,r_40_87_132,seq8,r_142_53_32,1.0,0,32,32,5
50,r_110_83_111,r_102_18_181,seq33,r_110_83_111,0.7,0,111,111,5
68,seq20,r_61_88_172,r_74_65_96,r_61_88_172,0.95,-95,77,172,5
32,r_1_6_144,r_146_84_2,r_117_105_62,r_1_6_144,0.6,0,144,144,5
37,r_77_136_165,seq140,r_10_121_150,r_77_136_165,0.71,-5,160,165,5
38,r_23_54_127,seq4,r_46_3_29,r_46_3_29,0.81,102,131,29,5
52,r_24_132_129,r_26_11_188,r_117_105_62,r_26_11_188,0.98,-59,129,188,5
59,r_134_141_11,r_127_98_193,r_70_99_33,r_134_141_11,0.82,0,11,11,5
17,r_117_105_62,seq56,seq112,r_117_105_62,0.7,0,62,62,5
9,r_143_55_140,r_29_14_109,r_142_53_32,r_143_55_140,0.96,-40,100,140,5
58,r_150_60_35,r_40_87_132,seq148,r_150_60_35,0.92,0,35,35,5
16,r_70_99_33,r_134_141_11,r_146_84_2,r_70_99_33,0.99,0,33,33,5
28,r_75_41_39,r_102_18_181,r_127_98_193,r_75_41_39,0.49,143,182,39,5
49,r_86_138_156,r_151_68_155,r_73_43_74,r_86_138_156,0.69,1,157,156,5
56,r_158_69_183,seq140,r_70_99_33,r_70_99_33,0.61,150,183,33,5
7,r_102_18_181,r_110_83_111,r_75_41_39,r_102_18_181,0.97,-70,111,181,5
44,r_34_37_70,r_127_98_193,r_109_19_61,r_34_37_70,0.99,0,70,70,5
23,r_73_43_74,r_119_103_148,seq155,r_73_43_74,1.0,0,74,74,5
17,r_117_105_62,seq112,r_10_121_150,r_117_105_62,0.47,47,109,62,5
82,seq56,r_117_105_62,r_109_19_61,r_117_105_62,0.99,0,62,62,5
35,r_12_101_138,seq45,r_157_57_1,r_12_101_138,0.83,2,140,138,5
30,r_156_51_12,r_111_32_90,seq28,r_156_51_12,0.81,2,14,12,5
57,r_2_96_37,r_77_136_165,seq31,r_2_96_37,1.0,0,37,37,5
51,r_158_45_138,r_28_114_76,r_71_147_33,r_158_45_138,0.81,-62,76,138,6
50,r_43_26_35,r_24_96_3,r_97_65_132,r_97_65_132,0.69,-55,77,132,6
36,r_116_118_131,r_122_126_79,r_27_78_28,r_122_126_79,0.92,-7,72,79,6
5,r_113_74_45,r_31_84_171,r_120_149_15,r_113_74_45,1.0,0,45,45,6
63,seq7,r_21_73_157,r_104_62_48,r_104_62_48,0.84,0,48,48,6
43,r_150_54_114,r_15_51_143,seq140,r_150_54_114,0.87,0,114,114,6
54,r_152_119_113,r_8_67_189,seq44,r_152_119_113,0.92,0,113,113,6
36,r_116_118_131,r_27_78_28,r_122_126_79,r_116_118_131,1.0,0,131,131,6
37,r_133_128_61,seq135,seq157,r_133_128_61,0.88,1,62,61,6
59,r_137_136_117,seq159,r_50_86_122,r_50_86_122,0.9,4,126,122,6
50,r_43_26_35,r_1_127_87,r_24_96_3,r_43_26_35,0.98,5,40,35,6
55,r_69_33_125,seq11,seq77,r_69_33_125,0.94,0,125,125,6
71,seq159,r_137_136_117,r_106_156_46,r_106_156_46,0.99,80,126,46,6
16,r_101_134_93,r_122_126_79,r_27_78_28,r_101_134_93,0.71,-14,79,93,6
97,seq117,r_93_14_110,r_17_6_24,r_17_6_24,0.57,90,114,24,6
42,r_15_51_143,r_112_111_196,r_17_6_24,r_15_51_143,0.91,2,145,143,6
14,r_103_87_156,r_99_94_89,r_142_139_25,r_103_87_156,0.91,-106,50,156,6
49,r_155_52_56,seq144,r_158_45_138,r_155_52_56,0.76,0,56,56,6
31,r_9_19_52,r_148_13_53,seq131,r_9_19_52,1.0,0,52,52,6
27,r_27_78_28,r_101_134_93,r_137_136_117,r_27_78_28,0.86,70,98,28,6
18,r_55_0_162,r_31_84_171,r_41_63_133,r_55_0_162,0.94,0,162,162,6
53,r_104_62_48,seq108,seq7,r_104_62_48,1.0,1,49,48,6
46,r_71_147_33,r_40_48_98,r_158_45_138,r_71_147_33,1.0,1,34,33,6
3,r_92_121_71,seq146,seq144,r_92_121_71,1.0,1,72,71,6
10,r_8_67_189,seq34,r_40_48_98,r_8_67_189,0.37,0,189,189,6
87,seq79,r_72_82_127,r_17_6_24,r_72_82_127,0.84,-78,49,127,6
14,r_103_87_156,r_142_139_25,r_90_47_144,r_142_139_25,1.0,131,156,25,6
13,r_142_139_25,r_72_82_127,r_103_87_156,r_142_139_25,1.0,0,25,25,6
4,r_122_126_79,r_101_134_93,seq34,r_122_126_79,1.0,0,79,79,6
11,r_99_94_89,r_21_73_157,seq157,r_99_94_89,1.0,0,89,89,6
50,r_43_26_35,r_97_65_132,r_110_89_64,r_97_65_132,0.83,-25,107,132,6
46,r_71_147_33,r_158_45_138,r_101_134_93,r_71_147_33,0.73,105,138,33,6
15,r_30_23_91,seq11,r_92_121_71,r_30_23_91,0.96,1,92,91,6
49,r_155_52_56,r_158_45_138,seq81,r_158_45_138,1.0,-12,126,138,6
57,r_38_85_128,seq35,r_17_6_24,r_38_85_128,0.96,0,128,128,6
13,r_142_139_25,r_103_87_156,r_158_45_138,r_142_139_25,1.0,124,149,25,6
85,seq75,seq35,r_72_82_127,r_72_82_127,1.0,5,132,127,6
27,r_27_78_28,r_137_136_117,r_138_58_129,r_138_58_129,0.99,21,150,129,6
51,r_158_45_138,r_71_147_33,r_142_139_25,r_158_45_138,0.99,0,138,138,6
39,r_120_149_15,r_133_128_61,r_112_111_196,r_120_149_15,1.0,1,16,15,6
48,r_110_89_64,r_133_128_61,r_24_96_3,r_110_89_64,0.73,-6,58,64,6
2,r_90_47_144,r_55_0_162,seq117,r_90_47_144,0.65,0,144,144,6
18,r_55_0_162,r_90_47_144,r_31_84_171,r_90_47_144,0.82,-12,132,144,6
29,r_97_65_132,seq157,seq53,r_97_65_132,0.98,0,132,132,6
24,r_154_68_142,r_158_45_138,seq159,r_154_68_142,0.61,-29,113,142,6
25,r_28_114_76,r_158_45_138,seq7,r_28_114_76,1.0,0,76,76,6
33,r_124_22_151,seq4,seq157,r_124_22_151,0.9,2,153,151,6
58,r_151_32_197,seq75,r_130_115_119,r_130_115_119,1.0,29,148,119,6
0,r_109_12_18,r_18_143_135,r_36_102_159,r_109_12_18,1.0,1,19,18,6
32,r_1_127_87,seq4,seq64,r_1_127_87,0.75,0,87,87,6
38,r_100_83_116,r_137_136_117,r_92_121_71,r_100_83_116,1.0,0,116,116,6
52,r_49_145_63,r_100_83_116,r_17_6_24,r_49_145_63,1.0,0,63,63,6
77,seq44,r_10_123_199,r_152_119_113,r_152_119_113,0.98,18,131,113,6
41,r_112_111_196,r_15_51_143,r_120_149_15,r_112_111_196,0.84,-161,35,196,6
16,r_101_134_93,r_27_78_28,r_71_147_33,r_101_134_93,0.87,2,95,93,6
34,r_138_58_129,seq4,r_27_78_28,r_138_58_129,0.48,0,129,129,6
44,r_148_13_53,r_9_19_52,r_120_149_15,r_148_13_53,0.99,-1,52,53,6
81,seq60,r_112_111_196,r_8_67_189,r_112_111_196,0.52,-132,64,196,6
17,r_40_48_98,r_97_65_132,seq56,r_40_48_98,0.99,0,98,98,6
9,r_21_73_157,r_31_84_171,r_122_126_79,r_21_73_157,0.88,0,157,157,6
37,r_133_128_61,seq157,r_41_63_133,r_41_63_133,1.0,29,162,133,6
27,r_27_78_28,r_8_67_189,r_101_134_93,r_27_78_28,1.0,0,28,28,6
22,r_36_102_159,r_29_3_121,r_109_12_18,r_36_102_159,0.65,-62,97,159,6
28,r_29_3_121,r_36_102_159,r_110_89_64,r_29_3_121,0.76,0,121,121,6
56,r_50_86_122,seq131,r_137_136_117,r_50_86_122,0.99,0,122,122,6
7,r_59_57_27,r_158_45_138,r_142_139_25,r_142_139_25,0.85,2,27,25,6
23,r_41_63_133,seq11,r_133_128_61,r_41_63_133,0.61,0,133,133,6
35,r_24_96_3,r_40_48_98,r_110_89_64,r_40_48_98,0.9,-34,64,98,6
12,r_72_82_127,seq4,seq75,r_72_82_127,0.99,1,128,127,6
30,r_49_62_118,seq54,seq87,r_49_62_118,0.56,7,125,118,7
4,r_85_154_29,r_141_48_160,seq144,r_85_154_29,1.0,0,29,29,7
8,r_28_129_77,r_57_133_75,seq1,r_57_133_75,1.0,0,75,75,7
53,r_113_31_2,r_72_14_179,r_32_76_131,r_72_14_179,0.71,-2,177,179,7
43,r_83_74_121,seq73,r_127_43_87,r_127_43_87,0.96,35,122,87,7
54,r_25_47_90,r_116_94_141,seq6,r_25_47_90,0.98,0,90,90,7
83,seq64,r_127_43_87,r_110_10_4,r_127_43_87,1.0,1,88,87,7
59,r_107_4_158,r_82_36_156,r_13_61_7,r_107_4_158,0.88,0,158,158,7
19,r_13_61_7,r_35_109_5,r_146_92_115,r_146_92_115,1.0,7,122,115,7
16,r_120_131_25,r_141_48_160,seq96,r_120_131_25,1.0,0,25,25,7
39,r_116_94_141,r_25_47_90,seq45,r_25_47_90,0.52,20,110,90,7
42,r_152_9_194,r_77_103_170,r_29_135_76,r_152_9_194,0.74,-119,75,194,7
48,r_8_95_41,r_111_91_138,r_110_10_4,r_8_95_41,1.0,0,41,41,7
7,r_110_10_4,r_127_43_87,r_8_95_41,r_110_10_4,1.0,81,85,4,7
1,r_93_123_59,r_111_91_138,r_58_5_1,r_93_123_59,1.0,0,59,59,7
66,seq137,seq149,r_75_157_22,r_75_157_22,1.0,7,29,22,7
31,r_84_23_86,seq51,seq100,r_84_23_86,0.99,-1,85,86,7
41,r_106_59_155,seq150,r_93_123_59,r_106_59_155,0.9,0,155,155,7
46,r_75_157_22,seq118,seq137,r_75_157_22,1.0,-1,21,22,7
27,r_55_140_42,seq118,seq6,r_55_140_42,1.0,1,43,42,7
3,r_29_135_76,r_21_56_145,r_152_9_194,r_29_135_76,0.93,-1,75,76,7
26,r_26_112_78,r_30_41_117,seq149,r_26_112_78,1.0,-1,77,78,7
72,seq19,r_42_98_172,r_34_97_81,r_34_97_81,1.0,92,173,81,7
14,r_145_105_55,r_82_36_156,r_84_23_86,r_145_105_55,0.98,104,159,55,7
0,r_111_91_138,seq130,r_26_112_78,r_111_91_138,0.99,1,139,138,7
73,seq149,seq137,r_26_112_78,r_26_112_78,1.0,4,82,78,7
11,r_30_41_117,r_26_112_78,r_44_88_31,r_30_41_117,0.68,-44,73,117,7
6,r_141_48_160,seq73,r_110_10_4,r_141_48_160,0.82,0,160,160,7
99,seq126,r_155_60_162,r_32_76_131,r_155_60_162,0.95,0,162,162,7
39,r_116_94_141,seq45,r_110_10_4,r_116_94_141,0.87,-8,133,141,7
55,r_44_88_31,r_104_11_188,r_35_109_5,r_44_88_31,1.0,0,31,31,7
15,r_119_63_39,seq54,seq15,r_119_63_39,1.0,0,39,39,7
40,r_42_98_172,seq19,r_145_105_55,r_145_105_55,0.6,118,173,55,7
11,r_30_41_117,r_44_88_31,r_85_154_29,r_30_41_117,0.48,8,125,117,7
29,r_136_128_93,r_77_103_170,seq130,r_136_128_93,0.88,1,94,93,7
34,r_147_40_69,seq51,r_80_53_178,r_80_53_178,0.79,5,183,178,7
25,r_127_43_87,seq64,r_29_135_76,r_127_43_87,1.0,0,87,87,7
50,r_57_133_75,r_28_129_77,r_101_68_20,r_57_133_75,1.0,0,75,75,7
58,r_80_53_178,seq22,r_147_40_69,r_147_40_69,0.89,109,178,69,7
37,r_143_2_45,seq6,seq71,r_143_2_45,0.99,0,45,45,7
32,r_82_36_156,r_107_4_158,r_127_43_87,r_107_4_158,0.63,0,158,158,7
52,r_146_92_115,seq100,r_13_61_7,r_146_92_115,1.0,0,115,115,7
28,r_20_69_136,r_29_135_76,r_143_2_45,r_143_2_45,1.0,0,45,45,7
34,r_147_40_69,r_70_153_101,seq51,r_147_40_69,1.0,0,69,69,7
93,seq100,r_146_92_115,seq45,r_146_92_115,1.0,-72,43,115,7
38,r_121_79_36,seq99,r_134_7_62,r_121_79_36,0.99,1,37,36,7
9,r_72_14_179,r_113_31_2,r_145_105_55,r_145_105_55,0.89,125,180,55,7
28,r_20_69_136,r_143_2_45,r_33_81_73,r_20_69_136,1.0,0,136,136,7
10,r_101_68_20,r_116_94_141,seq150,r_101_68_20,0.95,-1,19,20,7
49,r_77_103_170,r_152_9_194,r_120_131_25,r_77_103_170,0.31,0,170,170,7
51,r_27_0_52,r_116_94_141,r_33_81_73,r_27_0_52,0.99,0,52,52,7
56,r_70_153_101,seq159,seq71,r_70_153_101,0.99,0,101,101,7
44,r_138_65_91,r_116_94_141,r_34_97_81,r_138_65_91,0.59,-1,90,91,7
35,r_122_108_43,seq15,seq144,r_122_108_43,1.0,0,43,43,7
23,r_21_56_145,seq71,r_127_43_87,r_127_43_87,0.98,60,147,87,7
57,r_58_5_1,r_115_156_153,r_93_123_59,r_93_123_59,0.94,0,59,59,7
12,r_34_97_81,r_107_4_158,seq102,r_34_97_81,1.0,0,81,81,7
24,r_134_7_62,r_80_53_178,r_121_79_36,r_121_79_36,0.99,9,45,36,7
14,r_145_105_55,seq144,r_82_36_156,r_145_105_55,0.99,0,55,55,7
20,r_24_67_54,seq117,seq130,r_24_67_54,1.0,0,54,54,7
44,r_45_8_12,seq112,r_39_107_60,r_39_107_60,1.0,4,64,60,8
36,r_10_11_164,seq36,r_84_80_142,r_10_11_164,0.63,0,164,164,8
52,r_104_158_13,r_126_40_66,seq29,r_126_40_66,1.0,0,66,66,8
14,r_84_80_142,r_113_49_85,seq22,r_113_49_85,1.0,0,85,85,8
8,r_127_56_196,r_3_26_182,r_57_23_161,r_3_26_182,0.6,-74,108,182,8
43,r_35_91_199,r_75_82_153,r_93_148_109,r_35_91_199,0.89,-46,153,199,8
28,r_141_116_22,r_103_142_51,r_48_27_16,r_141_116_22,0.94,-1,21,22,8
54,r_137_152_92,r_89_42_165,seq37,r_137_152_92,0.99,0,92,92,8
83,seq66,r_30_63_115,r_50_62_132,r_30_63_115,0.94,0,115,115,8
55,r_159_92_86,seq139,seq136,r_159_92_86,1.0,0,86,86,8
16,r_75_82_153,r_35_91_199,r_61_124_38,r_35_91_199,0.68,-46,153,199,8
23,r_12_25_154,r_126_40_66,seq108,r_12_25_154,0.59,0,154,154,8
21,r_3_26_182,r_127_56_196,r_104_158_13,r_3_26_182,0.52,0,182,182,8
39,r_44_5_184,seq55,r_72_73_53,r_44_5_184,0.65,-69,115,184,8
1,r_113_49_85,r_84_80_142,seq143,r_113_49_85,1.0,0,85,85,8
22,r_126_40_66,r_104_158_13,r_12_25_154,r_126_40_66,1.0,0,66,66,8
10,r_28_33_18,r_67_94_14,seq112,r_28_33_18,0.97,0,18,18,8
80,seq60,r_101_129_188,r_89_42_165,r_89_42_165,0.82,23,188,165,8
69,seq22,r_75_82_153,r_79_111_135,r_75_82_153,0.69,-1,152,153,8
45,r_51_98_119,seq1,r_126_40_66,r_51_98_119,0.92,0,119,119,8
5,r_103_142_51,r_51_98_119,seq99,r_103_142_51,1.0,1,52,51,8
52,r_104_158_13,seq29,r_3_26_182,r_104_158_13,0.49,169,182,13,8
22,r_126_40_66,r_12_25_154,r_51_98_119,r_51_98_119,0.97,35,154,119,8
95,seq108,seq69,r_12_25_154,r_12_25_154,0.63,0,154,154,8
66,seq139,r_89_42_165,r_0_24_68,r_89_42_165,1.0,0,165,165,8
39,r_44_5_184,r_72_73_53,r_39_107_60,r_44_5_184,0.64,1,185,184,8
41,r_13_31_148,r_58_150_194,r_6_151_64,r_6_151_64,1.0,12,76,64,8
28,r_141_116_22,r_48_27_16,r_41_81_32,r_41_81_32,1.0,0,32,32,8
24,r_105_147_48,seq106,seq59,r_105_147_48,0.99,0,48,48,8
90,seq88,r_125_123_186,r_17_121_189,r_125_123_186,0.48,1,187,186,8
97,seq112,r_76_114_157,r_28_33_18,r_28_33_18,0.83,14,32,18,8
26,r_93_148_109,r_44_5_184,r_35_91_199,r_44_5_184,0.7,-75,109,184,8
78,seq55,r_44_5_184,r_61_124_38,r_61_124_38,0.89,77,115,38,8
0,r_39_107_60,r_110_21_191,r_45_8_12,r_39_107_60,0.99,0,60,60,8
14,r_84_80_142,seq22,seq87,r_84_80_142,1.0,0,142,142,8
20,r_30_63_115,seq66,r_41_81_32,r_30_63_115,1.0,0,115,115,8
13,r_110_21_191,r_39_107_60,r_85_146_39,r_39_107_60,0.87,0,60,60,8
15,r_101_129_188,seq60,r_28_33_18,r_28_33_18,0.8,170,188,18,8
57,r_18_4_107,r_12_25_154,seq2,r_12_25_154,0.58,-41,113,154,8
44,r_45_8_12,r_58_150_194,seq112,r_58_150_194,0.57,-183,11,194,8
6,r_7_54_96,r_10_11_164,r_135_156_2,r_7_54_96,1.0,0,96,96,8
62,seq2,r_43_38_172,r_13_31_148,r_43_38_172,1.0,-33,139,172,8
27,r_15_145_88,r_0_24_68,r_97_100_78,r_15_145_88,0.93,0,88,88,8
51,r_90_122_54,seq131,r_89_42_165,r_89_42_165,0.97,15,180,165,8
3,r_48_27_16,r_76_114_157,r_141_116_22,r_48_27_16,0.76,24,40,16,8
2,r_46_154_134,seq131,seq86,r_46_154_134,0.79,0,134,134,8
47,r_52_68_105,r_0_24_68,r_28_33_18,r_52_68_105,0.97,1,106,105,8
59,r_72_73_53,r_44_5_184,r_125_123_186,r_44_5_184,0.91,1,185,184,8
40,r_6_151_64,r_75_82_153,r_13_31_148,r_6_151_64,1.0,0,64,64,8
74,seq36,r_10_11_164,seq29,r_10_11_164,1.0,0,164,164,8
29,r_89_42_165,seq139,r_90_122_54,r_89_42_165,0.68,0,165,165,8
25,r_125_123_186,seq88,r_50_62_132,r_125_123_186,0.37,1,187,186,8
33,r_16_118_112,seq37,r_39_107_60,r_16_118_112,1.0,0,112,112,8
88,seq86,seq99,r_46_154_134,r_46_154_134,0.67,0,134,134,8
50,r_97_100_78,r_79_111_135,seq153,r_97_100_78,0.62,7,85,78,8
58,r_138_32_149,seq153,r_19_130_168,r_138_32_149,0.71,1,150,149,8
70,seq153,r_149_14_146,seq87,r_149_14_146,1.0,-18,128,146,8
61,seq1,r_51_98_119,r_117_74_75,r_51_98_119,1.0,0,119,119,8
32,r_115_102_158,seq29,r_57_23_161,r_115_102_158,0.95,0,158,158,8
38,r_20_77_113,seq47,seq2,r_20_77_113,1.0,0,113,113,8
59,r_72_73_53,seq96,r_44_5_184,r_72_73_53,0.62,4,57,53,8
30,r_41_81_32,r_75_82_153,r_141_116_22,r_41_81_32,1.0,0,32,32,8
51,r_90_122_54,r_20_77_113,seq131,r_90_122_54,0.83,0,54,54,8
9,r_76_114_157,seq143,r_105_147_48,r_76_114_157,0.89,0,157,157,8
22,r_126_40_66,r_10_11_164,r_104_158_13,r_104_158_13,1.0,0,13,13,8
46,r_85_146_39,r_103_142_51,r_110_21_191,r_85_146_39,0.64,2,41,39,8
49,r_70_157_127,r_45_8_12,seq2,r_70_157_127,0.78,-5,122,127,8
52,r_104_158_13,seq34,r_126_40_66,r_104_158_13,0.95,0,13,13,8
56,r_79_111_135,r_44_5_184,seq22,r_44_5_184,0.81,-49,135,184,8
23,r_12_25_154,r_18_4_107,r_126_40_66,r_126_40_66,1.0,42,108,66,8
79,seq59,r_13_31_148,r_105_147_48,r_105_147_48,1.0,28,76,48,8
35,r_149_14_146,seq153,r_6_151_64,r_6_151_64,0.83,84,148,64,8
93,seq98,seq100,r_50_112_141,r_50_112_141,0.94,12,153,141,9
30,r_41_7_112,r_3_119_191,r_24_96_48,r_41_7_112,0.83,0,112,112,9
51,r_146_122_68,r_40_44_114,r_123_36_176,r_146_122_68,1.0,0,68,68,9
14,r_148_51_76,seq120,seq75,r_148_51_76,1.0,2,78,76,9
43,r_111_115_157,seq145,r_50_112_141,r_50_112_141,0.99,16,157,141,9
50,r_30_38_21,r_0_82_178,seq151,r_30_38_21,0.59,1,22,21,9
18,r_118_26_32,seq128,seq71,r_118_26_32,1.0,0,32,32,9
54,r_11_124_181,r_159_76_84,r_79_133_65,r_11_124_181,1.0,-97,84,181,9
54,r_11_124_181,r_79_133_65,r_50_112_141,r_11_124_181,0.55,2,183,181,9
59,r_67_143_183,seq61,r_91_158_70,r_91_158_70,1.0,28,98,70,9
55,r_47_59_118,seq108,seq151,r_47_59_118,0.94,0,118,118,9
71,seq17,r_106_4_170,seq28,r_106_4_170,0.91,-4,166,170,9
21,r_80_99_143,seq116,r_69_29_91,r_80_99_143,0.93,0,143,143,9
1,r_14_42_71,seq9,r_118_26_32,r_14_42_71,0.98,0,71,71,9
38,r_24_96_48,r_159_76_84,r_74_18_169,r_24_96_48,0.98,0,48,48,9
5,r_35_56_104,seq140,r_93_60_16,r_35_56_104,1.0,0,104,104,9
46,r_31_45_99,r_135_131_109,seq140,r_31_45_99,0.89,1,100,99,9
42,r_113_105_119,seq75,r_47_59_118,r_47_59_118,0.66,2,120,118,9
52,r_77_125_26,r_93_60_16,seq32,r_77_125_26,1.0,1,27,26,9
9,r_68_43_56,seq2,seq10,r_68_43_56,0.99,0,56,56,9
80,seq48,r_0_82_178,r_89_86_79,r_89_86_79,1.0,14,93,79,9
45,r_69_29_91,seq153,seq2,r_69_29_91,0.96,1,92,91,9
24,r_91_158_70,r_67_143_183,r_50_112_141,r_50_112_141,0.94,8,149,141,9
44,r_102_88_47,r_68_43_56,seq108,r_102_88_47,1.0,1,48,47,9
38,r_24_96_48,r_74_18_169,r_41_7_112,r_41_7_112,0.66,57,169,112,9
31,r_13_110_75,r_47_59_118,seq103,r_13_110_75,1.0,0,75,75,9
11,r_40_44_114,r_53_52_135,r_94_156_193,r_53_52_135,1.0,-20,115,135,9
3,r_50_112_141,seq8,r_135_131_109,r_50_112_141,0.86,0,141,141,9
10,r_159_76_84,r_11_124_181,seq141,r_159_76_84,1.0,0,84,84,9
26,r_39_87_155,r_16_130_165,r_83_1_31,r_16_130_165,0.97,-10,155,165,9
0,r_73_34_123,seq100,seq32,r_73_34_123,0.69,0,123,123,9
11,r_40_44_114,r_117_149_72,r_53_52_135,r_117_149_72,0.96,1,73,72,9
20,r_126_147_154,seq25,r_40_44_114,r_126_147_154,0.89,0,154,154,9
13,r_135_131_109,r_41_7_112,seq98,r_135_131_109,1.0,0,109,109,9
85,seq61,r_67_143_183,r_91_158_70,r_91_158_70,1.0,59,129,70,9
2,r_79_133_65,r_11_124_181,r_67_143_183,r_11_124_181,0.8,2,183,181,9
68,seq151,r_135_131_109,r_30_38_21,r_135_131_109,0.88,-73,36,109,9
25,r_33_152_51,r_97_107_150,r_72_63_34,r_33_152_51,1.0,0,51,51,9
34,r_101_20_53,r_109_58_81,r_15_12_9,r_101_20_53,0.99,0,53,53,9
2,r_79_133_65,r_126_147_154,r_11_124_181,r_79_133_65,1.0,1,66,65,9
47,r_3_119_191,r_41_7_112,seq151,r_41_7_112,1.0,0,112,112,9
59,r_67_143_183,r_91_158_70,r_79_133_65,r_67_143_183,0.95,0,183,183,9
40,r_27_134_101,r_53_52_135,seq108,r_27_134_101,1.0,0,101,101,9
29,r_144_65_174,seq64,r_104_54_103,r_144_65_174,0.71,0,174,174,9
24,r_91_158_70,r_16_130_165,r_67_143_183,r_91_158_70,1.0,1,71,70,9
33,r_109_58_81,seq66,r_94_156_193,r_109_58_81,1.0,1,82,81,9
88,seq71,r_16_130_165,r_118_26_32,r_118_26_32,0.99,51,83,32,9
70,seq141,seq25,r_159_76_84,r_159_76_84,1.0,1,85,84,9
27,r_72_63_34,r_0_82_178,seq66,r_72_63_34,1.0,0,34,34,9
65,seq8,seq6,r_83_1_31,r_83_1_31,1.0,94,125,31,9
32,r_117_149_72,r_40_44_114,seq37,r_117_149_72,1.0,1,73,72,9
16,r_142_157_46,r_136_78_120,seq28,r_136_78_120,0.96,-61,59,120,9
6,r_83_1_31,r_40_44_114,seq8,r_83_1_31,1.0,2,33,31,9
7,r_154_19_10,r_16_130_165,seq128,r_154_19_10,0.95,0,10,10,9
22,r_0_82_178,r_94_156_193,r_123_36_176,r_0_82_178,0.46,0,178,178,9
28,r_104_54_103,seq37,r_94_156_193,r_104_54_103,1.0,0,103,103,9
49,r_106_4_170,seq17,r_104_54_103,r_104_54_103,0.63,68,171,103,9
56,r_90_139_67,r_136_78_120,seq145,r_90_139_67,0.81,0,67,67,9
60,seq128,r_118_26_32,r_154_19_10,r_118_26_32,0.87,0,32,32,9
35,r_97_107_150,seq9,r_47_59_118,r_47_59_118,0.61,32,150,118,9
12,r_136_78_120,r_123_36_176,r_33_152_51,r_123_36_176,0.65,-56,120,176,9
51,r_110_86_81,r_157_35_161,r_80_159_72,r_157_35_161,1.0,-80,81,161,10
36,r_93_105_124,seq6,r_64_131_48,r_64_131_48,1.0,77,125,48,10
25,r_128_54_43,seq135,r_130_88_159,r_128_54_43,1.0,0,43,43,10
8,r_136_17_170,seq44,r_5_46_61,r_5_46_61,0.92,113,174,61,10
54,r_53_155_108,r_19_139_163,seq104,r_53_155_108,1.0,0,108,108,10
37,r_101_77_84,r_49_57_87,r_41_87_178,r_101_77_84,1.0,1,85,84,10
59,r_7_117_182,r_30_132_76,r_157_35_161,r_7_117_182,0.55,-119,63,182,10
10,r_51_28_107,r_100_29_49,seq16,r_51_28_107,0.44,54,161,107,10
40,r_102_123_34,r_156_45_127,r_63_1_27,r_102_123_34,0.95,1,35,34,10
86,seq62,seq18,r_50_58_99,r_50_58_99,1.0,9,108,99,10
16,r_156_45_127,r_32_21_83,r_157_35_161,r_32_21_83,1.0,-20,63,83,10
21,r_76_124_82,r_19_139_163,r_7_117_182,r_76_124_82,1.0,-1,81,82,10
1,r_52_111_94,seq74,seq55,r_52_111_94,1.0,0,94,94,10
41,r_153_39_21,r_115_36_129,r_118_151_162,r_115_36_129,0.69,-108,21,129,10
5,r_3_84_181,seq79,r_49_57_87,r_49_57_87,1.0,94,181,87,10
42,r_22_106_113,seq4,r_32_21_83,r_22_106_113,0.82,1,114,113,10
14,r_33_73_50,r_113_56_194,seq42,r_33_73_50,1.0,0,50,50,10
32,r_59_126_152,r_90_121_77,seq25,r_59_126_152,1.0,0,152,152,10
19,r_30_132_76,r_7_117_182,seq119,r_30_132_76,1.0,0,76,76,10
55,r_63_1_27,r_128_54_43,r_102_123_34,r_63_1_27,0.84,8,35,27,10
17,r_133_31_39,seq2,seq134,r_133_31_39,0.99,0,39,39,10
20,r_125_142_20,r_127_61_131,seq0,r_127_61_131,0.46,-110,21,131,10
31,r_137_91_68,seq10,seq104,r_137_91_68,1.0,2,70,68,10
79,seq134,seq34,r_133_31_39,r_133_31_39,1.0,12,51,39,10
53,r_70_108_148,seq25,r_100_29_49,r_100_29_49,0.99,0,49,49,10
10,r_51_28_107,r_8_14_183,r_100_29_49,r_51_28_107,0.91,-1,106,107,10
90,seq78,r_69_95_88,seq12,r_69_95_88,1.0,-25,63,88,10
48,r_122_112_62,r_70_108_148,seq0,r_122_112_62,0.92,-7,55,62,10
45,r_103_138_58,r_65_92_7,seq40,r_65_92_7,0.42,91,98,7,10
16,r_156_45_127,r_157_35_161,r_52_111_94,r_156_45_127,0.99,0,127,127,10
59,r_7_117_182,r_76_124_82,r_52_111_94,r_7_117_182,0.86,0,182,182,10
4,r_15_150_172,seq109,r_8_14_183,r_15_150_172,0.52,0,172,172,10
63,seq4,r_22_106_113,seq149,r_22_106_113,1.0,1,114,113,10
57,r_69_95_88,seq78,r_8_14_183,r_69_95_88,1.0,0,88,88,10
13,r_67_75_169,seq109,seq154,r_67_75_169,0.84,0,169,169,10
6,r_118_151_162,r_85_114_95,r_153_39_21,r_85_114_95,0.8,-18,77,95,10
27,r_64_131_48,r_130_88_159,r_102_123_34,r_64_131_48,1.0,0,48,48,10
21,r_76_124_82,r_7_117_182,r_115_36_129,r_76_124_82,0.6,100,182,82,10
53,r_70_108_148,r_100_29_49,r_33_73_50,r_70_108_148,0.94,5,153,148,10
13,r_67_75_169,r_9_68_71,seq109,r_9_68_71,1.0,-16,55,71,10
69,seq143,r_113_56_194,r_9_68_71,r_9_68_71,0.95,-2,69,71,10
2,r_41_87_178,r_96_72_190,r_128_54_43,r_128_54_43,1.0,142,185,43,10
47,r_83_23_67,r_63_1_27,seq27,r_83_23_67,1.0,1,68,67,10
34,r_43_11_17,r_19_139_163,r_41_87_178,r_19_139_163,0.86,4,167,163,10
33,r_49_57_87,r_101_77_84,seq0,r_101_77_84,0.46,1,85,84,10
64,seq6,r_93_105_124,r_52_111_94,r_52_111_94,1.0,21,115,94,10
34,r_43_11_17,r_113_56_194,r_19_139_163,r_43_11_17,1.0,0,17,17,10
50,r_85_114_95,r_118_151_162,seq0,r_85_114_95,0.92,-2,93,95,10
58,r_26_99_156,seq145,r_33_73_50,r_26_99_156,0.84,2,158,156,10
70,seq16,r_136_17_170,r_65_92_7,r_65_92_7,0.34,169,176,7,10
6,r_118_151_162,r_153_39_21,r_59_126_152,r_59_126_152,0.96,10,162,152,10
32,r_59_126_152,r_130_88_159,r_90_121_77,r_90_121_77,1.0,6,83,77,10
38,r_100_29_49,r_70_108_148,r_59_126_152,r_59_126_152,0.66,0,152,152,10
52,r_96_72_190,r_41_87_178,r_33_73_50,r_96_72_190,0.37,0,190,190,10
77,seq27,seq89,r_83_23_67,r_83_23_67,1.0,2,69,67,10
0,r_38_141_42,seq12,seq97,r_38_141_42,1.0,0,42,42,10
69,seq143,r_33_73_50,r_113_56_194,r_33_73_50,1.0,-1,49,50,10
24,r_144_81_28,r_70_108_148,r_20_146_5,r_144_81_28,0.97,-3,25,28,10
75,seq25,r_50_58_99,r_100_29_49,r_50_58_99,0.55,-7,92,99,10
59,r_7_117_182,r_157_35_161,r_76_124_82,r_76_124_82,0.91,4,86,82,10
94,seq97,r_113_56_194,r_38_141_42,r_38_141_42,1.0,147,189,42,10
26,r_19_139_163,r_43_11_17,r_8_14_183,r_19_139_163,0.64,0,163,163,10
46,r_5_46_61,seq10,seq79,r_5_46_61,1.0,-2,59,61,10
22,r_115_36_129,seq140,r_76_124_82,r_115_36_129,0.5,0,129,129,10
28,r_50_58_99,seq25,seq62,r_50_58_99,0.99,2,101,99,10
49,r_9_68_71,r_67_75_169,seq143,r_9_68_71,1.0,0,71,71,10
26,r_19_139_163,r_76_124_82,r_43_11_17,r_19_139_163,0.98,-134,29,163,10
45,r_103_138_58,r_15_150_172,r_65_92_7,r_103_138_58,1.0,1,59,58,10
56,r_32_21_83,r_156_45_127,seq104,r_32_21_83,1.0,-2,81,83,10
23,r_90_121_77,r_157_35_161,r_59_126_152,r_90_121_77,1.0,0,77,77,10
35,r_127_61_131,seq44,r_24_152_74,r_127_61_131,0.96,4,135,131,10
23,r_90_121_77,r_59_126_152,r_24_152_74,r_59_126_152,0.99,0,152,152,10
84,seq55,r_47_116_180,r_52_111_94,r_52_111_94,1.0,66,160,94,10
93,seq112,r_12_116_128,r_44_18_136,r_12_116_128,1.0,0,128,128,11
51,r_74_114_95,seq78,r_17_43_6,r_74_114_95,0.93,0,95,95,11
36,r_57_149_194,r_55_147_187,r_12_116_128,r_12_116_128,0.9,59,187,128,11
2,r_111_38_15,r_50_143_18,r_77_157_148,r_77_157_148,0.72,-133,15,148,11
8,r_34_79_60,seq120,r_17_43_6,r_34_79_60,1.0,0,60,60,11
53,r_135_142_159,seq40,r_128_140_7,r_135_142_159,0.41,0,159,159,11
43,r_5_155_135,seq59,r_101_84_22,r_101_84_22,0.96,121,143,22,11
54,r_105_119_153,seq153,r_101_84_22,r_105_119_153,0.87,2,155,153,11
83,seq59,seq1,r_49_151_112,r_49_151_112,0.97,15,127,112,11
26,r_107_129_21,r_83_51_169,seq54,r_107_129_21,0.89,0,21,21,11
19,r_17_43_6,r_57_149_194,r_34_79_60,r_34_79_60,1.0,14,74,60,11
60,seq0,seq94,r_68_19_142,r_68_19_142,0.87,-19,123,142,11
55,r_102_4_63,seq112,r_2_65_197,r_102_4_63,0.86,1,64,63,11
71,seq24,r_146_70_116,seq54,r_146_70_116,1.0,-17,99,116,11
86,seq78,r_74_114_95,r_102_4_63,r_74_114_95,0.97,0,95,95,11
16,r_145_125_173,seq59,r_101_84_22,r_101_84_22,0.89,48,70,22,11
39,r_86_91_143,r_9_48_130,r_37_69_103,r_37_69_103,0.53,0,103,103,11
1,r_55_147_187,r_57_149_194,r_77_157_148,r_57_149_194,0.22,-7,187,194,11
46,r_64_6_178,seq152,seq0,r_64_6_178,0.7,0,178,178,11
3,r_77_157_148,r_141_47_140,seq82,r_77_157_148,1.0,0,148,148,11
15,r_88_158_79,seq58,r_57_149_194,r_88_158_79,0.93,-1,78,79,11
50,r_139_148_33,r_5_155_135,r_156_10_182,r_139_148_33,1.0,1,34,33,11
21,r_101_84_22,r_73_22_199,r_145_125_173,r_101_84_22,1.0,0,22,22,11
37,r_60_11_41,seq95,r_97_29_170,r_60_11_41,0.98,0,41,41,11
44,r_96_39_39,r_37_69_103,seq59,r_96_39_39,0.99,0,39,39,11
11,r_159_61_172,r_36_109_83,r_102_4_63,r_159_61_172,0.79,0,172,172,11
91,seq95,r_60_11_41,r_90_75_47,r_60_11_41,0.98,-4,37,41,11
14,r_23_21_20,seq45,r_156_10_182,r_23_21_20,1.0,0,20,20,11
31,r_12_116_128,r_56_14_132,r_60_11_41,r_56_14_132,0.93,-4,128,132,11
41,r_137_87_98,seq32,r_13_103_191,r_137_87_98,0.94,0,98,98,11
24,r_93_110_72,r_44_18_136,r_90_75_47,r_44_18_136,0.5,-81,55,136,11
28,r_25_134_155,r_156_10_182,seq20,r_25_134_155,1.0,0,155,155,11
3,r_77_157_148,r_49_151_112,r_141_47_140,r_49_151_112,0.9,2,114,112,11
10,r_68_19_142,seq82,seq0,r_68_19_142,0.75,0,142,142,11
47,r_50_143_18,seq94,seq27,r_50_143_18,0.99,0,18,18,11
16,r_145_125_173,r_101_84_22,r_97_29_170,r_145_125_173,0.95,0,173,173,11
14,r_23_21_20,r_156_10_182,r_135_142_159,r_156_10_182,0.79,0,182,182,11
78,seq40,r_135_142_159,r_85_100_37,r_85_100_37,1.0,64,101,37,11
63,seq131,r_80_16_177,r_93_110_72,r_93_110_72,0.96,107,179,72,11
11,r_159_61_172,seq130,r_36_109_83,r_36_109_83,1.0,17,100,83,11
48,r_36_109_83,seq31,r_159_61_172,r_36_109_83,1.0,0,83,83,11
57,r_56_14_132,r_12_116_128,r_104_35_119,r_12_116_128,1.0,0,128,128,11
6,r_2_65_197,seq78,r_102_4_63,r_102_4_63,0.98,15,78,63,11
21,r_101_84_22,r_145_125_173,r_5_155_135,r_145_125_173,0.97,0,173,173,11
20,r_90_75_47,r_88_158_79,seq95,r_88_158_79,0.96,-31,48,79,11
2,r_111_38_15,r_77_157_148,seq130,r_77_157_148,1.0,-10,138,148,11
5,r_156_10_182,r_128_140_7,seq30,r_128_140_7,0.57,175,182,7,11
7,r_141_47_140,r_77_157_148,r_121_72_11,r_141_47_140,0.93,-101,39,140,11
27,r_146_70_116,seq24,r_121_72_11,r_146_70_116,0.81,0,116,116,11
30,r_106_71_9,seq59,r_101_84_22,r_106_71_9,0.73,61,70,9,11
39,r_86_91_143,r_37_69_103,r_139_148_33,r_86_91_143,0.97,0,143,143,11
59,r_128_140_7,r_156_10_182,r_135_142_159,r_156_10_182,0.55,-18,164,182,11
29,r_37_69_103,seq117,r_101_84_22,r_37_69_103,0.98,0,103,103,11
25,r_42_3_164,seq30,seq45,r_42_3_164,0.63,0,164,164,11
33,r_62_122_122,r_68_19_142,r_107_129_21,r_62_122_122,0.84,0,122,122,11
48,r_36_109_83,r_159_61_172,seq130,r_159_61_172,1.0,0,172,172,11
88,seq82,r_68_19_142,seq118,r_68_19_142,1.0,0,142,142,11
58,r_44_18_136,seq58,seq112,r_44_18_136,0.47,-58,78,136,11
32,r_104_35_119,r_25_134_155,seq7,r_25_134_155,0.82,-36,119,155,11
38,r_97_29_170,r_57_149_194,r_86_91_143,r_57_149_194,0.65,-24,170,194,11
52,r_66_26_85,r_105_119_153,r_139_148_33,r_66_26_85,0.42,0,85,85,11
0,r_76_136_42,r_138_113_89,seq123,r_76_136_42,1.0,0,42,42,11
9,r_144_46_54,r_44_18_136,seq31,r_144_46_54,0.57,0,54,54,11
34,r_53_154_94,seq153,r_57_149_194,r_53_154_94,0.79,11,105,94,11
15,r_88_158_79,r_90_75_47,seq58,r_90_75_47,0.68,5,52,47,11
17,r_138_113_89,r_68_19_142,seq54,r_138_113_89,0.95,0,89,89,11
18,r_121_72_11,r_96_39_39,r_141_47_140,r_121_72_11,0.49,0,11,11,11
50,r_139_148_33,r_156_10_182,r_86_91_143,r_86_91_143,0.74,-1,142,143,11
37,r_60_11_41,r_97_29_170,seq117,r_97_29_170,0.97,0,170,170,11
22,r_92_132_105,r_42_3_164,r_34_79_60,r_34_79_60,0.74,52,112,60,11
28,r_25_134_155,r_104_35_119,r_156_10_182,r_104_35_119,0.57,0,119,119,11
49,r_33_127_117,r_77_157_148,seq108,r_77_157_148,1.0,-32,116,148,11
23,r_9_48_130,r_86_91_143,r_13_103_191,r_13_103_191,0.67,-58,133,191,11
82,seq58,r_44_18_136,r_139_148_33,r_139_148_33,1.0,77,110,33,11
35,r_49_151_112,r_77_157_148,r_96_39_39,r_49_151_112,1.0,2,114,112,11
24,r_93_110_72,r_90_75_47,seq131,r_93_110_72,0.65,0,72,72,11
4,r_85_100_37,r_37_69_103,seq40,r_85_100_37,1.0,0,37,37,11
37,r_140_14_47,r_93_85_136,r_136_16_125,r_140_14_47,1.0,0,47,47,12
44,r_80_18_15,r_35_21_123,r_102_97_166,r_35_21_123,0.6,-3,120,123,12
51,r_40_0_174,seq104,r_146_99_1,r_40_0_174,0.66,0,174,174,12
26,r_74_31_156,r_35_21_123,r_129_53_88,r_74_31_156,0.95,0,156,156,12
14,r_4_8_65,r_110_147_178,seq12,r_4_8_65,0.75,1,66,65,12
92,seq103,r_35_21_123,r_80_18_15,r_80_18_15,0.5,109,124,15,12
8,r_51_57_62,seq87,r_138_151_126,r_51_57_62,1.0,1,63,62,12
22,r_43_54_54,r_4_8_65,seq3,r_43_54_54,0.55,0,54,54,12
54,r_105_84_139,seq55,r_146_99_1,r_105_84_139,0.97,0,139,139,12
83,seq49,r_110_147_178,seq60,r_110_147_178,0.99,-60,118,178,12
3,r_141_95_18,r_112_44_167,r_136_16_125,r_141_95_18,0.92,149,167,18,12
36,r_75_92_87,r_110_147_178,seq34,r_75_92_87,0.89,0,87,87,12
55,r_127_148_132,seq48,r_58_91_50,r_127_148_132,1.0,1,133,132,12
21,r_130_61_104,r_136_16_125,r_45_11_190,r_45_11_190,0.98,-84,106,190,12
1,r_111_2_109,seq119,seq33,r_111_2_109,1.0,3,112,109,12
42,r_156_118_158,seq71,r_30_27_120,r_156_118_158,0.9,0,158,158,12
45,r_143_62_115,r_74_31_156,r_43_54_54,r_143_62_115,0.51,6,121,115,12
58,r_59_107_49,seq20,r_126_116_39,r_59_107_49,1.0,1,50,49,12
44,r_80_18_15,seq32,r_35_21_123,r_80_18_15,1.0,0,15,15,12
19,r_128_157_116,seq87,r_23_155_46,r_128_157_116,0.94,0,116,116,12
39,r_150_72_25,r_96_94_33,r_108_131_137,r_96_94_33,0.72,-5,28,33,12
15,r_112_44_167,r_141_95_18,r_59_107_49,r_141_95_18,0.8,149,167,18,12
76,seq34,r_86_52_184,r_75_92_87,r_75_92_87,0.79,8,95,87,12
4,r_153_65_12,r_156_118_158,seq124,r_153_65_12,0.91,0,12,12,12
39,r_150_72_25,r_108_131_137,r_143_62_115,r_150_72_25,0.99,112,137,25,12
41,r_100_88_148,r_141_95_18,seq48,r_100_88_148,0.45,-114,34,148,12
31,r_39_139_154,r_144_79_182,r_80_18_15,r_39_139_154,0.85,0,154,154,12
67,seq17,r_86_52_184,r_138_151_126,r_138_151_126,0.63,28,154,126,12
53,r_152_89_17,r_51_57_62,seq119,r_152_89_17,0.99,0,17,17,12
30,r_96_94_33,r_9_63_31,seq104,r_96_94_33,1.0,0,33,33,12
28,r_126_116_39,r_7_135_75,r_50_36_67,r_126_116_39,0.92,0,39,39,12
10,r_29_6_85,seq87,seq149,r_29_6_85,1.0,0,85,85,12
15,r_112_44_167,r_117_158_55,r_141_95_18,r_117_158_55,0.52,-40,15,55,12
26,r_74_31_156,r_143_62_115,r_35_21_123,r_74_31_156,0.84,-35,121,156,12
8,r_51_57_62,r_138_151_126,r_80_18_15,r_138_151_126,0.84,10,136,126,12
0,r_7_135_75,seq104,r_141_95_18,r_7_135_75,1.0,0,75,75,12
11,r_67_109_189,r_69_142_185,r_128_157_116,r_69_142_185,0.58,3,188,185,12
20,r_73_159_144,r_69_142_185,r_58_91_50,r_73_159_144,0.89,3,147,144,12
13,r_10_106_171,seq1,r_26_22_84,r_10_106_171,0.89,0,171,171,12
59,r_35_21_123,r_9_63_31,r_80_18_15,r_35_21_123,0.87,-89,34,123,12
98,seq123,r_132_68_170,r_59_107_49,r_59_107_49,1.0,41,90,49,12
46,r_137_83_162,seq13,seq15,r_137_83_162,0.77,0,162,162,12
48,r_86_52_184,seq17,r_58_91_50,r_86_52_184,0.38,0,184,184,12
25,r_117_158_55,r_112_44_167,r_26_22_84,r_117_158_55,1.0,1,56,55,12
57,r_93_85_136,seq90,r_146_99_1,r_93_85_136,0.91,1,137,136,12
6,r_58_91_50,seq41,r_127_148_132,r_127_148_132,1.0,1,133,132,12
27,r_64_122_56,r_112_44_167,seq12,r_64_122_56,1.0,0,56,56,12
40,r_9_63_31,r_96_94_33,seq87,r_96_94_33,0.63,0,33,33,12
34,r_30_27_120,r_77_70_58,seq48,r_77_70_58,0.92,1,59,58,12
12,r_114_5_40,r_111_2_109,seq17,r_114_5_40,0.99,1,41,40,12
41,r_100_88_148,seq48,r_26_22_84,r_100_88_148,0.99,1,149,148,12
59,r_35_21_123,r_80_18_15,r_74_31_156,r_74_31_156,0.53,-32,124,156,12
18,r_144_79_182,r_39_139_154,r_101_133_153,r_144_79_182,0.87,-28,154,182,12
29,r_136_16_125,r_130_61_104,r_140_14_47,r_140_14_47,1.0,59,106,47,12
24,r_132_68_170,seq123,r_153_65_12,r_132_68_170,0.82,0,170,170,12
34,r_30_27_120,seq48,r_75_92_87,r_75_92_87,0.54,35,122,87,12
59,r_35_21_123,r_74_31_156,r_140_14_47,r_74_31_156,0.52,2,158,156,12
36,r_75_92_87,r_120_76_57,r_110_147_178,r_120_76_57,1.0,0,57,57,12
33,r_108_131_137,seq3,seq87,r_108_131_137,0.95,0,137,137,12
49,r_101_133_153,r_144_79_182,r_110_147_178,r_101_133_153,0.91,29,182,153,12
32,r_120_76_57,r_75_92_87,r_58_91_50,r_120_76_57,1.0,0,57,57,12
50,r_138_151_126,r_25_98_187,r_51_57_62,r_138_151_126,0.49,-63,63,126,12
70,seq149,seq104,r_29_6_85,r_29_6_85,1.0,0,85,85,12
56,r_77_70_58,r_30_27_120,r_43_54_54,r_77_70_58,1.0,1,59,58,12
65,seq13,r_132_68_170,r_59_107_49,r_59_107_49,1.0,41,90,49,12
3,r_141_95_18,r_10_106_171,r_112_44_167,r_141_95_18,0.75,-3,15,18,12
38,r_50_36_67,r_132_68_170,seq71,r_50_36_67,1.0,1,68,67,12
52,r_25_98_187,seq33,r_146_99_1,r_25_98_187,0.57,0,187,187,12
17,r_66_56_78,seq87,seq1,r_66_56_78,0.59,4,82,78,12
50,r_138_151_126,r_51_57_62,seq17,r_138_151_126,1.0,0,126,126,12
18,r_144_79_182,r_101_133_153,r_141_95_18,r_144_79_182,0.99,0,182,182,12
28,r_126_116_39,r_50_36_67,r_59_107_49,r_126_116_39,0.8,12,51,39,12
37,r_140_14_47,r_136_16_125,r_80_18_15,r_136_16_125,0.78,3,128,125,12
91,seq90,r_93_85_136,r_67_109_189,r_93_85_136,0.99,1,137,136,12
49,r_101_133_153,r_150_72_25,r_144_79_182,r_101_133_153,0.78,0,153,153,12
7,r_69_142_185,r_67_109_189,r_112_44_167,r_69_142_185,0.41,1,186,185,12
14,r_4_8_65,r_43_54_54,r_110_147_178,r_43_54_54,0.97,0,54,54,12
29,r_136_16_125,r_140_14_47,seq87,r_140_14_47,0.56,81,128,47,12
35,r_110_147_178,seq49,r_101_133_153,r_101_133_153,0.59,25,178,153,12
43,r_23_155_46,seq3,seq121,r_23_155_46,0.97,2,48,46,12
36,r_144_118_102,r_139_15_164,r_132_111_40,r_144_118_102,0.8,-3,99,102,13
9,r_142_11_128,r_92_14_7,r_57_60_161,r_142_11_128,0.72,1,129,128,13
0,r_48_105_55,seq1,r_29_16_32,r_48_105_55,0.77,0,55,55,13
92,seq101,r_67_129_131,r_110_138_114,r_110_138_114,0.53,2,116,114,13
53,r_84_56_138,seq130,seq85,r_84_56_138,0.96,0,138,138,13
43,r_23_103_134,r_57_60_161,r_114_74_191,r_114_74_191,0.72,-57,134,191,13
54,r_36_2_113,r_159_149_152,r_154_65_66,r_159_149_152,0.72,-38,114,152,13
83,seq61,r_137_127_173,r_119_41_95,r_137_127_173,0.65,-60,113,173,13
59,r_76_62_150,r_110_138_114,r_132_111_40,r_132_111_40,0.47,74,114,40,13
55,r_95_87_108,seq1,r_132_111_40,r_95_87_108,0.99,1,109,108,13
71,seq25,r_57_60_161,r_76_62_150,r_57_60_161,0.66,0,161,161,13
14,r_122_72_26,r_86_126_154,r_121_50_69,r_121_50_69,0.89,5,74,69,13
16,r_139_15_164,r_144_118_102,r_33_108_105,r_139_15_164,0.7,-60,104,164,13
21,r_40_0_118,seq123,r_83_94_19,r_40_0_118,0.79,0,118,118,13
39,r_143_22_60,r_40_0_118,seq28,r_143_22_60,1.0,0,60,60,13
12,r_147_158_49,r_33_108_105,seq24,r_147_158_49,1.0,0,49,49,13
1,r_96_69_126,seq148,seq120,r_96_69_126,0.98,0,126,126,13
5,r_137_127_173,seq61,r_117_8_144,r_137_127_173,0.47,0,173,173,13
42,r_86_126_154,r_99_47_145,seq130,r_86_126_154,0.93,0,154,154,13
45,r_141_131_4,seq31,seq130,r_141_131_4,0.58,91,95,4,13
34,r_33_108_105,r_147_158_49,r_139_15_164,r_147_158_49,1.0,0,49,49,13
19,r_88_71_153,seq4,r_141_131_4,r_88_71_153,0.49,0,153,153,13
15,r_13_46_21,r_70_52_186,r_159_149_152,r_13_46_21,0.99,0,21,21,13
15,r_13_46_21,r_159_149_152,r_141_131_4,r_159_149_152,1.0,2,154,152,13
37,r_49_100_41,seq116,seq89,r_49_100_41,0.76,0,41,41,13
9,r_142_11_128,r_119_41_95,r_92_14_7,r_92_14_7,0.65,16,23,7,13
31,r_32_78_87,r_84_56_138,seq21,r_32_78_87,1.0,0,87,87,13
14,r_122_72_26,r_121_50_69,r_86_126_154,r_122_72_26,1.0,0,26,26,13
44,r_92_14_7,seq44,r_80_9_24,r_80_9_24,1.0,22,46,24,13
3,r_20_12_85,r_29_16_32,seq107,r_20_12_85,1.0,0,85,85,13
10,r_93_112_160,seq77,r_40_0_118,r_93_112_160,0.9,0,160,160,13
72,seq27,r_19_26_115,seq107,r_19_26_115,0.98,-38,77,115,13
4,r_151_7_174,seq55,r_40_0_118,r_151_7_174,0.61,0,174,174,13
89,seq89,r_147_158_49,r_49_100_41,r_147_158_49,0.76,-13,36,49,13
11,r_43_109_123,r_151_7_174,seq90,r_43_109_123,0.95,0,123,123,13
20,r_99_47_145,r_86_126_154,seq140,r_86_126_154,0.92,-4,150,154,13
49,r_159_149_152,r_13_46_21,seq44,r_159_149_152,0.96,0,152,152,13
57,r_146_39_116,seq1,seq123,r_146_39_116,1.0,0,116,116,13
87,seq81,r_48_105_55,r_83_94_19,r_83_94_19,1.0,0,19,19,13
51,r_132_111_40,r_110_138_114,r_95_87_108,r_95_87_108,1.0,4,112,108,13
2,r_115_38_172,seq24,r_98_45_54,r_115_38_172,0.79,0,172,172,13
47,r_121_50_69,seq101,r_122_72_26,r_121_50_69,0.94,0,69,69,13
29,r_68_59_83,seq89,r_19_26_115,r_19_26_115,0.98,1,116,115,13
40,r_117_8_144,r_76_62_150,r_139_15_164,r_139_15_164,0.55,-4,160,164,13
18,r_135_66_182,r_114_74_191,r_17_106_98,r_17_106_98,0.79,84,182,98,13
29,r_68_59_83,r_17_106_98,seq89,r_68_59_83,0.95,1,84,83,13
46,r_83_94_19,r_139_15_164,seq81,r_83_94_19,1.0,0,19,19,13
24,r_17_106_98,r_68_59_83,r_121_50_69,r_121_50_69,0.48,8,77,69,13
25,r_3_145_70,r_33_108_105,r_147_158_49,r_33_108_105,0.98,-35,70,105,13
33,r_57_60_161,seq25,r_122_72_26,r_57_60_161,0.5,0,161,161,13
88,seq85,r_70_52_186,r_84_56_138,r_84_56_138,0.99,7,145,138,13
58,r_10_37_151,r_159_149_152,r_142_11_128,r_10_37_151,0.63,0,151,151,13
70,seq24,r_115_38_172,r_147_158_49,r_147_158_49,0.98,123,172,49,13
14,r_122_72_26,r_121_50_69,r_57_60_161,r_57_60_161,1.0,0,161,161,13
68,seq21,r_86_126_154,r_32_78_87,r_32_78_87,0.83,50,137,87,13
24,r_17_106_98,r_121_50_69,r_135_66_182,r_17_106_98,0.88,0,98,98,13
38,r_128_124_169,seq156,r_80_9_24,r_80_9_24,0.86,149,173,24,13
52,r_110_138_114,r_76_62_150,seq101,r_110_138_114,0.49,0,114,114,13
51,r_132_111_40,r_40_0_118,r_110_138_114,r_132_111_40,0.87,1,41,40,13
45,r_141_131_4,seq130,r_88_71_153,r_88_71_153,1.0,7,160,153,13
9,r_142_11_128,r_57_60_161,r_10_37_151,r_142_11_128,0.88,28,156,128,13
17,r_91_75_184,r_102_35_11,r_96_69_126,r_96_69_126,0.88,59,185,126,13
50,r_30_73_25,r_29_16_32,r_80_9_24,r_29_16_32,1.0,-7,25,32,13
41,r_80_9_24,r_20_12_85,r_92_14_7,r_80_9_24,0.85,0,24,24,13
13,r_134_6_22,r_32_78_87,seq61,r_134_6_22,0.97,1,23,22,13
28,r_98_45_54,seq61,r_115_38_172,r_98_45_54,0.68,118,172,54,13
49,r_159_149_152,r_36_2_113,r_13_46_21,r_13_46_21,1.0,-2,19,21,13
61,seq130,r_141_131_4,r_86_126_154,r_86_126_154,0.92,6,160,154,13
28,r_98_45_54,r_110_138_114,seq61,r_98_45_54,1.0,1,55,54,13
56,r_114_74_191,r_135_66_182,r_23_103_134,r_23_103_134,1.0,35,169,134,13
7,r_70_52_186,seq85,r_48_105_55,r_48_105_55,0.73,133,188,55,13
23,r_18_51_129,seq90,r_40_0_118,r_18_51_129,0.96,0,129,129,13
82,seq58,r_135_66_182,r_20_12_85,r_20_12_85,1.0,2,87,85,13
32,r_155_54_17,r_29_16_32,seq89,r_155_54_17,1.0,0,17,17,13
35,r_119_41_95,r_142_11_128,seq61,r_142_11_128,0.99,-29,99,128,13
22,r_63_150_47,r_128_124_169,r_80_9_24,r_63_150_47,0.78,0,47,47,13
59,r_76_62_150,r_132_111_40,seq25,r_132_111_40,0.48,131,171,40,13
93,seq91,r_95_117_79,seq44,r_95_117_79,1.0,1,80,79,14
30,r_156_31_91,r_111_112_99,seq41,r_156_31_91,0.96,0,91,91,14
8,r_108_9_70,seq87,seq16,r_108_9_70,0.95,1,71,70,14
53,r_148_61_133,seq140,seq32,r_148_61_133,0.56,0,133,133,14
43,r_114_116_76,r_93_96_105,r_153_119_111,r_93_96_105,0.8,-27,78,105,14
26,r_34_80_43,seq146,r_83_130_88,r_34_80_43,1.0,0,43,43,14
42,r_147_121_57,seq30,r_149_71_28,r_147_121_57,0.93,0,57,57,14
3,r_107_76_35,r_120_106_171,r_37_127_143,r_107_76_35,0.8,0,35,35,14
37,r_77_123_29,r_111_112_99,r_47_90_77,r_77_123_29,0.97,70,99,29,14
3,r_107_76_35,r_37_127_143,r_110_94_145,r_37_127_143,0.53,2,145,143,14
54,r_37_127_143,r_107_76_35,seq78,r_37_127_143,0.52,1,144,143,14
55,r_95_117_79,seq91,seq126,r_95_117_79,0.95,1,80,79,14
71,seq25,seq150,r_82_38_23,r_82_38_23,1.0,56,79,23,14
16,r_46_103_187,r_36_73_136,r_2_125_73,r_46_103_187,0.59,-51,136,187,14
21,r_28_3_82,r_111_112_99,r_98_115_52,r_28_3_82,0.81,1,83,82,14
48,r_142_105_48,r_93_96_105,seq44,r_93_96_105,1.0,0,105,105,14
1,r_111_112_99,seq102,r_81_88_36,r_111_112_99,0.86,0,99,99,14
97,seq122,r_134_51_185,r_89_141_112,r_89_141_112,1.0,18,130,112,14
5,r_62_17_127,r_118_64_182,r_149_71_28,r_62_17_127,0.55,0,127,127,14
54,r_37_127_143,r_110_94_145,r_107_76_35,r_107_76_35,0.76,11,46,35,14
46,r_132_42_170,seq143,r_36_73_136,r_36_73_136,0.56,34,170,136,14
2,r_137_69_10,r_100_27_106,seq122,r_137_69_10,0.99,0,10,10,14
39,r_65_152_103,r_153_119_111,r_26_109_113,r_65_152_103,0.58,-71,32,103,14
19,r_93_96_105,r_114_116_76,r_142_105_48,r_142_105_48,0.96,30,78,48,14
25,r_81_88_36,r_93_96_105,seq146,r_81_88_36,1.0,0,36,36,14
34,r_129_85_22,seq54,r_5_60_150,r_129_85_22,0.99,0,22,22,14
41,r_131_139_41,r_93_96_105,seq84,r_131_139_41,1.0,1,42,41,14
39,r_65_152_103,r_26_109_113,r_82_38_23,r_65_152_103,0.95,0,103,103,14
31,r_58_23_2,r_145_66_148,r_36_73_136,r_58_23_2,0.68,146,148,2,14
36,r_98_115_52,seq29,seq143,r_98_115_52,0.95,1,53,52,14
62,seq10,r_120_106_171,r_34_80_43,r_34_80_43,0.97,13,56,43,14
10,r_8_74_108,seq159,r_48_35_11,r_8_74_108,1.0,0,108,108,14
33,r_24_18_86,r_120_106_171,r_0_6_123,r_0_6_123,0.65,2,125,123,14
4,r_36_73_136,r_46_103_187,r_53_158_128,r_36_73_136,0.96,0,136,136,14
87,seq63,r_65_152_103,r_142_105_48,r_65_152_103,0.75,25,128,103,14
0,r_154_92_69,r_62_17_127,seq102,r_154_92_69,1.0,0,69,69,14
20,r_47_90_77,r_133_19_196,r_77_123_29,r_47_90_77,1.0,0,77,77,14
13,r_118_64_182,r_62_17_127,r_108_9_70,r_118_64_182,0.99,-55,127,182,14
15,r_53_158_128,r_93_96_105,r_86_22_60,r_86_22_60,0.9,15,75,60,14
57,r_86_22_60,seq29,r_142_105_48,r_86_22_60,1.0,0,60,60,14
13,r_118_64_182,r_108_9_70,r_107_76_35,r_118_64_182,0.81,5,187,182,14
6,r_2_125_73,r_111_112_99,seq49,r_111_112_99,0.95,-23,76,99,14
43,r_114_116_76,r_153_119_111,seq44,r_153_119_111,0.97,0,111,111,14
85,seq57,r_120_106_171,r_89_141_112,r_89_141_112,0.9,22,134,112,14
16,r_46_103_187,r_2_125_73,r_111_112_99,r_46_103_187,0.97,0,187,187,14
52,r_101_33_17,r_120_106_171,r_153_119_111,r_153_119_111,0.79,2,113,111,14
52,r_101_33_17,r_65_152_103,r_120_106_171,r_101_33_17,0.94,1,18,17,14
27,r_15_14_78,seq78,seq144,r_15_14_78,1.0,0,78,78,14
51,r_149_71_28,r_0_6_123,seq140,r_149_71_28,1.0,0,28,28,14
40,r_100_27_106,seq104,r_81_88_36,r_100_27_106,0.94,0,106,106,14
87,seq63,r_147_121_57,r_110_94_145,r_147_121_57,0.76,-18,39,57,14
29,r_136_1_144,seq49,r_82_38_23,r_82_38_23,0.95,125,148,23,14
34,r_129_85_22,r_5_60_150,r_12_99_109,r_12_99_109,0.58,43,152,109,14
33,r_24_18_86,seq41,r_120_106_171,r_24_18_86,0.88,4,90,86,14
24,r_52_43_27,seq41,seq102,r_52_43_27,0.66,-1,26,27,14
15,r_53_158_128,r_86_22_60,r_153_119_111,r_53_158_128,0.75,0,128,128,14
50,r_135_128_177,r_58_23_2,r_93_96_105,r_135_128_177,0.69,-1,176,177,14
58,r_145_66_148,r_58_23_2,seq29,r_145_66_148,0.59,0,148,148,14
65,seq143,r_97_39_161,r_28_3_82,r_28_3_82,1.0,79,161,82,14
19,r_93_96_105,r_142_105_48,r_52_43_27,r_93_96_105,0.96,0,105,105,14
60,seq4,r_36_73_136,r_65_152_103,r_36_73_136,0.67,-68,68,136,14
32,r_110_94_145,seq155,r_107_76_35,r_107_76_35,0.99,127,162,35,14
47,r_113_67_30,r_89_141_112,seq55,r_113_67_30,1.0,0,30,30,14
76,seq32,seq41,r_148_61_133,r_148_61_133,0.92,0,133,133,14
22,r_151_75_47,r_12_99_109,seq122,r_151_75_47,1.0,2,49,47,14
18,r_5_60_150,seq144,r_129_85_22,r_129_85_22,1.0,16,38,22,14
48,r_142_105_48,seq44,r_86_22_60,r_142_105_48,0.46,108,156,48,14
48,r_142_105_48,r_138_50_12,r_93_96_105,r_142_105_48,1.0,1,49,48,14
14,r_72_56_26,seq68,seq126,r_72_56_26,0.98,2,28,26,14
45,r_48_35_11,r_120_106_171,seq140,r_48_35_11,0.99,1,12,11,14
87,seq63,r_110_94_145,r_65_152_103,r_110_94_145,0.56,-69,76,145,14
9,r_89_141_112,seq140,seq122,r_89_141_112,0.99,0,112,112,14
35,r_153_119_111,r_114_116_76,r_95_117_79,r_153_119_111,0.98,0,111,111,14
28,r_83_130_88,seq57,r_34_80_43,r_34_80_43,1.0,51,94,43,14
91,seq84,r_132_42_170,r_131_139_41,r_131_139_41,0.96,87,128,41,14
59,r_82_38_23,seq78,seq25,r_82_38_23,0.99,-1,22,23,14
49,r_134_51_185,seq122,r_65_152_103,r_65_152_103,0.67,82,185,103,14
56,r_12_99_109,seq146,r_129_85_22,r_12_99_109,0.99,0,109,109,14
7,r_79_13_90,r_111_112_99,seq41,r_79_13_90,0.99,0,90,90,14
18,r_5_60_150,r_129_85_22,r_36_73_136,r_5_60_150,0.54,2,152,150,14
23,r_97_39_161,r_132_42_170,r_47_90_77,r_132_42_170,0.68,-9,161,170,14
35,r_153_119_111,r_95_117_79,r_114_116_76,r_95_117_79,0.98,-2,77,79,14
12,r_26_109_113,seq91,seq7,r_26_109_113,0.97,-1,112,113,14
30,r_135_109_98,seq105,r_148_22_64,r_135_109_98,0.91,1,99,98,15
44,r_76_94_176,seq15,r_35_128_140,r_35_128_140,0.73,37,177,140,15
51,r_48_102_167,r_39_34_145,r_71_146_58,r_71_146_58,0.98,88,146,58,15
92,seq105,r_135_109_98,seq149,r_135_109_98,1.0,1,99,98,15
14,r_57_91_196,r_47_61_68,r_159_138_152,r_47_61_68,0.9,3,71,68,15
8,r_103_31_117,r_23_145_169,seq8,r_103_31_117,0.94,0,117,117,15
53,r_54_55_125,seq107,seq8,r_54_55_125,0.79,0,125,125,15
43,r_122_110_99,r_54_55_125,r_148_22_64,r_122_110_99,0.99,0,99,99,15
37,r_6_60_173,r_115_18_193,r_157_134_137,r_6_60_173,0.53,0,173,173,15
59,r_26_106_147,seq126,seq64,r_26_106_147,0.48,0,147,147,15
26,r_152_156_22,r_108_68_159,seq49,r_152_156_22,1.0,-1,21,22,15
19,r_46_43_12,r_80_3_142,r_59_42_53,r_46_43_12,1.0,131,143,12,15
55,r_104_100_87,seq111,seq95,r_104_100_87,1.0,0,87,87,15
16,r_47_61_68,r_57_91_196,seq15,r_47_61_68,0.82,3,71,68,15
21,r_0_62_3,r_99_30_21,r_148_22_64,r_148_22_64,1.0,45,109,64,15
39,r_115_18_193,r_6_60_173,r_39_34_145,r_115_18_193,0.51,-20,173,193,15
42,r_38_28_26,r_114_45_175,seq75,r_38_28_26,0.51,-7,19,26,15
45,r_113_53_123,seq75,r_99_30_21,r_113_53_123,0.73,-2,121,123,15
31,r_86_112_42,r_2_84_185,r_73_97_36,r_86_112_42,0.68,0,42,42,15
11,r_67_142_43,seq1,r_150_74_82,r_150_74_82,0.96,74,156,82,15
52,r_127_65_51,r_6_60_173,r_59_42_53,r_127_65_51,0.97,6,57,51,15
41,r_66_52_94,r_77_16_84,r_144_139_2,r_77_16_84,0.61,-1,83,84,15
34,r_50_17_23,r_38_28_26,r_133_87_55,r_133_87_55,0.91,12,67,55,15
44,r_76_94_176,r_133_87_55,seq15,r_133_87_55,0.94,2,57,55,15
3,r_118_69_70,seq49,r_131_96_20,r_118_69_70,1.0,1,71,70,15
10,r_124_82_158,seq143,r_133_87_55,r_124_82_158,0.51,3,161,158,15
29,r_21_89_27,r_137_32_9,seq141,r_21_89_27,0.87,1,28,27,15
4,r_90_155_63,seq95,seq121,r_90_155_63,1.0,0,63,63,15
78,seq56,r_23_145_169,r_77_16_84,r_77_16_84,1.0,-4,80,84,15
0,r_136_11_153,seq88,seq75,r_136_11_153,0.8,0,153,153,15
98,seq121,seq12,r_90_155_63,r_90_155_63,1.0,26,89,63,15
57,r_35_128_140,seq15,r_130_140_38,r_35_128_140,0.82,2,142,140,15
6,r_148_22_64,seq93,r_0_62_3,r_148_22_64,0.96,0,64,64,15
62,seq9,r_23_145_169,r_66_52_94,r_66_52_94,1.0,9,103,94,15
54,r_63_14_32,r_25_101_88,seq20,r_63_14_32,1.0,2,34,32,15
27,r_114_45_175,seq15,r_25_101_88,r_114_45_175,0.67,0,175,175,15
2,r_5_51_92,r_99_30_21,r_33_132_56,r_5_51_92,0.6,7,99,92,15
47,r_39_34_145,r_48_102_167,r_5_51_92,r_5_51_92,0.81,54,146,92,15
74,seq37,seq93,r_10_125_61,r_10_125_61,0.97,6,67,61,15
18,r_151_147_97,seq107,r_59_42_53,r_151_147_97,0.99,1,98,97,15
24,r_25_101_88,seq154,seq121,r_25_101_88,0.47,15,103,88,15
36,r_33_132_56,r_6_60_173,r_5_51_92,r_33_132_56,0.58,1,57,56,15
25,r_108_68_159,r_48_102_167,r_10_125_61,r_108_68_159,0.54,2,161,159,15
19,r_46_43_12,r_5_51_92,r_80_3_142,r_46_43_12,0.97,-1,11,12,15
88,seq88,r_136_11_153,seq116,r_136_11_153,1.0,0,153,153,15
70,seq154,r_25_101_88,seq121,r_25_101_88,0.55,12,100,88,15
20,r_130_140_38,r_59_42_53,seq107,r_130_140_38,1.0,0,38,38,15
41,r_66_52_94,r_144_139_2,seq9,r_66_52_94,0.95,0,94,94,15
48,r_131_96_20,r_58_92_48,seq41,r_131_96_20,0.91,-1,19,20,15
22,r_58_92_48,seq70,seq141,r_58_92_48,0.96,0,48,48,15
7,r_4_19_49,r_5_51_92,r_137_32_9,r_4_19_49,0.65,41,90,49,15
9,r_71_146_58,r_104_100_87,r_48_102_167,r_71_146_58,0.52,11,69,58,15
96,seq119,seq27,r_104_100_87,r_104_100_87,1.0,23,110,87,15
1,r_59_42_53,r_130_140_38,r_46_43_12,r_59_42_53,1.0,-12,41,53,15
28,r_99_30_21,r_0_62_3,r_113_53_123,r_113_53_123,0.67,8,131,123,15
7,r_4_19_49,seq27,r_5_51_92,r_4_19_49,0.97,1,50,49,15
91,seq95,seq27,r_104_100_87,r_104_100_87,1.0,12,99,87,15
11,r_67_142_43,r_57_91_196,seq1,r_67_142_43,0.69,2,45,43,15
49,r_144_139_2,r_66_52_94,r_123_117_75,r_66_52_94,0.83,0,94,94,15
34,r_50_17_23,r_23_145_169,r_38_28_26,r_50_17_23,0.87,0,23,23,15
56,r_10_125_61,seq15,seq37,r_10_125_61,0.99,1,62,61,15
66,seq20,r_123_117_75,r_63_14_32,r_63_14_32,1.0,1,33,32,15
23,r_80_3_142,r_46_43_12,r_86_112_42,r_46_43_12,0.73,131,143,12,15
35,r_129_13_174,seq83,r_77_16_84,r_129_13_174,0.82,0,174,174,15
58,r_73_97_36,r_35_128_140,r_86_112_42,r_73_97_36,0.88,3,39,36,15
12,r_123_117_75,r_57_91_196,seq126,r_123_117_75,0.81,0,75,75,15
5,r_133_87_55,r_76_94_176,r_50_17_23,r_133_87_55,0.93,0,55,55,15
51,r_95_137_81,seq153,r_33_35_74,r_95_137_81,1.0,7,88,81,16
36,r_151_156_150,r_100_97_169,seq93,r_151_156_150,0.76,3,153,150,16
38,r_36_13_149,seq127,r_145_39_30,r_145_39_30,0.99,23,53,30,16
40,r_49_46_174,seq128,r_22_43_109,r_49_46_174,0.61,-28,146,174,16
14,r_133_79_116,seq153,r_155_69_64,r_133_79_116,0.84,0,116,116,16
11,r_123_89_29,r_136_59_171,seq126,r_123_89_29,0.99,0,29,29,16
43,r_22_43_109,seq138,seq2,r_22_43_109,0.42,8,117,109,16
54,r_75_30_62,r_20_10_158,r_27_109_48,r_75_30_62,0.82,19,81,62,16
59,r_44_47_148,r_86_98_165,seq153,r_44_47_148,0.82,4,152,148,16
19,r_53_131_189,r_19_147_35,r_105_114_59,r_53_131_189,0.52,0,189,189,16
86,seq72,r_143_119_113,seq62,r_143_119_113,1.0,0,113,113,16
21,r_66_144_118,seq153,seq4,r_66_144_118,0.9,0,118,118,16
39,r_94_135_107,seq130,r_88_52_17,r_94_135_107,0.43,-11,96,107,16
1,r_42_45_130,seq126,seq141,r_42_45_130,0.8,1,131,130,16
42,r_1_80_83,seq141,seq34,r_1_80_83,0.99,0,83,83,16
80,seq48,r_108_82_146,r_6_103_51,r_6_103_51,0.95,95,146,51,16
19,r_53_131_189,r_83_81_79,r_19_147_35,r_53_131_189,0.96,-109,80,189,16
0,r_91_154_45,r_42_45_130,seq153,r_91_154_45,1.0,5,50,45,16
15,r_73_26_182,r_63_0_3,seq128,r_73_26_182,0.48,0,182,182,16
38,r_36_13_149,r_145_39_30,seq158,r_36_13_149,0.94,0,149,149,16
31,r_65_118_76,r_67_15_161,r_102_57_102,r_65_118_76,0.95,0,76,76,16
89,seq85,r_74_11_56,seq117,r_74_11_56,1.0,4,60,56,16
49,r_68_54_22,r_86_98_165,seq2,r_68_54_22,0.91,0,22,22,16
15,r_73_26_182,seq159,r_63_0_3,r_63_0_3,0.82,17,20,3,16
3,r_143_119_113,seq72,r_148_60_175,r_143_119_113,0.83,0,113,113,16
26,r_33_35_74,r_146_120_190,r_95_137_81,r_33_35_74,0.71,14,88,74,16
24,r_111_31_129,r_83_81_79,r_155_69_64,r_111_31_129,0.99,0,129,129,16
4,r_100_97_169,r_151_156_150,r_53_131_189,r_151_156_150,1.0,0,150,150,16
20,r_155_69_64,r_1_80_83,seq93,r_1_80_83,0.98,-19,64,83,16
13,r_56_24_96,r_49_46_174,r_102_57_102,r_56_24_96,0.85,-2,94,96,16
4,r_100_97_169,r_53_131_189,r_143_119_113,r_100_97_169,0.96,0,169,169,16
8,r_27_109_48,r_104_84_131,r_105_114_59,r_27_109_48,1.0,4,52,48,16
10,r_145_39_30,r_66_144_118,r_36_13_149,r_145_39_30,1.0,4,34,30,16
55,r_121_125_52,r_20_10_158,seq21,r_121_125_52,1.0,0,52,52,16
48,r_5_16_18,r_91_154_45,r_63_0_3,r_5_16_18,1.0,0,18,18,16
9,r_19_147_35,r_148_60_175,seq152,r_19_147_35,1.0,0,35,35,16
10,r_145_39_30,r_36_13_149,r_17_92_90,r_17_92_90,0.52,24,114,90,16
27,r_86_98_165,seq106,r_143_119_113,r_143_119_113,0.66,52,165,113,16
2,r_105_114_59,r_150_3_82,r_27_109_48,r_27_109_48,0.85,12,60,48,16
47,r_83_81_79,r_53_131_189,r_111_31_129,r_83_81_79,0.98,2,81,79,16
40,r_49_46_174,r_56_24_96,seq128,r_56_24_96,0.79,7,103,96,16
18,r_18_70_114,seq152,seq62,r_18_70_114,0.99,0,114,114,16
23,r_88_52_17,r_86_98_165,r_94_135_107,r_88_52_17,0.78,0,17,17,16
24,r_111_31_129,seq50,r_83_81_79,r_83_81_79,1.0,4,83,79,16
25,r_6_103_51,r_100_97_169,seq48,r_6_103_51,1.0,2,53,51,16
6,r_51_124_21,r_74_11_56,seq158,r_51_124_21,0.99,4,25,21,16
50,r_74_11_56,seq85,r_113_7_166,r_74_11_56,0.95,4,60,56,16
58,r_104_84_131,r_146_120_190,r_66_144_118,r_104_84_131,0.9,0,131,131,16
20,r_155_69_64,seq93,r_133_79_116,r_133_79_116,0.91,14,130,116,16
47,r_83_81_79,r_111_31_129,r_76_96_87,r_111_31_129,1.0,-2,127,129,16
34,r_67_15_161,r_148_60_175,r_19_147_35,r_19_147_35,0.65,126,161,35,16
35,r_112_157_38,seq38,seq127,r_112_157_38,0.9,3,41,38,16
81,seq50,r_111_31_129,r_83_81_79,r_83_81_79,0.77,4,83,79,16
17,r_78_122_137,r_100_97_169,seq128,r_78_122_137,0.86,0,137,137,16
22,r_140_58_77,seq29,seq126,r_140_58_77,0.57,3,80,77,16
28,r_76_96_87,r_100_97_169,r_83_81_79,r_100_97_169,1.0,-82,87,169,16
56,r_113_7_166,r_148_60_175,r_74_11_56,r_74_11_56,1.0,28,84,56,16
7,r_17_92_90,seq64,r_145_39_30,r_17_92_90,1.0,0,90,90,16
79,seq41,r_1_80_83,r_33_35_74,r_1_80_83,0.76,-11,72,83,16
30,r_16_93_96,seq4,r_61_31_63,r_61_31_63,1.0,8,71,63,17
51,r_104_3_130,r_150_21_18,r_120_114_121,r_150_21_18,0.99,112,130,18,17
14,r_81_47_88,seq29,r_78_44_7,r_81_47_88,0.96,1,89,88,17
53,r_43_8_53,seq48,r_1_0_60,r_1_0_60,0.99,4,64,60,17
43,r_7_106_133,seq149,r_76_56_73,r_7_106_133,1.0,0,133,133,17
54,r_119_40_132,seq19,r_132_64_37,r_132_64_37,1.0,95,132,37,17
83,seq77,seq39,r_17_95_131,r_17_95_131,1.0,0,131,131,17
59,r_12_28_76,seq18,seq5,r_12_28_76,1.0,0,76,76,17
71,seq26,r_36_25_22,r_132_64_37,r_132_64_37,1.0,65,102,37,17
86,seq83,r_51_23_183,r_81_47_88,r_81_47_88,0.93,95,183,88,17
16,r_116_70_68,r_115_143_135,seq29,r_116_70_68,0.62,2,70,68,17
21,r_122_97_150,seq27,r_100_94_8,r_122_97_150,0.71,1,151,150,17
46,r_142_57_189,seq147,r_145_121_49,r_145_121_49,0.85,140,189,49,17
42,r_74_110_55,seq39,seq85,r_74_110_55,0.99,0,55,55,17
39,r_52_11_26,seq117,r_136_125_137,r_136_125_137,1.0,0,137,137,17
31,r_107_144_166,r_51_23_183,r_119_40_132,r_119_40_132,0.61,34,166,132,17
3,r_157_9_54,r_42_55_148,r_145_121_49,r_157_9_54,1.0,1,55,54,17
52,r_152_139_44,r_157_9_54,r_99_92_172,r_152_139_44,0.85,0,44,44,17
22,r_62_60_192,seq128,seq140,r_62_60_192,0.38,-76,116,192,17
10,r_59_37_99,r_142_57_189,r_100_94_8,r_59_37_99,1.0,0,99,99,17
26,r_42_55_148,seq67,r_73_127_118,r_42_55_148,0.99,0,148,148,17
78,seq48,r_10_108_134,r_100_94_8,r_100_94_8,0.87,128,136,8,17
37,r_66_75_34,r_105_6_125,seq118,r_66_75_34,1.0,0,34,34,17
11,r_115_143_135,r_109_49_198,r_66_75_34,r_66_75_34,1.0,104,138,34,17
48,r_133_33_114,seq128,r_100_94_8,r_133_33_114,1.0,0,114,114,17
15,r_132_64_37,seq80,seq26,r_132_64_37,1.0,0,37,37,17
57,r_15_124_127,seq2,r_78_44_7,r_15_124_127,1.0,1,128,127,17
36,r_99_92_172,r_152_139_44,seq149,r_152_139_44,0.38,129,173,44,17
6,r_50_79_28,r_42_55_148,r_24_68_46,r_50_79_28,1.0,1,29,28,17
7,r_87_13_41,seq83,seq101,r_87_13_41,1.0,0,41,41,17
25,r_90_91_51,r_122_97_150,r_24_68_46,r_90_91_51,1.0,0,51,51,17
38,r_98_138_56,r_119_40_132,r_78_44_7,r_98_138_56,1.0,0,56,56,17
2,r_10_108_134,seq48,seq88,r_10_108_134,0.65,2,136,134,17
40,r_51_23_183,seq83,seq18,r_51_23_183,0.43,0,183,183,17
29,r_150_21_18,r_104_3_130,r_76_56_73,r_76_56_73,1.0,57,130,73,17
24,r_41_65_50,seq117,seq129,r_41_65_50,1.0,0,50,50,17
33,r_36_25_22,r_76_56_73,r_132_64_37,r_36_25_22,1.0,43,65,22,17
64,seq5,r_135_54_155,r_12_28_76,r_12_28_76,0.99,80,156,76,17
18,r_151_89_14,r_122_97_150,seq2,r_151_89_14,0.99,0,14,14,17
28,r_58_123_30,seq39,seq4,r_58_123_30,0.98,0,30,30,17
50,r_120_114_121,seq128,seq19,r_120_114_121,0.98,1,122,121,17
58,r_17_95_131,r_105_6_125,seq77,r_17_95_131,0.97,0,131,131,17
70,seq149,r_7_106_133,r_10_108_134,r_7_106_133,0.97,0,133,133,17
65,seq134,seq18,r_132_64_37,r_132_64_37,1.0,126,163,37,17
32,r_35_158_170,seq67,r_115_143_135,r_35_158_170,0.66,0,170,170,17
36,r_99_92_172,seq102,r_152_139_44,r_152_139_44,1.0,-2,42,44,17
34,r_61_31_63,seq101,r_16_93_96,r_61_31_63,0.98,0,63,63,17
9,r_145_121_49,seq85,seq39,r_145_121_49,0.9,2,51,49,17
4,r_131_46_21,r_1_0_60,seq84,r_131_46_21,0.66,0,21,21,17
60,seq128,r_120_114_121,seq140,r_120_114_121,1.0,1,122,121,17
17,r_126_45_65,r_148_53_92,r_90_91_51,r_126_45_65,1.0,5,70,65,17
56,r_96_86_32,seq83,seq117,r_96_86_32,1.0,0,32,32,17
34,r_61_31_63,r_16_93_96,r_58_123_30,r_16_93_96,0.86,1,97,96,17
30,r_16_93_96,r_61_31_63,seq2,r_16_93_96,0.88,1,97,96,17
22,r_62_60_192,r_150_21_18,seq128,r_150_21_18,0.5,48,66,18,17
49,r_105_6_125,r_17_95_131,seq112,r_17_95_131,1.0,0,131,131,17
39,r_52_11_26,seq63,seq117,r_52_11_26,0.97,0,26,26,17
23,r_14_154_129,seq134,r_100_94_8,r_14_154_129,0.93,0,129,129,17
55,r_24_68_46,r_12_28_76,r_50_79_28,r_24_68_46,0.92,3,49,46,17
35,r_1_0_60,r_15_124_127,r_43_8_53,r_1_0_60,0.96,0,60,60,17
12,r_76_56_73,r_36_25_22,r_150_21_18,r_76_56_73,1.0,0,73,73,17
45,r_130_22_19,r_42_55_148,seq147,r_130_22_19,1.0,-1,18,19,17
51,r_70_133_160,r_130_61_130,r_75_77_33,r_70_133_160,0.88,0,160,160,18
51,r_70_133_160,r_4_121_150,r_130_61_130,r_130_61_130,0.99,12,142,130,18
36,r_111_3_188,seq112,r_50_76_166,r_50_76_166,0.65,22,188,166,18
14,r_65_157_110,r_58_127_170,seq91,r_65_157_110,0.92,-4,106,110,18
8,r_10_33_70,r_135_72_81,r_14_21_12,r_10_33_70,0.88,0,70,70,18
43,r_88_37_132,seq112,seq107,r_88_37_132,0.78,1,133,132,18
60,seq132,r_75_77_33,r_18_100_177,r_75_77_33,0.99,0,33,33,18
59,r_147_1_104,seq108,r_25_49_69,r_147_1_104,1.0,0,104,104,18
55,r_156_151_156,seq60,seq141,r_156_151_156,0.85,0,156,156,18
21,r_123_8_83,r_56_30_192,r_92_26_41,r_123_8_83,1.0,0,83,83,18
39,r_4_121_150,r_70_133_160,seq112,r_4_121_150,0.59,0,150,150,18
5,r_58_127_170,seq98,r_48_129_92,r_58_127_170,0.59,0,170,170,18
42,r_0_40_172,seq149,seq154,r_0_40_172,0.42,0,172,172,18
45,r_150_54_184,seq64,r_53_41_58,r_53_41_58,0.99,125,183,58,18
7,r_63_13_193,r_115_43_181,r_57_96_50,r_57_96_50,1.0,-1,49,50,18
19,r_53_41_58,seq16,seq6,r_53_41_58,1.0,3,61,58,18
66,seq16,r_53_41_58,seq119,r_53_41_58,0.95,3,61,58,18
9,r_11_28_23,r_120_42_186,seq98,r_11_28_23,1.0,0,23,23,18
67,seq17,r_146_55_108,r_14_21_12,r_146_55_108,0.79,3,111,108,18
31,r_29_128_54,seq119,seq20,r_29_128_54,0.99,1,55,54,18
37,r_131_86_15,seq87,seq140,r_131_86_15,0.98,0,15,15,18
3,r_130_61_130,seq69,seq60,r_130_61_130,0.94,0,130,130,18
60,seq132,r_10_33_70,r_50_76_166,r_50_76_166,1.0,7,173,166,18
63,seq140,r_104_155_140,r_131_86_15,r_131_86_15,0.84,18,33,15,18
58,r_68_38_178,r_145_23_152,r_18_100_177,r_68_38_178,0.47,-132,46,178,18
26,r_47_105_14,r_123_8_83,seq80,r_47_105_14,0.76,0,14,14,18
78,seq64,r_150_54_184,r_0_40_172,r_0_40_172,0.68,11,183,172,18
0,r_125_39_72,r_126_12_64,seq87,r_125_39_72,1.0,0,72,72,18
11,r_71_117_97,r_0_40_172,r_126_12_64,r_71_117_97,1.0,0,97,97,18
57,r_44_67_42,r_71_117_97,r_81_142_9,r_44_67_42,1.0,0,42,42,18
20,r_135_72_81,r_158_7_111,r_92_26_41,r_92_26_41,0.94,40,81,41,18
62,seq137,r_85_62_194,r_75_77_33,r_75_77_33,1.0,7,40,33,18
13,r_34_73_185,seq153,r_15_144_74,r_15_144_74,0.98,47,121,74,18
98,seq148,r_139_84_93,seq74,r_139_84_93,1.0,0,93,93,18
46,r_92_26_41,r_4_121_150,r_123_8_83,r_123_8_83,0.76,59,142,83,18
48,r_24_99_169,seq60,r_25_49_69,r_25_49_69,0.98,100,169,69,18
58,r_68_38_178,r_10_33_70,r_158_7_111,r_68_38_178,0.87,3,181,178,18
13,r_34_73_185,r_15_144_74,seq83,r_34_73_185,0.54,0,185,185,18
6,r_25_49_69,r_18_100_177,r_5_89_187,r_25_49_69,0.94,0,69,69,18
27,r_104_155_140,r_4_121_150,r_10_33_70,r_10_33_70,0.99,71,141,70,18
4,r_57_96_50,r_120_42_186,r_63_13_193,r_57_96_50,1.0,0,50,50,18
79,seq69,r_130_61_130,r_81_142_9,r_81_142_9,0.94,6,15,9,18
2,r_22_51_122,seq46,seq91,r_22_51_122,1.0,0,122,122,18
47,r_18_100_177,seq83,r_0_40_172,r_0_40_172,0.77,14,186,172,18
25,r_78_32_162,seq87,r_123_8_83,r_78_32_162,0.78,1,163,162,18
33,r_94_2_183,seq106,r_57_96_50,r_94_2_183,0.45,0,183,183,18
53,r_136_114_10,r_22_51_122,seq87,r_136_114_10,0.82,0,10,10,18
50,r_126_12_64,r_125_39_72,r_95_90_199,r_126_12_64,0.7,5,69,64,18
6,r_25_49_69,r_5_89_187,r_146_55_108,r_146_55_108,0.64,25,133,108,18
65,seq143,r_120_42_186,r_45_27_67,r_45_27_67,1.0,119,186,67,18
52,r_82_9_139,seq60,seq106,r_82_9_139,0.95,0,139,139,18
58,r_68_38_178,r_18_100_177,r_10_33_70,r_10_33_70,0.89,26,96,70,18
17,r_93_52_159,seq17,seq108,r_93_52_159,0.86,0,159,159,18
16,r_75_77_33,seq132,seq137,r_75_77_33,1.0,0,33,33,18
22,r_15_144_74,seq91,seq108,r_15_144_74,1.0,0,74,74,18
28,r_19_152_112,seq64,r_11_28_23,r_19_152_112,1.0,2,114,112,18
46,r_92_26_41,seq132,r_4_121_150,r_92_26_41,0.99,0,41,41,18
49,r_139_84_93,seq148,r_131_86_15,r_139_84_93,0.54,0,93,93,18
56,r_145_23_152,seq17,r_88_37_132,r_88_37_132,0.66,24,156,132,18
44,r_56_30_192,r_50_76_166,r_19_152_112,r_19_152_112,0.99,54,166,112,18
23,r_5_89_187,r_22_51_122,r_25_49_69,r_5_89_187,0.88,-120,67,187,18
60,seq132,r_18_100_177,r_10_33_70,r_10_33_70,0.47,42,112,70,18
35,r_50_76_166,r_56_30_192,seq132,r_50_76_166,0.66,0,166,166,18
12,r_45_27_67,seq124,seq143,r_45_27_67,1.0,0,67,67,18
23,r_5_89_187,r_25_49_69,seq106,r_5_89_187,0.64,0,187,187,18
40,r_29_52_148,r_83_7_29,r_27_85_36,r_27_85_36,0.59,112,148,36,19
30,r_133_36_107,seq139,seq3,r_133_36_107,0.71,3,110,107,19
20,r_102_89_10,r_86_10_108,seq28,r_102_89_10,0.9,2,12,10,19
36,r_16_104_151,r_91_115_158,r_46_25_17,r_16_104_151,0.83,0,151,151,19
25,r_138_143_48,r_99_81_149,seq84,r_138_143_48,1.0,0,48,48,19
14,r_128_158_119,seq19,r_116_72_18,r_128_158_119,1.0,0,119,119,19
8,r_73_54_85,r_29_52_148,seq32,r_73_54_85,1.0,0,85,85,19
53,r_14_80_62,r_44_129_103,r_83_7_29,r_14_80_62,1.0,0,62,62,19
54,r_68_61_122,seq0,seq22,r_68_61_122,0.99,0,122,122,19
59,r_141_100_159,seq59,r_92_37_198,r_92_37_198,0.74,-39,159,198,19
55,r_110_21_101,r_92_37_198,r_91_115_158,r_110_21_101,0.99,0,101,101,19
16,r_91_115_158,r_16_104_151,r_110_21_101,r_110_21_101,0.99,2,103,101,19
21,r_58_112_66,r_67_41_178,seq139,r_58_112_66,1.0,1,67,66,19
39,r_149_38_94,seq154,r_105_12_1,r_149_38_94,0.91,0,94,94,19
1,r_99_81_149,seq79,r_108_107_115,r_108_107_115,1.0,42,157,115,19
97,seq119,r_99_81_149,seq28,r_99_81_149,0.66,-11,138,149,19
5,r_155_13_160,r_26_57_168,r_145_77_12,r_155_13_160,0.56,0,160,160,19
46,r_108_107_115,r_101_2_4,seq22,r_108_107_115,1.0,0,115,115,19
42,r_17_55_121,seq42,seq144,r_17_55_121,0.36,36,157,121,19
80,seq42,r_17_55_121,r_9_64_44,r_9_64_44,1.0,70,114,44,19
45,r_123_147_180,seq139,r_136_95_156,r_123_147_180,0.67,0,180,180,19
70,seq23,r_92_37_198,r_106_47_45,r_106_47_45,1.0,1,46,45,19
11,r_83_7_29,r_113_56_138,r_14_80_62,r_83_7_29,0.9,100,129,29,19
3,r_9_64_44,r_146_131_196,seq132,r_9_64_44,1.0,0,44,44,19
57,r_46_25_17,r_123_147_180,r_27_85_36,r_123_147_180,0.69,-50,130,180,19
76,seq32,seq144,r_91_115_158,r_91_115_158,0.97,0,158,158,19
38,r_113_56_138,r_83_7_29,r_159_137_80,r_113_56_138,0.49,0,138,138,19
31,r_127_96_192,r_142_124_128,r_109_43_93,r_127_96_192,1.0,-87,105,192,19
89,seq79,r_99_81_149,seq28,r_99_81_149,0.88,-11,138,149,19
22,r_63_122_153,r_58_112_66,r_152_1_37,r_63_122_153,1.0,0,153,153,19
47,r_11_118_28,r_71_97_43,seq139,r_71_97_43,0.99,-3,40,43,19
74,seq28,r_99_81_149,r_102_89_10,r_102_89_10,1.0,0,10,10,19
26,r_76_8_187,seq65,seq79,r_76_8_187,0.43,1,188,187,19
0,r_35_40_139,seq94,r_109_43_93,r_109_43_93,1.0,47,140,93,19
48,r_156_30_165,seq59,seq15,r_156_30_165,0.53,2,167,165,19
51,r_106_47_45,r_113_56_138,seq23,r_106_47_45,0.81,1,46,45,19
41,r_116_72_18,r_159_137_80,seq111,r_116_72_18,0.96,2,20,18,19
38,r_113_56_138,r_29_52_148,r_83_7_29,r_83_7_29,1.0,-1,28,29,19
85,seq65,r_76_8_187,r_92_37_198,r_76_8_187,0.64,1,188,187,19
6,r_152_1_37,r_48_103_169,r_105_12_1,r_152_1_37,0.99,1,38,37,19
57,r_46_25_17,r_67_41_178,r_4_34_87,r_46_25_17,0.99,3,20,17,19
58,r_75_88_27,r_152_1_37,seq140,r_75_88_27,0.81,1,28,27,19
18,r_151_135_116,r_99_81_149,r_87_150_117,r_87_150_117,0.99,-2,115,117,19
24,r_159_137_80,r_98_50_152,r_92_37_198,r_159_137_80,0.98,3,83,80,19
33,r_44_129_103,seq19,r_101_2_4,r_44_129_103,1.0,0,103,103,19
13,r_121_45_41,r_105_12_1,seq90,r_121_45_41,0.96,-1,40,41,19
64,seq139,r_123_147_180,seq70,r_123_147_180,0.64,-37,143,180,19
65,seq140,r_142_124_128,r_146_131_196,r_142_124_128,1.0,0,128,128,19
11,r_83_7_29,seq3,r_113_56_138,r_83_7_29,1.0,-1,28,29,19
61,seq3,seq51,r_133_36_107,r_133_36_107,0.96,3,110,107,19
23,r_27_85_36,r_142_124_128,r_46_25_17,r_27_85_36,0.99,0,36,36,19
52,r_109_43_93,r_86_10_108,r_127_96_192,r_109_43_93,1.0,0,93,93,19
2,r_145_77_12,r_123_147_180,seq132,r_145_77_12,0.91,0,12,12,19
57,r_46_25_17,r_4_34_87,r_123_147_180,r_4_34_87,0.97,0,87,87,19
16,r_91_115_158,r_110_21_101,seq32,r_91_115_158,1.0,1,159,158,19
17,r_87_150_117,r_63_122_153,r_151_135_116,r_151_135_116,0.87,1,117,116,19
95,seq111,r_133_36_107,r_116_72_18,r_116_72_18,0.46,0,18,18,19
9,r_136_95_156,seq60,seq28,r_136_95_156,0.86,0,156,156,19
37,r_4_34_87,r_46_25_17,r_130_5_63,r_4_34_87,1.0,0,87,87,19
22,r_63_122_153,r_87_150_117,r_58_112_66,r_58_112_66,0.71,51,117,66,19
28,r_98_50_152,seq132,r_159_137_80,r_159_137_80,0.98,72,152,80,19
49,r_130_5_63,r_92_37_198,seq19,r_130_5_63,1.0,-1,62,63,19
56,r_74_20_134,r_123_147_180,r_152_1_37,r_74_20_134,0.89,1,135,134,19
44,r_86_10_108,seq114,seq24,r_86_10_108,0.42,-12,96,108,19
29,r_71_97_43,r_11_118_28,r_78_31_65,r_71_97_43,1.0,-3,40,43,19
40,r_29_52_148,r_73_54_85,r_83_7_29,r_29_52_148,0.89,-121,27,148,19
79,seq39,r_48_103_169,seq59,r_48_103_169,0.99,1,170,169,19
35,r_62_18_188,r_146_131_196,r_128_158_119,r_146_131_196,0.24,-6,190,196,19
12,r_146_131_196,r_62_18_188,r_35_40_139,r_35_40_139,0.67,51,190,139,19
37,r_4_34_87,r_71_97_43,r_46_25_17,r_46_25_17,0.58,1,18,17,19
84,seq60,r_136_95_156,r_44_129_103,r_44_129_103,0.9,53,156,103,19
30,r_140_94_160,seq114,r_30_2_60,r_140_94_160,0.65,2,162,160,20
44,r_3_39_165,r_30_2_60,r_58_156_122,r_3_39_165,0.7,1,166,165,20
51,r_37_102_74,seq27,r_93_105_152,r_37_102_74,1.0,0,74,74,20
36,r_36_99_80,r_81_152_174,r_78_8_2,r_36_99_80,1.0,0,80,80,20
9,r_30_2_60,r_3_39_165,seq55,r_3_39_165,1.0,1,166,165,20
92,seq100,seq125,r_40_0_49,r_40_0_49,0.84,41,90,49,20
14,r_52_48_116,seq148,r_73_151_90,r_52_48_116,1.0,0,116,116,20
46,r_9_155_105,r_93_105_152,r_124_19_68,r_9_155_105,0.63,-63,42,105,20
3,r_4_86_47,r_159_121_71,seq114,r_159_121_71,1.0,-23,48,71,20
54,r_81_152_174,r_61_113_107,r_73_151_90,r_73_151_90,0.99,1,91,90,20
54,r_81_152_174,r_73_151_90,r_62_64_15,r_81_152_174,0.64,0,174,174,20
43,r_44_5_30,seq6,seq98,r_44_5_30,0.99,0,30,30,20
16,r_75_150_121,r_122_132_134,r_159_121_71,r_122_132_134,0.99,-12,122,134,20
21,r_1_87_177,r_58_156_122,r_63_158_179,r_58_156_122,1.0,-29,93,122,20
1,r_33_79_98,r_61_113_107,r_35_119_10,r_33_79_98,0.83,0,98,98,20
5,r_104_118_127,seq55,r_153_84_78,r_104_118_127,0.63,0,127,127,20
42,r_101_116_88,r_88_23_140,r_146_74_73,r_146_74_73,0.9,1,74,73,20
53,r_49_70_13,r_44_5_30,seq125,r_49_70_13,0.98,0,13,13,20
45,r_78_8_2,r_159_121_71,r_28_103_28,r_159_121_71,1.0,0,71,71,20
57,r_50_12_22,r_4_86_47,seq136,r_50_12_22,0.98,2,24,22,20
31,r_117_31_112,r_41_76_194,r_4_86_47,r_117_31_112,0.83,1,113,112,20
10,r_58_156_122,r_1_87_177,r_147_135_25,r_58_156_122,1.0,0,122,122,20
4,r_124_19_68,seq32,r_9_155_105,r_124_19_68,0.92,0,68,68,20
20,r_153_84_78,seq71,r_104_118_127,r_153_84_78,0.45,70,148,78,20
13,r_42_21_164,r_93_105_152,r_146_74_73,r_146_74_73,1.0,93,166,73,20
98,seq148,r_10_51_91,r_9_155_105,r_9_155_105,1.0,9,114,105,20
46,r_9_155_105,r_124_19_68,seq148,r_9_155_105,1.0,1,106,105,20
67,seq141,r_138_145_55,seq71,r_138_145_55,0.84,4,59,55,20
15,r_91_139_135,r_65_43_149,r_33_79_98,r_91_139_135,0.94,0,135,135,20
48,r_66_13_67,r_73_151_90,seq111,r_66_13_67,1.0,0,67,67,20
49,r_73_151_90,r_81_152_174,r_52_48_116,r_73_151_90,0.94,84,174,90,20
26,r_147_135_25,r_117_31_112,seq154,r_147_135_25,0.98,0,25,25,20
12,r_35_119_10,r_117_31_112,r_137_72_18,r_117_31_112,1.0,-29,83,112,20
6,r_65_43_149,seq67,seq32,r_65_43_149,0.83,3,152,149,20
21,r_1_87_177,r_63_158_179,r_93_105_152,r_63_158_179,0.99,0,179,179,20
74,seq32,seq136,r_65_43_149,r_65_43_149,0.65,0,149,149,20
2,r_63_158_179,r_1_87_177,r_62_64_15,r_63_158_179,0.94,0,179,179,20
42,r_101_116_88,r_146_74_73,seq6,r_101_116_88,0.98,2,90,88,20
12,r_35_119_10,r_42_21_164,r_117_31_112,r_35_119_10,0.8,0,10,10,20
73,seq27,seq45,r_65_43_149,r_65_43_149,0.41,-125,24,149,20
59,r_28_103_28,r_75_150_121,r_78_8_2,r_28_103_28,0.6,-7,21,28,20
2,r_63_158_179,r_77_24_97,r_1_87_177,r_77_24_97,0.86,21,118,97,20
47,r_77_24_97,r_63_158_179,seq128,r_77_24_97,0.93,21,118,97,20
40,r_41_76_194,r_107_17_63,r_35_119_10,r_107_17_63,1.0,0,63,63,20
74,seq32,r_124_19_68,seq136,r_124_19_68,0.82,0,68,68,20
18,r_146_74_73,r_93_105_152,r_101_116_88,r_146_74_73,0.95,0,73,73,20
29,r_34_123_102,r_88_23_140,r_146_74_73,r_34_123_102,0.88,31,133,102,20
25,r_122_132_134,r_140_94_160,r_134_157_4,r_122_132_134,0.94,0,134,134,20
90,seq95,r_25_96_167,r_143_60_16,r_143_60_16,1.0,1,17,16,20
19,r_127_110_41,r_7_18_139,r_56_16_198,r_127_110_41,1.0,0,41,41,20
33,r_107_17_63,r_41_76_194,r_147_135_25,r_41_76_194,0.62,-131,63,194,20
7,r_62_64_15,r_66_13_67,seq69,r_62_64_15,1.0,1,16,15,20
4,r_124_19_68,r_9_155_105,seq32,r_9_155_105,0.67,1,106,105,20
27,r_137_72_18,r_54_47_101,r_35_119_10,r_137_72_18,0.94,0,18,18,20
50,r_15_90_79,r_75_150_121,r_44_5_30,r_15_90_79,0.97,-3,76,79,20
58,r_85_82_143,seq32,r_50_12_22,r_50_12_22,0.86,109,131,22,20
68,seq14,seq125,r_159_121_71,r_159_121_71,1.0,39,110,71,20
32,r_159_121_71,r_78_8_2,seq14,r_159_121_71,1.0,2,73,71,20
38,r_138_145_55,seq141,seq14,r_138_145_55,0.97,5,60,55,20
99,seq125,seq14,r_49_70_13,r_49_70_13,1.0,0,13,13,20
34,r_26_126_82,seq133,seq38,r_26_126_82,0.95,4,86,82,20
64,seq6,r_143_60_16,r_101_116_88,r_101_116_88,0.99,2,90,88,20
23,r_22_80_43,r_63_158_179,r_35_119_10,r_22_80_43,1.0,0,43,43,20
75,seq38,r_41_76_194,r_26_126_82,r_26_126_82,0.58,4,86,82,20
65,seq136,r_40_0_49,r_50_12_22,r_50_12_22,0.81,2,24,22,20
94,seq111,seq95,r_66_13_67,r_66_13_67,1.0,7,74,67,20
9,r_30_2_60,seq95,r_3_39_165,r_30_2_60,1.0,0,60,60,20
96,seq114,r_140_94_160,r_4_86_47,r_140_94_160,0.55,2,162,160,20
28,r_54_47_101,r_3_39_165,seq133,r_54_47_101,1.0,0,101,101,20
49,r_73_151_90,seq154,r_81_152_174,r_73_151_90,1.0,0,90,90,20
56,r_61_113_107,seq131,seq100,r_61_113_107,0.91,0,107,107,20
44,r_3_39_165,r_104_118_127,r_30_2_60,r_30_2_60,1.0,2,62,60,20
18,r_146_74_73,r_101_116_88,r_34_123_102,r_101_116_88,0.78,1,89,88,20
0,r_143_60_16,seq14,seq95,r_143_60_16,1.0,0,16,16,20
79,seq55,r_104_118_127,r_30_2_60,r_30_2_60,1.0,67,127,60,20
35,r_88_23_140,r_153_84_78,r_29_109_3,r_88_23_140,1.0,1,141,140,20
30,r_0_136_146,seq94,r_58_59_11,r_0_136_146,0.85,0,146,146,21
18,r_28_88_159,r_153_44_53,seq128,r_153_44_53,0.83,6,59,53,21
51,r_144_80_136,seq9,seq148,r_144_80_136,0.93,0,136,136,21
36,r_122_98_64,r_65_117_182,seq16,r_122_98_64,1.0,0,64,64,21
55,r_23_8_47,r_46_129_130,r_124_40_156,r_23_8_47,1.0,0,47,47,21
14,r_149_20_151,seq157,r_104_2_68,r_149_20_151,0.96,0,151,151,21
8,r_104_2_68,seq141,r_87_76_87,r_87_76_87,1.0,-1,86,87,21
53,r_124_40_156,r_32_102_103,r_23_8_47,r_124_40_156,0.63,-53,103,156,21
58,r_120_118_85,r_1_154_161,r_139_113_15,r_1_154_161,0.97,-1,160,161,21
43,r_54_57_69,r_50_36_167,seq81,r_54_57_69,0.97,0,69,69,21
54,r_116_155_162,r_42_71_120,r_12_109_16,r_116_155_162,0.81,-82,80,162,21
37,r_112_19_138,seq6,r_103_119_177,r_112_19_138,0.53,1,139,138,21
3,r_58_59_11,r_13_49_164,r_122_98_64,r_122_98_64,1.0,100,164,64,21
54,r_116_155_162,r_12_109_16,r_0_136_146,r_12_109_16,0.98,146,162,16,21
49,r_55_159_38,r_91_115_39,seq135,r_55_159_38,1.0,0,38,38,21
3,r_58_59_11,r_53_10_41,r_13_49_164,r_58_59_11,0.95,0,11,11,21
19,r_13_49_164,r_58_59_11,r_111_14_102,r_13_49_164,0.82,0,164,164,21
86,seq70,r_100_96_96,r_21_158_48,r_100_96_96,0.68,-27,69,96,21
16,r_3_121_133,r_116_155_162,seq37,r_3_121_133,0.67,0,133,133,21
21,r_15_34_94,r_130_78_187,seq147,r_15_34_94,1.0,0,94,94,21
46,r_137_61_76,r_28_88_159,r_58_59_11,r_137_61_76,1.0,0,76,76,21
5,r_63_156_46,r_151_85_197,seq97,r_63_156_46,0.97,2,48,46,21
42,r_32_102_103,r_124_40_156,seq25,r_32_102_103,0.9,0,103,103,21
6,r_67_64_44,r_54_57_69,seq17,r_67_64_44,1.0,0,44,44,21
29,r_92_89_33,seq47,r_73_82_139,r_92_89_33,0.97,0,33,33,21
45,r_130_78_187,r_15_34_94,r_23_8_47,r_130_78_187,1.0,-93,94,187,21
19,r_13_49_164,r_120_118_85,r_58_59_11,r_120_118_85,0.97,0,85,85,21
34,r_153_44_53,r_28_88_159,seq74,r_153_44_53,0.89,1,54,53,21
63,seq133,r_54_57_69,r_91_115_39,r_91_115_39,0.92,7,46,39,21
1,r_134_110_31,r_73_82_139,seq7,r_134_110_31,0.97,4,35,31,21
97,seq114,r_116_155_162,seq72,r_116_155_162,0.83,-109,53,162,21
10,r_142_79_190,r_1_154_161,seq132,r_142_79_190,0.77,-27,163,190,21
90,seq81,r_151_85_197,r_54_57_69,r_54_57_69,1.0,13,82,69,21
4,r_53_10_41,r_151_85_197,r_92_89_33,r_151_85_197,0.94,-156,41,197,21
26,r_100_96_96,seq70,r_45_146_198,r_100_96_96,1.0,1,97,96,21
0,r_52_33_115,seq17,r_12_109_16,r_52_33_115,1.0,0,115,115,21
53,r_124_40_156,r_23_8_47,seq131,r_124_40_156,1.0,0,156,156,21
30,r_0_136_146,r_58_59_11,r_116_155_162,r_0_136_146,0.81,32,178,146,21
15,r_83_31_83,seq17,seq9,r_83_31_83,1.0,0,83,83,21
48,r_27_101_111,seq22,r_23_8_47,r_23_8_47,1.0,64,111,47,21
57,r_50_36_167,seq97,r_28_88_159,r_50_36_167,0.56,2,169,167,21
12,r_1_154_161,r_120_118_85,seq72,r_120_118_85,0.84,78,163,85,21
13,r_12_109_16,r_42_71_120,r_52_33_115,r_12_109_16,1.0,104,120,16,21
13,r_12_109_16,r_104_2_68,r_42_71_120,r_12_109_16,1.0,0,16,16,21
2,r_66_48_176,r_77_29_153,r_24_123_166,r_24_123_166,0.56,10,176,166,21
47,r_41_108_81,seq141,seq17,r_41_108_81,1.0,0,81,81,21
40,r_77_29_153,r_66_48_176,r_104_2_68,r_77_29_153,0.7,2,155,153,21
24,r_46_129_130,seq25,r_153_44_53,r_46_129_130,1.0,0,130,130,21
25,r_143_4_196,r_86_90_169,r_137_61_76,r_137_61_76,1.0,95,171,76,21
33,r_99_69_171,seq84,r_56_43_18,r_99_69_171,0.7,0,171,171,21
88,seq74,r_65_117_182,r_153_44_53,r_153_44_53,0.98,12,65,53,21
50,r_86_90_169,r_143_4_196,r_52_33_115,r_143_4_196,0.6,-25,171,196,21
58,r_120_118_85,r_13_49_164,r_1_154_161,r_120_118_85,1.0,0,85,85,21
70,seq16,r_13_49_164,r_122_98_64,r_122_98_64,1.0,19,83,64,21
20,r_5_62_56,r_13_49_164,r_104_2_68,r_5_62_56,1.0,0,56,56,21
32,r_65_117_182,seq74,r_52_33_115,r_52_33_115,0.9,69,184,115,21
38,r_138_39_62,r_28_88_159,r_21_158_48,r_138_39_62,0.92,0,62,62,21
77,seq157,r_149_20_151,seq131,r_149_20_151,1.0,-49,102,151,21
22,r_21_158_48,seq37,seq70,r_21_158_48,0.84,0,48,48,21
35,r_18_30_24,r_149_20_151,r_58_59_11,r_18_30_24,0.96,2,26,24,21
17,r_111_14_102,r_99_69_171,r_100_96_96,r_111_14_102,0.65,1,103,102,21
94,seq97,r_50_36_167,r_63_156_46,r_63_156_46,0.81,123,169,46,21
9,r_87_76_87,r_116_155_162,r_104_2_68,r_87_76_87,1.0,0,87,87,21
91,seq84,r_99_69_171,r_26_106_10,r_99_69_171,0.75,0,171,171,21
59,r_56_43_18,r_153_44_53,seq150,r_56_43_18,0.83,4,22,18,21
56,r_24_123_166,seq147,seq6,r_24_123_166,0.51,0,166,166,21
7,r_127_93_97,seq94,r_12_109_16,r_127_93_97,0.81,15,112,97,21
18,r_28_88_159,seq128,r_112_19_138,r_28_88_159,0.76,2,161,159,21
44,r_145_35_59,seq125,seq60,r_145_35_59,0.98,2,61,59,21
39,r_139_113_15,r_127_93_97,seq128,r_139_113_15,0.6,7,22,15,21
31,r_73_82_139,r_134_110_31,r_92_89_33,r_73_82_139,0.95,-106,33,139,21
11,r_91_115_39,seq16,seq133,r_91_115_39,1.0,0,39,39,21
82,seq47,r_151_85_197,r_28_88_159,r_28_88_159,0.82,9,168,159,21
23,r_42_71_120,r_116_155_162,r_12_109_16,r_12_109_16,1.0,5,21,16,21
12,r_1_154_161,r_142_79_190,r_120_118_85,r_120_118_85,1.0,7,92,85,21
23,r_42_71_120,r_12_109_16,r_18_30_24,r_42_71_120,1.0,0,120,120,21
55,r_23_8_47,r_124_40_156,r_27_101_111,r_124_40_156,0.7,0,156,156,21
4,r_15_106_188,r_29_151_114,r_69_6_198,r_69_6_198,0.78,-169,29,198,22
53,r_87_83_68,r_124_121_83,seq57,r_87_83_68,0.91,-5,63,68,22
1,r_112_137_50,seq78,r_100_123_48,r_112_137_50,1.0,0,50,50,22
43,r_126_52_6,r_117_44_170,r_28_146_168,r_117_44_170,0.87,0,170,170,22
54,r_117_44_170,r_126_52_6,seq63,r_117_44_170,0.38,0,170,170,22
37,r_12_111_117,r_64_24_172,seq46,r_12_111_117,0.94,0,117,117,22
59,r_66_26_161,r_122_148_177,r_77_131_35,r_77_131_35,0.62,128,163,35,22
55,r_76_152_132,seq104,r_109_157_7,r_76_152_132,0.84,0,132,132,22
15,r_4_7_24,r_127_20_97,seq104,r_127_20_97,1.0,-68,29,97,22
39,r_125_86_152,seq46,r_73_23_82,r_73_23_82,0.43,71,153,82,22
5,r_31_53_104,r_122_148_177,r_95_139_3,r_31_53_104,0.97,0,104,104,22
46,r_127_20_97,seq57,r_112_137_50,r_127_20_97,0.85,0,97,97,22
42,r_80_144_145,seq97,r_48_93_92,r_80_144_145,0.97,0,145,145,22
70,seq154,r_156_36_89,r_89_113_13,r_156_36_89,0.88,-60,29,89,22
80,seq47,r_132_50_155,r_48_93_92,r_48_93_92,0.83,63,155,92,22
56,r_100_123_48,r_105_43_81,r_112_137_50,r_100_123_48,0.97,-1,47,48,22
88,seq78,r_41_116_147,r_11_143_90,r_11_143_90,0.69,95,185,90,22
32,r_64_24_172,r_103_22_37,r_28_146_168,r_103_22_37,0.71,136,173,37,22
45,r_38_35_94,r_76_152_132,seq81,r_38_35_94,0.93,1,95,94,22
19,r_2_33_126,seq63,seq39,r_2_33_126,0.94,0,126,126,22
26,r_70_128_54,r_114_99_106,seq3,r_70_128_54,1.0,-1,53,54,22
10,r_89_113_13,seq5,seq154,r_89_113_13,0.77,0,13,13,22
3,r_71_92_120,seq149,seq79,r_71_92_120,1.0,1,121,120,22
8,r_103_22_37,r_64_24_172,r_105_43_81,r_105_43_81,0.72,47,128,81,22
72,seq133,r_159_150_187,seq149,r_159_150_187,0.84,0,187,187,22
11,r_156_36_89,seq154,seq145,r_156_36_89,0.96,0,89,89,22
98,seq110,r_17_58_169,r_28_146_168,r_28_146_168,0.37,-56,112,168,22
48,r_122_148_177,r_66_26_161,r_48_93_92,r_48_93_92,0.93,71,163,92,22
17,r_77_131_35,r_59_8_193,seq5,r_77_131_35,1.0,-2,33,35,22
4,r_15_106_188,r_69_6_198,r_12_111_117,r_69_6_198,0.35,-10,188,198,22
57,r_90_147_60,r_156_36_89,seq34,r_90_147_60,1.0,0,60,60,22
79,seq46,seq72,r_12_111_117,r_12_111_117,0.45,4,121,117,22
6,r_73_23_82,seq94,r_95_139_3,r_73_23_82,1.0,-1,81,82,22
99,seq120,r_41_116_147,r_156_36_89,r_156_36_89,0.76,58,147,89,22
27,r_101_27_21,r_122_148_177,seq81,r_101_27_21,1.0,0,21,21,22
51,r_109_157_7,r_80_144_145,r_76_152_132,r_76_152_132,0.6,13,145,132,22
87,seq72,seq138,r_126_52_6,r_126_52_6,0.58,71,77,6,22
2,r_118_119_87,r_115_14_93,seq97,r_118_119_87,1.0,0,87,87,22
47,r_25_19_139,seq42,seq57,r_25_19_139,0.62,0,139,139,22
40,r_11_143_90,r_15_106_188,r_115_14_93,r_11_143_90,0.99,1,91,90,22
18,r_105_43_81,seq94,r_103_22_37,r_105_43_81,0.99,2,83,81,22
24,r_159_150_187,seq133,r_41_116_147,r_159_150_187,0.31,0,187,187,22
88,seq78,r_112_137_50,r_41_116_147,r_112_137_50,0.7,3,53,50,22
33,r_74_56_131,seq81,r_103_22_37,r_74_56_131,0.94,0,131,131,22
20,r_16_75_16,r_41_116_147,seq30,r_16_75_16,0.94,3,19,16,22
50,r_51_135_115,r_48_93_92,r_112_137_50,r_112_137_50,0.67,43,93,50,22
58,r_132_50_155,seq47,r_103_22_37,r_132_50_155,0.88,0,155,155,22
65,seq140,r_126_52_6,seq34,r_126_52_6,0.39,148,154,6,22
50,r_51_135_115,r_112_137_50,r_90_147_60,r_51_135_115,0.99,0,115,115,22
52,r_130_129_179,r_122_148_177,r_28_146_168,r_122_148_177,0.66,0,177,177,22
34,r_107_21_171,seq45,r_31_53_104,r_107_21_171,0.65,2,173,171,22
8,r_103_22_37,r_107_21_171,r_64_24_172,r_103_22_37,0.99,0,37,37,22
81,seq57,r_127_20_97,r_87_83_68,r_127_20_97,0.92,0,97,97,22
9,r_115_14_93,seq46,r_11_143_90,r_115_14_93,0.91,3,96,93,22
12,r_134_98_62,seq34,seq62,r_134_98_62,1.0,-3,59,62,22
28,r_29_151_114,r_142_67_51,seq141,r_29_151_114,0.68,16,130,114,22
7,r_114_99_106,r_2_33_126,seq88,r_114_99_106,1.0,0,106,106,22
44,r_82_60_150,seq65,r_70_128_54,r_82_60_150,0.66,3,153,150,22
23,r_48_93_92,r_51_135_115,r_122_148_177,r_48_93_92,0.97,1,93,92,22
94,seq94,r_101_27_21,r_156_36_89,r_156_36_89,0.48,28,117,89,22
32,r_64_24_172,r_12_111_117,r_103_22_37,r_103_22_37,0.8,0,37,37,22
35,r_9_55_67,r_15_106_188,seq37,r_9_55_67,1.0,0,67,67,22
53,r_18_123_57,r_61_45_93,r_14_58_97,r_18_123_57,0.68,46,103,57,23
30,r_105_119_75,r_48_11_115,seq142,r_105_119_75,1.0,0,75,75,23
51,r_41_145_120,seq132,seq152,r_41_145_120,0.97,2,122,120,23
39,r_35_71_102,r_52_56_178,r_149_26_162,r_52_56_178,0.99,0,178,178,23
92,seq96,r_20_120_130,r_5_51_63,r_5_51_63,0.93,67,130,63,23
41,r_50_55_18,r_4_97_123,seq63,r_50_55_18,1.0,-1,17,18,23
14,r_33_80_139,r_108_122_138,seq54,r_108_122_138,0.92,-59,79,138,23
8,r_22_62_146,seq66,seq116,r_22_62_146,0.97,0,146,146,23
29,r_140_27_150,r_35_71_102,r_22_62_146,r_35_71_102,0.87,48,150,102,23
55,r_32_78_101,seq146,r_33_80_139,r_32_78_101,1.0,0,101,101,23
16,r_87_102_165,r_72_68_169,seq111,r_87_102_165,0.52,-77,88,165,23
21,r_156_84_96,seq138,r_115_74_10,r_156_84_96,0.99,0,96,96,23
39,r_35_71_102,seq54,r_140_27_150,r_140_27_150,0.6,-46,104,150,23
1,r_61_45_93,r_35_71_102,r_94_57_103,r_94_57_103,0.75,-10,93,103,23
97,seq116,seq86,r_22_62_146,r_22_62_146,1.0,2,148,146,23
5,r_47_88_163,seq132,r_48_11_115,r_47_88_163,0.95,0,163,163,23
42,r_101_69_151,r_104_24_149,seq130,r_104_24_149,0.57,0,149,149,23
19,r_19_9_98,r_8_31_180,seq146,r_19_9_98,1.0,0,98,98,23
9,r_46_13_38,r_90_153_48,r_50_55_18,r_46_13_38,0.78,10,48,38,23
31,r_36_77_193,r_20_120_130,r_46_13_38,r_36_77_193,0.75,-63,130,193,23
10,r_113_124_143,seq130,r_94_57_103,r_113_124_143,0.46,1,144,143,23
78,seq158,r_104_24_149,r_8_31_180,r_104_24_149,0.99,0,149,149,23
73,seq16,r_23_126_128,seq130,r_23_126_128,0.99,1,129,128,23
11,r_5_51_63,r_4_97_123,seq96,r_5_51_63,1.0,0,63,63,23
20,r_8_31_180,r_19_9_98,seq158,r_19_9_98,1.0,0,98,98,23
13,r_4_97_123,r_104_24_149,r_34_82_56,r_104_24_149,0.81,-26,123,149,23
15,r_29_151_131,r_60_67_191,r_110_143_40,r_60_67_191,0.67,-60,131,191,23
48,r_94_57_103,seq66,seq134,r_94_57_103,0.95,0,103,103,23
57,r_0_144_74,r_113_124_143,seq66,r_0_144_74,0.99,0,74,74,23
34,r_34_82_56,r_52_56_178,r_115_74_10,r_34_82_56,1.0,0,56,56,23
45,r_52_56_178,r_34_82_56,seq85,r_34_82_56,1.0,0,56,56,23
85,seq66,r_94_57_103,r_0_144_74,r_0_144_74,0.99,29,103,74,23
2,r_136_91_30,r_100_83_144,r_73_98_29,r_100_83_144,0.99,0,144,144,23
37,r_110_143_40,r_105_119_75,seq43,r_110_143_40,1.0,0,40,40,23
3,r_150_3_50,r_106_25_173,seq43,r_150_3_50,1.0,0,50,50,23
59,r_117_21_37,r_29_151_131,seq76,r_117_21_37,1.0,0,37,37,23
4,r_90_153_48,r_157_38_183,seq1,r_90_153_48,1.0,1,49,48,23
50,r_115_74_10,r_70_141_194,seq89,r_115_74_10,0.98,1,11,10,23
47,r_48_11_115,seq137,r_32_78_101,r_48_11_115,1.0,0,115,115,23
40,r_127_155_68,r_29_151_131,r_34_82_56,r_29_151_131,0.74,-63,68,131,23
18,r_149_26_162,r_47_88_163,r_35_71_102,r_149_26_162,0.7,0,162,162,23
29,r_140_27_150,seq10,r_35_71_102,r_35_71_102,0.98,-1,101,102,23
24,r_104_24_149,r_101_69_151,r_136_91_30,r_104_24_149,0.95,0,149,149,23
54,r_148_44_31,seq89,seq131,r_148_44_31,0.82,0,31,31,23
32,r_53_42_13,r_47_88_163,seq10,r_53_42_13,0.99,0,13,13,23
25,r_106_25_173,seq79,r_6_92_158,r_106_25_173,0.77,0,173,173,23
43,r_100_83_144,r_136_91_30,r_113_124_143,r_100_83_144,1.0,0,144,144,23
2,r_136_91_30,seq142,r_100_83_144,r_136_91_30,1.0,0,30,30,23
33,r_14_58_97,seq10,r_18_123_57,r_18_123_57,0.65,43,100,57,23
58,r_20_120_130,r_36_77_193,r_94_57_103,r_20_120_130,0.91,0,130,130,23
61,seq2,r_157_38_183,r_19_9_98,r_19_9_98,1.0,85,183,98,23
52,r_40_135_172,seq109,r_113_124_143,r_113_124_143,0.78,30,173,143,23
39,r_35_71_102,r_140_27_150,r_52_56_178,r_140_27_150,1.0,0,150,150,23
43,r_100_83_144,r_47_88_163,r_136_91_30,r_136_91_30,1.0,24,54,30,23
36,r_73_98_29,r_29_151_131,seq132,r_73_98_29,0.99,1,30,29,23
22,r_99_28_109,r_29_151_131,r_37_59_81,r_29_151_131,0.95,-22,109,131,23
78,seq158,r_8_31_180,r_6_92_158,r_8_31_180,1.0,0,180,180,23
28,r_37_59_81,seq131,seq142,r_37_59_81,1.0,0,81,81,23
49,r_23_126_128,seq16,r_150_3_50,r_23_126_128,0.95,1,129,128,23
7,r_6_92_158,seq109,seq158,r_6_92_158,0.67,2,160,158,23
44,r_108_122_138,r_33_80_139,r_49_128_159,r_108_122_138,0.9,2,140,138,23
53,r_18_123_57,r_20_120_130,r_61_45_93,r_18_123_57,0.98,1,58,57,23
23,r_157_38_183,seq2,r_8_31_180,r_157_38_183,0.5,0,183,183,23
81,seq43,seq146,r_110_143_40,r_110_143_40,1.0,0,40,40,23
30,r_18_111_168,r_75_69_179,r_85_98_62,r_85_98_62,1.0,8,70,62,24
51,r_15_17_80,seq34,r_62_135_135,r_15_17_80,0.71,7,87,80,24
36,r_113_14_186,r_136_61_125,r_39_97_66,r_39_97_66,0.64,1,67,66,24
28,r_108_102_16,r_120_90_96,seq82,r_108_102_16,0.95,0,16,16,24
8,r_139_137_70,seq31,r_57_84_199,r_139_137_70,1.0,0,70,70,24
53,r_89_5_134,seq67,r_44_118_187,r_89_5_134,0.98,0,134,134,24
75,seq34,r_15_17_80,r_122_72_10,r_122_72_10,0.52,1,11,10,24
54,r_63_81_189,r_26_93_182,r_126_53_53,r_126_53_53,1.0,95,148,53,24
55,r_64_35_116,seq28,r_122_72_10,r_64_35_116,1.0,0,116,116,24
16,r_12_153_137,r_146_96_177,r_145_119_85,r_12_153_137,0.79,0,137,137,24
21,r_100_147_124,r_50_103_193,r_23_129_22,r_100_147_124,0.58,0,124,124,24
39,r_115_2_162,r_57_84_199,r_104_32_71,r_115_2_162,0.84,0,162,162,24
1,r_44_118_187,r_99_112_157,r_89_5_134,r_89_5_134,0.96,0,134,134,24
14,r_59_140_46,r_133_70_102,r_18_111_168,r_59_140_46,1.0,-3,43,46,24
42,r_159_128_183,r_131_110_151,r_136_61_125,r_136_61_125,0.57,26,151,125,24
35,r_134_58_150,seq22,r_23_129_22,r_23_129_22,1.0,23,45,22,24
69,seq22,seq52,r_40_150_95,r_40_150_95,1.0,26,121,95,24
45,r_104_32_71,r_120_90_96,seq24,r_104_32_71,0.99,0,71,71,24
34,r_122_72_10,r_138_33_146,seq34,r_122_72_10,0.7,0,10,10,24
19,r_94_151_136,seq8,seq71,r_94_151_136,1.0,0,136,136,24
37,r_101_16_42,seq22,r_54_149_19,r_54_149_19,0.87,22,41,19,24
31,r_145_119_85,seq8,seq78,r_145_119_85,0.46,28,113,85,24
41,r_57_84_199,r_49_154_104,r_139_137_70,r_57_84_199,0.95,-128,71,199,24
67,seq141,r_113_14_186,r_133_70_102,r_133_70_102,1.0,35,137,102,24
89,seq78,seq91,r_145_119_85,r_145_119_85,0.76,-25,60,85,24
3,r_136_61_125,r_113_14_186,seq91,r_136_61_125,0.96,0,125,125,24
10,r_62_135_135,seq155,seq28,r_62_135_135,0.55,5,140,135,24
26,r_80_123_188,seq82,r_133_70_102,r_133_70_102,1.0,87,189,102,24
14,r_59_140_46,r_18_111_168,r_85_98_62,r_18_111_168,0.61,0,168,168,24
4,r_40_150_95,r_146_96_177,seq22,r_40_150_95,0.98,0,95,95,24
20,r_29_116_174,r_36_21_18,r_6_13_74,r_6_13_74,0.96,100,174,74,24
13,r_120_90_96,seq46,seq47,r_120_90_96,0.98,1,97,96,24
15,r_146_96_177,seq71,seq60,r_146_96_177,0.47,0,177,177,24
48,r_106_125_131,seq141,r_145_119_85,r_106_125_131,0.86,0,131,131,24
6,r_138_33_146,seq86,r_139_137_70,r_139_137_70,0.96,76,146,70,24
85,seq71,r_146_96_177,r_94_151_136,r_94_151_136,0.97,41,177,136,24
5,r_23_129_22,r_134_58_150,r_100_147_124,r_23_129_22,0.91,129,151,22,24
30,r_18_111_168,r_85_98_62,seq9,r_18_111_168,0.82,0,168,168,24
2,r_6_13_74,r_62_135_135,seq46,r_6_13_74,1.0,1,75,74,24
0,r_133_70_102,seq24,seq141,r_133_70_102,1.0,0,102,102,24
40,r_39_97_66,r_26_93_182,r_45_142_59,r_26_93_182,1.0,-116,66,182,24
24,r_51_1_88,r_36_21_18,r_45_142_59,r_51_1_88,1.0,0,88,88,24
35,r_134_58_150,r_23_129_22,r_89_5_134,r_134_58_150,0.47,0,150,150,24
33,r_48_156_130,r_117_143_198,r_40_150_95,r_40_150_95,0.75,35,130,95,24
5,r_23_129_22,r_126_53_53,r_134_58_150,r_23_129_22,0.86,1,23,22,24
50,r_38_92_109,seq86,r_49_154_104,r_38_92_109,0.99,3,112,109,24
58,r_131_110_151,r_159_128_183,r_126_53_53,r_126_53_53,0.82,98,151,53,24
65,seq9,r_106_125_131,r_45_142_59,r_45_142_59,0.98,72,131,59,24
90,seq82,r_138_33_146,r_108_102_16,r_108_102_16,0.79,0,16,16,24
32,r_49_154_104,r_57_84_199,r_158_148_100,r_49_154_104,0.96,0,104,104,24
52,r_158_148_100,r_104_32_71,seq46,r_104_32_71,0.55,0,71,71,24
0,r_133_70_102,r_59_140_46,seq24,r_59_140_46,0.71,1,47,46,24
11,r_126_53_53,seq28,seq31,r_126_53_53,1.0,0,53,53,24
81,seq60,r_26_93_182,r_146_96_177,r_146_96_177,0.99,5,182,177,24
17,r_0_157_171,seq28,r_18_111_168,r_0_157_171,0.73,0,171,171,24
49,r_43_19_27,r_6_13_74,r_79_56_12,r_43_19_27,1.0,2,29,27,24
46,r_85_98_62,r_26_93_182,r_59_140_46,r_85_98_62,0.86,-3,59,62,24
52,r_158_148_100,seq46,seq132,r_158_148_100,0.92,0,100,100,24
56,r_88_4_67,seq24,r_54_149_19,r_88_4_67,0.97,0,67,67,24
44,r_117_143_198,r_48_156_130,r_104_32_71,r_117_143_198,0.61,-46,152,198,24
23,r_99_112_157,r_36_21_18,seq27,r_99_112_157,0.46,6,163,157,24
57,r_45_142_59,r_26_93_182,seq9,r_45_142_59,1.0,0,59,59,24
43,r_109_152_54,r_75_69_179,r_126_53_53,r_109_152_54,0.88,1,55,54,24
27,r_105_30_39,r_109_152_54,r_50_103_193,r_105_30_39,0.66,0,39,39,24
12,r_50_103_193,r_100_147_124,r_105_30_39,r_50_103_193,0.92,-83,110,193,24
29,r_114_37_15,r_40_150_95,r_75_69_179,r_75_69_179,0.66,-164,15,179,24
30,r_31_12_93,seq58,r_30_80_86,r_31_12_93,0.91,1,94,93,25
44,r_144_17_98,r_147_97_166,seq90,r_147_97_166,1.0,5,171,166,25
51,r_146_48_189,seq95,r_105_64_32,r_105_64_32,1.0,88,120,32,25
53,r_96_50_99,r_33_36_134,r_106_28_27,r_33_36_134,1.0,-35,99,134,25
43,r_92_132_179,seq119,r_88_25_100,r_92_132_179,0.41,1,180,179,25
37,r_7_157_89,r_96_50_99,r_41_61_30,r_96_50_99,1.0,-10,89,99,25
54,r_30_80_86,r_24_129_162,r_31_12_93,r_24_129_162,0.76,0,162,162,25
59,r_3_20_62,r_117_115_169,r_101_158_67,r_3_20_62,0.73,2,64,62,25
55,r_59_57_138,r_155_140_181,r_5_27_188,r_155_140_181,0.91,-42,139,181,25
86,seq86,r_102_42_73,r_5_27_188,r_102_42_73,1.0,0,73,73,25
16,r_84_121_163,r_32_4_191,r_79_13_64,r_79_13_64,0.99,100,164,64,25
21,r_79_13_64,seq70,r_84_121_163,r_79_13_64,1.0,0,64,64,25
39,r_89_62_139,seq125,r_138_78_132,r_89_62_139,0.86,0,139,139,25
46,r_139_122_8,r_145_85_37,r_51_99_131,r_51_99_131,0.54,10,141,131,25
42,r_147_97_166,seq18,r_144_17_98,r_144_17_98,1.0,2,100,98,25
69,seq153,r_108_154_182,r_66_0_85,r_66_0_85,1.0,97,182,85,25
45,r_75_49_130,seq107,r_51_99_131,r_75_49_130,1.0,1,131,130,25
52,r_148_39_34,r_84_121_163,seq52,r_148_39_34,1.0,0,34,34,25
10,r_118_44_15,r_32_4_191,seq133,r_118_44_15,0.95,0,15,15,25
24,r_74_22_18,r_96_50_99,r_142_60_90,r_74_22_18,0.62,82,100,18,25
19,r_46_72_65,seq18,r_101_158_67,r_46_72_65,1.0,0,65,65,25
22,r_116_29_31,seq34,seq125,r_116_29_31,1.0,0,31,31,25
11,r_33_36_134,r_142_60_90,r_143_38_43,r_33_36_134,0.94,0,134,134,25
31,r_21_130_124,r_15_1_133,r_68_81_68,r_15_1_133,0.94,-8,125,133,25
89,seq94,seq141,r_35_114_95,r_35_114_95,0.7,9,104,95,25
90,seq95,r_155_140_181,r_11_19_39,r_11_19_39,0.58,51,90,39,25
26,r_102_42_73,seq86,seq133,r_102_42_73,0.99,0,73,73,25
14,r_41_61_30,r_43_128_114,r_7_157_89,r_41_61_30,1.0,84,114,30,25
1,r_106_28_27,r_105_64_32,r_96_50_99,r_105_64_32,1.0,-5,27,32,25
4,r_66_0_85,seq34,seq153,r_66_0_85,1.0,0,85,85,25
0,r_124_2_61,seq70,seq131,r_124_2_61,1.0,0,61,61,25
11,r_33_36_134,r_96_50_99,r_142_60_90,r_96_50_99,0.9,1,100,99,25
20,r_156_73_146,seq40,r_105_64_32,r_105_64_32,0.98,122,154,32,25
48,r_117_115_169,r_145_85_37,r_51_99_131,r_117_115_169,0.56,-28,141,169,25
2,r_149_110_17,r_23_65_159,seq53,r_23_65_159,1.0,1,160,159,25
2,r_149_110_17,r_51_99_131,r_23_65_159,r_149_110_17,1.0,0,17,17,25
8,r_137_63_26,r_68_81_68,seq119,r_68_81_68,0.6,-43,25,68,25
17,r_143_38_43,seq87,seq70,r_143_38_43,1.0,1,44,43,25
53,r_96_50_99,r_106_28_27,r_155_140_181,r_96_50_99,0.57,82,181,99,25
87,seq87,seq123,r_16_98_81,r_16_98_81,1.0,26,107,81,25
56,r_104_113_25,r_51_99_131,seq125,r_104_113_25,0.58,0,25,25,25
47,r_138_78_132,seq40,seq47,r_138_78_132,0.97,1,133,132,25
15,r_11_19_39,r_143_38_43,r_146_48_189,r_11_19_39,1.0,0,39,39,25
24,r_74_22_18,r_124_2_61,r_96_50_99,r_74_22_18,0.91,-1,17,18,25
40,r_16_98_81,seq9,seq87,r_16_98_81,0.92,0,81,81,25
18,r_51_99_131,seq95,seq52,r_51_99_131,0.57,1,132,131,25
29,r_88_25_100,r_117_115_169,seq40,r_88_25_100,0.86,1,101,100,25
96,seq123,seq87,r_55_152_49,r_55_152_49,1.0,5,54,49,25
25,r_68_81_68,seq10,seq58,r_68_81_68,0.89,1,69,68,25
33,r_35_114_95,r_108_154_182,seq94,r_35_114_95,0.65,3,98,95,25
50,r_23_65_159,seq53,r_88_25_100,r_23_65_159,0.69,1,160,159,25
58,r_8_14_96,r_146_48_189,seq126,r_8_14_96,0.99,0,96,96,25
65,seq141,seq94,r_71_100_92,r_71_100_92,1.0,12,104,92,25
48,r_117_115_169,r_51_99_131,seq58,r_117_115_169,1.0,1,170,169,25
14,r_41_61_30,r_7_157_89,r_43_128_114,r_41_61_30,0.96,0,30,30,25
42,r_147_97_166,r_144_17_98,r_149_110_17,r_147_97_166,0.98,0,166,166,25
32,r_155_140_181,r_101_158_67,r_96_50_99,r_101_158_67,0.44,115,182,67,25
38,r_145_85_37,r_117_115_169,r_51_99_131,r_145_85_37,0.56,133,170,37,25
60,seq131,r_142_60_90,r_124_2_61,r_124_2_61,0.93,3,64,61,25
13,r_105_64_32,r_30_80_86,r_101_158_67,r_105_64_32,0.66,0,32,32,25
25,r_68_81_68,seq58,r_21_130_124,r_21_130_124,1.0,19,143,124,25
9,r_71_100_92,r_93_83_160,seq141,r_71_100_92,0.87,0,92,92,25
24,r_74_22_18,r_142_60_90,seq77,r_142_60_90,0.45,75,165,90,25
28,r_101_158_67,r_155_140_181,r_105_64_32,r_105_64_32,1.0,150,182,32,25
49,r_15_1_133,r_21_130_124,r_124_2_61,r_124_2_61,0.95,64,125,61,25
7,r_136_91_69,seq126,r_43_128_114,r_43_128_114,1.0,9,123,114,25
44,r_144_17_98,r_43_128_114,r_147_97_166,r_144_17_98,0.75,0,98,98,25
23,r_43_128_114,seq54,r_136_91_69,r_43_128_114,1.0,0,114,114,25
5,r_55_152_49,r_23_65_159,seq123,r_55_152_49,0.79,0,49,49,25
41,r_103_135_40,r_45_134_74,seq40,r_103_135_40,1.0,0,40,40,25
79,seq58,r_31_12_93,seq127,r_31_12_93,1.0,-12,81,93,25
35,r_142_60_90,seq131,seq150,r_142_60_90,0.8,0,90,90,25
12,r_45_134_74,r_31_12_93,seq126,r_45_134_74,0.97,2,76,74,25
40,r_88_120_31,r_71_78_183,seq61,r_88_120_31,1.0,0,31,31,26
36,r_100_18_88,seq153,seq99,r_100_18_88,0.94,0,88,88,26
14,r_72_5_68,r_29_57_74,seq44,r_29_57_74,0.89,-5,69,74,26
29,r_7_2_50,r_32_68_137,r_69_24_45,r_7_2_50,0.87,-5,45,50,26
8,r_103_93_78,r_26_75_193,r_62_38_119,r_62_38_119,0.93,24,143,119,26
5,r_54_33_12,r_154_58_107,r_29_57_74,r_54_33_12,0.9,0,12,12,26
54,r_152_145_144,r_137_55_175,r_84_66_194,r_137_55_175,0.73,-31,144,175,26
37,r_22_106_130,r_92_46_147,r_111_73_9,r_92_46_147,0.96,-17,130,147,26
3,r_96_123_97,r_15_31_15,seq113,r_96_123_97,0.92,0,97,97,26
49,r_4_21_152,seq116,seq0,r_4_21_152,0.79,7,159,152,26
42,r_67_35_162,seq149,r_96_123_97,r_67_35_162,0.46,0,162,162,26
80,seq44,seq107,r_72_5_68,r_72_5_68,0.95,32,100,68,26
7,r_19_112_120,seq159,seq149,r_19_112_120,1.0,-1,119,120,26
27,r_37_90_25,r_96_123_97,seq80,r_37_90_25,0.66,0,25,25,26
19,r_148_23_85,r_8_98_2,seq39,r_148_23_85,0.98,0,85,85,26
66,seq139,r_14_59_139,seq135,r_14_59_139,0.99,1,140,139,26
1,r_17_119_48,r_19_112_120,seq136,r_17_119_48,0.68,-1,47,48,26
41,r_94_115_165,r_49_110_154,r_48_81_111,r_48_81_111,0.89,9,120,111,26
74,seq153,r_6_60_17,r_129_138_115,r_129_138_115,0.83,5,120,115,26
26,r_45_82_160,r_40_143_163,r_146_141_146,r_45_82_160,0.71,0,160,160,26
15,r_30_74_6,r_122_41_28,r_52_132_100,r_30_74_6,0.77,22,28,6,26
39,r_69_24_45,r_49_110_154,r_54_33_12,r_69_24_45,0.96,0,45,45,26
11,r_48_81_111,seq39,seq89,r_48_81_111,0.99,3,114,111,26
20,r_76_142_82,seq80,r_95_104_27,r_76_142_82,1.0,1,83,82,26
13,r_29_57_74,r_72_5_68,seq113,r_29_57_74,0.99,-1,73,74,26
48,r_62_38_119,r_8_98_2,r_103_93_78,r_62_38_119,0.8,0,119,119,26
76,seq158,seq124,r_6_60_17,r_6_60_17,1.0,-2,15,17,26
32,r_130_126_112,r_88_120_31,r_111_73_9,r_130_126_112,0.55,37,149,112,26
5,r_54_33_12,r_29_57_74,r_69_24_45,r_54_33_12,0.85,64,76,12,26
4,r_114_157_125,r_64_63_143,seq9,r_64_63_143,0.77,0,143,143,26
12,r_3_97_21,r_155_102_73,seq25,r_3_97_21,0.97,1,22,21,26
2,r_32_68_137,r_26_75_193,seq13,r_32_68_137,0.84,0,137,137,26
47,r_151_87_123,r_130_126_112,r_70_28_56,r_151_87_123,0.98,-11,112,123,26
17,r_70_28_56,r_36_10_171,r_146_141_146,r_70_28_56,1.0,-1,55,56,26
74,seq153,r_100_18_88,r_6_60_17,r_100_18_88,0.87,0,88,88,26
18,r_49_110_154,r_94_115_165,r_7_2_50,r_7_2_50,0.57,103,153,50,26
46,r_85_156_13,r_96_123_97,seq56,r_85_156_13,1.0,0,13,13,26
25,r_129_138_115,r_40_143_163,seq153,r_129_138_115,1.0,1,116,115,26
88,seq89,r_134_1_103,seq133,r_134_1_103,1.0,-6,97,103,26
50,r_146_141_146,seq51,r_70_28_56,r_70_28_56,0.96,7,63,56,26
45,r_15_31_15,seq56,r_96_123_97,r_15_31_15,0.63,0,15,15,26
65,seq9,r_64_63_143,r_114_157_125,r_114_157_125,0.62,13,138,125,26
98,seq124,seq158,r_6_60_17,r_6_60_17,1.0,-2,15,17,26
21,r_111_73_9,r_29_57_74,seq150,r_29_57_74,0.59,-63,11,74,26
3,r_96_123_97,r_37_90_25,r_15_31_15,r_96_123_97,1.0,-82,15,97,26
32,r_130_126_112,r_151_87_123,r_88_120_31,r_151_87_123,0.88,-10,113,123,26
38,r_64_63_143,seq9,r_114_157_125,r_64_63_143,0.28,-16,127,143,26
52,r_84_66_194,seq16,r_152_145_144,r_84_66_194,0.43,-51,143,194,26
68,seq13,r_15_31_15,r_32_68_137,r_32_68_137,1.0,4,141,137,26
10,r_95_104_27,r_49_110_154,seq133,r_49_110_154,0.54,-131,23,154,26
81,seq50,r_96_123_97,r_53_131_134,r_53_131_134,0.98,0,134,134,26
34,r_26_75_193,r_103_93_78,r_11_65_95,r_11_65_95,0.9,5,100,95,26
6,r_122_41_28,r_30_74_6,r_15_31_15,r_122_41_28,0.98,0,28,28,26
38,r_64_63_143,r_114_157_125,r_15_31_15,r_64_63_143,0.89,0,143,143,26
0,r_43_118_47,seq25,seq80,r_43_118_47,1.0,0,47,47,26
41,r_94_115_165,r_48_81_111,r_19_112_120,r_94_115_165,0.98,0,165,165,26
9,r_40_143_163,r_45_82_160,r_3_97_21,r_40_143_163,0.9,-3,160,163,26
50,r_146_141_146,r_70_28_56,r_6_60_17,r_146_141_146,0.97,0,146,146,26
45,r_15_31_15,r_96_123_97,r_122_41_28,r_15_31_15,0.55,14,29,15,26
22,r_155_102_73,seq127,r_95_104_27,r_155_102_73,0.99,0,73,73,26
28,r_11_65_95,seq149,r_26_75_193,r_11_65_95,0.75,-6,89,95,26
49,r_4_21_152,r_52_132_100,seq116,r_52_132_100,1.0,0,100,100,26
44,r_47_34_148,seq9,r_122_41_28,r_47_34_148,0.72,1,149,148,26
23,r_52_132_100,r_4_21_152,r_30_74_6,r_52_132_100,0.99,0,100,100,26
17,r_70_28_56,r_146_141_146,r_151_87_123,r_70_28_56,0.74,90,146,56,26
30,r_86_83_41,seq113,seq101,r_86_83_41,0.76,0,41,41,26
35,r_134_1_103,seq89,r_72_5_68,r_134_1_103,0.99,0,103,103,26
7,r_19_112_120,r_17_119_48,seq159,r_17_119_48,0.62,-3,45,48,26
59,r_6_60_17,r_32_68_137,seq124,r_6_60_17,0.99,-2,15,17,26
30,r_142_85_150,r_100_23_120,r_9_24_30,r_142_85_150,0.85,0,150,150,27
12,r_22_93_62,seq37,r_105_113_115,r_105_113_115,1.0,2,117,115,27
51,r_101_78_101,seq39,r_110_20_20,r_101_78_101,0.99,3,104,101,27
26,r_80_81_89,r_58_0_23,r_38_62_102,r_38_62_102,0.96,19,121,102,27
53,r_84_111_173,r_14_103_186,r_136_2_70,r_84_111_173,0.68,0,173,173,27
43,r_54_129_82,seq156,r_68_32_71,r_54_129_82,1.0,0,82,82,27
37,r_92_159_113,seq37,seq44,r_92_159_113,0.96,0,113,113,27
55,r_88_30_96,r_55_95_59,seq43,r_88_30_96,0.95,1,97,96,27
86,seq51,seq133,r_59_15_132,r_59_15_132,0.6,0,132,132,27
39,r_68_32_71,seq33,r_14_103_186,r_68_32_71,1.0,-4,67,71,27
1,r_96_71_165,seq120,r_141_45_163,r_141_45_163,0.5,4,167,163,27
46,r_136_2_70,r_89_60_110,r_26_149_167,r_89_60_110,0.91,-43,67,110,27
69,seq140,r_116_53_183,r_108_73_164,r_108_73_164,0.9,15,179,164,27
45,r_14_103_186,r_84_111_173,r_68_32_71,r_68_32_71,0.99,-4,67,71,27
19,r_144_126_99,r_6_154_138,seq99,r_6_154_138,0.53,-51,87,138,27
5,r_9_24_30,r_89_60_110,r_127_36_9,r_9_24_30,0.98,-1,29,30,27
93,seq99,r_155_145_91,r_25_67_8,r_25_67_8,0.51,3,11,8,27
39,r_68_32_71,r_14_103_186,r_16_102_83,r_68_32_71,0.64,115,186,71,27
44,r_46_128_81,seq152,seq115,r_46_128_81,0.6,-24,57,81,27
26,r_80_81_89,seq79,r_58_0_23,r_80_81_89,0.77,0,89,89,27
48,r_97_35_74,r_105_113_115,r_130_157_178,r_105_113_115,1.0,6,121,115,27
78,seq37,r_89_60_110,r_22_93_62,r_22_93_62,1.0,1,63,62,27
0,r_100_23_120,seq115,r_87_90_181,r_87_90_181,0.67,-27,154,181,27
22,r_106_72_54,r_46_128_81,seq125,r_106_72_54,0.91,-1,53,54,27
33,r_153_76_39,r_14_103_186,seq119,r_153_76_39,1.0,0,39,39,27
15,r_55_95_59,r_26_149_167,r_123_17_117,r_123_17_117,0.86,43,160,117,27
48,r_97_35_74,r_21_29_133,r_105_113_115,r_97_35_74,0.83,-1,73,74,27
61,seq4,seq150,r_138_12_195,r_138_12_195,0.41,-84,111,195,27
18,r_105_113_115,r_97_35_74,r_22_93_62,r_105_113_115,0.99,6,121,115,27
13,r_108_73_164,r_58_0_23,seq140,r_58_0_23,0.76,142,165,23,27
57,r_127_36_9,r_108_73_164,r_9_24_30,r_9_24_30,0.62,26,56,30,27
2,r_104_98_25,seq150,r_21_29_133,r_104_98_25,0.4,99,124,25,27
5,r_9_24_30,r_127_36_9,r_142_85_150,r_142_85_150,1.0,-1,149,150,27
31,r_110_20_20,r_55_95_59,seq52,r_110_20_20,0.93,0,20,20,27
47,r_121_41_153,seq52,r_27_50_139,r_121_41_153,0.96,0,153,153,27
23,r_132_83_38,seq4,seq143,r_132_83_38,0.98,-1,37,38,27
40,r_27_50_139,r_136_2_70,seq140,r_27_50_139,1.0,0,139,139,27
32,r_64_65_27,r_89_60_110,seq117,r_64_65_27,0.95,0,27,27,27
18,r_105_113_115,seq56,r_97_35_74,r_97_35_74,1.0,-1,73,74,27
29,r_89_60_110,r_92_159_113,r_18_31_51,r_89_60_110,1.0,2,112,110,27
8,r_155_145_91,r_25_67_8,seq40,r_155_145_91,1.0,1,92,91,27
42,r_58_0_23,r_155_145_91,r_108_73_164,r_58_0_23,0.98,0,23,23,27
42,r_58_0_23,r_108_73_164,r_38_62_102,r_58_0_23,0.64,100,123,23,27
38,r_16_102_83,seq119,r_68_32_71,r_16_102_83,0.88,0,83,83,27
77,seq33,r_68_32_71,r_110_20_20,r_68_32_71,0.76,-6,65,71,27
6,r_94_48_36,r_105_113_115,seq152,r_94_48_36,1.0,0,36,36,27
34,r_21_29_133,seq10,r_104_98_25,r_104_98_25,0.97,108,133,25,27
95,seq115,r_100_23_120,r_46_128_81,r_46_128_81,0.98,-28,53,81,27
45,r_14_103_186,r_68_32_71,r_46_128_81,r_14_103_186,0.59,0,186,186,27
81,seq156,r_54_129_82,r_100_23_120,r_54_129_82,1.0,-13,69,82,27
17,r_147_114_144,seq131,r_21_29_133,r_147_114_144,0.96,0,144,144,27
9,r_6_154_138,r_121_41_153,r_94_48_36,r_94_48_36,0.66,102,138,36,27
13,r_108_73_164,seq134,r_58_0_23,r_58_0_23,1.0,0,23,23,27
98,seq120,r_96_71_165,seq11,r_96_71_165,0.67,2,167,165,27
11,r_38_62_102,r_18_31_51,r_80_81_89,r_38_62_102,0.96,1,103,102,27
10,r_18_31_51,r_155_145_91,r_38_62_102,r_18_31_51,0.99,0,51,51,27
56,r_138_12_195,r_141_45_163,seq120,r_141_45_163,0.49,-9,154,163,27
7,r_59_15_132,r_124_69_184,seq51,r_59_15_132,0.94,0,132,132,27
11,r_38_62_102,r_7_74_169,r_18_31_51,r_18_31_51,0.99,1,52,51,27
10,r_18_31_51,r_38_62_102,r_89_60_110,r_18_31_51,0.77,52,103,51,27
8,r_155_145_91,r_18_31_51,r_25_67_8,r_155_145_91,0.97,-58,33,91,27
35,r_5_1_112,r_108_73_164,r_16_102_83,r_16_102_83,0.8,30,113,83,27
12,r_22_93_62,seq107,seq37,r_22_93_62,1.0,0,62,62,27
84,seq44,seq140,r_92_159_113,r_92_159_113,1.0,2,115,113,27
93,seq106,r_24_116_112,seq69,r_24_116_112,0.94,-6,106,112,28
30,r_32_104_66,r_4_81_81,seq35,r_32_104_66,0.99,0,66,66,28
36,r_88_46_148,r_149_8_4,r_92_148_74,r_149_8_4,0.64,144,148,4,28
9,r_86_119_32,seq15,r_27_141_110,r_86_119_32,0.66,81,113,32,28
26,r_142_42_44,r_73_134_47,r_48_108_168,r_142_42_44,1.0,0,44,44,28
92,seq105,r_17_138_64,seq38,r_17_138_64,1.0,0,64,64,28
14,r_60_96_76,r_66_103_186,seq68,r_60_96_76,1.0,0,76,76,28
8,r_130_49_78,r_56_135_167,r_149_8_4,r_130_49_78,1.0,5,83,78,28
53,r_94_57_116,r_128_147_161,r_48_108_168,r_94_57_116,0.97,1,117,116,28
58,r_56_135_167,r_6_51_51,r_128_147_161,r_56_135_167,0.55,1,168,167,28
43,r_120_22_67,seq11,seq69,r_120_22_67,0.68,7,74,67,28
17,r_140_136_171,r_74_101_136,r_127_64_91,r_127_64_91,0.57,1,92,91,28
28,r_67_71_21,r_143_18_87,r_66_103_186,r_67_71_21,0.99,0,21,21,28
54,r_70_145_118,seq12,seq137,r_70_145_118,0.97,0,118,118,28
37,r_95_97_155,seq118,r_90_131_3,r_95_97_155,0.62,0,155,155,28
59,r_4_81_81,seq105,seq43,r_4_81_81,1.0,0,81,81,28
16,r_24_116_112,r_41_83_141,r_93_77_48,r_24_116_112,0.99,6,118,112,28
21,r_10_63_60,r_65_107_86,seq159,r_65_107_86,1.0,-26,60,86,28
39,r_58_144_190,r_27_141_110,seq50,r_58_144_190,0.57,0,190,190,28
75,seq35,r_1_110_63,r_82_14_37,r_82_14_37,1.0,6,43,37,28
5,r_37_80_162,seq156,r_127_64_91,r_37_80_162,0.8,0,162,162,28
80,seq158,r_122_36_134,r_153_40_35,r_153_40_35,1.0,35,70,35,28
69,seq15,r_1_110_63,seq35,r_1_110_63,0.93,3,66,63,28
45,r_102_39_127,seq69,r_17_138_64,r_17_138_64,0.86,66,130,64,28
19,r_1_110_63,seq15,r_149_8_4,r_1_110_63,0.89,3,66,63,28
9,r_86_119_32,r_58_144_190,seq15,r_86_119_32,0.81,8,40,32,28
27,r_117_146_41,seq28,r_93_77_48,r_117_146_41,0.26,104,145,41,28
31,r_26_154_129,seq137,r_79_99_109,r_26_154_129,0.98,1,130,129,28
41,r_27_141_110,r_58_144_190,r_86_119_32,r_58_144_190,0.94,-75,115,190,28
67,seq12,r_70_145_118,seq11,r_70_145_118,0.56,1,119,118,28
3,r_133_150_98,seq13,seq35,r_133_150_98,1.0,0,98,98,28
4,r_9_87_58,seq100,r_78_59_119,r_9_87_58,1.0,0,58,58,28
10,r_127_64_91,seq75,r_140_136_171,r_127_64_91,0.9,-2,89,91,28
62,seq3,r_153_40_35,seq38,r_153_40_35,0.74,-18,17,35,28
25,r_152_151_1,seq75,r_115_33_38,r_115_33_38,1.0,7,45,38,28
17,r_140_136_171,r_93_77_48,r_74_101_136,r_93_77_48,0.95,0,48,48,28
13,r_149_8_4,r_88_46_148,r_1_110_63,r_149_8_4,0.94,144,148,4,28
46,r_20_25_36,r_121_44_169,seq3,r_121_44_169,0.46,0,169,169,28
17,r_140_136_171,r_127_64_91,r_73_134_47,r_140_136_171,0.85,0,171,171,28
15,r_157_45_88,seq30,r_9_87_58,r_157_45_88,1.0,0,88,88,28
48,r_79_99_109,seq156,seq0,r_79_99_109,1.0,0,109,109,28
49,r_66_103_186,r_67_71_21,r_86_119_32,r_66_103_186,0.36,0,186,186,28
4,r_9_87_58,r_78_59_119,r_157_45_88,r_9_87_58,0.61,61,119,58,28
35,r_109_111_31,r_24_116_112,r_149_8_4,r_109_111_31,0.83,-6,25,31,28
46,r_20_25_36,seq43,r_121_44_169,r_20_25_36,1.0,0,36,36,28
57,r_128_147_161,r_94_57_116,r_9_87_58,r_9_87_58,0.81,59,117,58,28
78,seq43,r_20_25_36,r_152_151_1,r_20_25_36,0.86,0,36,36,28
0,r_6_51_51,r_56_135_167,r_55_19_53,r_56_135_167,0.89,1,168,167,28
10,r_127_64_91,r_140_136_171,r_37_80_162,r_127_64_91,0.94,80,171,91,28
32,r_41_83_141,r_120_22_67,r_67_71_21,r_41_83_141,0.76,1,142,141,28
29,r_121_44_169,r_153_40_35,r_20_25_36,r_121_44_169,1.0,-133,36,169,28
47,r_153_40_35,r_121_44_169,seq158,r_153_40_35,0.97,0,35,35,28
40,r_52_21_122,r_88_46_148,seq159,r_52_21_122,1.0,0,122,122,28
18,r_73_134_47,r_56_135_167,seq105,r_73_134_47,1.0,0,47,47,28
50,r_65_107_86,r_94_57_116,seq75,r_65_107_86,0.99,1,87,86,28
58,r_56_135_167,r_130_49_78,r_6_51_51,r_56_135_167,0.82,-84,83,167,28
1,r_82_14_37,seq7,seq35,r_82_14_37,1.0,0,37,37,28
68,seq13,r_133_150_98,r_90_131_3,r_133_150_98,0.98,0,98,98,28
32,r_41_83_141,r_24_116_112,r_120_22_67,r_41_83_141,0.54,-21,120,141,28
52,r_143_18_87,seq137,seq38,r_143_18_87,1.0,0,87,87,28
34,r_5_85_103,seq75,r_55_19_53,r_5_85_103,1.0,0,103,103,28
78,seq43,r_152_151_1,r_4_81_81,r_4_81_81,1.0,2,83,81,28
49,r_66_103_186,r_60_96_76,r_67_71_21,r_66_103_186,0.93,-165,21,186,28
57,r_128_147_161,r_9_87_58,r_73_134_47,r_128_147_161,0.76,9,170,161,28
96,seq118,r_95_97_155,r_89_126_191,r_95_97_155,0.85,0,155,155,28
91,seq100,r_9_87_58,r_74_101_136,r_9_87_58,1.0,0,58,58,28
28,r_67_71_21,r_66_103_186,r_48_108_168,r_66_103_186,0.71,0,186,186,28
29,r_121_44_169,r_20_25_36,r_153_40_35,r_121_44_169,0.85,0,169,169,28
22,r_155_61_173,r_2_47_183,seq72,r_155_61_173,0.55,0,173,173,28
62,seq3,seq38,r_20_25_36,r_20_25_36,0.67,76,112,36,28
7,r_78_59_119,r_37_80_162,r_2_47_183,r_78_59_119,0.96,0,119,119,28
0,r_6_51_51,seq125,r_56_135_167,r_6_51_51,0.96,0,51,51,28
23,r_17_138_64,seq105,seq137,r_17_138_64,1.0,0,64,64,28
12,r_55_19_53,r_89_126_191,r_5_85_103,r_5_85_103,1.0,4,107,103,28
6,r_93_77_48,r_140_136_171,seq30,r_93_77_48,1.0,0,48,48,28
44,r_115_33_38,seq132,r_152_151_1,r_115_33_38,1.0,0,38,38,28
44,r_26_59_11,r_99_17_130,seq65,r_99_17_130,0.97,-5,125,130,29
40,r_106_95_19,r_126_104_96,r_74_98_102,r_106_95_19,0.98,1,20,19,29
2,r_49_133_183,r_107_44_120,r_158_103_149,r_49_133_183,0.83,1,184,183,29
36,r_123_110_128,r_79_101_189,r_3_0_49,r_79_101_189,0.99,-61,128,189,29
97,seq120,r_107_44_120,r_109_32_91,r_109_32_91,0.65,1,92,91,29
14,r_108_19_182,seq9,r_46_78_132,r_46_78_132,0.6,51,183,132,29
43,r_99_17_130,r_152_88_93,r_26_59_11,r_152_88_93,0.98,1,94,93,29
37,r_39_102_122,r_84_1_191,r_23_12_21,r_39_102_122,0.91,0,122,122,29
3,r_5_122_86,r_121_58_166,r_146_125_84,r_121_58_166,1.0,2,168,166,29
16,r_107_44_120,seq120,r_49_133_183,r_107_44_120,0.52,2,122,120,29
39,r_131_149_142,seq30,r_7_94_28,r_131_149_142,0.99,0,142,142,29
1,r_144_159_186,seq16,r_40_112_34,r_144_159_186,0.5,0,186,186,29
97,seq120,r_5_122_86,r_107_44_120,r_5_122_86,0.73,-7,79,86,29
27,r_134_111_9,r_40_112_34,r_42_22_3,r_134_111_9,0.89,1,10,9,29
42,r_79_101_189,r_123_110_128,r_37_68_107,r_79_101_189,0.87,-61,128,189,29
21,r_50_147_23,r_108_19_182,seq124,r_50_147_23,0.75,0,23,23,29
7,r_13_8_103,r_23_12_21,r_50_147_23,r_13_8_103,0.73,0,103,103,29
45,r_37_68_107,r_121_58_166,r_79_101_189,r_37_68_107,1.0,0,107,107,29
19,r_152_88_93,r_99_17_130,seq9,r_152_88_93,1.0,1,94,93,29
8,r_135_148_59,r_3_0_49,seq36,r_135_148_59,0.98,0,59,59,29
31,r_138_51_168,seq97,r_13_8_103,r_138_51_168,0.61,2,170,168,29
56,r_7_94_28,seq65,seq97,r_7_94_28,0.86,0,28,28,29
41,r_27_73_160,seq9,seq45,r_27_73_160,0.51,0,160,160,29
20,r_23_12_21,r_150_2_176,r_13_8_103,r_23_12_21,1.0,1,22,21,29
40,r_106_95_19,r_74_98_102,seq65,r_74_98_102,1.0,-25,77,102,29
3,r_5_122_86,seq120,r_121_58_166,r_5_122_86,1.0,0,86,86,29
26,r_153_82_92,r_84_1_191,seq48,r_153_82_92,1.0,0,92,92,29
72,seq25,r_121_58_166,r_146_125_84,r_146_125_84,1.0,12,96,84,29
16,r_107_44_120,r_49_133_183,r_99_17_130,r_49_133_183,0.8,1,184,183,29
17,r_77_34_24,r_13_8_103,seq156,r_77_34_24,1.0,0,24,24,29
4,r_100_4_139,seq45,seq127,r_100_4_139,0.96,1,140,139,29
63,seq136,r_13_8_103,r_57_117_81,r_57_117_81,1.0,13,94,81,29
54,r_76_70_43,r_74_98_102,seq18,r_76_70_43,0.93,0,43,43,29
56,r_7_94_28,seq97,r_131_149_142,r_131_149_142,1.0,6,148,142,29
44,r_26_59_11,r_40_112_34,r_99_17_130,r_26_59_11,0.68,1,12,11,29
15,r_69_66_175,seq48,r_63_47_112,r_63_47_112,0.79,63,175,112,29
48,r_109_32_91,seq124,seq120,r_109_32_91,1.0,1,92,91,29
57,r_130_113_150,seq18,seq30,r_130_113_150,0.95,2,152,150,29
6,r_46_78_132,seq45,r_42_22_3,r_46_78_132,0.98,1,133,132,29
62,seq6,r_130_113_150,r_109_32_91,r_109_32_91,0.96,14,105,91,29
7,r_13_8_103,r_77_34_24,r_23_12_21,r_13_8_103,0.99,-79,24,103,29
0,r_40_112_34,r_49_133_183,seq81,r_40_112_34,0.62,0,34,34,29
30,r_105_87_148,r_33_89_42,r_53_80_89,r_105_87_148,0.8,0,148,148,29
2,r_49_133_183,r_96_142_146,r_107_44_120,r_49_133_183,0.47,-40,143,183,29
38,r_121_58_166,r_5_122_86,r_46_78_132,r_121_58_166,1.0,0,166,166,29
47,r_84_1_191,r_39_102_122,seq45,r_39_102_122,1.0,0,122,122,29
18,r_158_103_149,seq145,r_15_92_65,r_158_103_149,0.81,0,149,149,29
29,r_146_125_84,r_157_56_100,seq25,r_146_125_84,1.0,0,84,84,29
0,r_40_112_34,seq81,seq97,r_40_112_34,0.53,31,65,34,29
24,r_15_92_65,r_53_80_89,r_39_102_122,r_15_92_65,0.53,19,84,65,29
25,r_143_14_105,seq36,r_23_12_21,r_143_14_105,1.0,0,105,105,29
33,r_41_11_153,r_69_66_175,seq140,r_41_11_153,0.97,0,153,153,29
30,r_105_87_148,r_114_115_179,r_33_89_42,r_33_89_42,1.0,7,49,42,29
64,seq9,r_108_19_182,r_5_122_86,r_5_122_86,1.0,97,183,86,29
13,r_28_93_18,r_49_133_183,r_15_92_65,r_28_93_18,0.87,1,19,18,29
46,r_75_151_55,r_20_132_169,r_23_12_21,r_75_151_55,0.84,2,57,55,29
49,r_157_56_100,r_55_155_159,seq45,r_157_56_100,0.98,1,101,100,29
88,seq67,r_85_71_141,seq127,r_85_71_141,1.0,0,141,141,29
50,r_20_132_169,seq124,r_146_125_84,r_146_125_84,1.0,89,173,84,29
58,r_53_80_89,r_15_92_65,seq36,r_53_80_89,0.68,-5,84,89,29
20,r_23_12_21,r_13_8_103,r_143_14_105,r_143_14_105,0.91,4,109,105,29
59,r_64_62_51,r_75_151_55,seq128,r_64_62_51,1.0,0,51,51,29
42,r_79_101_189,r_37_68_107,r_46_78_132,r_79_101_189,0.93,0,189,189,29
32,r_85_71_141,seq67,seq24,r_85_71_141,0.99,0,141,141,29
38,r_121_58_166,r_37_68_107,r_5_122_86,r_121_58_166,0.98,-59,107,166,29
52,r_96_142_146,seq29,seq140,r_96_142_146,0.74,0,146,146,29
75,seq29,r_96_142_146,r_107_44_120,r_96_142_146,0.64,0,146,146,29
35,r_31_119_41,r_108_19_182,seq52,r_31_119_41,1.0,0,41,41,29
45,r_37_68_107,r_79_101_189,r_41_11_153,r_37_68_107,0.61,82,189,107,29
24,r_15_92_65,r_39_102_122,seq45,r_39_102_122,1.0,0,122,122,29
81,seq48,r_69_66_175,r_153_82_92,r_153_82_92,1.0,40,132,92,29
22,r_91_10_50,seq60,seq61,r_91_10_50,1.0,0,50,50,29
9,r_63_47_112,r_99_17_130,r_74_98_102,r_99_17_130,0.91,-18,112,130,29
28,r_150_2_176,seq140,r_64_62_51,r_64_62_51,1.0,125,176,51,29
49,r_157_56_100,r_146_125_84,r_55_155_159,r_146_125_84,1.0,0,84,84,29
55,r_33_89_42,r_74_98_102,r_105_87_148,r_33_89_42,1.0,0,42,42,29
23,r_57_117_81,r_15_92_65,seq136,r_57_117_81,1.0,0,81,81,29
62,seq6,r_109_32_91,r_126_104_96,r_126_104_96,0.73,67,163,96,29
43,r_99_17_130,r_26_59_11,seq18,r_99_17_130,0.94,0,130,130,29
12,r_126_104_96,r_69_66_175,seq45,r_126_104_96,1.0,1,97,96,29
84,seq137,r_85_71_141,seq48,r_85_71_141,0.81,-40,101,141,29
55,r_33_89_42,r_105_87_148,r_46_78_132,r_33_89_42,0.93,106,148,42,29
30,r_43_54_106,r_82_111_186,r_23_123_42,r_43_54_106,0.99,0,106,106,30
19,r_59_30_40,seq67,seq51,r_59_30_40,1.0,3,43,40,30
51,r_104_157_127,r_153_5_192,r_95_139_104,r_95_139_104,0.92,24,128,104,30
36,r_155_76_91,r_34_69_133,seq127,r_155_76_91,0.95,4,95,91,30
14,r_143_33_93,r_95_139_104,seq27,r_143_33_93,0.92,1,94,93,30
53,r_34_69_133,r_8_89_144,seq131,r_34_69_133,0.55,9,142,133,30
58,r_149_80_37,r_8_89_144,r_62_119_83,r_62_119_83,0.97,64,147,83,30
43,r_63_120_61,r_121_25_59,r_24_101_195,r_63_120_61,1.0,0,61,61,30
54,r_3_91_169,seq28,r_17_87_43,r_17_87_43,0.72,126,169,43,30
37,r_66_41_118,r_7_16_191,seq21,r_66_41_118,1.0,0,118,118,30
59,r_156_137_122,seq107,r_130_112_19,r_156_137_122,1.0,1,123,122,30
55,r_70_52_117,seq10,seq159,r_70_52_117,0.61,0,117,117,30
16,r_62_119_83,seq27,r_44_60_56,r_62_119_83,1.0,0,83,83,30
1,r_95_139_104,r_143_33_93,seq51,r_143_33_93,0.68,1,94,93,30
5,r_115_99_110,r_8_89_144,seq51,r_115_99_110,0.98,0,110,110,30
46,r_82_111_186,seq19,r_17_87_43,r_17_87_43,1.0,144,187,43,30
21,r_93_100_36,r_136_1_50,seq22,r_93_100_36,1.0,0,36,36,30
22,r_8_89_144,r_44_60_56,seq154,r_8_89_144,0.97,3,147,144,30
41,r_110_90_64,seq20,r_153_5_192,r_110_90_64,1.0,0,64,64,30
44,r_32_109_57,r_126_75_172,r_153_5_192,r_32_109_57,1.0,0,57,57,30
31,r_130_112_19,seq102,seq159,r_130_112_19,0.81,2,21,19,30
26,r_53_141_119,seq159,r_152_135_30,r_53_141_119,0.69,0,119,119,30
3,r_26_0_16,seq67,r_153_5_192,r_26_0_16,1.0,2,18,16,30
72,seq27,r_62_119_83,seq67,r_62_119_83,1.0,0,83,83,30
4,r_29_38_54,seq85,r_15_128_85,r_15_128_85,0.99,3,88,85,30
78,seq51,r_95_139_104,r_121_25_59,r_121_25_59,1.0,45,104,59,30
0,r_15_128_85,seq159,r_29_38_54,r_15_128_85,1.0,0,85,85,30
63,seq9,r_35_116_152,r_95_139_104,r_95_139_104,0.77,48,152,104,30
73,seq28,r_3_91_169,r_142_103_32,r_3_91_169,0.66,-17,152,169,30
20,r_134_92_180,seq124,r_143_33_93,r_143_33_93,0.84,88,181,93,30
98,seq124,r_134_92_180,r_49_6_55,r_49_6_55,1.0,39,94,55,30
15,r_121_25_59,r_63_120_61,seq22,r_121_25_59,1.0,2,61,59,30
6,r_84_64_175,seq61,r_15_128_85,r_15_128_85,1.0,91,176,85,30
42,r_150_79_181,seq127,r_125_55_31,r_150_79_181,0.66,-138,43,181,30
99,seq127,seq107,r_155_76_91,r_155_76_91,1.0,49,140,91,30
52,r_125_55_31,r_150_79_181,r_8_89_144,r_125_55_31,0.51,150,181,31,30
0,r_15_128_85,r_29_38_54,r_84_64_175,r_15_128_85,0.42,76,161,85,30
58,r_149_80_37,r_132_146_75,r_8_89_144,r_8_89_144,0.98,-107,37,144,30
27,r_23_123_42,seq74,r_43_54_106,r_43_54_106,1.0,34,140,106,30
74,seq158,seq37,r_95_139_104,r_95_139_104,1.0,7,111,104,30
18,r_50_18_185,seq131,r_143_33_93,r_143_33_93,0.66,94,187,93,30
29,r_117_83_161,r_106_86_96,r_150_79_181,r_106_86_96,1.0,0,96,96,30
28,r_44_60_56,r_43_54_106,r_8_89_144,r_43_54_106,0.91,-49,57,106,30
24,r_118_81_107,seq85,seq31,r_118_81_107,0.95,0,107,107,30
25,r_48_40_76,seq158,seq138,r_48_40_76,1.0,0,76,76,30
78,seq51,r_121_25_59,r_115_99_110,r_115_99_110,0.56,4,114,110,30
33,r_132_146_75,seq67,r_110_90_64,r_132_146_75,1.0,0,75,75,30
1,r_95_139_104,seq51,seq158,r_95_139_104,0.44,0,104,104,30
77,seq45,r_104_157_127,r_32_109_57,r_32_109_57,1.0,2,59,57,30
35,r_153_5_192,r_104_157_127,r_26_0_16,r_26_0_16,1.0,7,23,16,30
42,r_150_79_181,r_125_55_31,seq10,r_150_79_181,0.66,0,181,181,30
61,seq131,r_50_18_185,r_53_141_119,r_53_141_119,1.0,66,185,119,30
57,r_17_87_43,seq158,seq74,r_17_87_43,1.0,1,44,43,30
38,r_147_4_167,r_84_64_175,r_57_98_184,r_147_4_167,0.87,0,167,167,30
9,r_136_1_50,seq20,seq159,r_136_1_50,0.98,0,50,50,30
81,seq159,seq129,r_70_52_117,r_70_52_117,0.93,31,148,117,30
2,r_140_72_53,r_155_76_91,seq133,r_140_72_53,0.96,0,53,53,30
52,r_125_55_31,r_50_18_185,r_150_79_181,r_125_55_31,0.74,2,33,31,30
40,r_152_135_30,r_95_139_104,seq108,r_152_135_30,0.97,0,30,30,30
31,r_130_112_19,seq159,r_156_137_122,r_156_137_122,0.99,1,123,122,30
28,r_44_60_56,r_8_89_144,r_62_119_83,r_44_60_56,0.86,93,149,56,30
29,r_117_83_161,r_150_79_181,r_132_146_75,r_150_79_181,0.8,-18,163,181,30
22,r_8_89_144,r_34_69_133,r_44_60_56,r_44_60_56,0.84,42,98,56,30
10,r_73_77_51,r_44_60_56,seq145,r_73_77_51,1.0,0,51,51,30
49,r_2_42_66,r_144_105_188,seq20,r_2_42_66,1.0,1,67,66,30
50,r_49_6_55,r_104_157_127,seq124,r_49_6_55,1.0,0,55,55,30
56,r_106_86_96,r_117_83_161,r_49_6_55,r_117_83_161,1.0,-65,96,161,30
7,r_94_13_140,seq107,r_2_42_66,r_2_42_66,1.0,74,140,66,30
23,r_144_105_188,r_2_42_66,seq28,r_2_42_66,1.0,1,67,66,30
79,seq138,seq114,r_48_40_76,r_48_40_76,1.0,58,134,76,30
12,r_11_36_82,r_70_52_117,seq85,r_11_36_82,0.99,0,82,82,30
23,r_144_105_188,seq28,r_118_81_107,r_118_81_107,0.95,81,188,107,30
51,r_91_2_184,seq49,r_20_147_128,r_91_2_184,0.65,1,185,184,31
36,r_34_8_141,seq134,r_156_104_119,r_156_104_119,0.93,22,141,119,31
50,r_59_116_45,r_100_79_103,seq49,r_59_116_45,0.93,1,46,45,31
14,r_105_153_199,r_18_28_162,r_58_29_116,r_58_29_116,0.92,39,155,116,31
5,r_36_70_26,r_71_80_71,r_54_26_153,r_36_70_26,0.99,0,26,26,31
54,r_53_117_57,r_91_2_184,seq47,r_53_117_57,1.0,0,57,57,31
30,r_25_127_46,r_71_80_71,seq68,r_25_127_46,0.75,1,47,46,31
55,r_10_46_39,r_100_79_103,seq140,r_10_46_39,0.79,0,39,39,31
83,seq49,r_91_2_184,r_59_116_45,r_59_116_45,1.0,117,162,45,31
37,r_83_96_147,r_11_99_145,seq134,r_83_96_147,0.81,0,147,147,31
34,r_45_152_25,r_71_80_71,seq132,r_45_152_25,0.97,0,25,25,31
71,seq27,seq159,r_85_89_78,r_85_89_78,1.0,3,81,78,31
16,r_11_99_145,r_83_96_147,r_9_81_139,r_11_99_145,0.92,1,146,145,31
21,r_114_38_174,seq145,r_102_90_58,r_114_38_174,0.51,0,174,174,31
39,r_97_115_82,seq3,seq33,r_97_115_82,0.75,-2,80,82,31
97,seq145,r_114_38_174,r_59_116_45,r_59_116_45,0.91,118,163,45,31
46,r_125_157_75,r_154_94_89,r_37_92_107,r_125_157_75,0.97,0,75,75,31
45,r_118_31_164,seq159,r_53_117_57,r_53_117_57,0.43,107,164,57,31
24,r_135_65_148,seq123,r_21_124_51,r_135_65_148,0.88,4,152,148,31
17,r_100_79_103,r_74_55_187,seq68,r_100_79_103,0.99,0,103,103,31
66,seq13,r_154_94_89,r_113_76_87,r_113_76_87,1.0,25,112,87,31
1,r_7_41_44,seq3,r_95_150_61,r_7_41_44,1.0,3,47,44,31
41,r_95_150_61,seq32,r_7_41_44,r_95_150_61,1.0,0,61,61,31
53,r_106_56_17,r_10_46_39,seq69,r_106_56_17,1.0,0,17,17,31
89,seq68,r_9_81_139,r_100_79_103,r_100_79_103,0.65,36,139,103,31
17,r_100_79_103,r_59_116_45,r_74_55_187,r_59_116_45,1.0,1,46,45,31
32,r_133_98_104,r_34_8_141,r_136_130_66,r_133_98_104,1.0,1,105,104,31
3,r_22_128_138,seq39,seq57,r_22_128_138,0.96,0,138,138,31
10,r_85_89_78,seq69,seq27,r_85_89_78,1.0,0,78,78,31
93,seq78,seq138,r_21_124_51,r_21_124_51,1.0,7,58,51,31
26,r_71_80_71,r_120_14_194,seq159,r_71_80_71,0.99,0,71,71,31
6,r_102_90_58,r_85_89_78,r_37_92_107,r_37_92_107,1.0,-49,58,107,31
4,r_58_29_116,r_12_129_173,r_105_153_199,r_58_29_116,1.0,0,116,116,31
78,seq39,r_113_76_87,r_84_139_35,r_113_76_87,0.81,0,87,87,31
0,r_18_28_162,r_105_153_199,r_20_147_128,r_20_147_128,0.89,37,165,128,31
11,r_37_92_107,r_148_19_150,r_125_157_75,r_37_92_107,0.86,-22,85,107,31
59,r_50_101_19,r_135_65_148,seq6,r_50_101_19,0.88,0,19,19,31
19,r_54_26_153,r_74_55_187,r_36_70_26,r_36_70_26,1.0,1,27,26,31
13,r_148_19_150,r_37_92_107,r_136_130_66,r_148_19_150,0.62,0,150,150,31
15,r_12_129_173,r_144_75_8,r_67_86_176,r_144_75_8,0.46,165,173,8,31
56,r_84_139_35,r_97_115_82,seq39,r_84_139_35,1.0,2,37,35,31
5,r_36_70_26,r_54_26_153,r_151_72_69,r_151_72_69,1.0,37,106,69,31
43,r_111_122_42,r_1_108_191,seq123,r_111_122_42,1.0,0,42,42,31
27,r_9_81_139,seq68,r_74_55_187,r_9_81_139,0.9,0,139,139,31
25,r_21_124_51,r_91_2_184,seq78,r_21_124_51,1.0,0,51,51,31
84,seq57,seq33,r_22_128_138,r_22_128_138,0.92,2,140,138,31
2,r_0_51_182,seq107,r_18_28_162,r_18_28_162,0.52,22,184,162,31
47,r_67_86_176,seq42,r_12_129_173,r_67_86_176,0.39,-1,175,176,31
40,r_158_43_81,r_9_81_139,seq138,r_158_43_81,1.0,0,81,81,31
18,r_20_147_128,r_105_153_199,r_112_137_92,r_20_147_128,0.91,0,128,128,31
24,r_135_65_148,r_151_72_69,seq123,r_151_72_69,1.0,0,69,69,31
33,r_113_76_87,seq39,seq13,r_113_76_87,1.0,0,87,87,31
32,r_133_98_104,r_136_130_66,r_34_8_141,r_136_130_66,1.0,1,67,66,31
38,r_16_4_156,seq13,r_44_110_91,r_16_4_156,0.87,0,156,156,31
81,seq47,seq77,r_53_117_57,r_53_117_57,1.0,19,76,57,31
9,r_103_35_29,r_0_51_182,seq73,r_103_35_29,1.0,0,29,29,31
22,r_156_104_119,seq40,seq48,r_156_104_119,0.8,0,119,119,31
99,seq123,r_135_65_148,r_111_122_42,r_111_122_42,1.0,2,44,42,31
28,r_151_72_69,r_135_65_148,r_36_70_26,r_151_72_69,1.0,0,69,69,31
0,r_18_28_162,r_20_147_128,r_0_51_182,r_18_28_162,0.9,25,187,162,31
49,r_126_23_113,seq48,r_142_149_9,r_126_23_113,0.7,0,113,113,31
44,r_141_109_98,seq57,seq3,r_141_109_98,0.44,4,102,98,31
79,seq40,r_156_104_119,r_113_76_87,r_113_76_87,0.98,36,123,87,31
35,r_121_24_169,seq39,seq40,r_121_24_169,0.46,0,169,169,31
12,r_136_130_66,r_133_98_104,r_21_124_51,r_136_130_66,0.88,1,67,66,31
40,r_63_8_45,r_120_3_132,seq150,r_120_3_132,1.0,0,132,132,32
30,r_39_9_178,r_124_95_176,r_77_68_113,r_39_9_178,0.53,-1,177,178,32
47,r_30_34_19,r_74_98_48,r_121_22_184,r_30_34_19,0.83,0,19,19,32
36,r_6_21_177,r_62_31_185,r_74_98_48,r_74_98_48,0.78,129,177,48,32
64,seq145,r_62_31_185,r_148_23_31,r_148_23_31,1.0,-2,29,31,32
8,r_4_90_118,seq57,r_93_59_84,r_4_90_118,0.88,0,118,118,32
43,r_130_96_62,seq73,r_102_118_14,r_130_96_62,1.0,-1,61,62,32
54,r_120_3_132,seq150,r_63_8_45,r_63_8_45,1.0,21,66,45,32
22,r_88_154_108,r_55_146_70,r_101_76_54,r_88_154_108,0.93,-53,55,108,32
37,r_77_68_113,r_122_85_144,seq29,r_77_68_113,0.73,1,114,113,32
54,r_120_3_132,r_63_8_45,r_81_103_42,r_120_3_132,1.0,0,132,132,32
94,seq100,r_130_96_62,seq57,r_130_96_62,0.99,-33,29,62,32
19,r_50_54_35,r_4_90_118,r_51_64_107,r_50_54_35,1.0,83,118,35,32
55,r_128_157_138,seq24,r_56_105_93,r_128_157_138,0.95,3,141,138,32
21,r_99_138_121,seq32,r_10_53_91,r_99_138_121,0.98,0,121,121,32
1,r_58_17_115,seq33,seq18,r_58_17_115,0.69,0,115,115,32
27,r_102_118_14,r_0_159_119,seq145,r_102_118_14,0.98,-4,10,14,32
5,r_74_98_48,r_134_2_89,seq32,r_74_98_48,0.98,0,48,48,32
19,r_50_54_35,r_56_105_93,r_4_90_118,r_50_54_35,0.58,-4,31,35,32
27,r_102_118_14,seq145,r_130_96_62,r_130_96_62,1.0,12,74,62,32
95,seq107,r_84_12_189,r_47_41_66,r_47_41_66,1.0,-1,65,66,32
39,r_131_97_39,seq67,seq15,r_131_97_39,1.0,-2,37,39,32
99,seq117,r_47_41_66,r_142_36_36,r_142_36_36,0.6,2,38,36,32
31,r_125_123_103,seq143,r_88_154_108,r_125_123_103,1.0,4,107,103,32
3,r_55_146_70,r_28_106_159,seq57,r_55_146_70,1.0,0,70,70,32
42,r_101_76_54,r_47_41_66,r_88_154_108,r_101_76_54,0.97,0,54,54,32
10,r_65_42_74,r_77_68_113,seq20,r_65_42_74,1.0,0,74,74,32
40,r_63_8_45,r_152_52_58,r_120_3_132,r_63_8_45,1.0,0,45,45,32
51,r_80_108_20,r_58_17_115,r_84_12_189,r_80_108_20,0.97,0,20,20,32
4,r_70_116_61,r_56_105_93,r_129_37_21,r_70_116_61,0.98,3,64,61,32
73,seq29,r_65_42_74,seq26,r_65_42_74,0.77,-6,68,74,32
13,r_139_71_129,r_128_157_138,r_58_17_115,r_128_157_138,0.91,-8,130,138,32
51,r_80_108_20,r_84_12_189,r_119_136_46,r_80_108_20,0.7,55,75,20,32
15,r_144_132_105,seq20,r_91_11_17,r_144_132_105,1.0,2,107,105,32
48,r_124_95_176,r_39_9_178,r_148_23_31,r_124_95_176,0.59,0,176,176,32
46,r_152_52_58,r_83_5_190,r_148_23_31,r_152_52_58,1.0,0,58,58,32
57,r_122_85_144,r_77_68_113,r_30_34_19,r_122_85_144,0.82,-30,114,144,32
62,seq140,r_84_12_189,r_47_41_66,r_47_41_66,1.0,124,190,66,32
14,r_110_115_18,r_65_42_74,seq61,r_110_115_18,0.92,1,19,18,32
5,r_74_98_48,seq32,r_133_147_96,r_133_147_96,1.0,40,136,96,32
92,seq143,r_125_123_103,r_82_149_166,r_125_123_103,0.98,-46,57,103,32
9,r_49_94_13,r_130_96_62,seq155,r_49_94_13,0.95,0,13,13,32
53,r_81_103_42,r_124_95_176,r_120_3_132,r_81_103_42,0.55,135,177,42,32
42,r_101_76_54,r_88_154_108,r_14_158_100,r_101_76_54,0.87,54,108,54,32
22,r_88_154_108,r_101_76_54,seq156,r_88_154_108,1.0,0,108,108,32
41,r_142_36_36,seq61,seq117,r_142_36_36,1.0,0,36,36,32
2,r_43_151_174,seq135,r_101_76_54,r_101_76_54,0.93,120,174,54,32
49,r_119_136_46,r_133_147_96,r_80_108_20,r_133_147_96,0.57,-51,45,96,32
23,r_19_1_38,r_124_95_176,seq67,r_19_1_38,1.0,-1,37,38,32
18,r_28_106_159,seq32,r_55_146_70,r_55_146_70,0.98,90,160,70,32
24,r_93_59_84,r_56_105_93,seq137,r_93_59_84,0.99,2,86,84,32
25,r_75_44_134,seq25,seq143,r_75_44_134,0.86,0,134,134,32
47,r_30_34_19,r_121_22_184,r_82_149_166,r_82_149_166,0.98,18,184,166,32
50,r_121_22_184,r_65_42_74,r_30_34_19,r_65_42_74,0.85,0,74,74,32
58,r_10_53_91,r_125_123_103,seq25,r_10_53_91,0.79,0,91,91,32
6,r_133_147_96,r_30_34_19,r_74_98_48,r_133_147_96,1.0,0,96,96,32
65,seq18,seq32,r_58_17_115,r_58_17_115,1.0,0,115,115,32
68,seq24,r_128_157_138,r_134_2_89,r_134_2_89,1.0,6,95,89,32
61,seq137,seq67,r_93_59_84,r_93_59_84,1.0,9,93,84,32
32,r_126_7_122,seq46,r_88_154_108,r_126_7_122,0.9,3,125,122,32
38,r_14_158_100,seq32,r_101_76_54,r_14_158_100,0.92,1,101,100,32
52,r_82_149_166,seq72,r_30_34_19,r_82_149_166,0.69,3,169,166,32
68,seq24,r_134_2_89,r_153_16_168,r_153_16_168,0.99,3,171,168,32
34,r_0_159_119,r_83_5_190,seq100,r_0_159_119,0.9,6,125,119,32
44,r_148_23_31,r_125_123_103,seq145,r_148_23_31,0.99,-2,29,31,32
50,r_121_22_184,r_30_34_19,seq15,r_30_34_19,0.47,165,184,19,32
53,r_81_103_42,seq67,r_124_95_176,r_81_103_42,0.99,0,42,42,32
6,r_133_147_96,r_119_136_46,r_30_34_19,r_30_34_19,0.97,8,27,19,32
28,r_47_41_66,seq15,r_119_136_46,r_47_41_66,1.0,-1,65,66,32
56,r_134_2_89,seq113,seq24,r_134_2_89,0.99,0,89,89,32
7,r_141_127_187,seq72,r_99_138_121,r_99_138_121,0.86,66,187,121,32
17,r_129_37_21,r_88_154_108,seq113,r_129_37_21,0.89,0,21,21,32
22,r_88_154_108,r_129_37_21,r_55_146_70,r_88_154_108,0.74,-85,23,108,32
33,r_91_11_17,r_139_71_129,seq135,r_139_71_129,0.81,-110,19,129,32
12,r_51_64_107,seq155,r_50_54_35,r_51_64_107,1.0,0,107,107,32
30,r_38_19_118,r_107_34_99,seq28,r_38_19_118,0.97,0,118,118,33
50,r_142_92_21,r_128_13_71,seq4,r_142_92_21,0.99,0,21,21,33
14,r_128_13_71,r_15_114_128,seq83,r_128_13_71,1.0,0,71,71,33
53,r_24_80_108,r_135_56_168,r_138_16_95,r_24_80_108,0.62,-1,107,108,33
43,r_94_87_143,r_137_134_23,r_77_17_68,r_94_87_143,0.86,0,143,143,33
54,r_62_36_77,r_107_34_99,seq68,r_62_36_77,1.0,0,77,77,33
59,r_47_108_116,seq151,seq41,r_47_108_116,1.0,0,116,116,33
71,seq28,r_122_39_145,r_6_45_137,r_6_45_137,0.57,6,143,137,33
39,r_31_26_101,r_132_150_193,r_130_140_50,r_132_150_193,0.79,-92,101,193,33
1,r_70_139_121,seq127,seq148,r_70_139_121,0.74,4,125,121,33
46,r_52_81_74,seq151,r_1_99_122,r_52_81_74,0.93,0,74,74,33
31,r_61_123_29,r_71_23_40,seq41,r_61_123_29,0.96,0,29,29,33
45,r_115_57_94,r_144_58_178,seq127,r_115_57_94,0.98,0,94,94,33
46,r_52_81_74,r_1_99_122,r_138_16_95,r_1_99_122,0.65,0,122,122,33
41,r_77_17_68,r_93_116_165,r_146_44_66,r_77_17_68,1.0,1,69,68,33
11,r_32_12_24,r_75_11_113,seq4,r_32_12_24,0.89,-1,23,24,33
3,r_72_48_106,r_106_46_69,r_117_63_8,r_106_46_69,0.97,-7,62,69,33
10,r_59_98_136,seq97,r_137_134_23,r_59_98_136,0.63,0,136,136,33
8,r_137_134_23,r_133_86_195,r_94_87_143,r_137_134_23,0.97,0,23,23,33
48,r_95_136_146,r_43_21_169,seq8,r_95_136_146,0.39,-91,55,146,33
26,r_7_159_154,seq2,r_42_18_12,r_7_159_154,0.58,5,159,154,33
8,r_137_134_23,r_94_87_143,r_5_67_81,r_5_67_81,0.96,62,143,81,33
47,r_91_105_15,seq78,seq88,r_91_105_15,0.88,0,15,15,33
4,r_132_150_193,r_31_26_101,r_144_58_178,r_31_26_101,1.0,0,101,101,33
63,seq9,r_43_21_169,r_146_44_66,r_146_44_66,0.98,-4,62,66,33
56,r_102_76_170,r_131_104_172,r_156_0_44,r_156_0_44,1.0,-2,42,44,33
57,r_156_0_44,r_138_16_95,r_102_76_170,r_156_0_44,0.69,-2,42,44,33
13,r_1_99_122,r_102_76_170,seq8,r_1_99_122,0.92,0,122,122,33
56,r_102_76_170,r_156_0_44,r_142_92_21,r_102_76_170,0.59,0,170,170,33
15,r_157_53_174,r_89_126_182,r_90_55_119,r_157_53_174,0.48,0,174,174,33
2,r_71_23_40,r_43_21_169,r_107_34_99,r_71_23_40,1.0,0,40,40,33
4,r_132_150_193,r_144_58_178,r_72_48_106,r_144_58_178,0.91,-9,169,178,33
6,r_101_129_192,r_1_99_122,r_52_81_74,r_101_129_192,0.97,-70,122,192,33
62,seq8,seq84,r_1_99_122,r_1_99_122,0.86,-2,120,122,33
85,seq83,seq127,r_128_13_71,r_128_13_71,1.0,5,76,71,33
99,seq127,r_70_139_121,r_115_57_94,r_115_57_94,1.0,31,125,94,33
61,seq4,r_7_159_154,r_32_12_24,r_32_12_24,0.56,30,54,24,33
51,r_144_58_178,r_132_150_193,seq50,r_144_58_178,0.52,1,179,178,33
22,r_96_145_73,r_120_37_142,r_25_119_133,r_120_37_142,0.6,6,148,142,33
49,r_141_60_54,r_54_121_75,seq110,r_141_60_54,1.0,0,54,54,33
41,r_77_17_68,r_146_44_66,r_122_39_145,r_122_39_145,1.0,13,158,145,33
40,r_146_44_66,seq79,seq9,r_146_44_66,1.0,-4,62,66,33
74,seq41,r_15_114_128,r_47_108_116,r_47_108_116,0.86,12,128,116,33
29,r_5_67_81,seq151,r_137_134_23,r_5_67_81,0.96,0,81,81,33
3,r_72_48_106,r_117_63_8,r_141_60_54,r_72_48_106,1.0,1,107,106,33
25,r_120_37_142,r_59_98_136,r_96_145_73,r_96_145_73,1.0,4,77,73,33
48,r_95_136_146,seq8,r_137_134_23,r_95_136_146,0.95,3,149,146,33
88,seq97,r_135_56_168,r_32_12_24,r_135_56_168,0.51,0,168,168,33
37,r_20_64_39,r_7_159_154,seq147,r_20_64_39,0.97,-1,38,39,33
58,r_30_153_181,seq158,r_144_58_178,r_30_153_181,0.46,0,181,181,33
52,r_154_65_159,seq158,seq78,r_154_65_159,0.87,0,159,159,33
57,r_156_0_44,r_102_76_170,r_52_81_74,r_156_0_44,0.67,126,170,44,33
34,r_25_119_133,seq118,seq4,r_25_119_133,0.96,1,134,133,33
51,r_144_58_178,r_115_57_94,r_132_150_193,r_115_57_94,1.0,-38,56,94,33
31,r_61_123_29,seq41,r_54_121_75,r_54_121_75,1.0,10,85,75,33
17,r_131_104_172,r_102_76_170,r_72_48_106,r_72_48_106,0.98,73,179,106,33
25,r_120_37_142,r_96_145_73,r_71_23_40,r_120_37_142,0.99,0,142,142,33
9,r_89_126_182,r_93_116_165,seq78,r_93_116_165,0.7,2,167,165,33
0,r_3_40_25,r_133_86_195,seq74,r_3_40_25,1.0,0,25,25,33
22,r_96_145_73,r_154_65_159,r_120_37_142,r_96_145_73,1.0,0,73,73,33
28,r_122_39_145,seq28,r_77_17_68,r_77_17_68,0.62,79,147,68,33
7,r_130_140_50,seq50,seq158,r_130_140_50,1.0,0,50,50,33
18,r_107_34_99,r_38_19_118,r_71_23_40,r_107_34_99,0.83,-58,41,99,33
44,r_6_45_137,r_93_116_165,seq28,r_6_45_137,0.98,0,137,137,33
55,r_93_116_165,r_77_17_68,seq51,r_77_17_68,0.98,-36,32,68,33
23,r_15_114_128,seq41,r_133_86_195,r_15_114_128,0.76,0,128,128,33
19,r_152_29_37,r_59_98_136,r_137_134_23,r_152_29_37,0.96,0,37,37,33
35,r_43_21_169,seq9,r_42_18_12,r_43_21_169,0.55,0,169,169,33
42,r_42_18_12,r_91_105_15,seq14,r_42_18_12,0.9,0,12,12,33
12,r_54_121_75,r_122_39_145,r_61_123_29,r_54_121_75,1.0,0,75,75,33
55,r_93_116_165,seq51,r_54_121_75,r_54_121_75,0.75,96,171,75,33
93,seq100,r_36_22_174,r_114_85_75,r_114_85_75,1.0,94,169,75,34
30,r_122_67_183,seq39,r_149_6_95,r_149_6_95,0.99,88,183,95,34
51,r_150_54_149,seq158,r_83_116_81,r_150_54_149,0.57,0,149,149,34
50,r_14_64_48,r_27_144_182,r_70_45_17,r_14_64_48,0.99,-3,45,48,34
36,r_132_53_108,r_74_25_96,r_94_19_45,r_132_53_108,0.79,0,108,108,34
8,r_104_111_99,seq52,r_92_69_60,r_104_111_99,0.96,0,99,99,34
48,r_96_143_34,r_94_19_45,seq60,r_96_143_34,0.8,-1,33,34,34
37,r_48_58_186,r_138_20_92,r_77_115_110,r_138_20_92,1.0,0,92,92,34
55,r_63_110_157,r_95_32_165,seq71,r_63_110_157,0.81,1,158,157,34
16,r_74_25_96,r_132_53_108,r_80_75_51,r_74_25_96,1.0,-3,93,96,34
21,r_21_87_158,r_136_129_54,r_140_38_128,r_140_38_128,0.56,30,158,128,34
5,r_4_147_145,r_95_32_165,r_138_20_92,r_95_32_165,0.9,-20,145,165,34
46,r_37_26_64,seq123,r_94_19_45,r_37_26_64,1.0,0,64,64,34
36,r_132_53_108,r_94_19_45,r_127_31_130,r_127_31_130,1.0,2,132,130,34
32,r_49_66_19,r_103_98_181,r_142_46_140,r_49_66_19,0.38,143,162,19,34
42,r_125_84_14,r_139_141_46,r_94_19_45,r_125_84_14,1.0,32,46,14,34
27,r_146_50_23,r_55_68_189,r_106_65_80,r_146_50_23,0.93,2,25,23,34
19,r_114_85_75,seq47,seq35,r_114_85_75,1.0,-1,74,75,34
12,r_70_45_17,r_121_128_147,seq157,r_70_45_17,0.94,0,17,17,34
11,r_142_46_140,r_74_25_96,r_49_66_19,r_49_66_19,0.49,104,123,19,34
45,r_29_88_168,r_5_90_171,r_159_155_8,r_159_155_8,0.91,21,29,8,34
14,r_81_40_62,r_5_90_171,seq39,r_5_90_171,0.54,-122,49,171,34
41,r_95_32_165,r_63_110_157,seq47,r_63_110_157,0.7,3,160,157,34
38,r_94_19_45,r_137_10_11,r_125_84_14,r_94_19_45,1.0,0,45,45,34
10,r_105_79_73,r_149_6_95,r_94_19_45,r_149_6_95,0.86,-22,73,95,34
26,r_127_31_130,r_27_144_182,r_132_53_108,r_127_31_130,0.63,0,130,130,34
0,r_42_152_142,seq0,r_130_124_1,r_42_152_142,0.84,1,143,142,34
65,seq134,r_13_91_180,r_94_19_45,r_94_19_45,1.0,0,45,45,34
13,r_36_22_174,seq100,r_44_24_122,r_44_24_122,0.67,54,176,122,34
6,r_5_90_171,r_130_124_1,r_109_8_79,r_5_90_171,1.0,0,171,171,34
15,r_13_91_180,seq134,r_28_59_43,r_13_91_180,0.48,0,180,180,34
11,r_142_46_140,r_106_65_80,r_74_25_96,r_106_65_80,0.56,-29,51,80,34
86,seq78,r_80_75_51,seq17,r_80_75_51,1.0,-14,37,51,34
6,r_5_90_171,r_30_153_121,r_130_124_1,r_30_153_121,0.99,0,121,121,34
53,r_72_76_52,r_77_115_110,seq17,r_72_76_52,1.0,0,52,52,34
34,r_139_141_46,r_118_61_76,seq117,r_139_141_46,0.98,1,47,46,34
7,r_56_154_42,seq151,seq100,r_56_154_42,1.0,-1,41,42,34
90,seq135,seq0,r_73_126_135,r_73_126_135,0.72,-80,55,135,34
27,r_146_50_23,r_106_65_80,r_73_126_135,r_106_65_80,1.0,0,80,80,34
24,r_51_101_167,seq34,r_73_126_135,r_73_126_135,0.47,32,167,135,34
33,r_140_38_128,r_44_24_122,r_118_61_76,r_118_61_76,0.73,52,128,76,34
64,seq133,seq12,r_30_153_121,r_30_153_121,1.0,23,144,121,34
47,r_83_116_81,seq52,r_33_107_59,r_83_116_81,0.94,2,83,81,34
31,r_80_75_51,r_83_116_81,seq1,r_83_116_81,0.94,2,83,81,34
42,r_125_84_14,r_122_67_183,r_139_141_46,r_125_84_14,0.95,0,14,14,34
20,r_103_98_181,r_156_97_138,r_49_66_19,r_49_66_19,0.99,0,19,19,34
58,r_106_65_80,r_42_152_142,r_109_8_79,r_42_152_142,1.0,-62,80,142,34
70,seq16,seq7,r_109_8_79,r_109_8_79,0.99,9,88,79,34
68,seq12,seq7,r_109_8_79,r_109_8_79,1.0,9,88,79,34
61,seq1,r_36_22_174,seq71,r_36_22_174,0.69,-12,162,174,34
32,r_49_66_19,r_80_75_51,r_103_98_181,r_103_98_181,0.44,-162,19,181,34
45,r_29_88_168,r_159_155_8,r_130_124_1,r_159_155_8,0.61,146,154,8,34
97,seq117,seq99,r_139_141_46,r_139_141_46,1.0,1,47,46,34
54,r_136_129_54,r_5_90_171,r_33_107_59,r_33_107_59,1.0,0,59,59,34
9,r_44_24_122,r_140_38_128,seq158,r_140_38_128,1.0,0,128,128,34
47,r_83_116_81,r_36_22_174,seq52,r_36_22_174,0.55,-153,21,174,34
31,r_80_75_51,seq78,r_83_116_81,r_80_75_51,0.91,0,51,51,34
37,r_48_58_186,r_77_115_110,r_132_53_108,r_77_115_110,0.74,76,186,110,34
22,r_109_8_79,seq148,seq12,r_109_8_79,1.0,0,79,79,34
49,r_33_107_59,seq17,r_77_115_110,r_33_107_59,1.0,0,59,59,34
56,r_118_61_76,r_13_91_180,seq86,r_118_61_76,1.0,0,76,76,34
23,r_30_153_121,r_5_90_171,seq133,r_30_153_121,0.62,0,121,121,34
82,seq47,r_5_90_171,r_130_124_1,r_5_90_171,0.99,0,171,171,34
79,seq39,r_4_147_145,r_81_40_62,r_4_147_145,0.84,-78,67,145,34
35,r_138_20_92,r_48_58_186,r_73_126_135,r_138_20_92,1.0,0,92,92,34
70,seq16,r_109_8_79,r_94_19_45,r_109_8_79,0.72,46,125,79,34
40,r_12_24_111,r_71_65_122,r_125_44_62,r_71_65_122,0.85,-11,111,122,35
30,r_42_116_184,seq8,r_95_13_15,r_95_13_15,0.82,169,184,15,35
28,r_25_114_3,seq34,r_111_141_28,r_111_141_28,1.0,-1,27,28,35
14,r_78_134_87,seq82,r_146_159_170,r_78_134_87,0.91,0,87,87,35
49,r_14_156_58,seq4,seq27,r_14_156_58,1.0,0,58,58,35
51,r_81_43_30,r_39_102_24,r_123_120_59,r_81_43_30,0.96,-5,25,30,35
43,r_106_33_129,seq61,r_39_102_24,r_39_102_24,1.0,83,107,24,35
47,r_133_154_77,r_80_74_153,r_155_20_107,r_133_154_77,0.9,46,123,77,35
37,r_107_110_136,seq82,r_94_28_60,r_94_28_60,0.95,78,138,60,35
59,r_155_20_107,r_117_128_152,r_133_154_77,r_117_128_152,0.95,-45,107,152,35
3,r_66_89_11,r_42_116_184,r_25_114_3,r_66_89_11,0.84,0,11,11,35
86,seq83,r_109_129_144,seq108,r_109_129_144,0.95,1,145,144,35
39,r_142_11_88,seq90,seq8,r_142_11_88,0.65,11,99,88,35
1,r_125_44_62,r_15_30_157,r_14_156_58,r_125_44_62,1.0,0,62,62,35
42,r_32_47_163,r_58_18_148,r_117_128_152,r_32_47_163,0.73,0,163,163,35
2,r_51_97_182,r_2_48_125,r_77_91_10,r_51_97_182,0.9,0,182,182,35
7,r_146_159_170,r_78_134_87,seq140,r_146_159_170,0.92,0,170,170,35
12,r_39_102_24,r_81_43_30,r_106_33_129,r_39_102_24,0.88,-1,23,24,35
19,r_101_31_156,r_157_50_194,r_94_28_60,r_101_31_156,0.89,0,156,156,35
31,r_67_45_26,r_106_33_129,r_123_120_59,r_67_45_26,0.86,0,26,26,35
41,r_52_158_141,seq0,r_95_13_15,r_52_158_141,0.95,0,141,141,35
12,r_39_102_24,r_36_22_38,r_69_59_90,r_69_59_90,0.94,44,134,90,35
10,r_123_120_59,seq144,r_81_43_30,r_81_43_30,0.94,31,61,30,35
16,r_88_23_36,r_64_113_102,seq21,r_88_23_36,1.0,0,36,36,35
35,r_127_63_42,r_125_44_62,seq55,r_127_63_42,0.99,0,42,42,35
14,r_78_134_87,r_146_159_170,r_95_13_15,r_146_159_170,0.44,0,170,170,35
4,r_117_128_152,seq27,r_106_33_129,r_117_128_152,0.71,-2,150,152,35
38,r_111_141_28,r_117_128_152,r_25_114_3,r_111_141_28,0.96,1,29,28,35
73,seq151,r_51_97_182,r_2_48_125,r_2_48_125,1.0,6,131,125,35
11,r_38_131_139,seq98,r_2_48_125,r_38_131_139,0.81,1,140,139,35
20,r_1_5_183,r_10_147_176,r_42_116_184,r_10_147_176,0.92,0,176,176,35
13,r_69_59_90,r_142_11_88,r_39_102_24,r_69_59_90,1.0,0,90,90,35
98,seq124,seq41,r_77_91_10,r_77_91_10,0.63,82,92,10,35
48,r_84_126_108,r_109_129_144,r_81_43_30,r_84_126_108,0.96,1,109,108,35
57,r_112_7_100,seq121,seq37,r_112_7_100,1.0,1,101,100,35
85,seq82,r_107_110_136,seq8,r_107_110_136,0.92,2,138,136,35
27,r_105_87_175,seq61,r_146_159_170,r_146_159_170,0.53,5,175,170,35
2,r_51_97_182,seq151,r_2_48_125,r_2_48_125,1.0,3,128,125,35
47,r_133_154_77,seq148,r_80_74_153,r_133_154_77,0.97,1,78,77,35
74,seq27,r_155_20_107,r_125_44_62,r_125_44_62,0.59,44,106,62,35
18,r_94_28_60,r_125_44_62,r_49_17_56,r_94_28_60,0.8,0,60,60,35
29,r_58_18_148,r_32_47_163,seq34,r_58_18_148,0.58,1,149,148,35
12,r_39_102_24,r_106_33_129,r_36_22_38,r_36_22_38,0.64,12,50,38,35
24,r_26_40_68,seq82,r_125_44_62,r_125_44_62,0.62,9,71,62,35
25,r_35_92_63,seq46,r_95_13_15,r_95_13_15,0.74,50,65,15,35
71,seq21,r_68_122_4,r_88_23_36,r_88_23_36,1.0,8,44,36,35
32,r_49_17_56,r_157_50_194,r_57_139_22,r_49_17_56,1.0,1,57,56,35
52,r_80_74_153,seq6,seq83,r_80_74_153,0.69,0,153,153,35
62,seq4,r_14_156_58,r_77_91_10,r_14_156_58,0.97,1,59,58,35
68,seq140,seq137,r_146_159_170,r_146_159_170,0.86,2,172,170,35
34,r_157_50_194,r_101_31_156,r_146_159_170,r_101_31_156,0.43,0,156,156,35
75,seq34,r_25_114_3,r_58_18_148,r_58_18_148,0.78,5,153,148,35
58,r_57_139_22,r_96_56_85,r_70_86_70,r_70_86_70,0.99,9,79,70,35
22,r_2_48_125,seq0,r_109_129_144,r_2_48_125,0.71,4,129,125,35
0,r_62_16_55,r_84_126_108,seq41,r_62_16_55,1.0,4,59,55,35
56,r_109_129_144,seq83,r_2_48_125,r_2_48_125,0.99,20,145,125,35
7,r_146_159_170,seq46,r_78_134_87,r_78_134_87,0.99,6,93,87,35
44,r_70_86_70,r_26_40_68,r_94_28_60,r_70_86_70,0.62,0,70,70,35
23,r_10_147_176,r_1_5_183,r_64_113_102,r_10_147_176,0.5,0,176,176,35
17,r_19_85_47,r_115_152_181,seq119,r_19_85_47,0.74,-22,25,47,35
58,r_57_139_22,r_62_16_55,r_96_56_85,r_57_139_22,1.0,0,22,22,35
82,seq61,r_105_87_175,r_39_102_24,r_39_102_24,0.78,111,135,24,35
40,r_12_24_111,r_19_85_47,r_71_65_122,r_71_65_122,0.56,-95,27,122,35
6,r_36_22_38,r_51_97_182,r_39_102_24,r_36_22_38,1.0,10,48,38,35
30,r_84_123_115,seq19,r_144_66_4,r_84_123_115,0.67,0,115,115,36
51,r_13_100_139,seq10,r_159_127_26,r_13_100_139,0.83,0,139,139,36
36,r_94_141_168,seq73,seq47,r_94_141_168,0.48,0,168,168,36
53,r_4_29_71,r_142_43_145,seq85,r_4_29_71,0.96,2,73,71,36
33,r_91_87_100,r_76_42_41,r_34_151_85,r_91_87_100,0.88,0,100,100,36
54,r_64_16_134,r_135_129_197,seq25,r_64_16_134,0.41,17,151,134,36
83,seq73,r_154_89_34,r_75_95_86,r_75_95_86,1.0,5,91,86,36
37,r_103_152_178,seq109,r_143_32_153,r_143_32_153,0.89,5,158,153,36
59,r_142_43_145,r_4_29_71,r_144_66_4,r_4_29_71,1.0,2,73,71,36
16,r_14_55_111,seq37,seq23,r_14_55_111,0.93,4,115,111,36
21,r_90_99_74,seq156,seq2,r_90_99_74,1.0,0,74,74,36
39,r_137_112_108,r_35_147_106,seq81,r_137_112_108,0.86,1,109,108,36
42,r_65_102_117,seq86,r_106_5_73,r_65_102_117,0.77,0,117,117,36
56,r_146_107_47,r_22_68_70,seq109,r_146_107_47,0.99,0,47,47,36
32,r_75_95_86,r_93_20_25,seq73,r_75_95_86,1.0,0,86,86,36
7,r_72_59_140,seq8,seq0,r_72_59_140,0.99,0,140,140,36
45,r_108_48_77,r_154_89_34,seq109,r_108_48_77,0.96,0,77,77,36
33,r_91_87_100,seq25,r_76_42_41,r_91_87_100,0.76,-58,42,100,36
41,r_159_127_26,r_34_151_85,seq133,r_159_127_26,0.61,-1,25,26,36
19,r_22_68_70,seq47,seq19,r_22_68_70,1.0,1,71,70,36
14,r_27_36_37,r_110_124_120,r_119_71_188,r_27_36_37,0.98,0,37,37,36
1,r_57_117_27,r_154_89_34,seq38,r_57_117_27,0.46,8,35,27,36
31,r_83_114_185,r_119_71_188,r_140_148_122,r_140_148_122,0.53,64,186,122,36
3,r_3_111_88,r_140_148_122,r_108_48_77,r_3_111_88,0.98,0,88,88,36
10,r_132_105_104,seq50,r_9_128_141,r_132_105_104,0.99,0,104,104,36
26,r_110_124_120,r_135_129_197,r_90_99_74,r_90_99_74,0.96,55,129,74,36
14,r_27_36_37,r_119_71_188,r_72_59_140,r_72_59_140,0.95,47,187,140,36
78,seq47,r_22_68_70,r_9_128_141,r_22_68_70,1.0,1,71,70,36
0,r_9_128_141,r_62_51_180,r_24_134_137,r_24_134_137,0.96,3,140,137,36
73,seq37,seq81,r_11_1_60,r_11_1_60,1.0,14,74,60,36
11,r_11_1_60,r_72_59_140,seq37,r_11_1_60,0.98,7,67,60,36
15,r_96_52_183,seq74,r_94_141_168,r_96_52_183,0.58,0,183,183,36
48,r_97_21_23,r_138_101_161,seq50,r_97_21_23,0.85,-2,21,23,36
57,r_119_71_188,r_83_114_185,r_34_151_85,r_34_151_85,0.74,102,187,85,36
52,r_121_67_22,seq49,seq19,r_121_67_22,0.74,2,24,22,36
6,r_34_151_85,seq23,r_35_147_106,r_34_151_85,0.79,0,85,85,36
43,r_149_30_16,r_80_18_103,seq120,r_149_30_16,0.89,1,17,16,36
87,seq85,r_44_69_173,r_158_130_105,r_158_130_105,0.98,69,174,105,36
34,r_79_28_53,r_13_100_139,r_93_20_25,r_79_28_53,1.0,0,53,53,36
2,r_17_54_76,r_84_123_115,r_57_117_27,r_57_117_27,0.78,51,78,27,36
47,r_158_130_105,r_9_128_141,r_12_125_20,r_158_130_105,1.0,0,105,105,36
59,r_142_43_145,r_144_66_4,r_93_20_25,r_142_43_145,1.0,1,146,145,36
40,r_126_150_116,seq49,r_35_147_106,r_126_150_116,0.78,0,116,116,36
74,seq38,r_135_129_197,r_57_117_27,r_57_117_27,0.55,159,186,27,36
6,r_34_151_85,r_35_147_106,r_91_87_100,r_34_151_85,0.9,23,108,85,36
24,r_44_69_173,seq85,r_35_147_106,r_35_147_106,1.0,68,174,106,36
25,r_80_18_103,seq15,r_106_5_73,r_80_18_103,0.97,0,103,103,36
13,r_76_42_41,r_60_77_56,r_91_87_100,r_76_42_41,0.87,9,50,41,36
50,r_39_131_179,r_135_129_197,r_154_89_34,r_135_129_197,0.39,-13,184,197,36
58,r_106_5_73,seq46,r_9_128_141,r_106_5_73,1.0,1,74,73,36
65,seq10,r_13_100_139,seq40,r_13_100_139,1.0,0,139,139,36
32,r_75_95_86,r_56_157_2,r_93_20_25,r_93_20_25,0.68,0,25,25,36
61,seq2,r_138_101_161,r_90_99_74,r_90_99_74,0.89,87,161,74,36
38,r_35_147_106,r_137_112_108,seq82,r_35_147_106,0.98,3,109,106,36
77,seq46,r_106_5_73,seq109,r_106_5_73,1.0,2,75,73,36
13,r_76_42_41,r_91_87_100,r_90_99_74,r_91_87_100,0.98,0,100,100,36
17,r_144_66_4,r_142_43_145,r_84_123_115,r_144_66_4,0.66,109,113,4,36
5,r_60_77_56,seq58,seq73,r_60_77_56,0.96,1,57,56,36
96,seq116,seq58,r_140_148_122,r_140_148_122,1.0,0,122,122,36
22,r_24_134_137,r_44_69_173,r_9_128_141,r_24_134_137,0.97,0,137,137,36
49,r_143_32_153,seq19,r_103_152_178,r_143_32_153,0.83,3,156,153,36
4,r_78_153_45,seq47,seq115,r_78_153_45,1.0,0,45,45,36
7,r_72_59_140,r_11_1_60,seq8,r_11_1_60,0.85,13,73,60,36
23,r_26_88_169,seq40,seq92,r_26_88_169,0.72,0,169,169,36
35,r_62_51_180,seq122,r_93_20_25,r_62_51_180,0.7,1,181,180,36
55,r_12_125_20,seq92,seq85,r_12_125_20,1.0,0,20,20,36
29,r_93_20_25,r_75_95_86,r_79_28_53,r_93_20_25,0.89,43,68,25,36
29,r_93_20_25,r_83_114_185,r_75_95_86,r_93_20_25,0.72,0,25,25,36
10,r_132_105_104,r_9_128_141,seq7,r_132_105_104,0.44,58,162,104,36
84,seq74,r_96_52_183,r_72_59_140,r_72_59_140,0.56,43,183,140,36
93,seq102,r_134_152_133,r_112_150_147,r_134_152_133,1.0,0,133,133,37
51,r_134_152_133,seq102,r_37_140_47,r_134_152_133,0.93,0,133,133,37
36,r_64_110_126,seq43,r_73_121_27,r_64_110_126,0.57,3,129,126,37
53,r_159_147_145,r_69_48_179,r_73_121_27,r_73_121_27,1.0,82,109,27,37
53,r_159_147_145,r_73_121_27,r_154_98_9,r_159_147_145,0.99,0,145,145,37
97,seq116,r_1_91_58,r_122_90_53,r_1_91_58,0.52,106,164,58,37
54,r_135_97_160,seq0,seq42,r_135_97_160,0.59,0,160,160,37
37,r_124_40_175,seq70,r_4_139_173,r_4_139_173,0.89,2,175,173,37
59,r_119_31_99,seq131,r_78_2_7,r_119_31_99,1.0,0,99,99,37
26,r_37_140_47,seq128,seq63,r_37_140_47,1.0,0,47,47,37
21,r_55_18_43,r_4_139_173,seq131,r_55_18_43,1.0,0,43,43,37
55,r_112_150_147,r_67_8_149,seq133,r_67_8_149,0.99,0,149,149,37
71,seq155,seq63,r_129_47_132,r_129_47_132,0.72,9,141,132,37
39,r_21_32_176,r_4_139_173,r_93_60_15,r_93_60_15,0.93,116,131,15,37
25,r_25_22_40,seq36,seq39,r_25_22_40,1.0,0,40,40,37
97,seq116,r_53_95_112,r_1_91_58,r_53_95_112,0.94,0,112,112,37
42,r_99_153_135,seq63,seq136,r_99_153_135,0.98,0,135,135,37
24,r_83_109_16,r_33_125_61,seq36,r_83_109_16,0.88,-5,11,16,37
7,r_78_2_7,seq138,r_144_143_101,r_144_143_101,1.0,1,102,101,37
57,r_145_82_13,r_4_139_173,r_3_149_5,r_145_82_13,1.0,0,13,13,37
45,r_26_141_86,seq133,r_80_61_56,r_26_141_86,0.98,0,86,86,37
30,r_117_14_45,r_64_110_126,seq100,r_117_14_45,1.0,0,45,45,37
41,r_77_120_198,seq131,r_85_44_38,r_85_44_38,1.0,29,67,38,37
89,seq70,r_124_40_175,seq58,r_124_40_175,0.74,0,175,175,37
3,r_69_48_179,seq5,r_130_57_26,r_69_48_179,0.46,0,179,179,37
11,r_62_71_195,r_96_19_14,r_146_87_158,r_146_87_158,0.93,6,164,158,37
72,seq28,r_77_120_198,r_53_95_112,r_53_95_112,1.0,4,116,112,37
4,r_132_86_168,r_124_40_175,r_134_152_133,r_134_152_133,0.54,36,169,133,37
78,seq39,seq20,r_25_22_40,r_25_22_40,1.0,57,97,40,37
0,r_156_151_64,r_101_13_93,seq137,r_156_151_64,1.0,0,64,64,37
63,seq5,r_69_48_179,r_73_121_27,r_73_121_27,0.99,152,179,27,37
73,seq157,r_16_76_181,r_73_121_27,r_73_121_27,1.0,154,181,27,37
11,r_62_71_195,r_89_114_137,r_96_19_14,r_96_19_14,0.64,124,138,14,37
20,r_67_8_149,r_112_150_147,seq100,r_67_8_149,0.68,0,149,149,37
13,r_73_121_27,r_159_147_145,r_64_110_126,r_73_121_27,0.69,118,145,27,37
6,r_101_13_93,r_134_152_133,seq148,r_134_152_133,1.0,-34,99,133,37
39,r_21_32_176,r_93_60_15,r_1_91_58,r_93_60_15,0.76,161,176,15,37
99,seq123,r_108_29_131,r_33_125_61,r_33_125_61,0.93,16,77,61,37
5,r_4_139_173,r_93_60_15,r_101_13_93,r_4_139_173,0.58,0,173,173,37
52,r_81_11_46,r_99_153_135,seq38,r_99_153_135,0.67,-82,53,135,37
27,r_158_54_153,seq115,seq100,r_158_54_153,0.38,0,153,153,37
56,r_122_90_53,r_52_118_142,seq157,r_122_90_53,1.0,0,53,53,37
48,r_1_91_58,r_92_107_91,seq43,r_92_107_91,0.61,-33,58,91,37
2,r_89_114_137,r_62_71_195,r_3_149_5,r_89_114_137,1.0,1,138,137,37
47,r_12_66_163,r_16_76_181,r_67_8_149,r_67_8_149,0.75,14,163,149,37
40,r_24_6_1,r_129_47_132,r_26_141_86,r_26_141_86,1.0,46,132,86,37
18,r_92_107_91,seq17,r_52_118_142,r_92_107_91,1.0,0,91,91,37
33,r_104_45_107,r_74_111_87,seq20,r_104_45_107,1.0,1,108,107,37
19,r_80_61_56,seq115,r_129_47_132,r_80_61_56,1.0,0,56,56,37
50,r_142_30_66,seq131,seq105,r_142_30_66,0.97,1,67,66,37
58,r_88_103_92,r_135_97_160,seq133,r_88_103_92,0.99,0,92,92,37
92,seq100,seq20,r_117_14_45,r_117_14_45,1.0,5,50,45,37
68,seq17,r_92_107_91,r_68_27_6,r_92_107_91,1.0,0,91,91,37
38,r_16_76_181,seq157,r_88_103_92,r_88_103_92,1.0,89,181,92,37
34,r_53_95_112,seq116,seq28,r_53_95_112,0.98,0,112,112,37
8,r_130_57_26,r_74_111_87,seq131,r_130_57_26,1.0,0,26,26,37
10,r_85_44_38,seq116,r_77_120_198,r_85_44_38,1.0,0,38,38,37
13,r_73_121_27,r_84_35_80,r_159_147_145,r_73_121_27,1.0,0,27,27,37
9,r_144_143_101,seq136,r_78_2_7,r_144_143_101,1.0,0,101,101,37
96,seq115,r_158_54_153,seq50,r_158_54_153,0.72,0,153,153,37
32,r_126_127_29,r_53_95_112,r_83_109_16,r_126_127_29,0.52,1,30,29,37
17,r_93_60_15,r_73_121_27,r_4_139_173,r_93_60_15,1.0,0,15,15,37
22,r_46_79_67,r_12_66_163,seq38,r_46_79_67,1.0,0,67,67,37
29,r_51_7_24,r_73_121_27,r_52_118_142,r_51_7_24,0.99,0,24,24,37
49,r_146_87_158,r_74_111_87,r_62_71_195,r_146_87_158,0.8,0,158,158,37
23,r_108_29_131,seq123,r_83_109_16,r_108_29_131,0.91,0,131,131,37
19,r_80_61_56,r_129_47_132,r_26_141_86,r_26_141_86,0.8,21,107,86,37
17,r_93_60_15,r_4_139_173,r_78_2_7,r_4_139_173,0.67,1,174,173,37
82,seq49,seq148,r_112_150_147,r_112_150_147,0.56,18,165,147,37
35,r_129_47_132,r_24_6_1,seq155,r_129_47_132,0.6,8,140,132,37
5,r_4_139_173,r_55_18_43,r_93_60_15,r_4_139_173,1.0,-158,15,173,37
30,r_16_51_19,r_94_156_140,r_70_57_136,r_16_51_19,0.74,121,140,19,38
51,r_107_133_120,r_91_116_146,r_143_121_100,r_143_121_100,0.99,20,120,100,38
36,r_158_79_118,seq150,r_112_37_74,r_158_79_118,0.9,1,119,118,38
14,r_21_4_68,r_148_27_184,r_136_48_10,r_21_4_68,0.81,0,68,68,38
53,r_0_58_166,seq52,seq12,r_0_58_166,0.4,1,167,166,38
54,r_120_61_119,r_134_31_185,r_148_27_184,r_120_61_119,0.86,9,128,119,38
83,seq64,r_9_63_115,seq131,r_9_63_115,0.86,8,123,115,38
33,r_148_27_184,r_101_44_59,r_5_153_1,r_101_44_59,0.91,-3,56,59,38
37,r_143_121_100,r_93_90_110,r_123_14_73,r_143_121_100,0.83,0,100,100,38
3,r_23_151_178,r_100_19_56,r_101_44_59,r_23_151_178,0.54,2,180,178,38
31,r_25_132_42,r_0_58_166,r_134_31_185,r_25_132_42,0.72,-2,40,42,38
59,r_130_147_182,seq8,r_114_26_33,r_130_147_182,0.54,0,182,182,38
19,r_134_31_185,r_25_132_42,seq150,r_134_31_185,0.95,3,188,185,38
16,r_40_11_94,seq62,r_137_65_11,r_40_11_94,1.0,0,94,94,38
39,r_112_37_74,r_56_41_98,r_77_125_21,r_112_37_74,0.79,0,74,74,38
26,r_100_19_56,seq2,r_23_151_178,r_100_19_56,0.76,-6,50,56,38
1,r_42_6_177,seq131,r_143_121_100,r_143_121_100,0.85,79,179,100,38
46,r_71_39_186,r_75_157_82,seq28,r_75_157_82,0.75,106,188,82,38
42,r_47_138_90,seq78,r_69_10_80,r_47_138_90,0.99,0,90,90,38
41,r_24_85_16,r_84_82_128,seq78,r_24_85_16,0.73,-2,14,16,38
32,r_75_157_82,r_71_39_186,r_15_119_109,r_75_157_82,0.85,104,186,82,38
69,seq150,r_158_79_118,seq8,r_158_79_118,0.62,1,119,118,38
28,r_69_10_80,r_155_102_164,r_47_138_90,r_69_10_80,0.54,19,99,80,38
19,r_134_31_185,r_120_61_119,r_25_132_42,r_120_61_119,0.65,9,128,119,38
33,r_148_27_184,r_5_153_1,r_120_61_119,r_120_61_119,0.99,0,119,119,38
45,r_86_109_141,r_77_125_21,r_1_17_13,r_86_109_141,0.94,-128,13,141,38
76,seq35,r_46_99_163,r_110_149_86,r_110_149_86,1.0,6,92,86,38
67,seq144,r_93_90_110,seq68,r_93_90_110,0.99,0,110,110,38
10,r_93_90_110,seq144,seq104,r_93_90_110,1.0,0,110,110,38
4,r_43_3_65,seq74,seq8,r_43_3_65,1.0,0,65,65,38
63,seq8,r_130_147_182,r_101_44_59,r_101_44_59,1.0,123,182,59,38
11,r_33_73_159,seq30,seq8,r_33_73_159,0.6,0,159,159,38
5,r_34_80_54,r_75_157_82,r_25_132_42,r_34_80_54,1.0,0,54,54,38
20,r_155_102_164,seq49,r_69_10_80,r_69_10_80,0.86,-1,79,80,38
13,r_56_41_98,seq30,r_76_55_6,r_56_41_98,0.98,-2,96,98,38
15,r_15_119_109,r_94_156_140,r_75_157_82,r_15_119_109,0.94,0,109,109,38
0,r_101_44_59,r_148_27_184,r_76_55_6,r_101_44_59,1.0,-3,56,59,38
50,r_1_17_13,seq146,r_86_109_141,r_1_17_13,0.97,0,13,13,38
44,r_81_13_192,r_118_20_179,r_76_55_6,r_81_13_192,0.56,-160,32,192,38
38,r_77_125_21,seq12,seq89,r_77_125_21,0.97,-1,20,21,38
22,r_94_156_140,r_16_51_19,r_45_152_40,r_94_156_140,0.92,0,140,140,38
2,r_54_141_114,seq154,r_69_10_80,r_54_141_114,0.75,0,114,114,38
47,r_9_63_115,seq64,r_84_82_128,r_9_63_115,0.89,1,116,115,38
3,r_23_151_178,seq159,r_100_19_56,r_100_19_56,0.98,-3,53,56,38
40,r_140_122_148,seq78,r_100_19_56,r_140_122_148,0.67,0,148,148,38
74,seq159,r_23_151_178,r_140_122_148,r_140_122_148,0.74,-1,147,148,38
29,r_46_99_163,seq35,r_91_116_146,r_91_116_146,0.82,17,163,146,38
24,r_117_83_129,seq104,r_84_82_128,r_117_83_129,0.8,1,130,129,38
25,r_70_57_136,r_42_6_177,r_16_51_19,r_16_51_19,0.6,121,140,19,38
54,r_120_61_119,r_148_27_184,r_84_82_128,r_148_27_184,0.88,1,185,184,38
70,seq154,r_54_141_114,seq124,r_54_141_114,1.0,0,114,114,38
72,seq29,seq142,r_114_26_33,r_114_26_33,1.0,-5,28,33,38
20,r_155_102_164,r_69_10_80,seq7,r_69_10_80,0.82,84,164,80,38
32,r_75_157_82,r_81_13_192,r_71_39_186,r_75_157_82,1.0,0,82,82,38
22,r_94_156_140,r_15_119_109,r_16_51_19,r_94_156_140,0.58,-110,30,140,38
52,r_72_50_123,r_16_51_19,r_136_48_10,r_72_50_123,0.94,2,125,123,38
87,seq74,r_22_128_57,r_140_122_148,r_22_128_57,0.7,50,107,57,38
34,r_38_145_160,r_140_122_148,r_24_85_16,r_24_85_16,0.73,89,105,16,38
33,r_148_27_184,r_120_61_119,r_118_20_179,r_148_27_184,0.64,0,184,184,38
34,r_38_145_160,r_24_85_16,r_127_98_2,r_38_145_160,0.96,0,160,160,38
45,r_86_109_141,r_1_17_13,r_84_82_128,r_86_109_141,0.92,2,143,141,38
87,seq74,r_140_122_148,seq28,r_140_122_148,0.62,24,172,148,38
26,r_100_19_56,r_23_151_178,r_140_122_148,r_140_122_148,0.88,32,180,148,38
50,r_1_17_13,r_86_109_141,seq12,r_86_109_141,0.98,2,143,141,38
31,r_25_132_42,r_134_31_185,r_34_80_54,r_34_80_54,0.62,134,188,54,38
27,r_114_26_33,r_93_90_110,seq29,r_114_26_33,0.68,-5,28,33,38
28,r_69_10_80,r_148_27_184,r_155_102_164,r_69_10_80,0.67,1,81,80,38
49,r_110_149_86,seq142,seq35,r_110_149_86,0.99,0,86,86,38
56,r_118_20_179,r_81_13_192,r_38_145_160,r_118_20_179,0.54,1,180,179,38
23,r_36_95_180,seq88,r_91_116_146,r_91_116_146,0.87,35,181,146,38
8,r_136_48_10,r_117_83_129,seq146,r_136_48_10,0.84,2,12,10,38
82,seq62,r_40_11_94,r_24_85_16,r_40_11_94,0.68,-24,70,94,38
6,r_22_128_57,seq154,r_5_153_1,r_22_128_57,1.0,0,57,57,38
35,r_108_92_149,r_36_95_180,seq154,r_108_92_149,0.5,1,150,149,38
12,r_97_126_121,seq60,r_5_153_1,r_97_126_121,0.55,1,122,121,38
58,r_45_152_40,r_127_98_2,seq139,r_45_152_40,1.0,0,40,40,38
93,seq111,seq26,r_27_133_135,r_27_133_135,1.0,14,149,135,39
30,r_85_7_177,seq29,seq96,r_85_7_177,0.57,0,177,177,39
36,r_102_25_102,seq71,r_46_98_43,r_102_25_102,0.67,0,102,102,39
25,r_16_89_48,r_20_105_51,r_73_159_39,r_16_89_48,0.98,0,48,48,39
8,r_154_22_2,r_49_149_167,r_81_147_88,r_81_147_88,1.0,79,167,88,39
43,r_92_41_69,r_102_25_102,r_63_145_4,r_92_41_69,0.9,5,74,69,39
55,r_157_153_65,r_69_1_113,seq142,r_157_153_65,1.0,0,65,65,39
42,r_14_30_194,seq93,r_94_120_124,r_94_120_124,0.98,2,126,124,39
45,r_125_151_151,r_94_120_124,r_118_12_70,r_125_151_151,0.9,-27,124,151,39
31,r_34_139_160,r_54_45_77,r_65_10_38,r_34_139_160,0.99,-108,52,160,39
19,r_33_36_104,r_27_133_135,seq32,r_33_36_104,0.88,-1,103,104,39
11,r_77_136_6,r_88_131_87,r_138_155_66,r_77_136_6,0.99,83,89,6,39
24,r_110_158_146,r_138_155_66,seq140,r_110_158_146,0.78,5,151,146,39
27,r_73_159_39,r_107_150_179,seq29,r_107_150_179,0.84,-43,136,179,39
66,seq140,r_107_150_179,r_126_44_45,r_126_44_45,0.79,70,115,45,39
20,r_46_98_43,r_141_104_17,seq96,r_46_98_43,0.61,-27,16,43,39
10,r_94_120_124,r_125_151_151,r_14_30_194,r_94_120_124,0.79,0,124,124,39
9,r_141_104_17,r_46_98_43,seq71,r_141_104_17,0.72,-1,16,17,39
90,seq101,r_99_24_61,seq62,r_99_24_61,1.0,0,61,61,39
40,r_57_4_44,r_157_153_65,r_58_31_8,r_58_31_8,0.69,37,45,8,39
26,r_59_143_75,r_94_120_124,seq51,r_59_143_75,1.0,1,76,75,39
6,r_81_147_88,r_157_153_65,r_154_22_2,r_81_147_88,0.97,4,92,88,39
4,r_60_28_92,seq3,r_15_18_50,r_15_18_50,1.0,47,97,50,39
73,seq29,r_85_7_177,r_73_159_39,r_73_159_39,0.92,104,143,39,39
98,seq119,r_55_127_187,r_46_98_43,r_46_98_43,1.0,123,166,43,39
59,r_156_112_36,seq140,r_86_5_52,r_86_5_52,1.0,12,64,52,39
39,r_6_37_12,r_20_105_51,r_99_24_61,r_6_37_12,0.67,49,61,12,39
15,r_99_24_61,seq101,r_6_37_12,r_99_24_61,0.98,0,61,61,39
54,r_35_17_18,r_97_8_57,r_146_103_26,r_35_17_18,0.99,9,27,18,39
48,r_78_109_129,r_107_150_179,r_92_41_69,r_107_150_179,0.57,-50,129,179,39
6,r_81_147_88,r_118_12_70,r_157_153_65,r_157_153_65,0.64,9,74,65,39
85,seq80,r_60_28_92,r_54_45_77,r_54_45_77,1.0,1,78,77,39
1,r_126_44_45,r_40_43_182,seq140,r_126_44_45,0.96,0,45,45,39
5,r_88_131_87,r_77_136_6,seq68,r_88_131_87,0.86,2,89,87,39
3,r_15_18_50,seq51,seq38,r_15_18_50,1.0,0,50,50,39
16,r_20_105_51,r_16_89_48,seq68,r_20_105_51,0.96,-1,50,51,39
47,r_55_127_187,seq119,r_126_44_45,r_126_44_45,1.0,144,189,45,39
18,r_63_145_4,seq11,r_92_41_69,r_92_41_69,1.0,5,74,69,39
24,r_110_158_146,r_88_131_87,r_138_155_66,r_138_155_66,0.55,26,92,66,39
33,r_69_1_113,seq68,r_15_18_50,r_69_1_113,1.0,1,114,113,39
59,r_156_112_36,r_60_28_92,seq140,r_156_112_36,0.87,0,36,36,39
58,r_53_61_11,r_126_44_45,seq95,r_53_61_11,0.78,0,11,11,39
32,r_56_84_155,r_55_127_187,r_154_22_2,r_56_84_155,0.75,0,155,155,39
38,r_27_133_135,seq75,seq111,r_27_133_135,0.98,3,138,135,39
52,r_138_155_66,r_107_150_179,r_77_136_6,r_138_155_66,1.0,1,67,66,39
75,seq38,r_74_67_123,r_15_18_50,r_15_18_50,0.56,74,124,50,39
0,r_65_10_38,r_88_131_87,r_34_139_160,r_65_10_38,1.0,0,38,38,39
45,r_125_151_151,r_118_12_70,r_63_145_4,r_125_151_151,0.78,3,154,151,39
17,r_134_21_59,r_107_150_179,r_141_104_17,r_134_21_59,0.99,2,61,59,39
21,r_86_5_52,seq132,r_156_112_36,r_86_5_52,1.0,0,52,52,39
31,r_34_139_160,r_65_10_38,r_16_89_48,r_34_139_160,0.86,0,160,160,39
22,r_49_149_167,r_154_22_2,r_83_123_84,r_49_149_167,0.31,0,167,167,39
49,r_118_12_70,r_81_147_88,r_125_151_151,r_81_147_88,0.93,-14,74,88,39
13,r_97_8_57,r_69_1_113,seq130,r_97_8_57,0.96,0,57,57,39
39,r_6_37_12,r_83_123_84,r_20_105_51,r_83_123_84,0.65,-58,26,84,39
56,r_0_52_162,seq75,r_50_76_72,r_50_76_72,1.0,98,170,72,39
44,r_54_45_77,r_34_139_160,seq80,r_54_45_77,1.0,0,77,77,39
27,r_73_159_39,r_19_91_186,r_107_150_179,r_73_159_39,0.96,2,41,39,39
35,r_100_2_122,r_9_66_183,r_53_61_11,r_100_2_122,0.84,0,122,122,39
12,r_50_76_72,r_40_43_182,seq144,r_50_76_72,1.0,1,73,72,39
51,r_146_103_26,r_83_123_84,r_35_17_18,r_146_103_26,1.0,1,27,26,39
30,r_38_74_190,r_57_12_153,r_41_142_2,r_38_74_190,0.64,-37,153,190,40
9,r_24_81_15,r_60_135_76,r_103_159_12,r_60_135_76,0.54,0,76,76,40
36,r_14_77_49,r_67_92_8,r_10_61_85,r_10_61_85,1.0,0,85,85,40
8,r_118_113_169,r_17_134_171,r_7_18_72,r_118_113_169,0.39,0,169,169,40
43,r_46_80_77,r_13_111_42,seq1,r_46_80_77,0.75,2,79,77,40
54,r_97_63_86,seq35,seq58,r_97_63_86,1.0,0,86,86,40
83,seq70,r_143_108_47,seq130,r_143_108_47,0.82,48,95,47,40
59,r_157_40_128,seq56,r_117_136_117,r_117_136_117,1.0,12,129,117,40
71,seq27,r_152_100_189,r_146_28_96,r_146_28_96,1.0,59,155,96,40
26,r_60_135_76,r_26_50_104,r_24_81_15,r_24_81_15,0.98,1,16,15,40
21,r_101_121_125,r_152_100_189,r_97_63_86,r_101_121_125,0.65,0,125,125,40
39,r_96_88_92,r_41_142_2,seq37,r_96_88_92,0.51,0,92,92,40
25,r_105_51_30,r_10_61_85,seq73,r_10_61_85,0.87,-45,40,85,40
1,r_7_18_72,seq130,r_21_154_28,r_7_18_72,1.0,0,72,72,40
5,r_117_136_117,seq37,r_2_138_48,r_117_136_117,0.76,0,117,117,40
46,r_41_142_2,r_96_88_92,r_153_94_64,r_153_94_64,1.0,28,92,64,40
42,r_151_64_129,r_36_120_182,r_21_154_28,r_21_154_28,0.72,102,130,28,40
30,r_38_74_190,r_41_142_2,r_45_34_114,r_38_74_190,0.98,0,190,190,40
9,r_24_81_15,r_103_159_12,r_45_34_114,r_45_34_114,0.69,1,115,114,40
45,r_125_9_185,seq37,r_96_88_92,r_96_88_92,0.65,16,108,92,40
19,r_17_134_171,r_118_113_169,r_117_136_117,r_117_136_117,1.0,54,171,117,40
34,r_91_47_179,r_26_50_104,r_103_159_12,r_26_50_104,0.64,-77,27,104,40
74,seq35,r_124_122_78,r_158_68_97,r_158_68_97,0.97,0,97,97,40
7,r_86_110_27,r_125_9_185,r_95_66_75,r_86_110_27,0.88,52,79,27,40
41,r_146_28_96,seq1,seq27,r_146_28_96,1.0,0,96,96,40
67,seq141,r_149_85_176,r_7_18_72,r_7_18_72,1.0,104,176,72,40
3,r_36_120_182,seq52,r_153_94_64,r_153_94_64,0.91,118,182,64,40
9,r_24_81_15,r_117_136_117,r_60_135_76,r_24_81_15,0.98,1,16,15,40
48,r_150_107_55,r_143_108_47,seq11,r_150_107_55,1.0,0,55,55,40
36,r_14_77_49,r_101_121_125,r_67_92_8,r_14_77_49,0.96,0,49,49,40
14,r_67_92_8,r_17_134_171,r_106_156_168,r_106_156_168,0.51,3,171,168,40
4,r_158_68_97,seq11,seq35,r_158_68_97,1.0,0,97,97,40
0,r_54_137_74,seq130,seq8,r_54_137_74,1.0,0,74,74,40
38,r_143_108_47,r_150_107_55,seq72,r_150_107_55,1.0,0,55,55,40
73,seq32,r_75_132_7,r_89_104_36,r_89_104_36,0.98,28,64,36,40
11,r_144_84_133,seq44,seq56,r_144_84_133,1.0,0,133,133,40
13,r_95_66_75,seq102,r_86_110_27,r_86_110_27,0.91,52,79,27,40
57,r_23_69_73,r_125_9_185,r_103_159_12,r_23_69_73,1.0,0,73,73,40
6,r_10_61_85,r_157_40_128,r_14_77_49,r_10_61_85,0.97,0,85,85,40
2,r_103_159_12,r_91_47_179,r_23_69_73,r_23_69_73,1.0,106,179,73,40
16,r_5_147_46,seq58,seq37,r_5_147_46,1.0,0,46,46,40
72,seq31,r_129_112_5,r_30_62_21,r_30_62_21,0.96,-4,17,21,40
31,r_89_104_36,r_2_138_48,r_75_132_7,r_75_132_7,0.91,30,37,7,40
47,r_131_76_69,r_60_135_76,seq139,r_131_76_69,1.0,0,69,69,40
18,r_140_15_87,seq6,r_89_104_36,r_140_15_87,0.95,0,87,87,40
29,r_153_94_64,r_105_51_30,r_41_142_2,r_153_94_64,1.0,0,64,64,40
17,r_33_29_139,r_30_62_21,r_67_92_8,r_33_29_139,0.65,-122,17,139,40
7,r_86_110_27,seq3,r_125_9_185,r_86_110_27,0.97,1,28,27,40
34,r_91_47_179,r_103_159_12,r_149_85_176,r_91_47_179,0.14,0,179,179,40
33,r_26_50_104,r_91_47_179,seq3,r_26_50_104,0.95,0,104,104,40
50,r_152_100_189,seq27,r_33_29_139,r_33_29_139,0.88,49,188,139,40
49,r_30_62_21,r_33_29_139,seq31,r_30_62_21,0.77,-4,17,21,40
61,seq130,seq72,r_149_85_176,r_149_85_176,0.88,5,181,176,40
52,r_57_12_153,r_38_74_190,r_21_154_28,r_38_74_190,0.97,-37,153,190,40
77,seq44,r_144_84_133,seq43,r_144_84_133,1.0,0,133,133,40
96,seq115,r_2_138_48,seq55,r_2_138_48,1.0,0,48,48,40
2,r_103_159_12,r_36_120_182,r_91_47_179,r_103_159_12,0.82,0,12,12,40
75,seq37,r_117_136_117,r_96_88_92,r_117_136_117,0.99,0,117,117,40
32,r_2_138_48,seq115,seq123,r_2_138_48,0.99,0,48,48,40
38,r_143_108_47,seq72,seq87,r_143_108_47,0.52,58,105,47,40
45,r_125_9_185,r_96_88_92,r_21_154_28,r_96_88_92,0.74,93,185,92,40
81,seq58,r_119_59_158,r_97_63_86,r_97_63_86,1.0,15,101,86,40
26,r_60_135_76,r_24_81_15,seq52,r_60_135_76,1.0,0,76,76,40
53,r_75_132_7,r_10_61_85,r_89_104_36,r_89_104_36,0.66,-1,35,36,40
28,r_49_65_166,seq22,r_19_126_4,r_49_65_166,0.43,0,166,166,40
56,r_149_85_176,seq141,seq130,r_149_85_176,0.59,0,176,176,40
44,r_78_71_152,r_140_15_87,r_57_12_153,r_140_15_87,0.78,1,88,87,40
23,r_145_79_165,r_36_120_182,r_7_18_72,r_7_18_72,1.0,99,171,72,40
82,seq139,r_38_74_190,r_131_76_69,r_131_76_69,1.0,3,72,69,40
35,r_106_156_168,seq148,r_67_92_8,r_67_92_8,0.76,160,168,8,40
12,r_45_34_114,r_151_64_129,r_24_81_15,r_45_34_114,0.85,2,116,114,40
58,r_53_42_43,r_131_76_69,seq123,r_53_42_43,0.68,-3,40,43,40
93,seq146,r_115_16_109,r_65_135_41,r_65_135_41,1.0,75,116,41,41
30,r_106_11_102,seq117,r_28_92_186,r_106_11_102,0.87,0,102,102,41
51,r_28_92_186,r_56_5_101,r_106_11_102,r_28_92_186,1.0,-83,103,186,41
36,r_56_5_101,r_28_92_186,r_26_29_11,r_56_5_101,0.99,0,101,101,41
27,r_77_55_17,r_128_20_13,r_118_72_159,r_77_55_17,0.84,3,20,17,41
8,r_93_51_136,r_81_120_191,r_128_20_13,r_93_51_136,0.65,1,137,136,41
53,r_80_14_142,seq76,r_106_11_102,r_80_14_142,0.59,0,142,142,41
28,r_103_89_28,r_10_41_60,r_138_15_81,r_103_89_28,0.92,4,32,28,41
44,r_1_98_12,r_57_50_156,seq2,r_1_98_12,0.63,2,14,12,41
71,seq24,r_12_107_87,r_128_20_13,r_12_107_87,0.93,0,87,87,41
16,r_100_35_139,seq42,r_0_8_51,r_100_35_139,0.47,1,140,139,41
21,r_43_52_94,seq141,seq59,r_43_52_94,0.81,4,98,94,41
39,r_86_83_86,r_97_39_85,seq94,r_86_83_86,1.0,1,87,86,41
1,r_12_107_87,seq24,r_54_7_44,r_12_107_87,0.99,0,87,87,41
46,r_19_63_137,seq150,r_110_48_58,r_19_63_137,0.49,5,142,137,41
80,seq47,r_134_13_75,r_125_88_181,r_134_13_75,1.0,0,75,75,41
38,r_130_61_37,r_75_148_144,r_131_74_26,r_130_61_37,1.0,2,39,37,41
37,r_96_155_30,r_12_107_87,r_77_55_17,r_96_155_30,0.96,0,30,30,41
14,r_65_135_41,seq2,seq146,r_65_135_41,0.94,0,41,41,41
27,r_77_55_17,r_118_72_159,r_37_30_123,r_37_30_123,0.8,36,159,123,41
26,r_0_8_51,seq85,seq53,r_0_8_51,0.98,2,53,51,41
56,r_138_15_81,seq6,r_103_89_28,r_103_89_28,0.99,0,28,28,41
41,r_118_72_159,r_147_70_73,r_77_55_17,r_147_70_73,1.0,0,73,73,41
67,seq17,r_68_91_171,r_111_33_4,r_68_91_171,0.91,0,171,171,41
89,seq94,seq18,r_86_83_86,r_86_83_86,1.0,5,91,86,41
3,r_105_140_106,r_127_4_176,seq150,r_105_140_106,0.96,0,106,106,41
87,seq85,r_0_8_51,seq126,r_0_8_51,0.87,2,53,51,41
90,seq102,r_118_72_159,r_138_15_81,r_138_15_81,0.94,9,90,81,41
42,r_156_60_56,r_97_39_85,seq6,r_156_60_56,1.0,0,56,56,41
4,r_75_148_144,seq154,r_106_11_102,r_75_148_144,0.97,0,144,144,41
78,seq42,r_100_35_139,seq150,r_100_35_139,1.0,-6,133,139,41
99,seq126,r_147_70_73,r_21_9_150,r_21_9_150,0.97,1,151,150,41
20,r_136_36_146,seq59,r_86_83_86,r_86_83_86,0.93,60,146,86,41
15,r_23_64_103,seq22,seq117,r_23_64_103,0.77,0,103,103,41
6,r_67_69_72,r_56_5_101,r_26_29_11,r_26_29_11,1.0,60,71,11,41
85,seq152,r_10_41_60,r_26_29_11,r_10_41_60,1.0,0,60,60,41
19,r_137_82_49,r_134_13_75,seq158,r_137_82_49,1.0,0,49,49,41
99,seq126,seq85,r_147_70_73,r_147_70_73,1.0,8,81,73,41
87,seq85,seq126,r_97_39_85,r_97_39_85,1.0,6,91,85,41
73,seq154,seq102,r_110_48_58,r_110_48_58,0.98,20,78,58,41
5,r_46_99_53,r_23_64_103,seq158,r_46_99_53,0.99,0,53,53,41
30,r_106_11_102,r_28_92_186,r_75_148_144,r_106_11_102,0.93,68,170,102,41
51,r_28_92_186,r_106_11_102,r_95_58_180,r_106_11_102,0.82,84,186,102,41
48,r_110_48_58,r_43_52_94,seq154,r_110_48_58,1.0,0,58,58,41
2,r_109_27_188,seq158,r_71_38_22,r_109_27_188,0.24,1,189,188,41
41,r_118_72_159,r_77_55_17,r_46_99_53,r_118_72_159,0.97,0,159,159,41
47,r_54_7_44,r_43_52_94,r_12_107_87,r_54_7_44,0.96,43,87,44,41
59,r_131_74_26,r_123_101_141,r_130_61_37,r_123_101_141,0.99,-12,129,141,41
74,seq157,seq22,r_122_119_124,r_122_119_124,0.88,6,130,124,41
29,r_97_39_85,r_86_83_86,seq85,r_97_39_85,1.0,0,85,85,41
24,r_10_41_60,seq152,r_93_51_136,r_10_41_60,1.0,0,60,60,41
25,r_134_13_75,seq47,seq113,r_134_13_75,0.99,0,75,75,41
50,r_121_3_92,r_105_140_106,r_156_60_56,r_121_3_92,1.0,0,92,92,41
32,r_37_30_123,seq113,r_77_55_17,r_37_30_123,0.55,0,123,123,41
52,r_66_78_66,seq94,seq25,r_66_78_66,1.0,2,68,66,41
56,r_138_15_81,r_103_89_28,r_77_55_17,r_138_15_81,1.0,0,81,81,41
34,r_127_4_176,seq132,r_156_60_56,r_156_60_56,0.68,122,178,56,41
59,r_131_74_26,r_68_91_171,r_123_101_141,r_131_74_26,1.0,1,27,26,41
17,r_84_45_167,seq158,r_105_140_106,r_84_45_167,0.55,0,167,167,41
43,r_32_129_31,r_93_51_136,seq22,r_32_129_31,0.98,4,35,31,41
0,r_71_38_22,r_95_58_180,seq141,r_71_38_22,0.9,-1,21,22,41
9,r_147_70_73,r_118_72_159,seq126,r_147_70_73,1.0,0,73,73,41
96,seq116,r_28_92_186,r_106_11_102,r_106_11_102,0.86,13,115,102,41
22,r_128_20_13,r_43_52_94,seq24,r_128_20_13,0.99,0,13,13,41
49,r_21_9_150,seq116,seq126,r_21_9_150,0.66,0,150,150,41
60,seq2,r_65_135_41,r_1_98_12,r_65_135_41,1.0,0,41,41,41
28,r_103_89_28,r_138_15_81,r_156_60_56,r_103_89_28,0.53,51,79,28,41
12,r_122_119_124,seq53,seq157,r_122_119_124,0.91,0,124,124,41
30,r_133_97_120,seq121,r_111_13_12,r_133_97_120,0.7,0,120,120,42
53,r_63_93_152,r_106_75_40,r_105_62_22,r_63_93_152,0.91,-123,29,152,42
59,r_101_118_196,r_134_81_16,seq35,r_134_81_16,0.65,1,17,16,42
26,r_82_155_52,r_53_124_111,seq19,r_53_124_111,0.89,-66,45,111,42
51,r_151_73_38,r_158_57_58,r_108_37_11,r_151_73_38,0.95,-1,37,38,42
37,r_77_115_129,r_49_24_127,r_133_97_120,r_77_115_129,0.72,-2,127,129,42
36,r_108_37_11,seq142,r_12_117_79,r_108_37_11,0.99,0,11,11,42
16,r_136_70_19,r_5_87_155,seq0,r_136_70_19,1.0,0,19,19,42
39,r_69_46_75,r_29_114_9,r_103_1_1,r_69_46_75,1.0,0,75,75,42
1,r_11_120_69,r_42_67_138,r_108_37_11,r_108_37_11,0.85,50,61,11,42
5,r_90_92_184,r_20_30_125,r_156_126_169,r_90_92_184,0.69,-53,131,184,42
46,r_59_14_178,r_28_137_188,r_53_124_111,r_59_14_178,0.59,0,178,178,42
42,r_52_41_98,seq146,seq142,r_52_41_98,1.0,0,98,98,42
45,r_23_95_88,seq84,r_102_112_194,r_23_95_88,1.0,0,88,88,42
43,r_55_113_149,r_150_96_114,seq58,r_150_96_114,1.0,-73,41,114,42
33,r_53_124_111,seq3,seq135,r_53_124_111,1.0,0,111,111,42
95,seq144,r_138_61_190,r_102_112_194,r_138_61_190,0.3,0,190,190,42
31,r_18_50_162,seq83,seq144,r_18_50_162,0.61,0,162,162,42
41,r_156_126_169,r_103_1_1,r_90_92_184,r_156_126_169,0.46,2,171,169,42
50,r_98_141_49,r_68_32_74,seq121,r_68_32_74,0.64,-31,43,74,42
3,r_127_107_94,r_27_89_158,r_136_70_19,r_127_107_94,0.99,0,94,94,42
10,r_28_137_188,r_59_14_178,r_102_112_194,r_28_137_188,0.59,-10,178,188,42
8,r_29_114_9,r_69_46_75,r_143_21_199,r_69_46_75,0.6,0,75,75,42
78,seq36,r_130_110_83,r_42_67_138,r_130_110_83,0.97,1,84,83,42
0,r_5_87_155,r_156_126_169,r_133_97_120,r_5_87_155,0.64,0,155,155,42
15,r_106_75_40,r_63_93_152,r_128_119_193,r_106_75_40,1.0,0,40,40,42
11,r_71_99_119,seq4,r_129_10_164,r_71_99_119,1.0,0,119,119,42
20,r_150_96_114,r_55_113_149,r_103_1_1,r_150_96_114,0.94,0,114,114,42
13,r_130_110_83,seq36,r_82_155_52,r_130_110_83,1.0,0,83,83,42
33,r_53_124_111,r_82_155_52,seq3,r_53_124_111,0.75,-72,39,111,42
48,r_79_94_160,seq146,seq60,r_79_94_160,0.85,0,160,160,42
6,r_138_61_190,seq144,r_122_65_56,r_122_65_56,0.67,134,190,56,42
10,r_28_137_188,r_102_112_194,r_122_65_56,r_28_137_188,0.58,0,188,188,42
36,r_108_37_11,r_12_117_79,r_11_120_69,r_12_117_79,0.99,0,79,79,42
27,r_20_30_125,r_90_92_184,r_133_97_120,r_20_30_125,0.97,6,131,125,42
53,r_63_93_152,r_105_62_22,r_133_97_120,r_105_62_22,0.99,131,153,22,42
14,r_139_86_197,r_143_21_199,r_55_113_149,r_143_21_199,0.52,-157,42,199,42
51,r_151_73_38,r_108_37_11,r_116_154_122,r_116_154_122,1.0,16,138,122,42
64,seq6,seq60,r_54_148_48,r_54_148_48,1.0,-1,47,48,42
35,r_111_13_12,seq2,seq146,r_111_13_12,0.98,0,12,12,42
2,r_48_56_142,seq78,r_42_67_138,r_48_56_142,0.73,0,142,142,42
28,r_12_117_79,r_11_120_69,r_108_37_11,r_108_37_11,1.0,0,11,11,42
18,r_8_145_182,seq17,seq72,r_8_145_182,0.54,0,182,182,42
29,r_68_32_74,r_26_140_4,r_136_70_19,r_68_32_74,1.0,0,74,74,42
17,r_134_81_16,r_101_118_196,seq6,r_134_81_16,0.74,1,17,16,42
25,r_102_112_194,r_28_137_188,r_23_95_88,r_23_95_88,1.0,26,114,88,42
54,r_104_152_42,seq132,seq149,r_104_152_42,0.94,0,42,42,42
57,r_105_62_22,seq6,r_63_93_152,r_105_62_22,0.96,1,23,22,42
61,seq2,r_143_21_199,seq45,r_143_21_199,0.37,-27,172,199,42
32,r_44_47_173,seq33,r_26_140_4,r_26_140_4,0.57,176,180,4,42
38,r_25_39_117,seq45,r_12_117_79,r_12_117_79,0.93,43,122,79,42
57,r_105_62_22,r_63_93_152,seq159,r_63_93_152,0.66,1,153,152,42
34,r_27_89_158,r_127_107_94,r_147_85_112,r_27_89_158,1.0,-55,103,158,42
5,r_90_92_184,r_156_126_169,r_11_120_69,r_90_92_184,0.93,1,185,184,42
69,seq146,r_11_120_69,r_111_13_12,r_111_13_12,0.79,17,29,12,42
75,seq33,r_44_47_173,r_49_24_127,r_49_24_127,0.97,51,178,127,42
8,r_29_114_9,r_143_21_199,r_105_62_22,r_29_114_9,0.55,117,126,9,42
28,r_12_117_79,r_108_37_11,seq16,r_12_117_79,1.0,0,79,79,42
21,r_54_148_48,r_138_61_190,seq6,r_54_148_48,0.88,1,49,48,42
22,r_147_85_112,seq159,r_52_41_98,r_147_85_112,0.96,2,114,112,42
49,r_64_31_167,seq38,r_27_89_158,r_27_89_158,0.67,12,170,158,42
56,r_51_43_82,r_49_24_127,seq159,r_51_43_82,0.79,2,84,82,42
7,r_49_24_127,r_8_145_182,r_104_152_42,r_8_145_182,0.99,-55,127,182,42
23,r_26_140_4,r_68_32_74,seq58,r_68_32_74,1.0,-5,69,74,42
22,r_147_85_112,r_52_41_98,r_27_89_158,r_27_89_158,1.0,4,162,158,42
82,seq45,r_25_39_117,seq2,r_25_39_117,0.97,5,122,117,42
4,r_122_65_56,r_127_107_94,seq123,r_122_65_56,1.0,0,56,56,42
37,r_97_159_44,r_93_22_59,seq96,r_93_22_59,0.48,-12,47,59,43
20,r_17_31_35,r_28_61_110,r_59_55_193,r_17_31_35,1.0,0,35,35,43
51,r_124_52_182,r_109_33_126,r_76_98_96,r_76_98_96,0.51,32,128,96,43
36,r_100_102_121,r_16_36_145,seq47,r_100_102_121,1.0,1,122,121,43
53,r_35_25_114,seq145,r_99_2_5,r_35_25_114,1.0,2,116,114,43
43,r_12_38_180,seq142,r_51_148_168,r_12_38_180,0.53,0,180,180,43
54,r_42_126_150,seq4,r_121_123_132,r_121_123_132,0.52,19,151,132,43
59,r_101_64_101,seq117,r_122_90_195,r_101_64_101,0.99,0,101,101,43
55,r_82_108_63,r_157_151_46,r_99_2_5,r_82_108_63,0.6,-1,62,63,43
21,r_81_84_183,r_62_120_156,r_137_114_17,r_81_84_183,0.57,0,183,183,43
39,r_122_90_195,r_87_104_191,r_101_64_101,r_101_64_101,1.0,31,132,101,43
1,r_107_72_136,r_51_148_168,seq86,r_107_72_136,0.98,0,136,136,43
5,r_76_98_96,seq6,seq34,r_76_98_96,0.99,0,96,96,43
46,r_53_14_84,seq34,seq21,r_53_14_84,1.0,0,84,84,43
42,r_109_33_126,r_124_52_182,seq41,r_109_33_126,0.95,0,126,126,43
80,seq45,r_49_40_131,r_48_75_129,r_49_40_131,0.83,2,133,131,43
19,r_92_91_79,seq21,r_155_5_19,r_92_91_79,0.88,1,80,79,43
16,r_116_3_38,r_59_55_193,r_157_151_46,r_116_3_38,1.0,0,38,38,43
31,r_19_27_163,r_81_84_183,seq24,r_19_27_163,0.74,0,163,163,43
41,r_62_120_156,r_81_84_183,r_113_68_104,r_81_84_183,0.51,0,183,183,43
58,r_88_80_25,r_12_38_180,seq34,r_88_80_25,1.0,-1,24,25,43
10,r_63_140_157,seq45,r_93_22_59,r_63_140_157,0.62,0,157,157,43
90,seq86,r_135_11_146,r_48_75_129,r_135_11_146,0.43,25,171,146,43
26,r_39_78_144,seq29,r_93_22_59,r_39_78_144,0.85,0,144,144,43
14,r_118_56_40,r_73_57_158,seq0,r_73_57_158,0.95,0,158,158,43
4,r_16_36_145,r_100_102_121,seq34,r_100_102_121,0.95,0,121,121,43
78,seq41,seq29,r_109_33_126,r_109_33_126,1.0,1,127,126,43
0,r_128_150_173,r_50_105_187,r_15_125_116,r_50_105_187,0.58,-14,173,187,43
13,r_121_123_132,seq65,seq154,r_121_123_132,0.9,1,133,132,43
15,r_85_79_184,r_157_151_46,r_146_143_61,r_146_143_61,1.0,124,185,61,43
48,r_158_129_80,seq154,seq110,r_158_129_80,1.0,0,80,80,43
7,r_66_70_48,r_113_68_104,seq142,r_66_70_48,1.0,0,48,48,43
57,r_18_133_153,seq4,seq6,r_18_133_153,0.9,1,154,153,43
6,r_146_143_61,r_42_126_150,seq110,r_146_143_61,1.0,0,61,61,43
62,seq4,r_42_126_150,seq58,r_42_126_150,0.99,1,151,150,43
50,r_15_125_116,r_101_64_101,r_128_150_173,r_15_125_116,0.55,59,175,116,43
2,r_48_75_129,r_131_132_20,seq45,r_48_75_129,0.64,-2,127,129,43
8,r_73_57_158,seq0,r_48_75_129,r_48_75_129,0.82,-113,16,129,43
27,r_138_23_95,seq134,seq117,r_138_23_95,1.0,1,96,95,43
14,r_118_56_40,seq58,r_73_57_158,r_118_56_40,1.0,2,42,40,43
30,r_99_2_5,seq30,r_35_25_114,r_35_25_114,1.0,8,122,114,43
51,r_124_52_182,r_76_98_96,seq6,r_124_52_182,0.97,0,182,182,43
22,r_51_148_168,seq24,r_139_106_118,r_51_148_168,0.67,1,169,168,43
34,r_155_5_19,r_146_143_61,r_12_38_180,r_155_5_19,0.9,0,19,19,43
40,r_44_141_83,seq24,seq145,r_44_141_83,1.0,1,84,83,43
18,r_50_105_187,r_128_150_173,r_107_72_136,r_107_72_136,0.69,37,173,136,43
29,r_139_106_118,seq1,seq13,r_139_106_118,0.83,1,119,118,43
24,r_49_40_131,seq45,r_37_20_102,r_49_40_131,0.89,5,136,131,43
34,r_155_5_19,r_12_38_180,r_92_91_79,r_92_91_79,1.0,5,84,79,43
25,r_32_112_143,r_113_68_104,r_146_143_61,r_32_112_143,0.83,0,143,143,43
17,r_59_55_193,r_116_3_38,r_17_31_35,r_59_55_193,1.0,-155,38,193,43
3,r_93_22_59,r_157_151_46,r_17_31_35,r_93_22_59,1.0,0,59,59,43
2,r_48_75_129,r_50_105_187,r_131_132_20,r_131_132_20,0.99,26,46,20,43
18,r_50_105_187,r_107_72_136,r_81_84_183,r_50_105_187,0.74,1,188,187,43
50,r_15_125_116,r_28_61_110,r_101_64_101,r_28_61_110,0.98,7,117,110,43
32,r_37_20_102,seq69,seq147,r_37_20_102,0.98,0,102,102,43
52,r_9_149_74,r_135_11_146,seq30,r_9_149_74,1.0,0,74,74,43
8,r_73_57_158,r_48_75_129,r_118_56_40,r_73_57_158,0.79,-106,52,158,43
8,r_73_57_158,r_118_56_40,r_101_64_101,r_118_56_40,0.93,119,159,40,43
75,seq30,r_144_127_196,r_9_149_74,r_9_149_74,1.0,115,189,74,43
81,seq47,seq1,r_100_102_121,r_100_102_121,1.0,10,131,121,43
9,r_157_151_46,r_83_153_189,r_28_61_110,r_28_61_110,1.0,6,116,110,43
56,r_131_132_20,r_122_90_195,seq134,r_131_132_20,1.0,0,20,20,43
22,r_51_148_168,r_107_72_136,seq24,r_107_72_136,0.91,-70,66,136,43
28,r_28_61_110,r_15_125_116,seq111,r_28_61_110,1.0,2,112,110,43
35,r_46_136_28,r_121_123_132,seq0,r_46_136_28,1.0,0,28,28,43
49,r_130_115_88,r_85_79_184,r_131_132_20,r_130_115_88,1.0,0,88,88,43
60,seq0,seq74,r_46_136_28,r_46_136_28,1.0,20,48,28,43
23,r_113_68_104,r_7_54_78,r_135_11_146,r_7_54_78,0.85,33,111,78,43
12,r_87_104_191,r_122_90_195,r_73_57_158,r_73_57_158,0.77,0,158,158,43
55,r_82_108_63,r_99_2_5,r_9_149_74,r_82_108_63,0.55,67,130,63,43
44,r_158_141_31,r_126_114_123,r_128_11_80,r_158_141_31,1.0,93,124,31,44
48,r_157_109_100,r_35_80_163,r_72_50_114,r_157_109_100,0.95,0,100,100,44
51,r_24_149_170,r_16_68_79,r_132_112_72,r_24_149_170,0.47,0,170,170,44
91,seq95,r_158_141_31,r_140_127_58,r_140_127_58,1.0,1,59,58,44
50,r_61_15_153,r_111_55_122,r_93_18_89,r_61_15_153,0.83,-108,45,153,44
12,r_73_98_56,r_99_56_112,r_135_64_178,r_73_98_56,1.0,1,57,56,44
36,r_69_82_75,seq47,r_106_142_28,r_69_82_75,1.0,-1,74,75,44
14,r_83_150_138,r_12_45_98,r_77_118_66,r_83_150_138,0.85,1,139,138,44
8,r_129_39_91,seq17,r_77_118_66,r_129_39_91,0.93,1,92,91,44
53,r_132_112_72,r_159_102_117,seq17,r_132_112_72,1.0,0,72,72,44
43,r_60_58_157,r_28_20_188,r_128_11_80,r_60_58_157,0.68,2,159,157,44
29,r_30_96_182,r_156_86_134,seq7,r_30_96_182,0.83,0,182,182,44
18,r_152_51_32,seq113,seq136,r_152_51_32,0.98,0,32,32,44
54,r_104_13_121,seq7,r_128_11_80,r_104_13_121,0.87,2,123,121,44
13,r_8_116_43,seq7,r_48_100_4,r_8_116_43,1.0,0,43,43,44
37,r_139_57_192,r_91_147_147,seq119,r_91_147_147,0.93,14,161,147,44
59,r_12_45_98,r_83_150_138,r_156_86_134,r_12_45_98,0.97,41,139,98,44
19,r_93_18_89,r_34_54_12,r_61_15_153,r_93_18_89,0.99,1,90,89,44
55,r_66_65_128,seq146,r_128_11_80,r_66_65_128,0.86,2,130,128,44
16,r_2_19_92,r_70_89_166,seq7,r_2_19_92,1.0,0,92,92,44
21,r_153_121_137,seq81,seq144,r_153_121_137,0.76,0,137,137,44
1,r_77_118_66,seq94,r_8_116_43,r_77_118_66,1.0,0,66,66,44
20,r_27_52_109,r_90_29_159,seq145,r_27_52_109,0.69,42,151,109,44
42,r_126_114_123,r_35_80_163,seq9,r_126_114_123,0.96,0,123,123,44
80,seq49,r_104_13_121,seq7,r_104_13_121,0.96,-9,112,121,44
45,r_5_148_63,r_83_150_138,seq22,r_5_148_63,0.96,0,63,63,44
78,seq43,r_25_154_193,r_75_84_36,r_75_84_36,1.0,8,44,36,44
19,r_93_18_89,r_61_15_153,r_40_4_143,r_93_18_89,0.9,64,153,89,44
41,r_34_54_12,r_153_121_137,seq88,r_34_54_12,0.65,-1,11,12,44
35,r_44_41_57,r_105_155_162,seq143,r_44_41_57,1.0,1,58,57,44
67,seq9,r_105_155_162,r_126_114_123,r_126_114_123,0.64,16,139,123,44
96,seq113,r_153_121_137,r_42_110_111,r_42_110_111,1.0,0,111,111,44
3,r_105_155_162,r_30_96_182,r_133_78_65,r_133_78_65,0.56,98,163,65,44
10,r_63_38_171,r_48_100_4,r_139_57_192,r_139_57_192,0.54,-15,177,192,44
19,r_93_18_89,r_106_142_28,r_34_54_12,r_106_142_28,0.76,-5,23,28,44
4,r_135_64_178,seq144,r_156_86_134,r_135_64_178,0.21,0,178,178,44
0,r_111_55_122,r_28_20_188,r_152_51_32,r_111_55_122,0.78,2,124,122,44
63,seq131,r_138_23_152,seq1,r_138_23_152,1.0,-5,147,152,44
73,seq22,r_156_86_134,r_5_148_63,r_5_148_63,0.6,6,69,63,44
20,r_27_52_109,seq134,r_90_29_159,r_27_52_109,0.93,0,109,109,44
15,r_115_97_184,seq67,r_99_56_112,r_115_97_184,0.4,0,184,184,44
48,r_157_109_100,r_123_46_83,r_35_80_163,r_123_46_83,0.95,0,83,83,44
57,r_133_78_65,r_25_154_193,r_128_11_80,r_133_78_65,1.0,4,69,65,44
12,r_73_98_56,r_135_64_178,r_153_121_137,r_73_98_56,0.63,122,178,56,44
5,r_120_151_13,r_115_97_184,r_28_20_188,r_115_97_184,0.4,0,184,184,44
2,r_21_103_16,r_40_4_143,seq67,r_40_4_143,0.87,-126,17,143,44
39,r_117_3_53,r_16_68_79,seq47,r_117_3_53,1.0,0,53,53,44
27,r_70_89_166,r_115_97_184,seq59,r_70_89_166,0.65,0,166,166,44
44,r_158_141_31,seq95,r_126_114_123,r_158_141_31,0.73,1,32,31,44
47,r_48_100_4,r_93_18_89,r_8_116_43,r_48_100_4,1.0,56,60,4,44
40,r_42_110_111,seq101,seq113,r_42_110_111,1.0,0,111,111,44
29,r_30_96_182,r_105_155_162,r_156_86_134,r_156_86_134,0.55,29,163,134,44
58,r_71_79_52,seq145,seq94,r_71_79_52,1.0,0,52,52,44
7,r_106_142_28,r_93_18_89,seq6,r_106_142_28,0.96,0,28,28,44
25,r_123_46_83,r_157_109_100,seq9,r_123_46_83,0.97,0,83,83,44
33,r_137_62_73,seq145,seq0,r_137_62_73,1.0,2,75,73,44
70,seq144,r_40_4_143,r_153_121_137,r_40_4_143,0.85,1,144,143,44
38,r_16_68_79,r_24_149_170,r_120_151_13,r_16_68_79,0.74,85,164,79,44
52,r_91_147_147,r_139_57_192,r_77_118_66,r_77_118_66,0.86,81,147,66,44
5,r_120_151_13,r_27_52_109,r_115_97_184,r_120_151_13,0.85,0,13,13,44
34,r_156_86_134,seq22,r_12_45_98,r_156_86_134,0.91,1,135,134,44
24,r_75_84_36,r_32_10_194,seq43,r_75_84_36,1.0,1,37,36,44
60,seq0,r_28_20_188,r_137_62_73,r_137_62_73,1.0,115,188,73,44
17,r_35_80_163,r_157_109_100,r_128_11_80,r_35_80_163,0.98,-75,88,163,44
9,r_28_20_188,seq0,r_120_151_13,r_120_151_13,0.54,175,188,13,44
50,r_61_15_153,r_93_18_89,r_117_3_53,r_117_3_53,0.36,100,153,53,44
93,seq145,r_71_79_52,seq33,r_71_79_52,0.94,-29,23,52,44
22,r_128_11_80,r_139_57_192,r_158_141_31,r_128_11_80,0.89,0,80,80,44
28,r_99_56_112,seq1,seq134,r_99_56_112,0.88,3,115,112,44
49,r_140_127_58,r_83_150_138,seq95,r_140_127_58,0.97,1,59,58,44
56,r_72_50_114,seq108,r_157_109_100,r_157_109_100,1.0,23,123,100,44
96,seq113,r_152_51_32,r_153_121_137,r_152_51_32,0.54,-1,31,32,44
17,r_35_80_163,r_128_11_80,r_129_39_91,r_35_80_163,0.83,2,165,163,44
82,seq59,r_153_121_137,r_70_89_166,r_70_89_166,0.8,-2,164,166,44
51,r_40_17_129,seq123,seq23,r_40_17_129,0.91,2,131,129,45
8,r_75_21_190,seq151,r_74_29_48,r_74_29_48,1.0,0,48,48,45
14,r_38_117_80,seq4,r_97_152_6,r_38_117_80,0.95,0,80,80,45
53,r_42_124_133,r_8_127_87,r_18_138_63,r_42_124_133,0.63,-73,60,133,45
58,r_60_96_11,r_95_76_134,r_98_139_44,r_60_96_11,0.96,123,134,11,45
20,r_8_127_87,r_22_0_27,r_27_1_110,r_27_1_110,0.99,2,112,110,45
55,r_109_145_39,r_132_10_99,seq50,r_109_145_39,1.0,0,39,39,45
54,r_92_12_163,seq46,seq15,r_92_12_163,0.64,0,163,163,45
37,r_113_7_100,seq71,r_75_21_190,r_113_7_100,0.99,0,100,100,45
59,r_34_64_157,r_72_37_182,seq11,r_34_64_157,0.77,0,157,157,45
56,r_33_79_57,r_92_12_163,seq50,r_33_79_57,1.0,1,58,57,45
5,r_9_156_59,seq62,r_90_66_199,r_9_156_59,1.0,0,59,59,45
1,r_72_37_182,r_107_108_52,r_8_127_87,r_72_37_182,0.6,0,182,182,45
1,r_72_37_182,r_34_64_157,r_107_108_52,r_107_108_52,1.0,30,82,52,45
52,r_59_52_13,r_18_138_63,seq91,r_59_52_13,0.75,1,14,13,45
45,r_51_137_122,seq158,r_16_87_54,r_51_137_122,0.93,5,127,122,45
19,r_128_54_153,seq102,r_142_36_5,r_142_36_5,0.73,151,156,5,45
39,r_22_0_27,seq148,r_18_138_63,r_22_0_27,0.99,1,28,27,45
15,r_16_87_54,r_31_149_159,r_147_3_105,r_16_87_54,0.88,71,125,54,45
33,r_47_28_50,r_70_88_22,r_18_138_63,r_47_28_50,0.37,91,141,50,45
11,r_98_139_44,r_95_76_134,r_60_96_11,r_95_76_134,1.0,0,134,134,45
25,r_131_111_152,r_150_143_41,seq141,r_150_143_41,0.57,6,47,41,45
95,seq119,seq11,r_132_10_99,r_132_10_99,0.89,-23,76,99,45
36,r_56_45_53,r_126_24_58,seq30,r_56_45_53,0.99,3,56,53,45
31,r_94_110_165,seq15,r_59_52_13,r_94_110_165,0.69,0,165,165,45
30,r_32_136_34,seq30,r_22_0_27,r_32_136_34,0.7,0,34,34,45
3,r_90_66_199,r_129_135_160,r_9_156_59,r_9_156_59,0.97,1,60,59,45
10,r_82_20_137,r_128_54_153,r_93_69_120,r_82_20_137,0.96,0,137,137,45
88,seq91,r_98_139_44,r_59_52_13,r_98_139_44,0.79,-26,18,44,45
26,r_18_138_63,seq2,r_42_124_133,r_18_138_63,0.95,2,65,63,45
50,r_85_26_178,r_97_152_6,r_93_69_120,r_85_26_178,0.97,0,178,178,45
20,r_8_127_87,r_42_124_133,r_22_0_27,r_8_127_87,0.85,0,87,87,45
13,r_129_135_160,r_90_66_199,seq11,r_129_135_160,0.84,3,163,160,45
57,r_57_63_62,r_100_154_67,r_107_108_52,r_57_63_62,0.75,1,63,62,45
27,r_74_29_48,seq48,r_75_21_190,r_74_29_48,1.0,0,48,48,45
43,r_95_76_134,r_98_139_44,seq158,r_95_76_134,1.0,0,134,134,45
5,r_9_156_59,r_90_66_199,r_100_154_67,r_9_156_59,0.45,122,181,59,45
11,r_98_139_44,r_34_64_157,r_95_76_134,r_98_139_44,1.0,0,44,44,45
53,r_42_124_133,r_18_138_63,seq67,r_42_124_133,0.98,0,133,133,45
2,r_132_10_99,seq133,seq119,r_132_10_99,0.76,11,110,99,45
41,r_27_1_110,r_142_36_5,r_8_127_87,r_27_1_110,1.0,1,111,110,45
40,r_58_118_194,r_31_149_159,r_16_87_54,r_16_87_54,0.81,105,159,54,45
42,r_99_53_40,r_107_108_52,seq141,r_99_53_40,0.98,0,40,40,45
18,r_44_78_78,r_34_64_157,r_97_152_6,r_44_78_78,1.0,1,79,78,45
24,r_147_3_105,seq120,r_16_87_54,r_147_3_105,0.83,0,105,105,45
65,seq130,r_85_26_178,r_97_152_6,r_85_26_178,0.57,-10,168,178,45
92,seq114,r_72_37_182,r_93_69_120,r_93_69_120,0.51,-4,116,120,45
58,r_60_96_11,r_9_156_59,r_95_76_134,r_9_156_59,0.75,-49,10,59,45
47,r_150_143_41,r_132_10_99,seq116,r_150_143_41,0.59,76,117,41,45
73,seq30,r_32_136_34,r_8_127_87,r_32_136_34,0.99,-2,32,34,45
50,r_85_26_178,r_43_41_125,r_97_152_6,r_43_41_125,0.98,4,129,125,45
6,r_142_36_5,r_27_1_110,r_128_54_153,r_27_1_110,1.0,1,111,110,45
61,seq4,r_38_117_80,r_70_88_22,r_38_117_80,1.0,-12,68,80,45
32,r_159_144_90,r_147_3_105,seq19,r_159_144_90,0.93,0,90,90,45
38,r_81_83_121,seq116,seq123,r_81_83_121,0.57,5,126,121,45
23,r_126_24_58,seq130,r_61_121_72,r_126_24_58,0.93,0,58,58,45
34,r_100_154_67,seq84,r_9_156_59,r_100_154_67,0.76,3,70,67,45
43,r_95_76_134,r_60_96_11,r_98_139_44,r_98_139_44,1.0,14,58,44,45
47,r_150_143_41,r_131_111_152,r_132_10_99,r_150_143_41,0.68,-16,25,41,45
65,seq130,r_126_24_58,r_85_26_178,r_126_24_58,1.0,0,58,58,45
17,r_31_149_159,r_58_118_194,r_132_10_99,r_31_149_159,0.89,0,159,159,45
25,r_131_111_152,seq141,r_16_87_54,r_131_111_152,0.86,1,153,152,45
94,seq116,r_81_83_121,r_150_143_41,r_81_83_121,0.54,-3,118,121,45
78,seq50,seq148,r_33_79_57,r_33_79_57,1.0,1,58,57,45
26,r_18_138_63,r_42_124_133,r_47_28_50,r_42_124_133,1.0,0,133,133,45
33,r_47_28_50,seq123,r_70_88_22,r_47_28_50,0.97,2,52,50,45
9,r_70_88_22,r_22_0_27,seq4,r_22_0_27,0.92,-5,22,27,45
15,r_16_87_54,seq91,r_31_149_159,r_16_87_54,1.0,0,54,54,45
28,r_13_89_185,r_104_105_84,r_97_152_6,r_104_105_84,0.39,101,185,84,45
49,r_61_121_72,r_146_68_188,seq80,r_61_121_72,0.42,-4,68,72,45
4,r_65_140_16,r_43_41_125,seq84,r_43_41_125,0.98,-109,16,125,45
87,seq84,r_100_154_67,r_65_140_16,r_100_154_67,1.0,-37,30,67,45
41,r_27_1_110,r_107_108_52,r_142_36_5,r_27_1_110,0.48,-94,16,110,45
7,r_93_69_120,seq35,seq62,r_93_69_120,0.71,3,123,120,45
44,r_49_112_128,seq4,r_93_69_120,r_49_112_128,0.9,1,129,128,45
85,seq141,r_150_143_41,r_99_53_40,r_99_53_40,1.0,2,42,40,45
82,seq67,seq106,r_42_124_133,r_42_124_133,1.0,2,135,133,45
12,r_107_108_52,r_27_1_110,r_57_63_62,r_107_108_52,1.0,0,52,52,45
35,r_43_41_125,r_85_26_178,r_18_138_63,r_43_41_125,0.82,4,129,125,45
39,r_22_0_27,r_18_138_63,r_32_136_34,r_18_138_63,0.89,2,65,63,45
29,r_134_25_25,r_47_28_50,r_97_152_6,r_134_25_25,0.85,0,25,25,45
92,seq101,r_3_60_91,r_58_14_90,r_3_60_91,1.0,1,92,91,46
14,r_158_135_70,r_69_86_166,r_88_87_31,r_158_135_70,0.79,1,71,70,46
43,r_3_60_91,seq101,seq126,r_3_60_91,0.95,1,92,91,46
54,r_63_61_188,seq146,r_33_129_13,r_63_61_188,0.34,0,188,188,46
37,r_52_19_72,r_114_54_186,seq78,r_52_19_72,0.9,0,72,72,46
55,r_93_92_168,r_131_42_198,r_46_156_37,r_46_156_37,0.92,135,172,37,46
9,r_33_129_13,r_58_14_90,seq26,r_33_129_13,0.66,1,14,13,46
39,r_125_128_157,r_114_54_186,seq119,r_125_128_157,0.76,0,157,157,46
1,r_72_123_69,seq81,r_153_6_17,r_72_123_69,1.0,0,69,69,46
97,seq119,r_50_8_183,r_125_128_157,r_125_128_157,0.98,26,183,157,46
42,r_0_20_74,seq140,r_49_102_155,r_0_20_74,1.0,1,75,74,46
48,r_106_108_32,r_113_23_117,r_131_42_198,r_131_42_198,0.61,-162,36,198,46
80,seq43,r_93_92_168,r_99_32_75,r_99_32_75,1.0,43,118,75,46
69,seq149,r_4_97_149,seq94,r_4_97_149,0.63,-26,123,149,46
45,r_4_97_149,seq149,r_58_14_90,r_58_14_90,0.45,52,142,90,46
19,r_55_68_184,seq147,r_10_21_131,r_10_21_131,0.63,53,184,131,46
57,r_100_152_88,r_118_104_140,r_115_31_199,r_118_104_140,1.0,1,141,140,46
30,r_105_112_50,r_122_62_179,r_98_35_43,r_105_112_50,0.56,0,50,50,46
38,r_107_121_42,r_99_32_75,r_114_54_186,r_99_32_75,1.0,-21,54,75,46
76,seq37,r_122_62_179,r_77_1_41,r_77_1_41,0.99,138,179,41,46
35,r_114_54_186,r_107_121_42,r_33_129_13,r_114_54_186,0.94,0,186,186,46
38,r_107_121_42,r_114_54_186,r_98_35_43,r_114_54_186,0.74,0,186,186,46
31,r_48_109_120,r_55_68_184,seq137,r_48_109_120,1.0,0,120,120,46
53,r_16_67_19,r_51_64_73,seq81,r_16_67_19,1.0,-2,17,19,46
3,r_15_17_66,r_141_65_172,r_58_14_90,r_15_17_66,1.0,1,67,66,46
10,r_10_21_131,seq117,seq140,r_10_21_131,0.95,0,131,131,46
26,r_157_11_101,r_63_61_188,seq44,r_157_11_101,0.77,0,101,101,46
72,seq27,seq74,r_148_150_53,r_148_150_53,0.51,65,118,53,46
58,r_98_35_43,seq101,r_114_54_186,r_98_35_43,0.82,0,43,43,46
4,r_131_42_198,r_93_92_168,r_106_108_32,r_106_108_32,0.98,140,172,32,46
0,r_58_14_90,seq41,r_15_17_66,r_15_17_66,1.0,24,90,66,46
63,seq139,r_69_86_166,r_51_64_73,r_51_64_73,1.0,93,166,73,46
20,r_5_24_126,seq137,r_46_156_37,r_46_156_37,0.65,96,133,37,46
57,r_100_152_88,seq142,r_118_104_140,r_100_152_88,0.97,-1,87,88,46
8,r_153_6_17,r_124_96_137,seq120,r_153_6_17,0.87,0,17,17,46
6,r_133_76_189,seq44,r_58_14_90,r_133_76_189,0.45,0,189,189,46
62,seq137,r_5_24_126,r_48_109_120,r_48_109_120,0.97,5,125,120,46
99,seq126,r_80_145_145,r_3_60_91,r_3_60_91,0.89,58,149,91,46
23,r_144_151_46,seq13,seq81,r_144_151_46,1.0,0,46,46,46
49,r_36_7_25,r_157_11_101,seq126,r_36_7_25,0.89,0,25,25,46
2,r_9_138_127,seq44,r_36_7_25,r_9_138_127,0.66,0,127,127,46
47,r_80_145_145,seq126,seq101,r_80_145_145,0.73,4,149,145,46
71,seq26,r_153_6_17,r_33_129_13,r_33_129_13,0.74,7,20,13,46
29,r_49_102_155,r_51_64_73,r_0_20_74,r_49_102_155,0.94,-80,75,155,46
24,r_113_23_117,seq57,seq38,r_113_23_117,0.98,-1,116,117,46
25,r_118_104_140,r_115_31_199,r_100_152_88,r_100_152_88,1.0,6,94,88,46
33,r_82_71_158,r_93_92_168,r_148_150_53,r_82_71_158,0.53,2,160,158,46
44,r_88_87_31,r_157_11_101,r_158_135_70,r_88_87_31,1.0,2,33,31,46
64,seq140,r_45_47_15,r_10_21_131,r_10_21_131,0.98,7,138,131,46
88,seq83,seq90,r_134_110_129,r_134_110_129,0.6,4,133,129,46
15,r_46_156_37,seq29,seq57,r_46_156_37,0.98,1,38,37,46
50,r_155_70_78,r_55_68_184,r_15_17_66,r_155_70_78,0.99,0,78,78,46
42,r_0_20_74,r_49_102_155,r_9_138_127,r_0_20_74,0.94,81,155,74,46
77,seq38,r_63_61_188,r_113_23_117,r_113_23_117,1.0,0,117,117,46
34,r_154_85_79,r_115_31_199,seq137,r_154_85_79,1.0,1,80,79,46
58,r_98_35_43,r_114_54_186,r_105_112_50,r_105_112_50,0.6,4,54,50,46
21,r_77_1_41,r_154_85_79,seq37,r_77_1_41,0.98,0,41,41,46
60,seq130,seq101,r_79_2_96,r_79_2_96,0.98,-2,94,96,46
81,seq44,r_133_76_189,r_122_62_179,r_122_62_179,0.59,10,189,179,46
17,r_51_64_73,r_49_102_155,seq139,r_51_64_73,1.0,2,75,73,46
25,r_118_104_140,r_100_152_88,seq147,r_118_104_140,1.0,1,141,140,46
29,r_49_102_155,r_0_20_74,r_144_151_46,r_49_102_155,0.98,0,155,155,46
22,r_79_2_96,seq37,seq130,r_79_2_96,0.96,2,98,96,46
28,r_134_110_129,seq41,seq83,r_134_110_129,0.75,8,137,129,46
91,seq94,r_136_143_130,seq149,r_136_143_130,0.7,8,138,130,46
40,r_141_65_172,r_15_17_66,seq18,r_15_17_66,1.0,-7,59,66,46
56,r_127_56_77,seq101,seq73,r_127_56_77,1.0,1,78,77,46
7,r_122_62_179,seq37,r_118_104_140,r_118_104_140,0.54,39,179,140,46
35,r_114_54_186,r_125_128_157,r_107_121_42,r_114_54_186,0.75,-37,149,186,46
12,r_99_32_75,seq28,seq43,r_99_32_75,1.0,3,78,75,46
36,r_10_85_181,seq33,r_128_99_144,r_128_99_144,0.73,39,183,144,47
99,seq126,r_8_62_133,r_1_123_30,r_1_123_30,0.73,2,32,30,47
49,r_61_59_58,r_51_101_107,seq154,r_61_59_58,1.0,0,58,58,47
53,r_26_79_76,seq43,seq157,r_26_79_76,1.0,0,76,76,47
54,r_13_112_82,seq156,seq42,r_13_112_82,1.0,0,82,82,47
37,r_120_106_65,r_39_48_96,seq23,r_120_106_65,1.0,-1,64,65,47
52,r_149_65_29,r_147_141_83,seq64,r_147_141_83,1.0,2,85,83,47
19,r_129_103_177,r_140_96_39,r_116_57_15,r_129_103_177,0.58,0,177,177,47
55,r_136_11_156,r_142_75_189,seq113,r_136_11_156,0.78,0,156,156,47
21,r_51_101_107,seq156,r_39_48_96,r_51_101_107,1.0,0,107,107,47
39,r_142_75_189,seq105,r_45_150_68,r_45_150_68,1.0,122,190,68,47
1,r_7_3_154,r_114_34_149,r_51_101_107,r_51_101_107,0.94,10,117,107,47
97,seq122,seq64,r_128_99_144,r_128_99_144,0.94,16,160,144,47
7,r_146_24_185,r_8_62_133,r_133_28_108,r_146_24_185,1.0,1,186,185,47
5,r_119_67_101,r_44_104_153,r_125_137_70,r_119_67_101,1.0,0,101,101,47
41,r_152_97_44,r_7_3_154,seq115,r_152_97_44,1.0,0,44,44,47
76,seq157,r_12_77_193,r_26_79_76,r_26_79_76,1.0,16,92,76,47
31,r_45_150_68,r_52_121_148,r_140_96_39,r_45_150_68,1.0,1,69,68,47
58,r_58_108_143,r_30_134_9,seq6,r_58_108_143,0.52,-39,104,143,47
3,r_74_148_120,r_144_92_10,r_131_139_7,r_144_92_10,0.85,110,120,10,47
10,r_35_111_75,seq130,r_131_139_7,r_35_111_75,1.0,0,75,75,47
28,r_155_135_20,r_51_101_107,r_7_3_154,r_155_135_20,0.91,0,20,20,47
58,r_58_108_143,seq6,seq33,r_58_108_143,1.0,0,143,143,47
1,r_7_3_154,r_51_101_107,r_159_70_137,r_51_101_107,0.82,47,154,107,47
72,seq33,r_10_85_181,r_58_108_143,r_58_108_143,0.99,10,153,143,47
16,r_46_63_5,r_91_5_155,r_131_139_7,r_91_5_155,0.96,0,155,155,47
4,r_128_99_144,r_88_95_145,seq122,r_128_99_144,0.74,0,144,144,47
11,r_8_62_133,seq126,r_146_24_185,r_8_62_133,0.92,0,133,133,47
15,r_84_0_162,seq20,r_7_3_154,r_84_0_162,0.54,1,163,162,47
48,r_117_37_128,seq43,seq154,r_117_37_128,0.97,1,129,128,47
6,r_41_14_3,r_17_60_8,r_30_134_9,r_30_134_9,0.71,60,69,9,47
26,r_147_141_83,seq64,r_149_65_29,r_149_65_29,1.0,1,30,29,47
20,r_31_36_48,seq18,r_86_83_31,r_31_36_48,1.0,0,48,48,47
58,r_58_108_143,r_31_36_48,r_30_134_9,r_58_108_143,0.66,-84,59,143,47
43,r_78_145_26,r_159_70_137,seq22,r_78_145_26,0.99,0,26,26,47
30,r_133_28_108,r_120_106_65,r_146_24_185,r_133_28_108,0.39,78,186,108,47
19,r_129_103_177,r_53_72_43,r_140_96_39,r_53_72_43,0.83,-5,38,43,47
2,r_68_50_151,seq23,r_19_55_34,r_19_55_34,1.0,117,151,34,47
47,r_114_34_149,r_7_3_154,r_8_62_133,r_7_3_154,0.98,-4,150,154,47
67,seq22,seq107,r_78_145_26,r_78_145_26,1.0,3,29,26,47
40,r_39_48_96,seq56,r_155_135_20,r_39_48_96,1.0,0,96,96,47
74,seq42,r_52_121_148,r_13_112_82,r_13_112_82,0.79,67,149,82,47
29,r_159_70_137,r_158_32_192,seq82,r_159_70_137,0.96,0,137,137,47
70,seq156,r_13_112_82,r_76_102_4,r_13_112_82,1.0,-18,64,82,47
68,seq23,r_68_50_151,r_120_106_65,r_120_106_65,1.0,2,67,65,47
14,r_1_123_30,r_86_83_31,seq126,r_1_123_30,1.0,0,30,30,47
42,r_17_60_8,r_41_14_3,r_147_141_83,r_147_141_83,1.0,0,83,83,47
45,r_19_55_34,seq33,seq43,r_19_55_34,1.0,0,34,34,47
52,r_149_65_29,seq109,r_147_141_83,r_149_65_29,1.0,1,30,29,47
34,r_40_127_126,seq100,seq132,r_40_127_126,0.89,1,127,126,47
75,seq43,r_117_37_128,r_19_55_34,r_19_55_34,1.0,1,35,34,47
85,seq82,seq22,r_159_70_137,r_159_70_137,0.99,0,137,137,47
26,r_147_141_83,r_149_65_29,r_17_60_8,r_147_141_83,1.0,2,85,83,47
60,seq130,r_35_111_75,seq23,r_35_111_75,1.0,0,75,75,47
18,r_86_83_31,r_1_123_30,seq109,r_86_83_31,0.94,-1,30,31,47
46,r_110_90_38,r_152_97_44,r_144_92_10,r_110_90_38,0.81,0,38,38,47
50,r_4_2_59,seq154,seq100,r_4_2_59,1.0,0,59,59,47
9,r_44_104_153,seq126,r_76_102_4,r_44_104_153,0.93,1,154,153,47
11,r_8_62_133,r_146_24_185,r_114_34_149,r_146_24_185,0.97,1,186,185,47
51,r_140_96_39,r_129_103_177,r_45_150_68,r_45_150_68,0.87,5,73,68,47
28,r_155_135_20,r_7_3_154,r_51_101_107,r_155_135_20,0.81,134,154,20,47
91,seq105,r_142_75_189,r_91_5_155,r_91_5_155,1.0,35,190,155,47
51,r_140_96_39,r_40_127_126,r_129_103_177,r_140_96_39,0.98,1,40,39,47
33,r_53_72_43,r_143_9_130,r_131_139_7,r_53_72_43,0.98,0,43,43,47
7,r_146_24_185,seq113,r_8_62_133,r_8_62_133,0.9,1,134,133,47
44,r_47_151_158,seq113,r_30_134_9,r_47_151_158,0.65,0,158,158,47
23,r_88_95_145,r_128_99_144,seq18,r_88_95_145,0.79,-1,144,145,47
82,seq69,r_143_9_130,r_144_92_10,r_143_9_130,0.8,1,131,130,47
79,seq56,r_39_48_96,seq100,r_39_48_96,1.0,0,96,96,47
35,r_25_94_66,seq138,r_125_137_70,r_25_94_66,1.0,0,66,66,47
12,r_91_5_155,r_46_63_5,seq105,r_91_5_155,0.94,0,155,155,47
18,r_105_15_59,seq39,seq96,r_105_15_59,1.0,0,59,59,48
50,r_4_147_168,r_99_115_28,seq39,r_4_147_168,1.0,0,168,168,48
51,r_71_3_178,seq65,r_142_53_167,r_71_3_178,0.52,1,179,178,48
36,r_63_58_198,r_142_53_167,r_78_128_158,r_142_53_167,0.96,0,167,167,48
14,r_17_87_87,seq124,seq29,r_17_87_87,0.93,0,87,87,48
53,r_85_104_166,seq64,r_6_108_70,r_6_108_70,1.0,98,168,70,48
43,r_11_110_95,r_34_112_115,r_99_115_28,r_11_110_95,0.98,-3,92,95,48
16,r_148_154_192,r_146_132_81,r_141_37_40,r_148_154_192,0.98,-149,43,192,48
30,r_26_122_55,r_143_130_67,seq48,r_26_122_55,1.0,1,56,55,48
37,r_27_10_182,r_146_132_81,r_136_72_47,r_146_132_81,1.0,0,81,81,48
31,r_141_37_40,seq91,r_148_154_192,r_141_37_40,1.0,0,40,40,48
59,r_158_24_100,r_134_75_159,r_7_126_110,r_7_126_110,1.0,13,123,110,48
10,r_88_66_31,r_19_138_118,seq91,r_88_66_31,1.0,0,31,31,48
71,seq39,r_31_0_162,r_119_67_71,r_119_67_71,1.0,53,124,71,48
21,r_146_132_81,r_27_10_182,seq52,r_146_132_81,1.0,0,81,81,48
1,r_78_128_158,r_85_104_166,r_5_94_153,r_5_94_153,0.95,7,160,153,48
5,r_22_93_96,seq29,seq150,r_22_93_96,0.73,0,96,96,48
42,r_18_60_113,r_50_155_187,r_106_129_16,r_18_60_113,1.0,0,113,113,48
69,seq29,r_78_128_158,r_17_87_87,r_17_87_87,0.98,5,92,87,48
35,r_156_114_51,seq29,seq91,r_156_114_51,0.79,0,51,51,48
19,r_79_62_170,seq157,r_142_53_167,r_142_53_167,0.51,3,170,167,48
15,r_99_115_28,r_14_153_145,r_11_110_95,r_99_115_28,0.99,80,108,28,48
41,r_23_35_132,r_159_84_142,r_63_58_198,r_23_35_132,0.96,0,132,132,48
3,r_143_130_67,seq137,r_116_149_17,r_143_130_67,0.46,16,83,67,48
90,seq91,r_31_0_162,r_42_90_61,r_42_90_61,1.0,1,62,61,48
72,seq43,r_136_72_47,r_97_131_37,r_97_131_37,1.0,89,126,37,48
4,r_61_38_77,r_98_139_90,seq133,r_61_38_77,0.96,0,77,77,48
54,r_74_82_13,seq123,seq144,r_74_82_13,1.0,0,13,13,48
0,r_159_84_142,r_23_35_132,seq123,r_23_35_132,0.99,0,132,132,48
73,seq44,r_31_0_162,r_146_132_81,r_146_132_81,1.0,81,162,81,48
11,r_5_94_153,seq123,r_63_58_198,r_5_94_153,0.74,1,154,153,48
20,r_81_151_105,seq57,seq45,r_81_151_105,1.0,0,105,105,48
98,seq123,r_5_94_153,r_159_84_142,r_5_94_153,0.91,1,154,153,48
48,r_41_95_80,seq144,seq20,r_41_95_80,0.98,1,81,80,48
6,r_14_153_145,r_152_89_141,r_41_95_80,r_14_153_145,1.0,-4,141,145,48
23,r_106_129_16,r_34_112_115,r_23_35_132,r_106_129_16,0.92,0,16,16,48
85,seq65,r_71_3_178,r_61_38_77,r_61_38_77,1.0,102,179,77,48
10,r_88_66_31,seq91,r_152_89_141,r_152_89_141,0.66,7,148,141,48
27,r_42_90_61,seq20,seq91,r_42_90_61,1.0,1,62,61,48
87,seq76,r_9_109_85,r_83_127_136,r_9_109_85,0.99,0,85,85,48
34,r_1_13_53,r_12_107_150,seq56,r_1_13_53,0.99,0,53,53,48
2,r_142_53_167,r_63_58_198,r_105_15_59,r_105_15_59,0.95,108,167,59,48
47,r_6_108_70,seq45,seq57,r_6_108_70,1.0,1,71,70,48
40,r_25_125_156,seq133,r_105_15_59,r_25_125_156,0.6,-2,154,156,48
46,r_97_131_37,r_134_75_159,seq43,r_97_131_37,1.0,0,37,37,48
29,r_7_126_110,r_12_107_150,r_158_24_100,r_7_126_110,0.98,1,111,110,48
24,r_98_139_90,seq70,r_42_90_61,r_98_139_90,1.0,0,90,90,48
82,seq56,r_31_0_162,r_1_13_53,r_1_13_53,0.59,3,56,53,48
34,r_1_13_53,seq56,r_120_100_128,r_120_100_128,0.87,-5,123,128,48
33,r_34_112_115,seq43,r_33_145_197,r_34_112_115,0.99,1,116,115,48
88,seq77,r_71_3_178,r_78_128_158,r_71_3_178,0.38,12,190,178,48
50,r_4_147_168,r_69_101_108,r_99_115_28,r_4_147_168,0.96,-56,112,168,48
68,seq150,r_81_151_105,r_22_93_96,r_81_151_105,0.87,-11,94,105,48
61,seq133,r_25_125_156,r_61_38_77,r_61_38_77,1.0,77,154,77,48
32,r_83_127_136,r_81_151_105,seq54,r_81_151_105,1.0,0,105,105,48
52,r_32_16_130,seq96,r_42_90_61,r_32_16_130,0.98,0,130,130,48
57,r_19_138_118,r_68_30_21,r_143_130_67,r_19_138_118,0.99,0,118,118,48
15,r_99_115_28,seq47,r_14_153_145,r_99_115_28,0.98,0,28,28,48
17,r_152_89_141,r_14_153_145,r_88_66_31,r_14_153_145,0.75,-4,141,145,48
9,r_120_100_128,seq8,r_1_13_53,r_1_13_53,0.92,76,129,53,48
37,r_27_10_182,r_136_72_47,r_61_38_77,r_27_10_182,0.73,3,185,182,48
22,r_50_155_187,seq144,r_141_37_40,r_141_37_40,0.92,148,188,40,48
28,r_12_107_150,r_71_3_178,seq86,r_12_107_150,0.88,0,150,150,48
49,r_80_28_82,r_142_53_167,seq144,r_80_28_82,1.0,0,82,82,48
57,r_19_138_118,r_88_66_31,r_68_30_21,r_19_138_118,1.0,-97,21,118,48
56,r_21_73_43,seq157,seq29,r_21_73_43,1.0,2,45,43,48
74,seq45,r_106_129_16,r_81_151_105,r_81_151_105,1.0,4,109,105,48
7,r_69_101_108,r_4_147_168,r_59_102_33,r_69_101_108,0.98,4,112,108,48
44,r_119_67_71,r_12_107_150,seq39,r_119_67_71,1.0,3,74,71,48
39,r_59_102_33,r_31_0_162,seq46,r_59_102_33,0.79,0,33,33,48
23,r_106_129_16,r_23_35_132,r_18_60_113,r_106_129_16,1.0,100,116,16,48
55,r_68_30_21,r_156_114_51,r_19_138_118,r_68_30_21,1.0,0,21,21,48
55,r_68_30_21,r_19_138_118,seq70,r_19_138_118,1.0,0,118,118,48
30,r_127_4_27,seq20,r_89_55_120,r_127_4_27,0.57,-3,24,27,49
36,r_40_152_4,r_154_95_41,r_10_132_150,r_10_132_150,0.94,-2,148,150,49
9,r_5_113_54,seq20,r_85_128_119,r_85_128_119,1.0,5,124,119,49
92,seq91,r_158_46_166,r_45_70_126,r_45_70_126,0.99,40,166,126,49
14,r_59_155_172,seq90,r_51_64_11,r_59_155_172,0.49,0,172,172,49
8,r_81_148_90,r_59_155_172,seq140,r_81_148_90,0.93,0,90,90,49
53,r_34_22_138,seq37,r_81_148_90,r_34_22_138,0.97,0,138,138,49
43,r_36_120_108,seq20,r_98_53_28,r_36_120_108,1.0,0,108,108,49
54,r_153_56_169,seq123,r_42_122_139,r_42_122_139,0.76,31,170,139,49
83,seq67,r_135_101_118,r_100_28_48,r_100_28_48,1.0,68,116,48,49
37,r_150_80_147,seq123,seq156,r_150_80_147,0.68,1,148,147,49
3,r_154_95_41,r_79_124_23,r_51_64_11,r_154_95_41,0.98,-30,11,41,49
86,seq73,r_103_14_188,r_7_35_75,r_7_35_75,1.0,114,189,75,49
39,r_10_132_150,r_92_129_106,r_40_152_4,r_10_132_150,0.8,-4,146,150,49
1,r_107_29_117,r_100_28_48,r_78_72_82,r_107_29_117,1.0,0,117,117,49
5,r_42_122_139,seq12,seq90,r_42_122_139,0.94,0,139,139,49
46,r_44_130_66,r_81_148_90,r_92_129_106,r_44_130_66,1.0,0,66,66,49
42,r_103_14_188,seq73,r_85_128_119,r_85_128_119,0.79,70,189,119,49
55,r_58_41_53,r_36_120_108,r_79_124_23,r_58_41_53,0.98,3,56,53,49
69,seq20,r_36_120_108,r_5_113_54,r_36_120_108,0.93,0,108,108,49
45,r_99_47_72,seq32,seq24,r_99_47_72,1.0,0,72,72,49
9,r_5_113_54,seq75,seq20,r_5_113_54,0.7,-2,52,54,49
19,r_17_96_96,seq145,seq68,r_17_96_96,0.77,1,97,96,49
73,seq159,seq87,r_105_62_22,r_105_62_22,1.0,15,37,22,49
12,r_6_61_30,r_126_74_55,r_119_50_18,r_6_61_30,1.0,1,31,30,49
41,r_69_33_185,seq123,r_9_142_24,r_69_33_185,0.42,0,185,185,49
85,seq71,seq16,r_6_61_30,r_6_61_30,1.0,27,57,30,49
10,r_66_2_74,seq12,seq145,r_66_2_74,1.0,0,74,74,49
47,r_27_30_19,r_13_63_181,seq125,r_27_30_19,1.0,-1,18,19,49
72,seq156,r_157_1_182,r_150_80_147,r_150_80_147,0.52,-1,146,147,49
16,r_79_124_23,r_42_122_139,r_58_41_53,r_79_124_23,0.97,105,128,23,49
13,r_9_142_24,r_58_41_53,r_19_88_187,r_9_142_24,1.0,1,25,24,49
0,r_85_128_119,r_135_101_118,r_5_113_54,r_85_128_119,1.0,0,119,119,49
16,r_79_124_23,r_154_95_41,r_42_122_139,r_79_124_23,1.0,-1,22,23,49
98,seq123,r_69_33_185,r_26_106_124,r_26_106_124,0.98,46,170,124,49
18,r_97_82_36,r_81_148_90,seq147,r_97_82_36,1.0,0,36,36,49
46,r_44_130_66,r_92_129_106,r_45_70_126,r_45_70_126,1.0,26,152,126,49
57,r_100_28_48,r_103_14_188,r_107_29_117,r_100_28_48,1.0,0,48,48,49
15,r_135_101_118,r_85_128_119,r_25_115_98,r_135_101_118,0.97,-2,116,118,49
48,r_25_115_98,r_150_80_147,r_97_82_36,r_150_80_147,0.63,-45,102,147,49
49,r_149_146_63,r_157_1_182,r_134_111_140,r_134_111_140,0.99,3,143,140,49
13,r_9_142_24,r_19_88_187,r_135_101_118,r_9_142_24,0.37,163,187,24,49
6,r_13_63_181,seq48,r_81_148_90,r_13_63_181,0.43,1,182,181,49
62,seq138,r_141_121_128,r_7_35_75,r_7_35_75,0.99,40,115,75,49
1,r_107_29_117,r_39_137_87,r_100_28_48,r_100_28_48,0.76,0,48,48,49
7,r_15_60_29,seq67,r_49_116_17,r_15_60_29,1.0,0,29,29,49
28,r_49_116_17,r_89_55_120,seq16,r_49_116_17,0.99,0,17,17,49
27,r_134_111_140,r_83_0_81,r_149_146_63,r_134_111_140,0.73,2,142,140,49
30,r_127_4_27,r_89_55_120,r_92_129_106,r_127_4_27,0.59,65,92,27,49
22,r_119_50_18,r_7_35_75,r_6_61_30,r_7_35_75,0.58,-22,53,75,49
51,r_93_144_190,r_143_77_31,r_9_142_24,r_93_144_190,0.42,0,190,190,49
56,r_98_53_28,r_66_2_74,seq3,r_98_53_28,1.0,-3,25,28,49
76,seq43,r_40_152_4,r_110_133_152,r_110_133_152,0.72,11,163,152,49
2,r_92_129_106,r_158_46_166,r_127_4_27,r_92_129_106,0.61,-15,91,106,49
59,r_19_88_187,r_9_142_24,seq32,r_19_88_187,0.55,0,187,187,49
51,r_93_144_190,r_7_35_75,r_143_77_31,r_93_144_190,1.0,-156,34,190,49
59,r_19_88_187,seq147,r_9_142_24,r_9_142_24,1.0,21,45,24,49
24,r_45_70_126,r_110_133_152,seq24,r_45_70_126,0.94,0,126,126,49
25,r_141_121_128,seq138,r_157_1_182,r_141_121_128,0.83,1,129,128,49
33,r_26_106_124,seq43,seq123,r_26_106_124,0.85,0,124,124,49
64,seq12,r_42_122_139,r_83_0_81,r_42_122_139,0.99,-25,114,139,49
50,r_39_137_87,r_85_128_119,seq37,r_39_137_87,1.0,0,87,87,49
58,r_89_55_120,r_127_4_27,seq75,r_89_55_120,0.44,0,120,120,49
44,r_131_8_16,r_92_129_106,seq139,r_131_8_16,1.0,0,16,16,49
68,seq147,seq139,r_97_82_36,r_97_82_36,1.0,28,64,36,49
52,r_7_35_75,r_93_144_190,seq138,r_7_35_75,1.0,0,75,75,49
77,seq48,r_13_63_181,r_9_142_24,r_9_142_24,0.87,128,152,24,49
25,r_141_121_128,r_157_1_182,r_108_117_198,r_157_1_182,1.0,1,183,182,49
40,r_105_62_22,r_150_80_147,seq159,r_105_62_22,0.93,1,23,22,49
22,r_119_50_18,r_13_63_181,r_7_35_75,r_119_50_18,0.99,0,18,18,49
65,seq16,seq71,r_49_116_17,r_49_116_17,1.0,4,21,17,49
57,r_100_28_48,r_107_29_117,seq67,r_107_29_117,1.0,-12,105,117,49
26,r_38_23_8,r_9_142_24,r_42_122_139,r_38_23_8,0.88,2,10,8,49
17,r_21_84_73,r_85_128_119,seq90,r_21_84_73,1.0,0,73,73,49
26,r_38_23_8,r_42_122_139,r_83_0_81,r_42_122_139,0.98,-30,109,139,49
32,r_86_104_12,r_42_122_139,seq11,r_86_104_12,0.77,-1,11,12,49
28,r_49_116_17,seq16,r_15_60_29,r_15_60_29,0.96,86,115,29,49
91,seq90,r_59_155_172,r_21_84_73,r_21_84_73,1.0,39,112,73,49
49,r_149_146_63,r_26_106_124,r_157_1_182,r_149_146_63,1.0,2,65,63,49
31,r_143_77_31,r_135_101_118,r_119_50_18,r_143_77_31,0.52,0,31,31,49
79,seq54,r_157_1_182,r_141_121_128,r_141_121_128,0.8,3,131,128,49
29,r_51_64_11,r_157_1_182,r_154_95_41,r_51_64_11,0.96,0,11,11,49
84,seq68,r_38_23_8,r_17_96_96,r_17_96_96,0.87,3,99,96,49
21,r_78_72_82,seq20,r_107_29_117,r_107_29_117,0.99,7,124,117,49
30,r_5_22_180,seq24,r_79_10_129,r_79_10_129,1.0,46,175,129,50
51,r_73_80_124,r_34_55_198,r_26_154_25,r_73_80_124,0.92,0,124,124,50
36,r_124_87_137,seq78,r_99_23_47,r_124_87_137,0.92,0,137,137,50
14,r_159_121_113,r_79_10_129,seq59,r_159_121_113,0.99,0,113,113,50
8,r_43_153_83,seq142,seq129,r_43_153_83,1.0,0,83,83,50
26,r_109_70_64,r_8_122_28,r_35_100_37,r_109_70_64,0.58,-27,37,64,50
54,r_79_10_129,r_159_121_113,r_34_55_198,r_159_121_113,0.79,0,113,113,50
19,r_8_122_28,r_146_1_189,r_61_53_112,r_61_53_112,1.0,24,136,112,50
39,r_19_76_96,r_39_7_75,r_35_100_37,r_19_76_96,0.77,-21,75,96,50
1,r_98_101_143,seq0,r_8_122_28,r_98_101_143,0.91,0,143,143,50
97,seq115,r_54_30_105,seq32,r_54_30_105,0.99,0,105,105,50
25,r_72_69_17,r_89_38_30,r_60_4_141,r_72_69_17,0.99,-1,16,17,50
5,r_36_130_144,seq123,r_26_154_25,r_36_130_144,0.81,0,144,144,50
42,r_113_48_68,r_6_134_172,seq47,r_113_48_68,1.0,0,68,68,50
55,r_57_127_36,seq136,r_97_29_118,r_57_127_36,0.92,0,36,36,50
7,r_157_118_54,seq108,seq151,r_157_118_54,1.0,0,54,54,50
21,r_89_38_30,r_12_120_31,seq68,r_89_38_30,1.0,0,30,30,50
53,r_60_4_141,r_97_29_118,r_72_69_17,r_72_69_17,0.67,17,34,17,50
33,r_12_120_31,r_8_122_28,r_85_148_49,r_85_148_49,1.0,5,54,49,50
2,r_15_75_51,r_27_82_196,seq150,r_15_75_51,1.0,0,51,51,50
38,r_125_58_151,r_6_134_172,seq59,r_125_58_151,0.56,0,151,151,50
11,r_35_100_37,seq47,r_109_70_64,r_35_100_37,1.0,0,37,37,50
41,r_92_143_80,r_20_13_146,seq77,r_92_143_80,0.98,0,80,80,50
89,seq78,r_124_87_137,r_116_90_161,r_124_87_137,0.58,0,137,137,50
3,r_18_28_95,r_73_80_124,r_102_14_71,r_18_28_95,0.9,0,95,95,50
10,r_21_112_125,seq136,r_34_55_198,r_21_112_125,0.94,0,125,125,50
43,r_26_154_25,r_93_103_84,r_27_82_196,r_26_154_25,0.91,-1,24,25,50
16,r_27_82_196,r_15_75_51,r_26_154_25,r_15_75_51,0.57,0,51,51,50
0,r_91_74_119,r_146_1_189,seq25,r_91_74_119,0.99,0,119,119,50
13,r_20_13_146,r_107_66_181,r_159_121_113,r_159_121_113,0.51,35,148,113,50
15,r_102_14_71,r_131_155_19,r_89_38_30,r_102_14_71,1.0,1,72,71,50
63,seq136,seq17,r_26_154_25,r_26_154_25,1.0,14,39,25,50
48,r_116_90_161,r_6_134_172,seq24,r_6_134_172,0.6,-9,163,172,50
57,r_146_1_189,r_91_74_119,r_8_122_28,r_146_1_189,0.85,-70,119,189,50
6,r_93_103_84,r_152_16_193,r_104_42_185,r_93_103_84,1.0,0,84,84,50
11,r_35_100_37,r_109_70_64,r_19_76_96,r_109_70_64,1.0,0,64,64,50
19,r_8_122_28,r_109_70_64,r_146_1_189,r_8_122_28,0.98,1,29,28,50
46,r_84_132_48,seq68,seq17,r_84_132_48,1.0,0,48,48,50
54,r_79_10_129,r_34_55_198,seq115,r_79_10_129,0.96,0,129,129,50
31,r_49_140_21,r_107_66_181,r_46_145_9,r_49_140_21,1.0,-1,20,21,50
59,r_99_23_47,r_102_14_71,r_34_55_198,r_99_23_47,0.8,0,47,47,50
53,r_60_4_141,r_72_69_17,r_102_14_71,r_60_4_141,0.73,0,141,141,50
26,r_109_70_64,r_35_100_37,r_107_66_181,r_109_70_64,0.99,0,64,64,50
47,r_104_42_185,r_91_74_119,r_93_103_84,r_93_103_84,0.44,9,93,84,50
59,r_99_23_47,r_34_55_198,r_124_87_137,r_124_87_137,1.0,1,138,137,50
18,r_156_51_139,r_20_13_146,r_102_14_71,r_102_14_71,0.64,71,142,71,50
29,r_128_63_104,seq78,r_117_88_109,r_128_63_104,0.95,4,108,104,50
45,r_97_29_118,seq138,r_57_127_36,r_57_127_36,1.0,10,46,36,50
34,r_107_66_181,r_109_70_64,r_98_101_143,r_107_66_181,1.0,0,181,181,50
47,r_104_42_185,r_93_103_84,r_35_100_37,r_93_103_84,0.71,101,185,84,50
58,r_117_88_109,r_131_155_19,r_128_63_104,r_117_88_109,0.97,0,109,109,50
6,r_93_103_84,r_104_42_185,r_97_29_118,r_97_29_118,0.55,69,187,118,50
68,seq17,seq67,r_84_132_48,r_84_132_48,1.0,12,60,48,50
32,r_149_135_136,seq31,r_128_63_104,r_128_63_104,0.61,32,136,104,50
93,seq108,r_157_118_54,seq52,r_157_118_54,1.0,0,54,54,50
22,r_85_148_49,r_93_103_84,r_12_120_31,r_12_120_31,0.99,18,49,31,50
57,r_146_1_189,r_8_122_28,r_96_137_101,r_146_1_189,0.77,0,189,189,50
34,r_107_66_181,r_20_13_146,r_109_70_64,r_109_70_64,1.0,80,144,64,50
60,seq0,r_98_101_143,r_33_45_16,r_98_101_143,0.99,0,143,143,50
45,r_97_29_118,r_57_127_36,r_93_103_84,r_57_127_36,0.53,82,118,36,50
25,r_72_69_17,r_60_4_141,seq9,r_60_4_141,1.0,0,141,141,50
9,r_54_30_105,seq115,r_46_145_9,r_54_30_105,1.0,0,105,105,50
39,r_19_76_96,r_35_100_37,seq50,r_19_76_96,0.96,0,96,96,50
49,r_61_53_112,r_83_141_79,r_8_122_28,r_61_53_112,1.0,0,112,112,50
56,r_3_44_149,r_131_155_19,seq47,r_3_44_149,0.97,0,149,149,50
44,r_6_134_172,r_95_37_171,r_43_153_83,r_43_153_83,0.97,89,172,83,50
97,seq115,seq32,r_79_10_129,r_79_10_129,1.0,5,134,129,50
26,r_109_70_64,r_107_66_181,r_95_37_171,r_107_66_181,1.0,-9,172,181,50
23,r_95_37_171,r_6_134_172,r_109_70_64,r_109_70_64,1.0,100,164,64,50
82,seq59,seq52,r_159_121_113,r_159_121_113,1.0,9,122,113,50
11,r_35_100_37,r_19_76_96,r_149_135_136,r_19_76_96,0.97,0,96,96,50
35,r_39_7_75,r_19_76_96,seq111,r_39_7_75,1.0,0,75,75,50
55,r_57_127_36,r_97_29_118,r_133_126_98,r_57_127_36,1.0,82,118,36,50
30,r_87_62_122,r_123_53_50,r_68_155_117,r_68_155_117,0.87,-36,81,117,51
50,r_117_30_21,r_16_128_161,seq38,r_117_30_21,0.99,0,21,21,51
8,r_101_138_185,r_140_99_186,r_10_98_184,r_140_99_186,0.7,-1,185,186,51
51,r_125_12_37,r_76_48_149,r_131_72_133,r_125_12_37,1.0,0,37,37,51
43,r_57_149_155,seq97,r_19_136_106,r_19_136_106,0.54,49,155,106,51
58,r_14_71_134,r_123_53_50,r_91_120_166,r_91_120_166,0.88,1,167,166,51
37,r_16_128_161,r_7_52_63,r_145_58_129,r_7_52_63,1.0,0,63,63,51
59,r_140_99_186,r_101_138_185,seq130,r_101_138_185,0.32,1,186,185,51
86,seq84,seq111,r_123_53_50,r_123_53_50,0.92,41,91,50,51
16,r_91_120_166,r_153_121_191,r_14_71_134,r_91_120_166,0.38,0,166,166,51
21,r_153_121_191,r_91_120_166,r_148_86_45,r_91_120_166,0.6,0,166,166,51
39,r_142_108_96,seq143,r_125_12_37,r_142_108_96,0.99,0,96,96,51
1,r_51_1_104,seq115,seq64,r_51_1_104,1.0,0,104,104,51
5,r_28_69_116,seq146,r_92_126_78,r_92_126_78,1.0,40,118,78,51
32,r_123_53_50,r_60_74_181,seq84,r_123_53_50,0.91,0,50,50,51
46,r_129_43_187,seq9,r_23_122_88,r_23_122_88,1.0,99,187,88,51
42,r_76_48_149,r_125_12_37,r_151_0_127,r_125_12_37,0.84,-18,19,37,51
7,r_154_127_72,r_10_98_184,r_51_1_104,r_154_127_72,0.6,112,184,72,51
45,r_7_52_63,r_16_128_161,r_90_2_87,r_7_52_63,0.94,0,63,63,51
19,r_68_155_117,r_148_86_45,r_41_73_18,r_41_73_18,0.92,99,117,18,51
15,r_42_6_54,r_77_49_136,r_19_136_106,r_42_6_54,0.8,68,122,54,51
11,r_116_159_156,r_37_135_14,r_79_134_150,r_116_159_156,0.89,0,156,156,51
11,r_116_159_156,r_16_128_161,r_37_135_14,r_37_135_14,0.98,1,15,14,51
45,r_7_52_63,r_90_2_87,r_27_24_75,r_7_52_63,0.58,24,87,63,51
36,r_5_157_55,r_88_26_199,r_77_49_136,r_5_157_55,0.86,0,55,55,51
31,r_110_106_146,seq64,seq119,r_110_106_146,0.79,0,146,146,51
41,r_151_0_127,r_76_48_149,r_44_102_38,r_151_0_127,0.68,-4,123,127,51
10,r_61_25_93,r_23_122_88,seq146,r_23_122_88,1.0,0,88,88,51
26,r_35_107_98,seq38,seq133,r_35_107_98,1.0,0,98,98,51
27,r_63_11_15,r_124_67_143,seq97,r_63_11_15,1.0,0,15,15,51
4,r_79_134_150,r_66_33_154,r_124_67_143,r_124_67_143,0.84,10,153,143,51
0,r_36_13_62,r_79_134_150,seq144,r_36_13_62,1.0,0,62,62,51
15,r_42_6_54,r_151_0_127,r_77_49_136,r_42_6_54,0.93,1,55,54,51
48,r_75_18_142,r_137_39_77,r_5_157_55,r_137_39_77,0.71,66,143,77,51
57,r_60_74_181,seq17,r_123_53_50,r_123_53_50,1.0,131,181,50,51
12,r_10_98_184,r_154_127_72,r_37_135_14,r_10_98_184,0.83,0,184,184,51
13,r_77_49_136,r_5_157_55,seq55,r_77_49_136,0.85,0,136,136,51
73,seq152,seq70,r_139_29_12,r_139_29_12,0.98,7,19,12,51
37,r_16_128_161,r_145_58_129,seq15,r_145_58_129,0.9,-9,120,129,51
20,r_37_135_14,r_142_108_96,r_116_159_156,r_37_135_14,0.75,0,14,14,51
36,r_5_157_55,r_77_49_136,r_75_18_142,r_5_157_55,0.62,82,137,55,51
13,r_77_49_136,r_36_13_62,r_5_157_55,r_77_49_136,0.87,-81,55,136,51
14,r_19_136_106,r_27_24_75,r_57_149_155,r_57_149_155,0.93,3,158,155,51
51,r_125_12_37,r_131_72_133,r_20_78_86,r_125_12_37,0.99,97,134,37,51
47,r_82_96_170,r_129_43_187,r_37_135_14,r_129_43_187,0.43,-17,170,187,51
52,r_92_126_78,r_57_149_155,r_28_69_116,r_92_126_78,0.63,45,123,78,51
40,r_145_58_129,r_16_128_161,r_19_136_106,r_145_58_129,0.79,1,130,129,51
18,r_34_65_114,r_28_69_116,seq141,r_34_65_114,0.83,0,114,114,51
29,r_27_24_75,r_91_120_166,r_7_52_63,r_27_24_75,1.0,0,75,75,51
24,r_90_2_87,r_22_40_74,r_7_52_63,r_7_52_63,0.58,2,65,63,51
35,r_131_72_133,r_125_12_37,r_34_65_114,r_131_72_133,0.98,1,134,133,51
25,r_23_122_88,r_61_25_93,seq152,r_23_122_88,0.96,0,88,88,51
33,r_80_104_139,seq130,r_117_30_21,r_80_104_139,0.86,0,139,139,51
58,r_14_71_134,r_89_113_2,r_123_53_50,r_14_71_134,0.6,1,135,134,51
37,r_16_128_161,seq15,r_79_134_150,r_16_128_161,1.0,2,163,161,51
20,r_37_135_14,r_116_159_156,seq15,r_116_159_156,1.0,0,156,156,51
42,r_76_48_149,r_151_0_127,seq9,r_151_0_127,0.71,1,128,127,51
38,r_22_40_74,r_90_2_87,seq115,r_22_40_74,0.83,0,74,74,51
52,r_92_126_78,r_91_120_166,r_57_149_155,r_92_126_78,1.0,0,78,78,51
22,r_41_73_18,r_44_102_38,r_89_113_2,r_41_73_18,0.98,0,18,18,51
34,r_139_29_12,r_37_135_14,seq152,r_139_29_12,0.99,-1,11,12,51
2,r_132_50_39,r_137_39_77,seq111,r_132_50_39,1.0,0,39,39,51
17,r_20_78_86,r_51_1_104,r_125_12_37,r_20_78_86,1.0,0,86,86,51
94,seq111,r_154_127_72,seq147,r_154_127_72,1.0,0,72,72,51
56,r_89_113_2,r_51_1_104,r_41_73_18,r_89_113_2,1.0,37,39,2,51
28,r_124_67_143,seq130,r_79_134_150,r_124_67_143,0.66,2,145,143,51
91,seq97,r_88_26_199,r_85_105_26,r_85_105_26,1.0,52,78,26,51
24,r_90_2_87,r_7_52_63,seq4,r_90_2_87,0.99,0,87,87,51
7,r_154_127_72,seq111,r_10_98_184,r_154_127_72,1.0,0,72,72,51
44,r_3_32_107,r_28_69_116,seq147,r_3_32_107,0.98,0,107,107,51
35,r_131_72_133,r_91_120_166,r_125_12_37,r_125_12_37,1.0,6,43,37,51
82,seq64,r_110_106_146,r_51_1_104,r_51_1_104,0.5,42,146,104,51
66,seq15,r_16_128_161,r_37_135_14,r_37_135_14,0.65,6,20,14,51
12,r_10_98_184,seq46,r_154_127_72,r_154_127_72,1.0,24,96,72,51
3,r_44_102_38,r_28_69_116,r_54_56_198,r_44_102_38,0.98,0,38,38,51
30,r_61_97_154,seq95,r_152_48_112,r_61_97_154,0.5,0,154,154,52
36,r_76_32_199,r_143_123_179,r_108_9_144,r_108_9_144,0.89,37,181,144,52
16,r_47_119_27,r_143_123_179,seq28,r_47_119_27,1.0,0,27,27,52
8,r_19_130_180,seq78,r_93_29_157,r_93_29_157,0.98,23,180,157,52
53,r_12_101_138,r_138_72_190,r_49_0_54,r_49_0_54,0.56,84,138,54,52
43,r_42_121_126,seq30,r_35_74_101,r_42_121_126,0.92,0,126,126,52
37,r_115_92_177,r_137_51_114,r_77_113_187,r_137_51_114,1.0,1,115,114,52
45,r_8_16_181,r_108_9_144,r_50_151_167,r_8_16_181,0.9,0,181,181,52
55,r_137_51_114,r_115_92_177,seq87,r_137_51_114,0.98,1,115,114,52
21,r_108_9_144,seq52,r_8_16_181,r_108_9_144,0.92,0,144,144,52
1,r_155_70_161,r_93_29_157,seq129,r_93_29_157,0.97,0,157,157,52
97,seq118,r_6_102_147,r_41_4_93,r_41_4_93,0.92,54,147,93,52
5,r_24_69_99,r_20_18_5,seq84,r_24_69_99,0.96,0,99,99,52
7,r_13_63_50,seq22,r_143_123_179,r_13_63_50,0.87,5,55,50,52
21,r_108_9_144,r_8_16_181,r_77_113_187,r_108_9_144,0.64,42,186,144,52
45,r_8_16_181,r_99_107_148,r_108_9_144,r_108_9_144,0.6,4,148,144,52
19,r_79_57_107,r_91_133_110,r_110_148_12,r_110_148_12,0.99,97,109,12,52
72,seq34,r_24_69_99,r_145_135_51,r_24_69_99,0.64,-48,51,99,52
41,r_158_146_66,seq52,r_90_56_184,r_158_146_66,0.97,0,66,66,52
89,seq94,r_132_53_155,r_40_80_65,r_40_80_65,1.0,1,66,65,52
3,r_59_154_70,seq22,seq26,r_59_154_70,1.0,0,70,70,52
26,r_43_33_163,seq68,r_140_21_139,r_43_33_163,0.45,0,163,163,52
51,r_85_75_49,r_122_139_69,seq52,r_85_75_49,1.0,0,49,49,52
11,r_49_0_54,r_77_113_187,r_20_18_5,r_49_0_54,0.95,0,54,54,52
4,r_41_4_93,seq73,seq118,r_41_4_93,0.99,1,94,93,52
25,r_20_18_5,r_24_69_99,r_49_0_54,r_20_18_5,0.64,49,54,5,52
0,r_126_82_183,seq39,r_81_111_73,r_81_111_73,1.0,1,74,73,52
63,seq10,r_105_114_129,seq129,r_105_114_129,1.0,0,129,129,52
20,r_11_60_100,r_35_74_101,r_126_82_183,r_11_60_100,1.0,2,102,100,52
13,r_93_29_157,r_155_70_161,r_132_53_155,r_93_29_157,0.93,0,157,157,52
54,r_122_139_69,r_59_154_70,r_138_72_190,r_122_139_69,1.0,0,69,69,52
15,r_138_72_190,seq58,r_24_69_99,r_24_69_99,0.53,91,190,99,52
54,r_122_139_69,r_85_75_49,r_59_154_70,r_85_75_49,0.97,-1,48,49,52
57,r_99_107_148,r_8_16_181,r_105_114_129,r_99_107_148,0.61,0,148,148,52
6,r_40_80_65,seq62,seq94,r_40_80_65,1.0,0,65,65,52
9,r_44_17_36,seq83,r_47_119_27,r_44_17_36,1.0,0,36,36,52
27,r_144_98_172,r_20_18_5,r_41_4_93,r_41_4_93,0.99,79,172,93,52
2,r_77_113_187,seq26,r_108_9_144,r_108_9_144,0.96,43,187,144,52
41,r_158_146_66,r_90_56_184,r_131_141_134,r_131_141_134,0.99,25,159,134,52
47,r_156_54_171,seq153,seq15,r_156_54_171,0.61,1,172,171,52
76,seq55,seq15,r_2_149_61,r_2_149_61,1.0,-6,55,61,52
40,r_90_56_184,seq87,r_126_82_183,r_90_56_184,0.37,0,184,184,52
74,seq39,r_126_82_183,r_38_150_83,r_38_150_83,1.0,11,94,83,52
33,r_37_104_130,r_140_21_139,seq55,r_37_104_130,1.0,3,133,130,52
58,r_81_111_73,r_77_113_187,r_126_82_183,r_81_111_73,0.97,-1,72,73,52
70,seq30,r_42_121_126,seq118,r_42_121_126,0.98,0,126,126,52
65,seq22,r_89_14_196,r_35_74_101,r_35_74_101,0.97,-5,96,101,52
38,r_50_151_167,seq27,r_67_157_46,r_67_157_46,0.5,121,167,46,52
77,seq58,r_138_72_190,r_122_139_69,r_122_139_69,1.0,121,190,69,52
34,r_106_128_153,seq117,r_79_57_107,r_79_57_107,0.86,50,157,107,52
17,r_38_150_83,seq153,seq39,r_38_150_83,0.94,0,83,83,52
37,r_115_92_177,r_77_113_187,r_131_141_134,r_115_92_177,0.8,0,177,177,52
28,r_105_114_129,seq10,seq22,r_105_114_129,0.97,0,129,129,52
54,r_122_139_69,r_138_72_190,seq58,r_138_72_190,0.96,-12,178,190,52
49,r_5_45_62,seq71,seq83,r_5_45_62,1.0,0,62,62,52
56,r_132_53_155,seq94,r_93_29_157,r_132_53_155,0.82,0,155,155,52
44,r_136_46_78,r_24_69_99,r_110_148_12,r_136_46_78,0.96,1,79,78,52
23,r_152_48_112,seq78,r_137_51_114,r_152_48_112,0.97,1,113,112,52
39,r_145_135_51,r_43_33_163,seq34,r_145_135_51,0.63,-5,46,51,52
35,r_35_74_101,r_11_60_100,seq22,r_35_74_101,0.97,-7,94,101,52
42,r_110_148_12,r_126_82_183,seq87,r_110_148_12,0.93,0,12,12,52
12,r_131_141_134,r_115_92_177,r_158_146_66,r_131_141_134,0.48,0,134,134,52
48,r_2_149_61,seq58,seq55,r_2_149_61,0.63,-10,51,61,52
36,r_78_109_151,seq8,r_79_30_74,r_78_109_151,0.94,1,152,151,53
8,r_99_54_189,r_84_17_136,r_66_23_93,r_99_54_189,0.74,-52,137,189,53
4,r_62_65_26,r_77_80_152,seq154,r_62_65_26,0.91,0,26,26,53
43,r_11_133_114,r_56_89_109,r_156_73_86,r_11_133_114,1.0,0,114,114,53
54,r_146_46_165,seq50,seq125,r_146_46_165,0.68,0,165,165,53
37,r_35_104_181,seq16,r_105_126_106,r_105_126_106,0.65,76,182,106,53
59,r_57_5_173,seq10,r_25_55_97,r_25_55_97,0.6,76,173,97,53
55,r_156_73_86,seq3,seq6,r_156_73_86,1.0,0,86,86,53
21,r_48_74_67,seq50,seq107,r_48_74_67,1.0,0,67,67,53
1,r_51_76_92,seq129,r_4_128_79,r_51_76_92,1.0,0,92,92,53
5,r_149_19_55,r_121_110_90,r_82_98_8,r_82_98_8,0.88,91,99,8,53
46,r_113_142_158,r_11_133_114,r_66_23_93,r_113_142_158,0.67,-59,99,158,53
42,r_121_110_90,seq125,seq158,r_121_110_90,0.79,0,90,90,53
69,seq16,r_35_104_181,r_14_18_157,r_14_18_157,0.74,25,182,157,53
45,r_32_75_145,r_49_42_161,r_69_13_50,r_32_75_145,0.51,0,145,145,53
15,r_4_128_79,r_78_109_151,r_149_19_55,r_4_128_79,0.51,-21,58,79,53
27,r_67_123_56,r_69_13_50,r_63_40_166,r_67_123_56,1.0,-2,54,56,53
25,r_136_127_36,r_14_18_157,r_151_64_19,r_136_127_36,1.0,0,36,36,53
27,r_67_123_56,r_63_40_166,r_14_18_157,r_67_123_56,0.83,111,167,56,53
61,seq1,r_71_139_135,r_120_47_42,r_120_47_42,0.61,5,47,42,53
38,r_63_40_166,r_67_123_56,seq159,r_63_40_166,0.73,1,167,166,53
31,r_56_89_109,r_11_133_114,seq50,r_11_133_114,0.98,0,114,114,53
41,r_134_43_112,seq154,seq153,r_134_43_112,1.0,1,113,112,53
3,r_38_100_95,r_121_110_90,r_4_128_79,r_121_110_90,0.96,8,98,90,53
10,r_14_18_157,seq12,r_77_80_152,r_14_18_157,0.99,0,157,157,53
26,r_49_42_161,seq6,r_105_126_106,r_49_42_161,0.61,0,161,161,53
72,seq22,r_25_55_97,r_136_127_36,r_136_127_36,1.0,63,99,36,53
15,r_4_128_79,r_149_19_55,seq152,r_4_128_79,0.92,0,79,79,53
11,r_147_150_168,seq0,r_146_46_165,r_147_150_168,0.68,2,170,168,53
12,r_120_47_42,r_63_40_166,seq1,r_120_47_42,0.66,8,50,42,53
13,r_86_138_180,r_96_118_171,r_79_30_74,r_79_30_74,1.0,97,171,74,53
46,r_113_142_158,r_66_23_93,seq131,r_113_142_158,1.0,1,159,158,53
48,r_60_117_69,r_11_133_114,seq7,r_60_117_69,1.0,0,69,69,53
19,r_106_124_18,r_57_5_173,seq145,r_106_124_18,1.0,0,18,18,53
30,r_26_41_111,seq145,r_120_47_42,r_26_41_111,0.9,-13,98,111,53
87,seq72,seq90,r_58_83_101,r_58_83_101,1.0,55,156,101,53
22,r_79_30_74,r_86_138_180,r_44_102_46,r_86_138_180,0.99,4,184,180,53
2,r_105_126_106,r_86_138_180,seq3,r_105_126_106,1.0,0,106,106,53
47,r_15_148_139,r_86_138_180,r_25_55_97,r_15_148_139,0.66,1,140,139,53
18,r_97_36_187,r_77_80_152,r_82_98_8,r_82_98_8,0.65,179,187,8,53
24,r_141_122_153,seq131,r_27_116_144,r_141_122_153,0.99,2,155,153,53
8,r_99_54_189,r_66_23_93,r_62_65_26,r_99_54_189,0.97,0,189,189,53
64,seq7,seq90,r_60_117_69,r_60_117_69,1.0,78,147,69,53
82,seq50,r_146_46_165,r_56_89_109,r_146_46_165,0.92,-26,139,165,53
50,r_66_23_93,r_92_101_117,r_113_142_158,r_66_23_93,0.79,1,94,93,53
68,seq12,r_14_18_157,r_130_61_75,r_130_61_75,0.97,82,157,75,53
32,r_130_61_75,seq115,seq12,r_130_61_75,1.0,0,75,75,53
38,r_63_40_166,r_97_36_187,r_67_123_56,r_67_123_56,1.0,18,74,56,53
52,r_27_116_144,seq103,seq159,r_27_116_144,0.96,0,144,144,53
77,seq158,seq91,r_121_110_90,r_121_110_90,0.45,15,105,90,53
70,seq145,r_111_52_7,r_106_124_18,r_106_124_18,0.91,1,19,18,53
13,r_86_138_180,r_79_30_74,r_48_74_67,r_79_30_74,0.76,108,182,74,53
34,r_93_132_11,r_58_83_101,seq125,r_93_132_11,1.0,0,11,11,53
60,seq0,r_147_150_168,r_79_30_74,r_79_30_74,0.92,96,170,74,53
17,r_37_20_39,r_84_17_136,seq53,r_84_17_136,0.97,-7,129,136,53
40,r_44_102_46,r_155_21_188,seq129,r_44_102_46,0.99,0,46,46,53
50,r_66_23_93,r_113_142_158,r_37_20_39,r_113_142_158,1.0,1,159,158,53
16,r_69_13_50,r_67_123_56,seq87,r_67_123_56,0.93,-3,53,56,53
22,r_79_30_74,r_94_29_138,r_86_138_180,r_79_30_74,0.97,0,74,74,53
28,r_92_101_117,seq153,seq103,r_92_101_117,0.84,2,119,117,53
91,seq91,seq158,r_143_39_123,r_143_39_123,1.0,0,123,123,53
6,r_9_34_10,r_141_122_153,seq107,r_9_34_10,0.87,1,11,10,53
7,r_157_88_131,r_35_104_181,r_14_18_157,r_14_18_157,0.51,-4,153,157,53
7,r_157_88_131,r_14_18_157,r_143_39_123,r_157_88_131,0.52,33,164,131,53
23,r_84_17_136,r_99_54_189,r_69_13_50,r_84_17_136,0.95,1,137,136,53
82,seq50,r_48_74_67,r_146_46_165,r_48_74_67,1.0,0,67,67,53
57,r_85_31_12,r_25_55_97,seq59,r_85_31_12,0.9,0,12,12,53
33,r_151_64_19,r_141_122_153,r_111_52_7,r_151_64_19,1.0,0,19,19,53
44,r_140_119_53,seq8,r_106_124_18,r_140_119_53,1.0,0,53,53,53
93,seq110,seq15,r_18_48_194,r_18_48_194,0.76,-80,114,194,54
30,r_145_20_178,r_68_72_33,r_139_75_148,r_139_75_148,0.41,30,178,148,54
36,r_14_64_109,seq79,r_58_2_73,r_14_64_109,0.99,0,109,109,54
14,r_139_75_148,seq36,r_101_138_102,r_139_75_148,0.86,0,148,148,54
8,r_56_44_88,seq118,r_77_41_41,r_56_44_88,1.0,0,88,88,54
53,r_115_134_86,seq76,seq45,r_115_134_86,0.99,0,86,86,54
43,r_87_8_66,r_80_7_117,seq36,r_87_8_66,0.97,0,66,66,54
37,r_59_150_128,r_145_20_178,seq120,r_59_150_128,0.91,0,128,128,54
3,r_25_78_59,r_82_135_177,r_114_140_129,r_114_140_129,0.98,32,161,129,54
55,r_16_24_183,seq79,r_39_124_140,r_39_124_140,0.9,4,144,140,54
39,r_130_96_152,seq147,seq110,r_130_96_152,0.92,0,152,152,54
42,r_123_12_173,r_73_6_196,r_127_51_70,r_123_12_173,0.45,0,173,173,54
26,r_58_2_73,r_158_119_75,r_14_64_109,r_14_64_109,0.94,14,123,109,54
69,seq36,r_139_75_148,r_87_8_66,r_87_8_66,1.0,82,148,66,54
45,r_17_74_118,seq155,seq13,r_17_74_118,0.97,0,118,118,54
16,r_144_0_165,r_19_53_124,r_16_24_183,r_19_53_124,0.59,-94,30,124,54
96,seq118,seq90,r_107_91_11,r_107_91_11,0.9,45,56,11,54
31,r_125_57_150,r_142_157_171,r_129_11_121,r_125_57_150,0.79,1,151,150,54
90,seq104,r_39_124_140,r_25_78_59,r_39_124_140,0.54,-2,138,140,54
17,r_39_124_140,r_16_24_183,seq79,r_16_24_183,0.95,0,183,183,54
26,r_58_2_73,r_29_92_95,r_158_119_75,r_58_2_73,0.93,0,73,73,54
72,seq45,r_39_124_140,r_115_134_86,r_115_134_86,0.99,54,140,86,54
16,r_144_0_165,r_16_24_183,r_9_10_87,r_9_10_87,0.49,7,94,87,54
4,r_143_4_64,r_125_57_150,r_137_88_21,r_143_4_64,1.0,0,64,64,54
0,r_60_27_82,seq62,seq13,r_60_27_82,0.99,0,82,82,54
63,seq147,r_130_96_152,r_100_141_13,r_130_96_152,1.0,0,152,152,54
13,r_142_157_171,r_38_131_175,seq54,r_142_157_171,0.55,1,172,171,54
93,seq110,r_18_48_194,r_130_96_152,r_130_96_152,0.79,2,154,152,54
15,r_114_140_129,r_142_157_171,r_25_78_59,r_25_78_59,0.62,70,129,59,54
48,r_38_131_175,r_142_157_171,r_139_75_148,r_142_157_171,0.84,1,172,171,54
76,seq55,r_109_70_182,r_26_111_16,r_26_111_16,0.99,-1,15,16,54
57,r_137_88_21,r_143_4_64,r_105_42_130,r_105_42_130,1.0,3,133,130,54
99,seq126,seq118,r_83_146_105,r_83_146_105,1.0,39,144,105,54
27,r_80_7_117,seq106,r_109_70_182,r_80_7_117,1.0,0,117,117,54
1,r_49_99_12,r_19_53_124,r_1_112_4,r_49_99_12,0.74,0,12,12,54
57,r_137_88_21,r_80_7_117,r_143_4_64,r_143_4_64,0.99,-1,63,64,54
38,r_19_53_124,r_33_152_96,r_101_138_102,r_19_53_124,0.98,1,125,124,54
40,r_46_67_134,r_18_48_194,r_101_138_102,r_46_67_134,0.95,0,134,134,54
41,r_154_81_9,r_143_4_64,r_77_41_41,r_154_81_9,0.96,1,10,9,54
24,r_101_138_102,r_109_70_182,seq71,r_101_138_102,0.83,2,104,102,54
34,r_9_10_87,r_144_0_165,r_33_152_96,r_9_10_87,0.67,78,165,87,54
25,r_97_159_122,r_158_119_75,seq90,r_97_159_122,0.99,0,122,122,54
33,r_105_42_130,r_68_72_33,r_137_88_21,r_68_72_33,0.87,97,130,33,54
3,r_25_78_59,seq155,r_82_135_177,r_25_78_59,0.54,0,59,59,54
50,r_127_51_70,seq40,seq120,r_127_51_70,0.99,4,74,70,54
58,r_83_146_105,seq132,seq126,r_83_146_105,1.0,0,105,105,54
54,r_95_121_42,seq15,seq148,r_95_121_42,1.0,0,42,42,54
70,seq37,r_128_5_170,r_68_72_33,r_128_5_170,0.73,1,171,170,54
9,r_28_34_62,r_69_151_7,seq89,r_28_34_62,0.99,1,63,62,54
35,r_94_133_29,r_145_20_178,r_100_141_13,r_94_133_29,1.0,0,29,29,54
32,r_18_48_194,r_43_50_114,seq110,r_43_50_114,0.74,0,114,114,54
38,r_19_53_124,seq110,r_33_152_96,r_33_152_96,0.93,1,97,96,54
52,r_129_11_121,r_23_22_50,seq40,r_129_11_121,0.96,4,125,121,54
77,seq61,seq148,r_65_21_79,r_65_21_79,1.0,7,86,79,54
47,r_93_3_44,r_80_7_117,r_29_92_95,r_29_92_95,0.85,-50,45,95,54
34,r_9_10_87,r_18_48_194,r_144_0_165,r_144_0_165,0.7,-76,89,165,54
28,r_69_151_7,r_28_34_62,seq31,r_28_34_62,1.0,1,63,62,54
46,r_113_98_40,seq103,r_29_92_95,r_113_98_40,0.87,10,50,40,54
97,seq120,r_127_51_70,r_59_150_128,r_59_150_128,1.0,4,132,128,54
17,r_39_124_140,seq45,r_16_24_183,r_39_124_140,0.87,0,140,140,54
16,r_144_0_165,r_9_10_87,seq103,r_144_0_165,0.95,0,165,165,54
22,r_136_102_164,seq148,r_58_2_73,r_58_2_73,1.0,99,172,73,54
41,r_154_81_9,r_77_41_41,seq15,r_77_41_41,0.56,0,41,41,54
18,r_77_41_41,r_19_53_124,seq132,r_77_41_41,0.99,0,41,41,54
49,r_82_135_177,seq86,r_59_150_128,r_59_150_128,0.67,49,177,128,54
57,r_137_88_21,r_28_34_62,r_80_7_117,r_137_88_21,0.91,0,21,21,54
56,r_43_50_114,r_18_48_194,r_101_138_102,r_43_50_114,1.0,0,114,114,54
7,r_65_21_79,r_142_157_171,seq61,r_65_21_79,1.0,0,79,79,54
11,r_32_156_52,seq52,seq15,r_32_156_52,1.0,0,52,52,54
23,r_128_5_170,seq37,r_130_96_152,r_128_5_170,0.67,0,170,170,54
41,r_154_81_9,seq15,r_33_152_96,r_33_152_96,1.0,12,108,96,54
55,r_16_24_183,r_39_124_140,r_26_111_16,r_16_24_183,0.89,0,183,183,54
82,seq76,r_115_134_86,seq117,r_115_134_86,1.0,0,86,86,54
12,r_33_152_96,r_158_119_75,r_154_81_9,r_33_152_96,0.94,0,96,96,54
29,r_107_91_11,seq117,seq118,r_107_91_11,0.55,0,11,11,54
5,r_26_111_16,r_139_75_148,seq55,r_26_111_16,0.75,-1,15,16,54
6,r_153_149_48,r_23_22_50,seq52,r_153_149_48,1.0,0,48,48,54
93,seq109,r_125_114_108,r_159_9_97,r_159_9_97,0.95,14,111,97,55
36,r_13_134_169,r_154_89_185,r_48_50_78,r_13_134_169,0.35,4,173,169,55
8,r_8_51_83,r_79_31_85,r_47_7_73,r_79_31_85,1.0,-2,83,85,55
53,r_125_114_108,r_74_127_178,seq133,r_125_114_108,0.7,3,111,108,55
54,r_154_89_185,seq76,r_37_132_20,r_37_132_20,0.9,170,190,20,55
19,r_116_68_54,r_55_85_44,r_103_144_184,r_116_68_54,0.51,127,181,54,55
86,seq75,r_48_50_78,r_37_132_20,r_48_50_78,0.61,11,89,78,55
16,r_129_90_82,seq54,r_14_32_79,r_14_32_79,0.8,3,82,79,55
21,r_25_153_125,seq16,seq44,r_25_153_125,0.51,3,128,125,55
39,r_78_120_145,seq66,r_77_5_157,r_78_120_145,0.71,4,149,145,55
1,r_95_146_116,r_88_148_104,seq143,r_95_146_116,0.91,3,119,116,55
5,r_4_140_81,seq33,r_87_45_41,r_87_45_41,0.57,51,92,41,55
42,r_142_157_91,seq39,r_29_145_51,r_142_157_91,1.0,2,93,91,55
80,seq61,r_80_131_181,seq64,r_80_131_181,0.83,1,182,181,55
46,r_18_101_31,seq44,seq110,r_18_101_31,0.93,4,35,31,55
63,seq133,seq94,r_103_144_184,r_103_144_184,0.38,-104,80,184,55
45,r_159_9_97,r_88_148_104,seq109,r_159_9_97,1.0,0,97,97,55
30,r_55_85_44,r_138_46_39,seq21,r_55_85_44,1.0,0,44,44,55
19,r_116_68_54,r_19_26_126,r_55_85_44,r_116_68_54,0.97,7,61,54,55
13,r_81_58_172,r_62_23_15,r_79_31_85,r_81_58_172,0.89,2,174,172,55
76,seq44,r_59_69_168,r_96_115_84,r_96_115_84,1.0,57,141,84,55
31,r_14_32_79,r_97_98_117,r_56_124_198,r_14_32_79,1.0,1,80,79,55
90,seq104,r_96_115_84,seq143,r_96_115_84,1.0,2,86,84,55
48,r_130_53_52,seq2,seq123,r_130_53_52,0.97,3,55,52,55
72,seq34,seq118,r_47_7_73,r_47_7_73,1.0,5,78,73,55
14,r_86_149_49,r_4_140_81,r_3_106_63,r_4_140_81,0.66,8,89,81,55
11,r_103_144_184,seq54,r_80_131_181,r_80_131_181,0.56,3,184,181,55
20,r_59_69_168,seq44,r_97_98_117,r_59_69_168,0.36,2,170,168,55
13,r_81_58_172,r_18_101_31,r_62_23_15,r_81_58_172,0.34,-22,150,172,55
15,r_97_98_117,r_14_32_79,seq38,r_14_32_79,1.0,1,80,79,55
40,r_138_46_39,r_79_31_85,seq2,r_138_46_39,0.55,-3,36,39,55
0,r_158_128_66,r_60_126_24,r_156_105_26,r_60_126_24,0.56,66,90,24,55
73,seq155,r_48_50_78,r_36_136_38,r_36_136_38,0.66,10,48,38,55
57,r_56_124_198,r_19_26_126,r_14_32_79,r_56_124_198,0.93,-109,89,198,55
56,r_84_147_17,r_79_31_85,seq2,r_84_147_17,0.92,-6,11,17,55
2,r_79_31_85,seq54,r_81_58_172,r_79_31_85,0.65,93,178,85,55
27,r_43_24_149,seq70,r_4_140_81,r_43_24_149,0.63,2,151,149,55
41,r_71_92_36,seq66,seq0,r_71_92_36,0.8,2,38,36,55
37,r_156_105_26,seq155,r_158_128_66,r_156_105_26,0.9,23,49,26,55
2,r_79_31_85,r_73_99_128,seq54,r_79_31_85,0.93,1,86,85,55
38,r_48_50_78,seq112,r_30_82_131,r_30_82_131,0.65,6,137,131,55
34,r_6_91_19,r_59_69_168,seq57,r_6_91_19,0.98,0,19,19,55
65,seq143,r_36_136_38,seq104,r_36_136_38,1.0,0,38,38,55
18,r_22_135_50,r_125_114_108,r_56_124_198,r_125_114_108,0.91,-40,68,108,55
24,r_3_106_63,r_14_32_79,r_86_149_49,r_14_32_79,0.6,-15,64,79,55
25,r_139_28_138,seq141,r_11_15_95,r_139_28_138,0.82,3,141,138,55
33,r_19_26_126,r_56_124_198,r_142_157_91,r_56_124_198,1.0,-72,126,198,55
63,seq133,r_87_45_41,seq94,r_87_45_41,1.0,-1,40,41,55
64,seq141,r_139_28_138,seq39,r_139_28_138,1.0,3,141,138,55
65,seq143,seq104,r_95_146_116,r_95_146_116,0.99,5,121,116,55
50,r_74_127_178,seq109,r_77_5_157,r_74_127_178,0.48,0,178,178,55
58,r_42_35_129,seq121,r_19_26_126,r_42_35_129,0.65,1,130,129,55
32,r_10_93_74,r_17_119_5,r_138_46_39,r_10_93_74,0.96,0,74,74,55
38,r_48_50_78,seq75,seq112,r_48_50_78,0.74,0,78,78,55
52,r_11_15_95,r_122_113_197,seq66,r_11_15_95,0.91,3,98,95,55
10,r_37_132_20,r_84_147_17,seq75,r_37_132_20,0.94,3,23,20,55
75,seq39,r_142_157_91,seq141,r_142_157_91,1.0,-7,84,91,55
4,r_36_136_38,seq143,seq155,r_36_136_38,1.0,0,38,38,55
26,r_41_137_9,r_158_128_66,seq44,r_41_137_9,0.73,1,10,9,55
49,r_87_45_41,seq133,r_77_5_157,r_87_45_41,1.0,-1,40,41,55
0,r_158_128_66,r_79_31_85,r_60_126_24,r_60_126_24,0.98,13,37,24,55
9,r_30_82_131,seq57,r_48_50_78,r_30_82_131,0.93,0,131,131,55
61,seq1,r_29_145_51,seq104,r_29_145_51,0.99,6,57,51,55
79,seq57,r_74_127_178,r_6_91_19,r_6_91_19,0.98,0,19,19,55
22,r_88_148_104,r_159_9_97,seq121,r_159_9_97,0.78,0,97,97,55
28,r_150_63_93,seq33,r_17_119_5,r_150_63_93,0.89,1,94,93,55
7,r_96_115_84,seq104,seq44,r_96_115_84,1.0,0,84,84,55
23,r_122_113_197,r_11_15_95,r_10_93_74,r_122_113_197,0.87,-99,98,197,55
43,r_29_145_51,seq1,seq0,r_29_145_51,1.0,0,51,51,55
55,r_60_126_24,r_22_135_50,r_158_128_66,r_60_126_24,1.0,0,24,24,55
35,r_73_99_128,r_154_89_185,seq102,r_73_99_128,0.97,0,128,128,55
14,r_86_149_49,r_80_131_181,r_4_140_81,r_86_149_49,0.9,6,55,49,55
84,seq67,r_14_32_79,seq38,r_14_32_79,1.0,-8,71,79,55
55,r_60_126_24,r_158_128_66,r_77_5_157,r_158_128_66,0.7,24,90,66,55
33,r_30_73_45,r_79_139_186,seq127,r_30_73_45,1.0,0,45,45,56
30,r_113_142_78,seq85,seq35,r_113_142_78,1.0,0,78,78,56
23,r_22_95_181,r_148_64_107,r_93_3_17,r_22_95_181,0.96,0,181,181,56
93,seq99,r_16_88_154,r_140_80_11,r_140_80_11,0.57,44,55,11,56
36,r_148_64_107,r_61_155_168,r_22_95_181,r_148_64_107,0.86,2,109,107,56
8,r_123_62_167,seq116,r_49_66_111,r_123_62_167,0.64,0,167,167,56
53,r_77_106_2,seq125,r_19_47_10,r_19_47_10,0.88,110,120,10,56
54,r_114_132_3,r_113_142_78,r_54_105_73,r_113_142_78,0.95,0,78,78,56
37,r_79_139_186,r_103_21_116,r_72_122_46,r_79_139_186,0.97,-70,116,186,56
43,r_107_24_134,r_58_7_158,r_83_149_151,r_58_7_158,0.6,0,158,158,56
51,r_140_80_11,r_126_130_110,seq99,r_140_80_11,0.91,1,12,11,56
55,r_102_101_88,r_55_63_165,r_50_69_49,r_102_101_88,1.0,0,88,88,56
21,r_49_66_111,r_2_26_142,seq14,r_49_66_111,1.0,0,111,111,56
39,r_16_88_154,seq145,r_34_36_29,r_34_36_29,0.91,126,155,29,56
1,r_126_130_110,seq11,r_113_142_78,r_126_130_110,1.0,0,110,110,56
24,r_93_3_17,seq137,seq97,r_93_3_17,1.0,1,18,17,56
19,r_70_39_79,r_83_149_151,r_18_156_1,r_70_39_79,1.0,0,79,79,56
11,r_6_133_90,r_61_155_168,r_44_12_137,r_6_133_90,0.83,69,159,90,56
52,r_104_91_35,r_50_69_49,r_150_5_15,r_104_91_35,0.77,4,39,35,56
95,seq116,r_123_62_167,seq89,r_123_62_167,1.0,0,167,167,56
66,seq145,r_16_88_154,r_140_80_11,r_140_80_11,0.61,168,179,11,56
31,r_83_149_151,seq137,r_2_26_142,r_83_149_151,0.63,0,151,151,56
10,r_109_45_100,r_58_7_158,r_84_117_115,r_109_45_100,0.93,2,102,100,56
92,seq98,seq87,r_129_147_24,r_129_147_24,1.0,-2,22,24,56
78,seq48,r_79_139_186,r_23_15_109,r_23_15_109,0.94,38,147,109,56
11,r_6_133_90,r_79_139_186,r_61_155_168,r_6_133_90,0.96,0,90,90,56
20,r_9_10_117,r_28_119_132,r_103_21_116,r_9_10_117,0.98,3,120,117,56
15,r_54_105_73,seq13,r_114_132_3,r_54_105_73,0.54,0,73,73,56
4,r_17_121_141,r_0_135_172,seq94,r_17_121_141,0.85,0,141,141,56
6,r_61_155_168,seq68,seq118,r_61_155_168,0.72,0,168,168,56
0,r_72_122_46,r_79_139_186,seq48,r_79_139_186,0.97,-25,161,186,56
36,r_148_64_107,r_22_95_181,r_81_65_197,r_148_64_107,0.93,75,182,107,56
42,r_0_135_172,r_120_96_28,r_108_4_36,r_108_4_36,0.89,0,36,36,56
48,r_129_147_24,r_138_41_102,seq98,r_129_147_24,0.94,-2,22,24,56
47,r_28_119_132,r_9_10_117,r_49_66_111,r_49_66_111,0.98,9,120,111,56
40,r_23_15_109,r_43_51_199,seq1,r_23_15_109,0.97,0,109,109,56
29,r_58_7_158,r_123_62_167,seq146,r_58_7_158,1.0,0,158,158,56
56,r_86_25_13,seq82,seq87,r_86_25_13,0.99,0,13,13,56
29,r_58_7_158,r_109_45_100,r_123_62_167,r_109_45_100,0.97,2,102,100,56
25,r_31_67_99,r_71_76_160,seq35,r_31_67_99,1.0,0,99,99,56
34,r_90_143_48,r_55_63_165,seq75,r_90_143_48,1.0,3,51,48,56
7,r_144_134_20,r_112_92_149,seq29,r_144_134_20,0.59,0,20,20,56
13,r_50_69_49,r_22_95_181,seq85,r_50_69_49,1.0,1,50,49,56
59,r_120_96_28,r_0_135_172,r_158_159_39,r_158_159_39,0.65,-3,36,39,56
50,r_103_21_116,r_79_139_186,r_9_10_117,r_103_21_116,1.0,1,117,116,56
42,r_0_135_172,r_108_4_36,r_123_62_167,r_0_135_172,0.71,0,172,172,56
61,seq136,r_112_92_149,r_20_78_74,r_112_92_149,0.93,0,149,149,56
32,r_56_32_113,seq75,r_113_142_78,r_56_32_113,0.9,0,113,113,56
38,r_2_26_142,r_16_88_154,r_107_24_134,r_16_88_154,0.84,-12,142,154,56
77,seq157,r_44_12_137,seq94,r_44_12_137,1.0,0,137,137,56
4,r_17_121_141,r_38_152_92,r_0_135_172,r_38_152_92,0.49,-54,38,92,56
60,seq1,r_79_139_186,r_23_15_109,r_23_15_109,0.98,2,111,109,56
75,seq40,seq35,r_34_36_29,r_34_36_29,1.0,4,33,29,56
17,r_44_12_137,seq157,seq153,r_44_12_137,0.68,0,137,137,56
94,seq100,r_38_152_92,seq37,r_38_152_92,1.0,0,92,92,56
37,r_79_139_186,r_72_122_46,r_17_121_141,r_79_139_186,0.95,0,186,186,56
22,r_55_63_165,seq97,r_128_57_147,r_55_63_165,0.84,0,165,165,56
28,r_112_92_149,seq136,seq14,r_112_92_149,0.58,0,149,149,56
47,r_28_119_132,r_49_66_111,seq137,r_28_119_132,0.96,1,133,132,56
0,r_72_122_46,seq85,r_79_139_186,r_72_122_46,1.0,0,46,46,56
49,r_71_76_160,seq27,r_93_3_17,r_71_76_160,0.54,0,160,160,56
44,r_151_60_77,seq154,r_43_51_199,r_151_60_77,0.99,0,77,77,56
23,r_22_95_181,r_50_69_49,r_83_149_151,r_50_69_49,1.0,1,50,49,56
82,seq68,r_61_155_168,r_138_41_102,r_138_41_102,0.67,68,170,102,56
35,r_38_152_92,seq100,seq11,r_38_152_92,1.0,0,92,92,56
58,r_158_159_39,seq29,seq146,r_158_159_39,1.0,0,39,39,56
12,r_42_131_135,r_22_95_181,r_138_41_102,r_22_95_181,1.0,-44,137,181,56
23,r_22_95_181,r_83_149_151,r_148_64_107,r_148_64_107,0.61,12,119,107,56
40,r_66_129_34,r_136_100_166,r_27_23_133,r_27_23_133,1.0,39,172,133,57
30,r_53_46_78,seq125,seq117,r_53_46_78,1.0,0,78,78,57
51,r_36_8_87,r_84_99_45,r_76_145_192,r_36_8_87,0.4,0,87,87,57
47,r_97_78_114,r_4_159_62,seq158,r_4_159_62,0.47,104,166,62,57
14,r_134_14_77,seq157,seq123,r_134_14_77,1.0,0,77,77,57
53,r_51_96_70,seq39,r_57_150_110,r_57_150_110,1.0,26,136,110,57
28,r_135_18_95,r_121_33_190,r_132_41_116,r_135_18_95,0.99,3,98,95,57
54,r_102_119_178,r_56_120_98,r_74_55_31,r_56_120_98,1.0,0,98,98,57
37,r_6_70_131,r_90_130_149,r_101_45_183,r_90_130_149,0.99,-20,129,149,57
54,r_102_119_178,r_74_55_31,seq133,r_102_119_178,0.92,0,178,178,57
59,r_40_21_74,r_131_91_152,r_118_81_38,r_40_21_74,0.75,0,74,74,57
16,r_101_45_183,r_28_94_105,r_6_70_131,r_28_94_105,0.5,9,114,105,57
21,r_0_44_12,r_156_108_90,r_118_81_38,r_0_44_12,0.92,83,95,12,57
39,r_9_60_113,r_136_100_166,r_106_112_50,r_106_112_50,0.7,63,113,50,57
1,r_95_153_151,seq158,r_135_18_95,r_135_18_95,1.0,56,151,95,57
97,seq123,r_132_41_116,r_134_14_77,r_134_14_77,1.0,0,77,77,57
5,r_103_126_196,r_151_59_159,r_9_60_113,r_9_60_113,0.95,48,161,113,57
46,r_11_144_155,seq31,r_115_124_143,r_11_144_155,0.72,0,155,155,57
42,r_115_124_143,r_79_48_168,r_76_145_192,r_115_124_143,0.61,0,143,143,57
75,seq39,r_51_96_70,r_82_47_21,r_82_47_21,0.99,0,21,21,57
45,r_74_55_31,r_102_119_178,r_28_94_105,r_74_55_31,0.55,75,106,31,57
21,r_0_44_12,r_118_81_38,r_93_122_162,r_93_122_162,0.89,0,162,162,57
19,r_111_154_144,r_103_126_196,r_84_99_45,r_111_154_144,0.53,1,145,144,57
66,seq143,r_137_107_180,seq146,r_137_107_180,0.45,0,180,180,57
40,r_66_129_34,r_53_46_78,r_136_100_166,r_66_129_34,1.0,0,34,34,57
76,seq42,seq73,r_118_81_38,r_118_81_38,1.0,33,71,38,57
31,r_89_65_101,seq149,r_69_54_13,r_89_65_101,0.99,0,101,101,57
41,r_28_94_105,r_101_45_183,r_74_55_31,r_28_94_105,0.64,-1,104,105,57
67,seq146,r_140_38_191,r_3_12_160,r_3_12_160,0.98,1,161,160,57
3,r_142_20_111,r_90_130_149,r_82_47_21,r_142_20_111,0.53,0,111,111,57
10,r_90_130_149,r_148_32_186,r_134_14_77,r_134_14_77,0.91,72,149,77,57
16,r_101_45_183,r_6_70_131,r_95_153_151,r_101_45_183,0.8,0,183,183,57
11,r_131_91_152,seq133,r_29_16_91,r_29_16_91,0.6,62,153,91,57
20,r_50_61_88,r_156_108_90,seq117,r_50_61_88,0.78,0,88,88,57
98,seq125,r_53_46_78,r_132_41_116,r_53_46_78,0.99,0,78,78,57
15,r_156_108_90,r_0_44_12,seq67,r_156_108_90,1.0,0,90,90,57
48,r_57_150_110,seq146,seq127,r_57_150_110,0.48,0,110,110,57
4,r_76_145_192,r_36_8_87,r_115_124_143,r_115_124_143,0.53,0,143,143,57
57,r_29_16_91,seq39,seq72,r_29_16_91,1.0,1,92,91,57
51,r_36_8_87,r_76_145_192,r_115_124_143,r_76_145_192,0.63,-85,107,192,57
62,seq133,r_131_91_152,seq92,r_131_91_152,0.56,1,153,152,57
26,r_116_26_158,r_37_155_29,r_95_153_151,r_37_155_29,0.84,1,30,29,57
99,seq127,seq25,r_57_150_110,r_57_150_110,1.0,14,124,110,57
22,r_106_112_50,r_151_59_159,r_9_60_113,r_9_60_113,0.74,48,161,113,57
47,r_97_78_114,seq19,r_4_159_62,r_97_78_114,0.95,1,115,114,57
37,r_6_70_131,r_101_45_183,r_156_108_90,r_101_45_183,0.77,0,183,183,57
56,r_43_17_23,r_0_44_12,seq10,r_43_17_23,0.94,1,24,23,57
29,r_75_104_102,r_131_91_152,seq1,r_75_104_102,0.94,1,103,102,57
55,r_118_81_38,r_76_145_192,seq73,r_118_81_38,1.0,0,38,38,57
49,r_7_30_24,r_103_126_196,r_37_155_29,r_7_30_24,0.66,2,26,24,57
24,r_148_32_186,r_90_130_149,r_24_63_37,r_90_130_149,0.49,0,149,149,57
25,r_93_122_162,seq71,r_0_44_12,r_93_122_162,0.64,0,162,162,57
33,r_136_100_166,seq72,r_68_152_9,r_68_152_9,0.75,163,172,9,57
28,r_135_18_95,r_6_70_131,r_121_33_190,r_121_33_190,0.58,-144,46,190,57
50,r_56_120_98,r_102_119_178,r_116_26_158,r_56_120_98,0.97,0,98,98,57
32,r_137_107_180,r_103_126_196,seq143,r_103_126_196,0.55,-119,77,196,57
34,r_77_98_81,r_103_126_196,r_66_129_34,r_77_98_81,0.89,1,82,81,57
4,r_76_145_192,r_118_81_38,r_36_8_87,r_118_81_38,1.0,0,38,38,57
17,r_4_159_62,r_142_20_111,seq114,r_4_159_62,1.0,0,62,62,57
22,r_106_112_50,seq73,r_151_59_159,r_106_112_50,1.0,0,50,50,57
9,r_82_47_21,r_24_63_37,seq39,r_24_63_37,0.64,-16,21,37,57
26,r_116_26_158,r_95_153_151,r_56_120_98,r_56_120_98,0.99,-3,95,98,57
50,r_56_120_98,r_116_26_158,seq158,r_116_26_158,0.6,3,161,158,57
96,seq117,seq49,r_50_61_88,r_50_61_88,1.0,7,95,88,57
44,r_2_15_104,r_111_154_144,r_37_155_29,r_37_155_29,0.91,75,104,29,57
26,r_116_26_158,r_56_120_98,seq10,r_116_26_158,0.88,3,161,158,57
35,r_151_59_159,r_103_126_196,r_79_48_168,r_79_48_168,0.69,-7,161,168,57
43,r_37_155_29,r_116_26_158,r_7_30_24,r_37_155_29,1.0,-1,28,29,57
23,r_24_63_37,seq128,seq141,r_24_63_37,0.89,2,39,37,57
84,seq72,r_136_100_166,r_131_91_152,r_131_91_152,0.94,20,172,152,57
54,r_16_148_105,r_64_141_174,r_93_132_58,r_64_141_174,1.0,6,180,174,58
30,r_83_140_195,r_54_102_86,r_46_107_93,r_83_140_195,1.0,-109,86,195,58
36,r_44_120_171,seq19,r_153_72_146,r_153_72_146,0.99,27,173,146,58
14,r_45_11_108,r_81_7_193,seq144,r_45_11_108,0.84,1,109,108,58
8,r_128_49_133,r_139_70_173,seq4,r_128_49_133,0.91,0,133,133,58
53,r_124_99_183,seq2,r_111_40_87,r_124_99_183,0.47,0,183,183,58
43,r_93_132_58,r_33_88_139,seq8,r_93_132_58,1.0,2,60,58,58
58,r_154_62_70,r_16_148_105,r_66_26_110,r_154_62_70,0.93,40,110,70,58
21,r_54_102_86,r_83_140_195,r_146_3_21,r_54_102_86,0.96,0,86,86,58
39,r_135_59_81,r_68_47_199,seq110,r_135_59_81,0.76,1,82,81,58
1,r_111_40_87,r_83_140_195,seq129,r_111_40_87,0.91,0,87,87,58
46,r_56_118_132,seq97,r_48_17_129,r_56_118_132,0.8,0,132,132,58
42,r_36_122_125,seq18,r_87_67_104,r_36_122_125,0.49,3,128,125,58
69,seq18,r_36_122_125,r_32_91_85,r_32_91_85,0.85,43,128,85,58
45,r_147_156_97,r_64_141_174,r_155_6_98,r_147_156_97,0.96,4,101,97,58
24,r_13_105_160,r_42_55_18,r_84_157_4,r_84_157_4,0.71,156,160,4,58
19,r_39_123_101,seq2,seq142,r_39_123_101,0.97,1,102,101,58
93,seq97,r_22_79_96,r_74_73_10,r_74_73_10,0.74,3,13,10,58
40,r_121_0_29,seq71,seq97,r_121_0_29,0.99,0,29,29,58
66,seq142,seq65,r_39_123_101,r_39_123_101,1.0,9,110,101,58
76,seq34,r_100_96_166,r_155_6_98,r_155_6_98,0.87,56,154,98,58
31,r_63_134_126,seq61,r_66_26_110,r_63_134_126,0.84,0,126,126,58
37,r_51_12_33,seq130,seq80,r_51_12_33,1.0,0,33,33,58
67,seq144,seq152,r_45_11_108,r_45_11_108,0.62,5,113,108,58
52,r_64_141_174,r_16_148_105,r_57_78_80,r_64_141_174,0.91,2,176,174,58
23,r_139_70_173,r_22_79_96,r_116_94_40,r_139_70_173,1.0,0,173,173,58
10,r_143_20_147,r_46_107_93,seq61,r_46_107_93,1.0,0,93,93,58
90,seq152,seq144,r_155_6_98,r_155_6_98,1.0,15,113,98,58
24,r_13_105_160,r_63_134_126,r_42_55_18,r_42_55_18,0.8,3,21,18,58
26,r_46_107_93,r_143_20_147,r_83_140_195,r_46_107_93,1.0,0,93,93,58
18,r_53_133_24,r_16_148_105,seq129,r_53_133_24,0.98,0,24,24,58
9,r_103_159_25,r_30_117_32,seq21,r_103_159_25,0.98,2,27,25,58
82,seq71,r_121_0_29,r_42_55_18,r_121_0_29,0.81,0,29,29,58
55,r_116_94_40,r_147_156_97,seq115,r_116_94_40,0.86,0,40,40,58
4,r_113_77_184,r_153_72_146,r_56_118_132,r_113_77_184,0.96,-38,146,184,58
6,r_25_23_31,seq41,r_84_157_4,r_84_157_4,0.7,13,17,4,58
0,r_109_52_84,seq95,r_68_47_199,r_109_52_84,0.71,0,84,84,58
63,seq4,r_13_105_160,r_128_49_133,r_128_49_133,0.96,11,144,133,58
73,seq24,r_81_7_193,r_29_38_47,r_29_38_47,1.0,27,74,47,58
11,r_37_69_120,seq142,r_63_134_126,r_37_69_120,0.84,3,123,120,58
54,r_16_148_105,seq158,r_154_62_70,r_154_62_70,0.87,8,78,70,58
57,r_14_35_156,r_64_141_174,r_56_118_132,r_14_35_156,0.6,2,158,156,58
12,r_33_88_139,seq152,seq129,r_33_88_139,1.0,0,139,139,58
28,r_98_90_37,r_109_52_84,seq152,r_98_90_37,1.0,0,37,37,58
85,seq80,r_68_47_199,r_60_114_111,r_60_114_111,1.0,10,121,111,58
5,r_42_55_18,r_13_105_160,r_137_10_167,r_137_10_167,0.94,5,172,167,58
27,r_22_79_96,r_60_114_111,seq89,r_22_79_96,0.98,0,96,96,58
87,seq85,seq144,r_98_90_37,r_98_90_37,0.93,36,73,37,58
47,r_100_96_166,seq34,r_13_105_160,r_100_96_166,0.83,2,168,166,58
15,r_30_117_32,r_84_157_4,r_1_125_116,r_30_117_32,0.96,1,33,32,58
54,r_16_148_105,r_53_133_24,seq158,r_53_133_24,0.7,2,26,24,58
74,seq27,r_81_7_193,seq24,r_81_7_193,0.67,-29,164,193,58
25,r_155_6_98,r_87_67_104,seq34,r_155_6_98,0.85,3,101,98,58
33,r_60_114_111,r_56_118_132,seq80,r_60_114_111,0.97,1,112,111,58
4,r_113_77_184,r_56_118_132,seq61,r_113_77_184,0.96,0,184,184,58
58,r_154_62_70,r_64_141_174,r_16_148_105,r_154_62_70,0.97,1,71,70,58
3,r_29_38_47,r_113_77_184,seq24,r_29_38_47,0.99,0,47,47,58
61,seq2,r_124_99_183,r_30_117_32,r_30_117_32,0.74,152,184,32,58
38,r_153_72_146,r_113_77_184,r_121_0_29,r_153_72_146,0.97,0,146,146,58
98,seq115,r_36_122_125,r_116_94_40,r_116_94_40,0.82,0,40,40,58
52,r_64_141_174,r_14_35_156,r_16_148_105,r_16_148_105,0.86,22,127,105,58
34,r_48_17_129,seq61,r_56_118_132,r_48_17_129,0.89,3,132,129,58
98,seq115,r_116_94_40,r_57_78_80,r_57_78_80,1.0,3,83,80,58
5,r_42_55_18,r_22_79_96,r_13_105_160,r_42_55_18,0.96,0,18,18,58
59,r_146_3_21,r_147_156_97,r_103_159_25,r_146_3_21,0.97,6,27,21,58
10,r_143_20_147,seq61,r_84_157_4,r_143_20_147,0.8,2,149,147,58
17,r_87_67_104,seq41,r_68_47_199,r_87_67_104,0.93,0,104,104,58
54,r_16_148_105,r_154_62_70,r_64_141_174,r_16_148_105,0.99,0,105,105,58
28,r_98_90_37,seq152,seq24,r_98_90_37,0.65,116,153,37,58
13,r_126_138_17,r_13_105_160,seq75,r_126_138_17,0.77,0,17,17,58
49,r_28_101_164,seq61,seq158,r_28_101_164,0.47,0,164,164,58
7,r_32_91_85,seq108,seq18,r_32_91_85,0.96,0,85,85,58
44,r_137_10_167,seq21,r_42_55_18,r_42_55_18,0.66,151,169,18,58
23,r_139_70_173,r_128_49_133,r_22_79_96,r_139_70_173,0.68,-40,133,173,58
35,r_66_26_110,seq19,r_154_62_70,r_66_26_110,1.0,0,110,110,58
12,r_33_88_139,r_93_132_58,seq152,r_93_132_58,1.0,6,64,58,58
30,r_84_56_107,r_35_19_152,seq52,r_84_56_107,0.8,3,110,107,59
51,r_20_125_78,r_27_3_113,seq151,r_20_125_78,1.0,0,78,78,59
58,r_90_65_51,r_139_154_124,seq7,r_90_65_51,1.0,0,51,51,59
33,r_113_83_34,seq82,r_35_19_152,r_113_83_34,1.0,1,35,34,59
8,r_1_64_62,r_159_92_193,r_119_89_24,r_1_64_62,0.99,0,62,62,59
53,r_75_117_108,r_137_30_80,r_87_74_53,r_75_117_108,0.45,-31,77,108,59
43,r_6_59_187,r_135_85_82,r_76_41_33,r_6_59_187,0.97,-104,83,187,59
14,r_35_19_152,r_84_56_107,r_113_83_34,r_113_83_34,0.96,11,45,34,59
54,r_156_16_190,seq57,r_113_83_34,r_113_83_34,0.99,156,190,34,59
59,r_126_149_154,r_79_86_175,r_25_118_14,r_126_149_154,0.56,0,154,154,59
16,r_142_122_144,seq52,seq42,r_142_122_144,0.96,1,145,144,59
21,r_104_105_166,r_132_34_179,r_22_78_32,r_22_78_32,1.0,148,180,32,59
39,r_135_85_82,r_6_59_187,seq82,r_135_85_82,1.0,1,83,82,59
1,r_79_86_175,r_104_105_166,r_35_19_152,r_104_105_166,0.59,9,175,166,59
5,r_28_45_98,r_116_133_123,r_20_125_78,r_20_125_78,0.94,21,99,78,59
42,r_31_55_138,r_73_153_178,seq12,r_31_55_138,0.95,0,138,138,59
29,r_76_41_33,seq62,r_46_38_195,r_76_41_33,1.0,0,33,33,59
55,r_14_8_55,r_147_94_150,r_113_83_34,r_14_8_55,1.0,1,56,55,59
80,seq36,r_51_145_167,r_23_43_140,r_23_43_140,0.73,29,169,140,59
45,r_93_134_71,r_147_94_150,r_25_118_14,r_147_94_150,0.49,-1,149,150,59
19,r_152_26_172,r_71_127_173,r_27_3_113,r_27_3_113,0.86,59,172,113,59
33,r_113_83_34,r_35_19_152,r_14_8_55,r_113_83_34,0.99,118,152,34,59
38,r_2_54_139,r_136_91_27,seq130,r_2_54_139,0.99,0,139,139,59
97,seq112,seq131,r_17_29_176,r_17_29_176,0.61,2,178,176,59
9,r_33_9_22,r_142_122_144,seq5,r_33_9_22,0.95,1,23,22,59
41,r_136_91_27,r_128_140_10,r_2_54_139,r_136_91_27,0.85,7,34,27,59
31,r_60_80_94,seq21,seq68,r_60_80_94,1.0,0,94,94,59
36,r_87_74_53,r_120_40_121,r_25_118_14,r_87_74_53,0.56,0,53,53,59
3,r_23_43_140,seq88,r_31_55_138,r_23_43_140,0.99,0,140,140,59
10,r_96_53_146,seq42,seq155,r_96_53_146,0.78,2,148,146,59
90,seq82,r_17_29_176,r_135_85_82,r_135_85_82,1.0,7,89,82,59
50,r_100_99_56,r_139_154_124,r_120_40_121,r_100_99_56,1.0,0,56,56,59
26,r_61_32_20,r_2_54_139,r_95_44_69,r_95_44_69,0.78,10,79,69,59
6,r_137_30_80,r_75_117_108,seq21,r_137_30_80,0.92,0,80,80,59
14,r_35_19_152,r_113_83_34,r_20_125_78,r_35_19_152,0.69,0,152,152,59
4,r_51_145_167,seq36,r_124_77_59,r_124_77_59,0.84,110,169,59,59
18,r_73_153_178,seq121,r_137_30_80,r_73_153_178,1.0,0,178,178,59
38,r_2_54_139,r_61_32_20,r_136_91_27,r_136_91_27,0.72,2,29,27,59
13,r_159_92_193,r_67_13_83,r_81_102_15,r_67_13_83,0.93,0,83,83,59
98,seq121,r_73_153_178,r_96_53_146,r_96_53_146,0.88,3,149,146,59
56,r_66_114_50,r_139_154_124,r_120_40_121,r_66_114_50,0.98,71,121,50,59
15,r_67_13_83,r_159_92_193,r_100_99_56,r_67_13_83,1.0,0,83,83,59
48,r_18_143_184,seq130,r_137_30_80,r_18_143_184,0.56,-1,183,184,59
53,r_75_117_108,r_87_74_53,r_60_80_94,r_60_80_94,0.5,15,109,94,59
50,r_100_99_56,r_120_40_121,r_67_13_83,r_100_99_56,0.99,36,92,56,59
6,r_137_30_80,r_115_97_61,r_75_117_108,r_115_97_61,0.99,1,62,61,59
62,seq130,r_18_143_184,r_71_127_173,r_71_127_173,0.74,10,183,173,59
85,seq57,r_156_16_190,r_120_40_121,r_120_40_121,1.0,69,190,121,59
99,seq123,seq151,r_124_77_59,r_124_77_59,1.0,14,73,59,59
56,r_66_114_50,r_27_3_113,r_139_154_124,r_66_114_50,1.0,0,50,50,59
47,r_111_39_36,seq112,seq42,r_111_39_36,1.0,0,36,36,59
20,r_81_102_15,r_147_94_150,r_159_92_193,r_81_102_15,1.0,0,15,15,59
2,r_120_40_121,seq12,r_66_114_50,r_120_40_121,1.0,0,121,121,59
41,r_136_91_27,r_2_54_139,seq88,r_2_54_139,0.99,-5,134,139,59
40,r_48_70_137,seq68,seq47,r_48_70_137,0.74,0,137,137,59
18,r_73_153_178,r_31_55_138,seq121,r_31_55_138,0.93,0,138,138,59
25,r_27_3_113,seq11,r_46_38_195,r_27_3_113,0.62,0,113,113,59
43,r_6_59_187,r_76_41_33,r_115_97_61,r_6_59_187,0.55,0,187,187,59
11,r_46_38_195,r_1_64_62,r_76_41_33,r_46_38_195,0.86,-136,59,195,59
0,r_103_106_19,r_46_38_195,seq101,r_103_106_19,1.0,0,19,19,59
57,r_119_89_24,seq123,r_17_29_176,r_119_89_24,0.96,-1,23,24,59
52,r_49_108_185,seq52,r_128_140_10,r_49_108_185,0.42,0,185,185,59
57,r_119_89_24,r_17_29_176,r_115_97_61,r_115_97_61,1.0,115,176,61,59
34,r_148_58_90,seq7,r_95_44_69,r_148_58_90,1.0,0,90,90,59
97,seq112,r_111_39_36,seq131,r_111_39_36,1.0,3,39,36,59
65,seq5,r_152_26_172,r_33_9_22,r_33_9_22,0.77,-1,21,22,59
46,r_124_77_59,seq62,seq123,r_124_77_59,1.0,0,59,59,59
91,seq88,r_23_43_140,r_33_9_22,r_23_43_140,0.65,0,140,140,59
37,r_37_72_30,seq5,r_104_105_166,r_37_72_30,0.99,1,31,30,59
24,r_22_78_32,r_95_44_69,r_104_105_166,r_22_78_32,1.0,0,32,32,59
49,r_116_133_123,seq158,r_20_125_78,r_116_133_123,0.96,0,123,123,59
7,r_69_141_92,r_23_43_140,seq68,r_69_141_92,0.88,1,93,92,59
44,r_132_34_179,r_104_105_166,r_14_8_55,r_132_34_179,0.51,1,180,179,59
23,r_95_44_69,seq151,r_61_32_20,r_95_44_69,0.98,0,69,69,59
35,r_17_29_176,seq82,r_119_89_24,r_119_89_24,0.89,7,31,24,59
12,r_139_154_124,r_156_16_190,seq88,r_139_154_124,0.99,1,125,124,59
40,r_137_84_31,r_146_95_167,r_133_110_169,r_137_84_31,0.79,138,169,31,60
40,r_137_84_31,r_81_92_113,r_146_95_167,r_137_84_31,1.0,0,31,31,60
30,r_125_67_157,seq9,r_149_68_52,r_149_68_52,0.91,107,159,52,60
51,r_133_110_169,r_74_20_182,r_35_15_158,r_133_110_169,0.8,2,171,169,60
36,r_35_15_158,r_118_142_65,r_21_104_189,r_118_142_65,1.0,2,67,65,60
9,r_157_147_19,r_38_13_123,r_2_5_49,r_2_5_49,0.99,79,128,49,60
8,r_83_36_85,seq24,seq42,r_83_36_85,0.9,3,88,85,60
53,r_138_8_107,r_12_103_176,r_120_89_83,r_12_103_176,0.67,-68,108,176,60
43,r_134_29_88,r_80_59_111,r_23_79_106,r_80_59_111,0.5,-40,71,111,60
54,r_148_30_193,r_57_65_192,r_17_132_147,r_17_132_147,0.79,14,161,147,60
37,r_63_121_159,r_60_50_199,seq93,r_60_50_199,0.52,-36,163,199,60
59,r_53_94_68,r_17_132_147,seq119,r_53_94_68,0.67,5,73,68,60
86,seq88,r_150_128_140,r_118_142_65,r_118_142_65,1.0,77,142,65,60
16,r_7_102_78,seq85,r_31_37_43,r_7_102_78,1.0,6,84,78,60
39,r_118_142_65,r_35_15_158,seq88,r_118_142_65,1.0,1,66,65,60
1,r_112_136_114,r_107_22_129,r_10_27_37,r_112_136_114,0.62,0,114,114,60
22,r_114_154_35,r_81_92_113,r_152_135_25,r_114_154_35,1.0,0,35,35,60
5,r_44_26_64,r_125_67_157,seq14,r_44_26_64,0.99,3,67,64,60
46,r_21_104_189,seq42,r_83_36_85,r_83_36_85,1.0,34,119,85,60
42,r_73_86_180,r_81_92_113,r_156_6_45,r_73_86_180,0.53,0,180,180,60
80,seq66,r_107_22_129,seq33,r_107_22_129,0.98,1,130,129,60
45,r_74_20_182,seq106,r_112_136_114,r_112_136_114,0.84,68,182,114,60
23,r_146_95_167,seq19,r_17_132_147,r_146_95_167,0.97,2,169,167,60
58,r_149_68_52,seq62,seq72,r_149_68_52,0.96,-2,50,52,60
19,r_96_159_171,r_99_47_179,r_4_108_116,r_4_108_116,0.98,55,171,116,60
6,r_107_22_129,r_35_15_158,r_145_90_148,r_35_15_158,0.91,1,159,158,60
18,r_31_37_43,r_35_15_158,r_75_127_150,r_31_37_43,1.0,0,43,43,60
43,r_134_29_88,r_23_79_106,r_156_6_45,r_134_29_88,0.66,24,112,88,60
31,r_145_90_148,seq130,r_107_22_129,r_145_90_148,0.72,4,152,148,60
41,r_23_79_106,seq119,seq43,r_23_79_106,0.66,1,107,106,60
10,r_1_11_143,r_146_95_167,r_112_136_114,r_146_95_167,0.72,-24,143,167,60
3,r_39_158_30,r_10_27_37,seq105,r_39_158_30,1.0,0,30,30,60
26,r_4_108_116,r_143_140_51,seq106,r_4_108_116,1.0,0,116,116,60
11,r_98_100_36,r_75_127_150,seq119,r_98_100_36,0.96,5,41,36,60
4,r_120_89_83,seq93,seq116,r_120_89_83,1.0,0,83,83,60
12,r_38_13_123,r_21_104_189,r_157_147_19,r_157_147_19,0.99,2,21,19,60
20,r_109_113_80,r_49_91_141,seq116,r_109_113_80,1.0,0,80,80,60
13,r_32_54_63,r_146_95_167,seq58,r_32_54_63,0.99,0,63,63,60
46,r_21_104_189,r_83_36_85,r_109_113_80,r_21_104_189,0.84,0,189,189,60
15,r_49_91_141,r_145_90_148,seq58,r_145_90_148,0.64,-7,141,148,60
48,r_3_144_90,r_60_50_199,seq106,r_3_144_90,1.0,1,91,90,60
96,seq119,r_23_79_106,r_98_100_36,r_98_100_36,1.0,5,41,36,60
57,r_75_127_150,seq115,r_156_6_45,r_75_127_150,0.79,0,150,150,60
12,r_38_13_123,r_157_147_19,r_83_36_85,r_83_36_85,1.0,43,128,85,60
6,r_107_22_129,r_112_136_114,seq66,r_112_136_114,0.88,0,114,114,60
18,r_31_37_43,r_75_127_150,r_7_102_78,r_7_102_78,0.83,1,79,78,60
33,r_2_5_49,seq33,r_157_147_19,r_2_5_49,1.0,1,50,49,60
43,r_134_29_88,seq61,r_137_84_31,r_134_29_88,0.59,87,175,88,60
87,seq93,seq130,r_63_121_159,r_63_121_159,0.97,1,160,159,60
36,r_35_15_158,r_21_104_189,r_107_22_129,r_107_22_129,0.86,-1,128,129,60
9,r_157_147_19,r_1_11_143,r_38_13_123,r_157_147_19,0.98,1,20,19,60
87,seq93,r_120_89_83,seq130,r_120_89_83,1.0,0,83,83,60
47,r_143_140_51,r_21_104_189,r_2_5_49,r_2_5_49,1.0,86,135,49,60
43,r_134_29_88,r_156_6_45,seq61,r_134_29_88,0.59,51,139,88,60
74,seq52,r_21_104_189,r_83_36_85,r_83_36_85,1.0,104,189,85,60
25,r_60_50_199,r_63_121_159,r_44_26_64,r_44_26_64,0.99,68,132,64,60
7,r_155_82_23,r_81_92_113,r_153_139_5,r_155_82_23,0.94,0,23,23,60
50,r_17_132_147,r_53_94_68,seq62,r_53_94_68,0.98,5,73,68,60
6,r_107_22_129,seq66,r_35_15_158,r_107_22_129,0.92,-1,128,129,60
70,seq42,r_21_104_189,r_38_13_123,r_21_104_189,0.82,-52,137,189,60
83,seq77,seq55,r_138_8_107,r_138_8_107,0.93,5,112,107,60
65,seq24,r_83_36_85,seq40,r_83_36_85,0.99,3,88,85,60
38,r_141_45_186,seq14,r_80_59_111,r_80_59_111,0.71,78,189,111,60
52,r_150_128_140,seq88,r_80_59_111,r_150_128_140,0.47,2,142,140,60
44,r_10_27_37,seq72,seq131,r_10_27_37,0.97,0,37,37,60
34,r_34_69_166,seq19,seq33,r_34_69_166,0.53,1,167,166,60
81,seq70,r_56_151_181,r_112_136_114,r_112_136_114,1.0,67,181,114,60
17,r_71_78_133,seq25,r_12_103_176,r_71_78_133,0.95,0,133,133,60
21,r_156_6_45,r_44_26_64,seq105,r_156_6_45,1.0,1,46,45,60
50,r_17_132_147,seq62,r_148_30_193,r_17_132_147,0.92,1,148,147,60
49,r_46_129_161,r_56_151_181,r_107_22_129,r_56_151_181,0.43,-20,161,181,60
56,r_12_103_176,r_138_8_107,seq61,r_138_8_107,0.99,1,108,107,60
23,r_146_95_167,r_1_11_143,seq19,r_1_11_143,0.82,0,143,143,60
8,r_83_36_85,seq42,r_38_13_123,r_83_36_85,0.41,59,144,85,60
82,seq72,seq88,r_76_0_62,r_76_0_62,1.0,14,76,62,60
35,r_56_151_181,seq70,r_49_91_141,r_49_91_141,0.63,40,181,141,60
36,r_35_15_158,r_107_22_129,r_156_6_45,r_35_15_158,0.96,1,159,158,60
55,r_152_135_25,seq93,seq9,r_152_135_25,0.82,-4,21,25,60
30,r_42_32_109,r_46_91_85,r_36_16_153,r_46_91_85,0.98,0,85,85,61
51,r_141_47_104,r_142_110_188,seq88,r_141_47_104,0.98,3,107,104,61
36,r_114_2_166,r_140_7_199,r_139_69_113,r_139_69_113,1.0,53,166,113,61
19,r_3_99_86,r_4_125_17,r_34_73_148,r_3_99_86,0.59,69,155,86,61
14,r_145_41_133,seq57,r_25_67_33,r_145_41_133,0.76,0,133,133,61
8,r_36_16_153,r_37_29_164,r_83_143_47,r_37_29_164,0.78,-11,153,164,61
54,r_118_150_102,seq100,seq137,r_118_150_102,0.8,0,102,102,61
3,r_5_63_35,r_1_64_87,r_131_44_177,r_5_63_35,0.98,0,35,35,61
37,r_122_107_141,r_68_138_127,seq10,r_68_138_127,0.95,-5,122,127,61
3,r_5_63_35,r_131_44_177,seq39,r_131_44_177,0.98,-31,146,177,61
59,r_76_45_137,r_136_49_146,seq35,r_76_45_137,0.73,0,137,137,61
98,seq124,r_13_62_135,r_25_67_33,r_25_67_33,1.0,13,46,33,61
32,r_149_30_40,r_152_111_184,seq26,r_149_30_40,0.99,5,45,40,61
16,r_23_66_156,seq82,r_20_92_63,r_20_92_63,0.95,96,159,63,61
1,r_46_91_85,r_42_32_109,r_4_125_17,r_46_91_85,1.0,0,85,85,61
42,r_108_14_98,r_139_69_113,r_115_60_22,r_108_14_98,0.74,1,99,98,61
25,r_109_133_37,seq59,r_25_67_33,r_25_67_33,0.53,4,37,33,61
7,r_115_60_22,r_142_110_188,r_108_14_98,r_108_14_98,1.0,30,128,98,61
69,seq26,r_18_105_147,r_77_158_72,r_77_158_72,0.97,28,100,72,61
45,r_20_92_63,r_152_111_184,r_8_38_61,r_20_92_63,1.0,1,64,63,61
30,r_42_32_109,r_36_16_153,seq159,r_42_32_109,0.94,0,109,109,61
21,r_84_154_39,r_72_21_93,seq55,r_84_154_39,0.89,6,45,39,61
10,r_4_125_17,r_1_64_87,r_93_78_114,r_93_78_114,0.63,-99,15,114,61
24,r_94_132_19,r_13_62_135,r_123_147_111,r_123_147_111,1.0,-20,91,111,61
19,r_3_99_86,r_1_64_87,r_4_125_17,r_4_125_17,0.56,81,98,17,61
27,r_68_138_127,r_86_79_41,seq159,r_68_138_127,0.92,1,128,127,61
18,r_134_80_121,r_87_103_67,seq19,r_134_80_121,0.99,1,122,121,61
9,r_87_103_67,r_134_80_121,seq85,r_134_80_121,0.6,1,122,121,61
31,r_34_73_148,seq121,r_3_99_86,r_3_99_86,0.94,68,154,86,61
67,seq19,r_48_102_70,r_74_130_160,r_48_102_70,0.64,0,70,70,61
50,r_25_67_33,r_46_91_85,seq124,r_25_67_33,0.89,0,33,33,61
7,r_115_60_22,r_48_102_70,r_142_110_188,r_115_60_22,0.9,0,22,22,61
20,r_83_143_47,r_36_16_153,seq129,r_83_143_47,0.95,0,47,47,61
26,r_77_158_72,r_72_21_93,r_149_30_40,r_72_21_93,0.9,-20,73,93,61
4,r_70_120_103,r_140_7_199,r_1_64_87,r_1_64_87,1.0,18,105,87,61
11,r_136_49_146,seq57,r_18_105_147,r_136_49_146,0.37,2,148,146,61
13,r_13_62_135,seq124,r_118_150_102,r_13_62_135,0.6,1,136,135,61
53,r_93_78_114,r_149_30_40,r_4_125_17,r_93_78_114,0.77,-69,45,114,61
15,r_139_69_113,seq39,seq146,r_139_69_113,1.0,0,113,113,61
57,r_74_130_160,r_8_38_61,r_94_132_19,r_8_38_61,0.62,9,70,61,61
27,r_68_138_127,r_122_107_141,r_86_79_41,r_86_79_41,1.0,14,55,41,61
5,r_142_110_188,r_115_60_22,r_1_64_87,r_1_64_87,1.0,103,190,87,61
10,r_4_125_17,r_93_78_114,r_46_91_85,r_4_125_17,0.68,80,97,17,61
53,r_93_78_114,r_4_125_17,seq61,r_93_78_114,0.98,0,114,114,61
87,seq82,r_23_66_156,r_65_89_128,r_65_89_128,0.99,31,159,128,61
2,r_98_153_183,seq137,r_87_103_67,r_98_153_183,0.43,3,186,183,61
83,seq59,r_109_133_37,seq121,r_109_133_37,0.87,4,41,37,61
47,r_65_89_128,seq159,seq82,r_65_89_128,0.91,0,128,128,61
18,r_134_80_121,r_12_119_105,r_87_103_67,r_134_80_121,0.63,-55,66,121,61
29,r_18_105_147,seq26,r_136_49_146,r_18_105_147,0.48,2,149,147,61
33,r_50_22_189,r_24_31_69,seq61,r_24_31_69,0.99,1,70,69,61
5,r_142_110_188,r_1_64_87,r_115_60_22,r_142_110_188,0.87,-165,23,188,61
58,r_6_81_112,r_142_110_188,seq117,r_6_81_112,0.42,0,112,112,61
68,seq137,r_98_153_183,r_118_150_102,r_118_150_102,0.77,-2,100,102,61
38,r_112_28_162,seq35,r_23_66_156,r_23_66_156,0.86,6,162,156,61
52,r_8_38_61,r_74_130_160,r_20_92_63,r_20_92_63,0.67,5,68,63,61
57,r_74_130_160,r_94_132_19,r_84_154_39,r_74_130_160,0.41,-1,159,160,61
34,r_48_102_70,seq19,r_84_154_39,r_48_102_70,0.85,0,70,70,61
75,seq35,r_112_28_162,r_76_45_137,r_76_45_137,0.9,25,162,137,61
17,r_116_15_197,r_122_107_141,r_1_64_87,r_1_64_87,0.97,27,114,87,61
9,r_87_103_67,seq157,r_134_80_121,r_87_103_67,0.64,20,87,67,61
43,r_131_44_177,r_139_69_113,r_5_63_35,r_131_44_177,0.93,-121,56,177,61
28,r_24_31_69,r_50_22_189,seq33,r_24_31_69,1.0,1,70,69,61
24,r_94_132_19,r_1_64_87,r_13_62_135,r_94_132_19,0.74,-4,15,19,61
80,seq55,seq19,r_84_154_39,r_84_154_39,0.54,6,45,39,61
49,r_123_147_111,r_139_69_113,r_94_132_19,r_94_132_19,0.93,89,108,19,61
44,r_12_119_105,seq128,r_135_127_15,r_12_119_105,0.86,-5,100,105,61
23,r_135_127_15,seq157,r_12_119_105,r_12_119_105,0.85,2,107,105,61
35,r_37_29_164,r_36_16_153,r_77_158_72,r_36_16_153,0.61,0,153,153,61
30,r_47_118_74,r_84_42_173,seq20,r_47_118_74,0.96,-6,68,74,62
36,r_93_73_175,seq8,seq133,r_93_73_175,0.54,2,177,175,62
92,seq95,r_66_147_124,seq14,r_66_147_124,0.74,8,132,124,62
8,r_66_147_124,seq95,r_25_144_65,r_25_144_65,1.0,62,127,65,62
53,r_57_31_176,seq35,r_68_53_98,r_68_53_98,0.95,76,174,98,62
43,r_121_107_112,r_77_112_126,r_21_3_77,r_121_107_112,1.0,1,113,112,62
63,seq8,r_93_73_175,r_24_157_53,r_93_73_175,1.0,2,177,175,62
83,seq61,r_113_127_114,r_85_159_82,r_113_127_114,0.98,1,115,114,62
3,r_88_110_25,seq39,r_130_56_13,r_88_110_25,1.0,-3,22,25,62
55,r_148_116_161,r_125_49_143,r_21_3_77,r_148_116_161,0.77,-18,143,161,62
86,seq81,r_21_3_77,r_25_144_65,r_25_144_65,1.0,15,80,65,62
1,r_34_135_86,seq149,r_124_37_75,r_34_135_86,1.0,1,87,86,62
98,seq117,r_85_159_82,r_24_157_53,r_24_157_53,0.99,-1,52,53,62
46,r_68_53_98,r_71_46_111,r_155_75_182,r_68_53_98,0.86,0,98,98,62
35,r_145_105_30,seq133,seq156,r_145_105_30,1.0,0,30,30,62
60,seq128,r_38_141_91,r_155_75_182,r_38_141_91,0.49,-49,42,91,62
55,r_148_116_161,r_21_3_77,seq39,r_148_116_161,0.97,0,161,161,62
59,r_130_56_13,r_82_10_43,r_88_110_25,r_130_56_13,1.0,10,23,13,62
69,seq20,seq18,r_47_118_74,r_47_118_74,1.0,-6,68,74,62
56,r_79_22_183,r_72_94_57,r_59_131_37,r_79_22_183,1.0,-131,52,183,62
51,r_78_40_71,r_145_105_30,r_47_118_74,r_78_40_71,1.0,2,73,71,62
15,r_119_43_18,r_21_3_77,r_136_16_46,r_119_43_18,0.85,62,80,18,62
62,seq133,r_24_157_53,r_0_139_156,r_24_157_53,1.0,0,53,53,62
51,r_78_40_71,r_47_118_74,r_48_13_103,r_48_13_103,0.72,34,137,103,62
95,seq100,r_51_158_178,seq19,r_51_158_178,0.89,0,178,178,62
76,seq35,seq111,r_71_46_111,r_71_46_111,1.0,40,151,111,62
31,r_101_134_90,seq35,r_64_74_35,r_64_74_35,1.0,62,97,35,62
41,r_122_150_79,r_125_49_143,r_41_29_199,r_122_150_79,0.7,1,80,79,62
11,r_77_112_126,seq39,r_24_157_53,r_77_112_126,0.62,9,135,126,62
51,r_78_40_71,r_104_99_56,r_145_105_30,r_145_105_30,0.47,15,45,30,62
14,r_21_3_77,r_119_43_18,seq33,r_21_3_77,0.95,3,80,77,62
63,seq8,r_58_60_130,r_93_73_175,r_58_60_130,1.0,0,130,130,62
16,r_72_94_57,r_79_22_183,r_130_56_13,r_72_94_57,1.0,0,57,57,62
11,r_77_112_126,r_121_107_112,seq39,r_121_107_112,0.99,1,113,112,62
13,r_67_15_162,r_11_108_47,r_122_150_79,r_122_150_79,1.0,30,109,79,62
56,r_79_22_183,r_59_131_37,seq100,r_79_22_183,0.51,0,183,183,62
46,r_68_53_98,r_155_75_182,r_57_31_176,r_68_53_98,0.97,85,183,98,62
14,r_21_3_77,r_103_114_54,r_119_43_18,r_119_43_18,0.99,0,18,18,62
20,r_154_92_36,r_38_141_91,r_119_43_18,r_119_43_18,0.99,12,30,18,62
57,r_58_60_130,seq8,r_122_150_79,r_58_60_130,0.99,0,130,130,62
6,r_155_75_182,seq132,r_65_69_66,r_155_75_182,0.44,1,183,182,62
10,r_6_123_7,seq18,r_129_120_85,r_129_120_85,1.0,4,89,85,62
27,r_38_141_91,seq44,seq97,r_38_141_91,0.95,1,92,91,62
13,r_67_15_162,r_122_150_79,seq138,r_67_15_162,1.0,0,162,162,62
22,r_59_131_37,r_79_22_183,r_125_49_143,r_125_49_143,0.91,31,174,143,62
47,r_64_74_35,r_113_127_114,r_101_134_90,r_64_74_35,1.0,0,35,35,62
37,r_24_157_53,seq133,seq117,r_24_157_53,1.0,0,53,53,62
40,r_71_46_111,seq19,seq35,r_71_46_111,0.98,0,111,111,62
29,r_48_13_103,seq4,r_78_40_71,r_48_13_103,1.0,3,106,103,62
15,r_119_43_18,r_72_94_57,r_21_3_77,r_119_43_18,0.83,0,18,18,62
24,r_129_120_85,r_151_106_123,r_6_123_7,r_129_120_85,0.95,0,85,85,62
25,r_84_42_173,r_137_115_1,seq86,r_84_42_173,0.67,5,178,173,62
33,r_51_158_178,seq100,r_6_123_7,r_51_158_178,0.61,0,178,178,62
64,seq138,r_148_116_161,r_67_15_162,r_67_15_162,0.54,0,162,162,62
18,r_140_54_19,r_82_10_43,seq50,r_140_54_19,0.52,-5,14,19,62
44,r_32_30_24,seq90,seq91,r_32_30_24,0.86,1,25,24,62
50,r_85_159_82,seq8,seq36,r_85_159_82,0.79,5,87,82,62
20,r_154_92_36,r_119_43_18,r_2_1_94,r_2_1_94,0.54,19,113,94,62
39,r_153_102_12,r_103_114_54,seq111,r_103_114_54,0.58,-42,12,54,62
38,r_98_143_78,r_130_56_13,r_82_10_43,r_130_56_13,1.0,65,78,13,62
77,seq36,seq61,r_85_159_82,r_85_159_82,0.64,-3,79,82,62
4,r_103_114_54,r_47_118_74,r_145_105_30,r_103_114_54,0.9,0,54,54,62
26,r_80_52_48,seq36,seq111,r_80_52_48,0.7,-10,38,48,62
34,r_0_139_156,seq133,r_71_46_111,r_71_46_111,0.91,45,156,111,62
17,r_113_127_114,seq61,seq109,r_113_127_114,1.0,1,115,114,62
94,seq97,seq27,r_38_141_91,r_38_141_91,0.97,1,92,91,62
9,r_65_69_66,r_71_46_111,r_85_159_82,r_71_46_111,0.87,-39,72,111,62
22,r_59_131_37,r_77_112_126,r_79_22_183,r_59_131_37,1.0,0,37,37,62
49,r_125_49_143,r_148_116_161,r_59_131_37,r_125_49_143,0.92,0,143,143,62
0,r_136_16_46,r_104_99_56,r_119_43_18,r_119_43_18,1.0,30,48,18,62
28,r_82_10_43,r_101_134_90,r_98_143_78,r_101_134_90,1.0,-35,55,90,62
7,r_25_144_65,seq156,r_137_115_1,r_25_144_65,1.0,-1,64,65,62
72,seq132,r_2_1_94,r_104_99_56,r_104_99_56,1.0,0,56,56,62
60,seq128,r_155_75_182,r_2_1_94,r_155_75_182,0.84,-23,159,182,62
12,r_2_1_94,r_155_75_182,r_154_92_36,r_2_1_94,0.7,15,109,94,62
52,r_76_83_21,seq18,r_41_29_199,r_76_83_21,1.0,0,21,21,62
36,r_138_62_146,r_101_77_113,r_92_129_8,r_138_62_146,0.61,-33,113,146,63
36,r_138_62_146,r_92_129_8,r_26_52_143,r_138_62_146,1.0,0,146,146,63
8,r_113_64_178,seq133,r_146_136_118,r_146_136_118,1.0,12,130,118,63
53,r_36_111_60,r_113_64_178,seq23,r_36_111_60,1.0,1,61,60,63
54,r_44_21_130,seq11,r_150_84_108,r_44_21_130,0.85,0,130,130,63
37,r_150_84_108,r_138_62_146,r_40_69_84,r_40_69_84,0.53,24,108,84,63
59,r_75_61_158,seq154,seq49,r_75_61_158,0.39,0,158,158,63
71,seq23,r_26_52_143,r_36_111_60,r_36_111_60,1.0,83,143,60,63
16,r_24_145_149,r_98_93_192,r_32_42_119,r_32_42_119,0.84,30,149,119,63
39,r_97_25_77,r_40_69_84,seq33,r_97_25_77,0.48,0,77,77,63
80,seq49,r_30_22_173,r_128_53_55,r_128_53_55,1.0,98,153,55,63
57,r_110_6_15,r_26_52_143,seq130,r_110_6_15,1.0,0,15,15,63
10,r_17_9_57,r_109_90_98,seq50,r_17_9_57,1.0,0,57,57,63
95,seq119,r_85_78_172,r_101_77_113,r_101_77_113,1.0,6,119,113,63
66,seq11,r_44_21_130,r_38_73_117,r_38_73_117,0.98,2,119,117,63
31,r_94_80_188,seq18,r_123_83_175,r_94_80_188,0.32,0,188,188,63
68,seq130,r_13_127_12,r_110_6_15,r_110_6_15,1.0,4,19,15,63
3,r_60_105_121,r_32_42_119,seq31,r_60_105_121,0.97,0,121,121,63
19,r_156_157_25,r_118_141_125,seq74,r_156_157_25,0.99,-1,24,25,63
78,seq39,r_45_14_135,r_128_53_55,r_128_53_55,0.91,24,79,55,63
0,r_146_136_118,r_140_106_62,r_8_148_180,r_140_106_62,0.79,14,76,62,63
63,seq4,r_115_7_124,r_63_137_46,r_63_137_46,0.98,83,129,46,63
11,r_30_22_173,seq49,r_112_51_52,r_112_51_52,1.0,123,175,52,63
13,r_95_58_176,r_35_34_184,r_115_7_124,r_115_7_124,0.81,52,176,124,63
15,r_38_73_117,r_32_42_119,seq11,r_38_73_117,1.0,1,118,117,63
6,r_99_20_101,seq33,r_46_132_191,r_99_20_101,0.99,0,101,101,63
27,r_68_131_75,seq135,r_10_153_9,r_68_131_75,0.99,0,75,75,63
30,r_10_153_9,r_85_78_172,r_68_131_75,r_68_131_75,1.0,4,79,75,63
35,r_139_107_56,seq27,r_10_153_9,r_139_107_56,0.88,0,56,56,63
2,r_118_141_125,r_30_22_173,r_36_111_60,r_30_22_173,1.0,-48,125,173,63
41,r_92_129_8,r_138_62_146,r_76_37_90,r_76_37_90,0.72,56,146,90,63
47,r_152_41_87,r_138_62_146,seq120,r_152_41_87,0.74,8,95,87,63
18,r_114_91_20,r_44_21_130,r_66_124_97,r_114_91_20,0.71,41,61,20,63
34,r_151_15_111,r_35_34_184,r_99_20_101,r_151_15_111,0.57,75,186,111,63
25,r_140_106_62,r_146_136_118,seq125,r_140_106_62,0.96,14,76,62,63
50,r_100_143_165,r_46_132_191,r_24_145_149,r_100_143_165,0.55,0,165,165,63
58,r_85_78_172,seq119,r_144_43_163,r_144_43_163,0.7,9,172,163,63
61,seq1,r_123_83_175,r_97_25_77,r_97_25_77,1.0,27,104,77,63
52,r_55_29_162,seq27,r_92_129_8,r_55_29_162,0.59,0,162,162,63
77,seq33,r_123_83_175,r_97_25_77,r_97_25_77,1.0,98,175,77,63
34,r_151_15_111,seq135,r_35_34_184,r_151_15_111,0.89,3,114,111,63
17,r_144_43_163,seq119,r_85_78_172,r_144_43_163,0.65,-7,156,163,63
9,r_45_14_135,seq39,seq50,r_45_14_135,0.95,0,135,135,63
21,r_108_147_21,r_118_141_125,seq23,r_108_147_21,0.7,0,21,21,63
96,seq120,r_66_124_97,r_152_41_87,r_66_124_97,0.55,0,97,97,63
51,r_47_16_35,r_46_132_191,seq89,r_47_16_35,0.99,0,35,35,63
0,r_146_136_118,r_8_148_180,r_113_64_178,r_146_136_118,0.81,5,123,118,63
22,r_81_122_132,seq28,seq27,r_81_122_132,0.76,1,133,132,63
28,r_8_148_180,seq87,r_40_69_84,r_40_69_84,1.0,97,181,84,63
32,r_109_90_98,r_68_131_75,r_144_43_163,r_144_43_163,0.45,-22,141,163,63
43,r_63_137_46,r_8_148_180,seq48,r_63_137_46,0.56,0,46,46,63
49,r_79_67_92,r_117_82_193,seq2,r_79_67_92,0.98,3,95,92,63
7,r_26_52_143,seq23,r_68_131_75,r_68_131_75,0.66,68,143,75,63
44,r_66_124_97,seq120,r_114_91_20,r_66_124_97,0.99,0,97,97,63
23,r_76_37_90,seq27,r_63_137_46,r_76_37_90,0.99,0,90,90,63
33,r_59_155_22,r_99_20_101,r_110_6_15,r_59_155_22,0.95,4,26,22,63
79,seq48,r_98_93_192,r_63_137_46,r_63_137_46,1.0,36,82,46,63
14,r_112_51_52,seq50,r_156_157_25,r_112_51_52,1.0,0,52,52,63
93,seq102,r_2_152_133,r_71_103_42,r_2_152_133,0.75,0,133,133,64
22,r_115_67_176,r_155_55_118,seq146,r_115_67_176,0.9,0,176,176,64
51,r_120_32_161,seq121,r_14_130_33,r_120_32_161,0.87,0,161,161,64
48,r_3_153_29,r_108_45_144,seq48,r_3_153_29,1.0,2,31,29,64
14,r_96_86_91,seq11,r_16_74_85,r_96_86_91,1.0,0,91,91,64
43,r_129_10_100,r_147_63_155,r_24_132_39,r_129_10_100,0.53,1,101,100,64
54,r_143_98_74,r_19_127_195,seq131,r_143_98_74,1.0,0,74,74,64
59,r_34_79_164,seq157,r_71_103_42,r_34_79_164,0.92,0,164,164,64
5,r_59_73_16,seq11,r_75_39_8,r_59_73_16,0.95,0,16,16,64
21,r_5_138_178,seq48,r_68_113_124,r_68_113_124,0.87,54,178,124,64
39,r_16_74_85,seq145,r_19_127_195,r_16_74_85,0.81,0,85,85,64
1,r_2_152_133,seq102,seq48,r_2_152_133,0.65,0,133,133,64
39,r_16_74_85,r_19_127_195,r_96_86_91,r_16_74_85,0.63,27,112,85,64
46,r_4_35_75,seq20,r_75_39_8,r_4_35_75,0.78,4,79,75,64
42,r_87_7_101,r_111_12_174,r_46_21_149,r_87_7_101,0.98,0,101,101,64
88,seq80,r_115_67_176,seq121,r_115_67_176,1.0,-2,174,176,64
7,r_8_43_27,seq128,r_119_1_86,r_119_1_86,1.0,8,94,86,64
2,r_75_39_8,r_111_12_174,seq157,r_75_39_8,0.98,2,10,8,64
45,r_83_141_171,seq137,seq128,r_83_141_171,0.62,1,172,171,64
25,r_104_81_82,r_54_25_41,r_71_103_42,r_54_25_41,1.0,0,41,41,64
20,r_41_47_199,r_28_136_131,r_144_64_51,r_144_64_51,0.85,2,53,51,64
24,r_100_13_168,seq26,seq92,r_100_13_168,0.78,-14,154,168,64
15,r_54_25_41,r_104_81_82,seq124,r_54_25_41,1.0,0,41,41,64
53,r_93_105_43,seq48,r_31_77_26,r_93_105_43,0.96,0,43,43,64
41,r_155_55_118,seq128,r_115_67_176,r_155_55_118,0.9,0,118,118,64
23,r_71_103_42,r_91_27_95,r_56_116_12,r_91_27_95,0.59,-55,40,95,64
32,r_19_127_195,seq133,r_96_86_91,r_96_86_91,0.59,3,94,91,64
3,r_111_12_174,seq95,seq11,r_111_12_174,0.61,0,174,174,64
10,r_119_1_86,seq94,r_8_43_27,r_119_1_86,1.0,0,86,86,64
90,seq92,r_38_57_138,r_100_13_168,r_38_57_138,0.91,0,138,138,64
26,r_61_90_127,seq146,r_85_97_20,r_61_90_127,0.81,0,127,127,64
4,r_99_84_77,r_158_33_76,seq131,r_99_84_77,0.86,1,78,77,64
81,seq137,r_83_141_171,r_31_77_26,r_31_77_26,0.82,31,57,26,64
11,r_158_33_76,r_99_84_77,seq48,r_158_33_76,0.94,-2,74,76,64
0,r_31_77_26,r_83_141_171,r_93_105_43,r_93_105_43,0.85,1,44,43,64
41,r_155_55_118,r_115_67_176,r_147_63_155,r_115_67_176,0.98,-6,170,176,64
98,seq124,r_69_51_182,r_54_25_41,r_54_25_41,1.0,141,182,41,64
0,r_31_77_26,r_104_81_82,r_83_141_171,r_31_77_26,0.7,0,26,26,64
49,r_144_64_51,r_104_81_82,r_41_47_199,r_144_64_51,0.71,0,51,51,64
37,r_24_132_39,r_2_152_133,seq150,r_24_132_39,1.0,1,40,39,64
27,r_52_6_1,r_107_82_198,r_75_39_8,r_75_39_8,0.95,157,165,8,64
57,r_122_65_47,r_18_154_61,r_85_97_20,r_122_65_47,0.54,0,47,47,64
40,r_46_21_149,r_115_67_176,r_87_7_101,r_46_21_149,0.72,0,149,149,64
88,seq80,r_118_17_102,r_115_67_176,r_118_17_102,0.99,-43,59,102,64
18,r_147_63_155,seq131,r_155_55_118,r_155_55_118,1.0,37,155,118,64
19,r_56_116_12,r_2_152_133,r_71_103_42,r_2_152_133,0.71,-83,50,133,64
24,r_100_13_168,r_134_117_80,seq26,r_134_117_80,1.0,0,80,80,64
33,r_68_113_124,seq88,r_143_98_74,r_68_113_124,0.96,0,124,124,64
50,r_69_51_182,seq124,r_115_67_176,r_115_67_176,0.66,6,182,176,64
68,seq146,r_61_90_127,seq26,r_61_90_127,0.99,0,127,127,64
19,r_56_116_12,r_91_27_95,r_2_152_133,r_56_116_12,0.66,1,13,12,64
61,seq131,r_147_63_155,r_68_113_124,r_68_113_124,0.99,23,147,124,64
32,r_19_127_195,r_143_98_74,seq133,r_143_98_74,0.8,0,74,74,64
38,r_101_151_96,r_40_0_181,seq88,r_101_151_96,1.0,1,97,96,64
52,r_18_154_61,seq26,seq37,r_18_154_61,1.0,1,62,61,64
47,r_14_130_33,r_49_44_125,seq157,r_14_130_33,0.55,0,33,33,64
34,r_49_44_125,seq48,seq20,r_49_44_125,1.0,0,125,125,64
17,r_134_117_80,r_100_13_168,seq156,r_134_117_80,1.0,0,80,80,64
9,r_159_58_70,seq131,r_89_50_64,r_159_58_70,0.48,31,101,70,64
25,r_104_81_82,r_71_103_42,seq145,r_104_81_82,0.7,6,88,82,64
9,r_159_58_70,seq112,seq131,r_159_58_70,0.99,0,70,70,64
22,r_115_67_176,r_46_21_149,r_155_55_118,r_115_67_176,0.81,-37,139,176,64
28,r_114_23_185,seq124,r_100_13_168,r_114_23_185,0.37,0,185,185,64
56,r_89_50_64,r_34_79_164,seq145,r_89_50_64,1.0,0,64,64,64
44,r_28_136_131,r_41_47_199,r_101_151_96,r_101_151_96,0.74,35,131,96,64
7,r_8_43_27,r_18_154_61,seq128,r_8_43_27,0.93,0,27,27,64
35,r_118_17_102,seq80,seq112,r_118_17_102,0.93,0,102,102,64
55,r_85_97_20,r_8_43_27,r_147_63_155,r_85_97_20,0.85,0,20,20,64
12,r_91_27_95,r_147_63_155,seq121,r_91_27_95,0.81,3,98,95,64
58,r_142_148_40,r_2_152_133,seq124,r_142_148_40,1.0,0,40,40,64
55,r_85_97_20,r_147_63_155,r_61_90_127,r_61_90_127,0.86,17,144,127,64
30,r_14_76_114,seq65,r_88_129_116,r_88_129_116,0.53,0,116,116,65
51,r_39_93_118,r_64_104_163,seq54,r_39_93_118,0.96,2,120,118,65
36,r_114_55_132,r_87_37_7,r_34_125_92,r_87_37_7,0.96,125,132,7,65
0,r_58_108_56,seq145,r_123_142_40,r_58_108_56,1.0,-1,55,56,65
53,r_99_107_72,seq6,seq149,r_99_107_72,1.0,1,73,72,65
43,r_137_69_176,r_90_136_79,r_71_43_62,r_137_69_176,0.99,-114,62,176,65
1,r_89_12_18,r_39_93_118,r_1_53_58,r_89_12_18,0.87,43,61,18,65
54,r_106_33_117,r_11_67_144,r_25_56_16,r_25_56_16,0.92,101,117,16,65
3,r_30_36_30,r_132_82_179,r_19_38_64,r_30_36_30,0.67,65,95,30,65
59,r_124_141_71,seq138,seq8,r_124_141_71,1.0,0,71,71,65
55,r_71_43_62,seq5,r_137_69_176,r_71_43_62,0.99,0,62,62,65
71,seq24,seq48,r_7_60_82,r_7_60_82,0.85,9,91,82,65
86,seq65,r_14_76_114,seq62,r_14_76_114,0.99,2,116,114,65
44,r_68_16_108,r_25_56_16,r_89_12_18,r_68_16_108,0.82,0,108,108,65
16,r_40_150_89,r_68_16_108,r_21_41_154,r_40_150_89,0.89,0,89,89,65
39,r_26_74_148,seq145,r_0_13_57,r_0_13_57,1.0,26,83,57,65
5,r_7_60_82,r_28_77_187,seq24,r_7_60_82,0.6,-3,79,82,65
46,r_59_147_151,r_116_155_105,r_127_105_22,r_59_147_151,0.92,-80,71,151,65
42,r_88_129_116,r_2_17_131,r_14_76_114,r_88_129_116,0.98,0,116,116,65
6,r_29_131_50,seq54,seq145,r_29_131_50,1.0,-1,49,50,65
57,r_146_111_41,r_40_150_89,r_39_93_118,r_146_111_41,1.0,0,41,41,65
57,r_146_111_41,r_39_93_118,r_126_63_51,r_39_93_118,0.72,-52,66,118,65
31,r_154_118_55,r_132_82_179,r_126_63_51,r_154_118_55,1.0,1,56,55,65
32,r_21_41_154,r_40_150_89,r_58_108_56,r_21_41_154,0.94,0,154,154,65
45,r_148_49_100,r_75_92_59,seq138,r_148_49_100,0.95,1,101,100,65
9,r_126_63_51,r_94_121_70,r_146_111_41,r_126_63_51,0.49,1,52,51,65
19,r_19_38_64,seq117,r_30_36_30,r_19_38_64,1.0,0,64,64,65
1,r_89_12_18,r_90_136_79,r_39_93_118,r_89_12_18,0.94,1,19,18,65
52,r_123_142_40,r_28_77_187,r_64_104_163,r_123_142_40,1.0,-1,39,40,65
26,r_159_4_24,r_75_92_59,seq130,r_159_4_24,1.0,-1,23,24,65
66,seq144,seq95,r_32_135_15,r_32_135_15,1.0,14,29,15,65
39,r_26_74_148,r_0_13_57,r_140_100_46,r_26_74_148,1.0,5,153,148,65
41,r_23_120_99,seq10,seq42,r_23_120_99,0.7,-2,97,99,65
89,seq73,seq80,r_34_125_92,r_34_125_92,1.0,1,93,92,65
16,r_40_150_89,r_21_41_154,r_110_3_147,r_40_150_89,0.98,65,154,89,65
4,r_94_121_70,seq130,r_29_131_50,r_94_121_70,1.0,-1,69,70,65
11,r_75_92_59,r_148_49_100,seq80,r_148_49_100,0.85,1,101,100,65
20,r_134_83_73,seq149,seq54,r_134_83_73,1.0,0,73,73,65
13,r_116_155_105,r_59_147_151,r_126_63_51,r_59_147_151,1.0,-42,109,151,65
46,r_59_147_151,r_127_105_22,r_86_18_111,r_59_147_151,0.88,0,151,151,65
17,r_25_56_16,r_2_17_131,r_72_133_49,r_25_56_16,0.98,36,52,16,65
52,r_123_142_40,r_64_104_163,r_21_41_154,r_123_142_40,0.73,112,152,40,65
10,r_64_104_163,r_58_108_56,r_11_67_144,r_64_104_163,0.75,0,163,163,65
27,r_90_136_79,seq70,seq96,r_90_136_79,1.0,0,79,79,65
37,r_72_133_49,seq145,r_25_56_16,r_72_133_49,1.0,0,49,49,65
2,r_28_77_187,seq22,r_86_18_111,r_28_77_187,0.45,1,188,187,65
47,r_112_47_177,seq22,r_127_105_22,r_127_105_22,0.55,155,177,22,65
40,r_2_17_131,r_88_129_116,r_25_56_16,r_88_129_116,0.89,-27,89,116,65
29,r_122_91_159,seq152,r_14_76_114,r_122_91_159,0.83,0,159,159,65
28,r_0_13_57,seq51,r_79_113_8,r_0_13_57,1.0,0,57,57,65
24,r_35_157_186,seq101,r_89_12_18,r_35_157_186,0.37,0,186,186,65
44,r_68_16_108,r_89_12_18,r_90_136_79,r_68_16_108,0.35,59,167,108,65
43,r_137_69_176,r_71_43_62,r_94_121_70,r_137_69_176,0.75,0,176,176,65
14,r_32_135_15,r_114_55_132,seq144,r_32_135_15,0.77,2,17,15,65
33,r_132_82_179,r_102_50_96,r_7_60_82,r_132_82_179,0.5,0,179,179,65
48,r_79_113_8,r_26_74_148,r_0_13_57,r_0_13_57,0.98,14,71,57,65
3,r_30_36_30,r_20_31_133,r_132_82_179,r_30_36_30,1.0,-1,29,30,65
50,r_128_61_160,seq45,seq149,r_128_61_160,0.88,2,162,160,65
15,r_1_53_58,r_122_91_159,r_89_12_18,r_1_53_58,1.0,-1,57,58,65
32,r_21_41_154,r_122_91_159,r_40_150_89,r_40_150_89,0.85,-4,85,89,65
38,r_20_31_133,seq42,r_25_56_16,r_20_31_133,0.51,2,135,133,65
40,r_2_17_131,r_25_56_16,r_78_44_6,r_2_17_131,0.99,0,131,131,65
34,r_87_37_7,r_114_55_132,r_154_118_55,r_154_118_55,0.78,77,132,55,65
81,seq52,r_28_77_187,r_15_103_97,r_15_103_97,1.0,56,153,97,65
94,seq96,r_139_119_127,r_90_136_79,r_90_136_79,1.0,4,83,79,65
21,r_140_100_46,r_110_3_147,seq5,r_140_100_46,1.0,0,46,46,65
18,r_127_105_22,r_114_55_132,r_59_147_151,r_127_105_22,0.98,-1,21,22,65
22,r_139_119_127,r_109_85_180,seq48,r_139_119_127,0.89,0,127,127,65
10,r_64_104_163,r_39_93_118,r_58_108_56,r_64_104_163,0.56,-108,55,163,65
49,r_109_85_180,r_139_119_127,r_90_136_79,r_90_136_79,1.0,48,127,79,65
56,r_86_18_111,seq62,seq45,r_86_18_111,0.99,1,112,111,65
7,r_15_103_97,seq65,seq52,r_15_103_97,1.0,0,97,97,65
18,r_127_105_22,r_59_147_151,r_159_4_24,r_59_147_151,0.96,0,151,151,65
44,r_68_16_108,r_40_150_89,r_25_56_16,r_40_150_89,0.86,0,89,89,65
23,r_34_125_92,r_23_120_99,seq73,r_34_125_92,1.0,0,92,92,65
49,r_109_85_180,r_90_136_79,seq62,r_109_85_180,1.0,0,180,180,65
12,r_110_3_147,seq45,seq152,r_110_3_147,0.88,2,149,147,65
55,r_71_43_62,r_137_69_176,r_2_17_131,r_2_17_131,0.91,45,176,131,65
30,r_57_126_104,seq157,seq117,r_57_126_104,0.65,1,105,104,66
9,r_2_29_14,seq48,r_110_70_4,r_110_70_4,0.5,160,164,4,66
14,r_139_108_123,seq99,seq23,r_139_108_123,0.69,2,125,123,66
53,r_152_39_156,seq17,r_38_73_127,r_38_73_127,0.97,15,142,127,66
80,seq58,r_7_4_37,seq101,r_7_4_37,0.68,-3,34,37,66
54,r_69_88_138,r_22_149_161,r_106_21_29,r_69_88_138,0.72,11,149,138,66
37,r_124_3_88,r_36_94_145,seq52,r_124_3_88,0.76,0,88,88,66
59,r_46_140_59,seq157,seq71,r_46_140_59,0.97,2,61,59,66
9,r_2_29_14,r_154_16_139,seq48,r_2_29_14,0.97,0,14,14,66
12,r_55_93_43,seq49,r_38_73_127,r_55_93_43,0.85,-1,42,43,66
16,r_42_65_91,r_136_147_197,seq117,r_42_65_91,0.8,1,92,91,66
21,r_109_37_79,r_154_16_139,r_92_33_31,r_109_37_79,1.0,-5,74,79,66
97,seq118,seq107,r_148_81_75,r_148_81_75,1.0,74,149,75,66
39,r_10_76_132,r_92_33_31,r_1_32_6,r_10_76_132,0.78,-114,18,132,66
5,r_100_77_95,seq113,seq75,r_100_77_95,1.0,1,96,95,66
42,r_111_155_141,seq15,r_136_147_197,r_111_155_141,0.77,0,141,141,66
88,seq142,r_0_67_169,r_104_26_3,r_0_67_169,0.63,8,177,169,66
19,r_62_112_103,r_154_16_139,r_104_26_3,r_62_112_103,0.99,6,109,103,66
43,r_128_116_58,r_111_155_141,r_136_147_197,r_128_116_58,1.0,0,58,58,66
11,r_41_90_133,r_104_26_3,r_95_85_120,r_104_26_3,0.99,130,133,3,66
49,r_80_79_53,r_0_67_169,seq99,r_80_79_53,1.0,0,53,53,66
18,r_66_144_20,r_124_3_88,r_92_33_31,r_66_144_20,0.98,-2,18,20,66
95,seq113,r_100_77_95,r_9_54_39,r_100_77_95,1.0,-15,80,95,66
15,r_106_21_29,seq99,r_34_137_1,r_34_137_1,0.5,29,30,1,66
31,r_151_114_136,seq138,seq107,r_151_114_136,0.81,0,136,136,66
89,seq159,r_13_133_184,r_5_35_26,r_5_35_26,0.98,158,184,26,66
3,r_0_67_169,seq142,r_120_78_112,r_120_78_112,0.97,66,178,112,66
26,r_18_122_124,seq8,seq24,r_18_122_124,0.8,0,124,124,66
60,seq6,r_119_158_183,r_130_40_30,r_130_40_30,1.0,0,30,30,66
4,r_154_16_139,seq107,seq43,r_154_16_139,0.52,1,140,139,66
8,r_5_35_26,r_56_12_196,r_130_40_30,r_5_35_26,0.99,4,30,26,66
0,r_120_78_112,r_132_86_8,r_66_144_20,r_120_78_112,1.0,0,112,112,66
56,r_146_153_81,seq45,r_102_84_42,r_102_84_42,1.0,0,42,42,66
20,r_115_51_128,seq48,seq49,r_115_51_128,1.0,0,128,128,66
13,r_129_156_115,seq17,r_100_77_95,r_129_156_115,1.0,2,117,115,66
48,r_148_81_75,seq59,seq118,r_148_81_75,1.0,4,79,75,66
35,r_7_4_37,seq58,seq157,r_7_4_37,1.0,0,37,37,66
55,r_130_40_30,r_7_4_37,r_5_35_26,r_130_40_30,0.94,0,30,30,66
12,r_55_93_43,r_38_73_127,seq49,r_38_73_127,1.0,0,127,127,66
85,seq75,r_22_149_161,r_100_77_95,r_100_77_95,1.0,22,117,95,66
46,r_92_33_31,r_30_134_70,r_146_153_81,r_30_134_70,0.92,-40,30,70,66
24,r_141_28_94,seq74,seq138,r_141_28_94,0.98,0,94,94,66
25,r_9_54_39,seq11,r_91_25_9,r_9_54_39,0.68,21,60,39,66
36,r_131_47_22,r_154_16_139,seq8,r_131_47_22,1.0,0,22,22,66
88,seq142,r_30_134_70,r_0_67_169,r_30_134_70,1.0,-6,64,70,66
50,r_38_73_127,r_55_93_43,seq159,r_38_73_127,0.83,0,127,127,66
58,r_30_134_70,seq142,seq157,r_30_134_70,1.0,0,70,70,66
32,r_13_133_184,seq159,r_91_25_9,r_91_25_9,0.77,175,184,9,66
10,r_145_19_13,r_120_78_112,seq99,r_145_19_13,0.99,1,14,13,66
38,r_36_94_145,seq71,r_124_3_88,r_124_3_88,0.95,58,146,88,66
52,r_136_147_197,r_42_65_91,r_128_116_58,r_128_116_58,0.99,38,96,58,66
77,seq48,r_115_51_128,r_2_29_14,r_115_51_128,0.83,0,128,128,66
17,r_119_158_183,seq6,r_120_78_112,r_120_78_112,0.99,73,185,112,66
11,r_41_90_133,r_95_85_120,r_104_26_3,r_41_90_133,0.66,-77,56,133,66
28,r_143_61_83,r_151_114_136,r_5_35_26,r_143_61_83,0.8,0,83,83,66
51,r_63_72_40,r_124_3_88,seq157,r_124_3_88,0.84,-48,40,88,66
27,r_102_84_42,seq43,r_146_153_81,r_102_84_42,1.0,0,42,42,66
44,r_22_149_161,r_50_20_199,r_111_155_141,r_111_155_141,0.76,24,165,141,66
81,seq59,seq45,r_92_33_31,r_92_33_31,0.97,-1,30,31,66
29,r_125_64_25,r_154_16_139,r_136_147_197,r_125_64_25,0.85,0,25,25,66
51,r_99_48_141,r_93_25_172,r_47_118_126,r_99_48_141,0.83,1,142,141,67
52,r_7_86_196,seq108,r_103_159_50,r_103_159_50,1.0,1,51,50,67
8,r_143_49_142,seq2,r_52_127_112,r_143_49_142,0.87,0,142,142,67
58,r_16_144_12,r_61_4_125,seq114,r_61_4_125,1.0,0,125,125,67
43,r_61_4_125,r_146_125_133,seq155,r_61_4_125,0.9,0,125,125,67
54,r_55_78_83,r_89_74_90,r_51_30_2,r_55_78_83,1.0,0,83,83,67
37,r_89_74_90,r_55_78_83,r_56_6_5,r_55_78_83,0.94,-1,82,83,67
59,r_137_39_72,r_77_70_110,r_9_101_66,r_137_39_72,0.99,0,72,72,67
19,r_85_84_28,seq131,seq111,r_85_84_28,0.99,0,28,28,67
16,r_157_31_169,seq122,r_9_101_66,r_157_31_169,0.5,-1,168,169,67
21,r_71_88_153,seq138,seq133,r_71_88_153,0.73,6,159,153,67
1,r_67_97_63,r_106_110_121,r_45_29_42,r_67_97_63,1.0,0,63,63,67
97,seq148,r_52_127_112,seq20,r_52_127_112,0.94,-10,102,112,67
38,r_150_105_48,r_120_22_180,seq73,r_150_105_48,1.0,0,48,48,67
5,r_34_28_134,seq3,seq148,r_34_28_134,0.83,3,137,134,67
46,r_21_62_179,r_19_96_182,r_146_125_133,r_19_96_182,0.72,-3,179,182,67
45,r_37_152_129,seq149,r_26_35_88,r_37_152_129,0.73,0,129,129,67
22,r_128_91_190,seq3,r_47_118_126,r_47_118_126,0.73,0,126,126,67
27,r_11_66_10,seq63,r_87_59_93,r_87_59_93,0.73,-5,88,93,67
31,r_60_98_165,seq18,r_116_54_11,r_60_98_165,0.51,0,165,165,67
41,r_146_125_133,r_13_113_113,seq108,r_146_125_133,0.73,1,134,133,67
13,r_116_54_11,r_107_95_94,r_81_32_152,r_116_54_11,0.82,0,11,11,67
20,r_120_22_180,r_150_105_48,r_154_75_65,r_150_105_48,1.0,-6,42,48,67
87,seq79,r_121_132_76,r_116_54_11,r_121_132_76,0.87,-23,53,76,67
26,r_5_134_174,seq155,r_52_127_112,r_5_134_174,0.59,2,176,174,67
72,seq149,r_37_152_129,r_116_54_11,r_37_152_129,0.98,0,129,129,67
42,r_121_132_76,r_85_84_28,r_77_70_110,r_77_70_110,0.55,6,116,110,67
0,r_47_118_126,seq122,r_128_91_190,r_47_118_126,0.77,0,126,126,67
11,r_26_35_88,seq83,r_154_75_65,r_26_35_88,1.0,0,88,88,67
1,r_67_97_63,r_45_29_42,r_128_91_190,r_45_29_42,0.7,60,102,42,67
98,seq122,r_47_118_126,r_8_57_62,r_8_57_62,0.57,0,62,62,67
15,r_107_95_94,seq18,r_45_29_42,r_107_95_94,0.78,0,94,94,67
57,r_117_1_85,r_38_100_130,seq138,r_117_1_85,0.89,-3,82,85,67
13,r_116_54_11,r_81_32_152,r_90_72_74,r_90_72_74,1.0,80,154,74,67
6,r_81_32_152,r_53_104_84,r_90_72_74,r_81_32_152,0.83,-78,74,152,67
48,r_69_112_37,r_43_0_117,r_51_30_2,r_69_112_37,0.93,0,37,37,67
29,r_103_159_50,r_154_75_65,r_7_86_196,r_103_159_50,1.0,0,50,50,67
1,r_67_97_63,r_128_91_190,r_38_100_130,r_67_97_63,0.34,51,114,63,67
53,r_80_44_60,r_153_140_145,seq20,r_153_140_145,1.0,0,145,145,67
30,r_153_140_145,r_80_44_60,seq46,r_153_140_145,0.99,0,145,145,67
2,r_102_15_137,seq115,seq40,r_102_15_137,0.99,1,138,137,67
40,r_53_104_84,r_81_32_152,r_150_105_48,r_53_104_84,0.96,0,84,84,67
93,seq111,r_60_98_165,r_85_84_28,r_85_84_28,0.99,1,29,28,67
24,r_87_59_93,r_99_48_141,r_11_66_10,r_87_59_93,0.99,3,96,93,67
25,r_93_25_172,seq65,r_136_92_43,r_93_25_172,0.59,0,172,172,67
58,r_16_144_12,r_26_35_88,r_61_4_125,r_16_144_12,0.86,1,13,12,67
47,r_154_75_65,r_120_22_180,r_26_35_88,r_26_35_88,0.98,59,147,88,67
50,r_141_68_87,r_26_35_88,r_8_57_62,r_141_68_87,0.59,1,88,87,67
6,r_81_32_152,r_90_72_74,r_80_44_60,r_80_44_60,0.48,94,154,60,67
20,r_120_22_180,r_154_75_65,seq2,r_154_75_65,0.6,115,180,65,67
67,seq142,r_45_29_42,seq119,r_45_29_42,0.64,-4,38,42,67
15,r_107_95_94,r_45_29_42,r_38_100_130,r_38_100_130,0.95,-1,129,130,67
61,seq2,r_143_49_142,r_51_30_2,r_143_49_142,1.0,0,142,142,67
32,r_90_72_74,seq147,r_116_54_11,r_90_72_74,0.93,0,74,74,67
47,r_154_75_65,r_103_159_50,r_120_22_180,r_103_159_50,0.94,-8,42,50,67
36,r_45_29_42,seq142,seq42,r_45_29_42,0.88,0,42,42,67
17,r_77_70_110,r_51_30_2,r_121_132_76,r_77_70_110,0.99,1,111,110,67
7,r_51_30_2,r_77_70_110,r_69_112_37,r_51_30_2,0.65,36,38,2,67
22,r_128_91_190,seq42,seq3,r_128_91_190,0.62,-113,77,190,67
53,r_80_44_60,r_93_25_172,r_153_140_145,r_80_44_60,0.87,-6,54,60,67
28,r_38_100_130,seq119,r_107_95_94,r_107_95_94,0.71,39,133,94,67
49,r_9_101_66,r_81_32_152,r_137_39_72,r_9_101_66,0.76,6,72,66,67
30,r_153_140_145,seq94,r_80_44_60,r_80_44_60,1.0,-6,54,60,67
56,r_8_57_62,r_43_0_117,seq122,r_8_57_62,0.98,0,62,62,67
97,seq148,seq20,r_34_28_134,r_34_28_134,1.0,-1,133,134,67
44,r_106_110_121,r_81_32_152,seq114,r_106_110_121,0.69,-1,120,121,67
23,r_43_0_117,seq17,r_85_84_28,r_85_84_28,0.79,90,118,28,67
14,r_41_124_58,seq108,r_16_144_12,r_41_124_58,0.92,-4,54,58,67
35,r_33_12_176,seq46,r_102_15_137,r_102_15_137,0.92,39,176,137,67
27,r_11_66_10,r_116_54_11,seq63,r_11_66_10,0.75,1,11,10,67
97,seq115,r_40_69_52,seq24,r_40_69_52,0.92,0,52,52,68
30,r_47_25_63,r_92_146_135,seq137,r_47_25_63,1.0,0,63,63,68
23,r_46_1_12,seq26,r_92_146_135,r_46_1_12,0.57,115,127,12,68
14,r_124_123_156,seq142,r_159_97_28,r_159_97_28,1.0,132,160,28,68
8,r_103_52_119,seq41,seq142,r_103_52_119,0.52,0,119,119,68
53,r_13_100_124,seq50,r_157_11_29,r_157_11_29,0.66,96,125,29,68
43,r_116_76_123,r_54_80_164,r_158_129_84,r_116_76_123,1.0,0,123,123,68
15,r_153_63_32,seq9,seq83,r_153_63_32,1.0,0,32,32,68
54,r_126_120_96,seq58,seq7,r_126_120_96,0.79,6,102,96,68
83,seq137,r_14_70_149,r_47_25_63,r_47_25_63,0.87,26,89,63,68
37,r_54_80_164,r_78_109_30,r_156_95_134,r_54_80_164,0.6,0,164,164,68
42,r_40_69_52,seq115,seq2,r_40_69_52,1.0,0,52,52,68
24,r_45_73_48,r_14_70_149,seq58,r_45_73_48,1.0,1,49,48,68
59,r_66_122_114,seq114,seq50,r_66_122_114,0.88,0,114,114,68
55,r_89_127_113,r_43_98_145,r_22_81_62,r_89_127_113,0.82,0,113,113,68
16,r_78_109_30,r_54_80_164,r_86_154_130,r_78_109_30,0.62,134,164,30,68
21,r_39_27_76,r_77_99_3,seq134,r_39_27_76,0.53,6,82,76,68
39,r_133_15_129,seq83,r_136_79_92,r_136_79_92,0.79,29,121,92,68
5,r_18_8_175,seq67,r_92_146_135,r_18_8_175,0.72,0,175,175,68
3,r_28_71_55,r_46_1_12,seq20,r_28_71_55,1.0,0,55,55,68
57,r_3_140_41,r_60_150_109,seq135,r_3_140_41,1.0,0,41,41,68
45,r_139_91_153,seq68,r_116_76_123,r_139_91_153,0.84,0,153,153,68
36,r_131_72_37,r_60_150_109,r_57_102_21,r_131_72_37,1.0,1,38,37,68
19,r_60_150_109,seq50,r_36_119_1,r_60_150_109,0.97,0,109,109,68
71,seq20,r_43_98_145,r_28_71_55,r_28_71_55,1.0,0,55,55,68
56,r_159_97_28,r_28_71_55,r_88_35_128,r_159_97_28,0.97,0,28,28,68
67,seq142,r_124_123_156,seq29,r_124_123_156,0.74,-78,78,156,68
46,r_57_102_21,r_116_76_123,seq20,r_57_102_21,0.64,0,21,21,68
10,r_43_98_145,r_85_17_188,r_86_154_130,r_43_98_145,0.82,0,145,145,68
26,r_87_151_72,seq58,seq10,r_87_151_72,1.0,0,72,72,68
4,r_149_30_162,seq37,r_159_97_28,r_149_30_162,0.63,0,162,162,68
0,r_36_119_1,r_86_154_130,r_60_150_109,r_36_119_1,0.64,110,111,1,68
11,r_141_51_141,r_18_8_175,r_46_1_12,r_141_51_141,0.74,0,141,141,68
29,r_155_143_56,seq90,seq67,r_155_143_56,1.0,1,57,56,68
56,r_159_97_28,r_88_35_128,r_124_123_156,r_88_35_128,0.63,-12,116,128,68
47,r_157_11_29,seq44,seq113,r_157_11_29,0.66,0,29,29,68
48,r_42_49_57,r_19_117_98,seq58,r_42_49_57,0.68,0,57,57,68
17,r_88_35_128,r_19_117_98,r_159_97_28,r_159_97_28,0.67,5,33,28,68
23,r_46_1_12,r_107_148_180,r_28_71_55,r_46_1_12,0.86,1,13,12,68
99,seq121,r_136_79_92,r_104_125_86,r_136_79_92,0.63,-10,82,92,68
27,r_74_110_112,seq135,r_42_49_57,r_74_110_112,0.91,1,113,112,68
87,seq67,r_18_8_175,r_19_117_98,r_19_117_98,1.0,77,175,98,68
60,seq2,r_107_148_180,r_40_69_52,r_40_69_52,1.0,2,54,52,68
23,r_46_1_12,r_28_71_55,seq26,r_28_71_55,0.65,2,57,55,68
74,seq26,r_112_108_70,seq56,r_112_108_70,1.0,0,70,70,68
18,r_104_125_86,r_78_109_30,seq24,r_104_125_86,0.91,0,86,86,68
52,r_59_31_45,r_19_117_98,seq147,r_59_31_45,1.0,0,45,45,68
95,seq113,r_155_143_56,r_157_11_29,r_155_143_56,0.7,-13,43,56,68
25,r_22_81_62,seq29,r_40_69_52,r_22_81_62,1.0,0,62,62,68
50,r_65_62_167,seq90,r_128_48_25,r_128_48_25,0.55,142,167,25,68
58,r_144_152_103,r_14_70_149,r_39_27_76,r_144_152_103,1.0,0,103,103,68
70,seq147,seq83,r_59_31_45,r_59_31_45,1.0,25,70,45,68
65,seq10,seq90,r_87_151_72,r_87_151_72,1.0,13,85,72,68
44,r_14_70_149,r_47_25_63,seq37,r_14_70_149,1.0,0,149,149,68
38,r_132_138_82,seq90,seq50,r_132_138_82,0.75,5,87,82,68
34,r_136_79_92,seq121,seq4,r_136_79_92,0.92,1,93,92,68
3,r_28_71_55,r_159_97_28,r_46_1_12,r_28_71_55,0.73,-34,21,55,68
22,r_158_129_84,r_141_51_141,seq106,r_158_129_84,1.0,0,84,84,68
12,r_94_34_15,r_19_117_98,seq16,r_94_34_15,0.97,0,15,15,68
7,r_86_154_130,seq24,r_78_109_30,r_86_154_130,0.41,3,133,130,68
44,r_14_70_149,r_144_152_103,r_47_25_63,r_14_70_149,0.8,-49,100,149,68
17,r_88_35_128,r_159_97_28,r_74_110_112,r_88_35_128,0.82,0,128,128,68
49,r_93_61_46,r_155_143_56,r_85_17_188,r_93_61_46,0.98,0,46,46,68
35,r_112_108_70,seq26,r_22_81_62,r_112_108_70,1.0,0,70,70,68
30,r_13_68_124,seq115,seq27,r_13_68_124,0.52,1,125,124,69
36,r_110_159_114,r_13_68_124,r_118_96_96,r_118_96_96,0.7,22,118,96,69
92,seq75,seq66,r_79_84_85,r_79_84_85,1.0,98,183,85,69
14,r_79_84_85,seq10,seq124,r_79_84_85,0.8,0,85,85,69
8,r_37_83_167,r_35_107_15,r_88_158_191,r_37_83_167,0.47,8,175,167,69
16,r_74_21_10,r_80_117_73,seq155,r_74_21_10,0.96,0,10,10,69
53,r_58_29_182,r_35_107_15,r_62_20_156,r_62_20_156,0.62,26,182,156,69
43,r_82_127_64,r_3_149_157,r_104_31_45,r_82_127_64,0.98,3,67,64,69
54,r_119_18_99,seq23,r_141_86_11,r_119_18_99,0.97,1,100,99,69
83,seq47,r_33_56_158,seq77,r_33_56_158,0.54,-82,76,158,69
55,r_57_63_108,seq124,seq23,r_57_63_108,0.69,0,108,108,69
86,seq53,r_109_64_183,r_100_123_1,r_109_64_183,0.49,0,183,183,69
46,r_11_1_78,r_62_20_156,seq23,r_62_20_156,0.52,-74,82,156,69
42,r_33_56_158,seq26,r_15_48_53,r_15_48_53,1.0,47,100,53,69
24,r_45_22_162,r_81_156_18,r_116_87_103,r_45_22_162,0.64,0,162,162,69
58,r_150_89_144,r_97_145_155,seq130,r_97_145_155,0.66,-102,53,155,69
19,r_116_87_103,r_97_145_155,seq142,r_116_87_103,0.84,2,105,103,69
27,r_104_31_45,r_94_25_141,r_82_127_64,r_94_25_141,1.0,-13,128,141,69
27,r_104_31_45,seq6,r_94_25_141,r_104_31_45,0.88,0,45,45,69
39,r_141_86_11,seq32,r_119_18_99,r_119_18_99,1.0,28,127,99,69
31,r_94_25_141,seq125,r_60_9_30,r_94_25_141,0.97,1,142,141,69
41,r_120_16_94,r_41_143_172,seq53,r_120_16_94,1.0,1,95,94,69
89,seq69,r_12_30_198,r_105_95_68,r_105_95_68,1.0,58,126,68,69
3,r_103_153_147,seq157,r_151_92_166,r_103_153_147,0.99,0,147,147,69
10,r_135_108_17,r_41_143_172,r_0_106_36,r_0_106_36,1.0,141,177,36,69
26,r_138_2_89,r_19_148_26,seq46,r_138_2_89,1.0,0,89,89,69
58,r_150_89_144,r_67_132_187,seq47,r_150_89_144,0.97,0,144,144,69
12,r_152_55_49,r_80_117_73,r_8_61_195,r_80_117_73,1.0,-22,51,73,69
11,r_80_117_73,r_28_140_192,seq6,r_80_117_73,1.0,0,73,73,69
20,r_105_95_68,r_94_25_141,seq69,r_105_95_68,1.0,0,68,68,69
13,r_90_38_104,r_94_25_141,seq59,r_90_38_104,0.9,1,105,104,69
56,r_65_133_62,seq23,r_112_134_77,r_65_133_62,0.33,98,160,62,69
48,r_98_7_97,r_41_143_172,r_152_55_49,r_98_7_97,1.0,0,97,97,69
63,seq4,r_112_134_77,r_60_9_30,r_60_9_30,0.98,0,30,30,69
52,r_78_50_122,r_67_132_187,seq115,r_67_132_187,0.99,0,187,187,69
1,r_15_48_53,r_3_149_157,seq32,r_15_48_53,1.0,0,53,53,69
87,seq59,seq76,r_90_38_104,r_90_38_104,0.94,9,113,104,69
22,r_81_156_18,r_45_22_162,r_112_134_77,r_81_156_18,0.76,136,154,18,69
47,r_49_5_2,r_147_39_184,r_11_1_78,r_11_1_78,0.85,106,184,78,69
40,r_8_61_195,seq136,r_152_55_49,r_8_61_195,0.71,-114,81,195,69
74,seq157,r_103_153_147,r_135_108_17,r_103_153_147,0.8,1,148,147,69
25,r_41_143_172,r_98_7_97,r_135_108_17,r_98_7_97,1.0,0,97,97,69
33,r_118_96_96,seq130,seq66,r_118_96_96,0.9,4,100,96,69
64,seq6,r_104_31_45,r_80_117_73,r_80_117_73,0.97,0,73,73,69
50,r_121_139_161,r_97_145_155,r_62_20_156,r_62_20_156,0.59,6,162,156,69
70,seq23,seq51,r_57_63_108,r_57_63_108,1.0,1,109,108,69
42,r_33_56_158,r_15_48_53,seq17,r_33_56_158,0.95,0,158,158,69
39,r_141_86_11,r_79_84_85,seq32,r_141_86_11,0.98,1,12,11,69
61,seq129,r_78_50_122,seq130,r_78_50_122,1.0,0,122,122,69
32,r_112_134_77,seq136,seq40,r_112_134_77,0.98,0,77,77,69
52,r_78_50_122,seq129,r_67_132_187,r_78_50_122,0.84,0,122,122,69
18,r_67_132_187,r_65_133_62,r_104_31_45,r_65_133_62,0.83,-16,46,62,69
34,r_14_85_149,seq157,seq44,r_14_85_149,0.87,0,149,149,69
58,r_150_89_144,seq130,r_67_132_187,r_150_89_144,0.54,-37,107,144,69
24,r_45_22_162,seq155,r_81_156_18,r_81_156_18,1.0,5,23,18,69
75,seq32,seq34,r_15_48_53,r_15_48_53,1.0,20,73,53,69
22,r_81_156_18,r_118_96_96,r_45_22_162,r_81_156_18,1.0,0,18,18,69
57,r_60_9_30,r_79_84_85,seq4,r_60_9_30,1.0,0,30,30,69
77,seq155,r_45_22_162,r_74_21_10,r_74_21_10,0.85,1,11,10,69
17,r_97_145_155,r_116_87_103,r_111_54_87,r_97_145_155,0.82,-66,89,155,69
25,r_41_143_172,r_135_108_17,r_33_56_158,r_41_143_172,0.56,5,177,172,69
0,r_0_106_36,r_62_20_156,r_135_108_17,r_0_106_36,1.0,1,37,36,69
96,seq115,r_13_68_124,r_78_50_122,r_78_50_122,0.94,3,125,122,69
28,r_131_114_86,seq157,r_19_148_26,r_131_114_86,0.95,0,86,86,69
49,r_113_43_116,r_102_154_170,r_97_145_155,r_113_43_116,0.99,0,116,116,69
56,r_65_133_62,r_116_87_103,seq23,r_65_133_62,1.0,0,62,62,69
18,r_67_132_187,r_104_31_45,r_78_50_122,r_78_50_122,1.0,3,125,122,69
44,r_111_54_87,seq76,r_97_145_155,r_111_54_87,0.8,1,88,87,69
23,r_62_20_156,r_11_1_78,r_14_85_149,r_62_20_156,0.96,0,156,156,69
58,r_150_89_144,r_81_156_18,r_97_145_155,r_150_89_144,0.45,-122,22,144,69
79,seq40,r_35_107_15,r_112_134_77,r_112_134_77,1.0,61,138,77,69
35,r_109_64_183,seq53,r_88_158_191,r_88_158_191,0.85,-8,183,191,69
19,r_116_87_103,seq142,r_45_22_162,r_45_22_162,1.0,2,164,162,69
5,r_73_126_39,r_112_134_77,seq76,r_73_126_39,1.0,0,39,39,69
26,r_101_42_99,r_62_11_23,r_119_108_193,r_101_42_99,0.76,-72,27,99,70
30,r_13_124_108,r_84_132_165,seq2,r_13_124_108,0.99,0,108,108,70
51,r_75_99_61,r_9_18_181,seq112,r_75_99_61,1.0,0,61,61,70
6,r_102_77_22,r_148_110_159,r_117_125_38,r_102_77_22,0.79,0,22,22,70
36,r_157_8_192,r_100_111_122,r_138_6_93,r_138_6_93,1.0,80,173,93,70
6,r_102_77_22,r_117_125_38,r_28_55_173,r_117_125_38,0.69,0,38,38,70
14,r_105_146_71,seq147,seq76,r_105_146_71,1.0,0,71,71,70
8,r_12_37_180,seq58,seq133,r_12_37_180,0.4,0,180,180,70
43,r_119_108_193,seq92,r_32_50_87,r_32_50_87,1.0,2,89,87,70
54,r_78_35_92,r_157_8_192,r_96_57_7,r_78_35_92,1.0,0,92,92,70
37,r_120_31_145,r_10_43_86,r_138_6_93,r_138_6_93,1.0,8,101,93,70
25,r_28_55_173,r_101_42_99,r_39_106_76,r_28_55_173,0.82,-118,55,173,70
21,r_113_127_170,seq82,r_83_69_43,r_83_69_43,0.9,128,171,43,70
39,r_148_110_159,seq145,seq82,r_148_110_159,0.88,2,161,159,70
18,r_67_52_50,r_103_135_3,r_83_69_43,r_103_135_3,0.93,47,50,3,70
5,r_27_46_79,seq133,seq151,r_27_46_79,1.0,0,79,79,70
45,r_116_16_116,r_32_50_87,seq0,r_32_50_87,0.99,2,89,87,70
40,r_117_125_38,r_102_77_22,seq128,r_117_125_38,0.93,0,38,38,70
19,r_140_80_137,r_9_18_181,r_30_137_15,r_30_137_15,0.54,123,138,15,70
4,r_3_114_45,r_13_124_108,r_62_11_23,r_3_114_45,1.0,1,46,45,70
0,r_54_59_169,r_142_86_82,r_102_77_22,r_54_59_169,0.99,3,172,169,70
31,r_100_111_122,r_33_51_172,seq145,r_33_51_172,0.65,-44,128,172,70
41,r_74_5_123,r_149_45_185,r_62_11_23,r_74_5_123,0.99,2,125,123,70
53,r_4_47_164,r_9_18_181,r_116_16_116,r_4_47_164,0.47,17,181,164,70
53,r_4_47_164,r_26_91_21,seq48,r_4_47_164,0.86,-147,17,164,70
13,r_63_95_11,r_23_115_154,seq153,r_63_95_11,1.0,0,11,11,70
0,r_54_59_169,r_21_81_114,r_142_86_82,r_54_59_169,0.8,-55,114,169,70
11,r_33_51_172,r_100_111_122,seq61,r_33_51_172,0.89,0,172,172,70
15,r_32_50_87,r_116_16_116,r_119_108_193,r_32_50_87,1.0,1,88,87,70
48,r_26_91_21,r_4_47_164,seq151,r_26_91_21,1.0,0,21,21,70
6,r_102_77_22,r_28_55_173,r_39_106_76,r_39_106_76,0.67,68,144,76,70
9,r_73_34_14,r_142_86_82,seq128,r_73_34_14,0.83,-1,13,14,70
42,r_88_41_32,r_10_43_86,seq104,r_88_41_32,0.76,4,36,32,70
53,r_4_47_164,seq48,r_9_18_181,r_4_47_164,0.63,-79,85,164,70
47,r_10_43_86,r_120_31_145,r_129_150_84,r_129_150_84,1.0,6,90,84,70
3,r_62_11_23,r_101_42_99,seq131,r_62_11_23,0.92,4,27,23,70
45,r_116_16_116,seq0,seq141,r_116_16_116,1.0,0,116,116,70
29,r_9_18_181,r_140_80_137,seq141,r_140_80_137,1.0,-1,136,137,70
24,r_129_150_84,seq131,r_10_43_86,r_129_150_84,1.0,4,88,84,70
50,r_30_137_15,r_154_49_194,r_157_8_192,r_30_137_15,0.99,0,15,15,70
33,r_152_64_94,seq70,seq151,r_152_64_94,1.0,1,95,94,70
64,seq133,seq0,r_142_86_82,r_142_86_82,1.0,64,146,82,70
88,seq76,r_24_122_174,r_105_146_71,r_105_146_71,0.97,7,78,71,70
70,seq15,r_93_71_105,seq82,r_93_71_105,1.0,0,105,105,70
20,r_118_68_56,r_33_51_172,seq36,r_118_68_56,1.0,0,56,56,70
29,r_9_18_181,seq141,r_101_42_99,r_9_18_181,0.97,1,182,181,70
32,r_39_106_76,seq58,seq38,r_39_106_76,0.96,2,78,76,70
38,r_25_22_103,seq82,r_90_1_49,r_90_1_49,0.74,54,103,49,70
52,r_96_57_7,r_119_108_193,r_78_35_92,r_78_35_92,1.0,3,95,92,70
34,r_97_60_152,seq112,r_4_47_164,r_97_60_152,0.96,0,152,152,70
17,r_93_71_105,seq15,r_30_137_15,r_93_71_105,1.0,0,105,105,70
25,r_28_55_173,r_39_106_76,r_157_8_192,r_28_55_173,0.48,1,174,173,70
26,r_101_42_99,r_119_108_193,seq156,r_101_42_99,0.96,0,99,99,70
50,r_30_137_15,r_157_8_192,r_93_71_105,r_93_71_105,1.0,11,116,105,70
96,seq145,r_148_110_159,r_100_111_122,r_148_110_159,0.75,-15,144,159,70
10,r_154_49_194,seq38,r_90_1_49,r_90_1_49,1.0,1,50,49,70
28,r_138_6_93,seq134,r_120_31_145,r_138_6_93,0.99,1,94,93,70
57,r_87_19_44,r_93_71_105,seq151,r_87_19_44,1.0,2,46,44,70
6,r_102_77_22,r_39_106_76,r_54_59_169,r_54_59_169,0.65,9,178,169,70
56,r_144_109_134,seq70,seq82,r_144_109_134,0.59,6,140,134,70
7,r_21_81_114,r_54_59_169,seq134,r_21_81_114,0.97,0,114,114,70
44,r_7_121_104,r_56_130_139,seq82,r_7_121_104,1.0,1,105,104,70
40,r_117_125_38,r_62_11_23,r_102_77_22,r_102_77_22,0.9,0,22,22,70
23,r_142_86_82,r_129_150_84,r_54_59_169,r_142_86_82,0.96,0,82,82,70
79,seq38,r_119_108_193,r_39_106_76,r_39_106_76,0.95,3,79,76,70
35,r_84_132_165,r_157_8_192,r_148_110_159,r_157_8_192,0.89,-27,165,192,70
16,r_90_1_49,r_10_43_86,r_154_49_194,r_90_1_49,1.0,0,49,49,70
12,r_23_115_154,seq58,r_100_111_122,r_23_115_154,0.95,0,154,154,70
23,r_142_86_82,r_54_59_169,seq0,r_54_59_169,0.99,0,169,169,70
2,r_83_69_43,seq136,seq139,r_83_69_43,1.0,2,45,43,70
30,r_36_147_124,seq51,r_138_68_101,r_36_147_124,0.8,3,127,124,71
36,r_70_14_130,r_94_7_178,r_59_64_119,r_70_14_130,1.0,0,130,130,71
55,r_76_41_80,seq106,r_99_128_136,r_99_128_136,0.47,-89,47,136,71
14,r_59_64_119,seq154,seq153,r_59_64_119,0.94,0,119,119,71
8,r_22_33_160,seq51,r_105_75_106,r_105_75_106,0.8,54,160,106,71
53,r_144_158_138,seq31,r_110_151_72,r_110_151_72,1.0,86,158,72,71
43,r_138_68_101,seq57,seq124,r_138_68_101,0.96,10,111,101,71
83,seq63,r_87_52_164,r_43_131_93,r_43_131_93,1.0,71,164,93,71
37,r_43_131_93,r_35_107_191,seq63,r_43_131_93,1.0,0,93,93,71
59,r_34_83_88,r_132_90_28,seq93,r_34_83_88,0.93,5,93,88,71
26,r_139_18_110,r_141_69_69,r_120_114_128,r_141_69_69,0.75,-14,55,69,71
21,r_99_128_136,seq93,r_105_75_106,r_99_128_136,0.71,0,136,136,71
39,r_123_80_74,r_13_61_190,r_4_38_9,r_123_80_74,1.0,0,74,74,71
5,r_47_44_199,r_157_50_162,r_134_121_104,r_134_121_104,0.73,5,109,104,71
46,r_117_129_123,r_12_10_168,r_66_91_79,r_117_129_123,0.96,0,123,123,71
42,r_120_114_128,seq72,r_82_40_77,r_82_40_77,1.0,51,128,77,71
58,r_74_126_50,r_157_50_162,seq136,r_74_126_50,1.0,0,50,50,71
19,r_155_19_105,seq37,seq29,r_155_19_105,0.98,0,105,105,71
77,seq46,r_94_7_178,r_4_38_9,r_94_7_178,0.67,-9,169,178,71
45,r_122_135_13,r_110_151_72,r_159_78_12,r_122_135_13,0.98,0,13,13,71
38,r_35_107_191,r_4_38_9,r_77_109_181,r_77_109_181,0.68,8,189,181,71
31,r_94_7_178,r_105_75_106,r_35_107_191,r_105_75_106,1.0,0,106,106,71
89,seq93,r_99_128_136,r_9_56_39,r_99_128_136,0.75,0,136,136,71
3,r_105_75_106,r_94_7_178,r_159_78_12,r_105_75_106,1.0,0,106,106,71
10,r_101_143_86,r_146_100_169,r_137_21_156,r_101_143_86,1.0,0,86,86,71
24,r_11_32_53,r_13_61_190,r_108_49_56,r_11_32_53,1.0,0,53,53,71
4,r_5_2_63,r_24_85_90,r_146_100_169,r_5_2_63,1.0,1,64,63,71
11,r_66_91_79,r_87_52_164,r_47_44_199,r_66_91_79,0.87,3,82,79,71
20,r_127_42_97,seq124,r_66_91_79,r_127_42_97,1.0,2,99,97,71
48,r_82_40_77,r_87_52_164,seq51,r_82_40_77,1.0,0,77,77,71
26,r_139_18_110,r_120_114_128,r_76_41_80,r_139_18_110,1.0,1,111,110,71
4,r_5_2_63,r_146_100_169,r_23_130_27,r_146_100_169,1.0,0,169,169,71
6,r_157_50_162,seq142,r_3_95_34,r_157_50_162,0.5,0,162,162,71
54,r_3_95_34,r_5_2_63,seq57,r_3_95_34,0.55,0,34,34,71
85,seq72,r_120_114_128,r_117_129_123,r_117_129_123,0.78,5,128,123,71
99,seq124,r_127_42_97,seq16,r_127_42_97,1.0,8,105,97,71
52,r_146_100_169,r_5_2_63,seq53,r_146_100_169,0.79,0,169,169,71
78,seq136,seq79,r_74_126_50,r_74_126_50,1.0,5,55,50,71
41,r_140_62_23,r_125_92_194,seq142,r_140_62_23,1.0,0,23,23,71
34,r_108_49_56,r_24_85_90,r_11_32_53,r_108_49_56,1.0,-3,53,56,71
2,r_115_102_182,seq156,r_76_41_80,r_115_102_182,0.46,2,184,182,71
47,r_137_21_156,r_138_68_101,r_101_143_86,r_101_143_86,0.53,7,93,86,71
18,r_134_121_104,r_115_102_182,r_47_44_199,r_134_121_104,0.99,0,104,104,71
29,r_148_54_114,r_94_7_178,r_105_75_106,r_94_7_178,1.0,-64,114,178,71
47,r_137_21_156,r_101_143_86,seq116,r_137_21_156,0.64,11,167,156,71
50,r_87_52_164,seq63,r_110_151_72,r_87_52_164,0.69,0,164,164,71
32,r_141_69_69,r_139_18_110,r_23_130_27,r_141_69_69,1.0,0,69,69,71
52,r_146_100_169,r_101_143_86,r_5_2_63,r_146_100_169,0.99,-83,86,169,71
25,r_159_78_12,r_76_41_80,seq84,r_159_78_12,0.98,-1,11,12,71
77,seq46,r_110_151_72,r_94_7_178,r_110_151_72,1.0,-3,69,72,71
11,r_66_91_79,r_47_44_199,r_127_42_97,r_127_42_97,0.73,9,106,97,71
75,seq37,r_155_19_105,seq153,r_155_19_105,1.0,-32,73,105,71
67,seq154,r_73_65_117,seq71,r_73_65_117,0.97,-62,55,117,71
27,r_23_130_27,r_66_91_79,r_141_69_69,r_23_130_27,0.88,55,82,27,71
9,r_12_10_168,seq116,seq16,r_12_10_168,0.59,0,168,168,71
96,seq116,r_6_55_154,r_137_21_156,r_6_55_154,0.97,0,154,154,71
31,r_94_7_178,r_35_107_191,r_134_121_104,r_94_7_178,0.75,0,178,178,71
22,r_6_55_154,seq116,seq149,r_6_55_154,0.77,0,154,154,71
28,r_152_48_103,r_120_114_128,r_132_90_28,r_152_48_103,1.0,0,103,103,71
49,r_13_61_190,r_123_80_74,r_76_41_80,r_13_61_190,1.0,-115,75,190,71
56,r_0_97_67,r_132_90_28,r_86_81_17,r_0_97_67,1.0,0,67,67,71
44,r_73_65_117,seq154,r_9_56_39,r_73_65_117,0.94,1,118,117,71
51,r_86_81_17,r_105_75_106,seq113,r_86_81_17,1.0,0,17,17,71
27,r_23_130_27,seq79,r_66_91_79,r_23_130_27,0.92,10,37,27,71
0,r_77_109_181,r_148_54_114,seq46,r_148_54_114,0.86,-98,16,114,71
55,r_76_41_80,r_99_128_136,r_13_61_190,r_76_41_80,0.92,0,80,80,71
35,r_103_58_131,r_12_10_168,seq96,r_103_58_131,0.94,0,131,131,71
12,r_110_151_72,seq46,seq119,r_110_151_72,1.0,-1,71,72,71
23,r_4_38_9,r_35_107_191,r_123_80_74,r_123_80_74,1.0,113,187,74,71
30,r_137_150_113,r_77_113_139,r_44_136_98,r_137_150_113,0.89,0,113,113,72
36,r_109_99_128,seq151,r_34_79_36,r_109_99_128,0.99,1,129,128,72
58,r_75_74_48,seq97,r_67_0_141,r_67_0_141,1.0,0,141,141,72
43,r_89_114_127,seq24,seq26,r_89_114_127,0.99,0,127,127,72
54,r_49_111_185,seq59,r_106_6_27,r_106_6_27,0.87,158,185,27,72
83,seq155,r_118_73_182,r_3_130_79,r_3_130_79,1.0,51,130,79,72
3,r_139_15_109,r_104_38_9,seq5,r_139_15_109,1.0,0,109,109,72
26,r_52_41_39,r_158_147_140,seq156,r_52_41_39,1.0,1,40,39,72
21,r_4_29_105,r_9_149_160,seq54,r_4_29_105,1.0,0,105,105,72
39,r_28_36_138,seq151,r_12_20_33,r_28_36_138,0.97,0,138,138,72
1,r_53_121_132,seq156,r_47_43_90,r_53_121_132,1.0,0,132,132,72
5,r_118_73_182,r_85_145_197,r_34_79_36,r_85_145_197,0.38,-15,182,197,72
46,r_127_11_134,r_49_111_185,r_106_6_27,r_49_111_185,0.67,-51,134,185,72
15,r_77_113_139,r_47_43_90,seq64,r_77_113_139,0.99,0,139,139,72
59,r_92_87_175,seq143,r_106_6_27,r_106_6_27,1.0,26,53,27,72
45,r_94_95_149,seq27,r_104_38_9,r_94_95_149,0.67,0,149,149,72
34,r_142_86_28,r_118_73_182,seq134,r_142_86_28,1.0,1,29,28,72
73,seq26,r_12_20_33,r_67_0_141,r_12_20_33,1.0,4,37,33,72
38,r_71_72_6,r_67_0_141,r_68_69_108,r_67_0_141,0.5,0,141,141,72
42,r_123_105_53,seq97,r_34_79_36,r_123_105_53,0.99,0,53,53,72
89,seq64,r_32_50_117,r_77_113_139,r_77_113_139,1.0,3,142,139,72
10,r_141_2_115,r_110_83_112,seq88,r_141_2_115,0.67,-3,112,115,72
90,seq78,r_146_112_60,r_14_19_32,r_146_112_60,0.87,1,61,60,72
72,seq24,seq138,r_129_17_71,r_129_17_71,1.0,6,77,71,72
11,r_47_43_90,seq159,r_77_113_139,r_47_43_90,0.99,0,90,90,72
20,r_68_69_108,r_117_76_151,r_71_72_6,r_117_76_151,0.63,-42,109,151,72
13,r_98_96_63,seq132,r_104_38_9,r_98_96_63,0.98,0,63,63,72
15,r_77_113_139,r_137_150_113,r_47_43_90,r_77_113_139,0.66,-26,113,139,72
48,r_16_62_89,r_139_15_109,r_34_79_36,r_16_62_89,1.0,-1,88,89,72
57,r_110_83_112,r_141_2_115,seq45,r_110_83_112,1.0,0,112,112,72
62,seq5,r_9_149_160,r_139_15_109,r_139_15_109,1.0,52,161,109,72
6,r_44_136_98,seq78,r_137_150_113,r_137_150_113,1.0,3,116,113,72
47,r_81_8_37,r_98_96_63,r_120_82_15,r_98_96_63,1.0,-27,36,63,72
2,r_7_131_96,r_137_150_113,r_108_80_58,r_7_131_96,0.98,6,102,96,72
18,r_146_112_60,seq78,r_58_70_13,r_146_112_60,1.0,0,60,60,72
29,r_33_125_131,r_81_8_37,r_55_13_47,r_33_125_131,0.99,0,131,131,72
24,r_119_90_111,seq54,r_129_17_71,r_119_90_111,0.96,0,111,111,72
32,r_58_70_13,r_123_105_53,r_81_8_37,r_58_70_13,1.0,0,13,13,72
11,r_47_43_90,r_77_113_139,r_53_121_132,r_47_43_90,1.0,44,134,90,72
92,seq97,r_75_74_48,r_158_147_140,r_158_147_140,1.0,1,141,140,72
50,r_39_91_194,r_44_136_98,r_55_13_47,r_39_91_194,1.0,-95,99,194,72
27,r_14_19_32,r_141_2_115,seq159,r_14_19_32,0.95,2,34,32,72
33,r_120_82_15,r_44_136_98,r_81_8_37,r_120_82_15,0.92,0,15,15,72
3,r_139_15_109,r_16_62_89,r_104_38_9,r_104_38_9,0.9,6,15,9,72
4,r_34_79_36,r_75_74_48,seq116,r_34_79_36,0.96,0,36,36,72
17,r_158_147_140,seq134,seq97,r_158_147_140,0.99,0,140,140,72
9,r_1_66_1,seq151,r_77_113_139,r_77_113_139,1.0,33,172,139,72
16,r_12_20_33,seq26,seq31,r_12_20_33,1.0,0,33,33,72
28,r_22_37_84,seq103,r_123_105_53,r_22_37_84,1.0,0,84,84,72
49,r_63_101_136,r_67_0_141,r_104_38_9,r_63_101_136,0.95,0,136,136,72
0,r_108_80_58,seq134,seq126,r_108_80_58,1.0,1,59,58,72
56,r_46_56_86,r_94_95_149,r_3_130_79,r_94_95_149,1.0,-62,87,149,72
44,r_65_25_92,seq88,r_104_38_9,r_65_25_92,1.0,0,92,92,72
82,seq51,r_118_73_182,r_3_130_79,r_3_130_79,1.0,0,79,79,72
40,r_106_6_27,r_40_144_195,r_92_87_175,r_106_6_27,1.0,0,27,27,72
63,seq134,seq59,r_55_13_47,r_55_13_47,1.0,10,57,47,72
35,r_129_17_71,r_118_73_182,seq24,r_129_17_71,1.0,0,71,71,72
12,r_3_130_79,r_84_153_198,seq51,r_3_130_79,1.0,0,79,79,72
42,r_123_105_53,r_34_79_36,r_22_37_84,r_22_37_84,1.0,20,104,84,72
10,r_141_2_115,seq88,r_9_149_160,r_9_149_160,0.58,10,170,160,72
58,r_75_74_48,r_33_125_131,seq97,r_75_74_48,1.0,0,48,48,72
7,r_21_154_46,seq27,seq10,r_21_154_46,0.97,0,46,46,72
55,r_104_38_9,r_139_15_109,r_65_25_92,r_104_38_9,1.0,96,105,9,72
30,r_0_54_78,r_11_7_107,r_98_51_27,r_0_54_78,0.99,1,79,78,73
51,r_149_137_72,r_151_95_188,seq99,r_149_137_72,0.89,1,73,72,73
1,r_49_27_14,r_88_120_81,seq2,r_88_120_81,0.58,-70,11,81,73
16,r_151_95_188,r_149_137_72,r_108_39_55,r_108_39_55,0.99,0,55,55,73
14,r_8_73_86,r_32_85_179,r_122_103_44,r_122_103_44,1.0,120,164,44,73
8,r_115_29_52,r_133_5_138,r_126_105_133,r_115_29_52,0.88,79,131,52,73
54,r_154_30_77,r_72_82_162,r_153_63_198,r_154_30_77,1.0,0,77,77,73
37,r_25_116_111,seq142,seq9,r_25_116_111,1.0,0,111,111,73
3,r_108_39_55,r_22_97_146,r_112_6_66,r_22_97_146,0.94,1,147,146,73
59,r_153_63_198,r_156_158_161,r_154_30_77,r_154_30_77,0.98,0,77,77,73
19,r_148_13_11,r_71_79_12,r_34_41_96,r_34_41_96,0.75,4,100,96,73
55,r_102_114_85,r_43_53_186,seq16,r_102_114_85,0.88,-2,83,85,73
21,r_40_75_141,seq38,seq10,r_40_75_141,0.57,7,148,141,73
46,r_104_132_169,r_107_89_176,r_112_6_66,r_112_6_66,1.0,103,169,66,73
42,r_22_97_146,r_118_87_192,r_60_143_103,r_22_97_146,0.98,1,147,146,73
52,r_98_51_27,r_154_30_77,r_71_79_12,r_98_51_27,0.6,0,27,27,73
7,r_130_58_185,r_88_120_81,r_107_89_176,r_107_89_176,0.63,4,180,176,73
22,r_101_76_36,r_118_87_192,r_19_100_171,r_101_76_36,1.0,0,36,36,73
15,r_19_100_171,r_101_76_36,r_154_30_77,r_101_76_36,0.78,137,173,36,73
11,r_107_89_176,r_60_143_103,r_148_13_11,r_107_89_176,0.74,3,179,176,73
76,seq157,seq142,r_149_137_72,r_149_137_72,0.89,23,95,72,73
27,r_33_65_45,r_48_109_114,seq18,r_33_65_45,1.0,0,45,45,73
31,r_78_127_183,seq150,r_25_116_111,r_25_116_111,0.94,73,184,111,73
3,r_108_39_55,r_64_26_58,r_22_97_146,r_108_39_55,1.0,0,55,55,73
41,r_15_50_102,seq66,seq93,r_15_50_102,0.89,0,102,102,73
26,r_47_91_49,r_78_127_183,r_20_136_2,r_47_91_49,1.0,0,49,49,73
67,seq141,seq18,r_149_137_72,r_149_137_72,0.77,-11,61,72,73
89,seq86,r_90_84_170,seq1,r_90_84_170,0.53,1,171,170,73
45,r_71_79_12,r_108_39_55,r_98_51_27,r_71_79_12,0.56,14,26,12,73
4,r_64_26_58,r_11_7_107,seq12,r_64_26_58,1.0,0,58,58,73
8,r_115_29_52,r_147_113_118,r_133_5_138,r_115_29_52,0.66,68,120,52,73
16,r_151_95_188,r_108_39_55,r_128_145_34,r_128_145_34,0.62,154,188,34,73
0,r_118_87_192,r_22_97_146,r_108_39_55,r_108_39_55,0.89,92,147,55,73
11,r_107_89_176,r_34_41_96,r_60_143_103,r_107_89_176,0.64,-73,103,176,73
40,r_133_5_138,r_115_29_52,r_146_57_122,r_133_5_138,0.99,4,142,138,73
20,r_88_120_81,seq9,r_130_58_185,r_88_120_81,1.0,0,81,81,73
15,r_19_100_171,seq14,r_101_76_36,r_101_76_36,1.0,1,37,36,73
8,r_115_29_52,r_108_39_55,r_147_113_118,r_115_29_52,1.0,-1,51,52,73
57,r_72_82_162,seq1,r_11_7_107,r_72_82_162,0.6,0,162,162,73
6,r_90_84_170,seq86,r_64_26_58,r_64_26_58,0.65,113,171,58,73
99,seq125,r_43_53_186,r_59_21_75,r_59_21_75,0.51,-4,71,75,73
13,r_128_145_34,r_37_117_4,seq83,r_128_145_34,0.98,2,36,34,73
63,seq9,seq139,r_25_116_111,r_25_116_111,1.0,2,113,111,73
22,r_101_76_36,r_19_100_171,r_28_135_132,r_101_76_36,0.91,135,171,36,73
2,r_146_57_122,seq86,r_111_70_64,r_111_70_64,0.54,60,124,64,73
47,r_28_135_132,seq68,r_101_76_36,r_101_76_36,0.82,98,134,36,73
40,r_133_5_138,r_60_143_103,r_115_29_52,r_115_29_52,0.58,52,104,52,73
18,r_94_3_117,r_35_77_159,seq123,r_94_3_117,0.72,3,120,117,73
29,r_48_109_114,r_11_7_107,r_121_124_195,r_48_109_114,1.0,0,114,114,73
24,r_11_7_107,r_0_54_78,r_134_45_152,r_0_54_78,0.88,-4,74,78,73
35,r_60_143_103,r_107_89_176,r_22_97_146,r_22_97_146,0.8,33,179,146,73
25,r_43_53_186,r_96_36_150,seq140,r_96_36_150,0.94,1,151,150,73
19,r_148_13_11,r_56_67_16,r_71_79_12,r_71_79_12,0.54,-1,11,12,73
71,seq18,seq99,r_33_65_45,r_33_65_45,1.0,-1,44,45,73
58,r_34_41_96,r_107_89_176,r_148_13_11,r_34_41_96,0.94,0,96,96,73
50,r_56_67_16,seq18,seq140,r_56_67_16,1.0,0,16,16,73
25,r_43_53_186,seq140,r_146_57_122,r_43_53_186,0.61,2,188,186,73
32,r_31_138_91,r_35_77_159,r_11_7_107,r_31_138_91,0.94,6,97,91,73
38,r_134_45_152,seq93,r_98_51_27,r_134_45_152,0.76,0,152,152,73
34,r_156_158_161,r_153_63_198,r_146_57_122,r_156_158_161,0.7,0,161,161,73
24,r_11_7_107,r_134_45_152,r_31_138_91,r_11_7_107,0.65,1,108,107,73
60,seq1,r_72_82_162,seq140,r_72_82_162,0.93,0,162,162,73
17,r_126_105_133,seq44,r_115_29_52,r_115_29_52,0.91,81,133,52,73
94,seq99,r_159_81_197,r_33_65_45,r_33_65_45,1.0,116,161,45,73
9,r_59_21_75,r_32_85_179,seq125,r_59_21_75,0.97,1,76,75,73
28,r_131_129_128,r_126_105_133,r_49_27_14,r_131_129_128,0.99,2,130,128,73
49,r_112_6_66,r_34_41_96,r_108_39_55,r_34_41_96,0.69,-30,66,96,73
39,r_122_103_44,r_20_136_2,r_8_73_86,r_122_103_44,1.0,0,44,44,73
7,r_130_58_185,r_32_85_179,r_88_120_81,r_88_120_81,1.0,-1,80,81,73
44,r_96_36_150,r_43_53_186,r_102_114_85,r_102_114_85,0.95,66,151,85,73
23,r_147_113_118,r_60_143_103,r_115_29_52,r_115_29_52,0.97,51,103,52,73
23,r_147_113_118,r_115_29_52,r_71_79_12,r_147_113_118,0.95,0,118,118,73
82,seq61,r_62_80_182,r_49_27_14,r_62_80_182,0.57,1,183,182,73
63,seq9,r_88_120_81,seq139,r_88_120_81,0.92,-26,55,81,73
79,seq44,r_126_105_133,r_55_69_5,r_126_105_133,0.91,0,133,133,73
35,r_60_143_103,r_147_113_118,r_107_89_176,r_60_143_103,0.76,0,103,103,73
12,r_32_85_179,r_8_73_86,r_59_21_75,r_59_21_75,0.99,104,179,75,73
30,r_156_41_185,r_8_1_20,r_154_101_75,r_156_41_185,0.68,0,185,185,74
14,r_14_57_117,r_64_139_166,seq65,r_14_57_117,0.91,1,118,117,74
8,r_59_46_104,seq146,r_66_80_24,r_66_80_24,0.61,83,107,24,74
53,r_34_102_164,r_48_45_83,r_123_113_72,r_34_102_164,0.83,-78,86,164,74
17,r_108_128_56,r_84_33_151,r_31_12_127,r_108_128_56,1.0,0,56,56,74
54,r_31_12_127,r_123_113_72,r_108_128_56,r_31_12_127,0.76,-55,72,127,74
37,r_142_43_130,seq69,seq112,r_142_43_130,0.59,1,131,130,74
54,r_31_12_127,r_108_128_56,seq6,r_31_12_127,0.89,8,135,127,74
19,r_71_77_94,seq127,r_84_33_151,r_84_33_151,1.0,24,175,151,74
55,r_126_119_92,r_30_133_172,r_123_113_72,r_126_119_92,1.0,0,92,92,74
16,r_64_139_166,seq56,r_159_87_6,r_64_139_166,0.81,0,166,166,74
21,r_154_101_75,seq26,r_116_75_54,r_154_101_75,1.0,0,75,75,74
39,r_35_129_139,seq99,seq56,r_35_129_139,0.56,-2,137,139,74
1,r_123_113_72,seq72,seq132,r_123_113_72,1.0,0,72,72,74
5,r_106_124_61,seq137,seq94,r_106_124_61,1.0,0,61,61,74
42,r_138_145_78,r_68_17_192,r_105_44_35,r_105_44_35,0.98,54,89,35,74
93,seq109,r_158_25_16,seq98,r_158_25_16,0.97,-1,15,16,74
80,seq69,r_142_43_130,r_150_0_194,r_142_43_130,0.69,-21,109,130,74
45,r_32_16_124,r_61_39_162,seq21,r_61_39_162,0.82,-38,124,162,74
19,r_71_77_94,r_13_92_190,seq127,r_71_77_94,0.91,2,96,94,74
27,r_157_147_17,r_30_133_172,r_61_39_162,r_157_147_17,0.76,156,173,17,74
95,seq115,r_64_139_166,r_62_118_50,r_62_118_50,0.66,14,64,50,74
38,r_30_133_172,r_157_147_17,seq109,r_30_133_172,0.88,1,173,172,74
41,r_152_15_86,r_159_87_6,seq24,r_152_15_86,0.99,0,86,86,74
67,seq21,r_78_5_175,seq93,r_78_5_175,0.55,-33,142,175,74
27,r_157_147_17,r_91_27_199,r_30_133_172,r_157_147_17,1.0,0,17,17,74
3,r_134_143_169,r_13_92_190,r_108_128_56,r_108_128_56,0.97,114,170,56,74
15,r_155_36_15,r_8_1_20,seq82,r_155_36_15,1.0,0,15,15,74
26,r_52_18_79,r_78_5_175,seq146,r_52_18_79,0.96,1,80,79,74
78,seq65,seq121,r_14_57_117,r_14_57_117,1.0,2,119,117,74
63,seq6,r_107_148_154,r_31_12_127,r_107_148_154,0.99,-25,129,154,74
73,seq42,r_34_102_164,r_123_113_72,r_123_113_72,0.96,25,97,72,74
11,r_48_45_83,r_34_102_164,r_123_113_72,r_34_102_164,0.79,-50,114,164,74
48,r_120_20_60,seq9,r_13_92_190,r_120_20_60,0.95,0,60,60,74
6,r_50_135_149,seq121,r_59_46_104,r_50_135_149,0.9,0,149,149,74
99,seq127,seq9,r_71_77_94,r_71_77_94,0.89,9,103,94,74
36,r_3_86_52,r_141_11_170,r_120_20_60,r_141_11_170,0.94,-13,157,170,74
53,r_34_102_164,r_123_113_72,seq4,r_34_102_164,0.98,0,164,164,74
59,r_66_80_24,seq132,seq96,r_66_80_24,1.0,2,26,24,74
56,r_38_88_43,seq112,seq37,r_38_88_43,1.0,0,43,43,74
87,seq94,seq146,r_106_124_61,r_106_124_61,1.0,3,64,61,74
2,r_8_1_20,r_156_41_185,r_73_55_21,r_8_1_20,0.46,164,184,20,74
47,r_107_148_154,seq6,r_140_114_196,r_107_148_154,0.94,0,154,154,74
10,r_83_58_41,r_64_139_166,seq51,r_83_58_41,1.0,0,41,41,74
59,r_66_80_24,seq96,r_59_46_104,r_59_46_104,0.69,1,105,104,74
93,seq109,seq98,r_30_133_172,r_30_133_172,0.79,2,174,172,74
74,seq51,r_61_39_162,r_83_58_41,r_83_58_41,0.75,121,162,41,74
18,r_22_110_140,r_60_2_163,r_123_113_72,r_22_110_140,0.96,0,140,140,74
24,r_23_95_171,seq144,seq127,r_23_95_171,0.89,0,171,171,74
36,r_3_86_52,r_22_110_140,r_141_11_170,r_3_86_52,1.0,0,52,52,74
64,seq9,seq127,r_158_25_16,r_158_25_16,0.99,15,31,16,74
13,r_105_44_35,r_48_45_83,seq56,r_105_44_35,1.0,0,35,35,74
50,r_19_63_182,r_13_92_190,r_123_113_72,r_13_92_190,0.59,-8,182,190,74
58,r_78_5_175,seq100,r_83_58_41,r_83_58_41,0.99,135,176,41,74
32,r_104_151_99,r_23_95_171,r_159_87_6,r_104_151_99,0.99,0,99,99,74
38,r_30_133_172,r_126_119_92,r_157_147_17,r_30_133_172,0.51,-86,86,172,74
25,r_29_131_49,seq103,seq149,r_29_131_49,1.0,1,50,49,74
77,seq56,r_64_139_166,r_62_118_50,r_62_118_50,0.76,116,166,50,74
34,r_85_47_65,r_61_39_162,seq132,r_85_47_65,1.0,0,65,65,74
29,r_159_87_6,r_134_143_169,r_104_151_99,r_159_87_6,0.75,97,103,6,74
12,r_158_25_16,seq109,seq9,r_158_25_16,0.92,0,16,16,74
94,seq112,seq26,r_142_43_130,r_142_43_130,0.59,1,131,130,74
9,r_61_39_162,seq51,r_7_70_40,r_61_39_162,0.84,0,162,162,74
0,r_74_49_25,r_31_12_127,seq21,r_74_49_25,1.0,0,25,25,74
29,r_159_87_6,r_152_15_86,r_134_143_169,r_152_15_86,0.61,0,86,86,74
22,r_28_54_97,r_35_129_139,seq100,r_28_54_97,1.0,0,97,97,74
28,r_141_11_170,r_13_92_190,seq96,r_141_11_170,0.84,0,170,170,74
7,r_62_118_50,r_134_143_169,seq115,r_62_118_50,1.0,0,50,50,74
91,seq100,r_78_5_175,r_28_54_97,r_28_54_97,1.0,58,155,97,74
40,r_116_75_54,seq42,seq98,r_116_75_54,1.0,5,59,54,74
44,r_13_92_190,r_134_143_169,r_120_20_60,r_120_20_60,0.6,110,170,60,74
23,r_84_33_151,seq21,r_71_77_94,r_84_33_151,0.95,0,151,151,74
17,r_108_128_56,r_31_12_127,seq72,r_31_12_127,0.98,8,135,127,74
57,r_10_97_34,r_105_44_35,seq146,r_10_97_34,1.0,0,34,34,74
21,r_111_52_54,r_23_65_77,r_97_107_101,r_111_52_54,0.78,0,54,54,75
36,r_54_33_185,seq20,r_45_13_109,r_45_13_109,1.0,79,188,109,75
12,r_82_43_112,seq38,r_56_67_15,r_56_67_15,0.54,31,46,15,75
53,r_144_47_161,r_44_10_72,r_152_84_25,r_144_47_161,0.9,0,161,161,75
53,r_144_47_161,r_45_13_109,r_44_10_72,r_144_47_161,0.79,-52,109,161,75
58,r_135_42_55,r_75_81_129,r_22_80_31,r_75_81_129,0.99,0,129,129,75
43,r_147_71_63,r_114_115_99,r_19_18_191,r_147_71_63,1.0,0,63,63,75
22,r_60_79_140,r_100_94_104,r_120_78_9,r_60_79_140,0.55,-114,26,140,75
3,r_152_84_25,r_64_40_89,seq16,r_152_84_25,0.99,1,26,25,75
30,r_59_88_18,r_102_143_35,r_136_3_181,r_136_3_181,0.79,-163,18,181,75
56,r_19_18_191,r_102_143_35,r_147_71_63,r_147_71_63,1.0,9,72,63,75
59,r_120_78_9,r_1_128_47,r_60_79_140,r_60_79_140,0.81,-124,16,140,75
16,r_136_3_181,seq38,r_95_133_92,r_95_133_92,0.72,89,181,92,75
2,r_48_58_166,r_114_115_99,r_68_61_42,r_114_115_99,0.65,-71,28,99,75
1,r_45_13_109,r_144_47_161,seq21,r_45_13_109,0.9,0,109,109,75
46,r_117_132_87,r_92_146_128,seq112,r_117_132_87,1.0,0,87,87,75
42,r_44_10_72,r_136_3_181,seq63,r_44_10_72,1.0,0,72,72,75
27,r_46_55_24,r_92_146_128,seq51,r_46_55_24,0.93,0,24,24,75
48,r_68_61_42,seq9,r_124_66_119,r_68_61_42,0.84,-8,34,42,75
18,r_102_143_35,r_2_31_123,r_19_18_191,r_102_143_35,0.95,0,35,35,75
45,r_41_96_90,r_90_85_124,r_53_74_48,r_41_96_90,1.0,0,90,90,75
56,r_19_18_191,r_53_74_48,r_26_34_88,r_19_18_191,0.66,-173,18,191,75
19,r_103_5_159,seq9,r_134_113_39,r_103_5_159,0.81,1,160,159,75
85,seq69,r_135_42_55,r_68_61_42,r_135_42_55,0.9,-21,34,55,75
56,r_19_18_191,r_26_34_88,r_102_143_35,r_102_143_35,0.89,0,35,35,75
31,r_90_85_124,r_41_96_90,r_122_72_178,r_41_96_90,1.0,-11,79,90,75
41,r_49_12_152,r_45_13_109,r_44_10_72,r_49_12_152,0.88,-68,84,152,75
10,r_100_94_104,r_60_79_140,r_46_55_24,r_100_94_104,0.63,1,105,104,75
31,r_90_85_124,r_122_72_178,seq38,r_90_85_124,1.0,0,124,124,75
55,r_62_35_5,r_92_146_128,r_147_71_63,r_92_146_128,1.0,-16,112,128,75
26,r_0_8_110,r_86_83_1,r_95_133_92,r_0_8_110,0.89,2,112,110,75
8,r_53_74_48,r_56_67_15,r_73_24_183,r_53_74_48,1.0,0,48,48,75
11,r_1_128_47,r_93_109_164,r_152_84_25,r_1_128_47,0.95,1,48,47,75
78,seq38,r_136_3_181,r_60_79_140,r_60_79_140,0.98,41,181,140,75
0,r_158_89_136,seq29,seq63,r_158_89_136,0.97,0,136,136,75
39,r_50_153_14,r_82_43_112,seq130,r_50_153_14,0.72,0,14,14,75
13,r_95_133_92,r_122_72_178,r_131_108_4,r_95_133_92,0.89,0,92,92,75
52,r_93_109_164,r_1_128_47,r_46_55_24,r_46_55_24,0.99,2,26,24,75
15,r_98_70_93,seq130,seq150,r_98_70_93,1.0,0,93,93,75
4,r_124_66_119,r_68_61_42,seq99,r_124_66_119,0.97,2,121,119,75
20,r_73_24_183,r_17_27_174,r_53_74_48,r_53_74_48,1.0,0,48,48,75
2,r_48_58_166,r_68_61_42,r_75_81_129,r_75_81_129,0.69,37,166,129,75
52,r_93_109_164,r_46_55_24,r_59_88_18,r_93_109_164,0.57,1,165,164,75
44,r_97_107_101,r_2_31_123,r_111_52_54,r_111_52_54,0.59,18,72,54,75
4,r_124_66_119,r_129_118_97,r_68_61_42,r_68_61_42,0.63,-8,34,42,75
30,r_59_88_18,r_136_3_181,r_93_109_164,r_59_88_18,0.48,160,178,18,75
22,r_60_79_140,r_120_78_9,seq38,r_60_79_140,0.96,0,140,140,75
41,r_49_12_152,r_44_10_72,r_95_133_92,r_49_12_152,0.96,0,152,152,75
47,r_127_126_106,seq36,seq138,r_127_126_106,0.87,0,106,106,75
59,r_120_78_9,r_60_79_140,r_152_84_25,r_60_79_140,0.62,0,140,140,75
40,r_129_118_97,r_124_66_119,seq28,r_124_66_119,0.86,-47,72,119,75
29,r_14_139_172,seq138,r_102_143_35,r_102_143_35,0.86,137,172,35,75
58,r_135_42_55,r_124_66_119,r_75_81_129,r_135_42_55,0.96,-3,52,55,75
24,r_2_31_123,r_140_104_132,r_64_40_89,r_2_31_123,0.65,0,123,123,75
25,r_159_39_173,seq138,r_53_74_48,r_53_74_48,0.69,125,173,48,75
33,r_92_146_128,seq150,seq69,r_92_146_128,0.96,0,128,128,75
69,seq20,r_54_33_185,r_125_116_20,r_125_116_20,1.0,0,20,20,75
37,r_22_80_31,r_158_89_136,seq36,r_22_80_31,0.89,1,32,31,75
48,r_68_61_42,r_124_66_119,seq106,r_124_66_119,1.0,2,121,119,75
85,seq69,r_68_61_42,r_92_146_128,r_92_146_128,1.0,4,132,128,75
50,r_75_81_129,r_54_33_185,r_135_42_55,r_135_42_55,0.89,7,62,55,75
94,seq106,r_124_66_119,r_68_61_42,r_124_66_119,0.61,-85,34,119,75
44,r_97_107_101,seq76,r_2_31_123,r_97_107_101,0.68,-71,30,101,75
6,r_134_113_39,r_144_47_161,r_103_5_159,r_134_113_39,0.83,122,161,39,75
20,r_73_24_183,r_53_74_48,r_152_84_25,r_73_24_183,0.26,0,183,183,75
32,r_17_27_174,r_73_24_183,r_32_25_169,r_17_27_174,0.4,0,174,174,75
8,r_53_74_48,r_73_24_183,r_159_39_173,r_159_39_173,0.65,10,183,173,75
34,r_30_11_187,seq130,r_86_83_1,r_86_83_1,0.51,186,187,1,75
55,r_62_35_5,r_136_3_181,r_92_146_128,r_62_35_5,0.59,49,54,5,75
6,r_134_113_39,r_23_65_77,r_144_47_161,r_134_113_39,0.85,1,40,39,75
17,r_122_72_178,r_95_133_92,seq9,r_95_133_92,0.95,-12,80,92,75
9,r_6_119_177,seq63,r_53_74_48,r_53_74_48,0.54,129,177,48,75
50,r_75_81_129,r_135_42_55,seq87,r_75_81_129,0.99,0,129,129,75
28,r_140_104_132,seq28,seq29,r_140_104_132,0.93,0,132,132,75
8,r_53_74_48,r_125_116_20,r_56_67_15,r_125_116_20,0.74,0,20,20,75
49,r_114_115_99,seq69,seq20,r_114_115_99,0.89,0,99,99,75
21,r_111_52_54,r_97_107_101,seq149,r_97_107_101,1.0,0,101,101,75
7,r_23_65_77,seq138,seq112,r_23_65_77,1.0,0,77,77,75
18,r_102_143_35,r_19_18_191,r_14_139_172,r_14_139_172,0.54,-3,169,172,75
23,r_64_40_89,seq130,r_2_31_123,r_2_31_123,1.0,9,132,123,75
44,r_97_107_101,r_111_52_54,r_134_113_39,r_97_107_101,0.94,0,101,101,75
84,seq63,r_6_119_177,r_158_89_136,r_158_89_136,1.0,41,177,136,75
93,seq88,r_157_76_189,r_159_60_157,r_157_76_189,0.55,0,189,189,76
30,r_20_5_98,r_128_147_125,r_15_74_38,r_15_74_38,1.0,60,98,38,76
89,seq78,r_122_85_66,r_93_124_166,r_93_124_166,0.95,2,168,166,76
51,r_21_121_116,seq149,seq92,r_21_121_116,1.0,1,117,116,76
9,r_32_52_167,r_86_82_118,seq136,r_32_52_167,0.98,0,167,167,76
14,r_47_141_80,seq40,r_29_18_27,r_47_141_80,0.99,1,81,80,76
8,r_94_16_142,seq14,r_33_118_108,r_94_16_142,0.47,14,156,142,76
53,r_157_76_189,seq88,r_33_118_108,r_33_118_108,0.55,81,189,108,76
18,r_116_51_126,seq2,r_10_109_23,r_10_109_23,0.99,9,32,23,76
83,seq55,seq43,r_19_54_89,r_19_54_89,0.99,11,100,89,76
37,r_75_102_151,seq36,seq90,r_75_102_151,0.28,0,151,151,76
54,r_107_120_162,r_29_18_27,r_105_101_54,r_105_101_54,0.8,108,162,54,76
5,r_128_147_125,r_105_101_54,r_69_154_45,r_128_147_125,0.97,-79,46,125,76
55,r_122_85_66,seq3,seq146,r_122_85_66,1.0,0,66,66,76
46,r_62_117_104,r_94_16_142,r_72_41_51,r_62_117_104,0.84,2,106,104,76
32,r_143_129_130,r_134_53_17,seq59,r_143_129_130,0.53,1,131,130,76
45,r_135_133_77,r_39_1_73,seq108,r_135_133_77,1.0,0,77,77,76
15,r_104_67_44,r_99_4_55,seq92,r_104_67_44,0.53,-2,42,44,76
33,r_29_18_27,r_107_120_162,r_97_73_88,r_97_73_88,1.0,74,162,88,76
43,r_125_100_154,r_150_68_76,seq58,r_150_68_76,0.99,-18,58,76,76
1,r_99_4_55,r_107_120_162,r_10_109_23,r_99_4_55,0.73,0,55,55,76
38,r_106_44_57,r_69_154_45,r_8_81_135,r_8_81_135,1.0,13,148,135,76
66,seq11,r_65_151_164,r_28_96_25,r_28_96_25,0.84,4,29,25,76
31,r_150_68_76,r_125_100_154,seq11,r_150_68_76,1.0,0,76,76,76
67,seq14,r_94_16_142,seq137,r_94_16_142,1.0,0,142,142,76
3,r_30_12_106,seq57,r_37_114_35,r_37_114_35,1.0,74,109,35,76
10,r_22_119_144,r_107_120_162,r_30_12_106,r_22_119_144,0.67,0,144,144,76
28,r_72_41_51,seq83,seq138,r_72_41_51,1.0,1,52,51,76
81,seq45,r_69_154_45,seq149,r_69_154_45,1.0,-7,38,45,76
35,r_134_53_17,r_91_0_182,r_143_129_130,r_134_53_17,1.0,0,17,17,76
11,r_112_7_161,seq139,r_75_102_151,r_112_7_161,0.55,1,162,161,76
20,r_8_81_135,seq25,r_106_44_57,r_8_81_135,1.0,1,136,135,76
59,r_37_114_35,r_77_127_84,seq46,r_37_114_35,1.0,-1,34,35,76
57,r_28_96_25,seq34,seq11,r_28_96_25,1.0,0,25,25,76
6,r_65_151_164,seq148,r_115_79_10,r_65_151_164,0.9,0,164,164,76
33,r_29_18_27,r_91_0_182,r_107_120_162,r_29_18_27,0.72,-6,21,27,76
5,r_128_147_125,r_69_154_45,r_30_12_106,r_128_147_125,1.0,1,126,125,76
61,seq3,r_122_85_66,seq6,r_122_85_66,1.0,-8,58,66,76
82,seq46,r_143_129_130,r_37_114_35,r_37_114_35,1.0,0,35,35,76
41,r_10_109_23,r_99_4_55,r_116_51_126,r_116_51_126,0.97,-103,23,126,76
2,r_110_89_109,seq108,seq36,r_110_89_109,0.99,0,109,109,76
41,r_10_109_23,r_116_51_126,r_99_4_55,r_10_109_23,0.72,95,118,23,76
24,r_111_113_18,r_150_68_76,seq34,r_111_113_18,0.98,-1,17,18,76
40,r_48_50_68,r_75_102_151,r_134_53_17,r_134_53_17,0.84,51,68,17,76
74,seq25,r_8_81_135,seq139,r_8_81_135,1.0,1,136,135,76
29,r_13_158_115,seq78,r_99_4_55,r_13_158_115,1.0,0,115,115,76
35,r_134_53_17,r_143_129_130,r_30_12_106,r_134_53_17,0.91,114,131,17,76
25,r_23_42_91,seq149,seq40,r_23_42_91,1.0,0,91,91,76
58,r_142_131_87,seq149,r_99_4_55,r_142_131_87,0.96,1,88,87,76
34,r_70_9_111,seq83,seq148,r_70_9_111,1.0,0,111,111,76
39,r_15_74_38,r_97_73_88,seq90,r_15_74_38,0.99,-4,34,38,76
17,r_91_0_182,r_157_76_189,r_144_130_155,r_91_0_182,0.46,0,182,182,76
85,seq58,seq146,r_115_79_10,r_115_79_10,1.0,21,31,10,76
9,r_32_52_167,seq43,r_86_82_118,r_32_52_167,0.26,-67,100,167,76
48,r_105_101_54,r_128_147_125,seq24,r_105_101_54,1.0,0,54,54,76
91,seq83,r_93_124_166,seq45,r_93_124_166,0.5,0,166,166,76
49,r_132_56_122,seq92,r_72_41_51,r_132_56_122,0.97,0,122,122,76
56,r_86_82_118,seq55,r_32_52_167,r_86_82_118,0.45,-5,113,118,76
7,r_93_124_166,seq83,seq78,r_93_124_166,0.33,0,166,166,76
18,r_116_51_126,r_10_109_23,r_19_54_89,r_116_51_126,0.65,0,126,126,76
44,r_19_54_89,seq90,seq55,r_19_54_89,0.96,4,93,89,76
23,r_97_73_88,seq138,r_29_18_27,r_97_73_88,1.0,0,88,88,76
32,r_143_129_130,seq46,r_134_53_17,r_134_53_17,0.99,0,17,17,76
56,r_86_82_118,r_32_52_167,r_125_100_154,r_32_52_167,0.94,-5,162,167,76
54,r_107_120_162,r_99_4_55,r_29_18_27,r_99_4_55,0.85,-30,25,55,76
27,r_49_103_11,r_47_141_80,seq43,r_49_103_11,0.99,0,11,11,76
38,r_106_44_57,seq58,r_69_154_45,r_106_44_57,1.0,0,57,57,76
51,r_26_85_160,r_127_100_1,seq30,r_26_85_160,0.59,0,160,160,77
36,r_35_125_186,r_49_75_77,seq81,r_49_75_77,1.0,-11,66,77,77
22,r_95_32_27,seq33,r_84_56_88,r_95_32_27,0.96,0,27,27,77
54,r_76_67_45,r_142_153_147,r_17_66_47,r_76_67_45,0.9,5,50,45,77
99,seq124,r_53_105_92,r_37_27_139,r_37_27_139,0.77,2,141,139,77
8,r_89_57_81,r_102_12_19,seq22,r_89_57_81,0.88,0,81,81,77
83,seq73,seq6,r_111_14_71,r_111_14_71,1.0,32,103,71,77
37,r_2_157_105,r_13_103_123,r_131_134_87,r_2_157_105,0.96,18,123,105,77
59,r_51_24_100,seq25,seq141,r_51_24_100,1.0,0,100,100,77
55,r_128_44_177,seq141,r_95_32_27,r_95_32_27,0.71,150,177,27,77
21,r_28_1_97,r_106_21_114,seq98,r_28_1_97,0.78,-1,96,97,77
39,r_140_43_174,seq45,seq25,r_140_43_174,0.63,0,174,174,77
24,r_4_129_28,r_39_145_59,r_71_55_110,r_4_129_28,0.65,2,30,28,77
5,r_142_153_147,seq101,r_158_126_197,r_142_153_147,0.39,7,154,147,77
46,r_106_21_114,seq124,seq120,r_106_21_114,1.0,0,114,114,77
42,r_159_144_78,r_47_148_75,r_49_75_77,r_47_148_75,0.55,0,75,75,77
69,seq18,r_5_10_165,r_17_66_47,r_17_66_47,1.0,118,165,47,77
24,r_4_129_28,r_71_55_110,r_39_145_59,r_71_55_110,0.95,-10,100,110,77
78,seq38,r_2_157_105,r_79_113_16,r_79_113_16,0.94,1,17,16,77
66,seq141,r_128_44_177,r_51_24_100,r_51_24_100,0.94,23,123,100,77
68,seq16,r_26_85_160,r_7_8_29,r_7_8_29,0.98,13,42,29,77
67,seq15,seq87,r_77_155_122,r_77_155_122,1.0,7,129,122,77
22,r_95_32_27,r_84_56_88,r_112_20_48,r_95_32_27,0.54,26,53,27,77
3,r_131_134_87,seq19,r_2_157_105,r_131_134_87,1.0,2,89,87,77
10,r_65_90_170,seq120,seq30,r_65_90_170,0.61,0,170,170,77
26,r_58_50_190,seq25,r_54_34_106,r_54_34_106,1.0,14,120,106,77
72,seq22,seq119,r_89_57_81,r_89_57_81,1.0,5,86,81,77
16,r_46_135_11,r_77_155_122,r_28_1_97,r_46_135_11,0.79,111,122,11,77
0,r_61_69_152,seq96,r_127_100_1,r_61_69_152,0.85,1,153,152,77
73,seq25,r_51_24_100,r_58_50_190,r_51_24_100,1.0,0,100,100,77
1,r_79_113_16,seq30,seq38,r_79_113_16,0.89,0,16,16,77
20,r_139_40_109,seq96,seq81,r_139_40_109,0.98,0,109,109,77
13,r_111_14_71,r_71_55_110,seq73,r_111_14_71,0.97,5,76,71,77
57,r_13_103_123,r_2_157_105,r_71_55_110,r_2_157_105,0.77,18,123,105,77
31,r_102_12_19,seq98,r_4_129_28,r_102_12_19,0.37,128,147,19,77
6,r_49_75_77,seq74,seq96,r_49_75_77,1.0,0,77,77,77
16,r_46_135_11,r_79_113_16,r_77_155_122,r_46_135_11,0.74,1,12,11,77
19,r_7_8_29,r_111_14_71,seq16,r_7_8_29,1.0,0,29,29,77
34,r_158_126_197,r_132_150_34,seq45,r_132_150_34,0.96,0,34,34,77
99,seq124,r_106_21_114,r_53_105_92,r_106_21_114,0.93,0,114,114,77
48,r_154_136_37,r_65_90_170,seq146,r_154_136_37,1.0,0,37,37,77
36,r_35_125_186,seq81,r_54_34_106,r_54_34_106,0.87,79,185,106,77
87,seq87,r_42_78_154,r_70_23_138,r_42_78_154,0.67,-15,139,154,77
29,r_108_151_49,seq104,seq87,r_108_151_49,1.0,0,49,49,77
52,r_17_66_47,seq63,r_76_67_45,r_17_66_47,1.0,1,48,47,77
2,r_77_155_122,r_46_135_11,seq15,r_77_155_122,0.65,0,122,122,77
41,r_71_55_110,r_4_129_28,seq19,r_71_55_110,1.0,0,110,110,77
40,r_37_27_139,seq73,seq124,r_37_27_139,0.64,0,139,139,77
92,seq104,r_58_50_190,r_84_56_88,r_84_56_88,0.62,4,92,88,77
92,seq104,r_108_151_49,r_58_50_190,r_108_151_49,0.97,0,49,49,77
34,r_158_126_197,seq45,r_142_153_147,r_142_153_147,0.69,-18,129,147,77
25,r_127_100_1,r_26_85_160,r_61_69_152,r_127_100_1,0.85,159,160,1,77
33,r_70_23_138,r_59_152_162,seq87,r_70_23_138,0.47,0,138,138,77
88,seq94,seq81,r_41_116_80,r_41_116_80,1.0,50,130,80,77
58,r_5_10_165,r_36_114_192,r_132_150_34,r_36_114_192,0.63,-27,165,192,77
70,seq19,r_131_134_87,seq63,r_131_134_87,0.67,0,87,87,77
53,r_112_20_48,r_59_152_162,r_95_32_27,r_112_20_48,0.6,0,48,48,77
61,seq3,r_59_152_162,r_72_97_73,r_72_97_73,1.0,89,162,73,77
32,r_143_29_132,seq118,seq52,r_143_29_132,0.88,5,137,132,77
17,r_132_150_34,r_158_126_197,seq94,r_132_150_34,1.0,0,34,34,77
45,r_91_64_38,r_76_67_45,seq74,r_91_64_38,1.0,0,38,38,77
43,r_39_145_59,seq73,r_4_129_28,r_39_145_59,0.84,0,59,59,77
26,r_58_50_190,r_54_34_106,r_121_80_12,r_58_50_190,0.81,0,190,190,77
70,seq19,seq63,r_71_55_110,r_71_55_110,1.0,0,110,110,77
96,seq118,r_143_29_132,r_122_130_5,r_143_29_132,0.57,0,132,132,77
82,seq63,r_17_66_47,seq19,r_17_66_47,0.99,2,49,47,77
31,r_102_12_19,r_89_57_81,seq98,r_102_12_19,0.6,62,81,19,77
73,seq25,r_58_50_190,r_140_43_174,r_140_43_174,0.75,15,189,174,77
91,seq101,r_142_153_147,seq124,r_142_153_147,0.44,7,154,147,77
49,r_86_48_39,r_39_145_59,seq137,r_39_145_59,0.99,-7,52,59,77
41,r_71_55_110,r_7_8_29,r_4_129_28,r_71_55_110,0.64,-81,29,110,77
56,r_84_56_88,r_26_85_160,seq104,r_84_56_88,1.0,1,89,88,77
7,r_72_97_73,seq94,seq3,r_72_97_73,0.97,0,73,73,77
44,r_68_93_83,r_5_10_165,r_111_14_71,r_68_93_83,0.95,6,89,83,77
23,r_54_34_106,r_65_90_170,r_58_50_190,r_54_34_106,0.98,0,106,106,77
35,r_62_109_163,seq96,seq15,r_62_109_163,0.47,0,163,163,77
31,r_102_12_19,r_95_32_27,r_89_57_81,r_102_12_19,0.66,0,19,19,77
12,r_41_116_80,seq137,seq94,r_41_116_80,1.0,0,80,80,77
23,r_54_34_106,r_58_50_190,r_35_125_186,r_54_34_106,0.73,84,190,106,77
93,seq108,r_14_131_157,r_34_45_131,r_34_45_131,0.62,26,157,131,78
53,r_120_109_140,r_8_18_50,r_79_0_41,r_120_109_140,0.87,-101,39,140,78
30,r_34_45_131,r_157_125_94,seq59,r_157_125_94,0.68,-3,91,94,78
13,r_56_153_36,r_91_60_68,seq31,r_91_60_68,1.0,0,68,68,78
50,r_159_118_161,r_91_60_68,r_116_61_135,r_91_60_68,0.56,94,162,68,78
36,r_157_125_94,r_34_45_131,r_102_90_19,r_157_125_94,0.74,1,95,94,78
30,r_34_45_131,seq59,r_98_15_110,r_98_15_110,0.98,1,111,110,78
58,r_102_90_19,r_132_121_193,r_157_125_94,r_157_125_94,1.0,19,113,94,78
54,r_144_64_146,seq4,r_23_63_39,r_144_64_146,0.6,-2,144,146,78
46,r_35_107_25,r_53_3_89,r_69_147_152,r_35_107_25,0.83,0,25,25,78
59,r_47_89_103,r_40_82_128,seq44,r_47_89_103,0.87,-5,98,103,78
55,r_74_22_1,r_158_11_145,r_116_61_135,r_158_11_145,0.9,-54,91,145,78
71,seq145,r_84_6_188,r_23_63_39,r_23_63_39,1.0,150,189,39,78
87,seq85,r_99_10_21,r_17_16_58,r_17_16_58,0.98,21,79,58,78
86,seq83,r_58_81_121,seq20,r_58_81_121,0.48,0,121,121,78
21,r_32_105_92,r_69_147_152,seq138,r_32_105_92,1.0,-3,89,92,78
39,r_158_11_145,seq5,r_79_0_41,r_158_11_145,0.79,1,146,145,78
32,r_104_97_32,r_77_33_180,r_46_113_141,r_46_113_141,0.78,43,184,141,78
83,seq59,r_34_45_131,r_98_15_110,r_98_15_110,0.81,2,112,110,78
11,r_23_63_39,r_66_52_171,r_32_105_92,r_32_105_92,0.72,79,171,92,78
43,r_117_25_42,r_14_131_157,r_104_97_32,r_104_97_32,0.85,11,43,32,78
11,r_23_63_39,r_26_134_48,r_66_52_171,r_23_63_39,0.98,-2,37,39,78
26,r_156_112_53,r_40_82_128,seq128,r_156_112_53,0.99,0,53,53,78
17,r_91_60_68,r_56_153_36,r_159_118_161,r_91_60_68,1.0,0,68,68,78
41,r_55_68_72,r_42_126_98,r_39_9_14,r_55_68_72,1.0,3,75,72,78
67,seq12,r_148_88_197,r_116_61_135,r_116_61_135,0.51,-22,113,135,78
10,r_53_3_89,seq38,seq103,r_53_3_89,0.95,1,90,89,78
16,r_77_33_180,r_104_97_32,r_39_9_14,r_77_33_180,0.32,4,184,180,78
4,r_70_136_91,seq2,seq38,r_70_136_91,0.77,6,97,91,78
32,r_104_97_32,r_34_45_131,r_77_33_180,r_104_97_32,1.0,0,32,32,78
20,r_46_113_141,seq29,seq73,r_46_113_141,0.93,1,142,141,78
17,r_91_60_68,r_159_118_161,r_120_109_140,r_91_60_68,0.61,94,162,68,78
15,r_57_115_119,r_41_150_46,r_39_9_14,r_39_9_14,0.7,110,124,14,78
48,r_42_126_98,seq103,r_123_62_16,r_42_126_98,0.94,-7,91,98,78
28,r_66_52_171,r_132_121_193,r_23_63_39,r_23_63_39,1.0,-2,37,39,78
49,r_51_149_13,r_56_153_36,r_41_150_46,r_51_149_13,0.57,2,15,13,78
13,r_56_153_36,r_58_81_121,r_91_60_68,r_56_153_36,0.99,0,36,36,78
27,r_13_75_106,r_7_139_2,seq37,r_7_139_2,0.61,104,106,2,78
53,r_120_109_140,r_79_0_41,r_154_76_120,r_120_109_140,0.63,1,141,140,78
22,r_65_146_30,seq36,r_96_67_148,r_96_67_148,0.99,1,149,148,78
2,r_98_15_110,r_159_118_161,r_34_45_131,r_98_15_110,0.77,0,110,110,78
47,r_92_1_118,r_84_6_188,r_53_3_89,r_92_1_118,1.0,0,118,118,78
83,seq59,r_17_16_58,r_34_45_131,r_17_16_58,0.94,-9,49,58,78
40,r_96_67_148,r_148_88_197,r_65_146_30,r_96_67_148,0.85,0,148,148,78
29,r_106_152_159,seq83,r_116_61_135,r_106_152_159,0.44,2,161,159,78
69,seq142,r_13_75_106,r_123_62_16,r_13_75_106,0.6,-91,15,106,78
37,r_79_0_41,r_132_121_193,r_120_109_140,r_79_0_41,0.86,-2,39,41,78
25,r_58_81_121,seq83,r_43_133_33,r_58_81_121,0.85,0,121,121,78
17,r_91_60_68,seq31,r_56_153_36,r_56_153_36,0.9,2,38,36,78
52,r_8_18_50,r_120_109_140,seq5,r_8_18_50,0.95,-1,49,50,78
50,r_159_118_161,r_98_15_110,r_91_60_68,r_159_118_161,0.53,-51,110,161,78
57,r_40_82_128,r_57_115_119,r_100_50_17,r_100_50_17,0.88,10,27,17,78
12,r_100_50_17,r_53_3_89,r_39_9_14,r_53_3_89,0.84,-70,19,89,78
16,r_77_33_180,seq4,r_104_97_32,r_104_97_32,1.0,22,54,32,78
57,r_40_82_128,r_100_50_17,r_49_21_73,r_49_21_73,0.76,58,131,73,78
34,r_95_71_134,r_14_131_157,r_137_80_115,r_95_71_134,0.87,1,135,134,78
19,r_123_62_16,r_132_121_193,r_7_139_2,r_132_121_193,0.7,-176,17,193,78
45,r_26_134_48,r_123_62_16,r_137_80_115,r_137_80_115,0.96,1,116,115,78
24,r_43_133_33,r_94_28_93,r_35_107_25,r_43_133_33,0.76,0,33,33,78
96,seq119,r_30_140_192,r_159_118_161,r_30_140_192,0.29,-2,190,192,78
30,r_34_45_131,r_98_15_110,seq108,r_34_45_131,0.9,0,131,131,78
2,r_98_15_110,r_34_45_131,seq59,r_34_45_131,0.95,2,133,131,78
0,r_99_10_21,r_144_64_146,seq38,r_99_10_21,0.76,4,25,21,78
28,r_66_52_171,r_23_63_39,r_120_109_140,r_66_52_171,0.54,2,173,171,78
5,r_17_16_58,seq59,seq85,r_17_16_58,1.0,0,58,58,78
58,r_102_90_19,r_14_131_157,r_132_121_193,r_14_131_157,0.65,-140,17,157,78
56,r_154_76_120,r_84_6_188,r_17_16_58,r_17_16_58,0.64,62,120,58,78
7,r_137_80_115,seq36,r_26_134_48,r_137_80_115,0.97,0,115,115,78
44,r_49_21_73,r_98_15_110,r_40_82_128,r_49_21_73,0.96,-2,71,73,78
3,r_130_54_38,seq87,seq122,r_130_54_38,1.0,-1,37,38,78
79,seq36,r_137_80_115,r_65_146_30,r_137_80_115,0.61,1,116,115,78
22,r_65_146_30,seq85,seq36,r_65_146_30,0.89,-1,29,30,78
37,r_79_0_41,r_120_109_140,seq135,r_120_109_140,0.53,-51,89,140,78
45,r_26_134_48,r_23_63_39,r_123_62_16,r_26_134_48,0.86,-11,37,48,78
30,r_73_49_87,r_56_127_192,r_45_116_13,r_73_49_87,0.96,2,89,87,79
6,r_133_138_24,r_2_84_132,seq57,r_133_138_24,0.78,-2,22,24,79
36,r_53_103_153,r_129_83_165,r_12_90_151,r_53_103_153,0.82,0,153,153,79
14,r_67_109_123,seq72,r_30_115_53,r_67_109_123,0.93,1,124,123,79
43,r_129_83_165,r_53_103_153,r_148_66_3,r_129_83_165,0.51,-12,153,165,79
17,r_6_131_171,r_38_15_196,r_58_158_113,r_6_131_171,0.95,0,171,171,79
37,r_51_25_167,r_56_127_192,r_47_21_181,r_51_25_167,0.52,0,167,167,79
59,r_41_69_183,r_3_89_99,seq37,r_3_89_99,1.0,0,99,99,79
55,r_18_150_139,r_2_84_132,seq152,r_18_150_139,0.84,0,139,139,79
16,r_2_84_132,seq80,r_148_66_3,r_2_84_132,0.94,2,134,132,79
5,r_96_9_70,seq102,r_30_115_53,r_96_9_70,0.64,0,70,70,79
42,r_145_137_76,r_67_109_123,seq128,r_145_137_76,0.95,0,76,76,79
1,r_64_32_35,seq102,seq54,r_64_32_35,1.0,1,36,35,79
69,seq149,r_13_122_115,seq128,r_13_122_115,1.0,0,115,115,79
45,r_34_23_59,r_18_150_139,r_64_32_35,r_34_23_59,1.0,4,63,59,79
44,r_48_46_16,r_7_52_27,r_111_95_61,r_48_46_16,0.93,-1,15,16,79
19,r_124_28_136,r_106_93_111,seq139,r_106_93_111,0.98,0,111,111,79
48,r_5_33_50,r_77_36_88,seq72,r_77_36_88,1.0,4,92,88,79
39,r_153_155_25,r_154_135_78,seq79,r_153_155_25,0.99,0,25,25,79
31,r_105_98_67,seq71,seq126,r_105_98_67,1.0,0,67,67,79
41,r_107_0_66,seq8,seq37,r_107_0_66,1.0,2,68,66,79
3,r_113_121_102,seq4,seq11,r_113_121_102,1.0,0,102,102,79
10,r_154_135_78,r_141_62_170,seq130,r_154_135_78,1.0,4,82,78,79
26,r_81_92_74,r_67_109_123,r_96_9_70,r_96_9_70,0.82,4,74,70,79
54,r_45_116_13,r_118_20_15,seq119,r_45_116_13,0.96,0,13,13,79
73,seq31,r_56_127_192,r_154_135_78,r_154_135_78,1.0,111,189,78,79
11,r_12_90_151,r_136_27_166,r_107_0_66,r_136_27_166,0.6,-15,151,166,79
20,r_58_158_113,r_44_22_122,r_106_93_111,r_58_158_113,0.92,13,126,113,79
13,r_141_62_170,seq119,r_43_59_155,r_43_59_155,0.91,21,176,155,79
15,r_14_78_121,seq130,r_148_66_3,r_14_78_121,0.98,1,122,121,79
71,seq24,r_159_16_57,seq60,r_159_16_57,1.0,0,57,57,79
57,r_106_93_111,r_124_28_136,seq8,r_106_93_111,0.99,0,111,111,79
62,seq4,r_133_138_24,r_44_22_122,r_44_22_122,1.0,5,127,122,79
62,seq4,r_113_121_102,r_133_138_24,r_113_121_102,0.82,0,102,102,79
30,r_73_49_87,r_45_116_13,r_13_122_115,r_13_122_115,1.0,4,119,115,79
85,seq80,r_2_84_132,r_96_9_70,r_96_9_70,0.77,64,134,70,79
84,seq79,r_140_35_38,r_153_155_25,r_153_155_25,1.0,0,25,25,79
27,r_77_36_88,r_67_109_123,seq87,r_77_36_88,0.89,3,91,88,79
58,r_30_115_53,r_47_21_181,seq80,r_30_115_53,1.0,0,53,53,79
79,seq60,seq24,r_147_86_149,r_147_86_149,1.0,22,171,149,79
2,r_114_100_64,r_145_137_76,r_7_52_27,r_7_52_27,1.0,37,64,27,79
41,r_107_0_66,seq37,r_12_90_151,r_12_90_151,1.0,0,151,151,79
47,r_147_86_149,seq72,seq60,r_147_86_149,0.83,1,150,149,79
59,r_41_69_183,seq37,r_5_33_50,r_41_69_183,0.53,2,185,183,79
40,r_110_99_186,seq57,r_96_9_70,r_96_9_70,0.94,116,186,70,79
74,seq37,r_41_69_183,r_65_104_179,r_65_104_179,0.76,6,185,179,79
29,r_61_74_92,seq79,r_154_135_78,r_61_74_92,1.0,1,93,92,79
24,r_43_59_155,seq130,seq143,r_43_59_155,0.74,0,155,155,79
96,seq119,seq112,r_45_116_13,r_45_116_13,0.67,41,54,13,79
25,r_111_95_61,r_55_29_156,seq82,r_111_95_61,0.99,6,67,61,79
64,seq8,r_107_0_66,r_58_158_113,r_107_0_66,1.0,3,69,66,79
44,r_48_46_16,r_111_95_61,r_7_52_27,r_48_46_16,0.75,24,40,16,79
88,seq87,r_101_142_160,seq112,r_101_142_160,0.99,-68,92,160,79
32,r_159_16_57,seq24,seq72,r_159_16_57,1.0,0,57,57,79
50,r_13_122_115,seq149,r_73_49_87,r_13_122_115,0.98,0,115,115,79
61,seq130,r_43_59_155,r_154_135_78,r_154_135_78,0.79,77,155,78,79
38,r_44_22_122,r_58_158_113,seq4,r_44_22_122,0.96,4,126,122,79
52,r_56_127_192,r_51_25_167,r_154_135_78,r_154_135_78,0.84,89,167,78,79
19,r_124_28_136,seq139,r_48_46_16,r_124_28_136,0.95,0,136,136,79
34,r_3_89_99,r_41_69_183,r_136_27_166,r_3_89_99,0.99,0,99,99,79
48,r_5_33_50,seq112,r_77_36_88,r_5_33_50,0.99,0,50,50,79
17,r_6_131_171,seq31,r_38_15_196,r_38_15_196,0.71,-69,127,196,79
43,r_129_83_165,r_148_66_3,r_154_135_78,r_129_83_165,0.89,0,165,165,79
22,r_123_91_116,seq68,seq125,r_123_91_116,0.95,-1,115,116,79
12,r_118_20_15,seq71,seq126,r_118_20_15,0.98,0,15,15,79
49,r_101_142_160,seq87,r_47_21_181,r_101_142_160,0.74,1,161,160,79
92,seq102,r_64_32_35,seq39,r_64_32_35,0.96,1,36,35,79
23,r_65_104_179,r_148_66_3,seq37,r_65_104_179,0.68,0,179,179,79
79,seq60,r_144_26_90,seq24,r_144_26_90,0.97,3,93,90,79
35,r_136_27_166,r_12_90_151,r_3_89_99,r_3_89_99,1.0,52,151,99,79
30,r_109_68_188,r_69_81_143,r_157_80_5,r_69_81_143,0.45,-83,60,143,80
36,r_79_29_108,seq39,r_153_58_99,r_79_29_108,0.99,1,109,108,80
38,r_67_116_157,seq54,r_97_6_74,r_67_116_157,1.0,0,157,157,80
53,r_87_21_72,seq30,r_63_104_64,r_63_104_64,1.0,9,73,64,80
58,r_90_17_181,r_62_114_52,r_83_24_28,r_62_114_52,0.86,129,181,52,80
43,r_40_154_173,seq22,r_89_126_115,r_40_154_173,0.69,2,175,173,80
3,r_18_3_150,r_151_49_25,r_55_5_20,r_18_3_150,0.53,-124,26,150,80
54,r_13_50_120,r_133_141_165,seq82,r_13_50_120,0.82,0,120,120,80
37,r_11_146_161,r_148_7_183,r_83_24_28,r_148_7_183,0.86,-22,161,183,80
3,r_18_3_150,r_55_5_20,r_42_66_167,r_18_3_150,0.45,-33,117,150,80
25,r_157_80_5,r_69_81_143,r_28_46_69,r_157_80_5,0.95,55,60,5,80
55,r_101_143_104,seq59,r_111_136_1,r_101_143_104,0.91,1,105,104,80
16,r_25_106_92,r_56_139_174,r_93_103_80,r_25_106_92,0.7,2,94,92,80
39,r_42_66_167,seq74,r_48_51_45,r_48_51_45,0.87,121,166,45,80
13,r_117_152_15,r_62_114_52,seq39,r_117_152_15,0.98,0,15,15,80
46,r_118_32_105,seq34,seq36,r_118_32_105,0.96,4,109,105,80
80,seq54,seq98,r_150_127_148,r_150_127_148,0.38,17,165,148,80
19,r_27_37_127,seq158,seq16,r_27_37_127,0.74,7,134,127,80
45,r_91_72_32,r_90_17_181,seq121,r_91_72_32,1.0,0,32,32,80
3,r_18_3_150,r_42_66_167,r_89_126_115,r_18_3_150,0.39,0,150,150,80
14,r_76_12_19,r_85_31_112,r_14_119_118,r_76_12_19,0.97,1,20,19,80
31,r_84_9_122,seq15,seq34,r_84_9_122,0.69,1,123,122,80
20,r_55_5_20,r_25_106_92,seq98,r_55_5_20,0.91,2,22,20,80
67,seq22,r_40_154_173,r_56_139_174,r_40_154_173,0.58,1,174,173,80
10,r_97_6_74,r_131_64_83,r_151_49_25,r_151_49_25,0.81,50,75,25,80
90,seq98,r_89_126_115,r_55_5_20,r_89_126_115,0.84,-39,76,115,80
2,r_83_24_28,r_86_1_70,seq120,r_83_24_28,0.85,1,29,28,80
42,r_35_96_55,seq65,seq147,r_35_96_55,0.82,1,56,55,80
26,r_69_81_143,r_20_128_79,r_97_6_74,r_69_81_143,1.0,-64,79,143,80
14,r_76_12_19,r_14_119_118,r_71_78_24,r_14_119_118,1.0,1,119,118,80
4,r_19_132_151,r_129_137_197,r_61_47_131,r_129_137_197,0.71,-44,153,197,80
0,r_0_43_199,seq156,seq36,r_0_43_199,0.3,-119,80,199,80
73,seq36,r_0_43_199,r_85_31_112,r_85_31_112,1.0,-9,103,112,80
11,r_140_77_107,seq108,seq16,r_140_77_107,0.73,1,108,107,80
56,r_14_119_118,r_76_12_19,r_111_136_1,r_14_119_118,1.0,1,119,118,80
15,r_85_31_112,seq74,seq36,r_85_31_112,0.92,-10,102,112,80
48,r_112_123_185,r_69_81_143,r_135_60_198,r_69_81_143,0.53,-70,73,143,80
49,r_151_49_25,r_69_81_143,r_97_6_74,r_151_49_25,0.48,104,129,25,80
57,r_138_88_164,seq125,r_19_132_151,r_138_88_164,0.83,0,164,164,80
6,r_4_159_169,seq82,r_97_6_74,r_97_6_74,0.97,95,169,74,80
62,seq10,r_145_8_140,r_111_136_1,r_145_8_140,1.0,0,140,140,80
21,r_48_51_45,r_57_53_187,r_83_24_28,r_48_51_45,0.34,143,188,45,80
5,r_57_53_187,r_48_51_45,r_18_3_150,r_48_51_45,0.45,143,188,45,80
8,r_149_23_26,r_97_6_74,seq110,r_149_23_26,1.0,-1,25,26,80
27,r_153_58_99,r_19_132_151,seq113,r_19_132_151,0.98,-51,100,151,80
23,r_142_33_142,r_124_122_190,r_92_100_42,r_92_100_42,1.0,4,46,42,80
87,seq94,r_124_122_190,r_131_64_83,r_131_64_83,1.0,28,111,83,80
49,r_151_49_25,r_18_3_150,r_69_81_143,r_151_49_25,1.0,0,25,25,80
34,r_62_114_52,seq34,r_92_100_42,r_62_114_52,1.0,1,53,52,80
47,r_129_137_197,r_19_132_151,r_150_127_148,r_19_132_151,0.74,2,153,151,80
59,r_92_100_42,r_142_33_142,r_62_114_52,r_142_33_142,1.0,0,142,142,80
40,r_20_128_79,r_69_81_143,seq102,r_20_128_79,0.98,0,79,79,80
29,r_89_126_115,seq65,r_111_136_1,r_89_126_115,0.58,0,115,115,80
56,r_14_119_118,r_71_78_24,r_76_12_19,r_76_12_19,0.68,37,56,19,80
24,r_148_7_183,r_11_146_161,r_89_126_115,r_148_7_183,0.68,-22,161,183,80
33,r_99_38_141,r_150_127_148,r_97_6_74,r_150_127_148,0.69,-7,141,148,80
64,seq15,r_63_104_64,seq70,r_63_104_64,1.0,0,64,64,80
24,r_148_7_183,r_89_126_115,r_69_81_143,r_148_7_183,0.79,2,185,183,80
48,r_112_123_185,r_109_68_188,r_149_23_26,r_112_123_185,0.85,1,186,185,80
50,r_131_64_83,seq16,seq94,r_131_64_83,1.0,0,83,83,80
58,r_90_17_181,r_124_122_190,r_62_114_52,r_62_114_52,1.0,32,84,52,80
70,seq156,r_0_43_199,seq36,r_0_43_199,0.39,-107,92,199,80
32,r_63_104_64,seq15,r_87_21_72,r_63_104_64,1.0,1,65,64,80
52,r_111_136_1,r_56_139_174,r_101_143_104,r_101_143_104,0.91,-2,102,104,80
48,r_112_123_185,r_135_60_198,r_109_68_188,r_112_123_185,0.44,-73,112,185,80
17,r_56_139_174,r_111_136_1,seq74,r_111_136_1,0.46,174,175,1,80
94,seq108,r_140_77_107,seq134,r_140_77_107,0.64,28,135,107,80
21,r_48_51_45,seq74,r_57_53_187,r_48_51_45,0.98,1,46,45,80
18,r_71_78_24,r_57_53_187,r_76_12_19,r_76_12_19,0.7,2,21,19,80
9,r_133_141_165,seq110,r_89_126_115,r_133_141_165,0.89,0,165,165,80
26,r_69_81_143,r_97_6_74,r_84_9_122,r_69_81_143,1.0,0,143,143,80
28,r_86_1_70,seq10,seq158,r_86_1_70,0.92,2,72,70,80
91,seq102,r_4_159_169,r_20_128_79,r_20_128_79,0.95,4,83,79,80
74,seq39,r_79_29_108,r_117_152_15,r_117_152_15,0.6,6,21,15,80
98,seq121,seq130,r_91_72_32,r_91_72_32,1.0,17,49,32,80
7,r_61_47_131,seq26,seq52,r_61_47_131,0.8,1,132,131,80
59,r_92_100_42,seq59,r_142_33_142,r_92_100_42,1.0,0,42,42,80
44,r_93_103_80,r_61_47_131,r_25_106_92,r_93_103_80,0.98,4,84,80,80
12,r_28_46_69,r_124_122_190,r_157_80_5,r_28_46_69,0.94,1,70,69,80
23,r_142_33_142,r_92_100_42,seq59,r_142_33_142,1.0,0,142,142,80
5,r_57_53_187,r_89_126_115,r_48_51_45,r_57_53_187,1.0,-132,55,187,80
84,seq74,r_42_66_167,r_56_139_174,r_42_66_167,0.75,4,171,167,80
40,r_50_117_72,r_44_73_11,r_85_96_57,r_50_117_72,0.49,6,78,72,81
4,r_25_39_12,r_72_148_121,seq55,r_25_39_12,0.67,1,13,12,81
9,r_159_47_66,r_147_152_180,r_108_54_153,r_108_54_153,0.96,2,155,153,81
92,seq104,r_101_134_161,r_138_112_103,r_138_112_103,0.96,58,161,103,81
14,r_154_34_64,seq77,seq126,r_154_34_64,1.0,0,64,64,81
53,r_49_84_110,seq150,seq107,r_49_84_110,0.98,0,110,110,81
58,r_4_38_34,r_5_3_155,r_45_151_10,r_5_3_155,1.0,0,155,155,81
43,r_81_62_109,seq35,seq55,r_81_62_109,0.98,0,109,109,81
54,r_93_0_118,r_13_157_182,r_85_96_57,r_93_0_118,0.99,0,118,118,81
59,r_106_26_128,seq104,seq22,r_106_26_128,0.89,0,128,128,81
19,r_44_73_11,r_50_117_72,seq55,r_50_117_72,0.69,32,104,72,81
16,r_42_145_185,r_2_136_193,r_45_151_10,r_42_145_185,0.16,0,185,185,81
21,r_105_15_94,r_106_26_128,r_1_130_192,r_105_15_94,0.99,-1,93,94,81
39,r_114_60_168,seq16,seq43,r_114_60_168,0.47,0,168,168,81
1,r_153_6_82,r_149_142_131,r_72_148_121,r_153_6_82,0.86,1,83,82,81
97,seq121,r_10_143_87,seq16,r_10_143_87,1.0,1,88,87,81
80,seq61,seq158,r_156_40_100,r_156_40_100,1.0,0,100,100,81
5,r_147_152_180,seq158,r_21_118_28,r_21_118_28,0.81,152,180,28,81
46,r_9_141_79,r_72_148_121,r_91_41_30,r_9_141_79,1.0,0,79,79,81
42,r_56_29_65,r_89_8_183,r_2_136_193,r_56_29_65,1.0,1,66,65,81
12,r_91_41_30,r_122_12_29,seq150,r_91_41_30,0.96,0,30,30,81
49,r_7_97_160,r_82_139_40,r_49_84_110,r_7_97_160,0.89,2,162,160,81
24,r_135_48_17,r_103_14_134,r_154_34_64,r_154_34_64,0.75,71,135,64,81
70,seq150,r_1_130_192,r_71_95_37,r_71_95_37,0.75,16,53,37,81
84,seq74,seq43,r_45_151_10,r_45_151_10,0.64,106,116,10,81
30,r_57_17_58,r_116_27_147,r_42_145_185,r_57_17_58,1.0,1,59,58,81
34,r_86_127_26,r_147_152_180,seq144,r_86_127_26,0.99,0,26,26,81
6,r_36_19_32,r_78_109_48,r_153_6_82,r_36_19_32,0.71,2,34,32,81
38,r_89_8_183,r_85_96_57,r_156_40_100,r_85_96_57,0.7,126,183,57,81
71,seq32,seq63,r_146_30_20,r_146_30_20,0.83,25,45,20,81
41,r_132_111_99,seq158,seq55,r_132_111_99,1.0,0,99,99,81
67,seq22,r_42_145_185,r_106_26_128,r_106_26_128,1.0,25,153,128,81
58,r_4_38_34,r_138_112_103,r_5_3_155,r_4_38_34,0.87,0,34,34,81
89,seq144,r_72_148_121,r_78_109_48,r_72_148_121,1.0,1,122,121,81
0,r_101_134_161,seq104,seq16,r_101_134_161,0.62,0,161,161,81
47,r_5_3_155,seq35,r_4_38_34,r_4_38_34,1.0,20,54,34,81
20,r_156_40_100,seq55,seq61,r_156_40_100,0.99,0,100,100,81
15,r_10_143_87,seq121,r_9_141_79,r_10_143_87,0.49,1,88,87,81
48,r_64_76_177,r_153_6_82,r_36_19_32,r_64_76_177,0.62,-110,67,177,81
6,r_36_19_32,r_153_6_82,seq87,r_153_6_82,0.94,-15,67,82,81
57,r_119_33_146,r_7_97_160,r_57_17_58,r_57_17_58,0.98,90,148,58,81
33,r_149_142_131,r_65_24_196,r_21_118_28,r_149_142_131,0.93,0,131,131,81
62,seq133,r_7_97_160,r_82_139_40,r_7_97_160,0.95,-13,147,160,81
8,r_99_79_23,r_65_24_196,r_82_139_40,r_99_79_23,0.98,-1,22,23,81
26,r_85_96_57,r_154_34_64,seq115,r_154_34_64,0.87,-5,59,64,81
99,seq126,seq90,r_154_34_64,r_154_34_64,1.0,0,64,64,81
10,r_103_14_134,r_135_48_17,seq69,r_103_14_134,0.5,1,135,134,81
31,r_71_95_37,r_66_94_135,seq150,r_71_95_37,0.6,0,37,37,81
27,r_82_139_40,r_119_33_146,r_131_110_56,r_131_110_56,0.99,16,72,56,81
30,r_57_17_58,r_42_145_185,r_119_33_146,r_57_17_58,0.72,85,143,58,81
1,r_153_6_82,r_72_148_121,r_45_151_10,r_72_148_121,0.97,-2,119,121,81
2,r_72_148_121,seq144,seq63,r_72_148_121,0.88,1,122,121,81
24,r_135_48_17,r_88_137_126,r_103_14_134,r_135_48_17,0.99,0,17,17,81
25,r_88_137_126,r_114_60_168,seq87,r_88_137_126,0.99,0,126,126,81
19,r_44_73_11,r_147_152_180,r_50_117_72,r_44_73_11,0.89,0,11,11,81
33,r_149_142_131,r_153_6_82,r_65_24_196,r_153_6_82,0.99,1,83,82,81
48,r_64_76_177,r_36_19_32,r_101_134_161,r_101_134_161,0.6,15,176,161,81
3,r_122_12_29,r_91_41_30,seq23,r_122_12_29,1.0,0,29,29,81
64,seq158,r_147_152_180,r_108_54_153,r_108_54_153,0.68,27,180,153,81
13,r_75_28_35,r_103_14_134,seq100,r_75_28_35,0.99,0,35,35,81
47,r_5_3_155,r_4_38_34,seq58,r_5_3_155,0.98,0,155,155,81
12,r_91_41_30,seq150,r_9_141_79,r_9_141_79,1.0,0,79,79,81
65,seq16,r_114_60_168,r_101_134_161,r_101_134_161,0.81,7,168,161,81
68,seq23,r_42_145_185,r_122_12_29,r_122_12_29,0.97,32,61,29,81
32,r_138_112_103,r_52_31_178,seq128,r_138_112_103,1.0,0,103,103,81
77,seq55,seq63,r_44_73_11,r_44_73_11,0.86,44,55,11,81
38,r_89_8_183,r_56_29_65,r_85_96_57,r_56_29_65,0.93,1,66,65,81
52,r_116_27_147,seq67,r_82_139_40,r_116_27_147,0.84,0,147,147,81
40,r_50_117_72,r_4_38_34,r_44_73_11,r_44_73_11,0.5,3,14,11,81
51,r_131_110_56,seq51,r_82_139_40,r_131_110_56,1.0,0,56,56,81
60,seq128,r_68_123_190,r_138_112_103,r_138_112_103,1.0,11,114,103,81
10,r_103_14_134,r_75_28_35,r_135_48_17,r_103_14_134,0.65,-99,35,134,81
17,r_1_130_192,seq150,r_105_15_94,r_105_15_94,1.0,19,113,94,81
81,seq63,seq32,r_92_80_33,r_92_80_33,0.95,12,45,33,81
9,r_159_47_66,seq100,r_147_152_180,r_159_47_66,1.0,1,67,66,81
18,r_21_118_28,r_82_139_40,seq51,r_21_118_28,1.0,0,28,28,81
22,r_13_157_182,seq59,r_156_40_100,r_156_40_100,1.0,82,182,100,81
28,r_37_140_97,seq158,r_56_29_65,r_37_140_97,1.0,0,97,97,81
49,r_7_97_160,r_119_33_146,r_82_139_40,r_119_33_146,0.9,2,148,146,81
56,r_18_70_140,seq59,seq11,r_18_70_140,0.91,0,140,140,81
18,r_21_118_28,seq51,r_149_142_131,r_149_142_131,1.0,0,131,131,81
44,r_108_54_153,seq87,r_159_47_66,r_108_54_153,0.94,0,153,153,81
23,r_68_123_190,seq128,r_86_127_26,r_86_127_26,0.74,164,190,26,81
82,seq67,r_116_27_147,r_138_112_103,r_138_112_103,0.69,44,147,103,81
7,r_92_80_33,r_72_148_121,seq63,r_92_80_33,0.91,0,33,33,81
35,r_66_94_135,seq58,r_81_62_109,r_66_94_135,0.77,0,135,135,81
55,r_146_30_20,r_75_28_35,seq32,r_146_30_20,1.0,0,20,20,81
29,r_45_151_10,r_18_70_140,seq35,r_45_151_10,0.59,1,11,10,81
30,r_48_47_93,seq36,r_2_157_18,r_48_47_93,1.0,0,93,93,82
44,r_131_42_160,r_37_76_61,r_3_123_25,r_131_42_160,0.88,0,160,160,82
36,r_37_76_61,r_14_27_169,r_152_125_78,r_37_76_61,1.0,0,61,61,82
14,r_158_11_85,r_141_120_113,r_96_81_76,r_158_11_85,1.0,0,85,85,82
43,r_0_10_178,r_14_27_169,r_7_13_42,r_7_13_42,1.0,37,79,42,82
51,r_111_54_33,seq86,r_146_74_23,r_111_54_33,0.94,0,33,33,82
94,seq98,r_102_80_163,r_3_123_25,r_3_123_25,1.0,0,25,25,82
83,seq51,r_56_112_102,r_73_16_50,r_56_112_102,0.72,7,109,102,82
81,seq44,r_88_97_72,r_62_77_120,r_62_77_120,1.0,48,168,120,82
37,r_128_65_132,seq68,r_69_5_127,r_128_65_132,0.79,1,133,132,82
7,r_7_13_42,r_62_77_120,r_137_154_156,r_7_13_42,0.98,0,42,42,82
16,r_99_104_183,seq30,r_82_107_29,r_82_107_29,1.0,153,182,29,82
21,r_43_149_166,seq23,r_64_55_13,r_43_149_166,0.91,1,167,166,82
1,r_88_97_72,r_101_21_63,seq44,r_101_21_63,0.72,1,64,63,82
27,r_124_134_59,r_12_94_66,seq79,r_124_134_59,1.0,0,59,59,82
7,r_7_13_42,r_137_154_156,r_156_58_7,r_137_154_156,0.95,0,156,156,82
59,r_101_21_63,r_155_139_31,seq44,r_155_139_31,1.0,0,31,31,82
45,r_46_109_100,r_96_81_76,seq9,r_46_109_100,1.0,-1,99,100,82
55,r_3_123_25,r_105_24_170,seq98,r_3_123_25,1.0,0,25,25,82
15,r_72_67_43,seq115,r_48_47_93,r_48_47_93,1.0,34,127,93,82
18,r_2_157_18,r_7_13_42,r_78_140_129,r_2_157_18,0.93,0,18,18,82
63,seq129,r_142_49_41,seq30,r_142_49_41,0.8,5,46,41,82
76,seq30,r_99_104_183,r_15_108_14,r_15_108_14,0.99,173,187,14,82
39,r_82_107_29,r_78_140_129,seq68,r_82_107_29,1.0,0,29,29,82
26,r_31_75_53,seq19,r_111_54_33,r_31_75_53,1.0,0,53,53,82
31,r_136_45_73,r_56_112_102,seq28,r_136_45_73,0.89,0,73,73,82
22,r_32_127_136,r_113_53_99,r_88_97_72,r_32_127_136,0.99,0,136,136,82
10,r_96_81_76,r_46_109_100,r_158_11_85,r_96_81_76,0.98,19,95,76,82
4,r_4_100_159,seq34,r_63_17_154,r_4_100_159,0.98,0,159,159,82
78,seq34,r_4_100_159,r_136_45_73,r_136_45_73,0.83,86,159,73,82
0,r_35_59_151,seq66,r_73_16_50,r_35_59_151,0.77,1,152,151,82
6,r_15_108_14,r_35_59_151,r_118_95_88,r_15_108_14,0.96,0,14,14,82
20,r_14_27_169,r_116_22_185,seq51,r_116_22_185,0.79,-16,169,185,82
13,r_141_120_113,seq9,seq20,r_141_120_113,0.99,0,113,113,82
56,r_87_126_55,r_135_39_146,r_110_8_38,r_135_39_146,1.0,-28,118,146,82
46,r_105_24_170,r_110_8_38,r_71_57_6,r_105_24_170,0.53,1,171,170,82
46,r_105_24_170,r_72_67_43,r_110_8_38,r_105_24_170,1.0,-123,47,170,82
48,r_63_17_154,r_43_149_166,r_4_100_159,r_4_100_159,0.87,-4,155,159,82
57,r_132_144_68,r_105_24_170,seq68,r_132_144_68,1.0,0,68,68,82
17,r_155_139_31,r_101_21_63,r_146_74_23,r_155_139_31,1.0,0,31,31,82
41,r_110_8_38,r_113_53_99,r_105_24_170,r_110_8_38,1.0,0,38,38,82
87,seq79,r_118_95_88,r_124_134_59,r_124_134_59,1.0,3,62,59,82
91,seq89,r_69_5_127,seq20,r_69_5_127,1.0,3,130,127,82
41,r_110_8_38,r_105_24_170,r_29_148_39,r_105_24_170,1.0,0,170,170,82
40,r_152_125_78,seq36,r_37_76_61,r_37_76_61,1.0,17,78,61,82
29,r_62_77_120,r_128_65_132,seq44,r_62_77_120,0.79,1,121,120,82
56,r_87_126_55,seq18,r_135_39_146,r_87_126_55,1.0,2,57,55,82
24,r_6_122_142,seq150,r_48_47_93,r_6_122_142,0.97,1,143,142,82
32,r_64_55_13,r_152_125_78,seq103,r_64_55_13,1.0,0,13,13,82
25,r_85_106_140,r_35_59_151,seq68,r_85_106_140,1.0,0,140,140,82
43,r_0_10_178,r_7_13_42,r_152_125_78,r_7_13_42,0.39,136,178,42,82
34,r_113_53_99,r_32_127_136,r_71_57_6,r_32_127_136,1.0,0,136,136,82
88,seq83,r_69_5_127,r_101_21_63,r_101_21_63,0.52,30,93,63,82
58,r_52_40_123,seq26,seq130,r_52_40_123,0.79,0,123,123,82
80,seq38,r_102_80_163,r_90_70_17,r_90_70_17,0.85,0,17,17,82
38,r_73_16_50,r_56_112_102,r_12_94_66,r_12_94_66,1.0,10,76,66,82
52,r_69_5_127,seq83,seq26,r_69_5_127,0.96,0,127,127,82
28,r_78_140_129,r_141_120_113,r_2_157_18,r_2_157_18,0.72,17,35,18,82
34,r_113_53_99,r_69_5_127,r_32_127_136,r_113_53_99,0.73,0,99,99,82
19,r_90_70_17,r_84_151_193,seq38,r_90_70_17,0.9,0,17,17,82
15,r_72_67_43,r_105_24_170,seq115,r_72_67_43,1.0,4,47,43,82
81,seq44,r_25_41_80,r_88_97_72,r_88_97_72,0.99,12,84,72,82
9,r_135_39_146,seq26,seq30,r_135_39_146,0.99,0,146,146,82
3,r_142_49_41,seq129,r_155_139_31,r_155_139_31,0.99,15,46,31,82
63,seq129,seq30,r_136_45_73,r_136_45_73,0.79,115,188,73,82
59,r_101_21_63,seq44,seq83,r_101_21_63,1.0,0,63,63,82
28,r_78_140_129,r_2_157_18,r_29_148_39,r_78_140_129,0.95,0,129,129,82
22,r_32_127_136,seq19,r_113_53_99,r_113_53_99,0.69,1,100,99,82
91,seq89,r_32_127_136,r_69_5_127,r_32_127_136,0.63,-107,29,136,82
8,r_117_91_56,seq138,seq36,r_117_91_56,1.0,0,56,56,82
18,r_2_157_18,r_78_140_129,r_48_47_93,r_48_47_93,0.98,22,115,93,82
44,r_131_42_160,r_85_106_140,r_37_76_61,r_37_76_61,1.0,-1,60,61,82
23,r_29_148_39,r_6_122_142,seq138,r_29_148_39,0.98,0,39,39,82
30,r_147_78_156,seq77,r_12_11_177,r_147_78_156,0.9,1,157,156,83
36,r_106_40_79,r_39_53_127,seq16,r_106_40_79,0.83,-3,76,79,83
9,r_56_119_164,r_152_72_195,seq141,r_56_119_164,0.98,0,164,164,83
92,seq109,r_138_74_128,seq64,r_138_74_128,0.98,0,128,128,83
14,r_95_94_3,r_24_120_151,seq103,r_24_120_151,0.63,1,152,151,83
8,r_58_59_80,seq130,seq17,r_58_59_80,0.98,0,80,80,83
53,r_42_153_106,seq86,seq108,r_42_153_106,0.98,2,108,106,83
43,r_37_65_98,r_56_119_164,r_12_11_177,r_37_65_98,1.0,1,99,98,83
54,r_140_61_155,r_51_54_125,r_158_93_139,r_140_61_155,0.75,0,155,155,83
3,r_57_1_15,r_137_105_83,seq103,r_137_105_83,0.94,0,83,83,83
59,r_154_97_85,r_39_53_127,seq114,r_154_97_85,1.0,0,85,85,83
19,r_117_84_58,seq107,r_39_53_127,r_39_53_127,1.0,19,146,127,83
55,r_96_139_62,r_75_156_77,seq159,r_96_139_62,0.97,1,63,62,83
16,r_125_155_18,r_63_67_175,seq135,r_125_155_18,0.85,1,19,18,83
21,r_24_120_151,r_95_94_3,r_106_40_79,r_106_40_79,0.5,73,152,79,83
39,r_29_13_64,r_56_119_164,seq111,r_29_13_64,1.0,1,65,64,83
1,r_38_115_136,seq17,seq48,r_38_115_136,0.97,1,137,136,83
5,r_41_20_122,r_33_133_188,r_136_25_120,r_41_20_122,0.99,0,122,122,83
46,r_22_145_142,r_3_46_194,seq83,r_22_145_142,0.77,1,143,142,83
33,r_14_85_82,r_148_89_168,seq60,r_148_89_168,0.97,1,169,168,83
90,seq107,r_148_89_168,r_73_118_31,r_73_118_31,0.79,14,45,31,83
66,seq10,r_98_36_115,r_51_54_125,r_98_36_115,1.0,4,119,115,83
76,seq48,r_70_27_152,r_38_115_136,r_38_115_136,0.97,-2,134,136,83
27,r_157_76_46,r_106_40_79,r_125_155_18,r_157_76_46,0.89,-1,45,46,83
67,seq141,r_33_133_188,r_56_119_164,r_56_119_164,0.81,24,188,164,83
26,r_99_30_159,seq108,r_154_97_85,r_99_30_159,0.76,1,160,159,83
0,r_87_34_109,seq19,r_0_123_110,r_87_34_109,0.95,1,110,109,83
20,r_31_112_60,r_158_93_139,r_7_127_20,r_158_93_139,0.95,-78,61,139,83
13,r_63_67_175,seq126,r_58_59_80,r_58_59_80,0.97,96,176,80,83
56,r_137_105_83,r_57_1_15,seq17,r_137_105_83,1.0,0,83,83,83
48,r_150_44_149,r_51_54_125,seq130,r_150_44_149,0.71,0,149,149,83
57,r_116_71_78,r_75_156_77,seq159,r_116_71_78,0.94,1,79,78,83
2,r_144_102_9,r_68_146_135,r_29_13_64,r_144_102_9,1.0,126,135,9,83
19,r_117_84_58,seq17,seq107,r_117_84_58,0.97,-3,55,58,83
41,r_68_146_135,r_144_102_9,seq141,r_144_102_9,0.57,126,135,9,83
47,r_33_133_188,seq141,r_131_55_117,r_33_133_188,0.22,0,188,188,83
40,r_138_74_128,seq109,r_131_55_117,r_131_55_117,0.67,11,128,117,83
74,seq159,seq149,r_96_139_62,r_96_139_62,1.0,90,152,62,83
18,r_142_26_105,r_98_36_115,r_137_105_83,r_142_26_105,1.0,4,109,105,83
24,r_136_25_120,seq124,r_0_123_110,r_136_25_120,0.87,2,122,120,83
25,r_75_156_77,r_70_27_152,r_157_76_46,r_70_27_152,0.98,-77,75,152,83
33,r_14_85_82,r_0_123_110,r_148_89_168,r_14_85_82,0.96,1,83,82,83
58,r_148_89_168,seq60,r_99_30_159,r_148_89_168,0.62,1,169,168,83
68,seq16,r_104_66_161,r_106_40_79,r_106_40_79,0.8,-2,77,79,83
56,r_137_105_83,r_68_146_135,r_57_1_15,r_57_1_15,0.99,1,16,15,83
3,r_57_1_15,r_142_26_105,r_137_105_83,r_57_1_15,0.99,0,15,15,83
32,r_6_43_154,r_56_119_164,r_3_46_194,r_3_46_194,0.6,-48,146,194,83
52,r_70_27_152,r_3_46_194,r_143_2_59,r_143_2_59,1.0,78,137,59,83
34,r_79_49_163,seq114,r_12_11_177,r_79_49_163,0.66,0,163,163,83
32,r_6_43_154,r_3_46_194,seq124,r_6_43_154,0.82,7,161,154,83
41,r_68_146_135,r_143_2_59,r_144_102_9,r_68_146_135,0.79,-120,15,135,83
51,r_73_118_31,r_3_46_194,seq107,r_73_118_31,1.0,0,31,31,83
50,r_143_2_59,r_68_146_135,seq129,r_143_2_59,1.0,0,59,59,83
94,seq111,seq103,r_29_13_64,r_29_13_64,1.0,1,65,64,83
9,r_56_119_164,r_37_65_98,r_152_72_195,r_37_65_98,0.95,-9,89,98,83
22,r_39_53_127,seq129,r_117_84_58,r_39_53_127,0.99,0,127,127,83
60,seq129,r_39_53_127,r_143_2_59,r_143_2_59,0.65,0,59,59,83
49,r_98_36_115,seq10,seq82,r_98_36_115,0.98,4,119,115,83
7,r_131_55_117,seq110,r_138_74_128,r_131_55_117,0.99,3,120,117,83
44,r_81_121_67,r_45_128_170,seq9,r_81_121_67,0.86,-5,62,67,83
23,r_158_93_139,seq110,r_29_13_64,r_158_93_139,0.89,0,139,139,83
64,seq135,seq18,r_125_155_18,r_125_155_18,1.0,1,19,18,83
82,seq82,r_15_80_165,r_98_36_115,r_98_36_115,0.99,51,166,115,83
60,seq129,r_143_2_59,r_45_128_170,r_45_128_170,0.72,5,175,170,83
35,r_15_80_165,seq82,r_96_139_62,r_96_139_62,0.95,104,166,62,83
12,r_88_52_75,r_51_54_125,seq86,r_88_52_75,0.99,0,75,75,83
30,r_27_149_182,r_132_28_143,r_112_53_39,r_27_149_182,0.68,-39,143,182,84
33,r_112_53_39,seq159,r_150_147_130,r_112_53_39,0.85,-4,35,39,84
15,r_83_19_14,r_108_126_79,r_17_13_127,r_83_19_14,0.85,0,14,14,84
14,r_72_109_176,seq106,seq137,r_72_109_176,0.54,0,176,176,84
8,r_30_15_61,r_150_147_130,seq133,r_30_15_61,1.0,0,61,61,84
51,r_95_39_37,seq35,seq120,r_95_39_37,1.0,0,37,37,84
54,r_93_61_74,r_148_64_198,r_10_37_11,r_93_61_74,1.0,0,74,74,84
3,r_16_6_111,r_10_37_11,r_20_40_8,r_16_6_111,1.0,0,111,111,84
59,r_122_151_123,seq18,seq77,r_122_151_123,0.85,-6,117,123,84
55,r_29_111_148,seq73,seq123,r_29_111_148,1.0,0,148,148,84
16,r_52_42_119,r_148_64_198,r_95_39_37,r_148_64_198,0.95,-78,120,198,84
1,r_150_147_130,r_112_53_39,r_114_152_42,r_150_147_130,1.0,1,131,130,84
25,r_140_96_154,r_17_13_127,r_83_19_14,r_83_19_14,0.95,1,15,14,84
5,r_100_104_163,r_125_38_193,r_27_149_182,r_100_104_163,0.62,0,163,163,84
7,r_135_51_165,r_114_152_42,r_34_9_86,r_135_51_165,0.48,4,169,165,84
19,r_76_4_71,seq144,seq106,r_76_4_71,0.98,-3,68,71,84
15,r_83_19_14,r_17_13_127,r_158_131_29,r_83_19_14,0.53,114,128,14,84
33,r_112_53_39,r_150_147_130,r_27_149_182,r_150_147_130,1.0,1,131,130,84
50,r_88_90_31,r_115_46_49,seq87,r_88_90_31,0.63,-1,30,31,84
1,r_150_147_130,r_62_138_35,r_112_53_39,r_150_147_130,0.5,-95,35,130,84
45,r_115_46_49,r_41_141_142,r_21_102_83,r_115_46_49,0.8,25,74,49,84
41,r_114_152_42,r_115_46_49,r_135_51_165,r_114_152_42,1.0,0,42,42,84
39,r_14_127_134,r_117_67_25,r_81_3_167,r_14_127_134,0.89,-5,129,134,84
5,r_100_104_163,r_27_149_182,r_112_53_39,r_100_104_163,0.68,18,181,163,84
36,r_70_110_53,seq33,r_44_57_116,r_70_110_53,1.0,0,53,53,84
10,r_143_2_144,r_69_5_160,r_117_67_25,r_143_2_144,0.85,0,144,144,84
71,seq159,r_112_53_39,r_117_67_25,r_117_67_25,0.69,2,27,25,84
40,r_45_0_45,r_81_3_167,r_153_113_2,r_45_0_45,1.0,0,45,45,84
26,r_63_156_95,r_143_2_144,seq73,r_143_2_144,0.59,-45,99,144,84
4,r_34_9_86,seq79,r_45_0_45,r_45_0_45,1.0,40,85,45,84
98,seq121,r_143_2_144,r_82_128_57,r_82_128_57,0.77,86,143,57,84
46,r_81_3_167,r_20_40_8,r_14_127_134,r_81_3_167,0.45,1,168,167,84
20,r_50_1_30,r_112_53_39,seq35,r_50_1_30,1.0,0,30,30,84
13,r_44_57_116,r_70_110_53,r_114_152_42,r_44_57_116,0.97,0,116,116,84
30,r_27_149_182,r_100_104_163,r_117_67_25,r_27_149_182,0.89,-1,181,182,84
99,seq123,seq89,r_71_80_100,r_71_80_100,0.6,-11,89,100,84
3,r_16_6_111,r_34_9_86,r_10_37_11,r_10_37_11,1.0,1,12,11,84
45,r_115_46_49,seq74,r_41_141_142,r_115_46_49,0.88,1,50,49,84
36,r_70_110_53,r_44_57_116,r_10_37_11,r_44_57_116,0.98,0,116,116,84
6,r_158_131_29,r_115_46_49,r_83_19_14,r_158_131_29,0.84,0,29,29,84
27,r_24_22_183,seq85,r_135_51_165,r_24_22_183,0.57,0,183,183,84
13,r_44_57_116,r_66_48_18,r_70_110_53,r_70_110_53,0.98,2,55,53,84
41,r_114_152_42,r_135_51_165,r_150_147_130,r_150_147_130,0.95,0,130,130,84
67,seq144,r_17_13_127,r_157_86_28,r_157_86_28,1.0,1,29,28,84
30,r_27_149_182,r_112_53_39,r_100_104_163,r_100_104_163,0.59,2,165,163,84
18,r_58_32_89,seq77,seq18,r_58_32_89,0.88,-4,85,89,84
24,r_108_126_79,seq47,r_76_4_71,r_108_126_79,0.84,0,79,79,84
37,r_10_37_11,r_143_2_144,r_154_107_135,r_10_37_11,0.99,0,11,11,84
58,r_60_146_129,r_129_26_67,r_145_103_128,r_60_146_129,0.96,0,129,129,84
11,r_157_86_28,r_60_146_129,seq144,r_157_86_28,0.6,0,28,28,84
32,r_116_7_131,r_41_141_142,r_30_15_61,r_116_7_131,0.98,0,131,131,84
38,r_154_107_135,r_66_48_18,r_93_61_74,r_93_61_74,1.0,63,137,74,84
52,r_69_5_160,seq49,r_21_102_83,r_21_102_83,0.48,77,160,83,84
21,r_82_128_57,seq35,seq49,r_82_128_57,0.85,0,57,57,84
39,r_14_127_134,r_150_147_130,r_117_67_25,r_117_67_25,0.58,30,55,25,84
17,r_125_38_193,r_100_104_163,r_34_9_86,r_125_38_193,0.92,-30,163,193,84
25,r_140_96_154,r_83_19_14,seq79,r_140_96_154,0.97,0,154,154,84
9,r_118_134_126,seq119,r_114_152_42,r_114_152_42,0.89,84,126,42,84
31,r_20_40_8,r_81_3_167,r_16_6_111,r_16_6_111,0.95,57,168,111,84
33,r_112_53_39,r_27_149_182,r_100_104_163,r_112_53_39,0.73,142,181,39,84
22,r_132_28_143,r_27_149_182,seq106,r_27_149_182,0.55,-39,143,182,84
28,r_145_103_128,seq47,r_60_146_129,r_60_146_129,1.0,8,137,129,84
48,r_94_155_32,seq144,seq137,r_94_155_32,1.0,0,32,32,84
49,r_62_138_35,r_150_147_130,seq23,r_62_138_35,0.99,0,35,35,84
56,r_41_141_142,r_116_7_131,r_66_48_18,r_41_141_142,0.54,-11,131,142,84
44,r_136_59_78,r_72_109_176,seq74,r_136_59_78,0.63,-13,65,78,84
56,r_41_141_142,r_66_48_18,r_124_11_137,r_41_141_142,0.69,0,142,142,84
23,r_17_13_127,r_140_96_154,r_136_59_78,r_17_13_127,0.77,1,128,127,84
35,r_21_102_83,r_118_134_126,r_115_46_49,r_115_46_49,0.96,34,83,49,84
7,r_135_51_165,seq137,r_114_152_42,r_114_152_42,0.99,3,45,42,84
29,r_117_67_25,r_116_7_131,seq159,r_117_67_25,1.0,0,25,25,84
30,r_78_122_72,r_61_20_107,r_3_68_186,r_78_122_72,0.99,0,72,72,85
33,r_13_50_51,seq125,seq27,r_13_50_51,1.0,0,51,51,85
46,r_131_29_22,r_58_123_128,r_10_56_18,r_131_29_22,0.99,0,22,22,85
8,r_19_39_108,r_84_133_86,r_37_147_40,r_19_39_108,0.74,-23,85,108,85
53,r_24_136_160,seq69,r_154_124_84,r_24_136_160,0.55,0,160,160,85
58,r_118_151_24,r_90_49_129,r_154_124_84,r_118_151_24,0.7,105,129,24,85
52,r_90_49_129,r_120_48_41,r_118_151_24,r_90_49_129,0.81,-104,25,129,85
36,r_105_65_39,seq157,seq128,r_105_65_39,1.0,0,39,39,85
54,r_119_98_147,seq158,r_96_103_29,r_119_98_147,0.95,0,147,147,85
55,r_64_77_87,r_71_7_143,r_10_56_18,r_64_77_87,0.9,1,88,87,85
16,r_100_146_91,r_45_11_98,r_54_95_78,r_54_95_78,1.0,13,91,78,85
21,r_5_93_80,r_112_115_83,r_17_72_45,r_5_93_80,1.0,0,80,80,85
1,r_140_4_132,r_96_103_29,seq14,r_140_4_132,0.95,0,132,132,85
5,r_46_6_48,r_126_159_139,r_38_107_30,r_46_6_48,1.0,0,48,48,85
8,r_19_39_108,r_37_147_40,seq158,r_19_39_108,0.76,0,108,108,85
69,seq145,r_85_148_184,r_135_67_13,r_135_67_13,0.69,171,184,13,85
45,r_87_111_182,seq128,r_37_147_40,r_87_111_182,0.66,0,182,182,85
24,r_3_68_186,r_78_122_72,r_99_92_44,r_78_122_72,0.66,114,186,72,85
19,r_35_23_188,r_26_141_17,r_85_148_184,r_35_23_188,0.31,0,188,188,85
11,r_135_67_13,r_85_148_184,seq145,r_85_148_184,0.91,0,184,184,85
28,r_10_56_18,r_119_98_147,seq12,r_10_56_18,1.0,0,18,18,85
1,r_140_4_132,seq144,r_96_103_29,r_96_103_29,1.0,6,35,29,85
11,r_135_67_13,r_154_124_84,r_85_148_184,r_135_67_13,1.0,0,13,13,85
41,r_112_115_83,seq101,seq155,r_112_115_83,1.0,0,83,83,85
58,r_118_151_24,r_89_55_113,r_90_49_129,r_118_151_24,0.79,0,24,24,85
90,seq81,seq1,r_90_49_129,r_90_49_129,0.99,1,130,129,85
26,r_61_20_107,seq62,seq121,r_61_20_107,1.0,0,107,107,85
48,r_17_72_45,r_97_88_74,r_84_133_86,r_84_133_86,1.0,7,93,86,85
4,r_154_124_84,r_79_44_172,r_54_95_78,r_154_124_84,1.0,1,85,84,85
29,r_120_48_41,r_90_49_129,r_71_7_143,r_120_48_41,1.0,0,41,41,85
20,r_102_156_70,seq106,seq43,r_102_156_70,1.0,-1,69,70,85
13,r_60_91_171,seq31,r_104_153_99,r_104_153_99,0.99,73,172,99,85
15,r_86_53_97,r_73_117_116,r_154_124_84,r_86_53_97,1.0,0,97,97,85
57,r_150_47_117,r_116_40_61,seq129,r_150_47_117,1.0,0,117,117,85
6,r_79_44_172,seq9,seq114,r_79_44_172,0.71,0,172,172,85
43,r_116_40_61,r_150_47_117,r_139_110_27,r_116_40_61,0.98,-14,47,61,85
52,r_90_49_129,r_118_151_24,seq81,r_90_49_129,1.0,0,129,129,85
25,r_85_148_184,r_45_11_98,r_135_67_13,r_85_148_184,0.83,-155,29,184,85
30,r_78_122_72,r_3_68_186,r_19_39_108,r_78_122_72,0.51,89,161,72,85
27,r_96_103_29,r_37_147_40,r_21_83_4,r_96_103_29,1.0,0,29,29,85
31,r_89_55_113,r_118_151_24,r_21_83_4,r_89_55_113,0.62,-90,23,113,85
47,r_84_133_86,r_19_39_108,r_17_72_45,r_84_133_86,1.0,0,86,86,85
14,r_139_110_27,r_3_68_186,r_116_40_61,r_139_110_27,1.0,0,27,27,85
48,r_17_72_45,r_79_44_172,r_97_88_74,r_17_72_45,1.0,0,45,45,85
18,r_104_153_99,r_126_159_139,r_84_133_86,r_126_159_139,0.78,-40,99,139,85
24,r_3_68_186,r_119_98_147,r_78_122_72,r_3_68_186,0.5,-110,76,186,85
50,r_8_33_119,seq76,r_21_83_4,r_8_33_119,1.0,0,119,119,85
70,seq25,r_58_123_128,seq15,r_58_123_128,1.0,0,128,128,85
3,r_66_16_16,seq134,seq14,r_66_16_16,0.99,-1,15,16,85
32,r_126_159_139,seq27,r_154_124_84,r_126_159_139,0.92,0,139,139,85
38,r_71_7_143,r_64_77_87,r_120_48_41,r_71_7_143,0.63,-55,88,143,85
0,r_30_32_52,r_19_39_108,r_135_67_13,r_30_32_52,1.0,0,52,52,85
34,r_82_59_109,seq155,r_149_132_7,r_82_59_109,1.0,1,110,109,85
35,r_99_92_44,r_60_91_171,seq129,r_99_92_44,1.0,0,44,44,85
38,r_71_7_143,r_120_48_41,seq14,r_71_7_143,1.0,0,143,143,85
51,r_18_142_31,r_22_143_121,seq36,r_18_142_31,1.0,0,31,31,85
60,seq128,r_87_111_182,r_105_65_39,r_105_65_39,1.0,143,182,39,85
2,r_63_130_32,r_112_115_83,seq28,r_63_130_32,1.0,-1,31,32,85
81,seq43,r_152_138_196,r_102_156_70,r_102_156_70,1.0,-1,69,70,85
25,r_85_148_184,r_135_67_13,seq144,r_135_67_13,0.61,171,184,13,85
9,r_54_95_78,seq1,r_22_143_121,r_54_95_78,0.78,-1,77,78,85
96,seq114,r_73_117_116,seq101,r_73_117_116,1.0,1,117,116,85
31,r_89_55_113,r_21_83_4,seq109,r_89_55_113,0.96,2,115,113,85
29,r_120_48_41,r_71_7_143,r_137_52_102,r_120_48_41,0.82,102,143,41,85
22,r_26_141_17,r_35_23_188,r_0_2_145,r_0_2_145,0.93,43,188,145,85
49,r_58_123_128,seq25,r_66_16_16,r_58_123_128,0.84,0,128,128,85
40,r_21_83_4,r_140_4_132,r_96_103_29,r_96_103_29,0.97,4,33,29,85
10,r_37_147_40,seq129,seq94,r_37_147_40,0.97,-3,37,40,85
71,seq27,r_46_6_48,r_149_132_7,r_46_6_48,0.9,-19,29,48,85
56,r_22_143_121,r_90_49_129,seq157,r_22_143_121,1.0,2,123,121,85
7,r_45_11_98,r_85_148_184,r_54_95_78,r_45_11_98,0.73,0,98,98,85
44,r_38_107_30,seq62,r_46_6_48,r_46_6_48,1.0,12,60,48,85
23,r_0_2_145,r_45_11_98,seq125,r_45_11_98,0.6,-33,65,98,85
9,r_54_95_78,r_22_143_121,r_100_146_91,r_22_143_121,0.52,-28,93,121,85
82,seq51,r_85_148_184,r_46_6_48,r_46_6_48,1.0,129,177,48,85
12,r_137_52_102,seq14,r_120_48_41,r_137_52_102,1.0,1,103,102,85
23,r_0_2_145,seq125,r_82_59_109,r_0_2_145,0.88,0,145,145,85
40,r_155_128_160,r_37_5_23,seq130,r_155_128_160,0.5,8,168,160,86
30,r_14_110_74,r_6_125_132,seq61,r_14_110_74,1.0,0,74,74,86
13,r_113_100_168,seq154,r_11_149_108,r_113_100_168,0.79,0,168,168,86
53,r_151_39_29,r_124_51_148,seq70,r_151_39_29,1.0,0,29,29,86
51,r_34_119_123,seq122,r_11_149_108,r_34_119_123,0.98,1,124,123,86
50,r_33_36_22,r_113_100_168,r_102_19_70,r_33_36_22,0.58,-1,21,22,86
66,seq22,seq122,r_87_83_174,r_87_83_174,0.78,1,175,174,86
14,r_158_129_157,seq148,r_35_17_52,r_35_17_52,0.98,106,158,52,86
86,seq69,r_33_36_22,r_37_5_23,r_33_36_22,0.38,73,95,22,86
36,r_9_72_24,seq105,r_150_147_164,r_9_72_24,1.0,0,24,24,86
83,seq61,r_31_145_158,r_159_76_62,r_159_76_62,1.0,61,123,62,86
37,r_1_62_172,r_16_77_98,r_109_127_35,r_1_62_172,0.65,-74,98,172,86
59,r_80_49_130,r_7_67_39,r_73_12_111,r_7_67_39,0.96,92,131,39,86
71,seq28,r_58_55_165,r_71_38_64,r_71_38_64,1.0,4,68,64,86
39,r_118_2_100,r_124_51_148,seq148,r_118_2_100,1.0,1,101,100,86
1,r_86_117_117,r_1_62_172,seq130,r_86_117_117,0.83,0,117,117,86
46,r_135_13_151,r_10_78_185,r_14_110_74,r_10_78_185,0.89,-34,151,185,86
42,r_159_76_62,r_131_52_193,seq24,r_159_76_62,1.0,0,62,62,86
33,r_40_91_58,r_120_84_170,r_109_127_35,r_40_91_58,0.65,1,59,58,86
45,r_134_43_189,seq45,r_71_38_64,r_71_38_64,0.63,126,190,64,86
9,r_35_17_52,r_158_129_157,seq46,r_35_17_52,0.97,0,52,52,86
19,r_58_55_165,seq46,seq44,r_58_55_165,0.56,0,165,165,86
41,r_102_19_70,r_139_3_37,r_33_36_22,r_102_19_70,0.74,-33,37,70,86
11,r_150_147_164,r_9_72_24,r_56_156_68,r_150_147_164,0.86,0,164,164,86
95,seq108,r_87_83_174,r_81_96_199,r_81_96_199,0.41,-55,144,199,86
40,r_155_128_160,seq130,r_37_5_23,r_37_5_23,1.0,6,29,23,86
10,r_16_77_98,r_1_62_172,r_9_72_24,r_16_77_98,1.0,0,98,98,86
26,r_121_136_179,r_71_38_64,seq148,r_71_38_64,1.0,0,64,64,86
4,r_88_63_79,r_10_78_185,r_109_127_35,r_109_127_35,0.8,46,81,35,86
50,r_33_36_22,r_102_19_70,seq65,r_102_19_70,1.0,0,70,70,86
29,r_50_18_41,r_88_63_79,seq104,r_50_18_41,1.0,0,41,41,86
20,r_11_149_108,r_1_62_172,r_106_32_129,r_11_149_108,1.0,0,108,108,86
13,r_113_100_168,r_23_15_135,seq154,r_23_15_135,1.0,1,136,135,86
15,r_152_140_110,r_31_145_158,seq146,r_152_140_110,0.96,1,111,110,86
57,r_74_116_120,r_131_52_193,r_33_36_22,r_74_116_120,0.79,6,126,120,86
6,r_56_156_68,seq70,seq122,r_56_156_68,1.0,0,68,68,86
23,r_109_127_35,seq54,r_1_62_172,r_109_127_35,1.0,0,35,35,86
36,r_9_72_24,r_150_147_164,r_16_77_98,r_16_77_98,0.62,66,164,98,86
27,r_6_125_132,seq123,seq132,r_6_125_132,0.79,0,132,132,86
2,r_98_42_124,seq46,r_115_64_25,r_115_64_25,1.0,121,146,25,86
47,r_90_0_82,r_16_77_98,seq54,r_90_0_82,1.0,0,82,82,86
18,r_47_143_143,r_106_32_129,r_103_112_45,r_103_112_45,1.0,101,146,45,86
24,r_73_12_111,seq111,r_29_25_8,r_73_12_111,0.97,1,112,111,86
25,r_31_145_158,seq61,seq30,r_31_145_158,0.52,0,158,158,86
64,seq148,r_158_129_157,r_118_2_100,r_118_2_100,0.77,58,158,100,86
88,seq75,r_10_78_185,r_137_133_115,r_137_133_115,1.0,71,186,115,86
58,r_138_26_121,r_121_136_179,r_152_140_110,r_138_26_121,0.99,1,122,121,86
68,seq153,seq48,r_139_3_37,r_139_3_37,0.98,95,132,37,86
16,r_37_5_23,r_150_147_164,r_155_128_160,r_37_5_23,1.0,0,23,23,86
61,seq132,r_120_84_170,r_6_125_132,r_6_125_132,0.73,23,155,132,86
38,r_137_133_115,r_120_84_170,seq75,r_137_133_115,0.91,0,115,115,86
75,seq45,r_120_84_170,r_152_140_110,r_152_140_110,0.92,60,170,110,86
41,r_102_19_70,r_33_36_22,r_56_156_68,r_33_36_22,0.99,48,70,22,86
17,r_157_82_96,r_34_119_123,seq75,r_157_82_96,1.0,0,96,96,86
0,r_115_64_25,seq22,seq60,r_115_64_25,0.97,0,25,25,86
37,r_1_62_172,r_109_127_35,r_155_128_160,r_1_62_172,0.85,0,172,172,86
28,r_99_142_67,seq54,r_23_15_135,r_23_15_135,1.0,30,165,135,86
22,r_10_78_185,seq75,r_56_156_68,r_56_156_68,0.69,118,186,68,86
34,r_139_3_37,r_102_19_70,seq153,r_139_3_37,0.71,0,37,37,86
28,r_99_142_67,r_10_78_185,seq54,r_99_142_67,1.0,0,67,67,86
49,r_23_15_135,r_113_100_168,r_99_142_67,r_23_15_135,0.96,1,136,135,86
7,r_71_38_64,r_121_136_179,seq28,r_71_38_64,1.0,0,64,64,86
44,r_87_83_174,r_10_78_185,seq22,r_87_83_174,0.28,0,174,174,86
11,r_150_147_164,r_4_92_144,r_9_72_24,r_9_72_24,0.94,15,39,24,86
35,r_8_79_76,seq148,r_56_156_68,r_8_79_76,0.94,0,76,76,86
66,seq22,r_115_64_25,seq122,r_115_64_25,0.64,-5,20,25,86
12,r_124_51_148,r_150_147_164,seq30,r_124_51_148,0.92,2,150,148,86
23,r_109_127_35,r_1_62_172,r_88_63_79,r_109_127_35,0.68,129,164,35,86
50,r_33_36_22,seq65,r_74_116_120,r_74_116_120,0.55,9,129,120,86
84,seq65,r_102_19_70,r_33_36_22,r_102_19_70,1.0,0,70,70,86
55,r_139_128_33,seq35,seq131,r_139_128_33,1.0,0,33,33,87
51,r_87_126_134,r_24_96_147,r_13_123_8,r_87_126_134,0.89,0,134,134,87
18,r_0_3_20,r_113_9_78,r_98_48_178,r_0_3_20,1.0,0,20,20,87
36,r_5_82_167,seq108,seq149,r_5_82_167,0.55,0,167,167,87
92,seq104,r_117_86_130,r_66_85_183,r_117_86_130,1.0,1,131,130,87
8,r_49_124_75,r_100_137_89,r_12_22_70,r_49_124_75,1.0,0,75,75,87
14,r_51_18_34,seq102,seq53,r_51_18_34,0.99,0,34,34,87
30,r_103_83_55,r_67_121_120,seq148,r_103_83_55,1.0,0,55,55,87
17,r_32_156_14,r_142_141_83,seq153,r_32_156_14,1.0,0,14,14,87
21,r_65_157_160,seq89,r_155_17_108,r_65_157_160,0.51,0,160,160,87
1,r_159_1_139,r_155_17_108,r_13_123_8,r_159_1_139,0.96,0,139,139,87
97,seq115,seq28,r_2_143_103,r_2_143_103,1.0,9,112,103,87
5,r_79_50_165,seq131,r_24_96_147,r_79_50_165,0.57,1,166,165,87
46,r_8_122_93,r_95_54_112,r_134_125_9,r_8_122_93,1.0,0,93,93,87
42,r_109_120_67,r_45_16_186,seq102,r_109_120_67,0.99,0,67,67,87
37,r_98_48_178,r_62_46_99,r_0_3_20,r_0_3_20,1.0,10,30,20,87
44,r_138_57_39,r_155_17_108,seq112,r_138_57_39,1.0,0,39,39,87
49,r_64_152_27,seq35,r_26_136_88,r_64_152_27,0.94,0,27,27,87
27,r_45_16_186,r_134_125_9,r_7_69_150,r_134_125_9,0.52,177,186,9,87
35,r_134_125_9,r_130_84_157,seq114,r_134_125_9,0.95,2,11,9,87
78,seq43,r_64_152_27,r_116_40_138,r_116_40_138,1.0,7,145,138,87
41,r_24_96_147,seq148,r_105_101_22,r_24_96_147,0.82,0,147,147,87
38,r_36_47_26,r_27_14_190,r_25_30_18,r_36_47_26,0.98,0,26,26,87
3,r_7_69_150,seq53,r_25_30_18,r_25_30_18,1.0,132,150,18,87
90,seq97,r_130_84_157,r_142_141_83,r_142_141_83,1.0,74,157,83,87
26,r_117_86_130,seq104,r_129_77_29,r_117_86_130,0.9,1,131,130,87
0,r_12_22_70,seq119,seq6,r_12_22_70,1.0,-6,64,70,87
11,r_67_121_120,seq72,seq89,r_67_121_120,1.0,0,120,120,87
13,r_106_88_162,r_62_46_99,r_130_84_157,r_62_46_99,0.72,64,163,99,87
48,r_130_84_157,seq97,seq35,r_130_84_157,0.61,0,157,157,87
49,r_64_152_27,r_26_136_88,seq43,r_26_136_88,1.0,0,88,88,87
57,r_99_111_71,r_7_69_150,r_0_3_20,r_7_69_150,0.87,-79,71,150,87
6,r_110_144_193,r_27_14_190,r_19_78_113,r_19_78_113,0.72,0,113,113,87
20,r_25_30_18,r_159_1_139,seq135,r_25_30_18,0.68,0,18,18,87
27,r_45_16_186,r_109_120_67,r_134_125_9,r_109_120_67,0.98,0,67,67,87
39,r_68_80_24,r_7_69_150,r_64_152_27,r_64_152_27,1.0,14,41,27,87
2,r_142_141_83,seq154,seq97,r_142_141_83,1.0,0,83,83,87
47,r_116_40_138,seq140,seq43,r_116_40_138,0.93,0,138,138,87
40,r_118_59_149,seq108,seq70,r_118_59_149,0.77,0,149,149,87
59,r_94_41_45,r_91_146_192,seq39,r_94_41_45,1.0,0,45,45,87
24,r_15_11_171,seq108,r_142_141_83,r_15_11_171,0.7,2,173,171,87
25,r_62_46_99,r_106_88_162,r_94_41_45,r_94_41_45,0.93,90,135,45,87
33,r_95_54_112,r_67_121_120,seq108,r_67_121_120,0.42,-7,113,120,87
50,r_4_34_152,seq151,r_155_17_108,r_4_34_152,0.85,0,152,152,87
58,r_81_42_145,seq153,seq151,r_81_42_145,0.86,0,145,145,87
32,r_26_136_88,r_64_152_27,r_0_3_20,r_64_152_27,0.65,61,88,27,87
32,r_26_136_88,r_113_9_78,r_64_152_27,r_64_152_27,0.79,51,78,27,87
63,seq135,seq104,r_25_30_18,r_25_30_18,0.99,24,42,18,87
52,r_19_78_113,r_91_146_192,r_110_144_193,r_19_78_113,1.0,0,113,113,87
92,seq104,r_66_85_183,r_64_152_27,r_66_85_183,0.98,-8,175,183,87
43,r_105_101_22,r_109_120_67,r_0_3_20,r_105_101_22,0.71,1,23,22,87
9,r_113_9_78,r_26_136_88,seq153,r_113_9_78,0.99,0,78,78,87
37,r_98_48_178,r_0_3_20,r_100_137_89,r_98_48_178,0.5,0,178,178,87
22,r_55_31_128,seq70,r_132_145_3,r_55_31_128,1.0,0,128,128,87
28,r_58_74_121,seq92,seq149,r_58_74_121,0.99,0,121,121,87
56,r_2_143_103,r_63_21_90,r_116_40_138,r_63_21_90,0.86,0,90,90,87
18,r_0_3_20,r_98_48_178,r_99_111_71,r_99_111_71,1.0,74,145,71,87
56,r_2_143_103,r_116_40_138,seq115,r_2_143_103,0.6,0,103,103,87
16,r_75_127_49,seq52,r_91_146_192,r_75_127_49,0.95,0,49,49,87
12,r_71_29_107,r_5_82_167,seq92,r_71_29_107,0.94,0,107,107,87
78,seq43,seq135,r_64_152_27,r_64_152_27,1.0,14,41,27,87
84,seq70,r_27_14_190,r_118_59_149,r_118_59_149,0.8,41,190,149,87
93,seq103,r_98_89_155,r_3_88_114,r_3_88_114,0.6,42,156,114,88
30,r_128_141_186,seq47,r_15_46_24,r_15_46_24,0.58,163,187,24,88
19,r_100_44_134,r_59_87_83,r_80_122_33,r_100_44_134,0.89,-91,43,134,88
51,r_106_4_82,r_67_55_177,seq1,r_106_4_82,0.96,0,82,82,88
36,r_11_23_157,r_128_141_186,seq94,r_11_23_157,0.5,0,157,157,88
14,r_31_137_74,r_65_13_148,r_12_114_36,r_31_137_74,1.0,0,74,74,88
21,r_65_13_148,r_128_141_186,r_98_89_155,r_65_13_148,0.92,14,162,148,88
43,r_50_39_79,r_152_8_149,r_149_58_97,r_50_39_79,0.64,3,82,79,88
48,r_80_122_33,seq138,r_100_44_134,r_80_122_33,0.92,0,33,33,88
53,r_99_0_34,r_31_137_74,r_75_84_195,r_99_0_34,0.96,-1,33,34,88
54,r_148_105_144,r_65_13_148,r_145_79_92,r_148_105_144,0.92,2,146,144,88
6,r_63_93_99,r_65_13_148,r_101_121_132,r_63_93_99,0.91,51,150,99,88
83,seq70,r_72_28_78,seq42,r_72_28_78,1.0,3,81,78,88
37,r_19_142_88,r_67_55_177,seq111,r_19_142_88,1.0,0,88,88,88
3,r_152_8_149,r_15_46_24,r_68_153_12,r_152_8_149,0.94,0,149,149,88
59,r_7_60_66,r_22_49_103,r_80_122_33,r_7_60_66,1.0,0,66,66,88
19,r_100_44_134,r_80_122_33,r_50_39_79,r_100_44_134,0.99,0,134,134,88
55,r_158_112_115,seq70,r_37_132_3,r_37_132_3,0.65,114,117,3,88
21,r_65_13_148,r_148_105_144,r_128_141_186,r_148_105_144,0.72,2,146,144,88
1,r_52_157_130,r_147_41_176,r_106_4_82,r_106_4_82,1.0,48,130,82,88
42,r_67_55_177,seq64,r_95_34_69,r_67_55_177,0.55,0,177,177,88
97,seq124,r_91_115_67,seq73,r_91_115_67,0.85,-38,29,67,88
80,seq62,r_147_41_176,r_104_134_126,r_104_134_126,0.99,52,178,126,88
45,r_104_134_126,seq9,seq62,r_104_134_126,0.93,0,126,126,88
38,r_81_108_20,r_61_5_84,r_66_36_58,r_81_108_20,0.66,67,87,20,88
41,r_98_89_155,seq103,r_65_13_148,r_98_89_155,0.61,1,156,155,88
89,seq85,r_113_40_133,seq92,r_113_40_133,1.0,5,138,133,88
28,r_120_14_29,seq139,seq57,r_120_14_29,0.92,0,29,29,88
10,r_118_136_55,r_61_5_84,r_96_16_65,r_118_136_55,0.85,7,62,55,88
27,r_133_90_11,r_110_117_41,r_37_132_3,r_133_90_11,0.76,4,15,11,88
4,r_91_115_67,seq124,r_15_46_24,r_91_115_67,0.95,3,70,67,88
11,r_77_6_153,r_37_132_3,r_152_8_149,r_77_6_153,0.75,2,155,153,88
15,r_25_97_162,r_22_49_103,r_72_28_78,r_72_28_78,0.73,84,162,78,88
26,r_15_46_24,r_80_122_33,r_152_8_149,r_15_46_24,0.76,1,25,24,88
57,r_96_16_65,r_109_131_2,r_118_136_55,r_96_16_65,0.65,-2,63,65,88
6,r_63_93_99,r_26_140_147,r_65_13_148,r_63_93_99,0.67,0,99,99,88
74,seq33,r_66_36_58,r_159_130_137,r_159_130_137,0.88,1,138,137,88
5,r_61_5_84,r_118_136_55,seq32,r_61_5_84,0.92,-31,53,84,88
51,r_106_4_82,seq1,r_52_157_130,r_106_4_82,0.77,62,144,82,88
47,r_12_114_36,r_53_144_146,r_151_78_111,r_12_114_36,0.85,-1,35,36,88
40,r_35_54_61,r_109_131_2,seq47,r_35_54_61,1.0,0,61,61,88
25,r_68_153_12,r_72_28_78,seq127,r_68_153_12,1.0,1,13,12,88
74,seq33,r_109_131_2,r_66_36_58,r_66_36_58,0.42,20,78,58,88
18,r_145_79_92,seq124,seq102,r_145_79_92,0.7,19,111,92,88
29,r_101_121_132,r_152_8_149,r_63_93_99,r_101_121_132,0.55,0,132,132,88
46,r_75_84_195,r_135_107_62,r_99_0_34,r_75_84_195,0.72,-162,33,195,88
9,r_110_117_41,r_65_13_148,seq82,r_110_117_41,0.95,0,41,41,88
33,r_72_28_78,seq70,seq27,r_72_28_78,0.96,1,79,78,88
48,r_80_122_33,r_100_44_134,r_7_60_66,r_80_122_33,1.0,83,116,33,88
47,r_12_114_36,r_151_78_111,r_31_137_74,r_12_114_36,0.72,76,112,36,88
50,r_59_87_83,seq92,r_118_136_55,r_59_87_83,0.99,1,84,83,88
43,r_50_39_79,r_149_58_97,r_26_140_147,r_50_39_79,0.51,19,98,79,88
78,seq57,seq103,r_120_14_29,r_120_14_29,0.89,0,29,29,88
32,r_56_71_139,r_65_13_148,r_15_46_24,r_65_13_148,0.6,-8,140,148,88
38,r_81_108_20,r_135_107_62,r_61_5_84,r_81_108_20,0.83,1,21,20,88
52,r_48_38_110,r_67_55_177,r_120_14_29,r_48_38_110,0.84,0,110,110,88
34,r_159_130_137,r_128_141_186,seq33,r_159_130_137,0.92,1,138,137,88
87,seq82,seq20,r_110_117_41,r_110_117_41,1.0,0,41,41,88
17,r_43_143_138,r_67_55_177,r_110_117_41,r_43_143_138,0.93,0,138,138,88
26,r_15_46_24,r_152_8_149,r_26_140_147,r_15_46_24,0.98,125,149,24,88
84,seq73,r_53_144_146,seq124,r_53_144_146,0.8,-89,57,146,88
22,r_3_88_114,r_128_141_186,seq103,r_3_88_114,0.92,0,114,114,88
43,r_50_39_79,r_26_140_147,r_100_44_134,r_50_39_79,0.9,53,132,79,88
49,r_125_155_105,seq102,r_75_84_195,r_125_155_105,0.89,-6,99,105,88
56,r_29_146_76,r_128_141_186,r_66_36_58,r_29_146_76,1.0,-1,75,76,88
7,r_149_58_97,r_63_93_99,r_19_142_88,r_149_58_97,0.98,0,97,97,88
20,r_37_132_3,r_77_6_153,r_133_90_11,r_37_132_3,0.66,26,29,3,88
23,r_113_40_133,seq85,seq17,r_113_40_133,0.94,2,135,133,88
3,r_152_8_149,r_50_39_79,r_15_46_24,r_152_8_149,0.91,-124,25,149,88
12,r_95_34_69,r_109_131_2,seq30,r_95_34_69,0.93,1,70,69,88
12,r_22_86_47,seq14,seq108,r_22_86_47,0.96,0,47,47,89
51,r_29_17_105,r_37_75_110,seq31,r_29_17_105,0.99,0,105,105,89
57,r_102_103_38,seq10,r_92_34_72,r_92_34_72,1.0,1,73,72,89
14,r_46_153_179,r_53_62_123,r_37_75_110,r_37_75_110,0.84,14,124,110,89
8,r_78_125_93,seq10,r_37_75_110,r_78_125_93,0.78,0,93,93,89
53,r_127_109_99,r_58_55_86,r_37_75_110,r_58_55_86,0.98,-18,68,86,89
43,r_51_72_164,seq85,r_77_12_71,r_51_72_164,0.71,0,164,164,89
7,r_67_52_15,r_78_125_93,seq21,r_67_52_15,0.94,0,15,15,89
54,r_71_94_150,seq31,seq69,r_71_94_150,0.41,19,169,150,89
37,r_36_111_81,r_39_61_170,r_92_34_72,r_36_111_81,1.0,2,83,81,89
14,r_46_153_179,r_37_75_110,r_50_148_135,r_46_153_179,0.87,0,179,179,89
30,r_15_88_52,r_89_45_53,r_151_81_41,r_15_88_52,1.0,1,53,52,89
55,r_58_55_86,r_127_109_99,r_151_81_41,r_58_55_86,1.0,0,86,86,89
86,seq66,seq120,r_59_156_156,r_59_156_156,0.56,15,171,156,89
39,r_35_82_163,r_107_27_136,seq87,r_107_27_136,0.75,-36,100,136,89
42,r_115_2_143,seq120,r_32_104_3,r_115_2_143,0.51,-1,142,143,89
9,r_5_11_55,r_63_143_186,seq85,r_5_11_55,0.98,1,56,55,89
45,r_92_34_72,seq28,r_102_103_38,r_92_34_72,0.59,3,75,72,89
16,r_59_156_156,r_112_150_40,r_4_1_77,r_112_150_40,0.53,62,102,40,89
16,r_59_156_156,r_4_1_77,r_33_105_84,r_59_156_156,0.59,-30,126,156,89
10,r_113_64_13,r_46_153_179,seq14,r_113_64_13,0.95,2,15,13,89
19,r_53_62_123,r_46_153_179,seq118,r_53_62_123,0.9,1,124,123,89
1,r_152_138_21,r_15_88_52,r_39_61_170,r_15_88_52,0.52,-33,19,52,89
44,r_68_128_45,r_98_114_83,r_91_145_12,r_68_128_45,0.87,1,46,45,89
16,r_59_156_156,r_70_20_100,r_129_57_108,r_129_57_108,0.57,-78,30,108,89
16,r_59_156_156,r_129_57_108,r_112_150_40,r_129_57_108,0.74,-48,60,108,89
39,r_35_82_163,seq87,r_91_145_12,r_35_82_163,1.0,0,163,163,89
31,r_33_105_84,r_107_27_136,seq28,r_107_27_136,0.91,-45,91,136,89
3,r_39_61_170,r_36_111_81,r_89_45_53,r_39_61_170,0.93,-115,55,170,89
41,r_4_1_77,seq154,seq3,r_4_1_77,1.0,1,78,77,89
57,r_102_103_38,r_98_114_83,seq10,r_102_103_38,0.99,2,40,38,89
24,r_151_81_41,r_98_114_83,seq60,r_151_81_41,1.0,2,43,41,89
84,seq60,seq10,r_151_81_41,r_151_81_41,1.0,1,42,41,89
90,seq87,r_35_82_163,seq6,r_35_82_163,0.87,0,163,163,89
4,r_42_84_118,seq47,seq65,r_42_84_118,0.9,0,118,118,89
0,r_77_12_71,seq118,seq65,r_77_12_71,0.83,0,71,71,89
26,r_16_126_36,seq25,seq85,r_16_126_36,1.0,-1,35,36,89
38,r_32_104_3,r_89_45_53,r_73_95_171,r_89_45_53,0.82,2,55,53,89
73,seq28,seq21,r_33_105_84,r_33_105_84,0.43,22,106,84,89
11,r_107_27_136,r_35_82_163,r_42_84_118,r_35_82_163,1.0,-27,136,163,89
2,r_63_143_186,r_5_11_55,r_9_38_28,r_5_11_55,0.68,1,56,55,89
59,r_130_133_18,r_113_64_13,r_67_52_15,r_130_133_18,0.99,1,19,18,89
13,r_50_148_135,seq69,r_151_81_41,r_151_81_41,1.0,103,144,41,89
48,r_129_57_108,seq41,r_39_61_170,r_129_57_108,0.95,0,108,108,89
27,r_89_45_53,r_32_104_3,r_39_61_170,r_89_45_53,0.98,2,55,53,89
2,r_63_143_186,r_9_38_28,r_39_61_170,r_39_61_170,0.52,16,186,170,89
52,r_9_38_28,r_63_143_186,r_124_157_30,r_9_38_28,0.55,158,186,28,89
52,r_9_38_28,r_110_24_199,r_63_143_186,r_9_38_28,0.99,0,28,28,89
21,r_91_145_12,r_42_84_118,r_149_146_195,r_91_145_12,0.66,2,14,12,89
47,r_80_141_107,r_13_155_180,seq135,r_80_141_107,0.89,0,107,107,89
40,r_117_43_113,seq108,r_78_125_93,r_117_43_113,0.95,0,113,113,89
18,r_98_114_83,r_142_48_166,seq108,r_98_114_83,1.0,0,83,83,89
33,r_142_48_166,seq85,seq100,r_142_48_166,0.61,0,166,166,89
58,r_70_20_100,seq3,r_159_137_50,r_70_20_100,0.97,0,100,100,89
70,seq23,r_53_62_123,r_37_75_110,r_37_75_110,0.84,28,138,110,89
38,r_32_104_3,r_78_125_93,r_115_2_143,r_32_104_3,0.7,173,176,3,89
8,r_78_125_93,r_37_75_110,r_117_43_113,r_78_125_93,0.96,20,113,93,89
20,r_112_150_40,r_22_86_47,r_91_145_12,r_22_86_47,0.47,104,151,47,89
32,r_97_8_162,seq30,r_78_125_93,r_97_8_162,0.55,0,162,162,89
77,seq41,r_129_57_108,r_90_40_60,r_129_57_108,0.74,0,108,108,89
15,r_124_157_30,seq122,r_9_38_28,r_124_157_30,1.0,1,31,30,89
75,seq30,r_97_8_162,seq139,r_97_8_162,1.0,0,162,162,89
29,r_149_146_195,r_22_86_47,r_68_128_45,r_149_146_195,0.8,-147,48,195,89
21,r_91_145_12,r_149_146_195,r_68_128_45,r_68_128_45,1.0,23,68,45,89
17,r_90_40_60,r_13_155_180,seq25,r_90_40_60,1.0,0,60,60,89
38,r_32_104_3,r_73_95_171,r_78_125_93,r_78_125_93,0.97,20,113,93,89
96,seq118,r_79_83_167,r_53_62_123,r_53_62_123,0.78,46,169,123,89
53,r_127_109_99,r_37_75_110,r_33_105_84,r_127_109_99,0.99,0,99,99,89
50,r_99_56_34,r_107_27_136,r_113_64_13,r_99_56_34,0.92,1,35,34,89
25,r_159_137_50,r_98_114_83,seq154,r_159_137_50,0.99,2,52,50,89
28,r_79_83_167,seq118,r_37_75_110,r_37_75_110,0.92,59,169,110,89
49,r_134_74_116,seq31,seq69,r_134_74_116,0.55,6,122,116,89
24,r_151_81_41,seq60,r_58_55_86,r_58_55_86,1.0,-2,84,86,89
56,r_18_136_67,seq108,r_39_61_170,r_18_136_67,1.0,0,67,67,89
23,r_37_75_110,r_29_17_105,r_46_153_179,r_37_75_110,0.97,1,111,110,89
35,r_106_96_157,seq7,r_39_61_170,r_106_96_157,0.75,0,157,157,89
23,r_37_75_110,r_46_153_179,r_79_83_167,r_37_75_110,0.94,69,179,110,89
30,r_44_103_165,seq49,r_93_129_50,r_93_129_50,1.0,116,166,50,90
36,r_14_135_118,r_6_113_168,r_109_112_142,r_6_113_168,0.68,-49,119,168,90
52,r_121_104_105,r_127_83_54,seq119,r_121_104_105,0.99,2,107,105,90
60,seq131,seq50,r_126_51_51,r_126_51_51,0.98,4,55,51,90
8,r_4_65_85,r_84_144_139,seq69,r_4_65_85,1.0,1,86,85,90
43,r_28_43_119,r_76_16_177,r_30_157_29,r_76_16_177,0.99,-58,119,177,90
3,r_101_18_47,seq69,r_142_53_59,r_101_18_47,1.0,1,48,47,90
54,r_125_150_178,seq149,r_114_2_115,r_114_2_115,0.63,64,179,115,90
83,seq63,r_98_151_136,r_143_42_15,r_98_151_136,1.0,0,136,136,90
59,r_27_86_166,r_146_85_153,r_114_2_115,r_114_2_115,0.86,39,154,115,90
10,r_126_51_51,r_28_43_119,seq131,r_28_43_119,0.64,-67,52,119,90
37,r_93_129_50,r_84_144_139,r_79_118_98,r_93_129_50,1.0,0,50,50,90
55,r_9_57_160,r_130_110_6,r_14_135_118,r_9_57_160,0.7,0,160,160,90
16,r_92_35_73,seq62,seq94,r_92_35_73,1.0,0,73,73,90
39,r_8_147_185,seq67,r_155_139_68,r_155_139_68,1.0,118,186,68,90
1,r_79_118_98,r_0_46_192,r_73_54_65,r_73_54_65,1.0,1,66,65,90
36,r_14_135_118,r_109_112_142,r_9_57_160,r_14_135_118,0.99,42,160,118,90
5,r_84_144_139,seq89,r_107_47_48,r_84_144_139,0.49,0,139,139,90
46,r_158_24_101,r_142_53_59,seq137,r_158_24_101,0.86,0,101,101,90
42,r_91_20_70,r_130_110_6,seq62,r_91_20_70,0.81,1,71,70,90
45,r_19_108_87,r_125_150_178,r_93_129_50,r_19_108_87,1.0,0,87,87,90
68,seq145,r_84_144_139,r_64_52_13,r_64_52_13,0.94,2,15,13,90
34,r_127_83_54,seq69,r_121_104_105,r_127_83_54,1.0,0,54,54,90
22,r_11_3_172,r_98_151_136,r_9_57_160,r_11_3_172,0.98,1,173,172,90
31,r_71_159_111,seq62,r_128_122_130,r_71_159_111,0.96,1,112,111,90
67,seq13,r_114_2_115,seq141,r_114_2_115,0.98,0,115,115,90
17,r_95_81_32,seq137,seq89,r_95_81_32,1.0,0,32,32,90
14,r_15_138_81,r_128_122_130,seq134,r_15_138_81,0.93,0,81,81,90
78,seq49,r_44_103_165,r_120_124_64,r_120_124_64,1.0,101,165,64,90
0,r_105_80_162,r_155_139_68,seq141,r_155_139_68,1.0,-6,62,68,90
11,r_60_22_175,seq145,r_71_159_111,r_60_22_175,0.65,3,178,175,90
20,r_98_151_136,seq63,seq68,r_98_151_136,0.69,0,136,136,90
13,r_120_124_64,seq23,seq49,r_120_124_64,1.0,2,66,64,90
98,seq119,seq78,r_121_104_105,r_121_104_105,0.48,11,116,105,90
14,r_15_138_81,r_107_47_48,r_128_122_130,r_107_47_48,1.0,0,48,48,90
57,r_73_54_65,r_44_103_165,r_93_129_50,r_44_103_165,0.99,-99,66,165,90
6,r_21_72_83,seq141,seq77,r_21_72_83,1.0,0,83,83,90
47,r_107_47_48,r_15_138_81,r_30_157_29,r_107_47_48,0.79,0,48,48,90
52,r_121_104_105,r_155_139_68,r_127_83_54,r_121_104_105,1.0,-51,54,105,90
85,seq68,r_19_108_87,r_30_157_29,r_19_108_87,0.57,0,87,87,90
0,r_105_80_162,seq141,r_87_97_94,r_105_80_162,0.96,0,162,162,90
27,r_146_85_153,r_27_86_166,r_84_144_139,r_146_85_153,0.78,1,154,153,90
32,r_117_100_190,r_120_124_64,r_21_72_83,r_120_124_64,0.69,126,190,64,90
90,seq141,r_21_72_83,seq13,r_21_72_83,1.0,-28,55,83,90
89,seq78,seq119,r_106_48_12,r_106_48_12,0.7,3,15,12,90
34,r_127_83_54,r_121_104_105,r_30_157_29,r_121_104_105,0.96,2,107,105,90
40,r_142_53_59,r_158_24_101,r_101_18_47,r_101_18_47,0.92,15,62,47,90
18,r_128_122_130,r_156_41_89,r_17_132_95,r_17_132_95,1.0,21,116,95,90
29,r_109_112_142,r_17_132_95,r_14_135_118,r_17_132_95,0.97,1,96,95,90
24,r_155_139_68,r_19_108_87,seq38,r_155_139_68,1.0,3,71,68,90
9,r_30_157_29,r_19_108_87,r_127_83_54,r_30_157_29,0.78,45,74,29,90
25,r_130_110_6,r_9_57_160,r_101_18_47,r_101_18_47,0.71,113,160,47,90
58,r_17_132_95,r_109_112_142,seq136,r_17_132_95,1.0,1,96,95,90
19,r_64_52_13,r_106_48_12,seq145,r_64_52_13,1.0,0,13,13,90
29,r_109_112_142,r_14_135_118,seq67,r_109_112_142,0.99,0,142,142,90
32,r_117_100_190,r_6_113_168,r_120_124_64,r_120_124_64,1.0,104,168,64,90
38,r_115_75_133,seq7,r_93_129_50,r_93_129_50,0.76,85,135,50,90
2,r_106_48_12,r_125_150_178,seq78,r_106_48_12,0.82,2,14,12,90
75,seq38,r_76_16_177,r_155_139_68,r_155_139_68,1.0,115,183,68,90
81,seq59,r_66_36_174,r_111_154_91,r_111_154_91,1.0,83,174,91,90
9,r_30_157_29,seq89,r_19_108_87,r_30_157_29,1.0,0,29,29,90
33,r_1_37_23,r_34_96_28,seq136,r_1_37_23,1.0,0,23,23,90
22,r_11_3_172,r_19_108_87,r_127_83_54,r_11_3_172,0.92,-84,88,172,90
28,r_111_154_91,seq78,seq23,r_111_154_91,1.0,0,91,91,90
37,r_93_129_50,r_79_118_98,r_19_108_87,r_93_129_50,1.0,40,90,50,90
49,r_70_29_117,seq89,r_111_154_91,r_70_29_117,0.93,0,117,117,90
56,r_156_41_89,r_128_122_130,r_1_37_23,r_1_37_23,0.99,69,92,23,90
7,r_87_97_94,r_115_75_133,seq89,r_87_97_94,0.98,0,94,94,90
22,r_11_3_172,r_127_83_54,r_98_151_136,r_98_151_136,1.0,0,136,136,90
59,r_27_86_166,r_114_2_115,r_21_72_83,r_27_86_166,0.81,0,166,166,90
35,r_114_2_115,seq13,r_27_86_166,r_114_2_115,0.6,0,115,115,90
1,r_79_118_98,r_73_54_65,r_4_65_85,r_79_118_98,0.98,0,98,98,90
35,r_114_2_115,r_27_86_166,r_125_150_178,r_114_2_115,0.5,54,169,115,90
12,r_6_113_168,r_117_100_190,seq5,r_117_100_190,0.64,-22,168,190,90
51,r_82_87_149,r_60_19_187,r_10_25_123,r_10_25_123,0.56,1,124,123,91
36,r_104_98_77,r_135_41_132,r_84_130_19,r_104_98_77,0.64,2,79,77,91
9,r_84_130_19,r_69_28_156,r_112_123_45,r_84_130_19,0.75,137,156,19,91
14,r_110_61_82,r_142_17_126,seq76,r_110_61_82,1.0,0,82,82,91
8,r_53_144_106,r_56_50_174,r_3_48_75,r_56_50_174,0.98,-68,106,174,91
57,r_63_154_120,seq122,r_109_36_137,r_109_36_137,0.83,22,159,137,91
30,r_13_74_18,r_129_46_105,r_3_48_75,r_13_74_18,0.97,0,18,18,91
54,r_44_94_113,r_112_123_45,r_49_90_36,r_44_94_113,0.77,-51,62,113,91
37,r_30_14_110,seq141,seq2,r_30_14_110,1.0,0,110,110,91
59,r_37_5_142,seq76,seq153,r_37_5_142,0.5,0,142,142,91
40,r_112_123_45,r_60_19_187,r_84_130_19,r_112_123_45,1.0,2,47,45,91
86,seq75,r_158_108_171,r_49_90_36,r_49_90_36,1.0,140,176,36,91
16,r_109_36_137,r_158_108_171,r_63_154_120,r_158_108_171,0.98,-34,137,171,91
39,r_22_100_63,r_32_131_194,seq35,r_22_100_63,1.0,0,63,63,91
1,r_6_127_154,seq7,seq140,r_6_127_154,0.47,0,154,154,91
97,seq120,r_38_47_177,r_44_94_113,r_44_94_113,0.96,64,177,113,91
5,r_132_114_124,seq43,seq7,r_132_114_124,0.89,0,124,124,91
42,r_33_148_193,r_10_25_123,r_121_106_102,r_33_148_193,0.76,-69,124,193,91
48,r_49_90_36,r_125_73_133,seq20,r_49_90_36,0.77,0,36,36,91
20,r_60_19_187,r_49_90_36,r_23_39_90,r_23_39_90,0.81,13,103,90,91
45,r_65_77_76,r_33_148_193,r_29_57_8,r_65_77_76,0.98,0,76,76,91
51,r_82_87_149,r_10_25_123,seq31,r_82_87_149,1.0,0,149,149,91
19,r_158_108_171,seq75,r_23_39_90,r_23_39_90,1.0,87,177,90,91
11,r_23_39_90,r_60_19_187,r_158_108_171,r_60_19_187,0.57,2,189,187,91
95,seq111,r_63_154_120,seq75,r_63_154_120,1.0,0,120,120,91
12,r_125_73_133,r_54_12_162,r_40_16_42,r_125_73_133,1.0,0,133,133,91
7,r_69_28_156,r_84_130_19,seq146,r_69_28_156,0.99,0,156,156,91
4,r_101_119_195,r_142_17_126,r_29_57_8,r_101_119_195,0.81,-165,30,195,91
15,r_135_41_132,r_33_148_193,r_121_106_102,r_121_106_102,0.83,13,115,102,91
21,r_85_26_27,r_112_123_45,seq55,r_85_26_27,1.0,0,27,27,91
46,r_159_147_79,r_40_16_42,seq133,r_159_147_79,0.9,-1,78,79,91
31,r_83_113_54,r_145_105_172,seq155,r_83_113_54,0.99,1,55,54,91
24,r_80_126_48,r_56_50_174,r_29_57_8,r_80_126_48,0.93,0,48,48,91
3,r_54_12_162,seq122,r_142_17_126,r_142_17_126,1.0,42,168,126,91
10,r_62_136_184,seq140,r_132_114_124,r_132_114_124,1.0,61,185,124,91
11,r_23_39_90,r_54_12_162,r_60_19_187,r_23_39_90,1.0,0,90,90,91
15,r_135_41_132,r_104_98_77,r_33_148_193,r_104_98_77,0.98,-9,68,77,91
57,r_63_154_120,r_103_15_91,seq122,r_63_154_120,0.89,0,120,120,91
6,r_129_46_105,r_69_28_156,r_65_77_76,r_129_46_105,0.99,0,105,105,91
62,seq7,r_6_127_154,r_132_114_124,r_132_114_124,1.0,30,154,124,91
53,r_115_0_53,r_142_17_126,r_11_117_41,r_115_0_53,0.91,-1,52,53,91
27,r_3_48_75,r_95_71_151,r_22_100_63,r_3_48_75,1.0,0,75,75,91
87,seq76,r_37_5_142,r_110_61_82,r_110_61_82,1.0,60,142,82,91
41,r_93_143_24,r_95_71_151,r_13_74_18,r_95_71_151,0.97,1,152,151,91
47,r_9_137_62,seq146,seq155,r_9_137_62,1.0,1,63,62,91
18,r_121_106_102,r_125_73_133,seq43,r_121_106_102,1.0,0,102,102,91
29,r_103_15_91,r_63_154_120,r_40_16_42,r_103_15_91,1.0,3,94,91,91
46,r_159_147_79,r_109_36_137,r_40_16_42,r_40_16_42,0.98,2,44,42,91
56,r_21_152_56,r_125_73_133,seq120,r_21_152_56,1.0,1,57,56,91
34,r_95_71_151,r_93_143_24,r_109_36_137,r_95_71_151,1.0,1,152,151,91
44,r_11_117_41,r_38_47_177,r_115_0_53,r_11_117_41,1.0,0,41,41,91
25,r_51_139_86,r_132_114_124,r_65_77_76,r_132_114_124,1.0,-36,88,124,91
20,r_60_19_187,r_112_123_45,r_49_90_36,r_60_19_187,0.98,-137,50,187,91
50,r_10_25_123,r_33_148_193,r_82_87_149,r_10_25_123,0.69,1,124,123,91
58,r_134_151_185,seq66,r_132_114_124,r_132_114_124,0.74,61,185,124,91
70,seq150,seq102,r_121_106_102,r_121_106_102,1.0,20,122,102,91
32,r_38_47_177,seq120,r_49_90_36,r_38_47_177,0.9,0,177,177,91
38,r_78_91_163,r_54_12_162,r_53_144_106,r_54_12_162,0.56,2,164,162,91
52,r_52_92_147,r_69_28_156,r_11_117_41,r_11_117_41,0.53,107,148,41,91
34,r_95_71_151,r_3_48_75,r_93_143_24,r_3_48_75,0.99,-5,70,75,91
2,r_18_4_14,r_109_36_137,seq140,r_18_4_14,0.99,0,14,14,91
20,r_60_19_187,r_23_39_90,r_84_130_19,r_60_19_187,0.54,0,187,187,91
54,r_44_94_113,r_49_90_36,seq64,r_44_94_113,0.99,0,113,113,91
30,r_13_74_18,r_3_48_75,r_93_143_24,r_3_48_75,1.0,-1,74,75,91
50,r_10_25_123,r_82_87_149,r_125_73_133,r_82_87_149,0.94,0,149,149,91
81,seq64,r_38_47_177,r_44_94_113,r_44_94_113,0.88,19,132,113,91
17,r_145_105_172,seq8,r_132_114_124,r_132_114_124,0.94,48,172,124,91
41,r_93_143_24,r_6_127_154,r_95_71_151,r_93_143_24,0.84,0,24,24,91
26,r_29_57_8,r_101_119_195,r_51_139_86,r_51_139_86,1.0,33,119,86,91
49,r_40_16_42,seq42,r_103_15_91,r_40_16_42,1.0,1,43,42,91
22,r_32_131_194,r_22_100_63,r_128_68_47,r_32_131_194,0.9,-131,63,194,91
7,r_69_28_156,r_129_46_105,r_84_130_19,r_69_28_156,0.83,-51,105,156,91
23,r_128_68_47,r_142_17_126,r_32_131_194,r_128_68_47,0.75,0,47,47,91
9,r_84_130_19,r_104_98_77,r_69_28_156,r_69_28_156,0.94,-138,18,156,91
82,seq66,r_134_151_185,r_11_117_41,r_11_117_41,1.0,144,185,41,91
79,seq43,r_132_114_124,r_121_106_102,r_121_106_102,0.71,22,124,102,91
12,r_125_73_133,r_121_106_102,r_54_12_162,r_121_106_102,1.0,0,102,102,91
51,r_137_121_87,seq57,seq62,r_137_121_87,1.0,0,87,87,92
14,r_67_95_176,seq112,r_105_69_129,r_105_69_129,0.98,-2,127,129,92
8,r_66_151_175,r_94_134_186,r_21_117_45,r_66_151_175,0.55,1,176,175,92
43,r_10_116_125,r_113_111_18,r_21_117_45,r_10_116_125,1.0,1,126,125,92
37,r_114_50_122,r_10_116_125,seq26,r_10_116_125,1.0,1,126,125,92
19,r_135_118_35,r_110_22_166,r_24_102_132,r_135_118_35,0.57,131,166,35,92
16,r_24_102_132,r_34_36_131,r_135_118_35,r_24_102_132,0.64,0,132,132,92
21,r_155_101_72,r_113_111_18,r_17_9_158,r_155_101_72,0.96,7,79,72,92
39,r_130_58_177,r_133_119_162,seq32,r_133_119_162,0.94,2,164,162,92
69,seq26,r_105_69_129,r_114_50_122,r_105_69_129,0.96,0,129,129,92
45,r_126_136_64,seq37,seq127,r_126_136_64,0.99,4,68,64,92
5,r_15_153_52,r_47_145_167,r_124_43_151,r_15_153_52,1.0,0,52,52,92
27,r_47_145_167,r_40_125_28,r_34_36_131,r_34_36_131,0.93,1,132,131,92
20,r_31_12_44,r_81_19_105,r_139_83_22,r_31_12_44,0.96,-1,43,44,92
76,seq37,r_126_136_64,seq32,r_126_136_64,1.0,11,75,64,92
32,r_149_150_71,seq127,seq100,r_149_150_71,0.6,-17,54,71,92
31,r_139_83_22,r_81_19_105,seq127,r_81_19_105,0.81,-83,22,105,92
4,r_94_134_186,r_129_120_199,r_133_119_162,r_94_134_186,0.93,0,186,186,92
18,r_147_3_25,r_59_52_144,r_129_120_199,r_147_3_25,0.99,-1,24,25,92
4,r_94_134_186,r_66_151_175,r_129_120_199,r_129_120_199,0.64,-23,176,199,92
26,r_56_20_14,r_133_119_162,seq70,r_56_20_14,1.0,0,14,14,92
78,seq49,seq27,r_73_159_59,r_73_159_59,0.86,32,91,59,92
73,seq32,r_140_54_123,seq35,r_140_54_123,0.94,0,123,123,92
11,r_133_119_162,r_130_58_177,r_6_79_42,r_133_119_162,0.79,2,164,162,92
2,r_34_36_131,r_47_145_167,r_40_125_28,r_47_145_167,0.98,1,168,167,92
21,r_155_101_72,r_17_9_158,r_133_119_162,r_155_101_72,0.78,81,153,72,92
0,r_21_117_45,r_143_7_39,seq65,r_21_117_45,0.97,-5,40,45,92
55,r_124_43_151,r_110_22_166,r_15_153_52,r_15_153_52,0.97,0,52,52,92
99,seq127,seq27,r_126_136_64,r_126_136_64,1.0,36,100,64,92
5,r_15_153_52,r_124_43_151,r_140_54_123,r_15_153_52,0.96,99,151,52,92
49,r_105_69_129,r_67_95_176,r_30_106_138,r_67_95_176,0.78,1,177,176,92
36,r_68_96_169,r_77_29_40,r_74_78_77,r_68_96_169,0.84,0,169,169,92
27,r_47_145_167,r_15_153_52,r_40_125_28,r_47_145_167,1.0,-120,47,167,92
24,r_25_91_46,seq62,seq123,r_25_91_46,0.98,0,46,46,92
36,r_68_96_169,r_137_121_87,r_77_29_40,r_68_96_169,0.96,-124,45,169,92
2,r_34_36_131,r_24_102_132,r_47_145_167,r_34_36_131,0.96,0,131,131,92
47,r_30_106_138,r_128_0_126,r_105_69_129,r_128_0_126,1.0,12,138,126,92
59,r_77_29_40,r_68_96_169,seq57,r_68_96_169,0.92,0,169,169,92
3,r_40_125_28,seq65,r_56_20_14,r_40_125_28,0.99,0,28,28,92
40,r_93_8_66,seq89,r_113_111_18,r_93_8_66,1.0,0,66,66,92
29,r_23_138_110,seq35,r_25_91_46,r_25_91_46,0.66,67,113,46,92
34,r_6_79_42,r_59_52_144,seq131,r_59_52_144,0.89,2,146,144,92
59,r_77_29_40,r_6_79_42,r_68_96_169,r_77_29_40,1.0,0,40,40,92
33,r_82_158_60,r_39_90_192,seq100,r_82_158_60,1.0,2,62,60,92
64,seq142,r_39_90_192,r_144_16_127,r_144_16_127,1.0,21,148,127,92
31,r_139_83_22,seq127,r_31_12_44,r_31_12_44,0.99,10,54,44,92
50,r_61_115_139,seq131,r_51_38_43,r_61_115_139,1.0,1,140,139,92
58,r_84_107_101,seq70,r_156_154_9,r_84_107_101,1.0,1,102,101,92
14,r_67_95_176,r_105_69_129,r_133_119_162,r_67_95_176,0.9,1,177,176,92
38,r_44_104_61,r_74_78_77,seq5,r_44_104_61,1.0,0,61,61,92
23,r_110_22_166,r_124_43_151,r_135_118_35,r_135_118_35,0.97,1,36,35,92
52,r_140_54_123,seq32,r_15_153_52,r_140_54_123,1.0,0,123,123,92
19,r_135_118_35,r_133_119_162,r_110_22_166,r_135_118_35,1.0,0,35,35,92
75,seq35,r_23_138_110,seq32,r_23_138_110,0.64,3,113,110,92
17,r_59_52_144,r_6_79_42,r_30_106_138,r_59_52_144,0.9,2,146,144,92
42,r_143_7_39,r_21_117_45,r_113_111_18,r_143_7_39,1.0,0,39,39,92
22,r_99_11_74,r_144_16_127,seq148,r_99_11_74,0.99,1,75,74,92
28,r_122_75_168,seq123,r_15_153_52,r_122_75_168,0.72,0,168,168,92
27,r_47_145_167,r_34_36_131,r_59_52_144,r_47_145_167,1.0,1,168,167,92
49,r_105_69_129,seq26,r_67_95_176,r_105_69_129,1.0,0,129,129,92
34,r_6_79_42,r_77_29_40,r_59_52_144,r_77_29_40,0.98,-5,35,40,92
56,r_60_41_89,r_30_106_138,seq80,r_60_41_89,0.99,-2,87,89,92
7,r_1_46_185,r_113_111_18,seq37,r_1_46_185,0.48,0,185,185,92
44,r_2_71_102,seq80,seq146,r_2_71_102,0.99,0,102,102,92
10,r_129_120_199,r_94_134_186,r_147_3_25,r_147_3_25,1.0,-1,24,25,92
35,r_144_16_127,seq28,seq142,r_144_16_127,1.0,1,128,127,92
12,r_81_19_105,r_14_109_19,r_25_91_46,r_81_19_105,0.99,1,106,105,92
23,r_110_22_166,r_135_118_35,r_73_159_59,r_110_22_166,0.84,0,166,166,92
55,r_124_43_151,r_15_153_52,seq97,r_124_43_151,1.0,0,151,151,92
93,seq98,r_134_65_132,r_62_58_36,r_62_58_36,1.0,36,72,36,93
51,r_131_143_145,r_153_82_189,r_72_85_134,r_131_143_145,0.82,1,146,145,93
81,seq50,r_18_0_110,r_76_37_37,r_76_37_37,1.0,0,37,37,93
8,r_61_26_161,seq132,seq157,r_61_26_161,0.74,0,161,161,93
53,r_158_107_71,r_144_35_148,r_113_150_121,r_158_107_71,0.99,2,73,71,93
43,r_110_13_70,seq142,r_76_37_37,r_110_13_70,0.96,0,70,70,93
11,r_113_150_121,r_158_107_71,seq28,r_113_150_121,1.0,0,121,121,93
22,r_148_83_133,r_63_9_118,r_94_133_129,r_63_9_118,0.95,2,120,118,93
37,r_96_34_162,seq84,r_95_42_102,r_95_42_102,0.85,60,162,102,93
28,r_125_48_24,seq33,seq84,r_125_48_24,1.0,0,24,24,93
55,r_25_89_4,r_134_65_132,r_62_58_36,r_62_58_36,1.0,36,72,36,93
16,r_6_87_152,r_144_35_148,seq70,r_6_87_152,0.98,-3,149,152,93
39,r_71_10_186,seq47,r_90_146_163,r_90_146_163,0.68,23,186,163,93
1,r_59_54_31,r_99_112_83,seq149,r_99_112_83,0.99,0,83,83,93
46,r_3_114_141,r_129_23_197,seq51,r_3_114_141,0.5,0,141,141,93
42,r_81_141_55,r_95_42_102,r_137_136_38,r_95_42_102,0.73,-47,55,102,93
45,r_138_135_112,r_108_69_194,r_99_112_83,r_138_135_112,1.0,0,112,112,93
19,r_145_30_179,seq119,r_108_69_194,r_145_30_179,0.56,1,180,179,93
34,r_19_15_89,seq157,r_137_136_38,r_137_136_38,1.0,14,52,38,93
35,r_147_64_46,seq39,seq55,r_147_64_46,1.0,1,47,46,93
95,seq111,r_134_65_132,r_62_58_36,r_62_58_36,1.0,36,72,36,93
31,r_16_88_92,seq139,r_151_100_146,r_16_88_92,0.44,33,125,92,93
67,seq149,r_90_146_163,r_95_42_102,r_95_42_102,0.7,62,164,102,93
38,r_103_156_139,r_95_42_102,seq33,r_103_156_139,0.94,-12,127,139,93
30,r_5_80_181,seq109,r_11_92_8,r_11_92_8,0.73,25,33,8,93
3,r_41_1_105,r_144_35_148,seq70,r_41_1_105,1.0,0,105,105,93
10,r_134_65_132,r_25_89_4,r_20_38_58,r_20_38_58,1.0,72,130,58,93
90,seq84,r_95_42_102,seq68,r_95_42_102,1.0,-3,99,102,93
5,r_99_112_83,seq44,r_59_54_31,r_59_54_31,0.6,2,33,31,93
26,r_104_128_60,r_94_133_129,r_59_54_31,r_104_128_60,0.99,5,65,60,93
11,r_113_150_121,r_108_69_194,r_158_107_71,r_158_107_71,1.0,3,74,71,93
20,r_60_124_85,r_148_83_133,seq57,r_60_124_85,0.91,3,88,85,93
13,r_77_155_174,seq47,seq7,r_77_155_174,0.48,0,174,174,93
41,r_137_136_38,r_19_15_89,r_81_141_55,r_19_15_89,0.98,1,90,89,93
98,seq119,r_145_30_179,seq32,r_145_30_179,0.73,1,180,179,93
15,r_118_49_182,r_153_82_189,r_62_58_36,r_118_49_182,0.52,0,182,182,93
53,r_158_107_71,r_113_150_121,seq51,r_113_150_121,1.0,0,121,121,93
57,r_144_35_148,r_6_87_152,seq142,r_144_35_148,0.89,0,148,148,93
21,r_154_29_50,seq117,seq149,r_154_29_50,1.0,0,50,50,93
5,r_99_112_83,r_101_36_183,r_138_135_112,r_99_112_83,0.8,76,159,83,93
6,r_101_36_183,r_134_65_132,r_99_112_83,r_99_112_83,1.0,2,85,83,93
9,r_62_58_36,seq157,r_25_89_4,r_62_58_36,1.0,1,37,36,93
62,seq8,seq40,r_76_37_37,r_76_37_37,1.0,24,61,37,93
41,r_137_136_38,r_3_114_141,r_19_15_89,r_137_136_38,0.92,0,38,38,93
62,seq8,r_76_37_37,r_19_15_89,r_19_15_89,1.0,3,92,89,93
2,r_72_85_134,r_122_127_9,seq68,r_122_127_9,0.57,129,138,9,93
47,r_2_102_140,seq68,seq132,r_2_102_140,1.0,0,140,140,93
40,r_115_79_68,r_131_143_145,r_110_13_70,r_115_79_68,1.0,1,69,68,93
18,r_95_42_102,seq84,seq149,r_95_42_102,1.0,0,102,102,93
29,r_24_120_125,r_144_35_148,r_81_141_55,r_24_120_125,0.55,0,125,125,93
24,r_153_82_189,seq33,r_95_42_102,r_153_82_189,0.26,0,189,189,93
5,r_99_112_83,r_59_54_31,r_101_36_183,r_99_112_83,1.0,0,83,83,93
33,r_90_146_163,seq149,r_62_58_36,r_90_146_163,0.77,1,164,163,93
88,seq68,r_152_22_106,seq84,r_152_22_106,0.92,-7,99,106,93
50,r_74_52_72,seq56,r_11_92_8,r_74_52_72,0.89,0,72,72,93
58,r_159_86_79,r_103_156_139,seq8,r_159_86_79,1.0,0,79,79,93
6,r_101_36_183,r_99_112_83,r_14_31_1,r_101_36_183,0.7,1,184,183,93
25,r_18_0_110,r_101_36_183,r_76_37_37,r_76_37_37,1.0,21,58,37,93
61,seq7,r_126_106_99,r_18_0_110,r_126_106_99,0.62,4,103,99,93
38,r_103_156_139,r_159_86_79,r_95_42_102,r_103_156_139,0.84,-60,79,139,93
0,r_130_78_49,r_20_38_58,r_151_100_146,r_20_38_58,0.98,-6,52,58,93
32,r_151_100_146,r_147_64_46,r_130_78_49,r_147_64_46,1.0,2,48,46,93
60,seq4,r_94_133_129,r_151_100_146,r_94_133_129,0.48,4,133,129,93
14,r_20_38_58,r_60_124_85,r_76_37_37,r_20_38_58,1.0,0,58,58,93
25,r_18_0_110,r_76_37_37,r_63_9_118,r_63_9_118,0.98,5,123,118,93
26,r_104_128_60,r_59_54_31,r_21_123_156,r_21_123_156,0.77,0,156,156,93
22,r_148_83_133,r_60_124_85,r_63_9_118,r_60_124_85,0.75,3,88,85,93
34,r_19_15_89,r_137_136_38,seq8,r_19_15_89,1.0,1,90,89,93
49,r_12_73_165,r_108_69_194,r_137_136_38,r_137_136_38,0.82,127,165,38,93
54,r_105_97_52,r_14_31_1,seq27,r_105_97_52,1.0,0,52,52,93
7,r_63_9_118,r_148_83_133,r_18_0_110,r_63_9_118,0.97,2,120,118,93
44,r_21_123_156,seq27,r_104_128_60,r_21_123_156,0.78,0,156,156,93
23,r_126_106_99,seq7,r_105_97_52,r_126_106_99,0.89,0,99,99,93
51,r_50_8_112,seq15,r_40_86_35,r_50_8_112,0.99,0,112,112,94
36,r_61_130_190,r_102_28_116,r_108_96_161,r_61_130_190,0.92,0,190,190,94
36,r_61_130_190,r_117_58_140,r_102_28_116,r_61_130_190,0.92,-50,140,190,94
92,seq111,r_101_76_166,r_100_109_30,r_100_109_30,1.0,-1,29,30,94
8,r_63_65_171,r_66_107_194,r_59_144_22,r_59_144_22,0.96,154,176,22,94
37,r_102_28_116,r_101_76_166,r_104_131_99,r_101_76_166,1.0,-50,116,166,94
59,r_69_3_136,seq143,seq10,r_69_3_136,1.0,0,136,136,94
55,r_118_30_73,seq124,r_101_76_166,r_118_30_73,1.0,0,73,73,94
5,r_59_144_22,r_117_58_140,seq36,r_59_144_22,0.9,0,22,22,94
16,r_13_155_121,r_29_0_89,r_117_58_140,r_29_0_89,0.98,0,89,89,94
21,r_19_49_78,r_151_133_145,seq10,r_19_49_78,1.0,0,78,78,94
39,r_85_110_107,seq132,seq36,r_85_110_107,0.82,0,107,107,94
97,seq124,r_118_30_73,seq125,r_118_30_73,1.0,0,73,73,94
35,r_104_131_99,r_60_11_51,r_127_147_75,r_127_147_75,0.54,-1,74,75,94
46,r_29_0_89,r_13_155_121,r_59_144_22,r_29_0_89,0.99,0,89,89,94
23,r_139_157_177,seq75,r_51_150_23,r_51_150_23,1.0,-1,22,23,94
1,r_17_9_178,r_14_148_37,r_99_52_164,r_14_148_37,1.0,-1,36,37,94
45,r_66_107_194,seq128,r_78_138_102,r_78_138_102,0.91,8,110,102,94
56,r_87_121_154,seq145,r_82_89_42,r_82_89_42,1.0,7,49,42,94
43,r_56_95_52,seq126,r_25_129_151,r_56_95_52,0.99,0,52,52,94
27,r_153_112_54,r_17_9_178,r_99_52_164,r_17_9_178,0.68,4,182,178,94
4,r_100_109_30,seq15,seq111,r_100_109_30,1.0,0,30,30,94
31,r_39_47_80,seq128,seq119,r_39_47_80,0.99,0,80,80,94
41,r_159_149_61,seq156,seq111,r_159_149_61,0.99,2,63,61,94
17,r_6_123_32,seq156,seq55,r_6_123_32,1.0,0,32,32,94
10,r_34_140_108,seq55,seq124,r_34_140_108,0.54,0,108,108,94
26,r_152_71_179,seq55,r_1_122_156,r_152_71_179,0.61,0,179,179,94
11,r_117_58_140,r_61_130_190,r_85_110_107,r_117_58_140,1.0,0,140,140,94
20,r_136_105_79,seq126,seq15,r_136_105_79,1.0,0,79,79,94
13,r_127_147_75,seq135,r_27_26_86,r_127_147_75,1.0,0,75,75,94
56,r_87_121_154,r_82_89_42,seq134,r_87_121_154,0.78,0,154,154,94
48,r_77_158_70,seq145,seq55,r_77_158_70,1.0,0,70,70,94
49,r_51_150_23,r_139_157_177,seq75,r_139_157_177,0.94,0,177,177,94
1,r_17_9_178,r_153_112_54,r_40_86_35,r_17_9_178,0.41,8,186,178,94
35,r_104_131_99,seq57,r_60_11_51,r_104_131_99,0.73,-74,25,99,94
6,r_98_79_28,seq23,seq36,r_98_79_28,1.0,1,29,28,94
10,r_34_140_108,seq124,r_51_150_23,r_51_150_23,0.89,154,177,23,94
70,seq15,r_100_109_30,r_13_155_121,r_100_109_30,1.0,0,30,30,94
3,r_146_44_19,r_35_70_64,seq37,r_146_44_19,0.86,1,20,19,94
42,r_82_89_42,r_34_140_108,r_87_121_154,r_82_89_42,1.0,0,42,42,94
2,r_72_93_188,r_25_129_151,r_13_155_121,r_13_155_121,1.0,67,188,121,94
54,r_68_41_41,r_50_8_112,seq42,r_68_41_41,1.0,0,41,41,94
30,r_60_11_51,r_101_76_166,seq143,r_60_11_51,0.99,0,51,51,94
24,r_91_103_16,r_1_122_156,seq132,r_91_103_16,0.78,1,17,16,94
40,r_108_96_161,r_92_21_4,r_87_121_154,r_108_96_161,0.83,0,161,161,94
18,r_22_94_133,seq5,seq145,r_22_94_133,0.52,1,134,133,94
29,r_62_90_104,seq18,r_16_154_60,r_16_154_60,0.99,58,118,60,94
25,r_16_154_60,seq145,seq43,r_16_154_60,0.97,2,62,60,94
16,r_13_155_121,r_117_58_140,seq5,r_13_155_121,0.8,0,121,121,94
33,r_97_73_143,seq32,r_127_147_75,r_127_147_75,0.57,69,144,75,94
53,r_81_83_21,seq57,seq126,r_81_83_21,1.0,0,21,21,94
15,r_40_86_35,r_66_107_194,r_106_33_26,r_40_86_35,0.95,3,38,35,94
50,r_20_64_98,seq31,seq55,r_20_64_98,1.0,0,98,98,94
58,r_35_70_64,r_106_33_26,seq111,r_35_70_64,0.59,6,70,64,94
42,r_82_89_42,r_87_121_154,seq145,r_87_121_154,0.99,0,154,154,94
32,r_25_129_151,r_72_93_188,seq15,r_72_93_188,0.92,-24,164,188,94
52,r_120_142_146,seq42,seq15,r_120_142_146,0.53,1,147,146,94
1,r_17_9_178,r_99_52_164,r_153_112_54,r_153_112_54,0.81,3,57,54,94
27,r_153_112_54,seq5,r_17_9_178,r_153_112_54,0.99,4,58,54,94
34,r_151_133_145,seq36,seq128,r_151_133_145,0.65,0,145,145,94
47,r_106_33_26,seq132,r_40_86_35,r_40_86_35,1.0,-3,32,35,94
49,r_51_150_23,r_67_24_1,r_139_157_177,r_51_150_23,1.0,0,23,23,94
60,seq128,r_66_107_194,r_151_133_145,r_151_133_145,0.75,18,163,145,94
22,r_78_138_102,seq145,r_66_107_194,r_78_138_102,0.87,5,107,102,94
28,r_92_21_4,r_108_96_161,r_56_95_52,r_56_95_52,0.93,109,161,52,94
7,r_14_148_37,r_17_9_178,seq42,r_14_148_37,0.98,0,37,37,94
44,r_27_26_86,r_101_76_166,r_127_147_75,r_127_147_75,0.93,13,88,75,94
35,r_104_131_99,r_127_147_75,seq15,r_104_131_99,0.82,0,99,99,94
82,seq43,r_101_76_166,r_16_154_60,r_16_154_60,1.0,19,79,60,94
79,seq37,seq128,r_146_44_19,r_146_44_19,0.73,23,42,19,94
12,r_1_122_156,r_53_48_83,seq31,r_1_122_156,0.6,2,158,156,94
23,r_139_157_177,r_51_150_23,r_104_131_99,r_139_157_177,0.71,0,177,177,94
40,r_142_131_7,r_48_12_166,r_55_117_28,r_142_131_7,0.95,160,167,7,95
30,r_48_12_166,seq105,r_114_140_78,r_48_12_166,0.89,1,167,166,95
36,r_17_96_152,r_135_99_186,r_159_23_26,r_135_99_186,0.92,-34,152,186,95
14,r_141_33_112,r_27_71_192,seq72,r_141_33_112,0.99,0,112,112,95
53,r_121_97_149,seq127,r_141_33_112,r_121_97_149,0.9,0,149,149,95
54,r_93_132_158,r_95_15_10,r_159_23_26,r_159_23_26,0.85,133,159,26,95
37,r_42_22_118,r_2_36_187,seq155,r_42_22_118,0.58,3,121,118,95
55,r_134_29_67,r_73_133_172,r_37_91_177,r_134_29_67,1.0,0,67,67,95
21,r_19_122_150,r_147_44_196,r_88_11_98,r_19_122_150,0.78,0,150,150,95
1,r_54_68_184,r_95_15_10,seq151,r_54_68_184,0.47,0,184,184,95
42,r_2_36_187,r_42_22_118,seq125,r_42_22_118,0.99,3,121,118,95
18,r_159_23_26,r_65_139_179,r_56_138_151,r_159_23_26,1.0,0,26,26,95
45,r_107_13_100,seq75,r_119_67_87,r_107_13_100,0.96,0,100,100,95
19,r_119_67_87,seq154,seq100,r_119_67_87,1.0,0,87,87,95
27,r_37_91_177,r_134_29_67,r_63_79_191,r_37_91_177,0.85,0,177,177,95
26,r_143_25_55,seq43,seq100,r_143_25_55,1.0,1,56,55,95
39,r_56_138_151,r_159_23_26,seq82,r_56_138_151,1.0,0,151,151,95
31,r_148_66_167,r_73_133_172,seq109,r_73_133_172,0.53,-5,167,172,95
16,r_55_117_28,r_27_71_192,seq105,r_55_117_28,0.99,1,29,28,95
41,r_49_146_142,seq9,seq51,r_49_146_142,0.97,1,143,142,95
3,r_88_11_98,seq144,r_113_118_34,r_88_11_98,0.98,1,99,98,95
58,r_114_140_78,r_94_0_113,r_59_24_13,r_94_0_113,0.79,21,134,113,95
4,r_63_79_191,r_102_124_174,r_37_91_177,r_37_91_177,0.66,0,177,177,95
0,r_94_0_113,seq72,r_19_122_150,r_94_0_113,0.65,-30,83,113,95
63,seq16,r_3_110_94,r_129_10_168,r_3_110_94,1.0,11,105,94,95
11,r_1_137_76,seq20,seq154,r_1_137_76,0.42,1,77,76,95
20,r_31_84_144,seq16,r_141_33_112,r_141_33_112,0.32,33,145,112,95
13,r_28_149_79,r_56_138_151,seq101,r_28_149_79,1.0,0,79,79,95
98,seq125,r_2_36_187,seq151,r_2_36_187,0.64,2,189,187,95
48,r_83_136_139,r_41_30_68,seq150,r_41_30_68,1.0,0,68,68,95
57,r_147_44_196,r_19_122_150,r_106_5_109,r_106_5_109,0.97,32,141,109,95
6,r_41_30_68,r_83_136_139,seq34,r_41_30_68,1.0,0,68,68,95
1,r_54_68_184,r_53_78_47,r_95_15_10,r_53_78_47,1.0,1,48,47,95
58,r_114_140_78,r_59_24_13,r_48_12_166,r_48_12_166,1.0,1,167,166,95
56,r_113_118_34,r_17_96_152,seq81,r_113_118_34,1.0,2,36,34,95
27,r_37_91_177,seq77,r_134_29_67,r_134_29_67,1.0,44,111,67,95
51,r_4_157_6,r_27_71_192,r_49_146_142,r_49_146_142,1.0,47,189,142,95
87,seq82,r_129_10_168,r_56_138_151,r_56_138_151,0.9,1,152,151,95
47,r_126_89_169,seq123,r_159_23_26,r_159_23_26,0.71,143,169,26,95
29,r_7_108_120,r_129_10_168,r_94_0_113,r_7_108_120,0.88,0,120,120,95
0,r_94_0_113,r_19_122_150,r_119_67_87,r_19_122_150,1.0,-16,134,150,95
24,r_106_5_109,r_42_22_118,r_147_44_196,r_106_5_109,0.99,1,110,109,95
64,seq18,r_60_156_95,r_54_68_184,r_60_156_95,1.0,0,95,95,95
50,r_60_156_95,seq18,r_55_117_28,r_60_156_95,0.99,1,96,95,95
58,r_114_140_78,r_3_110_94,r_94_0_113,r_114_140_78,1.0,0,78,78,95
66,seq150,r_41_30_68,r_39_86_12,r_41_30_68,0.84,-20,48,68,95
48,r_83_136_139,seq150,r_60_156_95,r_60_156_95,1.0,0,95,95,95
38,r_129_10_168,r_7_108_120,r_53_78_47,r_129_10_168,0.5,-48,120,168,95
52,r_6_47_127,seq154,r_55_117_28,r_6_47_127,0.66,1,128,127,95
34,r_50_112_170,r_27_71_192,r_106_5_109,r_27_71_192,0.84,-22,170,192,95
8,r_27_71_192,r_141_33_112,r_87_85_27,r_27_71_192,0.5,-166,26,192,95
25,r_61_35_21,seq8,seq100,r_61_35_21,0.96,0,21,21,95
15,r_87_85_27,seq45,r_27_71_192,r_87_85_27,1.0,-1,26,27,95
32,r_53_78_47,r_54_68_184,r_129_10_168,r_53_78_47,1.0,1,48,47,95
39,r_56_138_151,r_28_149_79,r_159_23_26,r_56_138_151,0.79,-96,55,151,95
33,r_39_86_12,r_120_76_31,seq150,r_39_86_12,1.0,0,12,12,95
17,r_92_152_132,seq20,r_3_110_94,r_92_152_132,1.0,0,132,132,95
9,r_46_145_22,r_14_21_162,seq123,r_46_145_22,0.98,0,22,22,95
28,r_32_104_124,r_148_66_167,r_3_110_94,r_32_104_124,0.88,5,129,124,95
7,r_102_124_174,r_63_79_191,r_61_35_21,r_61_35_21,0.96,153,174,21,95
18,r_159_23_26,r_56_138_151,r_17_96_152,r_159_23_26,0.79,126,152,26,95
44,r_135_99_186,seq64,r_55_117_28,r_135_99_186,0.38,0,186,186,95
23,r_74_130_121,seq43,r_41_30_68,r_41_30_68,1.0,67,135,68,95
12,r_3_110_94,r_129_10_168,seq101,r_3_110_94,1.0,2,96,94,95
84,seq77,r_37_91_177,r_60_156_95,r_60_156_95,1.0,82,177,95,95
55,r_134_29_67,r_37_91_177,r_60_156_95,r_60_156_95,0.76,82,177,95,95
51,r_14_34_152,r_117_3_19,seq143,r_14_34_152,0.91,0,152,152,96
36,r_130_150_141,seq23,seq72,r_130_150_141,0.89,0,141,141,96
92,seq103,seq17,r_55_152_176,r_55_152_176,0.62,3,179,176,96
14,r_82_89_181,r_102_98_182,r_18_69_2,r_82_89_181,0.42,1,182,181,96
8,r_33_129_183,r_85_46_140,r_130_150_141,r_33_129_183,0.52,1,184,183,96
53,r_4_96_91,r_66_51_103,r_91_137_58,r_4_96_91,1.0,-2,89,91,96
80,seq62,seq99,r_27_13_27,r_27_13_27,0.64,7,34,27,96
83,seq73,r_100_6_184,r_142_138_30,r_142_138_30,0.97,154,184,30,96
59,r_154_12_99,r_157_95_174,r_82_89_181,r_154_12_99,1.0,0,99,99,96
50,r_105_112_40,seq128,seq73,r_105_112_40,1.0,0,40,40,96
55,r_22_106_132,seq87,seq120,r_22_106_132,0.98,1,133,132,96
21,r_30_113_104,seq48,seq155,r_30_113_104,1.0,0,104,104,96
1,r_108_19_134,r_102_98_182,r_154_12_99,r_154_12_99,0.61,1,100,99,96
37,r_8_84_22,r_157_95_174,r_131_156_4,r_8_84_22,0.83,1,23,22,96
5,r_102_98_182,r_125_10_138,r_127_26_79,r_127_26_79,1.0,103,182,79,96
7,r_27_13_27,seq62,r_126_145_124,r_126_145_124,1.0,-1,123,124,96
6,r_54_49_35,seq141,seq123,r_54_49_35,1.0,0,35,35,96
24,r_126_145_124,r_88_37_76,r_27_13_27,r_126_145_124,0.75,2,126,124,96
37,r_8_84_22,r_131_156_4,r_56_38_34,r_56_38_34,0.95,0,34,34,96
31,r_85_46_140,r_33_129_183,r_58_35_32,r_58_35_32,0.98,131,163,32,96
3,r_119_109_160,seq50,seq78,r_119_109_160,0.74,0,160,160,96
10,r_127_26_79,r_25_59_193,r_56_38_34,r_127_26_79,0.84,2,81,79,96
1,r_108_19_134,r_154_12_99,r_88_37_76,r_108_19_134,1.0,3,137,134,96
7,r_27_13_27,r_43_28_97,seq62,r_27_13_27,0.96,-5,22,27,96
72,seq40,r_31_77_105,r_122_64_44,r_31_77_105,0.87,0,105,105,96
4,r_144_70_100,r_119_109_160,seq74,r_144_70_100,1.0,0,100,100,96
57,r_76_80_137,r_53_140_136,seq143,r_53_140_136,0.88,-119,17,136,96
19,r_122_64_44,r_102_98_182,seq40,r_122_64_44,0.79,1,45,44,96
0,r_132_146_12,r_147_139_87,r_101_133_165,r_132_146_12,0.9,0,12,12,96
91,seq99,r_24_67_133,r_27_13_27,r_24_67_133,0.88,-69,64,133,96
22,r_58_35_32,r_105_112_40,r_85_46_140,r_58_35_32,1.0,0,32,32,96
12,r_101_133_165,r_132_146_12,r_58_35_32,r_101_133_165,0.46,0,165,165,96
62,seq9,r_121_7_85,r_131_156_4,r_121_7_85,1.0,0,85,85,96
30,r_5_124_17,r_117_3_19,seq155,r_5_124_17,0.87,0,17,17,96
0,r_132_146_12,r_101_133_165,r_32_16_66,r_32_16_66,0.84,99,165,66,96
27,r_55_152_176,seq78,seq103,r_55_152_176,0.5,0,176,176,96
87,seq87,r_22_106_132,seq78,r_22_106_132,1.0,0,132,132,96
25,r_56_38_34,seq143,r_8_84_22,r_56_38_34,0.63,0,34,34,96
59,r_154_12_99,r_82_89_181,r_92_148_148,r_154_12_99,1.0,62,161,99,96
18,r_147_139_87,seq114,r_91_137_58,r_147_139_87,1.0,0,87,87,96
29,r_31_77_105,r_33_129_183,r_66_51_103,r_33_129_183,0.93,-78,105,183,96
24,r_126_145_124,r_0_47_101,r_88_37_76,r_126_145_124,0.7,-23,101,124,96
34,r_88_37_76,r_126_145_124,r_108_19_134,r_88_37_76,0.94,58,134,76,96
35,r_2_111_89,r_82_89_181,r_147_139_87,r_82_89_181,0.71,-31,150,181,96
46,r_11_104_31,r_55_152_176,seq123,r_11_104_31,1.0,0,31,31,96
58,r_90_52_67,r_24_67_133,seq72,r_90_52_67,1.0,1,68,67,96
70,seq155,r_24_67_133,r_30_113_104,r_30_113_104,0.97,32,136,104,96
38,r_32_16_66,r_121_7_85,r_132_146_12,r_121_7_85,0.55,-12,73,85,96
52,r_158_63_122,r_55_152_176,r_5_124_17,r_158_63_122,0.99,1,123,122,96
57,r_76_80_137,seq143,r_4_96_91,r_76_80_137,0.88,1,138,137,96
34,r_88_37_76,r_31_77_105,r_126_145_124,r_88_37_76,0.9,-2,74,76,96
11,r_142_138_30,r_136_44_163,seq73,r_142_138_30,1.0,0,30,30,96
91,seq99,seq62,r_24_67_133,r_24_67_133,0.52,-97,36,133,96
12,r_101_133_165,r_136_44_163,r_132_146_12,r_132_146_12,1.0,4,16,12,96
17,r_0_47_101,r_126_145_124,seq48,r_0_47_101,1.0,0,101,101,96
9,r_94_1_170,seq107,seq23,r_94_1_170,0.59,0,170,170,96
49,r_121_7_85,seq9,r_5_124_17,r_121_7_85,0.99,0,85,85,96
23,r_75_68_146,seq123,r_24_67_133,r_75_68_146,0.92,0,146,146,96
47,r_134_36_26,r_147_139_87,seq143,r_134_36_26,0.98,0,26,26,96
79,seq60,r_53_140_136,seq23,r_53_140_136,0.99,2,138,136,96
35,r_2_111_89,r_55_152_176,r_82_89_181,r_2_111_89,1.0,0,89,89,96
30,r_62_99_168,seq44,r_97_109_14,r_62_99_168,0.79,0,168,168,97
51,r_26_92_169,r_29_55_136,r_93_144_172,r_26_92_169,0.44,-23,146,169,97
36,r_83_133_145,r_77_10_153,r_106_54_127,r_83_133_145,0.93,0,145,145,97
64,seq140,r_142_51_65,r_95_39_28,r_142_51_65,0.79,-36,29,65,97
14,r_130_45_179,seq159,r_110_119_52,r_110_119_52,0.71,127,179,52,97
53,r_43_67_84,seq1,r_157_120_73,r_157_120_73,0.69,11,84,73,97
43,r_57_74_68,seq115,seq80,r_57_74_68,1.0,-1,67,68,97
54,r_127_81_185,r_14_85_104,r_57_74_68,r_127_81_185,1.0,-100,85,185,97
54,r_127_81_185,r_57_74_68,r_114_30_11,r_127_81_185,0.66,0,185,185,97
4,r_61_96_105,r_25_103_50,r_113_50_30,r_61_96_105,1.0,1,106,105,97
59,r_137_41_82,seq58,r_25_103_50,r_25_103_50,1.0,33,83,50,97
55,r_7_145_150,seq38,r_129_8_54,r_129_8_54,0.64,15,69,54,97
71,seq155,seq31,r_22_135_41,r_22_135_41,1.0,60,101,41,97
16,r_142_51_65,seq140,r_150_122_22,r_142_51_65,0.62,0,65,65,97
39,r_106_54_127,r_130_45_179,r_22_135_41,r_106_54_127,0.91,0,127,127,97
1,r_66_101_2,r_77_10_153,r_53_126_112,r_66_101_2,0.64,151,153,2,97
97,seq118,seq24,r_13_49_38,r_13_49_38,0.71,-9,29,38,97
37,r_22_135_41,r_43_67_84,r_125_17_15,r_22_135_41,1.0,0,41,41,97
4,r_61_96_105,r_157_120_73,r_25_103_50,r_25_103_50,1.0,1,51,50,97
5,r_129_8_54,seq24,r_7_145_150,r_129_8_54,0.83,-2,52,54,97
18,r_59_32_62,r_64_72_92,r_11_47_69,r_64_72_92,0.78,1,93,92,97
38,r_56_111_74,r_149_138_49,r_18_148_34,r_56_111_74,0.77,38,112,74,97
12,r_13_49_38,seq38,seq118,r_13_49_38,0.9,-11,27,38,97
13,r_139_121_10,r_149_138_49,seq24,r_139_121_10,0.98,1,11,10,97
3,r_77_10_153,r_66_101_2,seq124,r_77_10_153,0.95,0,153,153,97
48,r_125_17_15,r_14_85_104,r_52_34_101,r_125_17_15,0.86,0,15,15,97
49,r_64_72_92,r_59_32_62,seq31,r_64_72_92,0.98,1,93,92,97
0,r_100_94_162,seq6,r_57_74_68,r_57_74_68,1.0,94,162,68,97
26,r_110_119_52,r_59_32_62,seq107,r_110_119_52,1.0,-1,51,52,97
47,r_116_156_29,r_5_27_183,seq4,r_116_156_29,1.0,0,29,29,97
15,r_157_120_73,r_61_96_105,r_43_67_84,r_61_96_105,0.96,-30,75,105,97
20,r_18_148_34,seq36,seq40,r_18_148_34,0.71,-4,30,34,97
57,r_53_126_112,r_114_30_11,seq152,r_53_126_112,1.0,0,112,112,97
51,r_26_92_169,r_93_144_172,r_108_104_59,r_26_92_169,0.61,-3,166,169,97
5,r_129_8_54,r_7_145_150,r_29_55_136,r_7_145_150,1.0,0,150,150,97
10,r_150_122_22,r_130_45_179,r_142_51_65,r_142_51_65,0.79,18,83,65,97
22,r_82_117_12,r_61_96_105,r_114_30_11,r_82_117_12,0.89,0,12,12,97
48,r_125_17_15,r_52_34_101,r_22_135_41,r_22_135_41,1.0,7,48,41,97
2,r_128_15_181,seq115,r_56_111_74,r_56_111_74,1.0,108,182,74,97
18,r_59_32_62,seq152,r_64_72_92,r_59_32_62,0.98,0,62,62,97
10,r_150_122_22,r_100_94_162,r_130_45_179,r_150_122_22,1.0,0,22,22,97
33,r_79_76_133,seq87,r_157_120_73,r_157_120_73,0.87,66,139,73,97
58,r_154_12_170,seq4,r_108_104_59,r_154_12_170,0.75,0,170,170,97
65,seq143,seq28,r_113_50_30,r_113_50_30,1.0,83,113,30,97
24,r_97_109_14,r_61_96_105,seq80,r_97_109_14,0.73,5,19,14,97
34,r_29_55_136,r_88_48_97,r_137_41_82,r_29_55_136,0.92,-33,103,136,97
75,seq36,r_26_92_169,r_33_141_1,r_26_92_169,0.66,7,176,169,97
25,r_68_21_21,seq73,r_158_105_24,r_158_105_24,1.0,-1,23,24,97
40,r_102_16_42,r_14_85_104,r_113_50_30,r_14_85_104,0.99,-62,42,104,97
17,r_114_30_11,r_77_10_153,r_82_117_12,r_114_30_11,0.78,0,11,11,97
46,r_158_105_24,r_132_42_9,r_68_21_21,r_158_105_24,0.97,-1,23,24,97
31,r_108_104_59,seq28,seq6,r_108_104_59,1.0,0,59,59,97
9,r_93_144_172,seq38,r_53_126_112,r_93_144_172,0.88,1,173,172,97
96,seq115,r_128_15_181,r_14_85_104,r_14_85_104,1.0,78,182,104,97
32,r_113_50_30,r_14_85_104,seq159,r_113_50_30,1.0,0,30,30,97
28,r_88_48_97,r_29_55_136,seq118,r_88_48_97,0.75,6,103,97,97
38,r_56_111_74,r_18_148_34,r_61_96_105,r_18_148_34,0.57,103,137,34,97
49,r_64_72_92,r_68_21_21,r_59_32_62,r_59_32_62,0.97,0,62,62,97
56,r_2_131_161,r_69_136_158,seq143,r_2_131_161,0.89,-3,158,161,97
7,r_69_136_158,r_2_131_161,r_52_34_101,r_69_136_158,0.9,0,158,158,97
44,r_0_71_137,seq86,r_33_141_1,r_0_71_137,0.59,1,138,137,97
82,seq159,r_132_42_9,r_113_50_30,r_113_50_30,1.0,39,69,30,97
42,r_25_103_50,r_33_141_1,r_137_41_82,r_137_41_82,0.46,2,84,82,97
19,r_149_138_49,r_56_111_74,r_68_21_21,r_149_138_49,1.0,-2,47,49,97
35,r_52_34_101,seq31,r_116_156_29,r_116_156_29,0.99,72,101,29,97
38,r_56_111_74,r_61_96_105,r_128_15_181,r_128_15_181,0.67,0,181,181,97
42,r_25_103_50,r_77_10_153,r_33_141_1,r_25_103_50,0.84,1,51,50,97
55,r_7_145_150,r_129_8_54,r_132_42_9,r_7_145_150,0.96,0,150,150,97
30,r_107_154_74,r_71_61_143,seq75,r_71_61_143,0.82,-66,77,143,98
51,r_19_156_102,r_130_120_138,r_13_12_61,r_19_156_102,0.57,6,108,102,98
36,r_18_72_129,r_54_22_196,r_94_153_33,r_18_72_129,0.84,2,131,129,98
6,r_101_92_181,r_5_118_46,r_103_106_20,r_5_118_46,0.53,0,46,46,98
48,r_5_118_46,r_101_92_181,r_6_90_49,r_5_118_46,0.89,2,48,46,98
92,seq88,r_49_69_100,r_117_148_59,r_117_148_59,1.0,37,96,59,98
50,r_6_90_49,r_155_46_95,r_5_118_46,r_6_90_49,1.0,0,49,49,98
14,r_141_2_172,r_37_7_155,r_157_98_71,r_157_98_71,1.0,85,156,71,98
43,r_108_65_121,seq85,r_68_100_122,r_108_65_121,0.96,0,121,121,98
37,r_139_83_60,seq99,r_47_97_152,r_139_83_60,1.0,0,60,60,98
55,r_82_125_150,r_21_40_92,r_130_120_138,r_130_120_138,0.57,-38,100,138,98
71,seq24,r_141_2_172,r_157_98_71,r_157_98_71,1.0,101,172,71,98
86,seq74,seq127,r_21_40_92,r_21_40_92,0.83,26,118,92,98
21,r_111_67_104,r_60_20_168,seq159,r_111_67_104,0.95,4,108,104,98
39,r_13_12_61,r_26_27_101,r_5_118_46,r_13_12_61,0.57,1,62,61,98
58,r_10_41_29,seq24,seq145,r_10_41_29,1.0,1,30,29,98
5,r_130_120_138,r_47_97_152,r_82_125_150,r_82_125_150,0.54,0,150,150,98
46,r_1_144_174,seq15,seq74,r_1_144_174,0.58,3,177,174,98
42,r_25_62_103,seq138,seq52,r_25_62_103,0.98,2,105,103,98
69,seq16,seq127,r_21_40_92,r_21_40_92,0.97,26,118,92,98
45,r_155_46_95,r_14_9_1,r_124_115_72,r_155_46_95,1.0,0,95,95,98
24,r_71_61_143,r_157_98_71,seq59,r_71_61_143,1.0,0,143,143,98
19,r_66_91_119,seq121,r_56_63_84,r_66_91_119,0.99,1,120,119,98
33,r_135_129_54,r_1_144_174,seq45,r_135_129_54,0.96,1,55,54,98
95,seq102,r_122_34_185,r_60_20_168,r_60_20_168,0.92,17,185,168,98
16,r_103_106_20,seq31,r_101_92_181,r_103_106_20,1.0,0,20,20,98
39,r_13_12_61,r_5_118_46,r_19_156_102,r_13_12_61,0.62,69,130,61,98
31,r_79_48_170,r_122_34_185,r_21_40_92,r_122_34_185,0.73,-14,171,185,98
41,r_57_95_64,r_30_89_98,r_139_83_60,r_139_83_60,0.65,5,65,60,98
3,r_56_63_84,r_30_89_98,seq0,r_30_89_98,0.95,-13,85,98,98
10,r_157_98_71,r_110_146_149,seq24,r_157_98_71,1.0,0,71,71,98
26,r_60_20_168,r_111_67_104,r_101_92_181,r_111_67_104,1.0,4,108,104,98
16,r_103_106_20,r_101_92_181,r_113_64_186,r_101_92_181,0.47,9,190,181,98
78,seq42,r_155_46_95,r_14_9_1,r_155_46_95,1.0,0,95,95,98
63,seq8,seq127,r_21_40_92,r_21_40_92,0.87,26,118,92,98
11,r_37_7_155,r_141_2_172,r_124_115_72,r_37_7_155,0.64,1,156,155,98
20,r_152_58_110,r_1_144_174,r_135_129_54,r_1_144_174,0.97,-62,112,174,98
13,r_151_29_178,seq52,seq28,r_151_29_178,0.55,0,178,178,98
15,r_109_93_77,r_84_87_189,r_139_83_60,r_139_83_60,1.0,26,86,60,98
47,r_112_35_18,r_136_78_166,seq138,r_112_35_18,0.84,-2,16,18,98
12,r_113_64_186,r_26_27_101,r_103_106_20,r_113_64_186,0.63,1,187,186,98
14,r_141_2_172,r_157_98_71,seq11,r_141_2_172,0.64,0,172,172,98
62,seq134,r_110_146_149,seq102,r_110_146_149,0.93,1,150,149,98
57,r_150_114_28,seq43,r_157_98_71,r_150_114_28,0.66,123,151,28,98
0,r_94_153_33,r_152_58_110,seq31,r_94_153_33,0.99,1,34,33,98
4,r_149_128_34,seq39,seq73,r_149_128_34,1.0,0,34,34,98
2,r_147_80_85,seq24,r_17_132_93,r_147_80_85,1.0,3,88,85,98
49,r_51_116_52,r_151_29_178,seq85,r_51_116_52,0.88,-7,45,52,98
40,r_68_100_122,seq11,r_108_65_121,r_68_100_122,0.49,-1,121,122,98
18,r_26_27_101,seq45,seq119,r_26_27_101,1.0,0,101,101,98
29,r_84_87_189,r_109_93_77,r_18_72_129,r_84_87_189,0.78,-103,86,189,98
24,r_71_61_143,r_107_154_74,r_157_98_71,r_157_98_71,0.9,6,77,71,98
64,seq138,r_25_62_103,r_112_35_18,r_25_62_103,1.0,2,105,103,98
57,r_150_114_28,r_56_63_84,seq43,r_150_114_28,0.56,60,88,28,98
6,r_101_92_181,r_103_106_20,r_56_63_84,r_101_92_181,0.54,1,182,181,98
32,r_137_131_5,r_47_97_152,r_143_96_106,r_143_96_106,0.93,47,153,106,98
58,r_10_41_29,seq145,r_13_12_61,r_13_12_61,0.87,12,73,61,98
38,r_122_34_185,seq102,r_136_78_166,r_136_78_166,0.66,19,185,166,98
34,r_47_97_152,r_130_120_138,r_57_95_64,r_57_95_64,1.0,74,138,64,98
56,r_30_89_98,r_150_114_28,r_130_120_138,r_30_89_98,0.99,1,99,98,98
60,seq0,r_23_105_182,r_56_63_84,r_56_63_84,0.98,25,109,84,98
57,r_150_114_28,r_108_65_121,r_56_63_84,r_150_114_28,1.0,2,30,28,98
17,r_143_96_106,r_50_3_111,r_137_131_5,r_50_3_111,0.85,-7,104,111,98
94,seq99,r_139_83_60,r_60_20_168,r_139_83_60,0.97,2,62,60,98
9,r_17_132_93,r_79_48_170,r_147_80_85,r_147_80_85,0.97,9,94,85,98
26,r_60_20_168,r_101_92_181,seq134,r_60_20_168,0.99,0,168,168,98
96,seq119,r_113_64_186,r_26_27_101,r_26_27_101,1.0,44,145,101,98
37,r_139_83_60,r_47_97_152,r_109_93_77,r_139_83_60,0.76,93,153,60,98
29,r_84_87_189,r_18_72_129,r_21_40_92,r_18_72_129,0.53,35,164,129,98
22,r_50_3_111,seq59,r_149_128_34,r_50_3_111,0.87,0,111,111,98
84,seq59,r_30_89_98,r_71_61_143,r_71_61_143,0.97,21,164,143,98
28,r_49_69_100,seq73,r_53_70_25,r_49_69_100,0.54,7,107,100,98
56,r_30_89_98,r_57_95_64,r_150_114_28,r_57_95_64,0.93,3,67,64,98
44,r_123_36_109,r_113_64_186,r_77_38_6,r_123_36_109,0.98,0,109,109,98
94,seq99,r_60_20_168,r_103_106_20,r_60_20_168,0.9,-6,162,168,98
82,seq52,r_151_29_178,r_25_62_103,r_25_62_103,0.99,75,178,103,98
35,r_14_9_1,r_155_46_95,seq42,r_155_46_95,1.0,0,95,95,98
12,r_113_64_186,r_123_36_109,r_26_27_101,r_113_64_186,1.0,-77,109,186,98
30,r_115_158_60,r_69_19_96,r_141_52_26,r_115_158_60,1.0,0,60,60,99
44,r_143_26_190,r_79_8_81,r_34_57_8,r_34_57_8,0.54,182,190,8,99
51,r_122_110_142,r_144_0_120,r_101_83_35,r_122_110_142,0.99,-21,121,142,99
9,r_10_2_181,r_86_53_12,r_154_24_95,r_10_2_181,0.69,0,181,181,99
66,seq9,r_34_57_8,r_18_123_103,r_18_123_103,1.0,11,114,103,99
53,r_31_94_129,r_63_75_193,seq20,r_31_94_129,0.98,0,129,129,99
43,r_18_123_103,r_112_66_126,seq9,r_18_123_103,1.0,1,104,103,99
3,r_141_52_26,r_147_56_199,r_54_159_11,r_141_52_26,0.97,0,26,26,99
59,r_144_0_120,r_122_110_142,r_100_59_62,r_144_0_120,1.0,1,121,120,99
55,r_58_146_101,r_125_150_117,seq111,r_58_146_101,1.0,0,101,101,99
21,r_36_67_89,r_14_85_171,seq132,r_36_67_89,0.89,-1,88,89,99
39,r_27_106_132,seq90,r_63_75_193,r_27_106_132,0.83,5,137,132,99
34,r_47_4_42,seq9,r_105_51_140,r_47_4_42,1.0,0,42,42,99
5,r_81_139_97,r_14_85_171,seq93,r_81_139_97,1.0,0,97,97,99
46,r_78_38_131,seq5,r_95_98_33,r_78_38_131,0.99,0,131,131,99
42,r_14_85_171,seq65,r_95_98_33,r_14_85_171,0.64,0,171,171,99
80,seq50,r_154_24_95,seq37,r_154_24_95,1.0,0,95,95,99
69,seq142,r_103_30_148,r_12_68_109,r_103_30_148,0.5,-5,143,148,99
45,r_61_92_156,seq93,r_125_150_117,r_61_92_156,0.7,1,157,156,99
10,r_155_120_57,seq13,r_101_83_35,r_155_120_57,0.99,0,57,57,99
24,r_12_68_109,r_88_126_36,seq102,r_12_68_109,0.62,0,109,109,99
27,r_54_159_11,r_58_146_101,r_141_52_26,r_58_146_101,0.92,0,101,101,99
33,r_89_1_141,r_73_124_169,r_41_145_30,r_41_145_30,1.0,6,36,30,99
1,r_95_98_33,seq55,seq39,r_95_98_33,1.0,2,35,33,99
31,r_42_127_145,r_45_113_88,r_86_53_12,r_45_113_88,0.85,1,89,88,99
41,r_87_28_163,seq70,r_157_44_133,r_87_28_163,0.78,0,163,163,99
38,r_22_84_59,seq46,seq37,r_22_84_59,1.0,0,59,59,99
16,r_88_126_36,r_99_40_155,r_12_68_109,r_88_126_36,1.0,0,36,36,99
26,r_73_124_169,seq140,r_101_83_35,r_73_124_169,0.92,0,169,169,99
8,r_105_51_140,r_47_4_42,r_103_30_148,r_105_51_140,0.65,3,143,140,99
16,r_88_126_36,r_12_68_109,r_103_30_148,r_12_68_109,0.95,17,126,109,99
54,r_41_145_30,r_78_38_131,r_89_1_141,r_41_145_30,1.0,0,30,30,99
36,r_86_53_12,r_95_98_33,r_34_57_8,r_86_53_12,0.99,0,12,12,99
4,r_100_59_62,seq102,seq37,r_100_59_62,0.97,8,70,62,99
0,r_147_56_199,r_82_80_85,seq20,r_82_80_85,1.0,0,85,85,99
11,r_151_21_84,r_144_0_120,seq13,r_151_21_84,0.87,0,84,84,99
20,r_45_113_88,r_42_127_145,r_141_52_26,r_45_113_88,1.0,1,89,88,99
13,r_116_35_172,r_16_153_15,r_12_68_109,r_116_35_172,0.32,3,175,172,99
15,r_49_72_9,seq111,r_77_114_144,r_77_114_144,0.84,4,148,144,99
8,r_105_51_140,r_103_30_148,r_47_4_42,r_47_4_42,1.0,9,51,42,99
57,r_157_44_133,r_103_30_148,seq5,r_157_44_133,0.7,0,133,133,99
12,r_34_57_8,r_15_48_137,r_86_53_12,r_15_48_137,0.94,-29,108,137,99
62,seq132,seq25,r_36_67_89,r_36_67_89,1.0,-1,88,89,99
85,seq70,r_87_28_163,r_125_150_117,r_125_150_117,0.62,46,163,117,99
79,seq46,r_22_84_59,seq32,r_22_84_59,1.0,0,59,59,99
9,r_10_2_181,r_15_48_137,r_86_53_12,r_86_53_12,0.59,1,13,12,99
6,r_15_48_137,r_10_2_181,r_86_53_12,r_86_53_12,1.0,1,13,12,99
2,r_103_30_148,r_157_44_133,r_105_51_140,r_157_44_133,1.0,-10,123,133,99
47,r_112_66_126,r_61_92_156,r_15_48_137,r_112_66_126,0.99,23,149,126,99
40,r_16_153_15,r_116_35_172,r_118_121_196,r_116_35_172,0.53,3,175,172,99
18,r_69_19_96,seq93,seq156,r_69_19_96,1.0,0,96,96,99
29,r_137_133_64,seq156,seq132,r_137_133_64,1.0,0,64,64,99
24,r_12_68_109,r_103_30_148,r_88_126_36,r_88_126_36,0.97,14,50,36,99
34,r_47_4_42,r_105_51_140,r_129_23_56,r_47_4_42,0.72,101,143,42,99
35,r_79_8_81,r_143_26_190,r_154_24_95,r_154_24_95,0.9,95,190,95,99
68,seq13,r_155_120_57,seq156,r_155_120_57,1.0,0,57,57,99
64,seq134,seq104,r_69_19_96,r_69_19_96,0.97,3,99,96,99
50,r_17_108_79,r_77_114_144,seq156,r_17_108_79,1.0,0,79,79,99
58,r_152_64_136,seq131,r_16_153_15,r_152_64_136,1.0,0,136,136,99
70,seq20,r_147_56_199,r_31_94_129,r_31_94_129,0.99,3,132,129,99
6,r_15_48_137,r_86_53_12,r_112_66_126,r_15_48_137,0.99,0,137,137,99
56,r_125_150_117,r_141_52_26,seq131,r_125_150_117,0.99,0,117,117,99
52,r_3_138_118,seq117,r_100_59_62,r_3_138_118,1.0,0,118,118,99
19,r_101_83_35,seq132,r_141_52_26,r_101_83_35,1.0,0,35,35,99
64,seq134,r_69_19_96,r_73_124_169,r_73_124_169,0.42,11,180,169,99
48,r_129_23_56,r_116_35_172,r_47_4_42,r_47_4_42,1.0,14,56,42,99
17,r_71_149_105,seq111,seq55,r_71_149_105,1.0,0,105,105,99
22,r_99_40_155,seq62,r_36_67_89,r_99_40_155,0.78,0,155,155,99
28,r_82_80_85,r_147_56_199,r_141_52_26,r_147_56_199,0.74,-114,85,199,99
49,r_77_114_144,seq136,r_49_72_9,r_77_114_144,0.99,0,144,144,99
56,r_125_150_117,r_58_146_101,r_141_52_26,r_141_52_26,0.54,75,101,26,99
7,r_154_24_95,seq50,seq32,r_154_24_95,1.0,0,95,95,99
44,r_143_26_190,r_78_38_131,r_79_8_81,r_143_26_190,0.73,-109,81,190,99
23,r_63_75_193,r_31_94_129,r_27_106_132,r_63_75_193,0.57,-63,130,193,99
82,seq60,r_103_30_148,r_47_4_42,r_47_4_42,1.0,57,99,42,99
35,r_79_8_81,r_87_28_163,r_143_26_190,r_79_8_81,1.0,0,81,81,99
27,r_54_159_11,r_61_92_156,r_58_146_101,r_54_159_11,0.99,0,11,11,99
84,seq65,r_14_85_171,r_89_1_141,r_14_85_171,0.85,-51,120,171,99
