30,r_88_31_130,seq42,r_122_144_27,r_88_31_130,1.0,0,130,130,0
51,r_24_46_151,r_1_100_138,r_168_149_84,r_168_149_84,1.0,0,84,84,0
36,r_150_131_57,r_103_91_149,r_141_109_28,r_141_109_28,0.58,121,149,28,0
9,r_64_25_75,r_119_26_19,r_51_56_22,r_64_25_75,1.0,0,75,75,0
14,r_84_160_166,seq138,r_121_0_64,r_121_0_64,0.59,102,166,64,0
53,r_121_0_64,seq163,seq42,r_121_0_64,1.0,0,64,64,0
43,r_57_112_69,r_39_89_102,r_90_8_112,r_39_89_102,0.73,-33,69,102,0
54,r_21_107_155,seq146,r_66_123_131,r_21_107_155,0.88,0,155,155,0
37,r_139_87_156,r_9_54_192,r_24_46_151,r_24_46_151,0.99,19,170,151,0
19,r_104_128_187,r_150_131_57,r_44_157_47,r_150_131_57,0.5,96,153,57,0
39,r_66_123_131,r_78_85_194,seq169,r_66_123_131,0.98,0,131,131,0
1,r_133_73_118,seq37,r_113_134_1,r_133_73_118,1.0,0,118,118,0
97,seq94,r_50_74_136,r_62_81_174,r_50_74_136,1.0,1,137,136,0
5,r_90_8_112,seq70,r_57_112_69,r_57_112_69,0.43,0,69,69,0
46,r_151_55_60,r_156_35_52,r_96_63_5,r_151_55_60,1.0,0,60,60,0
42,r_130_124_122,seq140,r_32_4_73,r_32_4_73,1.0,2,75,73,0
60,r_32_4_73,r_130_124_122,r_152_69_107,r_130_124_122,0.66,4,126,122,0
49,r_3_165_48,r_104_128_187,seq38,r_3_165_48,0.99,0,48,48,0
7,r_96_63_5,r_59_68_146,r_77_33_33,r_96_63_5,1.0,108,113,5,0
45,r_1_100_138,r_24_46_151,r_129_159_36,r_129_159_36,0.79,102,138,36,0
43,r_57_112_69,r_90_8_112,r_130_124_122,r_57_112_69,0.85,55,124,69,0
5,r_90_8_112,seq94,r_105_79_179,r_105_79_179,0.66,2,181,179,0
47,r_111_118_53,r_57_112_69,seq43,r_111_118_53,1.0,-1,52,53,0
66,r_105_79_179,seq140,r_90_8_112,r_90_8_112,0.71,67,179,112,0
35,r_49_76_46,r_84_160_166,seq164,r_49_76_46,0.99,0,46,46,0
69,r_44_157_47,r_12_99_67,seq108,r_44_157_47,1.0,0,47,47,0
21,r_122_144_27,seq6,r_96_63_5,r_122_144_27,1.0,0,27,27,0
26,r_17_106_11,r_12_99_67,seq169,r_17_106_11,0.85,0,11,11,0
89,seq43,r_116_5_88,r_23_19_79,r_23_19_79,0.96,9,88,79,0
3,r_126_72_124,r_53_145_158,seq167,r_126_72_124,1.0,-1,123,124,0
11,r_77_33_33,r_1_100_138,r_96_63_5,r_77_33_33,0.91,1,34,33,0
91,seq138,r_49_76_46,r_156_35_52,r_49_76_46,0.64,0,46,46,0
8,r_103_91_149,r_141_109_28,r_71_40_8,r_103_91_149,0.86,-3,146,149,0
4,r_28_93_168,r_113_134_1,r_96_63_5,r_96_63_5,0.47,167,172,5,0
73,seq137,r_12_99_67,r_156_35_52,r_12_99_67,0.96,0,67,67,0
59,r_156_35_52,r_151_55_60,seq138,r_151_55_60,0.99,-8,52,60,0
20,r_14_95_117,r_120_47_163,r_65_75_92,r_14_95_117,0.72,0,117,117,0
13,r_82_148_173,seq43,r_141_109_28,r_141_109_28,0.53,145,173,28,0
56,r_168_149_84,r_24_46_151,r_115_36_89,r_24_46_151,0.85,0,151,151,0
15,r_11_98_100,r_1_100_138,r_29_127_141,r_11_98_100,0.86,0,100,100,0
48,r_29_127_141,r_156_35_52,r_11_98_100,r_29_127_141,0.85,-41,100,141,0
57,r_50_74_136,seq94,seq43,r_50_74_136,0.98,1,137,136,0
6,r_62_81_174,seq94,r_129_159_36,r_129_159_36,0.68,138,174,36,0
19,r_104_128_187,r_3_165_48,r_150_131_57,r_3_165_48,0.99,6,54,48,0
8,r_103_91_149,r_136_13_30,r_141_109_28,r_103_91_149,1.0,-121,28,149,0
41,r_16_158_37,r_59_68_146,r_34_52_157,r_16_158_37,0.85,1,38,37,0
29,r_51_56_22,r_133_73_118,seq140,r_51_56_22,0.62,0,22,22,0
51,r_24_46_151,r_168_149_84,seq43,r_24_46_151,1.0,0,151,151,0
16,r_135_97_50,r_41_102_59,seq166,r_135_97_50,1.0,0,50,50,0
64,r_136_13_30,r_103_91_149,seq167,r_136_13_30,1.0,0,30,30,0
2,r_152_69_107,seq92,r_12_99_67,r_152_69_107,0.92,0,107,107,0
41,r_16_158_37,r_34_52_157,r_125_153_110,r_34_52_157,0.99,-12,145,157,0
18,r_34_52_157,r_115_36_89,r_2_117_6,r_115_36_89,0.96,-14,75,89,0
97,seq94,r_62_81_174,r_90_8_112,r_62_81_174,0.91,0,174,174,0
34,r_141_109_28,r_103_91_149,r_150_131_57,r_103_91_149,0.72,0,149,149,0
48,r_29_127_141,r_11_98_100,r_96_63_5,r_29_127_141,1.0,0,141,141,0
25,r_142_22_181,seq155,r_129_159_36,r_129_159_36,0.6,145,181,36,0
33,r_12_99_67,seq137,r_51_56_22,r_12_99_67,1.0,0,67,67,0
44,r_65_75_92,r_17_106_11,r_14_95_117,r_65_75_92,0.95,25,117,92,0
28,r_119_26_19,r_135_97_50,r_64_25_75,r_119_26_19,0.99,0,19,19,0
50,r_53_145_158,seq94,r_16_158_37,r_16_158_37,0.73,121,158,37,0
58,r_116_5_88,seq43,r_113_134_1,r_116_5_88,0.98,0,88,88,0
34,r_141_109_28,r_125_153_110,r_103_91_149,r_141_109_28,1.0,0,28,28,0
65,r_120_47_163,seq140,r_116_5_88,r_120_47_163,0.48,1,164,163,0
32,r_27_143_115,seq42,r_51_56_22,r_27_143_115,0.56,0,115,115,0
38,r_110_48_83,r_103_91_149,seq43,r_110_48_83,1.0,1,84,83,0
52,r_39_89_102,r_57_112_69,r_62_81_174,r_57_112_69,0.68,0,69,69,0
77,seq146,r_21_107_155,seq137,r_21_107_155,0.62,0,155,155,0
17,r_59_68_146,r_16_158_37,r_77_33_33,r_59_68_146,1.0,-112,34,146,0
28,r_119_26_19,r_64_25_75,seq169,r_64_25_75,1.0,0,75,75,0
60,r_32_4_73,r_1_100_138,r_130_124_122,r_32_4_73,1.0,0,73,73,0
81,seq162,r_114_101_189,r_129_159_36,r_129_159_36,1.0,153,189,36,0
42,r_130_124_122,r_32_4_73,r_57_112_69,r_130_124_122,1.0,1,123,122,0
22,r_30_58_128,r_142_22_181,r_44_157_47,r_142_22_181,0.98,-53,128,181,0
24,r_41_102_59,r_142_22_181,r_51_56_22,r_41_102_59,1.0,-1,58,59,0
19,r_104_128_187,r_44_157_47,r_90_8_112,r_90_8_112,0.65,75,187,112,0
56,r_168_149_84,seq83,r_24_46_151,r_168_149_84,1.0,0,84,84,0
18,r_34_52_157,r_2_117_6,r_30_58_128,r_2_117_6,1.0,151,157,6,0
44,r_65_75_92,r_103_91_149,r_17_106_11,r_65_75_92,0.76,0,92,92,0
23,r_115_36_89,r_34_52_157,seq92,r_115_36_89,0.52,2,91,89,0
17,r_59_68_146,r_77_33_33,seq20,r_59_68_146,0.86,0,146,146,0
85,seq38,seq6,r_3_165_48,r_3_165_48,1.0,0,48,48,0
5,r_90_8_112,r_57_112_69,seq94,r_90_8_112,0.76,12,124,112,0
52,r_39_89_102,r_62_81_174,r_129_159_36,r_39_89_102,0.96,0,102,102,0
15,r_11_98_100,r_29_127_141,seq7,r_29_127_141,0.99,1,142,141,0
30,r_105_120_110,seq1,r_94_112_18,r_94_112_18,0.84,101,119,18,1
51,r_29_139_164,r_34_156_157,r_130_2_57,r_29_139_164,0.6,0,164,164,1
36,r_166_121_125,r_7_91_38,r_70_155_52,r_166_121_125,0.65,-56,69,125,1
14,r_5_42_11,r_101_90_91,r_35_15_43,r_5_42_11,1.0,80,91,11,1
8,r_92_23_65,seq123,r_68_117_78,r_92_23_65,0.6,17,82,65,1
53,r_88_86_153,r_149_24_172,r_63_115_37,r_88_86_153,0.73,4,157,153,1
54,r_46_95_109,r_28_100_185,r_58_72_35,r_46_95_109,1.0,2,111,109,1
55,r_37_84_199,r_20_9_97,r_153_144_9,r_37_84_199,0.72,-99,100,199,1
71,seq4,seq30,r_153_144_9,r_153_144_9,0.94,119,128,9,1
21,r_154_103_138,seq104,r_105_120_110,r_154_103_138,1.0,0,138,138,1
5,r_165_25_118,seq59,r_105_120_110,r_165_25_118,1.0,0,118,118,1
42,r_34_156_157,r_29_139_164,r_132_114_85,r_34_156_157,0.91,1,158,157,1
80,seq36,r_73_12_139,r_150_55_1,r_73_12_139,1.0,0,139,139,1
7,r_64_99_187,r_69_131_62,r_63_115_37,r_64_99_187,0.43,1,188,187,1
69,r_73_12_139,r_79_11_152,r_153_144_9,r_73_12_139,0.85,1,140,139,1
36,r_166_121_125,r_132_114_85,seq141,r_166_121_125,0.99,2,127,125,1
64,r_158_31_13,r_79_11_152,r_152_17_194,r_158_31_13,1.0,-1,12,13,1
27,r_48_52_133,r_130_2_57,seq118,r_48_52_133,0.62,1,134,133,1
52,r_132_114_85,r_70_155_52,r_34_156_157,r_34_156_157,0.59,1,158,157,1
95,seq110,r_69_131_62,r_78_27_116,r_69_131_62,1.0,0,62,62,1
32,r_140_113_174,r_3_21_10,r_5_42_11,r_5_42_11,0.74,164,175,11,1
41,r_68_117_78,r_124_167_147,r_92_23_65,r_68_117_78,0.95,0,78,78,1
67,r_116_102_176,seq8,r_78_27_116,r_116_102_176,0.51,0,176,176,1
46,r_13_106_21,r_68_117_78,seq127,r_13_106_21,0.99,0,21,21,1
10,r_20_9_97,r_37_84_199,r_135_87_19,r_20_9_97,0.84,3,100,97,1
90,seq164,seq161,r_157_151_48,r_157_151_48,1.0,53,101,48,1
26,r_97_98_150,seq45,r_119_22_198,r_97_98_150,0.5,4,154,150,1
61,r_16_26_36,r_128_14_136,r_7_91_38,r_7_91_38,0.68,0,38,38,1
4,r_60_77_74,r_47_51_191,seq45,r_60_77_74,0.47,18,92,74,1
36,r_166_121_125,r_70_155_52,r_132_114_85,r_132_114_85,0.86,2,87,85,1
0,r_152_17_194,r_132_114_85,r_158_31_13,r_158_31_13,0.95,-1,12,13,1
20,r_125_142_115,seq59,r_5_42_11,r_125_142_115,0.97,1,116,115,1
13,r_56_62_89,r_20_9_97,r_162_40_2,r_162_40_2,0.81,89,91,2,1
98,seq126,seq50,r_80_169_96,r_80_169_96,1.0,6,102,96,1
15,r_138_10_100,r_163_43_103,r_0_147_58,r_0_147_58,0.96,43,101,58,1
57,r_78_27_116,seq118,seq110,r_78_27_116,0.73,1,117,116,1
6,r_79_11_152,seq36,r_63_115_37,r_63_115_37,0.74,115,152,37,1
9,r_63_115_37,r_28_100_185,seq59,r_63_115_37,1.0,0,37,37,1
62,r_39_146_81,r_28_100_185,r_153_144_9,r_39_146_81,1.0,0,81,81,1
19,r_82_76_54,r_149_24_172,r_44_93_51,r_82_76_54,0.98,0,54,54,1
39,r_70_155_52,r_64_99_187,seq134,r_70_155_52,1.0,1,53,52,1
3,r_54_137_56,r_119_22_198,r_157_151_48,r_157_151_48,0.73,9,57,48,1
2,r_119_22_198,r_154_103_138,r_74_65_25,r_119_22_198,0.93,-154,44,198,1
37,r_3_21_10,r_79_11_152,seq104,r_3_21_10,1.0,0,10,10,1
40,r_122_148_158,r_48_52_133,seq36,r_122_148_158,0.85,0,158,158,1
58,r_74_65_25,r_79_11_152,r_119_22_198,r_74_65_25,1.0,1,26,25,1
74,seq141,r_124_167_147,r_166_121_125,r_166_121_125,0.94,4,129,125,1
29,r_49_108_60,r_28_100_185,r_158_31_13,r_49_108_60,1.0,0,60,60,1
24,r_38_133_93,r_20_9_97,r_57_19_39,r_57_19_39,0.85,57,96,39,1
66,r_130_2_57,r_150_55_1,r_48_52_133,r_130_2_57,1.0,0,57,57,1
33,r_83_111_162,seq127,r_92_23_65,r_92_23_65,0.53,97,162,65,1
48,r_135_87_19,r_128_14_136,r_20_9_97,r_135_87_19,0.78,117,136,19,1
44,r_96_85_33,r_105_120_110,seq6,r_96_85_33,0.97,0,33,33,1
47,r_0_147_58,r_44_93_51,r_138_10_100,r_138_10_100,1.0,29,129,100,1
59,r_58_72_35,r_154_103_138,seq50,r_58_72_35,0.98,1,36,35,1
50,r_124_167_147,seq161,r_157_151_48,r_157_151_48,1.0,104,152,48,1
70,seq1,r_105_120_110,r_163_43_103,r_163_43_103,1.0,16,119,103,1
68,r_66_160_94,r_20_9_97,r_150_55_1,r_66_160_94,0.85,0,94,94,1
32,r_140_113_174,r_83_111_162,r_3_21_10,r_3_21_10,0.65,141,151,10,1
63,r_57_19_39,r_28_100_185,r_74_65_25,r_28_100_185,0.96,-143,42,185,1
48,r_135_87_19,r_140_113_174,r_128_14_136,r_135_87_19,0.98,0,19,19,1
52,r_132_114_85,r_152_17_194,r_166_121_125,r_132_114_85,0.87,0,85,85,1
25,r_157_151_48,r_79_11_152,r_54_137_56,r_157_151_48,0.99,2,50,48,1
16,r_44_93_51,seq50,r_82_76_54,r_44_93_51,0.96,3,54,51,1
45,r_128_14_136,r_16_26_36,r_135_87_19,r_128_14_136,0.86,-98,38,136,1
27,r_48_52_133,seq32,r_130_2_57,r_130_2_57,1.0,1,58,57,1
18,r_35_15_43,r_78_27_116,r_5_42_11,r_35_15_43,1.0,3,46,43,1
56,r_7_91_38,r_166_121_125,r_16_26_36,r_7_91_38,1.0,3,41,38,1
68,r_66_160_94,r_150_55_1,r_165_25_118,r_165_25_118,1.0,1,119,118,1
52,r_132_114_85,r_166_121_125,r_70_155_52,r_166_121_125,0.96,4,129,125,1
65,r_129_41_32,r_79_11_152,seq59,r_129_41_32,1.0,0,32,32,1
45,r_128_14_136,r_135_87_19,seq145,r_128_14_136,0.95,-1,135,136,1
17,r_101_90_91,r_5_42_11,r_48_52_133,r_101_90_91,1.0,0,91,91,1
96,seq118,r_78_27_116,r_48_52_133,r_48_52_133,0.67,5,138,133,1
22,r_149_24_172,seq8,r_38_133_93,r_149_24_172,0.54,0,172,172,1
28,r_69_131_62,seq110,r_7_91_38,r_69_131_62,1.0,0,62,62,1
49,r_80_169_96,r_64_99_187,seq6,r_80_169_96,0.93,0,96,96,1
7,r_64_99_187,r_80_169_96,r_69_131_62,r_64_99_187,0.82,-91,96,187,1
23,r_53_159_182,seq127,r_37_84_199,r_53_159_182,0.43,0,182,182,1
34,r_94_112_18,r_101_90_91,seq136,r_94_112_18,1.0,0,18,18,1
12,r_67_89_167,r_28_100_185,seq33,r_67_89_167,0.73,1,168,167,1
84,seq136,r_28_100_185,r_163_43_103,r_163_43_103,0.98,82,185,103,1
40,r_168_25_62,seq18,r_38_85_138,r_38_85_138,1.0,10,148,138,2
36,r_92_22_173,r_123_19_134,r_142_96_171,r_92_22_173,0.75,-34,139,173,2
9,r_166_75_10,seq162,r_21_111_135,r_21_111_135,1.0,16,151,135,2
14,r_137_153_12,r_87_4_132,r_43_131_78,r_137_153_12,0.56,121,133,12,2
8,r_40_118_128,seq124,r_140_121_22,r_40_118_128,1.0,0,128,128,2
54,r_94_115_17,r_145_16_110,seq44,r_94_115_17,0.71,0,17,17,2
75,seq11,seq138,r_169_2_18,r_169_2_18,0.92,2,20,18,2
90,seq86,r_54_68_50,r_156_49_9,r_54_68_50,1.0,0,50,50,2
59,r_158_88_118,r_21_111_135,seq97,r_21_111_135,1.0,-17,118,135,2
68,r_151_154_153,r_1_133_91,seq18,r_151_154_153,0.94,1,154,153,2
66,r_14_148_37,r_57_165_61,r_102_112_30,r_14_148_37,1.0,0,37,37,2
1,r_141_69_191,r_122_78_48,r_167_5_126,r_167_5_126,1.0,40,166,126,2
7,r_93_159_151,r_39_157_29,seq11,r_93_159_151,0.66,0,151,151,2
31,r_128_107_27,r_145_16_110,seq83,r_145_16_110,0.84,-81,29,110,2
69,r_95_23_70,r_93_159_151,r_37_41_44,r_37_41_44,1.0,29,73,44,2
45,r_17_160_97,seq83,r_58_82_77,r_17_160_97,1.0,0,97,97,2
89,seq84,r_66_132_94,r_106_164_101,r_106_164_101,0.99,0,101,101,2
23,r_37_41_44,r_91_47_192,seq138,r_37_41_44,1.0,0,44,44,2
19,r_163_101_127,r_8_42_148,r_73_114_164,r_163_101_127,0.8,0,127,127,2
41,r_140_121_22,r_128_107_27,r_147_146_185,r_140_121_22,1.0,0,22,22,2
16,r_39_157_29,r_77_12_89,r_93_159_151,r_39_157_29,1.0,0,29,29,2
3,r_66_132_94,r_93_159_151,r_128_107_27,r_66_132_94,0.75,-1,93,94,2
17,r_64_20_39,r_87_4_132,r_166_75_10,r_64_20_39,1.0,1,40,39,2
67,r_51_139_28,r_163_101_127,r_105_32_107,r_51_139_28,1.0,0,28,28,2
37,r_81_79_137,r_6_27_139,seq15,r_81_79_137,0.52,-78,59,137,2
11,r_33_125_41,seq138,seq134,r_33_125_41,1.0,0,41,41,2
16,r_39_157_29,r_93_159_151,r_106_164_101,r_106_164_101,1.0,50,151,101,2
4,r_70_120_83,seq71,r_59_3_3,r_70_120_83,1.0,0,83,83,2
0,r_122_78_48,r_46_126_116,r_53_29_51,r_53_29_51,1.0,17,68,51,2
13,r_59_3_3,r_109_98_117,r_70_120_83,r_59_3_3,0.85,96,99,3,2
15,r_31_117_145,r_73_114_164,seq71,r_31_117_145,0.87,1,146,145,2
48,r_61_34_157,r_73_114_164,seq89,r_61_34_157,0.78,0,157,157,2
57,r_87_4_132,r_137_153_12,r_77_12_89,r_87_4_132,0.96,1,133,132,2
6,r_58_82_77,r_103_76_150,r_122_78_48,r_58_82_77,0.52,-40,37,77,2
52,r_147_146_185,r_39_157_29,r_140_121_22,r_147_146_185,0.99,-161,24,185,2
62,r_1_133_91,r_10_56_181,r_119_99_26,r_1_133_91,1.0,2,93,91,2
2,r_21_111_135,r_122_78_48,r_166_75_10,r_21_111_135,1.0,0,135,135,2
99,seq124,r_40_118_128,seq15,r_40_118_128,0.86,0,128,128,2
52,r_147_146_185,r_140_121_22,r_57_165_61,r_140_121_22,0.4,163,185,22,2
39,r_62_149_34,seq9,r_166_75_10,r_62_149_34,0.73,1,35,34,2
22,r_119_99_26,r_8_42_148,r_1_133_91,r_1_133_91,0.71,58,149,91,2
2,r_21_111_135,r_37_41_44,r_122_78_48,r_37_41_44,1.0,0,44,44,2
41,r_140_121_22,r_147_146_185,r_40_118_128,r_40_118_128,1.0,57,185,128,2
47,r_145_16_110,seq162,r_108_63_112,r_145_16_110,0.88,2,112,110,2
40,r_168_25_62,r_6_27_139,seq18,r_168_25_62,0.99,0,62,62,2
46,r_102_112_30,seq74,r_105_32_107,r_102_112_30,1.0,0,30,30,2
19,r_163_101_127,r_73_114_164,r_77_12_89,r_73_114_164,0.77,0,164,164,2
24,r_167_5_126,r_10_56_181,r_50_48_92,r_167_5_126,0.62,0,126,126,2
49,r_156_49_9,r_62_149_34,seq86,r_156_49_9,0.54,1,10,9,2
33,r_46_126_116,r_24_60_186,r_136_7_193,r_24_60_186,0.6,-66,120,186,2
42,r_143_155_47,r_106_164_101,seq135,r_143_155_47,1.0,0,47,47,2
88,seq83,r_17_160_97,r_66_132_94,r_17_160_97,0.87,0,97,97,2
28,r_144_26_45,r_167_5_126,seq113,r_144_26_45,1.0,1,46,45,2
58,r_105_32_107,r_145_16_110,r_102_112_30,r_105_32_107,0.99,-9,98,107,2
6,r_58_82_77,r_122_78_48,r_17_160_97,r_17_160_97,1.0,2,99,97,2
65,r_109_98_117,r_59_3_3,seq74,r_109_98_117,0.99,0,117,117,2
68,r_151_154_153,r_8_42_148,r_1_133_91,r_1_133_91,1.0,48,139,91,2
42,r_143_155_47,seq135,r_77_12_89,r_77_12_89,1.0,22,111,89,2
61,r_123_19_134,r_92_22_173,r_37_41_44,r_37_41_44,1.0,91,135,44,2
32,r_57_165_61,r_35_127_182,r_30_67_13,r_57_165_61,1.0,0,61,61,2
35,r_30_67_13,r_70_120_83,r_57_165_61,r_70_120_83,0.75,-70,13,83,2
34,r_35_127_182,seq152,r_51_139_28,r_51_139_28,0.45,155,183,28,2
60,r_50_48_92,seq18,r_136_7_193,r_50_48_92,0.99,0,92,92,2
81,seq162,r_145_16_110,r_166_75_10,r_145_16_110,0.95,-51,59,110,2
10,r_65_36_35,r_91_47_192,seq0,r_65_36_35,1.0,0,35,35,2
9,r_166_75_10,r_54_68_50,seq162,r_166_75_10,0.97,0,10,10,2
37,r_81_79_137,seq15,r_167_5_126,r_167_5_126,1.0,14,140,126,2
56,r_108_63_112,r_73_114_164,r_145_16_110,r_108_63_112,0.99,0,112,112,2
7,r_93_159_151,r_95_23_70,r_39_157_29,r_93_159_151,0.78,-78,73,151,2
44,r_10_56_181,seq55,r_122_78_48,r_10_56_181,0.54,2,183,181,2
63,r_53_29_51,r_17_160_97,r_122_78_48,r_122_78_48,0.84,3,51,48,2
22,r_119_99_26,r_64_20_39,r_8_42_148,r_64_20_39,1.0,-10,29,39,2
12,r_43_131_78,seq28,seq71,r_43_131_78,0.73,1,79,78,2
64,r_54_68_50,seq86,seq18,r_54_68_50,1.0,0,50,50,2
84,seq55,r_10_56_181,r_8_42_148,r_8_42_148,0.63,35,183,148,2
40,r_95_24_34,seq74,r_97_134_96,r_97_134_96,1.0,6,102,96,3
51,r_13_93_175,r_106_41_129,r_124_5_193,r_13_93_175,0.72,-39,136,175,3
36,r_47_117_106,seq51,r_151_53_77,r_47_117_106,0.78,0,106,106,3
15,r_16_105_14,r_103_15_78,seq55,r_16_105_14,0.99,0,14,14,3
8,r_4_111_111,seq167,r_151_53_77,r_151_53_77,1.0,33,110,77,3
53,r_68_65_67,seq72,r_98_87_19,r_68_65_67,0.98,1,68,67,3
61,r_148_83_10,r_126_159_8,seq129,r_148_83_10,0.82,4,14,10,3
21,r_22_114_15,r_84_164_187,r_123_35_61,r_22_114_15,0.92,0,15,15,3
37,r_42_119_130,r_142_32_86,r_116_39_23,r_142_32_86,0.98,-17,69,86,3
20,r_86_27_26,r_30_14_172,r_116_39_23,r_86_27_26,0.99,0,26,26,3
98,seq118,r_127_133_68,r_143_29_16,r_143_29_16,0.85,0,16,16,3
40,r_95_24_34,r_12_69_160,seq74,r_95_24_34,0.78,1,35,34,3
55,r_43_60_177,r_128_19_135,seq76,r_43_60_177,0.51,0,177,177,3
1,r_160_80_183,r_112_139_127,r_47_117_106,r_160_80_183,0.97,-56,127,183,3
5,r_77_31_152,seq55,seq150,r_77_31_152,0.79,1,153,152,3
46,r_45_59_139,seq155,seq150,r_45_59_139,0.99,0,139,139,3
42,r_23_94_180,seq147,r_79_82_85,r_79_82_85,0.98,95,180,85,3
25,r_123_35_61,r_22_114_15,r_128_19_135,r_123_35_61,1.0,0,61,61,3
80,seq155,r_45_59_139,r_11_63_2,r_45_59_139,1.0,0,139,139,3
69,r_157_0_165,r_103_15_78,r_22_114_15,r_103_15_78,0.94,0,78,78,3
45,r_156_7_198,r_153_36_91,r_145_169_54,r_156_7_198,1.0,-107,91,198,3
19,r_153_36_91,r_156_7_198,r_123_35_61,r_153_36_91,0.95,0,91,91,3
33,r_21_122_45,r_6_54_108,r_18_48_9,r_6_54_108,1.0,3,111,108,3
41,r_112_139_127,r_160_80_183,seq147,r_112_139_127,0.93,0,127,127,3
67,r_66_138_90,seq141,r_161_56_28,r_66_138_90,0.97,0,90,90,3
31,r_116_39_23,r_102_46_72,seq129,r_116_39_23,0.46,-2,21,23,3
3,r_127_133_68,r_121_166_192,seq72,r_127_133_68,0.98,0,68,68,3
10,r_38_33_88,r_43_60_177,r_86_27_26,r_38_33_88,0.97,0,88,88,3
14,r_100_162_21,r_115_17_161,r_142_32_86,r_100_162_21,0.76,0,21,21,3
1,r_160_80_183,r_47_117_106,r_107_73_11,r_160_80_183,0.75,0,183,183,3
26,r_108_101_159,seq85,r_142_32_86,r_142_32_86,1.0,77,163,86,3
48,r_90_49_51,seq129,seq10,r_90_49_51,1.0,1,52,51,3
14,r_100_162_21,r_142_32_86,r_116_39_23,r_142_32_86,1.0,0,86,86,3
78,seq152,r_131_81_194,r_8_109_101,r_8_109_101,1.0,8,109,101,3
63,r_75_91_82,seq120,r_100_162_21,r_75_91_82,0.95,0,82,82,3
59,r_131_81_194,seq152,r_107_73_11,r_107_73_11,0.96,41,52,11,3
13,r_151_53_77,seq10,r_4_111_111,r_151_53_77,1.0,0,77,77,3
56,r_98_87_19,r_121_166_192,r_68_65_67,r_68_65_67,1.0,69,136,67,3
57,r_28_20_141,seq50,r_4_111_111,r_28_20_141,0.93,0,141,141,3
6,r_130_104_126,r_128_19_135,r_3_2_66,r_130_104_126,1.0,0,126,126,3
62,r_102_46_72,r_66_138_90,seq51,r_66_138_90,0.53,-14,76,90,3
40,r_95_24_34,r_97_134_96,r_30_14_172,r_30_14_172,0.97,4,176,172,3
74,seq141,r_84_164_187,r_92_88_162,r_92_88_162,0.72,3,165,162,3
85,seq51,r_47_117_106,r_102_46_72,r_47_117_106,0.75,0,106,106,3
52,r_97_134_96,r_95_24_34,r_12_69_160,r_12_69_160,1.0,16,176,160,3
33,r_21_122_45,r_121_166_192,r_6_54_108,r_21_122_45,0.81,1,46,45,3
12,r_64_9_27,r_3_2_66,seq50,r_64_9_27,1.0,1,28,27,3
91,seq71,r_108_101_159,r_142_32_86,r_142_32_86,1.0,1,87,86,3
69,r_157_0_165,r_22_114_15,r_92_88_162,r_157_0_165,0.66,0,165,165,3
47,r_165_25_53,r_102_46_72,r_4_111_111,r_165_25_53,1.0,0,53,53,3
74,seq141,r_66_138_90,r_84_164_187,r_66_138_90,0.87,7,97,90,3
18,r_37_132_168,r_128_19_135,r_106_41_129,r_37_132_168,0.62,0,168,168,3
23,r_125_70_17,r_68_65_67,seq152,r_125_70_17,0.98,0,17,17,3
24,r_26_144_184,r_124_5_193,r_127_133_68,r_124_5_193,0.24,-9,184,193,3
64,r_146_168_186,seq150,r_145_169_54,r_145_169_54,1.0,135,189,54,3
47,r_165_25_53,r_4_111_111,r_3_2_66,r_165_25_53,0.58,61,114,53,3
50,r_8_109_101,seq120,seq152,r_8_109_101,0.94,0,101,101,3
0,r_145_169_54,seq149,r_113_61_150,r_145_169_54,1.0,0,54,54,3
65,r_103_15_78,r_157_0_165,r_143_29_16,r_103_15_78,1.0,0,78,78,3
20,r_86_27_26,r_116_39_23,r_38_33_88,r_38_33_88,1.0,36,124,88,3
68,r_92_88_162,r_37_132_168,r_126_159_8,r_126_159_8,0.62,62,70,8,3
91,seq71,r_143_29_16,r_108_101_159,r_143_29_16,0.89,0,16,16,3
32,r_30_14_172,seq74,r_95_24_34,r_95_24_34,0.98,143,177,34,3
38,r_128_19_135,r_130_104_126,r_123_35_61,r_128_19_135,0.64,-9,126,135,3
52,r_97_134_96,r_121_166_192,r_95_24_34,r_97_134_96,0.96,0,96,96,3
77,seq150,r_146_168_186,r_77_31_152,r_77_31_152,0.99,37,189,152,3
54,r_161_56_28,r_130_104_126,r_126_159_8,r_130_104_126,0.53,-89,37,126,3
68,r_92_88_162,r_126_159_8,seq141,r_92_88_162,0.51,4,166,162,3
34,r_142_32_86,r_42_119_130,seq71,r_142_32_86,1.0,0,86,86,3
25,r_123_35_61,r_103_15_78,r_22_114_15,r_22_114_15,0.96,6,21,15,3
16,r_6_54_108,seq149,r_21_122_45,r_6_54_108,0.5,-49,59,108,3
75,seq147,r_12_69_160,r_123_35_61,r_123_35_61,0.99,99,160,61,3
21,r_22_114_15,r_157_0_165,r_4_111_111,r_22_114_15,0.71,152,167,15,3
29,r_44_96_48,r_108_101_159,seq78,r_44_96_48,1.0,0,48,48,3
60,r_79_82_85,seq34,r_161_56_28,r_79_82_85,1.0,2,87,85,3
16,r_6_54_108,r_21_122_45,r_126_159_8,r_6_54_108,1.0,3,111,108,3
94,seq76,seq129,r_100_162_21,r_100_162_21,0.94,60,81,21,3
39,r_107_73_11,r_16_105_14,r_131_81_194,r_131_81_194,1.0,-183,11,194,3
9,r_106_41_129,r_13_93_175,r_137_99_74,r_106_41_129,0.97,0,129,129,3
21,r_22_114_15,r_123_35_61,r_157_0_165,r_123_35_61,1.0,0,61,61,3
37,r_42_119_130,r_116_39_23,r_68_65_67,r_42_119_130,0.93,10,140,130,3
56,r_98_87_19,seq71,r_121_166_192,r_98_87_19,0.66,1,20,19,3
22,r_12_69_160,r_23_94_180,r_97_134_96,r_23_94_180,0.9,-20,160,180,3
28,r_121_166_192,r_97_134_96,r_98_87_19,r_97_134_96,0.88,-35,61,96,3
4,r_143_29_16,seq71,seq118,r_143_29_16,0.99,0,16,16,3
49,r_67_1_58,r_113_61_150,seq154,r_67_1_58,1.0,1,59,58,3
7,r_3_2_66,r_153_36_91,seq150,r_3_2_66,0.99,0,66,66,3
44,r_158_110_81,r_28_20_141,r_116_39_23,r_158_110_81,0.67,1,82,81,3
58,r_40_135_38,r_145_169_54,seq120,r_40_135_38,0.73,0,38,38,3
40,r_66_63_158,r_87_167_71,r_70_37_17,r_66_63_158,0.91,1,159,158,4
44,r_4_117_157,seq44,r_28_3_123,r_28_3_123,0.77,1,124,123,4
51,r_163_86_145,seq112,r_1_103_21,r_163_86_145,0.97,0,145,145,4
38,r_80_60_34,r_81_55_102,r_115_114_15,r_80_60_34,0.91,4,38,34,4
14,r_26_165_100,r_151_33_104,seq73,r_26_165_100,1.0,0,100,100,4
53,r_137_24_130,r_157_109_187,r_8_20_56,r_137_24_130,1.0,0,130,130,4
54,r_70_37_17,seq73,r_36_31_109,r_70_37_17,0.91,0,17,17,4
43,r_95_47_82,r_147_116_188,r_5_123_91,r_95_47_82,1.0,0,82,82,4
66,r_134_79_117,r_61_150_168,seq155,r_134_79_117,1.0,1,118,117,4
37,r_35_120_170,seq110,r_108_38_81,r_35_120_170,0.98,0,170,170,4
37,r_35_120_170,r_121_162_144,seq110,r_121_162_144,0.99,0,144,144,4
59,r_83_113_153,r_159_65_189,r_1_103_21,r_83_113_153,0.57,0,153,153,4
16,r_36_31_109,r_11_148_140,seq155,r_36_31_109,0.93,0,109,109,4
21,r_102_71_98,r_5_123_91,seq130,r_102_71_98,0.91,0,98,98,4
1,r_121_162_144,r_35_120_170,r_95_47_82,r_121_162_144,0.94,0,144,144,4
97,seq112,r_163_86_145,r_29_57_93,r_163_86_145,0.82,0,145,145,4
80,seq154,r_81_55_102,seq129,r_81_55_102,1.0,0,102,102,4
69,r_81_55_102,seq154,seq146,r_81_55_102,0.85,0,102,102,4
12,r_16_10_23,seq129,r_111_48_169,r_16_10_23,1.0,0,23,23,4
24,r_157_109_187,r_6_169_14,r_101_18_190,r_157_109_187,0.91,0,187,187,4
19,r_101_18_190,seq154,r_157_109_187,r_157_109_187,0.74,3,190,187,4
65,r_62_138_47,seq130,r_70_37_17,r_62_138_47,1.0,4,51,47,4
49,r_28_3_123,r_4_117_157,r_8_20_56,r_4_117_157,0.93,1,158,157,4
11,r_87_167_71,r_66_63_158,r_93_141_159,r_87_167_71,0.92,87,158,71,4
46,r_166_132_29,seq122,r_6_169_14,r_166_132_29,1.0,0,29,29,4
66,r_134_79_117,r_108_38_81,r_61_150_168,r_108_38_81,1.0,0,81,81,4
30,r_50_53_79,r_133_156_22,seq90,r_50_53_79,0.95,1,80,79,4
31,r_88_69_146,r_131_142_87,r_72_98_119,r_88_69_146,0.53,0,146,146,4
3,r_29_57_93,seq15,seq112,r_29_57_93,0.68,17,110,93,4
2,r_17_22_24,r_8_20_56,r_127_84_44,r_8_20_56,0.66,4,60,56,4
90,seq45,r_164_54_135,seq154,r_164_54_135,1.0,1,136,135,4
26,r_6_169_14,r_160_119_57,r_28_3_123,r_6_169_14,0.89,0,14,14,4
63,r_64_49_99,r_111_48_169,seq139,r_64_49_99,0.99,0,99,99,4
11,r_87_167_71,r_67_118_2,r_66_63_158,r_87_167_71,0.78,5,76,71,4
20,r_19_125_49,seq135,r_8_20_56,r_8_20_56,0.84,4,60,56,4
36,r_92_126_20,r_137_24_130,r_68_76_126,r_92_126_20,1.0,0,20,20,4
15,r_94_82_139,seq152,seq73,r_94_82_139,0.95,0,139,139,4
48,r_72_98_119,r_101_18_190,r_58_89_4,r_72_98_119,0.54,0,119,119,4
30,r_50_53_79,r_160_119_57,r_133_156_22,r_50_53_79,0.79,-27,52,79,4
57,r_56_40_68,seq75,r_160_119_57,r_56_40_68,1.0,-4,64,68,4
6,r_159_65_189,r_83_113_153,r_94_82_139,r_94_82_139,0.98,14,153,139,4
62,r_93_141_159,r_5_123_91,seq110,r_5_123_91,0.53,68,159,91,4
22,r_133_156_22,r_19_125_49,r_67_118_2,r_133_156_22,1.0,0,22,22,4
33,r_96_13_186,seq122,r_36_31_109,r_96_13_186,0.7,0,186,186,4
6,r_159_65_189,r_94_82_139,r_17_22_24,r_159_65_189,0.78,0,189,189,4
40,r_66_63_158,seq110,r_87_167_71,r_66_63_158,0.6,-75,83,158,4
74,seq139,seq122,r_64_49_99,r_64_49_99,1.0,11,110,99,4
47,r_8_20_56,r_87_167_71,r_19_125_49,r_8_20_56,1.0,0,56,56,4
29,r_147_116_188,r_95_47_82,r_108_38_81,r_147_116_188,0.96,-106,82,188,4
24,r_157_109_187,r_28_3_123,r_6_169_14,r_28_3_123,0.75,0,123,123,4
25,r_23_59_173,r_157_109_187,r_46_128_156,r_23_59_173,0.47,0,173,173,4
33,r_96_13_186,r_52_21_197,r_147_116_188,r_147_116_188,0.39,-120,68,188,4
64,r_151_33_104,r_26_165_100,r_67_118_2,r_151_33_104,0.91,-2,102,104,4
50,r_108_38_81,r_134_79_117,r_147_116_188,r_108_38_81,0.82,0,81,81,4
58,r_99_85_64,seq110,r_5_123_91,r_99_85_64,0.99,0,64,64,4
68,r_61_150_168,r_134_79_117,r_8_20_56,r_61_150_168,0.92,-75,93,168,4
32,r_131_142_87,r_29_57_93,r_88_69_146,r_131_142_87,0.82,5,92,87,4
52,r_74_158_134,r_115_114_15,r_164_54_135,r_115_114_15,0.5,120,135,15,4
32,r_131_142_87,r_88_69_146,r_28_3_123,r_88_69_146,0.81,0,146,146,4
68,r_61_150_168,r_8_20_56,seq30,r_8_20_56,0.9,112,168,56,4
27,r_160_119_57,r_50_53_79,r_5_123_91,r_160_119_57,0.97,1,58,57,4
34,r_164_54_135,seq45,r_74_158_134,r_164_54_135,0.77,1,136,135,4
2,r_17_22_24,r_36_31_109,r_8_20_56,r_17_22_24,0.98,1,25,24,4
35,r_127_84_44,r_102_71_98,seq152,r_127_84_44,0.57,0,44,44,4
54,r_70_37_17,r_36_31_109,r_62_138_47,r_70_37_17,0.6,51,68,17,4
44,r_4_117_157,r_28_3_123,r_1_103_21,r_4_117_157,0.95,1,158,157,4
33,r_96_13_186,r_147_116_188,r_61_150_168,r_96_13_186,0.61,-89,97,186,4
7,r_1_103_21,r_102_71_98,r_111_48_169,r_1_103_21,1.0,0,21,21,4
17,r_2_161_118,seq90,r_58_89_4,r_2_161_118,0.68,0,118,118,4
9,r_11_148_140,r_70_37_17,r_164_54_135,r_11_148_140,0.78,0,140,140,4
9,r_11_148_140,r_36_31_109,r_70_37_17,r_11_148_140,0.85,-31,109,140,4
26,r_6_169_14,r_28_3_123,r_166_132_29,r_6_169_14,0.46,109,123,14,4
33,r_96_13_186,r_61_150_168,seq122,r_96_13_186,0.71,-58,128,186,4
50,r_108_38_81,r_147_116_188,r_35_120_170,r_108_38_81,0.83,101,182,81,4
96,seq110,r_35_120_170,r_93_141_159,r_35_120_170,0.55,-5,165,170,4
29,r_147_116_188,r_108_38_81,r_102_71_98,r_108_38_81,0.36,107,188,81,4
28,r_145_104_122,r_11_148_140,seq129,r_145_104_122,0.59,0,122,122,4
91,seq73,r_159_65_189,r_26_165_100,r_26_165_100,1.0,12,112,100,4
5,r_111_48_169,r_64_49_99,r_16_10_23,r_16_10_23,0.6,4,27,23,4
49,r_28_3_123,r_157_109_187,r_4_117_157,r_28_3_123,0.84,0,123,123,4
56,r_32_149_174,r_78_107_179,r_1_103_21,r_32_149_174,0.59,0,174,174,4
60,r_77_136_16,r_106_0_162,seq140,r_77_136_16,0.98,2,18,16,4
27,r_160_119_57,r_5_123_91,r_56_40_68,r_160_119_57,0.68,53,110,57,4
82,seq30,r_106_0_162,r_61_150_168,r_106_0_162,0.74,0,162,162,4
8,r_25_14_13,r_147_116_188,seq154,r_25_14_13,1.0,0,13,13,4
93,seq76,seq64,r_123_27_167,r_123_27_167,0.65,1,168,167,5
8,r_85_117_74,r_29_68_130,r_118_149_1,r_85_117_74,1.0,0,74,74,5
53,r_101_116_138,seq144,seq66,r_101_116_138,0.92,0,138,138,5
54,r_71_57_119,r_8_148_139,r_72_0_59,r_72_0_59,1.0,94,153,59,5
83,seq161,r_115_65_140,r_2_84_114,r_2_84_114,0.63,6,120,114,5
37,r_2_84_114,r_8_148_139,seq161,r_2_84_114,0.82,0,114,114,5
3,r_159_86_38,r_147_33_155,r_142_70_109,r_142_70_109,0.92,47,156,109,5
72,seq132,r_159_86_38,r_61_137_107,r_159_86_38,1.0,0,38,38,5
55,r_12_87_153,r_101_116_138,r_3_14_68,r_3_14_68,0.98,5,73,68,5
71,seq131,r_77_146_166,seq64,r_77_146_166,0.92,0,166,166,5
39,r_119_157_96,r_123_27_167,seq5,r_119_157_96,1.0,0,96,96,5
16,r_22_26_26,r_130_153_65,seq144,r_22_26_26,1.0,0,26,26,5
14,r_130_153_65,r_97_17_42,r_99_150_14,r_130_153_65,0.67,-21,44,65,5
5,r_90_21_145,r_43_81_181,r_56_139_113,r_90_21_145,0.85,0,145,145,5
46,r_3_14_68,r_147_33_155,r_12_87_153,r_3_14_68,1.0,0,68,68,5
10,r_31_110_45,r_11_25_135,seq133,r_31_110_45,1.0,0,45,45,5
32,r_18_154_32,r_127_102_198,r_71_57_119,r_18_154_32,0.97,3,35,32,5
11,r_91_52_19,r_166_165_154,seq54,r_166_165_154,1.0,-8,146,154,5
38,r_127_102_198,r_18_154_32,r_159_86_38,r_159_86_38,0.83,2,40,38,5
66,r_123_27_167,r_93_53_3,seq76,r_93_53_3,0.8,164,167,3,5
31,r_152_94_60,r_11_25_135,seq50,r_152_94_60,0.97,0,60,60,5
67,r_89_124_116,r_121_162_199,seq158,r_89_124_116,0.62,0,116,116,5
89,seq54,r_166_165_154,r_56_139_113,r_56_139_113,0.89,33,146,113,5
26,r_30_164_76,r_51_168_100,seq23,r_30_164_76,0.99,0,76,76,5
4,r_108_63_141,seq66,r_130_153_65,r_108_63_141,0.96,0,141,141,5
63,r_67_138_111,seq83,r_61_137_107,r_67_138_111,1.0,1,112,111,5
73,seq5,seq133,r_119_157_96,r_119_157_96,1.0,15,111,96,5
65,r_43_81_181,r_136_128_136,r_142_70_109,r_43_81_181,0.95,0,181,181,5
20,r_42_62_61,seq50,r_151_35_51,r_42_62_61,0.94,0,61,61,5
69,r_97_17_42,r_130_153_65,seq114,r_97_17_42,0.99,2,44,42,5
13,r_9_34_184,seq143,r_56_139_113,r_9_34_184,0.28,0,184,184,5
46,r_3_14_68,r_12_87_153,r_42_62_61,r_12_87_153,1.0,0,153,153,5
15,r_80_60_86,r_61_137_107,r_130_153_65,r_80_60_86,1.0,0,86,86,5
48,r_77_146_166,seq131,r_127_102_198,r_77_146_166,0.6,0,166,166,5
62,r_151_35_51,r_123_27_167,r_3_14_68,r_3_14_68,0.67,49,117,68,5
11,r_91_52_19,seq44,r_166_165_154,r_91_52_19,0.68,2,21,19,5
85,seq167,r_15_112_172,r_11_25_135,r_11_25_135,0.91,12,147,135,5
19,r_73_122_34,r_11_25_135,r_151_35_51,r_73_122_34,0.96,0,34,34,5
87,seq45,r_147_33_155,r_142_70_109,r_142_70_109,0.99,31,140,109,5
14,r_130_153_65,r_99_150_14,seq50,r_130_153_65,0.59,-4,61,65,5
61,r_37_145_11,r_134_104_189,seq167,r_37_145_11,0.97,0,11,11,5
2,r_7_59_73,r_15_112_172,r_8_148_139,r_7_59_73,1.0,0,73,73,5
18,r_79_49_99,seq24,r_58_105_30,r_79_49_99,1.0,0,99,99,5
29,r_38_92_171,seq66,r_41_32_6,r_41_32_6,0.7,167,173,6,5
25,r_147_33_155,r_156_6_95,r_159_86_38,r_159_86_38,0.56,38,76,38,5
43,r_99_150_14,seq74,r_111_163_163,r_99_150_14,0.35,152,166,14,5
33,r_8_148_139,r_71_57_119,r_7_59_73,r_7_59_73,1.0,80,153,73,5
70,seq129,r_160_169_4,r_61_137_107,r_61_137_107,0.47,4,111,107,5
50,r_115_65_140,r_9_34_184,r_93_53_3,r_115_65_140,0.97,3,143,140,5
58,r_61_137_107,r_29_68_130,seq132,r_29_68_130,0.92,-21,109,130,5
65,r_43_81_181,r_90_21_145,r_136_128_136,r_90_21_145,0.87,0,145,145,5
68,r_156_6_95,r_147_33_155,r_7_59_73,r_7_59_73,0.63,24,97,73,5
77,seq143,r_9_34_184,r_147_33_155,r_147_33_155,0.81,29,184,155,5
64,r_72_0_59,r_67_138_111,r_18_154_32,r_72_0_59,1.0,0,59,59,5
34,r_107_69_129,r_108_63_141,seq129,r_107_69_129,0.95,0,129,129,5
43,r_99_150_14,r_30_164_76,seq74,r_99_150_14,0.93,-1,13,14,5
17,r_55_95_190,r_121_162_199,r_82_46_31,r_82_46_31,1.0,159,190,31,5
25,r_147_33_155,r_159_86_38,seq143,r_147_33_155,0.96,1,156,155,5
9,r_29_68_130,seq140,seq66,r_29_68_130,1.0,0,130,130,5
22,r_75_120_69,r_79_49_99,r_31_110_45,r_31_110_45,0.98,24,69,45,5
28,r_82_46_31,r_121_162_199,seq83,r_82_46_31,0.97,0,31,31,5
91,seq66,r_108_63_141,seq88,r_108_63_141,0.98,0,141,141,5
41,r_4_103_48,r_67_138_111,r_93_53_3,r_4_103_48,1.0,0,48,48,5
49,r_15_112_172,seq167,r_141_126_7,r_15_112_172,0.61,0,172,172,5
57,r_47_78_8,r_37_145_11,r_38_92_171,r_37_145_11,0.75,10,21,11,5
56,r_166_165_154,seq54,r_2_84_114,r_166_165_154,0.9,0,154,154,5
7,r_11_25_135,seq114,seq167,r_11_25_135,0.99,2,137,135,5
44,r_13_1_106,r_90_21_145,r_7_59_73,r_90_21_145,1.0,-39,106,145,5
23,r_40_155_17,r_98_28_142,r_51_168_100,r_51_168_100,0.72,45,145,100,5
82,seq133,seq5,r_31_110_45,r_31_110_45,1.0,66,111,45,5
35,r_98_28_142,r_51_168_100,r_89_124_116,r_89_124_116,0.65,25,141,116,5
3,r_159_86_38,seq132,r_147_33_155,r_159_86_38,1.0,0,38,38,5
55,r_12_87_153,r_3_14_68,r_61_137_107,r_12_87_153,1.0,0,153,153,5
93,seq94,r_61_69_117,r_72_142_67,r_61_69_117,0.89,0,117,117,6
30,r_77_122_129,r_159_150_147,r_125_156_90,r_159_150_147,0.92,-18,129,147,6
51,r_96_59_86,r_159_150_147,seq152,r_96_59_86,1.0,0,86,86,6
36,r_129_13_163,r_74_3_165,seq54,r_129_13_163,0.95,0,163,163,6
60,r_108_30_55,seq147,r_116_155_24,r_108_30_55,1.0,0,55,55,6
8,r_61_69_117,seq94,r_163_101_118,r_61_69_117,1.0,1,118,117,6
53,r_163_101_118,r_90_106_130,r_61_69_117,r_163_101_118,0.87,0,118,118,6
43,r_28_157_108,r_164_21_181,seq153,r_28_157_108,0.89,0,108,108,6
14,r_38_11_44,seq16,seq5,r_38_11_44,0.92,1,45,44,6
54,r_146_114_82,r_160_91_136,r_165_67_80,r_146_114_82,1.0,0,82,82,6
37,r_140_95_188,seq151,r_64_55_155,r_64_55_155,0.95,33,188,155,6
12,r_125_156_90,seq104,r_77_122_129,r_77_122_129,1.0,10,139,129,6
59,r_78_42_92,seq152,r_44_81_40,r_78_42_92,1.0,0,92,92,6
55,r_158_82_113,r_43_32_166,seq1,r_158_82_113,0.91,0,113,113,6
16,r_56_128_111,r_74_3_165,r_145_102_150,r_56_128_111,0.69,6,117,111,6
21,r_124_126_70,seq37,seq152,r_124_126_70,1.0,1,71,70,6
35,r_43_32_166,r_40_33_95,r_12_135_127,r_43_32_166,0.96,0,166,166,6
46,r_154_46_99,seq152,r_98_117_34,r_98_117_34,0.36,65,99,34,6
12,r_125_156_90,r_141_7_31,r_17_121_115,r_141_7_31,0.82,-1,30,31,6
69,r_20_123_168,seq148,r_163_101_118,r_20_123_168,0.65,0,168,168,6
32,r_44_81_40,seq111,r_78_42_92,r_78_42_92,1.0,22,114,92,6
95,seq104,seq166,r_125_156_90,r_125_156_90,1.0,7,97,90,6
32,r_44_81_40,r_66_83_146,seq111,r_44_81_40,0.95,2,42,40,6
19,r_75_162_52,r_74_3_165,r_144_26_198,r_75_162_52,0.74,0,52,52,6
76,seq16,r_100_23_157,r_98_117_34,r_98_117_34,1.0,71,105,34,6
16,r_56_128_111,r_145_102_150,r_159_150_147,r_159_150_147,0.87,0,147,147,6
39,r_62_87_8,r_53_109_125,r_165_67_80,r_62_87_8,0.89,117,125,8,6
31,r_90_106_130,r_163_101_118,r_110_18_88,r_110_18_88,0.96,30,118,88,6
41,r_161_131_172,seq36,r_163_101_118,r_161_131_172,0.79,0,172,172,6
67,r_120_0_66,r_140_95_188,seq111,r_120_0_66,0.97,2,68,66,6
90,seq31,r_132_6_183,r_85_50_84,r_85_50_84,1.0,14,98,84,6
45,r_136_35_16,seq57,seq151,r_136_35_16,0.99,0,16,16,6
26,r_19_15_134,r_64_55_155,r_72_142_67,r_19_15_134,0.99,0,134,134,6
78,seq148,r_20_123_168,r_141_7_31,r_141_7_31,0.57,137,168,31,6
0,r_110_18_88,seq94,seq147,r_110_18_88,1.0,0,88,88,6
63,r_80_113_91,r_105_58_49,seq37,r_105_58_49,0.78,12,61,49,6
96,seq107,r_145_102_150,r_141_7_31,r_141_7_31,1.0,13,44,31,6
98,seq118,r_19_15_134,r_71_86_78,r_71_86_78,0.61,47,125,78,6
32,r_44_81_40,r_116_155_24,r_66_83_146,r_116_155_24,0.62,-6,18,24,6
15,r_66_83_146,seq1,r_52_84_116,r_66_83_146,0.73,0,146,146,6
48,r_72_142_67,r_144_26_198,seq94,r_72_142_67,0.88,0,67,67,6
12,r_125_156_90,r_17_121_115,seq104,r_125_156_90,0.84,0,90,90,6
52,r_116_155_24,r_44_81_40,r_74_3_165,r_74_3_165,0.95,-141,24,165,6
6,r_165_67_80,seq147,r_62_87_8,r_165_67_80,1.0,0,80,80,6
31,r_90_106_130,r_40_33_95,r_139_27_143,r_90_106_130,0.5,45,175,130,6
5,r_74_3_165,r_116_155_24,seq147,r_74_3_165,0.93,0,165,165,6
52,r_116_155_24,r_74_3_165,r_12_135_127,r_116_155_24,0.62,141,165,24,6
63,r_80_113_91,seq37,r_108_30_55,r_80_113_91,0.86,-2,89,91,6
49,r_88_51_21,r_60_41_79,seq151,r_88_51_21,0.83,-9,12,21,6
10,r_132_6_183,r_4_63_50,r_40_33_95,r_40_33_95,0.75,88,183,95,6
27,r_167_9_56,r_110_18_88,seq130,r_167_9_56,0.68,5,61,56,6
2,r_71_86_78,seq130,seq118,r_71_86_78,1.0,0,78,78,6
47,r_64_55_155,r_47_48_177,seq152,r_64_55_155,0.62,0,155,155,6
40,r_138_99_154,r_132_6_183,r_72_142_67,r_138_99_154,0.99,0,154,154,6
29,r_145_102_150,r_20_123_168,seq37,r_145_102_150,0.71,1,151,150,6
66,r_98_117_34,seq57,seq16,r_98_117_34,0.99,0,34,34,6
10,r_132_6_183,seq31,r_4_63_50,r_4_63_50,1.0,-1,49,50,6
25,r_85_50_84,seq39,seq31,r_85_50_84,1.0,0,84,84,6
64,r_47_48_177,r_64_55_155,seq134,r_64_55_155,0.8,1,156,155,6
3,r_105_58_49,r_80_113_91,seq5,r_105_58_49,0.92,2,51,49,6
57,r_4_63_50,r_71_86_78,r_132_6_183,r_4_63_50,1.0,0,50,50,6
50,r_40_33_95,r_100_23_157,r_43_32_166,r_40_33_95,0.99,0,95,95,6
58,r_144_26_198,r_72_142_67,r_75_162_52,r_144_26_198,0.92,-131,67,198,6
65,r_100_23_157,seq16,r_12_135_127,r_12_135_127,0.94,31,158,127,6
68,r_79_103_93,r_145_102_150,r_72_142_67,r_79_103_93,0.92,5,98,93,6
42,r_70_115_32,r_160_91_136,r_28_157_108,r_28_157_108,0.99,17,125,108,6
61,r_164_21_181,seq149,r_64_55_155,r_164_21_181,0.38,0,181,181,6
38,r_12_135_127,r_17_121_115,r_24_68_114,r_17_121_115,0.38,0,115,115,6
77,seq147,r_165_67_80,seq57,r_165_67_80,1.0,0,80,80,6
57,r_4_63_50,r_132_6_183,r_61_69_117,r_61_69_117,1.0,66,183,117,6
34,r_65_34_71,r_74_3_165,r_105_58_49,r_65_34_71,0.86,-1,70,71,6
31,r_90_106_130,r_110_18_88,r_40_33_95,r_90_106_130,0.87,0,130,130,6
17,r_139_27_143,seq133,r_90_106_130,r_139_27_143,0.95,0,143,143,6
42,r_70_115_32,seq31,r_160_91_136,r_70_115_32,1.0,1,33,32,6
9,r_60_41_79,r_45_143_76,r_62_87_8,r_60_41_79,0.99,0,79,79,6
50,r_40_33_95,r_43_32_166,r_22_73_158,r_40_33_95,0.85,71,166,95,6
22,r_17_121_115,r_12_135_127,r_167_9_56,r_167_9_56,1.0,59,115,56,6
62,r_53_109_125,r_62_87_8,r_96_59_86,r_53_109_125,0.97,0,125,125,6
28,r_52_84_116,r_19_15_134,r_98_117_34,r_98_117_34,0.94,82,116,34,6
89,seq57,r_136_35_16,seq152,r_136_35_16,0.99,0,16,16,6
56,r_45_143_76,seq166,r_72_142_67,r_45_143_76,0.96,11,87,76,6
44,r_159_150_147,r_43_32_166,r_56_128_111,r_159_150_147,0.51,0,147,147,6
23,r_14_92_104,seq5,seq36,r_14_92_104,0.95,1,105,104,6
38,r_12_135_127,r_24_68_114,r_119_8_65,r_12_135_127,0.96,0,127,127,6
5,r_74_3_165,r_129_13_163,r_116_155_24,r_116_155_24,1.0,0,24,24,6
35,r_43_32_166,r_158_82_113,r_40_33_95,r_43_32_166,0.8,-53,113,166,6
64,r_47_48_177,seq134,r_138_99_154,r_47_48_177,0.86,0,177,177,6
51,r_154_140_183,r_30_25_174,r_63_65_9,r_154_140_183,0.64,-54,129,183,7
66,r_80_78_48,seq128,r_150_117_47,r_150_117_47,1.0,8,55,47,7
8,r_91_163_125,r_42_17_57,r_116_59_129,r_116_59_129,0.72,-66,63,129,7
53,r_148_81_109,r_50_48_80,r_131_85_74,r_131_85_74,0.89,8,82,74,7
36,r_109_93_24,r_38_96_161,r_133_44_119,r_109_93_24,0.99,0,24,24,7
54,r_73_68_65,r_151_35_3,seq51,r_151_35_3,0.52,135,138,3,7
8,r_91_163_125,r_60_57_91,r_22_12_7,r_91_163_125,1.0,1,126,125,7
53,r_148_81_109,r_131_85_74,r_70_89_112,r_148_81_109,0.96,0,109,109,7
55,r_61_77_86,r_159_54_120,r_157_0_139,r_61_77_86,1.0,0,86,86,7
71,seq6,r_60_57_91,seq14,r_60_57_91,1.0,0,91,91,7
86,seq51,r_94_134_148,r_73_68_65,r_94_134_148,0.62,0,148,148,7
21,r_53_47_144,r_137_111_155,r_144_36_115,r_53_47_144,0.82,0,144,144,7
39,r_30_25_174,r_154_140_183,r_107_147_38,r_154_140_183,0.66,-9,174,183,7
1,r_116_59_129,r_43_165_54,r_146_167_14,r_116_59_129,0.45,0,129,129,7
46,r_18_112_126,r_157_0_139,r_22_12_7,r_18_112_126,0.98,0,126,126,7
13,r_150_117_47,seq8,r_33_21_56,r_150_117_47,1.0,1,48,47,7
80,seq161,r_101_83_138,seq136,r_101_83_138,0.98,2,140,138,7
69,r_151_35_3,r_73_68_65,r_146_167_14,r_151_35_3,0.7,65,68,3,7
6,r_63_65_9,r_7_79_137,r_119_162_90,r_63_65_9,0.98,1,10,9,7
19,r_159_54_120,seq156,seq58,r_159_54_120,0.67,1,121,120,7
34,r_133_44_119,r_43_165_54,r_109_93_24,r_109_93_24,1.0,2,26,24,7
31,r_33_21_56,r_115_74_142,r_150_117_47,r_33_21_56,0.72,10,66,56,7
41,r_168_56_180,r_138_13_117,seq136,r_138_13_117,1.0,0,117,117,7
67,r_3_19_122,r_166_72_103,r_63_65_9,r_3_19_122,0.69,-43,79,122,7
3,r_7_79_137,r_70_89_112,r_22_12_7,r_7_79_137,0.94,0,137,137,7
10,r_145_15_96,seq82,r_22_12_7,r_145_15_96,1.0,0,96,96,7
37,r_153_84_59,r_20_99_141,r_141_155_12,r_153_84_59,0.95,0,59,59,7
26,r_122_100_111,r_38_96_161,r_160_127_199,r_122_100_111,1.0,0,111,111,7
44,r_131_85_74,r_148_81_109,r_5_103_107,r_131_85_74,0.7,35,109,74,7
42,r_75_45_15,r_42_17_57,r_4_32_45,r_75_45_15,0.57,36,51,15,7
4,r_62_10_66,seq11,r_90_102_37,r_62_10_66,0.99,6,72,66,7
78,seq158,r_131_85_74,r_157_0_139,r_131_85_74,1.0,-11,63,74,7
11,r_137_111_155,r_53_47_144,r_157_0_139,r_157_0_139,0.47,5,144,139,7
8,r_91_163_125,r_116_59_129,r_60_57_91,r_60_57_91,0.62,3,94,91,7
20,r_94_134_148,seq51,seq88,r_94_134_148,0.96,0,148,148,7
48,r_90_102_37,seq8,r_62_10_66,r_90_102_37,0.99,30,67,37,7
17,r_160_127_199,r_87_9_51,r_149_129_140,r_87_9_51,1.0,0,51,51,7
52,r_124_139_42,r_166_72_103,seq86,r_124_139_42,1.0,0,42,42,7
62,r_166_72_103,r_5_103_107,r_143_16_68,r_166_72_103,1.0,1,104,103,7
89,seq76,seq121,r_1_126_11,r_1_126_11,0.71,27,38,11,7
5,r_43_165_54,r_116_59_129,seq161,r_116_59_129,1.0,1,130,129,7
87,seq58,r_23_132_186,r_159_54_120,r_159_54_120,0.95,31,151,120,7
27,r_130_67_181,seq29,r_133_44_119,r_130_67_181,0.42,0,181,181,7
58,r_24_142_53,r_145_15_96,r_22_12_7,r_22_12_7,0.92,46,53,7,7
51,r_154_140_183,r_63_65_9,r_113_64_146,r_154_140_183,0.81,0,183,183,7
41,r_168_56_180,seq136,seq158,r_168_56_180,0.98,0,180,180,7
47,r_106_120_110,r_135_26_147,seq14,r_106_120_110,1.0,0,110,110,7
60,r_42_17_57,r_62_10_66,r_75_45_15,r_42_17_57,0.68,-31,26,57,7
40,r_52_110_164,seq88,r_55_123_36,r_52_110_164,0.86,0,164,164,7
33,r_1_126_11,r_145_15_96,seq76,r_1_126_11,0.99,0,11,11,7
59,r_4_32_45,r_143_16_68,r_75_45_15,r_4_32_45,1.0,0,45,45,7
25,r_69_104_77,seq88,seq98,r_69_104_77,1.0,0,77,77,7
43,r_87_9_51,r_63_65_9,seq37,r_63_65_9,0.56,118,127,9,7
64,r_70_89_112,seq136,r_148_81_109,r_148_81_109,0.99,36,145,109,7
65,r_55_123_36,r_154_140_183,r_38_96_161,r_55_123_36,0.6,147,183,36,7
50,r_60_57_91,seq6,seq11,r_60_57_91,1.0,0,91,91,7
70,seq128,r_80_78_48,r_143_16_68,r_143_16_68,1.0,3,71,68,7
45,r_146_167_14,r_137_111_155,r_122_100_111,r_146_167_14,1.0,1,15,14,7
2,r_143_16_68,r_4_32_45,seq128,r_143_16_68,0.99,-20,48,68,7
6,r_63_65_9,r_119_162_90,r_55_123_36,r_63_65_9,0.57,81,90,9,7
91,seq86,seq41,r_124_139_42,r_124_139_42,1.0,0,42,42,7
18,r_27_108_55,r_159_54_120,r_150_117_47,r_27_108_55,1.0,0,55,55,7
68,r_5_103_107,r_3_19_122,r_131_85_74,r_5_103_107,0.88,0,107,107,7
61,r_101_83_138,seq161,seq46,r_101_83_138,0.99,2,140,138,7
32,r_23_132_186,r_133_44_119,r_2_34_46,r_2_34_46,0.49,140,186,46,7
38,r_138_13_117,r_168_56_180,seq66,r_138_13_117,0.99,0,117,117,7
77,seq29,r_130_67_181,r_131_85_74,r_131_85_74,1.0,114,188,74,7
67,r_3_19_122,r_63_65_9,r_157_0_139,r_3_19_122,1.0,0,122,122,7
60,r_42_17_57,r_75_45_15,r_133_44_119,r_42_17_57,0.98,-3,54,57,7
24,r_141_155_12,r_1_126_11,seq156,r_141_155_12,0.95,2,14,12,7
75,seq156,r_159_54_120,r_141_155_12,r_159_54_120,0.99,1,121,120,7
45,r_146_167_14,r_122_100_111,r_151_35_3,r_122_100_111,1.0,0,111,111,7
42,r_75_45_15,r_27_108_55,r_42_17_57,r_75_45_15,0.99,0,15,15,7
5,r_43_165_54,seq58,r_116_59_129,r_43_165_54,0.94,3,57,54,7
9,r_38_96_161,r_122_100_111,r_146_167_14,r_38_96_161,0.82,-50,111,161,7
11,r_137_111_155,r_157_0_139,r_101_83_138,r_137_111_155,0.87,0,155,155,7
22,r_20_99_141,seq11,r_141_155_12,r_20_99_141,0.96,0,141,141,7
28,r_50_48_80,r_148_81_109,seq8,r_50_48_80,0.6,1,81,80,7
57,r_2_34_46,r_30_25_174,r_107_147_38,r_2_34_46,1.0,0,46,46,7
49,r_115_74_142,seq82,seq31,r_115_74_142,0.84,2,144,142,7
56,r_144_36_115,seq40,seq11,r_144_36_115,0.82,-2,113,115,7
7,r_71_49_172,seq92,seq51,r_71_49_172,0.68,0,172,172,7
44,r_131_85_74,r_18_112_126,r_148_81_109,r_131_85_74,0.88,0,74,74,7
23,r_113_64_146,r_157_0_139,seq11,r_113_64_146,0.73,1,147,146,7
17,r_160_127_199,r_149_129_140,r_122_100_111,r_122_100_111,1.0,41,152,111,7
9,r_38_96_161,r_146_167_14,r_55_123_36,r_38_96_161,0.97,0,161,161,7
43,r_87_9_51,r_160_127_199,r_63_65_9,r_87_9_51,1.0,0,51,51,7
65,r_55_123_36,r_80_78_48,r_154_140_183,r_55_123_36,1.0,0,36,36,7
35,r_135_26_147,r_164_114_132,r_148_81_109,r_135_26_147,0.84,2,149,147,7
12,r_157_0_139,r_18_112_126,r_61_77_86,r_61_77_86,0.62,39,125,86,7
14,r_107_147_38,r_62_10_66,seq128,r_107_147_38,1.0,1,39,38,7
40,r_59_112_114,r_77_154_16,r_142_4_40,r_59_112_114,1.0,1,115,114,8
30,r_38_152_195,r_49_11_81,r_151_105_59,r_151_105_59,1.0,35,94,59,8
9,r_104_145_26,r_136_165_153,seq141,r_136_165_153,0.99,1,154,153,8
54,r_106_18_50,r_134_126_98,seq109,r_106_18_50,0.89,8,58,50,8
14,r_48_116_111,r_164_132_182,seq23,r_48_116_111,0.98,0,111,111,8
8,r_133_139_176,r_103_55_157,r_85_149_84,r_85_149_84,0.99,73,157,84,8
43,r_136_165_153,r_84_107_87,r_104_145_26,r_136_165_153,0.54,-65,88,153,8
83,seq163,r_16_158_171,r_134_126_98,r_134_126_98,1.0,73,171,98,8
37,r_46_102_168,r_87_74_93,r_93_1_54,r_93_1_54,1.0,40,94,54,8
16,r_25_140_116,r_20_131_193,r_87_74_93,r_25_140_116,0.83,3,119,116,8
21,r_120_43_109,seq23,r_53_115_13,r_120_43_109,1.0,0,109,109,8
5,r_134_126_98,r_103_55_157,seq163,r_134_126_98,1.0,0,98,98,8
80,seq153,seq41,r_98_80_110,r_98_80_110,0.66,-1,109,110,8
32,r_81_10_19,r_15_2_170,seq108,r_15_2_170,0.98,0,170,170,8
69,r_62_92_155,seq72,seq141,r_62_92_155,0.77,0,155,155,8
29,r_155_65_58,r_134_126_98,seq159,r_155_65_58,1.0,0,58,58,8
1,r_151_105_59,seq146,r_38_152_195,r_151_105_59,1.0,0,59,59,8
19,r_85_149_84,seq5,seq31,r_85_149_84,1.0,0,84,84,8
52,r_142_4_40,r_134_126_98,seq146,r_142_4_40,1.0,0,40,40,8
97,seq124,r_49_11_81,r_12_64_140,r_12_64_140,0.95,0,140,140,8
95,seq109,r_113_129_196,r_106_18_50,r_106_18_50,0.99,58,108,50,8
66,r_49_11_81,r_38_152_195,r_98_80_110,r_49_11_81,0.55,27,108,81,8
39,r_110_78_18,r_15_2_170,r_73_57_130,r_110_78_18,0.83,7,25,18,8
38,r_73_57_130,r_110_78_18,r_8_69_85,r_73_57_130,1.0,0,130,130,8
63,r_8_69_85,seq146,r_73_57_130,r_73_57_130,1.0,8,138,130,8
35,r_39_7_46,r_85_149_84,seq121,r_39_7_46,1.0,0,46,46,8
39,r_110_78_18,r_73_57_130,r_122_160_88,r_110_78_18,0.99,74,92,18,8
67,r_164_132_182,r_48_116_111,r_37_97_45,r_164_132_182,0.99,-74,108,182,8
67,r_164_132_182,r_37_97_45,r_87_74_93,r_164_132_182,0.93,0,182,182,8
3,r_9_119_89,r_70_94_91,seq22,r_9_119_89,0.99,0,89,89,8
10,r_84_107_87,r_136_165_153,r_130_86_4,r_84_107_87,1.0,1,88,87,8
0,r_76_99_102,r_37_97_45,r_77_154_16,r_76_99_102,0.92,-85,17,102,8
40,r_59_112_114,r_37_97_45,r_77_154_16,r_59_112_114,0.62,-69,45,114,8
26,r_34_168_86,r_15_2_170,seq23,r_34_168_86,0.51,2,88,86,8
63,r_8_69_85,r_16_158_171,seq146,r_8_69_85,0.98,0,85,85,8
11,r_117_96_152,seq24,r_157_137_187,r_117_96_152,0.93,0,152,152,8
20,r_113_129_196,r_111_54_150,r_120_43_109,r_113_129_196,0.95,-59,137,196,8
13,r_29_27_181,seq0,r_85_149_84,r_85_149_84,1.0,97,181,84,8
98,seq125,r_169_83_180,r_148_44_47,r_148_44_47,1.0,134,181,47,8
15,r_98_80_110,r_113_129_196,r_49_11_81,r_98_80_110,1.0,-2,108,110,8
48,r_87_74_93,r_46_102_168,r_6_123_164,r_87_74_93,0.65,1,94,93,8
49,r_89_14_25,r_138_32_177,r_133_139_176,r_89_14_25,0.62,152,177,25,8
57,r_6_123_164,r_157_137_187,r_87_74_93,r_87_74_93,0.35,1,94,93,8
50,r_53_115_13,r_151_105_59,r_113_129_196,r_53_115_13,0.86,0,13,13,8
0,r_76_99_102,r_77_154_16,r_122_160_88,r_76_99_102,0.98,0,102,102,8
9,r_104_145_26,r_85_149_84,r_136_165_153,r_104_145_26,0.91,2,28,26,8
12,r_130_86_4,seq63,r_118_66_51,r_118_66_51,1.0,5,56,51,8
38,r_73_57_130,seq63,r_110_78_18,r_73_57_130,0.59,-74,56,130,8
2,r_70_94_91,seq5,r_77_154_16,r_70_94_91,0.98,1,92,91,8
41,r_77_154_16,r_76_99_102,r_70_94_91,r_77_154_16,1.0,86,102,16,8
47,r_51_26_124,r_62_92_155,r_61_71_108,r_62_92_155,0.78,-31,124,155,8
18,r_15_2_170,r_34_168_86,r_81_10_19,r_34_168_86,0.79,1,87,86,8
46,r_56_100_22,seq163,seq19,r_56_100_22,0.83,11,33,22,8
25,r_40_128_139,r_91_17_175,seq72,r_40_128_139,0.88,0,139,139,8
43,r_136_165_153,r_104_145_26,r_50_13_37,r_136_165_153,0.93,0,153,153,8
33,r_162_33_145,r_12_64_140,r_56_100_22,r_12_64_140,0.56,0,140,140,8
48,r_87_74_93,r_6_123_164,r_25_140_116,r_6_123_164,0.56,1,165,164,8
6,r_93_1_54,seq63,r_46_102_168,r_93_1_54,1.0,0,54,54,8
58,r_12_64_140,r_162_33_145,seq124,r_12_64_140,0.9,0,140,140,8
70,seq0,r_29_27_181,r_76_99_102,r_76_99_102,0.8,79,181,102,8
6,r_93_1_54,r_46_102_168,r_111_54_150,r_93_1_54,1.0,101,155,54,8
65,r_156_88_120,seq143,r_130_86_4,r_156_88_120,0.97,1,121,120,8
8,r_133_139_176,r_85_149_84,r_130_86_4,r_133_139_176,0.93,1,177,176,8
68,r_111_54_150,r_113_129_196,r_93_1_54,r_111_54_150,0.93,0,150,150,8
61,r_169_83_180,seq125,seq5,r_169_83_180,0.73,1,181,180,8
77,seq22,r_98_80_110,r_9_119_89,r_9_119_89,0.93,-2,87,89,8
57,r_6_123_164,r_87_74_93,seq108,r_6_123_164,0.45,0,164,164,8
34,r_95_114_82,r_113_129_196,r_110_78_18,r_95_114_82,1.0,0,82,82,8
36,r_148_44_47,r_134_126_98,seq125,r_148_44_47,1.0,0,47,47,8
31,r_37_97_45,r_59_112_114,seq72,r_37_97_45,1.0,0,45,45,8
49,r_89_14_25,r_93_1_54,r_138_32_177,r_93_1_54,0.98,-31,23,54,8
17,r_103_55_157,r_133_139_176,r_106_18_50,r_133_139_176,0.58,-19,157,176,8
32,r_81_10_19,r_8_69_85,r_15_2_170,r_81_10_19,1.0,1,20,19,8
37,r_46_102_168,r_93_1_54,r_28_79_113,r_46_102_168,0.89,0,168,168,8
27,r_75_167_28,r_62_92_155,seq143,r_75_167_28,1.0,0,28,28,8
51,r_68_47_44,seq19,seq143,r_68_47_44,1.0,0,44,44,8
28,r_138_32_177,r_89_14_25,r_15_2_170,r_89_14_25,0.46,152,177,25,8
41,r_77_154_16,r_68_47_44,r_76_99_102,r_77_154_16,0.95,0,16,16,8
56,r_28_79_113,seq63,seq21,r_28_79_113,0.99,1,114,113,8
7,r_122_160_88,r_84_107_87,r_76_99_102,r_76_99_102,0.98,6,108,102,8
18,r_15_2_170,r_81_10_19,r_147_3_127,r_81_10_19,0.88,151,170,19,8
44,r_91_17_175,seq141,r_111_54_150,r_111_54_150,0.82,25,175,150,8
23,r_161_52_71,seq82,r_53_115_13,r_161_52_71,0.97,1,72,71,8
42,r_118_66_51,r_40_128_139,r_130_86_4,r_118_66_51,0.95,-1,50,51,8
79,seq24,r_117_96_152,r_58_45_101,r_117_96_152,0.78,0,152,152,8
45,r_50_13_37,seq108,seq67,r_50_13_37,1.0,0,37,37,8
84,seq36,r_38_152_195,r_50_13_37,r_50_13_37,1.0,81,118,37,8
93,seq93,r_18_164_185,r_152_84_150,r_152_84_150,0.51,1,151,150,9
30,r_49_86_183,r_9_50_194,r_5_51_17,r_49_86_183,0.21,0,183,183,9
51,r_41_60_170,r_19_52_198,r_98_37_76,r_98_37_76,1.0,94,170,76,9
14,r_25_154_151,r_114_71_75,r_157_75_63,r_25_154_151,0.98,-77,74,151,9
8,r_156_30_70,r_16_123_98,r_126_17_12,r_156_30_70,1.0,0,70,70,9
43,r_45_155_82,r_9_50_194,r_54_3_191,r_45_155_82,1.0,0,82,82,9
27,r_126_17_12,seq82,r_91_120_99,r_126_17_12,0.9,0,12,12,9
9,r_4_11_186,r_130_65_4,r_59_141_175,r_4_11_186,0.52,-1,185,186,9
46,r_24_73_13,r_98_37_76,seq105,r_24_73_13,0.96,-2,11,13,9
59,r_26_46_144,r_146_44_162,r_16_123_98,r_26_46_144,0.8,0,144,144,9
55,r_54_3_191,r_100_85_77,r_45_155_82,r_54_3_191,1.0,-113,78,191,9
16,r_130_65_4,r_91_120_99,r_98_37_76,r_130_65_4,0.79,73,77,4,9
1,r_98_37_76,r_72_2_128,r_130_65_4,r_98_37_76,1.0,0,76,76,9
97,seq122,r_81_136_113,r_114_71_75,r_114_71_75,1.0,5,80,75,9
5,r_36_78_81,r_66_1_168,r_83_33_112,r_83_33_112,0.8,13,125,112,9
5,r_36_78_81,seq124,r_66_1_168,r_36_78_81,0.99,-2,79,81,9
54,r_138_132_46,seq166,seq133,r_138_132_46,1.0,0,46,46,9
44,r_34_47_20,r_36_78_81,seq82,r_34_47_20,1.0,-2,18,20,9
21,r_169_140_57,r_56_31_196,r_83_33_112,r_83_33_112,1.0,1,113,112,9
28,r_119_104_102,r_16_123_98,r_83_33_112,r_119_104_102,0.57,45,147,102,9
19,r_109_42_62,seq143,r_159_116_80,r_159_116_80,0.99,0,80,80,9
35,r_66_1_168,r_163_168_54,seq99,r_163_168_54,1.0,-7,47,54,9
40,r_100_85_77,r_117_0_60,r_54_3_191,r_117_0_60,0.73,-10,50,60,9
27,r_126_17_12,r_91_120_99,r_156_30_70,r_126_17_12,1.0,87,99,12,9
40,r_100_85_77,r_54_3_191,r_89_40_39,r_100_85_77,1.0,0,77,77,9
67,r_117_0_60,r_100_85_77,r_128_158_22,r_117_0_60,1.0,0,60,60,9
3,r_57_32_117,r_56_31_196,r_45_155_82,r_57_32_117,0.83,2,119,117,9
26,r_125_110_90,r_10_12_159,r_19_52_198,r_19_52_198,0.75,-108,90,198,9
14,r_25_154_151,r_157_75_63,r_115_165_5,r_25_154_151,1.0,0,151,151,9
62,r_113_129_86,r_108_102_192,r_10_12_159,r_10_12_159,0.44,-36,123,159,9
65,r_112_131_108,r_150_29_15,r_148_20_68,r_112_131_108,1.0,0,108,108,9
0,r_53_15_73,r_83_33_112,r_138_132_46,r_53_15_73,1.0,1,74,73,9
11,r_146_44_162,seq82,r_45_155_82,r_45_155_82,0.6,82,164,82,9
20,r_148_20_68,r_108_102_192,seq151,r_148_20_68,1.0,-2,66,68,9
98,seq124,r_9_50_194,r_69_79_133,r_69_79_133,1.0,8,141,133,9
58,r_89_40_39,r_114_71_75,r_100_85_77,r_89_40_39,1.0,38,77,39,9
48,r_118_111_100,seq80,r_157_75_63,r_157_75_63,1.0,37,100,63,9
57,r_69_79_133,r_26_46_144,seq124,r_69_79_133,0.96,1,134,133,9
13,r_91_120_99,r_126_17_12,r_21_76_28,r_91_120_99,1.0,0,99,99,9
6,r_70_137_197,r_54_3_191,r_25_154_151,r_25_154_151,0.89,29,180,151,9
49,r_77_38_47,seq7,seq153,r_77_38_47,1.0,0,47,47,9
62,r_113_129_86,seq153,r_108_102_192,r_113_129_86,0.99,0,86,86,9
52,r_167_135_180,seq127,r_19_52_198,r_167_135_180,0.91,0,180,180,9
36,r_88_139_92,r_128_158_22,r_109_42_62,r_88_139_92,1.0,0,92,92,9
15,r_115_165_5,r_117_0_60,r_54_3_191,r_117_0_60,1.0,0,60,60,9
41,r_128_158_22,r_98_37_76,r_88_139_92,r_128_158_22,1.0,1,23,22,9
41,r_128_158_22,r_88_139_92,r_117_0_60,r_128_158_22,0.99,70,92,22,9
18,r_72_2_128,r_98_37_76,r_109_42_62,r_98_37_76,0.98,-14,62,76,9
24,r_58_96_158,r_4_11_186,seq143,r_58_96_158,0.75,-1,157,158,9
69,r_150_29_15,r_36_78_81,seq153,r_150_29_15,0.98,0,15,15,9
13,r_91_120_99,seq105,r_126_17_12,r_91_120_99,0.63,-89,10,99,9
64,r_152_84_150,seq99,seq93,r_152_84_150,0.81,1,151,150,9
50,r_81_136_113,seq149,r_16_123_98,r_81_136_113,0.65,2,115,113,9
65,r_112_131_108,seq48,r_150_29_15,r_112_131_108,0.48,-41,67,108,9
68,r_145_103_142,seq149,seq166,r_145_103_142,0.32,8,150,142,9
42,r_18_164_185,seq82,r_53_15_73,r_18_164_185,0.91,0,185,185,9
61,r_10_12_159,seq166,r_5_51_17,r_5_51_17,0.54,146,163,17,9
32,r_159_116_80,seq133,r_109_42_62,r_159_116_80,1.0,0,80,80,9
38,r_157_75_63,r_81_136_113,r_95_87_19,r_157_75_63,0.88,0,63,63,9
52,r_167_135_180,r_119_104_102,seq127,r_119_104_102,1.0,-1,101,102,9
77,seq22,r_66_1_168,r_145_103_142,r_145_103_142,0.39,9,151,142,9
12,r_95_87_19,r_57_32_117,r_114_71_75,r_95_87_19,0.95,0,19,19,9
21,r_169_140_57,seq149,r_56_31_196,r_169_140_57,0.51,-1,56,57,9
60,r_83_33_112,seq35,r_36_78_81,r_83_33_112,1.0,0,112,112,9
17,r_59_141_175,r_114_71_75,r_157_75_63,r_59_141_175,1.0,-100,75,175,9
9,r_4_11_186,r_58_96_158,r_130_65_4,r_4_11_186,0.54,-28,158,186,9
15,r_115_165_5,r_54_3_191,r_25_154_151,r_25_154_151,0.64,0,151,151,9
22,r_101_144_83,seq93,r_163_168_54,r_101_144_83,1.0,0,83,83,9
28,r_119_104_102,r_167_135_180,r_16_123_98,r_119_104_102,0.87,0,102,102,9
91,seq82,r_146_44_162,r_34_47_20,r_34_47_20,0.64,138,158,20,9
12,r_95_87_19,r_114_71_75,r_157_75_63,r_95_87_19,1.0,56,75,19,9
56,r_114_71_75,r_59_141_175,seq122,r_114_71_75,1.0,0,75,75,9
7,r_19_52_198,r_41_60_170,r_21_76_28,r_41_60_170,0.89,0,170,170,9
18,r_72_2_128,r_109_42_62,r_16_123_98,r_72_2_128,0.76,6,134,128,9
23,r_56_31_196,r_57_32_117,r_160_55_8,r_57_32_117,1.0,-67,50,117,9
31,r_8_43_33,seq142,r_67_94_44,r_8_43_33,1.0,0,33,33,9
17,r_59_141_175,r_157_75_63,r_148_20_68,r_59_141_175,0.84,-1,174,175,9
58,r_89_40_39,r_98_37_76,r_114_71_75,r_89_40_39,0.99,0,39,39,9
34,r_5_51_17,r_54_3_191,seq149,r_5_51_17,0.86,1,18,17,9
36,r_88_139_92,r_36_78_81,r_128_158_22,r_128_158_22,0.99,1,23,22,9
45,r_163_168_54,r_66_1_168,seq35,r_163_168_54,1.0,0,54,54,9
84,seq166,r_10_12_159,r_145_103_142,r_10_12_159,0.3,4,163,159,9
30,r_48_164_1,r_110_98_81,r_21_44_73,r_48_164_1,1.0,72,73,1,10
36,r_3_61_149,r_137_37_122,r_10_125_88,r_10_125_88,0.97,35,123,88,10
87,seq55,r_165_121_184,r_128_57_30,r_128_57_30,1.0,-2,28,30,10
8,r_96_140_105,r_95_155_126,r_42_88_56,r_96_140_105,1.0,1,106,105,10
53,r_99_97_108,r_48_164_1,r_22_66_38,r_99_97_108,0.97,2,110,108,10
28,r_109_104_20,r_108_51_168,r_81_14_2,r_109_104_20,1.0,1,21,20,10
20,r_42_88_56,r_77_64_7,r_96_140_105,r_96_140_105,1.0,3,108,105,10
54,r_32_74_167,seq53,r_40_157_150,r_32_74_167,0.53,0,167,167,10
88,seq65,r_135_105_34,r_149_148_99,r_135_105_34,0.97,0,34,34,10
59,r_7_106_171,seq28,r_145_114_4,r_145_114_4,0.68,167,171,4,10
7,r_151_2_42,seq71,seq0,r_151_2_42,1.0,0,42,42,10
86,seq53,r_32_74_167,r_95_155_126,r_95_155_126,0.59,28,154,126,10
21,r_137_37_122,r_3_61_149,r_133_92_91,r_137_37_122,0.99,1,123,122,10
39,r_35_36_64,r_142_143_102,seq65,r_35_36_64,0.87,0,64,64,10
1,r_40_157_150,seq53,r_154_49_117,r_154_49_117,1.0,31,148,117,10
42,r_126_115_65,r_137_37_122,r_128_57_30,r_126_115_65,1.0,-1,64,65,10
56,r_100_153_193,r_89_101_135,r_82_6_53,r_82_6_53,1.0,1,54,53,10
70,seq0,r_167_59_45,r_151_2_42,r_151_2_42,0.94,0,42,42,10
80,seq29,seq0,r_120_132_43,r_120_132_43,0.99,25,68,43,10
89,seq71,r_151_2_42,r_38_162_58,r_151_2_42,0.68,0,42,42,10
11,r_122_136_26,r_118_56_51,r_45_1_175,r_122_136_26,0.56,-4,22,26,10
35,r_47_43_47,seq112,seq156,r_47_43_47,1.0,0,47,47,10
11,r_122_136_26,r_45_1_175,r_149_148_99,r_149_148_99,1.0,81,180,99,10
31,r_95_155_126,seq117,seq53,r_95_155_126,0.94,2,128,126,10
41,r_80_163_83,seq20,r_145_114_4,r_80_163_83,0.9,-3,80,83,10
67,r_84_15_161,r_165_121_184,r_40_157_150,r_40_157_150,0.68,11,161,150,10
58,r_135_105_34,seq65,r_145_114_4,r_135_105_34,1.0,0,34,34,10
43,r_127_54_16,r_122_136_26,seq112,r_127_54_16,1.0,0,16,16,10
24,r_82_6_53,r_96_140_105,r_81_14_2,r_82_6_53,1.0,0,53,53,10
90,seq73,r_159_130_145,r_11_150_104,r_11_150_104,0.56,43,147,104,10
4,r_165_121_184,r_84_15_161,r_128_57_30,r_128_57_30,0.98,131,161,30,10
0,r_133_92_91,r_159_130_145,seq141,r_133_92_91,0.97,0,91,91,10
63,r_27_72_179,seq33,r_122_136_26,r_122_136_26,0.74,158,184,26,10
20,r_42_88_56,seq0,r_77_64_7,r_42_88_56,0.97,5,61,56,10
15,r_10_125_88,r_165_121_184,seq85,r_10_125_88,1.0,0,88,88,10
48,r_89_101_135,r_100_153_193,r_133_92_91,r_133_92_91,0.91,44,135,91,10
62,r_19_94_80,r_149_148_99,seq53,r_149_148_99,0.55,-19,80,99,10
99,seq123,r_13_161_134,r_95_155_126,r_13_161_134,0.79,-1,133,134,10
97,seq112,r_38_162_58,r_127_54_16,r_127_54_16,1.0,1,17,16,10
6,r_128_57_30,r_67_25_98,seq55,r_128_57_30,1.0,0,30,30,10
27,r_152_69_141,r_81_14_2,r_95_155_126,r_152_69_141,0.66,0,141,141,10
4,r_165_121_184,r_128_57_30,r_152_69_141,r_165_121_184,0.69,0,184,184,10
64,r_70_83_25,r_119_113_113,seq53,r_70_83_25,0.87,-1,24,25,10
47,r_108_51_168,seq147,r_40_157_150,r_40_157_150,0.58,18,168,150,10
40,r_110_98_81,r_48_164_1,seq20,r_110_98_81,1.0,1,82,81,10
74,seq141,r_79_107_197,r_133_92_91,r_133_92_91,1.0,16,107,91,10
29,r_116_87_111,seq76,r_167_59_45,r_116_87_111,1.0,0,111,111,10
33,r_158_16_174,r_45_1_175,r_40_157_150,r_158_16_174,0.49,0,174,174,10
36,r_3_61_149,r_10_125_88,seq93,r_3_61_149,0.94,0,149,149,10
65,r_124_46_152,r_47_43_47,r_95_155_126,r_124_46_152,0.98,1,153,152,10
50,r_91_139_164,r_45_1_175,seq123,r_91_139_164,0.91,0,164,164,10
65,r_124_46_152,seq0,r_47_43_47,r_47_43_47,1.0,21,68,47,10
68,r_11_150_104,seq131,seq73,r_11_150_104,0.98,0,104,104,10
61,r_149_148_99,r_160_30_188,r_122_136_26,r_149_148_99,1.0,0,99,99,10
32,r_60_23_97,r_142_143_102,seq156,r_60_23_97,0.57,-1,96,97,10
38,r_159_130_145,seq73,r_145_114_4,r_159_130_145,0.98,2,147,145,10
52,r_111_62_107,r_81_14_2,seq144,r_111_62_107,0.76,4,111,107,10
77,seq147,r_108_51_168,r_52_4_137,r_108_51_168,0.59,0,168,168,10
34,r_169_129_61,r_142_143_102,r_120_132_43,r_142_143_102,1.0,-41,61,102,10
10,r_22_66_38,r_165_121_184,seq20,r_22_66_38,1.0,0,38,38,10
64,r_70_83_25,seq53,r_19_94_80,r_19_94_80,0.99,12,92,80,10
57,r_26_18_37,seq34,seq0,r_26_18_37,0.98,1,38,37,10
60,r_21_44_73,r_80_163_83,r_48_164_1,r_21_44_73,1.0,0,73,73,10
17,r_24_166_75,r_116_87_111,r_21_44_73,r_24_166_75,0.96,0,75,75,10
13,r_120_132_43,seq34,seq29,r_120_132_43,0.99,3,46,43,10
25,r_167_59_45,r_145_114_4,r_116_87_111,r_116_87_111,1.0,2,113,111,10
94,seq85,r_3_61_149,r_10_125_88,r_10_125_88,0.58,61,149,88,10
25,r_167_59_45,r_9_134_28,r_145_114_4,r_167_59_45,0.94,1,46,45,10
96,seq93,seq73,r_3_61_149,r_3_61_149,1.0,9,158,149,10
51,r_168_86_44,r_96_140_105,r_109_104_20,r_168_86_44,1.0,0,44,44,10
91,seq75,r_122_136_26,r_133_92_91,r_133_92_91,1.0,67,158,91,10
44,r_45_1_175,r_158_16_174,r_47_43_47,r_47_43_47,0.97,127,174,47,10
23,r_160_30_188,seq50,r_167_59_45,r_167_59_45,0.84,144,189,45,10
16,r_118_56_51,seq0,seq71,r_118_56_51,1.0,1,52,51,10
12,r_142_143_102,seq17,r_12_68_9,r_142_143_102,1.0,0,102,102,10
19,r_31_102_22,r_109_104_20,seq39,r_109_104_20,0.74,1,21,20,10
30,r_84_54_4,seq128,r_7_40_111,r_7_40_111,1.0,19,130,111,11
51,r_119_162_184,seq39,r_62_165_145,r_119_162_184,0.52,0,184,184,11
36,r_17_48_65,r_81_110_137,r_5_93_148,r_5_93_148,0.66,-83,65,148,11
9,r_25_95_156,r_64_139_178,r_27_33_92,r_27_33_92,0.89,64,156,92,11
6,r_92_77_33,r_0_76_187,seq133,r_92_77_33,0.99,-1,32,33,11
14,r_132_45_84,r_25_95_156,r_1_11_185,r_132_45_84,0.99,0,84,84,11
19,r_140_74_18,r_7_40_111,r_111_22_121,r_7_40_111,0.61,-95,16,111,11
37,r_101_138_78,seq133,r_1_11_185,r_101_138_78,0.98,0,78,78,11
59,r_59_83_125,r_119_162_184,r_132_45_84,r_132_45_84,0.93,41,125,84,11
55,r_163_2_73,seq128,r_125_130_189,r_163_2_73,0.86,-2,71,73,11
38,r_55_53_17,r_120_58_59,seq91,r_55_53_17,0.79,-1,16,17,11
1,r_24_88_72,r_154_37_87,r_46_16_134,r_46_16_134,0.89,17,151,134,11
1,r_24_88_72,r_101_138_78,r_154_37_87,r_24_88_72,0.92,0,72,72,11
97,seq117,r_112_107_181,r_120_58_59,r_120_58_59,0.78,124,183,59,11
46,r_46_16_134,seq43,r_24_88_72,r_46_16_134,0.79,0,134,134,11
42,r_31_118_150,seq65,r_14_152_144,r_31_118_150,0.81,0,150,150,11
69,r_70_97_109,r_119_162_184,seq137,r_70_97_109,1.0,0,109,109,11
61,r_121_153_55,r_31_118_150,r_80_115_163,r_121_153_55,1.0,0,55,55,11
66,r_154_37_87,r_56_8_191,r_34_143_9,r_154_37_87,0.7,4,91,87,11
55,r_163_2_73,r_125_130_189,r_166_103_77,r_163_2_73,0.61,27,100,73,11
38,r_55_53_17,seq91,r_75_159_139,r_75_159_139,0.92,40,179,139,11
41,r_116_168_114,seq3,r_72_114_166,r_116_168_114,1.0,0,114,114,11
67,r_145_28_86,r_116_168_114,r_60_89_93,r_145_28_86,0.57,0,86,86,11
53,r_87_151_31,r_61_38_42,seq13,r_87_151_31,0.68,-3,28,31,11
64,r_85_109_126,r_64_139_178,r_29_90_53,r_64_139_178,0.69,0,178,178,11
63,r_63_141_115,r_136_68_118,r_51_155_25,r_136_68_118,0.82,-2,116,118,11
11,r_123_82_91,seq91,r_78_146_44,r_78_146_44,0.72,47,91,44,11
20,r_80_115_163,r_96_15_106,r_29_90_53,r_80_115_163,0.74,-57,106,163,11
13,r_56_8_191,r_106_36_141,r_44_21_143,r_106_36_141,0.97,4,145,141,11
48,r_64_139_178,r_25_95_156,r_85_109_126,r_85_109_126,0.93,30,156,126,11
43,r_49_142_79,r_147_113_61,seq126,r_49_142_79,0.75,-32,47,79,11
7,r_51_155_25,seq66,r_140_74_18,r_51_155_25,0.93,0,25,25,11
3,r_120_58_59,r_44_21_143,r_9_41_5,r_120_58_59,0.91,-2,57,59,11
27,r_149_157_48,r_71_86_195,seq117,r_149_157_48,0.98,-1,47,48,11
22,r_131_12_80,seq126,r_96_15_106,r_96_15_106,0.96,20,126,106,11
87,seq65,r_31_118_150,r_144_134_88,r_31_118_150,0.76,-63,87,150,11
2,r_62_165_145,r_124_50_193,r_30_158_98,r_62_165_145,0.82,0,145,145,11
47,r_166_103_77,seq6,r_163_2_73,r_166_103_77,1.0,0,77,77,11
70,seq128,r_84_54_4,r_30_158_98,r_30_158_98,1.0,16,114,98,11
18,r_44_21_143,r_120_58_59,r_49_142_79,r_49_142_79,1.0,7,86,79,11
61,r_121_153_55,r_80_115_163,r_29_90_53,r_80_115_163,0.9,0,163,163,11
24,r_112_107_181,seq117,r_123_82_91,r_123_82_91,0.63,92,183,91,11
19,r_140_74_18,r_111_22_121,r_51_155_25,r_140_74_18,0.77,16,34,18,11
25,r_14_152_144,seq3,seq133,r_14_152_144,0.91,1,145,144,11
33,r_1_11_185,r_30_158_98,r_101_138_78,r_1_11_185,1.0,-87,98,185,11
64,r_85_109_126,r_0_76_187,r_64_139_178,r_85_109_126,1.0,0,126,126,11
50,r_169_156_124,r_31_118_150,r_78_146_44,r_169_156_124,0.69,0,124,124,11
70,seq128,r_163_2_73,r_84_54_4,r_163_2_73,1.0,-6,67,73,11
68,r_35_32_142,r_0_76_187,r_30_158_98,r_0_76_187,0.75,-43,144,187,11
32,r_96_15_106,r_80_115_163,r_131_12_80,r_96_15_106,0.78,0,106,106,11
52,r_147_113_61,r_49_142_79,seq133,r_147_113_61,1.0,0,61,61,11
77,seq137,r_131_12_80,r_25_95_156,r_131_12_80,0.66,-3,77,80,11
10,r_61_38_42,r_163_2_73,seq52,r_61_38_42,1.0,0,42,42,11
34,r_106_36_141,r_56_8_191,r_161_150_47,r_106_36_141,0.56,4,145,141,11
20,r_80_115_163,r_29_90_53,r_131_12_80,r_80_115_163,0.92,0,163,163,11
60,r_94_108_136,r_125_130_189,r_149_157_48,r_94_108_136,0.99,1,137,136,11
54,r_29_90_53,r_24_88_72,seq104,r_29_90_53,1.0,0,53,53,11
17,r_27_33_92,r_31_118_150,r_49_142_79,r_49_142_79,0.91,13,92,79,11
43,r_49_142_79,seq126,r_27_33_92,r_49_142_79,0.99,0,79,79,11
9,r_25_95_156,r_132_45_84,r_64_139_178,r_132_45_84,1.0,0,84,84,11
62,r_164_160_50,r_136_68_118,r_92_77_33,r_164_160_50,0.83,-2,48,50,11
96,seq167,r_105_57_100,r_34_143_9,r_105_57_100,0.74,-5,95,100,11
75,seq6,r_7_40_111,r_34_143_9,r_7_40_111,0.86,-84,27,111,11
22,r_131_12_80,seq137,seq126,r_131_12_80,0.94,0,80,80,11
28,r_100_23_190,seq135,r_62_165_145,r_100_23_190,0.41,0,190,190,11
91,seq91,r_123_82_91,r_55_53_17,r_123_82_91,0.74,-16,75,91,11
49,r_30_158_98,r_1_11_185,r_84_54_4,r_30_158_98,1.0,0,98,98,11
56,r_75_159_139,r_0_76_187,r_55_53_17,r_75_159_139,0.71,1,140,139,11
18,r_44_21_143,r_49_142_79,r_56_8_191,r_44_21_143,0.97,24,167,143,11
44,r_144_134_88,r_59_83_125,seq65,r_59_83_125,0.81,-37,88,125,11
48,r_64_139_178,r_85_109_126,r_61_38_42,r_64_139_178,0.74,0,178,178,11
35,r_5_93_148,r_125_130_189,r_81_110_137,r_81_110_137,0.99,25,162,137,11
12,r_73_122_174,r_119_162_184,r_147_113_61,r_73_122_174,0.75,1,175,174,11
51,r_119_124_118,r_107_64_195,seq98,r_119_124_118,0.75,2,120,118,12
93,seq98,r_63_59_53,r_109_22_193,r_63_59_53,1.0,0,53,53,12
6,r_130_136_20,r_8_160_87,r_145_164_148,r_130_136_20,0.81,0,20,20,12
64,r_25_87_43,r_49_135_91,seq28,r_25_87_43,1.0,0,43,43,12
8,r_53_78_168,r_7_72_172,r_116_128_160,r_7_72_172,0.83,-2,170,172,12
60,r_37_138_162,r_121_169_45,r_108_154_35,r_37_138_162,0.71,-116,46,162,12
43,r_7_72_172,r_53_78_168,seq166,r_53_78_168,0.7,4,172,168,12
22,r_153_62_52,r_132_20_116,r_8_160_87,r_153_62_52,0.89,2,54,52,12
54,r_106_143_128,r_53_78_168,r_145_164_148,r_53_78_168,0.68,2,170,168,12
54,r_106_143_128,r_15_162_156,r_53_78_168,r_106_143_128,0.71,0,128,128,12
3,r_63_59_53,r_60_56_127,r_45_43_54,r_60_56_127,0.96,0,127,127,12
18,r_104_137_63,seq2,seq83,r_104_137_63,0.88,-7,56,63,12
55,r_101_105_109,r_89_58_197,r_82_134_59,r_101_105_109,0.78,0,109,109,12
86,seq54,r_116_128_160,seq31,r_116_128_160,0.99,0,160,160,12
16,r_122_86_66,r_81_16_135,r_104_137_63,r_122_86_66,0.97,2,68,66,12
21,r_55_131_89,r_8_160_87,r_92_168_61,r_92_168_61,0.73,28,89,61,12
1,r_146_32_56,r_96_147_171,r_84_35_4,r_96_147_171,0.56,-36,135,171,12
5,r_15_162_156,seq150,r_84_35_4,r_15_162_156,0.84,2,158,156,12
46,r_127_76_55,r_113_120_141,r_51_48_47,r_51_48_47,0.96,16,63,47,12
42,r_109_22_193,r_29_69_81,seq114,r_29_69_81,0.99,1,82,81,12
69,r_142_5_115,seq98,r_82_134_59,r_142_5_115,0.67,0,115,115,12
45,r_95_158_73,r_8_160_87,r_0_79_133,r_95_158_73,0.87,0,73,73,12
19,r_11_41_138,seq166,r_55_131_89,r_11_41_138,0.99,0,138,138,12
28,r_163_115_44,r_111_141_191,seq67,r_163_115_44,1.0,0,44,44,12
35,r_126_33_11,r_108_154_35,r_57_156_2,r_126_33_11,0.65,0,11,11,12
58,r_26_110_189,r_47_80_102,r_121_169_45,r_26_110_189,0.5,1,190,189,12
31,r_113_120_141,seq31,seq133,r_113_120_141,0.82,1,142,141,12
41,r_50_165_94,r_36_68_96,r_109_22_193,r_50_165_94,1.0,0,94,94,12
14,r_17_42_3,r_118_66_106,r_97_149_48,r_17_42_3,0.67,49,52,3,12
14,r_17_42_3,r_13_152_110,r_118_66_106,r_17_42_3,0.66,23,26,3,12
42,r_109_22_193,seq114,r_50_165_94,r_109_22_193,0.58,-80,113,193,12
10,r_18_91_123,r_107_64_195,r_132_20_116,r_107_64_195,0.96,-72,123,195,12
0,r_85_90_74,r_132_20_116,r_57_156_2,r_57_156_2,1.0,72,74,2,12
26,r_108_154_35,r_163_115_44,r_37_138_162,r_108_154_35,1.0,0,35,35,12
11,r_118_66_106,r_84_35_4,r_155_159_17,r_118_66_106,0.93,0,106,106,12
56,r_60_56_127,r_63_59_53,r_19_75_98,r_60_56_127,0.91,0,127,127,12
46,r_127_76_55,r_51_48_47,r_13_152_110,r_13_152_110,1.0,17,127,110,12
49,r_47_80_102,r_26_110_189,r_113_120_141,r_113_120_141,0.97,49,190,141,12
33,r_61_4_18,r_123_14_192,seq71,r_61_4_18,0.69,-4,14,18,12
62,r_36_68_96,r_50_165_94,r_163_115_44,r_36_68_96,1.0,0,96,96,12
17,r_145_164_148,r_130_136_20,r_107_64_195,r_145_164_148,0.97,3,151,148,12
68,r_155_159_17,r_61_4_18,r_8_160_87,r_155_159_17,1.0,0,17,17,12
99,seq117,r_123_14_192,r_19_75_98,r_19_75_98,0.99,22,120,98,12
45,r_95_158_73,r_47_80_102,r_29_69_81,r_95_158_73,0.53,88,161,73,12
4,r_8_160_87,r_95_158_73,r_153_62_52,r_8_160_87,1.0,-32,55,87,12
27,r_13_152_110,r_17_42_3,seq65,r_13_152_110,0.89,0,110,110,12
53,r_45_43_54,r_63_59_53,r_37_138_162,r_37_138_162,1.0,4,166,162,12
2,r_70_52_142,seq114,r_61_4_18,r_70_52_142,0.74,0,142,142,12
15,r_1_77_32,r_26_110_189,r_100_151_5,r_1_77_32,0.94,1,33,32,12
93,seq98,r_109_22_193,r_96_147_171,r_96_147_171,0.54,12,183,171,12
3,r_63_59_53,seq98,r_60_56_127,r_63_59_53,1.0,0,53,53,12
61,r_0_79_133,r_95_158_73,r_146_32_56,r_0_79_133,0.99,2,135,133,12
25,r_92_168_61,r_50_165_94,r_1_77_32,r_92_168_61,0.95,0,61,61,12
66,r_51_48_47,r_37_138_162,seq30,r_51_48_47,1.0,0,47,47,12
50,r_21_157_84,seq2,r_29_69_81,r_21_157_84,1.0,1,85,84,12
58,r_26_110_189,seq133,r_47_80_102,r_47_80_102,0.82,51,153,102,12
88,seq67,r_129_88_186,r_163_115_44,r_163_115_44,1.0,0,44,44,12
1,r_146_32_56,seq39,r_96_147_171,r_146_32_56,0.99,0,56,56,12
61,r_0_79_133,r_26_110_189,r_95_158_73,r_95_158_73,0.97,-1,72,73,12
61,r_0_79_133,r_146_32_56,seq46,r_146_32_56,0.61,103,159,56,12
32,r_129_88_186,seq67,r_6_93_158,r_6_93_158,0.62,29,187,158,12
52,r_19_75_98,r_145_164_148,seq117,r_19_75_98,0.69,0,98,98,12
57,r_132_20_116,seq38,r_36_68_96,r_132_20_116,0.98,1,117,116,12
40,r_34_10_23,seq117,seq44,r_34_10_23,0.95,0,23,23,12
45,r_95_158_73,r_0_79_133,r_47_80_102,r_0_79_133,0.93,2,135,133,12
81,seq31,r_113_120_141,seq54,r_113_120_141,1.0,1,142,141,12
17,r_145_164_148,r_19_75_98,r_130_136_20,r_19_75_98,1.0,-1,97,98,12
13,r_121_169_45,r_37_138_162,seq54,r_121_169_45,1.0,1,46,45,12
65,r_97_149_48,seq27,r_17_42_3,r_97_149_48,0.97,2,50,48,12
9,r_9_99_146,r_23_74_180,r_132_20_116,r_9_99_146,0.86,0,146,146,12
26,r_108_154_35,r_37_138_162,r_34_10_23,r_37_138_162,0.98,-1,161,162,12
29,r_84_35_4,r_118_66_106,r_17_42_3,r_118_66_106,0.99,0,106,106,12
53,r_45_43_54,r_53_78_168,r_63_59_53,r_53_78_168,0.79,-114,54,168,12
49,r_47_80_102,r_53_78_168,r_26_110_189,r_47_80_102,0.69,-1,101,102,12
56,r_60_56_127,r_11_41_138,r_63_59_53,r_63_59_53,1.0,9,62,53,12
7,r_81_16_135,r_9_99_146,seq39,r_81_16_135,0.84,3,138,135,12
44,r_49_135_91,r_6_93_158,seq30,r_49_135_91,1.0,0,91,91,12
23,r_29_69_81,r_109_22_193,r_21_157_84,r_21_157_84,0.59,0,84,84,12
36,r_82_134_59,r_148_40_152,seq28,r_82_134_59,0.96,0,59,59,12
29,r_84_35_4,r_17_42_3,r_15_162_156,r_15_162_156,0.94,11,167,156,12
60,r_37_138_162,r_108_154_35,r_45_43_54,r_37_138_162,0.84,1,163,162,12
57,r_132_20_116,r_153_62_52,seq38,r_153_62_52,0.94,2,54,52,12
51,r_4_105_145,seq168,seq57,r_4_105_145,0.61,0,145,145,13
49,r_99_156_44,r_115_127_83,seq71,r_99_156_44,0.95,0,44,44,13
92,seq71,r_78_124_184,r_99_156_44,r_99_156_44,0.84,54,98,44,13
14,r_138_126_146,seq17,seq103,r_138_126_146,0.96,0,146,146,13
54,r_80_35_181,r_34_62_186,r_4_105_145,r_4_105_145,0.99,37,182,145,13
37,r_115_127_83,r_163_86_161,seq134,r_115_127_83,0.9,3,86,83,13
44,r_72_136_14,r_119_89_123,seq1,r_72_136_14,0.96,0,14,14,13
59,r_38_159_177,r_145_147_180,r_4_105_145,r_38_159_177,0.42,0,177,177,13
55,r_68_6_126,r_130_32_129,r_122_91_45,r_68_6_126,0.88,0,126,126,13
15,r_113_22_17,r_115_127_83,seq71,r_113_22_17,0.85,0,17,17,13
5,r_33_13_106,seq151,seq134,r_33_13_106,1.0,0,106,106,13
46,r_70_36_99,r_87_164_162,r_34_62_186,r_70_36_99,0.99,0,99,99,13
42,r_77_81_142,seq75,seq111,r_77_81_142,0.86,0,142,142,13
19,r_101_161_158,r_31_26_137,r_33_13_106,r_33_13_106,1.0,31,137,106,13
4,r_144_128_18,r_138_126_146,r_163_86_161,r_144_128_18,0.73,-3,15,18,13
66,r_146_58_136,r_87_164_162,r_152_11_25,r_146_58_136,0.91,1,137,136,13
76,seq17,r_138_126_146,r_53_167_10,r_138_126_146,0.95,-47,99,146,13
41,r_94_64_179,r_169_142_164,r_25_67_86,r_94_64_179,0.46,0,179,179,13
67,r_131_150_97,r_138_126_146,seq0,r_131_150_97,1.0,1,98,97,13
30,r_63_54_36,r_114_95_38,r_12_160_175,r_12_160_175,0.86,-139,36,175,13
45,r_79_153_22,seq57,r_169_142_164,r_79_153_22,0.61,4,26,22,13
3,r_83_8_199,r_130_32_129,r_123_50_105,r_83_8_199,0.6,-70,129,199,13
16,r_122_91_45,seq151,r_68_6_126,r_68_6_126,1.0,10,136,126,13
10,r_169_142_164,r_94_64_179,r_102_97_84,r_102_97_84,1.0,25,109,84,13
8,r_56_149_5,seq162,r_70_36_99,r_70_36_99,1.0,4,103,99,13
72,seq134,r_94_64_179,r_33_13_106,r_33_13_106,1.0,44,150,106,13
16,r_122_91_45,r_141_14_110,seq151,r_141_14_110,1.0,0,110,110,13
0,r_15_21_94,seq111,r_18_69_1,r_15_21_94,1.0,0,94,94,13
63,r_73_129_169,r_112_139_193,r_33_13_106,r_73_129_169,0.73,0,169,169,13
11,r_87_164_162,r_146_58_136,r_82_158_183,r_146_58_136,1.0,1,137,136,13
20,r_166_117_118,seq137,r_131_150_97,r_131_150_97,0.6,21,118,97,13
13,r_109_96_114,r_66_85_153,seq111,r_109_96_114,0.81,0,114,114,13
98,seq111,r_15_21_94,seq57,r_15_21_94,1.0,0,94,94,13
56,r_141_14_110,r_122_91_45,r_33_13_106,r_122_91_45,1.0,65,110,45,13
46,r_70_36_99,r_34_62_186,seq162,r_34_62_186,0.73,0,186,186,13
90,seq61,r_46_118_92,r_52_40_9,r_52_40_9,0.83,2,11,9,13
48,r_19_108_81,seq154,r_45_116_15,r_19_108_81,0.96,0,81,81,13
36,r_45_116_15,r_46_118_92,r_10_90_16,r_10_90_16,0.96,3,19,16,13
4,r_144_128_18,r_163_86_161,r_165_125_12,r_163_86_161,1.0,2,163,161,13
57,r_102_97_84,r_33_13_106,r_169_142_164,r_169_142_164,1.0,-79,85,164,13
6,r_46_118_92,seq61,r_37_42_163,r_46_118_92,0.5,0,92,92,13
22,r_43_28_11,r_135_98_109,seq57,r_43_28_11,1.0,0,11,11,13
2,r_34_62_186,r_70_36_99,r_33_13_106,r_34_62_186,0.51,0,186,186,13
61,r_48_107_54,seq1,r_45_116_15,r_48_107_54,1.0,0,54,54,13
10,r_169_142_164,r_102_97_84,r_79_153_22,r_102_97_84,0.58,87,171,84,13
27,r_47_16_133,r_37_42_163,seq17,r_47_16_133,0.98,0,133,133,13
39,r_114_95_38,seq74,seq137,r_114_95_38,1.0,0,38,38,13
30,r_63_54_36,r_12_160_175,r_3_157_78,r_3_157_78,0.91,97,175,78,13
19,r_101_161_158,r_33_13_106,r_9_88_13,r_101_161_158,0.52,0,158,158,13
1,r_165_125_12,seq151,seq29,r_165_125_12,1.0,0,12,12,13
2,r_34_62_186,seq41,r_70_36_99,r_70_36_99,0.99,4,103,99,13
47,r_25_67_86,r_77_81_142,r_113_22_17,r_25_67_86,0.94,41,127,86,13
40,r_130_32_129,r_68_6_126,r_59_49_124,r_130_32_129,0.95,0,129,129,13
16,r_122_91_45,r_120_140_48,r_141_14_110,r_122_91_45,1.0,0,45,45,13
29,r_135_98_109,seq151,seq24,r_135_98_109,0.86,0,109,109,13
24,r_145_147_180,r_38_159_177,r_165_125_12,r_145_147_180,0.49,1,181,180,13
33,r_155_100_139,seq75,r_72_136_14,r_155_100_139,0.98,0,139,139,13
64,r_163_86_161,seq29,seq57,r_163_86_161,0.92,1,162,161,13
53,r_143_133_27,seq65,seq0,r_143_133_27,1.0,0,27,27,13
50,r_76_110_170,r_145_147_180,r_87_164_162,r_76_110_170,0.63,0,170,170,13
58,r_93_92_135,seq0,r_45_116_15,r_93_92_135,0.94,0,135,135,13
65,r_82_158_183,seq60,r_87_164_162,r_82_158_183,0.28,-16,167,183,13
32,r_5_2_113,r_87_164_162,seq1,r_5_2_113,0.83,0,113,113,13
69,r_152_11_25,seq1,seq75,r_152_11_25,1.0,1,26,25,13
34,r_31_26_137,r_101_161_158,r_130_32_129,r_31_26_137,1.0,0,137,137,13
75,seq151,r_33_13_106,seq103,r_33_13_106,0.99,-45,61,106,13
60,r_10_90_16,r_93_92_135,r_45_116_15,r_10_90_16,0.64,0,16,16,13
62,r_12_160_175,r_93_92_135,r_63_54_36,r_63_54_36,1.0,2,38,36,13
17,r_66_85_153,seq121,r_45_116_15,r_66_85_153,0.51,0,153,153,13
94,seq75,r_145_147_180,r_146_58_136,r_146_58_136,0.87,45,181,136,13
56,r_141_14_110,r_33_13_106,r_122_91_45,r_122_91_45,1.0,3,48,45,13
62,r_12_160_175,r_63_54_36,r_165_125_12,r_12_160_175,0.69,0,175,175,13
28,r_3_157_78,r_19_108_81,r_63_54_36,r_19_108_81,0.95,-3,78,81,13
7,r_78_124_184,seq71,r_47_16_133,r_78_124_184,0.49,0,184,184,13
23,r_59_49_124,r_51_84_191,r_130_32_129,r_130_32_129,0.97,1,130,129,13
43,r_120_140_48,seq39,seq137,r_120_140_48,0.93,0,48,48,13
12,r_123_50_105,seq104,r_83_8_199,r_123_50_105,0.75,0,105,105,13
40,r_10_81_18,r_38_129_127,r_103_0_90,r_10_81_18,0.96,109,127,18,14
30,r_43_72_183,seq160,r_60_56_88,r_60_56_88,1.0,95,183,88,14
12,r_24_42_44,r_166_156_166,r_59_7_179,r_24_42_44,1.0,3,47,44,14
36,r_149_79_149,r_141_87_93,r_14_64_76,r_14_64_76,1.0,17,93,76,14
98,seq119,r_50_70_45,r_59_7_179,r_50_70_45,1.0,0,45,45,14
14,r_144_115_111,r_55_125_131,r_19_3_69,r_19_3_69,0.67,44,113,69,14
53,r_153_52_4,r_38_129_127,r_93_155_81,r_153_52_4,0.7,98,102,4,14
43,r_65_92_133,seq39,r_91_157_115,r_65_92_133,0.97,1,134,133,14
26,r_60_56_88,r_10_81_18,r_30_6_33,r_30_6_33,0.91,4,37,33,14
54,r_31_137_3,r_145_104_151,seq98,r_145_104_151,0.86,-72,79,151,14
3,r_34_58_19,r_163_15_82,r_46_45_196,r_163_15_82,0.82,2,84,82,14
55,r_141_87_93,r_149_79_149,seq169,r_141_87_93,0.95,0,93,93,14
21,r_150_121_164,r_1_21_173,r_51_32_87,r_51_32_87,0.74,77,164,87,14
39,r_103_0_90,r_166_156_166,r_10_81_18,r_103_0_90,0.68,1,91,90,14
5,r_110_28_186,r_158_82_158,r_34_58_19,r_110_28_186,0.72,-30,156,186,14
42,r_163_15_82,seq143,seq66,r_163_15_82,0.76,-2,80,82,14
9,r_90_120_30,r_146_130_85,seq71,r_90_120_30,1.0,1,31,30,14
80,seq37,r_43_72_183,r_41_44_104,r_41_44_104,1.0,28,132,104,14
7,r_14_64_76,r_149_79_149,r_167_77_136,r_14_64_76,1.0,73,149,76,14
69,r_29_36_176,r_48_80_91,r_53_135_53,r_53_135_53,0.6,5,58,53,14
35,r_151_147_47,r_38_129_127,r_23_111_77,r_151_147_47,0.43,0,47,47,14
11,r_40_69_147,r_94_113_71,seq119,r_40_69_147,0.99,0,147,147,14
13,r_38_129_127,r_151_147_47,r_10_81_18,r_38_129_127,0.52,-101,26,127,14
0,r_138_68_43,r_146_130_85,r_30_6_33,r_138_68_43,1.0,0,43,43,14
31,r_19_3_69,seq2,r_114_123_156,r_19_3_69,0.98,0,69,69,14
41,r_142_108_102,seq89,seq83,r_142_108_102,0.99,1,103,102,14
67,r_148_139_83,r_149_79_149,r_90_120_30,r_148_139_83,1.0,0,83,83,14
20,r_109_131_56,r_149_79_149,r_10_81_18,r_109_131_56,1.0,3,59,56,14
58,r_97_5_160,r_48_80_91,r_132_86_58,r_97_5_160,0.99,0,160,160,14
8,r_53_135_53,r_29_36_176,seq162,r_29_36_176,0.84,0,176,176,14
3,r_34_58_19,r_90_120_30,r_163_15_82,r_34_58_19,0.94,-1,18,19,14
72,seq143,r_163_15_82,r_132_86_58,r_132_86_58,1.0,11,69,58,14
11,r_40_69_147,r_53_135_53,r_94_113_71,r_53_135_53,0.99,1,54,53,14
4,r_166_156_166,r_1_21_173,r_109_131_56,r_166_156_166,0.56,0,166,166,14
63,r_61_84_1,r_88_78_106,r_60_56_88,r_60_56_88,1.0,0,88,88,14
37,r_100_11_34,r_145_104_151,seq8,r_100_11_34,0.99,0,34,34,14
46,r_140_49_28,r_163_15_82,r_4_164_48,r_4_164_48,1.0,4,52,48,14
15,r_55_125_131,seq136,seq67,r_55_125_131,0.76,0,131,131,14
8,r_53_135_53,r_40_69_147,r_29_36_176,r_53_135_53,1.0,0,53,53,14
12,r_24_42_44,r_59_7_179,r_62_75_174,r_24_42_44,0.58,131,175,44,14
13,r_38_129_127,r_10_81_18,seq67,r_38_129_127,0.99,0,127,127,14
6,r_51_32_87,seq67,r_31_137_3,r_51_32_87,1.0,0,87,87,14
62,r_59_7_179,seq162,r_166_156_166,r_59_7_179,0.58,0,179,179,14
16,r_30_6_33,r_60_56_88,r_138_68_43,r_30_6_33,0.75,25,58,33,14
1,r_50_70_45,seq119,seq112,r_50_70_45,0.98,0,45,45,14
0,r_138_68_43,r_30_6_33,r_26_134_114,r_26_134_114,1.0,12,126,114,14
40,r_10_81_18,r_60_56_88,r_38_129_127,r_10_81_18,0.8,1,19,18,14
27,r_12_47_157,seq71,r_88_78_106,r_12_47_157,0.9,0,157,157,14
19,r_4_164_48,r_95_13_148,r_140_49_28,r_4_164_48,1.0,0,48,48,14
87,seq67,r_51_32_87,r_55_125_131,r_51_32_87,0.99,-12,75,87,14
69,r_29_36_176,r_53_135_53,r_88_78_106,r_29_36_176,0.8,1,177,176,14
48,r_27_9_143,r_132_86_58,seq168,r_132_86_58,0.92,0,58,58,14
2,r_88_78_106,r_61_84_1,seq99,r_88_78_106,0.68,-34,72,106,14
18,r_95_13_148,r_12_47_157,r_14_64_76,r_14_64_76,0.97,72,148,76,14
24,r_93_155_81,seq57,r_153_52_4,r_93_155_81,1.0,0,81,81,14
34,r_132_86_58,r_27_9_143,seq143,r_132_86_58,1.0,0,58,58,14
25,r_116_35_61,r_14_64_76,r_40_69_147,r_116_35_61,1.0,0,61,61,14
33,r_146_130_85,r_114_123_156,r_4_164_48,r_146_130_85,0.97,0,85,85,14
48,r_27_9_143,seq168,r_167_77_136,r_27_9_143,0.97,0,143,143,14
70,seq2,r_97_5_160,r_48_80_91,r_97_5_160,0.75,-4,156,160,14
64,r_117_107_167,seq159,seq160,r_117_107_167,0.49,6,173,167,14
50,r_158_82_158,r_110_28_186,r_167_77_136,r_167_77_136,0.63,22,158,136,14
58,r_97_5_160,r_167_77_136,r_48_80_91,r_48_80_91,0.89,45,136,91,14
70,seq2,r_19_3_69,r_97_5_160,r_19_3_69,1.0,0,69,69,14
6,r_51_32_87,r_31_137_3,r_150_121_164,r_150_121_164,1.0,12,176,164,14
32,r_128_154_123,seq102,r_109_131_56,r_128_154_123,0.98,0,123,123,14
38,r_76_152_97,seq162,r_90_120_30,r_90_120_30,0.91,74,104,30,14
52,r_62_75_174,seq98,r_24_42_44,r_62_75_174,0.81,0,174,174,14
77,seq160,r_43_72_183,r_117_107_167,r_117_107_167,0.6,16,183,167,14
31,r_19_3_69,r_114_123_156,r_144_115_111,r_144_115_111,1.0,0,111,111,14
5,r_110_28_186,r_34_58_19,r_65_92_133,r_110_28_186,0.62,1,187,186,14
60,r_48_80_91,r_29_36_176,r_97_5_160,r_48_80_91,0.99,0,91,91,14
45,r_20_73_12,r_14_64_76,r_74_126_6,r_14_64_76,0.5,-64,12,76,14
81,seq39,r_65_92_133,seq127,r_65_92_133,1.0,0,133,133,14
17,r_94_113_71,r_133_16_162,r_40_69_147,r_94_113_71,0.84,3,74,71,14
25,r_116_35_61,r_40_69_147,r_65_92_133,r_116_35_61,1.0,72,133,61,14
85,seq57,r_128_154_123,r_4_164_48,r_4_164_48,0.67,5,53,48,14
94,seq99,seq22,r_88_78_106,r_88_78_106,0.66,17,123,106,14
98,seq119,r_59_7_179,r_40_69_147,r_40_69_147,0.82,0,147,147,14
16,r_30_6_33,r_24_42_44,r_60_56_88,r_30_6_33,0.96,0,33,33,14
22,r_1_21_173,seq66,r_94_113_71,r_1_21_173,0.35,3,176,173,14
28,r_167_77_136,r_97_5_160,r_14_64_76,r_167_77_136,0.75,0,136,136,14
49,r_133_16_162,r_43_72_183,r_48_80_91,r_133_16_162,0.62,0,162,162,14
44,r_145_104_151,r_51_32_87,r_116_35_61,r_145_104_151,0.99,0,151,151,14
56,r_101_124_161,r_62_75_174,r_74_126_6,r_101_124_161,0.98,0,161,161,14
7,r_14_64_76,r_65_92_133,r_149_79_149,r_14_64_76,0.99,0,76,76,14
44,r_145_104_151,r_41_44_104,r_51_32_87,r_145_104_151,0.81,-47,104,151,14
23,r_26_134_114,r_63_54_197,r_138_68_43,r_26_134_114,0.64,0,114,114,14
17,r_94_113_71,r_40_69_147,r_65_92_133,r_94_113_71,0.96,76,147,71,14
26,r_60_56_88,r_30_6_33,r_61_84_1,r_60_56_88,1.0,0,88,88,14
79,seq162,r_59_7_179,r_53_135_53,r_53_135_53,1.0,126,179,53,14
60,r_48_80_91,r_97_5_160,r_133_16_162,r_48_80_91,0.98,71,162,91,14
36,r_149_79_149,r_14_64_76,r_85_17_107,r_149_79_149,1.0,0,149,149,14
84,seq136,r_91_157_115,r_4_164_48,r_4_164_48,1.0,68,116,48,14
51,r_0_134_77,r_166_34_161,seq108,r_0_134_77,0.99,0,77,77,15
36,r_62_59_103,r_24_64_2,seq69,r_62_59_103,1.0,0,103,103,15
32,r_133_66_33,r_137_119_93,seq69,r_137_119_93,1.0,0,93,93,15
92,seq141,r_67_92_73,r_169_115_30,r_67_92_73,0.82,1,74,73,15
8,r_27_61_155,seq142,seq69,r_27_61_155,0.93,0,155,155,15
53,r_125_107_116,r_27_61_155,r_118_53_32,r_125_107_116,0.99,4,120,116,15
54,r_101_80_157,seq42,seq151,r_101_80_157,0.68,2,159,157,15
37,r_36_88_27,r_74_100_178,r_81_83_105,r_36_88_27,0.87,1,28,27,15
59,r_85_112_125,seq108,seq71,r_85_112_125,0.87,0,125,125,15
55,r_152_20_121,r_94_12_198,r_122_131_100,r_152_20_121,0.84,0,121,121,15
16,r_154_164_87,seq60,r_19_76_199,r_154_164_87,0.92,1,88,87,15
1,r_157_158_47,r_129_143_185,r_117_10_148,r_117_10_148,0.99,37,185,148,15
97,seq109,r_74_100_178,r_139_6_159,r_74_100_178,0.68,2,180,178,15
5,r_24_64_2,r_62_59_103,r_2_84_88,r_62_59_103,1.0,0,103,103,15
46,r_35_104_16,r_156_87_162,r_148_55_186,r_35_104_16,0.41,61,77,16,15
42,r_106_113_154,r_41_86_91,seq32,r_41_86_91,0.96,0,91,91,15
56,r_7_57_152,r_157_158_47,r_133_66_33,r_7_57_152,0.84,1,153,152,15
63,r_75_135_39,r_148_55_186,seq82,r_75_135_39,1.0,2,41,39,15
56,r_7_57_152,r_133_66_33,r_166_34_161,r_7_57_152,0.54,22,174,152,15
45,r_148_55_186,r_105_43_151,r_35_104_16,r_105_43_151,0.95,-45,106,151,15
32,r_133_66_33,r_166_34_161,r_137_119_93,r_133_66_33,0.98,1,34,33,15
32,r_133_66_33,seq69,r_156_87_162,r_133_66_33,0.4,129,162,33,15
19,r_74_100_178,seq109,r_130_93_69,r_130_93_69,1.0,111,180,69,15
15,r_31_3_29,r_156_87_162,r_146_17_83,r_146_17_83,1.0,80,163,83,15
41,r_110_47_11,r_139_6_159,seq60,r_110_47_11,0.98,0,11,11,15
27,r_25_140_40,r_105_43_151,r_35_104_16,r_105_43_151,0.97,0,151,151,15
38,r_137_119_93,r_161_102_109,r_133_66_33,r_133_66_33,1.0,2,35,33,15
1,r_157_158_47,r_154_164_87,r_129_143_185,r_157_158_47,0.97,0,47,47,15
15,r_31_3_29,r_2_84_88,r_156_87_162,r_31_3_29,0.99,1,30,29,15
31,r_37_78_65,r_25_140_40,seq11,r_37_78_65,0.86,0,65,65,15
21,r_123_114_26,r_169_115_30,r_111_30_57,r_169_115_30,0.91,-3,27,30,15
67,r_58_95_51,seq13,seq4,r_58_95_51,1.0,0,51,51,15
26,r_67_92_73,seq141,r_89_127_31,r_67_92_73,0.99,1,74,73,15
74,seq13,r_58_95_51,r_148_55_186,r_58_95_51,1.0,0,51,51,15
4,r_63_132_81,r_2_84_88,r_123_114_26,r_63_132_81,0.95,4,85,81,15
11,r_146_17_83,r_94_12_198,r_31_3_29,r_146_17_83,0.84,0,83,83,15
13,r_26_147_190,seq153,r_63_132_81,r_63_132_81,0.6,109,190,81,15
48,r_96_126_115,r_144_23_171,r_72_29_50,r_72_29_50,0.64,65,115,50,15
57,r_162_18_127,r_168_99_189,r_67_92_73,r_67_92_73,0.86,57,130,73,15
24,r_168_99_189,r_106_113_154,r_146_17_83,r_168_99_189,0.69,0,189,189,15
10,r_118_53_32,r_145_49_62,seq42,r_118_53_32,0.75,1,33,32,15
2,r_50_128_35,r_125_107_116,r_137_119_93,r_137_119_93,0.97,27,120,93,15
34,r_48_116_44,seq136,r_149_45_8,r_48_116_44,0.92,3,47,44,15
22,r_72_29_50,r_52_68_14,r_96_126_115,r_96_126_115,0.77,23,138,115,15
47,r_22_56_114,r_98_163_138,r_58_95_51,r_22_56_114,0.63,1,115,114,15
28,r_105_43_151,r_148_55_186,r_25_140_40,r_25_140_40,1.0,0,40,40,15
40,r_161_102_109,seq69,seq109,r_161_102_109,1.0,0,109,109,15
24,r_168_99_189,r_101_80_157,r_106_113_154,r_168_99_189,0.7,-22,167,189,15
18,r_130_93_69,r_161_102_109,r_58_95_51,r_130_93_69,0.98,0,69,69,15
29,r_121_8_144,seq11,r_9_38_92,r_9_38_92,1.0,56,148,92,15
61,r_129_143_185,r_157_158_47,r_145_49_62,r_129_143_185,0.5,0,185,185,15
24,r_168_99_189,r_162_18_127,r_101_80_157,r_168_99_189,0.52,-59,130,189,15
42,r_106_113_154,r_168_99_189,r_24_64_2,r_106_113_154,0.83,35,189,154,15
25,r_122_131_100,r_121_8_144,seq142,r_122_131_100,0.74,-3,97,100,15
64,r_150_155_118,seq109,r_37_78_65,r_37_78_65,0.93,54,119,65,15
65,r_156_87_162,r_31_3_29,r_133_66_33,r_31_3_29,0.58,134,163,29,15
33,r_81_83_105,r_36_88_27,seq136,r_81_83_105,1.0,0,105,105,15
50,r_79_160_131,r_7_57_152,r_169_115_30,r_7_57_152,0.9,-19,133,152,15
65,r_156_87_162,r_9_38_92,r_31_3_29,r_156_87_162,0.65,-89,73,162,15
42,r_106_113_154,seq32,r_168_99_189,r_106_113_154,0.83,3,157,154,15
52,r_94_12_198,r_152_20_121,r_97_91_12,r_152_20_121,0.69,0,121,121,15
77,seq151,r_138_5_184,r_101_80_157,r_101_80_157,0.6,27,184,157,15
75,seq14,r_106_113_154,seq32,r_106_113_154,0.82,-7,147,154,15
60,r_9_38_92,r_156_87_162,r_67_92_73,r_9_38_92,0.84,0,92,92,15
27,r_25_140_40,r_33_167_193,r_105_43_151,r_25_140_40,0.99,0,40,40,15
9,r_41_86_91,r_106_113_154,r_63_132_81,r_41_86_91,0.96,0,91,91,15
38,r_137_119_93,r_133_66_33,r_50_128_35,r_137_119_93,1.0,0,93,93,15
33,r_81_83_105,r_145_49_62,r_36_88_27,r_81_83_105,0.73,-53,52,105,15
37,r_36_88_27,r_81_83_105,r_0_134_77,r_36_88_27,1.0,78,105,27,15
28,r_105_43_151,r_25_140_40,seq32,r_25_140_40,0.93,111,151,40,15
2,r_50_128_35,r_52_68_14,r_125_107_116,r_50_128_35,0.88,-1,34,35,15
22,r_72_29_50,r_33_167_193,r_52_68_14,r_72_29_50,0.82,5,55,50,15
49,r_89_127_31,r_72_29_50,r_67_92_73,r_89_127_31,0.89,44,75,31,15
56,r_7_57_152,r_79_160_131,r_157_158_47,r_157_158_47,1.0,88,135,47,15
7,r_166_34_161,r_144_23_171,r_7_57_152,r_166_34_161,0.52,0,161,161,15
66,r_169_115_30,r_123_114_26,seq141,r_169_115_30,0.83,3,33,30,15
79,seq32,r_98_163_138,seq51,r_98_163_138,0.99,4,142,138,15
61,r_129_143_185,r_72_29_50,r_157_158_47,r_129_143_185,0.93,-133,52,185,15
40,r_30_144_188,r_80_115_82,r_1_21_95,r_30_144_188,0.71,1,189,188,16
30,r_119_55_80,r_112_93_181,seq106,r_119_55_80,0.54,-2,78,80,16
51,r_153_77_125,seq94,r_33_71_32,r_153_77_125,0.88,0,125,125,16
26,r_105_116_45,r_137_135_124,r_167_34_167,r_105_116_45,1.0,1,46,45,16
9,r_118_151_72,r_44_56_164,r_23_92_104,r_118_151_72,0.8,82,154,72,16
8,r_95_114_79,r_142_129_60,r_51_138_70,r_95_114_79,0.97,0,79,79,16
53,r_88_24_86,seq7,r_62_169_9,r_88_24_86,1.0,0,86,86,16
58,r_121_146_175,r_33_71_32,seq106,r_33_71_32,0.45,146,178,32,16
43,r_6_10_64,r_153_77_125,seq38,r_6_10_64,1.0,0,64,64,16
54,r_68_91_151,seq15,r_57_103_198,r_68_91_151,0.94,0,151,151,16
37,r_60_37_106,seq74,r_119_55_80,r_119_55_80,0.59,27,107,80,16
21,r_53_72_186,seq127,r_60_37_106,r_53_72_186,0.39,0,186,186,16
39,r_76_19_96,r_112_93_181,r_82_42_77,r_76_19_96,0.6,1,97,96,16
1,r_82_42_77,seq132,r_51_138_70,r_82_42_77,1.0,0,77,77,16
46,r_117_107_91,r_166_50_199,seq29,r_117_107_91,0.99,0,91,91,16
55,r_133_39_55,r_44_56_164,r_13_41_46,r_133_39_55,0.99,1,56,55,16
24,r_13_41_46,r_1_21_95,r_0_18_24,r_13_41_46,0.57,-5,41,46,16
69,r_35_2_117,r_57_103_198,r_126_65_99,r_35_2_117,0.93,0,117,117,16
31,r_9_96_42,r_79_59_41,seq70,r_9_96_42,1.0,0,42,42,16
15,r_80_115_82,r_82_42_77,r_63_108_10,r_80_115_82,0.85,-72,10,82,16
19,r_159_165_1,r_99_28_132,r_62_169_9,r_159_165_1,0.59,132,133,1,16
15,r_80_115_82,r_63_108_10,r_30_144_188,r_80_115_82,0.9,3,85,82,16
27,r_139_156_20,r_123_164_170,r_126_65_99,r_139_156_20,1.0,-1,19,20,16
66,r_51_138_70,r_166_50_199,r_105_116_45,r_51_138_70,0.99,0,70,70,16
11,r_1_21_95,r_82_42_77,r_48_120_126,r_48_120_126,0.98,7,133,126,16
41,r_98_87_103,r_33_71_32,seq149,r_33_71_32,0.98,2,34,32,16
47,r_0_18_24,r_54_14_31,r_60_37_106,r_0_18_24,0.7,-1,23,24,16
61,r_109_67_19,r_113_47_52,seq64,r_109_67_19,0.93,0,19,19,16
6,r_167_34_167,r_82_42_77,r_101_100_123,r_167_34_167,0.99,0,167,167,16
3,r_123_164_170,seq8,r_95_114_79,r_95_114_79,1.0,95,174,79,16
10,r_32_122_121,r_167_34_167,r_113_47_52,r_113_47_52,0.92,69,121,52,16
42,r_44_56_164,r_133_39_55,seq7,r_133_39_55,0.78,1,56,55,16
14,r_63_108_10,r_80_115_82,r_49_157_142,r_80_115_82,0.96,6,88,82,16
4,r_168_83_172,seq45,r_32_122_121,r_168_83_172,0.58,4,176,172,16
18,r_113_47_52,seq110,r_54_14_31,r_113_47_52,0.92,0,52,52,16
0,r_16_158_89,r_121_146_175,seq125,r_16_158_89,0.98,2,91,89,16
73,seq15,r_68_91_151,r_95_114_79,r_95_114_79,0.53,72,151,79,16
20,r_137_135_124,seq124,seq45,r_137_135_124,0.9,1,125,124,16
13,r_131_46_87,r_32_122_121,seq74,r_131_46_87,1.0,0,87,87,16
48,r_148_17_155,seq29,seq149,r_148_17_155,0.77,0,155,155,16
6,r_167_34_167,r_69_140_136,r_82_42_77,r_82_42_77,1.0,59,136,77,16
62,r_97_3_159,seq8,seq45,r_97_3_159,0.89,0,159,159,16
67,r_78_12_40,r_85_147_115,r_57_103_198,r_78_12_40,1.0,1,41,40,16
2,r_126_65_99,r_139_156_20,r_13_41_46,r_126_65_99,0.69,2,101,99,16
56,r_27_145_35,r_133_39_55,seq110,r_27_145_35,0.99,1,36,35,16
36,r_23_92_104,r_78_12_40,r_118_151_72,r_118_151_72,0.71,29,101,72,16
87,seq70,r_155_11_165,r_159_165_1,r_155_11_165,0.96,0,165,165,16
41,r_98_87_103,seq149,seq132,r_98_87_103,0.95,2,105,103,16
59,r_85_147_115,r_60_37_106,r_117_107_91,r_85_147_115,0.77,1,116,115,16
40,r_30_144_188,r_57_103_198,r_80_115_82,r_80_115_82,0.85,2,84,82,16
29,r_166_50_199,r_51_138_70,r_117_107_91,r_51_138_70,1.0,1,71,70,16
25,r_79_59_41,r_1_21_95,seq124,r_79_59_41,0.82,3,44,41,16
64,r_54_14_31,seq152,seq8,r_54_14_31,1.0,0,31,31,16
59,r_85_147_115,r_78_12_40,r_60_37_106,r_78_12_40,1.0,0,40,40,16
33,r_90_25_193,r_150_111_85,seq152,r_150_111_85,1.0,0,85,85,16
47,r_0_18_24,r_60_37_106,r_126_65_99,r_60_37_106,0.94,-14,92,106,16
88,seq74,r_4_163_154,r_131_46_87,r_131_46_87,0.98,10,97,87,16
50,r_49_157_142,r_112_93_181,r_22_128_74,r_22_128_74,0.98,68,142,74,16
58,r_121_146_175,r_16_158_89,r_33_71_32,r_121_146_175,0.92,-84,91,175,16
65,r_48_120_126,r_166_50_199,r_1_21_95,r_48_120_126,0.93,0,126,126,16
42,r_44_56_164,r_118_151_72,r_57_103_198,r_44_56_164,0.9,1,165,164,16
14,r_63_108_10,r_130_160_194,r_80_115_82,r_63_108_10,0.74,0,10,10,16
38,r_112_93_181,r_49_157_142,r_150_111_85,r_49_157_142,0.38,42,184,142,16
52,r_22_128_74,r_82_42_77,r_27_145_35,r_82_42_77,0.92,-3,74,77,16
77,seq29,r_148_17_155,r_117_107_91,r_117_107_91,0.92,24,115,91,16
45,r_33_71_32,r_98_87_103,r_121_146_175,r_33_71_32,1.0,2,34,32,16
57,r_73_154_21,r_131_46_87,r_134_31_78,r_73_154_21,1.0,66,87,21,16
34,r_99_28_132,r_159_165_1,r_131_46_87,r_159_165_1,0.99,131,132,1,16
75,seq149,seq36,r_148_17_155,r_148_17_155,0.99,16,171,155,16
26,r_105_116_45,r_167_34_167,r_51_138_70,r_51_138_70,0.82,5,75,70,16
81,seq45,r_168_83_172,r_97_3_159,r_97_3_159,0.62,15,174,159,16
17,r_101_100_123,seq136,seq7,r_101_100_123,0.65,1,124,123,16
2,r_126_65_99,r_4_163_154,r_139_156_20,r_139_156_20,0.99,17,37,20,16
9,r_118_151_72,r_167_34_167,r_44_56_164,r_118_151_72,1.0,2,74,72,16
36,r_23_92_104,r_112_93_181,r_78_12_40,r_23_92_104,0.61,-74,30,104,16
15,r_80_115_82,r_30_144_188,r_137_135_124,r_137_135_124,0.6,65,189,124,16
22,r_155_11_165,seq70,r_80_115_82,r_155_11_165,0.53,0,165,165,16
49,r_66_86_68,seq70,seq124,r_66_86_68,1.0,2,70,68,16
57,r_73_154_21,r_82_42_77,r_131_46_87,r_73_154_21,0.94,0,21,21,16
7,r_134_31_78,seq132,r_73_154_21,r_134_31_78,1.0,0,78,78,16
23,r_150_111_85,r_90_25_193,r_119_55_80,r_150_111_85,0.98,0,85,85,16
42,r_44_56_164,seq7,r_118_151_72,r_44_56_164,0.73,-75,89,164,16
79,seq38,seq70,r_6_10_64,r_6_10_64,1.0,7,71,64,16
29,r_166_50_199,r_117_107_91,r_109_67_19,r_117_107_91,0.94,2,93,91,16
35,r_69_140_136,r_167_34_167,r_22_128_74,r_69_140_136,0.81,0,136,136,16
51,r_80_123_146,r_45_11_159,r_17_49_39,r_45_11_159,0.59,-12,147,159,17
92,seq67,r_98_100_120,r_33_27_190,r_98_100_120,0.98,0,120,120,17
14,r_167_115_61,r_60_0_186,r_53_2_163,r_167_115_61,1.0,0,61,61,17
54,r_129_101_98,r_34_36_128,r_40_64_36,r_129_101_98,1.0,0,98,98,17
37,r_154_118_62,r_144_15_117,seq159,r_154_118_62,0.74,1,63,62,17
59,r_42_6_83,r_107_103_172,seq120,r_107_103_172,0.7,-86,86,172,17
16,r_75_52_171,seq63,r_82_130_136,r_75_52_171,0.86,0,171,171,17
21,r_29_113_119,seq109,r_60_0_186,r_29_113_119,0.98,0,119,119,17
39,r_125_16_156,r_82_130_136,r_99_119_37,r_125_16_156,0.7,-26,130,156,17
1,r_127_81_67,r_162_96_97,r_157_150_30,r_127_81_67,0.52,0,67,67,17
5,r_60_0_186,r_151_128_65,seq139,r_151_128_65,0.86,0,65,65,17
46,r_94_136_76,r_134_156_141,r_108_19_7,r_94_136_76,1.0,0,76,76,17
42,r_162_96_97,seq3,r_59_91_42,r_162_96_97,0.88,0,97,97,17
48,r_133_28_130,r_40_64_36,r_141_83_31,r_133_28_130,0.98,-94,36,130,17
45,r_116_65_134,seq67,r_21_84_99,r_116_65_134,0.44,0,134,134,17
9,r_105_48_40,r_29_113_119,seq159,r_105_48_40,1.0,0,40,40,17
55,r_40_64_36,seq148,r_32_88_139,r_40_64_36,0.94,-1,35,36,17
35,r_70_47_11,r_21_84_99,r_133_28_130,r_70_47_11,0.95,0,11,11,17
49,r_32_88_139,r_46_95_109,r_9_68_34,r_32_88_139,0.92,1,140,139,17
17,r_34_36_128,seq54,seq67,r_34_36_128,0.87,0,128,128,17
52,r_51_160_44,r_14_102_189,seq76,r_51_160_44,1.0,0,44,44,17
4,r_20_57_196,r_143_43_58,r_9_68_34,r_20_57_196,0.88,-138,58,196,17
10,r_126_77_68,r_8_97_168,r_131_145_10,r_126_77_68,0.66,0,68,68,17
72,seq7,r_14_102_189,r_168_85_95,r_168_85_95,1.0,0,95,95,17
14,r_167_115_61,r_53_2_163,r_56_104_73,r_53_2_163,0.7,1,164,163,17
11,r_142_30_79,seq139,seq169,r_142_30_79,1.0,0,79,79,17
2,r_59_91_42,r_92_24_29,seq109,r_59_91_42,1.0,0,42,42,17
20,r_1_72_112,seq158,seq152,r_1_72_112,0.99,0,112,112,17
98,seq25,seq120,r_89_112_96,r_89_112_96,1.0,12,108,96,17
92,seq67,r_33_27_190,r_135_90_140,r_135_90_140,0.81,7,147,140,17
13,r_99_119_37,r_71_124_91,seq132,r_71_124_91,0.58,-54,37,91,17
12,r_53_2_163,r_167_115_61,r_143_43_58,r_53_2_163,0.74,1,164,163,17
5,r_60_0_186,r_29_113_119,r_99_119_37,r_60_0_186,0.86,0,186,186,17
6,r_74_114_107,seq67,seq153,r_74_114_107,0.83,0,107,107,17
21,r_29_113_119,r_60_0_186,r_89_112_96,r_29_113_119,0.5,67,186,119,17
63,r_166_55_41,r_98_100_120,r_131_145_10,r_98_100_120,0.89,-73,47,120,17
8,r_137_138_22,r_1_72_112,r_157_150_30,r_137_138_22,0.99,3,25,22,17
47,r_144_15_117,seq13,r_1_72_112,r_144_15_117,0.95,0,117,117,17
0,r_17_49_39,seq139,r_71_124_91,r_71_124_91,1.0,2,93,91,17
40,r_8_97_168,seq4,r_99_119_37,r_8_97_168,0.76,0,168,168,17
18,r_22_155_108,r_32_88_139,seq58,r_22_155_108,0.97,0,108,108,17
29,r_82_130_136,r_125_16_156,seq18,r_125_16_156,0.81,-17,139,156,17
62,r_146_110_45,r_82_130_136,seq69,r_146_110_45,0.54,1,46,45,17
35,r_70_47_11,r_133_28_130,r_141_83_31,r_70_47_11,0.75,119,130,11,17
33,r_168_85_95,r_8_97_168,seq7,r_168_85_95,1.0,1,96,95,17
48,r_133_28_130,r_141_83_31,seq164,r_133_28_130,1.0,0,130,130,17
64,r_151_128_65,r_60_0_186,seq4,r_151_128_65,1.0,0,65,65,17
65,r_39_78_182,r_157_150_30,r_74_114_107,r_74_114_107,0.92,78,185,107,17
88,seq54,r_39_78_182,r_26_61_51,r_26_61_51,1.0,21,72,51,17
50,r_71_124_91,r_134_156_141,r_17_49_39,r_134_156_141,0.86,-50,91,141,17
65,r_39_78_182,seq54,r_157_150_30,r_157_150_30,0.73,42,72,30,17
68,r_134_156_141,r_71_124_91,seq153,r_71_124_91,0.71,0,91,91,17
61,r_107_103_172,seq7,r_74_114_107,r_107_103_172,0.79,0,172,172,17
32,r_79_140_142,r_39_78_182,r_62_122_8,r_79_140_142,0.92,0,142,142,17
0,r_17_49_39,r_45_11_159,seq139,r_17_49_39,1.0,0,39,39,17
38,r_46_95_109,seq31,r_92_24_29,r_46_95_109,0.97,0,109,109,17
68,r_134_156_141,seq153,r_98_100_120,r_98_100_120,0.56,1,121,120,17
34,r_56_104_73,r_75_52_171,r_46_95_109,r_56_104_73,0.84,37,110,73,17
5,r_60_0_186,seq139,r_29_113_119,r_29_113_119,0.99,0,119,119,17
90,seq159,r_26_61_51,r_105_48_40,r_105_48_40,0.61,3,43,40,17
36,r_157_150_30,r_125_16_156,r_93_50_33,r_157_150_30,0.96,7,37,30,17
17,r_34_36_128,r_129_101_98,seq54,r_129_101_98,0.97,0,98,98,17
68,r_134_156_141,r_98_100_120,seq10,r_134_156_141,0.89,0,141,141,17
6,r_74_114_107,seq153,r_98_100_120,r_98_100_120,0.93,15,135,120,17
39,r_125_16_156,r_99_119_37,r_141_83_31,r_125_16_156,0.92,0,156,156,17
56,r_141_83_31,r_39_78_182,r_70_47_11,r_141_83_31,1.0,0,31,31,17
22,r_89_112_96,seq152,seq25,r_89_112_96,1.0,0,96,96,17
28,r_66_41_151,seq120,r_99_119_37,r_66_41_151,0.95,0,151,151,17
91,seq63,r_75_52_171,r_92_24_29,r_75_52_171,1.0,0,171,171,17
49,r_32_88_139,r_22_155_108,r_46_95_109,r_32_88_139,0.84,-31,108,139,17
60,r_26_61_51,r_45_11_159,seq54,r_26_61_51,0.98,-3,48,51,17
43,r_93_50_33,r_75_52_171,r_157_150_30,r_93_50_33,1.0,0,33,33,17
7,r_86_38_122,r_107_103_172,seq109,r_86_38_122,0.97,0,122,122,17
23,r_135_90_140,r_22_155_108,r_167_115_61,r_135_90_140,0.61,-64,76,140,17
19,r_143_43_58,r_20_57_196,seq58,r_143_43_58,1.0,0,58,58,17
27,r_9_68_34,r_26_61_51,r_146_110_45,r_9_68_34,0.96,3,37,34,17
3,r_147_117_23,seq31,seq4,r_147_117_23,0.45,14,37,23,17
12,r_53_2_163,r_135_90_140,r_167_115_61,r_167_115_61,0.99,0,61,61,17
23,r_135_90_140,r_167_115_61,seq67,r_135_90_140,0.66,0,140,140,17
55,r_40_64_36,r_32_88_139,r_129_101_98,r_129_101_98,0.51,14,112,98,17
50,r_10_142_51,r_66_65_94,r_34_150_192,r_10_142_51,0.83,0,51,51,18
30,r_57_56_112,seq90,seq115,r_57_56_112,1.0,3,115,112,18
16,r_14_159_27,r_143_5_41,r_9_169_26,r_143_5_41,0.6,-14,27,41,18
55,r_124_164_46,seq63,seq52,r_124_164_46,1.0,1,47,46,18
8,r_18_55_168,seq25,r_30_166_70,r_18_55_168,0.65,0,168,168,18
61,r_143_5_41,r_31_36_25,seq70,r_143_5_41,0.68,74,115,41,18
54,r_117_27_120,r_104_6_147,r_130_41_5,r_117_27_120,0.93,2,122,120,18
83,seq42,r_89_11_187,r_123_45_10,r_89_11_187,0.44,0,187,187,18
22,r_19_67_52,seq133,seq42,r_19_67_52,1.0,0,52,52,18
37,r_154_100_97,seq58,r_30_166_70,r_154_100_97,1.0,3,100,97,18
59,r_92_95_84,r_75_7_1,seq113,r_92_95_84,1.0,-3,81,84,18
21,r_89_11_187,seq42,r_30_166_70,r_30_166_70,0.8,117,187,70,18
46,r_99_79_156,r_30_166_70,r_35_50_68,r_35_50_68,1.0,-1,67,68,18
42,r_145_2_184,seq38,r_168_160_163,r_145_2_184,0.38,1,185,184,18
32,r_30_166_70,r_64_136_135,r_154_100_97,r_30_166_70,0.99,65,135,70,18
69,r_34_150_192,r_71_94_95,r_127_91_182,r_71_94_95,1.0,0,95,95,18
45,r_134_23_158,r_26_44_125,r_99_79_156,r_134_23_158,0.87,0,158,158,18
64,r_35_50_68,r_99_79_156,r_82_15_123,r_35_50_68,0.76,58,126,68,18
48,r_161_146_172,r_31_36_25,seq122,r_31_36_25,0.76,-1,24,25,18
19,r_29_0_159,seq122,r_111_43_133,r_29_0_159,0.77,0,159,159,18
68,r_39_12_15,r_54_53_180,r_116_3_198,r_39_12_15,0.98,0,15,15,18
31,r_31_36_25,r_161_146_172,seq147,r_31_36_25,1.0,1,26,25,18
67,r_71_94_95,r_34_150_192,r_40_20_21,r_34_150_192,0.43,-94,98,192,18
3,r_149_13_162,r_82_15_123,r_119_76_170,r_82_15_123,0.86,2,125,123,18
11,r_125_102_34,seq137,r_130_41_5,r_125_102_34,1.0,0,34,34,18
10,r_87_121_189,r_128_16_72,r_54_53_180,r_54_53_180,0.75,10,190,180,18
26,r_104_6_147,r_87_121_189,r_24_47_138,r_104_6_147,0.88,1,148,147,18
4,r_78_131_129,r_62_48_3,r_82_15_123,r_78_131_129,0.97,0,129,129,18
0,r_168_160_163,seq80,r_31_36_25,r_31_36_25,0.8,138,163,25,18
63,r_26_44_125,r_134_23_158,r_92_95_84,r_26_44_125,0.96,3,128,125,18
1,r_93_126_16,r_118_72_176,seq144,r_93_126_16,0.97,0,16,16,18
20,r_119_76_170,seq122,r_162_108_117,r_162_108_117,0.96,60,177,117,18
13,r_127_91_182,r_34_150_192,r_8_156_164,r_8_156_164,0.55,18,182,164,18
46,r_99_79_156,r_35_50_68,seq144,r_99_79_156,0.88,0,156,156,18
15,r_88_85_101,seq61,r_77_167_87,r_88_85_101,0.98,0,101,101,18
57,r_82_15_123,r_149_13_162,r_78_131_129,r_78_131_129,0.89,0,129,129,18
6,r_157_163_109,seq133,r_66_65_94,r_157_163_109,0.96,2,111,109,18
65,r_8_156_164,r_57_56_112,r_127_91_182,r_8_156_164,0.54,21,185,164,18
27,r_129_96_121,r_148_84_98,r_77_167_87,r_129_96_121,0.89,-1,120,121,18
76,seq147,r_54_53_180,r_31_36_25,r_31_36_25,1.0,2,27,25,18
69,r_34_150_192,r_127_91_182,r_78_131_129,r_34_150_192,0.88,-29,163,192,18
2,r_24_47_138,r_89_11_187,seq51,r_24_47_138,0.77,0,138,138,18
47,r_120_112_73,r_92_95_84,r_116_3_198,r_120_112_73,1.0,-1,72,73,18
29,r_116_3_198,r_66_65_94,r_120_112_73,r_116_3_198,0.99,-121,77,198,18
25,r_135_81_13,r_157_163_109,r_141_46_40,r_135_81_13,0.5,105,118,13,18
48,r_161_146_172,seq122,r_93_126_16,r_161_146_172,0.77,2,174,172,18
64,r_35_50_68,seq70,r_99_79_156,r_35_50_68,1.0,-1,67,68,18
43,r_59_153_37,r_127_91_182,seq1,r_59_153_37,1.0,0,37,37,18
61,r_143_5_41,seq68,seq61,r_143_5_41,1.0,-2,39,41,18
58,r_22_105_165,r_116_3_198,seq61,r_22_105_165,0.71,0,165,165,18
53,r_86_151_43,seq37,seq74,r_86_151_43,1.0,1,44,43,18
65,r_8_156_164,r_77_167_87,r_57_56_112,r_77_167_87,0.68,79,166,87,18
3,r_149_13_162,r_119_76_170,r_114_33_149,r_149_13_162,0.9,7,169,162,18
32,r_30_166_70,r_99_79_156,r_64_136_135,r_30_166_70,0.53,-5,65,70,18
38,r_49_28_186,seq113,r_35_50_68,r_35_50_68,0.97,118,186,68,18
36,r_101_97_32,r_117_27_120,seq21,r_101_97_32,1.0,1,33,32,18
41,r_141_46_40,r_89_11_187,seq139,r_141_46_40,0.94,-1,39,40,18
60,r_110_158_92,r_8_156_164,seq37,r_110_158_92,1.0,1,93,92,18
17,r_66_65_94,r_116_3_198,r_59_153_37,r_66_65_94,0.97,0,94,94,18
89,seq68,r_143_5_41,seq37,r_143_5_41,0.92,-4,37,41,18
28,r_114_33_149,seq38,r_149_13_162,r_114_33_149,0.74,6,155,149,18
91,seq74,r_64_136_135,r_86_151_43,r_86_151_43,0.86,4,47,43,18
66,r_60_140_28,seq137,r_77_167_87,r_60_140_28,1.0,0,28,28,18
56,r_111_43_133,r_148_84_98,seq63,r_111_43_133,0.84,0,133,133,18
7,r_64_136_135,r_30_166_70,r_116_3_198,r_64_136_135,0.55,0,135,135,18
44,r_162_108_117,seq52,r_86_151_43,r_162_108_117,0.93,1,118,117,18
23,r_69_138_139,seq139,r_128_16_72,r_69_138_139,0.91,0,139,139,18
61,r_143_5_41,seq61,r_31_36_25,r_143_5_41,0.58,37,78,41,18
51,r_9_169_26,r_86_151_43,r_14_159_27,r_86_151_43,0.75,-16,27,43,18
30,r_145_123_70,r_124_10_133,r_102_26_18,r_102_26_18,0.59,52,70,18,19
44,r_80_154_73,r_96_46_167,r_120_165_136,r_120_165_136,0.63,33,169,136,19
51,r_158_19_193,r_107_141_170,seq118,r_107_141_170,0.89,-17,153,170,19
36,r_167_38_158,r_97_113_160,r_33_166_107,r_167_38_158,0.84,1,159,158,19
23,r_156_21_28,r_84_45_61,seq4,r_156_21_28,1.0,0,28,28,19
58,r_76_6_19,seq153,r_135_48_101,r_135_48_101,1.0,4,105,101,19
43,r_64_94_71,r_101_138_165,r_92_122_186,r_64_94_71,1.0,1,72,71,19
86,seq59,r_162_128_11,r_22_72_141,r_22_72_141,1.0,21,162,141,19
54,r_159_68_149,seq139,seq169,r_159_68_149,0.84,0,149,149,19
59,r_92_122_186,r_28_106_122,r_64_94_71,r_64_94_71,0.8,51,122,71,19
18,r_60_161_56,r_142_57_48,r_100_133_35,r_60_161_56,0.6,0,56,56,19
55,r_15_110_108,seq59,r_168_70_182,r_15_110_108,0.98,0,108,108,19
16,r_157_115_89,r_114_95_139,r_162_128_11,r_157_115_89,0.99,0,89,89,19
21,r_111_39_60,r_18_52_114,r_156_21_28,r_18_52_114,0.67,-52,62,114,19
39,r_50_126_148,r_97_113_160,r_61_117_67,r_97_113_160,0.73,-12,148,160,19
15,r_168_70_182,r_25_140_177,r_15_110_108,r_15_110_108,1.0,9,117,108,19
22,r_100_133_35,seq4,r_145_123_70,r_100_133_35,1.0,0,35,35,19
5,r_97_113_160,r_167_38_158,seq132,r_167_38_158,0.83,-5,153,158,19
46,r_151_155_154,r_96_46_167,r_116_112_69,r_151_155_154,0.65,0,154,154,19
42,r_16_79_145,seq137,seq51,r_16_79_145,0.86,1,146,145,19
80,seq35,r_152_11_121,r_5_44_59,r_152_11_121,1.0,0,121,121,19
45,r_84_45_61,r_130_14_159,r_111_39_60,r_111_39_60,0.93,1,61,60,19
22,r_100_133_35,r_145_123_70,r_60_161_56,r_100_133_35,0.81,25,60,35,19
19,r_152_11_121,seq35,r_102_26_18,r_152_11_121,0.98,0,121,121,19
69,r_83_144_17,r_89_66_20,r_130_14_159,r_130_14_159,0.84,4,163,159,19
95,seq105,r_40_129_80,seq51,r_40_129_80,1.0,0,80,80,19
66,r_101_138_165,seq78,r_28_106_122,r_101_138_165,0.56,0,165,165,19
31,r_2_91_72,r_17_86_135,r_97_113_160,r_2_91_72,0.82,0,72,72,19
41,r_5_44_59,seq59,seq37,r_5_44_59,0.77,2,61,59,19
20,r_121_146_93,seq88,r_89_66_20,r_89_66_20,1.0,2,22,20,19
42,r_16_79_145,seq51,r_3_82_4,r_3_82_4,0.41,181,185,4,19
67,r_102_26_18,seq119,seq98,r_102_26_18,0.98,-1,17,18,19
26,r_135_48_101,r_168_70_182,r_76_6_19,r_135_48_101,0.99,0,101,101,19
4,r_9_67_100,r_92_122_186,r_2_91_72,r_92_122_186,0.83,-86,100,186,19
0,r_31_36_115,r_151_155_154,r_5_44_59,r_31_36_115,1.0,0,115,115,19
45,r_84_45_61,r_156_21_28,r_130_14_159,r_156_21_28,0.85,7,35,28,19
63,r_109_27_113,r_130_14_159,seq148,r_109_27_113,0.66,2,115,113,19
73,seq139,r_159_68_149,seq164,r_159_68_149,0.81,0,149,149,19
11,r_73_143_109,r_65_0_143,r_40_129_80,r_73_143_109,0.44,0,109,109,19
6,r_103_43_14,r_125_99_119,r_3_82_4,r_103_43_14,0.99,0,14,14,19
13,r_61_117_67,r_69_1_99,r_100_133_35,r_61_117_67,0.98,0,67,67,19
60,r_28_106_122,r_3_82_4,r_101_138_165,r_101_138_165,0.99,0,165,165,19
15,r_168_70_182,r_40_129_80,r_25_140_177,r_40_129_80,1.0,-7,73,80,19
48,r_96_46_167,r_69_1_99,r_80_154_73,r_69_1_99,0.98,0,99,99,19
49,r_89_66_20,r_121_146_93,r_76_6_19,r_121_146_93,1.0,2,95,93,19
62,r_53_163_74,seq127,r_42_149_25,r_53_163_74,0.99,1,75,74,19
10,r_162_128_11,r_125_99_119,r_157_115_89,r_162_128_11,0.99,94,105,11,19
27,r_18_52_114,seq98,r_100_133_35,r_18_52_114,0.85,0,114,114,19
65,r_56_13_31,r_60_161_56,r_7_131_180,r_56_13_31,0.98,0,31,31,19
58,r_76_6_19,r_64_94_71,seq153,r_76_6_19,0.99,4,23,19,19
23,r_156_21_28,seq4,r_111_39_60,r_111_39_60,0.79,12,72,60,19
69,r_83_144_17,seq90,r_89_66_20,r_89_66_20,0.6,113,133,20,19
2,r_81_85_181,r_29_54_171,r_22_72_141,r_29_54_171,0.37,1,172,171,19
47,r_107_141_170,r_158_19_193,r_5_44_59,r_158_19_193,0.66,-21,172,193,19
59,r_92_122_186,r_64_94_71,r_81_85_181,r_92_122_186,0.87,1,187,186,19
40,r_22_72_141,seq169,r_56_13_31,r_22_72_141,0.92,0,141,141,19
24,r_69_1_99,r_96_46_167,r_157_115_89,r_69_1_99,0.88,0,99,99,19
43,r_64_94_71,r_92_122_186,r_17_86_135,r_64_94_71,0.6,116,187,71,19
33,r_116_112_69,r_40_129_80,seq71,r_40_129_80,0.72,-10,70,80,19
48,r_96_46_167,r_80_154_73,r_73_143_109,r_96_46_167,0.67,3,170,167,19
64,r_62_63_195,r_150_47_151,r_34_104_198,r_150_47_151,0.96,0,151,151,19
65,r_56_13_31,r_7_131_180,r_22_72_141,r_22_72_141,0.96,11,152,141,19
70,seq4,seq24,r_111_39_60,r_111_39_60,1.0,42,102,60,19
20,r_121_146_93,r_89_66_20,seq78,r_89_66_20,0.54,75,95,20,19
68,r_7_131_180,r_150_47_151,r_56_13_31,r_7_131_180,0.57,-145,35,180,19
32,r_125_99_119,seq59,r_109_27_113,r_125_99_119,1.0,0,119,119,19
38,r_25_140_177,r_168_70_182,r_9_67_100,r_9_67_100,0.95,79,179,100,19
52,r_150_47_151,r_62_63_195,r_102_26_18,r_150_47_151,0.69,0,151,151,19
77,seq24,seq4,r_84_45_61,r_84_45_61,1.0,18,79,61,19
68,r_7_131_180,r_56_13_31,seq118,r_7_131_180,0.58,0,180,180,19
34,r_29_54_171,r_81_85_181,r_73_143_109,r_81_85_181,0.41,-9,172,181,19
3,r_147_75_21,seq12,seq132,r_147_75_21,0.99,0,21,21,19
60,r_28_106_122,r_92_122_186,r_3_82_4,r_28_106_122,0.66,0,122,122,19
17,r_20_136_185,seq49,r_73_143_109,r_73_143_109,0.99,77,186,109,19
94,seq98,r_18_52_114,r_102_26_18,r_18_52_114,0.76,-11,103,114,19
69,r_83_144_17,r_65_0_143,seq90,r_83_144_17,0.78,0,17,17,19
15,r_168_70_182,r_15_110_108,r_65_0_143,r_168_70_182,0.93,0,182,182,19
31,r_2_91_72,r_97_113_160,r_9_67_100,r_9_67_100,0.72,53,153,100,19
28,r_120_165_136,r_65_0_143,r_80_154_73,r_120_165_136,0.53,0,136,136,19
56,r_40_129_80,seq105,r_156_21_28,r_40_129_80,0.97,1,81,80,19
44,r_80_154_73,r_97_113_160,r_96_46_167,r_80_154_73,0.78,0,73,73,19
49,r_89_66_20,r_114_95_139,r_121_146_93,r_89_66_20,0.8,0,20,20,19
8,r_32_87_33,seq137,r_147_75_21,r_32_87_33,0.81,0,33,33,19
10,r_162_128_11,r_31_36_115,r_125_99_119,r_162_128_11,0.98,0,11,11,19
35,r_33_166_107,r_107_141_170,seq148,r_107_141_170,0.54,-62,108,170,19
56,r_40_129_80,r_156_21_28,r_73_143_109,r_73_143_109,0.95,21,130,109,19
12,r_17_86_135,r_107_141_170,r_64_94_71,r_17_86_135,0.84,2,137,135,19
84,seq49,r_20_136_185,r_152_11_121,r_152_11_121,1.0,65,186,121,19
55,r_15_110_108,r_168_70_182,r_114_95_139,r_168_70_182,1.0,-10,172,182,19
13,r_36_26_1,r_106_67_59,r_31_95_34,r_36_26_1,0.98,17,18,1,20
51,r_73_30_40,r_82_8_19,r_142_133_137,r_82_8_19,0.69,121,140,19,20
26,r_81_113_46,r_150_153_119,r_87_89_173,r_81_113_46,1.0,0,46,46,20
36,r_161_47_108,r_158_27_169,r_52_35_11,r_161_47_108,0.83,0,108,108,20
87,seq54,r_167_164_168,r_6_60_121,r_6_60_121,0.72,3,124,121,20
8,r_52_35_11,r_97_69_109,seq38,r_52_35_11,0.92,0,11,11,20
43,r_97_69_109,r_130_163_145,r_36_26_1,r_97_69_109,1.0,0,109,109,20
4,r_107_53_53,r_150_153_119,seq125,r_107_53_53,0.98,0,53,53,20
54,r_167_164_168,seq38,seq23,r_167_164_168,0.68,0,168,168,20
3,r_4_3_35,r_157_43_185,r_56_55_93,r_157_43_185,0.44,-3,182,185,20
59,r_25_90_143,r_39_24_148,seq50,r_25_90_143,0.77,0,143,143,20
5,r_106_67_59,r_62_21_117,seq125,r_106_67_59,1.0,0,59,59,20
42,r_134_152_27,seq96,r_2_102_30,r_134_152_27,0.9,3,30,27,20
21,r_39_24_148,r_25_90_143,r_51_149_58,r_39_24_148,0.64,-5,143,148,20
39,r_165_85_111,seq155,r_82_8_19,r_165_85_111,0.72,1,112,111,20
34,r_144_74_42,r_68_78_128,r_36_26_1,r_144_74_42,1.0,0,42,42,20
46,r_158_27_169,r_75_126_140,r_150_153_119,r_158_27_169,0.72,-29,140,169,20
45,r_68_78_128,r_142_133_137,r_51_149_58,r_68_78_128,0.58,0,128,128,20
64,r_66_83_3,r_73_30_40,r_98_58_48,r_66_83_3,0.96,37,40,3,20
19,r_140_127_77,r_49_129_88,r_2_102_30,r_2_102_30,1.0,48,78,30,20
22,r_32_135_45,r_86_124_63,r_13_122_44,r_32_135_45,0.73,1,46,45,20
37,r_119_10_41,r_4_3_35,r_165_85_111,r_119_10_41,0.97,0,41,41,20
37,r_119_10_41,r_165_85_111,r_169_18_78,r_119_10_41,0.81,47,88,41,20
31,r_159_138_156,r_146_114_7,r_81_113_46,r_146_114_7,0.82,149,156,7,20
41,r_49_129_88,seq117,r_134_152_27,r_49_129_88,0.95,0,88,88,20
25,r_72_22_17,r_48_104_81,r_68_78_128,r_72_22_17,0.91,0,17,17,20
30,r_2_102_30,r_48_104_81,r_134_152_27,r_2_102_30,0.99,0,30,30,20
10,r_70_11_107,r_150_153_119,r_62_21_117,r_62_21_117,0.87,-10,107,117,20
78,seq23,r_150_153_119,seq120,r_150_153_119,1.0,2,121,119,20
29,r_31_95_34,r_66_83_3,r_36_26_1,r_31_95_34,0.96,0,34,34,20
63,r_86_124_63,seq7,seq141,r_86_124_63,1.0,0,63,63,20
73,seq136,seq7,r_48_104_81,r_48_104_81,1.0,7,88,81,20
11,r_146_114_7,r_56_55_93,r_108_33_56,r_108_33_56,0.88,37,93,56,20
20,r_87_89_173,r_59_45_196,r_81_113_46,r_81_113_46,1.0,29,75,46,20
50,r_40_116_24,r_51_149_58,r_52_35_11,r_40_116_24,0.85,-1,23,24,20
48,r_12_1_151,seq5,r_51_149_58,r_12_1_151,0.92,0,151,151,20
57,r_75_126_140,r_158_27_169,seq160,r_158_27_169,0.63,-29,140,169,20
99,seq125,seq160,r_15_71_112,r_15_71_112,0.93,29,141,112,20
10,r_70_11_107,r_62_21_117,r_87_89_173,r_62_21_117,0.87,0,117,117,20
64,r_66_83_3,r_98_58_48,r_51_149_58,r_51_149_58,0.76,36,94,58,20
6,r_51_149_58,r_147_101_29,r_2_102_30,r_51_149_58,0.63,-28,30,58,20
55,r_13_122_44,seq84,r_32_135_45,r_13_122_44,0.58,4,48,44,20
27,r_34_111_125,seq76,r_147_101_29,r_34_111_125,0.57,1,126,125,20
87,seq54,r_48_104_81,r_167_164_168,r_48_104_81,0.98,0,81,81,20
6,r_51_149_58,r_2_102_30,r_63_91_60,r_51_149_58,0.54,6,64,58,20
17,r_15_71_112,r_115_151_23,r_82_8_19,r_15_71_112,0.89,-93,19,112,20
2,r_59_45_196,r_87_89_173,r_92_61_144,r_92_61_144,0.51,29,173,144,20
47,r_130_163_145,seq132,r_25_90_143,r_130_163_145,0.59,3,148,145,20
28,r_44_103_39,r_13_122_44,seq132,r_44_103_39,0.88,1,40,39,20
40,r_63_91_60,r_165_85_111,r_51_149_58,r_63_91_60,1.0,1,61,60,20
74,seq137,r_92_61_144,r_34_111_125,r_92_61_144,0.6,0,144,144,20
18,r_42_131_160,r_100_93_199,r_86_124_63,r_86_124_63,1.0,102,165,63,20
33,r_79_9_180,seq19,r_75_126_140,r_75_126_140,0.97,40,180,140,20
46,r_158_27_169,r_150_153_119,r_73_30_40,r_158_27_169,0.88,3,172,169,20
16,r_98_58_48,r_42_131_160,r_66_83_3,r_98_58_48,1.0,0,48,48,20
58,r_169_18_78,r_142_133_137,r_119_10_41,r_169_18_78,0.78,0,78,78,20
65,r_16_121_155,r_158_27_169,seq7,r_16_121_155,0.92,0,155,155,20
20,r_87_89_173,r_81_113_46,seq23,r_87_89_173,0.69,0,173,173,20
68,r_88_109_66,r_34_111_125,r_32_135_45,r_88_109_66,0.96,1,67,66,20
42,r_134_152_27,r_2_102_30,r_49_129_88,r_49_129_88,1.0,80,168,88,20
38,r_0_64_67,seq120,seq96,r_0_64_67,0.94,0,67,67,20
61,r_157_43_185,r_128_28_47,r_4_3_35,r_128_28_47,0.98,6,53,47,20
60,r_145_139_68,r_56_55_93,r_128_28_47,r_145_139_68,0.98,2,70,68,20
7,r_108_33_56,r_86_124_63,r_146_114_7,r_146_114_7,0.98,49,56,7,20
3,r_4_3_35,r_119_10_41,seq19,r_119_10_41,0.89,0,41,41,20
9,r_100_93_199,r_42_131_160,r_75_126_140,r_100_93_199,0.45,-34,165,199,20
26,r_81_113_46,r_87_89_173,r_159_138_156,r_81_113_46,0.65,127,173,46,20
66,r_115_151_23,r_15_71_112,seq50,r_115_151_23,0.95,-4,19,23,20
32,r_147_101_29,r_51_149_58,seq137,r_147_101_29,0.97,1,30,29,20
14,r_156_37_13,r_100_93_199,r_146_114_7,r_156_37_13,0.93,0,13,13,20
0,r_128_28_47,r_157_43_185,r_72_22_17,r_128_28_47,0.97,1,48,47,20
25,r_72_22_17,r_68_78_128,r_128_28_47,r_72_22_17,0.93,36,53,17,20
67,r_118_57_36,r_13_122_44,seq38,r_118_57_36,1.0,4,40,36,20
56,r_6_60_121,r_142_133_137,seq54,r_6_60_121,0.94,0,121,121,20
44,r_46_14_64,seq125,r_32_135_45,r_32_135_45,1.0,24,69,45,20
23,r_48_104_81,seq54,seq136,r_48_104_81,1.0,0,81,81,20
17,r_15_71_112,r_82_8_19,seq125,r_15_71_112,0.85,0,112,112,20
12,r_56_55_93,r_159_138_156,r_82_8_19,r_159_138_156,0.56,-63,93,156,20
84,seq168,r_143_80_133,r_82_8_19,r_143_80_133,0.69,0,133,133,20
30,r_22_42_124,r_140_124_126,r_47_150_21,r_22_42_124,0.94,0,124,124,21
51,r_105_45_149,r_40_52_195,r_39_68_115,r_39_68_115,0.9,1,116,115,21
36,r_75_138_192,r_96_113_134,r_151_90_47,r_75_138_192,0.77,-112,80,192,21
4,r_47_150_21,r_44_0_28,r_41_62_42,r_41_62_42,0.89,0,42,42,21
66,r_25_23_121,r_44_0_28,seq7,r_25_23_121,0.94,4,125,121,21
14,r_129_111_64,r_35_48_123,r_1_91_148,r_129_111_64,0.94,0,64,64,21
67,r_14_53_37,r_65_155_163,r_149_2_32,r_14_53_37,0.99,0,37,37,21
53,r_143_99_147,seq7,r_161_13_1,r_143_99_147,0.88,1,148,147,21
86,seq51,r_94_78_128,r_143_99_147,r_143_99_147,0.32,-61,86,147,21
28,r_149_2_32,r_112_83_93,r_169_71_25,r_149_2_32,1.0,0,32,32,21
3,r_79_114_49,r_160_153_56,r_18_27_6,r_79_114_49,0.99,-1,48,49,21
54,r_94_78_128,r_37_162_54,r_5_121_39,r_37_162_54,0.94,74,128,54,21
37,r_106_157_188,r_93_81_194,r_30_58_107,r_30_58_107,0.8,81,188,107,21
59,r_142_126_88,r_35_48_123,seq33,r_142_126_88,1.0,0,88,88,21
71,seq134,r_12_43_153,r_30_58_107,r_12_43_153,1.0,0,153,153,21
16,r_36_28_177,r_76_87_59,r_12_43_153,r_36_28_177,0.57,0,177,177,21
21,r_76_87_59,r_36_28_177,r_32_128_142,r_76_87_59,0.56,117,176,59,21
5,r_101_154_181,r_18_27_6,r_160_153_56,r_160_153_56,0.99,124,180,56,21
43,r_169_71_25,seq100,r_149_2_32,r_149_2_32,0.92,0,32,32,21
55,r_127_117_112,r_133_61_66,r_135_60_12,r_135_60_12,0.51,2,14,12,21
9,r_160_153_56,r_125_116_151,seq163,r_160_153_56,1.0,0,56,56,21
11,r_56_10_51,r_32_128_142,r_44_0_28,r_56_10_51,1.0,-1,50,51,21
45,r_65_155_163,r_32_128_142,r_54_130_71,r_54_130_71,1.0,71,142,71,21
40,r_41_62_42,r_152_31_198,r_47_150_21,r_41_62_42,1.0,-4,38,42,21
31,r_110_123_129,seq100,r_14_53_37,r_14_53_37,0.92,94,131,37,21
41,r_54_130_71,r_107_145_116,r_49_72_22,r_54_130_71,1.0,0,71,71,21
8,r_44_0_28,r_122_108_97,r_56_10_51,r_122_108_97,0.92,0,97,97,21
66,r_25_23_121,r_110_123_129,r_44_0_28,r_44_0_28,1.0,2,30,28,21
14,r_129_111_64,r_1_91_148,r_151_90_47,r_1_91_148,0.84,0,148,148,21
78,seq19,r_156_98_120,r_37_162_54,r_156_98_120,0.97,-21,99,120,21
0,r_109_103_150,seq95,seq24,r_109_103_150,0.91,0,150,150,21
63,r_77_168_92,r_57_158_190,r_160_153_56,r_77_168_92,0.98,-6,86,92,21
73,seq136,r_119_102_144,r_5_121_39,r_5_121_39,0.96,105,144,39,21
20,r_12_43_153,seq134,r_122_108_97,r_12_43_153,0.84,0,153,153,21
13,r_59_66_75,seq6,seq4,r_59_66_75,1.0,0,75,75,21
46,r_152_31_198,r_30_58_107,r_92_15_84,r_92_15_84,1.0,19,103,84,21
26,r_133_61_66,r_135_60_12,r_44_0_28,r_133_61_66,1.0,0,66,66,21
15,r_37_162_54,r_94_78_128,seq19,r_94_78_128,0.98,-2,126,128,21
46,r_152_31_198,r_41_62_42,r_30_58_107,r_41_62_42,0.98,-6,36,42,21
12,r_1_91_148,r_129_111_64,seq100,r_1_91_148,0.88,0,148,148,21
62,r_156_98_120,seq19,r_93_81_194,r_156_98_120,0.98,2,122,120,21
86,seq51,r_143_99_147,r_37_162_54,r_143_99_147,0.89,8,155,147,21
2,r_32_128_142,r_49_72_22,seq85,r_32_128_142,0.98,1,143,142,21
68,r_135_60_12,r_59_66_75,r_127_117_112,r_135_60_12,0.92,1,13,12,21
6,r_46_8_30,r_32_128_142,r_40_52_195,r_32_128_142,0.58,-112,30,142,21
10,r_49_72_22,r_32_128_142,r_35_48_123,r_49_72_22,0.93,121,143,22,21
8,r_44_0_28,r_77_168_92,r_122_108_97,r_44_0_28,0.64,0,28,28,21
25,r_5_121_39,seq7,seq82,r_5_121_39,1.0,-1,38,39,21
69,r_57_158_190,r_14_53_37,r_30_58_107,r_30_58_107,0.61,83,190,107,21
47,r_131_86_52,r_112_83_93,r_49_72_22,r_131_86_52,0.99,1,53,52,21
24,r_119_102_144,seq136,r_76_87_59,r_119_102_144,0.45,3,147,144,21
2,r_32_128_142,r_46_8_30,r_49_72_22,r_49_72_22,0.94,8,30,22,21
33,r_107_145_116,r_54_130_71,r_14_53_37,r_107_145_116,1.0,-45,71,116,21
50,r_93_81_194,r_106_157_188,r_166_84_193,r_106_157_188,0.48,0,188,188,21
6,r_46_8_30,r_40_52_195,r_105_45_149,r_105_45_149,0.89,0,149,149,21
65,r_96_113_134,r_70_21_119,r_1_91_148,r_70_21_119,0.93,0,119,119,21
45,r_65_155_163,r_54_130_71,r_149_2_32,r_65_155_163,0.88,0,163,163,21
61,r_3_17_83,seq19,r_76_87_59,r_3_17_83,1.0,0,83,83,21
38,r_122_108_97,r_25_23_121,seq95,r_122_108_97,1.0,0,97,97,21
52,r_73_132_164,r_107_145_116,r_160_153_56,r_160_153_56,0.98,110,166,56,21
26,r_133_61_66,r_127_117_112,r_135_60_12,r_135_60_12,1.0,0,12,12,21
29,r_151_90_47,seq67,r_75_138_192,r_151_90_47,1.0,-3,44,47,21
68,r_135_60_12,r_127_117_112,seq85,r_127_117_112,0.95,0,112,112,21
10,r_49_72_22,r_146_55_48,r_32_128_142,r_49_72_22,1.0,1,23,22,21
69,r_57_158_190,r_77_168_92,r_14_53_37,r_57_158_190,0.68,-152,38,190,21
34,r_92_15_84,seq64,r_152_31_198,r_92_15_84,1.0,-2,82,84,21
64,r_18_27_6,r_101_154_181,r_79_114_49,r_79_114_49,1.0,132,181,49,21
4,r_47_150_21,seq51,r_44_0_28,r_47_150_21,0.94,0,21,21,21
60,r_147_89_127,r_119_102_144,r_122_108_97,r_147_89_127,0.86,0,127,127,21
81,seq33,seq100,r_142_126_88,r_142_126_88,1.0,43,131,88,21
17,r_112_83_93,seq163,seq7,r_112_83_93,1.0,0,93,93,21
94,seq88,r_140_124_126,r_122_108_97,r_122_108_97,0.55,30,127,97,21
18,r_29_20_53,r_39_68_115,seq139,r_29_20_53,1.0,0,53,53,21
51,r_105_45_149,r_39_68_115,r_46_8_30,r_105_45_149,0.57,0,149,149,21
86,seq51,r_47_150_21,r_94_78_128,r_47_150_21,0.87,0,21,21,21
65,r_96_113_134,r_1_91_148,r_76_87_59,r_96_113_134,0.88,1,135,134,21
49,r_34_97_138,seq85,seq95,r_34_97_138,0.73,0,138,138,21
7,r_35_48_123,seq4,r_49_72_22,r_35_48_123,0.95,0,123,123,21
39,r_146_55_48,r_107_145_116,seq24,r_146_55_48,0.98,0,48,48,21
44,r_148_69_169,seq134,r_26_167_136,r_26_167_136,0.73,36,172,136,21
23,r_39_68_115,seq134,r_105_45_149,r_39_68_115,0.93,3,118,115,21
35,r_125_116_151,r_37_162_54,r_129_111_64,r_125_116_151,0.72,-1,150,151,21
12,r_1_91_148,r_80_104_73,r_129_111_64,r_1_91_148,0.95,-84,64,148,21
55,r_127_117_112,r_135_60_12,r_112_83_93,r_135_60_12,0.94,100,112,12,21
30,r_87_41_72,r_98_72_139,r_119_167_1,r_87_41_72,1.0,0,72,72,22
26,r_22_105_45,r_44_93_154,r_109_64_26,r_22_105_45,1.0,1,46,45,22
36,r_13_121_68,seq162,r_59_156_44,r_13_121_68,1.0,2,70,68,22
92,seq95,r_153_8_126,r_54_42_56,r_54_42_56,0.57,19,75,56,22
14,r_89_19_122,r_51_127_160,r_109_64_26,r_89_19_122,1.0,0,122,122,22
53,r_136_32_104,r_118_154_182,r_30_0_115,r_136_32_104,1.0,0,104,104,22
58,r_143_163_185,r_27_94_6,r_128_40_20,r_27_94_6,0.35,179,185,6,22
22,r_109_64_26,r_118_154_182,seq23,r_109_64_26,0.98,0,26,26,22
37,r_145_129_98,r_49_151_130,r_59_156_44,r_59_156_44,1.0,58,102,44,22
45,r_67_1_157,r_109_64_26,r_79_56_92,r_109_64_26,0.62,164,190,26,22
23,r_130_38_31,r_59_156_44,seq68,r_130_38_31,1.0,1,32,31,22
55,r_79_56_92,seq126,r_67_1_157,r_79_56_92,0.33,94,186,92,22
16,r_118_154_182,r_69_102_196,r_120_117_85,r_69_102_196,0.51,-14,182,196,22
21,r_34_169_87,r_119_167_1,seq155,r_34_169_87,1.0,1,88,87,22
38,r_61_28_39,r_161_133_52,seq57,r_61_28_39,0.97,0,39,39,22
45,r_67_1_157,r_108_113_190,r_109_64_26,r_67_1_157,0.92,0,157,157,22
19,r_97_17_66,seq162,r_43_53_75,r_97_17_66,0.85,0,66,66,22
76,seq141,r_63_10_94,r_125_80_106,r_63_10_94,0.71,0,94,94,22
32,r_31_36_54,seq23,seq3,r_31_36_54,0.96,0,54,54,22
31,r_20_115_99,seq155,seq96,r_20_115_99,1.0,1,100,99,22
41,r_91_168_93,r_63_10_94,r_84_101_181,r_91_168_93,1.0,0,93,93,22
89,seq62,r_108_113_190,r_145_129_98,r_145_129_98,0.99,56,154,98,22
10,r_99_106_83,r_131_24_132,seq35,r_131_24_132,0.72,-45,87,132,22
90,seq68,seq96,r_130_38_31,r_130_38_31,1.0,101,132,31,22
54,r_54_42_56,seq14,seq95,r_54_42_56,1.0,0,56,56,22
8,r_146_47_30,r_44_93_154,r_74_159_136,r_146_47_30,0.47,126,156,30,22
72,seq5,r_60_157_109,r_125_80_106,r_60_157_109,0.95,1,110,109,22
18,r_70_138_49,r_49_151_130,r_147_86_88,r_70_138_49,0.99,0,49,49,22
76,seq141,r_125_80_106,r_98_72_139,r_98_72_139,0.98,8,147,139,22
4,r_63_10_94,seq141,r_87_41_72,r_63_10_94,1.0,0,94,94,22
8,r_146_47_30,r_31_36_54,r_44_93_154,r_146_47_30,0.68,0,30,30,22
63,r_92_71_128,r_49_151_130,r_59_156_44,r_59_156_44,1.0,85,129,44,22
61,r_9_139_18,r_69_102_196,r_44_93_154,r_9_139_18,1.0,0,18,18,22
29,r_142_140_42,r_73_160_60,seq155,r_142_140_42,1.0,-1,41,42,22
11,r_153_8_126,seq95,seq14,r_153_8_126,0.95,0,126,126,22
57,r_131_24_132,r_99_106_83,r_136_32_104,r_136_32_104,0.63,-2,102,104,22
62,r_73_160_60,seq162,seq21,r_73_160_60,1.0,0,60,60,22
17,r_98_72_139,r_84_101_181,seq141,r_98_72_139,0.98,0,139,139,22
85,seq165,r_118_154_182,r_73_160_60,r_73_160_60,1.0,1,61,60,22
5,r_44_93_154,r_146_47_30,seq58,r_146_47_30,0.53,126,156,30,22
42,r_33_45_24,r_108_113_190,seq162,r_33_45_24,1.0,0,24,24,22
53,r_136_32_104,r_30_0_115,r_81_137_167,r_81_137_167,0.96,0,167,167,22
9,r_128_40_20,r_153_8_126,seq35,r_128_40_20,0.91,0,20,20,22
34,r_147_86_88,r_89_19_122,r_70_138_49,r_147_86_88,0.46,-38,50,88,22
51,r_48_77_53,r_108_113_190,seq162,r_48_77_53,1.0,0,53,53,22
2,r_25_150_120,r_84_101_181,r_148_122_74,r_25_150_120,0.94,0,120,120,22
47,r_84_101_181,r_25_150_120,r_91_168_93,r_84_101_181,0.81,-61,120,181,22
3,r_161_133_52,r_20_115_99,r_144_88_28,r_161_133_52,1.0,0,52,52,22
67,r_43_53_75,r_144_88_28,r_60_157_109,r_144_88_28,0.94,1,29,28,22
46,r_59_156_44,r_31_36_54,seq57,r_59_156_44,0.52,0,44,44,22
61,r_9_139_18,r_44_93_154,r_146_47_30,r_9_139_18,0.42,153,171,18,22
24,r_120_117_85,r_98_72_139,seq46,r_120_117_85,1.0,0,85,85,22
69,r_65_132_15,r_99_106_83,r_114_85_22,r_65_132_15,0.84,0,15,15,22
40,r_123_90_37,seq158,seq95,r_123_90_37,0.99,3,40,37,22
6,r_50_83_41,r_44_93_154,seq165,r_50_83_41,0.96,0,41,41,22
35,r_144_88_28,r_39_29_97,r_161_133_52,r_144_88_28,0.98,71,99,28,22
25,r_125_80_106,r_153_8_126,seq141,r_153_8_126,0.78,-21,105,126,22
33,r_49_151_130,r_145_129_98,r_39_29_97,r_39_29_97,0.86,1,98,97,22
57,r_131_24_132,r_136_32_104,r_25_150_120,r_131_24_132,1.0,0,132,132,22
64,r_37_134_113,seq75,r_109_64_26,r_109_64_26,0.91,90,116,26,22
47,r_84_101_181,r_91_168_93,seq124,r_84_101_181,0.96,0,181,181,22
50,r_60_157_109,seq141,r_59_156_44,r_60_157_109,1.0,1,110,109,22
19,r_97_17_66,r_43_53_75,r_148_122_74,r_97_17_66,0.63,11,77,66,22
59,r_2_112_51,r_98_72_139,seq162,r_2_112_51,0.98,0,51,51,22
42,r_33_45_24,seq162,r_30_0_115,r_30_0_115,0.93,22,137,115,22
35,r_144_88_28,r_43_53_75,r_39_29_97,r_144_88_28,0.99,1,29,28,22
52,r_74_159_136,seq116,r_144_88_28,r_144_88_28,0.99,108,136,28,22
77,seq14,seq155,r_153_8_126,r_153_8_126,0.98,11,137,126,22
39,r_39_29_97,r_144_88_28,r_49_151_130,r_39_29_97,0.98,2,99,97,22
68,r_27_94_6,r_143_163_185,r_153_8_126,r_153_8_126,0.99,59,185,126,22
17,r_98_72_139,r_120_117_85,r_84_101_181,r_120_117_85,1.0,0,85,85,22
5,r_44_93_154,r_50_83_41,r_146_47_30,r_44_93_154,0.98,-113,41,154,22
34,r_147_86_88,r_70_138_49,r_109_64_26,r_147_86_88,1.0,0,88,88,22
67,r_43_53_75,r_60_157_109,r_55_152_77,r_55_152_77,0.63,0,77,77,22
60,r_149_76_58,r_55_152_77,r_144_88_28,r_149_76_58,1.0,1,59,58,22
28,r_69_102_196,r_118_154_182,seq165,r_118_154_182,0.68,-111,71,182,22
49,r_51_127_160,seq3,r_25_150_120,r_51_127_160,0.68,0,160,160,22
78,seq21,r_118_154_182,r_73_160_60,r_73_160_60,1.0,-1,59,60,22
56,r_55_152_77,seq57,seq3,r_55_152_77,0.99,0,77,77,22
7,r_148_122_74,r_99_106_83,r_97_17_66,r_99_106_83,0.99,-9,74,83,22
44,r_18_110_175,r_49_151_130,seq124,r_18_110_175,0.39,1,176,175,22
18,r_70_138_49,r_147_86_88,r_49_151_130,r_147_86_88,0.85,3,91,88,22
12,r_30_0_115,seq96,r_33_45_24,r_33_45_24,0.7,94,118,24,22
39,r_39_29_97,seq158,r_144_88_28,r_144_88_28,1.0,14,42,28,22
84,seq35,seq162,r_128_40_20,r_128_40_20,0.88,112,132,20,22
93,seq97,r_9_29_174,r_151_94_80,r_151_94_80,1.0,94,174,80,23
30,r_54_44_108,r_104_134_154,seq5,r_54_44_108,0.99,0,108,108,23
51,r_65_14_103,r_3_28_106,seq93,r_3_28_106,1.0,-1,105,106,23
9,r_76_156_26,r_49_142_159,r_20_98_128,r_20_98_128,0.44,0,128,128,23
92,seq96,r_4_6_158,r_27_130_100,r_27_130_100,1.0,58,158,100,23
8,r_20_98_128,seq168,r_76_156_26,r_20_98_128,0.96,0,128,128,23
53,r_123_129_171,seq93,r_131_144_74,r_123_129_171,0.67,0,171,171,23
58,r_18_113_20,r_20_98_128,r_32_89_125,r_18_113_20,0.97,109,129,20,23
54,r_84_118_86,seq53,seq96,r_84_118_86,1.0,0,86,86,23
61,r_169_119_46,r_67_111_146,r_18_113_20,r_169_119_46,0.98,0,46,46,23
59,r_32_89_125,seq101,r_153_87_65,r_153_87_65,1.0,2,67,65,23
55,r_4_6_158,seq96,r_35_121_77,r_4_6_158,0.6,0,158,158,23
16,r_23_64_188,seq5,r_24_70_167,r_24_70_167,0.65,21,188,167,23
41,r_107_135_120,r_131_144_74,r_69_58_16,r_107_135_120,0.98,1,121,120,23
21,r_9_29_174,seq97,r_115_55_112,r_115_55_112,0.57,62,174,112,23
1,r_11_59_83,r_167_51_111,r_35_121_77,r_167_51_111,0.98,-28,83,111,23
46,r_109_157_69,r_67_111_146,seq62,r_109_157_69,0.99,0,69,69,23
42,r_91_38_14,r_8_79_12,r_117_122_67,r_117_122_67,1.0,3,70,67,23
69,r_132_26_70,r_54_44_108,r_41_30_194,r_41_30_194,0.61,-124,70,194,23
45,r_21_149_198,r_99_34_170,r_3_28_106,r_3_28_106,0.81,65,171,106,23
24,r_16_154_22,seq7,r_105_165_92,r_105_165_92,1.0,19,111,92,23
19,r_82_126_130,r_110_52_4,seq101,r_82_126_130,0.99,0,130,130,23
27,r_163_39_27,r_35_121_77,seq31,r_163_39_27,0.98,0,27,27,23
31,r_147_106_157,r_47_160_162,r_155_152_132,r_147_106_157,0.82,1,158,157,23
41,r_107_135_120,r_27_130_100,r_131_144_74,r_131_144_74,0.74,26,100,74,23
67,r_146_127_141,r_123_129_171,r_19_103_137,r_19_103_137,0.67,12,149,137,23
89,seq86,seq95,r_161_143_133,r_161_143_133,0.98,14,147,133,23
3,r_24_70_167,r_47_160_162,r_91_38_14,r_47_160_162,0.68,6,168,162,23
10,r_115_55_112,seq95,r_105_165_92,r_115_55_112,1.0,0,112,112,23
59,r_32_89_125,r_153_87_65,r_18_113_20,r_32_89_125,1.0,0,125,125,23
72,seq7,r_3_28_106,seq48,r_3_28_106,1.0,-27,79,106,23
7,r_27_130_100,r_159_50_68,r_20_98_128,r_159_50_68,1.0,-11,57,68,23
73,seq136,r_23_64_188,r_33_74_149,r_33_74_149,0.97,10,159,149,23
4,r_3_28_106,seq7,r_78_45_169,r_3_28_106,0.93,0,106,106,23
0,r_35_121_77,r_99_34_170,r_81_83_2,r_35_121_77,0.99,0,77,77,23
63,r_15_2_99,r_25_73_187,seq120,r_15_2_99,0.92,2,101,99,23
11,r_159_50_68,r_27_130_100,seq31,r_159_50_68,0.99,0,68,68,23
20,r_153_87_65,r_9_29_174,r_32_89_125,r_153_87_65,1.0,0,65,65,23
13,r_155_152_132,seq12,r_105_165_92,r_155_152_132,0.84,1,133,132,23
15,r_66_71_129,r_151_94_80,seq72,r_151_94_80,1.0,0,80,80,23
48,r_19_103_137,seq5,r_146_127_141,r_19_103_137,0.46,0,137,137,23
4,r_3_28_106,r_78_45_169,r_47_160_162,r_3_28_106,0.99,63,169,106,23
65,r_78_45_169,r_3_28_106,seq124,r_78_45_169,1.0,0,169,169,23
6,r_1_40_119,r_155_152_132,seq75,r_1_40_119,0.98,0,119,119,23
62,r_41_30_194,r_9_29_174,r_132_26_70,r_132_26_70,1.0,1,71,70,23
43,r_10_145_88,r_112_68_175,r_80_43_61,r_10_145_88,1.0,0,88,88,23
28,r_104_134_154,r_25_73_187,seq12,r_104_134_154,0.99,0,154,154,23
87,seq72,r_66_71_129,seq116,r_66_71_129,0.65,3,132,129,23
49,r_69_58_16,r_1_40_119,r_25_73_187,r_69_58_16,0.98,0,16,16,23
2,r_131_144_74,r_81_83_2,seq17,r_131_144_74,1.0,0,74,74,23
47,r_117_122_67,r_67_111_146,r_91_38_14,r_117_122_67,0.92,-2,65,67,23
75,seq12,r_21_149_198,r_104_134_154,r_104_134_154,0.71,9,163,154,23
24,r_16_154_22,r_115_55_112,seq7,r_16_154_22,0.97,0,22,22,23
40,r_33_74_149,r_99_34_170,seq136,r_33_74_149,0.72,0,149,149,23
29,r_81_83_2,r_131_144_74,r_35_121_77,r_81_83_2,1.0,72,74,2,23
25,r_161_143_133,r_46_61_168,seq86,r_161_143_133,0.99,0,133,133,23
33,r_150_77_193,r_115_55_112,r_131_144_74,r_150_77_193,0.95,-118,75,193,23
64,r_99_34_170,r_21_149_198,r_88_138_8,r_99_34_170,0.82,1,171,170,23
22,r_25_73_187,r_80_43_61,r_69_58_16,r_25_73_187,0.81,-171,16,187,23
50,r_158_92_85,seq75,r_88_138_8,r_158_92_85,0.99,0,85,85,23
14,r_37_0_23,seq137,r_133_22_5,r_37_0_23,1.0,0,23,23,23
65,r_78_45_169,r_167_51_111,r_3_28_106,r_78_45_169,0.92,-58,111,169,23
56,r_8_79_12,r_112_68_175,r_88_138_8,r_8_79_12,0.63,0,12,12,23
20,r_153_87_65,r_32_89_125,r_60_63_122,r_153_87_65,0.92,60,125,65,23
68,r_108_162_102,r_4_6_158,r_24_70_167,r_4_6_158,0.56,-59,99,158,23
32,r_112_68_175,seq93,r_159_50_68,r_159_50_68,1.0,111,179,68,23
38,r_46_61_168,seq5,r_20_98_128,r_20_98_128,0.87,43,171,128,23
52,r_60_63_122,r_47_160_162,r_153_87_65,r_153_87_65,0.86,57,122,65,23
68,r_108_162_102,r_24_70_167,r_19_103_137,r_108_162_102,0.91,61,163,102,23
34,r_67_111_146,seq31,r_27_130_100,r_27_130_100,0.87,46,146,100,23
58,r_18_113_20,r_1_40_119,r_20_98_128,r_18_113_20,0.78,9,29,20,23
15,r_66_71_129,seq72,seq93,r_66_71_129,0.69,3,132,129,23
75,seq12,r_155_152_132,r_21_149_198,r_155_152_132,0.93,0,132,132,23
43,r_10_145_88,r_114_139_54,r_112_68_175,r_114_139_54,1.0,0,54,54,23
60,r_151_94_80,r_66_71_129,seq97,r_151_94_80,1.0,0,80,80,23
17,r_85_57_150,seq120,r_54_44_108,r_85_57_150,0.47,0,150,150,23
61,r_169_119_46,r_18_113_20,r_80_43_61,r_80_43_61,0.98,10,71,61,23
94,seq101,r_56_13_189,r_82_126_130,r_82_126_130,1.0,53,183,130,23
28,r_104_134_154,r_54_44_108,r_25_73_187,r_54_44_108,0.97,-4,104,108,23
91,seq95,r_115_55_112,seq86,r_115_55_112,1.0,-27,85,112,23
9,r_76_156_26,seq42,r_49_142_159,r_76_156_26,1.0,0,26,26,23
23,r_80_43_61,r_132_26_70,r_169_119_46,r_80_43_61,0.95,0,61,61,23
7,r_27_130_100,r_20_98_128,r_84_118_86,r_20_98_128,0.83,-28,100,128,23
82,seq168,r_20_98_128,r_150_77_193,r_20_98_128,0.98,1,129,128,23
79,seq31,r_67_111_146,r_159_50_68,r_159_50_68,1.0,1,69,68,23
35,r_167_51_111,r_78_45_169,seq128,r_167_51_111,0.81,0,111,111,23
12,r_105_165_92,r_4_6_158,r_16_154_22,r_105_165_92,1.0,0,92,92,23
40,r_30_95_42,r_90_131_194,r_134_168_90,r_134_168_90,0.92,38,128,90,24
51,r_69_145_185,r_130_143_152,r_116_61_134,r_116_61_134,0.5,18,152,134,24
40,r_30_95_42,seq87,r_90_131_194,r_30_95_42,1.0,1,43,42,24
36,r_134_168_90,r_169_11_27,r_30_95_42,r_30_95_42,0.95,48,90,42,24
9,r_101_37_183,r_3_58_96,r_119_54_51,r_101_37_183,0.75,0,183,183,24
92,seq100,r_64_137_150,r_1_136_46,r_1_136_46,0.79,104,150,46,24
66,r_140_50_73,r_119_54_51,seq150,r_119_54_51,0.54,107,158,51,24
53,r_43_83_143,seq39,r_6_24_119,r_43_83_143,0.96,0,143,143,24
37,r_156_159_133,r_152_139_175,r_10_7_189,r_156_159_133,0.75,0,133,133,24
45,r_1_136_46,r_116_61_134,r_44_47_6,r_1_136_46,0.97,3,49,46,24
55,r_79_57_155,seq163,r_105_114_129,r_79_57_155,0.84,1,156,155,24
71,seq9,r_103_165_162,r_45_92_104,r_103_165_162,0.83,-7,155,162,24
39,r_52_67_120,r_64_137_150,r_72_146_114,r_52_67_120,0.94,4,124,120,24
30,r_38_82_23,r_45_92_104,seq39,r_38_82_23,1.0,0,23,23,24
20,r_64_137_150,r_119_54_51,r_98_126_87,r_64_137_150,0.97,0,150,150,24
5,r_86_161_61,r_0_129_136,seq115,r_86_161_61,1.0,0,61,61,24
46,r_99_28_166,r_31_104_190,r_27_59_77,r_27_59_77,1.0,3,80,77,24
42,r_132_19_184,r_88_85_69,r_97_75_149,r_88_85_69,1.0,0,69,69,24
25,r_117_166_37,r_97_75_149,seq87,r_117_166_37,1.0,0,37,37,24
24,r_97_75_149,r_5_113_85,r_130_143_152,r_130_143_152,0.92,-2,150,152,24
19,r_105_114_129,r_148_164_3,r_169_11_27,r_105_114_129,0.62,0,129,129,24
63,r_18_107_19,r_167_155_100,r_89_29_122,r_18_107_19,0.8,1,20,19,24
33,r_32_40_170,r_157_94_115,r_3_58_96,r_32_40_170,0.9,0,170,170,24
66,r_140_50_73,r_0_129_136,r_119_54_51,r_140_50_73,0.62,1,74,73,24
76,seq21,r_116_61_134,r_169_11_27,r_116_61_134,0.95,-12,122,134,24
42,r_132_19_184,r_122_53_148,r_72_146_114,r_132_19_184,0.97,-5,179,184,24
38,r_80_147_28,r_153_14_172,r_64_137_150,r_80_147_28,0.56,143,171,28,24
41,r_2_135_128,seq125,r_38_82_23,r_2_135_128,0.71,0,128,128,24
67,r_152_139_175,r_156_159_133,r_101_37_183,r_156_159_133,0.95,0,133,133,24
31,r_160_112_55,seq87,r_111_110_33,r_160_112_55,1.0,0,55,55,24
3,r_34_81_91,seq124,r_22_12_30,r_34_81_91,0.82,0,91,91,24
10,r_65_62_79,r_151_71_178,seq4,r_65_62_79,0.96,6,85,79,24
26,r_148_164_3,r_106_55_121,r_36_118_94,r_148_164_3,0.95,113,116,3,24
63,r_18_107_19,r_89_29_122,r_77_35_56,r_18_107_19,0.68,37,56,19,24
4,r_106_55_121,r_105_114_129,r_73_17_45,r_106_55_121,0.84,2,123,121,24
73,seq141,r_36_118_94,r_169_11_27,r_36_118_94,0.99,10,104,94,24
11,r_157_94_115,seq63,r_5_113_85,r_5_113_85,0.97,33,118,85,24
8,r_16_76_57,r_2_135_128,seq63,r_16_76_57,1.0,0,57,57,24
20,r_64_137_150,r_52_67_120,r_119_54_51,r_119_54_51,0.98,73,124,51,24
48,r_88_85_69,r_132_19_184,seq23,r_88_85_69,1.0,0,69,69,24
68,r_77_35_56,r_162_51_186,r_18_107_19,r_77_35_56,1.0,0,56,56,24
67,r_152_139_175,r_101_37_183,r_33_91_11,r_152_139_175,0.78,0,175,175,24
57,r_36_118_94,seq141,r_148_164_3,r_36_118_94,0.86,10,104,94,24
12,r_3_58_96,r_101_37_183,r_32_40_170,r_32_40_170,0.82,14,184,170,24
6,r_72_146_114,seq108,seq125,r_72_146_114,0.98,0,114,114,24
62,r_151_71_178,seq49,r_33_91_11,r_151_71_178,0.23,4,182,178,24
38,r_80_147_28,r_16_76_57,r_153_14_172,r_80_147_28,0.98,0,28,28,24
19,r_105_114_129,r_169_11_27,r_79_57_155,r_105_114_129,0.83,40,169,129,24
27,r_68_109_74,r_149_25_86,seq108,r_68_109_74,1.0,0,74,74,24
8,r_16_76_57,r_80_147_28,r_2_135_128,r_80_147_28,0.99,0,28,28,24
87,seq63,r_157_94_115,r_16_76_57,r_16_76_57,0.94,27,84,57,24
2,r_116_61_134,seq21,r_160_112_55,r_116_61_134,0.85,0,134,134,24
47,r_128_66_64,r_97_75_149,seq124,r_128_66_64,0.93,0,64,64,24
74,seq142,r_0_129_136,r_133_93_9,r_0_129_136,0.74,-30,106,136,24
18,r_0_129_136,r_33_91_11,r_10_7_189,r_0_129_136,0.95,0,136,136,24
29,r_31_104_190,r_98_126_87,r_169_11_27,r_31_104_190,0.5,-102,88,190,24
24,r_97_75_149,r_128_66_64,r_5_113_85,r_5_113_85,0.59,-1,84,85,24
11,r_157_94_115,r_5_113_85,r_122_53_148,r_122_53_148,0.8,14,162,148,24
43,r_153_14_172,r_80_147_28,r_119_54_51,r_119_54_51,0.54,119,170,51,24
33,r_32_40_170,r_97_75_149,r_157_94_115,r_157_94_115,0.75,-7,108,115,24
64,r_5_113_85,seq48,r_97_75_149,r_5_113_85,1.0,0,85,85,24
50,r_22_12_30,r_89_29_122,seq158,r_22_12_30,1.0,2,32,30,24
58,r_44_47_6,r_64_137_150,seq100,r_64_137_150,0.67,-18,132,150,24
65,r_89_29_122,seq26,r_160_112_55,r_89_29_122,0.96,2,124,122,24
42,r_132_19_184,r_97_75_149,r_122_53_148,r_122_53_148,0.58,-8,140,148,24
61,r_103_165_162,seq9,r_36_118_94,r_103_165_162,0.6,0,162,162,24
32,r_6_24_119,seq125,seq74,r_6_24_119,0.97,1,120,119,24
52,r_149_25_86,r_68_109_74,r_122_53_148,r_68_109_74,1.0,0,74,74,24
77,seq150,r_64_137_150,r_140_50_73,r_140_50_73,0.76,12,85,73,24
34,r_42_46_109,r_43_83_143,seq4,r_42_46_109,0.82,2,111,109,24
15,r_90_131_194,r_122_53_148,r_30_95_42,r_30_95_42,1.0,4,46,42,24
64,r_5_113_85,r_97_75_149,r_157_94_115,r_5_113_85,0.88,65,150,85,24
81,seq163,r_162_51_186,r_127_144_35,r_127_144_35,1.0,141,176,35,24
17,r_154_84_70,r_72_146_114,seq120,r_154_84_70,1.0,2,72,70,24
9,r_101_37_183,r_156_159_133,r_3_58_96,r_101_37_183,0.57,-76,107,183,24
59,r_123_78_34,r_169_11_27,seq115,r_123_78_34,1.0,1,35,34,24
50,r_22_12_30,seq158,r_34_81_91,r_34_81_91,1.0,15,106,91,24
96,seq120,r_64_137_150,r_154_84_70,r_154_84_70,1.0,22,92,70,24
51,r_69_145_185,r_116_61_134,r_105_114_129,r_69_145_185,0.9,0,185,185,24
21,r_111_110_33,seq115,seq125,r_111_110_33,1.0,1,34,33,24
16,r_127_144_35,seq150,r_167_155_100,r_127_144_35,1.0,0,35,35,24
22,r_130_143_152,r_69_145_185,r_97_75_149,r_130_143_152,0.75,0,152,152,24
49,r_27_59_77,r_162_51_186,r_99_28_166,r_27_59_77,1.0,0,77,77,24
56,r_73_17_45,r_3_58_96,seq4,r_73_17_45,1.0,0,45,45,24
7,r_98_126_87,r_31_104_190,r_64_137_150,r_98_126_87,0.74,65,152,87,24
0,r_119_54_51,r_72_146_114,r_44_47_6,r_119_54_51,1.0,0,51,51,24
23,r_122_53_148,r_149_25_86,r_157_94_115,r_157_94_115,0.95,33,148,115,24
82,seq39,r_43_83_143,r_86_161_61,r_86_161_61,0.94,82,143,61,24
79,seq26,r_89_29_122,r_18_107_19,r_89_29_122,0.8,-59,63,122,24
52,r_149_25_86,r_122_53_148,r_134_168_90,r_149_25_86,0.84,38,124,86,24
35,r_60_20_67,r_157_94_115,seq87,r_60_20_67,1.0,0,67,67,24
43,r_153_14_172,r_36_118_94,r_80_147_28,r_153_14_172,0.67,-144,28,172,24
12,r_3_58_96,seq125,r_101_37_183,r_3_58_96,0.55,0,96,96,24
30,r_41_150_25,seq70,r_133_23_70,r_133_23_70,0.91,60,130,70,25
51,r_29_6_104,seq40,seq152,r_29_6_104,0.99,1,105,104,25
14,r_157_105_81,r_87_127_166,r_100_42_42,r_157_105_81,0.77,1,82,81,25
8,r_90_62_132,seq9,seq36,r_90_62_132,1.0,0,132,132,25
43,r_46_93_85,r_72_153_75,r_137_11_107,r_72_153_75,0.93,2,77,75,25
43,r_46_93_85,r_137_11_107,r_103_92_94,r_137_11_107,1.0,0,107,107,25
38,r_44_155_20,r_104_102_121,r_149_26_145,r_44_155_20,0.77,5,25,20,25
54,r_91_167_125,r_125_101_179,r_100_42_42,r_91_167_125,0.51,0,125,125,25
83,seq45,r_68_111_72,r_66_69_24,r_68_111_72,0.55,0,72,72,25
63,r_47_27_18,r_103_92_94,r_15_57_137,r_47_27_18,0.64,19,37,18,25
37,r_100_42_42,r_157_105_81,r_91_167_125,r_91_167_125,0.77,7,132,125,25
34,r_66_69_24,r_35_168_92,seq45,r_66_69_24,1.0,0,24,24,25
55,r_30_147_168,seq67,r_41_150_25,r_30_147_168,0.14,0,168,168,25
40,r_0_78_15,r_104_102_121,r_59_159_32,r_0_78_15,1.0,0,15,15,25
86,seq60,r_31_108_100,r_35_168_92,r_35_168_92,1.0,4,96,92,25
39,r_125_101_179,r_91_167_125,r_1_38_45,r_125_101_179,0.79,-54,125,179,25
2,r_88_58_28,r_100_42_42,seq25,r_88_58_28,1.0,0,28,28,25
1,r_136_110_41,r_109_126_127,r_104_102_121,r_136_110_41,1.0,86,127,41,25
46,r_137_11_107,r_149_26_145,seq143,r_137_11_107,0.99,0,107,107,25
42,r_124_156_141,seq60,r_7_148_199,r_124_156_141,0.69,0,141,141,25
26,r_14_164_120,seq107,seq52,r_14_164_120,1.0,0,120,120,25
96,seq97,r_90_62_132,r_165_24_37,r_90_62_132,0.5,26,158,132,25
53,r_129_80_108,r_166_106_33,r_121_39_65,r_166_106_33,0.7,1,34,33,25
52,r_10_134_43,r_55_16_47,r_1_38_45,r_1_38_45,0.98,-2,43,45,25
48,r_103_92_94,r_129_80_108,r_46_93_85,r_103_92_94,0.82,5,99,94,25
27,r_149_26_145,r_44_155_20,seq36,r_149_26_145,1.0,0,145,145,25
41,r_3_118_66,r_5_43_150,seq143,r_3_118_66,1.0,0,66,66,25
67,r_121_39_65,r_103_92_94,r_0_78_15,r_121_39_65,1.0,0,65,65,25
53,r_129_80_108,r_100_42_42,seq21,r_129_80_108,0.99,4,112,108,25
89,seq65,r_17_123_133,r_117_98_105,r_117_98_105,0.8,32,137,105,25
3,r_20_53_14,r_71_76_160,r_68_111_72,r_68_111_72,1.0,-1,71,72,25
90,seq67,r_30_147_168,r_17_123_133,r_30_147_168,0.32,0,168,168,25
56,r_28_84_19,r_163_34_129,seq45,r_28_84_19,0.98,2,21,19,25
35,r_128_94_13,seq45,seq77,r_128_94_13,0.99,1,14,13,25
26,r_14_164_120,r_59_159_32,seq107,r_14_164_120,0.65,-50,70,120,25
0,r_56_119_68,r_99_96_57,seq144,r_56_119_68,1.0,0,68,68,25
11,r_115_13_123,seq143,r_7_148_199,r_115_13_123,1.0,1,124,123,25
39,r_125_101_179,r_1_38_45,r_169_113_90,r_125_101_179,0.69,0,179,179,25
20,r_169_113_90,r_135_139_128,seq77,r_169_113_90,1.0,1,91,90,25
56,r_28_84_19,seq45,r_135_139_128,r_135_139_128,0.99,1,129,128,25
15,r_79_33_136,seq86,r_31_108_100,r_79_33_136,0.83,0,136,136,25
48,r_103_92_94,r_121_39_65,r_129_80_108,r_121_39_65,0.96,0,65,65,25
57,r_18_85_77,r_22_2_187,r_149_26_145,r_18_85_77,1.0,0,77,77,25
6,r_12_8_88,r_90_62_132,r_56_119_68,r_90_62_132,0.97,-44,88,132,25
33,r_1_38_45,r_133_23_70,r_10_134_43,r_10_134_43,0.66,11,54,43,25
62,r_83_54_22,seq45,seq86,r_83_54_22,0.95,1,23,22,25
16,r_166_106_33,r_129_80_108,seq141,r_166_106_33,1.0,1,34,33,25
63,r_47_27_18,r_7_148_199,r_37_154_23,r_7_148_199,0.47,-39,160,199,25
93,seq77,r_128_94_13,r_169_113_90,r_169_113_90,1.0,-2,88,90,25
27,r_149_26_145,r_133_23_70,r_44_155_20,r_133_23_70,0.74,1,71,70,25
44,r_165_24_37,r_79_33_136,r_72_153_75,r_165_24_37,0.67,37,74,37,25
63,r_47_27_18,r_37_154_23,r_103_92_94,r_47_27_18,0.57,6,24,18,25
53,r_129_80_108,r_121_39_65,r_100_42_42,r_129_80_108,0.75,-61,47,108,25
37,r_100_42_42,r_73_89_111,r_129_80_108,r_100_42_42,0.93,2,44,42,25
38,r_44_155_20,r_149_26_145,r_18_85_77,r_44_155_20,0.9,64,84,20,25
45,r_59_159_32,r_14_164_120,r_0_78_15,r_59_159_32,0.97,4,36,32,25
18,r_31_108_100,r_124_156_141,seq107,r_124_156_141,0.87,-32,109,141,25
29,r_135_139_128,seq97,r_28_84_19,r_135_139_128,0.99,0,128,128,25
24,r_117_98_105,r_131_162_191,seq65,r_117_98_105,0.87,0,105,105,25
25,r_73_89_111,seq152,r_129_80_108,r_73_89_111,0.89,0,111,111,25
64,r_35_168_92,seq86,seq60,r_35_168_92,1.0,0,92,92,25
65,r_99_96_57,seq21,r_1_38_45,r_99_96_57,0.42,116,173,57,25
88,seq63,r_161_145_170,r_7_148_199,r_161_145_170,0.92,0,170,170,25
50,r_72_153_75,r_46_93_85,r_51_64_40,r_46_93_85,0.99,-8,77,85,25
58,r_48_95_61,r_163_34_129,seq9,r_48_95_61,1.0,1,62,61,25
70,seq9,r_90_62_132,seq52,r_90_62_132,1.0,0,132,132,25
65,r_99_96_57,r_91_167_125,seq21,r_91_167_125,0.75,-30,95,125,25
61,r_132_160_151,seq141,r_3_118_66,r_132_160_151,0.98,1,152,151,25
57,r_18_85_77,r_149_26_145,r_163_34_129,r_149_26_145,1.0,-5,140,145,25
44,r_165_24_37,seq77,r_79_33_136,r_165_24_37,0.99,0,37,37,25
60,r_68_111_72,seq143,r_20_53_14,r_68_111_72,1.0,0,72,72,25
63,r_47_27_18,r_15_57_137,r_7_148_199,r_15_57_137,0.43,-64,73,137,25
9,r_5_43_150,seq61,r_12_8_88,r_5_43_150,0.94,0,150,150,25
1,r_136_110_41,r_51_64_40,r_109_126_127,r_136_110_41,0.99,0,41,41,25
37,r_100_42_42,r_129_80_108,r_157_105_81,r_100_42_42,0.92,67,109,42,25
22,r_133_23_70,r_149_26_145,r_41_150_25,r_149_26_145,0.53,-74,71,145,25
28,r_15_57_137,r_30_147_168,r_7_148_199,r_15_57_137,0.79,0,137,137,25
36,r_51_64_40,r_136_110_41,seq86,r_51_64_40,1.0,1,41,40,25
5,r_37_154_23,r_88_58_28,seq122,r_37_154_23,0.53,-4,19,23,25
13,r_55_16_47,r_79_33_136,r_7_148_199,r_55_16_47,1.0,0,47,47,25
49,r_120_114_143,r_87_127_166,r_12_8_88,r_87_127_166,0.71,-21,145,166,25
7,r_109_126_127,r_138_19_196,r_37_154_23,r_109_126_127,0.85,0,127,127,25
31,r_81_130_12,r_14_164_120,seq67,r_81_130_12,0.97,0,12,12,25
82,seq40,r_29_6_104,seq107,r_29_6_104,1.0,1,105,104,25
79,seq152,r_73_89_111,r_4_32_7,r_73_89_111,0.87,0,111,111,25
12,r_163_34_129,seq112,r_18_85_77,r_18_85_77,1.0,52,129,77,25
30,r_0_75_158,r_111_135_88,r_146_7_5,r_111_135_88,0.61,70,158,88,26
13,r_154_142_18,r_61_38_157,r_146_7_5,r_154_142_18,1.0,0,18,18,26
44,r_98_157_85,r_99_94_177,r_169_141_145,r_169_141_145,1.0,40,185,145,26
51,r_69_64_72,seq161,seq152,r_69_64_72,1.0,0,72,72,26
87,seq158,seq103,r_86_84_37,r_86_84_37,1.0,0,37,37,26
14,r_54_39_190,seq67,r_80_88_96,r_80_88_96,1.0,94,190,96,26
8,r_16_14_188,seq21,r_98_157_85,r_98_157_85,0.82,103,188,85,26
53,r_44_82_67,r_147_6_120,r_151_116_20,r_44_82_67,0.98,0,67,67,26
37,r_28_123_155,seq145,seq30,r_28_123_155,0.9,0,155,155,26
54,r_25_87_51,r_134_105_123,r_146_7_5,r_134_105_123,1.0,4,127,123,26
69,r_165_18_189,r_131_106_98,r_19_41_161,r_165_18_189,0.66,1,190,189,26
59,r_169_141_145,r_71_137_110,r_98_157_85,r_71_137_110,0.56,37,147,110,26
19,r_104_8_181,r_112_76_30,r_3_11_19,r_112_76_30,0.48,151,181,30,26
55,r_140_164_172,r_165_18_189,r_117_32_80,r_165_18_189,0.72,-17,172,189,26
16,r_42_1_153,r_66_121_154,r_146_7_5,r_42_1_153,0.95,0,153,153,26
1,r_80_88_96,r_138_35_162,r_69_64_72,r_138_35_162,1.0,0,162,162,26
1,r_80_88_96,r_42_1_153,r_138_35_162,r_80_88_96,1.0,0,96,96,26
5,r_47_129_141,r_79_113_7,r_24_45_83,r_24_45_83,0.78,58,141,83,26
46,r_66_121_154,r_42_1_153,seq74,r_66_121_154,0.93,0,154,154,26
42,r_72_167_87,seq158,r_55_102_64,r_55_102_64,1.0,28,92,64,26
31,r_130_57_149,r_27_48_167,r_163_29_180,r_163_29_180,0.71,0,180,180,26
25,r_86_84_37,r_71_137_110,seq158,r_86_84_37,1.0,0,37,37,26
18,r_27_48_167,r_130_57_149,r_79_113_7,r_27_48_167,0.76,0,167,167,26
69,r_165_18_189,r_140_164_172,r_131_106_98,r_131_106_98,1.0,74,172,98,26
65,r_58_81_49,seq159,seq161,r_58_81_49,1.0,-2,47,49,26
19,r_104_8_181,r_168_4_121,r_112_76_30,r_112_76_30,0.98,1,31,30,26
66,r_91_149_117,r_146_7_5,seq43,r_91_149_117,0.97,0,117,117,26
76,seq152,r_16_14_188,r_69_64_72,r_69_64_72,1.0,37,109,72,26
45,r_134_105_123,r_146_7_5,r_25_87_51,r_25_87_51,1.0,6,57,51,26
31,r_130_57_149,r_89_132_194,r_28_123_155,r_130_57_149,0.34,-86,63,149,26
67,r_153_95_171,seq74,seq43,r_153_95_171,0.46,0,171,171,26
96,seq114,r_139_115_44,r_13_120_125,r_13_120_125,1.0,4,129,125,26
3,r_117_32_80,seq101,r_133_63_42,r_117_32_80,1.0,0,80,80,26
10,r_13_120_125,seq160,seq114,r_13_120_125,1.0,0,125,125,26
90,seq83,r_140_164_172,r_131_106_98,r_131_106_98,1.0,10,108,98,26
11,r_147_6_120,seq51,seq101,r_147_6_120,1.0,0,120,120,26
26,r_71_137_110,r_169_141_145,seq5,r_169_141_145,1.0,-15,130,145,26
4,r_22_150_103,seq161,seq9,r_22_150_103,1.0,0,103,103,26
63,r_138_35_162,r_118_155_99,r_80_88_96,r_138_35_162,0.99,-66,96,162,26
11,r_147_6_120,r_44_82_67,seq51,r_44_82_67,1.0,-6,61,67,26
20,r_90_46_138,r_146_7_5,r_109_122_77,r_90_46_138,0.95,0,138,138,26
15,r_55_102_64,seq114,seq156,r_55_102_64,1.0,0,64,64,26
54,r_25_87_51,r_133_63_42,r_134_105_123,r_25_87_51,0.74,0,51,51,26
35,r_168_4_121,r_79_113_7,r_78_37_11,r_168_4_121,0.75,62,183,121,26
57,r_24_45_83,r_140_164_172,seq114,r_24_45_83,0.99,0,83,83,26
12,r_79_113_7,r_168_4_121,r_27_48_167,r_79_113_7,0.75,168,175,7,26
85,seq49,r_104_8_181,r_108_125_81,r_108_125_81,1.0,17,98,81,26
39,r_162_73_54,r_146_7_5,r_78_37_11,r_162_73_54,0.92,-1,53,54,26
21,r_68_128_28,r_112_76_30,r_54_39_190,r_68_128_28,1.0,0,28,28,26
9,r_146_7_5,r_85_56_165,r_154_142_18,r_154_142_18,0.97,2,20,18,26
73,seq143,r_77_136_48,r_99_94_177,r_77_136_48,0.83,-3,45,48,26
45,r_134_105_123,r_130_57_149,r_62_2_152,r_134_105_123,1.0,26,149,123,26
2,r_10_166_106,seq114,seq161,r_10_166_106,0.93,1,107,106,26
47,r_99_94_177,seq145,r_55_102_64,r_55_102_64,0.83,121,185,64,26
38,r_133_63_42,r_79_113_7,r_98_157_85,r_133_63_42,0.79,1,43,42,26
48,r_77_136_48,seq143,seq156,r_77_136_48,1.0,-3,45,48,26
18,r_27_48_167,r_0_75_158,r_130_57_149,r_0_75_158,0.19,-4,154,158,26
29,r_111_135_88,r_0_75_158,r_71_137_110,r_0_75_158,0.96,-28,130,158,26
24,r_62_2_152,r_60_97_198,r_134_105_123,r_60_97_198,0.55,-46,152,198,26
88,seq67,r_54_39_190,r_68_128_28,r_68_128_28,0.99,162,190,28,26
50,r_33_23_112,r_147_6_120,seq12,r_33_23_112,0.99,0,112,112,26
58,r_52_34_164,seq26,r_33_23_112,r_52_34_164,0.7,0,164,164,26
0,r_3_11_19,r_118_155_99,seq74,r_3_11_19,1.0,0,19,19,26
68,r_19_41_161,seq156,r_165_18_189,r_19_41_161,0.84,1,162,161,26
61,r_109_122_77,r_61_38_157,r_90_46_138,r_109_122_77,0.94,80,157,77,26
32,r_61_38_157,r_109_122_77,r_47_129_141,r_61_38_157,0.88,0,157,157,26
52,r_118_155_99,r_138_35_162,seq5,r_118_155_99,0.95,0,99,99,26
33,r_139_115_44,r_130_57_149,seq114,r_139_115_44,1.0,0,44,44,26
71,seq9,r_59_65_21,r_22_150_103,r_22_150_103,1.0,59,162,103,26
57,r_24_45_83,seq114,r_47_129_141,r_47_129_141,0.89,5,146,141,26
34,r_20_96_69,seq9,r_55_102_64,r_20_96_69,1.0,0,69,69,26
60,r_53_148_93,r_19_41_161,seq51,r_53_148_93,1.0,0,93,93,26
45,r_134_105_123,r_25_87_51,r_130_57_149,r_134_105_123,0.93,4,127,123,26
17,r_85_56_165,r_146_7_5,r_70_50_109,r_85_56_165,0.74,2,167,165,26
63,r_138_35_162,r_80_88_96,r_146_7_5,r_138_35_162,1.0,0,162,162,26
31,r_130_57_149,r_28_123_155,r_27_48_167,r_130_57_149,0.93,0,149,149,26
23,r_112_76_30,r_99_94_177,r_104_8_181,r_112_76_30,1.0,0,30,30,26
38,r_133_63_42,r_98_157_85,r_117_32_80,r_133_63_42,1.0,43,85,42,26
62,r_93_15_33,seq158,r_70_50_109,r_70_50_109,1.0,10,119,109,26
28,r_131_106_98,seq156,seq83,r_131_106_98,1.0,0,98,98,26
73,seq143,r_99_94_177,r_3_11_19,r_3_11_19,0.79,33,52,19,26
49,r_144_17_47,r_147_6_120,seq43,r_144_17_47,0.98,5,52,47,26
62,r_93_15_33,r_10_166_106,seq158,r_93_15_33,1.0,0,33,33,26
40,r_59_65_21,seq43,seq9,r_59_65_21,0.99,0,21,21,26
56,r_70_50_109,r_153_95_171,r_93_15_33,r_70_50_109,0.9,2,111,109,26
7,r_108_125_81,r_62_2_152,seq49,r_108_125_81,1.0,0,81,81,26
44,r_98_157_85,r_22_150_103,r_99_94_177,r_98_157_85,1.0,0,85,85,26
79,seq30,r_140_164_172,r_28_123_155,r_28_123_155,0.87,10,165,155,26
35,r_168_4_121,r_104_8_181,r_79_113_7,r_168_4_121,0.73,3,124,121,26
12,r_79_113_7,r_47_129_141,r_168_4_121,r_79_113_7,0.62,116,123,7,26
23,r_112_76_30,r_104_8_181,r_108_125_81,r_108_125_81,1.0,100,181,81,26
93,seq78,r_133_45_175,r_27_59_75,r_27_59_75,1.0,1,76,75,27
30,r_161_83_142,seq169,r_97_48_115,r_97_48_115,0.99,33,148,115,27
4,r_19_166_14,r_147_58_152,r_154_21_191,r_19_166_14,0.99,-1,13,14,27
36,r_43_91_80,seq80,r_8_31_22,r_43_91_80,1.0,0,80,80,27
14,r_134_102_143,r_149_158_67,r_117_159_5,r_134_102_143,0.54,0,143,143,27
8,r_131_95_140,r_87_22_150,r_117_159_5,r_131_95_140,0.88,0,140,140,27
53,r_123_44_66,r_160_74_70,seq13,r_123_44_66,0.88,3,69,66,27
83,seq169,r_161_83_142,r_98_51_131,r_98_51_131,0.74,-2,129,131,27
59,r_121_103_92,seq17,seq13,r_121_103_92,0.99,1,93,92,27
55,r_117_159_5,r_82_4_144,r_134_102_143,r_117_159_5,0.61,138,143,5,27
16,r_54_85_130,r_147_58_152,r_69_151_98,r_54_85_130,0.99,1,131,130,27
39,r_100_146_62,r_88_16_168,seq84,r_100_146_62,1.0,0,62,62,27
42,r_124_64_69,r_69_151_98,r_125_7_19,r_124_64_69,0.94,4,73,69,27
27,r_115_49_28,r_101_132_6,r_87_22_150,r_115_49_28,0.78,-5,23,28,27
64,r_60_23_190,r_68_24_124,r_56_79_41,r_60_23_190,0.82,0,190,190,27
44,r_119_14_197,r_157_26_54,r_125_7_19,r_125_7_19,1.0,-1,18,19,27
69,r_98_51_131,seq55,seq169,r_98_51_131,0.93,1,132,131,27
13,r_72_2_56,r_147_58_152,seq17,r_72_2_56,1.0,0,56,56,27
45,r_116_112_78,r_147_58_152,r_25_150_99,r_116_112_78,0.95,1,79,78,27
24,r_125_7_19,r_119_14_197,r_124_64_69,r_124_64_69,0.99,16,85,69,27
19,r_27_59_75,r_29_53_199,seq78,r_27_59_75,1.0,1,76,75,27
5,r_39_41_52,r_154_21_191,seq136,r_39_41_52,0.86,0,52,52,27
27,r_115_49_28,r_87_22_150,seq127,r_87_22_150,0.95,0,150,150,27
95,seq84,r_92_120_155,r_160_74_70,r_160_74_70,0.99,0,70,70,27
57,r_46_62_11,r_92_120_155,r_28_104_171,r_46_62_11,0.99,0,11,11,27
41,r_97_48_115,r_129_108_23,seq136,r_97_48_115,1.0,0,115,115,27
67,r_35_118_176,seq13,r_147_58_152,r_147_58_152,1.0,25,177,152,27
22,r_130_93_93,seq37,r_57_47_135,r_57_47_135,1.0,7,142,135,27
3,r_122_140_27,r_29_53_199,r_168_12_182,r_122_140_27,0.7,13,40,27,27
26,r_149_158_67,r_134_102_143,r_68_24_124,r_68_24_124,0.99,19,143,124,27
11,r_32_67_57,r_11_1_193,seq139,r_32_67_57,0.95,-3,54,57,27
0,r_147_58_152,r_0_152_167,seq55,r_147_58_152,0.85,0,152,152,27
46,r_28_104_171,r_46_62_11,r_92_120_155,r_28_104_171,0.76,0,171,171,27
10,r_61_99_29,seq169,seq42,r_61_99_29,1.0,-1,28,29,27
66,r_156_110_65,r_97_48_115,seq63,r_97_48_115,0.75,-65,50,115,27
48,r_34_3_111,r_138_106_108,seq66,r_34_3_111,0.95,-3,108,111,27
47,r_157_26_54,seq136,r_56_79_41,r_157_26_54,0.95,-4,50,54,27
99,seq127,r_164_167_87,seq139,r_164_167_87,1.0,-1,86,87,27
52,r_68_24_124,r_60_23_190,r_149_158_67,r_60_23_190,0.94,0,190,190,27
29,r_96_20_37,seq55,seq84,r_96_20_37,1.0,-1,36,37,27
2,r_69_151_98,seq143,r_54_85_130,r_69_151_98,1.0,0,98,98,27
24,r_125_7_19,r_147_58_152,r_119_14_197,r_125_7_19,0.59,-2,17,19,27
40,r_138_106_108,r_34_3_111,seq38,r_138_106_108,0.96,0,108,108,27
74,seq139,r_165_141_76,r_32_67_57,r_165_141_76,0.87,-7,69,76,27
18,r_86_89_165,seq38,r_160_74_70,r_160_74_70,0.58,95,165,70,27
46,r_28_104_171,r_65_33_198,r_46_62_11,r_46_62_11,1.0,2,13,11,27
33,r_82_4_144,seq80,r_8_31_22,r_82_4_144,0.73,0,144,144,27
64,r_60_23_190,r_90_111_178,r_68_24_124,r_68_24_124,0.99,55,179,124,27
50,r_145_109_128,r_65_33_198,r_39_41_52,r_145_109_128,0.97,0,128,128,27
58,r_137_77_153,r_129_108_23,seq75,r_137_77_153,0.86,0,153,153,27
6,r_88_16_168,r_56_79_41,r_39_41_52,r_39_41_52,0.86,118,170,52,27
61,r_90_111_178,r_60_23_190,r_115_49_28,r_115_49_28,0.84,151,179,28,27
38,r_164_167_87,seq127,seq9,r_164_167_87,1.0,-1,86,87,27
52,r_68_24_124,r_168_12_182,r_60_23_190,r_68_24_124,0.99,0,124,124,27
9,r_56_79_41,r_114_81_21,r_157_26_54,r_56_79_41,0.89,13,54,41,27
68,r_87_22_150,r_115_49_28,r_160_74_70,r_115_49_28,0.61,123,151,28,27
57,r_46_62_11,r_28_104_171,r_137_77_153,r_46_62_11,0.56,160,171,11,27
34,r_107_105_184,r_153_18_129,r_8_31_22,r_8_31_22,0.75,163,185,22,27
75,seq13,r_35_118_176,r_121_103_92,r_121_103_92,1.0,74,166,92,27
6,r_88_16_168,r_130_93_93,r_56_79_41,r_130_93_93,0.74,-53,40,93,27
60,r_6_142_86,r_147_58_152,seq5,r_6_142_86,0.88,0,86,86,27
15,r_154_21_191,r_39_41_52,r_19_166_14,r_19_166_14,0.9,38,52,14,27
17,r_160_74_70,r_123_44_66,seq84,r_160_74_70,1.0,0,70,70,27
21,r_8_31_22,seq163,seq143,r_8_31_22,0.9,-1,21,22,27
68,r_87_22_150,r_131_95_140,r_115_49_28,r_115_49_28,1.0,26,54,28,27
96,seq143,r_69_151_98,r_8_31_22,r_69_151_98,0.77,-4,94,98,27
22,r_130_93_93,r_88_16_168,seq37,r_130_93_93,1.0,-1,92,93,27
28,r_168_12_182,r_68_24_124,r_88_16_168,r_68_24_124,1.0,0,124,124,27
49,r_0_152_167,seq63,r_122_140_27,r_122_140_27,0.43,140,167,27,27
56,r_148_10_71,seq42,seq38,r_148_10_71,1.0,-1,70,71,27
7,r_92_120_155,seq84,seq128,r_92_120_155,0.96,0,155,155,27
32,r_11_1_193,r_32_67_57,r_29_53_199,r_11_1_193,0.49,-141,52,193,27
35,r_25_150_99,r_71_162_7,r_116_112_78,r_116_112_78,0.94,-4,74,78,27
12,r_114_81_21,r_160_74_70,r_168_12_182,r_160_74_70,1.0,0,70,70,27
93,seq91,r_138_122_174,seq116,r_138_122_174,0.52,-5,169,174,28
30,r_96_62_125,r_161_42_118,r_165_5_194,r_161_42_118,0.97,2,120,118,28
20,r_79_37_34,seq168,r_140_64_151,r_79_37_34,1.0,1,35,34,28
46,r_149_81_18,r_131_98_57,seq164,r_149_81_18,0.97,0,18,18,28
51,r_156_49_134,seq145,r_33_70_106,r_33_70_106,0.95,31,137,106,28
36,r_65_26_115,seq83,r_167_121_199,r_65_26_115,0.99,0,115,115,28
16,r_47_143_103,r_65_26_115,r_46_25_8,r_47_143_103,0.54,-76,27,103,28
53,r_138_122_174,seq91,r_28_139_55,r_28_139_55,0.51,119,174,55,28
73,seq11,seq168,r_147_97_29,r_147_97_29,0.76,18,47,29,28
54,r_94_101_166,seq160,r_136_166_123,r_94_101_166,0.8,0,166,166,28
83,seq48,r_118_137_177,r_150_10_74,r_150_10_74,0.99,98,172,74,28
37,r_67_68_104,r_114_154_141,r_79_37_34,r_67_68_104,0.85,0,104,104,28
3,r_66_103_107,r_35_29_52,r_93_163_171,r_66_103_107,1.0,3,110,107,28
42,r_35_29_52,r_151_86_175,r_66_103_107,r_35_29_52,1.0,0,52,52,28
56,r_148_129_37,r_23_169_12,r_112_8_25,r_112_8_25,0.87,-2,23,25,28
3,r_66_103_107,r_93_163_171,r_167_121_199,r_93_163_171,1.0,2,173,171,28
55,r_43_130_120,r_115_100_178,r_120_109_198,r_43_130_120,0.95,0,120,120,28
21,r_151_86_175,seq76,r_33_70_106,r_33_70_106,0.63,69,175,106,28
1,r_9_134_4,r_54_27_173,r_131_98_57,r_131_98_57,1.0,117,174,57,28
5,r_120_109_198,r_165_5_194,r_21_84_36,r_21_84_36,1.0,104,140,36,28
27,r_112_8_25,r_34_74_185,r_148_129_37,r_112_8_25,0.73,0,25,25,28
19,r_46_25_8,r_43_130_120,r_13_45_90,r_46_25_8,1.0,89,97,8,28
43,r_52_90_21,seq7,r_158_108_164,r_52_90_21,0.94,-1,20,21,28
66,r_165_5_194,r_120_109_198,r_96_62_125,r_96_62_125,0.84,15,140,125,28
76,seq145,r_156_49_134,seq48,r_156_49_134,0.88,3,137,134,28
38,r_123_159_31,r_114_154_141,r_148_129_37,r_114_154_141,1.0,-49,92,141,28
38,r_123_159_31,r_131_98_57,r_114_154_141,r_123_159_31,0.84,0,31,31,28
31,r_167_121_199,r_132_75_168,r_65_26_115,r_65_26_115,1.0,17,132,115,28
41,r_136_166_123,r_114_154_141,r_149_81_18,r_136_166_123,0.73,18,141,123,28
26,r_144_92_10,r_131_98_57,seq40,r_144_92_10,0.9,1,11,10,28
67,r_34_74_185,seq110,r_115_100_178,r_115_100_178,0.66,3,181,178,28
10,r_85_124_146,r_118_137_177,r_162_119_59,r_162_119_59,0.87,3,62,59,28
2,r_115_100_178,r_136_166_123,r_147_97_29,r_115_100_178,0.97,1,179,178,28
16,r_47_143_103,r_46_25_8,r_1_18_191,r_47_143_103,1.0,0,103,103,28
4,r_4_95_82,r_94_101_166,seq48,r_4_95_82,1.0,1,83,82,28
45,r_147_97_29,r_107_153_39,seq11,r_147_97_29,0.85,-5,24,29,28
78,seq30,r_155_32_69,r_107_153_39,r_155_32_69,0.48,-2,67,69,28
0,r_33_70_106,r_150_10_74,r_107_153_39,r_150_10_74,0.55,0,74,74,28
63,r_155_32_69,seq30,seq164,r_155_32_69,1.0,-2,67,69,28
59,r_111_44_50,r_115_100_178,r_144_92_10,r_111_44_50,1.0,2,52,50,28
15,r_105_125_67,r_114_154_141,r_79_37_34,r_105_125_67,0.97,0,67,67,28
48,r_133_22_78,r_157_82_172,r_21_84_36,r_21_84_36,0.97,38,74,36,28
26,r_144_92_10,seq40,r_131_98_57,r_131_98_57,1.0,11,68,57,28
85,seq57,seq40,r_131_98_57,r_131_98_57,1.0,15,72,57,28
7,r_93_163_171,r_66_103_107,r_85_124_146,r_93_163_171,0.99,2,173,171,28
56,r_148_129_37,r_112_8_25,r_123_159_31,r_148_129_37,0.91,0,37,37,28
10,r_85_124_146,r_162_119_59,seq110,r_85_124_146,0.71,0,146,146,28
14,r_53_0_42,r_13_45_90,seq73,r_13_45_90,0.77,-48,42,90,28
87,seq164,r_115_100_178,r_155_32_69,r_155_32_69,1.0,23,92,69,28
2,r_115_100_178,r_43_130_120,r_136_166_123,r_43_130_120,0.91,0,120,120,28
47,r_56_146_196,r_120_109_198,seq126,r_56_146_196,0.36,-73,123,196,28
40,r_132_75_168,r_167_121_199,r_105_125_67,r_105_125_67,1.0,101,168,67,28
28,r_107_153_39,r_78_152_100,seq30,r_107_153_39,0.84,2,41,39,28
29,r_162_119_59,r_6_20_109,r_85_124_146,r_162_119_59,0.5,1,60,59,28
19,r_46_25_8,r_21_84_36,r_43_130_120,r_21_84_36,1.0,0,36,36,28
24,r_150_10_74,r_33_70_106,r_117_77_66,r_150_10_74,0.71,0,74,74,28
43,r_52_90_21,r_158_108_164,r_60_31_101,r_52_90_21,0.74,143,164,21,28
33,r_114_154_141,r_136_166_123,r_47_143_103,r_136_166_123,0.99,18,141,123,28
64,r_78_152_100,seq110,r_6_20_109,r_78_152_100,0.98,0,100,100,28
58,r_158_108_164,r_142_72_156,r_85_124_146,r_158_108_164,0.55,0,164,164,28
0,r_33_70_106,r_107_153_39,r_12_141_130,r_33_70_106,1.0,0,106,106,28
65,r_13_45_90,r_140_64_151,r_46_25_8,r_13_45_90,1.0,2,92,90,28
42,r_35_29_52,r_66_103_107,r_136_166_123,r_66_103_107,0.94,5,112,107,28
61,r_157_82_172,seq19,r_16_63_84,r_16_63_84,1.0,95,179,84,28
52,r_117_77_66,r_6_20_109,r_150_10_74,r_150_10_74,0.99,5,79,74,28
34,r_6_20_109,r_50_104_144,r_33_70_106,r_33_70_106,0.87,7,113,106,28
50,r_59_38_44,seq3,seq19,r_59_38_44,1.0,0,44,44,28
75,seq15,r_115_100_178,r_149_81_18,r_149_81_18,0.72,161,179,18,28
27,r_112_8_25,r_148_129_37,r_120_109_198,r_148_129_37,1.0,0,37,37,28
3,r_66_103_107,r_105_125_67,r_35_29_52,r_66_103_107,0.91,-74,33,107,28
45,r_147_97_29,seq11,seq89,r_147_97_29,0.49,78,107,29,28
81,seq40,r_9_134_4,r_131_98_57,r_131_98_57,1.0,30,87,57,28
9,r_142_72_156,r_158_108_164,r_96_62_125,r_142_72_156,0.83,1,157,156,28
96,seq110,r_78_152_100,r_17_24_27,r_78_152_100,1.0,-21,79,100,28
57,r_39_127_20,r_161_42_118,seq36,r_161_42_118,0.71,-100,18,118,28
29,r_162_119_59,r_85_124_146,r_50_104_144,r_85_124_146,0.97,0,146,146,28
22,r_118_137_177,seq48,r_131_98_57,r_131_98_57,1.0,120,177,57,28
60,r_21_84_36,r_46_25_8,r_120_109_198,r_21_84_36,1.0,0,36,36,28
91,seq83,r_65_26_115,r_136_166_123,r_65_26_115,0.87,0,115,115,28
7,r_93_163_171,r_142_72_156,r_66_103_107,r_66_103_107,0.95,17,124,107,28
44,r_1_18_191,r_96_62_125,r_47_143_103,r_47_143_103,1.0,19,122,103,28
23,r_161_42_118,r_96_62_125,seq14,r_161_42_118,0.94,2,120,118,28
62,r_128_61_9,r_12_141_130,seq91,r_128_61_9,0.82,1,10,9,28
6,r_131_98_57,r_133_22_78,r_144_92_10,r_131_98_57,1.0,0,57,57,28
35,r_60_31_101,r_157_82_172,r_52_90_21,r_60_31_101,0.9,1,102,101,28
12,r_54_27_173,r_9_134_4,r_149_81_18,r_54_27_173,0.61,1,174,173,28
40,r_40_94_154,r_69_21_8,r_47_54_25,r_40_94_154,0.87,0,154,154,29
51,r_91_17_191,r_70_135_155,seq110,r_70_135_155,0.9,2,157,155,29
11,r_149_49_47,r_112_119_109,r_26_126_45,r_149_49_47,1.0,0,47,47,29
14,r_4_45_150,seq104,r_161_132_102,r_4_45_150,0.85,0,150,150,29
53,r_52_76_167,seq20,seq113,r_52_76_167,0.84,0,167,167,29
43,r_82_55_116,r_111_87_118,seq165,r_82_55_116,0.92,2,118,116,29
37,r_101_63_126,r_25_42_158,r_39_139_65,r_101_63_126,0.57,0,126,126,29
42,r_43_121_52,r_6_7_164,seq164,r_43_121_52,1.0,0,52,52,29
55,r_85_72_183,seq165,r_163_151_9,r_85_72_183,0.51,1,184,183,29
33,r_93_35_18,r_10_169_64,seq16,r_93_35_18,0.9,2,20,18,29
5,r_64_23_146,seq155,r_112_119_109,r_64_23_146,0.98,0,146,146,29
62,r_105_150_12,r_9_146_176,r_163_151_9,r_105_150_12,1.0,0,12,12,29
32,r_133_30_169,r_68_147_4,r_152_114_92,r_133_30_169,0.53,0,169,169,29
69,r_32_98_134,r_64_23_146,seq56,r_32_98_134,1.0,1,135,134,29
45,r_108_53_130,seq66,r_163_151_9,r_108_53_130,0.88,6,136,130,29
19,r_37_142_132,seq154,r_167_141_21,r_37_142_132,0.79,0,132,132,29
66,r_25_42_158,r_101_63_126,r_43_121_52,r_43_121_52,1.0,53,105,52,29
26,r_24_79_40,seq116,r_123_1_11,r_24_79_40,0.68,8,48,40,29
50,r_153_92_43,r_156_58_184,seq90,r_153_92_43,1.0,0,43,43,29
67,r_70_135_155,r_91_17_191,r_38_57_139,r_70_135_155,0.6,1,156,155,29
89,seq162,r_74_60_114,seq110,r_74_60_114,0.91,4,118,114,29
3,r_18_59_195,r_11_14_144,r_123_1_11,r_11_14_144,0.86,0,144,144,29
10,r_44_86_115,r_148_3_170,r_26_126_45,r_26_126_45,0.76,76,121,45,29
90,seq88,r_148_3_170,r_144_157_103,r_144_157_103,0.69,43,146,103,29
35,r_115_160_53,seq136,seq97,r_115_160_53,1.0,0,53,53,29
9,r_36_29_39,r_26_126_45,seq165,r_36_29_39,1.0,0,39,39,29
0,r_39_139_65,seq116,r_84_15_14,r_39_139_65,0.67,-3,62,65,29
13,r_138_83_26,r_111_87_118,r_74_60_114,r_138_83_26,0.88,92,118,26,29
66,r_25_42_158,r_43_121_52,r_10_169_64,r_25_42_158,0.72,1,159,158,29
46,r_167_141_21,r_144_157_103,r_84_15_14,r_84_15_14,0.53,132,146,14,29
20,r_123_1_11,r_103_22_161,r_24_79_40,r_123_1_11,0.96,0,11,11,29
48,r_100_75_110,r_112_119_109,r_68_147_4,r_100_75_110,0.95,3,113,110,29
12,r_84_15_14,r_144_157_103,r_39_139_65,r_39_139_65,0.92,17,82,65,29
80,seq164,r_108_53_130,r_43_121_52,r_43_121_52,1.0,1,53,52,29
65,r_106_109_37,r_6_7_164,seq104,r_106_109_37,1.0,0,37,37,29
6,r_156_58_184,r_85_72_183,seq125,r_85_72_183,0.43,1,184,183,29
0,r_39_139_65,r_84_15_14,r_101_63_126,r_101_63_126,0.95,-15,111,126,29
85,seq65,r_85_72_183,r_96_28_99,r_96_28_99,1.0,-1,98,99,29
63,r_103_22_161,r_12_134_28,r_93_35_18,r_103_22_161,0.71,-136,25,161,29
99,seq127,r_152_114_92,r_163_151_9,r_152_114_92,0.98,0,92,92,29
16,r_12_134_28,seq16,seq104,r_12_134_28,0.61,6,34,28,29
29,r_122_107_186,r_68_147_4,r_36_29_39,r_122_107_186,0.97,0,186,186,29
27,r_6_7_164,r_143_41_188,r_123_1_11,r_6_7_164,0.64,0,164,164,29
22,r_27_2_190,r_69_21_8,r_38_57_139,r_27_2_190,0.49,0,190,190,29
2,r_51_46_160,seq136,seq56,r_51_46_160,0.9,0,160,160,29
41,r_69_21_8,seq56,r_11_14_144,r_11_14_144,0.99,0,144,144,29
40,r_40_94_154,r_77_19_179,r_69_21_8,r_77_19_179,0.42,-110,69,179,29
29,r_122_107_186,r_133_30_169,r_68_147_4,r_133_30_169,0.91,0,169,169,29
41,r_69_21_8,r_9_146_176,seq56,r_69_21_8,0.97,2,10,8,29
25,r_11_14_144,r_18_59_195,r_69_21_8,r_11_14_144,0.95,0,144,144,29
64,r_130_120_67,r_32_98_134,seq88,r_130_120_67,1.0,1,68,67,29
47,r_68_147_4,r_133_30_169,r_100_75_110,r_68_147_4,0.89,165,169,4,29
21,r_26_126_45,r_129_118_175,r_149_49_47,r_26_126_45,0.74,2,47,45,29
31,r_71_48_82,r_8_168_27,r_43_121_52,r_43_121_52,1.0,5,57,52,29
44,r_8_168_27,r_138_83_26,seq95,r_8_168_27,0.99,0,27,27,29
68,r_129_118_175,seq166,r_36_29_39,r_36_29_39,0.94,136,175,39,29
31,r_71_48_82,r_167_141_21,r_8_168_27,r_8_168_27,0.57,3,30,27,29
61,r_33_0_156,seq90,r_71_48_82,r_71_48_82,0.66,108,190,82,29
38,r_38_57_139,seq166,seq20,r_38_57_139,0.92,4,143,139,29
52,r_111_87_118,r_138_83_26,r_50_81_95,r_111_87_118,0.99,0,118,118,29
93,seq97,r_85_72_183,r_115_160_53,r_115_160_53,0.97,1,54,53,29
77,seq154,r_37_142_132,seq128,r_37_142_132,0.9,0,132,132,29
57,r_80_102_31,r_77_19_179,seq104,r_80_102_31,1.0,0,31,31,29
34,r_78_89_140,r_10_169_64,seq155,r_78_89_140,0.9,1,141,140,29
60,r_77_19_179,seq56,r_39_139_65,r_77_19_179,0.49,0,179,179,29
81,seq165,r_85_72_183,r_82_55_116,r_82_55_116,0.87,67,183,116,29
12,r_84_15_14,r_36_29_39,r_144_157_103,r_36_29_39,0.92,-23,16,39,29
17,r_74_60_114,seq162,r_138_83_26,r_74_60_114,0.99,4,118,114,29
46,r_167_141_21,r_10_169_64,r_144_157_103,r_167_141_21,0.65,2,23,21,29
63,r_103_22_161,r_93_35_18,r_84_15_14,r_84_15_14,0.98,147,161,14,29
22,r_27_2_190,seq56,r_69_21_8,r_69_21_8,0.54,86,94,8,29
28,r_152_114_92,seq127,seq140,r_152_114_92,0.8,0,92,92,29
49,r_96_28_99,r_50_81_95,seq65,r_96_28_99,1.0,0,99,99,29
32,r_133_30_169,r_122_107_186,r_68_147_4,r_133_30_169,0.41,-127,42,169,29
59,r_131_31_29,seq65,r_163_151_9,r_131_31_29,1.0,0,29,29,29
44,r_142_3_58,r_48_13_112,r_169_11_199,r_48_13_112,0.83,13,125,112,30
50,r_123_25_34,r_82_90_60,seq98,r_123_25_34,0.99,2,36,34,30
20,r_99_132_12,r_135_93_152,r_109_92_136,r_99_132_12,0.99,0,12,12,30
55,r_117_39_46,r_116_19_133,r_164_17_1,r_117_39_46,0.98,1,47,46,30
66,r_116_19_133,r_107_76_19,r_130_103_14,r_116_19_133,1.0,0,133,133,30
14,r_137_8_49,r_31_165_107,r_85_69_135,r_31_165_107,0.52,-44,63,107,30
60,r_101_45_55,r_41_168_196,r_9_38_188,r_101_45_55,1.0,0,55,55,30
53,r_9_38_188,r_0_126_191,r_150_44_25,r_150_44_25,0.73,164,189,25,30
43,r_162_59_186,r_115_157_173,r_152_67_108,r_152_67_108,0.94,3,111,108,30
30,r_22_141_37,r_109_92_136,seq5,r_22_141_37,0.58,1,38,37,30
54,r_0_126_191,r_9_38_188,r_55_124_70,r_55_124_70,0.73,117,187,70,30
83,seq133,r_108_119_129,r_49_23_16,r_108_119_129,0.73,-17,112,129,30
37,r_148_87_80,seq136,r_123_25_34,r_148_87_80,0.99,0,80,80,30
5,r_49_23_16,r_146_113_102,seq133,r_49_23_16,0.88,0,16,16,30
16,r_85_69_135,r_145_94_116,r_164_17_1,r_145_94_116,0.86,1,117,116,30
39,r_48_13_112,r_169_11_199,r_122_79_42,r_48_13_112,0.66,3,115,112,30
97,seq100,r_88_160_134,seq51,r_88_160_134,1.0,0,134,134,30
8,r_42_105_23,seq18,seq20,r_42_105_23,0.84,1,24,23,30
69,r_10_154_139,r_35_33_117,r_65_62_62,r_65_62_62,0.63,55,117,62,30
11,r_107_76_19,r_108_119_129,r_116_19_133,r_107_76_19,1.0,0,19,19,30
35,r_54_144_33,r_43_24_119,seq18,r_54_144_33,0.99,3,36,33,30
19,r_43_24_119,seq70,r_169_11_199,r_43_24_119,0.79,0,119,119,30
11,r_107_76_19,r_116_19_133,r_134_166_165,r_107_76_19,0.88,114,133,19,30
27,r_29_60_44,r_46_36_128,seq32,r_46_36_128,0.86,0,128,128,30
27,r_29_60_44,r_114_97_183,r_46_36_128,r_29_60_44,0.88,7,51,44,30
31,r_26_106_105,r_116_19_133,r_55_124_70,r_26_106_105,0.98,0,105,105,30
67,r_152_67_108,r_150_44_25,r_162_59_186,r_152_67_108,1.0,0,108,108,30
3,r_34_47_148,r_111_61_166,r_99_132_12,r_34_47_148,0.9,0,148,148,30
10,r_82_90_60,r_108_119_129,r_138_71_2,r_82_90_60,1.0,1,61,60,30
69,r_10_154_139,r_65_62_62,r_150_44_25,r_65_62_62,0.52,78,140,62,30
26,r_108_119_129,seq133,seq143,r_108_119_129,0.98,2,131,129,30
47,r_130_103_14,r_146_113_102,seq131,r_130_103_14,1.0,1,15,14,30
4,r_46_36_128,r_29_60_44,r_146_113_102,r_46_36_128,0.69,0,128,128,30
65,r_58_147_45,r_148_87_80,seq131,r_58_147_45,1.0,0,45,45,30
73,seq4,r_52_37_145,r_153_110_48,r_153_110_48,0.7,99,147,48,30
13,r_28_6_156,r_115_157_173,r_85_69_135,r_28_6_156,0.6,4,160,156,30
44,r_142_3_58,r_115_157_173,r_48_13_112,r_142_3_58,0.74,0,58,58,30
57,r_112_129_32,r_27_159_190,r_99_132_12,r_112_129_32,1.0,0,32,32,30
49,r_66_167_22,seq20,r_85_69_135,r_85_69_135,0.98,7,142,135,30
12,r_150_44_25,r_111_61_166,r_77_81_138,r_77_81_138,0.94,19,157,138,30
6,r_65_62_62,r_108_119_129,r_22_141_37,r_65_62_62,0.54,8,70,62,30
62,r_134_166_165,r_26_106_105,r_107_76_19,r_134_166_165,0.91,-84,81,165,30
21,r_118_95_39,r_49_23_16,r_145_94_116,r_145_94_116,1.0,34,150,116,30
16,r_85_69_135,r_164_17_1,r_66_167_22,r_85_69_135,0.92,0,135,135,30
14,r_137_8_49,r_85_69_135,r_139_68_90,r_137_8_49,0.77,41,90,49,30
12,r_150_44_25,r_137_8_49,r_111_61_166,r_150_44_25,0.96,1,26,25,30
34,r_86_128_15,r_52_37_145,seq56,r_86_128_15,0.67,1,16,15,30
42,r_111_61_166,r_122_79_42,r_150_44_25,r_111_61_166,1.0,-142,24,166,30
45,r_153_110_48,seq5,seq136,r_153_110_48,1.0,0,48,48,30
87,seq51,r_115_157_173,r_121_155_77,r_121_155_77,1.0,98,175,77,30
2,r_55_124_70,r_88_160_134,seq70,r_55_124_70,0.82,1,71,70,30
18,r_73_104_74,r_148_87_80,r_164_17_1,r_73_104_74,0.96,0,74,74,30
23,r_41_168_196,r_101_45_55,r_58_147_45,r_41_168_196,1.0,-141,55,196,30
67,r_152_67_108,r_162_59_186,r_121_155_77,r_162_59_186,0.88,4,190,186,30
43,r_162_59_186,r_152_67_108,r_34_47_148,r_162_59_186,0.74,0,186,186,30
74,seq5,r_153_110_48,r_22_141_37,r_153_110_48,1.0,0,48,48,30
33,r_145_94_116,r_85_69_135,r_118_95_39,r_145_94_116,1.0,1,117,116,30
48,r_122_79_42,r_145_94_116,r_48_13_112,r_122_79_42,0.81,75,117,42,30
17,r_109_92_136,r_22_141_37,r_99_132_12,r_99_132_12,0.97,26,38,12,30
64,r_114_97_183,seq32,r_49_23_16,r_114_97_183,0.5,0,183,183,30
59,r_40_7_56,r_78_75_8,r_58_147_45,r_40_7_56,0.83,0,56,56,30
88,seq56,r_84_151_181,r_86_128_15,r_86_128_15,0.64,98,113,15,30
66,r_116_19_133,r_117_39_46,r_107_76_19,r_116_19_133,0.79,-86,47,133,30
21,r_118_95_39,seq20,r_49_23_16,r_118_95_39,0.97,0,39,39,30
70,seq149,r_53_1_182,r_169_11_199,r_53_1_182,0.77,0,182,182,30
20,r_99_132_12,r_109_92_136,r_112_129_32,r_99_132_12,0.92,127,139,12,30
68,r_52_37_145,seq4,seq51,r_52_37_145,0.7,1,146,145,30
42,r_111_61_166,r_150_44_25,r_148_87_80,r_150_44_25,0.72,143,168,25,30
61,r_53_1_182,seq149,r_111_61_166,r_53_1_182,0.57,0,182,182,30
32,r_121_155_77,seq98,seq51,r_121_155_77,1.0,1,78,77,30
11,r_107_76_19,r_134_166_165,r_146_113_102,r_134_166_165,0.95,-1,164,165,30
49,r_66_167_22,r_9_38_188,seq20,r_66_167_22,0.53,2,24,22,30
7,r_158_63_10,r_117_39_46,seq20,r_158_63_10,0.61,2,12,10,30
63,r_135_93_152,r_99_132_12,r_111_61_166,r_99_132_12,0.71,0,12,12,30
72,seq131,r_41_168_196,r_130_103_14,r_130_103_14,1.0,5,19,14,30
63,r_135_93_152,r_111_61_166,seq91,r_135_93_152,0.79,1,153,152,30
22,r_88_160_134,seq100,r_55_124_70,r_55_124_70,0.94,64,134,70,30
62,r_134_166_165,r_107_76_19,r_135_93_152,r_107_76_19,0.49,146,165,19,30
28,r_35_33_117,r_10_154_139,r_86_128_15,r_35_33_117,0.98,0,117,117,30
91,seq143,r_31_165_107,seq18,r_31_165_107,0.99,2,109,107,30
67,r_152_67_108,r_122_79_42,r_150_44_25,r_152_67_108,0.94,-63,45,108,30
48,r_122_79_42,r_152_67_108,r_145_94_116,r_122_79_42,0.99,0,42,42,30
17,r_109_92_136,r_99_132_12,r_146_113_102,r_109_92_136,0.99,3,139,136,30
60,r_101_45_55,r_9_38_188,r_146_113_102,r_101_45_55,0.62,134,189,55,30
84,seq32,r_114_97_183,r_148_87_80,r_148_87_80,0.94,103,183,80,30
97,seq116,r_43_68_186,r_138_52_54,r_138_52_54,0.83,4,58,54,31
68,r_82_53_19,r_144_114_38,seq9,r_82_53_19,0.92,-1,18,19,31
63,r_105_39_125,seq151,r_55_33_101,r_105_39_125,0.98,1,126,125,31
8,r_87_86_182,seq97,r_138_52_54,r_138_52_54,1.0,133,187,54,31
53,r_8_164_127,seq85,r_79_159_118,r_8_164_127,1.0,0,127,127,31
52,r_72_63_24,r_126_59_121,r_117_94_22,r_117_94_22,0.52,3,25,22,31
54,r_152_64_166,r_129_58_171,r_11_163_111,r_152_64_166,0.76,0,166,166,31
34,r_6_41_143,r_7_91_100,r_46_93_191,r_7_91_100,0.68,-55,45,100,31
37,r_146_42_150,seq165,r_17_61_27,r_146_42_150,0.71,0,150,150,31
88,seq76,r_23_88_69,r_101_110_33,r_101_110_33,0.6,1,34,33,31
59,r_99_74_167,r_92_83_115,r_119_65_85,r_119_65_85,0.89,7,92,85,31
13,r_118_103_165,r_145_75_108,r_138_52_54,r_118_103_165,0.83,1,166,165,31
55,r_149_102_77,r_130_47_159,r_13_26_141,r_149_102_77,0.9,82,159,77,31
16,r_11_163_111,seq70,r_71_155_197,r_11_163_111,0.62,0,111,111,31
39,r_129_58_171,r_130_47_159,r_131_78_48,r_131_78_48,1.0,111,159,48,31
24,r_84_136_113,r_144_114_38,r_15_0_18,r_144_114_38,0.97,-8,30,38,31
5,r_167_137_147,seq24,seq3,r_167_137_147,0.84,0,147,147,31
42,r_15_0_18,r_84_136_113,r_141_54_35,r_141_54_35,0.91,78,113,35,31
34,r_6_41_143,seq151,r_162_10_153,r_162_10_153,0.94,13,166,153,31
14,r_131_78_48,seq40,r_156_135_23,r_131_78_48,0.98,-2,46,48,31
69,r_2_128_105,r_106_139_177,r_35_77_102,r_2_128_105,0.73,2,107,105,31
21,r_156_135_23,r_43_68_186,r_129_58_171,r_156_135_23,1.0,-1,22,23,31
24,r_84_136_113,r_15_0_18,r_117_94_22,r_84_136_113,0.46,0,113,113,31
19,r_79_159_118,r_146_42_150,r_73_160_122,r_146_42_150,0.97,-27,123,150,31
66,r_143_25_107,seq151,seq37,r_143_25_107,0.98,0,107,107,31
76,seq151,r_143_25_107,r_43_68_186,r_143_25_107,1.0,0,107,107,31
51,r_17_61_27,r_156_135_23,seq21,r_17_61_27,0.48,-6,21,27,31
92,seq97,r_98_18_79,r_66_169_21,r_66_169_21,0.86,0,21,21,31
31,r_13_26_141,r_45_153_7,r_149_102_77,r_13_26_141,0.99,2,143,141,31
41,r_45_153_7,r_13_26_141,seq107,r_13_26_141,1.0,-12,129,141,31
67,r_27_161_104,seq90,r_23_88_69,r_27_161_104,1.0,0,104,104,31
3,r_29_133_94,r_35_77_102,r_15_0_18,r_29_133_94,0.99,0,94,94,31
1,r_101_110_33,r_129_58_171,seq76,r_101_110_33,1.0,0,33,33,31
10,r_1_14_74,r_129_58_171,seq9,r_1_14_74,1.0,0,74,74,31
26,r_43_68_186,r_35_77_102,seq151,r_35_77_102,1.0,-20,82,102,31
72,seq9,r_126_59_121,r_1_14_74,r_1_14_74,0.88,50,124,74,31
22,r_46_93_191,r_6_41_143,r_79_159_118,r_46_93_191,0.98,-74,117,191,31
78,seq28,r_111_121_169,seq148,r_111_121_169,0.83,0,169,169,31
63,r_105_39_125,r_35_77_102,seq151,r_35_77_102,1.0,0,102,102,31
11,r_4_108_172,r_129_58_171,r_105_39_125,r_4_108_172,0.57,1,173,172,31
20,r_123_81_120,seq157,r_140_89_55,r_140_89_55,0.6,72,127,55,31
13,r_118_103_165,r_87_86_182,r_145_75_108,r_118_103_165,0.39,-51,114,165,31
46,r_106_139_177,r_140_89_55,r_95_60_8,r_95_60_8,0.67,167,175,8,31
15,r_119_65_85,r_95_60_8,r_125_120_114,r_119_65_85,1.0,0,85,85,31
57,r_162_10_153,seq3,r_6_41_143,r_162_10_153,0.69,1,154,153,31
62,r_113_147_185,seq127,r_111_121_169,r_113_147_185,0.25,3,188,185,31
21,r_156_135_23,r_129_58_171,r_131_78_48,r_131_78_48,0.55,57,105,48,31
46,r_106_139_177,r_13_26_141,r_140_89_55,r_106_139_177,0.81,-129,48,177,31
27,r_31_38_157,r_124_132_9,r_143_25_107,r_124_132_9,0.71,148,157,9,31
6,r_144_114_38,r_84_136_113,r_46_93_191,r_144_114_38,1.0,0,38,38,31
47,r_124_132_9,r_31_38_157,r_23_88_69,r_124_132_9,0.59,138,147,9,31
59,r_99_74_167,r_119_65_85,seq44,r_99_74_167,0.96,0,167,167,31
38,r_117_94_22,r_101_110_33,r_72_63_24,r_72_63_24,0.89,-2,22,24,31
18,r_111_121_169,seq28,r_79_159_118,r_79_159_118,0.64,51,169,118,31
29,r_154_67_70,r_13_26_141,seq165,r_154_67_70,0.48,3,73,70,31
34,r_6_41_143,r_46_93_191,seq151,r_6_41_143,0.53,0,143,143,31
25,r_100_80_86,r_130_47_159,r_50_62_73,r_130_47_159,0.85,-3,156,159,31
33,r_150_12_109,r_55_33_101,r_149_102_77,r_150_12_109,1.0,0,109,109,31
64,r_23_88_69,seq76,seq70,r_23_88_69,1.0,-1,68,69,31
0,r_138_52_54,r_79_159_118,seq116,r_138_52_54,0.97,0,54,54,31
58,r_50_62_73,r_129_58_171,r_98_18_79,r_98_18_79,0.96,26,105,79,31
6,r_144_114_38,r_46_93_191,r_129_58_171,r_129_58_171,0.89,6,177,171,31
65,r_126_59_121,seq9,r_66_169_21,r_126_59_121,0.79,3,124,121,31
61,r_73_160_122,r_95_60_8,r_79_159_118,r_95_60_8,0.92,115,123,8,31
32,r_145_75_108,r_6_41_143,seq30,r_145_75_108,0.95,0,108,108,31
76,seq151,r_43_68_186,r_138_52_54,r_43_68_186,0.53,-8,178,186,31
9,r_115_20_32,r_84_136_113,seq134,r_115_20_32,0.98,1,33,32,31
48,r_140_89_55,r_150_12_109,r_106_139_177,r_140_89_55,0.68,-11,44,55,31
4,r_104_57_20,r_111_121_169,seq37,r_104_57_20,1.0,0,20,20,31
60,r_35_77_102,r_105_39_125,seq168,r_35_77_102,0.99,0,102,102,31
26,r_43_68_186,seq151,r_66_169_21,r_66_169_21,0.8,165,186,21,31
50,r_141_54_35,seq24,r_15_0_18,r_141_54_35,1.0,0,35,35,31
22,r_46_93_191,r_7_91_100,r_6_41_143,r_6_41_143,0.53,-73,70,143,31
28,r_36_51_174,seq70,r_69_34_135,r_69_34_135,0.98,39,174,135,31
49,r_22_142_180,seq24,r_73_160_122,r_73_160_122,0.95,58,180,122,31
7,r_92_83_115,r_99_74_167,r_138_52_54,r_92_83_115,0.97,0,115,115,31
44,r_130_47_159,r_129_58_171,r_138_52_54,r_130_47_159,0.57,0,159,159,31
23,r_98_18_79,r_87_86_182,r_158_49_44,r_98_18_79,1.0,0,79,79,31
82,seq37,r_69_34_135,r_7_91_100,r_7_91_100,0.9,35,135,100,31
35,r_95_60_8,r_73_160_122,seq28,r_73_160_122,1.0,1,123,122,31
12,r_7_91_100,r_145_75_108,seq37,r_7_91_100,0.89,0,100,100,31
39,r_129_58_171,r_131_78_48,r_144_114_38,r_131_78_48,0.5,123,171,48,31
45,r_158_49_44,r_69_34_135,seq90,r_158_49_44,0.68,0,44,44,31
45,r_162_6_38,r_93_101_55,r_46_12_171,r_162_6_38,0.92,5,43,38,32
4,r_150_59_118,r_25_168_126,r_8_72_64,r_8_72_64,0.52,54,118,64,32
6,r_141_139_197,r_61_105_1,r_51_14_104,r_141_139_197,0.67,-151,46,197,32
92,seq79,r_98_167_148,r_144_62_99,r_144_62_99,1.0,1,100,99,32
14,r_123_143_177,r_66_23_70,seq169,r_66_23_70,1.0,-3,67,70,32
58,r_27_163_87,r_103_161_172,r_92_120_95,r_103_161_172,0.88,3,175,172,32
43,r_74_52_122,r_27_163_87,seq28,r_27_163_87,0.57,0,87,87,32
53,r_93_101_55,r_162_6_38,r_45_142_168,r_162_6_38,0.78,-6,32,38,32
54,r_103_161_172,r_61_105_1,r_27_163_87,r_27_163_87,0.77,4,91,87,32
54,r_103_161_172,r_27_163_87,r_150_59_118,r_150_59_118,0.58,57,175,118,32
55,r_60_114_186,seq145,r_69_32_97,r_69_32_97,0.98,89,186,97,32
16,r_82_34_123,r_64_109_181,r_33_88_31,r_82_34_123,0.51,0,123,123,32
1,r_51_14_104,r_27_163_87,r_8_72_64,r_51_14_104,0.69,-37,67,104,32
97,seq145,r_60_114_186,r_82_34_123,r_82_34_123,0.96,63,186,123,32
13,r_111_152_183,seq135,r_127_9_174,r_111_152_183,0.83,-168,15,183,32
5,r_39_3_150,seq24,r_150_59_118,r_150_59_118,0.66,32,150,118,32
42,r_116_54_98,r_124_35_40,r_70_18_11,r_116_54_98,0.77,7,105,98,32
21,r_33_88_31,r_148_153_125,r_45_142_168,r_33_88_31,0.99,0,31,31,32
80,seq30,r_50_41_155,r_117_47_43,r_117_47_43,0.58,112,155,43,32
7,r_125_78_45,r_46_12_171,r_1_130_58,r_125_78_45,0.63,77,122,45,32
51,r_83_87_24,r_89_11_121,r_40_164_22,r_89_11_121,0.71,-97,24,121,32
13,r_111_152_183,seq108,r_21_67_62,r_21_67_62,0.57,121,183,62,32
24,r_136_63_161,r_1_130_58,r_53_154_18,r_136_63_161,0.9,0,161,161,32
15,r_2_81_137,r_74_52_122,seq108,r_2_81_137,0.75,0,137,137,32
11,r_117_47_43,r_148_153_125,seq155,r_148_153_125,0.97,0,125,125,32
27,r_98_167_148,r_95_156_79,r_144_62_99,r_144_62_99,0.76,53,152,99,32
66,r_144_62_99,r_147_48_117,seq79,r_144_62_99,0.99,0,99,99,32
76,seq24,r_39_3_150,r_66_23_70,r_66_23_70,0.59,80,150,70,32
39,r_140_7_113,r_16_5_41,seq169,r_140_7_113,1.0,0,113,113,32
31,r_43_165_140,r_61_105_1,r_117_47_43,r_43_165_140,0.94,0,140,140,32
41,r_77_115_102,seq131,r_16_5_41,r_77_115_102,0.59,0,102,102,32
6,r_141_139_197,r_51_14_104,r_104_73_34,r_51_14_104,0.74,-32,72,104,32
67,r_1_130_58,r_66_23_70,r_125_78_45,r_125_78_45,0.8,16,61,45,32
89,seq65,r_64_109_181,r_36_151_12,r_64_109_181,0.98,-82,99,181,32
10,r_127_9_174,seq42,r_70_18_11,r_127_9_174,0.73,0,174,174,32
1,r_51_14_104,r_8_72_64,seq65,r_51_14_104,1.0,0,104,104,32
74,seq17,r_39_3_150,seq145,r_39_3_150,0.49,-11,139,150,32
48,r_92_120_95,r_27_163_87,r_10_119_144,r_10_119_144,0.61,7,151,144,32
4,r_150_59_118,r_21_67_62,r_25_168_126,r_21_67_62,1.0,0,62,62,32
78,seq28,r_95_156_79,r_8_72_64,r_95_156_79,0.74,0,79,79,32
0,r_45_142_168,r_60_114_186,r_125_78_45,r_60_114_186,0.69,-5,181,186,32
46,r_16_5_41,r_140_7_113,r_77_115_102,r_16_5_41,0.99,72,113,41,32
15,r_2_81_137,r_25_168_126,r_74_52_122,r_25_168_126,0.41,0,126,126,32
48,r_92_120_95,r_50_41_155,r_27_163_87,r_92_120_95,0.94,1,96,95,32
49,r_46_12_171,r_112_159_131,r_25_168_126,r_46_12_171,0.74,9,180,171,32
62,r_112_159_131,r_86_38_187,r_110_122_50,r_110_122_50,0.95,99,149,50,32
21,r_33_88_31,r_45_142_168,r_82_34_123,r_82_34_123,0.99,12,135,123,32
6,r_141_139_197,r_104_73_34,seq19,r_141_139_197,0.49,-41,156,197,32
74,seq17,r_45_142_168,r_39_3_150,r_39_3_150,0.58,-80,70,150,32
46,r_16_5_41,r_125_78_45,r_140_7_113,r_16_5_41,0.99,-2,39,41,32
27,r_98_167_148,seq79,r_95_156_79,r_95_156_79,1.0,7,86,79,32
39,r_140_7_113,seq4,r_16_5_41,r_16_5_41,1.0,0,41,41,32
11,r_117_47_43,seq155,r_43_165_140,r_43_165_140,1.0,1,141,140,32
2,r_50_41_155,seq30,r_110_122_50,r_50_41_155,0.66,0,155,155,32
47,r_21_67_62,r_150_59_118,seq31,r_21_67_62,1.0,0,62,62,32
40,r_44_149_78,r_89_11_121,seq4,r_44_149_78,1.0,0,78,78,32
29,r_147_48_117,r_80_85_103,r_33_88_31,r_33_88_31,0.94,90,121,31,32
24,r_136_63_161,r_89_11_121,r_1_130_58,r_1_130_58,0.79,41,99,58,32
11,r_117_47_43,seq100,r_148_153_125,r_117_47_43,1.0,0,43,43,32
25,r_69_32_97,r_89_11_121,r_36_151_12,r_69_32_97,1.0,1,98,97,32
33,r_133_26_132,r_10_119_144,r_56_128_112,r_133_26_132,0.41,1,133,132,32
69,r_104_73_34,r_123_143_177,seq157,r_104_73_34,0.99,3,37,34,32
64,r_56_128_112,r_86_38_187,r_70_18_11,r_70_18_11,0.65,102,113,11,32
58,r_27_163_87,r_74_52_122,r_103_161_172,r_74_52_122,0.98,-35,87,122,32
70,seq131,r_77_115_102,r_53_154_18,r_77_115_102,1.0,0,102,102,32
53,r_93_101_55,r_45_142_168,seq160,r_93_101_55,0.92,0,55,55,32
68,r_8_72_64,r_77_115_102,seq28,r_77_115_102,0.64,-37,65,102,32
12,r_64_109_181,r_36_151_12,r_80_85_103,r_64_109_181,0.99,0,181,181,32
61,r_95_156_79,seq28,r_98_167_148,r_95_156_79,1.0,0,79,79,32
52,r_10_119_144,r_40_164_22,r_92_120_95,r_92_120_95,1.0,49,144,95,32
77,seq155,r_76_55_156,r_117_47_43,r_117_47_43,1.0,115,158,43,32
26,r_70_18_11,r_27_163_87,seq68,r_70_18_11,0.59,1,12,11,32
4,r_150_59_118,r_8_72_64,r_39_3_150,r_150_59_118,0.68,33,151,118,32
18,r_148_153_125,seq155,r_117_47_43,r_117_47_43,1.0,3,46,43,32
34,r_66_23_70,r_123_143_177,seq24,r_66_23_70,0.95,3,73,70,32
3,r_121_166_21,r_86_38_187,r_36_151_12,r_121_166_21,0.97,0,21,21,32
45,r_162_6_38,r_46_12_171,r_112_159_131,r_162_6_38,0.46,84,122,38,32
81,seq31,r_86_38_187,r_21_67_62,r_21_67_62,1.0,14,76,62,32
60,r_137_106_175,r_116_54_98,r_70_18_11,r_70_18_11,0.67,45,56,11,32
9,r_25_168_126,r_2_81_137,r_46_12_171,r_25_168_126,0.95,0,126,126,32
75,seq19,r_51_14_104,r_66_23_70,r_51_14_104,0.59,-32,72,104,32
22,r_0_97_141,seq68,r_83_87_24,r_0_97_141,0.54,1,142,141,32
49,r_46_12_171,r_89_11_121,r_112_159_131,r_46_12_171,0.67,-52,119,171,32
56,r_22_29_94,r_50_41_155,r_16_5_41,r_22_29_94,0.96,1,95,94,32
18,r_148_153_125,r_117_47_43,r_77_115_102,r_148_153_125,1.0,0,125,125,32
44,r_84_118_120,r_39_3_150,r_44_149_78,r_39_3_150,0.99,-30,120,150,32
20,r_107_102_9,r_127_9_174,seq99,r_107_102_9,0.72,1,10,9,32
43,r_74_52_122,seq28,r_16_5_41,r_74_52_122,0.86,1,123,122,32
79,seq157,r_116_54_98,r_104_73_34,r_104_73_34,0.63,32,66,34,32
35,r_89_11_121,r_46_12_171,seq145,r_89_11_121,0.76,0,121,121,32
12,r_64_109_181,r_82_34_123,r_36_151_12,r_82_34_123,1.0,0,123,123,32
36,r_146_90_47,r_86_38_187,seq68,r_146_90_47,0.81,1,48,47,32
7,r_125_78_45,r_133_26_132,r_46_12_171,r_125_78_45,0.6,1,46,45,32
84,seq169,r_123_143_177,r_140_7_113,r_140_7_113,0.98,67,180,113,32
40,r_76_37_151,r_88_117_18,r_156_101_76,r_76_37_151,0.98,1,152,151,33
30,r_89_134_164,r_32_97_198,r_56_0_197,r_89_134_164,0.73,2,166,164,33
51,r_148_21_128,seq144,seq72,r_148_21_128,0.97,1,129,128,33
36,r_156_101_76,r_131_129_126,seq138,r_156_101_76,1.0,0,76,76,33
14,r_24_4_189,r_120_96_159,r_113_53_26,r_113_53_26,0.44,35,61,26,33
8,r_49_65_129,seq59,seq26,r_49_65_129,0.98,0,129,129,33
81,seq26,r_31_93_53,seq153,r_31_93_53,1.0,1,54,53,33
81,seq26,seq153,r_49_65_129,r_49_65_129,0.79,0,129,129,33
37,r_140_86_110,seq138,r_67_47_148,r_140_86_110,0.85,0,110,110,33
10,r_113_53_26,r_41_63_177,r_24_4_189,r_113_53_26,1.0,0,26,26,33
16,r_84_104_17,r_62_40_199,r_90_7_142,r_84_104_17,0.52,95,112,17,33
21,r_6_145_154,seq23,r_9_107_71,r_9_107_71,0.93,84,155,71,33
1,r_9_107_71,r_62_40_199,seq109,r_9_107_71,1.0,0,71,71,33
46,r_137_75_93,r_94_167_193,seq34,r_137_75_93,0.99,2,95,93,33
69,r_27_92_122,seq58,r_56_0_197,r_27_92_122,1.0,0,122,122,33
45,r_122_61_92,seq57,seq70,r_122_61_92,1.0,0,92,92,33
32,r_150_68_31,r_111_163_186,seq22,r_150_68_31,1.0,2,33,31,33
19,r_42_110_85,r_90_7_142,r_28_152_32,r_42_110_85,1.0,4,89,85,33
15,r_44_79_13,r_90_7_142,r_165_123_40,r_165_123_40,0.62,83,123,40,33
66,r_8_143_121,r_62_40_199,r_122_61_92,r_8_143_121,0.63,0,121,121,33
76,seq17,seq144,r_18_25_14,r_18_25_14,0.48,156,170,14,33
31,r_131_129_126,seq144,r_137_75_93,r_131_129_126,0.99,0,126,126,33
67,r_132_157_134,seq119,r_36_108_2,r_132_157_134,0.78,0,134,134,33
50,r_67_47_148,r_146_115_41,r_73_147_141,r_146_115_41,1.0,0,41,41,33
47,r_139_50_38,r_90_7_142,seq17,r_139_50_38,1.0,2,40,38,33
62,r_114_168_195,r_67_47_148,r_164_55_175,r_164_55_175,0.53,-3,172,175,33
15,r_44_79_13,seq69,r_90_7_142,r_44_79_13,0.96,2,15,13,33
26,r_71_121_131,r_132_157_134,r_165_123_40,r_71_121_131,0.63,0,131,131,33
22,r_111_163_186,r_9_107_71,r_49_65_129,r_111_163_186,0.82,1,187,186,33
55,r_165_123_40,r_164_55_175,r_82_99_167,r_165_123_40,1.0,0,40,40,33
4,r_118_35_74,r_122_61_92,r_81_16_192,r_118_35_74,0.96,0,74,74,33
0,r_112_103_60,seq119,r_41_63_177,r_112_103_60,1.0,4,64,60,33
63,r_78_149_66,r_133_1_64,seq138,r_78_149_66,1.0,1,67,66,33
48,r_45_5_104,r_41_63_177,r_133_1_64,r_41_63_177,0.98,-70,107,177,33
54,r_64_15_48,r_3_127_103,r_154_43_36,r_64_15_48,0.9,0,48,48,33
12,r_41_63_177,r_112_103_60,r_128_30_143,r_41_63_177,0.99,1,178,177,33
62,r_114_168_195,seq13,r_67_47_148,r_114_168_195,0.72,-117,78,195,33
27,r_83_54_46,r_78_149_66,r_165_123_40,r_83_54_46,1.0,0,46,46,33
99,seq125,r_90_7_142,r_165_123_40,r_165_123_40,0.96,83,123,40,33
52,r_128_30_143,r_90_7_142,seq59,r_128_30_143,0.95,0,143,143,33
0,r_112_103_60,r_41_63_177,r_2_159_115,r_2_159_115,0.99,63,178,115,33
52,r_128_30_143,r_9_107_71,r_90_7_142,r_128_30_143,0.49,-85,58,143,33
2,r_73_147_141,r_38_161_191,r_135_60_34,r_38_161_191,0.96,-50,141,191,33
57,r_46_126_43,r_31_93_53,r_36_108_2,r_31_93_53,0.97,-6,47,53,33
18,r_136_80_149,r_62_40_199,r_29_151_171,r_29_151_171,0.62,7,178,171,33
29,r_82_99_167,r_90_7_142,r_165_123_40,r_165_123_40,0.99,67,107,40,33
53,r_31_93_53,seq26,seq23,r_31_93_53,1.0,0,53,53,33
24,r_29_151_171,r_81_16_192,r_136_80_149,r_29_151_171,0.6,1,172,171,33
33,r_33_48_106,r_38_161_191,r_62_40_199,r_33_48_106,1.0,0,106,106,33
4,r_118_35_74,r_81_16_192,r_116_87_83,r_116_87_83,0.61,6,89,83,33
64,r_39_85_155,seq138,r_154_43_36,r_39_85_155,0.68,0,155,155,33
41,r_146_115_41,r_67_47_148,seq74,r_146_115_41,1.0,0,41,41,33
50,r_67_47_148,r_140_86_110,r_2_159_115,r_67_47_148,1.0,0,148,148,33
65,r_169_141_139,seq119,r_156_101_76,r_169_141_139,0.85,0,139,139,33
68,r_130_162_86,r_33_48_106,r_124_91_4,r_130_162_86,1.0,0,86,86,33
42,r_88_117_18,r_76_37_151,r_165_123_40,r_88_117_18,0.93,134,152,18,33
61,r_98_19_140,r_111_163_186,r_154_43_36,r_98_19_140,0.71,0,140,140,33
37,r_140_86_110,r_67_47_148,r_49_65_129,r_67_47_148,0.51,0,148,148,33
17,r_90_7_142,r_82_99_167,r_84_104_17,r_82_99_167,0.48,-25,142,167,33
90,seq69,r_10_102_172,r_135_60_34,r_135_60_34,1.0,4,38,34,33
50,r_67_47_148,r_73_147_141,r_140_86_110,r_67_47_148,0.5,-38,110,148,33
29,r_82_99_167,r_165_123_40,r_124_91_4,r_82_99_167,1.0,2,169,167,33
22,r_111_163_186,r_98_19_140,r_9_107_71,r_111_163_186,0.86,-46,140,186,33
28,r_2_159_115,r_41_63_177,seq119,r_2_159_115,0.84,3,118,115,33
11,r_154_43_36,r_90_7_142,seq142,r_154_43_36,1.0,0,36,36,33
40,r_76_37_151,r_139_50_38,r_88_117_18,r_76_37_151,0.97,-130,21,151,33
7,r_133_1_64,r_41_63_177,r_62_40_199,r_133_1_64,1.0,2,66,64,33
23,r_56_0_197,r_73_147_141,r_27_92_122,r_56_0_197,0.92,-75,122,197,33
42,r_88_117_18,r_118_35_74,r_76_37_151,r_88_117_18,0.99,0,18,18,33
35,r_10_102_172,seq138,r_18_25_14,r_10_102_172,0.54,0,172,172,33
12,r_41_63_177,r_2_159_115,r_112_103_60,r_41_63_177,0.74,-59,118,177,33
55,r_165_123_40,r_82_99_167,r_71_121_131,r_165_123_40,0.84,127,167,40,33
30,r_1_34_158,r_16_100_23,r_123_120_80,r_123_120_80,1.0,3,83,80,34
65,r_55_133_52,r_11_147_183,r_15_56_199,r_55_133_52,0.95,0,52,52,34
9,r_32_154_26,r_74_94_190,r_80_109_96,r_80_109_96,1.0,94,190,96,34
49,r_69_119_43,seq89,r_168_98_44,r_69_119_43,1.0,1,44,43,34
8,r_165_50_83,r_134_79_180,seq124,r_165_50_83,0.65,1,84,83,34
53,r_76_104_81,seq124,r_15_56_199,r_76_104_81,1.0,1,82,81,34
54,r_54_23_77,r_52_158_157,r_25_106_103,r_54_23_77,0.97,42,119,77,34
54,r_54_23_77,r_76_104_81,r_52_158_157,r_52_158_157,0.9,-80,77,157,34
37,r_39_57_196,r_1_34_158,r_123_120_80,r_123_120_80,1.0,16,96,80,34
19,r_7_163_78,r_52_158_157,r_54_23_77,r_52_158_157,1.0,0,157,157,34
55,r_25_106_103,r_116_113_75,r_148_82_51,r_25_106_103,0.62,-28,75,103,34
2,r_111_142_27,seq72,seq155,r_111_142_27,0.98,1,28,27,34
97,seq117,r_30_87_86,r_130_97_139,r_30_87_86,1.0,0,86,86,34
5,r_22_152_184,r_95_29_142,seq47,r_95_29_142,1.0,0,142,142,34
46,r_73_21_181,r_65_3_185,r_169_103_42,r_169_103_42,1.0,68,110,42,34
32,r_74_94_190,r_32_154_26,r_41_26_4,r_32_154_26,0.4,164,190,26,34
64,r_18_88_40,seq81,seq72,r_18_88_40,1.0,0,40,40,34
50,r_75_10_49,r_118_59_97,seq46,r_75_10_49,1.0,1,50,49,34
55,r_25_106_103,r_148_82_51,r_54_23_77,r_25_106_103,1.0,0,103,103,34
48,r_143_151_98,r_111_142_27,r_92_45_5,r_143_151_98,0.45,54,152,98,34
93,seq99,seq107,r_131_159_11,r_131_159_11,0.75,15,26,11,34
58,r_169_103_42,r_126_129_48,seq153,r_169_103_42,1.0,0,42,42,34
19,r_7_163_78,seq48,r_52_158_157,r_7_163_78,1.0,0,78,78,34
45,r_131_159_11,r_16_100_23,seq99,r_131_159_11,0.9,2,13,11,34
76,seq17,r_16_100_23,r_53_93_16,r_53_93_16,1.0,45,61,16,34
38,r_33_161_150,r_137_110_21,r_165_50_83,r_33_161_150,0.66,2,152,150,34
38,r_33_161_150,r_31_136_186,r_137_110_21,r_137_110_21,1.0,10,31,21,34
6,r_137_110_21,seq99,r_33_161_150,r_137_110_21,0.91,0,21,21,34
43,r_40_108_37,r_91_36_111,r_15_56_199,r_40_108_37,1.0,1,38,37,34
39,r_58_6_133,r_60_160_12,r_131_159_11,r_58_6_133,0.96,0,133,133,34
67,r_156_14_62,r_101_37_191,r_92_45_5,r_156_14_62,1.0,0,62,62,34
3,r_80_109_96,r_12_86_170,seq141,r_80_109_96,1.0,0,96,96,34
26,r_49_127_121,seq150,seq128,r_49_127_121,0.99,2,123,121,34
8,r_165_50_83,seq124,r_33_161_150,r_33_161_150,0.97,5,155,150,34
72,seq5,r_143_151_98,seq121,r_143_151_98,1.0,-7,91,98,34
9,r_32_154_26,r_130_97_139,r_74_94_190,r_32_154_26,1.0,1,27,26,34
42,r_148_82_51,r_25_106_103,r_30_87_86,r_148_82_51,0.9,36,87,51,34
14,r_60_160_12,r_58_6_133,r_165_50_83,r_58_6_133,0.91,2,135,133,34
66,r_140_2_33,r_76_104_81,r_61_145_17,r_140_2_33,0.85,-9,24,33,34
4,r_116_113_75,r_25_106_103,seq114,r_25_106_103,0.99,-28,75,103,34
0,r_123_120_80,seq141,r_1_34_158,r_123_120_80,0.97,0,80,80,34
11,r_118_59_97,seq153,r_62_20_18,r_118_59_97,1.0,0,97,97,34
20,r_134_79_180,seq102,r_126_129_48,r_134_79_180,0.45,1,181,180,34
13,r_95_29_142,r_22_152_184,r_168_98_44,r_168_98_44,0.56,98,142,44,34
46,r_73_21_181,r_169_103_42,r_91_36_111,r_73_21_181,0.89,1,182,181,34
48,r_143_151_98,seq5,r_111_142_27,r_143_151_98,0.66,1,99,98,34
51,r_44_77_169,seq24,r_69_119_43,r_69_119_43,1.0,4,47,43,34
62,r_138_66_173,r_4_122_1,r_123_120_80,r_138_66_173,0.74,0,173,173,34
1,r_126_129_48,r_169_103_42,r_62_20_18,r_169_103_42,0.98,6,48,42,34
99,seq124,r_76_104_81,r_165_50_83,r_76_104_81,0.98,1,82,81,34
0,r_123_120_80,r_1_34_158,r_16_100_23,r_1_34_158,0.96,0,158,158,34
30,r_1_34_158,r_123_120_80,r_116_113_75,r_123_120_80,0.84,78,158,80,34
57,r_38_64_35,r_15_56_199,seq167,r_38_64_35,1.0,0,35,35,34
51,r_44_77_169,r_69_119_43,r_92_45_5,r_44_77_169,0.78,3,172,169,34
87,seq72,r_44_77_169,r_18_88_40,r_18_88_40,0.99,20,60,40,34
40,r_125_144_146,r_4_122_1,r_80_109_96,r_125_144_146,0.96,0,146,146,34
74,seq139,seq9,r_132_83_161,r_132_83_161,0.81,2,163,161,34
18,r_105_13_138,seq167,r_92_45_5,r_105_13_138,0.93,2,140,138,34
29,r_65_3_185,r_73_21_181,r_63_67_127,r_63_67_127,0.98,55,182,127,34
24,r_132_83_161,r_11_147_183,seq139,r_11_147_183,0.66,-22,161,183,34
25,r_91_36_111,r_1_34_158,r_116_113_75,r_116_113_75,0.69,39,114,75,34
33,r_12_86_170,r_62_20_18,r_15_56_199,r_12_86_170,0.8,0,170,170,34
44,r_168_98_44,seq47,r_69_119_43,r_168_98_44,1.0,1,45,44,34
6,r_137_110_21,r_33_161_150,seq89,r_33_161_150,1.0,1,151,150,34
61,r_42_85_66,r_7_163_78,r_15_56_199,r_15_56_199,1.0,-133,66,199,34
77,seq150,r_166_149_79,r_62_20_18,r_166_149_79,1.0,0,79,79,34
92,seq96,r_168_98_44,seq117,r_168_98_44,1.0,-6,38,44,34
34,r_164_135_87,seq128,r_15_56_199,r_164_135_87,1.0,3,90,87,34
14,r_60_160_12,r_63_67_127,r_58_6_133,r_60_160_12,0.88,0,12,12,34
75,seq141,r_74_94_190,r_80_109_96,r_80_109_96,1.0,26,122,96,34
5,r_22_152_184,seq47,r_91_36_111,r_22_152_184,0.79,-1,183,184,34
32,r_74_94_190,r_123_120_80,r_32_154_26,r_74_94_190,0.99,-162,28,190,34
69,r_115_112_53,r_76_104_81,r_11_147_183,r_11_147_183,0.79,-130,53,183,34
60,r_78_28_129,r_70_146_109,r_62_20_18,r_70_146_109,0.45,3,112,109,34
68,r_61_145_17,r_123_120_80,seq102,r_123_120_80,0.69,-57,23,80,34
39,r_58_6_133,r_71_8_178,r_60_160_12,r_58_6_133,0.67,-122,11,133,34
63,r_11_147_183,r_115_112_53,r_95_29_142,r_95_29_142,1.0,43,185,142,34
28,r_52_158_157,r_7_163_78,seq117,r_52_158_157,0.99,0,157,157,34
22,r_68_157_122,seq99,r_35_43_100,r_68_157_122,0.75,0,122,122,34
28,r_52_158_157,r_118_59_97,r_7_163_78,r_52_158_157,0.95,-73,84,157,34
56,r_35_43_100,r_22_152_184,r_15_56_199,r_35_43_100,1.0,1,101,100,34
7,r_62_20_18,r_12_86_170,r_126_129_48,r_62_20_18,0.9,108,126,18,34
63,r_11_147_183,r_55_133_52,r_115_112_53,r_115_112_53,1.0,-3,50,53,34
23,r_166_149_79,seq150,seq9,r_166_149_79,0.95,0,79,79,34
35,r_51_19_113,seq128,r_15_56_199,r_15_56_199,0.6,-89,110,199,34
42,r_148_82_51,seq162,r_25_106_103,r_148_82_51,0.93,0,51,51,34
93,seq142,r_133_148_149,seq146,r_133_148_149,0.97,0,149,149,35
30,r_5_45_147,r_86_65_137,r_28_73_171,r_86_65_137,0.57,-1,136,137,35
36,r_34_147_115,seq35,seq124,r_34_147_115,0.92,0,115,115,35
9,r_7_30_61,r_25_43_173,r_28_73_171,r_28_73_171,0.84,2,173,171,35
14,r_90_56_94,seq36,r_116_144_68,r_90_56_94,0.81,1,95,94,35
8,r_115_80_103,seq36,seq166,r_115_80_103,0.61,0,103,103,35
62,r_103_141_69,r_40_15_121,r_112_152_81,r_40_15_121,0.97,0,121,121,35
40,r_50_113_18,r_12_163_111,r_41_106_5,r_50_113_18,0.91,-6,12,18,35
3,r_4_91_37,seq59,r_154_57_36,r_154_57_36,0.46,12,48,36,35
37,r_112_152_81,r_139_2_96,r_103_141_69,r_112_152_81,1.0,1,82,81,35
61,r_154_57_36,r_121_31_102,seq150,r_154_57_36,0.99,0,36,36,35
59,r_11_48_141,seq42,r_127_149_43,r_11_48_141,0.82,0,141,141,35
19,r_109_29_177,seq142,r_145_165_31,r_109_29_177,0.81,0,177,177,35
55,r_46_47_78,r_127_149_43,seq35,r_46_47_78,0.99,4,82,78,35
71,seq3,r_104_1_60,r_139_2_96,r_139_2_96,1.0,15,111,96,35
21,r_102_76_70,r_82_110_116,seq36,r_102_76_70,1.0,0,70,70,35
39,r_133_148_149,seq142,r_52_62_198,r_133_148_149,0.73,-1,148,149,35
1,r_70_67_185,seq123,r_40_15_121,r_40_15_121,0.9,64,185,121,35
46,r_27_158_175,r_116_144_68,seq135,r_116_144_68,1.0,1,69,68,35
48,r_44_164_161,r_160_6_172,r_78_128_17,r_78_128_17,1.0,19,36,17,35
63,r_63_87_22,r_40_15_121,seq36,r_63_87_22,0.97,0,22,22,35
66,r_120_55_109,r_116_144_68,seq77,r_120_55_109,0.99,1,110,109,35
69,r_116_144_68,r_27_158_175,r_120_55_109,r_27_158_175,0.76,-106,69,175,35
45,r_69_9_85,r_120_55_109,r_136_100_33,r_69_9_85,0.56,0,85,85,35
24,r_0_13_44,seq138,r_161_99_63,r_161_99_63,0.97,47,110,63,35
19,r_109_29_177,r_88_22_127,seq142,r_88_22_127,1.0,-54,73,127,35
66,r_120_55_109,r_69_9_85,r_116_144_68,r_120_55_109,0.61,-24,85,109,35
41,r_49_155_119,seq137,r_79_74_106,r_49_155_119,0.98,0,119,119,35
67,r_18_105_144,r_64_39_153,r_79_74_106,r_18_105_144,0.56,0,144,144,35
10,r_37_32_79,seq124,r_63_87_22,r_37_32_79,0.88,-2,77,79,35
26,r_86_65_137,r_5_45_147,r_17_51_41,r_17_51_41,1.0,95,136,41,35
16,r_114_54_169,seq166,r_82_110_116,r_114_54_169,0.34,-55,114,169,35
4,r_125_83_77,seq98,seq26,r_125_83_77,0.84,-2,75,77,35
78,seq131,seq36,r_92_33_138,r_92_33_138,0.86,8,146,138,35
0,r_145_165_31,r_103_141_69,r_136_100_33,r_103_141_69,0.97,-1,68,69,35
15,r_72_107_40,r_114_54_169,seq42,r_72_107_40,0.95,0,40,40,35
73,seq137,r_49_155_119,r_60_23_12,r_49_155_119,1.0,0,119,119,35
11,r_82_110_116,r_18_105_144,r_115_80_103,r_82_110_116,0.94,15,131,116,35
5,r_132_108_1,r_19_20_170,r_4_91_37,r_132_108_1,0.5,39,40,1,35
13,r_40_15_121,r_52_62_198,seq93,r_40_15_121,0.99,0,121,121,35
98,seq123,r_70_67_185,r_116_144_68,r_116_144_68,0.99,117,185,68,35
46,r_27_158_175,seq135,r_112_152_81,r_112_152_81,0.62,94,175,81,35
57,r_161_99_63,r_116_144_68,r_0_13_44,r_161_99_63,1.0,0,63,63,35
16,r_114_54_169,r_72_107_40,seq166,r_72_107_40,0.98,0,40,40,35
47,r_139_2_96,r_7_30_61,seq3,r_139_2_96,1.0,0,96,96,35
62,r_103_141_69,r_115_80_103,r_40_15_121,r_103_141_69,1.0,0,69,69,35
33,r_68_66_162,r_75_168_197,r_112_152_81,r_68_66_162,0.63,-141,21,162,35
85,seq167,r_121_31_102,seq123,r_121_31_102,1.0,0,102,102,35
27,r_79_74_106,r_52_62_198,seq71,r_79_74_106,0.97,0,106,106,35
52,r_85_8_23,r_58_130_190,r_52_62_198,r_85_8_23,0.96,0,23,23,35
2,r_64_39_153,r_162_96_174,r_139_2_96,r_64_39_153,0.77,3,156,153,35
47,r_139_2_96,r_11_48_141,r_7_30_61,r_7_30_61,1.0,3,64,61,35
29,r_78_128_17,r_34_147_115,r_44_164_161,r_78_128_17,0.99,0,17,17,35
43,r_122_53_117,r_70_67_185,r_89_140_98,r_122_53_117,0.98,0,117,117,35
48,r_44_164_161,r_78_128_17,seq95,r_44_164_161,0.81,0,161,161,35
64,r_19_20_170,seq26,r_12_163_111,r_19_20_170,0.69,0,170,170,35
50,r_118_16_152,r_70_67_185,seq95,r_118_16_152,0.67,0,152,152,35
65,r_104_1_60,r_49_155_119,r_60_23_12,r_49_155_119,1.0,-50,69,119,35
68,r_156_126_105,seq14,r_90_56_94,r_156_126_105,0.93,0,105,105,35
56,r_136_100_33,r_12_163_111,r_145_165_31,r_136_100_33,0.96,5,38,33,35
42,r_160_6_172,r_78_128_17,r_37_32_79,r_160_6_172,0.63,0,172,172,35
38,r_89_140_98,r_25_43_173,seq169,r_89_140_98,1.0,0,98,98,35
34,r_92_33_138,seq98,seq131,r_92_33_138,0.96,1,139,138,35
24,r_0_13_44,r_7_30_61,seq138,r_0_13_44,0.86,0,44,44,35
33,r_68_66_162,r_109_29_177,seq159,r_68_66_162,0.47,1,163,162,35
30,r_5_45_147,r_28_73_171,r_79_74_106,r_5_45_147,0.93,-1,146,147,35
9,r_7_30_61,r_103_141_69,r_25_43_173,r_7_30_61,1.0,0,61,61,35
63,r_63_87_22,seq36,r_69_9_85,r_69_9_85,1.0,49,134,85,35
69,r_116_144_68,r_120_55_109,r_90_56_94,r_116_144_68,0.99,27,95,68,35
33,r_68_66_162,r_112_152_81,r_109_29_177,r_112_152_81,0.94,-13,68,81,35
17,r_117_101_16,seq166,r_58_130_190,r_117_101_16,1.0,0,16,16,35
29,r_78_128_17,r_44_164_161,r_121_31_102,r_121_31_102,0.99,59,161,102,35
22,r_88_22_127,r_109_29_177,r_79_74_106,r_88_22_127,0.96,0,127,127,35
49,r_38_21_128,seq150,r_79_74_106,r_38_21_128,0.76,0,128,128,35
12,r_60_23_12,r_160_6_172,r_104_1_60,r_160_6_172,0.66,-160,12,172,35
44,r_162_96_174,seq129,r_145_165_31,r_162_96_174,0.32,0,174,174,35
32,r_58_130_190,r_85_8_23,r_117_101_16,r_58_130_190,0.83,-167,23,190,35
23,r_121_31_102,seq167,r_25_43_173,r_121_31_102,0.97,0,102,102,35
60,r_17_51_41,r_160_6_172,r_12_163_111,r_17_51_41,1.0,0,41,41,35
43,r_122_53_117,r_69_9_85,r_70_67_185,r_69_9_85,1.0,-30,55,85,35
79,seq150,seq26,r_154_57_36,r_154_57_36,1.0,94,130,36,35
60,r_17_51_41,r_12_163_111,r_86_65_137,r_86_65_137,0.64,-1,136,137,35
35,r_52_62_198,r_79_74_106,r_85_8_23,r_79_74_106,0.85,0,106,106,35
23,r_121_31_102,r_25_43_173,r_7_30_61,r_25_43_173,1.0,1,174,173,35
42,r_160_6_172,r_17_51_41,r_78_128_17,r_160_6_172,0.87,-135,37,172,35
30,r_57_62_176,r_161_105_186,r_141_85_63,r_161_105_186,0.44,-9,177,186,36
51,r_60_112_119,seq101,r_66_70_19,r_60_112_119,0.99,0,119,119,36
36,r_128_127_128,r_159_43_132,r_65_117_101,r_159_43_132,0.92,-4,128,132,36
92,seq86,r_118_33_171,r_129_59_139,r_118_33_171,0.72,-7,164,171,36
66,r_130_84_16,r_132_14_189,r_131_71_160,r_131_71_160,0.84,19,179,160,36
14,r_129_59_139,r_51_79_140,seq86,r_51_79_140,0.99,0,140,140,36
21,r_77_119_17,r_132_14_189,seq146,r_77_119_17,0.95,0,17,17,36
53,r_118_33_171,seq86,r_51_79_140,r_51_79_140,0.58,31,171,140,36
43,r_126_50_91,r_29_138_122,seq40,r_126_50_91,0.88,0,91,91,36
40,r_9_31_11,seq37,seq16,r_9_31_11,1.0,1,12,11,36
54,r_94_152_81,r_103_55_192,seq92,r_94_152_81,0.83,0,81,81,36
59,r_1_106_67,r_60_112_119,r_83_32_66,r_1_106_67,1.0,1,68,67,36
10,r_26_102_127,seq11,seq160,r_26_102_127,1.0,0,127,127,36
28,r_90_21_24,r_100_140_18,seq92,r_90_21_24,1.0,0,24,24,36
16,r_39_20_82,r_27_76_181,seq86,r_39_20_82,1.0,0,82,82,36
39,r_157_136_173,r_48_12_193,r_115_98_10,r_48_12_193,0.45,-20,173,193,36
46,r_36_144_154,r_6_41_93,r_39_20_82,r_36_144_154,0.98,-61,93,154,36
42,r_154_82_102,r_57_62_176,seq49,r_154_82_102,1.0,0,102,102,36
74,seq16,r_157_136_173,r_9_31_11,r_9_31_11,0.98,1,12,11,36
69,r_44_18_104,seq160,r_153_52_79,r_44_18_104,0.98,0,104,104,36
35,r_22_151_51,seq13,r_129_59_139,r_22_151_51,1.0,0,51,51,36
19,r_159_43_132,r_168_107_142,r_27_76_181,r_159_43_132,0.7,0,132,132,36
19,r_159_43_132,r_27_76_181,r_30_35_150,r_159_43_132,0.61,49,181,132,36
48,r_27_76_181,seq146,r_159_43_132,r_159_43_132,0.99,7,139,132,36
38,r_72_42_65,r_61_7_37,r_38_56_76,r_61_7_37,0.88,-5,32,37,36
31,r_141_85_63,r_131_71_160,seq142,r_131_71_160,0.98,-10,150,160,36
67,r_158_69_70,r_26_102_127,r_133_54_64,r_158_69_70,1.0,0,70,70,36
3,r_162_15_112,r_139_123_134,seq142,r_162_15_112,0.97,0,112,112,36
10,r_26_102_127,r_158_69_70,seq11,r_158_69_70,1.0,0,70,70,36
60,r_132_14_189,r_133_54_64,r_154_82_102,r_154_82_102,0.82,87,189,102,36
8,r_115_98_10,r_134_145_161,r_111_143_144,r_115_98_10,0.92,142,152,10,36
86,seq47,seq87,r_28_19_31,r_28_19_31,0.99,26,57,31,36
26,r_150_78_42,r_91_8_165,r_159_43_132,r_150_78_42,1.0,0,42,42,36
41,r_64_17_55,r_29_138_122,seq0,r_29_138_122,0.52,-66,56,122,36
4,r_4_135_164,seq142,r_159_43_132,r_4_135_164,0.69,0,164,164,36
0,r_110_81_45,seq0,r_120_34_60,r_110_81_45,0.51,25,70,45,36
63,r_6_41_93,r_36_144_154,r_38_56_76,r_6_41_93,1.0,0,93,93,36
73,seq142,r_4_135_164,r_61_7_37,r_61_7_37,0.84,127,164,37,36
11,r_29_138_122,r_126_50_91,r_73_166_163,r_29_138_122,0.62,-31,91,122,36
62,r_51_79_140,r_115_98_10,r_118_33_171,r_118_33_171,1.0,1,172,171,36
77,seq149,r_44_18_104,r_5_23_40,r_5_23_40,0.8,0,40,40,36
20,r_161_105_186,r_57_62_176,r_65_117_101,r_65_117_101,0.97,76,177,101,36
13,r_153_52_79,r_159_43_132,r_156_114_38,r_153_52_79,1.0,0,79,79,36
46,r_36_144_154,r_39_20_82,seq93,r_36_144_154,1.0,0,154,154,36
25,r_28_19_31,r_159_43_132,r_9_31_11,r_28_19_31,1.0,2,33,31,36
15,r_80_155_177,r_66_70_19,r_129_59_139,r_80_155_177,0.73,1,178,177,36
48,r_27_76_181,r_39_20_82,seq146,r_39_20_82,1.0,0,82,82,36
57,r_95_113_179,r_73_166_163,r_5_23_40,r_5_23_40,1.0,124,164,40,36
6,r_73_166_163,r_95_113_179,r_44_18_104,r_95_113_179,0.91,-15,164,179,36
62,r_51_79_140,r_129_59_139,r_115_98_10,r_129_59_139,0.45,1,140,139,36
21,r_77_119_17,seq146,r_139_123_134,r_139_123_134,0.99,13,147,134,36
68,r_134_145_161,r_115_98_10,r_60_112_119,r_134_145_161,1.0,0,161,161,36
45,r_111_143_144,r_4_135_164,r_61_7_37,r_61_7_37,1.0,11,48,37,36
27,r_10_97_121,r_4_135_164,r_28_19_31,r_10_97_121,0.48,0,121,121,36
87,seq49,r_30_35_150,r_154_82_102,r_154_82_102,0.87,46,148,102,36
60,r_132_14_189,r_130_84_16,r_133_54_64,r_133_54_64,1.0,10,74,64,36
60,r_132_14_189,r_77_119_17,r_130_84_16,r_132_14_189,0.85,-172,17,189,36
2,r_83_32_66,r_121_89_72,seq53,r_83_32_66,1.0,0,66,66,36
47,r_30_35_150,seq49,seq146,r_30_35_150,0.94,0,150,150,36
11,r_29_138_122,r_73_166_163,seq148,r_29_138_122,0.98,0,122,122,36
18,r_133_54_64,r_122_46_198,r_132_14_189,r_133_54_64,1.0,0,64,64,36
29,r_124_75_107,r_134_145_161,r_72_42_65,r_124_75_107,0.96,0,107,107,36
24,r_139_123_134,r_66_70_19,r_121_89_72,r_139_123_134,0.99,0,134,134,36
34,r_121_89_72,r_77_119_17,r_139_123_134,r_139_123_134,1.0,2,136,134,36
8,r_115_98_10,r_128_127_128,r_134_145_161,r_115_98_10,0.82,0,10,10,36
35,r_22_151_51,r_129_59_139,r_26_102_127,r_26_102_127,1.0,23,150,127,36
64,r_168_107_142,r_159_43_132,r_150_78_42,r_150_78_42,1.0,90,132,42,36
22,r_5_23_40,r_83_32_66,seq149,r_5_23_40,1.0,0,40,40,36
50,r_103_55_192,r_94_152_81,r_24_2_32,r_24_2_32,0.93,61,93,32,36
58,r_48_12_193,r_157_136_173,r_28_19_31,r_48_12_193,0.62,-96,97,193,36
68,r_134_145_161,r_124_75_107,r_115_98_10,r_124_75_107,0.92,0,107,107,36
61,r_165_99_137,r_154_82_102,r_153_52_79,r_165_99_137,1.0,-53,84,137,36
12,r_61_7_37,r_72_42_65,seq142,r_61_7_37,0.94,0,37,37,36
52,r_38_56_76,seq146,r_66_70_19,r_38_56_76,1.0,2,78,76,36
66,r_130_84_16,r_161_105_186,r_132_14_189,r_130_84_16,0.99,0,16,16,36
34,r_121_89_72,r_103_55_192,r_77_119_17,r_121_89_72,1.0,0,72,72,36
45,r_111_143_144,r_61_7_37,r_115_98_10,r_111_143_144,1.0,1,145,144,36
48,r_27_76_181,r_159_43_132,seq58,r_27_76_181,1.0,0,181,181,36
95,seq93,r_162_15_112,r_36_144_154,r_36_144_154,0.78,3,157,154,36
5,r_156_114_38,r_26_102_127,seq25,r_156_114_38,0.98,0,38,38,36
25,r_28_19_31,r_9_31_11,r_10_97_121,r_10_97_121,1.0,15,136,121,36
94,seq92,r_154_82_102,r_94_152_81,r_154_82_102,0.96,-18,84,102,36
9,r_91_8_165,seq58,r_150_78_42,r_150_78_42,0.9,123,165,42,36
26,r_150_78_42,r_159_43_132,r_83_32_66,r_150_78_42,0.76,92,134,42,36
96,seq101,r_60_112_119,seq87,r_60_112_119,1.0,-1,118,119,36
38,r_72_42_65,r_38_56_76,seq0,r_72_42_65,0.99,0,65,65,36
49,r_137_125_75,r_36_144_154,r_68_164_26,r_137_125_75,1.0,0,75,75,36
57,r_95_113_179,r_5_23_40,r_154_82_102,r_95_113_179,0.79,5,184,179,36
56,r_67_147_146,r_57_62_176,seq146,r_67_147_146,0.86,0,146,146,36
7,r_131_71_160,r_141_85_63,r_133_54_64,r_133_54_64,0.59,96,160,64,36
18,r_133_54_64,r_132_14_189,r_131_71_160,r_131_71_160,1.0,29,189,160,36
44,r_96_3_120,r_165_99_137,r_83_32_66,r_165_99_137,0.99,-17,120,137,36
55,r_24_2_32,r_120_34_60,r_103_55_192,r_24_2_32,1.0,0,32,32,36
23,r_120_34_60,r_36_144_154,r_110_81_45,r_36_144_154,0.97,-86,68,154,36
26,r_150_78_42,r_83_32_66,r_91_8_165,r_91_8_165,0.81,3,168,165,36
75,seq146,r_77_119_17,r_67_147_146,r_67_147_146,0.94,1,147,146,36
64,r_168_107_142,r_150_78_42,r_103_55_192,r_168_107_142,0.94,0,142,142,36
95,seq93,r_27_76_181,r_157_136_173,r_27_76_181,0.66,-145,36,181,36
95,seq93,r_157_136_173,r_162_15_112,r_162_15_112,0.85,-11,101,112,36
51,r_140_58_174,r_154_100_198,r_146_75_6,r_154_100_198,0.67,-24,174,198,37
36,r_48_132_140,r_87_138_157,r_37_57_108,r_48_132_140,0.92,1,141,140,37
14,r_122_38_82,r_113_108_131,r_67_60_61,r_122_38_82,1.0,2,84,82,37
53,r_120_42_93,r_85_148_158,r_65_134_22,r_120_42_93,1.0,0,93,93,37
43,r_29_8_74,r_113_108_131,seq50,r_29_8_74,0.94,0,74,74,37
15,r_105_96_31,r_123_21_137,r_104_133_28,r_104_133_28,0.6,4,32,28,37
65,r_111_127_34,r_122_38_82,r_92_130_40,r_111_127_34,1.0,0,34,34,37
54,r_144_5_2,r_121_95_185,r_150_88_121,r_150_88_121,1.0,33,154,121,37
37,r_34_141_68,r_91_3_3,r_68_15_7,r_34_141_68,1.0,0,68,68,37
3,r_74_129_8,seq44,r_105_96_31,r_74_129_8,0.79,3,11,8,37
55,r_121_95_185,r_144_5_2,seq22,r_144_5_2,0.38,183,185,2,37
86,seq44,seq114,r_29_8_74,r_29_8_74,1.0,94,168,74,37
16,r_102_14_159,r_4_23_9,r_31_155_105,r_102_14_159,0.9,0,159,159,37
21,r_165_168_95,r_13_84_156,r_98_1_103,r_165_168_95,1.0,2,97,95,37
1,r_117_11_16,r_74_129_8,r_86_18_27,r_86_18_27,0.93,75,102,27,37
5,r_113_108_131,seq143,r_31_155_105,r_113_108_131,0.9,1,132,131,37
29,r_86_18_27,r_122_38_82,r_117_11_16,r_86_18_27,0.96,5,32,27,37
69,r_126_89_179,r_163_94_194,r_83_64_109,r_83_64_109,1.0,19,128,109,37
45,r_35_30_72,r_78_136_152,r_87_138_157,r_78_136_152,0.98,0,152,152,37
19,r_123_21_137,r_92_130_40,r_119_157_79,r_119_157_79,0.99,16,95,79,37
66,r_160_16_85,r_103_54_187,seq62,r_160_16_85,0.98,0,85,85,37
31,r_80_118_106,r_115_77_173,r_124_61_62,r_124_61_62,1.0,45,107,62,37
41,r_83_64_109,r_31_155_105,r_126_89_179,r_83_64_109,0.99,0,109,109,37
67,r_90_51_90,r_93_135_167,seq143,r_90_51_90,0.99,0,90,90,37
10,r_67_60_61,seq49,seq112,r_67_60_61,1.0,0,61,61,37
47,r_59_55_47,r_93_135_167,seq53,r_59_55_47,1.0,0,47,47,37
0,r_125_76_190,r_150_88_121,seq12,r_150_88_121,1.0,0,121,121,37
63,r_92_130_40,r_123_21_137,r_111_127_34,r_92_130_40,0.86,23,63,40,37
11,r_68_15_7,r_85_148_158,r_34_141_68,r_34_141_68,1.0,92,160,68,37
20,r_158_167_97,r_154_100_198,seq12,r_158_167_97,0.99,4,101,97,37
48,r_65_134_22,r_99_152_178,r_81_25_192,r_65_134_22,0.95,-1,21,22,37
57,r_119_157_79,seq112,r_4_23_9,r_119_157_79,1.0,7,86,79,37
6,r_56_46_65,r_81_25_192,r_105_96_31,r_56_46_65,0.82,15,80,65,37
87,seq49,r_156_128_181,seq6,r_156_128_181,0.5,-9,172,181,37
27,r_70_97_166,r_92_130_40,r_35_30_72,r_35_30_72,0.59,94,166,72,37
87,seq49,r_67_60_61,r_156_128_181,r_67_60_61,0.98,0,61,61,37
90,seq53,seq9,r_59_55_47,r_59_55_47,1.0,8,55,47,37
2,r_99_152_178,r_154_100_198,r_166_19_4,r_154_100_198,0.57,-20,178,198,37
40,r_154_100_198,r_140_58_174,r_83_64_109,r_83_64_109,0.91,65,174,109,37
56,r_101_66_23,r_119_157_79,r_68_15_7,r_101_66_23,0.58,1,24,23,37
18,r_131_39_94,r_17_20_182,seq73,r_131_39_94,0.96,-4,90,94,37
24,r_150_88_121,r_125_76_190,r_116_7_21,r_150_88_121,1.0,0,121,121,37
33,r_37_57_108,r_115_77_173,r_90_51_90,r_37_57_108,1.0,0,108,108,37
48,r_65_134_22,r_81_25_192,r_120_42_93,r_120_42_93,1.0,15,108,93,37
64,r_0_63_169,seq147,r_29_8_74,r_0_63_169,0.85,1,170,169,37
59,r_109_164_56,r_93_135_167,r_91_3_3,r_109_164_56,1.0,0,56,56,37
32,r_41_33_58,r_145_47_66,seq110,r_41_33_58,1.0,0,58,58,37
50,r_162_2_69,r_13_84_156,seq143,r_162_2_69,0.7,0,69,69,37
58,r_156_128_181,seq6,r_86_18_27,r_86_18_27,0.71,156,183,27,37
70,seq6,r_13_84_156,seq49,r_13_84_156,0.6,3,159,156,37
68,r_13_84_156,seq6,r_146_75_6,r_13_84_156,0.86,1,157,156,37
61,r_81_25_192,r_56_46_65,r_65_134_22,r_81_25_192,0.86,-112,80,192,37
38,r_124_61_62,r_87_138_157,seq142,r_124_61_62,1.0,0,62,62,37
34,r_4_23_9,r_102_14_159,r_119_157_79,r_119_157_79,0.57,80,159,79,37
19,r_123_21_137,r_119_157_79,r_144_5_2,r_123_21_137,1.0,0,137,137,37
60,r_17_20_182,r_35_30_72,r_99_152_178,r_35_30_72,0.68,110,182,72,37
17,r_87_138_157,r_145_47_66,r_35_30_72,r_145_47_66,0.31,93,159,66,37
38,r_124_61_62,seq142,r_80_118_106,r_80_118_106,0.78,-1,105,106,37
94,seq73,r_151_161_168,r_131_39_94,r_131_39_94,0.85,42,136,94,37
22,r_104_133_28,r_0_63_169,r_105_96_31,r_104_133_28,1.0,0,28,28,37
9,r_85_148_158,r_68_15_7,r_67_60_61,r_67_60_61,1.0,99,160,61,37
91,seq62,r_98_1_103,r_160_16_85,r_160_16_85,1.0,13,98,85,37
8,r_26_45_55,r_113_108_131,seq110,r_26_45_55,1.0,1,56,55,37
49,r_72_137_189,seq50,r_146_75_6,r_146_75_6,0.48,181,187,6,37
4,r_79_28_25,r_34_141_68,r_92_130_40,r_79_28_25,0.91,8,33,25,37
7,r_82_159_145,seq22,seq147,r_82_159_145,0.77,0,145,145,37
44,r_31_155_105,seq106,seq10,r_31_155_105,0.86,6,111,105,37
23,r_78_136_152,r_35_30_72,r_31_155_105,r_78_136_152,0.72,0,152,152,37
79,seq22,r_82_159_145,seq52,r_82_159_145,1.0,0,145,145,37
35,r_151_161_168,seq73,r_79_28_25,r_151_161_168,0.65,2,170,168,37
30,r_98_39_98,seq25,seq135,r_98_39_98,0.98,0,98,98,38
44,r_40_169_40,r_68_12_180,r_159_168_51,r_40_169_40,0.85,140,180,40,38
51,r_90_151_138,seq66,seq72,r_90_151_138,1.0,0,138,138,38
36,r_35_74_93,r_62_44_97,r_110_0_68,r_35_74_93,0.99,0,93,93,38
92,seq78,r_79_5_136,seq72,r_79_5_136,1.0,-2,134,136,38
14,r_122_69_105,r_79_5_136,r_29_166_10,r_122_69_105,1.0,0,105,105,38
53,r_137_97_85,seq165,r_144_132_88,r_137_97_85,0.82,4,89,85,38
37,r_161_49_184,r_163_16_189,r_131_113_149,r_163_16_189,0.39,-4,185,189,38
54,r_167_140_14,r_123_7_110,r_94_27_158,r_123_7_110,1.0,0,110,110,38
59,r_32_104_69,r_134_75_151,seq99,r_32_104_69,1.0,0,69,69,38
55,r_82_84_9,r_2_65_173,r_1_55_56,r_1_55_56,0.95,57,113,56,38
21,r_124_9_139,seq154,r_131_113_149,r_124_9_139,0.98,0,139,139,38
1,r_110_0_68,r_36_103_160,r_100_10_1,r_110_0_68,1.0,0,68,68,38
97,seq112,r_68_12_180,r_19_4_112,r_19_4_112,0.82,20,132,112,38
46,r_67_157_103,r_13_101_168,r_32_104_69,r_13_101_168,0.81,-65,103,168,38
69,r_13_101_168,r_67_157_103,r_47_118_47,r_67_157_103,1.0,0,103,103,38
54,r_167_140_14,r_94_27_158,r_108_106_156,r_167_140_14,0.73,144,158,14,38
17,r_94_27_158,r_167_140_14,r_41_53_37,r_94_27_158,1.0,0,158,158,38
19,r_126_60_17,r_22_146_152,seq25,r_126_60_17,0.59,2,19,17,38
66,r_36_103_160,r_141_50_197,r_144_132_88,r_36_103_160,0.6,0,160,160,38
76,seq148,r_124_9_139,r_19_4_112,r_19_4_112,0.6,0,112,112,38
54,r_167_140_14,r_134_75_151,r_123_7_110,r_167_140_14,0.91,1,15,14,38
41,r_68_12_180,seq112,r_40_169_40,r_40_169_40,1.0,2,42,40,38
31,r_73_149_143,seq165,r_91_153_26,r_73_149_143,0.75,4,147,143,38
67,r_163_16_189,r_22_146_152,r_105_20_58,r_105_20_58,1.0,26,84,58,38
85,seq52,r_33_70_142,r_126_60_17,r_33_70_142,0.85,-6,136,142,38
23,r_117_34_36,seq3,seq158,r_117_34_36,0.83,4,40,36,38
10,r_2_65_173,r_82_84_9,r_130_121_154,r_130_121_154,0.77,19,173,154,38
26,r_160_15_70,seq165,r_91_153_26,r_160_15_70,1.0,1,71,70,38
4,r_19_4_112,seq25,seq148,r_19_4_112,1.0,0,112,112,38
0,r_131_113_149,r_143_42_185,r_124_9_139,r_124_9_139,0.98,46,185,139,38
63,r_23_61_114,r_48_162_137,r_98_39_98,r_48_162_137,1.0,-23,114,137,38
20,r_48_162_137,seq18,r_105_20_58,r_105_20_58,0.93,79,137,58,38
13,r_33_70_142,seq52,r_14_119_121,r_14_119_121,0.5,1,122,121,38
38,r_159_168_51,r_160_15_70,r_40_169_40,r_159_168_51,0.59,0,51,51,38
15,r_62_44_97,seq135,r_131_113_149,r_62_44_97,0.6,2,99,97,38
16,r_89_8_30,seq3,r_144_132_88,r_89_8_30,0.98,2,32,30,38
57,r_130_121_154,r_100_10_1,seq18,r_130_121_154,0.82,1,155,154,38
6,r_22_146_152,r_163_16_189,r_76_93_29,r_76_93_29,1.0,8,37,29,38
62,r_91_153_26,r_85_147_5,r_129_77_34,r_129_77_34,1.0,44,78,34,38
85,seq52,r_111_58_80,r_33_70_142,r_111_58_80,0.99,1,81,80,38
89,seq64,seq51,r_41_53_37,r_41_53_37,1.0,18,55,37,38
47,r_29_166_10,r_62_44_97,r_109_96_4,r_29_166_10,0.92,0,10,10,38
48,r_41_53_37,r_123_7_110,r_144_132_88,r_144_132_88,0.56,-51,37,88,38
52,r_1_55_56,r_98_39_98,r_82_84_9,r_1_55_56,0.52,2,58,56,38
39,r_129_77_34,r_105_20_58,r_91_153_26,r_129_77_34,0.9,1,35,34,38
94,seq83,r_1_55_56,r_102_26_124,r_102_26_124,0.85,4,128,124,38
13,r_33_70_142,r_14_119_121,r_41_53_37,r_33_70_142,0.94,0,142,142,38
22,r_120_164_133,r_134_75_151,r_23_61_114,r_120_164_133,0.53,0,133,133,38
69,r_13_101_168,r_47_118_47,r_1_55_56,r_13_101_168,0.54,5,173,168,38
41,r_68_12_180,r_40_169_40,r_144_132_88,r_40_169_40,0.77,140,180,40,38
44,r_40_169_40,seq51,r_68_12_180,r_40_169_40,0.96,0,40,40,38
34,r_105_20_58,r_124_9_139,r_76_93_29,r_105_20_58,1.0,0,58,58,38
43,r_123_7_110,r_167_140_14,r_81_142_84,r_123_7_110,0.99,0,110,110,38
64,r_152_114_64,r_128_46_199,seq66,r_152_114_64,1.0,0,64,64,38
43,r_123_7_110,r_41_53_37,r_167_140_14,r_123_7_110,0.69,-73,37,110,38
47,r_29_166_10,r_109_96_4,r_122_69_105,r_122_69_105,0.99,0,105,105,38
6,r_22_146_152,r_76_93_29,r_126_60_17,r_22_146_152,0.86,3,155,152,38
65,r_102_26_124,seq135,seq83,r_102_26_124,0.96,1,125,124,38
68,r_54_86_77,r_124_9_139,r_30_24_41,r_54_86_77,0.81,0,77,77,38
61,r_143_42_185,r_131_113_149,r_159_168_51,r_159_168_51,0.52,134,185,51,38
32,r_79_5_136,seq78,r_126_60_17,r_79_5_136,0.97,0,136,136,38
45,r_76_93_29,r_144_132_88,r_22_146_152,r_76_93_29,0.97,2,31,29,38
75,seq18,r_48_162_137,seq80,r_48_162_137,1.0,0,137,137,38
45,r_76_93_29,r_22_146_152,r_48_162_137,r_76_93_29,0.87,126,155,29,38
17,r_94_27_158,r_123_7_110,r_167_140_14,r_123_7_110,0.56,-9,101,110,38
9,r_81_142_84,r_131_113_149,seq145,r_81_142_84,0.99,3,87,84,38
79,seq154,seq112,r_87_139_150,r_87_139_150,0.6,2,152,150,38
15,r_62_44_97,r_131_113_149,r_30_24_41,r_62_44_97,0.71,21,118,97,38
56,r_92_21_107,seq145,r_126_60_17,r_92_21_107,0.98,1,108,107,38
79,seq154,r_124_9_139,seq112,r_124_9_139,0.68,0,139,139,38
35,r_71_155_183,seq135,r_126_60_17,r_71_155_183,0.25,2,185,183,38
93,seq76,r_105_94_182,r_43_19_165,r_43_19_165,0.61,12,177,165,39
30,r_46_26_78,r_7_38_83,seq98,r_46_26_78,1.0,2,80,78,39
8,r_114_121_86,seq153,seq47,r_114_121_86,0.88,0,86,86,39
83,seq160,r_167_41_161,r_154_91_120,r_167_41_161,1.0,-75,86,161,39
37,r_105_94_182,seq76,r_6_100_91,r_6_100_91,0.8,95,186,91,39
3,r_51_90_145,r_4_37_102,r_137_83_101,r_51_90_145,0.56,0,145,145,39
57,r_69_62_28,r_50_3_168,seq134,r_69_62_28,1.0,0,28,28,39
59,r_112_75_107,r_50_3_168,r_52_54_69,r_52_54_69,0.94,16,85,69,39
1,r_71_107_99,r_23_110_131,r_64_119_76,r_71_107_99,0.62,1,100,99,39
46,r_167_41_161,seq160,seq128,r_167_41_161,0.92,0,161,161,39
42,r_63_116_172,r_82_158_199,r_6_100_91,r_63_116_172,0.45,1,173,172,39
12,r_115_61_34,r_45_151_188,r_125_104_21,r_115_61_34,1.0,0,34,34,39
24,r_52_54_69,r_105_94_182,r_53_28_114,r_53_28_114,0.86,-2,112,114,39
50,r_99_101_53,seq128,r_88_27_174,r_99_101_53,0.79,5,58,53,39
40,r_148_85_22,r_125_104_21,r_130_89_10,r_148_85_22,0.95,2,24,22,39
19,r_16_96_160,r_82_158_199,r_6_100_91,r_16_96_160,0.9,-3,157,160,39
95,seq86,seq166,r_57_77_65,r_57_77_65,1.0,2,67,65,39
26,r_60_21_26,r_6_100_91,seq153,r_60_21_26,0.89,-3,23,26,39
69,r_48_156_30,r_16_96_160,r_14_24_31,r_48_156_30,0.94,1,31,30,39
31,r_57_77_65,r_145_9_121,seq86,r_57_77_65,0.59,1,66,65,39
41,r_64_119_76,r_167_41_161,r_81_18_150,r_64_119_76,1.0,0,76,76,39
10,r_145_9_121,r_57_77_65,r_2_34_16,r_145_9_121,0.89,-104,17,121,39
67,r_130_89_10,r_71_107_99,r_148_85_22,r_130_89_10,0.57,90,100,10,39
3,r_51_90_145,r_127_131_72,r_4_37_102,r_127_131_72,0.63,0,72,72,39
17,r_88_27_174,r_99_101_53,r_154_91_120,r_88_27_174,0.95,1,175,174,39
41,r_64_119_76,r_81_18_150,r_71_107_99,r_71_107_99,1.0,0,99,99,39
4,r_6_100_91,r_105_94_182,r_163_106_3,r_6_100_91,0.53,1,92,91,39
0,r_44_120_151,r_93_141_187,r_130_89_10,r_44_120_151,0.81,0,151,151,39
63,r_150_49_67,seq153,r_117_164_130,r_150_49_67,0.71,1,68,67,39
73,seq133,r_66_92_125,r_118_1_8,r_66_92_125,0.99,0,125,125,39
11,r_93_141_187,seq98,r_82_158_199,r_82_158_199,0.59,-10,189,199,39
13,r_53_28_114,seq159,r_52_54_69,r_53_28_114,0.8,0,114,114,39
98,seq98,r_93_141_187,r_39_17_118,r_39_17_118,1.0,71,189,118,39
15,r_39_17_118,r_88_27_174,seq98,r_39_17_118,0.99,1,119,118,39
66,r_84_56_50,r_82_158_199,seq159,r_84_56_50,0.91,0,50,50,39
51,r_36_40_47,r_73_8_162,seq12,r_36_40_47,1.0,0,47,47,39
62,r_59_78_74,r_7_38_83,r_33_58_178,r_7_38_83,0.55,-7,76,83,39
64,r_169_15_57,r_154_91_120,seq76,r_169_15_57,1.0,1,58,57,39
10,r_145_9_121,r_2_34_16,r_137_83_101,r_145_9_121,0.99,3,124,121,39
22,r_23_110_131,r_148_85_22,r_52_54_69,r_23_110_131,0.84,0,131,131,39
70,seq128,r_99_101_53,seq166,r_99_101_53,0.99,5,58,53,39
69,r_48_156_30,r_14_24_31,r_152_146_166,r_152_146_166,0.87,1,167,166,39
18,r_126_113_127,r_81_18_150,r_16_96_160,r_126_113_127,0.64,-31,96,127,39
27,r_68_123_23,r_7_38_83,r_114_121_86,r_68_123_23,0.66,9,32,23,39
24,r_52_54_69,r_154_91_120,r_105_94_182,r_52_54_69,0.97,1,70,69,39
27,r_68_123_23,r_114_121_86,r_25_103_186,r_68_123_23,0.66,22,45,23,39
34,r_13_139_189,r_64_119_76,r_33_58_178,r_13_139_189,0.39,0,189,189,39
74,seq134,r_93_141_187,r_69_62_28,r_69_62_28,0.64,0,28,28,39
25,r_137_83_101,r_43_19_165,seq67,r_43_19_165,0.8,-57,108,165,39
70,seq128,seq166,r_167_41_161,r_167_41_161,0.68,0,161,161,39
28,r_155_30_46,r_71_107_99,r_82_158_199,r_82_158_199,0.53,-153,46,199,39
58,r_45_151_188,seq132,r_51_90_145,r_45_151_188,0.26,1,189,188,39
7,r_72_0_17,r_16_96_160,r_5_109_198,r_72_0_17,0.99,0,17,17,39
68,r_127_131_72,r_51_90_145,seq47,r_127_131_72,0.96,0,72,72,39
32,r_81_18_150,seq95,seq29,r_81_18_150,0.51,1,151,150,39
38,r_152_146_166,seq168,r_48_156_30,r_152_146_166,0.88,0,166,166,39
34,r_13_139_189,r_81_18_150,r_64_119_76,r_64_119_76,1.0,12,88,76,39
75,seq135,r_161_157_33,r_117_164_130,r_117_164_130,0.96,7,137,130,39
27,r_68_123_23,r_25_103_186,seq35,r_68_123_23,0.73,49,72,23,39
18,r_126_113_127,r_16_96_160,r_64_119_76,r_126_113_127,0.6,-6,121,127,39
17,r_88_27_174,r_39_17_118,r_99_101_53,r_88_27_174,0.85,-55,119,174,39
61,r_14_24_31,r_99_101_53,r_125_104_21,r_99_101_53,0.84,-22,31,53,39
63,r_150_49_67,r_117_164_130,r_74_124_192,r_117_164_130,1.0,0,130,130,39
50,r_99_101_53,r_88_27_174,r_60_21_26,r_88_27_174,0.84,1,175,174,39
22,r_23_110_131,r_71_107_99,r_148_85_22,r_23_110_131,0.92,-31,100,131,39
44,r_7_38_83,seq20,r_138_165_194,r_7_38_83,1.0,0,83,83,39
23,r_4_37_102,seq153,r_51_90_145,r_4_37_102,0.55,2,104,102,39
60,r_161_157_33,seq135,seq95,r_161_157_33,0.82,8,41,33,39
35,r_117_164_130,seq67,seq135,r_117_164_130,0.95,0,130,130,39
30,r_149_159_94,seq121,r_11_71_67,r_149_159_94,1.0,-1,93,94,40
51,r_73_129_66,r_53_152_163,seq66,r_53_152_163,0.55,-97,66,163,40
36,r_120_10_90,r_37_137_178,seq33,r_120_10_90,1.0,2,92,90,40
92,seq85,r_154_47_79,r_163_1_151,r_154_47_79,0.37,97,176,79,40
8,r_135_41_116,r_68_27_154,seq33,r_135_41_116,0.93,0,116,116,40
53,r_29_7_64,r_86_81_86,r_151_118_167,r_29_7_64,1.0,1,65,64,40
32,r_128_110_31,seq111,r_122_115_6,r_128_110_31,1.0,0,31,31,40
37,r_145_16_81,r_63_127_131,seq64,r_145_16_81,1.0,1,82,81,40
59,r_84_60_68,r_39_77_126,r_140_134_190,r_39_77_126,0.97,-50,76,126,40
16,r_83_3_88,seq66,r_2_57_5,r_83_3_88,0.75,0,88,88,40
21,r_35_93_147,seq58,r_11_71_67,r_35_93_147,0.95,2,149,147,40
39,r_75_22_176,r_108_23_41,r_37_137_178,r_75_22_176,0.54,0,176,176,40
20,r_88_168_82,r_48_104_128,seq34,r_48_104_128,1.0,0,128,128,40
45,r_63_127_131,r_62_26_59,r_73_129_66,r_63_127_131,1.0,0,131,131,40
28,r_11_71_67,r_106_28_133,r_149_159_94,r_106_28_133,0.88,-5,128,133,40
45,r_63_127_131,r_145_16_81,r_62_26_59,r_63_127_131,0.99,-49,82,131,40
66,r_131_98_117,seq4,seq136,r_131_98_117,1.0,0,117,117,40
90,seq69,r_39_77_126,r_53_152_163,r_53_152_163,1.0,2,165,163,40
60,r_38_164_22,r_89_112_11,r_107_97_103,r_38_164_22,0.98,1,23,22,40
31,r_99_130_76,seq44,seq117,r_99_130_76,1.0,0,76,76,40
43,r_125_21_33,r_135_41_116,r_165_13_47,r_135_41_116,0.74,-32,84,116,40
41,r_87_50_137,seq117,r_131_98_117,r_87_50_137,0.96,0,137,137,40
69,r_123_103_30,seq111,r_140_134_190,r_123_103_30,1.0,0,30,30,40
3,r_163_1_151,r_102_105_196,seq85,r_102_105_196,0.5,-42,154,196,40
13,r_151_118_167,r_29_7_64,r_161_169_3,r_151_118_167,0.97,0,167,167,40
42,r_24_32_25,r_135_41_116,r_86_81_86,r_24_32_25,1.0,0,25,25,40
10,r_53_152_163,r_73_129_66,seq121,r_53_152_163,0.44,-97,66,163,40
19,r_142_92_24,r_87_50_137,seq44,r_142_92_24,1.0,0,24,24,40
64,r_107_97_103,seq40,r_38_164_22,r_38_164_22,0.9,17,39,22,40
26,r_37_137_178,r_120_10_90,r_2_57_5,r_120_10_90,1.0,2,92,90,40
4,r_144_158_166,r_2_57_5,r_135_41_116,r_135_41_116,0.87,54,170,116,40
0,r_86_81_86,r_29_7_64,r_24_32_25,r_29_7_64,0.6,1,65,64,40
63,r_124_119_80,r_138_126_114,r_128_110_31,r_128_110_31,1.0,55,86,31,40
73,seq14,r_133_116_194,r_29_7_64,r_29_7_64,0.98,100,164,64,40
11,r_79_51_124,r_151_118_167,seq43,r_79_51_124,0.94,1,125,124,40
20,r_88_168_82,r_46_17_136,r_48_104_128,r_88_168_82,1.0,4,86,82,40
13,r_151_118_167,r_79_51_124,r_29_7_64,r_29_7_64,0.87,60,124,64,40
98,seq117,r_87_50_137,r_99_130_76,r_99_130_76,0.74,61,137,76,40
46,r_62_26_59,r_63_127_131,r_39_77_126,r_62_26_59,0.56,69,128,59,40
48,r_65_72_78,r_146_160_125,r_108_23_41,r_65_72_78,1.0,0,78,78,40
54,r_165_13_47,r_155_5_51,r_125_21_33,r_125_21_33,0.88,15,48,33,40
57,r_68_27_154,r_102_105_196,seq69,r_68_27_154,0.61,1,155,154,40
10,r_53_152_163,seq121,r_48_104_128,r_48_104_128,0.95,3,131,128,40
27,r_138_126_114,r_124_119_80,r_56_31_95,r_56_31_95,0.82,5,100,95,40
53,r_29_7_64,r_151_118_167,r_6_82_160,r_29_7_64,0.59,106,170,64,40
69,r_123_103_30,r_140_134_190,r_84_60_68,r_84_60_68,0.44,59,127,68,40
47,r_2_57_5,r_6_82_160,r_83_3_88,r_2_57_5,0.77,104,109,5,40
59,r_84_60_68,r_140_134_190,r_144_158_166,r_144_158_166,1.0,24,190,166,40
40,r_6_82_160,r_144_158_166,seq143,r_6_82_160,0.74,1,161,160,40
24,r_109_70_158,r_133_116_194,r_83_3_88,r_109_70_158,0.7,0,158,158,40
67,r_91_150_58,seq45,r_162_18_12,r_91_150_58,1.0,0,58,58,40
25,r_56_31_95,r_109_70_158,r_49_42_189,r_56_31_95,1.0,0,95,95,40
58,r_106_28_133,seq111,seq8,r_106_28_133,0.98,1,134,133,40
65,r_49_42_189,r_124_119_80,r_56_31_95,r_56_31_95,1.0,5,100,95,40
42,r_24_32_25,r_86_81_86,r_49_42_189,r_86_81_86,0.76,5,91,86,40
38,r_80_59_143,seq64,r_86_81_86,r_80_59_143,0.88,0,143,143,40
52,r_12_166_135,r_154_47_79,r_88_168_82,r_12_166_135,0.83,0,135,135,40
64,r_107_97_103,r_38_164_22,seq139,r_107_97_103,1.0,0,103,103,40
17,r_146_160_125,seq34,seq4,r_146_160_125,0.92,-4,121,125,40
35,r_140_134_190,r_84_60_68,r_55_101_49,r_140_134_190,0.85,0,190,190,40
9,r_46_17_136,r_140_134_190,r_162_18_12,r_46_17_136,0.96,0,136,136,40
10,r_53_152_163,r_48_104_128,seq69,r_53_152_163,0.99,1,164,163,40
46,r_62_26_59,r_84_60_68,r_63_127_131,r_62_26_59,0.96,0,59,59,40
96,seq111,r_123_103_30,r_162_18_12,r_123_103_30,0.57,-20,10,30,40
22,r_25_113_106,r_63_127_131,seq19,r_25_113_106,0.94,0,106,106,40
28,r_11_71_67,seq156,r_106_28_133,r_11_71_67,0.76,3,70,67,40
43,r_125_21_33,seq111,r_135_41_116,r_125_21_33,0.94,0,33,33,40
27,r_138_126_114,r_56_31_95,r_122_115_6,r_138_126_114,0.64,0,114,114,40
56,r_94_153_89,r_67_61_150,r_2_57_5,r_67_61_150,0.99,-47,103,150,40
1,r_76_36_18,r_83_3_88,r_96_167_4,r_96_167_4,0.82,13,17,4,40
23,r_67_61_150,r_54_132_48,r_56_31_95,r_54_132_48,0.64,103,151,48,40
5,r_55_101_49,r_122_115_6,seq19,r_55_101_49,1.0,0,49,49,40
60,r_38_164_22,r_107_97_103,seq64,r_107_97_103,1.0,0,103,103,40
35,r_140_134_190,r_46_17_136,r_84_60_68,r_46_17_136,0.95,-3,133,136,40
0,r_86_81_86,r_24_32_25,seq148,r_86_81_86,0.85,5,91,86,40
29,r_9_0_16,r_146_160_125,seq139,r_9_0_16,0.89,-1,15,16,40
93,seq81,r_163_131_156,r_3_91_71,r_3_91_71,0.99,1,72,71,41
30,r_137_9_89,r_147_0_91,seq88,r_147_0_91,1.0,-29,62,91,41
51,r_90_5_148,seq72,r_104_140_24,r_90_5_148,0.74,1,149,148,41
36,r_163_131_156,r_64_7_64,r_40_124_42,r_64_7_64,1.0,3,67,64,41
5,r_151_29_144,r_3_91_71,seq144,r_3_91_71,1.0,-15,56,71,41
8,r_126_68_93,r_109_35_81,r_134_47_162,r_109_35_81,0.96,-12,69,81,41
42,r_42_149_26,r_66_92_5,r_71_79_182,r_42_149_26,0.86,0,26,26,41
54,r_77_148_152,r_165_48_170,seq58,r_77_148_152,0.64,-9,143,152,41
59,r_65_43_90,r_97_85_103,r_109_35_81,r_65_43_90,0.98,0,90,90,41
19,r_93_70_186,r_104_140_24,r_112_69_17,r_104_140_24,0.48,162,186,24,41
55,r_134_47_162,r_39_36_92,r_98_16_166,r_98_16_166,0.94,0,166,166,41
15,r_61_99_22,r_151_29_144,r_127_23_199,r_61_99_22,0.98,0,22,22,41
97,seq103,r_50_118_77,r_97_85_103,r_97_85_103,0.99,15,118,103,41
46,r_109_35_81,r_126_68_93,seq144,r_109_35_81,1.0,-4,77,81,41
80,seq32,r_113_123_157,r_147_0_91,r_147_0_91,0.66,70,161,91,41
7,r_145_73_69,seq88,r_116_17_150,r_145_73_69,0.76,84,153,69,41
34,r_84_86_40,r_139_108_139,seq67,r_139_108_139,0.96,6,145,139,41
19,r_93_70_186,r_116_17_150,r_104_140_24,r_104_140_24,0.68,88,112,24,41
98,seq119,r_110_115_153,r_169_4_28,r_169_4_28,1.0,2,30,28,41
66,r_71_79_182,r_128_146_126,r_42_149_26,r_71_79_182,0.95,-56,126,182,41
39,r_116_17_150,r_164_114_10,r_145_73_69,r_145_73_69,1.0,87,156,69,41
26,r_55_106_33,r_54_101_160,r_130_31_45,r_54_101_160,0.78,-68,92,160,41
31,r_66_92_5,r_158_117_88,seq27,r_158_117_88,0.89,2,90,88,41
41,r_165_48_170,r_33_37_96,r_77_148_152,r_33_37_96,1.0,-1,95,96,41
67,r_18_22_179,seq1,r_60_135_41,r_18_22_179,0.66,0,179,179,41
89,seq67,r_34_105_149,r_84_86_40,r_84_86_40,0.85,110,150,40,41
3,r_19_15_175,seq80,r_139_108_139,r_19_15_175,0.47,0,175,175,41
69,r_49_75_76,r_64_7_64,r_159_150_19,r_49_75_76,0.81,0,76,76,41
8,r_126_68_93,r_134_47_162,r_55_106_33,r_126_68_93,0.78,2,95,93,41
14,r_40_124_42,r_93_70_186,r_83_121_15,r_40_124_42,0.56,-2,40,42,41
16,r_8_153_34,r_134_47_162,r_163_131_156,r_163_131_156,0.99,6,162,156,41
4,r_139_108_139,r_34_105_149,r_40_124_42,r_139_108_139,0.85,3,142,139,41
39,r_116_17_150,r_162_52_154,r_164_114_10,r_164_114_10,0.96,4,14,10,41
13,r_97_85_103,seq125,seq103,r_97_85_103,0.99,0,103,103,41
48,r_128_146_126,r_71_79_182,r_59_46_56,r_128_146_126,0.97,0,126,126,41
57,r_100_74_63,seq27,r_104_140_24,r_100_74_63,0.94,2,65,63,41
0,r_159_150_19,r_127_23_199,r_98_16_166,r_159_150_19,0.99,1,20,19,41
6,r_113_123_157,seq32,r_10_30_104,r_113_123_157,0.76,0,157,157,41
62,r_50_118_77,seq103,r_102_129_61,r_102_129_61,1.0,39,100,61,41
18,r_104_140_24,r_98_16_166,r_164_114_10,r_164_114_10,0.98,12,22,10,41
12,r_169_4_28,r_59_46_56,seq119,r_169_4_28,1.0,-2,26,28,41
34,r_84_86_40,r_10_30_104,r_139_108_139,r_84_86_40,0.65,58,98,40,41
21,r_94_111_12,r_90_5_148,seq21,r_94_111_12,0.88,0,12,12,41
99,seq125,r_97_85_103,r_159_150_19,r_97_85_103,0.54,-25,78,103,41
16,r_8_153_34,r_113_123_157,r_134_47_162,r_8_153_34,0.99,0,34,34,41
5,r_151_29_144,seq144,r_139_108_139,r_151_29_144,0.98,1,145,144,41
0,r_159_150_19,r_98_16_166,r_49_75_76,r_49_75_76,0.98,27,103,76,41
36,r_163_131_156,r_40_124_42,r_61_99_22,r_163_131_156,0.88,0,156,156,41
10,r_130_31_45,r_54_101_160,r_55_106_33,r_54_101_160,0.94,-21,139,160,41
27,r_10_30_104,r_71_79_182,r_40_124_42,r_10_30_104,0.86,2,106,104,41
53,r_164_114_10,r_116_17_150,r_104_140_24,r_164_114_10,0.71,146,156,10,41
34,r_84_86_40,r_60_135_41,r_10_30_104,r_84_86_40,0.92,4,44,40,41
60,r_112_69_17,r_162_52_154,seq80,r_112_69_17,0.88,0,17,17,41
2,r_110_115_153,seq119,seq87,r_110_115_153,0.67,0,153,153,41
41,r_165_48_170,r_77_148_152,r_19_15_175,r_77_148_152,0.57,3,155,152,41
47,r_156_57_111,r_90_5_148,r_38_136_94,r_156_57_111,0.97,1,112,111,41
40,r_53_13_165,r_137_9_89,seq14,r_53_13_165,0.57,4,169,165,41
24,r_38_136_94,r_50_118_77,r_156_57_111,r_38_136_94,0.87,20,114,94,41
25,r_122_154_187,r_127_23_199,r_55_106_33,r_55_106_33,0.79,154,187,33,41
43,r_20_166_39,r_90_5_148,r_160_12_141,r_20_166_39,0.66,107,146,39,41
33,r_147_0_91,r_137_9_89,seq32,r_147_0_91,0.99,0,91,91,41
53,r_164_114_10,r_161_2_128,r_116_17_150,r_164_114_10,0.91,0,10,10,41
64,r_158_117_88,r_66_92_5,r_164_114_10,r_158_117_88,0.79,2,90,88,41
50,r_34_105_149,seq67,seq27,r_34_105_149,0.73,1,150,149,41
58,r_142_25_130,r_162_52_154,seq6,r_142_25_130,0.98,0,130,130,41
92,seq80,r_19_15_175,r_112_69_17,r_112_69_17,0.98,13,30,17,41
10,r_130_31_45,r_139_108_139,r_54_101_160,r_54_101_160,0.56,-116,44,160,41
37,r_120_141_43,seq143,seq56,r_120_141_43,1.0,-1,42,43,41
68,r_102_129_61,r_98_16_166,r_50_118_77,r_102_129_61,1.0,1,62,61,41
17,r_138_168_32,r_65_43_90,seq133,r_138_168_32,0.78,-2,30,32,41
20,r_60_135_41,r_20_166_39,seq11,r_60_135_41,1.0,-3,38,41,41
56,r_83_121_15,r_145_73_69,r_40_124_42,r_40_124_42,0.84,-26,16,42,41
42,r_42_149_26,r_71_79_182,seq1,r_71_79_182,0.96,0,182,182,41
61,r_64_7_64,r_163_131_156,r_49_75_76,r_163_131_156,0.82,-92,64,156,41
32,r_33_37_96,r_165_48_170,r_40_124_42,r_33_37_96,1.0,0,96,96,41
52,r_78_28_195,r_59_46_56,r_110_115_153,r_110_115_153,0.9,5,158,153,41
29,r_63_95_44,r_160_12_141,seq56,r_63_95_44,0.96,0,44,44,41
66,r_71_79_182,r_42_149_26,r_64_7_64,r_71_79_182,0.93,0,182,182,41
49,r_157_107_21,r_42_149_26,r_94_111_12,r_157_107_21,0.96,0,21,21,41
9,r_127_23_199,r_122_154_187,r_61_99_22,r_61_99_22,1.0,8,30,22,41
69,r_49_75_76,r_113_123_157,r_64_7_64,r_49_75_76,0.43,-23,53,76,41
27,r_10_30_104,r_40_124_42,r_113_123_157,r_113_123_157,0.88,5,162,157,41
61,r_64_7_64,r_49_75_76,r_161_2_128,r_161_2_128,0.72,-19,109,128,41
26,r_55_106_33,r_10_30_104,r_54_101_160,r_54_101_160,0.82,-127,33,160,41
63,r_54_101_160,r_130_31_45,r_60_135_41,r_54_101_160,0.92,1,161,160,41
96,seq89,r_50_118_77,r_138_168_32,r_138_168_32,0.98,126,158,32,41
22,r_3_91_71,r_151_29_144,seq81,r_3_91_71,0.83,0,71,71,41
28,r_161_2_128,r_66_92_5,r_64_7_64,r_161_2_128,0.58,6,134,128,41
43,r_20_166_39,r_60_135_41,r_90_5_148,r_20_166_39,1.0,0,39,39,41
7,r_145_73_69,r_50_118_77,seq88,r_145_73_69,1.0,0,69,69,41
44,r_39_36_92,r_134_47_162,seq45,r_134_47_162,0.56,-13,149,162,41
23,r_160_12_141,r_34_105_149,r_20_166_39,r_160_12_141,0.78,-3,138,141,41
63,r_54_101_160,r_66_92_5,r_130_31_45,r_130_31_45,1.0,4,49,45,41
30,r_154_138_68,r_69_128_182,seq146,r_154_138_68,1.0,0,68,68,42
8,r_25_129_104,r_127_164_128,seq121,r_25_129_104,0.96,0,104,104,42
43,r_69_128_182,seq76,r_160_152_196,r_69_128_182,0.5,0,182,182,42
37,r_8_67_17,seq112,r_103_94_20,r_8_67_17,1.0,0,17,17,42
5,r_10_131_12,r_107_62_184,r_130_11_148,r_10_131_12,0.79,0,12,12,42
54,r_46_143_145,seq27,r_47_75_46,r_47_75_46,0.96,103,149,46,42
3,r_78_15_178,r_145_97_93,r_57_7_50,r_78_15_178,0.79,1,179,178,42
15,r_151_93_142,r_37_86_101,r_126_56_118,r_151_93_142,0.42,-108,34,142,42
59,r_89_70_185,r_0_74_160,r_63_71_135,r_89_70_185,0.56,-95,90,185,42
13,r_156_165_43,r_63_71_135,r_81_85_45,r_63_71_135,1.0,-90,45,135,42
19,r_101_114_10,r_130_11_148,r_10_131_12,r_130_11_148,0.94,-2,146,148,42
55,r_127_164_128,r_25_129_104,seq61,r_25_129_104,0.99,0,104,104,42
71,seq9,r_36_16_173,r_22_51_40,r_22_51_40,1.0,135,175,40,42
16,r_63_71_135,seq26,r_17_59_5,r_63_71_135,0.59,3,138,135,42
39,r_107_62_184,seq50,r_48_13_35,r_48_13_35,0.97,153,188,35,42
12,r_145_97_93,r_47_75_46,r_35_141_48,r_35_141_48,0.69,1,49,48,42
1,r_12_117_154,r_53_102_121,r_81_85_45,r_12_117_154,1.0,-33,121,154,42
4,r_73_23_55,r_37_86_101,seq161,r_73_23_55,1.0,4,59,55,42
41,r_168_55_174,r_46_143_145,r_52_106_158,r_46_143_145,0.77,29,174,145,42
32,r_122_140_41,r_72_80_111,r_21_159_108,r_122_140_41,1.0,70,111,41,42
69,r_22_51_40,r_37_86_101,seq9,r_22_51_40,1.0,0,40,40,42
45,r_68_133_91,seq167,seq96,r_68_133_91,1.0,0,91,91,42
51,r_35_141_48,r_145_97_93,r_126_56_118,r_145_97_93,0.94,2,95,93,42
65,r_52_106_158,r_3_99_65,seq111,r_52_106_158,1.0,1,159,158,42
66,r_36_16_173,seq9,r_34_162_198,r_36_16_173,0.57,2,175,173,42
55,r_127_164_128,seq61,r_30_4_109,r_127_164_128,0.97,0,128,128,42
31,r_30_4_109,r_36_16_173,seq96,r_30_4_109,1.0,0,109,109,42
41,r_168_55_174,r_126_56_118,r_2_18_28,r_2_18_28,0.93,55,83,28,42
12,r_145_97_93,r_78_15_178,r_0_74_160,r_145_97_93,0.96,67,160,93,42
67,r_84_28_78,seq32,seq109,r_84_28_78,0.84,0,78,78,42
61,r_2_18_28,r_48_13_35,seq161,r_2_18_28,1.0,0,28,28,42
3,r_78_15_178,r_125_169_95,r_145_97_93,r_78_15_178,1.0,-83,95,178,42
10,r_125_169_95,r_78_15_178,r_10_131_12,r_125_169_95,0.98,0,95,95,42
26,r_120_88_113,seq26,r_73_23_55,r_73_23_55,1.0,72,127,55,42
46,r_72_80_111,r_122_140_41,r_120_88_113,r_72_80_111,0.98,0,111,111,42
0,r_17_59_5,r_0_74_160,r_63_71_135,r_0_74_160,0.62,-16,144,160,42
63,r_42_77_38,r_46_143_145,r_35_141_48,r_35_141_48,0.91,22,70,48,42
73,seq146,r_132_118_167,r_154_138_68,r_154_138_68,0.99,4,72,68,42
11,r_3_99_65,seq167,r_157_115_18,r_3_99_65,0.87,2,67,65,42
98,seq121,r_78_15_178,r_25_129_104,r_25_129_104,0.94,24,128,104,42
56,r_57_7_50,r_151_93_142,r_47_75_46,r_57_7_50,0.66,101,151,50,42
48,r_90_1_89,seq32,r_14_43_96,r_90_1_89,1.0,0,89,89,42
35,r_130_11_148,r_37_86_101,r_101_114_10,r_101_114_10,0.77,6,16,10,42
46,r_72_80_111,r_124_134_56,r_122_140_41,r_72_80_111,0.91,-53,58,111,42
57,r_6_64_175,seq32,r_81_85_45,r_81_85_45,1.0,58,103,45,42
6,r_100_38_57,r_139_91_82,r_3_99_65,r_3_99_65,0.88,34,99,65,42
5,r_10_131_12,r_130_11_148,r_125_169_95,r_10_131_12,0.92,83,95,12,42
51,r_35_141_48,r_12_117_154,r_145_97_93,r_35_141_48,0.99,0,48,48,42
27,r_37_86_101,seq54,r_24_87_120,r_37_86_101,0.95,5,106,101,42
56,r_57_7_50,r_63_71_135,r_151_93_142,r_57_7_50,0.98,3,53,50,42
2,r_147_108_73,seq65,seq27,r_147_108_73,1.0,0,73,73,42
60,r_48_13_35,r_78_15_178,r_103_94_20,r_48_13_35,0.99,0,35,35,42
59,r_89_70_185,r_63_71_135,r_10_131_12,r_10_131_12,0.55,175,187,12,42
40,r_14_43_96,seq26,seq112,r_14_43_96,0.76,5,101,96,42
29,r_53_102_121,r_12_117_154,seq27,r_12_117_154,0.53,-33,121,154,42
52,r_81_85_45,r_63_71_135,r_156_165_43,r_63_71_135,1.0,-90,45,135,42
24,r_40_166_169,seq96,r_10_131_12,r_10_131_12,0.82,157,169,12,42
35,r_130_11_148,r_101_114_10,r_98_135_4,r_130_11_148,0.96,-1,147,148,42
25,r_92_82_100,r_52_106_158,seq27,r_92_82_100,0.67,3,103,100,42
33,r_33_137_159,r_24_87_120,r_35_141_48,r_35_141_48,1.0,112,160,48,42
64,r_126_56_118,seq61,r_35_141_48,r_35_141_48,0.61,79,127,48,42
88,seq61,r_126_56_118,seq27,r_126_56_118,0.95,9,127,118,42
28,r_47_75_46,r_145_97_93,seq54,r_47_75_46,0.88,0,46,46,42
50,r_144_136_83,seq96,r_81_85_45,r_144_136_83,1.0,0,83,83,42
58,r_21_159_108,seq45,r_122_140_41,r_21_159_108,1.0,0,108,108,42
65,r_52_106_158,r_92_82_100,r_3_99_65,r_3_99_65,0.96,38,103,65,42
19,r_101_114_10,r_30_4_109,r_130_11_148,r_101_114_10,0.97,0,10,10,42
68,r_66_20_151,r_107_62_184,r_98_135_4,r_107_62_184,0.7,-33,151,184,42
42,r_157_115_18,r_139_91_82,r_3_99_65,r_157_115_18,0.82,69,87,18,42
41,r_168_55_174,r_2_18_28,r_46_143_145,r_46_143_145,0.52,-18,127,145,42
38,r_0_74_160,r_17_59_5,r_145_97_93,r_17_59_5,0.99,155,160,5,42
75,seq26,r_120_88_113,r_124_134_56,r_124_134_56,1.0,71,127,56,42
94,seq109,r_163_149_179,r_84_28_78,r_84_28_78,0.56,101,179,78,42
9,r_139_91_82,r_100_38_57,seq123,r_139_91_82,0.89,-5,77,82,42
15,r_151_93_142,r_126_56_118,r_57_7_50,r_151_93_142,0.91,-84,58,142,42
15,r_151_93_142,r_57_7_50,r_37_86_101,r_151_93_142,0.75,9,151,142,42
22,r_24_87_120,r_33_137_159,r_37_86_101,r_24_87_120,0.6,-15,105,120,42
49,r_150_119_76,r_33_137_159,r_34_162_198,r_150_119_76,0.96,5,81,76,42
44,r_158_19_97,r_6_64_175,r_124_134_56,r_6_64_175,1.0,-78,97,175,42
23,r_132_118_167,seq146,r_21_159_108,r_132_118_167,0.56,4,171,167,42
42,r_157_115_18,r_47_75_46,r_139_91_82,r_139_91_82,0.63,-64,18,82,42
32,r_122_140_41,r_3_99_65,r_72_80_111,r_122_140_41,1.0,1,42,41,42
12,r_145_97_93,r_35_141_48,r_78_15_178,r_145_97_93,0.95,1,94,93,42
93,seq97,r_19_91_84,seq12,r_19_91_84,1.0,1,85,84,43
33,r_163_41_39,r_157_46_81,seq154,r_157_46_81,0.98,-36,45,81,43
30,r_139_110_85,r_53_80_136,r_98_125_139,r_139_110_85,0.93,0,85,85,43
36,r_0_15_93,r_51_147_33,seq93,r_0_15_93,1.0,0,93,93,43
14,r_67_10_61,r_95_146_189,r_128_6_54,r_67_10_61,0.97,0,61,61,43
8,r_145_82_142,r_135_34_128,seq66,r_145_82_142,0.78,0,142,142,43
53,r_129_42_156,seq7,r_168_100_124,r_129_42_156,0.66,1,157,156,43
43,r_132_134_116,seq12,seq154,r_132_134_116,1.0,0,116,116,43
54,r_72_24_155,r_54_106_34,r_84_81_97,r_72_24_155,0.94,-62,93,155,43
19,r_85_36_88,r_95_146_189,r_139_110_85,r_95_146_189,0.58,1,190,189,43
55,r_99_159_2,r_26_94_110,r_50_70_99,r_50_70_99,0.71,12,111,99,43
16,r_152_23_187,seq12,r_58_63_58,r_152_23_187,0.35,0,187,187,43
1,r_58_63_58,r_121_25_162,r_19_91_84,r_19_91_84,1.0,80,164,84,43
42,r_165_162_168,seq108,r_139_110_85,r_139_110_85,1.0,83,168,85,43
69,r_107_49_100,seq21,seq144,r_107_49_100,0.56,12,112,100,43
55,r_99_159_2,r_50_70_99,r_118_141_123,r_118_141_123,0.94,7,130,123,43
19,r_85_36_88,r_113_117_87,r_95_146_189,r_95_146_189,0.92,-98,91,189,43
25,r_28_45_47,seq164,r_30_140_38,r_28_45_47,1.0,0,47,47,43
13,r_50_70_99,r_88_114_132,r_118_141_123,r_50_70_99,0.94,34,133,99,43
41,r_121_25_162,seq92,r_168_100_124,r_121_25_162,0.7,2,164,162,43
67,r_71_115_82,r_157_46_81,r_30_140_38,r_71_115_82,0.49,6,88,82,43
89,seq75,r_169_90_188,seq161,r_169_90_188,0.75,0,188,188,43
3,r_89_104_90,seq12,r_51_147_33,r_89_104_90,1.0,0,90,90,43
10,r_148_56_66,r_88_114_132,r_3_14_79,r_148_56_66,0.56,0,66,66,43
32,r_88_114_132,r_50_70_99,seq12,r_88_114_132,0.98,1,133,132,43
4,r_57_40_109,seq29,r_71_115_82,r_57_40_109,1.0,0,109,109,43
0,r_157_46_81,r_71_115_82,seq52,r_157_46_81,1.0,1,82,81,43
63,r_3_14_79,r_135_34_128,r_148_56_66,r_148_56_66,1.0,11,77,66,43
29,r_84_81_97,r_72_24_155,r_11_109_129,r_84_81_97,0.86,59,156,97,43
83,seq164,r_28_45_47,seq155,r_28_45_47,1.0,0,47,47,43
13,r_50_70_99,seq138,r_88_114_132,r_50_70_99,0.95,1,100,99,43
98,seq122,r_18_69_117,seq66,r_18_69_117,0.55,9,126,117,43
15,r_76_96_102,seq93,r_148_56_66,r_148_56_66,1.0,33,99,66,43
48,r_103_116_111,seq21,r_113_117_87,r_113_117_87,0.79,36,123,87,43
28,r_166_2_183,r_98_125_139,r_143_64_9,r_166_2_183,0.95,0,183,183,43
6,r_11_109_129,seq155,r_1_60_25,r_11_109_129,0.84,0,129,129,43
62,r_37_48_181,r_22_158_190,r_168_100_124,r_168_100_124,0.57,57,181,124,43
68,r_128_6_54,r_13_74_24,r_67_10_61,r_13_74_24,0.51,85,109,24,43
5,r_30_140_38,r_37_48_181,r_28_45_47,r_30_140_38,0.6,143,181,38,43
87,seq66,r_65_151_148,r_137_86_53,r_65_151_148,0.58,-74,74,148,43
40,r_26_94_110,r_99_159_2,r_85_36_88,r_26_94_110,1.0,1,111,110,43
45,r_95_146_189,r_67_10_61,r_61_153_195,r_67_10_61,0.51,-25,36,61,43
74,seq144,r_43_167_165,r_107_49_100,r_43_167_165,0.47,-56,109,165,43
18,r_168_100_124,r_160_9_199,seq111,r_168_100_124,0.89,0,124,124,43
29,r_84_81_97,seq108,r_72_24_155,r_84_81_97,0.94,4,101,97,43
56,r_22_158_190,r_156_27_114,r_28_45_47,r_22_158_190,0.99,-133,57,190,43
24,r_68_142_160,r_121_25_162,r_118_141_123,r_68_142_160,0.85,1,161,160,43
9,r_98_125_139,r_166_2_183,r_50_70_99,r_166_2_183,0.86,0,183,183,43
64,r_38_136_51,r_84_81_97,r_16_130_17,r_38_136_51,1.0,0,51,51,43
45,r_95_146_189,r_85_36_88,r_168_100_124,r_168_100_124,0.88,66,190,124,43
45,r_95_146_189,r_61_153_195,r_85_36_88,r_85_36_88,0.8,2,90,88,43
46,r_124_149_59,seq35,seq144,r_124_149_59,1.0,-2,57,59,43
54,r_72_24_155,r_30_140_38,r_54_106_34,r_72_24_155,0.61,-133,22,155,43
67,r_71_115_82,r_30_140_38,r_57_40_109,r_57_40_109,0.67,-4,105,109,43
39,r_51_147_33,r_53_80_136,r_120_127_13,r_53_80_136,0.99,-77,59,136,43
50,r_19_91_84,seq97,r_120_127_13,r_19_91_84,1.0,1,85,84,43
58,r_118_141_123,seq7,r_99_159_2,r_118_141_123,1.0,0,123,123,43
21,r_13_74_24,r_84_81_97,seq131,r_13_74_24,0.97,0,24,24,43
32,r_88_114_132,r_26_94_110,r_50_70_99,r_50_70_99,0.56,3,102,99,43
77,seq155,r_11_109_129,seq21,r_11_109_129,0.69,0,129,129,43
34,r_8_126_150,seq122,r_17_73_23,r_8_126_150,0.99,0,150,150,43
75,seq21,r_103_116_111,r_156_27_114,r_156_27_114,1.0,9,123,114,43
57,r_54_106_34,r_11_109_129,r_1_60_25,r_1_60_25,0.89,13,38,25,43
51,r_44_83_56,r_39_150_91,seq35,r_44_83_56,1.0,0,56,56,43
59,r_1_60_25,r_58_63_58,seq29,r_1_60_25,1.0,0,25,25,43
11,r_137_86_53,r_68_142_160,seq66,r_68_142_160,0.77,-107,53,160,43
5,r_30_140_38,seq93,r_37_48_181,r_30_140_38,1.0,0,38,38,43
17,r_156_27_114,r_37_48_181,seq52,r_156_27_114,0.99,0,114,114,43
9,r_98_125_139,seq7,r_166_2_183,r_98_125_139,0.95,1,140,139,43
96,seq111,r_77_20_186,r_65_151_148,r_65_151_148,1.0,9,157,148,43
26,r_16_130_17,r_135_34_128,seq47,r_16_130_17,1.0,1,18,17,43
22,r_169_90_188,seq75,r_58_63_58,r_169_90_188,0.44,0,188,188,43
28,r_166_2_183,r_99_159_2,r_98_125_139,r_98_125_139,0.87,2,141,139,43
91,seq92,r_121_25_162,r_19_91_84,r_19_91_84,1.0,80,164,84,43
54,r_72_24_155,r_84_81_97,r_145_82_142,r_72_24_155,1.0,0,155,155,43
68,r_128_6_54,r_169_90_188,r_13_74_24,r_128_6_54,0.99,1,55,54,43
49,r_43_167_165,seq144,r_44_83_56,r_43_167_165,0.54,0,165,165,43
7,r_53_80_136,r_78_112_3,seq93,r_53_80_136,0.98,0,136,136,43
44,r_65_151_148,seq66,seq111,r_65_151_148,0.98,0,148,148,43
23,r_105_4_184,r_169_90_188,r_128_6_54,r_128_6_54,1.0,130,184,54,43
8,r_145_82_142,seq66,r_72_24_155,r_145_82_142,0.41,15,157,142,43
82,seq35,r_22_158_190,r_44_83_56,r_44_83_56,1.0,92,148,56,43
30,r_139_110_85,r_98_125_139,r_39_150_91,r_98_125_139,1.0,-10,129,139,43
12,r_160_9_199,r_168_100_124,seq29,r_168_100_124,0.99,0,124,124,43
64,r_88_77_146,r_109_60_38,r_25_139_81,r_88_77_146,0.86,0,146,146,44
40,r_24_98_166,r_113_151_9,r_72_160_58,r_72_160_58,0.73,109,167,58,44
30,r_27_167_77,r_141_22_110,r_79_36_63,r_27_167_77,0.99,0,77,77,44
51,r_41_51_80,r_38_53_82,seq40,r_41_51_80,1.0,2,82,80,44
36,r_124_57_156,seq64,r_152_39_108,r_124_57_156,0.82,1,157,156,44
66,r_159_91_49,r_62_7_138,seq120,r_159_91_49,0.86,6,55,49,44
8,r_134_137_116,r_88_77_146,r_72_160_58,r_134_137_116,0.96,2,118,116,44
53,r_85_145_86,r_93_0_125,r_140_59_191,r_85_145_86,0.99,0,86,86,44
43,r_18_81_147,r_144_1_194,r_2_16_68,r_2_16_68,1.0,2,70,68,44
37,r_150_101_175,seq97,r_31_95_143,r_31_95_143,0.85,33,176,143,44
21,r_14_21_162,r_138_70_19,r_109_60_38,r_14_21_162,0.58,7,169,162,44
55,r_43_136_115,r_141_22_110,seq123,r_141_22_110,0.99,0,110,110,44
16,r_82_45_196,r_144_1_194,r_32_133_13,r_32_133_13,0.95,6,19,13,44
21,r_14_21_162,r_28_110_150,r_138_70_19,r_14_21_162,0.49,-12,150,162,44
1,r_20_149_119,r_131_76_135,r_129_162_157,r_129_162_157,0.7,-38,119,157,44
5,r_163_68_178,r_144_1_194,r_27_167_77,r_27_167_77,1.0,1,78,77,44
42,r_83_3_78,r_61_130_174,seq75,r_83_3_78,1.0,0,78,78,44
28,r_79_36_63,r_163_68_178,r_4_65_99,r_4_65_99,0.49,23,122,99,44
69,r_10_161_89,r_152_39_108,seq67,r_10_161_89,0.94,2,91,89,44
45,r_87_146_188,r_8_126_113,r_134_137_116,r_87_146_188,0.88,-72,116,188,44
19,r_155_78_90,seq19,r_23_169_71,r_155_78_90,0.92,1,91,90,44
26,r_116_125_40,r_129_162_157,r_143_52_26,r_129_162_157,0.84,-109,48,157,44
20,r_147_128_155,r_93_0_125,r_92_54_35,r_147_128_155,0.6,2,157,155,44
41,r_58_114_69,r_31_95_143,r_117_66_3,r_58_114_69,1.0,1,70,69,44
67,r_138_70_19,r_132_164_133,r_25_139_81,r_138_70_19,1.0,114,133,19,44
89,seq96,seq40,r_103_94_112,r_103_94_112,1.0,22,134,112,44
62,r_33_107_197,seq115,r_156_50_52,r_156_50_52,1.0,4,56,52,44
3,r_131_76_135,r_158_34_144,r_58_114_69,r_158_34_144,0.53,-7,137,144,44
90,seq97,r_150_101_175,r_49_154_148,r_49_154_148,0.84,28,176,148,44
18,r_141_22_110,r_82_45_196,r_116_125_40,r_141_22_110,0.75,80,190,110,44
72,seq13,r_103_94_112,seq157,r_103_94_112,1.0,0,112,112,44
18,r_141_22_110,r_158_34_144,r_82_45_196,r_141_22_110,0.49,34,144,110,44
4,r_4_65_99,seq11,r_79_36_63,r_4_65_99,0.99,0,99,99,44
63,r_90_118_199,r_47_29_94,r_26_44_198,r_47_29_94,1.0,2,96,94,44
11,r_105_165_91,r_141_22_110,r_85_145_86,r_105_165_91,0.99,6,97,91,44
20,r_147_128_155,r_31_95_143,r_93_0_125,r_147_128_155,0.49,-12,143,155,44
13,r_47_29_94,r_90_118_199,r_41_51_80,r_90_118_199,0.96,-103,96,199,44
98,seq120,r_148_48_195,r_159_91_49,r_159_91_49,0.99,116,165,49,44
15,r_152_39_108,r_24_98_166,r_8_126_113,r_152_39_108,1.0,1,109,108,44
48,r_38_53_82,seq15,r_72_160_58,r_38_53_82,0.88,0,82,82,44
57,r_12_135_160,seq67,r_18_81_147,r_18_81_147,1.0,13,160,147,44
6,r_8_126_113,r_153_56_171,r_152_39_108,r_8_126_113,0.97,3,116,113,44
68,r_156_50_52,seq102,r_33_107_197,r_156_50_52,1.0,1,53,52,44
85,seq75,seq120,r_83_3_78,r_83_3_78,1.0,7,85,78,44
5,r_163_68_178,r_27_167_77,r_147_128_155,r_163_68_178,0.8,1,179,178,44
0,r_113_151_9,r_24_98_166,r_31_95_143,r_31_95_143,0.92,32,175,143,44
27,r_30_106_127,r_131_76_135,seq13,r_30_106_127,1.0,1,128,127,44
59,r_109_60_38,r_38_53_82,r_88_77_146,r_109_60_38,0.99,0,38,38,44
17,r_127_42_18,r_14_21_162,r_117_66_3,r_127_42_18,0.98,1,19,18,44
47,r_23_169_71,r_93_0_125,r_72_160_58,r_23_169_71,0.73,2,73,71,44
59,r_109_60_38,r_88_77_146,r_32_133_13,r_88_77_146,0.89,2,148,146,44
54,r_143_52_26,r_105_165_91,seq19,r_143_52_26,1.0,0,26,26,44
18,r_141_22_110,r_124_57_156,r_158_34_144,r_141_22_110,0.55,0,110,110,44
29,r_144_1_194,r_163_68_178,r_82_45_196,r_163_68_178,0.77,-25,153,178,44
61,r_61_130_174,r_58_114_69,r_14_21_162,r_61_130_174,0.86,3,177,174,44
93,seq102,r_31_95_143,r_69_5_181,r_69_5_181,0.51,-100,81,181,44
25,r_2_16_68,seq67,r_79_36_63,r_2_16_68,1.0,1,69,68,44
43,r_18_81_147,r_2_16_68,r_12_135_160,r_18_81_147,1.0,1,148,147,44
33,r_49_154_148,seq55,seq97,r_49_154_148,0.81,0,148,148,44
64,r_88_77_146,r_134_137_116,r_109_60_38,r_88_77_146,0.57,-30,116,146,44
50,r_132_164_133,r_14_21_162,r_138_70_19,r_138_70_19,0.55,45,64,19,44
58,r_28_110_150,r_14_21_162,r_2_16_68,r_14_21_162,0.49,-12,150,162,44
70,seq9,r_35_168_137,r_25_139_81,r_25_139_81,0.98,57,138,81,44
65,r_62_7_138,seq157,seq15,r_62_7_138,0.96,0,138,138,44
61,r_61_130_174,r_105_165_91,r_58_114_69,r_58_114_69,1.0,2,71,69,44
32,r_35_168_137,r_93_0_125,r_152_39_108,r_152_39_108,0.97,35,143,108,44
38,r_69_5_181,seq40,r_113_151_9,r_113_151_9,0.74,170,179,9,44
52,r_140_59_191,r_61_130_174,r_85_145_86,r_85_145_86,1.0,3,89,86,44
93,seq102,r_156_50_52,r_31_95_143,r_156_50_52,0.5,2,54,52,44
34,r_25_139_81,r_30_106_127,seq112,r_25_139_81,0.77,-5,76,81,44
60,r_32_133_13,r_79_36_63,r_82_45_196,r_82_45_196,0.8,-180,16,196,44
45,r_87_146_188,r_134_137_116,r_131_76_135,r_87_146_188,0.53,0,188,188,44
9,r_31_95_143,r_147_128_155,r_62_7_138,r_31_95_143,0.9,0,143,143,44
26,r_116_125_40,r_143_52_26,r_150_101_175,r_150_101_175,0.58,-42,133,175,44
63,r_90_118_199,r_26_44_198,r_121_119_158,r_90_118_199,0.42,-49,150,199,44
50,r_132_164_133,r_138_70_19,seq37,r_132_164_133,1.0,0,133,133,44
96,seq112,r_35_168_137,r_25_139_81,r_25_139_81,0.99,57,138,81,44
22,r_103_94_112,seq13,r_41_51_80,r_103_94_112,1.0,0,112,112,44
47,r_23_169_71,r_72_160_58,r_155_78_90,r_155_78_90,0.48,9,99,90,44
28,r_79_36_63,seq75,r_163_68_178,r_79_36_63,0.99,1,64,63,44
44,r_6_122_117,seq40,seq99,r_6_122_117,0.95,2,119,117,44
23,r_121_119_158,r_129_162_157,r_90_118_199,r_90_118_199,0.46,-60,139,199,44
7,r_92_54_35,r_87_146_188,seq75,r_92_54_35,1.0,5,40,35,44
67,r_138_70_19,r_116_125_40,r_132_164_133,r_138_70_19,0.93,0,19,19,44
93,seq102,r_152_39_108,r_69_5_181,r_69_5_181,0.4,6,187,181,44
92,seq17,r_78_166_177,r_12_33_182,r_78_166_177,0.7,-8,169,177,45
58,r_42_10_16,seq147,r_45_22_67,r_45_22_67,0.96,3,70,67,45
66,r_106_52_175,r_69_25_6,seq21,r_106_52_175,0.77,0,175,175,45
14,r_5_149_66,r_97_2_101,seq58,r_5_149_66,1.0,0,66,66,45
8,r_78_166_177,r_151_107_180,r_100_90_91,r_100_90_91,0.52,86,177,91,45
53,r_37_83_97,seq58,r_122_131_75,r_37_83_97,1.0,0,97,97,45
39,r_141_112_47,r_26_74_146,r_70_119_87,r_70_119_87,0.99,9,96,87,45
20,r_9_136_136,r_100_90_91,seq21,r_9_136_136,1.0,0,136,136,45
54,r_151_107_180,r_78_166_177,r_137_140_2,r_137_140_2,0.58,175,177,2,45
37,r_45_22_67,r_54_146_5,r_42_10_16,r_45_22_67,1.0,-2,65,67,45
51,r_92_28_11,r_76_38_46,r_93_13_7,r_93_13_7,0.48,4,11,7,45
59,r_91_123_122,r_29_150_168,r_111_55_32,r_111_55_32,0.83,105,137,32,45
56,r_133_158_99,r_30_48_58,r_157_103_39,r_133_158_99,0.96,-41,58,99,45
55,r_110_4_113,seq121,seq84,r_110_4_113,0.62,1,114,113,45
86,seq63,r_26_74_146,r_115_87_77,r_115_87_77,1.0,39,116,77,45
16,r_40_139_85,r_20_51_152,r_168_152_80,r_40_139_85,1.0,0,85,85,45
21,r_8_116_124,r_29_150_168,r_110_4_113,r_8_116_124,1.0,0,124,124,45
1,r_157_103_39,r_133_158_99,r_142_82_70,r_142_82_70,0.7,33,103,70,45
24,r_111_55_32,seq147,r_20_51_152,r_111_55_32,0.92,-2,30,32,45
5,r_71_120_84,seq21,r_54_146_5,r_71_120_84,1.0,0,84,84,45
42,r_49_27_53,r_122_131_75,r_99_95_72,r_49_27_53,0.96,27,80,53,45
2,r_102_169_162,r_37_83_97,r_156_65_40,r_102_169_162,0.75,3,165,162,45
1,r_157_103_39,seq159,r_133_158_99,r_157_103_39,1.0,0,39,39,45
45,r_85_127_173,r_101_148_106,r_29_150_168,r_101_148_106,0.71,0,106,106,45
58,r_42_10_16,r_111_55_32,seq147,r_111_55_32,0.87,0,32,32,45
24,r_111_55_32,r_20_51_152,r_165_132_57,r_111_55_32,0.93,88,120,32,45
19,r_70_119_87,seq66,r_141_112_47,r_70_119_87,1.0,0,87,87,45
95,seq113,r_97_2_101,r_104_16_64,r_97_2_101,0.93,6,107,101,45
66,r_106_52_175,r_31_6_74,r_69_25_6,r_31_6_74,1.0,0,74,74,45
75,seq21,r_46_68_78,r_9_136_136,r_9_136_136,0.99,1,137,136,45
31,r_57_56_62,seq108,seq75,r_57_56_62,1.0,0,62,62,45
3,r_15_77_60,seq75,seq72,r_15_77_60,1.0,0,60,60,45
10,r_46_68_78,seq50,seq94,r_46_68_78,1.0,0,78,78,45
90,seq84,r_130_125_164,r_110_4_113,r_130_125_164,0.71,-41,123,164,45
26,r_80_154_89,r_9_136_136,seq84,r_80_154_89,1.0,0,89,89,45
58,r_42_10_16,r_1_7_41,r_111_55_32,r_42_10_16,0.71,0,16,16,45
48,r_156_65_40,seq75,r_157_103_39,r_156_65_40,0.99,0,40,40,45
4,r_29_150_168,seq39,seq108,r_29_150_168,0.92,0,168,168,45
63,r_41_163_161,r_24_96_190,r_67_144_126,r_67_144_126,0.98,40,166,126,45
11,r_100_90_91,r_29_150_168,r_34_88_61,r_34_88_61,0.83,43,104,61,45
20,r_9_136_136,r_80_154_89,r_100_90_91,r_80_154_89,0.94,0,89,89,45
13,r_115_87_77,seq58,r_141_112_47,r_115_87_77,1.0,0,77,77,45
46,r_69_25_6,r_106_52_175,seq145,r_106_52_175,0.82,0,175,175,45
15,r_64_43_149,r_78_166_177,r_69_25_6,r_64_43_149,0.96,1,150,149,45
57,r_24_96_190,r_41_163_161,r_30_48_58,r_30_48_58,1.0,74,132,58,45
6,r_138_89_154,r_133_158_99,r_156_65_40,r_156_65_40,1.0,48,88,40,45
62,r_34_88_61,r_26_74_146,r_93_13_7,r_34_88_61,0.98,0,61,61,45
65,r_60_105_17,r_137_140_2,r_54_146_5,r_60_105_17,0.99,0,17,17,45
43,r_137_140_2,r_60_105_17,r_81_128_109,r_60_105_17,0.67,0,17,17,45
99,seq124,r_122_131_75,r_157_103_39,r_157_103_39,0.92,31,70,39,45
41,r_76_38_46,r_53_61_181,seq39,r_76_38_46,1.0,0,46,46,45
30,r_30_48_58,r_133_158_99,seq23,r_30_48_58,1.0,0,58,58,45
69,r_11_117_9,r_138_89_154,r_142_82_70,r_142_82_70,1.0,42,112,70,45
2,r_102_169_162,r_81_128_109,r_37_83_97,r_37_83_97,1.0,14,111,97,45
40,r_130_125_164,seq84,r_92_28_11,r_130_125_164,0.56,1,165,164,45
18,r_126_129_192,r_122_131_75,r_157_103_39,r_157_103_39,0.79,31,70,39,45
29,r_97_2_101,seq113,seq155,r_97_2_101,1.0,2,103,101,45
67,r_165_132_57,r_78_166_177,r_111_55_32,r_165_132_57,1.0,1,58,57,45
25,r_142_82_70,r_54_146_5,r_157_103_39,r_142_82_70,1.0,0,70,70,45
43,r_137_140_2,r_81_128_109,r_122_131_75,r_81_128_109,0.54,-12,97,109,45
33,r_122_131_75,r_49_27_53,r_31_6_74,r_31_6_74,0.95,6,80,74,45
88,seq72,r_53_61_181,r_15_77_60,r_15_77_60,1.0,50,110,60,45
57,r_24_96_190,r_30_48_58,r_15_77_60,r_24_96_190,0.9,0,190,190,45
50,r_53_61_181,seq72,seq58,r_53_61_181,0.44,1,182,181,45
6,r_138_89_154,r_156_65_40,r_1_7_41,r_138_89_154,0.89,1,155,154,45
68,r_73_35_127,seq155,seq108,r_73_35_127,0.99,0,127,127,45
61,r_81_128_109,r_102_169_162,r_76_38_46,r_76_38_46,1.0,65,111,46,45
32,r_26_74_146,seq63,r_40_139_85,r_40_139_85,1.0,72,157,85,45
38,r_99_95_72,r_8_116_124,r_49_27_53,r_8_116_124,0.67,-51,73,124,45
52,r_79_114_120,seq39,seq159,r_79_114_120,1.0,2,122,120,45
77,seq153,r_53_61_181,r_59_32_21,r_59_32_21,0.96,154,175,21,45
87,seq66,r_53_61_181,r_59_32_21,r_59_32_21,0.92,26,47,21,45
33,r_122_131_75,r_31_6_74,r_37_83_97,r_37_83_97,1.0,8,105,97,45
34,r_101_148_106,r_85_127_173,r_40_139_85,r_85_127_173,0.66,-67,106,173,45
60,r_104_16_64,seq14,seq167,r_104_16_64,0.81,38,102,64,45
45,r_85_127_173,r_29_150_168,r_135_36_52,r_85_127_173,0.99,-5,168,173,45
12,r_44_86_14,r_26_74_146,seq162,r_44_86_14,0.85,2,16,14,45
56,r_133_158_99,r_157_103_39,r_100_90_91,r_133_158_99,0.95,4,103,99,45
94,seq108,r_57_56_62,seq14,r_57_56_62,1.0,0,62,62,45
47,r_59_32_21,r_1_7_41,seq121,r_59_32_21,1.0,0,21,21,45
28,r_20_51_152,r_111_55_32,r_44_86_14,r_20_51_152,0.99,0,152,152,45
28,r_20_51_152,r_40_139_85,r_111_55_32,r_20_51_152,0.98,-67,85,152,45
36,r_1_7_41,seq58,seq39,r_1_7_41,1.0,0,41,41,45
64,r_47_161_44,r_3_109_63,seq75,r_47_161_44,1.0,1,45,44,45
49,r_31_6_74,r_106_52_175,r_122_131_75,r_31_6_74,1.0,0,74,74,45
39,r_141_112_47,r_3_109_63,r_26_74_146,r_141_112_47,0.49,-3,44,47,45
44,r_67_144_126,seq121,r_44_86_14,r_67_144_126,1.0,0,126,126,45
62,r_34_88_61,r_93_13_7,r_100_90_91,r_34_88_61,0.39,58,119,61,45
35,r_3_109_63,seq164,seq23,r_3_109_63,0.73,3,66,63,45
84,seq50,r_46_68_78,r_93_13_7,r_46_68_78,1.0,0,78,78,45
93,seq84,seq114,r_3_50_114,r_3_50_114,0.83,30,144,114,46
40,r_68_41_172,r_62_88_60,seq37,r_68_41_172,0.72,0,172,172,46
51,r_14_2_72,r_93_71_153,r_62_88_60,r_14_2_72,0.8,0,72,72,46
36,r_160_130_65,r_119_53_66,r_85_106_186,r_160_130_65,1.0,0,65,65,46
9,r_62_88_60,r_68_41_172,seq81,r_68_41_172,1.0,0,172,172,46
46,r_90_92_113,r_55_146_194,r_16_105_15,r_16_105_15,0.99,0,15,15,46
37,r_65_8_17,r_169_48_44,seq83,r_65_8_17,1.0,0,17,17,46
54,r_108_24_152,r_128_32_196,r_3_50_114,r_108_24_152,0.89,0,152,152,46
59,r_156_129_87,seq22,seq69,r_156_129_87,1.0,0,87,87,46
19,r_153_151_37,seq22,r_134_33_110,r_134_33_110,1.0,27,137,110,46
55,r_134_33_110,r_128_32_196,r_153_151_37,r_134_33_110,1.0,0,110,110,46
1,r_119_53_66,r_160_130_65,r_169_48_44,r_119_53_66,1.0,-1,65,66,46
42,r_159_139_109,seq31,seq152,r_159_139_109,0.76,0,109,109,46
43,r_21_137_120,r_63_127_32,r_67_35_19,r_63_127_32,0.89,0,32,32,46
49,r_0_86_56,r_108_24_152,seq78,r_0_86_56,1.0,0,56,56,46
80,seq31,r_159_139_109,seq12,r_159_139_109,1.0,-1,108,109,46
45,r_122_25_103,r_30_47_50,r_45_52_89,r_30_47_50,1.0,53,103,50,46
24,r_9_97_180,r_131_121_51,r_0_86_56,r_9_97_180,0.94,0,180,180,46
51,r_14_2_72,r_62_88_60,r_70_66_149,r_70_66_149,1.0,2,151,149,46
31,r_102_60_190,seq36,r_16_105_15,r_102_60_190,0.52,0,190,190,46
41,r_26_157_168,seq37,r_28_138_145,r_26_157_168,0.7,0,168,168,46
38,r_10_149_26,seq78,seq161,r_10_149_26,0.96,0,26,26,46
3,r_58_117_150,r_27_113_142,r_6_145_9,r_6_145_9,0.61,119,128,9,46
10,r_96_133_174,seq38,r_30_47_50,r_96_133_174,0.78,0,174,174,46
4,r_7_124_39,r_21_137_120,r_68_41_172,r_7_124_39,0.92,2,41,39,46
26,r_59_95_130,seq152,r_120_51_195,r_59_95_130,0.64,0,130,130,46
72,seq12,r_87_98_64,seq31,r_87_98_64,0.91,3,67,64,46
60,r_42_89_22,r_80_101_31,seq143,r_80_101_31,0.99,-1,30,31,46
4,r_7_124_39,r_68_41_172,seq38,r_7_124_39,0.44,38,77,39,46
11,r_141_11_55,r_87_98_64,seq148,r_141_11_55,1.0,0,55,55,46
0,r_46_64_129,r_102_60_190,seq81,r_46_64_129,0.95,0,129,129,46
20,r_30_47_50,r_72_107_177,r_116_61_95,r_116_61_95,1.0,61,156,95,46
13,r_87_98_64,seq12,seq4,r_87_98_64,0.83,3,67,64,46
46,r_90_92_113,r_16_105_15,r_42_89_22,r_90_92_113,1.0,0,113,113,46
15,r_19_75_146,seq114,r_131_121_51,r_131_121_51,1.0,93,144,51,46
18,r_40_79_122,r_16_105_15,r_67_35_19,r_40_79_122,0.93,0,122,122,46
57,r_85_106_186,r_167_18_99,r_160_130_65,r_85_106_186,0.93,-86,100,186,46
12,r_6_145_9,r_28_138_145,r_29_162_11,r_28_138_145,0.96,0,145,145,46
62,r_43_168_134,seq83,seq37,r_43_168_134,0.96,0,134,134,46
19,r_153_151_37,seq161,seq22,r_153_151_37,0.96,12,49,37,46
5,r_16_105_15,r_90_92_113,r_165_77_81,r_16_105_15,0.93,75,90,15,46
52,r_67_35_19,r_21_137_120,r_40_79_122,r_40_79_122,1.0,5,127,122,46
52,r_67_35_19,r_169_48_44,r_21_137_120,r_67_35_19,0.9,-1,18,19,46
36,r_160_130_65,r_85_106_186,r_72_107_177,r_85_106_186,0.45,-9,177,186,46
69,r_63_127_32,r_21_137_120,seq34,r_63_127_32,1.0,0,32,32,46
27,r_167_18_99,r_85_106_186,r_102_60_190,r_167_18_99,0.9,0,99,99,46
53,r_29_162_11,r_27_113_142,r_6_145_9,r_27_113_142,1.0,0,142,142,46
89,seq78,seq37,r_0_86_56,r_0_86_56,1.0,2,58,56,46
29,r_15_144_36,r_116_61_95,r_120_51_195,r_15_144_36,1.0,0,36,36,46
47,r_3_50_114,r_9_97_180,seq84,r_3_50_114,0.89,7,121,114,46
53,r_29_162_11,r_80_101_31,r_27_113_142,r_29_162_11,0.81,0,11,11,46
48,r_27_113_142,r_58_117_150,r_29_162_11,r_29_162_11,0.91,34,45,11,46
40,r_68_41_172,seq81,r_62_88_60,r_62_88_60,0.95,7,67,60,46
18,r_40_79_122,r_45_52_89,r_16_105_15,r_40_79_122,0.87,-32,90,122,46
24,r_9_97_180,seq22,r_131_121_51,r_131_121_51,1.0,61,112,51,46
64,r_131_121_51,r_72_107_177,r_9_97_180,r_131_121_51,1.0,0,51,51,46
3,r_58_117_150,r_6_145_9,r_43_168_134,r_58_117_150,1.0,0,150,150,46
34,r_13_94_151,seq161,r_15_144_36,r_13_94_151,0.46,-5,146,151,46
22,r_169_48_44,r_156_129_87,seq154,r_169_48_44,1.0,1,45,44,46
43,r_21_137_120,r_67_35_19,r_167_18_99,r_167_18_99,0.98,21,120,99,46
33,r_45_52_89,r_40_79_122,r_93_71_153,r_45_52_89,0.74,1,90,89,46
48,r_27_113_142,r_29_162_11,r_104_74_199,r_27_113_142,0.99,0,142,142,46
50,r_111_23_74,seq164,r_163_140_58,r_111_23_74,1.0,0,74,74,46
58,r_20_39_176,r_109_57_4,r_67_35_19,r_20_39_176,0.73,0,176,176,46
63,r_163_140_58,r_76_132_90,seq1,r_163_140_58,1.0,0,58,58,46
70,seq1,r_55_146_194,r_163_140_58,r_163_140_58,1.0,17,75,58,46
65,r_116_61_95,seq37,r_30_47_50,r_116_61_95,1.0,0,95,95,46
25,r_28_138_145,r_58_117_150,r_6_145_9,r_6_145_9,0.93,1,10,9,46
32,r_165_77_81,r_13_94_151,r_16_105_15,r_165_77_81,1.0,0,81,81,46
57,r_85_106_186,r_160_130_65,r_76_132_90,r_160_130_65,0.64,121,186,65,46
34,r_13_94_151,r_165_77_81,seq161,r_165_77_81,1.0,3,84,81,46
27,r_167_18_99,r_102_60_190,r_21_137_120,r_167_18_99,0.64,42,141,99,46
64,r_131_121_51,r_9_97_180,r_19_75_146,r_9_97_180,0.74,-30,150,180,46
2,r_80_101_31,r_102_60_190,seq148,r_80_101_31,1.0,0,31,31,46
25,r_28_138_145,r_6_145_9,r_10_149_26,r_28_138_145,0.98,0,145,145,46
51,r_14_2_72,r_150_155_54,r_93_71_153,r_150_155_54,1.0,0,54,54,46
9,r_62_88_60,seq83,r_68_41_172,r_62_88_60,0.99,1,61,60,46
28,r_76_132_90,seq114,seq83,r_76_132_90,1.0,0,90,90,46
33,r_45_52_89,r_93_71_153,r_122_25_103,r_45_52_89,0.57,17,106,89,46
56,r_109_57_4,r_20_39_176,r_44_103_2,r_20_39_176,0.93,1,177,176,46
7,r_72_107_177,r_30_47_50,r_160_130_65,r_72_107_177,0.85,0,177,177,46
44,r_73_135_137,r_102_60_190,seq38,r_73_135_137,0.97,0,137,137,46
35,r_99_91_159,seq143,seq164,r_99_91_159,0.91,0,159,159,46
5,r_16_105_15,r_76_132_90,r_90_92_113,r_16_105_15,0.98,0,15,15,46
30,r_9_144_189,seq8,r_2_127_145,r_2_127_145,0.82,44,189,145,47
44,r_18_140_179,r_142_83_33,r_17_135_72,r_18_140_179,0.58,0,179,179,47
40,r_16_92_41,r_69_93_169,seq60,r_16_92_41,0.92,2,43,41,47
36,r_7_14_106,r_10_78_134,r_49_121_42,r_49_121_42,1.0,23,65,42,47
92,seq104,r_134_27_164,r_117_70_86,r_117_70_86,0.99,80,166,86,47
14,r_3_139_173,r_66_97_64,seq112,r_66_97_64,1.0,0,64,64,47
8,r_66_97_64,r_3_139_173,r_41_151_45,r_66_97_64,0.98,0,64,64,47
62,r_41_151_45,seq114,seq162,r_41_151_45,1.0,0,45,45,47
3,r_88_164_65,seq148,r_24_108_49,r_88_164_65,0.41,62,127,65,47
59,r_10_78_134,seq60,r_13_57_94,r_13_57_94,0.89,43,137,94,47
55,r_58_154_93,seq112,r_136_39_188,r_58_154_93,1.0,0,93,93,47
16,r_13_57_94,seq129,seq8,r_13_57_94,0.97,1,95,94,47
21,r_102_168_100,r_147_81_178,r_79_94_28,r_102_168_100,0.99,0,100,100,47
39,r_100_40_136,r_136_39_188,r_59_65_131,r_100_40_136,0.95,0,136,136,47
1,r_167_56_62,seq124,seq19,r_167_56_62,1.0,0,62,62,47
36,r_7_14_106,r_49_121_42,seq87,r_7_14_106,1.0,0,106,106,47
5,r_21_77_129,seq132,r_1_113_74,r_21_77_129,0.9,0,129,129,47
46,r_103_101_168,seq166,r_63_31_147,r_63_31_147,0.78,24,171,147,47
42,r_33_109_119,r_86_158_184,r_41_151_45,r_33_109_119,0.97,1,120,119,47
80,seq34,r_18_140_179,r_142_83_33,r_142_83_33,1.0,31,64,33,47
37,r_149_145_22,r_136_39_188,r_79_94_28,r_79_94_28,1.0,2,30,28,47
7,r_118_137_150,r_134_27_164,r_15_46_59,r_134_27_164,1.0,-19,145,164,47
69,r_72_25_167,r_86_158_184,r_64_67_130,r_64_67_130,0.55,40,170,130,47
19,r_35_143_117,r_106_105_138,seq60,r_35_143_117,0.75,1,118,117,47
43,r_24_108_49,r_33_109_119,seq19,r_24_108_49,0.99,3,52,49,47
44,r_18_140_179,seq34,r_142_83_33,r_142_83_33,1.0,6,39,33,47
95,seq114,r_0_28_160,r_133_98_76,r_133_98_76,0.97,84,160,76,47
43,r_24_108_49,r_88_164_65,r_47_38_151,r_24_108_49,0.61,95,144,49,47
66,r_150_22_187,seq162,r_134_27_164,r_134_27_164,0.6,23,187,164,47
45,r_79_94_28,r_167_56_62,r_149_145_22,r_79_94_28,0.99,1,29,28,47
38,r_12_91_10,r_17_135_72,r_82_115_15,r_17_135_72,1.0,0,72,72,47
68,r_49_121_42,r_13_57_94,r_7_14_106,r_49_121_42,0.97,0,42,42,47
41,r_4_153_84,r_90_116_81,r_49_121_42,r_4_153_84,0.99,0,84,84,47
50,r_141_110_43,r_90_116_81,r_86_158_184,r_141_110_43,1.0,0,43,43,47
67,r_122_43_165,r_47_38_151,r_7_14_106,r_7_14_106,0.75,35,141,106,47
3,r_88_164_65,r_118_137_150,seq148,r_88_164_65,0.77,2,67,65,47
90,seq87,r_76_156_194,r_0_28_160,r_0_28_160,0.78,28,188,160,47
26,r_136_39_188,r_62_111_133,r_58_154_93,r_58_154_93,0.75,4,97,93,47
14,r_3_139_173,seq112,seq162,r_3_139_173,0.56,0,173,173,47
4,r_69_93_169,r_68_155_12,r_142_83_33,r_142_83_33,0.6,137,170,33,47
63,r_85_6_146,r_76_156_194,r_66_97_64,r_85_6_146,0.95,0,146,146,47
20,r_133_98_76,seq60,r_82_115_15,r_133_98_76,1.0,1,77,76,47
13,r_47_38_151,r_122_43_165,r_24_108_49,r_24_108_49,0.58,102,151,49,47
98,seq124,r_167_56_62,seq162,r_167_56_62,1.0,0,62,62,47
15,r_134_27_164,seq104,r_133_98_76,r_133_98_76,0.68,88,164,76,47
48,r_86_158_184,seq50,r_100_40_136,r_86_158_184,0.48,-1,183,184,47
57,r_96_169_135,seq162,r_44_54_36,r_96_169_135,0.6,0,135,135,47
6,r_63_31_147,seq42,r_13_57_94,r_13_57_94,0.54,54,148,94,47
34,r_17_135_72,r_12_91_10,seq42,r_17_135_72,1.0,0,72,72,47
0,r_59_65_131,r_32_157_44,seq148,r_32_157_44,1.0,0,44,44,47
27,r_147_81_178,r_102_168_100,seq148,r_102_168_100,0.99,0,100,100,47
87,seq60,r_133_98_76,r_10_78_134,r_133_98_76,1.0,2,78,76,47
53,r_53_51_38,r_69_93_169,seq23,r_53_51_38,1.0,0,38,38,47
2,r_0_28_160,seq114,seq87,r_0_28_160,0.67,0,160,160,47
47,r_62_111_133,r_136_39_188,seq104,r_62_111_133,0.96,2,135,133,47
51,r_44_54_36,r_7_14_106,seq55,r_44_54_36,0.63,-2,34,36,47
74,seq8,r_21_77_129,r_13_57_94,r_13_57_94,0.68,31,125,94,47
18,r_130_152_109,seq42,r_118_137_150,r_130_152_109,0.99,0,109,109,47
61,r_142_83_33,r_18_140_179,r_69_93_169,r_142_83_33,0.67,145,178,33,47
38,r_12_91_10,r_2_127_145,r_17_135_72,r_12_91_10,0.98,1,11,10,47
11,r_90_116_81,r_141_110_43,r_4_153_84,r_141_110_43,1.0,0,43,43,47
43,r_24_108_49,seq19,r_88_164_65,r_88_164_65,0.76,63,128,65,47
33,r_117_70_86,seq19,seq104,r_117_70_86,1.0,1,87,86,47
34,r_17_135_72,r_41_151_45,r_12_91_10,r_17_135_72,0.86,-58,14,72,47
88,seq162,r_150_22_187,r_3_139_173,r_3_139_173,0.63,14,187,173,47
58,r_131_89_77,r_47_38_151,r_53_51_38,r_131_89_77,1.0,0,77,77,47
65,r_120_45_128,r_123_160_157,r_149_145_22,r_120_45_128,0.97,0,128,128,47
32,r_64_67_130,r_2_127_145,r_68_155_12,r_64_67_130,1.0,0,130,130,47
68,r_49_121_42,r_7_14_106,r_4_153_84,r_7_14_106,1.0,0,106,106,47
35,r_32_157_44,r_59_65_131,r_149_145_22,r_32_157_44,1.0,0,44,44,47
81,seq165,r_161_80_158,r_53_51_38,r_53_51_38,1.0,124,162,38,47
17,r_1_113_74,r_2_127_145,seq34,r_1_113_74,1.0,0,74,74,47
94,seq112,r_58_154_93,r_3_139_173,r_58_154_93,1.0,0,93,93,47
9,r_159_37_152,r_122_43_165,r_63_31_147,r_159_37_152,0.76,0,152,152,47
26,r_136_39_188,r_58_154_93,r_66_97_64,r_136_39_188,0.66,1,189,188,47
67,r_122_43_165,r_7_14_106,r_58_154_93,r_122_43_165,0.99,0,165,165,47
50,r_141_110_43,r_86_158_184,r_7_14_106,r_7_14_106,0.99,78,184,106,47
11,r_90_116_81,r_4_153_84,r_66_97_64,r_90_116_81,1.0,3,84,81,47
29,r_82_115_15,seq114,r_133_98_76,r_133_98_76,1.0,25,101,76,47
28,r_123_160_157,r_163_74_140,r_133_98_76,r_123_160_157,0.86,0,157,157,47
49,r_75_61_176,r_163_74_140,r_35_143_117,r_35_143_117,0.82,62,179,117,47
7,r_118_137_150,r_88_164_65,r_134_27_164,r_88_164_65,1.0,0,65,65,47
23,r_15_46_59,seq112,seq5,r_15_46_59,1.0,1,60,59,47
82,seq166,r_103_101_168,r_130_152_109,r_130_152_109,1.0,62,171,109,47
61,r_142_83_33,r_69_93_169,r_18_140_179,r_142_83_33,1.0,0,33,33,47
12,r_138_73_185,seq42,r_2_127_145,r_2_127_145,0.52,40,185,145,47
23,r_15_46_59,seq5,r_118_137_150,r_15_46_59,0.22,102,161,59,47
29,r_82_115_15,r_33_109_119,seq114,r_82_115_15,0.99,0,15,15,47
84,seq50,r_86_158_184,r_141_110_43,r_141_110_43,1.0,140,183,43,47
55,r_58_154_93,r_136_39_188,r_122_43_165,r_122_43_165,0.65,23,188,165,47
30,r_24_149_157,r_59_155_190,r_68_163_99,r_24_149_157,0.5,1,158,157,48
6,r_41_40_52,r_36_12_101,r_135_139_87,r_41_40_52,0.97,0,52,52,48
53,r_82_150_58,r_32_108_185,r_103_56_1,r_82_150_58,0.49,3,61,58,48
43,r_112_97_152,r_26_33_92,r_141_84_85,r_112_97_152,0.51,-60,92,152,48
54,r_122_14_162,seq43,seq129,r_122_14_162,0.65,0,162,162,48
83,seq47,seq74,r_113_154_32,r_113_154_32,0.83,125,157,32,48
37,r_15_131_179,seq124,r_130_20_138,r_15_131_179,0.29,0,179,179,48
59,r_80_0_164,seq75,r_29_78_8,r_80_0_164,0.86,0,164,164,48
55,r_133_138_80,r_31_28_175,seq75,r_133_138_80,1.0,0,80,80,48
71,seq3,r_111_37_188,r_140_63_83,r_140_63_83,0.91,5,88,83,48
16,r_17_55_172,r_112_97_152,r_141_84_85,r_141_84_85,0.67,30,115,85,48
1,r_125_73_166,r_144_142_73,r_86_100_125,r_125_73_166,0.73,1,167,166,48
1,r_125_73_166,r_36_12_101,r_144_142_73,r_125_73_166,0.95,-93,73,166,48
46,r_30_62_91,r_7_161_186,r_41_40_52,r_41_40_52,0.93,34,86,52,48
42,r_53_46_90,r_122_14_162,seq119,r_53_46_90,0.76,2,92,90,48
5,r_38_164_18,r_15_131_179,r_61_79_20,r_38_164_18,0.84,25,43,18,48
35,r_146_4_146,seq160,r_76_42_59,r_76_42_59,1.0,0,59,59,48
69,r_86_100_125,r_122_14_162,r_81_110_22,r_86_100_125,0.92,5,130,125,48
45,r_45_162_117,r_126_136_159,r_145_2_6,r_45_162_117,0.54,0,117,117,48
19,r_52_107_72,seq129,seq67,r_52_107_72,1.0,0,72,72,48
11,r_90_89_21,seq148,seq83,r_90_89_21,1.0,1,22,21,48
14,r_135_139_87,seq129,r_41_40_52,r_41_40_52,1.0,0,52,52,48
39,r_81_110_22,r_59_155_190,r_125_73_166,r_125_73_166,0.91,23,189,166,48
31,r_6_115_66,r_26_33_92,seq153,r_6_115_66,0.89,1,67,66,48
67,r_23_10_61,seq119,r_77_34_155,r_23_10_61,0.96,0,61,61,48
8,r_99_167_14,r_86_100_125,seq129,r_99_167_14,0.96,0,14,14,48
67,r_23_10_61,r_77_34_155,r_32_108_185,r_77_34_155,0.99,-1,154,155,48
3,r_57_11_129,seq153,seq83,r_57_11_129,0.99,0,129,129,48
62,r_44_96_105,r_91_48_35,r_6_115_66,r_44_96_105,0.93,0,105,105,48
12,r_143_35_10,r_145_2_6,seq129,r_143_35_10,0.9,1,11,10,48
16,r_17_55_172,r_141_84_85,r_26_33_92,r_17_55_172,1.0,0,172,172,48
4,r_26_33_92,r_112_97_152,seq75,r_26_33_92,1.0,0,92,92,48
63,r_31_28_175,r_101_157_114,r_61_79_20,r_101_157_114,0.61,0,114,114,48
29,r_76_42_59,seq67,r_146_4_146,r_76_42_59,1.0,0,59,59,48
73,seq18,r_114_98_180,r_125_73_166,r_125_73_166,0.87,22,188,166,48
44,r_116_64_55,r_23_10_61,seq83,r_116_64_55,1.0,1,56,55,48
56,r_8_120_31,r_143_35_10,r_169_27_89,r_169_27_89,1.0,11,100,89,48
36,r_152_72_19,r_70_132_44,r_85_69_5,r_152_72_19,0.99,1,20,19,48
20,r_145_2_6,r_143_35_10,r_36_12_101,r_145_2_6,0.53,5,11,6,48
15,r_102_39_137,seq134,seq18,r_102_39_137,0.86,0,137,137,48
48,r_101_157_114,r_31_28_175,r_70_132_44,r_101_157_114,1.0,0,114,114,48
49,r_91_48_35,r_44_96_105,r_94_9_65,r_91_48_35,0.64,70,105,35,48
57,r_94_9_65,seq156,r_91_48_35,r_94_9_65,0.97,0,65,65,48
0,r_70_132_44,r_95_109_156,r_143_35_10,r_70_132_44,1.0,1,45,44,48
47,r_59_155_190,r_81_110_22,r_85_69_5,r_85_69_5,0.68,185,190,5,48
62,r_44_96_105,r_169_27_89,r_91_48_35,r_44_96_105,0.81,-16,89,105,48
21,r_113_154_32,r_125_73_166,r_146_4_146,r_146_4_146,0.93,5,151,146,48
6,r_41_40_52,r_135_139_87,r_30_62_91,r_41_40_52,1.0,36,88,52,48
99,seq124,r_15_131_179,r_68_163_99,r_68_163_99,0.59,44,143,99,48
52,r_141_84_85,r_17_55_172,r_125_73_166,r_141_84_85,0.68,86,171,85,48
0,r_70_132_44,r_143_35_10,r_101_157_114,r_101_157_114,1.0,7,121,114,48
43,r_112_97_152,r_141_84_85,r_140_63_83,r_112_97_152,0.92,-1,151,152,48
2,r_130_20_138,r_112_97_152,seq156,r_130_20_138,0.86,0,138,138,48
47,r_59_155_190,r_24_149_157,r_81_110_22,r_81_110_22,0.81,136,158,22,48
40,r_128_58_133,seq49,r_106_65_24,r_128_58_133,0.9,0,133,133,48
18,r_111_37_188,seq3,r_140_63_83,r_140_63_83,0.88,18,101,83,48
61,r_19_165_30,seq67,r_118_127_140,r_118_127_140,1.0,7,147,140,48
10,r_85_69_5,r_90_89_21,r_152_72_19,r_85_69_5,1.0,17,22,5,48
35,r_146_4_146,r_76_42_59,r_113_154_32,r_146_4_146,0.94,-1,145,146,48
25,r_140_63_83,seq134,r_111_37_188,r_140_63_83,0.83,0,83,83,48
33,r_36_12_101,r_125_73_166,r_29_78_8,r_36_12_101,1.0,0,101,101,48
64,r_32_108_185,r_82_150_58,r_23_10_61,r_32_108_185,0.54,-108,77,185,48
50,r_169_27_89,r_44_96_105,r_8_120_31,r_169_27_89,0.66,0,89,89,48
58,r_77_34_155,r_92_87_98,r_23_10_61,r_23_10_61,1.0,57,118,61,48
58,r_77_34_155,r_23_10_61,r_38_164_18,r_77_34_155,0.79,-1,154,155,48
20,r_145_2_6,r_36_12_101,r_144_142_73,r_145_2_6,0.86,95,101,6,48
68,r_103_56_1,r_128_58_133,r_82_150_58,r_128_58_133,0.73,-48,85,133,48
14,r_135_139_87,r_41_40_52,r_133_138_80,r_135_139_87,1.0,0,87,87,48
21,r_113_154_32,seq60,r_125_73_166,r_113_154_32,0.54,1,33,32,48
32,r_25_88_70,r_53_46_90,r_92_87_98,r_25_88_70,0.98,0,70,70,48
38,r_13_1_130,seq83,r_71_51_12,r_13_1_130,0.96,0,130,130,48
52,r_141_84_85,seq166,r_17_55_172,r_141_84_85,0.94,1,86,85,48
60,r_144_142_73,r_122_14_162,r_125_73_166,r_144_142_73,1.0,0,73,73,48
17,r_95_109_156,seq54,seq93,r_95_109_156,0.84,0,156,156,48
41,r_106_65_24,r_52_107_72,seq147,r_106_65_24,0.97,0,24,24,48
9,r_92_87_98,r_77_34_155,r_25_88_70,r_92_87_98,0.81,20,118,98,48
63,r_31_28_175,r_61_79_20,r_80_0_164,r_31_28_175,0.99,0,175,175,48
56,r_8_120_31,r_102_39_137,r_143_35_10,r_8_120_31,0.88,0,31,31,48
29,r_76_42_59,r_146_4_146,r_94_9_65,r_76_42_59,0.72,90,149,59,48
22,r_7_161_186,seq75,r_99_167_14,r_99_167_14,0.59,172,186,14,48
28,r_159_105_144,seq156,r_158_168_11,r_158_168_11,0.5,134,145,11,48
91,seq75,r_7_161_186,r_26_33_92,r_26_33_92,1.0,42,134,92,48
51,r_5_21_27,r_25_88_70,seq166,r_5_21_27,0.96,2,29,27,48
49,r_91_48_35,r_116_64_55,r_44_96_105,r_91_48_35,0.79,1,36,35,48
39,r_81_110_22,r_135_139_87,r_59_155_190,r_81_110_22,1.0,0,22,22,48
89,seq67,r_116_64_55,r_52_107_72,r_52_107_72,0.99,7,79,72,48
79,seq156,r_159_105_144,r_130_20_138,r_130_20_138,0.73,7,145,138,48
60,r_144_142_73,r_125_73_166,r_113_154_32,r_125_73_166,0.91,0,166,166,48
24,r_137_16_43,seq160,seq156,r_137_16_43,0.9,2,45,43,48
61,r_19_165_30,r_15_131_179,seq67,r_19_165_30,1.0,0,30,30,48
40,r_42_105_54,r_6_47_152,r_5_106_135,r_5_106_135,0.79,17,152,135,49
30,r_5_106_135,r_137_138_163,r_42_105_54,r_5_106_135,0.65,1,136,135,49
56,r_11_123_177,r_68_125_4,r_108_100_108,r_108_100_108,0.65,5,113,108,49
37,r_2_136_15,r_31_22_63,r_90_115_14,r_2_136_15,0.55,1,16,15,49
64,r_34_43_137,r_151_65_29,r_68_125_4,r_151_65_29,0.93,0,29,29,49
8,r_98_69_149,r_84_163_162,r_8_19_8,r_8_19_8,0.88,141,149,8,49
53,r_99_122_141,r_84_163_162,r_52_168_24,r_99_122_141,0.78,0,141,141,49
7,r_13_80_124,r_87_157_171,r_14_129_50,r_13_80_124,0.71,23,147,124,49
54,r_93_94_76,r_77_124_134,r_92_30_28,r_93_94_76,0.9,1,77,76,49
19,r_39_62_39,r_167_18_144,r_29_79_118,r_39_62_39,0.62,109,148,39,49
56,r_11_123_177,r_34_43_137,r_68_125_4,r_11_123_177,0.32,-119,58,177,49
18,r_73_101_51,r_161_139_56,seq131,r_73_101_51,0.99,5,56,51,49
55,r_134_41_70,seq27,seq113,r_134_41_70,0.99,5,75,70,49
16,r_6_47_152,r_142_25_66,r_42_105_54,r_6_47_152,0.87,-85,67,152,49
1,r_52_168_24,r_9_104_153,r_99_122_141,r_52_168_24,0.75,132,156,24,49
46,r_156_169_156,r_74_61_5,r_144_152_119,r_144_152_119,0.55,37,156,119,49
86,seq166,seq131,r_40_91_71,r_40_91_71,0.62,-72,-1,71,49
73,seq3,r_161_139_56,r_54_12_43,r_54_12_43,0.89,16,59,43,49
45,r_117_71_175,seq55,r_74_61_5,r_117_71_175,0.42,0,175,175,49
15,r_85_1_72,r_15_109_173,r_74_61_5,r_85_1_72,0.37,105,177,72,49
66,r_76_23_125,seq150,seq35,r_76_23_125,0.63,6,131,125,49
76,seq150,r_76_23_125,r_141_111_110,r_141_111_110,0.8,21,131,110,49
39,r_110_59_40,r_137_138_163,r_72_26_101,r_110_59_40,0.82,125,165,40,49
67,r_9_104_153,r_114_78_69,r_52_168_24,r_114_78_69,1.0,0,69,69,49
52,r_54_12_43,r_33_83_191,seq3,r_54_12_43,0.99,1,44,43,49
67,r_9_104_153,r_52_168_24,seq3,r_9_104_153,0.99,3,156,153,49
10,r_112_45_65,seq164,seq49,r_112_45_65,1.0,0,65,65,49
72,seq131,r_33_83_191,r_118_57_92,r_118_57_92,1.0,52,144,92,49
16,r_6_47_152,r_42_105_54,r_110_59_40,r_110_59_40,0.57,112,152,40,49
14,r_149_46_139,r_14_129_50,r_54_12_43,r_149_46_139,0.98,2,141,139,49
0,r_31_22_63,seq160,seq127,r_31_22_63,1.0,-1,62,63,49
12,r_151_65_29,r_34_43_137,seq49,r_151_65_29,0.99,0,29,29,49
22,r_147_56_53,seq116,seq130,r_147_56_53,0.98,0,53,53,49
20,r_141_111_110,r_15_109_173,r_143_81_18,r_141_111_110,0.96,0,110,110,49
13,r_72_26_101,r_13_80_124,r_110_59_40,r_72_26_101,0.65,0,101,101,49
69,r_14_129_50,r_96_97_103,r_149_46_139,r_14_129_50,0.96,0,50,50,49
47,r_135_17_20,r_146_16_47,r_143_81_18,r_135_17_20,0.75,0,20,20,49
15,r_85_1_72,seq21,r_15_109_173,r_85_1_72,0.98,0,72,72,49
48,r_108_100_108,seq121,r_11_123_177,r_108_100_108,0.74,3,111,108,49
64,r_34_43_137,seq50,seq128,r_34_43_137,0.94,0,137,137,49
57,r_120_140_107,r_15_109_173,r_72_26_101,r_120_140_107,0.96,-1,106,107,49
62,r_70_24_111,r_141_111_110,r_144_152_119,r_141_111_110,0.69,9,119,110,49
56,r_11_123_177,r_108_100_108,r_2_136_15,r_11_123_177,0.84,3,180,177,49
2,r_77_124_134,r_54_12_43,r_126_28_30,r_77_124_134,1.0,0,134,134,49
99,seq127,r_149_46_139,r_31_22_63,r_31_22_63,0.6,2,65,63,49
5,r_167_18_144,r_39_62_39,r_92_30_28,r_167_18_144,0.71,4,148,144,49
43,r_48_133_42,r_110_59_40,seq49,r_48_133_42,1.0,0,42,42,49
21,r_92_30_28,r_33_83_191,seq55,r_92_30_28,0.98,0,28,28,49
27,r_142_25_66,r_6_47_152,seq82,r_142_25_66,1.0,1,67,66,49
51,r_126_28_30,r_96_97_103,seq63,r_96_97_103,0.96,1,104,103,49
41,r_96_97_103,r_14_129_50,r_126_28_30,r_96_97_103,0.92,-67,36,103,49
34,r_155_4_143,r_76_23_125,r_70_24_111,r_70_24_111,0.97,0,111,111,49
39,r_110_59_40,r_6_47_152,r_137_138_163,r_110_59_40,0.93,-1,39,40,49
69,r_14_129_50,r_149_46_139,r_13_80_124,r_14_129_50,0.95,91,141,50,49
2,r_77_124_134,r_161_139_56,r_54_12_43,r_54_12_43,0.96,17,60,43,49
41,r_96_97_103,r_126_28_30,r_90_115_14,r_96_97_103,0.98,0,103,103,49
4,r_146_16_47,r_6_47_152,r_95_37_7,r_146_16_47,1.0,0,47,47,49
29,r_29_79_118,r_84_163_162,r_39_62_39,r_29_79_118,0.94,0,118,118,49
61,r_137_138_163,r_110_59_40,r_29_79_118,r_137_138_163,0.89,2,165,163,49
24,r_84_163_162,r_99_122_141,r_167_18_144,r_84_163_162,0.61,-21,141,162,49
25,r_15_109_173,r_70_24_111,seq162,r_70_24_111,0.93,0,111,111,49
19,r_39_62_39,r_77_124_134,r_167_18_144,r_39_62_39,0.76,2,41,39,49
33,r_145_103_84,seq164,seq64,r_145_103_84,1.0,1,85,84,49
48,r_108_100_108,r_11_123_177,r_72_26_101,r_108_100_108,0.47,75,183,108,49
9,r_68_125_4,r_34_43_137,seq50,r_34_43_137,1.0,-80,57,137,49
86,seq166,r_112_45_65,seq131,r_112_45_65,0.51,-15,50,65,49
58,r_114_78_69,r_9_104_153,r_142_25_66,r_114_78_69,0.94,0,69,69,49
65,r_66_20_59,r_98_69_149,r_54_12_43,r_66_20_59,0.96,9,68,59,49
50,r_90_115_14,r_13_80_124,seq165,r_90_115_14,0.77,2,16,14,49
18,r_73_101_51,seq131,r_118_57_92,r_118_57_92,1.0,2,94,92,49
24,r_84_163_162,r_167_18_144,seq164,r_84_163_162,0.97,0,162,162,49
61,r_137_138_163,r_5_106_135,r_110_59_40,r_110_59_40,0.72,22,62,40,49
34,r_155_4_143,r_11_123_177,r_76_23_125,r_76_23_125,0.47,-59,66,125,49
14,r_149_46_139,seq127,r_14_129_50,r_14_129_50,0.97,1,51,50,49
34,r_155_4_143,r_70_24_111,r_52_168_24,r_155_4_143,0.9,5,148,143,49
51,r_126_28_30,r_149_46_139,r_96_97_103,r_126_28_30,0.94,1,31,30,49
60,r_132_158_62,r_40_91_71,r_92_30_28,r_132_158_62,1.0,0,62,62,49
63,r_107_88_12,seq67,r_74_61_5,r_107_88_12,0.93,0,12,12,49
68,r_89_102_32,r_73_101_51,r_95_37_7,r_89_102_32,0.98,0,32,32,49
17,r_118_57_92,seq82,r_145_103_84,r_118_57_92,1.0,2,94,92,49
85,seq165,r_10_58_121,r_90_115_14,r_90_115_14,0.84,2,16,14,49
25,r_15_109_173,seq162,r_10_58_121,r_15_109_173,0.76,4,177,173,49
5,r_167_18_144,r_147_56_53,r_39_62_39,r_147_56_53,0.66,-12,41,53,49
40,r_42_105_54,seq150,r_6_47_152,r_42_105_54,0.99,0,54,54,49
11,r_161_139_56,r_73_101_51,seq159,r_73_101_51,1.0,5,56,51,49
28,r_53_36_95,r_141_111_110,seq164,r_53_36_95,0.83,4,99,95,49
64,r_34_43_137,r_68_125_4,seq50,r_68_125_4,0.44,43,47,4,49
91,seq55,r_117_71_175,r_92_30_28,r_92_30_28,1.0,1,29,28,49
7,r_13_80_124,r_72_26_101,r_87_157_171,r_72_26_101,0.99,0,101,101,49
23,r_40_91_71,seq49,r_134_41_70,r_40_91_71,1.0,0,71,71,49
82,seq162,r_144_152_119,r_52_168_24,r_144_152_119,0.98,0,119,119,49
49,r_143_81_18,seq3,seq150,r_143_81_18,0.98,2,20,18,49
84,seq164,r_145_103_84,r_8_19_8,r_145_103_84,0.98,1,85,84,49
51,r_126_28_30,seq63,r_77_124_134,r_77_124_134,0.93,8,142,134,49
93,seq85,r_160_14_163,r_124_32_172,r_160_14_163,0.68,0,163,163,50
37,r_71_12_47,r_56_142_164,r_159_45_193,r_71_12_47,0.9,0,47,47,50
36,r_168_48_174,r_56_142_164,r_40_25_110,r_40_25_110,0.92,2,112,110,50
9,r_118_136_15,r_44_165_156,r_13_149_31,r_44_165_156,0.75,0,156,156,50
92,seq82,r_163_153_178,r_19_99_37,r_19_99_37,1.0,120,157,37,50
8,r_40_25_110,r_58_73_152,r_168_48_174,r_40_25_110,0.57,0,110,110,50
53,r_87_117_85,r_77_102_122,r_121_57_67,r_87_117_85,0.78,0,85,85,50
3,r_0_131_27,r_66_78_124,r_87_117_85,r_0_131_27,0.84,85,112,27,50
59,r_80_123_84,seq100,r_148_104_135,r_80_123_84,1.0,0,84,84,50
78,seq150,r_90_75_23,r_166_22_149,r_166_22_149,0.91,0,149,149,50
18,r_91_62_165,seq64,r_5_51_49,r_5_51_49,1.0,7,56,49,50
13,r_146_39_12,r_113_119_185,seq106,r_146_39_12,0.93,0,12,12,50
55,r_101_1_101,r_159_45_193,r_168_48_174,r_101_1_101,0.9,0,101,101,50
16,r_52_115_125,seq106,seq100,r_52_115_125,0.82,0,125,125,50
39,r_58_73_152,r_40_25_110,r_111_31_64,r_58_73_152,0.93,-81,71,152,50
34,r_26_42_82,r_93_37_79,r_145_30_17,r_26_42_82,0.76,-40,42,82,50
1,r_169_141_132,r_168_48_174,seq64,r_169_141_132,0.93,0,132,132,50
97,seq100,r_24_139_188,r_58_73_152,r_58_73_152,0.91,14,166,152,50
5,r_160_14_163,seq85,r_166_22_149,r_160_14_163,0.68,0,163,163,50
42,r_36_162_75,r_148_104_135,r_90_75_23,r_36_162_75,0.89,2,77,75,50
41,r_63_94_43,r_71_12_47,r_28_21_55,r_63_94_43,0.89,1,44,43,50
69,r_70_34_89,r_114_43_157,r_118_136_15,r_70_34_89,0.64,0,89,89,50
24,r_33_53_22,r_56_142_164,r_40_25_110,r_40_25_110,0.68,48,158,110,50
19,r_49_140_128,r_129_86_134,r_81_125_99,r_81_125_99,0.65,30,129,99,50
15,r_90_75_23,r_69_158_114,r_26_42_82,r_90_75_23,1.0,92,115,23,50
8,r_40_25_110,r_168_48_174,r_77_102_122,r_168_48_174,0.68,-30,144,174,50
11,r_66_78_124,r_0_131_27,r_80_123_84,r_66_78_124,1.0,0,124,124,50
11,r_66_78_124,r_113_119_185,r_0_131_27,r_0_131_27,1.0,8,35,27,50
95,seq96,r_76_17_151,r_28_21_55,r_28_21_55,0.71,104,159,55,50
66,r_121_57_67,r_84_143_158,r_0_131_27,r_121_57_67,0.97,0,67,67,50
39,r_58_73_152,r_111_31_64,seq100,r_58_73_152,0.95,0,152,152,50
33,r_3_116_33,seq150,r_67_29_26,r_3_116_33,1.0,0,33,33,50
31,r_60_147_119,r_49_140_128,seq150,r_60_147_119,0.84,6,125,119,50
67,r_108_95_196,r_44_165_156,r_118_136_15,r_108_95_196,0.75,-40,156,196,50
31,r_60_147_119,seq150,r_114_43_157,r_114_43_157,0.96,13,170,157,50
90,seq138,r_113_119_185,r_87_117_85,r_87_117_85,1.0,7,92,85,50
15,r_90_75_23,r_93_37_79,r_69_158_114,r_90_75_23,0.98,0,23,23,50
32,r_5_51_49,r_49_140_128,seq64,r_5_51_49,0.97,0,49,49,50
26,r_166_22_149,seq10,seq150,r_166_22_149,0.72,0,149,149,50
17,r_148_104_135,r_80_123_84,r_164_16_14,r_148_104_135,0.76,0,135,135,50
14,r_145_30_17,r_26_42_82,r_8_122_116,r_26_42_82,1.0,0,82,82,50
4,r_83_23_74,r_127_135_5,r_67_29_26,r_83_23_74,1.0,0,74,74,50
63,r_103_156_105,seq38,seq96,r_103_156_105,0.98,-1,104,105,50
73,seq6,r_97_105_176,r_101_1_101,r_101_1_101,1.0,47,148,101,50
56,r_20_155_42,r_2_59_96,r_19_99_37,r_20_155_42,1.0,0,42,42,50
6,r_67_29_26,r_157_126_118,seq38,r_67_29_26,1.0,0,26,26,50
48,r_81_125_99,r_49_140_128,r_124_32_172,r_124_32_172,0.91,-73,99,172,50
57,r_114_43_157,seq128,r_60_147_119,r_114_43_157,0.89,0,157,157,50
41,r_63_94_43,r_28_21_55,r_145_30_17,r_28_21_55,0.86,7,62,55,50
52,r_124_32_172,r_81_125_99,seq85,r_124_32_172,0.46,3,175,172,50
36,r_168_48_174,r_40_25_110,r_71_12_47,r_168_48_174,1.0,0,174,174,50
9,r_118_136_15,r_92_88_182,r_44_165_156,r_118_136_15,0.99,-2,13,15,50
27,r_44_165_156,r_108_95_196,r_90_75_23,r_108_95_196,0.87,-40,156,196,50
34,r_26_42_82,r_145_30_17,r_90_75_23,r_26_42_82,1.0,0,82,82,50
51,r_56_142_164,r_33_53_22,r_169_141_132,r_33_53_22,0.77,142,164,22,50
87,seq64,r_92_88_182,r_169_141_132,r_169_141_132,1.0,53,185,132,50
51,r_56_142_164,r_168_48_174,r_33_53_22,r_33_53_22,1.0,31,53,22,50
2,r_84_143_158,seq133,r_111_31_64,r_84_143_158,0.87,1,159,158,50
47,r_111_31_64,seq18,r_58_73_152,r_111_31_64,0.99,2,66,64,50
24,r_33_53_22,r_148_104_135,r_56_142_164,r_33_53_22,1.0,0,22,22,50
3,r_0_131_27,r_84_143_158,r_66_78_124,r_0_131_27,1.0,0,27,27,50
60,r_69_158_114,r_3_116_33,r_90_75_23,r_69_158_114,1.0,-88,26,114,50
40,r_76_17_151,seq96,r_5_51_49,r_5_51_49,0.88,110,159,49,50
29,r_93_37_79,seq85,r_67_29_26,r_93_37_79,1.0,0,79,79,50
23,r_28_21_55,r_127_135_5,seq96,r_28_21_55,0.99,0,55,55,50
54,r_13_149_31,r_24_139_188,r_118_136_15,r_13_149_31,1.0,0,31,31,50
14,r_145_30_17,seq18,r_26_42_82,r_145_30_17,0.9,0,17,17,50
48,r_81_125_99,r_124_32_172,r_49_140_128,r_81_125_99,0.5,76,175,99,50
64,r_137_154_130,r_24_139_188,r_49_140_128,r_137_154_130,1.0,1,131,130,50
59,r_80_123_84,r_148_104_135,r_66_78_124,r_66_78_124,0.99,11,135,124,50
47,r_111_31_64,r_58_73_152,r_84_143_158,r_111_31_64,1.0,93,157,64,50
58,r_77_102_122,seq79,r_40_25_110,r_77_102_122,1.0,0,122,122,50
65,r_112_144_144,r_46_72_175,r_101_1_101,r_112_144_144,0.99,0,144,144,50
65,r_112_144_144,r_2_59_96,r_46_72_175,r_2_59_96,1.0,0,96,96,50
68,r_129_86_134,seq15,r_127_135_5,r_129_86_134,0.98,0,134,134,50
61,r_8_122_116,r_114_43_157,r_145_30_17,r_114_43_157,0.73,-38,119,157,50
52,r_124_32_172,r_152_68_104,r_81_125_99,r_124_32_172,1.0,-68,104,172,50
44,r_19_99_37,r_69_158_114,seq82,r_19_99_37,1.0,0,37,37,50
75,seq10,r_166_22_149,seq15,r_166_22_149,0.97,0,149,149,50
17,r_148_104_135,r_36_162_75,r_91_62_165,r_36_162_75,0.59,2,77,75,50
96,seq98,seq55,r_2_59_96,r_2_59_96,1.0,10,106,96,50
17,r_148_104_135,r_91_62_165,r_80_123_84,r_80_123_84,0.54,15,99,84,50
22,r_41_161_140,seq82,seq18,r_41_161_140,0.88,0,140,140,50
28,r_159_45_193,r_101_1_101,r_71_12_47,r_159_45_193,1.0,-113,80,193,50
49,r_97_105_176,seq6,r_91_62_165,r_91_62_165,0.51,11,176,165,50
7,r_4_35_66,r_101_1_101,r_157_126_118,r_4_35_66,1.0,0,66,66,50
18,r_91_62_165,r_5_51_49,seq134,r_91_62_165,0.72,-2,163,165,50
55,r_101_1_101,r_168_48_174,r_112_144_144,r_101_1_101,0.98,43,144,101,50
60,r_69_158_114,r_90_75_23,seq74,r_69_158_114,1.0,2,116,114,50
35,r_120_110_108,seq64,r_103_156_105,r_120_110_108,0.97,0,108,108,50
12,r_152_68_104,r_124_32_172,seq79,r_152_68_104,1.0,0,104,104,50
30,r_166_73_93,seq33,r_131_75_39,r_166_73_93,1.0,1,94,93,51
51,r_98_58_111,r_71_165_9,r_14_47_177,r_14_47_177,0.64,-55,122,177,51
36,r_26_65_102,seq136,r_12_139_27,r_26_65_102,0.75,0,102,102,51
66,r_79_83_118,r_106_141_17,r_14_47_177,r_79_83_118,0.92,0,118,118,51
14,r_29_132_66,r_157_11_91,seq169,r_29_132_66,1.0,0,66,66,51
8,r_157_11_91,r_14_47_177,r_37_55_56,r_37_55_56,1.0,35,91,56,51
53,r_60_148_78,r_25_92_103,seq80,r_60_148_78,0.91,1,79,78,51
43,r_64_85_143,seq149,r_84_103_106,r_84_103_106,1.0,7,113,106,51
56,r_12_139_27,seq149,r_3_153_100,r_12_139_27,1.0,0,27,27,51
37,r_10_87_68,r_113_122_117,seq51,r_10_87_68,1.0,0,68,68,51
59,r_27_45_122,seq38,r_154_61_90,r_27_45_122,0.99,0,122,122,51
64,r_106_141_17,r_95_100_114,r_167_99_155,r_167_99_155,0.7,2,157,155,51
16,r_32_49_168,r_41_16_141,r_13_150_128,r_32_49_168,0.87,-28,140,168,51
39,r_142_62_116,seq169,r_96_129_192,r_142_62_116,1.0,0,116,116,51
97,seq117,seq137,r_154_61_90,r_154_61_90,1.0,12,102,90,51
42,r_111_147_110,r_86_109_125,seq135,r_111_147_110,1.0,0,110,110,51
5,r_0_28_70,r_134_63_160,r_112_161_43,r_112_161_43,0.55,0,43,43,51
33,r_128_120_59,r_157_11_91,r_95_100_114,r_128_120_59,1.0,0,59,59,51
88,seq159,r_56_24_175,r_81_35_104,r_56_24_175,0.59,0,175,175,51
69,r_44_42_83,r_124_138_188,seq127,r_44_42_83,1.0,0,83,83,51
91,seq80,seq102,r_123_90_34,r_123_90_34,1.0,1,35,34,51
52,r_37_55_56,r_34_50_67,r_101_88_178,r_37_55_56,1.0,1,57,56,51
64,r_106_141_17,r_29_132_66,r_79_83_118,r_106_141_17,1.0,0,17,17,51
32,r_91_77_60,r_12_139_27,r_0_28_70,r_0_28_70,0.51,23,93,70,51
31,r_22_9_153,seq119,seq159,r_22_9_153,0.98,0,153,153,51
57,r_74_126_40,seq18,r_2_125_121,r_74_126_40,0.95,0,40,40,51
3,r_152_23_130,r_14_47_177,r_29_132_66,r_14_47_177,0.67,-46,131,177,51
10,r_13_150_128,seq135,seq15,r_13_150_128,0.99,0,128,128,51
19,r_108_118_24,r_81_35_104,r_101_88_178,r_108_118_24,1.0,0,24,24,51
26,r_81_35_104,seq4,r_74_126_40,r_81_35_104,0.9,2,106,104,51
66,r_79_83_118,r_57_76_81,r_106_141_17,r_106_141_17,0.79,7,24,17,51
4,r_59_1_127,seq114,r_166_73_93,r_59_1_127,1.0,1,128,127,51
0,r_72_163_186,r_154_61_90,seq8,r_154_61_90,0.92,16,106,90,51
13,r_70_140_95,seq67,r_108_118_24,r_70_140_95,1.0,0,95,95,51
98,seq119,r_22_9_153,seq31,r_22_9_153,0.95,-1,152,153,51
56,r_12_139_27,r_3_153_100,r_26_65_102,r_26_65_102,1.0,17,119,102,51
15,r_113_122_117,r_3_153_100,seq8,r_113_122_117,0.91,1,118,117,51
48,r_104_156_183,seq38,r_81_35_104,r_104_156_183,0.51,0,183,183,51
6,r_130_46_170,seq33,r_145_6_142,r_130_46_170,0.77,0,170,170,51
62,r_105_151_137,seq36,r_95_100_114,r_105_151_137,0.93,0,137,137,51
99,seq127,r_84_103_106,r_5_43_82,r_84_103_106,0.86,-1,105,106,51
0,r_72_163_186,seq8,r_70_140_95,r_72_163_186,0.81,-2,184,186,51
16,r_32_49_168,r_13_150_128,r_29_132_66,r_13_150_128,0.9,41,169,128,51
27,r_7_17_187,seq36,r_130_46_170,r_7_17_187,0.53,0,187,187,51
76,seq149,r_12_139_27,r_64_85_143,r_12_139_27,0.99,0,27,27,51
68,r_131_75_39,r_95_100_114,seq38,r_131_75_39,1.0,2,41,39,51
2,r_68_144_165,seq107,seq40,r_68_144_165,0.73,0,165,165,51
47,r_145_6_142,r_14_47_177,seq149,r_145_6_142,0.96,0,142,142,51
40,r_57_76_81,r_79_83_118,seq33,r_57_76_81,1.0,0,81,81,51
39,r_142_62_116,r_96_129_192,r_95_100_114,r_96_129_192,0.83,-21,171,192,51
74,seq15,r_32_49_168,r_13_150_128,r_13_150_128,0.99,41,169,128,51
18,r_124_138_188,r_44_42_83,r_108_118_24,r_44_42_83,0.74,0,83,83,51
29,r_2_125_121,seq159,r_95_100_114,r_2_125_121,1.0,0,121,121,51
25,r_101_88_178,r_124_138_188,r_37_55_56,r_37_55_56,1.0,9,65,56,51
65,r_146_39_138,r_112_161_43,r_91_77_60,r_146_39_138,1.0,1,139,138,51
54,r_21_110_23,r_59_1_127,seq54,r_21_110_23,1.0,-1,22,23,51
58,r_94_19_173,r_34_50_67,seq97,r_94_19_173,0.57,-94,79,173,51
65,r_146_39_138,r_0_28_70,r_112_161_43,r_146_39_138,1.0,-68,70,138,51
61,r_116_82_152,r_96_129_192,r_112_161_43,r_112_161_43,1.0,117,160,43,51
32,r_91_77_60,seq114,r_12_139_27,r_91_77_60,1.0,0,60,60,51
38,r_3_153_100,r_113_122_117,r_0_28_70,r_3_153_100,0.82,18,118,100,51
76,seq149,r_64_85_143,r_145_6_142,r_145_6_142,0.95,8,150,142,51
21,r_34_50_67,r_37_55_56,r_112_161_43,r_34_50_67,1.0,-10,57,67,51
5,r_0_28_70,r_112_161_43,r_14_47_177,r_0_28_70,1.0,0,70,70,51
57,r_74_126_40,r_2_125_121,r_81_35_104,r_2_125_121,0.6,-5,116,121,51
34,r_86_109_125,seq51,r_71_165_9,r_86_109_125,0.99,1,126,125,51
7,r_112_161_43,r_113_122_117,r_34_50_67,r_112_161_43,1.0,0,43,43,51
64,r_106_141_17,r_79_83_118,r_95_100_114,r_106_141_17,0.6,101,118,17,51
24,r_123_90_34,r_44_42_83,seq80,r_123_90_34,1.0,0,34,34,51
60,r_154_61_90,r_72_163_186,seq117,r_154_61_90,1.0,2,92,90,51
17,r_25_92_103,r_86_109_125,r_84_103_106,r_25_92_103,1.0,4,107,103,51
94,seq107,r_68_144_165,seq114,r_68_144_165,1.0,-1,164,165,51
50,r_121_93_46,seq114,r_48_164_51,r_121_93_46,1.0,1,47,46,51
28,r_14_47_177,r_152_23_130,r_79_83_118,r_14_47_177,0.96,-46,131,177,51
49,r_96_129_192,r_116_82_152,r_142_62_116,r_142_62_116,1.0,44,160,116,51
18,r_124_138_188,r_108_118_24,seq137,r_108_118_24,0.37,164,188,24,51
20,r_48_164_51,r_29_132_66,r_121_93_46,r_48_164_51,1.0,0,51,51,51
23,r_41_16_141,r_32_49_168,r_121_93_46,r_32_49_168,0.89,-27,141,168,51
79,seq33,r_130_46_170,seq67,r_130_46_170,0.89,0,170,170,51
35,r_84_103_106,seq127,r_64_85_143,r_84_103_106,1.0,1,107,106,51
12,r_78_89_79,r_59_1_127,seq117,r_78_89_79,1.0,1,80,79,51
84,seq136,r_26_65_102,seq15,r_26_65_102,1.0,0,102,102,51
93,seq102,r_107_71_175,r_142_158_92,r_142_158_92,1.0,84,176,92,52
23,r_94_101_52,r_79_34_73,r_17_117_41,r_94_101_52,1.0,0,52,52,52
30,r_129_57_131,r_152_121_122,r_144_33_88,r_144_33_88,1.0,1,89,88,52
64,r_147_15_26,r_95_150_127,seq154,r_147_15_26,0.97,-1,25,26,52
51,r_133_12_159,r_43_130_120,r_0_19_99,r_43_130_120,0.84,39,159,120,52
36,r_116_31_10,r_152_121_122,r_14_148_59,r_14_148_59,0.77,3,62,59,52
32,r_113_68_58,r_95_150_127,r_17_117_41,r_113_68_58,1.0,-3,55,58,52
66,r_108_136_153,r_17_117_41,r_3_37_31,r_108_136_153,0.98,1,154,153,52
14,r_0_19_99,r_22_9_177,r_161_42_168,r_0_19_99,0.96,0,99,99,52
30,r_129_57_131,r_144_33_88,r_25_66_124,r_129_57_131,0.98,0,131,131,52
43,r_28_16_149,seq125,r_67_118_33,r_28_16_149,0.57,1,150,149,52
94,seq104,r_28_16_149,r_24_87_18,r_24_87_18,0.72,7,25,18,52
66,r_108_136_153,r_109_70_119,r_17_117_41,r_17_117_41,0.78,0,41,41,52
54,r_157_83_162,r_163_143_142,r_115_29_36,r_157_83_162,0.71,0,162,162,52
37,r_128_80_85,r_107_71_175,r_32_21_23,r_128_80_85,0.82,6,91,85,52
2,r_14_148_59,r_54_4_65,r_116_31_10,r_14_148_59,1.0,0,59,59,52
55,r_141_60_111,r_107_71_175,r_85_56_98,r_107_71_175,0.7,-64,111,175,52
21,r_134_53_77,r_109_70_119,r_14_148_59,r_134_53_77,0.82,0,77,77,52
1,r_20_110_176,seq160,r_113_68_58,r_20_110_176,0.8,0,176,176,52
5,r_139_64_141,seq112,r_14_148_59,r_14_148_59,1.0,116,175,59,52
46,r_114_103_109,r_159_169_194,seq2,r_114_103_109,0.77,6,115,109,52
42,r_142_158_92,seq47,seq75,r_142_158_92,0.99,0,92,92,52
69,r_123_11_81,r_39_44_78,r_13_86_199,r_123_11_81,0.94,0,81,81,52
45,r_39_44_78,r_123_11_81,r_115_29_36,r_39_44_78,0.98,1,79,78,52
75,seq153,r_115_29_36,r_32_21_23,r_32_21_23,0.89,-5,18,23,52
24,r_3_37_31,r_25_66_124,r_79_34_73,r_25_66_124,0.73,1,125,124,52
39,r_32_21_23,seq153,r_128_80_85,r_128_80_85,1.0,7,92,85,52
67,r_89_61_97,seq49,r_76_168_66,r_89_61_97,0.96,1,98,97,52
67,r_89_61_97,r_76_168_66,r_22_9_177,r_22_9_177,0.49,-7,170,177,52
89,seq75,r_107_71_175,r_142_158_92,r_142_158_92,1.0,11,103,92,52
6,r_131_98_39,r_156_151_37,r_50_59_4,r_131_98_39,0.84,-8,31,39,52
3,r_24_87_18,r_137_8_1,seq104,r_24_87_18,0.72,0,18,18,52
72,seq135,r_22_9_177,r_137_8_1,r_22_9_177,0.75,0,177,177,52
14,r_0_19_99,r_161_42_168,r_133_12_159,r_0_19_99,0.96,69,168,99,52
58,r_127_36_46,r_74_105_138,r_116_31_10,r_127_36_46,1.0,0,46,46,52
0,r_161_42_168,r_155_41_75,r_0_19_99,r_0_19_99,1.0,0,99,99,52
63,r_22_9_177,seq135,r_89_61_97,r_89_61_97,1.0,80,177,97,52
20,r_95_150_127,r_106_73_167,r_165_84_113,r_95_150_127,0.89,1,128,127,52
29,r_1_45_150,r_76_168_66,r_163_143_142,r_1_45_150,0.97,0,150,150,52
13,r_85_56_98,seq2,seq112,r_85_56_98,1.0,0,98,98,52
57,r_155_41_75,r_161_42_168,seq126,r_161_42_168,0.87,-107,61,168,52
28,r_156_151_37,r_131_98_39,r_38_149_7,r_156_151_37,0.95,0,37,37,52
10,r_67_118_33,r_17_117_41,seq2,r_67_118_33,0.69,0,33,33,52
24,r_3_37_31,r_79_34_73,r_108_136_153,r_108_136_153,0.61,3,156,153,52
0,r_161_42_168,r_0_19_99,seq51,r_161_42_168,1.0,0,168,168,52
8,r_17_117_41,r_142_158_92,r_109_70_119,r_17_117_41,0.97,0,41,41,52
27,r_76_168_66,r_54_4_65,seq65,r_76_168_66,0.98,1,67,66,52
39,r_32_21_23,r_81_78_84,seq153,r_32_21_23,1.0,0,23,23,52
40,r_106_73_167,r_95_150_127,r_107_71_175,r_95_150_127,1.0,1,128,127,52
18,r_165_84_113,r_26_63_11,r_32_21_23,r_165_84_113,0.67,1,114,113,52
29,r_1_45_150,r_30_48_114,r_76_168_66,r_30_48_114,0.46,0,114,114,52
33,r_30_48_114,r_1_45_150,r_163_143_142,r_163_143_142,0.81,-28,114,142,52
50,r_132_77_198,r_7_119_76,seq153,r_7_119_76,1.0,-12,64,76,52
44,r_115_29_36,seq153,r_38_149_7,r_115_29_36,0.83,0,36,36,52
68,r_162_124_148,r_159_169_194,r_55_35_71,r_162_124_148,0.91,0,148,148,52
8,r_17_117_41,r_109_70_119,r_94_101_52,r_17_117_41,0.6,36,77,41,52
34,r_26_63_11,r_165_84_113,r_10_111_96,r_10_111_96,0.98,18,114,96,52
48,r_99_138_49,r_141_60_111,r_116_31_10,r_99_138_49,0.72,0,49,49,52
59,r_146_166_25,r_28_16_149,r_90_100_44,r_146_166_25,0.94,0,25,25,52
81,seq49,r_89_61_97,r_55_35_71,r_89_61_97,1.0,2,99,97,52
9,r_109_70_119,r_108_136_153,r_155_41_75,r_109_70_119,0.98,0,119,119,52
96,seq120,seq62,r_152_121_122,r_152_121_122,1.0,1,123,122,52
49,r_145_5_140,seq112,r_38_149_7,r_145_5_140,0.99,0,140,140,52
56,r_97_40_151,r_90_100_44,seq91,r_97_40_151,0.92,0,151,151,52
7,r_25_66_124,r_3_37_31,r_81_78_84,r_25_66_124,0.96,0,124,124,52
82,seq51,r_81_78_84,seq88,r_81_78_84,1.0,-11,73,84,52
35,r_167_82_90,r_163_143_142,seq135,r_167_82_90,1.0,0,90,90,52
16,r_79_34_73,r_94_101_52,r_163_143_142,r_94_101_52,0.74,-3,49,52,52
24,r_3_37_31,r_128_80_85,r_25_66_124,r_3_37_31,0.98,0,31,31,52
12,r_81_78_84,seq51,seq154,r_81_78_84,1.0,0,84,84,52
30,r_42_4_86,r_160_23_139,r_66_107_138,r_42_4_86,1.0,0,86,86,53
44,r_58_31_127,r_89_48_48,r_42_4_86,r_58_31_127,1.0,0,127,127,53
36,r_56_169_64,r_58_31_127,r_94_63_49,r_56_169_64,1.0,0,64,64,53
92,seq93,r_143_138_163,r_53_30_107,r_53_30_107,0.64,57,164,107,53
20,r_164_136_41,seq11,seq167,r_164_136_41,1.0,0,41,41,53
30,r_42_4_86,r_66_107_138,r_58_31_127,r_42_4_86,0.98,53,139,86,53
14,r_130_15_30,r_45_74_88,r_160_23_139,r_160_23_139,1.0,20,159,139,53
53,r_147_142_147,r_45_74_88,r_70_69_67,r_70_69_67,1.0,1,68,67,53
43,r_86_126_83,r_43_105_3,seq106,r_86_126_83,1.0,0,83,83,53
37,r_44_128_124,r_150_35_136,r_57_111_104,r_44_128_124,1.0,12,136,124,53
16,r_151_10_111,r_98_109_144,seq16,r_151_10_111,0.91,-2,109,111,53
1,r_80_124_159,r_64_32_132,r_116_140_50,r_80_124_159,0.73,-27,132,159,53
97,seq110,r_82_123_155,r_153_90_57,r_153_90_57,1.0,98,155,57,53
46,r_98_109_144,r_151_10_111,r_57_111_104,r_98_109_144,0.85,-23,121,144,53
42,r_6_95_100,r_134_113_165,r_65_49_69,r_6_95_100,0.5,0,100,100,53
24,r_66_107_138,r_42_4_86,r_51_54_131,r_66_107_138,1.0,1,139,138,53
42,r_6_95_100,r_65_49_69,r_102_85_130,r_6_95_100,0.82,57,157,100,53
69,r_131_60_92,r_71_119_126,r_166_3_31,r_131_60_92,1.0,0,92,92,53
45,r_71_119_126,seq132,r_125_0_28,r_71_119_126,0.54,0,126,126,53
19,r_34_39_108,r_102_85_130,seq11,r_34_39_108,0.99,0,108,108,53
44,r_58_31_127,r_56_169_64,r_89_48_48,r_58_31_127,0.98,-79,48,127,53
95,seq106,r_87_2_121,r_86_126_83,r_86_126_83,0.57,-1,82,83,53
66,r_70_69_67,r_127_73_178,r_147_142_147,r_70_69_67,1.0,0,67,67,53
15,r_102_85_130,r_168_12_187,r_6_95_100,r_102_85_130,1.0,1,131,130,53
33,r_36_20_36,r_57_111_104,r_100_68_7,r_36_20_36,1.0,0,36,36,53
31,r_17_1_77,seq117,seq40,r_17_1_77,1.0,2,79,77,53
56,r_125_0_28,seq146,r_134_113_165,r_125_0_28,0.98,0,28,28,53
41,r_101_133_128,r_160_23_139,seq72,r_160_23_139,0.94,-10,129,139,53
0,r_57_111_104,r_97_33_166,r_98_109_144,r_57_111_104,1.0,45,149,104,53
29,r_78_154_21,r_38_55_62,seq108,r_78_154_21,0.99,0,21,21,53
10,r_160_23_139,r_101_133_128,r_130_15_30,r_160_23_139,1.0,-1,138,139,53
67,r_166_3_31,r_80_124_159,r_161_14_20,r_161_14_20,0.87,8,28,20,53
59,r_89_48_48,r_57_111_104,r_58_31_127,r_89_48_48,1.0,0,48,48,53
72,seq137,r_168_12_187,r_38_55_62,r_168_12_187,0.5,1,188,187,53
51,r_94_63_49,r_25_81_114,r_160_23_139,r_94_63_49,1.0,0,49,49,53
4,r_7_148_161,r_51_54_131,r_71_119_126,r_7_148_161,0.55,-27,134,161,53
0,r_57_111_104,r_152_28_2,r_97_33_166,r_57_111_104,0.95,0,104,104,53
63,r_145_46_72,r_82_123_155,seq162,r_145_46_72,1.0,0,72,72,53
11,r_65_49_69,r_71_119_126,seq167,r_65_49_69,1.0,0,69,69,53
66,r_70_69_67,r_147_142_147,r_100_68_7,r_147_142_147,0.97,-27,120,147,53
13,r_82_123_155,seq110,r_26_141_15,r_82_123_155,0.66,0,155,155,53
56,r_125_0_28,r_134_113_165,r_71_119_126,r_125_0_28,0.84,139,167,28,53
7,r_155_91_26,r_17_1_77,r_26_141_15,r_155_91_26,0.97,0,26,26,53
15,r_102_85_130,r_34_39_108,r_168_12_187,r_34_39_108,0.98,-36,72,108,53
48,r_13_62_94,seq158,seq132,r_13_62_94,1.0,0,94,94,53
6,r_19_159_141,r_97_33_166,r_71_119_126,r_19_159_141,0.95,1,142,141,53
55,r_24_52_51,r_86_126_83,r_156_139_181,r_24_52_51,1.0,-1,50,51,53
3,r_118_149_9,r_57_111_104,r_100_68_7,r_118_149_9,0.77,1,10,9,53
35,r_18_5_55,r_66_107_138,seq27,r_18_5_55,1.0,-1,54,55,53
52,r_134_113_165,r_125_0_28,r_143_138_163,r_134_113_165,0.63,2,167,165,53
52,r_134_113_165,r_6_95_100,r_125_0_28,r_134_113_165,0.91,-137,28,165,53
27,r_61_112_151,r_7_148_161,r_17_1_77,r_7_148_161,0.93,-10,151,161,53
53,r_147_142_147,r_70_69_67,seq83,r_147_142_147,1.0,0,147,147,53
2,r_152_28_2,r_57_111_104,seq137,r_57_111_104,1.0,-16,88,104,53
59,r_89_48_48,r_58_31_127,r_96_47_106,r_89_48_48,1.0,79,127,48,53
47,r_116_140_50,seq144,r_80_124_159,r_116_140_50,0.98,3,53,50,53
40,r_75_8_97,seq93,seq72,r_75_8_97,1.0,0,97,97,53
74,seq16,r_147_142_147,r_151_10_111,r_151_10_111,0.51,-4,107,111,53
18,r_45_74_88,r_147_142_147,r_100_68_7,r_147_142_147,1.0,-71,76,147,53
24,r_66_107_138,seq50,r_42_4_86,r_42_4_86,1.0,23,109,86,53
64,r_156_139_181,seq144,r_24_52_51,r_24_52_51,1.0,13,64,51,53
47,r_116_140_50,r_80_124_159,r_97_33_166,r_116_140_50,0.76,116,166,50,53
58,r_129_115_105,r_160_23_139,seq110,r_129_115_105,1.0,0,105,105,53
51,r_94_63_49,r_160_23_139,r_56_169_64,r_94_63_49,0.57,59,108,49,53
65,r_165_77_160,r_97_33_166,r_65_49_69,r_165_77_160,0.93,1,161,160,53
21,r_26_141_15,r_116_140_50,r_43_105_3,r_26_141_15,0.99,1,16,15,53
68,r_64_32_132,r_80_124_159,r_118_149_9,r_64_32_132,0.76,0,132,132,53
17,r_122_76_183,r_153_90_57,r_161_14_20,r_122_76_183,1.0,-153,30,183,53
61,r_96_47_106,seq132,r_89_48_48,r_96_47_106,1.0,1,107,106,53
32,r_51_54_131,r_7_148_161,r_24_52_51,r_51_54_131,0.93,3,134,131,53
64,r_156_139_181,r_24_52_51,seq67,r_156_139_181,0.82,0,181,181,53
60,r_87_2_121,seq106,r_118_149_9,r_87_2_121,0.98,1,122,121,53
1,r_80_124_159,r_116_140_50,seq163,r_80_124_159,0.97,0,159,159,53
22,r_143_138_163,seq93,r_134_113_165,r_143_138_163,0.57,4,167,163,53
28,r_150_35_136,r_97_33_166,r_56_169_64,r_150_35_136,1.0,0,136,136,53
8,r_161_14_20,r_38_55_62,seq27,r_161_14_20,1.0,0,20,20,53
17,r_122_76_183,r_161_14_20,r_150_35_136,r_122_76_183,0.57,0,183,183,53
4,r_7_148_161,r_71_119_126,r_118_149_9,r_7_148_161,0.97,1,162,161,53
82,seq40,r_121_29_168,r_17_1_77,r_17_1_77,1.0,7,84,77,53
79,seq162,seq144,r_145_46_72,r_145_46_72,1.0,29,101,72,53
38,r_153_90_57,r_122_76_183,seq110,r_153_90_57,1.0,1,58,57,53
12,r_43_105_3,r_86_126_83,r_26_141_15,r_86_126_83,0.94,0,83,83,53
55,r_24_52_51,r_156_139_181,r_51_54_131,r_24_52_51,0.66,86,137,51,53
30,r_81_95_175,seq2,r_103_30_169,r_103_30_169,0.59,7,176,169,54
51,r_60_9_68,seq34,r_42_162_29,r_60_9_68,0.98,2,70,68,54
36,r_148_29_72,seq166,r_153_12_24,r_148_29_72,1.0,0,72,72,54
55,r_154_91_47,r_86_145_124,r_49_67_176,r_154_91_47,1.0,0,47,47,54
53,r_97_163_7,r_164_93_57,r_94_7_19,r_97_163_7,0.81,54,61,7,54
54,r_11_24_112,r_117_142_197,r_94_7_19,r_11_24_112,0.74,1,113,112,54
36,r_148_29_72,r_153_12_24,r_80_116_126,r_80_116_126,0.66,5,131,126,54
37,r_108_46_138,seq2,seq63,r_108_46_138,0.59,5,143,138,54
59,r_0_98_97,seq2,seq144,r_0_98_97,1.0,0,97,97,54
86,seq61,r_49_67_176,r_37_119_92,r_37_119_92,0.99,12,104,92,54
21,r_80_116_126,r_92_4_161,r_148_29_72,r_148_29_72,0.94,59,131,72,54
97,seq110,r_80_116_126,r_15_28_96,r_15_28_96,1.0,2,98,96,54
5,r_103_30_169,r_117_142_197,r_153_12_24,r_103_30_169,0.5,0,169,169,54
46,r_64_70_142,seq6,seq14,r_64_70_142,0.84,1,143,142,54
42,r_141_105_129,seq126,r_32_85_6,r_141_105_129,0.97,0,129,129,54
22,r_122_115_105,seq144,r_148_29_72,r_122_115_105,0.97,1,106,105,54
27,r_22_114_168,r_27_53_77,r_94_7_19,r_22_114_168,0.99,-145,23,168,54
69,r_39_137_157,r_27_53_77,seq88,r_27_53_77,1.0,0,77,77,54
65,r_101_78_44,r_72_133_173,r_157_31_1,r_101_78_44,1.0,3,47,44,54
24,r_58_120_184,r_112_150_10,r_26_1_37,r_112_150_10,0.38,173,183,10,54
41,r_26_1_37,seq121,seq168,r_26_1_37,1.0,0,37,37,54
2,r_72_133_173,r_152_73_79,seq10,r_72_133_173,0.94,2,175,173,54
27,r_22_114_168,r_94_7_19,seq166,r_22_114_168,0.69,0,168,168,54
66,r_71_100_178,seq110,r_92_4_161,r_92_4_161,0.71,18,179,161,54
39,r_112_150_10,r_58_120_184,r_106_156_113,r_58_120_184,0.68,-1,183,184,54
67,r_92_4_161,seq63,r_127_136_152,r_92_4_161,0.68,0,161,161,54
10,r_48_130_151,r_161_165_165,r_65_45_163,r_48_130_151,0.74,3,154,151,54
39,r_112_150_10,seq62,r_58_120_184,r_112_150_10,0.92,0,10,10,54
57,r_164_93_57,r_97_163_7,r_159_47_199,r_164_93_57,0.98,1,58,57,54
26,r_117_142_197,r_11_24_112,r_132_25_36,r_117_142_197,0.91,-84,113,197,54
8,r_42_162_29,r_72_133_173,r_27_53_77,r_27_53_77,1.0,20,97,77,54
4,r_77_111_62,r_11_24_112,r_83_118_50,r_77_111_62,0.62,0,62,62,54
78,seq18,r_72_133_173,r_42_162_29,r_42_162_29,0.99,148,177,29,54
0,r_15_28_96,seq107,seq110,r_15_28_96,1.0,1,97,96,54
11,r_125_89_137,r_58_120_184,r_129_104_101,r_125_89_137,0.97,0,137,137,54
2,r_72_133_173,r_42_162_29,r_152_73_79,r_152_73_79,1.0,18,97,79,54
13,r_86_145_124,seq168,r_77_111_62,r_86_145_124,0.91,0,124,124,54
53,r_97_163_7,r_94_7_19,r_76_17_91,r_76_17_91,1.0,7,98,91,54
15,r_153_12_24,r_36_20_118,r_66_51_93,r_66_51_93,0.69,30,123,93,54
48,r_128_75_167,r_84_44_102,seq147,r_84_44_102,0.92,-4,98,102,54
1,r_50_40_189,r_84_44_102,r_71_100_178,r_84_44_102,0.6,87,189,102,54
1,r_50_40_189,r_103_30_169,r_84_44_102,r_84_44_102,0.84,0,102,102,54
6,r_129_104_101,seq5,r_16_160_8,r_129_104_101,0.72,-14,87,101,54
62,r_161_165_165,r_48_130_151,r_123_41_27,r_123_41_27,1.0,71,98,27,54
1,r_50_40_189,seq43,r_103_30_169,r_50_40_189,0.42,-144,45,189,54
99,seq126,r_141_105_129,r_66_51_93,r_66_51_93,0.63,36,129,93,54
12,r_13_138_193,r_153_12_24,r_97_163_7,r_13_138_193,0.44,-175,18,193,54
31,r_152_73_79,r_65_45_163,r_32_85_6,r_32_85_6,0.98,4,10,6,54
69,r_39_137_157,seq88,r_80_116_126,r_80_116_126,0.56,40,166,126,54
47,r_66_51_93,r_108_46_138,seq126,r_66_51_93,1.0,0,93,93,54
40,r_79_109_114,r_59_21_185,seq99,r_79_109_114,0.79,1,115,114,54
18,r_69_38_170,r_58_120_184,seq14,r_69_38_170,0.6,-1,169,170,54
8,r_42_162_29,r_36_20_118,r_72_133_173,r_42_162_29,0.96,0,29,29,54
34,r_84_44_102,r_50_40_189,r_129_104_101,r_50_40_189,0.81,0,189,189,54
43,r_32_85_6,r_152_73_79,r_127_136_152,r_152_73_79,1.0,1,80,79,54
33,r_158_151_80,r_157_31_1,seq63,r_158_151_80,0.79,0,80,80,54
48,r_128_75_167,seq147,r_135_19_5,r_128_75_167,0.84,0,167,167,54
64,r_59_21_185,seq126,r_86_145_124,r_59_21_185,0.26,2,187,185,54
88,seq63,r_92_4_161,r_3_146_21,r_92_4_161,0.67,0,161,161,54
44,r_140_23_25,r_56_55_78,seq62,r_140_23_25,0.99,0,25,25,54
50,r_27_53_77,r_39_137_157,r_42_162_29,r_27_53_77,0.87,0,77,77,54
58,r_37_119_92,r_11_24_112,seq61,r_37_119_92,0.94,0,92,92,54
70,seq2,r_108_46_138,r_81_95_175,r_108_46_138,0.74,5,143,138,54
68,r_127_136_152,r_65_45_163,seq2,r_127_136_152,0.95,0,152,152,54
61,r_56_55_78,seq2,r_154_91_47,r_56_55_78,0.93,1,79,78,54
32,r_65_45_163,r_127_136_152,r_32_85_6,r_65_45_163,0.76,-20,143,163,54
38,r_49_67_176,seq61,seq2,r_49_67_176,0.56,1,177,176,54
43,r_32_85_6,r_127_136_152,r_141_105_129,r_32_85_6,0.98,125,131,6,54
52,r_36_20_118,r_153_12_24,seq99,r_36_20_118,0.58,3,121,118,54
77,seq144,r_125_89_137,r_106_156_113,r_125_89_137,0.99,-19,118,137,54
60,r_134_169_48,seq68,seq143,r_134_169_48,1.0,3,51,48,54
45,r_123_41_27,r_86_145_124,r_161_165_165,r_123_41_27,1.0,4,31,27,54
34,r_84_44_102,r_128_75_167,r_50_40_189,r_84_44_102,0.98,1,103,102,54
25,r_94_7_19,r_125_89_137,r_22_114_168,r_94_7_19,0.99,2,21,19,54
2,r_72_133_173,r_101_78_44,r_42_162_29,r_72_133_173,0.98,-126,47,173,54
55,r_154_91_47,r_49_67_176,r_56_55_78,r_154_91_47,0.51,57,104,47,54
29,r_157_31_1,r_158_151_80,r_101_78_44,r_101_78_44,1.0,4,48,44,54
45,r_123_41_27,r_161_165_165,seq166,r_161_165_165,0.96,0,165,165,54
81,seq34,r_60_9_68,r_39_137_157,r_60_9_68,1.0,2,70,68,54
17,r_76_17_91,seq131,r_97_163_7,r_76_17_91,1.0,1,92,91,54
25,r_94_7_19,r_22_114_168,r_11_24_112,r_11_24_112,0.68,56,168,112,54
24,r_58_120_184,r_125_89_137,r_112_150_10,r_112_150_10,0.99,0,10,10,54
31,r_152_73_79,r_32_85_6,r_60_9_68,r_32_85_6,0.72,74,80,6,54
22,r_122_115_105,r_152_73_79,seq144,r_122_115_105,0.55,-40,65,105,54
62,r_161_165_165,r_123_41_27,r_106_156_113,r_161_165_165,1.0,1,166,165,54
7,r_132_25_36,seq5,r_117_142_197,r_132_25_36,0.98,0,36,36,54
49,r_149_57_63,r_106_156_113,seq74,r_149_57_63,1.0,8,71,63,54
56,r_35_124_99,r_84_44_102,r_159_47_199,r_159_47_199,0.63,-99,100,199,54
63,r_83_118_50,r_80_116_126,seq107,r_83_118_50,1.0,1,51,50,54
35,r_33_87_123,r_64_70_142,r_84_44_102,r_64_70_142,0.97,-20,122,142,54
51,r_59_48_141,seq50,seq56,r_59_48_141,0.99,0,141,141,55
12,r_13_168_172,r_45_148_110,r_134_137_34,r_13_168_172,0.85,-139,33,172,55
61,r_62_43_25,r_76_126_50,seq47,r_62_43_25,0.95,0,25,25,55
14,r_104_7_79,seq66,seq24,r_104_7_79,0.99,1,80,79,55
8,r_61_74_185,seq119,r_53_0_45,r_53_0_45,0.86,140,185,45,55
43,r_49_4_103,r_163_133_146,r_58_31_75,r_49_4_103,0.91,0,103,103,55
50,r_16_118_61,r_104_7_79,r_1_52_24,r_104_7_79,0.91,2,81,79,55
53,r_28_46_112,r_134_137_34,r_92_100_16,r_28_46_112,0.73,-79,33,112,55
83,seq56,r_108_165_174,r_59_48_141,r_59_48_141,0.96,10,151,141,55
37,r_41_83_122,r_45_148_110,r_142_42_97,r_41_83_122,0.93,-12,110,122,55
3,r_54_22_9,r_76_126_50,r_97_89_151,r_97_89_151,0.72,4,155,151,55
2,r_58_31_75,r_37_151_44,r_92_100_16,r_58_31_75,0.72,-42,33,75,55
26,r_111_166_52,r_61_74_185,seq156,r_111_166_52,1.0,0,52,52,55
1,r_113_132_139,seq15,r_37_151_44,r_113_132_139,0.72,0,139,139,55
46,r_145_11_157,seq72,r_85_34_124,r_85_34_124,0.99,34,158,124,55
42,r_142_42_97,seq107,seq72,r_142_42_97,0.99,0,97,97,55
3,r_54_22_9,r_162_158_118,r_76_126_50,r_54_22_9,0.88,40,49,9,55
69,r_128_130_153,r_140_150_163,r_113_132_139,r_128_130_153,0.68,0,153,153,55
13,r_152_55_51,r_75_64_173,r_17_5_56,r_75_64_173,0.96,-122,51,173,55
24,r_1_52_24,r_85_34_124,r_16_118_61,r_1_52_24,0.99,100,124,24,55
19,r_68_143_144,r_94_12_165,r_29_120_149,r_68_143_144,0.71,1,145,144,55
33,r_97_89_151,r_152_55_51,r_54_22_9,r_97_89_151,0.99,1,152,151,55
27,r_153_114_152,r_136_60_35,seq159,r_153_114_152,0.95,0,152,152,55
66,r_169_10_194,r_108_165_174,r_124_35_140,r_169_10_194,0.51,-21,173,194,55
76,seq24,seq90,r_104_7_79,r_104_7_79,1.0,2,81,79,55
18,r_112_19_43,r_16_118_61,seq21,r_112_19_43,1.0,0,43,43,55
31,r_167_93_60,seq50,seq21,r_167_93_60,1.0,0,60,60,55
41,r_103_117_76,r_75_64_173,seq40,r_103_117_76,1.0,1,77,76,55
27,r_153_114_152,r_75_64_173,r_136_60_35,r_153_114_152,0.69,-117,35,152,55
28,r_26_57_175,r_75_64_173,r_69_102_21,r_69_102_21,0.76,8,29,21,55
62,r_76_126_50,seq84,r_6_44_42,r_76_126_50,1.0,0,50,50,55
25,r_53_0_45,seq156,r_69_102_21,r_53_0_45,1.0,0,45,45,55
17,r_106_91_12,r_58_31_75,seq70,r_106_91_12,0.98,0,12,12,55
4,r_139_138_72,seq21,seq56,r_139_138_72,1.0,0,72,72,55
86,seq70,seq14,r_106_91_12,r_106_91_12,0.78,31,43,12,55
0,r_75_64_173,r_26_57_175,r_113_132_139,r_75_64_173,0.56,0,173,173,55
63,r_29_120_149,r_61_74_185,r_68_143_144,r_68_143_144,0.68,24,168,144,55
11,r_162_158_118,seq87,seq65,r_162_158_118,0.74,0,118,118,55
54,r_69_102_21,r_61_74_185,r_26_57_175,r_69_102_21,0.93,0,21,21,55
15,r_163_133_146,r_49_4_103,seq87,r_163_133_146,0.53,2,148,146,55
48,r_71_123_158,seq56,r_113_132_139,r_71_123_158,0.63,0,158,158,55
49,r_36_86_89,r_49_4_103,r_26_57_175,r_26_57_175,0.35,5,180,175,55
12,r_13_168_172,r_134_137_34,r_92_100_16,r_13_168_172,0.5,2,174,172,55
6,r_94_12_165,r_160_78_193,r_85_34_124,r_94_12_165,0.51,0,165,165,55
21,r_136_60_35,r_153_114_152,r_58_31_75,r_136_60_35,0.92,78,113,35,55
85,seq66,r_104_7_79,r_85_34_124,r_104_7_79,0.96,1,80,79,55
53,r_28_46_112,r_92_100_16,r_134_137_34,r_28_46_112,0.8,16,128,112,55
24,r_1_52_24,seq87,r_85_34_124,r_1_52_24,1.0,0,24,24,55
10,r_164_98_28,r_75_64_173,seq47,r_164_98_28,0.72,1,29,28,55
67,r_18_38_33,r_139_138_72,r_80_109_188,r_139_138_72,0.99,-43,29,72,55
40,r_32_20_113,r_108_165_174,r_149_63_14,r_32_20_113,0.96,0,113,113,55
9,r_73_105_41,r_111_166_52,r_164_98_28,r_73_105_41,0.94,0,41,41,55
33,r_97_89_151,r_67_3_95,r_152_55_51,r_97_89_151,0.99,-62,89,151,55
64,r_101_121_120,r_85_34_124,r_33_161_36,r_101_121_120,0.99,-1,119,120,55
47,r_134_137_34,r_13_168_172,r_112_19_43,r_134_137_34,0.59,140,174,34,55
50,r_16_118_61,seq47,r_104_7_79,r_104_7_79,0.54,-18,61,79,55
57,r_82_154_18,r_58_31_75,r_9_147_81,r_58_31_75,0.99,0,75,75,55
65,r_140_150_163,seq131,r_152_55_51,r_152_55_51,0.79,113,164,51,55
68,r_125_8_87,r_61_74_185,r_58_31_75,r_61_74_185,0.99,-98,87,185,55
29,r_17_5_56,r_163_133_146,r_152_55_51,r_163_133_146,0.98,-90,56,146,55
32,r_124_35_140,r_30_129_178,r_169_10_194,r_124_35_140,0.84,0,140,140,55
38,r_108_165_174,r_169_10_194,r_26_57_175,r_26_57_175,0.78,1,176,175,55
52,r_9_147_81,r_36_86_89,r_155_146_78,r_9_147_81,0.98,0,81,81,55
47,r_134_137_34,r_28_46_112,r_13_168_172,r_13_168_172,0.62,-139,33,172,55
34,r_79_51_136,r_26_57_175,r_37_151_44,r_79_51_136,0.85,0,136,136,55
45,r_39_116_40,r_163_133_146,seq84,r_39_116_40,1.0,1,41,40,55
60,r_155_146_78,r_33_161_36,r_9_147_81,r_155_146_78,0.99,0,78,78,55
21,r_136_60_35,r_16_118_61,r_153_114_152,r_16_118_61,0.56,-26,35,61,55
58,r_37_151_44,r_58_31_75,r_96_135_2,r_58_31_75,0.94,-34,41,75,55
92,seq88,seq87,r_6_44_42,r_6_44_42,0.85,10,52,42,55
22,r_85_34_124,r_101_121_120,r_18_38_33,r_85_34_124,0.96,-5,119,124,55
91,seq87,r_162_158_118,r_106_91_12,r_162_158_118,0.96,0,118,118,55
32,r_124_35_140,r_169_10_194,r_59_48_141,r_124_35_140,0.4,43,183,140,55
49,r_36_86_89,r_113_132_139,r_49_4_103,r_36_86_89,0.6,0,89,89,55
55,r_6_44_42,r_75_64_173,seq88,r_6_44_42,1.0,0,42,42,55
44,r_67_3_95,r_97_89_151,seq66,r_67_3_95,0.92,1,96,95,55
91,seq87,r_106_91_12,r_163_133_146,r_163_133_146,1.0,1,147,146,55
2,r_58_31_75,r_92_100_16,r_136_60_35,r_58_31_75,1.0,0,75,75,55
36,r_33_161_36,r_155_146_78,r_160_78_193,r_155_146_78,1.0,-43,35,78,55
16,r_110_95_31,r_61_74_185,seq15,r_110_95_31,0.88,0,31,31,55
57,r_82_154_18,r_30_129_178,r_58_31_75,r_30_129_178,0.56,-149,29,178,55
79,seq159,r_30_129_178,r_153_114_152,r_153_114_152,0.76,25,177,152,55
35,r_30_129_178,seq159,r_28_46_112,r_30_129_178,0.49,-1,177,178,55
56,r_2_157_17,r_163_133_146,seq127,r_2_157_17,0.83,0,17,17,55
84,seq65,seq90,r_162_158_118,r_162_158_118,0.95,7,125,118,55
30,r_16_93_65,seq120,r_128_54_101,r_16_93_65,0.95,1,66,65,56
55,r_63_86_29,r_79_25_104,r_12_140_153,r_63_86_29,1.0,4,33,29,56
57,r_15_101_87,seq107,r_127_145_51,r_15_101_87,0.61,1,88,87,56
8,r_100_148_105,r_96_61_12,r_16_93_65,r_96_61_12,0.95,93,105,12,56
43,r_71_141_157,seq0,r_128_54_101,r_71_141_157,0.96,0,157,157,56
19,r_35_149_79,r_100_148_105,seq119,r_35_149_79,1.0,2,81,79,56
9,r_164_69_34,r_163_116_77,r_137_59_68,r_164_69_34,0.97,0,34,34,56
59,r_97_94_123,seq147,seq95,r_97_94_123,0.39,3,126,123,56
69,r_143_168_32,r_108_47_192,seq146,r_143_168_32,1.0,1,33,32,56
16,r_36_87_121,r_83_58_148,r_127_145_51,r_83_58_148,1.0,-25,123,148,56
39,r_83_58_148,seq5,r_164_69_34,r_83_58_148,0.99,0,148,148,56
14,r_27_105_114,r_16_93_65,r_96_61_12,r_16_93_65,0.92,-21,44,65,56
5,r_96_61_12,r_100_148_105,r_27_105_114,r_100_148_105,0.94,0,105,105,56
42,r_128_54_101,r_109_14_125,seq67,r_128_54_101,0.92,0,101,101,56
11,r_30_60_43,r_35_149_79,r_80_89_42,r_30_60_43,1.0,7,50,43,56
45,r_28_3_111,r_48_50_26,r_75_7_73,r_48_50_26,0.43,85,111,26,56
11,r_30_60_43,r_80_89_42,r_162_41_166,r_162_41_166,1.0,4,170,166,56
51,r_144_113_169,r_75_7_73,r_84_74_13,r_144_113_169,0.92,0,169,169,56
66,r_163_116_77,r_135_126_179,r_80_89_42,r_135_126_179,0.99,-100,79,179,56
31,r_156_9_158,r_39_49_185,r_27_105_114,r_156_9_158,0.71,0,158,158,56
67,r_39_49_185,seq134,r_132_46_118,r_132_46_118,0.87,69,187,118,56
89,seq85,seq107,r_122_34_132,r_122_34_132,0.96,1,133,132,56
55,r_63_86_29,r_12_140_153,r_118_57_70,r_63_86_29,0.98,59,88,29,56
26,r_18_70_100,r_13_102_59,seq85,r_18_70_100,0.94,0,100,100,56
52,r_29_159_20,r_118_57_70,r_80_89_42,r_118_57_70,0.51,0,70,70,56
27,r_82_31_15,r_11_114_39,r_108_47_192,r_82_31_15,1.0,0,15,15,56
1,r_169_155_195,r_129_77_199,r_84_74_13,r_84_74_13,0.7,0,13,13,56
0,r_72_125_98,r_128_54_101,r_76_88_55,r_76_88_55,0.93,41,96,55,56
13,r_51_167_116,r_136_165_127,seq0,r_51_167_116,1.0,0,116,116,56
98,seq120,r_16_93_65,r_96_61_12,r_16_93_65,0.97,4,69,65,56
48,r_132_46_118,seq65,seq56,r_132_46_118,0.91,0,118,118,56
57,r_15_101_87,r_75_7_73,seq107,r_75_7_73,0.93,1,74,73,56
29,r_133_166_141,seq19,seq33,r_133_166_141,0.96,-1,140,141,56
23,r_84_74_13,r_139_92_112,r_169_155_195,r_84_74_13,0.88,0,13,13,56
6,r_103_52_84,r_108_47_192,seq37,r_103_52_84,1.0,0,84,84,56
53,r_151_45_113,r_42_90_49,r_127_145_51,r_151_45_113,0.76,-62,51,113,56
63,r_4_53_182,r_128_54_101,r_76_88_55,r_76_88_55,0.98,-1,54,55,56
10,r_142_44_9,r_104_17_171,r_48_50_26,r_104_17_171,1.0,-24,147,171,56
53,r_151_45_113,r_127_145_51,seq19,r_151_45_113,1.0,2,115,113,56
51,r_144_113_169,r_18_70_100,r_75_7_73,r_144_113_169,0.98,-77,92,169,56
87,seq67,r_136_165_127,r_127_145_51,r_127_145_51,0.98,71,122,51,56
41,r_127_145_51,r_151_45_113,r_15_101_87,r_127_145_51,0.46,64,115,51,56
47,r_68_6_196,r_73_154_164,r_11_114_39,r_68_6_196,0.83,-129,67,196,56
40,r_73_154_164,r_104_17_171,r_164_69_34,r_164_69_34,0.7,130,164,34,56
18,r_130_110_88,r_133_166_141,r_164_69_34,r_130_110_88,0.98,1,89,88,56
29,r_133_166_141,r_130_110_88,seq19,r_130_110_88,1.0,1,89,88,56
24,r_43_26_53,r_169_155_195,r_62_66_67,r_62_66_67,0.74,2,69,67,56
20,r_76_88_55,r_83_58_148,r_4_53_182,r_76_88_55,1.0,0,55,55,56
35,r_79_25_104,r_96_61_12,r_164_69_34,r_79_25_104,1.0,0,104,104,56
25,r_109_14_125,seq65,r_100_148_105,r_100_148_105,1.0,23,128,105,56
33,r_136_165_127,seq134,seq119,r_136_165_127,0.94,2,129,127,56
64,r_13_102_59,r_18_70_100,r_75_7_73,r_13_102_59,0.84,39,98,59,56
50,r_118_57_70,seq19,r_63_86_29,r_118_57_70,0.81,0,70,70,56
58,r_162_41_166,r_32_106_156,r_30_60_43,r_162_41_166,0.71,-5,161,166,56
70,seq0,r_71_141_157,r_51_167_116,r_51_167_116,0.63,41,157,116,56
65,r_1_152_62,r_10_112_163,r_96_61_12,r_1_152_62,0.99,0,62,62,56
20,r_76_88_55,r_4_53_182,r_72_125_98,r_76_88_55,0.68,127,182,55,56
68,r_24_115_181,seq5,r_133_166_141,r_24_115_181,0.52,0,181,181,56
32,r_150_21_146,seq99,r_78_20_61,r_78_20_61,1.0,89,150,61,56
9,r_164_69_34,seq81,r_79_25_104,r_79_25_104,0.98,12,116,104,56
38,r_62_66_67,seq99,r_43_26_53,r_62_66_67,1.0,0,67,67,56
77,seq153,r_28_3_111,r_48_50_26,r_28_3_111,1.0,0,111,111,56
36,r_80_89_42,r_151_45_113,r_118_57_70,r_80_89_42,0.87,0,42,42,56
19,r_35_149_79,r_30_60_43,r_100_148_105,r_30_60_43,0.68,7,50,43,56
60,r_42_90_49,r_151_45_113,seq99,r_42_90_49,0.94,2,51,49,56
92,seq98,r_11_114_39,r_122_34_132,r_11_114_39,1.0,-1,38,39,56
52,r_29_159_20,r_63_86_29,r_118_57_70,r_29_159_20,0.64,-1,19,20,56
34,r_161_160_119,seq147,r_96_61_12,r_161_160_119,0.87,0,119,119,56
35,r_79_25_104,r_16_93_65,r_96_61_12,r_16_93_65,0.7,-21,44,65,56
30,r_16_93_65,r_128_54_101,r_100_148_105,r_16_93_65,0.95,41,106,65,56
51,r_144_113_169,r_124_117_30,r_18_70_100,r_124_117_30,0.95,1,31,30,56
17,r_122_34_132,r_83_58_148,seq85,r_122_34_132,0.98,1,133,132,56
63,r_4_53_182,r_76_88_55,r_122_34_132,r_122_34_132,0.8,50,182,132,56
9,r_164_69_34,r_137_59_68,seq81,r_137_59_68,1.0,0,68,68,56
41,r_127_145_51,r_71_141_157,r_151_45_113,r_127_145_51,1.0,0,51,51,56
37,r_124_117_30,r_151_45_113,r_23_121_94,r_124_117_30,0.66,64,94,30,56
36,r_80_89_42,r_118_57_70,r_137_59_68,r_80_89_42,0.99,28,70,42,56
22,r_48_50_26,r_28_3_111,seq153,r_28_3_111,1.0,0,111,111,56
28,r_32_106_156,r_162_41_166,r_72_125_98,r_32_106_156,0.74,0,156,156,56
91,seq95,r_73_154_164,r_97_94_123,r_73_154_164,0.96,-18,146,164,56
37,r_124_117_30,r_144_113_169,r_151_45_113,r_124_117_30,0.99,1,31,30,56
49,r_137_59_68,seq81,r_80_89_42,r_137_59_68,1.0,0,68,68,56
56,r_75_7_73,r_15_101_87,r_13_102_59,r_75_7_73,1.0,1,74,73,56
7,r_23_121_94,r_129_77_199,r_124_117_30,r_124_117_30,0.7,62,92,30,56
44,r_22_138_142,seq37,r_129_77_199,r_22_138_142,0.68,0,142,142,56
12,r_78_20_61,r_32_106_156,seq37,r_78_20_61,1.0,0,61,61,56
3,r_11_114_39,seq98,r_68_6_196,r_11_114_39,1.0,-1,38,39,56
40,r_3_165_131,r_114_142_161,r_22_158_100,r_3_165_131,0.68,-25,106,131,57
30,r_20_0_141,r_52_24_123,r_147_50_15,r_20_0_141,0.7,-18,123,141,57
51,r_56_33_187,r_34_123_175,r_11_124_78,r_11_124_78,1.0,0,78,78,57
40,r_3_165_131,r_119_153_119,r_114_142_161,r_114_142_161,0.41,-118,43,161,57
1,r_106_168_89,r_65_55_180,r_32_137_37,r_65_55_180,0.58,-4,176,180,57
36,r_54_155_93,r_66_132_99,seq112,r_54_155_93,0.99,0,93,93,57
2,r_147_50_15,r_164_103_112,seq130,r_147_50_15,0.92,0,15,15,57
53,r_52_24_123,r_20_0_141,r_39_108_117,r_20_0_141,0.99,-18,123,141,57
58,r_101_70_136,r_82_141_45,r_147_50_15,r_101_70_136,0.64,12,148,136,57
43,r_75_35_163,r_71_92_9,r_39_108_117,r_39_108_117,0.71,48,165,117,57
54,r_31_72_154,seq15,r_118_152_39,r_118_152_39,1.0,117,156,39,57
83,seq38,r_116_100_128,r_96_16_91,r_96_16_91,0.95,0,91,91,57
59,r_128_99_184,seq90,r_151_9_144,r_128_99_184,0.29,1,185,184,57
55,r_143_159_72,seq29,r_58_111_66,r_143_159_72,0.62,3,75,72,57
16,r_154_59_88,seq150,r_32_137_37,r_154_59_88,1.0,0,88,88,57
39,r_14_79_80,r_17_97_116,r_62_104_24,r_14_79_80,0.79,0,80,80,57
1,r_106_168_89,r_114_142_161,r_149_53_138,r_106_168_89,0.98,0,89,89,57
97,seq115,r_140_145_105,r_116_100_128,r_140_145_105,1.0,1,106,105,57
46,r_81_43_79,seq150,seq37,r_81_43_79,0.88,0,79,79,57
42,r_28_146_143,r_21_138_149,r_52_24_123,r_21_138_149,1.0,-6,143,149,57
14,r_80_95_50,seq29,r_71_92_9,r_80_95_50,0.96,0,50,50,57
95,seq109,r_4_78_27,r_25_1_21,r_25_1_21,1.0,0,21,21,57
69,r_48_156_197,r_164_103_112,seq150,r_164_103_112,1.0,-29,83,112,57
45,r_73_7_183,r_126_107_125,r_131_10_96,r_131_10_96,0.89,23,119,96,57
10,r_30_105_47,r_28_146_143,r_151_9_144,r_30_105_47,0.99,1,48,47,57
62,r_25_1_21,seq129,seq109,r_25_1_21,0.72,0,21,21,57
19,r_51_113_69,r_101_70_136,seq150,r_51_113_69,1.0,0,69,69,57
1,r_106_168_89,r_149_53_138,r_65_55_180,r_149_53_138,1.0,-3,135,138,57
66,r_61_161_151,seq46,r_80_95_50,r_61_161_151,0.89,0,151,151,57
18,r_71_92_9,r_154_59_88,r_136_135_12,r_71_92_9,0.8,3,12,9,57
31,r_58_111_66,r_49_88_77,r_118_152_39,r_58_111_66,1.0,0,66,66,57
41,r_40_166_176,seq148,r_102_77_41,r_102_77_41,0.87,136,177,41,57
67,r_49_88_77,r_126_107_125,seq69,r_49_88_77,1.0,0,77,77,57
47,r_82_141_45,r_28_146_143,r_101_70_136,r_82_141_45,0.53,-17,28,45,57
61,r_62_104_24,r_39_108_117,seq134,r_62_104_24,0.91,-9,15,24,57
78,seq148,r_40_166_176,r_30_105_47,r_30_105_47,1.0,130,177,47,57
63,r_2_57_171,r_125_26_146,r_81_43_79,r_81_43_79,0.61,67,146,79,57
65,r_17_97_116,r_13_74_71,r_144_93_16,r_144_93_16,0.72,0,16,16,57
11,r_23_160_153,seq134,r_81_43_79,r_81_43_79,1.0,74,153,79,57
28,r_63_163_26,r_131_10_96,seq87,r_63_163_26,1.0,-1,25,26,57
20,r_67_36_133,seq19,seq15,r_67_36_133,0.76,2,135,133,57
56,r_125_26_146,r_89_84_20,r_80_95_50,r_89_84_20,0.62,126,146,20,57
15,r_66_132_99,r_20_0_141,seq18,r_66_132_99,0.75,0,99,99,57
48,r_27_41_190,seq130,r_56_33_187,r_56_33_187,0.8,3,190,187,57
86,seq46,r_40_166_176,r_32_137_37,r_32_137_37,1.0,0,37,37,57
37,r_42_157_58,r_20_0_141,r_147_50_15,r_20_0_141,0.92,-40,101,141,57
6,r_131_10_96,r_149_53_138,r_13_74_71,r_131_10_96,1.0,0,96,96,57
5,r_34_123_175,r_6_98_13,seq12,r_34_123_175,0.68,0,175,175,57
56,r_125_26_146,r_2_57_171,r_89_84_20,r_89_84_20,0.85,-1,19,20,57
8,r_102_77_41,seq109,seq129,r_102_77_41,1.0,0,41,41,57
27,r_139_47_4,r_126_107_125,r_119_153_119,r_139_47_4,0.94,121,125,4,57
29,r_89_84_20,r_80_95_50,r_125_26_146,r_80_95_50,0.77,-31,19,50,57
4,r_118_152_39,r_154_59_88,r_5_121_97,r_118_152_39,1.0,0,39,39,57
34,r_65_55_180,r_106_168_89,r_62_104_24,r_62_104_24,0.47,156,180,24,57
25,r_6_98_13,r_23_160_153,r_34_123_175,r_6_98_13,0.92,0,13,13,57
24,r_5_121_97,r_82_141_45,seq122,r_5_121_97,0.76,0,97,97,57
30,r_20_0_141,r_147_50_15,r_131_10_96,r_20_0_141,0.79,1,142,141,57
33,r_140_145_105,seq115,seq129,r_140_145_105,1.0,1,106,105,57
22,r_149_53_138,r_106_168_89,r_80_95_50,r_149_53_138,1.0,0,138,138,57
64,r_114_142_161,r_106_168_89,seq87,r_106_168_89,1.0,-12,77,89,57
65,r_17_97_116,r_144_93_16,seq19,r_17_97_116,0.9,0,116,116,57
58,r_101_70_136,r_51_113_69,r_82_141_45,r_51_113_69,1.0,0,69,69,57
53,r_52_24_123,r_39_108_117,r_28_146_143,r_28_146_143,0.91,3,146,143,57
72,seq134,r_23_160_153,r_62_104_24,r_62_104_24,0.98,-9,15,24,57
68,r_164_103_112,r_48_156_197,r_25_1_21,r_164_103_112,1.0,1,113,112,57
80,seq29,r_80_95_50,r_62_104_24,r_80_95_50,0.96,-3,47,50,57
32,r_126_107_125,r_139_47_4,seq109,r_126_107_125,0.88,0,125,125,57
38,r_22_158_100,r_75_35_163,r_144_93_16,r_22_158_100,0.87,8,108,100,57
52,r_96_16_91,r_66_132_99,seq38,r_96_16_91,0.9,0,91,91,57
37,r_42_157_58,r_106_168_89,r_20_0_141,r_42_157_58,0.96,0,58,58,57
4,r_118_152_39,r_5_121_97,r_143_159_72,r_5_121_97,1.0,0,97,97,57
34,r_65_55_180,r_149_53_138,r_106_168_89,r_106_168_89,0.68,46,135,89,57
64,r_114_142_161,seq87,r_80_95_50,r_114_142_161,0.66,4,165,161,57
75,seq15,r_31_72_154,r_67_36_133,r_67_36_133,0.7,23,156,133,57
45,r_73_7_183,r_131_10_96,r_23_160_153,r_73_7_183,0.62,2,185,183,57
17,r_39_108_117,r_31_72_154,r_96_16_91,r_31_72_154,1.0,-36,118,154,57
25,r_6_98_13,r_34_123_175,r_30_105_47,r_6_98_13,0.92,163,176,13,57
9,r_151_9_144,seq44,r_11_124_78,r_11_124_78,1.0,67,145,78,57
26,r_86_127_7,r_14_79_80,r_144_93_16,r_14_79_80,1.0,0,80,80,57
40,r_3_165_131,r_22_158_100,r_82_141_45,r_3_165_131,0.97,0,131,131,57
29,r_89_84_20,r_125_26_146,r_131_10_96,r_131_10_96,0.69,50,146,96,57
22,r_149_53_138,r_131_10_96,r_106_168_89,r_149_53_138,0.77,-42,96,138,57
62,r_25_1_21,seq109,r_164_103_112,r_164_103_112,1.0,6,118,112,57
49,r_117_85_162,r_71_92_9,r_140_145_105,r_71_92_9,0.92,153,162,9,57
7,r_119_153_119,seq87,r_139_47_4,r_119_153_119,0.81,0,119,119,57
44,r_21_138_149,seq130,r_140_145_105,r_21_138_149,0.76,0,149,149,57
23,r_13_74_71,r_17_97_116,r_89_84_20,r_13_74_71,0.81,0,71,71,57
0,r_144_93_16,r_54_155_93,r_86_127_7,r_144_93_16,0.92,0,16,16,57
57,r_136_135_12,r_39_108_117,r_71_92_9,r_136_135_12,0.92,0,12,12,57
50,r_32_137_37,r_131_10_96,seq46,r_32_137_37,1.0,0,37,37,57
12,r_11_124_78,r_140_145_105,r_56_33_187,r_11_124_78,1.0,-1,77,78,57
5,r_34_123_175,r_4_78_27,r_6_98_13,r_6_98_13,1.0,2,15,13,57
41,r_26_116_156,seq81,r_93_101_80,r_26_116_156,0.98,-5,151,156,58
51,r_110_71_105,seq13,r_44_50_79,r_110_71_105,1.0,0,105,105,58
36,r_99_19_89,seq34,seq14,r_99_19_89,0.7,0,89,89,58
56,r_144_82_164,r_72_104_147,r_147_59_41,r_147_59_41,0.66,5,46,41,58
2,r_2_70_20,r_51_32_18,r_62_9_197,r_2_70_20,0.8,-5,15,20,58
66,r_160_153_23,r_74_102_17,r_18_111_187,r_74_102_17,1.0,172,189,17,58
89,seq78,seq142,r_73_138_24,r_73_138_24,1.0,1,25,24,58
53,r_168_43_93,r_62_9_197,r_106_122_68,r_168_43_93,1.0,0,93,93,58
23,r_163_166_27,r_29_118_4,seq126,r_163_166_27,0.95,-4,23,27,58
54,r_87_10_117,r_137_95_175,r_147_59_41,r_87_10_117,0.96,0,117,117,58
37,r_40_20_163,seq67,r_139_39_26,r_139_39_26,0.76,137,163,26,58
40,r_103_42_46,r_127_60_173,r_155_80_2,r_103_42_46,0.97,1,47,46,58
71,seq7,r_65_11_161,r_74_102_17,r_74_102_17,0.89,0,17,17,58
1,r_63_28_98,seq48,r_99_19_89,r_63_28_98,0.91,1,99,98,58
5,r_62_9_197,r_75_31_85,r_2_70_20,r_75_31_85,1.0,0,85,85,58
46,r_121_46_153,r_40_20_163,r_8_56_92,r_121_46_153,0.89,0,153,153,58
42,r_143_165_125,r_8_56_92,r_125_47_58,r_125_47_58,0.92,34,92,58,58
80,seq45,r_96_123_176,r_72_104_147,r_72_104_147,0.76,29,176,147,58
69,r_97_27_123,r_51_32_18,seq69,r_97_27_123,0.57,0,123,123,58
45,r_44_50_79,r_98_37_179,r_8_56_92,r_8_56_92,0.71,32,124,92,58
19,r_161_54_82,seq13,seq1,r_161_54_82,1.0,0,82,82,58
8,r_147_59_41,r_5_33_167,r_144_82_164,r_147_59_41,1.0,2,43,41,58
95,seq91,r_57_76_151,r_161_54_82,r_161_54_82,0.97,72,154,82,58
38,r_119_131_136,r_63_28_98,r_16_134_29,r_119_131_136,0.85,-101,35,136,58
31,r_145_55_90,r_98_37_179,r_26_116_156,r_145_55_90,0.93,1,91,90,58
41,r_26_116_156,seq68,r_145_55_90,r_145_55_90,0.91,4,94,90,58
67,r_127_60_173,seq34,r_132_169_56,r_132_169_56,1.0,118,174,56,58
41,r_26_116_156,r_145_55_90,seq81,r_26_116_156,0.54,-38,118,156,58
3,r_41_156_100,r_3_140_199,seq89,r_41_156_100,0.9,1,101,100,58
10,r_49_112_70,r_148_146_181,r_75_31_85,r_75_31_85,1.0,13,98,85,58
26,r_53_22_76,seq48,r_164_79_63,r_164_79_63,0.78,15,78,63,58
8,r_147_59_41,r_144_82_164,r_87_10_117,r_87_10_117,1.0,47,164,117,58
43,r_24_108_36,r_29_118_4,r_106_122_68,r_24_108_36,1.0,0,36,36,58
4,r_135_129_154,seq45,r_110_71_105,r_135_129_154,0.78,0,154,154,58
78,seq158,r_5_33_167,r_8_56_92,r_8_56_92,0.78,12,104,92,58
0,r_106_122_68,r_8_56_92,r_24_108_36,r_106_122_68,0.88,0,68,68,58
63,r_148_146_181,seq158,r_133_117_61,r_148_146_181,0.52,0,181,181,58
11,r_152_141_183,r_62_9_197,r_155_80_2,r_152_141_183,0.21,1,184,183,58
44,r_132_169_56,r_3_140_199,r_66_30_162,r_132_169_56,1.0,0,56,56,58
32,r_159_52_35,r_103_42_46,seq136,r_103_42_46,0.96,-7,39,46,58
13,r_5_33_167,seq158,r_73_138_24,r_73_138_24,0.63,143,167,24,58
56,r_144_82_164,r_147_59_41,r_106_122_68,r_147_59_41,0.64,127,168,41,58
48,r_133_117_61,seq12,r_62_9_197,r_133_117_61,0.78,0,61,61,58
65,r_105_36_12,r_63_28_98,seq89,r_105_36_12,0.89,0,12,12,58
57,r_72_104_147,r_106_122_68,seq45,r_72_104_147,0.97,0,147,147,58
6,r_162_23_107,seq158,seq48,r_162_23_107,1.0,0,107,107,58
62,r_75_31_85,r_62_9_197,r_49_112_70,r_75_31_85,1.0,0,85,85,58
99,seq126,r_119_131_136,r_163_166_27,r_163_166_27,0.61,33,60,27,58
52,r_125_47_58,r_72_104_147,r_143_165_125,r_72_104_147,0.97,0,147,147,58
52,r_125_47_58,r_3_140_199,r_72_104_147,r_125_47_58,1.0,0,58,58,58
61,r_155_80_2,seq12,r_103_42_46,r_103_42_46,0.91,8,54,46,58
27,r_128_150_97,r_40_20_163,r_103_42_46,r_40_20_163,0.97,-66,97,163,58
87,seq69,seq126,r_97_27_123,r_97_27_123,0.62,10,133,123,58
94,seq89,r_160_153_23,r_105_36_12,r_160_153_23,0.49,-11,12,23,58
47,r_18_111_187,seq151,r_160_153_23,r_160_153_23,0.81,164,187,23,58
59,r_16_134_29,r_119_131_136,seq126,r_16_134_29,0.35,107,136,29,58
29,r_66_30_162,r_4_157_198,r_132_169_56,r_132_169_56,1.0,106,162,56,58
25,r_21_83_62,r_6_113_166,seq13,r_21_83_62,1.0,2,64,62,58
33,r_8_56_92,r_143_165_125,r_17_114_86,r_8_56_92,0.49,0,92,92,58
64,r_57_76_151,seq91,seq48,r_57_76_151,0.71,3,154,151,58
50,r_96_123_176,seq45,seq13,r_96_123_176,0.48,0,176,176,58
20,r_6_113_166,r_139_39_26,r_63_28_98,r_139_39_26,0.61,141,167,26,58
68,r_164_79_63,r_5_33_167,seq34,r_164_79_63,1.0,0,63,63,58
15,r_15_38_30,seq142,seq126,r_15_38_30,0.69,1,31,30,58
60,r_17_114_86,r_128_150_97,r_8_56_92,r_17_114_86,1.0,1,87,86,58
40,r_103_42_46,r_155_80_2,r_128_150_97,r_128_150_97,1.0,4,101,97,58
96,seq92,r_98_37_179,r_109_0_121,r_109_0_121,0.97,58,179,121,58
28,r_139_39_26,r_3_140_199,r_6_113_166,r_139_39_26,0.9,-3,23,26,58
31,r_145_55_90,r_26_116_156,r_2_70_20,r_26_116_156,0.61,1,157,156,58
28,r_139_39_26,r_6_113_166,r_40_20_163,r_6_113_166,0.61,1,167,166,58
18,r_73_138_24,r_49_112_70,seq78,r_73_138_24,1.0,1,25,24,58
58,r_74_102_17,r_41_156_100,seq7,r_74_102_17,0.97,0,17,17,58
20,r_6_113_166,r_21_83_62,r_139_39_26,r_6_113_166,0.87,-143,23,166,58
7,r_167_25_75,r_119_131_136,r_106_122_68,r_167_25_75,1.0,0,75,75,58
35,r_65_11_161,seq7,r_58_130_7,r_65_11_161,0.49,0,161,161,58
12,r_98_37_179,seq92,r_63_28_98,r_98_37_179,0.48,0,179,179,58
59,r_16_134_29,r_161_54_82,r_119_131_136,r_16_134_29,1.0,0,29,29,58
40,r_121_137_42,r_153_122_109,r_52_124_85,r_121_137_42,0.88,67,109,42,59
30,r_129_120_157,r_51_148_172,seq159,r_51_148_172,0.76,-4,168,172,59
44,r_44_94_95,r_123_41_14,r_46_113_100,r_123_41_14,0.98,98,112,14,59
55,r_40_134_16,r_6_141_35,r_99_81_125,r_6_141_35,0.6,-19,16,35,59
51,r_30_4_189,seq111,r_10_89_121,r_10_89_121,1.0,69,190,121,59
40,r_121_137_42,r_140_0_166,r_153_122_109,r_121_137_42,1.0,1,43,42,59
9,r_114_103_11,r_123_41_14,seq15,r_123_41_14,0.57,-2,12,14,59
8,r_78_75_174,r_91_38_145,r_129_120_157,r_129_120_157,0.63,18,175,157,59
43,r_53_35_108,seq37,r_154_157_82,r_53_35_108,1.0,0,108,108,59
26,r_77_117_43,r_10_89_121,r_11_164_27,r_77_117_43,0.55,0,43,43,59
83,seq43,r_12_34_194,r_60_143_53,r_60_143_53,1.0,99,152,53,59
59,r_142_57_112,r_10_89_121,r_154_157_82,r_142_57_112,0.94,0,112,112,59
94,seq111,r_45_86_33,r_55_85_28,r_55_85_28,1.0,1,29,28,59
21,r_83_62_104,r_51_148_172,seq71,r_83_62_104,0.96,0,104,104,59
97,seq118,r_155_162_173,r_60_143_53,r_60_143_53,1.0,120,173,53,59
5,r_155_162_173,seq118,r_58_82_74,r_155_162_173,0.72,0,173,173,59
42,r_154_157_82,seq21,r_142_57_112,r_154_157_82,1.0,1,83,82,59
52,r_11_164_27,r_104_59_93,seq80,r_11_164_27,0.93,0,27,27,59
80,seq159,r_42_149_152,r_104_59_93,r_104_59_93,0.95,44,137,93,59
23,r_61_152_183,r_146_95_72,r_25_151_26,r_61_152_183,0.77,1,184,183,59
46,r_6_141_35,seq13,r_9_167_123,r_6_141_35,1.0,0,35,35,59
32,r_99_81_125,r_40_134_16,r_96_76_97,r_99_81_125,1.0,0,125,125,59
69,r_156_147_79,r_83_62_104,seq22,r_156_147_79,0.8,1,80,79,59
45,r_7_36_51,seq70,seq48,r_7_36_51,0.99,0,51,51,59
1,r_50_101_20,seq15,seq21,r_50_101_20,0.73,-1,19,20,59
32,r_99_81_125,r_79_139_61,r_40_134_16,r_79_139_61,0.63,-26,35,61,59
11,r_63_163_70,seq128,r_64_26_179,r_63_163_70,0.27,110,180,70,59
66,r_91_38_145,r_78_75_174,r_135_166_23,r_135_166_23,0.68,132,155,23,59
37,r_169_115_29,seq159,seq112,r_169_115_29,1.0,0,29,29,59
31,r_140_0_166,seq80,r_56_98_81,r_140_0_166,0.55,0,166,166,59
56,r_55_85_28,r_87_23_107,seq111,r_55_85_28,1.0,0,28,28,59
41,r_92_19_148,r_25_151_26,r_31_132_141,r_92_19_148,0.9,0,148,148,59
67,r_153_122_109,r_121_137_42,r_64_26_179,r_153_122_109,1.0,0,109,109,59
10,r_168_20_103,seq71,seq138,r_168_20_103,0.87,1,104,103,59
24,r_133_97_55,r_30_4_189,r_121_137_42,r_133_97_55,1.0,-2,53,55,59
4,r_49_165_181,seq150,r_60_143_53,r_60_143_53,0.9,128,181,53,59
58,r_9_167_123,r_87_23_107,r_6_141_35,r_9_167_123,0.63,-77,46,123,59
63,r_109_3_75,r_25_151_26,seq159,r_109_3_75,1.0,0,75,75,59
73,seq150,r_49_165_181,seq70,r_49_165_181,0.78,0,181,181,59
11,r_63_163_70,r_156_147_79,seq128,r_156_147_79,0.96,-5,74,79,59
54,r_66_14_22,r_168_20_103,seq118,r_66_14_22,0.98,-1,21,22,59
98,seq119,r_51_148_172,r_65_39_142,r_65_39_142,0.95,26,168,142,59
15,r_10_89_121,seq48,r_146_95_72,r_10_89_121,0.99,0,121,121,59
13,r_45_86_33,seq111,seq2,r_45_86_33,0.59,4,37,33,59
57,r_52_124_85,seq13,r_121_137_42,r_52_124_85,1.0,0,85,85,59
67,r_153_122_109,r_60_143_53,r_121_137_42,r_153_122_109,0.99,-66,43,109,59
62,r_79_139_61,r_99_81_125,seq1,r_79_139_61,0.74,0,61,61,59
0,r_123_41_14,r_44_94_95,seq159,r_44_94_95,1.0,1,96,95,59
27,r_84_28_156,r_61_152_183,r_161_8_10,r_84_28_156,0.57,0,156,156,59
18,r_96_76_97,r_84_28_156,r_99_81_125,r_84_28_156,0.99,0,156,156,59
3,r_18_73_19,r_155_162_173,seq48,r_18_73_19,0.57,1,20,19,59
87,seq70,r_16_126_176,seq150,r_16_126_176,0.78,1,177,176,59
92,seq100,r_25_151_26,r_90_110_13,r_90_110_13,1.0,0,13,13,59
47,r_51_148_172,r_83_62_104,seq119,r_83_62_104,1.0,-7,97,104,59
18,r_96_76_97,r_107_5_133,r_84_28_156,r_96_76_97,1.0,0,97,97,59
29,r_58_82_74,seq74,seq37,r_58_82_74,0.98,0,74,74,59
61,r_64_26_179,r_153_122_109,r_63_163_70,r_64_26_179,0.84,1,180,179,59
75,seq13,r_52_124_85,r_158_69_58,r_52_124_85,0.99,-26,59,85,59
67,r_153_122_109,r_64_26_179,r_60_143_53,r_64_26_179,0.83,1,180,179,59
25,r_107_5_133,r_155_162_173,r_123_41_14,r_155_162_173,0.32,-40,133,173,59
33,r_25_151_26,r_92_19_148,r_72_136_64,r_72_136_64,0.6,-1,63,64,59
47,r_51_148_172,seq119,r_45_86_33,r_51_148_172,0.98,0,172,172,59
53,r_127_24_18,r_27_29_198,r_25_151_26,r_127_24_18,0.69,3,21,18,59
50,r_72_136_64,seq150,r_25_151_26,r_72_136_64,1.0,-1,63,64,59
19,r_90_110_13,r_168_20_103,r_78_75_174,r_90_110_13,0.77,1,14,13,59
70,seq128,r_87_23_107,r_63_163_70,r_87_23_107,0.91,0,107,107,59
19,r_90_110_13,r_78_75_174,r_135_166_23,r_135_166_23,0.99,2,25,23,59
65,r_104_59_93,seq102,r_109_3_75,r_104_59_93,1.0,0,93,93,59
44,r_44_94_95,r_87_23_107,r_123_41_14,r_123_41_14,0.5,13,27,14,59
68,r_46_113_100,seq138,seq71,r_46_113_100,0.79,0,100,100,59
61,r_64_26_179,r_12_34_194,r_153_122_109,r_153_122_109,0.99,5,114,109,59
38,r_87_23_107,seq128,r_135_166_23,r_87_23_107,0.98,0,107,107,59
34,r_65_39_142,seq1,seq119,r_65_39_142,0.98,0,142,142,59
76,seq15,r_50_101_20,r_114_103_11,r_50_101_20,0.82,-4,16,20,59
90,seq80,r_87_23_107,r_11_164_27,r_11_164_27,0.9,2,29,27,59
0,r_123_41_14,r_18_73_19,r_44_94_95,r_123_41_14,0.99,0,14,14,59
36,r_158_69_58,seq43,seq13,r_158_69_58,0.84,-11,47,58,59
25,r_107_5_133,r_123_41_14,r_31_132_141,r_107_5_133,0.65,15,148,133,59
81,seq32,r_47_93_139,r_114_103_11,r_47_93_139,0.87,0,139,139,59
96,seq116,seq13,r_45_86_33,r_45_86_33,0.33,61,94,33,59
28,r_31_132_141,r_61_152_183,r_107_5_133,r_31_132_141,0.95,0,141,141,59
49,r_144_105_90,r_88_68_182,r_60_143_53,r_144_105_90,1.0,0,90,90,59
6,r_161_8_10,r_63_163_70,seq15,r_161_8_10,0.89,1,11,10,59
20,r_135_166_23,r_168_20_103,r_90_110_13,r_168_20_103,0.48,-80,23,103,59
7,r_16_126_176,seq70,r_65_39_142,r_16_126_176,0.71,0,176,176,59
23,r_61_152_183,r_31_132_141,r_146_95_72,r_146_95_72,0.86,69,141,72,59
95,seq112,r_61_152_183,r_169_115_29,r_169_115_29,1.0,0,29,29,59
35,r_146_95_72,r_25_151_26,r_169_115_29,r_146_95_72,1.0,0,72,72,59
84,seq48,r_10_89_121,r_18_73_19,r_10_89_121,0.99,-44,77,121,59
55,r_40_134_16,r_99_81_125,r_156_147_79,r_40_134_16,0.98,109,125,16,59
40,r_100_120_166,r_19_128_118,seq138,r_100_120_166,0.79,0,166,166,60
51,r_137_15_164,r_18_126_150,r_90_75_64,r_137_15_164,0.6,-13,151,164,60
14,r_143_169_100,seq88,seq146,r_143_169_100,1.0,0,100,100,60
8,r_66_11_168,seq119,r_145_104_11,r_145_104_11,0.88,159,170,11,60
58,r_5_87_90,r_129_102_34,r_6_48_158,r_5_87_90,0.73,72,162,90,60
62,r_151_32_138,r_118_50_38,r_93_79_190,r_118_50_38,0.73,-7,31,38,60
43,r_26_96_69,seq67,r_145_104_11,r_26_96_69,0.95,0,69,69,60
62,r_151_32_138,r_93_79_190,r_0_161_83,r_0_161_83,1.0,0,83,83,60
31,r_71_107_35,r_118_50_38,r_82_152_198,r_71_107_35,1.0,0,35,35,60
54,r_20_9_70,seq67,r_64_125_54,r_20_9_70,0.97,2,72,70,60
37,r_166_113_189,seq156,r_65_147_55,r_166_113_189,0.59,-122,67,189,60
59,r_58_98_116,seq54,r_35_43_88,r_35_43_88,1.0,38,126,88,60
71,seq138,r_2_36_165,r_100_120_166,r_2_36_165,0.41,1,166,165,60
16,r_115_30_152,seq67,r_12_162_142,r_115_30_152,0.8,1,153,152,60
21,r_55_53_123,r_114_168_65,seq92,r_55_53_123,0.61,-55,68,123,60
39,r_6_48_158,r_99_95_195,r_5_87_90,r_99_95_195,0.87,-37,158,195,60
42,r_91_46_129,r_7_106_144,r_149_150_23,r_91_46_129,0.9,0,129,129,60
13,r_12_162_142,r_33_47_177,r_115_30_152,r_33_47_177,0.89,1,178,177,60
45,r_167_157_126,seq146,r_149_150_23,r_167_157_126,0.96,0,126,126,60
21,r_55_53_123,seq92,r_25_31_13,r_55_53_123,0.95,1,124,123,60
47,r_33_47_177,r_12_162_142,seq28,r_33_47_177,0.89,1,178,177,60
30,r_82_152_198,r_124_34_46,r_71_107_35,r_82_152_198,1.0,-161,37,198,60
19,r_77_37_124,r_167_157_126,r_20_9_70,r_20_9_70,0.87,54,124,70,60
15,r_10_78_185,r_70_44_26,r_93_79_190,r_10_78_185,0.41,1,186,185,60
37,r_166_113_189,r_51_94_40,seq156,r_51_94_40,0.98,1,41,40,60
66,r_7_106_144,seq160,seq4,r_7_106_144,0.94,1,145,144,60
35,r_145_104_11,r_105_81_66,r_89_38_51,r_145_104_11,0.89,0,11,11,60
76,seq23,r_64_125_54,r_73_159_121,r_73_159_121,1.0,17,138,121,60
73,seq14,r_24_42_156,r_41_165_49,r_41_165_49,1.0,0,49,49,60
67,r_89_38_51,r_0_161_83,r_93_79_190,r_89_38_51,0.62,0,51,51,60
60,r_133_3_182,r_164_135_132,r_149_150_23,r_133_3_182,0.79,0,182,182,60
72,seq13,seq85,r_141_1_67,r_141_1_67,1.0,0,67,67,60
65,r_65_147_55,r_134_74_179,r_166_113_189,r_65_147_55,1.0,1,56,55,60
26,r_51_94_40,r_166_113_189,r_70_44_26,r_51_94_40,1.0,-5,35,40,60
22,r_93_79_190,r_19_128_118,r_89_38_51,r_89_38_51,1.0,0,51,51,60
20,r_0_161_83,seq28,r_35_43_88,r_0_161_83,1.0,6,89,83,60
13,r_12_162_142,r_21_131_31,r_33_47_177,r_12_162_142,0.61,0,142,142,60
56,r_114_168_65,r_21_131_31,r_163_136_94,r_114_168_65,0.83,64,129,65,60
29,r_70_44_26,r_90_75_64,r_10_78_185,r_70_44_26,1.0,0,26,26,60
6,r_105_81_66,r_26_96_69,r_21_131_31,r_105_81_66,0.63,2,68,66,60
1,r_8_17_53,r_129_102_34,r_140_49_6,r_8_17_53,1.0,0,53,53,60
4,r_149_150_23,seq117,seq127,r_149_150_23,0.94,0,23,23,60
2,r_35_43_88,r_167_157_126,r_0_161_83,r_35_43_88,0.96,0,88,88,60
47,r_33_47_177,r_110_142_87,r_80_57_84,r_33_47_177,1.0,-90,87,177,60
15,r_10_78_185,seq117,r_70_44_26,r_70_44_26,0.94,7,33,26,60
57,r_52_103_47,r_41_165_49,seq92,r_52_103_47,0.99,0,47,47,60
40,r_100_120_166,r_129_102_34,r_19_128_118,r_19_128_118,0.48,-41,77,118,60
18,r_110_142_87,r_33_47_177,seq88,r_110_142_87,1.0,0,87,87,60
24,r_40_97_146,r_133_3_182,r_71_107_35,r_133_3_182,0.92,-36,146,182,60
25,r_141_1_67,r_33_47_177,seq13,r_141_1_67,1.0,0,67,67,60
33,r_80_57_84,seq85,seq146,r_80_57_84,0.91,1,85,84,60
3,r_118_50_38,r_129_102_34,seq138,r_118_50_38,0.93,-9,29,38,60
47,r_33_47_177,r_80_57_84,r_12_162_142,r_12_162_142,0.99,7,149,142,60
88,seq72,r_129_102_34,r_90_75_64,r_90_75_64,1.0,1,65,64,60
58,r_5_87_90,r_143_169_100,r_129_102_34,r_143_169_100,1.0,-10,90,100,60
70,seq4,r_82_152_198,r_7_106_144,r_7_106_144,1.0,25,169,144,60
38,r_163_136_94,seq92,r_114_168_65,r_163_136_94,0.51,5,99,94,60
62,r_151_32_138,r_0_161_83,r_51_94_40,r_151_32_138,1.0,0,138,138,60
3,r_118_50_38,seq138,seq160,r_118_50_38,0.45,46,84,38,60
64,r_84_154_17,seq122,seq127,r_84_154_17,0.64,4,21,17,60
34,r_90_75_64,r_167_157_126,seq72,r_90_75_64,1.0,0,64,64,60
35,r_145_104_11,r_89_38_51,r_148_158_50,r_145_104_11,0.91,41,52,11,60
75,seq146,r_167_157_126,r_80_57_84,r_80_57_84,0.95,42,126,84,60
48,r_124_34_46,r_73_159_121,r_129_102_34,r_129_102_34,0.57,12,46,34,60
60,r_133_3_182,r_40_97_146,r_164_135_132,r_40_97_146,0.73,0,146,146,60
17,r_24_42_156,r_82_152_198,r_155_153_41,r_24_42_156,0.55,0,156,156,60
9,r_64_125_54,r_129_102_34,r_20_9_70,r_20_9_70,0.89,7,77,70,60
50,r_148_158_50,r_164_135_132,r_145_104_11,r_148_158_50,1.0,-3,47,50,60
28,r_41_165_49,r_89_38_51,seq14,r_41_165_49,1.0,0,49,49,60
29,r_70_44_26,r_10_78_185,r_51_94_40,r_70_44_26,0.62,160,186,26,60
46,r_155_153_41,r_164_135_132,seq23,r_155_153_41,0.93,0,41,41,60
49,r_73_159_121,r_82_152_198,seq23,r_73_159_121,0.97,0,121,121,60
56,r_114_168_65,seq138,r_21_131_31,r_114_168_65,0.92,3,68,65,60
7,r_139_60_103,seq116,seq138,r_139_60_103,0.65,5,108,103,60
44,r_18_126_150,r_137_15_164,r_140_49_6,r_18_126_150,0.9,0,150,150,60
82,seq54,r_58_98_116,r_89_38_51,r_89_38_51,1.0,75,126,51,60
79,seq160,r_7_106_144,r_76_108_148,r_7_106_144,0.71,2,146,144,60
33,r_145_22_66,r_39_52_50,r_84_93_95,r_145_22_66,0.59,-21,45,66,61
30,r_16_118_133,seq9,r_110_3_61,r_16_118_133,0.98,0,133,133,61
9,r_97_75_12,r_151_109_92,r_78_81_191,r_97_75_12,0.74,0,12,12,61
36,r_163_26_134,seq100,r_164_89_26,r_164_89_26,0.63,111,137,26,61
92,seq82,seq28,r_35_66_118,r_35_66_118,1.0,33,151,118,61
53,r_101_7_128,seq28,r_45_0_86,r_101_7_128,0.66,7,135,128,61
43,r_83_153_63,seq100,seq158,r_83_153_63,1.0,0,63,63,61
37,r_115_98_53,r_35_66_118,r_147_17_5,r_35_66_118,0.92,-61,57,118,61
22,r_142_102_54,seq59,r_156_123_58,r_142_102_54,1.0,0,54,54,61
59,r_37_121_112,r_35_66_118,r_126_38_166,r_37_121_112,0.63,-1,111,112,61
23,r_164_89_26,r_133_104_71,r_126_38_166,r_164_89_26,0.79,25,51,26,61
55,r_29_49_73,r_108_146_172,seq9,r_29_49_73,1.0,0,73,73,61
86,seq48,seq158,r_99_30_70,r_99_30_70,1.0,2,72,70,61
16,r_90_72_78,r_85_155_129,r_23_5_126,r_90_72_78,1.0,1,79,78,61
46,r_27_76_93,r_122_160_179,r_164_89_26,r_27_76_93,1.0,0,93,93,61
42,r_127_120_102,seq114,seq113,r_127_120_102,1.0,0,102,102,61
66,r_133_104_71,r_143_71_43,r_164_89_26,r_133_104_71,0.76,-31,40,71,61
69,r_35_66_118,r_107_105_147,r_94_96_14,r_35_66_118,0.93,2,120,118,61
51,r_50_62_24,r_161_47_175,r_111_117_125,r_50_62_24,1.0,0,24,24,61
19,r_135_125_72,r_45_0_86,seq137,r_135_125_72,1.0,3,75,72,61
59,r_37_121_112,r_126_38_166,r_27_76_93,r_126_38_166,1.0,0,166,166,61
95,seq95,r_165_14_188,r_84_93_95,r_84_93_95,0.44,95,190,95,61
33,r_145_22_66,r_84_93_95,r_103_68_103,r_145_22_66,0.99,-1,65,66,61
5,r_154_6_37,r_132_63_90,r_45_0_86,r_154_6_37,0.96,0,37,37,61
31,r_141_25_87,r_116_150_185,seq124,r_141_25_87,1.0,0,87,87,61
41,r_64_21_83,r_111_117_125,r_33_19_25,r_64_21_83,0.88,0,83,83,61
23,r_164_89_26,seq130,r_133_104_71,r_164_89_26,0.95,0,26,26,61
61,r_152_55_21,r_70_54_101,r_43_80_196,r_152_55_21,1.0,0,21,21,61
3,r_45_0_86,r_135_125_72,r_31_65_35,r_135_125_72,1.0,3,75,72,61
10,r_165_14_188,seq95,r_122_160_179,r_122_160_179,0.82,11,190,179,61
75,seq130,r_164_89_26,r_103_68_103,r_164_89_26,0.86,0,26,26,61
26,r_43_80_196,r_151_109_92,r_152_55_21,r_151_109_92,1.0,0,92,92,61
4,r_84_93_95,r_58_10_122,seq100,r_84_93_95,0.67,5,100,95,61
78,seq158,seq36,r_83_153_63,r_83_153_63,1.0,9,72,63,61
63,r_167_128_174,seq42,r_135_125_72,r_135_125_72,0.88,104,176,72,61
11,r_106_91_6,r_85_155_129,seq95,r_85_155_129,0.77,0,129,129,61
12,r_34_157_48,r_57_32_139,seq166,r_34_157_48,0.98,2,50,48,61
98,seq114,r_127_120_102,r_24_77_2,r_127_120_102,1.0,-3,99,102,61
23,r_164_89_26,r_126_38_166,r_27_76_93,r_164_89_26,0.53,67,93,26,61
6,r_116_150_185,r_141_25_87,seq166,r_141_25_87,1.0,0,87,87,61
62,r_79_53_45,r_31_65_35,r_90_72_78,r_90_72_78,1.0,16,94,78,61
44,r_111_117_125,r_50_62_24,r_45_0_86,r_111_117_125,1.0,0,125,125,61
27,r_23_5_126,r_70_54_101,r_90_72_78,r_23_5_126,1.0,-25,101,126,61
51,r_50_62_24,r_111_117_125,r_70_54_101,r_50_62_24,1.0,101,125,24,61
25,r_147_17_5,seq36,r_115_98_53,r_115_98_53,0.87,9,62,53,61
2,r_70_54_101,r_23_5_126,r_50_62_24,r_70_54_101,0.97,0,101,101,61
40,r_85_155_129,r_106_91_6,r_83_153_63,r_106_91_6,0.99,123,129,6,61
18,r_151_109_92,r_43_80_196,seq166,r_151_109_92,1.0,0,92,92,61
29,r_20_129_190,seq1,r_16_118_133,r_16_118_133,0.88,57,190,133,61
61,r_152_55_21,r_43_80_196,r_148_74_40,r_152_55_21,0.45,100,121,21,61
35,r_134_44_183,r_152_55_21,r_112_67_136,r_112_67_136,0.64,48,184,136,61
64,r_110_3_61,seq2,r_39_52_50,r_110_3_61,1.0,0,61,61,61
50,r_58_10_122,r_84_93_95,r_119_138_7,r_58_10_122,0.73,6,128,122,61
58,r_143_71_43,r_133_104_71,r_41_56_76,r_143_71_43,1.0,32,75,43,61
68,r_107_105_147,seq166,r_23_5_126,r_107_105_147,0.77,0,147,147,61
66,r_133_104_71,r_164_89_26,r_33_19_25,r_133_104_71,1.0,0,71,71,61
32,r_99_30_70,seq95,seq48,r_99_30_70,1.0,0,70,70,61
52,r_4_40_192,r_161_47_175,r_112_67_136,r_112_67_136,1.0,39,175,136,61
34,r_132_63_90,seq113,seq9,r_132_63_90,1.0,1,91,90,61
69,r_35_66_118,r_94_96_14,seq82,r_35_66_118,0.53,33,151,118,61
64,r_110_3_61,r_39_52_50,r_16_118_133,r_16_118_133,1.0,7,140,133,61
28,r_126_38_166,r_37_121_112,r_127_120_102,r_126_38_166,0.96,0,166,166,61
60,r_140_13_167,r_78_81_191,seq88,r_140_13_167,0.67,1,168,167,61
17,r_78_81_191,r_140_13_167,r_97_75_12,r_78_81_191,0.86,-113,78,191,61
96,seq100,r_163_26_134,r_84_93_95,r_163_26_134,0.6,5,139,134,61
28,r_126_38_166,r_164_89_26,r_37_121_112,r_37_121_112,1.0,-1,111,112,61
28,r_126_38_166,r_133_104_71,r_164_89_26,r_164_89_26,0.48,5,31,26,61
49,r_41_56_76,r_103_68_103,r_143_71_43,r_41_56_76,1.0,0,76,76,61
56,r_156_123_58,seq28,r_142_102_54,r_142_102_54,1.0,8,62,54,61
7,r_112_67_136,r_116_150_185,r_149_162_39,r_112_67_136,0.56,0,136,136,61
44,r_111_117_125,r_64_21_83,r_50_62_24,r_111_117_125,0.93,-42,83,125,61
82,seq168,r_101_7_128,r_112_67_136,r_112_67_136,0.79,-1,135,136,61
65,r_31_65_35,r_156_123_58,r_45_0_86,r_31_65_35,0.94,1,36,35,61
35,r_134_44_183,r_151_109_92,r_152_55_21,r_151_109_92,0.99,-8,84,92,61
38,r_139_18_18,r_116_150_185,seq9,r_139_18_18,0.98,0,18,18,61
24,r_149_162_39,seq86,seq51,r_149_162_39,1.0,0,39,39,61
84,seq42,r_108_146_172,r_154_6_37,r_154_6_37,0.95,136,173,37,61
93,seq153,r_12_53_146,r_147_14_132,r_12_53_146,0.54,-68,78,146,62
51,r_105_130_160,r_63_155_161,r_137_125_31,r_137_125_31,0.95,39,70,31,62
36,r_126_2_70,seq3,r_107_33_49,r_126_2_70,0.97,0,70,70,62
54,r_121_149_56,r_60_70_199,r_15_142_53,r_121_149_56,1.0,2,58,56,62
14,r_77_132_127,r_140_119_178,r_46_57_80,r_46_57_80,1.0,49,129,80,62
53,r_91_49_119,r_28_69_156,r_6_51_188,r_91_49_119,0.99,1,120,119,62
58,r_92_29_58,r_54_78_197,r_147_14_132,r_147_14_132,0.83,1,133,132,62
37,r_127_101_41,r_161_73_121,seq37,r_161_73_121,0.99,-7,114,121,62
59,r_145_79_104,r_63_155_161,seq25,r_145_79_104,0.98,0,104,104,62
71,seq5,r_9_32_87,r_152_17_35,r_9_32_87,1.0,0,87,87,62
65,r_8_169_26,r_82_89_91,r_34_88_84,r_8_169_26,0.65,1,27,26,62
86,seq55,r_82_89_91,r_74_113_74,r_82_89_91,1.0,-3,88,91,62
39,r_26_133_177,r_6_51_188,r_77_132_127,r_26_133_177,0.5,1,178,177,62
1,r_161_73_121,r_127_101_41,r_152_17_35,r_161_73_121,0.97,0,121,121,62
5,r_52_68_194,seq25,r_150_35_17,r_150_35_17,0.6,171,188,17,62
42,r_67_123_134,r_140_119_178,r_150_35_17,r_140_119_178,0.69,-44,134,178,62
69,r_31_39_175,seq16,seq61,r_31_39_175,0.48,0,175,175,62
27,r_46_57_80,seq47,r_96_81_66,r_46_57_80,1.0,0,80,80,62
65,r_8_169_26,r_34_88_84,seq135,r_34_88_84,1.0,0,84,84,62
41,r_74_113_74,r_60_70_199,seq55,r_60_70_199,0.86,-128,71,199,62
67,r_36_110_167,r_109_131_4,r_150_35_17,r_36_110_167,0.77,0,167,167,62
27,r_46_57_80,r_24_93_43,seq47,r_24_93_43,0.92,0,43,43,62
10,r_146_22_28,r_8_169_26,r_65_40_93,r_65_40_93,0.94,52,145,93,62
78,seq25,r_52_68_194,r_145_79_104,r_145_79_104,1.0,57,161,104,62
0,r_63_155_161,r_105_130_160,r_87_163_103,r_87_163_103,0.97,68,171,103,62
63,r_96_81_66,r_28_69_156,r_115_1_10,r_96_81_66,1.0,0,66,66,62
11,r_12_53_146,r_148_95_7,r_71_58_54,r_12_53_146,0.99,0,146,146,62
20,r_66_85_169,seq76,r_107_33_49,r_107_33_49,0.9,120,169,49,62
56,r_109_131_4,r_36_110_167,r_8_169_26,r_109_131_4,0.82,147,151,4,62
44,r_106_62_88,r_164_0_85,r_87_163_103,r_87_163_103,1.0,2,105,103,62
52,r_60_70_199,r_121_149_56,r_86_42_33,r_60_70_199,1.0,-141,58,199,62
29,r_115_1_10,r_71_58_54,seq16,r_115_1_10,0.81,0,10,10,62
19,r_15_142_53,r_164_0_85,seq23,r_15_142_53,1.0,0,53,53,62
51,r_105_130_160,r_137_125_31,r_107_33_49,r_105_130_160,0.84,0,160,160,62
12,r_43_165_48,r_21_75_137,r_134_98_14,r_43_165_48,1.0,0,48,48,62
55,r_137_125_31,r_136_124_90,r_105_130_160,r_137_125_31,0.86,0,31,31,62
47,r_38_13_174,seq64,r_71_58_54,r_38_13_174,0.73,1,175,174,62
24,r_90_94_150,seq76,r_71_58_54,r_90_94_150,0.88,0,150,150,62
25,r_28_69_156,seq23,r_74_113_74,r_28_69_156,0.52,0,156,156,62
64,r_103_80_141,seq135,seq162,r_103_80_141,1.0,0,141,141,62
68,r_20_41_62,seq47,seq7,r_20_41_62,1.0,0,62,62,62
61,r_136_124_90,r_164_0_85,r_15_142_53,r_164_0_85,1.0,5,90,85,62
38,r_128_154_151,seq156,r_87_163_103,r_87_163_103,0.71,48,151,103,62
66,r_134_98_14,r_63_155_161,seq76,r_134_98_14,1.0,2,16,14,62
77,seq23,r_28_69_156,r_15_142_53,r_15_142_53,0.91,103,156,53,62
57,r_140_119_178,r_27_144_22,r_150_35_17,r_27_144_22,0.37,158,180,22,62
60,r_21_75_137,seq84,r_20_41_62,r_21_75_137,0.68,1,138,137,62
30,r_24_93_43,r_46_57_80,r_152_17_35,r_24_93_43,0.87,0,43,43,62
81,seq162,seq97,r_103_80_141,r_103_80_141,1.0,11,152,141,62
17,r_34_88_84,r_26_133_177,seq61,r_34_88_84,1.0,0,84,84,62
9,r_30_48_131,r_18_56_158,r_82_89_91,r_30_48_131,0.98,0,131,131,62
21,r_107_33_49,r_128_154_151,seq47,r_107_33_49,0.88,0,49,49,62
22,r_18_56_158,r_26_133_177,r_164_0_85,r_18_56_158,0.88,0,158,158,62
28,r_129_44_55,r_159_114_180,r_168_167_37,r_168_167_37,0.58,25,62,37,62
91,seq83,r_128_154_151,r_100_111_79,r_100_111_79,0.5,24,103,79,62
40,r_102_11_21,r_143_118_115,r_164_0_85,r_102_11_21,1.0,0,21,21,62
49,r_99_157_186,seq16,r_18_56_158,r_18_56_158,0.82,28,186,158,62
57,r_140_119_178,r_146_22_28,r_27_144_22,r_146_22_28,0.93,-7,21,28,62
44,r_106_62_88,r_12_53_146,r_164_0_85,r_106_62_88,0.86,0,88,88,62
23,r_65_40_93,r_90_94_150,seq135,r_65_40_93,0.77,1,94,93,62
7,r_86_42_33,r_26_133_177,r_60_70_199,r_86_42_33,1.0,0,33,33,62
58,r_92_29_58,r_82_89_91,r_54_78_197,r_92_29_58,1.0,0,58,58,62
93,seq153,r_147_14_132,r_82_89_91,r_147_14_132,1.0,0,132,132,62
35,r_100_111_79,r_91_49_119,seq83,r_100_111_79,0.9,2,81,79,62
16,r_152_17_35,r_60_70_199,r_24_93_43,r_24_93_43,1.0,6,49,43,62
84,seq135,r_103_80_141,r_71_58_54,r_103_80_141,0.98,0,141,141,62
55,r_137_125_31,r_105_130_160,seq84,r_105_130_160,0.86,0,160,160,62
66,r_160_130_188,r_124_137_128,r_91_45_152,r_160_130_188,0.92,0,188,188,63
30,r_51_42_156,seq126,seq167,r_51_42_156,0.94,0,156,156,63
36,r_103_30_97,r_97_16_157,r_86_58_149,r_103_30_97,1.0,3,100,97,63
51,r_14_161_9,r_162_10_2,r_84_90_32,r_84_90_32,0.91,29,61,32,63
19,r_55_135_15,r_71_70_35,seq127,r_55_135_15,1.0,0,15,15,63
14,r_129_63_81,r_162_10_2,r_9_148_47,r_129_63_81,0.99,2,83,81,63
43,r_131_104_85,r_162_10_2,seq116,r_131_104_85,1.0,0,85,85,63
86,seq66,r_91_45_152,r_108_102_116,r_108_102_116,0.92,2,118,116,63
55,r_68_67_95,r_149_43_139,r_12_105_199,r_68_67_95,1.0,0,95,95,63
16,r_64_99_94,r_22_38_117,r_155_125_74,r_64_99_94,0.96,0,94,94,63
39,r_47_4_62,r_49_0_194,r_112_19_56,r_49_0_194,1.0,-132,62,194,63
46,r_147_34_82,r_12_105_199,seq23,r_147_34_82,1.0,0,82,82,63
69,r_97_16_157,r_103_30_97,r_47_4_62,r_97_16_157,1.0,-96,61,157,63
48,r_62_25_37,seq140,seq142,r_62_25_37,1.0,1,38,37,63
24,r_29_72_177,r_113_121_42,r_146_77_121,r_29_72_177,0.83,0,177,177,63
40,r_134_139_51,seq153,seq78,r_134_139_51,1.0,0,51,51,63
15,r_146_77_121,r_8_159_8,r_149_43_139,r_8_159_8,0.97,86,94,8,63
31,r_106_33_44,seq5,seq165,r_106_33_44,1.0,0,44,44,63
8,r_82_7_43,seq66,seq56,r_82_7_43,1.0,0,43,43,63
66,r_160_130_188,r_91_45_152,r_124_137_128,r_124_137_128,0.88,37,165,128,63
5,r_71_70_35,r_124_137_128,seq5,r_71_70_35,0.46,2,37,35,63
41,r_86_58_149,r_27_138_165,r_103_30_97,r_103_30_97,0.99,2,99,97,63
67,r_109_101_73,seq167,r_62_25_37,r_109_101_73,1.0,1,74,73,63
86,seq66,r_82_7_43,r_91_45_152,r_82_7_43,1.0,1,44,43,63
89,seq78,r_151_48_168,r_134_139_51,r_134_139_51,1.0,48,99,51,63
54,r_156_59_48,r_97_16_157,seq3,r_156_59_48,0.99,1,49,48,63
3,r_27_138_165,r_86_58_149,r_119_166_27,r_27_138_165,0.87,0,165,165,63
10,r_79_1_118,seq61,seq114,r_79_1_118,1.0,0,118,118,63
58,r_162_10_2,r_129_63_81,r_85_21_34,r_162_10_2,0.8,47,49,2,63
26,r_151_48_168,seq78,r_156_59_48,r_151_48_168,0.91,0,168,168,63
15,r_146_77_121,r_149_43_139,r_8_159_8,r_8_159_8,0.98,3,11,8,63
4,r_136_35_189,r_120_57_183,r_151_48_168,r_136_35_189,0.41,-6,183,189,63
63,r_115_15_145,r_136_35_189,r_89_24_160,r_115_15_145,0.97,0,145,145,63
11,r_91_45_152,r_160_130_188,r_55_135_15,r_55_135_15,0.71,137,152,15,63
13,r_110_95_147,r_37_53_52,seq127,r_110_95_147,0.6,0,147,147,63
57,r_87_158_60,r_136_35_189,r_81_20_89,r_87_158_60,1.0,0,60,60,63
6,r_155_125_74,r_27_138_165,r_47_4_62,r_155_125_74,1.0,0,74,74,63
45,r_9_148_47,r_112_19_56,seq127,r_9_148_47,0.67,0,47,47,63
53,r_8_159_8,r_146_77_121,r_164_18_93,r_164_18_93,0.89,1,94,93,63
25,r_119_166_27,r_49_0_194,seq52,r_119_166_27,0.72,2,29,27,63
69,r_97_16_157,r_47_4_62,r_13_28_45,r_97_16_157,0.88,2,159,157,63
2,r_149_43_139,r_68_67_95,seq61,r_68_67_95,1.0,-7,88,95,63
59,r_113_121_42,r_29_72_177,r_60_26_133,r_60_26_133,0.56,44,177,133,63
29,r_12_105_199,r_147_34_82,r_143_2_69,r_12_105_199,0.69,-117,82,199,63
24,r_29_72_177,r_54_150_125,r_113_121_42,r_29_72_177,0.55,-78,99,177,63
35,r_124_137_128,r_160_130_188,r_108_102_116,r_124_137_128,0.49,60,188,128,63
33,r_81_20_89,r_89_24_160,r_87_158_60,r_87_158_60,1.0,23,83,60,63
71,seq5,r_106_33_44,r_71_70_35,r_106_33_44,0.99,0,44,44,63
21,r_13_28_45,r_108_102_116,seq32,r_13_28_45,1.0,2,47,45,63
65,r_22_38_117,r_41_40_161,r_13_28_45,r_41_40_161,0.99,-44,117,161,63
0,r_133_75_29,r_106_33_44,seq127,r_133_75_29,1.0,0,29,29,63
68,r_37_53_52,r_110_95_147,seq69,r_110_95_147,0.97,0,147,147,63
38,r_164_18_93,r_88_17_190,r_8_159_8,r_164_18_93,1.0,0,93,93,63
52,r_44_132_148,seq61,seq111,r_44_132_148,0.82,1,149,148,63
94,seq114,r_152_80_79,r_79_1_118,r_79_1_118,1.0,4,122,118,63
9,r_108_102_116,seq3,seq66,r_108_102_116,0.92,1,117,116,63
50,r_145_65_33,r_49_0_194,seq73,r_145_65_33,0.8,2,35,33,63
27,r_39_6_53,r_88_17_190,seq52,r_39_6_53,1.0,0,53,53,63
29,r_12_105_199,r_143_2_69,r_68_67_95,r_68_67_95,0.77,8,103,95,63
22,r_50_128_91,seq32,seq61,r_50_128_91,0.98,0,91,91,63
28,r_11_46_175,seq127,r_147_34_82,r_11_46_175,0.65,0,175,175,63
49,r_120_57_183,r_136_35_189,r_98_100_135,r_98_100_135,0.54,48,183,135,63
56,r_54_150_125,r_29_72_177,r_62_25_37,r_54_150_125,0.98,0,125,125,63
59,r_113_121_42,r_110_95_147,r_29_72_177,r_113_121_42,1.0,0,42,42,63
23,r_143_2_69,seq163,seq168,r_143_2_69,1.0,0,69,69,63
62,r_85_21_34,r_82_7_43,r_162_10_2,r_82_7_43,0.55,-9,34,43,63
60,r_84_90_32,r_97_16_157,r_14_161_9,r_84_90_32,0.99,0,32,32,63
35,r_124_137_128,seq94,r_160_130_188,r_124_137_128,0.92,0,128,128,63
64,r_74_92_54,r_29_72_177,r_84_90_32,r_74_92_54,0.92,0,54,54,63
12,r_60_26_133,seq83,r_113_121_42,r_60_26_133,0.91,3,136,133,63
83,seq52,r_98_100_135,r_39_6_53,r_39_6_53,0.63,0,53,53,63
30,r_30_49_177,r_121_154_134,r_39_45_49,r_39_45_49,0.8,86,135,49,64
51,r_164_126_111,seq48,r_83_7_33,r_83_7_33,1.0,79,112,33,64
66,r_155_36_15,r_104_51_89,seq12,r_104_51_89,1.0,0,89,89,64
14,r_110_18_115,seq149,r_31_33_55,r_110_18_115,1.0,0,115,115,64
53,r_62_94_165,seq80,r_69_66_99,r_69_66_99,1.0,72,171,99,64
30,r_30_49_177,r_39_45_49,r_104_51_89,r_30_49_177,0.93,0,177,177,64
98,seq98,r_43_152_185,r_31_33_55,r_31_33_55,0.99,2,57,55,64
54,r_11_99_144,r_26_79_158,r_95_128_141,r_11_99_144,0.93,0,144,144,64
37,r_55_156_132,r_136_139_61,r_24_64_35,r_55_156_132,0.98,-97,35,132,64
55,r_43_152_185,seq2,r_46_1_67,r_46_1_67,1.0,118,185,67,64
86,seq42,r_0_90_150,r_5_158_90,r_5_158_90,1.0,23,113,90,64
16,r_138_65_81,r_26_79_158,r_101_19_79,r_26_79_158,0.99,-77,81,158,64
39,r_63_35_95,seq163,seq12,r_63_35_95,1.0,0,95,95,64
1,r_75_41_114,r_11_99_144,seq153,r_75_41_114,0.85,0,114,114,64
5,r_71_78_170,r_56_168_146,r_24_64_35,r_71_78_170,0.8,-24,146,170,64
46,r_124_40_108,r_93_151_186,r_10_109_198,r_124_40_108,0.84,1,109,108,64
42,r_21_15_78,r_134_22_2,r_148_17_189,r_21_15_78,0.98,1,79,78,64
31,r_103_54_57,seq107,r_53_96_44,r_103_54_57,1.0,-1,56,57,64
18,r_112_70_21,r_68_3_28,r_20_34_68,r_20_34_68,1.0,0,68,68,64
7,r_26_79_158,r_0_90_150,r_157_122_30,r_26_79_158,0.63,3,161,158,64
45,r_144_125_140,seq29,seq12,r_144_125_140,1.0,0,140,140,64
66,r_155_36_15,r_95_128_141,r_104_51_89,r_155_36_15,0.93,0,15,15,64
0,r_39_45_49,r_59_73_45,r_0_90_150,r_39_45_49,1.0,0,49,49,64
58,r_84_25_43,r_63_35_95,r_119_100_102,r_84_25_43,1.0,-1,42,43,64
19,r_145_9_184,seq149,r_26_79_158,r_145_9_184,0.65,0,184,184,64
8,r_6_133_27,seq137,r_61_160_9,r_6_133_27,0.95,0,27,27,64
41,r_106_131_80,seq4,r_61_160_9,r_106_131_80,1.0,0,80,80,64
67,r_56_168_146,r_71_78_170,seq150,r_56_168_146,0.76,0,146,146,64
65,r_92_102_139,r_14_166_172,r_69_66_99,r_14_166_172,0.65,0,172,172,64
10,r_95_128_141,r_135_67_39,seq52,r_95_128_141,0.87,0,141,141,64
26,r_136_139_61,r_55_156_132,seq137,r_136_139_61,1.0,0,61,61,64
29,r_123_117_54,r_55_156_132,seq52,r_123_117_54,1.0,-1,53,54,64
63,r_162_169_168,seq58,r_129_13_123,r_162_169_168,0.88,0,168,168,64
73,seq12,r_118_108_37,r_63_35_95,r_63_35_95,1.0,10,105,95,64
11,r_89_105_110,r_75_41_114,r_21_15_78,r_89_105_110,1.0,2,112,110,64
20,r_129_13_123,r_118_108_37,r_136_139_61,r_129_13_123,0.91,0,123,123,64
15,r_114_165_178,seq143,r_83_7_33,r_83_7_33,0.99,147,180,33,64
58,r_84_25_43,r_147_47_92,r_144_125_140,r_144_125_140,0.95,9,149,140,64
4,r_104_51_89,r_155_36_15,seq132,r_104_51_89,1.0,0,89,89,64
6,r_127_72_129,r_11_99_144,seq44,r_11_99_144,0.56,-15,129,144,64
21,r_93_151_186,r_53_96_44,r_148_17_189,r_93_151_186,0.48,0,186,186,64
27,r_119_100_102,seq52,r_31_33_55,r_119_100_102,0.99,0,102,102,64
87,seq44,r_134_22_2,r_127_72_129,r_127_72_129,0.94,26,155,129,64
2,r_69_66_99,r_56_168_146,r_37_113_56,r_56_168_146,0.97,-47,99,146,64
40,r_5_158_90,seq132,seq42,r_5_158_90,1.0,0,90,90,64
34,r_53_96_44,r_93_151_186,r_103_54_57,r_53_96_44,0.6,137,181,44,64
25,r_111_23_103,r_59_73_45,r_135_67_39,r_111_23_103,0.79,-8,95,103,64
38,r_32_16_36,r_136_139_61,seq58,r_32_16_36,0.6,0,36,36,64
33,r_147_47_92,seq44,r_155_36_15,r_147_47_92,1.0,0,92,92,64
88,seq48,r_164_126_111,seq107,r_164_126_111,0.98,-26,85,111,64
50,r_101_19_79,r_63_35_95,seq80,r_101_19_79,1.0,0,79,79,64
57,r_68_3_28,r_93_151_186,seq132,r_68_3_28,0.61,-1,27,28,64
65,r_92_102_139,seq29,r_14_166_172,r_92_102_139,0.65,0,139,139,64
68,r_24_64_35,seq98,r_55_156_132,r_24_64_35,1.0,0,35,35,64
42,r_21_15_78,r_148_17_189,r_89_105_110,r_21_15_78,0.67,92,170,78,64
61,r_20_34_68,r_0_90_150,r_112_70_21,r_20_34_68,0.79,1,69,68,64
69,r_37_113_56,r_69_66_99,r_135_67_39,r_135_67_39,1.0,17,56,39,64
60,r_14_166_172,r_92_102_139,r_26_79_158,r_14_166_172,0.84,0,172,172,64
32,r_116_87_70,r_56_168_146,r_46_1_67,r_56_168_146,1.0,-75,71,146,64
47,r_157_122_30,r_43_152_185,seq146,r_157_122_30,0.83,0,30,30,64
58,r_84_25_43,r_119_100_102,r_147_47_92,r_119_100_102,0.55,-19,83,102,64
21,r_93_151_186,r_124_40_108,r_53_96_44,r_93_151_186,0.99,-129,57,186,64
68,r_24_64_35,r_55_156_132,r_71_78_170,r_55_156_132,0.52,16,148,132,64
60,r_14_166_172,r_135_67_39,r_92_102_139,r_92_102_139,1.0,7,146,139,64
17,r_167_8_112,seq74,seq146,r_167_8_112,1.0,0,112,112,64
18,r_112_70_21,r_144_125_140,r_68_3_28,r_144_125_140,0.54,-119,21,140,64
9,r_148_17_189,r_97_81_85,r_21_15_78,r_148_17_189,0.5,-112,77,189,64
26,r_136_139_61,seq137,r_129_13_123,r_129_13_123,0.99,0,123,123,64
37,r_55_156_132,r_24_64_35,r_127_72_129,r_24_64_35,0.71,100,135,35,64
22,r_10_109_198,r_62_94_165,r_124_40_108,r_124_40_108,1.0,8,116,108,64
28,r_121_154_134,r_30_49_177,r_61_160_9,r_121_154_134,0.99,1,135,134,64
34,r_53_96_44,r_10_109_198,r_93_151_186,r_53_96_44,0.91,2,46,44,64
4,r_104_51_89,r_167_8_112,r_155_36_15,r_155_36_15,1.0,1,16,15,64
43,r_83_7_33,r_95_128_141,seq163,r_83_7_33,0.96,0,33,33,64
7,r_26_79_158,r_138_65_81,r_0_90_150,r_138_65_81,1.0,-2,79,81,64
44,r_115_141_76,r_63_35_95,seq44,r_115_141_76,0.74,1,77,76,64
79,seq153,seq44,r_75_41_114,r_75_41_114,0.9,10,124,114,64
12,r_97_81_85,r_148_17_189,seq150,r_97_81_85,1.0,0,85,85,64
3,r_31_33_55,r_39_45_49,seq98,r_31_33_55,0.93,-17,38,55,64
30,r_68_26_81,r_157_17_132,seq140,r_68_26_81,0.61,0,81,81,65
47,r_139_71_37,r_156_78_93,r_159_147_34,r_139_71_37,0.93,0,37,37,65
51,r_46_11_88,seq66,seq74,r_46_11_88,1.0,0,88,88,65
45,r_5_53_42,seq4,r_51_30_43,r_5_53_42,1.0,1,43,42,65
36,r_169_18_141,r_152_82_167,r_133_108_24,r_169_18_141,0.69,0,141,141,65
8,r_69_142_104,seq63,r_46_11_88,r_69_142_104,1.0,0,104,104,65
53,r_101_105_92,r_117_29_101,r_133_108_24,r_101_105_92,0.98,0,92,92,65
54,r_152_82_167,r_87_97_112,seq153,r_87_97_112,0.99,0,112,112,65
83,seq48,seq149,r_116_1_33,r_116_1_33,1.0,39,72,33,65
37,r_87_97_112,r_152_82_167,r_24_43_20,r_87_97_112,0.99,0,112,112,65
59,r_70_158_177,r_155_137_131,r_121_92_102,r_121_92_102,1.0,30,132,102,65
55,r_102_118_133,seq40,r_32_33_46,r_102_118_133,1.0,0,133,133,65
71,seq4,r_103_94_155,r_64_166_17,r_103_94_155,0.87,-23,132,155,65
16,r_165_52_170,seq74,r_21_93_146,r_165_52_170,0.38,1,171,170,65
39,r_117_29_101,r_75_25_30,r_160_42_55,r_160_42_55,0.69,48,103,55,65
14,r_51_30_43,r_32_33_46,r_5_53_42,r_51_30_43,1.0,0,43,43,65
54,r_152_82_167,seq153,r_31_83_107,r_152_82_167,0.99,0,167,167,65
69,r_144_44_184,r_37_131_199,r_31_83_107,r_31_83_107,0.67,77,184,107,65
24,r_57_151_97,r_14_132_18,r_70_158_177,r_57_151_97,1.0,0,97,97,65
11,r_7_35_66,r_70_158_177,r_121_92_102,r_121_92_102,0.98,82,184,102,65
0,r_133_108_24,r_112_154_50,r_113_62_23,r_133_108_24,1.0,0,24,24,65
78,seq153,r_152_82_167,r_112_154_50,r_152_82_167,0.87,0,167,167,65
31,r_168_56_181,r_0_39_105,seq150,r_168_56_181,0.7,-71,110,181,65
41,r_75_25_30,r_117_29_101,r_134_12_117,r_117_29_101,0.61,2,103,101,65
89,seq74,r_165_52_170,r_46_11_88,r_46_11_88,0.91,12,100,88,65
23,r_159_147_34,r_77_49_8,r_139_71_37,r_159_147_34,1.0,6,40,34,65
20,r_64_166_17,seq55,seq4,r_64_166_17,0.93,0,17,17,65
10,r_24_43_20,r_135_129_147,r_87_97_112,r_87_97_112,1.0,35,147,112,65
24,r_57_151_97,r_2_60_60,r_14_132_18,r_57_151_97,0.76,-76,21,97,65
4,r_2_60_60,r_57_151_97,r_64_166_17,r_64_166_17,0.55,43,60,17,65
78,seq153,r_79_148_68,r_152_82_167,r_79_148_68,1.0,0,68,68,65
7,r_61_73_53,seq72,r_159_147_34,r_159_147_34,0.54,3,37,34,65
11,r_7_35_66,r_144_44_184,r_70_158_177,r_7_35_66,1.0,0,66,66,65
13,r_155_137_131,r_70_158_177,seq91,r_70_158_177,0.77,-45,132,177,65
25,r_145_41_32,r_155_137_131,r_37_131_199,r_145_41_32,1.0,0,32,32,65
15,r_157_17_132,r_37_131_199,r_46_11_88,r_157_17_132,0.99,0,132,132,65
48,r_127_50_49,seq48,r_51_30_43,r_51_30_43,1.0,38,81,43,65
12,r_14_132_18,r_57_151_97,r_160_42_55,r_57_151_97,0.93,0,97,97,65
6,r_125_58_95,r_36_6_159,r_116_1_33,r_36_6_159,0.69,-61,98,159,65
12,r_14_132_18,r_155_137_131,r_57_151_97,r_14_132_18,0.76,0,18,18,65
27,r_123_162_106,r_156_78_93,seq72,r_123_162_106,0.91,-1,105,106,65
2,r_31_83_107,seq63,r_116_1_33,r_31_83_107,0.98,0,107,107,65
18,r_109_128_176,seq54,r_145_41_32,r_145_41_32,0.9,144,176,32,65
29,r_89_122_76,seq130,r_51_30_43,r_89_122_76,0.99,1,77,76,65
33,r_79_148_68,seq153,seq66,r_79_148_68,1.0,0,68,68,65
64,r_21_93_146,seq66,r_0_39_105,r_21_93_146,0.84,0,146,146,65
3,r_112_154_50,seq140,r_145_41_32,r_145_41_32,0.98,19,51,32,65
50,r_80_8_145,seq76,r_75_25_30,r_80_8_145,0.64,1,146,145,65
58,r_16_13_129,seq91,r_51_30_43,r_16_13_129,0.91,0,129,129,65
65,r_0_39_105,seq114,r_21_93_146,r_21_93_146,1.0,11,157,146,65
56,r_15_111_12,seq153,seq99,r_15_111_12,1.0,0,12,12,65
20,r_64_166_17,seq4,r_2_60_60,r_2_60_60,1.0,28,88,60,65
68,r_135_129_147,r_24_43_20,r_31_83_107,r_31_83_107,1.0,64,171,107,65
52,r_156_78_93,r_123_162_106,seq140,r_156_78_93,0.64,2,95,93,65
34,r_65_143_115,r_81_34_162,r_117_29_101,r_117_29_101,0.47,23,124,101,65
60,r_107_138_99,r_157_17_132,r_133_108_24,r_107_138_99,0.98,0,99,99,65
1,r_119_110_22,r_155_137_131,r_19_106_158,r_119_110_22,0.98,1,23,22,65
94,seq91,r_16_13_129,r_0_39_105,r_16_13_129,0.98,0,129,129,65
9,r_23_124_169,seq149,r_113_62_23,r_23_124_169,0.76,0,169,169,65
62,r_164_27_11,r_23_124_169,seq163,r_164_27_11,0.97,0,11,11,65
21,r_113_62_23,r_5_53_42,r_133_108_24,r_113_62_23,0.98,2,25,23,65
22,r_134_12_117,r_47_136_182,r_51_30_43,r_51_30_43,1.0,139,182,43,65
28,r_96_95_183,seq40,r_159_147_34,r_159_147_34,0.66,150,184,34,65
7,r_61_73_53,r_159_147_34,r_32_33_46,r_61_73_53,0.97,0,53,53,65
66,r_116_1_33,seq99,seq48,r_116_1_33,0.98,0,33,33,65
63,r_85_126_160,seq163,r_0_39_105,r_85_126_160,0.51,-103,57,160,65
35,r_37_131_199,r_157_17_132,r_145_41_32,r_37_131_199,1.0,-67,132,199,65
38,r_160_42_55,r_165_52_170,r_14_132_18,r_160_42_55,1.0,3,58,55,65
23,r_159_147_34,r_139_71_37,r_115_28_166,r_115_28_166,0.88,11,177,166,65
84,seq54,r_109_128_176,r_2_60_60,r_2_60_60,1.0,117,177,60,65
22,r_18_132_64,r_143_55_44,r_32_81_188,r_143_55_44,0.95,0,44,44,66
37,r_153_56_53,r_31_51_161,r_13_70_192,r_153_56_53,1.0,3,56,53,66
23,r_83_111_131,r_75_102_57,seq166,r_83_111_131,0.91,13,144,131,66
36,r_0_1_98,r_33_156_156,r_144_26_5,r_0_1_98,0.99,1,99,98,66
26,r_12_36_149,r_44_160_97,seq128,r_12_36_149,0.93,1,150,149,66
14,r_120_109_191,seq16,r_114_141_92,r_114_141_92,1.0,20,112,92,66
30,r_23_10_46,seq15,r_5_39_13,r_23_10_46,1.0,1,47,46,66
43,r_73_60_107,r_89_167_132,r_144_26_5,r_73_60_107,0.96,0,107,107,66
3,r_129_65_35,r_44_160_97,r_98_123_33,r_129_65_35,1.0,0,35,35,66
54,r_127_159_52,r_112_135_182,seq15,r_112_135_182,0.76,-38,144,182,66
19,r_30_100_184,r_99_7_55,r_144_26_5,r_30_100_184,0.79,2,186,184,66
55,r_149_4_160,r_130_41_195,r_97_74_115,r_149_4_160,0.36,0,160,160,66
86,seq53,r_148_8_59,r_107_24_198,r_148_8_59,1.0,2,61,59,66
16,r_148_8_59,seq53,r_110_152_12,r_148_8_59,1.0,2,61,59,66
39,r_35_164_151,seq91,r_44_160_97,r_35_164_151,0.8,0,151,151,66
1,r_67_48_172,r_14_19_86,seq85,r_67_48_172,0.62,0,172,172,66
1,r_67_48_172,seq46,r_14_19_86,r_14_19_86,1.0,-3,83,86,66
5,r_28_133_140,seq68,seq72,r_28_133_140,1.0,0,140,140,66
46,r_105_34_173,seq62,r_58_63_110,r_58_63_110,0.92,64,174,110,66
42,r_106_22_82,seq46,r_107_24_198,r_106_22_82,0.99,0,82,82,66
21,r_140_78_36,r_83_111_131,r_5_39_13,r_140_78_36,1.0,0,36,36,66
10,r_75_102_57,r_73_60_107,r_83_111_131,r_75_102_57,1.0,0,57,57,66
19,r_30_100_184,r_57_147_130,r_99_7_55,r_30_100_184,0.65,-112,72,184,66
15,r_110_152_12,r_158_84_102,r_148_8_59,r_110_152_12,0.57,90,102,12,66
52,r_49_96_183,seq72,r_75_102_57,r_49_96_183,0.77,0,183,183,66
27,r_88_47_136,r_169_2_17,r_99_7_55,r_88_47_136,0.98,0,136,136,66
66,r_33_156_156,r_0_1_98,r_27_52_56,r_33_156_156,0.74,-56,100,156,66
31,r_14_19_86,r_31_51_161,seq15,r_14_19_86,1.0,0,86,86,66
41,r_137_66_150,seq46,seq101,r_137_66_150,0.92,-2,148,150,66
27,r_88_47_136,r_12_36_149,r_169_2_17,r_169_2_17,0.76,0,17,17,66
89,seq72,r_126_43_111,r_28_133_140,r_28_133_140,0.91,7,147,140,66
26,r_12_36_149,r_92_69_147,r_44_160_97,r_44_160_97,0.99,15,112,97,66
4,r_103_151_129,seq20,seq145,r_103_151_129,0.97,0,129,129,66
0,r_57_147_130,r_30_100_184,r_31_51_161,r_57_147_130,0.98,1,131,130,66
63,r_142_95_142,seq134,r_23_10_46,r_142_95_142,0.85,0,142,142,66
38,r_89_167_132,r_64_162_63,seq166,r_89_167_132,0.98,0,132,132,66
61,r_154_108_19,r_98_123_33,r_89_167_132,r_154_108_19,0.91,-1,18,19,66
52,r_49_96_183,r_27_52_56,seq72,r_49_96_183,0.47,-79,104,183,66
99,seq166,r_83_111_131,r_89_167_132,r_89_167_132,0.94,1,133,132,66
50,r_31_51_161,r_153_56_53,r_155_163_18,r_153_56_53,0.78,0,53,53,66
56,r_29_21_24,r_31_51_161,r_138_125_141,r_138_125_141,0.99,0,141,141,66
62,r_44_160_97,r_12_36_149,r_35_164_151,r_44_160_97,1.0,56,153,97,66
48,r_112_135_182,seq46,r_137_66_150,r_137_66_150,0.99,38,188,150,66
23,r_83_111_131,seq116,r_75_102_57,r_75_102_57,0.79,-3,54,57,66
57,r_5_39_13,r_89_167_132,r_130_41_195,r_5_39_13,0.99,1,14,13,66
69,r_98_123_33,seq166,r_129_65_35,r_98_123_33,1.0,1,34,33,66
45,r_99_7_55,r_106_22_82,r_30_100_184,r_99_7_55,1.0,1,56,55,66
64,r_87_139_26,r_58_63_110,seq157,r_87_139_26,0.49,0,26,26,66
62,r_44_160_97,r_42_136_83,r_12_36_149,r_44_160_97,0.82,0,97,97,66
15,r_110_152_12,r_153_56_53,r_158_84_102,r_110_152_12,0.95,1,13,12,66
8,r_104_86_25,r_13_70_192,r_114_141_92,r_104_86_25,0.94,7,32,25,66
10,r_75_102_57,r_83_111_131,r_89_167_132,r_75_102_57,0.55,76,133,57,66
6,r_50_150_38,r_13_70_192,seq134,r_50_150_38,1.0,0,38,38,66
25,r_13_70_192,r_50_150_38,r_105_34_173,r_50_150_38,0.94,0,38,38,66
56,r_29_21_24,r_57_147_130,r_31_51_161,r_29_21_24,0.99,1,25,24,66
95,seq101,r_92_69_147,r_29_21_24,r_29_21_24,0.84,8,32,24,66
2,r_58_63_110,r_138_125_141,r_126_43_111,r_58_63_110,0.81,0,110,110,66
49,r_130_41_195,r_149_4_160,r_5_39_13,r_130_41_195,0.72,-150,45,195,66
47,r_126_43_111,seq72,r_58_63_110,r_58_63_110,0.65,1,111,110,66
18,r_114_141_92,seq157,r_120_109_191,r_114_141_92,0.91,16,108,92,66
29,r_59_113_116,seq72,r_144_26_5,r_59_113_116,0.82,0,116,116,66
17,r_169_2_17,r_103_151_129,r_88_47_136,r_169_2_17,0.98,0,17,17,66
61,r_154_108_19,r_89_167_132,r_121_90_40,r_154_108_19,0.59,67,86,19,66
24,r_124_76_69,r_28_133_140,r_32_81_188,r_124_76_69,1.0,3,72,69,66
40,r_121_90_40,r_57_147_130,r_154_108_19,r_121_90_40,1.0,0,40,40,66
22,r_18_132_64,r_32_81_188,seq40,r_18_132_64,0.74,0,64,64,66
99,seq166,r_98_123_33,r_83_111_131,r_98_123_33,1.0,1,34,33,66
33,r_9_115_1,r_118_11_144,r_54_168_6,r_118_11_144,0.97,0,144,144,66
58,r_165_17_137,r_142_95_142,seq46,r_165_17_137,0.95,0,137,137,66
94,seq94,r_127_159_52,r_87_139_26,r_127_159_52,0.74,0,52,52,66
65,r_42_136_83,r_44_160_97,seq16,r_42_136_83,0.82,2,85,83,66
68,r_92_69_147,r_31_51_161,r_54_168_6,r_92_69_147,0.96,1,148,147,66
20,r_143_55_44,r_18_132_64,r_31_51_161,r_143_55_44,1.0,0,44,44,66
66,r_33_156_156,r_27_52_56,seq101,r_33_156_156,1.0,2,158,156,66
59,r_122_3_49,r_149_4_160,seq79,r_122_3_49,0.96,0,49,49,66
38,r_89_167_132,r_73_60_107,r_64_162_63,r_64_162_63,0.97,44,107,63,66
23,r_83_111_131,r_140_78_36,seq116,r_140_78_36,0.97,0,36,36,66
52,r_49_96_183,r_59_113_116,r_27_52_56,r_27_52_56,1.0,6,62,56,66
57,r_5_39_13,r_130_41_195,r_23_10_46,r_23_10_46,1.0,105,151,46,66
45,r_99_7_55,r_30_100_184,r_114_141_92,r_30_100_184,0.59,2,186,184,66
60,r_27_52_56,seq145,seq157,r_27_52_56,1.0,0,56,56,66
9,r_37_82_135,seq25,r_169_2_17,r_37_82_135,0.58,0,135,135,66
51,r_155_163_18,r_142_95_142,r_31_51_161,r_155_163_18,0.99,0,18,18,66
96,seq116,r_83_111_131,seq166,r_83_111_131,0.79,-3,128,131,66
28,r_158_84_102,seq6,seq25,r_158_84_102,0.9,0,102,102,66
54,r_127_159_52,seq94,r_112_135_182,r_127_159_52,1.0,0,52,52,66
7,r_32_81_188,r_107_24_198,r_124_76_69,r_124_76_69,1.0,23,92,69,66
44,r_118_11_144,r_9_115_1,r_107_24_198,r_118_11_144,0.48,0,144,144,66
94,seq94,r_87_139_26,r_58_63_110,r_58_63_110,1.0,32,142,110,66
17,r_169_2_17,r_88_47_136,r_57_147_130,r_169_2_17,0.93,119,136,17,66
75,seq145,r_140_78_36,r_103_151_129,r_103_151_129,1.0,2,131,129,66
35,r_93_61_95,seq85,r_31_51_161,r_93_61_95,1.0,0,95,95,66
12,r_138_125_141,seq91,r_29_21_24,r_138_125_141,0.78,0,141,141,66
25,r_13_70_192,r_105_34_173,r_153_56_53,r_153_56_53,0.99,-2,51,53,66
95,seq101,r_29_21_24,r_137_66_150,r_137_66_150,0.84,0,150,150,66
51,r_47_125_189,seq144,r_99_28_1,r_99_28_1,0.53,188,189,1,67
36,r_64_114_102,r_74_70_160,seq82,r_64_114_102,0.77,0,102,102,67
56,r_23_9_34,r_155_57_18,seq73,r_23_9_34,0.99,0,34,34,67
14,r_7_2_194,r_106_140_142,r_55_109_35,r_7_2_194,0.91,-109,85,194,67
8,r_127_75_80,r_17_83_81,r_101_69_28,r_127_75_80,0.99,2,82,80,67
54,r_117_131_69,r_138_133_164,seq82,r_117_131_69,0.67,5,74,69,67
37,r_148_147_148,r_138_133_164,seq144,r_138_133_164,0.54,-16,148,164,67
41,r_32_134_124,r_7_2_194,r_25_72_15,r_32_134_124,0.54,-106,18,124,67
59,r_46_93_176,r_104_137_172,r_38_44_63,r_38_44_63,1.0,14,77,63,67
21,r_126_18_133,seq20,r_155_57_18,r_126_18_133,0.92,0,133,133,67
29,r_71_4_13,r_74_70_160,seq62,r_71_4_13,1.0,0,13,13,67
46,r_30_110_126,r_63_103_106,seq120,r_63_103_106,1.0,1,107,106,67
42,r_37_42_128,seq108,r_24_27_36,r_24_27_36,0.7,93,129,36,67
69,r_123_98_96,r_37_42_128,r_154_130_64,r_154_130_64,0.67,4,68,64,67
25,r_41_10_41,r_56_3_123,seq161,r_41_10_41,1.0,0,41,41,67
19,r_49_6_182,seq76,r_80_52_39,r_80_52_39,0.82,143,182,39,67
45,r_158_129_32,r_21_84_162,seq159,r_158_129_32,0.77,0,32,32,67
27,r_25_72_15,r_32_134_124,seq153,r_32_134_124,0.8,2,126,124,67
26,r_105_119_197,r_135_0_100,r_128_160_44,r_105_119_197,0.81,-144,53,197,67
30,r_59_111_29,seq118,seq82,r_59_111_29,0.88,4,33,29,67
10,r_26_168_150,r_34_88_88,seq144,r_34_88_88,0.95,0,88,88,67
90,seq82,seq153,r_117_131_69,r_117_131_69,0.77,20,89,69,67
16,r_167_124_54,r_79_149_169,r_106_140_142,r_167_124_54,0.97,115,169,54,67
12,r_24_27_36,seq62,seq143,r_24_27_36,1.0,0,36,36,67
27,r_25_72_15,r_126_18_133,r_32_134_124,r_25_72_15,0.97,0,15,15,67
4,r_53_85_95,r_138_133_164,r_23_9_34,r_53_85_95,0.73,0,95,95,67
16,r_167_124_54,r_148_147_148,r_79_149_169,r_167_124_54,0.99,3,57,54,67
11,r_33_45_110,r_49_6_182,r_91_97_145,r_33_45_110,0.76,0,110,110,67
47,r_79_149_169,r_81_95_114,r_167_124_54,r_79_149_169,0.98,-115,54,169,67
5,r_15_150_16,r_35_113_61,seq8,r_15_150_16,0.96,-2,14,16,67
98,seq120,r_56_3_123,r_30_110_126,r_56_3_123,1.0,0,123,123,67
15,r_35_113_61,seq153,r_24_27_36,r_35_113_61,0.97,33,94,61,67
57,r_19_164_76,r_7_2_194,r_29_1_121,r_19_164_76,0.92,0,76,76,67
6,r_74_70_160,r_64_114_102,seq151,r_64_114_102,1.0,0,102,102,67
9,r_156_12_40,r_155_57_18,seq66,r_156_12_40,0.94,-3,37,40,67
62,r_38_44_63,r_30_110_126,r_46_93_176,r_38_44_63,1.0,0,63,63,67
63,r_139_142_24,seq62,seq116,r_139_142_24,1.0,1,25,24,67
72,seq14,r_17_83_81,r_106_140_142,r_106_140_142,0.74,28,170,142,67
10,r_26_168_150,seq144,r_64_114_102,r_26_168_150,0.86,0,150,150,67
87,seq73,r_104_137_172,r_23_9_34,r_23_9_34,0.81,16,50,34,67
44,r_121_112_25,r_126_18_133,seq161,r_126_18_133,0.98,-101,32,133,67
2,r_34_88_88,r_26_168_150,r_23_9_34,r_26_168_150,0.87,-62,88,150,67
41,r_32_134_124,r_25_72_15,r_30_110_126,r_32_134_124,0.98,0,124,124,67
24,r_36_86_127,r_78_90_37,r_34_88_88,r_34_88_88,0.59,44,132,88,67
7,r_101_69_28,r_41_10_41,seq159,r_101_69_28,0.85,0,28,28,67
64,r_61_65_85,r_30_110_126,seq73,r_61_65_85,1.0,1,86,85,67
47,r_79_149_169,r_167_124_54,r_29_1_121,r_167_124_54,0.44,115,169,54,67
50,r_13_94_147,seq73,r_19_164_76,r_13_94_147,0.89,1,148,147,67
58,r_21_84_162,seq107,r_33_45_110,r_33_45_110,0.94,55,165,110,67
57,r_19_164_76,r_29_1_121,r_17_83_81,r_29_1_121,1.0,1,122,121,67
6,r_74_70_160,seq151,seq146,r_74_70_160,0.98,2,162,160,67
65,r_17_83_81,r_91_97_145,r_30_110_126,r_17_83_81,0.95,0,81,81,67
68,r_104_137_172,seq159,r_21_84_162,r_104_137_172,0.59,1,173,172,67
61,r_63_103_106,r_30_110_126,r_127_75_80,r_63_103_106,0.41,1,107,106,67
32,r_16_145_157,seq144,r_13_94_147,r_16_145_157,0.65,0,157,157,67
53,r_40_132_46,r_56_3_123,seq159,r_40_132_46,1.0,0,46,46,67
0,r_80_52_39,seq11,seq159,r_80_52_39,0.93,0,39,39,67
38,r_106_140_142,r_7_2_194,seq14,r_7_2_194,0.53,-48,146,194,67
34,r_67_141_125,r_91_97_145,r_155_57_18,r_155_57_18,0.79,112,130,18,67
69,r_123_98_96,r_154_130_64,seq122,r_123_98_96,0.68,3,99,96,67
60,r_31_96_190,seq107,r_128_160_44,r_128_160_44,1.0,146,190,44,67
17,r_169_5_11,r_101_69_28,r_34_88_88,r_169_5_11,0.95,0,11,11,67
35,r_55_109_35,seq43,r_7_2_194,r_55_109_35,1.0,0,35,35,67
11,r_33_45_110,r_91_97_145,r_21_84_162,r_33_45_110,0.67,21,131,110,67
1,r_128_160_44,r_117_131_69,r_165_50_7,r_128_160_44,0.99,0,44,44,67
22,r_154_130_64,r_7_2_194,seq108,r_154_130_64,0.86,10,74,64,67
28,r_136_60_108,r_36_86_127,r_34_88_88,r_34_88_88,1.0,20,108,88,67
49,r_162_166_115,r_29_1_121,r_64_114_102,r_29_1_121,0.88,-5,116,121,67
17,r_169_5_11,r_34_88_88,seq144,r_34_88_88,1.0,0,88,88,67
93,seq95,r_8_125_174,r_54_72_63,r_54_72_63,1.0,111,174,63,68
30,r_62_57_182,r_83_119_80,r_112_101_72,r_83_119_80,0.79,0,80,80,68
51,r_135_138_116,seq140,seq14,r_135_138_116,0.95,1,117,116,68
36,r_21_34_163,r_133_27_158,r_121_28_22,r_121_28_22,0.99,136,158,22,68
22,r_121_28_22,seq127,r_13_42_164,r_121_28_22,0.86,20,42,22,68
57,r_168_4_115,seq20,r_41_0_23,r_41_0_23,0.97,20,43,23,68
8,r_144_7_89,seq97,r_15_139_169,r_144_7_89,1.0,0,89,89,68
53,r_19_130_150,seq39,r_80_30_121,r_19_130_150,0.36,0,150,150,68
54,r_131_98_65,r_100_143_145,r_159_94_13,r_100_143_145,0.89,-80,65,145,68
37,r_107_37_75,seq97,r_111_84_165,r_107_37_75,1.0,2,77,75,68
59,r_46_161_91,seq93,r_41_0_23,r_46_161_91,0.66,0,91,91,68
16,r_80_30_121,r_25_86_12,r_128_137_8,r_80_30_121,0.86,3,124,121,68
21,r_154_132_106,r_35_48_166,r_83_119_80,r_35_48_166,1.0,-59,107,166,68
1,r_40_120_96,seq95,seq75,r_40_120_96,1.0,0,96,96,68
5,r_85_53_137,r_111_84_165,r_69_106_87,r_69_106_87,1.0,54,141,87,68
42,r_116_160_11,r_25_86_12,r_43_156_153,r_25_86_12,0.49,138,150,12,68
50,r_38_136_34,seq33,seq169,r_38_136_34,1.0,0,34,34,68
7,r_54_72_63,r_55_9_147,seq95,r_55_9_147,0.9,9,156,147,68
69,r_66_164_132,seq124,r_121_28_22,r_66_164_132,0.99,0,132,132,68
45,r_13_42_164,r_121_28_22,r_100_143_145,r_100_143_145,0.96,19,164,145,68
13,r_70_167_85,seq127,seq33,r_70_167_85,0.43,-34,51,85,68
24,r_35_48_166,r_69_106_87,r_24_163_118,r_35_48_166,1.0,0,166,166,68
13,r_70_167_85,seq33,r_61_153_40,r_70_167_85,0.66,-3,82,85,68
43,r_141_123_197,r_88_115_49,seq33,r_88_115_49,1.0,0,49,49,68
27,r_15_139_169,r_144_7_89,seq75,r_15_139_169,0.98,0,169,169,68
66,r_129_79_113,seq97,r_128_137_8,r_129_79_113,1.0,1,114,113,68
76,seq147,r_2_151_76,r_159_94_13,r_2_151_76,1.0,1,77,76,68
39,r_114_31_48,r_12_157_124,r_83_119_80,r_12_157_124,0.85,4,128,124,68
31,r_76_81_82,r_21_34_163,r_61_153_40,r_76_81_82,1.0,0,82,82,68
41,r_111_84_165,r_85_53_137,r_107_37_75,r_107_37_75,1.0,66,141,75,68
17,r_90_162_25,seq97,r_155_59_55,r_155_59_55,1.0,11,66,55,68
67,r_12_157_124,r_114_31_48,r_46_161_91,r_12_157_124,0.99,0,124,124,68
47,r_32_102_39,r_146_118_44,seq17,r_32_102_39,1.0,1,40,39,68
26,r_22_60_59,seq169,r_146_118_44,r_22_60_59,0.91,3,62,59,68
8,r_144_7_89,r_15_139_169,seq110,r_15_139_169,1.0,0,169,169,68
4,r_16_67_99,seq6,r_61_153_40,r_16_67_99,0.99,0,99,99,68
67,r_12_157_124,r_54_72_63,r_114_31_48,r_12_157_124,1.0,-75,49,124,68
78,seq23,r_148_56_188,r_117_78_42,r_117_78_42,1.0,146,188,42,68
0,r_104_109_81,r_100_143_145,r_32_102_39,r_104_109_81,0.98,2,83,81,68
63,r_55_9_147,r_8_125_174,r_54_72_63,r_54_72_63,1.0,1,64,63,68
11,r_64_11_140,r_165_89_173,r_152_71_26,r_64_11_140,0.61,2,142,140,68
15,r_83_119_80,r_62_57_182,r_90_162_25,r_83_119_80,1.0,0,80,80,68
6,r_100_143_145,seq142,r_141_123_197,r_100_143_145,0.97,0,145,145,68
2,r_69_106_87,r_35_48_166,r_85_53_137,r_35_48_166,0.9,0,166,166,68
99,seq127,r_150_45_159,r_82_73_31,r_82_73_31,0.77,128,159,31,68
75,seq17,r_126_29_143,r_32_102_39,r_32_102_39,1.0,1,40,39,68
27,r_15_139_169,seq124,r_144_7_89,r_144_7_89,1.0,15,104,89,68
12,r_117_78_42,r_54_72_63,seq23,r_117_78_42,0.68,1,43,42,68
87,seq51,r_126_29_143,r_104_109_81,r_104_109_81,0.68,64,145,81,68
22,r_121_28_22,r_13_42_164,r_66_164_132,r_66_164_132,0.59,1,133,132,68
2,r_69_106_87,r_5_149_134,r_35_48_166,r_69_106_87,1.0,0,87,87,68
40,r_2_151_76,seq147,r_61_153_40,r_2_151_76,0.88,1,77,76,68
74,seq14,r_18_63_171,r_135_138_116,r_135_138_116,1.0,60,176,116,68
24,r_35_48_166,r_154_132_106,r_69_106_87,r_35_48_166,0.89,-67,99,166,68
43,r_141_123_197,seq33,r_100_143_145,r_100_143_145,0.91,6,151,145,68
48,r_41_0_23,r_168_4_115,r_46_161_91,r_46_161_91,1.0,28,119,91,68
17,r_90_162_25,r_121_28_22,seq97,r_90_162_25,0.77,13,38,25,68
64,r_126_29_143,seq51,seq145,r_126_29_143,0.53,2,145,143,68
46,r_74_108_32,r_83_119_80,seq6,r_74_108_32,1.0,0,32,32,68
65,r_99_65_162,seq92,r_46_161_91,r_46_161_91,1.0,70,161,91,68
32,r_91_166_86,r_148_56_188,r_61_153_40,r_91_166_86,1.0,1,87,86,68
38,r_112_101_72,r_15_139_169,r_62_57_182,r_112_101_72,0.55,1,73,72,68
25,r_159_94_13,r_1_122_131,r_2_151_76,r_159_94_13,0.8,-2,11,13,68
77,seq20,r_168_4_115,r_24_163_118,r_168_4_115,0.89,0,115,115,68
57,r_168_4_115,r_41_0_23,seq134,r_168_4_115,0.97,0,115,115,68
34,r_148_56_188,seq23,r_154_132_106,r_148_56_188,0.3,0,188,188,68
48,r_41_0_23,r_152_71_26,r_168_4_115,r_41_0_23,0.99,0,23,23,68
19,r_152_71_26,r_46_161_91,r_25_86_12,r_152_71_26,1.0,0,26,26,68
25,r_159_94_13,r_2_151_76,r_131_98_65,r_2_151_76,0.98,1,77,76,68
63,r_55_9_147,r_54_72_63,r_46_161_91,r_46_161_91,0.73,56,147,91,68
58,r_25_86_12,r_80_30_121,r_47_96_30,r_47_96_30,1.0,5,35,30,68
28,r_150_45_159,seq127,r_5_149_134,r_150_45_159,0.76,0,159,159,68
20,r_82_73_31,r_168_4_115,seq127,r_82_73_31,1.0,0,31,31,68
33,r_88_115_49,r_141_123_197,seq142,r_88_115_49,1.0,0,49,49,68
56,r_155_59_55,r_22_60_59,r_90_162_25,r_155_59_55,1.0,0,55,55,68
7,r_54_72_63,seq97,r_55_9_147,r_54_72_63,1.0,0,63,63,68
39,r_114_31_48,r_46_161_91,r_12_157_124,r_114_31_48,1.0,0,48,48,68
18,r_61_153_40,r_46_161_91,seq97,r_61_153_40,1.0,0,40,40,68
82,seq134,seq158,r_168_4_115,r_168_4_115,0.83,15,130,115,68
79,seq26,r_21_34_163,r_5_149_134,r_21_34_163,0.8,0,163,163,68
84,seq169,r_22_60_59,r_38_136_34,r_38_136_34,0.73,27,61,34,68
61,r_47_96_30,r_126_29_143,r_152_71_26,r_126_29_143,0.56,-113,30,143,68
22,r_155_160_23,r_67_140_43,r_120_68_6,r_67_140_43,0.9,1,44,43,69
30,r_134_21_171,r_88_109_176,r_45_5_40,r_134_21_171,0.76,0,171,171,69
44,r_113_74_175,r_27_87_55,r_49_153_75,r_113_74_175,0.8,3,178,175,69
51,r_50_75_96,seq77,r_28_64_185,r_50_75_96,0.9,8,104,96,69
8,r_132_61_118,r_142_130_101,seq150,r_132_61_118,0.99,0,118,118,69
43,r_42_114_125,r_134_21_171,r_157_86_46,r_42_114_125,0.97,0,125,125,69
59,r_148_131_145,r_20_164_170,r_129_90_70,r_129_90_70,0.66,76,146,70,69
21,r_76_1_179,seq149,r_79_121_141,r_76_1_179,0.39,0,179,179,69
39,r_145_127_113,r_142_130_101,r_107_19_5,r_145_127_113,0.9,0,113,113,69
5,r_94_16_116,r_159_71_174,r_116_54_11,r_94_16_116,0.99,0,116,116,69
46,r_88_109_176,r_134_21_171,r_152_84_193,r_88_109_176,0.61,-5,171,176,69
42,r_144_46_167,r_17_112_165,r_79_121_141,r_79_121_141,0.63,26,167,141,69
56,r_154_29_37,r_28_64_185,r_139_59_199,r_154_29_37,0.99,3,40,37,69
50,r_100_48_50,seq7,r_103_92_1,r_100_48_50,0.97,0,50,50,69
15,r_97_118_18,r_104_62_38,seq7,r_97_118_18,0.99,-2,16,18,69
24,r_116_54_11,r_15_89_123,r_0_93_95,r_116_54_11,1.0,86,97,11,69
19,r_35_31_86,r_113_74_175,seq4,r_35_31_86,1.0,0,86,86,69
15,r_97_118_18,seq7,r_108_44_94,r_108_44_94,0.95,2,96,94,69
66,r_129_90_70,r_134_21_171,r_39_141_198,r_129_90_70,1.0,1,71,70,69
76,seq149,r_76_1_179,seq26,r_76_1_179,0.71,0,179,179,69
1,r_95_122_47,r_2_163_139,seq47,r_2_163_139,0.83,-92,47,139,69
36,r_27_87_55,r_17_112_165,r_142_130_101,r_27_87_55,0.92,0,55,55,69
31,r_2_163_139,r_39_141_198,seq4,r_2_163_139,0.98,1,140,139,69
41,r_78_124_124,r_159_71_174,r_12_53_61,r_78_124_124,0.92,2,126,124,69
67,r_81_168_103,r_17_112_165,seq7,r_81_168_103,0.98,0,103,103,69
10,r_23_43_10,r_134_21_171,seq18,r_23_43_10,0.98,3,13,10,69
3,r_11_56_14,r_66_83_100,r_49_153_75,r_11_56_14,0.94,75,89,14,69
17,r_28_64_185,r_49_153_75,r_142_130_101,r_28_64_185,0.76,0,185,185,69
47,r_41_80_13,r_27_87_55,r_155_160_23,r_41_80_13,0.92,-1,12,13,69
38,r_139_59_199,r_116_54_11,r_154_29_37,r_154_29_37,1.0,2,39,37,69
26,r_151_133_181,seq111,r_49_153_75,r_151_133_181,0.48,0,181,181,69
78,seq24,seq91,r_67_140_43,r_67_140_43,1.0,90,133,43,69
11,r_125_105_166,r_52_137_164,r_57_55_80,r_57_55_80,0.71,86,166,80,69
13,r_66_83_100,r_11_56_14,r_107_19_5,r_66_83_100,0.94,15,115,100,69
48,r_108_44_94,r_142_130_101,r_97_118_18,r_108_44_94,0.97,6,100,94,69
20,r_63_72_51,r_103_92_1,seq7,r_63_72_51,0.98,1,52,51,69
57,r_0_93_95,r_110_14_147,r_116_54_11,r_0_93_95,1.0,1,96,95,69
62,r_138_85_129,r_28_64_185,r_13_166_126,r_138_85_129,1.0,0,129,129,69
7,r_104_62_38,r_103_92_1,seq147,r_104_62_38,0.84,1,39,38,69
27,r_146_119_112,seq8,seq32,r_146_119_112,1.0,0,112,112,69
51,r_50_75_96,r_28_64_185,r_159_71_174,r_159_71_174,0.6,12,186,174,69
60,r_45_5_40,r_94_16_116,r_20_164_170,r_45_5_40,1.0,0,40,40,69
2,r_49_153_75,r_145_127_113,r_11_56_14,r_49_153_75,0.99,1,76,75,69
29,r_157_86_46,r_100_48_50,seq8,r_157_86_46,1.0,1,47,46,69
25,r_126_40_93,r_52_137_164,r_134_21_171,r_126_40_93,0.86,2,95,93,69
33,r_25_69_2,r_155_160_23,r_58_37_65,r_58_37_65,1.0,24,89,65,69
64,r_3_158_111,r_76_1_179,r_145_127_113,r_3_158_111,0.96,2,113,111,69
58,r_58_37_65,r_110_14_147,r_25_69_2,r_58_37_65,0.7,0,65,65,69
61,r_20_164_170,r_148_131_145,r_45_5_40,r_45_5_40,1.0,106,146,40,69
32,r_96_115_63,r_82_9_178,seq111,r_96_115_63,1.0,0,63,63,69
52,r_15_89_123,r_139_59_199,r_134_21_171,r_15_89_123,0.86,0,123,123,69
4,r_67_140_43,r_155_160_23,seq24,r_67_140_43,0.98,1,44,43,69
34,r_159_71_174,seq4,r_50_75_96,r_159_71_174,0.6,1,175,174,69
52,r_15_89_123,r_134_21_171,r_52_137_164,r_15_89_123,1.0,43,166,123,69
24,r_116_54_11,r_104_62_38,r_15_89_123,r_116_54_11,0.95,2,13,11,69
17,r_28_64_185,r_138_85_129,r_49_153_75,r_28_64_185,0.94,-56,129,185,69
25,r_126_40_93,r_134_21_171,r_52_137_164,r_126_40_93,1.0,78,171,93,69
61,r_20_164_170,r_45_5_40,r_107_19_5,r_45_5_40,0.63,131,171,40,69
9,r_57_55_80,r_142_130_101,r_139_59_199,r_57_55_80,0.99,0,80,80,69
29,r_157_86_46,seq8,r_42_114_125,r_42_114_125,1.0,17,142,125,69
28,r_110_14_147,seq111,r_49_153_75,r_110_14_147,0.91,0,147,147,69
49,r_156_136_76,r_132_61_118,r_155_160_23,r_156_136_76,0.47,0,76,76,69
55,r_60_65_42,seq161,seq77,r_60_65_42,1.0,0,42,42,69
44,r_113_74_175,r_35_31_86,r_27_87_55,r_35_31_86,0.79,1,87,86,69
23,r_52_137_164,r_126_40_93,r_103_92_1,r_126_40_93,1.0,2,95,93,69
60,r_45_5_40,r_20_164_170,r_134_21_171,r_45_5_40,0.53,131,171,40,69
23,r_52_137_164,r_103_92_1,r_15_89_123,r_52_137_164,0.96,0,164,164,69
30,r_53_116_137,r_101_69_182,r_58_54_89,r_58_54_89,0.68,1,90,89,70
51,r_37_144_174,r_92_155_164,r_102_4_181,r_92_155_164,0.68,-103,61,164,70
36,r_136_131_187,r_92_155_164,r_132_74_29,r_132_74_29,0.72,136,165,29,70
30,r_53_116_137,r_58_54_89,r_83_142_54,r_53_116_137,1.0,0,137,137,70
92,seq86,r_141_46_128,seq145,r_141_46_128,0.55,1,129,128,70
41,r_139_26_18,r_127_63_58,seq8,r_139_26_18,0.62,-1,17,18,70
14,r_141_46_128,seq86,r_132_74_29,r_141_46_128,0.85,1,129,128,70
67,r_40_60_190,r_90_158_140,r_106_15_36,r_106_15_36,0.98,0,36,36,70
53,r_133_48_149,r_77_30_152,r_132_74_29,r_133_48_149,0.84,1,150,149,70
43,r_80_64_115,r_138_42_2,r_109_95_56,r_80_64_115,0.96,1,116,115,70
18,r_153_118_16,r_22_20_69,r_81_36_6,r_153_118_16,0.71,0,16,16,70
54,r_52_134_34,r_101_69_182,seq65,r_52_134_34,0.99,-1,33,34,70
28,r_143_57_22,r_68_70_47,r_124_43_192,r_143_57_22,0.98,-1,21,22,70
19,r_98_96_26,seq2,r_168_163_117,r_168_163_117,0.84,3,120,117,70
26,r_101_69_182,r_53_116_137,seq165,r_53_116_137,0.94,-85,52,137,70
16,r_85_6_134,seq160,r_113_169_52,r_85_6_134,0.56,0,134,134,70
21,r_67_111_122,r_87_120_132,r_106_15_36,r_87_120_132,0.74,-10,122,132,70
1,r_7_49_179,seq38,r_85_6_134,r_85_6_134,0.93,46,180,134,70
5,r_82_56_183,r_88_55_109,r_78_140_72,r_88_55_109,0.8,0,109,109,70
36,r_136_131_187,r_132_74_29,r_82_56_183,r_136_131_187,0.92,2,189,187,70
45,r_51_121_141,seq160,r_156_97_138,r_51_121_141,0.83,2,143,141,70
61,r_45_75_10,r_164_162_98,r_62_28_186,r_45_75_10,0.91,0,10,10,70
0,r_81_36_6,r_109_95_56,r_25_146_48,r_81_36_6,0.99,43,49,6,70
15,r_73_148_39,r_53_116_137,r_87_120_132,r_73_148_39,0.98,94,133,39,70
47,r_113_169_52,r_150_157_176,seq16,r_113_169_52,1.0,0,52,52,70
52,r_21_12_11,r_156_97_138,seq13,r_21_12_11,0.98,-1,10,11,70
66,r_50_19_130,seq99,seq17,r_50_19_130,0.56,3,133,130,70
37,r_106_15_36,r_83_142_54,r_40_60_190,r_40_60_190,1.0,-154,36,190,70
38,r_132_74_29,r_92_155_164,r_133_48_149,r_132_74_29,0.9,136,165,29,70
55,r_93_29_27,r_62_28_186,r_143_57_22,r_93_29_27,0.68,0,27,27,70
87,seq38,r_129_35_170,r_83_142_54,r_83_142_54,1.0,0,54,54,70
67,r_40_60_190,r_106_15_36,r_22_20_69,r_106_15_36,0.37,154,190,36,70
89,seq161,r_124_43_192,r_93_29_27,r_93_29_27,0.74,121,148,27,70
3,r_102_4_181,seq13,r_137_152_155,r_137_152_155,0.54,26,181,155,70
10,r_94_72_107,seq9,r_164_162_98,r_164_162_98,0.97,9,107,98,70
63,r_78_140_72,seq99,r_82_56_183,r_78_140_72,0.74,17,89,72,70
38,r_132_74_29,r_80_64_115,r_92_155_164,r_132_74_29,0.99,0,29,29,70
73,seq9,r_94_72_107,r_117_66_64,r_117_66_64,0.96,0,64,64,70
11,r_114_147_100,r_88_55_109,seq17,r_114_147_100,0.8,2,102,100,70
20,r_167_154_71,r_78_140_72,r_45_75_10,r_167_154_71,0.84,18,89,71,70
19,r_98_96_26,r_24_79_142,seq2,r_98_96_26,0.75,1,27,26,70
50,r_127_63_58,r_139_26_18,r_153_118_16,r_127_63_58,0.68,-41,17,58,70
13,r_61_130_80,seq16,r_128_1_5,r_61_130_80,1.0,0,80,80,70
98,seq123,r_137_152_155,r_32_59_31,r_32_59_31,0.84,127,158,31,70
48,r_128_1_5,r_150_157_176,r_61_130_80,r_61_130_80,1.0,33,113,80,70
57,r_47_105_106,seq160,seq33,r_47_105_106,0.99,1,107,106,70
6,r_88_55_109,r_82_56_183,seq160,r_88_55_109,0.88,0,109,109,70
62,r_90_158_140,r_40_60_190,seq31,r_90_158_140,0.96,0,140,140,70
51,r_37_144_174,r_136_131_187,r_67_111_122,r_37_144_174,0.94,0,174,174,70
31,r_68_70_47,r_128_1_5,seq11,r_68_70_47,1.0,1,48,47,70
5,r_82_56_183,r_78_140_72,seq166,r_82_56_183,0.7,0,183,183,70
27,r_71_39_108,r_0_107_148,seq27,r_71_39_108,0.99,0,108,108,70
51,r_37_144_174,r_102_4_181,r_136_131_187,r_37_144_174,0.31,-27,147,174,70
56,r_126_91_25,r_127_63_58,r_115_100_12,r_126_91_25,0.88,0,25,25,70
35,r_109_95_56,r_81_36_6,seq119,r_109_95_56,0.77,0,56,56,70
2,r_92_155_164,r_136_131_187,r_5_41_112,r_5_41_112,0.79,53,165,112,70
15,r_73_148_39,r_25_146_48,r_53_116_137,r_73_148_39,1.0,0,39,39,70
40,r_104_151_81,r_62_28_186,r_25_146_48,r_104_151_81,1.0,0,81,81,70
29,r_138_42_2,r_80_64_115,r_58_54_89,r_138_42_2,0.73,114,116,2,70
33,r_5_41_112,seq14,r_58_54_89,r_5_41_112,0.81,1,113,112,70
64,r_117_66_64,r_24_79_142,seq9,r_117_66_64,1.0,0,64,64,70
34,r_87_120_132,r_109_95_56,r_73_148_39,r_87_120_132,0.6,1,133,132,70
65,r_168_163_117,r_80_64_115,r_98_96_26,r_168_163_117,0.68,-3,114,117,70
46,r_83_142_54,r_150_157_176,seq38,r_83_142_54,1.0,-1,53,54,70
88,seq65,r_159_44_171,r_52_134_34,r_52_134_34,1.0,-2,32,34,70
34,r_87_120_132,r_67_111_122,r_109_95_56,r_87_120_132,0.51,-10,122,132,70
60,r_58_54_89,r_0_107_148,seq165,r_58_54_89,0.55,14,103,89,70
17,r_149_122_188,seq16,r_102_4_181,r_102_4_181,0.87,8,189,181,70
9,r_22_20_69,seq166,r_139_26_18,r_22_20_69,1.0,0,69,69,70
63,r_78_140_72,r_82_56_183,r_150_157_176,r_78_140_72,0.58,102,174,72,70
26,r_101_69_182,seq165,r_164_162_98,r_164_162_98,1.0,84,182,98,70
37,r_106_15_36,r_40_60_190,r_67_111_122,r_67_111_122,0.99,68,190,122,70
49,r_32_59_31,r_67_111_122,seq123,r_32_59_31,0.99,-1,30,31,70
22,r_129_35_170,seq38,seq76,r_129_35_170,0.71,0,170,170,70
59,r_124_43_192,seq161,r_143_57_22,r_143_57_22,0.82,0,22,22,70
58,r_62_28_186,r_104_151_81,r_45_75_10,r_62_28_186,0.92,-169,17,186,70
7,r_164_162_98,seq16,seq3,r_164_162_98,0.99,0,98,98,70
23,r_159_44_171,seq65,r_138_42_2,r_138_42_2,0.76,171,173,2,70
79,seq17,seq23,r_114_147_100,r_114_147_100,0.84,0,100,100,70
12,r_24_79_142,seq8,r_138_42_2,r_24_79_142,1.0,1,143,142,70
39,r_25_146_48,seq34,r_81_36_6,r_25_146_48,1.0,2,50,48,70
36,r_154_84_140,r_33_117_15,r_11_74_86,r_33_117_15,0.9,125,140,15,71
8,r_1_37_110,r_127_112_90,seq17,r_1_37_110,0.75,1,111,110,71
43,r_113_28_80,r_161_134_103,r_148_24_28,r_161_134_103,0.77,-23,80,103,71
37,r_159_95_137,r_169_140_14,r_128_70_111,r_128_70_111,0.57,26,137,111,71
59,r_115_114_89,r_7_22_166,seq50,r_115_114_89,0.9,5,94,89,71
55,r_111_73_176,r_46_56_193,r_154_84_140,r_154_84_140,0.9,36,176,140,71
86,seq49,r_166_27_145,r_126_98_6,r_166_27_145,0.6,1,146,145,71
16,r_41_107_132,r_46_56_193,r_167_58_153,r_41_107_132,0.73,0,132,132,71
21,r_87_143_121,r_7_22_166,r_4_108_100,r_87_143_121,0.99,0,121,121,71
1,r_82_8_169,seq50,r_99_40_155,r_82_8_169,0.44,2,171,169,71
42,r_30_118_71,r_69_105_94,r_31_57_177,r_30_118_71,0.98,0,71,71,71
30,r_13_123_44,seq97,r_61_77_17,r_13_123_44,1.0,0,44,44,71
19,r_7_22_166,r_87_143_121,r_21_150_65,r_7_22_166,0.71,-45,121,166,71
95,seq103,r_12_79_159,r_126_98_6,r_12_79_159,0.84,-56,103,159,71
66,r_127_112_90,r_1_37_110,r_69_105_94,r_127_112_90,1.0,19,109,90,71
60,r_148_24_28,r_161_134_103,r_151_60_68,r_148_24_28,0.95,0,28,28,71
39,r_65_93_25,r_31_57_177,r_102_66_178,r_65_93_25,1.0,0,25,25,71
38,r_11_74_86,r_144_44_98,r_154_84_140,r_154_84_140,1.0,1,141,140,71
8,r_1_37_110,seq17,seq39,r_1_37_110,0.47,26,136,110,71
31,r_4_108_100,r_99_40_155,r_96_76_22,r_99_40_155,0.71,-54,101,155,71
24,r_161_134_103,r_31_57_177,r_169_140_14,r_161_134_103,0.93,0,103,103,71
41,r_109_51_126,r_14_29_163,seq120,r_109_51_126,1.0,0,126,126,71
67,r_162_156_131,r_78_52_180,r_67_94_3,r_162_156_131,0.55,6,137,131,71
53,r_169_140_14,r_26_110_87,seq85,r_169_140_14,0.61,3,17,14,71
26,r_116_43_143,r_2_48_179,r_132_90_127,r_2_48_179,0.95,-36,143,179,71
78,seq19,r_36_15_141,r_155_152_124,r_155_152_124,0.72,22,146,124,71
20,r_3_64_184,seq125,r_87_143_121,r_3_64_184,0.54,0,184,184,71
13,r_132_90_127,r_144_44_98,r_18_83_175,r_132_90_127,0.82,0,127,127,71
56,r_149_129_78,r_99_40_155,r_164_130_167,r_149_129_78,0.89,80,158,78,71
15,r_128_70_111,seq146,r_163_141_85,r_163_141_85,1.0,22,107,85,71
48,r_106_59_77,r_36_15_141,r_113_28_80,r_106_59_77,0.74,2,79,77,71
57,r_46_56_193,r_41_107_132,r_33_117_15,r_41_107_132,1.0,-47,85,132,71
52,r_2_48_179,r_69_105_94,r_87_143_121,r_2_48_179,1.0,1,180,179,71
6,r_100_54_101,r_36_15_141,seq153,r_100_54_101,1.0,0,101,101,71
62,r_80_92_183,r_139_104_4,r_36_15_141,r_139_104_4,0.35,179,183,4,71
63,r_61_77_17,r_34_16_76,r_151_60_68,r_34_16_76,0.59,0,76,76,71
31,r_4_108_100,r_96_76_22,r_87_143_121,r_87_143_121,0.96,5,126,121,71
33,r_32_75_26,r_26_110_87,seq131,r_32_75_26,0.74,-9,17,26,71
27,r_119_101_30,r_36_15_141,seq125,r_119_101_30,1.0,0,30,30,71
60,r_148_24_28,r_151_60_68,r_71_145_48,r_148_24_28,0.59,41,69,28,71
47,r_139_104_4,r_80_92_183,r_166_27_145,r_139_104_4,0.34,179,183,4,71
50,r_18_83_175,r_132_90_127,r_164_130_167,r_18_83_175,0.91,2,177,175,71
68,r_136_86_55,r_164_130_167,r_12_79_159,r_136_86_55,0.9,-3,52,55,71
19,r_7_22_166,r_21_150_65,r_72_147_112,r_7_22_166,0.92,0,166,166,71
18,r_26_110_87,seq153,r_33_117_15,r_26_110_87,0.85,8,95,87,71
29,r_144_44_98,r_163_141_85,r_11_74_86,r_144_44_98,1.0,-12,86,98,71
28,r_99_40_155,r_149_129_78,r_136_86_55,r_99_40_155,0.98,0,155,155,71
61,r_31_57_177,r_30_118_71,r_33_117_15,r_31_57_177,0.91,-1,176,177,71
24,r_161_134_103,r_113_28_80,r_31_57_177,r_113_28_80,1.0,0,80,80,71
16,r_41_107_132,r_167_58_153,r_11_74_86,r_167_58_153,0.98,0,153,153,71
64,r_34_16_76,r_7_22_166,r_33_117_15,r_34_16_76,0.87,0,76,76,71
50,r_18_83_175,r_155_152_124,r_132_90_127,r_18_83_175,0.95,-48,127,175,71
58,r_167_58_153,seq62,r_41_107_132,r_41_107_132,0.91,-1,131,132,71
70,seq0,r_121_68_190,r_89_5_128,r_89_5_128,1.0,0,128,128,71
65,r_9_88_97,r_3_64_184,seq62,r_9_88_97,0.97,0,97,97,71
61,r_31_57_177,r_161_134_103,r_30_118_71,r_31_57_177,0.9,-77,100,177,71
32,r_78_52_180,r_162_156_131,r_136_86_55,r_136_86_55,0.72,82,137,55,71
38,r_11_74_86,seq135,r_144_44_98,r_11_74_86,1.0,1,87,86,71
52,r_2_48_179,r_116_43_143,r_69_105_94,r_69_105_94,0.95,49,143,94,71
77,seq146,r_128_70_111,r_72_147_112,r_72_147_112,1.0,0,112,112,71
22,r_71_145_48,seq42,r_148_24_28,r_71_145_48,1.0,0,48,48,71
68,r_136_86_55,r_12_79_159,r_99_40_155,r_136_86_55,0.6,104,159,55,71
34,r_164_130_167,seq39,r_149_129_78,r_164_130_167,0.6,2,169,167,71
25,r_96_76_22,r_165_47_160,r_31_57_177,r_96_76_22,0.98,-1,21,22,71
13,r_132_90_127,r_18_83_175,r_33_117_15,r_18_83_175,0.92,2,177,175,71
75,seq137,r_155_152_124,r_33_117_15,r_155_152_124,1.0,4,128,124,71
17,r_72_147_112,seq120,seq146,r_72_147_112,1.0,0,112,112,71
63,r_61_77_17,r_161_134_103,r_34_16_76,r_61_77_17,0.91,0,17,17,71
25,r_96_76_22,r_31_57_177,r_20_10_120,r_20_10_120,1.0,0,120,120,71
93,seq85,r_142_91_108,r_169_140_14,r_142_91_108,0.52,-86,22,108,71
58,r_167_58_153,r_41_107_132,r_33_117_15,r_167_58_153,0.82,0,153,153,71
9,r_142_91_108,r_109_51_126,seq97,r_142_91_108,0.53,0,108,108,71
28,r_99_40_155,r_4_108_100,r_149_129_78,r_99_40_155,1.0,-55,100,155,71
32,r_78_52_180,r_136_86_55,r_151_60_68,r_78_52_180,0.93,0,180,180,71
45,r_23_158_59,r_166_27_145,seq50,r_23_158_59,1.0,0,59,59,71
42,r_30_118_71,r_31_57_177,r_4_108_100,r_4_108_100,0.93,9,109,100,71
56,r_149_129_78,r_165_47_160,r_99_40_155,r_149_129_78,1.0,1,79,78,71
7,r_20_10_120,r_102_66_178,r_96_76_22,r_102_66_178,0.55,-58,120,178,71
44,r_163_141_85,r_144_44_98,r_165_47_160,r_163_141_85,1.0,0,85,85,71
23,r_69_105_94,seq131,r_127_112_90,r_69_105_94,1.0,1,95,94,71
82,seq39,r_164_130_167,r_139_104_4,r_164_130_167,0.55,2,169,167,71
79,seq153,r_26_110_87,r_100_54_101,r_100_54_101,0.97,5,106,101,71
35,r_89_5_128,seq81,seq0,r_89_5_128,0.99,0,128,128,71
12,r_102_66_178,seq45,r_67_94_3,r_102_66_178,0.23,-2,176,178,71
79,seq160,r_66_52_58,r_79_111_8,r_79_111_8,0.77,3,11,8,72
9,r_104_142_189,r_13_35_43,r_9_21_175,r_13_35_43,0.33,147,190,43,72
29,r_31_155_27,r_47_119_55,seq59,r_31_155_27,1.0,0,27,27,72
14,r_101_27_167,r_30_95_198,r_2_73_76,r_30_95_198,0.69,-31,167,198,72
8,r_77_19_132,r_101_27_167,r_31_155_27,r_77_19_132,1.0,0,132,132,72
53,r_112_124_159,r_87_45_161,r_90_78_85,r_90_78_85,0.91,49,134,85,72
58,r_86_26_42,r_79_111_8,r_6_12_104,r_86_26_42,0.54,66,108,42,72
51,r_151_32_70,r_166_10_30,r_81_136_36,r_151_32_70,0.99,-37,33,70,72
37,r_36_28_74,r_2_73_76,r_127_92_174,r_36_28_74,0.99,0,74,74,72
59,r_140_14_126,seq5,r_22_44_81,r_22_44_81,1.0,53,134,81,72
55,r_38_141_137,r_87_45_161,r_131_135_127,r_38_141_137,0.97,0,137,137,72
71,seq134,r_11_137_11,r_62_108_100,r_62_108_100,1.0,-1,99,100,72
16,r_46_88_136,r_129_58_158,r_6_12_104,r_129_58_158,0.5,-20,138,158,72
21,r_122_37_139,r_30_95_198,r_11_137_11,r_122_37_139,0.8,0,139,139,72
39,r_105_42_66,r_90_78_85,seq161,r_105_42_66,1.0,0,66,66,72
1,r_3_61_92,r_6_12_104,r_51_114_4,r_3_61_92,0.56,5,97,92,72
5,r_106_125_114,seq5,seq138,r_106_125_114,0.96,0,114,114,72
46,r_9_21_175,seq5,r_168_110_68,r_168_110_68,0.53,108,176,68,72
42,r_49_121_120,r_168_110_68,seq93,r_168_110_68,1.0,0,68,68,72
9,r_104_142_189,seq99,r_13_35_43,r_13_35_43,1.0,13,56,43,72
80,seq161,r_148_163_148,r_105_42_66,r_105_42_66,1.0,17,83,66,72
45,r_120_117_110,seq25,r_6_12_104,r_120_117_110,1.0,0,110,110,72
30,r_64_89_45,r_167_20_82,seq143,r_64_89_45,1.0,0,45,45,72
24,r_127_92_174,r_36_28_74,r_152_116_138,r_36_28_74,0.76,100,174,74,72
19,r_158_7_88,seq160,seq67,r_158_7_88,0.87,2,90,88,72
66,r_152_116_138,seq15,seq24,r_152_116_138,0.62,0,138,138,72
17,r_96_85_38,seq143,r_56_65_90,r_96_85_38,1.0,1,39,38,72
89,seq70,r_80_132_128,seq76,r_80_132_128,0.99,-31,97,128,72
31,r_118_84_21,r_9_21_175,seq23,r_118_84_21,0.78,0,21,21,72
10,r_22_44_81,seq162,r_112_124_159,r_22_44_81,0.93,0,81,81,72
43,r_81_136_36,r_54_157_41,r_151_32_70,r_81_136_36,0.96,0,36,36,72
51,r_151_32_70,r_81_136_36,r_11_137_11,r_151_32_70,1.0,0,70,70,72
4,r_144_75_140,seq53,r_47_119_55,r_144_75_140,0.9,2,142,140,72
78,seq154,r_159_107_157,r_168_110_68,r_168_110_68,0.71,6,74,68,72
0,r_90_78_85,seq59,r_22_44_81,r_90_78_85,0.97,3,88,85,72
63,r_71_8_145,r_129_58_158,seq25,r_71_8_145,0.87,0,145,145,72
11,r_66_52_58,r_167_20_82,seq162,r_167_20_82,0.59,-22,60,82,72
20,r_40_57_89,r_127_92_174,seq24,r_40_57_89,0.75,7,96,89,72
6,r_55_34_72,r_4_126_69,seq43,r_55_34_72,0.84,0,72,72,72
62,r_133_72_79,seq43,seq23,r_133_72_79,1.0,0,79,79,72
65,r_149_94_17,r_80_132_128,r_11_137_11,r_149_94_17,1.0,0,17,17,72
43,r_81_136_36,r_151_32_70,r_97_128_67,r_81_136_36,1.0,34,70,36,72
99,seq143,seq103,r_47_119_55,r_47_119_55,1.0,28,83,55,72
52,r_50_100_173,r_86_26_42,r_131_135_127,r_86_26_42,0.83,132,174,42,72
27,r_129_58_158,r_46_88_136,r_96_85_38,r_96_85_38,1.0,100,138,38,72
87,seq67,r_3_61_92,r_158_7_88,r_158_7_88,0.8,9,97,88,72
34,r_60_115_40,r_33_18_119,r_3_61_92,r_60_115_40,0.96,4,44,40,72
69,r_13_35_43,r_104_142_189,r_87_45_161,r_87_45_161,0.71,29,190,161,72
48,r_82_98_35,r_64_89_45,r_79_111_8,r_64_89_45,0.75,-10,35,45,72
2,r_131_135_127,seq83,r_54_157_41,r_131_135_127,0.44,3,130,127,72
49,r_51_114_4,r_86_26_42,r_3_61_92,r_86_26_42,0.39,3,45,42,72
54,r_54_157_41,r_86_26_42,seq91,r_54_157_41,0.99,0,41,41,72
40,r_130_153_78,r_152_116_138,seq59,r_130_153_78,0.95,0,78,78,72
74,seq146,r_41_17_105,r_69_169_18,r_41_17_105,0.82,5,110,105,72
61,r_166_10_30,r_79_111_8,r_41_17_105,r_41_17_105,0.82,5,110,105,72
24,r_127_92_174,r_40_57_89,r_36_28_74,r_36_28_74,0.98,22,96,74,72
25,r_30_95_198,r_101_27_167,r_1_48_71,r_1_48_71,0.77,93,164,71,72
33,r_41_17_105,seq146,r_166_10_30,r_166_10_30,0.93,80,110,30,72
13,r_0_145_50,r_46_88_136,seq59,r_0_145_50,1.0,0,50,50,72
64,r_97_128_67,r_2_73_76,r_81_136_36,r_97_128_67,1.0,5,72,67,72
10,r_22_44_81,r_112_124_159,r_140_14_126,r_112_124_159,0.84,-19,140,159,72
88,seq68,r_33_18_119,seq24,r_33_18_119,0.67,-6,113,119,72
68,r_168_110_68,r_49_121_120,seq154,r_168_110_68,1.0,0,68,68,72
42,r_49_121_120,seq93,r_81_136_36,r_49_121_120,1.0,1,121,120,72
77,seq25,r_148_163_148,r_71_8_145,r_71_8_145,0.62,0,145,145,72
32,r_1_48_71,r_2_73_76,r_30_95_198,r_1_48_71,0.98,0,71,71,72
52,r_50_100_173,r_130_153_78,r_86_26_42,r_130_153_78,1.0,-11,67,78,72
11,r_66_52_58,seq162,seq24,r_66_52_58,0.57,60,118,58,72
27,r_129_58_158,r_96_85_38,r_77_19_132,r_129_58_158,0.93,0,158,158,72
69,r_13_35_43,r_144_75_140,r_104_142_189,r_13_35_43,1.0,2,45,43,72
60,r_109_150_6,r_80_132_128,seq76,r_80_132_128,1.0,-20,108,128,72
94,seq99,r_104_142_189,r_13_35_43,r_13_35_43,1.0,117,160,43,72
18,r_164_29_53,seq143,seq23,r_164_29_53,1.0,0,53,53,72
38,r_16_74_15,r_11_137_11,seq123,r_16_74_15,0.99,0,15,15,72
37,r_36_28_74,r_127_92_174,r_11_137_11,r_36_28_74,0.53,100,174,74,72
22,r_62_108_100,r_159_107_157,seq134,r_62_108_100,0.7,0,100,100,72
28,r_87_45_161,seq53,r_13_35_43,r_13_35_43,0.76,118,161,43,72
53,r_112_124_159,r_90_78_85,r_71_8_145,r_112_124_159,0.94,0,159,159,72
91,seq83,r_131_135_127,r_36_28_74,r_36_28_74,1.0,58,132,74,72
12,r_159_107_157,seq154,r_11_137_11,r_159_107_157,1.0,0,157,157,72
23,r_47_119_55,r_131_135_127,r_64_89_45,r_131_135_127,0.91,-71,56,127,72
56,r_4_126_69,seq134,seq165,r_4_126_69,0.98,3,72,69,72
7,r_6_12_104,r_3_61_92,r_86_26_42,r_3_61_92,0.52,7,99,92,72
75,seq23,r_118_84_21,r_148_163_148,r_148_163_148,1.0,6,154,148,72
35,r_167_20_82,r_82_98_35,r_16_74_15,r_167_20_82,0.75,0,82,82,72
75,seq23,r_11_137_11,r_118_84_21,r_118_84_21,1.0,3,24,21,72
12,r_159_107_157,r_62_108_100,seq154,r_62_108_100,1.0,1,101,100,72
58,r_86_26_42,r_51_114_4,r_79_111_8,r_79_111_8,0.85,37,45,8,72
61,r_166_10_30,r_151_32_70,r_79_111_8,r_166_10_30,0.94,0,30,30,72
30,r_73_58_60,seq124,r_77_148_101,r_73_58_60,1.0,0,60,60,73
51,r_132_21_91,r_167_78_144,seq33,r_132_21_91,0.99,0,91,91,73
36,r_119_13_181,r_56_128_172,r_51_118_46,r_56_128_172,0.42,9,181,172,73
22,r_168_62_192,r_66_141_75,r_43_138_29,r_168_62_192,0.98,-165,27,192,73
92,seq164,r_105_38_164,r_55_156_5,r_105_38_164,0.71,1,165,164,73
52,r_2_31_49,r_139_163_50,r_112_74_142,r_2_31_49,1.0,2,51,49,73
14,r_155_89_113,r_151_68_156,r_103_104_9,r_155_89_113,0.99,0,113,113,73
8,r_22_120_141,r_105_38_164,r_51_118_46,r_22_120_141,0.97,4,145,141,73
53,r_77_148_101,seq102,r_73_58_60,r_73_58_60,0.83,0,60,60,73
43,r_47_46_121,r_99_96_190,r_56_128_172,r_47_46_121,0.81,0,121,121,73
54,r_56_128_172,r_119_13_181,r_81_61_124,r_81_61_124,0.88,7,131,124,73
37,r_136_64_149,r_109_17_136,r_43_138_29,r_136_64_149,0.73,0,149,149,73
59,r_114_71_104,r_153_26_167,r_85_106_90,r_114_71_104,1.0,1,105,104,73
25,r_70_3_55,r_72_90_66,r_119_13_181,r_70_3_55,0.88,0,55,55,73
55,r_32_6_174,seq145,r_75_57_54,r_32_6_174,0.76,1,175,174,73
42,r_82_4_180,r_80_67_42,r_150_133_77,r_150_133_77,1.0,10,87,77,73
21,r_25_41_80,r_130_52_199,r_150_133_77,r_25_41_80,0.98,1,81,80,73
39,r_146_88_162,r_151_68_156,r_77_148_101,r_77_148_101,0.97,15,116,101,73
53,r_77_148_101,r_73_58_60,r_146_88_162,r_77_148_101,1.0,0,101,101,73
69,r_129_65_62,r_32_6_174,seq15,r_129_65_62,1.0,0,62,62,73
45,r_34_97_155,seq116,r_37_7_36,r_37_7_36,0.74,120,156,36,73
31,r_80_67_42,r_139_163_50,r_82_4_180,r_80_67_42,1.0,0,42,42,73
44,r_51_118_46,r_59_152_185,seq60,r_51_118_46,1.0,0,46,46,73
28,r_121_39_44,seq48,seq116,r_121_39_44,1.0,0,44,44,73
47,r_126_24_52,r_167_78_144,r_35_107_21,r_126_24_52,1.0,0,52,52,73
66,r_42_157_111,seq131,seq124,r_42_157_111,1.0,0,111,111,73
41,r_153_26_167,r_114_71_104,seq102,r_114_71_104,1.0,1,105,104,73
67,r_150_133_77,seq169,r_82_4_180,r_150_133_77,0.97,0,77,77,73
53,r_77_148_101,r_146_88_162,r_166_134_40,r_146_88_162,1.0,1,163,162,73
10,r_135_160_169,r_127_5_148,r_37_7_36,r_135_160_169,0.59,-82,87,169,73
4,r_117_63_122,seq131,r_114_71_104,r_117_63_122,1.0,0,122,122,73
0,r_92_44_176,seq33,r_135_160_169,r_92_44_176,0.38,1,177,176,73
63,r_72_90_66,r_115_165_116,seq131,r_72_90_66,0.96,0,66,66,73
11,r_95_40_102,r_83_111_103,r_119_13_181,r_95_40_102,0.81,0,102,102,73
83,seq36,r_130_52_199,r_144_27_43,r_144_27_43,1.0,0,43,43,73
13,r_127_5_148,r_135_160_169,r_56_128_172,r_56_128_172,0.67,-24,148,172,73
15,r_9_93_73,seq102,seq50,r_9_93_73,1.0,1,74,73,73
48,r_10_69_110,r_115_165_116,seq33,r_10_69_110,0.58,1,111,110,73
57,r_109_17_136,seq60,r_37_7_36,r_37_7_36,0.98,101,137,36,73
19,r_113_123_18,seq161,r_99_96_190,r_113_123_18,1.0,0,18,18,73
6,r_66_141_75,seq125,r_73_58_60,r_66_141_75,0.97,0,75,75,73
42,r_82_4_180,r_135_160_169,r_80_67_42,r_80_67_42,1.0,1,43,42,73
2,r_110_23_3,r_53_12_189,r_9_93_73,r_53_12_189,0.97,-8,181,189,73
75,seq16,r_151_68_156,r_166_134_40,r_166_134_40,0.62,8,48,40,73
52,r_2_31_49,r_112_74_142,seq0,r_112_74_142,1.0,0,142,142,73
10,r_135_160_169,r_37_7_36,r_56_128_172,r_135_160_169,1.0,0,169,169,73
27,r_167_78_144,r_132_21_91,r_136_64_149,r_132_21_91,1.0,0,91,91,73
35,r_112_74_142,seq0,r_2_31_49,r_2_31_49,1.0,0,49,49,73
2,r_110_23_3,r_11_100_140,r_53_12_189,r_11_100_140,0.98,-34,106,140,73
41,r_153_26_167,seq102,r_2_31_49,r_153_26_167,0.92,0,167,167,73
5,r_94_76_10,r_80_67_42,seq20,r_94_76_10,1.0,0,10,10,73
89,seq161,seq102,r_139_163_50,r_139_163_50,1.0,2,52,50,73
30,r_73_58_60,r_77_148_101,r_66_141_75,r_73_58_60,0.58,41,101,60,73
35,r_112_74_142,r_2_31_49,r_95_40_102,r_112_74_142,0.66,0,142,142,73
34,r_144_27_43,r_85_106_90,seq36,r_144_27_43,0.99,0,43,43,73
20,r_139_163_50,r_56_128_172,seq161,r_139_163_50,1.0,0,50,50,73
33,r_158_29_117,seq28,seq147,r_158_29_117,0.99,1,118,117,73
64,r_91_87_128,r_11_100_140,r_43_138_29,r_91_87_128,0.98,1,129,128,73
88,seq60,r_109_17_136,r_51_118_46,r_51_118_46,1.0,91,137,46,73
50,r_85_106_90,r_35_107_21,seq116,r_85_106_90,1.0,0,90,90,73
58,r_11_100_140,r_110_23_3,r_56_128_172,r_11_100_140,0.55,0,140,140,73
39,r_146_88_162,r_77_148_101,r_139_163_50,r_146_88_162,0.95,1,163,162,73
68,r_84_143_115,r_151_68_156,seq125,r_84_143_115,1.0,5,120,115,73
42,r_82_4_180,r_150_133_77,r_139_163_50,r_82_4_180,0.79,0,180,180,73
61,r_81_61_124,r_105_38_164,r_56_128_172,r_81_61_124,0.94,1,125,124,73
32,r_59_152_185,seq79,seq28,r_59_152_185,0.61,1,186,185,73
38,r_151_68_156,seq140,r_112_74_142,r_151_68_156,0.96,0,156,156,73
52,r_2_31_49,seq0,r_153_26_167,r_153_26_167,0.99,-1,166,167,73
67,r_150_133_77,r_82_4_180,r_25_41_80,r_82_4_180,1.0,-60,120,180,73
18,r_45_8_38,r_151_68_156,r_94_76_10,r_45_8_38,1.0,0,38,38,73
99,seq125,r_43_138_29,r_83_111_103,r_83_111_103,0.98,7,110,103,73
60,r_83_111_103,r_95_40_102,seq125,r_83_111_103,0.99,0,103,103,73
7,r_43_138_29,r_130_52_199,r_168_62_192,r_43_138_29,0.95,1,30,29,73
46,r_154_54_53,r_130_52_199,r_70_3_55,r_154_54_53,0.94,2,55,53,73
17,r_53_12_189,r_83_111_103,r_110_23_3,r_83_111_103,0.83,0,103,103,73
25,r_70_3_55,r_119_13_181,r_11_100_140,r_70_3_55,0.64,93,148,55,73
9,r_14_142_65,r_130_52_199,r_166_134_40,r_14_142_65,0.59,1,66,65,73
24,r_75_57_54,r_34_97_155,seq147,r_75_57_54,1.0,0,54,54,73
26,r_37_7_36,r_135_160_169,r_34_97_155,r_135_160_169,0.58,0,169,169,73
96,seq116,r_34_97_155,r_85_106_90,r_85_106_90,1.0,54,144,90,73
31,r_80_67_42,r_82_4_180,r_25_41_80,r_25_41_80,0.97,40,120,80,73
26,r_37_7_36,r_99_96_190,r_135_160_169,r_37_7_36,1.0,0,36,36,73
17,r_53_12_189,r_110_23_3,r_10_69_110,r_53_12_189,0.51,0,189,189,73
11,r_95_40_102,r_119_13_181,r_115_165_116,r_95_40_102,0.9,36,138,102,73
1,r_166_134_40,r_139_163_50,seq16,r_166_134_40,1.0,0,40,40,73
50,r_82_111_51,r_89_16_83,seq109,r_82_111_51,0.95,0,51,51,74
51,r_70_160_180,seq14,r_46_45_8,r_70_160_180,0.74,1,181,180,74
36,r_107_98_161,seq63,r_57_69_16,r_107_98_161,0.92,0,161,161,74
8,r_131_62_159,seq157,r_52_79_9,r_131_62_159,0.92,0,159,159,74
53,r_81_68_76,seq6,r_59_119_160,r_81_68_76,1.0,0,76,76,74
43,r_76_15_87,seq92,r_126_26_55,r_76_15_87,0.99,0,87,87,74
54,r_48_34_122,r_117_166_195,r_100_1_121,r_48_34_122,0.98,0,122,122,74
61,r_140_155_45,r_110_71_42,r_151_21_111,r_140_155_45,1.0,1,46,45,74
37,r_83_29_170,seq113,r_86_39_164,r_83_29_170,0.58,0,170,170,74
28,r_28_32_165,r_105_134_7,r_24_127_115,r_28_32_165,0.9,2,167,165,74
68,r_27_135_196,seq6,r_67_129_152,r_67_129_152,0.82,-34,118,152,74
71,seq6,r_81_68_76,seq146,r_81_68_76,1.0,2,78,76,74
86,seq63,r_107_98_161,r_20_42_60,r_20_42_60,1.0,7,67,60,74
1,r_148_95_118,seq3,seq116,r_148_95_118,0.99,0,118,118,74
46,r_59_119_160,seq56,r_81_68_76,r_81_68_76,1.0,13,89,76,74
42,r_108_114_108,seq109,r_20_42_60,r_20_42_60,0.98,48,108,60,74
45,r_121_149_151,seq139,r_40_53_89,r_40_53_89,0.78,62,151,89,74
21,r_106_61_12,r_123_162_106,r_35_141_81,r_106_61_12,0.51,7,19,12,74
76,seq14,r_70_160_180,r_54_112_75,r_54_112_75,1.0,106,181,75,74
39,r_103_164_158,r_57_69_16,r_153_74_85,r_103_164_158,0.86,1,159,158,74
31,r_20_42_60,r_24_127_115,seq63,r_20_42_60,1.0,0,60,60,74
21,r_106_61_12,r_20_42_60,r_89_16_83,r_89_16_83,0.74,28,111,83,74
41,r_138_159_64,r_108_114_108,r_94_65_34,r_138_159_64,0.97,3,67,64,74
67,r_58_51_68,r_148_95_118,r_105_134_7,r_58_51_68,1.0,0,68,68,74
3,r_89_16_83,seq7,r_20_42_60,r_89_16_83,0.98,2,85,83,74
10,r_54_112_75,r_30_64_96,seq163,r_54_112_75,0.99,0,75,75,74
26,r_153_74_85,r_131_62_159,r_123_162_106,r_153_74_85,0.8,0,85,85,74
4,r_100_1_121,seq78,r_48_34_122,r_100_1_121,0.98,1,122,121,74
25,r_101_18_150,r_153_74_85,r_41_13_41,r_101_18_150,0.92,1,151,150,74
38,r_126_26_55,seq66,seq137,r_126_26_55,1.0,0,55,55,74
63,r_158_168_153,r_96_47_120,r_94_65_34,r_158_168_153,0.76,-33,120,153,74
73,seq137,r_110_71_42,r_126_26_55,r_126_26_55,1.0,37,92,55,74
11,r_40_53_89,r_131_62_159,seq163,r_40_53_89,1.0,0,89,89,74
13,r_30_64_96,r_54_112_75,r_151_21_111,r_54_112_75,0.99,0,75,75,74
46,r_59_119_160,r_81_68_76,r_110_71_42,r_59_119_160,0.99,0,160,160,74
15,r_23_122_102,seq56,r_67_129_152,r_23_122_102,1.0,1,103,102,74
6,r_123_162_106,r_101_18_150,r_20_42_60,r_20_42_60,0.99,0,60,60,74
62,r_35_141_81,r_158_168_153,seq56,r_35_141_81,1.0,0,81,81,74
52,r_125_31_148,r_147_161_36,r_30_64_96,r_125_31_148,1.0,0,148,148,74
85,seq56,r_59_119_160,r_35_141_81,r_35_141_81,0.88,8,89,81,74
23,r_50_124_30,seq145,r_120_8_24,r_50_124_30,0.76,15,45,30,74
53,r_81_68_76,r_59_119_160,r_35_141_81,r_59_119_160,0.95,0,160,160,74
59,r_80_19_26,r_28_32_165,seq146,r_80_19_26,0.99,0,26,26,74
39,r_103_164_158,r_100_1_121,r_57_69_16,r_57_69_16,0.53,4,20,16,74
47,r_133_4_162,seq104,seq109,r_133_4_162,0.91,0,162,162,74
26,r_153_74_85,r_101_18_150,r_89_16_83,r_101_18_150,0.92,-7,143,150,74
18,r_2_84_2,r_11_38_182,r_158_168_153,r_158_168_153,0.93,29,182,153,74
29,r_150_5_71,r_87_49_124,r_46_45_8,r_87_49_124,0.74,0,124,124,74
61,r_140_155_45,r_151_21_111,r_24_127_115,r_151_21_111,1.0,-4,107,111,74
24,r_87_49_124,r_150_5_71,seq7,r_87_49_124,0.99,0,124,124,74
25,r_101_18_150,r_123_162_106,r_153_74_85,r_101_18_150,0.96,-55,95,150,74
6,r_123_162_106,r_20_42_60,seq92,r_123_162_106,1.0,0,106,106,74
15,r_23_122_102,r_67_129_152,r_27_135_196,r_23_122_102,0.49,58,160,102,74
65,r_96_47_120,r_158_168_153,r_105_134_7,r_96_47_120,0.95,0,120,120,74
20,r_94_65_34,r_158_168_153,r_93_44_140,r_94_65_34,0.99,116,150,34,74
68,r_27_135_196,r_169_22_199,seq6,r_27_135_196,0.47,-135,61,196,74
32,r_11_38_182,r_2_84_2,r_23_122_102,r_23_122_102,0.47,80,182,102,74
52,r_125_31_148,r_144_102_125,r_147_161_36,r_125_31_148,0.58,-23,125,148,74
77,seq143,r_28_32_165,r_55_33_65,r_55_33_65,0.82,67,132,65,74
63,r_158_168_153,r_94_65_34,r_2_84_2,r_158_168_153,0.98,0,153,153,74
34,r_67_129_152,r_169_22_199,seq3,r_67_129_152,0.48,4,156,152,74
56,r_115_17_192,seq99,r_46_45_8,r_46_45_8,0.98,33,41,8,74
60,r_57_69_16,r_97_43_98,r_103_164_158,r_57_69_16,1.0,0,16,16,74
69,r_25_132_178,r_97_43_98,seq99,r_97_43_98,0.98,-53,45,98,74
20,r_94_65_34,r_148_95_118,r_158_168_153,r_94_65_34,1.0,0,34,34,74
0,r_120_8_24,r_87_49_124,r_50_124_30,r_120_8_24,0.89,13,37,24,74
13,r_30_64_96,r_151_21_111,r_85_88_78,r_30_64_96,1.0,0,96,96,74
96,seq109,r_108_114_108,r_82_111_51,r_82_111_51,0.86,57,108,51,74
33,r_0_36_23,r_35_141_81,r_57_69_16,r_0_36_23,1.0,0,23,23,74
22,r_93_44_140,r_11_38_182,r_138_159_64,r_93_44_140,1.0,0,140,140,74
28,r_28_32_165,r_133_4_162,r_105_134_7,r_28_32_165,0.46,-49,116,165,74
26,r_153_74_85,r_123_162_106,r_101_18_150,r_123_162_106,0.88,-4,102,106,74
58,r_151_21_111,r_140_155_45,r_50_124_30,r_151_21_111,0.97,-4,107,111,74
7,r_144_102_125,r_125_31_148,r_10_152_6,r_144_102_125,0.98,0,125,125,74
44,r_55_33_65,r_93_44_140,seq156,r_93_44_140,0.71,-69,71,140,74
87,seq66,r_126_26_55,seq7,r_126_26_55,1.0,0,55,55,74
16,r_136_154_52,r_20_42_60,r_46_45_8,r_20_42_60,0.77,-8,52,60,74
15,r_23_122_102,r_27_135_196,r_11_38_182,r_23_122_102,0.81,81,183,102,74
58,r_151_21_111,r_54_112_75,r_140_155_45,r_151_21_111,0.99,-53,58,111,74
60,r_57_69_16,r_103_164_158,r_107_98_161,r_57_69_16,0.73,145,161,16,74
35,r_97_43_98,r_120_8_24,r_30_64_96,r_120_8_24,0.53,74,98,24,74
12,r_169_22_199,r_67_129_152,r_52_79_9,r_52_79_9,0.51,147,156,9,74
23,r_50_124_30,r_120_8_24,r_151_21_111,r_151_21_111,1.0,-5,106,111,74
30,r_71_162_159,r_89_108_155,r_92_114_137,r_71_162_159,0.52,-4,155,159,75
51,r_13_27_181,seq158,seq25,r_13_27_181,0.32,0,181,181,75
36,r_147_115_158,seq116,r_94_132_14,r_147_115_158,0.8,0,158,158,75
9,r_79_29_41,r_12_30_112,r_106_67_21,r_12_30_112,0.84,2,114,112,75
53,r_43_14_110,r_39_57_139,seq61,r_43_14_110,0.48,0,110,110,75
32,r_94_132_14,r_141_140_29,seq64,r_94_132_14,1.0,-4,10,14,75
38,r_47_149_25,seq121,seq38,r_47_149_25,1.0,0,25,25,75
54,r_143_124_38,r_72_98_157,r_50_157_106,r_143_124_38,0.55,71,109,38,75
37,r_84_49_172,seq2,r_141_140_29,r_84_49_172,0.53,3,175,172,75
59,r_35_160_84,r_18_3_189,seq42,r_35_160_84,1.0,0,84,84,75
48,r_77_75_12,r_65_8_93,r_59_91_128,r_59_91_128,0.65,1,129,128,75
71,seq2,r_84_49_172,r_150_9_143,r_150_9_143,0.91,32,175,143,75
16,r_1_40_98,r_89_108_155,seq88,r_1_40_98,1.0,0,98,98,75
21,r_22_5_154,r_144_78_95,r_169_168_23,r_144_78_95,0.96,-13,82,95,75
1,r_59_91_128,r_44_137_8,r_77_75_12,r_59_91_128,0.89,2,130,128,75
97,seq113,r_68_151_72,r_20_6_32,r_68_151_72,0.9,0,72,72,75
5,r_36_52_102,r_97_37_134,seq164,r_97_37_134,0.94,-42,92,134,75
42,r_167_23_85,seq76,r_41_122_75,r_167_23_85,1.0,0,85,85,75
43,r_20_6_32,seq62,seq113,r_20_6_32,0.98,0,32,32,75
26,r_81_123_71,r_101_19_156,r_54_134_124,r_81_123_71,0.49,53,124,71,75
43,r_20_6_32,seq113,r_41_122_75,r_41_122_75,1.0,-1,74,75,75
45,r_127_34_86,r_86_159_165,r_146_155_22,r_127_34_86,0.76,-1,85,86,75
60,r_166_74_160,r_97_37_134,r_169_168_23,r_166_74_160,0.56,-103,57,160,75
15,r_73_148_105,r_141_140_29,r_138_58_39,r_73_148_105,1.0,2,107,105,75
7,r_145_45_83,seq121,r_97_37_134,r_97_37_134,1.0,0,134,134,75
6,r_146_155_22,r_51_128_185,r_166_74_160,r_146_155_22,0.81,-1,21,22,75
99,seq121,r_47_149_25,r_59_91_128,r_47_149_25,0.88,0,25,25,75
41,r_97_37_134,r_36_52_102,r_145_45_83,r_97_37_134,0.99,0,134,134,75
3,r_54_134_124,r_70_129_69,r_72_98_157,r_70_129_69,1.0,0,69,69,75
10,r_133_102_97,r_106_67_21,r_126_66_73,r_126_66_73,0.92,26,99,73,75
90,seq76,r_167_23_85,seq15,r_167_23_85,0.99,3,88,85,75
26,r_81_123_71,r_69_99_192,r_101_19_156,r_81_123_71,0.6,1,72,71,75
3,r_54_134_124,r_72_98_157,r_81_123_71,r_54_134_124,0.83,1,125,124,75
14,r_63_32_161,r_169_168_23,r_161_117_55,r_63_32_161,0.68,1,162,161,75
86,seq60,r_144_78_95,r_169_168_23,r_144_78_95,0.59,-64,31,95,75
4,r_144_78_95,r_22_5_154,seq110,r_144_78_95,0.96,0,95,95,75
15,r_73_148_105,r_81_123_71,r_141_140_29,r_73_148_105,0.84,-65,40,105,75
11,r_39_57_139,seq15,r_18_3_189,r_39_57_139,0.99,0,139,139,75
20,r_55_100_126,r_125_130_141,r_83_11_20,r_55_100_126,0.87,1,127,126,75
13,r_163_48_58,r_68_151_72,r_103_93_28,r_163_48_58,0.63,2,60,58,75
34,r_83_11_20,r_59_91_128,seq7,r_83_11_20,0.97,0,20,20,75
46,r_12_30_112,r_79_29_41,r_163_48_58,r_12_30_112,0.98,2,114,112,75
49,r_72_98_157,r_85_56_7,r_141_140_29,r_72_98_157,0.99,0,157,157,75
57,r_126_66_73,seq153,r_97_37_134,r_126_66_73,1.0,0,73,73,75
21,r_22_5_154,r_169_168_23,r_50_157_106,r_22_5_154,0.93,0,154,154,75
48,r_77_75_12,r_84_49_172,r_111_154_74,r_84_49_172,0.85,-162,10,172,75
19,r_161_117_55,seq64,seq0,r_161_117_55,1.0,0,55,55,75
52,r_44_137_8,r_59_91_128,seq113,r_59_91_128,0.93,2,130,128,75
0,r_141_140_29,r_73_148_105,r_68_151_72,r_141_140_29,1.0,78,107,29,75
27,r_111_154_74,r_77_75_12,r_20_6_32,r_111_154_74,0.99,0,74,74,75
9,r_79_29_41,r_68_151_72,r_12_30_112,r_79_29_41,1.0,4,45,41,75
77,seq21,r_141_140_29,r_103_93_28,r_103_93_28,0.68,1,29,28,75
69,r_85_56_7,r_72_98_157,r_89_108_155,r_85_56_7,0.63,150,157,7,75
2,r_92_114_137,seq158,seq104,r_92_114_137,0.57,6,143,137,75
47,r_150_9_143,seq26,r_138_58_39,r_150_9_143,0.82,0,143,143,75
74,seq10,r_101_19_156,r_36_52_102,r_101_19_156,0.84,-1,155,156,75
18,r_41_122_75,r_24_118_89,r_20_6_32,r_41_122_75,1.0,-1,74,75,75
29,r_125_130_141,r_55_100_126,seq15,r_55_100_126,0.61,1,127,126,75
24,r_89_108_155,r_71_162_159,r_87_142_178,r_89_108_155,0.86,0,155,155,75
25,r_51_128_185,seq16,r_133_102_97,r_133_102_97,0.65,88,185,97,75
33,r_65_8_93,r_55_100_126,r_105_95_33,r_65_8_93,1.0,1,94,93,75
48,r_77_75_12,r_111_154_74,r_65_8_93,r_77_75_12,0.77,62,74,12,75
64,r_152_120_136,seq21,seq110,r_152_120_136,0.85,0,136,136,75
68,r_138_58_39,r_1_40_98,seq16,r_138_58_39,1.0,0,39,39,75
50,r_24_118_89,seq153,r_81_123_71,r_24_118_89,1.0,0,89,89,75
58,r_18_3_189,r_35_160_84,r_161_117_55,r_18_3_189,1.0,-105,84,189,75
70,seq0,r_69_99_192,r_161_117_55,r_161_117_55,1.0,86,141,55,75
6,r_146_155_22,r_166_74_160,r_127_34_86,r_127_34_86,0.97,16,102,86,75
65,r_70_129_69,r_54_134_124,seq15,r_70_129_69,1.0,0,69,69,75
0,r_141_140_29,seq21,r_73_148_105,r_141_140_29,0.97,0,29,29,75
28,r_106_67_21,r_166_74_160,r_46_139_40,r_106_67_21,0.81,1,22,21,75
57,r_126_66_73,r_97_37_134,r_133_102_97,r_97_37_134,0.95,0,134,134,75
29,r_125_130_141,seq15,seq112,r_125_130_141,0.87,-1,140,141,75
40,r_169_168_23,r_86_159_165,seq60,r_169_168_23,0.77,2,25,23,75
17,r_86_159_165,seq28,r_36_52_102,r_86_159_165,0.46,2,167,165,75
39,r_80_136_147,seq15,r_36_52_102,r_80_136_147,0.83,0,147,147,75
49,r_72_98_157,r_24_118_89,r_85_56_7,r_72_98_157,0.74,-128,29,157,75
89,seq64,seq121,r_94_132_14,r_94_132_14,0.67,-4,10,14,75
90,seq76,seq15,r_70_129_69,r_70_129_69,0.79,81,150,69,75
22,r_31_135_92,r_65_8_93,r_68_151_72,r_31_135_92,1.0,0,92,92,75
14,r_63_32_161,r_97_37_134,r_169_168_23,r_63_32_161,0.79,-108,53,161,75
91,seq88,r_119_156_197,r_1_40_98,r_1_40_98,0.99,3,101,98,75
7,r_145_45_83,r_24_118_89,seq121,r_145_45_83,0.96,0,83,83,75
23,r_101_19_156,seq10,r_43_14_110,r_101_19_156,0.6,-1,155,156,75
60,r_166_74_160,r_169_168_23,r_125_130_141,r_166_74_160,0.57,14,174,160,75
35,r_50_157_106,r_36_52_102,r_143_124_38,r_50_157_106,1.0,0,106,106,75
12,r_68_151_72,seq113,r_141_140_29,r_68_151_72,1.0,0,72,72,75
44,r_103_93_28,r_31_135_92,seq21,r_103_93_28,0.54,0,28,28,75
46,r_12_30_112,r_133_102_97,r_79_29_41,r_79_29_41,0.99,5,46,41,75
93,seq89,seq96,r_69_59_73,r_69_59_73,1.0,8,81,73,76
30,r_84_110_76,r_3_90_114,seq91,r_84_110_76,1.0,1,77,76,76
51,r_4_46_181,seq94,r_38_25_52,r_38_25_52,0.59,129,181,52,76
36,r_140_160_128,seq20,seq23,r_140_160_128,0.71,0,128,128,76
9,r_56_169_173,r_104_108_53,seq83,r_56_169_173,0.73,2,175,173,76
46,r_165_93_127,r_0_111_10,seq88,r_165_93_127,0.66,-12,115,127,76
14,r_81_7_137,r_78_134_29,r_38_25_52,r_81_7_137,0.57,0,137,137,76
8,r_131_11_155,r_157_144_133,r_74_124_118,r_131_11_155,0.6,-67,88,155,76
54,r_27_127_105,r_53_105_120,r_0_111_10,r_27_127_105,0.7,19,124,105,76
60,r_100_43_56,r_57_34_47,seq87,r_100_43_56,0.75,-7,49,56,76
37,r_135_9_131,r_4_46_181,r_29_71_60,r_135_9_131,0.93,3,134,131,76
6,r_13_30_84,r_0_111_10,r_149_126_38,r_13_30_84,0.92,1,85,84,76
55,r_145_118_86,seq77,seq83,r_145_118_86,0.96,0,86,86,76
71,seq6,r_157_144_133,r_129_75_67,r_129_75_67,0.84,11,78,67,76
16,r_70_54_57,r_86_121_2,seq138,r_70_54_57,0.99,3,60,57,76
21,r_168_125_142,r_146_156_66,r_95_98_7,r_146_156_66,0.93,0,66,66,76
39,r_67_139_198,seq161,r_151_167_92,r_151_167_92,0.95,31,123,92,76
5,r_109_122_97,seq63,r_21_10_111,r_21_10_111,0.63,3,114,111,76
46,r_165_93_127,r_114_49_68,r_0_111_10,r_114_49_68,0.82,1,69,68,76
32,r_0_111_10,r_13_30_84,r_27_127_105,r_13_30_84,1.0,1,85,84,76
59,r_120_155_22,r_55_76_141,seq44,r_120_155_22,1.0,1,23,22,76
7,r_128_158_125,r_101_14_26,seq143,r_128_158_125,0.66,0,125,125,76
69,r_151_167_92,seq143,r_67_139_198,r_151_167_92,0.78,0,92,92,76
45,r_78_134_29,r_81_7_137,r_1_117_122,r_78_134_29,0.95,108,137,29,76
0,r_57_34_47,r_100_43_56,r_131_11_155,r_57_34_47,0.91,2,49,47,76
19,r_3_90_114,r_65_51_147,seq96,r_3_90_114,0.94,1,115,114,76
27,r_101_14_26,seq87,r_128_158_125,r_101_14_26,0.94,1,27,26,76
27,r_101_14_26,r_128_158_125,r_119_142_100,r_119_142_100,1.0,13,113,100,76
95,seq94,r_4_46_181,r_119_142_100,r_119_142_100,1.0,81,181,100,76
17,r_149_126_38,r_3_90_114,r_66_136_143,r_149_126_38,0.99,1,39,38,76
67,r_65_51_147,seq48,seq85,r_65_51_147,0.86,4,151,147,76
89,seq83,r_40_92_192,r_56_169_173,r_56_169_173,0.71,1,174,173,76
3,r_119_142_100,seq138,r_101_14_26,r_119_142_100,1.0,0,100,100,76
26,r_103_41_98,r_66_136_143,r_38_25_52,r_66_136_143,0.88,-45,98,143,76
8,r_131_11_155,r_74_124_118,seq16,r_131_11_155,1.0,0,155,155,76
7,r_128_158_125,r_123_12_55,r_101_14_26,r_123_12_55,0.8,2,57,55,76
4,r_42_130_166,seq85,r_45_62_11,r_42_130_166,0.66,1,167,166,76
63,r_82_19_146,r_66_136_143,r_29_71_60,r_82_19_146,0.87,-3,143,146,76
11,r_18_116_61,r_147_133_85,seq161,r_18_116_61,0.64,1,62,61,76
48,r_147_133_85,r_32_137_21,seq88,r_147_133_85,0.85,0,85,85,76
20,r_157_144_133,seq6,r_109_122_97,r_157_144_133,0.84,5,138,133,76
15,r_1_117_122,r_66_136_143,r_120_155_22,r_1_117_122,0.64,2,124,122,76
57,r_47_26_74,r_27_127_105,seq64,r_47_26_74,0.69,3,77,74,76
13,r_152_2_172,r_17_163_96,r_115_68_119,r_152_2_172,0.55,0,172,172,76
21,r_168_125_142,r_95_98_7,r_119_142_100,r_168_125_142,0.96,1,143,142,76
74,seq16,r_152_2_172,r_131_11_155,r_131_11_155,0.66,-2,153,155,76
0,r_57_34_47,r_131_11_155,r_38_25_52,r_131_11_155,0.91,-25,130,155,76
6,r_13_30_84,r_53_105_120,r_0_111_10,r_13_30_84,0.53,-39,45,84,76
87,seq161,r_67_139_198,r_18_116_61,r_18_116_61,1.0,4,65,61,76
25,r_104_108_53,r_13_30_84,seq94,r_104_108_53,0.69,-22,31,53,76
47,r_50_106_99,r_56_169_173,seq162,r_50_106_99,0.49,0,99,99,76
74,seq16,r_69_59_73,r_152_2_172,r_69_59_73,0.92,-21,52,73,76
18,r_146_156_66,r_168_125_142,r_100_43_56,r_146_156_66,0.93,0,66,66,76
29,r_53_105_120,r_27_127_105,r_55_76_141,r_53_105_120,0.41,19,139,120,76
56,r_123_12_55,r_128_158_125,seq20,r_123_12_55,1.0,2,57,55,76
24,r_21_10_111,seq44,r_109_122_97,r_21_10_111,0.96,3,114,111,76
43,r_32_137_21,r_131_11_155,r_38_25_52,r_32_137_21,0.67,109,130,21,76
33,r_69_59_73,seq99,seq20,r_69_59_73,0.98,1,74,73,76
64,r_164_150_161,seq36,r_27_127_105,r_164_150_161,0.67,1,162,161,76
58,r_17_163_96,r_164_150_161,r_29_71_60,r_164_150_161,1.0,-61,100,161,76
65,r_80_102_104,r_56_169_173,r_153_28_33,r_80_102_104,0.99,0,104,104,76
68,r_129_75_67,r_21_10_111,seq6,r_129_75_67,1.0,0,67,67,76
61,r_107_79_89,r_56_169_173,r_13_30_84,r_56_169_173,0.61,-84,89,173,76
38,r_39_148_20,seq96,seq36,r_39_148_20,0.85,1,21,20,76
52,r_114_49_68,r_165_93_127,r_29_71_60,r_114_49_68,1.0,1,69,68,76
77,seq33,r_8_58_159,r_123_12_55,r_123_12_55,0.85,7,62,55,76
53,r_159_52_59,r_1_117_122,r_100_43_56,r_159_52_59,0.79,0,59,59,76
34,r_74_124_118,r_131_11_155,r_81_7_137,r_74_124_118,0.51,37,155,118,76
13,r_152_2_172,r_153_28_33,r_17_163_96,r_153_28_33,0.59,13,46,33,76
43,r_32_137_21,seq20,r_131_11_155,r_32_137_21,0.93,2,23,21,76
94,seq91,r_53_105_120,r_84_110_76,r_84_110_76,0.97,19,95,76,76
9,r_56_169_173,r_107_79_89,r_104_108_53,r_56_169_173,0.75,-84,89,173,76
48,r_147_133_85,r_18_116_61,r_32_137_21,r_147_133_85,0.72,-31,54,85,76
32,r_0_111_10,r_149_126_38,r_13_30_84,r_0_111_10,0.89,1,11,10,76
22,r_66_136_143,r_82_19_146,r_115_68_119,r_66_136_143,0.65,0,143,143,76
28,r_15_22_160,seq23,r_29_71_60,r_15_22_160,0.54,-1,159,160,76
91,seq87,r_145_118_86,r_100_43_56,r_145_118_86,0.55,0,86,86,76
49,r_115_68_119,seq23,r_32_137_21,r_115_68_119,0.76,1,120,119,76
44,r_8_58_159,seq33,r_119_142_100,r_8_58_159,0.59,0,159,159,76
23,r_29_71_60,r_3_90_114,r_114_49_68,r_29_71_60,0.79,19,79,60,76
17,r_149_126_38,r_66_136_143,r_13_30_84,r_149_126_38,0.91,107,145,38,76
62,r_86_121_2,r_70_54_57,r_95_98_7,r_86_121_2,0.68,13,15,2,76
10,r_38_25_52,seq96,seq85,r_38_25_52,0.98,1,53,52,76
35,r_24_72_72,r_86_121_2,r_100_43_56,r_24_72_72,0.98,-3,69,72,76
48,r_95_120_45,r_96_14_135,r_141_157_51,r_96_14_135,1.0,-36,99,135,77
51,r_56_8_155,seq168,r_141_157_51,r_56_8_155,0.95,0,155,155,77
8,r_3_92_111,r_91_6_56,r_82_12_113,r_91_6_56,0.99,-8,48,56,77
36,r_46_63_196,r_104_52_117,r_58_81_52,r_46_63_196,0.65,-79,117,196,77
29,r_5_133_27,r_24_125_154,r_111_127_96,r_5_133_27,0.94,0,27,27,77
30,r_126_85_84,seq114,seq100,r_126_85_84,1.0,0,84,84,77
14,r_109_66_118,r_74_32_110,seq154,r_109_66_118,1.0,0,118,118,77
58,r_147_51_37,r_82_12_113,r_4_105_48,r_82_12_113,1.0,-7,106,113,77
20,r_78_145_60,r_13_64_43,seq114,r_13_64_43,0.98,-4,39,43,77
53,r_29_62_33,seq57,seq101,r_29_62_33,1.0,0,33,33,77
54,r_113_88_188,seq121,r_166_67_76,r_113_88_188,0.25,2,190,188,77
37,r_24_125_154,seq0,r_27_61_116,r_27_61_116,0.85,41,157,116,77
19,r_141_157_51,r_119_53_173,r_99_39_104,r_141_157_51,0.66,122,173,51,77
55,r_35_21_79,seq100,seq114,r_35_21_79,1.0,0,79,79,77
16,r_122_43_192,r_97_98_199,r_116_167_183,r_122_43_192,0.21,-2,190,192,77
21,r_155_151_167,seq83,r_78_145_60,r_155_151_167,0.53,0,167,167,77
1,r_40_165_174,r_1_169_91,r_158_7_10,r_1_169_91,0.99,0,91,91,77
23,r_77_70_19,r_122_43_192,r_11_34_13,r_77_70_19,0.98,0,19,19,77
32,r_117_164_50,seq57,r_5_133_27,r_117_164_50,1.0,0,50,50,77
46,r_27_61_116,r_135_23_126,r_91_6_56,r_91_6_56,0.93,60,116,56,77
42,r_55_89_123,seq138,r_13_64_43,r_55_89_123,0.71,0,123,123,77
69,r_149_86_66,seq124,r_158_7_10,r_149_86_66,0.93,7,73,66,77
66,r_20_103_98,r_155_151_167,seq152,r_20_103_98,1.0,0,98,98,77
26,r_4_105_48,r_55_89_123,r_147_51_37,r_55_89_123,1.0,-75,48,123,77
0,r_13_64_43,r_78_145_60,seq87,r_13_64_43,1.0,0,43,43,77
31,r_135_23_126,r_27_61_116,r_1_169_91,r_1_169_91,0.98,25,116,91,77
41,r_82_12_113,r_130_38_128,r_30_69_39,r_130_38_128,0.82,-15,113,128,77
67,r_130_38_128,seq57,r_111_127_96,r_130_38_128,0.61,0,128,128,77
43,r_96_14_135,r_11_34_13,r_119_53_173,r_119_53_173,0.54,-157,16,173,77
90,seq83,r_155_151_167,r_13_64_43,r_13_64_43,0.85,124,167,43,77
50,r_91_6_56,r_3_92_111,seq124,r_91_6_56,0.92,0,56,56,77
8,r_3_92_111,r_82_12_113,r_75_150_105,r_3_92_111,1.0,1,112,111,77
27,r_58_81_52,r_139_41_160,r_46_63_196,r_58_81_52,1.0,0,52,52,77
78,seq152,seq100,r_20_103_98,r_20_103_98,1.0,3,101,98,77
13,r_49_110_2,r_140_137_137,r_30_69_39,r_49_110_2,0.94,99,101,2,77
5,r_99_39_104,r_117_164_50,r_95_120_45,r_99_39_104,1.0,0,104,104,77
15,r_19_131_175,seq101,seq138,r_19_131_175,0.43,1,176,175,77
49,r_116_167_183,r_117_164_50,seq25,r_116_167_183,0.53,0,183,183,77
57,r_79_42_179,seq18,r_35_21_79,r_35_21_79,0.91,102,181,79,77
3,r_106_108_38,r_155_151_167,r_136_48_9,r_106_108_38,1.0,1,39,38,77
6,r_139_41_160,seq15,r_54_73_122,r_139_41_160,0.61,0,160,160,77
62,r_1_169_91,r_46_63_196,seq163,r_1_169_91,1.0,0,91,91,77
74,seq17,r_22_156_149,r_135_23_126,r_135_23_126,0.9,6,132,126,77
43,r_96_14_135,r_95_120_45,r_161_84_11,r_96_14_135,1.0,0,135,135,77
2,r_93_28_16,r_16_112_143,seq94,r_16_112_143,0.88,4,147,143,77
43,r_96_14_135,r_119_53_173,r_95_120_45,r_95_120_45,1.0,18,63,45,77
99,seq124,r_149_86_66,r_91_6_56,r_91_6_56,0.68,17,73,56,77
65,r_36_134_25,r_40_165_174,r_77_70_19,r_36_134_25,0.86,0,25,25,77
58,r_147_51_37,r_141_157_51,r_82_12_113,r_147_51_37,1.0,0,37,37,77
4,r_30_69_39,r_122_43_192,r_49_110_2,r_30_69_39,1.0,0,39,39,77
89,seq57,r_122_43_192,r_147_51_37,r_147_51_37,1.0,6,43,37,77
47,r_104_52_117,r_46_63_196,r_76_102_77,r_46_63_196,1.0,-79,117,196,77
59,r_158_7_10,r_40_165_174,r_149_86_66,r_149_86_66,1.0,76,142,66,77
48,r_95_120_45,seq26,r_96_14_135,r_95_120_45,1.0,0,45,45,77
40,r_22_156_149,seq160,seq168,r_22_156_149,0.87,0,149,149,77
18,r_50_118_148,seq18,r_161_84_11,r_50_118_148,0.92,0,148,148,77
38,r_161_84_11,r_68_90_150,seq163,r_161_84_11,0.99,0,11,11,77
25,r_60_129_172,seq162,r_106_108_38,r_60_129_172,0.74,0,172,172,77
33,r_74_32_110,r_109_66_118,seq162,r_109_66_118,1.0,-8,110,118,77
88,seq44,r_76_102_77,seq0,r_76_102_77,1.0,0,77,77,77
68,r_76_102_77,r_4_105_48,r_104_52_117,r_104_52_117,1.0,16,133,117,77
2,r_93_28_16,r_78_145_60,r_16_112_143,r_78_145_60,0.85,-40,20,60,77
68,r_76_102_77,seq44,r_4_105_48,r_76_102_77,1.0,0,77,77,77
52,r_119_53_173,r_141_157_51,r_166_67_76,r_119_53_173,0.44,0,173,173,77
77,seq153,seq121,r_111_127_96,r_111_127_96,1.0,2,98,96,77
29,r_5_133_27,r_111_127_96,r_117_164_50,r_5_133_27,0.99,28,55,27,77
20,r_78_145_60,seq114,r_136_48_9,r_78_145_60,0.97,0,60,60,77
34,r_97_98_199,r_122_43_192,seq168,r_97_98_199,0.53,-113,86,199,77
75,seq18,r_79_42_179,r_140_137_137,r_140_137_137,0.99,45,182,137,77
31,r_135_23_126,r_1_169_91,seq17,r_135_23_126,0.59,2,128,126,77
17,r_37_71_8,seq57,r_76_102_77,r_76_102_77,1.0,11,88,77,77
94,seq101,r_19_131_175,r_93_28_16,r_19_131_175,0.63,1,176,175,77
9,r_166_67_76,r_140_137_137,r_76_102_77,r_166_67_76,1.0,0,76,76,77
96,seq114,r_10_80_178,r_35_21_79,r_35_21_79,0.99,1,80,79,77
10,r_9_146_49,r_24_125_154,seq128,r_9_146_49,1.0,1,50,49,77
22,r_140_137_137,r_49_110_2,seq18,r_140_137_137,0.99,0,137,137,77
80,seq26,r_95_120_45,r_54_73_122,r_95_120_45,1.0,0,45,45,77
49,r_116_167_183,r_75_150_105,r_117_164_50,r_116_167_183,0.97,-78,105,183,77
56,r_75_150_105,r_116_167_183,r_40_165_174,r_75_150_105,1.0,0,105,105,77
7,r_111_127_96,r_75_150_105,seq153,r_111_127_96,0.45,0,96,96,77
82,seq159,seq121,r_72_65_12,r_72_65_12,0.52,49,61,12,77
12,r_16_112_143,r_132_31_166,r_111_127_96,r_111_127_96,1.0,50,146,96,77
19,r_141_157_51,seq152,r_119_53_173,r_141_157_51,0.81,6,57,51,77
5,r_99_39_104,r_111_127_96,r_117_164_50,r_117_164_50,1.0,5,55,50,77
93,seq77,r_47_105_39,r_161_98_80,r_161_98_80,0.96,4,84,80,78
30,r_78_90_141,r_68_99_167,r_115_25_60,r_115_25_60,0.79,81,141,60,78
8,r_13_103_143,r_159_30_131,r_71_129_23,r_71_129_23,0.87,25,48,23,78
36,r_115_25_60,r_2_112_101,seq154,r_115_25_60,0.96,0,60,60,78
66,r_34_145_13,r_106_93_8,r_26_155_70,r_26_155_70,1.0,13,83,70,78
26,r_138_83_43,r_26_155_70,seq119,r_138_83_43,0.98,0,43,43,78
18,r_75_72_16,r_17_3_2,r_16_35_84,r_75_72_16,0.81,0,16,16,78
37,r_0_40_139,seq36,seq33,r_0_40_139,0.99,1,140,139,78
64,r_164_4_18,seq91,r_137_136_158,r_164_4_18,1.0,0,18,18,78
39,r_27_114_169,r_68_99_167,r_0_40_139,r_0_40_139,0.91,29,168,139,78
46,r_113_130_164,r_107_140_103,r_69_117_58,r_113_130_164,1.0,-80,84,164,78
59,r_1_20_53,r_6_102_132,r_26_155_70,r_1_20_53,0.95,0,53,53,78
63,r_26_155_70,r_67_146_115,r_34_145_13,r_26_155_70,1.0,0,70,70,78
69,r_169_157_127,seq7,r_167_92_125,r_169_157_127,0.95,0,127,127,78
45,r_56_59_135,r_67_146_115,r_49_85_69,r_67_146_115,0.78,0,115,115,78
56,r_58_110_51,r_162_95_172,r_61_165_50,r_61_165_50,0.85,2,52,50,78
1,r_69_117_58,r_127_80_113,r_71_129_23,r_69_117_58,0.74,1,59,58,78
19,r_152_132_87,r_10_128_112,r_38_52_42,r_38_52_42,0.99,48,90,42,78
33,r_106_93_8,r_123_88_75,seq33,r_123_88_75,0.58,1,76,75,78
11,r_17_3_2,r_78_90_141,r_159_30_131,r_17_3_2,0.49,92,94,2,78
49,r_16_35_84,r_115_25_60,r_75_72_16,r_16_35_84,0.82,-57,27,84,78
29,r_24_76_38,seq33,r_75_72_16,r_24_76_38,0.98,0,38,38,78
38,r_79_144_10,r_41_43_195,r_125_12_148,r_125_12_148,0.58,12,160,148,78
31,r_71_129_23,r_78_90_141,r_13_103_143,r_71_129_23,0.96,-1,22,23,78
14,r_159_30_131,r_13_103_143,r_51_55_14,r_51_55_14,1.0,0,14,14,78
72,seq8,seq111,r_19_64_55,r_19_64_55,1.0,15,70,55,78
49,r_16_35_84,r_75_72_16,r_74_45_48,r_16_35_84,0.9,1,85,84,78
78,seq154,r_31_89_176,r_78_90_141,r_31_89_176,0.55,0,176,176,78
0,r_123_88_75,r_161_98_80,seq5,r_161_98_80,0.88,-4,76,80,78
27,r_11_109_161,r_167_92_125,r_9_14_96,r_167_92_125,0.78,61,186,125,78
46,r_113_130_164,r_69_117_58,r_74_45_48,r_113_130_164,0.86,0,164,164,78
48,r_53_139_88,r_9_14_96,seq7,r_53_139_88,1.0,0,88,88,78
57,r_125_12_148,r_65_82_192,r_79_144_10,r_79_144_10,0.87,138,148,10,78
6,r_97_48_185,seq124,r_159_30_131,r_159_30_131,0.91,54,185,131,78
62,r_60_62_170,r_10_128_112,r_126_39_77,r_60_62_170,0.79,-100,70,170,78
63,r_26_155_70,r_138_83_43,r_67_146_115,r_138_83_43,0.98,-13,30,43,78
20,r_51_55_14,r_137_136_158,r_159_30_131,r_51_55_14,0.96,0,14,14,78
93,seq77,r_161_98_80,r_29_151_130,r_29_151_130,1.0,4,134,130,78
10,r_6_102_132,r_61_165_50,r_131_116_123,r_61_165_50,0.96,86,136,50,78
27,r_11_109_161,seq153,r_167_92_125,r_11_109_161,0.49,0,161,161,78
24,r_118_22_56,r_107_140_103,r_24_76_38,r_118_22_56,1.0,0,56,56,78
51,r_84_86_27,r_96_46_163,seq141,r_96_46_163,0.75,7,170,163,78
4,r_61_165_50,seq21,seq124,r_61_165_50,0.92,0,50,50,78
70,seq133,r_158_135_11,r_127_80_113,r_127_80_113,1.0,11,124,113,78
2,r_127_80_113,seq147,seq133,r_127_80_113,0.91,0,113,113,78
3,r_96_46_163,r_49_85_69,r_84_86_27,r_84_86_27,1.0,0,27,27,78
40,r_10_128_112,r_60_62_170,r_158_135_11,r_10_128_112,0.61,0,112,112,78
38,r_79_144_10,seq33,r_41_43_195,r_79_144_10,0.91,0,10,10,78
20,r_51_55_14,r_159_30_131,r_69_117_58,r_69_117_58,1.0,14,72,58,78
45,r_56_59_135,r_49_85_69,r_19_64_55,r_56_59_135,0.67,0,135,135,78
16,r_74_45_48,r_56_59_135,r_167_92_125,r_74_45_48,1.0,0,48,48,78
82,seq33,r_34_145_13,r_27_114_169,r_27_114_169,0.38,-27,142,169,78
47,r_162_95_172,r_69_117_58,r_138_83_43,r_162_95_172,0.79,2,174,172,78
11,r_17_3_2,r_75_72_16,r_78_90_141,r_75_72_16,0.96,1,17,16,78
50,r_161_98_80,r_123_88_75,seq77,r_161_98_80,1.0,0,80,80,78
58,r_150_87_71,r_65_82_192,r_47_105_39,r_150_87_71,1.0,0,71,71,78
70,seq133,r_100_104_83,r_158_135_11,r_100_104_83,0.76,-11,72,83,78
65,r_148_168_111,seq133,r_164_4_18,r_148_168_111,0.85,0,111,111,78
68,r_68_99_167,r_27_114_169,r_67_146_115,r_27_114_169,0.51,-1,168,169,78
29,r_24_76_38,r_75_72_16,r_118_22_56,r_118_22_56,0.99,28,84,56,78
52,r_100_104_83,seq133,r_49_85_69,r_100_104_83,0.96,0,83,83,78
64,r_164_4_18,r_137_136_158,r_148_168_111,r_164_4_18,0.69,140,158,18,78
60,r_70_81_66,seq91,seq36,r_70_81_66,1.0,0,66,66,78
47,r_162_95_172,r_58_110_51,r_69_117_58,r_162_95_172,0.56,-113,59,172,78
97,seq120,r_42_50_129,r_164_4_18,r_164_4_18,0.77,4,22,18,78
18,r_75_72_16,r_16_35_84,r_118_22_56,r_75_72_16,1.0,49,65,16,78
17,r_49_85_69,r_126_39_77,r_100_104_83,r_100_104_83,0.86,0,83,83,78
53,r_19_64_55,r_13_103_143,seq8,r_19_64_55,1.0,0,55,55,78
9,r_156_94_184,seq36,r_107_140_103,r_156_94_184,0.66,0,184,184,78
66,r_34_145_13,r_61_165_50,r_106_93_8,r_34_145_13,0.83,0,13,13,78
50,r_161_98_80,seq77,r_60_62_170,r_60_62_170,0.9,-19,151,170,78
96,seq119,r_149_108_187,r_138_83_43,r_138_83_43,1.0,145,188,43,78
10,r_6_102_132,r_1_20_53,r_61_165_50,r_6_102_132,1.0,-82,50,132,78
5,r_38_52_42,r_156_94_184,seq91,r_38_52_42,0.98,0,42,42,78
22,r_9_14_96,r_107_140_103,r_26_155_70,r_9_14_96,1.0,0,96,96,78
62,r_60_62_170,r_126_39_77,r_161_98_80,r_161_98_80,0.74,100,180,80,78
28,r_47_105_39,seq77,r_150_87_71,r_150_87_71,1.0,2,73,71,78
91,seq73,seq36,r_18_134_118,r_18_134_118,1.0,38,156,118,78
76,seq21,r_61_165_50,seq36,r_61_165_50,1.0,-6,44,50,78
59,r_1_20_53,r_26_155_70,r_126_39_77,r_1_20_53,0.61,17,70,53,78
33,r_106_93_8,r_29_151_130,r_123_88_75,r_106_93_8,0.45,2,10,8,78
7,r_107_140_103,r_113_130_164,seq7,r_107_140_103,1.0,0,103,103,78
44,r_65_82_192,r_125_12_148,r_67_146_115,r_67_146_115,1.0,33,148,115,78
23,r_149_108_187,seq119,r_32_101_7,r_32_101_7,0.53,181,188,7,78
35,r_137_136_158,seq120,r_69_117_58,r_137_136_158,0.92,0,158,158,78
12,r_67_146_115,r_18_134_118,r_65_82_192,r_65_82_192,1.0,-77,115,192,78
51,r_84_86_27,r_107_140_103,r_96_46_163,r_96_46_163,0.48,-136,27,163,78
84,seq36,r_156_94_184,r_70_81_66,r_70_81_66,1.0,6,72,66,78
51,r_53_79_183,r_76_106_129,r_154_9_52,r_53_79_183,0.81,-54,129,183,79
36,r_38_133_74,r_24_67_133,seq48,r_38_133_74,1.0,0,74,74,79
22,r_31_126_42,r_39_71_151,r_115_96_3,r_31_126_42,1.0,0,42,42,79
32,r_21_146_136,r_65_2_158,r_154_9_52,r_21_146_136,1.0,1,137,136,79
14,r_100_111_72,seq69,seq134,r_100_111_72,1.0,0,72,72,79
8,r_65_2_158,r_161_30_43,r_15_7_120,r_65_2_158,0.75,0,158,158,79
62,r_138_20_44,r_38_133_74,r_36_143_4,r_138_20_44,1.0,1,45,44,79
53,r_140_89_76,r_94_70_141,seq29,r_140_89_76,1.0,1,77,76,79
68,r_144_128_49,seq32,r_83_169_113,r_144_128_49,0.99,1,50,49,79
37,r_3_121_109,r_115_96_3,seq5,r_3_121_109,0.68,1,110,109,79
59,r_92_148_153,r_105_130_194,r_43_66_11,r_92_148_153,0.64,0,153,153,79
55,r_129_158_184,seq101,r_154_9_52,r_154_9_52,1.0,46,98,52,79
26,r_154_9_52,r_86_108_58,r_129_158_184,r_154_9_52,1.0,0,52,52,79
16,r_15_7_120,r_105_130_194,seq40,r_15_7_120,1.0,0,120,120,79
39,r_107_103_171,r_105_130_194,seq147,r_107_103_171,0.6,0,171,171,79
1,r_132_125_131,r_12_19_187,r_154_9_52,r_132_125_131,0.96,0,131,131,79
5,r_98_93_148,r_59_90_168,seq10,r_98_93_148,0.75,0,148,148,79
46,r_115_96_3,r_3_121_109,r_31_126_42,r_31_126_42,1.0,22,64,42,79
42,r_110_58_146,seq147,seq69,r_110_58_146,0.87,0,146,146,79
56,r_131_51_47,r_15_7_120,seq46,r_131_51_47,1.0,0,47,47,79
69,r_80_137_165,r_117_149_189,seq147,r_80_137_165,0.42,0,165,165,79
41,r_77_160_25,r_94_70_141,seq22,r_77_160_25,0.73,5,30,25,79
15,r_43_66_11,r_24_67_133,r_168_166_78,r_168_166_78,0.65,0,78,78,79
31,r_59_90_168,r_123_52_77,r_132_125_131,r_59_90_168,0.78,0,168,168,79
67,r_83_169_113,r_61_17_199,r_60_64_86,r_60_64_86,0.99,0,86,86,79
3,r_116_81_107,r_15_7_120,r_109_118_69,r_116_81_107,0.98,0,107,107,79
10,r_55_75_132,r_88_50_181,seq0,r_55_75_132,0.97,0,132,132,79
90,seq48,r_12_19_187,r_62_57_16,r_62_57_16,0.91,171,187,16,79
72,seq5,seq4,r_3_121_109,r_3_121_109,0.88,2,111,109,79
15,r_43_66_11,r_136_135_166,r_41_159_59,r_43_66_11,0.92,0,11,11,79
4,r_42_142_145,r_39_71_151,r_83_169_113,r_42_142_145,0.92,0,145,145,79
0,r_39_71_151,r_12_19_187,r_61_17_199,r_39_71_151,0.94,0,151,151,79
63,r_105_130_194,r_107_103_171,r_76_106_129,r_76_106_129,0.98,42,171,129,79
85,seq32,r_144_128_49,seq68,r_144_128_49,0.99,1,50,49,79
11,r_94_70_141,seq162,r_85_165_7,r_94_70_141,0.81,0,141,141,79
20,r_60_64_86,r_18_114_161,r_56_104_70,r_60_64_86,1.0,0,86,86,79
98,seq101,r_47_97_162,r_132_125_131,r_132_125_131,0.74,30,161,131,79
57,r_84_35_62,r_117_149_189,seq49,r_84_35_62,1.0,0,62,62,79
44,r_41_159_59,r_38_133_74,r_43_66_11,r_43_66_11,0.8,0,11,11,79
19,r_16_122_18,r_61_17_199,seq153,r_16_122_18,1.0,0,18,18,79
15,r_43_66_11,r_41_159_59,r_24_67_133,r_43_66_11,0.54,48,59,11,79
6,r_28_113_71,r_1_14_119,r_92_148_153,r_28_113_71,1.0,0,71,71,79
54,r_44_156_34,r_110_58_146,r_62_57_16,r_62_57_16,0.51,18,34,16,79
45,r_161_30_43,r_163_73_155,r_65_2_158,r_163_73_155,0.93,-110,45,155,79
66,r_86_108_58,r_110_58_146,r_41_159_59,r_86_108_58,1.0,1,59,58,79
27,r_61_17_199,r_83_169_113,r_56_104_70,r_61_17_199,0.98,-124,75,199,79
87,seq37,r_80_137_165,r_119_91_66,r_119_91_66,0.98,5,71,66,79
51,r_53_79_183,r_154_9_52,r_39_71_151,r_53_79_183,0.75,0,183,183,79
69,r_80_137_165,seq147,r_88_50_181,r_88_50_181,0.89,-1,180,181,79
2,r_12_19_187,seq48,r_140_89_76,r_12_19_187,0.31,0,187,187,79
47,r_13_45_111,r_120_151_130,r_31_126_42,r_120_151_130,1.0,-18,112,130,79
40,r_88_50_181,seq101,r_80_137_165,r_88_50_181,0.56,1,182,181,79
18,r_119_91_66,seq102,seq37,r_119_91_66,1.0,0,66,66,79
24,r_27_164_152,r_25_95_193,r_138_20_44,r_138_20_44,0.78,109,153,44,79
44,r_41_159_59,r_43_66_11,r_86_108_58,r_41_159_59,1.0,0,59,59,79
82,seq153,r_3_121_109,r_16_122_18,r_16_122_18,0.98,1,19,18,79
33,r_112_33_186,seq150,r_65_2_158,r_65_2_158,0.86,28,186,158,79
64,r_18_114_161,r_60_64_86,r_107_103_171,r_60_64_86,0.99,0,86,86,79
50,r_24_67_133,r_38_133_74,r_109_118_69,r_24_67_133,1.0,-59,74,133,79
6,r_28_113_71,r_92_148_153,r_110_58_146,r_28_113_71,1.0,81,152,71,79
21,r_62_57_16,r_23_63_84,seq48,r_62_57_16,1.0,0,16,16,79
61,r_157_127_90,r_21_146_136,r_62_57_16,r_157_127_90,1.0,-1,89,90,79
32,r_21_146_136,r_157_127_90,r_65_2_158,r_157_127_90,1.0,-1,89,90,79
38,r_1_14_119,seq40,r_85_165_7,r_1_14_119,0.94,0,119,119,79
52,r_72_78_108,r_88_50_181,r_23_63_84,r_72_78_108,1.0,0,108,108,79
34,r_124_155_94,r_39_71_151,r_86_108_58,r_124_155_94,0.84,2,96,94,79
64,r_18_114_161,r_107_103_171,seq0,r_18_114_161,0.54,0,161,161,79
17,r_109_118_69,r_59_90_168,r_24_67_133,r_109_118_69,1.0,0,69,69,79
9,r_168_166_78,seq10,r_43_66_11,r_168_166_78,1.0,0,78,78,79
26,r_154_9_52,r_129_158_184,r_132_125_131,r_132_125_131,0.99,52,183,131,79
50,r_24_67_133,r_109_118_69,r_132_125_131,r_24_67_133,0.98,2,135,133,79
62,r_138_20_44,r_36_143_4,r_27_164_152,r_138_20_44,0.52,107,151,44,79
28,r_47_97_162,seq101,r_16_122_18,r_16_122_18,0.94,143,161,18,79
91,seq49,r_163_73_155,r_84_35_62,r_84_35_62,1.0,94,156,62,79
49,r_139_167_63,r_28_113_71,seq102,r_139_167_63,1.0,0,63,63,79
89,seq46,r_27_164_152,r_131_51_47,r_131_51_47,1.0,9,56,47,79
7,r_76_106_129,r_53_79_183,seq69,r_76_106_129,1.0,0,129,129,79
23,r_56_104_70,seq101,r_144_128_49,r_56_104_70,0.92,0,70,70,79
94,seq74,seq4,r_109_118_69,r_109_118_69,0.84,91,160,69,79
17,r_109_118_69,r_24_67_133,r_116_81_107,r_109_118_69,1.0,67,136,69,79
67,r_83_169_113,r_60_64_86,seq102,r_83_169_113,1.0,0,113,113,79
75,seq10,r_131_51_47,r_98_93_148,r_98_93_148,0.74,5,153,148,79
79,seq147,r_110_58_146,r_161_30_43,r_110_58_146,0.77,1,147,146,79
35,r_120_151_130,r_34_54_140,r_84_35_62,r_120_151_130,1.0,0,130,130,79
68,r_144_128_49,r_83_169_113,r_56_104_70,r_144_128_49,0.96,25,74,49,79
55,r_129_158_184,r_154_9_52,r_123_52_77,r_123_52_77,0.57,107,184,77,79
93,seq92,seq103,r_106_21_118,r_106_21_118,1.0,14,132,118,80
30,r_130_50_128,r_104_9_162,seq79,r_130_50_128,0.64,1,129,128,80
44,r_62_126_23,r_97_121_109,r_41_141_73,r_41_141_73,0.93,38,111,73,80
14,r_30_57_108,r_78_69_159,seq99,r_30_57_108,0.91,0,108,108,80
8,r_28_75_130,r_78_69_159,seq131,r_28_75_130,0.99,0,130,130,80
53,r_150_11_148,seq27,seq65,r_150_11_148,0.82,0,148,148,80
43,r_70_123_69,seq131,r_90_94_62,r_70_123_69,1.0,0,69,69,80
44,r_62_126_23,r_41_141_73,r_82_47_132,r_82_47_132,0.99,26,158,132,80
37,r_106_21_118,r_82_47_132,r_51_142_197,r_106_21_118,0.99,0,118,118,80
59,r_33_91_186,r_34_66_173,r_133_17_58,r_133_17_58,0.83,131,189,58,80
64,r_114_154_31,seq131,seq168,r_114_154_31,0.87,4,35,31,80
5,r_64_89_46,r_100_16_85,seq60,r_64_89_46,0.81,0,46,46,80
55,r_72_61_123,r_2_95_149,r_97_121_109,r_2_95_149,0.61,-26,123,149,80
71,seq131,r_31_81_172,r_28_75_130,r_28_75_130,0.87,32,162,130,80
16,r_129_80_60,r_7_44_2,r_90_94_62,r_129_80_60,0.45,28,88,60,80
21,r_15_56_174,r_118_155_114,r_43_88_83,r_15_56_174,0.92,-91,83,174,80
39,r_39_14_122,seq38,r_67_20_5,r_39_14_122,0.99,1,123,122,80
69,r_156_124_65,r_32_63_120,r_100_16_85,r_32_63_120,0.94,0,120,120,80
46,r_6_71_96,r_90_94_62,seq167,r_6_71_96,0.7,9,105,96,80
57,r_51_142_197,seq84,r_106_21_118,r_106_21_118,1.0,1,119,118,80
44,r_62_126_23,r_76_4_81,r_97_121_109,r_62_126_23,0.8,0,23,23,80
85,seq49,r_29_117_163,r_42_105_12,r_42_105_12,1.0,-1,11,12,80
69,r_156_124_65,r_116_87_119,r_32_63_120,r_156_124_65,1.0,0,65,65,80
15,r_102_149_35,r_6_71_96,r_42_105_12,r_102_149_35,0.96,7,42,35,80
19,r_122_160_137,r_67_20_5,seq1,r_122_160_137,0.98,0,137,137,80
66,r_78_69_159,r_106_21_118,r_62_126_23,r_78_69_159,1.0,1,160,159,80
66,r_78_69_159,r_28_75_130,r_106_21_118,r_78_69_159,0.78,-32,127,159,80
20,r_140_109_21,r_64_89_46,seq86,r_140_109_21,0.99,0,21,21,80
31,r_13_3_104,r_134_36_101,r_107_93_48,r_13_3_104,1.0,1,105,104,80
41,r_29_117_163,seq49,r_55_74_63,r_55_74_63,1.0,109,172,63,80
67,r_67_20_5,r_122_160_137,r_12_77_131,r_67_20_5,0.98,132,137,5,80
23,r_164_151_24,r_100_16_85,seq19,r_164_151_24,0.93,2,26,24,80
90,seq79,r_116_87_119,r_7_44_2,r_116_87_119,1.0,0,119,119,80
62,r_152_98_57,r_2_95_149,seq18,r_152_98_57,1.0,0,57,57,80
26,r_8_45_112,r_135_58_92,r_55_74_63,r_8_45_112,1.0,1,113,112,80
72,seq5,r_33_91_186,r_143_83_152,r_33_91_186,0.61,1,187,186,80
78,seq27,r_150_11_148,r_76_4_81,r_150_11_148,1.0,0,148,148,80
0,r_55_74_63,seq108,seq99,r_55_74_63,1.0,0,63,63,80
63,r_125_101_153,seq18,r_62_126_23,r_125_101_153,0.9,0,153,153,80
73,seq18,r_125_101_153,r_152_98_57,r_152_98_57,0.94,20,77,57,80
11,r_35_157_115,r_85_136_89,seq103,r_35_157_115,1.0,0,115,115,80
13,r_165_161_124,r_29_117_163,r_85_136_89,r_165_161_124,1.0,0,124,124,80
4,r_107_93_48,r_2_95_149,r_13_3_104,r_13_3_104,1.0,14,118,104,80
57,r_51_142_197,r_134_36_101,seq84,r_134_36_101,0.81,3,104,101,80
74,seq19,r_146_25_38,r_164_151_24,r_146_25_38,0.56,0,38,38,80
6,r_100_16_85,r_2_95_149,r_146_25_38,r_100_16_85,0.74,1,86,85,80
21,r_15_56_174,r_43_88_83,r_35_157_115,r_43_88_83,0.9,91,174,83,80
48,r_10_0_34,r_122_160_137,r_164_151_24,r_10_0_34,0.56,25,59,34,80
10,r_97_121_109,r_62_126_23,r_70_123_69,r_70_123_69,0.81,42,111,69,80
27,r_31_81_172,seq131,r_10_0_34,r_31_81_172,0.57,0,172,172,80
4,r_107_93_48,r_34_66_173,r_2_95_149,r_107_93_48,0.94,1,49,48,80
2,r_147_52_143,seq148,r_55_74_63,r_55_74_63,1.0,90,153,63,80
47,r_32_63_120,seq108,r_156_124_65,r_156_124_65,1.0,5,70,65,80
10,r_97_121_109,r_67_20_5,r_62_126_23,r_62_126_23,0.98,18,41,23,80
40,r_135_58_92,r_8_45_112,seq27,r_8_45_112,0.58,-2,110,112,80
18,r_118_155_114,r_166_54_171,r_6_71_96,r_118_155_114,0.77,0,114,114,80
1,r_133_17_58,seq103,seq1,r_133_17_58,1.0,0,58,58,80
29,r_113_48_183,r_111_120_116,r_85_136_89,r_113_48_183,0.53,-39,144,183,80
24,r_2_95_149,r_72_61_123,r_59_37_4,r_72_61_123,0.99,0,123,123,80
25,r_162_137_170,seq96,r_55_74_63,r_162_137_170,0.47,0,170,170,80
33,r_40_145_76,r_104_9_162,r_138_110_17,r_40_145_76,1.0,0,76,76,80
34,r_138_110_17,r_85_136_89,r_153_139_9,r_138_110_17,0.5,0,17,17,80
50,r_111_120_116,r_113_48_183,seq27,r_113_48_183,0.98,-51,132,183,80
58,r_41_141_73,seq84,r_62_126_23,r_41_141_73,0.95,0,73,73,80
70,seq1,r_104_9_162,r_133_17_58,r_133_17_58,1.0,41,99,58,80
65,r_12_77_131,seq131,r_67_20_5,r_12_77_131,1.0,0,131,131,80
68,r_115_132_188,seq1,r_152_98_57,r_152_98_57,0.88,132,189,57,80
61,r_166_54_171,r_15_56_174,r_107_93_48,r_166_54_171,0.69,0,171,171,80
38,r_43_88_83,r_104_9_162,r_85_136_89,r_43_88_83,0.87,22,105,83,80
52,r_23_46_67,seq60,r_7_44_2,r_23_46_67,0.72,21,88,67,80
45,r_146_25_38,seq19,seq108,r_146_25_38,1.0,0,38,38,80
45,r_146_25_38,seq108,r_100_16_85,r_100_16_85,1.0,10,95,85,80
17,r_104_9_162,seq1,r_143_83_152,r_104_9_162,0.65,0,162,162,80
94,seq96,r_162_137_170,r_76_4_81,r_162_137_170,0.88,0,170,170,80
9,r_85_136_89,r_35_157_115,r_43_88_83,r_35_157_115,0.7,-10,105,115,80
32,r_42_105_12,r_32_63_120,seq49,r_42_105_12,0.99,-1,11,12,80
22,r_134_36_101,r_13_3_104,seq158,r_134_36_101,0.94,4,105,101,80
4,r_107_93_48,r_13_3_104,r_166_54_171,r_166_54_171,0.93,9,180,171,80
28,r_143_83_152,r_7_44_2,seq5,r_143_83_152,0.49,1,153,152,80
47,r_32_63_120,r_156_124_65,r_7_44_2,r_32_63_120,1.0,-1,119,120,80
49,r_34_66_173,r_33_91_186,r_130_50_128,r_130_50_128,1.0,45,173,128,80
36,r_144_127_39,r_104_9_162,r_90_94_62,r_144_127_39,1.0,1,40,39,80
56,r_90_94_62,r_6_71_96,r_70_123_69,r_70_123_69,0.93,36,105,69,80
29,r_113_48_183,r_85_136_89,r_100_16_85,r_113_48_183,0.99,1,184,183,80
82,seq167,r_67_20_5,r_6_71_96,r_6_71_96,0.59,-1,95,96,80
79,seq158,seq60,r_134_36_101,r_134_36_101,1.0,1,102,101,80
35,r_7_44_2,r_129_80_60,r_23_46_67,r_7_44_2,0.79,75,77,2,80
12,r_116_87_119,seq79,r_76_4_81,r_116_87_119,0.97,0,119,119,80
93,seq82,r_39_154_83,r_124_127_84,r_39_154_83,0.76,0,83,83,81
51,r_59_105_190,seq164,r_87_85_75,r_87_85_75,0.97,28,103,75,81
36,r_114_112_138,seq160,r_53_63_95,r_114_112_138,0.99,0,138,138,81
17,r_7_74_29,r_69_10_198,r_43_66_48,r_7_74_29,0.87,0,29,29,81
14,r_124_127_84,r_2_80_157,seq82,r_124_127_84,0.78,4,88,84,81
43,r_45_42_93,r_88_79_141,r_87_85_75,r_45_42_93,0.99,0,93,93,81
54,r_102_116_109,seq82,r_7_74_29,r_102_116_109,0.91,1,110,109,81
83,seq37,seq126,r_156_16_106,r_156_16_106,0.97,13,119,106,81
59,r_146_165_112,seq134,r_100_145_38,r_146_165_112,0.83,1,113,112,81
53,r_110_77_28,r_14_95_59,seq37,r_110_77_28,0.86,-4,24,28,81
55,r_53_63_95,seq158,seq51,r_53_63_95,1.0,1,96,95,81
16,r_25_81_99,r_153_21_185,r_72_28_45,r_25_81_99,0.97,1,100,99,81
21,r_2_80_157,seq111,r_87_85_75,r_87_85_75,1.0,83,158,75,81
1,r_120_49_100,r_140_115_184,r_155_15_124,r_120_49_100,0.65,84,184,100,81
1,r_120_49_100,seq89,r_140_115_184,r_120_49_100,0.98,1,101,100,81
5,r_5_18_166,r_88_79_141,r_2_80_157,r_5_18_166,0.7,1,167,166,81
46,r_38_61_147,r_106_93_139,r_102_116_109,r_106_93_139,0.87,9,148,139,81
56,r_86_139_54,r_57_55_168,r_43_66_48,r_86_139_54,0.82,0,54,54,81
69,r_103_167_131,seq82,r_86_139_54,r_103_167_131,0.85,-6,125,131,81
11,r_157_141_116,r_72_28_45,r_132_19_9,r_157_141_116,0.78,-97,19,116,81
45,r_168_142_161,r_60_6_145,r_163_44_46,r_163_44_46,0.74,99,145,46,81
62,r_133_119_17,r_87_85_75,seq164,r_133_119_17,0.59,4,21,17,81
35,r_90_40_148,r_100_145_38,r_65_34_90,r_90_40_148,0.91,0,148,148,81
6,r_84_98_53,r_121_107_105,r_136_97_32,r_136_97_32,0.88,21,53,32,81
15,r_100_145_38,r_90_40_148,r_86_139_54,r_100_145_38,0.57,97,135,38,81
11,r_157_141_116,r_132_19_9,r_25_81_99,r_157_141_116,0.86,1,117,116,81
76,seq20,r_50_166_142,r_118_32_104,r_118_32_104,0.69,38,142,104,81
66,r_43_66_48,r_88_79_141,r_7_74_29,r_7_74_29,0.85,0,29,29,81
31,r_24_41_156,seq67,seq164,r_24_41_156,0.89,1,157,156,81
66,r_43_66_48,r_7_74_29,seq17,r_43_66_48,0.92,0,48,48,81
67,r_159_143_119,seq158,seq162,r_159_143_119,0.98,0,119,119,81
24,r_138_83_74,r_75_30_47,r_59_105_190,r_138_83_74,0.46,-31,43,74,81
3,r_135_22_62,r_124_127_84,r_132_19_9,r_135_22_62,1.0,-2,60,62,81
42,r_57_55_168,r_86_139_54,seq20,r_86_139_54,0.97,0,54,54,81
63,r_136_97_32,r_72_28_45,r_54_104_2,r_54_104_2,0.87,31,33,2,81
4,r_155_15_124,r_90_40_148,r_122_109_31,r_155_15_124,0.76,2,126,124,81
0,r_117_101_164,r_106_93_139,r_13_123_151,r_106_93_139,0.74,5,144,139,81
20,r_13_123_151,seq68,r_11_152_21,r_13_123_151,0.48,1,152,151,81
29,r_50_166_142,r_118_32_104,r_110_77_28,r_50_166_142,0.92,0,142,142,81
98,seq111,r_2_80_157,r_65_34_90,r_65_34_90,1.0,18,108,90,81
17,r_7_74_29,r_88_79_141,r_102_116_109,r_102_116_109,0.83,0,109,109,81
48,r_118_32_104,seq78,r_169_27_108,r_118_32_104,0.71,4,108,104,81
57,r_156_16_106,r_128_1_183,seq37,r_156_16_106,0.85,0,106,106,81
13,r_52_26_19,r_156_16_106,seq51,r_52_26_19,0.97,-3,16,19,81
23,r_72_28_45,r_157_141_116,r_102_116_109,r_72_28_45,1.0,0,45,45,81
19,r_96_31_22,r_38_61_147,seq0,r_96_31_22,0.7,-2,20,22,81
8,r_56_36_39,r_57_55_168,r_163_44_46,r_56_36_39,0.98,2,41,39,81
10,r_163_44_46,r_168_142_161,r_56_36_39,r_168_142_161,0.94,-3,158,161,81
27,r_99_70_188,r_46_29_150,r_14_95_59,r_14_95_59,0.95,91,150,59,81
30,r_113_62_71,seq134,r_168_142_161,r_168_142_161,0.88,-5,156,161,81
45,r_168_142_161,r_163_44_46,r_113_62_71,r_163_44_46,0.74,118,164,46,81
17,r_7_74_29,r_43_66_48,r_88_79_141,r_43_66_48,0.87,0,48,48,81
2,r_88_79_141,r_5_18_166,r_57_55_168,r_88_79_141,0.55,27,168,141,81
47,r_128_1_183,seq149,r_13_123_151,r_13_123_151,0.92,33,184,151,81
24,r_138_83_74,r_59_105_190,r_163_44_46,r_138_83_74,0.57,4,78,74,81
40,r_14_95_59,r_118_32_104,r_99_70_188,r_99_70_188,0.85,-128,60,188,81
18,r_140_115_184,r_4_12_37,r_120_49_100,r_120_49_100,0.71,-58,42,100,81
29,r_50_166_142,r_121_107_105,r_118_32_104,r_50_166_142,0.95,-36,106,142,81
10,r_163_44_46,r_128_1_183,r_168_142_161,r_163_44_46,0.85,3,49,46,81
34,r_153_21_185,r_147_23_33,r_113_62_71,r_153_21_185,0.56,0,185,185,81
25,r_46_29_150,r_99_70_188,r_13_123_151,r_46_29_150,0.68,0,150,150,81
33,r_125_35_163,r_64_148_197,r_159_143_119,r_64_148_197,0.65,-35,162,197,81
64,r_129_144_155,r_92_137_173,r_69_10_198,r_129_144_155,0.68,3,158,155,81
85,seq51,r_52_26_19,r_53_63_95,r_53_63_95,1.0,14,109,95,81
15,r_100_145_38,r_163_44_46,r_90_40_148,r_100_145_38,0.91,0,38,38,81
50,r_87_85_75,seq9,seq78,r_87_85_75,0.99,0,75,75,81
65,r_169_27_108,seq149,r_118_32_104,r_169_27_108,0.46,0,108,108,81
68,r_106_93_139,r_117_101_164,r_45_42_93,r_106_93_139,0.66,5,144,139,81
42,r_57_55_168,seq20,r_88_79_141,r_88_79_141,0.53,38,179,141,81
61,r_65_34_90,seq3,seq111,r_65_34_90,1.0,0,90,90,81
38,r_60_6_145,r_168_142_161,r_102_116_109,r_60_6_145,0.82,0,145,145,81
28,r_122_109_31,seq164,seq130,r_122_109_31,0.79,4,35,31,81
41,r_147_23_33,r_54_104_2,seq160,r_147_23_33,1.0,0,33,33,81
34,r_153_21_185,r_25_81_99,r_147_23_33,r_153_21_185,1.0,-85,100,185,81
60,r_92_137_173,r_129_144_155,r_96_31_22,r_129_144_155,0.69,0,155,155,81
60,r_92_137_173,r_96_31_22,r_133_119_17,r_92_137_173,0.65,4,177,173,81
9,r_121_107_105,r_50_166_142,seq126,r_121_107_105,0.71,1,106,105,81
63,r_136_97_32,r_54_104_2,r_84_98_53,r_84_98_53,0.96,43,96,53,81
43,r_45_42_93,r_87_85_75,r_106_93_139,r_45_42_93,0.59,49,142,93,81
7,r_69_10_198,r_168_142_161,r_129_144_155,r_69_10_198,0.53,-40,158,198,81
39,r_75_30_47,r_92_137_173,seq149,r_75_30_47,0.75,1,48,47,81
18,r_140_115_184,r_120_49_100,r_147_23_33,r_140_115_184,0.45,0,184,184,81
44,r_94_48_133,seq162,r_135_22_62,r_94_48_133,0.81,0,133,133,81
32,r_4_12_37,r_140_115_184,seq111,r_4_12_37,0.83,0,37,37,81
35,r_90_40_148,r_155_15_124,r_100_145_38,r_90_40_148,0.55,-42,106,148,81
12,r_8_150_175,seq0,r_121_107_105,r_121_107_105,0.71,70,175,105,81
23,r_72_28_45,r_102_116_109,r_25_81_99,r_72_28_45,0.86,65,110,45,81
0,r_117_101_164,r_13_123_151,r_155_15_124,r_117_101_164,0.72,22,186,164,81
30,r_59_110_149,r_141_71_3,r_22_45_125,r_22_45_125,0.56,26,151,125,82
51,r_15_77_144,seq19,r_113_97_9,r_15_77_144,0.96,0,144,144,82
36,r_101_142_89,r_167_89_179,r_65_12_72,r_101_142_89,1.0,0,89,89,82
53,r_65_12_72,r_134_27_143,r_40_5_23,r_40_5_23,0.7,53,76,23,82
58,r_167_89_179,r_53_57_11,r_3_153_36,r_167_89_179,0.45,0,179,179,82
43,r_123_38_91,r_49_64_184,r_107_159_15,r_123_38_91,1.0,0,91,91,82
17,r_146_56_21,r_120_91_172,seq68,r_146_56_21,0.88,1,22,21,82
7,r_107_159_15,r_62_81_25,r_90_88_187,r_107_159_15,0.9,0,15,15,82
54,r_22_45_125,r_164_157_193,r_65_12_72,r_22_45_125,0.98,0,125,125,82
37,r_51_162_121,r_49_64_184,r_58_29_114,r_58_29_114,1.0,8,122,114,82
59,r_126_66_83,r_11_72_119,r_76_106_70,r_126_66_83,0.78,0,83,83,82
55,r_169_52_85,r_166_39_198,r_114_109_182,r_166_39_198,0.57,-112,86,198,82
21,r_17_28_66,r_121_37_65,r_33_79_99,r_17_28_66,0.92,1,67,66,82
39,r_114_109_182,r_46_4_140,r_169_52_85,r_46_4_140,1.0,1,141,140,82
1,r_137_23_94,r_114_109_182,r_111_75_10,r_137_23_94,1.0,1,95,94,82
5,r_49_64_184,r_122_139_19,r_15_77_144,r_15_77_144,0.62,40,184,144,82
46,r_117_44_145,seq70,r_3_153_36,r_3_153_36,0.54,111,147,36,82
80,seq32,r_16_2_188,seq68,r_16_2_188,0.55,0,188,188,82
66,r_76_106_70,r_60_102_16,r_6_92_4,r_76_106_70,0.82,-52,18,70,82
7,r_107_159_15,r_90_88_187,r_123_38_91,r_123_38_91,1.0,10,101,91,82
69,r_155_42_117,seq19,r_169_52_85,r_155_42_117,0.99,0,117,117,82
45,r_151_128_189,seq140,r_138_9_168,r_151_128_189,0.4,0,189,189,82
15,r_136_108_58,seq34,seq70,r_136_108_58,0.86,0,58,58,82
8,r_33_79_99,seq34,r_17_28_66,r_17_28_66,0.42,-7,59,66,82
64,r_53_57_11,r_107_159_15,r_167_89_179,r_53_57_11,1.0,0,11,11,82
76,seq21,r_138_9_168,r_137_23_94,r_137_23_94,0.99,76,170,94,82
38,r_134_27_143,r_43_168_40,seq7,r_43_168_40,1.0,-9,31,40,82
31,r_121_37_65,r_150_48_135,r_49_64_184,r_121_37_65,0.87,4,69,65,82
49,r_93_26_22,r_43_168_40,r_107_159_15,r_93_26_22,0.96,0,22,22,82
3,r_58_29_114,seq63,r_141_71_3,r_58_29_114,1.0,0,114,114,82
20,r_62_81_25,r_17_28_66,seq140,r_62_81_25,0.8,0,25,25,82
72,seq7,r_105_36_67,r_111_75_10,r_105_36_67,0.87,-4,63,67,82
21,r_17_28_66,r_144_143_157,r_59_110_149,r_17_28_66,0.81,73,139,66,82
61,r_135_82_18,r_43_168_40,r_166_39_198,r_135_82_18,1.0,0,18,18,82
11,r_163_80_159,r_151_128_189,r_94_1_130,r_163_80_159,0.55,0,159,159,82
58,r_167_89_179,r_101_142_89,r_53_57_11,r_167_89_179,0.7,-167,12,179,82
68,r_90_88_187,r_146_56_21,r_107_159_15,r_90_88_187,0.96,-171,16,187,82
48,r_130_69_109,r_49_64_184,r_127_100_73,r_130_69_109,0.99,1,110,109,82
57,r_122_139_19,r_49_64_184,seq125,r_122_139_19,0.36,166,185,19,82
65,r_40_5_23,r_101_142_89,r_150_48_135,r_40_5_23,0.74,-1,22,23,82
62,r_61_133_153,r_49_64_184,seq34,r_49_64_184,0.61,-28,156,184,82
46,r_117_44_145,r_3_153_36,seq112,r_117_44_145,0.49,21,166,145,82
0,r_43_168_40,r_49_64_184,r_146_56_21,r_43_168_40,1.0,0,40,40,82
27,r_14_148_137,r_141_71_3,seq19,r_14_148_137,0.77,0,137,137,82
87,seq67,r_90_88_187,r_107_159_15,r_107_159_15,0.52,135,150,15,82
63,r_41_47_38,r_35_30_68,r_141_71_3,r_41_47_38,0.96,0,38,38,82
47,r_115_131_77,r_158_98_124,seq50,r_115_131_77,1.0,0,77,77,82
40,r_24_87_103,r_11_72_119,seq0,r_24_87_103,1.0,1,104,103,82
16,r_154_147_44,seq161,seq124,r_154_147_44,1.0,1,45,44,82
29,r_116_73_105,r_14_148_137,r_146_56_21,r_116_73_105,1.0,0,105,105,82
24,r_94_1_130,r_16_2_188,r_121_37_65,r_94_1_130,0.91,1,131,130,82
21,r_17_28_66,r_33_79_99,r_144_143_157,r_17_28_66,0.6,34,100,66,82
25,r_18_95_104,r_49_64_184,r_107_159_15,r_49_64_184,0.68,-80,104,184,82
33,r_55_8_146,seq132,r_134_27_143,r_134_27_143,0.95,5,148,143,82
65,r_40_5_23,r_150_48_135,r_22_45_125,r_22_45_125,0.98,15,140,125,82
18,r_74_20_47,r_14_148_137,r_16_2_188,r_74_20_47,1.0,0,47,47,82
70,seq0,seq63,r_24_87_103,r_24_87_103,1.0,4,107,103,82
42,r_111_75_10,r_129_84_49,r_65_12_72,r_111_75_10,0.62,0,10,10,82
42,r_111_75_10,r_65_12_72,seq7,r_65_12_72,1.0,5,77,72,82
32,r_105_36_67,seq7,r_40_5_23,r_105_36_67,0.93,-2,65,67,82
22,r_129_84_49,r_94_1_130,seq99,r_129_84_49,1.0,0,49,49,82
68,r_90_88_187,r_107_159_15,r_127_100_73,r_90_88_187,0.65,0,187,187,82
34,r_78_31_86,r_14_148_137,seq63,r_78_31_86,1.0,1,87,86,82
8,r_33_79_99,r_17_28_66,r_122_139_19,r_33_79_99,0.87,1,100,99,82
66,r_76_106_70,r_6_92_4,seq67,r_76_106_70,0.4,-28,42,70,82
64,r_53_57_11,r_167_89_179,r_113_97_9,r_167_89_179,0.99,-4,175,179,82
75,seq19,r_15_77_144,r_14_148_137,r_15_77_144,0.55,-4,140,144,82
66,r_76_106_70,seq67,r_126_66_83,r_126_66_83,1.0,1,84,83,82
9,r_13_85_163,r_164_157_193,r_55_8_146,r_13_85_163,0.85,0,163,163,82
96,seq119,r_35_30_68,seq132,r_35_30_68,0.38,98,166,68,82
31,r_121_37_65,r_49_64_184,r_94_1_130,r_94_1_130,0.99,22,152,130,82
25,r_18_95_104,r_107_159_15,r_11_72_119,r_11_72_119,0.89,-1,118,119,82
60,r_150_48_135,r_62_81_25,r_40_5_23,r_40_5_23,0.97,1,24,23,82
28,r_54_83_100,r_127_100_73,seq140,r_54_83_100,1.0,1,101,100,82
4,r_3_153_36,seq99,seq156,r_3_153_36,1.0,-1,35,36,82
56,r_16_2_188,seq32,r_137_23_94,r_137_23_94,0.58,94,188,94,82
18,r_74_20_47,r_16_2_188,r_144_143_157,r_144_143_157,0.69,1,158,157,82
23,r_158_98_124,seq124,r_58_29_114,r_158_98_124,0.91,1,125,124,82
17,r_146_56_21,seq68,r_116_73_105,r_116_73_105,1.0,1,106,105,82
60,r_150_48_135,r_40_5_23,r_14_148_137,r_14_148_137,0.63,3,140,137,82
35,r_46_4_140,r_114_109_182,r_94_1_130,r_46_4_140,0.93,1,141,140,82
84,seq50,seq67,r_115_131_77,r_115_131_77,1.0,8,85,77,82
30,r_160_66_75,r_75_47_19,seq48,r_160_66_75,0.91,0,75,75,83
51,r_159_97_125,r_65_45_172,r_158_69_71,r_158_69_71,0.59,54,125,71,83
2,r_67_19_15,r_111_64_169,r_161_10_74,r_67_19_15,0.98,0,15,15,83
14,r_114_34_90,seq26,seq119,r_114_34_90,0.88,0,90,90,83
49,r_102_6_60,r_78_118_143,r_75_47_19,r_102_6_60,0.96,-2,58,60,83
53,r_153_125_147,r_113_22_85,seq60,r_113_22_85,1.0,0,85,85,83
43,r_144_109_145,seq40,r_158_69_71,r_158_69_71,0.56,74,145,71,83
60,r_53_57_10,r_54_82_44,r_135_8_185,r_53_57_10,0.92,0,10,10,83
54,r_137_21_158,seq11,r_158_69_71,r_158_69_71,1.0,87,158,71,83
37,r_7_93_134,seq129,r_63_56_20,r_63_56_20,0.92,120,140,20,83
59,r_161_10_74,r_128_49_142,r_53_57_10,r_161_10_74,1.0,0,74,74,83
19,r_135_8_185,r_53_57_10,r_128_49_142,r_128_49_142,0.56,43,185,142,83
9,r_152_110_14,r_140_96_83,r_94_101_150,r_94_101_150,0.72,-136,14,150,83
16,r_85_71_154,seq129,r_114_34_90,r_85_71_154,0.88,1,155,154,83
21,r_117_73_128,seq142,seq48,r_117_73_128,0.99,1,129,128,83
39,r_111_64_169,seq169,r_105_70_123,r_111_64_169,0.28,-57,112,169,83
1,r_128_49_142,r_44_28_63,seq61,r_128_49_142,0.74,0,142,142,83
5,r_88_132_82,r_98_127_124,seq60,r_88_132_82,1.0,0,82,82,83
80,seq157,r_79_18_81,seq162,r_79_18_81,1.0,-1,80,81,83
69,r_79_18_81,seq157,r_145_38_50,r_79_18_81,1.0,-1,80,81,83
10,r_63_56_20,r_137_21_158,r_94_101_150,r_63_56_20,1.0,0,20,20,83
66,r_50_133_104,seq99,r_81_146_7,r_81_146_7,0.55,98,105,7,83
31,r_113_22_85,r_153_125_147,r_145_38_50,r_113_22_85,1.0,0,85,85,83
67,r_41_83_96,r_123_139_166,seq60,r_41_83_96,0.82,3,99,96,83
89,seq55,r_106_30_171,r_62_163_45,r_106_30_171,0.86,0,171,171,83
90,seq60,r_153_125_147,r_41_83_96,r_41_83_96,0.65,25,121,96,83
2,r_67_19_15,r_161_10_74,r_44_28_63,r_161_10_74,1.0,0,74,74,83
55,r_155_14_39,r_112_167_24,r_23_1_148,r_155_14_39,0.96,1,40,39,83
45,r_104_120_129,seq61,seq138,r_104_120_129,0.64,-105,24,129,83
0,r_16_107_80,r_98_127_124,seq40,r_98_127_124,0.56,-41,83,124,83
26,r_108_89_2,r_154_13_55,r_17_100_31,r_108_89_2,0.93,33,35,2,83
18,r_54_82_44,r_128_49_142,r_94_101_150,r_54_82_44,0.97,2,46,44,83
48,r_68_122_13,r_94_101_150,r_81_146_7,r_68_122_13,0.92,0,13,13,83
20,r_62_163_45,seq55,seq4,r_62_163_45,0.68,57,102,45,83
3,r_154_13_55,r_108_89_2,seq124,r_154_13_55,0.95,-6,49,55,83
13,r_158_69_71,r_159_97_125,r_80_9_131,r_158_69_71,1.0,0,71,71,83
56,r_0_33_136,r_68_122_13,r_16_107_80,r_0_33_136,1.0,0,136,136,83
46,r_23_1_148,r_155_14_39,seq99,r_23_1_148,0.95,4,152,148,83
15,r_121_52_95,r_0_33_136,r_20_2_94,r_0_33_136,1.0,-41,95,136,83
56,r_0_33_136,r_42_59_42,r_68_122_13,r_0_33_136,0.99,-114,22,136,83
4,r_78_118_143,r_130_116_116,r_108_89_2,r_130_116_116,0.54,2,118,116,83
13,r_158_69_71,r_80_9_131,r_159_97_125,r_158_69_71,1.0,60,131,71,83
6,r_156_149_191,seq169,r_143_134_121,r_143_134_121,0.98,-9,112,121,83
29,r_145_38_50,r_159_97_125,seq169,r_159_97_125,0.6,-82,43,125,83
63,r_17_100_31,r_130_116_116,r_108_89_2,r_17_100_31,0.79,-1,30,31,83
99,seq126,seq169,r_143_134_121,r_143_134_121,0.96,7,128,121,83
46,r_23_1_148,r_143_134_121,r_155_14_39,r_23_1_148,0.63,-108,40,148,83
27,r_51_168_186,seq87,r_67_19_15,r_67_19_15,1.0,175,190,15,83
53,r_153_125_147,seq60,r_81_146_7,r_153_125_147,0.75,1,148,147,83
69,r_79_18_81,r_145_38_50,r_105_70_123,r_79_18_81,0.61,81,162,81,83
41,r_81_146_7,r_0_33_136,r_104_120_129,r_0_33_136,1.0,0,136,136,83
47,r_151_84_101,r_98_127_124,r_94_101_150,r_98_127_124,0.76,-12,112,124,83
24,r_75_47_19,r_160_66_75,r_102_6_60,r_75_47_19,0.96,59,78,19,83
25,r_20_2_94,r_123_139_166,r_155_14_39,r_20_2_94,1.0,0,94,94,83
1,r_128_49_142,seq61,r_23_1_148,r_23_1_148,0.6,22,170,148,83
64,r_131_29_157,r_141_76_174,r_16_107_80,r_131_29_157,0.94,0,157,157,83
65,r_80_9_131,r_158_69_71,r_94_101_150,r_80_9_131,1.0,0,131,131,83
88,seq48,r_128_49_142,r_160_66_75,r_160_66_75,0.49,0,75,75,83
58,r_130_116_116,r_78_118_143,seq26,r_130_116_116,0.27,-21,95,116,83
65,r_80_9_131,r_44_28_63,r_158_69_71,r_158_69_71,0.78,0,71,71,83
19,r_135_8_185,r_58_91_164,r_53_57_10,r_53_57_10,0.99,0,10,10,83
68,r_105_70_123,seq129,r_111_64_169,r_105_70_123,0.63,4,127,123,83
61,r_140_96_83,r_108_89_2,r_105_70_123,r_140_96_83,1.0,0,83,83,83
32,r_98_127_124,seq115,r_130_116_116,r_98_127_124,0.99,0,124,124,83
57,r_44_28_63,r_80_9_131,r_128_49_142,r_80_9_131,0.6,-87,44,131,83
38,r_36_3_113,r_117_73_128,r_152_110_14,r_36_3_113,0.77,-1,112,113,83
77,seq148,r_24_46_153,seq169,r_24_46_153,0.81,6,159,153,83
68,r_105_70_123,r_111_64_169,r_24_46_153,r_105_70_123,0.56,54,177,123,83
57,r_44_28_63,r_128_49_142,r_67_19_15,r_128_49_142,0.97,0,142,142,83
12,r_94_101_150,r_159_97_125,r_54_82_44,r_54_82_44,0.76,0,44,44,83
34,r_164_43_165,r_106_30_171,r_16_107_80,r_16_107_80,0.52,86,166,80,83
62,r_112_167_24,r_155_14_39,r_42_59_42,r_42_59_42,0.97,-4,38,42,83
1,r_128_49_142,r_161_10_74,r_44_28_63,r_161_10_74,0.95,-30,44,74,83
22,r_24_46_153,seq148,r_7_93_134,r_24_46_153,0.45,6,159,153,83
91,seq61,r_130_116_116,r_78_118_143,r_130_116_116,0.98,-3,113,116,83
7,r_58_91_164,r_135_8_185,r_62_163_45,r_62_163_45,0.96,119,164,45,83
44,r_103_92_119,r_144_109_145,r_75_47_19,r_75_47_19,0.71,100,119,19,83
23,r_143_134_121,r_23_1_148,r_156_149_191,r_143_134_121,1.0,0,121,121,83
42,r_74_37_51,r_106_30_171,seq124,r_74_37_51,0.87,-1,50,51,83
79,seq26,r_114_34_90,seq61,r_114_34_90,0.98,0,90,90,83
60,r_53_57_10,r_135_8_185,r_121_52_95,r_121_52_95,1.0,90,185,95,83
35,r_65_45_172,r_94_101_150,r_166_77_6,r_65_45_172,0.73,1,173,172,83
8,r_42_59_42,r_121_52_95,r_112_167_24,r_42_59_42,0.99,0,42,42,83
4,r_78_118_143,r_102_6_60,r_130_116_116,r_102_6_60,1.0,-4,56,60,83
55,r_155_14_39,r_23_1_148,r_20_2_94,r_155_14_39,0.49,111,150,39,83
93,seq99,r_142_120_79,seq146,r_142_120_79,1.0,11,90,79,84
30,r_25_108_96,seq64,seq165,r_25_108_96,1.0,1,97,96,84
51,r_131_152_122,r_86_59_187,seq72,r_131_152_122,0.96,0,122,122,84
36,r_109_112_107,seq165,r_128_28_17,r_109_112_107,1.0,0,107,107,84
6,r_38_26_45,r_40_49_177,seq157,r_38_26_45,1.0,1,46,45,84
66,r_158_87_164,r_128_28_17,r_118_57_33,r_158_87_164,0.99,0,164,164,84
53,r_31_81_21,r_11_52_115,r_114_160_39,r_114_160_39,0.75,76,115,39,84
58,r_86_59_187,r_94_90_49,r_66_132_53,r_94_90_49,0.45,138,187,49,84
43,r_19_77_86,r_158_87_164,r_2_166_36,r_19_77_86,0.95,0,86,86,84
37,r_82_137_192,r_141_22_98,r_134_1_38,r_141_22_98,0.99,0,98,98,84
54,r_33_92_143,r_31_81_21,r_6_98_12,r_33_92_143,0.99,0,143,143,84
62,r_74_111_29,r_126_41_93,r_6_98_12,r_74_111_29,1.0,3,32,29,84
20,r_114_160_39,r_32_37_165,r_31_81_21,r_114_160_39,0.88,1,40,39,84
86,seq64,r_25_108_96,seq95,r_25_108_96,0.77,1,97,96,84
16,r_88_96_175,r_9_124_110,r_58_100_25,r_88_96_175,0.85,-98,77,175,84
21,r_30_147_59,seq20,r_94_90_49,r_30_147_59,0.96,9,68,59,84
39,r_169_155_168,seq73,r_162_36_125,r_169_155_168,0.47,0,168,168,84
1,r_142_120_79,r_89_17_139,seq136,r_89_17_139,1.0,-48,91,139,84
25,r_159_127_15,r_103_140_141,r_142_120_79,r_159_127_15,0.76,1,16,15,84
5,r_162_36_125,seq165,r_50_164_117,r_162_36_125,0.99,-1,124,125,84
46,r_27_7_65,r_91_39_67,seq116,r_27_7_65,1.0,1,66,65,84
68,r_84_34_44,r_153_97_88,seq76,r_84_34_44,1.0,0,44,44,84
55,r_2_166_36,r_80_23_189,r_51_119_112,r_2_166_36,0.95,0,36,36,84
11,r_150_12_40,r_18_138_70,r_61_55_186,r_18_138_70,1.0,-20,50,70,84
27,r_58_100_25,r_40_49_177,r_56_122_131,r_58_100_25,0.97,0,25,25,84
65,r_161_139_50,r_60_53_63,r_50_164_117,r_161_139_50,0.95,1,51,50,84
33,r_43_104_174,seq83,r_11_52_115,r_43_104_174,0.91,0,174,174,84
38,r_128_28_17,r_25_108_96,r_158_87_164,r_128_28_17,1.0,0,17,17,84
72,seq143,r_67_14_51,seq102,r_67_14_51,1.0,0,51,51,84
8,r_126_41_93,r_69_154_92,r_62_125_26,r_62_125_26,0.98,17,43,26,84
11,r_150_12_40,r_61_55_186,r_91_39_67,r_91_39_67,0.88,119,186,67,84
27,r_58_100_25,r_56_122_131,r_130_129_84,r_58_100_25,0.87,107,132,25,84
76,seq151,seq95,r_89_17_139,r_89_17_139,1.0,10,149,139,84
38,r_128_28_17,r_158_87_164,r_109_112_107,r_109_112_107,0.74,1,108,107,84
31,r_94_90_49,r_153_97_88,r_86_59_187,r_153_97_88,1.0,-8,80,88,84
41,r_121_107_184,seq63,r_141_22_98,r_141_22_98,0.98,86,184,98,84
67,r_69_154_92,r_11_52_115,r_50_164_117,r_69_154_92,1.0,1,93,92,84
14,r_163_44_22,r_56_122_131,seq117,r_163_44_22,1.0,0,22,22,84
3,r_141_22_98,r_82_137_192,seq102,r_141_22_98,1.0,0,98,98,84
10,r_24_70_60,seq136,seq73,r_24_70_60,0.93,3,63,60,84
26,r_3_85_188,r_142_120_79,r_78_0_153,r_3_85_188,0.9,0,188,188,84
26,r_3_85_188,r_123_10_169,r_142_120_79,r_123_10_169,0.44,3,172,169,84
16,r_88_96_175,r_58_100_25,r_126_41_93,r_88_96_175,0.57,0,175,175,84
4,r_91_39_67,seq165,seq65,r_91_39_67,0.97,0,67,67,84
78,seq35,r_126_41_93,r_114_160_39,r_114_160_39,0.87,41,80,39,84
50,r_89_17_139,seq146,seq151,r_89_17_139,1.0,0,139,139,84
13,r_60_53_63,r_33_92_143,seq72,r_60_53_63,1.0,0,63,63,84
52,r_62_125_26,r_91_39_67,r_126_41_93,r_62_125_26,0.86,0,26,26,84
15,r_103_140_141,seq8,seq146,r_103_140_141,0.67,0,141,141,84
57,r_101_133_69,r_9_124_110,seq35,r_9_124_110,0.9,-39,71,110,84
12,r_110_144_104,seq35,r_88_96_175,r_110_144_104,0.59,68,172,104,84
8,r_126_41_93,r_62_125_26,seq146,r_126_41_93,0.88,0,93,93,84
55,r_2_166_36,r_51_119_112,r_19_77_86,r_2_166_36,0.99,52,88,36,84
52,r_62_125_26,r_126_41_93,r_114_160_39,r_62_125_26,0.83,67,93,26,84
47,r_80_23_189,r_2_166_36,seq20,r_2_166_36,1.0,0,36,36,84
87,seq65,r_78_0_153,r_91_39_67,r_91_39_67,0.62,31,98,67,84
63,r_50_164_117,r_58_100_25,r_4_79_8,r_50_164_117,0.98,-107,10,117,84
2,r_75_168_94,seq116,seq136,r_75_168_94,0.8,2,96,94,84
74,seq146,r_89_17_139,r_126_41_93,r_89_17_139,0.79,-45,94,139,84
18,r_149_15_142,r_123_10_169,r_126_41_93,r_123_10_169,0.71,-25,144,169,84
66,r_158_87_164,r_19_77_86,r_128_28_17,r_19_77_86,0.95,-29,57,86,84
64,r_9_124_110,r_56_122_131,seq83,r_9_124_110,0.85,0,110,110,84
54,r_33_92_143,r_60_53_63,r_31_81_21,r_60_53_63,0.89,-41,22,63,84
88,seq72,r_45_93_178,r_13_148_66,r_13_148_66,1.0,28,94,66,84
50,r_89_17_139,r_142_120_79,seq146,r_142_120_79,0.89,11,90,79,84
58,r_86_59_187,r_13_148_66,r_94_90_49,r_13_148_66,1.0,0,66,66,84
70,seq5,seq42,r_78_0_153,r_78_0_153,0.8,7,160,153,84
61,r_18_138_70,seq167,seq16,r_18_138_70,0.97,1,71,70,84
32,r_46_156_73,r_123_10_169,r_134_1_38,r_46_156_73,0.77,4,77,73,84
24,r_67_14_51,seq143,seq73,r_67_14_51,0.97,0,51,51,84
45,r_118_57_33,r_126_41_93,seq63,r_118_57_33,0.97,1,34,33,84
34,r_78_0_153,seq65,seq5,r_78_0_153,0.65,0,153,153,84
17,r_123_10_169,r_3_85_188,r_91_39_67,r_91_39_67,0.93,105,172,67,84
25,r_159_127_15,r_142_120_79,r_134_1_38,r_142_120_79,0.59,36,115,79,84
9,r_11_52_115,r_33_92_143,seq136,r_33_92_143,0.7,-28,115,143,84
86,seq64,seq95,r_51_119_112,r_51_119_112,0.97,16,128,112,84
63,r_50_164_117,r_4_79_8,r_69_154_92,r_69_154_92,1.0,26,118,92,84
31,r_94_90_49,r_86_59_187,r_91_39_67,r_86_59_187,0.67,0,187,187,84
7,r_66_132_53,r_75_168_94,r_163_44_22,r_66_132_53,1.0,0,53,53,84
22,r_153_97_88,r_94_90_49,seq143,r_153_97_88,0.98,0,88,88,84
28,r_61_55_186,r_150_12_40,r_162_36_125,r_162_36_125,0.54,61,186,125,84
84,seq136,r_3_85_188,r_134_1_38,r_3_85_188,0.62,-2,186,188,84
72,seq143,seq102,r_153_97_88,r_153_97_88,1.0,24,112,88,84
0,r_134_1_38,seq47,r_106_135_24,r_134_1_38,0.96,10,48,38,84
56,r_21_71_61,seq157,r_84_34_44,r_21_71_61,0.99,0,61,61,84
44,r_13_148_66,r_86_59_187,seq72,r_13_148_66,1.0,0,66,66,84
23,r_56_122_131,r_88_96_175,r_126_41_93,r_56_122_131,0.7,1,132,131,84
60,r_106_135_24,r_169_155_168,r_134_1_38,r_106_135_24,0.73,8,32,24,84
19,r_130_129_84,r_123_10_169,r_58_100_25,r_130_129_84,0.57,-52,32,84,84
35,r_51_119_112,seq165,seq64,r_51_119_112,1.0,1,113,112,84
42,r_6_98_12,r_40_49_177,r_32_37_165,r_6_98_12,0.9,0,12,12,84
12,r_110_144_104,seq117,seq35,r_110_144_104,0.97,0,104,104,84
84,seq136,r_24_70_60,r_3_85_188,r_24_70_60,1.0,3,63,60,84
93,seq86,r_77_20_179,r_113_37_56,r_113_37_56,1.0,6,62,56,85
30,r_61_103_190,r_131_41_160,r_66_39_41,r_66_39_41,1.0,149,190,41,85
36,r_46_83_177,r_58_98_173,r_120_7_29,r_46_83_177,0.53,-88,89,177,85
92,seq80,r_52_22_51,r_131_41_160,r_52_22_51,1.0,0,51,51,85
37,r_33_122_166,r_8_155_157,r_32_49_3,r_33_122_166,0.91,0,166,166,85
19,r_120_7_29,r_46_83_177,seq116,r_46_83_177,0.61,0,177,177,85
55,r_9_21_87,seq141,r_131_41_160,r_9_21_87,0.73,5,92,87,85
71,seq135,r_117_16_195,r_43_81_16,r_43_81_16,0.66,168,184,16,85
16,r_165_143_83,r_26_3_133,r_43_81_16,r_165_143_83,0.64,11,94,83,85
39,r_144_124_140,r_114_169_60,r_73_140_25,r_114_169_60,0.75,0,60,60,85
1,r_40_59_69,r_94_166_94,seq19,r_40_59_69,1.0,0,69,69,85
97,seq116,r_75_158_181,r_10_138_74,r_10_138_74,1.0,107,181,74,85
65,r_58_98_173,r_46_83_177,r_51_125_34,r_51_125_34,1.0,10,44,34,85
5,r_94_166_94,seq70,seq17,r_94_166_94,0.94,3,97,94,85
52,r_150_97_26,r_5_149_54,r_144_124_140,r_150_97_26,0.98,1,27,26,85
80,seq28,r_99_152_80,r_26_3_133,r_99_152_80,0.99,1,81,80,85
69,r_27_167_120,seq14,r_131_41_160,r_27_167_120,0.78,0,120,120,85
21,r_95_63_45,seq19,r_0_142_15,r_95_63_45,1.0,0,45,45,85
33,r_44_47_125,seq50,r_34_156_82,r_44_47_125,0.99,0,125,125,85
43,r_38_2_49,seq86,seq70,r_38_2_49,0.77,0,49,49,85
66,r_129_163_137,seq17,r_27_167_120,r_129_163_137,0.95,0,137,137,85
39,r_144_124_140,r_73_140_25,r_131_41_160,r_144_124_140,1.0,0,140,140,85
31,r_76_151_98,r_89_123_135,r_100_78_44,r_76_151_98,1.0,0,98,98,85
41,r_15_67_155,r_131_41_160,r_106_162_37,r_106_162_37,0.86,118,155,37,85
67,r_26_3_133,r_165_143_83,r_40_59_69,r_40_59_69,1.0,25,94,69,85
62,r_113_37_56,r_131_41_160,seq86,r_113_37_56,1.0,0,56,56,85
26,r_99_152_80,seq28,seq116,r_99_152_80,1.0,0,80,80,85
72,seq12,r_84_126_161,r_161_157_172,r_161_157_172,0.55,-1,171,172,85
4,r_106_162_37,r_117_16_195,r_8_155_157,r_117_16_195,0.93,-48,147,195,85
78,seq19,seq159,r_40_59_69,r_40_59_69,1.0,37,106,69,85
0,r_34_156_82,seq127,seq121,r_34_156_82,1.0,0,82,82,85
63,r_118_153_88,r_27_167_120,r_5_149_54,r_118_153_88,1.0,1,89,88,85
73,seq13,r_108_160_138,r_66_39_41,r_66_39_41,0.74,37,78,41,85
20,r_89_123_135,r_76_151_98,r_10_138_74,r_89_123_135,0.93,-37,98,135,85
98,seq121,r_161_157_172,r_34_156_82,r_34_156_82,0.97,3,85,82,85
48,r_119_87_175,seq90,r_34_156_82,r_34_156_82,1.0,102,184,82,85
29,r_25_31_43,r_52_22_51,r_136_4_8,r_136_4_8,1.0,35,43,8,85
19,r_120_7_29,r_72_130_105,r_46_83_177,r_120_7_29,1.0,0,29,29,85
52,r_150_97_26,r_144_124_140,seq55,r_144_124_140,1.0,0,140,140,85
36,r_46_83_177,r_120_7_29,r_93_35_79,r_46_83_177,0.96,0,177,177,85
3,r_101_115_57,r_139_137_153,r_32_49_3,r_101_115_57,1.0,0,57,57,85
27,r_114_169_60,r_144_124_140,r_117_16_195,r_114_169_60,0.96,0,60,60,85
14,r_66_39_41,r_62_88_67,seq13,r_66_39_41,1.0,1,42,41,85
11,r_5_149_54,seq18,r_51_125_34,r_5_149_54,1.0,3,57,54,85
47,r_57_145_128,r_117_16_195,r_66_39_41,r_117_16_195,0.76,-67,128,195,85
40,r_148_128_84,r_139_137_153,r_8_155_157,r_148_128_84,0.71,1,85,84,85
18,r_147_134_164,r_61_103_190,r_94_166_94,r_147_134_164,0.68,0,164,164,85
12,r_45_132_53,r_106_162_37,seq141,r_45_132_53,0.67,2,55,53,85
24,r_1_30_124,r_112_24_178,seq70,r_1_30_124,0.69,1,125,124,85
42,r_0_142_15,r_5_149_54,r_95_63_45,r_0_142_15,0.92,30,45,15,85
25,r_62_88_67,seq141,r_32_49_3,r_62_88_67,1.0,0,67,67,85
20,r_89_123_135,r_10_138_74,r_52_22_51,r_89_123_135,1.0,0,135,135,85
64,r_117_16_195,r_106_162_37,r_114_169_60,r_114_169_60,1.0,87,147,60,85
65,r_58_98_173,r_51_125_34,r_76_151_98,r_76_151_98,0.99,75,173,98,85
13,r_51_125_34,r_15_67_155,r_146_74_4,r_51_125_34,1.0,1,35,34,85
88,seq69,r_77_20_179,r_113_37_56,r_113_37_56,1.0,29,85,56,85
50,r_32_49_3,r_58_98_173,r_101_115_57,r_101_115_57,1.0,10,67,57,85
58,r_10_138_74,r_94_166_94,seq116,r_10_138_74,1.0,0,74,74,85
61,r_8_155_157,r_33_122_166,r_148_128_84,r_8_155_157,0.7,-72,85,157,85
57,r_100_78_44,r_34_156_82,r_8_155_157,r_100_78_44,1.0,0,44,44,85
38,r_112_24_178,r_1_30_124,seq6,r_112_24_178,0.46,-53,125,178,85
68,r_73_140_25,r_144_124_140,r_150_97_26,r_144_124_140,1.0,-12,128,140,85
34,r_111_82_131,r_119_87_175,seq19,r_111_82_131,0.97,0,131,131,85
60,r_108_160_138,seq13,r_43_81_16,r_108_160_138,0.81,0,138,138,85
42,r_0_142_15,seq135,r_5_149_54,r_0_142_15,0.79,0,15,15,85
46,r_146_74_4,r_32_49_3,r_5_149_54,r_5_149_54,1.0,1,55,54,85
17,r_107_11_134,r_119_87_175,r_27_167_120,r_107_11_134,0.88,0,134,134,85
38,r_112_24_178,seq6,r_64_29_108,r_112_24_178,0.96,-1,177,178,85
94,seq90,r_119_87_175,r_65_92_28,r_65_92_28,1.0,156,184,28,85
68,r_73_140_25,r_44_47_125,r_144_124_140,r_73_140_25,0.94,0,25,25,85
9,r_43_81_16,r_99_152_80,r_165_143_83,r_99_152_80,1.0,-16,64,80,85
96,seq104,r_109_154_129,seq70,r_109_154_129,0.62,32,161,129,85
53,r_133_102_42,r_64_29_108,seq19,r_133_102_42,1.0,0,42,42,85
31,r_76_151_98,r_100_78_44,r_58_98_173,r_58_98_173,0.99,13,186,173,85
22,r_68_110_77,r_34_156_82,r_66_39_41,r_66_39_41,1.0,36,77,41,85
67,r_26_3_133,r_40_59_69,seq135,r_40_59_69,0.67,73,142,69,85
28,r_75_158_181,seq116,r_76_151_98,r_76_151_98,1.0,84,182,98,85
49,r_77_20_179,r_161_157_172,r_44_47_125,r_44_47_125,0.93,4,129,125,85
7,r_161_157_172,r_77_20_179,seq12,r_77_20_179,0.71,-7,172,179,85
23,r_109_154_129,seq104,r_66_39_41,r_66_39_41,0.89,88,129,41,85
35,r_93_35_79,seq6,seq141,r_93_35_79,1.0,0,79,79,85
84,seq48,r_66_39_41,r_43_81_16,r_66_39_41,1.0,-3,38,41,85
8,r_64_29_108,r_133_102_42,seq23,r_133_102_42,0.99,0,42,42,85
44,r_65_92_28,r_75_158_181,seq90,r_65_92_28,0.99,0,28,28,85
49,r_77_20_179,r_44_47_125,r_73_140_25,r_77_20_179,0.58,0,179,179,85
33,r_44_47_125,r_73_140_25,seq50,r_73_140_25,0.99,-3,22,25,85
40,r_106_63_145,r_18_109_7,r_53_54_15,r_106_63_145,0.67,0,145,145,86
30,r_123_102_70,seq130,r_50_85_40,r_123_102_70,1.0,0,70,70,86
51,r_19_120_140,r_66_108_194,r_155_27_95,r_155_27_95,0.99,47,142,95,86
9,r_87_121_67,r_22_12_173,seq11,r_22_12_173,1.0,0,173,173,86
14,r_14_79_157,r_149_70_49,r_113_43_84,r_14_79_157,0.83,3,160,157,86
53,r_127_157_108,r_58_126_181,seq119,r_127_157_108,1.0,0,108,108,86
62,r_125_107_31,r_158_13_168,seq73,r_125_107_31,0.97,0,31,31,86
43,r_30_46_183,seq165,r_113_43_84,r_30_46_183,0.36,0,183,183,86
67,r_80_111_43,seq119,r_134_29_110,r_134_29_110,0.82,-12,98,110,86
54,r_59_96_83,r_31_97_88,r_16_42_1,r_59_96_83,0.82,3,86,83,86
3,r_113_43_84,r_166_56_20,r_76_52_51,r_76_52_51,0.98,38,89,51,86
42,r_149_70_49,r_168_34_45,seq55,r_149_70_49,0.8,3,52,49,86
10,r_134_29_110,r_113_43_84,r_61_26_33,r_61_26_33,0.88,19,52,33,86
21,r_66_108_194,r_19_120_140,r_2_35_189,r_2_35_189,0.4,-39,150,189,86
39,r_23_147_160,seq51,r_94_4_152,r_23_147_160,0.76,0,160,160,86
5,r_10_72_97,r_2_35_189,r_154_136_14,r_10_72_97,1.0,2,99,97,86
58,r_0_103_54,r_113_43_84,r_18_109_7,r_18_109_7,0.87,48,55,7,86
80,seq151,r_58_126_181,r_144_132_38,r_144_132_38,1.0,39,77,38,86
2,r_104_33_174,r_44_64_180,r_156_98_24,r_156_98_24,1.0,11,35,24,86
19,r_39_169_74,seq152,r_84_115_22,r_39_169_74,1.0,0,74,74,86
95,seq165,r_30_46_183,seq128,r_30_46_183,0.6,-2,181,183,86
66,r_92_99_166,r_22_12_173,r_155_27_95,r_92_99_166,0.66,0,166,166,86
31,r_16_42_1,r_155_27_95,r_59_96_83,r_16_42_1,0.96,82,83,1,86
41,r_71_141_117,seq93,r_167_62_4,r_71_141_117,0.99,0,117,117,86
3,r_113_43_84,r_0_103_54,r_166_56_20,r_166_56_20,1.0,3,23,20,86
26,r_81_86_92,seq51,seq117,r_81_86_92,1.0,0,92,92,86
48,r_50_85_40,r_10_72_97,r_140_3_36,r_50_85_40,1.0,0,40,40,86
4,r_25_90_102,r_118_82_131,seq128,r_25_90_102,1.0,0,102,102,86
63,r_161_95_147,seq37,seq152,r_161_95_147,0.79,0,147,147,86
73,seq6,r_146_145_176,r_78_88_61,r_78_88_61,0.95,13,74,61,86
20,r_83_32_142,r_158_13_168,seq1,r_83_32_142,0.91,1,143,142,86
37,r_69_112_21,r_19_120_140,r_146_145_176,r_69_112_21,1.0,1,22,21,86
98,seq117,seq89,r_81_86_92,r_81_86_92,1.0,3,95,92,86
15,r_155_27_95,r_47_164_143,seq37,r_155_27_95,0.99,0,95,95,86
57,r_78_88_61,r_94_4_152,seq6,r_78_88_61,0.89,0,61,61,86
12,r_146_145_176,r_69_112_21,r_155_27_95,r_146_145_176,0.7,1,177,176,86
67,r_80_111_43,r_94_4_152,seq119,r_80_111_43,1.0,0,43,43,86
45,r_61_26_33,r_166_56_20,r_153_15_122,r_153_15_122,0.65,27,149,122,86
22,r_166_56_20,seq138,r_113_43_84,r_166_56_20,0.97,2,22,20,86
40,r_106_63_145,seq93,r_18_109_7,r_18_109_7,0.77,26,33,7,86
2,r_104_33_174,r_156_98_24,r_57_124_53,r_57_124_53,0.8,121,174,53,86
36,r_118_82_131,r_18_109_7,r_69_112_21,r_18_109_7,0.65,124,131,7,86
27,r_60_8_73,r_146_145_176,seq68,r_60_8_73,0.98,1,74,73,86
13,r_158_13_168,r_163_139_106,r_57_124_53,r_158_13_168,0.79,-113,55,168,86
87,seq51,r_23_147_160,r_106_63_145,r_23_147_160,0.9,0,160,160,86
22,r_166_56_20,r_113_43_84,r_61_26_33,r_166_56_20,0.62,69,89,20,86
59,r_53_54_15,r_161_95_147,r_106_63_145,r_161_95_147,0.95,-2,145,147,86
29,r_153_15_122,r_44_64_180,r_61_26_33,r_153_15_122,0.97,0,122,122,86
61,r_156_98_24,r_104_33_174,r_163_139_106,r_163_139_106,0.95,68,174,106,86
24,r_142_116_169,seq1,r_166_56_20,r_142_116_169,0.91,0,169,169,86
25,r_47_164_143,seq159,r_168_34_45,r_47_164_143,0.6,0,143,143,86
38,r_140_3_36,r_44_64_180,r_50_85_40,r_140_3_36,1.0,0,36,36,86
33,r_167_62_4,seq17,r_24_143_71,r_24_143_71,1.0,-4,67,71,86
64,r_5_77_114,r_31_97_88,r_163_139_106,r_31_97_88,0.87,0,88,88,86
65,r_18_109_7,r_118_82_131,r_0_103_54,r_118_82_131,0.99,0,131,131,86
10,r_134_29_110,r_61_26_33,r_80_111_43,r_134_29_110,0.7,1,111,110,86
50,r_135_74_115,seq51,seq89,r_135_74_115,0.99,0,115,115,86
0,r_57_124_53,r_104_33_174,r_158_13_168,r_57_124_53,0.97,1,54,53,86
70,seq128,r_45_9_185,r_25_90_102,r_25_90_102,1.0,83,185,102,86
68,r_24_143_71,r_133_114_198,r_167_62_4,r_24_143_71,1.0,3,74,71,86
52,r_45_9_185,seq128,r_2_35_189,r_45_9_185,0.35,0,185,185,86
77,seq11,r_22_12_173,r_87_121_67,r_87_121_67,1.0,106,173,67,86
64,r_5_77_114,r_57_124_53,r_144_132_38,r_5_77_114,0.86,2,116,114,86
45,r_61_26_33,r_158_13_168,r_134_29_110,r_61_26_33,0.99,1,34,33,86
47,r_168_34_45,r_14_79_157,seq160,r_168_34_45,1.0,0,45,45,86
34,r_91_150_87,seq152,r_123_102_70,r_91_150_87,1.0,0,87,87,86
61,r_156_98_24,r_19_120_140,r_104_33_174,r_156_98_24,1.0,0,24,24,86
1,r_28_100_28,r_44_64_180,seq148,r_28_100_28,0.98,0,28,28,86
75,seq137,r_146_145_176,r_69_112_21,r_69_112_21,0.74,85,106,21,86
60,r_154_136_14,r_39_169_74,seq159,r_154_136_14,0.97,0,14,14,86
45,r_61_26_33,r_134_29_110,r_166_56_20,r_134_29_110,0.89,1,111,110,86
46,r_101_122_37,r_30_46_183,seq105,r_101_122_37,1.0,1,38,37,86
17,r_163_139_106,r_5_77_114,r_101_122_37,r_163_139_106,0.77,0,106,106,86
7,r_94_4_152,r_39_169_74,r_23_147_160,r_94_4_152,0.86,8,160,152,86
69,r_84_115_22,r_135_74_115,seq68,r_84_115_22,0.99,0,22,22,86
9,r_87_121_67,seq73,r_22_12_173,r_87_121_67,1.0,0,67,67,86
96,seq105,r_44_64_180,r_163_139_106,r_163_139_106,1.0,74,180,106,86
37,r_69_112_21,r_146_145_176,r_118_82_131,r_69_112_21,0.74,138,159,21,86
28,r_31_97_88,r_5_77_114,seq129,r_31_97_88,1.0,0,88,88,86
64,r_5_77_114,r_163_139_106,r_57_124_53,r_163_139_106,0.75,0,106,106,86
18,r_144_132_38,r_113_43_84,seq151,r_144_132_38,1.0,3,41,38,86
56,r_40_48_96,seq68,r_57_124_53,r_40_48_96,0.84,1,97,96,86
7,r_94_4_152,r_75_21_135,r_39_169_74,r_39_169_74,0.97,61,135,74,86
44,r_75_21_135,r_94_4_152,r_153_15_122,r_94_4_152,0.98,-17,135,152,86
11,r_76_52_51,r_155_27_95,r_0_103_54,r_76_52_51,0.82,1,52,51,86
82,seq159,r_47_164_143,r_154_136_14,r_47_164_143,0.66,-4,139,143,86
35,r_131_41_82,r_118_82_131,r_28_100_28,r_131_41_82,0.58,1,83,82,86
12,r_146_145_176,r_60_8_73,r_69_112_21,r_146_145_176,0.8,-106,70,176,86
59,r_53_54_15,r_158_13_168,r_161_95_147,r_53_54_15,0.99,0,15,15,86
40,r_85_47_169,r_53_117_31,r_126_76_90,r_53_117_31,0.51,138,169,31,87
30,r_142_105_69,r_65_102_74,seq115,r_65_102_74,0.72,-4,70,74,87
51,r_56_150_170,r_3_140_122,r_147_24_66,r_147_24_66,0.91,1,67,66,87
36,r_65_102_74,r_142_105_69,r_35_107_27,r_65_102_74,1.0,-4,70,74,87
9,r_97_25_19,r_120_157_129,r_39_8_93,r_39_8_93,1.0,19,112,93,87
14,r_165_5_63,seq155,r_37_66_43,r_165_5_63,1.0,0,63,63,87
46,r_80_6_42,r_51_159_115,r_112_137_183,r_80_6_42,0.91,0,42,42,87
53,r_93_124_156,r_126_76_90,r_145_101_5,r_126_76_90,1.0,0,90,90,87
43,r_69_128_73,r_56_150_170,seq19,r_69_128_73,1.0,0,73,73,87
86,seq42,r_37_66_43,r_48_130_119,r_48_130_119,1.0,5,124,119,87
28,r_111_1_32,r_18_44_180,r_97_25_19,r_111_1_32,1.0,0,32,32,87
54,r_2_22_45,r_3_140_122,r_153_67_8,r_2_22_45,0.43,2,47,45,87
69,r_113_134_54,r_149_160_135,r_49_7_13,r_113_134_54,0.71,0,54,54,87
16,r_131_31_89,r_18_44_180,seq91,r_131_31_89,1.0,0,89,89,87
21,r_78_46_173,seq58,r_3_140_122,r_3_140_122,1.0,53,175,122,87
39,r_62_121_61,r_85_47_169,seq155,r_62_121_61,1.0,1,62,61,87
1,r_50_92_120,seq71,r_62_121_61,r_50_92_120,0.73,0,120,120,87
97,seq122,r_166_135_72,r_142_105_69,r_166_135_72,0.8,0,72,72,87
42,r_120_157_129,r_43_17_195,r_132_70_20,r_132_70_20,1.0,115,135,20,87
80,seq32,r_51_159_115,seq19,r_51_159_115,1.0,0,115,115,87
45,r_49_7_13,r_64_34_59,r_113_134_54,r_49_7_13,0.91,47,60,13,87
1,r_50_92_120,r_62_121_61,r_148_143_132,r_148_143_132,0.97,7,139,132,87
9,r_97_25_19,seq42,r_120_157_129,r_97_25_19,0.99,-2,17,19,87
19,r_169_30_157,r_146_103_52,r_113_134_54,r_146_103_52,0.85,104,156,52,87
95,seq116,r_164_129_154,seq58,r_164_129_154,1.0,0,154,154,87
66,r_158_60_99,r_39_8_93,r_35_107_27,r_158_60_99,1.0,0,99,99,87
38,r_53_117_31,r_85_47_169,r_81_151_75,r_81_151_75,0.77,75,150,75,87
18,r_37_66_43,seq162,seq42,r_37_66_43,0.98,0,43,43,87
31,r_86_118_3,r_18_44_180,r_55_10_68,r_55_10_68,1.0,58,126,68,87
41,r_96_100_158,r_52_63_190,r_50_92_120,r_96_100_158,0.61,7,165,158,87
3,r_16_61_162,r_161_88_196,r_136_73_44,r_136_73_44,1.0,118,162,44,87
72,seq14,seq79,r_146_103_52,r_146_103_52,0.45,113,165,52,87
26,r_40_13_175,r_18_44_180,r_97_25_19,r_40_13_175,0.4,0,175,175,87
72,seq14,r_169_30_157,seq79,r_169_30_157,0.3,-52,105,157,87
4,r_9_68_141,seq152,seq155,r_9_68_141,1.0,0,141,141,87
78,seq155,r_90_75_185,r_9_68_141,r_9_68_141,0.9,45,186,141,87
0,r_43_17_195,r_120_157_129,r_97_25_19,r_97_25_19,0.68,116,135,19,87
63,r_27_95_177,seq36,r_50_92_120,r_50_92_120,1.0,57,177,120,87
20,r_161_88_196,r_112_137_183,r_3_140_122,r_3_140_122,0.98,52,174,122,87
13,r_3_140_122,r_56_150_170,r_80_6_42,r_3_140_122,0.63,0,122,122,87
46,r_80_6_42,r_112_137_183,r_3_140_122,r_3_140_122,0.94,61,183,122,87
15,r_45_74_147,r_146_103_52,r_154_26_114,r_154_26_114,0.74,37,151,114,87
48,r_164_129_154,seq116,r_166_135_72,r_164_129_154,0.55,0,154,154,87
57,r_48_130_119,seq36,seq42,r_48_130_119,0.99,0,119,119,87
25,r_132_70_20,r_164_129_154,r_43_17_195,r_132_70_20,0.89,0,20,20,87
6,r_90_75_185,seq155,seq127,r_90_75_185,0.49,1,186,185,87
62,r_64_34_59,r_51_159_115,r_23_106_33,r_64_34_59,0.85,1,60,59,87
67,r_104_167_41,r_33_77_25,r_165_5_63,r_33_77_25,0.7,1,26,25,87
17,r_136_73_44,r_142_105_69,seq91,r_136_73_44,1.0,0,44,44,87
27,r_126_76_90,r_93_124_156,r_104_167_41,r_126_76_90,0.9,0,90,90,87
53,r_93_124_156,r_145_101_5,r_33_77_25,r_93_124_156,0.76,1,157,156,87
32,r_52_63_190,seq42,r_90_75_185,r_52_63_190,0.96,0,190,190,87
51,r_56_150_170,r_147_24_66,r_4_109_10,r_56_150_170,0.83,1,171,170,87
2,r_87_28_94,seq163,seq125,r_87_28_94,1.0,1,95,94,87
37,r_4_109_10,r_97_25_19,seq79,r_4_109_10,0.92,0,10,10,87
40,r_85_47_169,r_62_121_61,r_53_117_31,r_62_121_61,0.82,1,62,61,87
29,r_144_82_151,r_161_88_196,r_84_0_12,r_161_88_196,0.59,-30,166,196,87
33,r_54_72_104,seq116,r_132_70_20,r_54_72_104,0.8,2,106,104,87
64,r_12_89_139,seq41,seq19,r_12_89_139,0.71,1,140,139,87
5,r_35_107_27,r_50_92_120,seq119,r_35_107_27,0.84,-4,23,27,87
50,r_55_10_68,r_84_0_12,r_86_118_3,r_55_10_68,1.0,0,68,68,87
58,r_39_8_93,r_158_60_99,r_97_25_19,r_39_8_93,0.98,1,94,93,87
65,r_149_160_135,r_23_106_33,r_166_135_72,r_23_106_33,0.58,102,135,33,87
68,r_112_137_183,r_161_88_196,r_11_29_21,r_112_137_183,0.62,0,183,183,87
67,r_104_167_41,r_165_5_63,seq71,r_104_167_41,0.79,1,42,41,87
32,r_52_63_190,r_96_100_158,seq42,r_96_100_158,0.71,10,168,158,87
52,r_123_133_64,r_3_140_122,r_146_103_52,r_146_103_52,0.74,12,64,52,87
77,seq152,r_9_68_141,seq58,r_9_68_141,0.98,0,141,141,87
86,seq42,r_96_100_158,r_37_66_43,r_37_66_43,1.0,7,50,43,87
11,r_11_29_21,r_50_92_120,r_153_67_8,r_50_92_120,0.63,-100,20,120,87
81,seq162,r_154_26_114,seq41,r_154_26_114,1.0,0,114,114,87
25,r_132_70_20,r_43_17_195,r_54_72_104,r_54_72_104,1.0,4,108,104,87
18,r_37_66_43,seq42,r_165_5_63,r_165_5_63,0.98,8,71,63,87
60,r_33_77_25,r_104_167_41,seq163,r_33_77_25,1.0,-1,24,25,87
56,r_81_151_75,r_18_44_180,r_53_117_31,r_81_151_75,1.0,0,75,75,87
7,r_166_135_72,seq122,seq36,r_166_135_72,1.0,0,72,72,87
23,r_57_168_144,seq38,r_147_24_66,r_147_24_66,1.0,78,144,66,87
38,r_53_117_31,r_49_7_13,r_85_47_169,r_53_117_31,0.93,2,33,31,87
82,seq163,r_87_28_94,r_33_77_25,r_87_28_94,0.44,1,95,94,87
79,seq156,r_120_157_129,r_132_70_20,r_132_70_20,0.97,45,65,20,87
12,r_154_26_114,seq162,seq19,r_154_26_114,1.0,0,114,114,87
55,r_145_101_5,r_93_124_156,r_142_105_69,r_145_101_5,0.6,152,157,5,87
30,r_34_162_82,seq25,r_124_111_127,r_34_162_82,1.0,0,82,82,88
44,r_10_153_165,r_155_6_27,r_18_107_48,r_10_153_165,0.81,1,166,165,88
51,r_113_130_28,r_140_141_135,r_133_117_196,r_140_141_135,0.88,0,135,135,88
62,r_100_55_138,r_115_43_81,seq118,r_100_55_138,1.0,0,138,138,88
41,r_161_88_17,r_116_32_35,r_28_110_126,r_161_88_17,0.82,0,17,17,88
48,r_84_120_149,r_100_55_138,r_125_85_76,r_84_120_149,0.94,2,151,149,88
8,r_28_110_126,r_54_41_140,r_143_68_63,r_28_110_126,0.99,0,126,126,88
43,r_52_158_182,r_100_55_138,r_122_165_64,r_52_158_182,0.59,-117,65,182,88
54,r_63_128_114,r_133_117_196,seq129,r_63_128_114,0.92,0,114,114,88
83,seq160,r_44_47_199,r_142_74_89,r_142_74_89,1.0,37,126,89,88
37,r_79_50_92,seq148,r_161_88_17,r_79_50_92,1.0,-1,91,92,88
4,r_89_12_40,r_140_141_135,seq21,r_89_12_40,0.94,0,40,40,88
25,r_70_26_14,seq95,seq127,r_70_26_14,0.65,1,15,14,88
5,r_126_112_80,r_142_74_89,r_36_98_84,r_126_112_80,1.0,0,80,80,88
46,r_115_43_81,r_159_106_136,r_100_55_138,r_115_43_81,1.0,0,81,81,88
7,r_13_56_90,r_146_103_22,seq114,r_13_56_90,1.0,0,90,90,88
45,r_57_86_115,seq109,seq152,r_57_86_115,0.74,1,116,115,88
19,r_36_98_84,r_64_151_119,r_87_108_110,r_36_98_84,0.98,36,120,84,88
28,r_72_156_146,r_13_56_90,r_16_163_166,r_72_156_146,1.0,0,146,146,88
63,r_138_91_178,r_123_131_118,r_37_81_143,r_138_91_178,0.96,0,178,178,88
31,r_140_141_135,r_113_130_28,r_49_82_105,r_49_82_105,0.48,30,135,105,88
67,r_54_41_140,r_28_110_126,r_79_50_92,r_79_50_92,0.91,34,126,92,88
38,r_142_74_89,seq25,seq160,r_142_74_89,0.97,1,90,89,88
3,r_64_151_119,r_36_98_84,seq166,r_64_151_119,0.94,1,120,119,88
26,r_164_137_95,r_60_167_189,r_46_17_52,r_164_137_95,1.0,0,95,95,88
14,r_155_6_27,r_10_153_165,r_53_38_139,r_155_6_27,0.9,139,166,27,88
1,r_71_80_53,seq109,seq149,r_71_80_53,1.0,-1,52,53,88
65,r_124_111_127,r_34_162_82,r_123_131_118,r_124_111_127,0.83,0,127,127,88
0,r_96_104_66,r_19_3_147,r_70_26_14,r_96_104_66,1.0,0,66,66,88
63,r_138_91_178,r_168_30_125,r_123_131_118,r_138_91_178,0.9,-53,125,178,88
20,r_122_165_64,seq35,r_52_158_182,r_122_165_64,0.6,-1,63,64,88
13,r_23_97_159,seq109,r_164_137_95,r_23_97_159,0.78,1,160,159,88
48,r_84_120_149,r_159_106_136,r_100_55_138,r_100_55_138,0.48,0,138,138,88
57,r_133_117_196,r_144_62_148,r_113_130_28,r_144_62_148,0.71,0,148,148,88
6,r_4_42_120,seq166,seq21,r_4_42_120,1.0,0,120,120,88
62,r_100_55_138,r_52_158_182,r_115_43_81,r_115_43_81,1.0,6,87,81,88
30,r_34_162_82,r_124_111_127,r_63_128_114,r_34_162_82,0.7,45,127,82,88
79,seq22,r_123_131_118,r_39_157_30,r_39_157_30,0.89,0,30,30,88
10,r_76_8_29,r_159_106_136,r_100_55_138,r_76_8_29,1.0,109,138,29,88
27,r_125_85_76,r_37_81_143,seq129,r_125_85_76,1.0,0,76,76,88
87,seq58,seq127,r_11_9_71,r_11_9_71,1.0,0,71,71,88
69,r_146_103_22,r_13_56_90,r_14_65_124,r_13_56_90,1.0,0,90,90,88
14,r_155_6_27,r_4_42_120,r_10_153_165,r_155_6_27,0.95,0,27,27,88
74,seq139,r_53_38_139,r_113_130_28,r_53_38_139,0.94,1,140,139,88
18,r_48_20_131,r_19_3_147,seq148,r_48_20_131,0.9,0,131,131,88
29,r_135_105_142,r_15_94_111,r_49_82_105,r_49_82_105,0.76,7,112,105,88
25,r_70_26_14,seq127,r_96_104_66,r_96_104_66,0.61,0,66,66,88
24,r_15_94_111,r_135_105_142,seq25,r_15_94_111,1.0,1,112,111,88
33,r_144_62_148,r_133_117_196,r_146_103_22,r_144_62_148,0.83,0,148,148,88
51,r_113_130_28,r_133_117_196,seq139,r_113_130_28,0.59,150,178,28,88
47,r_29_69_51,r_72_156_146,seq93,r_29_69_51,1.0,0,51,51,88
64,r_31_59_78,seq166,r_138_91_178,r_31_59_78,1.0,0,78,78,88
7,r_13_56_90,r_123_131_118,r_146_103_22,r_146_103_22,0.59,1,23,22,88
50,r_143_68_63,seq114,r_66_5_68,r_143_68_63,1.0,1,64,63,88
58,r_66_5_68,seq129,r_143_68_63,r_143_68_63,1.0,8,71,63,88
65,r_124_111_127,seq129,r_34_162_82,r_34_162_82,1.0,4,86,82,88
20,r_122_165_64,r_52_158_182,r_71_80_53,r_52_158_182,0.65,1,183,182,88
68,r_168_30_125,r_138_91_178,r_15_94_111,r_168_30_125,0.99,2,127,125,88
42,r_116_32_35,seq75,r_29_69_51,r_29_69_51,0.91,47,98,51,88
41,r_161_88_17,r_28_110_126,r_150_1_56,r_161_88_17,0.94,44,61,17,88
61,r_92_67_191,r_16_163_166,r_40_134_69,r_40_134_69,0.57,104,173,69,88
32,r_37_81_143,seq119,seq160,r_37_81_143,0.93,1,144,143,88
38,r_142_74_89,r_126_112_80,seq25,r_126_112_80,0.89,0,80,80,88
52,r_136_102_101,r_4_42_120,r_143_68_63,r_4_42_120,1.0,-19,101,120,88
59,r_46_17_52,r_87_108_110,r_164_137_95,r_46_17_52,0.77,56,108,52,88
9,r_19_3_147,r_90_2_152,r_16_163_166,r_16_163_166,0.47,-17,149,166,88
34,r_11_9_71,seq77,seq58,r_11_9_71,1.0,0,71,71,88
64,r_31_59_78,r_138_91_178,r_36_98_84,r_138_91_178,0.96,0,178,178,88
53,r_150_1_56,seq129,r_161_88_17,r_150_1_56,1.0,1,57,56,88
44,r_10_153_165,r_34_162_82,r_155_6_27,r_155_6_27,0.64,2,29,27,88
81,seq25,seq132,r_15_94_111,r_15_94_111,0.92,3,114,111,88
60,r_87_108_110,r_48_20_131,r_36_98_84,r_87_108_110,0.64,0,110,110,88
81,seq25,r_34_162_82,seq132,r_34_162_82,0.96,0,82,82,88
69,r_146_103_22,seq149,r_13_56_90,r_146_103_22,0.74,0,22,22,88
9,r_19_3_147,r_87_108_110,r_90_2_152,r_87_108_110,1.0,0,110,110,88
28,r_72_156_146,seq166,r_13_56_90,r_13_56_90,1.0,10,100,90,88
22,r_159_106_136,r_84_120_149,r_14_65_124,r_159_106_136,0.82,2,138,136,88
28,r_72_156_146,r_29_69_51,seq166,r_29_69_51,0.61,-20,31,51,88
59,r_46_17_52,r_16_163_166,r_87_108_110,r_46_17_52,1.0,2,54,52,88
42,r_116_32_35,seq73,seq75,r_116_32_35,1.0,0,35,35,88
49,r_123_131_118,r_44_47_199,r_31_59_78,r_123_131_118,0.89,0,118,118,88
29,r_135_105_142,r_49_82_105,r_115_43_81,r_135_105_142,0.89,0,142,142,88
69,r_146_103_22,r_14_65_124,r_144_62_148,r_144_62_148,1.0,7,155,148,88
67,r_54_41_140,r_79_50_92,r_57_86_115,r_54_41_140,0.9,1,141,140,88
56,r_53_38_139,seq139,r_155_6_27,r_53_38_139,0.76,1,140,139,88
39,r_18_107_48,r_135_105_142,seq77,r_18_107_48,0.94,0,48,48,88
23,r_14_65_124,r_44_47_199,r_39_157_30,r_39_157_30,0.98,109,139,30,88
46,r_115_43_81,r_100_55_138,r_135_105_142,r_115_43_81,0.54,57,138,81,88
35,r_49_82_105,seq166,r_146_103_22,r_49_82_105,1.0,0,105,105,88
12,r_60_167_189,seq83,r_71_80_53,r_60_167_189,0.24,0,189,189,88
30,r_165_22_110,seq140,r_100_162_8,r_165_22_110,0.82,1,111,110,89
17,r_159_40_45,r_60_50_191,seq39,r_159_40_45,1.0,0,45,45,89
51,r_44_135_76,r_61_128_90,seq85,r_44_135_76,0.99,1,77,76,89
14,r_46_84_81,r_142_97_134,r_108_152_13,r_46_84_81,0.87,0,81,81,89
8,r_70_164_162,r_95_99_116,r_16_73_67,r_70_164_162,0.76,-46,116,162,89
43,r_157_119_98,r_6_109_113,r_61_128_90,r_6_109_113,1.0,-14,99,113,89
54,r_78_11_68,r_95_99_116,r_9_87_181,r_78_11_68,0.98,1,69,68,89
54,r_78_11_68,r_9_87_181,r_75_96_15,r_9_87_181,1.0,-30,151,181,89
59,r_90_53_9,r_70_164_162,r_142_97_134,r_142_97_134,0.98,0,134,134,89
95,seq98,r_163_43_88,r_68_23_19,r_68_23_19,1.0,0,19,19,89
55,r_56_89_129,seq130,r_95_99_116,r_95_99_116,0.99,14,130,116,89
71,seq130,r_56_89_129,r_79_160_26,r_79_160_26,0.86,104,130,26,89
26,r_18_92_14,r_167_31_144,seq0,r_18_92_14,0.91,2,16,14,89
39,r_149_4_86,seq49,r_155_76_30,r_149_4_86,1.0,0,86,86,89
29,r_16_73_67,r_149_4_86,r_100_162_8,r_16_73_67,0.72,-54,13,67,89
1,r_95_99_116,r_70_164_162,r_163_43_88,r_95_99_116,1.0,0,116,116,89
27,r_146_41_11,r_77_25_184,seq0,r_146_41_11,0.84,-1,10,11,89
5,r_19_27_94,r_59_52_167,seq137,r_19_27_94,1.0,0,94,94,89
57,r_88_151_40,r_126_91_127,r_24_117_7,r_88_151_40,1.0,1,41,40,89
32,r_133_48_29,r_45_74_111,r_62_161_92,r_62_161_92,0.87,22,114,92,89
7,r_167_31_144,r_44_135_76,seq98,r_167_31_144,0.58,30,174,144,89
40,r_69_1_50,seq115,r_80_81_34,r_69_1_50,1.0,0,50,50,89
66,r_20_13_154,seq10,r_44_135_76,r_44_135_76,1.0,79,155,76,89
78,seq17,r_155_76_30,seq131,r_155_76_30,0.84,145,175,30,89
58,r_166_169_54,r_95_99_116,r_77_25_184,r_166_169_54,0.87,0,54,54,89
41,r_124_29_59,r_70_164_162,r_125_139_141,r_124_29_59,0.38,75,134,59,89
85,seq39,r_159_40_45,r_2_54_140,r_2_54_140,1.0,7,147,140,89
67,r_42_129_44,r_70_164_162,r_6_109_113,r_6_109_113,0.8,50,163,113,89
29,r_16_73_67,r_100_162_8,r_70_164_162,r_16_73_67,1.0,4,71,67,89
45,r_79_160_26,r_59_52_167,seq130,r_79_160_26,1.0,0,26,26,89
61,r_75_96_15,r_95_99_116,seq36,r_75_96_15,0.86,0,15,15,89
3,r_142_97_134,seq127,r_90_53_9,r_142_97_134,0.98,2,136,134,89
10,r_136_8_119,r_9_87_181,seq49,r_9_87_181,0.71,-61,120,181,89
37,r_77_25_184,r_2_54_140,r_166_169_54,r_166_169_54,0.68,5,59,54,89
4,r_2_54_140,r_138_26_156,seq39,r_2_54_140,0.93,0,140,140,89
63,r_21_55_171,seq65,r_35_38_89,r_35_38_89,0.98,87,176,89,89
11,r_60_50_191,seq33,r_19_27_94,r_19_27_94,0.64,96,190,94,89
20,r_116_143_135,r_61_128_90,r_155_76_30,r_155_76_30,0.69,55,85,30,89
13,r_101_32_172,r_61_128_90,r_155_76_30,r_101_32_172,0.75,-87,85,172,89
70,seq0,seq12,r_18_92_14,r_18_92_14,0.9,25,39,14,89
15,r_132_150_72,r_95_99_116,r_104_64_5,r_132_150_72,0.69,2,74,72,89
48,r_93_122_66,r_62_161_92,r_110_34_53,r_93_122_66,1.0,0,66,66,89
27,r_146_41_11,seq0,r_30_107_49,r_30_107_49,1.0,11,60,49,89
49,r_35_38_89,r_100_162_8,r_21_55_171,r_21_55_171,0.9,6,177,171,89
69,r_14_147_18,r_95_99_116,seq115,r_14_147_18,0.92,0,18,18,89
13,r_101_32_172,r_155_76_30,r_61_128_90,r_101_32_172,0.61,0,172,172,89
62,r_118_58_102,r_126_91_127,r_159_40_45,r_118_58_102,0.95,0,102,102,89
33,r_80_81_34,r_110_34_53,r_77_25_184,r_110_34_53,0.99,-16,37,53,89
52,r_9_87_181,r_78_11_68,seq33,r_9_87_181,0.79,1,182,181,89
51,r_44_135_76,seq85,r_20_13_154,r_44_135_76,0.61,57,133,76,89
12,r_66_154_166,r_60_50_191,r_95_99_116,r_66_154_166,1.0,0,166,166,89
87,seq49,r_149_4_86,r_100_162_8,r_149_4_86,0.51,0,86,86,89
67,r_42_129_44,r_116_143_135,r_70_164_162,r_42_129_44,0.99,2,46,44,89
47,r_110_34_53,seq3,seq51,r_110_34_53,1.0,0,53,53,89
74,seq10,r_20_13_154,r_95_99_116,r_95_99_116,1.0,39,155,116,89
18,r_6_109_113,seq131,r_16_73_67,r_6_109_113,0.94,0,113,113,89
35,r_62_161_92,r_159_40_45,r_133_48_29,r_62_161_92,0.9,0,92,92,89
24,r_61_128_90,r_116_143_135,seq140,r_61_128_90,0.84,1,91,90,89
53,r_114_145_31,seq51,seq115,r_114_145_31,1.0,0,31,31,89
25,r_138_26_156,r_2_54_140,r_44_135_76,r_44_135_76,0.81,64,140,76,89
64,r_108_152_13,r_5_82_41,seq3,r_108_152_13,1.0,1,14,13,89
82,seq33,r_60_50_191,r_9_87_181,r_9_87_181,0.62,2,183,181,89
50,r_100_162_8,r_59_52_167,r_165_22_110,r_100_162_8,0.91,97,105,8,89
0,r_68_23_19,seq15,seq98,r_68_23_19,0.99,0,19,19,89
8,r_70_164_162,r_16_73_67,seq65,r_70_164_162,0.99,1,163,162,89
65,r_67_83_189,seq144,r_116_143_135,r_116_143_135,0.92,54,189,135,89
38,r_45_74_111,seq148,seq85,r_45_74_111,0.95,3,114,111,89
52,r_9_87_181,r_136_8_119,r_78_11_68,r_9_87_181,0.99,-100,81,181,89
19,r_30_107_49,r_95_99_116,r_146_41_11,r_30_107_49,1.0,1,50,49,89
94,seq94,r_141_112_104,r_103_72_4,r_141_112_104,0.61,0,104,104,89
32,r_133_48_29,r_42_129_44,r_45_74_111,r_133_48_29,0.99,0,29,29,89
9,r_113_7_168,r_71_120_178,seq15,r_113_7_168,0.58,0,168,168,89
36,r_155_76_30,r_159_40_45,seq115,r_155_76_30,0.99,0,30,30,89
22,r_71_120_178,r_113_7_168,r_111_28_103,r_71_120_178,0.64,-67,111,178,89
34,r_153_47_12,r_116_143_135,seq85,r_153_47_12,1.0,0,12,12,89
28,r_158_121_145,seq140,r_132_150_72,r_158_121_145,0.5,0,145,145,89
20,r_116_143_135,r_155_76_30,seq86,r_116_143_135,1.0,4,139,135,89
49,r_35_38_89,r_45_74_111,r_100_162_8,r_35_38_89,1.0,0,89,89,89
98,seq115,r_69_1_50,r_14_147_18,r_69_1_50,0.99,0,50,50,89
56,r_126_91_127,seq85,r_102_63_83,r_126_91_127,1.0,0,127,127,89
7,r_167_31_144,r_126_91_127,r_44_135_76,r_167_31_144,0.56,-41,103,144,89
23,r_111_28_103,r_20_13_154,r_71_120_178,r_111_28_103,0.62,0,103,103,89
17,r_159_40_45,seq39,r_118_58_102,r_118_58_102,1.0,6,108,102,89
82,seq33,r_66_154_166,r_60_50_191,r_66_154_166,0.65,-45,121,166,89
29,r_16_73_67,r_70_164_162,r_6_109_113,r_16_73_67,0.87,96,163,67,89
79,seq131,r_6_109_113,seq17,r_6_109_113,1.0,0,113,113,89
35,r_62_161_92,r_93_122_66,r_159_40_45,r_62_161_92,0.98,-30,62,92,89
68,r_24_117_7,seq168,r_88_151_40,r_88_151_40,0.98,3,43,40,89
12,r_66_154_166,seq33,r_60_50_191,r_66_154_166,0.46,-39,127,166,89
87,seq49,r_100_162_8,r_136_8_119,r_136_8_119,0.9,3,122,119,89
51,r_39_85_89,seq33,seq131,r_39_85_89,0.99,8,97,89,90
43,r_151_26_121,r_58_8_136,r_94_133_103,r_94_133_103,0.64,18,121,103,90
54,r_93_64_66,r_22_5_95,r_145_132_92,r_93_64_66,1.0,29,95,66,90
81,seq31,r_164_57_2,r_108_84_133,r_108_84_133,1.0,8,141,133,90
37,r_158_35_138,seq71,seq36,r_158_35_138,1.0,0,138,138,90
59,r_162_116_75,r_108_84_133,r_128_68_9,r_162_116_75,0.98,0,75,75,90
55,r_22_5_95,r_93_64_66,seq18,r_22_5_95,1.0,0,95,95,90
21,r_118_120_109,seq47,seq156,r_118_120_109,0.95,0,109,109,90
5,r_51_25_78,r_105_159_166,seq112,r_51_25_78,1.0,0,78,78,90
42,r_105_159_166,seq4,seq114,r_105_159_166,0.58,0,166,166,90
18,r_160_29_36,r_139_124_177,r_130_13_23,r_130_13_23,0.96,6,29,23,90
63,r_130_13_23,r_163_167_74,r_160_29_36,r_130_13_23,0.97,0,23,23,90
19,r_40_90_85,r_78_1_141,seq71,r_40_90_85,1.0,0,85,85,90
27,r_49_38_28,r_164_57_2,r_139_124_177,r_49_38_28,1.0,-1,27,28,90
27,r_49_38_28,r_139_124_177,r_15_127_84,r_15_127_84,1.0,7,91,84,90
98,seq119,r_79_6_37,r_140_165_15,r_140_165_15,0.66,-2,13,15,90
31,r_37_44_87,r_89_86_127,r_140_165_15,r_140_165_15,0.76,74,89,15,90
41,r_28_12_116,r_83_141_181,r_63_27_54,r_63_27_54,0.99,64,118,54,90
3,r_100_101_182,seq114,r_34_2_102,r_34_2_102,0.59,80,182,102,90
26,r_109_9_125,r_125_81_113,r_61_3_63,r_61_3_63,0.99,62,125,63,90
4,r_139_124_177,r_160_29_36,r_49_38_28,r_49_38_28,1.0,-1,27,28,90
78,seq18,r_53_117_187,r_126_20_43,r_126_20_43,0.99,144,187,43,90
0,r_34_2_102,r_92_75_192,seq32,r_34_2_102,0.94,4,106,102,90
11,r_94_133_103,r_45_146_165,r_152_115_24,r_94_133_103,0.55,0,103,103,90
2,r_56_52_44,seq16,seq104,r_56_52_44,0.99,-1,43,44,90
50,r_113_129_53,r_99_102_35,r_21_50_51,r_113_129_53,1.0,0,53,53,90
20,r_88_155_11,r_166_111_16,r_42_149_146,r_88_155_11,0.71,0,11,11,90
81,seq31,r_63_27_54,r_164_57_2,r_63_27_54,0.99,-6,48,54,90
4,r_139_124_177,r_49_38_28,r_97_123_99,r_97_123_99,1.0,78,177,99,90
57,r_125_81_113,r_109_9_125,r_91_48_67,r_109_9_125,0.91,-7,118,125,90
6,r_15_127_84,r_78_1_141,r_49_38_28,r_15_127_84,0.99,0,84,84,90
62,r_78_1_141,r_147_24_142,r_163_167_74,r_78_1_141,1.0,0,141,141,90
67,r_135_107_26,seq31,r_128_68_9,r_135_107_26,0.93,0,26,26,90
15,r_140_165_15,seq18,seq119,r_140_165_15,0.86,-2,13,15,90
52,r_21_50_51,seq59,r_113_129_53,r_113_129_53,1.0,0,53,53,90
17,r_108_84_133,seq71,seq31,r_108_84_133,1.0,2,135,133,90
33,r_80_46_194,r_58_8_136,r_166_111_16,r_80_46_194,0.97,-164,30,194,90
12,r_126_20_43,r_34_2_102,r_166_111_16,r_126_20_43,1.0,-3,40,43,90
74,seq138,seq71,r_19_157_144,r_19_157_144,1.0,2,146,144,90
24,r_163_167_74,r_148_23_83,seq98,r_148_23_83,0.95,-15,68,83,90
29,r_166_111_16,r_72_168_175,r_80_46_194,r_166_111_16,0.98,1,17,16,90
82,seq32,r_110_65_42,r_106_96_56,r_106_96_56,0.95,0,56,56,90
25,r_89_86_127,r_43_11_128,r_15_127_84,r_15_127_84,0.92,52,136,84,90
48,r_152_115_24,r_28_12_116,r_94_133_103,r_94_133_103,1.0,11,114,103,90
48,r_152_115_24,seq59,r_28_12_116,r_152_115_24,0.99,1,25,24,90
64,r_74_41_101,r_72_168_175,r_143_55_1,r_74_41_101,1.0,0,101,101,90
47,r_42_149_146,r_88_155_11,seq71,r_42_149_146,1.0,0,146,146,90
58,r_145_132_92,seq112,r_93_64_66,r_145_132_92,1.0,0,92,92,90
20,r_88_155_11,r_42_149_146,r_94_133_103,r_88_155_11,0.95,135,146,11,90
68,r_61_3_63,r_151_26_121,r_83_141_181,r_61_3_63,1.0,3,66,63,90
61,r_19_157_144,seq70,seq138,r_19_157_144,0.98,0,144,144,90
32,r_82_87_135,seq161,r_166_111_16,r_82_87_135,1.0,1,136,135,90
47,r_42_149_146,r_139_124_177,r_88_155_11,r_88_155_11,0.88,2,13,11,90
68,r_61_3_63,r_83_141_181,r_109_9_125,r_61_3_63,0.92,64,127,63,90
10,r_164_57_2,r_49_38_28,seq31,r_49_38_28,1.0,-5,23,28,90
64,r_74_41_101,r_143_55_1,r_103_144_189,r_74_41_101,0.43,79,180,101,90
82,seq32,r_106_96_56,r_34_2_102,r_34_2_102,1.0,11,113,102,90
17,r_108_84_133,r_97_123_99,seq71,r_97_123_99,1.0,-5,94,99,90
9,r_83_141_181,r_42_149_146,r_110_65_42,r_42_149_146,0.99,-14,132,146,90
96,seq112,r_72_168_175,r_51_25_78,r_51_25_78,1.0,79,157,78,90
22,r_45_146_165,r_10_76_195,r_79_6_37,r_45_146_165,0.4,0,165,165,90
28,r_97_123_99,r_108_84_133,r_110_65_42,r_97_123_99,1.0,2,101,99,90
49,r_54_62_183,seq4,r_158_35_138,r_158_35_138,1.0,45,183,138,90
8,r_79_6_37,r_153_69_62,seq161,r_79_6_37,0.98,1,38,37,90
56,r_154_150_60,r_42_149_146,r_128_68_9,r_154_150_60,1.0,0,60,60,90
7,r_91_48_67,r_15_127_84,r_125_81_113,r_15_127_84,0.97,-8,76,84,90
13,r_153_69_62,r_79_6_37,seq169,r_79_6_37,0.85,1,38,37,90
23,r_58_8_136,r_80_46_194,r_93_64_66,r_58_8_136,0.98,0,136,136,90
16,r_63_27_54,seq31,r_28_12_116,r_63_27_54,1.0,-2,52,54,90
38,r_110_65_42,seq32,r_152_115_24,r_152_115_24,0.99,17,41,24,90
9,r_83_141_181,r_110_65_42,r_128_68_9,r_83_141_181,0.9,0,181,181,90
84,seq36,seq161,r_158_35_138,r_158_35_138,1.0,11,149,138,90
30,r_143_140_95,seq54,r_36_0_42,r_36_0_42,0.99,59,101,42,91
8,r_49_99_124,r_1_37_140,r_9_44_48,r_9_44_48,0.86,76,124,48,91
53,r_12_118_87,r_155_83_179,r_36_0_42,r_12_118_87,1.0,2,89,87,91
43,r_62_151_75,r_101_29_85,seq165,r_62_151_75,0.97,1,76,75,91
26,r_36_0_42,r_135_133_143,r_86_28_136,r_36_0_42,1.0,1,43,42,91
18,r_60_141_99,r_129_121_64,r_163_47_115,r_163_47_115,0.98,3,118,115,91
22,r_152_77_49,r_21_31_114,r_117_78_39,r_152_77_49,1.0,5,54,49,91
23,r_127_43_23,r_23_105_79,seq45,r_127_43_23,1.0,0,23,23,91
54,r_4_75_67,r_13_39_169,seq69,r_4_75_67,0.98,-2,65,67,91
37,r_67_71_121,seq160,r_55_46_186,r_67_71_121,0.97,2,123,121,91
45,r_81_66_44,r_124_145_104,seq122,r_124_145_104,0.98,-55,49,104,91
59,r_136_10_3,r_116_95_120,r_41_17_40,r_136_10_3,0.91,117,120,3,91
71,seq139,r_169_106_177,r_129_121_64,r_129_121_64,0.88,5,69,64,91
17,r_82_63_11,r_62_151_75,r_167_3_14,r_167_3_14,0.9,0,14,14,91
16,r_21_31_114,seq32,r_82_63_11,r_21_31_114,0.99,0,114,114,91
21,r_38_128_162,r_98_100_166,r_101_29_85,r_101_29_85,1.0,8,93,85,91
89,seq72,r_103_65_81,r_164_150_153,r_164_150_153,0.38,-96,57,153,91
80,seq45,r_20_159_194,r_127_43_23,r_127_43_23,1.0,63,86,23,91
69,r_102_79_148,seq57,r_55_46_186,r_102_79_148,0.89,2,150,148,91
19,r_98_100_166,seq69,r_68_8_157,r_98_100_166,0.54,0,166,166,91
91,seq85,r_86_28_136,seq84,r_86_28_136,0.72,8,144,136,91
65,r_80_87_170,r_41_17_40,r_55_46_186,r_41_17_40,1.0,0,40,40,91
39,r_167_3_14,r_82_63_11,r_34_166_43,r_34_166_43,1.0,68,111,43,91
31,r_86_28_136,r_60_141_99,r_36_0_42,r_86_28_136,0.97,-62,74,136,91
41,r_88_27_196,r_114_26_110,r_167_3_14,r_88_27_196,0.59,-86,110,196,91
67,r_103_65_81,seq161,seq53,r_103_65_81,0.7,-15,66,81,91
10,r_155_83_179,seq154,seq2,r_155_83_179,0.76,0,179,179,91
14,r_41_17_40,r_80_87_170,r_25_33_21,r_41_17_40,1.0,0,40,40,91
72,seq142,r_38_128_162,r_107_111_60,r_107_111_60,0.73,3,63,60,91
0,r_30_51_181,r_91_137_135,r_125_5_22,r_30_51_181,0.85,-42,139,181,91
63,r_129_121_64,r_126_16_175,seq139,r_129_121_64,1.0,2,66,64,91
68,r_169_106_177,r_50_90_197,r_164_150_153,r_169_106_177,0.76,1,178,177,91
73,seq154,r_155_83_179,r_126_16_175,r_155_83_179,0.56,0,179,179,91
11,r_158_18_116,r_64_132_195,r_4_75_67,r_158_18_116,0.95,-1,115,116,91
39,r_167_3_14,r_20_159_194,r_82_63_11,r_167_3_14,0.97,0,14,14,91
20,r_168_148_171,r_135_133_143,r_49_99_124,r_168_148_171,0.81,-41,130,171,91
13,r_13_39_169,r_4_75_67,r_88_27_196,r_4_75_67,0.99,-2,65,67,91
15,r_153_112_128,seq32,r_127_43_23,r_153_112_128,0.93,0,128,128,91
48,r_101_29_85,seq122,r_38_128_162,r_101_29_85,0.83,0,85,85,91
57,r_164_150_153,r_126_16_175,seq120,r_164_150_153,0.4,0,153,153,91
20,r_168_148_171,r_49_99_124,r_41_17_40,r_168_148_171,0.97,0,171,171,91
13,r_13_39_169,r_88_27_196,r_55_46_186,r_13_39_169,0.89,2,171,169,91
6,r_35_146_105,r_59_40_145,seq139,r_35_146_105,0.78,2,107,105,91
62,r_119_15_183,r_138_94_185,r_124_145_104,r_124_145_104,0.74,80,184,104,91
21,r_38_128_162,r_101_29_85,r_116_95_120,r_38_128_162,0.91,0,162,162,91
42,r_34_166_43,r_30_51_181,r_167_3_14,r_34_166_43,0.73,0,43,43,91
5,r_117_78_39,r_152_77_49,r_89_58_103,r_89_58_103,1.0,3,106,103,91
51,r_9_44_48,r_6_92_107,seq32,r_9_44_48,1.0,0,48,48,91
27,r_1_37_140,seq42,r_116_95_120,r_1_37_140,0.94,0,140,140,91
58,r_25_33_21,r_107_111_60,seq162,r_25_33_21,1.0,0,21,21,91
47,r_163_47_115,r_138_94_185,r_60_141_99,r_138_94_185,1.0,-70,115,185,91
40,r_91_137_135,r_30_51_181,seq93,r_91_137_135,0.96,4,139,135,91
18,r_60_141_99,r_119_15_183,r_129_121_64,r_119_15_183,0.71,-83,100,183,91
66,r_11_61_30,r_129_121_64,seq56,r_129_121_64,0.49,-33,31,64,91
24,r_70_113_146,r_169_106_177,r_9_44_48,r_169_106_177,0.58,-31,146,177,91
34,r_116_95_120,r_64_132_195,r_38_128_162,r_116_95_120,0.61,60,180,120,91
64,r_74_115_147,seq56,r_158_18_116,r_74_115_147,0.67,0,147,147,91
65,r_80_87_170,r_55_46_186,r_114_26_110,r_55_46_186,0.91,-15,171,186,91
88,seq69,r_98_100_166,r_158_18_116,r_158_18_116,0.73,50,166,116,91
50,r_135_133_143,r_168_148_171,r_107_111_60,r_168_148_171,0.84,-28,143,171,91
68,r_169_106_177,r_70_113_146,r_50_90_197,r_70_113_146,0.78,0,146,146,91
32,r_19_130_142,r_74_115_147,r_91_137_135,r_19_130_142,0.54,0,142,142,91
38,r_144_24_150,r_126_16_175,r_76_73_18,r_144_24_150,0.74,0,150,150,91
52,r_147_7_108,seq165,r_107_111_60,r_147_7_108,0.87,3,111,108,91
48,r_101_29_85,r_38_128_162,r_6_92_107,r_101_29_85,0.88,37,122,85,91
34,r_116_95_120,r_136_10_3,r_64_132_195,r_116_95_120,0.75,0,120,120,91
4,r_76_73_18,r_41_17_40,seq45,r_76_73_18,0.99,-1,17,18,91
9,r_23_105_79,seq2,seq72,r_23_105_79,1.0,0,79,79,91
26,r_36_0_42,r_86_28_136,r_143_140_95,r_36_0_42,0.97,94,136,42,91
31,r_86_28_136,r_36_0_42,r_21_31_114,r_86_28_136,0.6,0,136,136,91
28,r_124_145_104,r_116_95_120,r_117_78_39,r_117_78_39,0.58,65,104,39,91
49,r_55_46_186,r_80_87_170,r_102_79_148,r_55_46_186,0.55,-30,156,186,91
55,r_125_5_22,r_6_92_107,r_30_51_181,r_125_5_22,1.0,0,22,22,91
56,r_64_132_195,r_126_16_175,seq57,r_126_16_175,0.91,0,175,175,91
7,r_68_8_157,r_136_10_3,r_86_28_136,r_68_8_157,0.83,0,157,157,91
79,seq42,r_89_58_103,r_109_156_101,r_89_58_103,0.96,0,103,103,91
35,r_114_26_110,r_88_27_196,r_107_111_60,r_114_26_110,0.95,0,110,110,91
12,r_107_111_60,r_19_130_142,seq142,r_107_111_60,0.94,1,61,60,91
0,r_30_51_181,r_125_5_22,seq32,r_30_51_181,0.9,0,181,181,91
5,r_117_78_39,r_30_51_181,r_152_77_49,r_117_78_39,1.0,0,39,39,91
55,r_125_5_22,r_30_51_181,r_109_156_101,r_30_51_181,0.59,0,181,181,91
30,r_75_18_149,seq147,r_139_163_135,r_75_18_149,0.83,0,149,149,92
36,r_8_9_108,seq77,seq148,r_8_9_108,1.0,0,108,108,92
26,r_111_130_186,r_162_129_117,r_49_29_142,r_162_129_117,0.55,69,186,117,92
8,r_162_129_117,r_155_34_185,seq83,r_162_129_117,1.0,0,117,117,92
55,r_14_62_23,seq146,seq147,r_14_62_23,0.97,0,23,23,92
22,r_140_128_52,seq146,r_143_96_48,r_140_128_52,1.0,2,54,52,92
37,r_138_103_66,r_57_23_188,r_25_11_195,r_138_103_66,1.0,0,66,66,92
54,r_169_115_42,r_133_28_164,r_109_36_148,r_109_36_148,0.96,20,168,148,92
79,seq161,r_7_92_177,r_121_137_34,r_121_137_34,0.99,3,37,34,92
59,r_0_120_60,seq50,r_47_15_33,r_0_120_60,0.64,2,62,60,92
16,r_45_122_132,r_152_158_162,r_155_34_185,r_45_122_132,0.71,0,132,132,92
21,r_41_85_78,r_133_28_164,seq50,r_41_85_78,0.98,2,80,78,92
39,r_22_142_146,r_57_23_188,seq148,r_22_142_146,0.85,1,147,146,92
1,r_112_2_126,r_165_84_167,r_97_78_3,r_112_2_126,1.0,-1,125,126,92
5,r_68_71_72,r_57_23_188,seq83,r_68_71_72,0.99,0,72,72,92
46,r_40_141_140,seq43,r_110_52_100,r_110_52_100,0.87,40,140,100,92
42,r_10_124_125,r_25_11_195,seq82,r_10_124_125,0.75,1,126,125,92
69,r_81_79_85,r_165_84_167,seq77,r_81_79_85,0.94,0,85,85,92
45,r_116_74_129,r_127_76_136,r_121_137_34,r_116_74_129,0.68,0,129,129,92
28,r_139_163_135,r_47_15_33,r_119_58_55,r_139_163_135,0.99,0,135,135,92
19,r_127_76_136,r_116_74_129,r_63_26_32,r_63_26_32,0.88,97,129,32,92
49,r_94_16_27,seq148,seq161,r_94_16_27,0.72,0,27,27,92
38,r_134_33_40,r_167_48_159,seq93,r_134_33_40,1.0,0,40,40,92
1,r_112_2_126,r_119_58_55,r_165_84_167,r_119_58_55,1.0,0,55,55,92
66,r_89_108_173,r_19_135_81,r_6_117_14,r_19_135_81,0.96,0,81,81,92
76,seq156,seq30,r_60_12_69,r_60_12_69,0.99,10,79,69,92
31,r_42_24_116,seq39,r_17_46_30,r_42_24_116,0.46,0,116,116,92
3,r_119_58_55,r_112_2_126,r_97_78_3,r_119_58_55,0.71,0,55,55,92
27,r_3_66_86,r_143_96_48,seq43,r_3_66_86,0.96,0,86,86,92
67,r_143_96_48,r_165_84_167,r_3_66_86,r_143_96_48,0.98,0,48,48,92
6,r_63_26_32,r_38_70_73,r_47_15_33,r_47_15_33,0.95,-2,31,33,92
10,r_54_20_62,seq148,seq88,r_54_20_62,1.0,0,62,62,92
90,seq80,r_165_84_167,r_47_15_33,r_47_15_33,0.68,135,168,33,92
26,r_111_130_186,r_109_36_148,r_162_129_117,r_162_129_117,0.98,31,148,117,92
27,r_3_66_86,r_53_59_105,r_143_96_48,r_143_96_48,0.93,4,52,48,92
4,r_21_99_5,r_155_34_185,r_45_122_132,r_45_122_132,0.87,27,159,132,92
78,seq160,r_7_92_177,r_116_74_129,r_7_92_177,0.45,0,177,177,92
63,r_167_48_159,r_97_78_3,seq39,r_167_48_159,0.88,0,159,159,92
11,r_133_28_164,r_41_85_78,r_169_115_42,r_133_28_164,0.96,-84,80,164,92
20,r_4_104_110,r_7_92_177,r_17_46_30,r_4_104_110,0.82,0,110,110,92
41,r_110_52_100,seq50,r_40_141_140,r_40_141_140,0.3,-57,83,140,92
15,r_56_32_150,seq43,r_131_72_8,r_56_32_150,0.61,5,155,150,92
54,r_169_115_42,r_101_69_193,r_133_28_164,r_169_115_42,0.99,6,48,42,92
47,r_6_117_14,r_8_9_108,r_97_78_3,r_6_117_14,0.97,2,16,14,92
16,r_45_122_132,r_155_34_185,r_73_100_180,r_45_122_132,0.94,53,185,132,92
85,seq50,r_101_69_193,r_41_85_78,r_41_85_78,0.97,-3,75,78,92
72,seq146,r_140_128_52,seq88,r_140_128_52,1.0,2,54,52,92
19,r_127_76_136,r_63_26_32,r_68_71_72,r_127_76_136,0.55,5,141,136,92
43,r_145_107_53,seq88,r_47_15_33,r_145_107_53,1.0,0,53,53,92
2,r_49_29_142,seq65,r_110_52_100,r_49_29_142,0.93,0,142,142,92
25,r_98_27_25,r_140_128_52,seq86,r_98_27_25,0.99,0,25,25,92
40,r_87_150_170,r_155_34_185,r_165_84_167,r_87_150_170,0.53,0,170,170,92
18,r_7_92_177,r_4_104_110,seq160,r_4_104_110,0.99,0,110,110,92
29,r_97_78_3,r_167_48_159,r_119_58_55,r_119_58_55,1.0,104,159,55,92
67,r_143_96_48,r_3_66_86,r_140_128_52,r_3_66_86,1.0,0,86,86,92
33,r_60_12_69,r_19_135_81,seq156,r_19_135_81,0.61,-12,69,81,92
88,seq65,r_49_29_142,r_19_135_81,r_19_135_81,1.0,61,142,81,92
14,r_152_158_162,r_45_122_132,r_31_13_84,r_152_158_162,0.71,-71,91,162,92
14,r_152_158_162,r_31_13_84,r_19_135_81,r_152_158_162,0.58,0,162,162,92
65,r_38_70_73,seq146,r_25_11_195,r_38_70_73,0.99,-8,65,73,92
61,r_165_84_167,seq80,r_87_150_170,r_87_150_170,0.61,0,170,170,92
98,seq102,seq149,r_47_15_33,r_47_15_33,0.98,7,40,33,92
52,r_19_135_81,r_89_108_173,seq65,r_19_135_81,1.0,0,81,81,92
9,r_47_15_33,r_42_24_116,seq102,r_47_15_33,1.0,0,33,33,92
68,r_67_157_24,r_75_18_149,seq91,r_67_157_24,1.0,0,24,24,92
34,r_118_144_80,seq164,r_110_52_100,r_118_144_80,0.99,-3,77,80,92
65,r_38_70_73,r_153_105_18,seq146,r_38_70_73,0.64,-55,18,73,92
17,r_53_59_105,r_167_48_159,r_98_27_25,r_53_59_105,0.84,0,105,105,92
94,seq88,r_145_107_53,r_21_99_5,r_145_107_53,0.96,1,54,53,92
14,r_152_158_162,r_17_46_30,r_45_122_132,r_17_46_30,0.95,2,32,30,92
96,seq93,r_61_126_174,r_134_33_40,r_134_33_40,1.0,115,155,40,92
57,r_153_105_18,r_38_70_73,r_17_46_30,r_153_105_18,0.76,0,18,18,92
0,r_17_46_30,r_152_158_162,r_153_105_18,r_17_46_30,0.62,1,31,30,92
28,r_139_163_135,r_73_100_180,r_47_15_33,r_47_15_33,0.85,57,90,33,92
56,r_37_51_171,seq82,r_54_20_62,r_54_20_62,0.97,109,171,62,92
18,r_7_92_177,seq160,r_47_15_33,r_7_92_177,0.55,0,177,177,92
44,r_109_36_148,r_111_130_186,r_169_115_42,r_169_115_42,0.72,106,148,42,92
41,r_110_52_100,r_1_114_15,seq50,r_110_52_100,0.69,-69,31,100,92
23,r_31_13_84,r_112_2_126,r_152_158_162,r_31_13_84,0.82,3,87,84,92
62,r_121_137_34,seq95,seq161,r_121_137_34,0.91,0,34,34,92
51,r_1_114_15,r_110_52_100,seq64,r_1_114_15,0.76,0,15,15,92
12,r_155_34_185,r_87_150_170,r_116_74_129,r_87_150_170,0.61,15,185,170,92
23,r_31_13_84,r_152_158_162,r_131_72_8,r_152_158_162,0.73,0,162,162,92
30,r_14_119_178,r_121_155_95,seq31,r_121_155_95,0.99,-18,77,95,93
19,r_87_10_43,r_6_125_166,r_92_149_197,r_87_10_43,1.0,0,43,43,93
51,r_52_43_162,r_108_97_121,r_169_133_40,r_52_43_162,0.83,-92,70,162,93
36,r_64_2_77,seq56,r_54_118_35,r_64_2_77,1.0,1,78,77,93
9,r_157_104_176,r_35_91_39,r_101_128_33,r_157_104_176,0.71,0,176,176,93
12,r_130_80_32,r_112_33_112,r_98_13_183,r_130_80_32,1.0,1,33,32,93
66,r_24_83_25,r_92_149_197,r_87_10_43,r_87_10_43,0.91,87,130,43,93
53,r_144_76_67,r_18_40_130,r_107_41_26,r_144_76_67,0.71,0,67,67,93
3,r_132_151_185,r_137_70_6,r_162_120_7,r_137_70_6,0.72,179,185,6,93
16,r_42_131_170,seq28,r_19_34_167,r_42_131_170,0.55,3,173,170,93
21,r_37_59_82,r_77_79_148,seq102,r_77_79_148,0.55,-65,83,148,93
1,r_90_73_126,r_69_126_159,r_64_2_77,r_64_2_77,0.72,55,132,77,93
73,seq141,r_111_106_50,seq9,r_111_106_50,0.75,-9,41,50,93
64,r_111_106_50,seq141,r_53_168_189,r_111_106_50,0.98,-1,49,50,93
5,r_92_149_197,r_18_40_130,r_87_10_43,r_92_149_197,0.98,-154,43,197,93
45,r_167_12_164,seq56,r_130_80_32,r_167_12_164,0.76,0,164,164,93
9,r_157_104_176,r_108_97_121,r_35_91_39,r_35_91_39,0.99,1,40,39,93
33,r_25_38_123,r_162_120_7,r_112_33_112,r_162_120_7,0.99,116,123,7,93
38,r_115_81_115,r_68_75_22,r_51_57_47,r_51_57_47,0.97,0,47,47,93
38,r_115_81_115,r_51_57_47,r_74_27_71,r_115_81_115,1.0,0,115,115,93
31,r_77_79_148,seq22,r_121_155_95,r_121_155_95,1.0,58,153,95,93
37,r_98_13_183,r_69_126_159,r_130_80_32,r_130_80_32,1.0,1,33,32,93
41,r_135_105_129,seq124,seq95,r_135_105_129,0.78,0,129,129,93
67,r_66_15_91,r_7_109_94,r_117_88_63,r_117_88_63,0.82,33,96,63,93
55,r_54_118_35,r_8_156_119,seq89,r_8_156_119,0.82,-74,45,119,93
89,seq60,r_21_61_150,r_112_33_112,r_112_33_112,0.76,24,136,112,93
3,r_132_151_185,r_62_46_113,r_137_70_6,r_62_46_113,1.0,-21,92,113,93
90,seq72,r_98_13_183,r_130_80_32,r_130_80_32,1.0,126,158,32,93
28,r_44_145_20,r_82_159_191,seq29,r_44_145_20,0.74,0,20,20,93
20,r_51_57_47,r_82_159_191,r_115_81_115,r_51_57_47,1.0,0,47,47,93
8,r_5_160_55,seq9,r_35_91_39,r_5_160_55,0.85,0,55,55,93
66,r_24_83_25,r_21_61_150,r_92_149_197,r_24_83_25,0.97,-1,24,25,93
48,r_169_133_40,r_4_65_124,r_52_43_162,r_169_133_40,1.0,0,40,40,93
4,r_74_27_71,seq99,r_82_159_191,r_74_27_71,1.0,0,71,71,93
11,r_112_33_112,seq154,seq60,r_112_33_112,0.99,0,112,112,93
0,r_30_96_10,r_157_104_176,seq26,r_30_96_10,1.0,0,10,10,93
15,r_19_34_167,seq147,r_42_131_170,r_19_34_167,0.82,1,168,167,93
4,r_74_27_71,r_82_159_191,r_115_81_115,r_115_81_115,0.86,18,133,115,93
12,r_130_80_32,r_98_13_183,r_167_12_164,r_167_12_164,0.78,19,183,164,93
6,r_55_140_140,r_153_127_168,seq50,r_55_140_140,0.97,1,141,140,93
99,seq124,r_135_105_129,r_37_59_82,r_135_105_129,0.96,2,131,129,93
27,r_69_126_159,seq102,seq146,r_69_126_159,0.43,0,159,159,93
51,r_52_43_162,r_169_133_40,seq0,r_52_43_162,0.93,0,162,162,93
87,seq50,r_6_125_166,r_55_140_140,r_55_140_140,0.99,5,145,140,93
47,r_58_32_78,seq50,seq158,r_58_32_78,1.0,-2,76,78,93
18,r_84_136_128,r_21_61_150,r_20_3_86,r_84_136_128,0.99,0,128,128,93
29,r_62_46_113,r_132_151_185,seq0,r_62_46_113,0.98,1,114,113,93
24,r_7_109_94,r_66_15_91,r_103_93_18,r_66_15_91,0.85,3,94,91,93
25,r_18_40_130,seq163,seq147,r_18_40_130,0.76,1,131,130,93
48,r_169_133_40,r_52_43_162,r_5_160_55,r_169_133_40,0.52,91,131,40,93
54,r_67_85_21,r_169_133_40,seq122,r_169_133_40,0.99,-20,20,40,93
82,seq31,r_14_119_178,r_20_3_86,r_14_119_178,0.6,0,178,178,93
88,seq56,r_167_12_164,r_25_38_123,r_25_38_123,1.0,41,164,123,93
50,r_116_165_135,r_137_70_6,seq36,r_116_165_135,0.56,1,136,135,93
58,r_143_142_110,r_116_165_135,r_37_59_82,r_143_142_110,0.42,0,110,110,93
70,seq0,r_82_159_191,r_62_46_113,r_62_46_113,0.99,20,133,113,93
20,r_51_57_47,r_115_81_115,r_58_32_78,r_51_57_47,0.63,68,115,47,93
61,r_48_123_93,r_108_97_121,r_44_145_20,r_44_145_20,0.64,74,94,20,93
32,r_121_155_95,r_14_119_178,r_110_161_65,r_14_119_178,1.0,-83,95,178,93
68,r_8_156_119,seq89,seq28,r_8_156_119,0.93,1,120,119,93
34,r_137_70_6,r_116_165_135,r_25_38_123,r_137_70_6,0.62,130,136,6,93
23,r_68_75_22,r_115_81_115,r_166_17_9,r_68_75_22,0.97,-2,20,22,93
78,seq26,r_19_34_167,r_30_96_10,r_30_96_10,0.99,2,12,10,93
60,r_71_114_102,r_69_126_159,seq28,r_71_114_102,0.88,2,104,102,93
81,seq158,r_117_88_63,seq60,r_117_88_63,1.0,0,63,63,93
17,r_21_61_150,seq60,r_90_73_126,r_21_61_150,0.64,0,150,150,93
26,r_162_120_7,r_25_38_123,r_107_41_26,r_162_120_7,0.86,116,123,7,93
96,seq102,r_69_126_159,r_101_128_33,r_101_128_33,0.92,40,73,33,93
37,r_98_13_183,r_130_80_32,r_135_105_129,r_135_105_129,0.81,54,183,129,93
22,r_148_63_88,seq147,r_111_106_50,r_148_63_88,0.99,1,89,88,93
91,seq89,r_134_164_193,r_110_161_65,r_110_161_65,1.0,20,85,65,93
68,r_8_156_119,r_54_118_35,seq89,r_8_156_119,0.45,-74,45,119,93
39,r_107_41_26,r_134_164_193,r_162_120_7,r_107_41_26,1.0,0,26,26,93
56,r_86_113_104,r_19_34_167,seq39,r_86_113_104,0.98,0,104,104,93
7,r_4_65_124,r_42_131_170,r_112_33_112,r_4_65_124,0.99,0,124,124,93
44,r_108_97_121,seq49,r_117_88_63,r_108_97_121,1.0,0,121,121,93
57,r_35_91_39,r_37_59_82,seq49,r_35_91_39,0.98,0,39,39,93
63,r_11_129_51,r_18_40_130,seq89,r_11_129_51,0.89,0,51,51,93
82,seq31,r_110_161_65,r_14_119_178,r_110_161_65,0.99,-5,60,65,93
79,seq28,r_42_131_170,r_71_114_102,r_71_114_102,0.69,71,173,102,93
35,r_117_88_63,seq158,seq102,r_117_88_63,1.0,0,63,63,93
65,r_101_128_33,r_19_34_167,seq102,r_101_128_33,1.0,0,33,33,93
62,r_166_17_9,r_21_61_150,r_68_75_22,r_166_17_9,0.87,21,30,9,93
30,r_23_165_73,r_147_13_190,r_103_140_34,r_23_165_73,1.0,0,73,73,94
36,r_79_125_65,r_24_91_111,seq159,r_79_125_65,0.99,-4,61,65,94
8,r_99_44_33,r_153_166_170,seq53,r_153_166_170,0.94,0,170,170,94
43,r_94_118_85,r_139_75_174,r_117_32_145,r_94_118_85,0.85,2,87,85,94
83,seq38,r_74_157_177,r_12_144_109,r_12_144_109,0.98,49,158,109,94
54,r_167_111_59,r_31_63_163,r_92_108_69,r_31_63_163,0.87,-35,128,163,94
59,r_163_134_189,seq81,r_43_3_169,r_43_3_169,0.79,20,189,169,94
55,r_73_122_127,r_163_134_189,r_92_108_69,r_73_122_127,1.0,0,127,127,94
16,r_40_87_117,seq57,r_94_118_85,r_40_87_117,0.74,0,117,117,94
1,r_51_67_84,r_143_60_199,seq11,r_51_67_84,1.0,0,84,84,94
97,seq110,r_162_34_131,r_19_150_184,r_162_34_131,0.99,-64,67,131,94
23,r_146_161_19,r_148_169_61,r_117_32_145,r_146_161_19,0.92,0,19,19,94
42,r_92_108_69,r_65_83_4,r_167_111_59,r_92_108_69,0.97,0,69,69,94
69,r_154_115_197,r_31_63_163,r_76_84_122,r_76_84_122,0.71,9,131,122,94
15,r_155_7_46,r_139_75_174,r_19_150_184,r_155_7_46,0.91,2,48,46,94
33,r_41_2_54,r_105_151_15,r_120_106_144,r_120_106_144,0.97,9,153,144,94
34,r_133_58_26,seq119,r_1_89_1,r_133_58_26,0.95,0,26,26,94
95,seq97,r_31_63_163,r_92_108_69,r_92_108_69,0.86,94,163,69,94
66,r_116_168_155,r_65_83_4,r_96_55_21,r_65_83_4,0.8,151,155,4,94
14,r_117_32_145,r_85_26_87,r_146_161_19,r_117_32_145,0.88,-125,20,145,94
41,r_28_27_186,seq57,r_117_32_145,r_28_27_186,0.38,1,187,186,94
3,r_43_3_169,seq42,r_137_10_30,r_137_10_30,0.94,139,169,30,94
10,r_69_145_133,r_78_127_71,seq110,r_78_127_71,0.73,63,134,71,94
32,r_131_98_164,r_112_15_38,r_74_157_177,r_74_157_177,0.86,0,177,177,94
50,r_77_152_29,r_76_84_122,seq102,r_77_152_29,1.0,0,29,29,94
17,r_137_10_30,r_51_67_84,r_113_56_8,r_137_10_30,0.99,-6,24,30,94
14,r_117_32_145,r_146_161_19,r_96_55_21,r_117_32_145,0.86,0,145,145,94
4,r_148_169_61,r_139_75_174,r_1_89_1,r_148_169_61,1.0,0,61,61,94
21,r_45_156_58,r_31_63_163,r_19_150_184,r_45_156_58,1.0,0,58,58,94
73,seq11,r_139_75_174,r_51_67_84,r_51_67_84,1.0,92,176,84,94
46,r_88_114_161,r_100_123_48,r_104_6_74,r_88_114_161,0.91,2,163,161,94
57,r_129_4_125,seq110,r_104_6_74,r_104_6_74,1.0,60,134,74,94
33,r_41_2_54,r_112_15_38,r_105_151_15,r_41_2_54,0.55,48,102,54,94
43,r_94_118_85,r_117_32_145,r_40_87_117,r_94_118_85,0.98,35,120,85,94
33,r_41_2_54,r_162_34_131,r_112_15_38,r_162_34_131,1.0,-77,54,131,94
46,r_88_114_161,r_51_67_84,r_100_123_48,r_88_114_161,1.0,-113,48,161,94
51,r_121_49_42,r_147_13_190,r_113_56_8,r_121_49_42,0.99,0,42,42,94
0,r_105_151_15,r_147_13_190,r_126_5_100,r_126_5_100,1.0,17,117,100,94
6,r_107_21_31,r_103_140_34,r_167_111_59,r_167_111_59,1.0,0,59,59,94
76,seq18,r_131_98_164,r_132_130_9,r_132_130_9,0.47,2,11,9,94
27,r_61_9_121,seq47,seq82,r_61_9_121,0.97,1,122,121,94
87,seq57,r_28_27_186,r_43_3_169,r_28_27_186,0.39,1,187,186,94
47,r_8_141_79,r_76_84_122,r_146_161_19,r_8_141_79,1.0,2,81,79,94
40,r_85_26_87,r_117_32_145,seq57,r_85_26_87,1.0,0,87,87,94
18,r_12_144_109,r_101_80_114,seq38,r_12_144_109,0.97,0,109,109,94
29,r_153_166_170,r_99_44_33,r_148_169_61,r_153_166_170,0.6,0,170,170,94
24,r_139_75_174,seq11,r_105_151_15,r_139_75_174,0.4,2,176,174,94
0,r_105_151_15,r_31_63_163,r_147_13_190,r_105_151_15,0.79,0,15,15,94
25,r_162_34_131,seq110,seq59,r_162_34_131,0.91,1,132,131,94
64,r_48_62_108,seq159,seq82,r_48_62_108,0.88,1,109,108,94
88,seq59,r_143_60_199,r_162_34_131,r_162_34_131,0.88,-1,130,131,94
53,r_96_55_21,r_162_34_131,seq81,r_96_55_21,1.0,0,21,21,94
44,r_136_95_43,r_101_80_114,r_19_150_184,r_136_95_43,0.72,2,45,43,94
65,r_30_54_86,seq102,r_113_56_8,r_30_54_86,0.86,0,86,86,94
67,r_112_15_38,r_162_34_131,seq119,r_112_15_38,1.0,0,38,38,94
38,r_126_5_100,seq110,r_105_151_15,r_126_5_100,1.0,-1,99,100,94
52,r_25_90_167,r_78_127_71,seq29,r_25_90_167,0.57,0,167,167,94
28,r_31_63_163,seq97,r_167_111_59,r_167_111_59,1.0,0,59,59,94
68,r_103_140_34,r_74_157_177,r_23_165_73,r_23_165_73,0.98,104,177,73,94
60,r_50_70_154,seq119,r_148_169_61,r_50_70_154,0.71,0,154,154,94
45,r_74_157_177,r_103_140_34,r_131_98_164,r_74_157_177,0.68,0,177,177,94
81,seq160,r_93_64_118,r_104_6_74,r_104_6_74,0.68,44,118,74,94
75,seq17,r_167_111_59,r_96_55_21,r_167_111_59,0.91,-8,51,59,94
45,r_74_157_177,r_31_63_163,r_103_140_34,r_103_140_34,0.96,-1,33,34,94
54,r_167_111_59,seq17,r_31_63_163,r_167_111_59,1.0,0,59,59,94
48,r_158_39_18,r_31_63_163,r_113_56_8,r_158_39_18,0.92,-2,16,18,94
9,r_93_64_118,seq160,r_132_130_9,r_93_64_118,0.61,0,118,118,94
11,r_14_142_25,r_107_21_31,r_143_60_199,r_14_142_25,0.96,-1,24,25,94
28,r_31_63_163,r_167_111_59,r_148_169_61,r_31_63_163,0.97,0,163,163,94
22,r_76_84_122,r_120_106_144,r_154_115_197,r_76_84_122,1.0,1,123,122,94
98,seq119,r_50_70_154,r_112_15_38,r_112_15_38,0.95,1,39,38,94
91,seq81,r_163_134_189,r_117_32_145,r_117_32_145,0.98,44,189,145,94
49,r_78_127_71,r_25_90_167,r_104_6_74,r_104_6_74,1.0,93,167,74,94
68,r_103_140_34,r_93_64_118,r_74_157_177,r_103_140_34,0.97,-1,33,34,94
19,r_100_123_48,r_94_118_85,seq42,r_100_123_48,0.96,-1,47,48,94
12,r_104_6_74,r_23_165_73,seq36,r_104_6_74,0.85,2,76,74,94
23,r_146_161_19,r_117_32_145,r_8_141_79,r_146_161_19,0.62,126,145,19,94
30,r_10_76_172,seq54,seq34,r_10_76_172,0.58,2,174,172,95
9,r_158_15_42,r_67_27_87,r_126_75_50,r_158_15_42,1.0,1,43,42,95
36,r_80_112_9,r_143_42_143,r_146_153_93,r_80_112_9,0.88,95,104,9,95
13,r_62_157_86,r_33_60_70,r_43_91_59,r_62_157_86,0.43,51,137,86,95
14,r_120_164_91,r_121_0_178,r_38_107_1,r_120_164_91,0.99,0,91,91,95
8,r_124_92_196,r_97_151_95,seq162,r_97_151_95,1.0,1,96,95,95
53,r_2_16_197,r_156_142_123,seq113,r_156_142_123,1.0,0,123,123,95
54,r_69_93_73,seq104,r_6_46_142,r_69_93_73,0.87,0,73,73,95
83,seq45,r_65_139_171,r_97_151_95,r_97_151_95,1.0,76,171,95,95
54,r_69_93_73,r_6_46_142,r_90_133_157,r_69_93_73,0.79,84,157,73,95
71,seq130,seq104,r_106_56_40,r_106_56_40,1.0,0,40,40,95
76,seq149,r_22_31_47,r_66_24_55,r_22_31_47,1.0,-6,41,47,95
37,r_108_163_51,r_6_46_142,r_22_31_47,r_108_163_51,1.0,-1,50,51,95
55,r_121_0_178,r_5_136_10,r_85_103_24,r_121_0_178,0.32,1,179,178,95
16,r_83_53_103,r_10_76_172,r_58_59_104,r_83_53_103,0.93,1,104,103,95
21,r_6_46_142,r_146_153_93,r_69_93_73,r_6_46_142,0.48,-63,79,142,95
39,r_88_128_179,r_66_24_55,r_148_98_150,r_88_128_179,0.43,0,179,179,95
46,r_146_153_93,r_6_46_142,r_80_112_9,r_80_112_9,0.54,90,99,9,95
69,r_30_152_184,seq84,r_20_96_14,r_20_96_14,0.73,172,186,14,95
45,r_169_41_159,r_127_115_99,r_30_152_184,r_127_115_99,1.0,-26,73,99,95
19,r_33_60_70,r_65_139_171,r_43_91_59,r_65_139_171,1.0,-100,71,171,95
95,seq113,r_55_86_173,r_13_105_66,r_13_105_66,1.0,107,173,66,95
66,r_156_142_123,r_2_16_197,r_94_168_191,r_156_142_123,0.94,0,123,123,95
26,r_116_87_23,r_126_75_50,r_18_29_20,r_116_87_23,0.79,0,23,23,95
41,r_39_165_167,r_67_27_87,r_66_24_55,r_67_27_87,1.0,-26,61,87,95
3,r_137_49_166,seq52,seq34,r_137_49_166,0.55,0,166,166,95
10,r_148_98_150,r_141_77_79,seq144,r_141_77_79,0.91,-11,68,79,95
32,r_106_56_40,r_67_27_87,seq130,r_106_56_40,0.9,0,40,40,95
4,r_67_27_87,r_39_165_167,r_119_36_43,r_67_27_87,1.0,0,87,87,95
0,r_127_115_99,r_169_41_159,r_85_103_24,r_127_115_99,0.9,1,100,99,95
11,r_167_161_90,r_18_29_20,r_20_96_14,r_167_161_90,0.81,1,91,90,95
23,r_160_132_58,seq117,r_158_15_42,r_160_132_58,1.0,-1,57,58,95
13,r_62_157_86,r_127_115_99,r_33_60_70,r_33_60_70,0.99,16,86,70,95
98,seq122,r_89_145_182,r_169_41_159,r_169_41_159,0.71,26,185,159,95
15,r_100_118_83,r_20_96_14,r_158_15_42,r_100_118_83,0.9,0,83,83,95
48,r_166_147_97,seq17,r_108_163_51,r_108_163_51,1.0,45,96,51,95
20,r_143_42_143,r_80_112_9,r_14_159_72,r_14_159_72,0.65,-20,52,72,95
57,r_58_59_104,r_30_152_184,r_14_159_72,r_58_59_104,0.77,1,105,104,95
6,r_20_96_14,r_13_105_66,r_71_63_22,r_13_105_66,0.99,1,67,66,95
62,r_55_86_173,seq113,r_61_25_164,r_55_86_173,0.63,0,173,173,95
21,r_6_46_142,r_69_93_73,r_83_53_103,r_6_46_142,0.92,4,146,142,95
5,r_85_103_24,seq104,r_70_79_110,r_70_79_110,1.0,2,112,110,95
10,r_148_98_150,seq144,r_83_53_103,r_148_98_150,0.77,3,153,150,95
59,r_22_31_47,seq149,r_108_163_51,r_22_31_47,1.0,0,47,47,95
2,r_23_135_129,r_81_99_160,seq34,r_81_99_160,0.73,-30,130,160,95
41,r_39_165_167,r_66_24_55,r_143_42_143,r_39_165_167,0.95,0,167,167,95
47,r_65_139_171,seq45,r_69_93_73,r_65_139_171,0.75,0,171,171,95
18,r_13_105_66,r_20_96_14,r_102_155_6,r_13_105_66,1.0,0,66,66,95
24,r_97_151_95,r_124_92_196,seq45,r_97_151_95,1.0,1,96,95,95
43,r_3_12_163,r_43_91_59,r_66_24_55,r_3_12_163,0.86,0,163,163,95
33,r_73_50_124,seq162,seq144,r_73_50_124,0.76,2,126,124,95
64,r_4_57_85,r_88_128_179,seq129,r_4_57_85,0.97,0,85,85,95
5,r_85_103_24,r_13_105_66,seq104,r_13_105_66,0.98,-43,23,66,95
31,r_126_75_50,r_127_115_99,r_158_15_42,r_158_15_42,1.0,4,46,42,95
50,r_37_95_149,seq82,r_66_24_55,r_37_95_149,0.99,0,149,149,95
58,r_81_99_160,r_89_145_182,r_4_57_85,r_81_99_160,0.8,0,160,160,95
9,r_158_15_42,r_126_75_50,r_100_118_83,r_100_118_83,1.0,8,91,83,95
1,r_72_110_38,r_127_115_99,seq140,r_72_110_38,0.98,-1,37,38,95
65,r_138_32_107,seq101,r_18_29_20,r_138_32_107,1.0,0,107,107,95
20,r_143_42_143,r_14_159_72,r_108_163_51,r_143_42_143,0.94,0,143,143,95
42,r_43_91_59,r_3_12_163,r_62_157_86,r_43_91_59,0.98,104,163,59,95
38,r_61_25_164,r_89_145_182,r_3_12_163,r_61_25_164,0.64,0,164,164,95
97,seq117,r_160_132_58,seq113,r_160_132_58,1.0,-9,49,58,95
52,r_38_107_1,r_67_27_87,r_66_24_55,r_67_27_87,1.0,-27,60,87,95
43,r_3_12_163,seq130,r_43_91_59,r_43_91_59,1.0,0,59,59,95
45,r_169_41_159,r_30_152_184,r_69_93_73,r_169_41_159,0.69,0,159,159,95
17,r_94_168_191,r_131_64_192,r_156_142_123,r_156_142_123,1.0,6,129,123,95
25,r_14_159_72,r_143_42_143,r_83_53_103,r_14_159_72,0.93,71,143,72,95
22,r_5_136_10,r_121_0_178,r_78_28_162,r_78_28_162,0.58,0,162,162,95
25,r_14_159_72,seq35,r_143_42_143,r_14_159_72,0.64,-20,52,72,95
28,r_125_21_168,r_78_28_162,r_81_99_160,r_78_28_162,1.0,7,169,162,95
91,seq84,r_30_152_184,r_143_42_143,r_143_42_143,0.8,43,186,143,95
49,r_141_77_79,r_148_98_150,r_18_29_20,r_141_77_79,0.73,-1,78,79,95
56,r_70_79_110,r_55_86_173,r_85_103_24,r_70_79_110,0.99,0,110,110,95
7,r_78_28_162,r_125_21_168,r_5_136_10,r_78_28_162,0.69,4,166,162,95
44,r_18_29_20,r_167_161_90,r_141_77_79,r_167_161_90,0.92,1,91,90,95
6,r_20_96_14,r_71_63_22,r_167_161_90,r_167_161_90,1.0,4,94,90,95
42,r_43_91_59,seq82,r_3_12_163,r_43_91_59,1.0,0,59,59,95
29,r_119_36_43,r_143_42_143,seq122,r_119_36_43,0.92,-6,37,43,95
35,r_89_145_182,seq122,r_23_135_129,r_23_135_129,1.0,56,185,129,95
12,r_66_24_55,r_4_57_85,r_38_107_1,r_4_57_85,1.0,-1,84,85,95
27,r_9_48_11,r_167_161_90,seq101,r_9_48_11,1.0,0,11,11,95
93,seq61,seq155,r_110_35_103,r_110_35_103,0.98,25,128,103,96
40,r_65_117_2,seq50,r_145_27_104,r_145_27_104,0.99,11,115,104,96
30,r_157_71_93,r_39_147_120,r_149_5_44,r_149_5_44,0.55,49,93,44,96
51,r_162_129_171,seq75,seq66,r_162_129_171,0.61,0,171,171,96
65,r_154_34_52,r_96_116_115,seq11,r_154_34_52,1.0,0,52,52,96
14,r_32_93_71,seq136,seq160,r_32_93_71,1.0,0,71,71,96
8,r_1_15_184,r_45_94_89,r_91_137_67,r_1_15_184,0.91,-99,85,184,96
53,r_140_60_108,seq136,r_23_25_96,r_140_60_108,0.68,0,108,108,96
49,r_6_42_73,r_24_112_169,r_39_147_120,r_6_42_73,0.76,47,120,73,96
83,seq160,r_86_68_198,r_32_93_71,r_32_93_71,1.0,26,97,71,96
60,r_169_88_49,r_162_129_171,seq130,r_169_88_49,1.0,0,49,49,96
37,r_55_102_110,seq134,seq56,r_55_102_110,0.47,0,110,110,96
59,r_45_94_89,r_1_15_184,seq53,r_45_94_89,0.99,1,90,89,96
21,r_16_82_147,seq87,r_62_2_17,r_16_82_147,0.68,0,147,147,96
39,r_46_49_176,r_19_97_164,r_1_15_184,r_46_49_176,0.7,-11,165,176,96
1,r_153_113_80,seq151,r_109_92_27,r_153_113_80,0.66,1,81,80,96
5,r_96_116_115,r_142_54_157,r_98_47_118,r_96_116_115,0.61,0,115,115,96
46,r_110_35_103,seq138,seq61,r_110_35_103,0.84,-1,102,103,96
42,r_164_146_113,seq11,r_107_168_60,r_164_146_113,1.0,1,114,113,96
56,r_20_17_186,r_162_129_171,r_159_57_54,r_159_57_54,1.0,0,54,54,96
35,r_109_92_27,r_143_158_91,seq38,r_109_92_27,0.65,0,27,27,96
7,r_62_2_17,r_142_54_157,r_16_82_147,r_16_82_147,0.57,15,162,147,96
69,r_39_147_120,r_157_71_93,r_109_92_27,r_39_147_120,0.94,-56,64,120,96
45,r_28_43_131,r_70_108_159,r_45_94_89,r_28_43_131,0.84,0,131,131,96
32,r_24_112_169,r_131_123_38,r_62_2_17,r_24_112_169,0.65,-136,33,169,96
32,r_24_112_169,r_114_166_72,r_28_43_131,r_24_112_169,0.61,0,169,169,96
52,r_144_4_15,r_23_25_96,r_128_63_21,r_144_4_15,0.69,0,15,15,96
32,r_24_112_169,r_62_2_17,r_114_166_72,r_114_166_72,0.65,10,82,72,96
41,r_44_79_142,r_7_77_92,seq138,r_7_77_92,1.0,-7,85,92,96
3,r_89_76_90,r_165_119_99,r_69_95_7,r_69_95_7,1.0,83,90,7,96
89,seq50,r_106_64_145,r_22_40_20,r_22_40_20,0.58,-1,19,20,96
8,r_1_15_184,r_91_137_67,r_18_120_121,r_18_120_121,1.0,66,187,121,96
4,r_124_80_109,r_86_68_198,r_101_36_46,r_124_80_109,0.65,-2,107,109,96
0,r_143_158_91,seq78,r_22_40_20,r_143_158_91,1.0,0,91,91,96
54,r_73_148_22,r_84_48_148,seq134,r_73_148_22,0.81,-1,21,22,96
20,r_91_137_67,seq161,r_90_67_37,r_91_137_67,1.0,0,67,67,96
98,seq87,r_16_82_147,seq161,r_16_82_147,1.0,0,147,147,96
64,r_159_57_54,r_7_77_92,r_20_17_186,r_159_57_54,1.0,-1,53,54,96
15,r_165_119_99,r_126_122_98,r_89_76_90,r_126_122_98,1.0,-1,97,98,96
38,r_149_5_44,r_62_2_17,r_157_71_93,r_157_71_93,1.0,1,94,93,96
6,r_145_27_104,r_142_54_157,r_65_117_2,r_145_27_104,0.88,0,104,104,96
62,r_85_58_165,seq0,r_10_99_47,r_10_99_47,0.99,121,168,47,96
74,seq136,r_74_121_58,r_70_108_159,r_70_108_159,0.98,4,163,159,96
26,r_74_121_58,seq26,seq125,r_74_121_58,1.0,1,59,58,96
43,r_101_36_46,r_96_116_115,seq167,r_101_36_46,0.93,1,47,46,96
27,r_12_33_85,seq130,seq37,r_12_33_85,0.99,0,85,85,96
44,r_118_141_31,r_162_129_171,seq160,r_118_141_31,0.81,1,32,31,96
88,seq41,r_139_21_144,r_152_163_63,r_139_21_144,0.97,-89,55,144,96
7,r_62_2_17,r_6_42_73,r_142_54_157,r_62_2_17,0.63,2,19,17,96
69,r_39_147_120,r_109_92_27,r_6_42_73,r_39_147_120,1.0,1,121,120,96
2,r_19_97_164,r_46_49_176,r_107_168_60,r_19_97_164,0.66,1,165,164,96
47,r_139_21_144,r_69_95_7,seq161,r_139_21_144,0.87,0,144,144,96
34,r_142_54_157,r_96_116_115,r_62_2_17,r_142_54_157,0.96,-138,19,157,96
38,r_149_5_44,r_143_158_91,r_62_2_17,r_143_158_91,0.96,-48,43,91,96
18,r_18_120_121,r_84_48_148,r_109_92_27,r_18_120_121,0.88,0,121,121,96
41,r_44_79_142,seq138,r_96_116_115,r_44_79_142,0.99,0,142,142,96
61,r_114_166_72,r_24_112_169,r_23_25_96,r_114_166_72,0.83,90,162,72,96
24,r_104_14_70,seq29,r_144_4_15,r_144_4_15,0.95,75,90,15,96
16,r_90_67_37,r_7_77_92,r_1_15_184,r_90_67_37,0.84,0,37,37,96
34,r_142_54_157,r_62_2_17,r_74_121_58,r_74_121_58,0.78,104,162,58,96
25,r_69_95_7,r_139_21_144,r_89_76_90,r_69_95_7,0.96,83,90,7,96
33,r_8_135_175,seq130,r_90_67_37,r_90_67_37,0.71,138,175,37,96
50,r_70_108_159,r_28_43_131,r_12_33_85,r_12_33_85,0.92,46,131,85,96
68,r_98_47_118,seq138,seq56,r_98_47_118,0.84,0,118,118,96
61,r_114_166_72,seq41,r_24_112_169,r_114_166_72,0.88,0,72,72,96
48,r_22_40_20,r_89_76_90,seq50,r_22_40_20,0.92,-1,19,20,96
67,r_131_123_38,r_24_112_169,seq138,r_131_123_38,0.89,1,39,38,96
16,r_90_67_37,r_1_15_184,r_91_137_67,r_91_137_67,0.99,26,93,67,96
58,r_111_3_25,r_124_80_109,seq133,r_111_3_25,0.94,0,25,25,96
13,r_59_103_32,r_7_77_92,r_86_68_198,r_59_103_32,0.98,0,32,32,96
9,r_100_132_75,r_85_58_165,r_149_5_44,r_100_132_75,0.96,-1,74,75,96
96,seq75,r_162_129_171,r_126_122_98,r_126_122_98,0.85,73,171,98,96
22,r_7_77_92,r_44_79_142,r_91_137_67,r_91_137_67,0.54,26,93,67,96
50,r_70_108_159,r_12_33_85,seq136,r_70_108_159,0.98,1,160,159,96
55,r_152_163_63,seq61,seq41,r_152_163_63,0.63,-8,55,63,96
28,r_126_122_98,r_165_119_99,r_20_17_186,r_126_122_98,1.0,0,98,98,96
91,seq53,r_84_48_148,r_45_94_89,r_45_94_89,1.0,26,115,89,96
49,r_6_42_73,seq151,r_24_112_169,r_6_42_73,0.74,4,77,73,96
19,r_10_99_47,seq53,r_30_52_16,r_10_99_47,1.0,0,47,47,96
79,seq26,seq53,r_169_88_49,r_169_88_49,1.0,72,121,49,96
12,r_106_64_145,seq50,r_104_14_70,r_106_64_145,0.65,0,145,145,96
36,r_20_168_165,r_147_117_194,seq113,r_20_168_165,0.86,-1,164,165,97
9,r_87_22_186,r_15_163_14,seq162,r_87_22_186,0.34,2,188,186,97
92,seq90,r_99_83_193,r_84_41_53,r_84_41_53,1.0,123,176,53,97
14,r_93_29_17,seq35,seq50,r_93_29_17,0.35,43,60,17,97
8,r_80_31_180,r_116_18_198,r_46_119_119,r_80_31_180,0.5,0,180,180,97
53,r_24_155_63,r_46_119_119,r_3_102_16,r_24_155_63,1.0,0,63,63,97
58,r_21_124_15,r_71_94_106,r_82_114_105,r_82_114_105,0.75,2,107,105,97
6,r_9_75_147,r_68_23_126,r_3_102_16,r_3_102_16,0.68,2,18,16,97
83,seq167,seq143,r_73_159_71,r_73_159_71,1.0,12,83,71,97
37,r_147_117_194,r_20_168_165,r_150_79_46,r_147_117_194,0.55,-30,164,194,97
3,r_126_97_158,r_25_47_30,r_73_159_71,r_126_97_158,0.99,0,158,158,97
54,r_127_61_142,r_49_45_25,r_89_78_81,r_127_61_142,0.73,0,142,142,97
43,r_25_47_30,r_150_79_46,r_36_140_24,r_25_47_30,0.92,0,30,30,97
9,r_87_22_186,r_98_103_178,r_15_163_14,r_15_163_14,0.97,0,14,14,97
86,seq63,r_64_139_140,r_84_41_53,r_84_41_53,0.59,21,74,53,97
16,r_118_104_168,r_133_138_2,r_62_112_150,r_62_112_150,0.75,21,171,150,97
1,r_152_111_182,seq158,r_122_13_82,r_122_13_82,0.61,100,182,82,97
97,seq106,seq151,r_136_77_136,r_136_77_136,0.96,6,142,136,97
28,r_37_108_36,r_89_78_81,r_54_19_195,r_37_108_36,1.0,0,36,36,97
69,r_132_44_102,seq161,r_37_108_36,r_37_108_36,0.85,78,114,36,97
45,r_8_130_68,r_20_168_165,seq5,r_8_130_68,1.0,0,68,68,97
19,r_125_165_69,r_110_34_122,r_56_141_72,r_110_34_122,0.57,-52,70,122,97
46,r_70_164_56,r_126_97_158,seq90,r_126_97_158,0.55,-2,156,158,97
27,r_3_102_16,r_68_23_126,r_24_155_63,r_3_102_16,0.96,97,113,16,97
66,r_62_112_150,seq91,r_82_114_105,r_62_112_150,0.91,0,150,150,97
82,seq38,r_105_66_51,r_58_142_141,r_105_66_51,1.0,0,51,51,97
35,r_120_101_164,r_68_23_126,r_25_47_30,r_120_101_164,1.0,0,164,164,97
39,r_71_94_106,r_21_124_15,r_88_17_59,r_88_17_59,1.0,48,107,59,97
31,r_131_129_80,r_126_97_158,r_105_66_51,r_131_129_80,0.7,0,80,80,97
67,r_53_86_111,r_147_117_194,r_150_79_46,r_150_79_46,1.0,108,154,46,97
27,r_3_102_16,r_126_97_158,r_68_23_126,r_3_102_16,0.96,1,17,16,97
3,r_126_97_158,r_131_129_80,r_25_47_30,r_131_129_80,0.98,-6,74,80,97
42,r_49_45_25,seq162,r_127_61_142,r_49_45_25,0.68,0,25,25,97
10,r_89_78_81,r_30_74_155,r_43_52_189,r_89_78_81,0.99,0,81,81,97
5,r_56_141_72,r_7_107_32,r_154_0_103,r_7_107_32,0.82,-2,30,32,97
4,r_64_139_140,r_109_85_145,r_135_12_94,r_64_139_140,0.91,1,141,140,97
26,r_15_163_14,seq153,r_87_22_186,r_15_163_14,0.94,0,14,14,97
78,seq158,r_152_111_182,r_120_101_164,r_120_101_164,0.66,18,182,164,97
63,r_136_77_136,seq48,seq106,r_136_77_136,0.94,1,137,136,97
11,r_156_149_125,r_120_101_164,seq76,r_156_149_125,0.99,0,125,125,97
20,r_42_60_132,seq69,r_68_23_126,r_42_60_132,0.99,0,132,132,97
13,r_72_137_196,r_156_149_125,r_88_17_59,r_72_137_196,0.64,-85,111,196,97
46,r_70_164_56,r_99_83_193,r_126_97_158,r_70_164_56,0.72,72,128,56,97
15,r_82_114_105,seq161,r_21_124_15,r_82_114_105,0.92,5,110,105,97
2,r_54_19_195,r_110_34_122,r_37_108_36,r_54_19_195,0.92,-155,40,195,97
49,r_73_159_71,seq167,r_126_97_158,r_126_97_158,1.0,5,163,158,97
62,r_98_103_178,r_87_22_186,r_27_95_9,r_87_22_186,0.51,-7,179,186,97
52,r_43_52_189,r_89_78_81,r_169_67_116,r_89_78_81,0.71,108,189,81,97
17,r_88_17_59,r_42_60_132,r_57_40_54,r_88_17_59,0.99,0,59,59,97
10,r_89_78_81,r_43_52_189,r_127_61_142,r_127_61_142,1.0,46,188,142,97
25,r_28_115_40,seq143,seq166,r_28_115_40,0.94,-2,38,40,97
23,r_150_79_46,r_152_111_182,seq69,r_150_79_46,0.99,0,46,46,97
51,r_68_23_126,r_3_102_16,r_120_101_164,r_68_23_126,0.95,0,126,126,97
22,r_2_6_128,r_99_83_193,r_56_141_72,r_2_6_128,0.94,0,128,128,97
41,r_154_0_103,seq121,r_3_102_16,r_154_0_103,1.0,0,103,103,97
47,r_169_67_116,seq81,seq69,r_169_67_116,0.68,3,119,116,97
40,r_135_12_94,seq35,r_16_55_133,r_135_12_94,0.99,0,94,94,97
24,r_123_59_124,seq158,r_21_124_15,r_123_59_124,0.82,0,124,124,97
54,r_127_61_142,r_88_17_59,r_49_45_25,r_127_61_142,0.99,-111,31,142,97
33,r_110_34_122,seq166,r_3_102_16,r_110_34_122,0.97,0,122,122,97
48,r_57_40_54,r_156_149_125,r_88_17_59,r_156_149_125,1.0,0,125,125,97
64,r_116_18_198,r_80_31_180,r_109_85_145,r_109_85_145,0.62,34,179,145,97
46,r_70_164_56,r_54_19_195,r_99_83_193,r_70_164_56,0.95,1,57,56,97
82,seq38,r_58_142_141,seq113,r_58_142_141,0.95,0,141,141,97
70,seq4,r_10_32_148,r_134_39_95,r_134_39_95,1.0,66,161,95,97
6,r_9_75_147,r_3_102_16,r_16_55_133,r_9_75_147,0.82,0,147,147,97
65,r_92_1_86,r_30_74_155,seq50,r_92_1_86,0.93,0,86,86,97
68,r_7_107_32,r_93_29_17,seq166,r_7_107_32,0.83,3,35,32,97
42,r_49_45_25,r_127_61_142,r_46_119_119,r_49_45_25,0.97,103,128,25,97
61,r_134_39_95,seq91,seq4,r_134_39_95,1.0,0,95,95,97
32,r_109_85_145,seq63,r_116_18_198,r_109_85_145,0.94,0,145,145,97
5,r_56_141_72,r_154_0_103,r_125_165_69,r_56_141_72,0.79,0,72,72,97
38,r_58_142_141,seq38,seq69,r_58_142_141,0.95,0,141,141,97
52,r_43_52_189,seq33,r_89_78_81,r_89_78_81,1.0,16,97,81,97
22,r_2_6_128,r_21_124_15,r_99_83_193,r_2_6_128,0.72,-114,14,128,97
34,r_148_128_60,r_99_83_193,r_16_55_133,r_148_128_60,1.0,0,60,60,97
50,r_157_160_41,r_169_67_116,seq48,r_157_160_41,0.95,3,44,41,97
81,seq35,r_135_12_94,seq121,r_135_12_94,0.98,0,94,94,97
39,r_71_94_106,r_93_29_17,r_21_124_15,r_21_124_15,0.98,0,15,15,97
51,r_68_23_126,r_9_75_147,r_3_102_16,r_3_102_16,0.99,2,18,16,97
48,r_57_40_54,r_73_159_71,r_156_149_125,r_57_40_54,1.0,0,54,54,97
26,r_15_163_14,r_87_22_186,r_56_141_72,r_56_141_72,1.0,116,188,72,97
49,r_73_159_71,r_16_55_133,seq167,r_73_159_71,1.0,0,71,71,97
0,r_84_41_53,r_82_114_105,seq63,r_84_41_53,1.0,0,53,53,97
56,r_133_138_2,r_118_104_168,seq65,r_133_138_2,0.47,169,171,2,97
7,r_122_13_82,seq166,seq50,r_122_13_82,0.98,2,84,82,97
44,r_16_55_133,r_73_159_71,seq76,r_73_159_71,1.0,0,71,71,97
57,r_105_66_51,seq38,seq144,r_105_66_51,1.0,0,51,51,97
58,r_21_124_15,r_2_6_128,r_71_94_106,r_21_124_15,0.98,0,15,15,97
79,seq33,r_43_52_189,r_89_78_81,r_89_78_81,1.0,107,188,81,97
55,r_36_140_24,r_84_41_53,r_25_47_30,r_36_140_24,0.98,0,24,24,97
35,r_120_101_164,r_156_149_125,r_68_23_126,r_120_101_164,0.93,-37,127,164,97
12,r_30_74_155,r_89_78_81,r_16_55_133,r_89_78_81,0.96,3,84,81,97
12,r_30_74_155,r_16_55_133,r_134_39_95,r_134_39_95,0.51,60,155,95,97
51,r_68_23_126,r_120_101_164,r_42_60_132,r_120_101_164,0.77,0,164,164,97
93,seq91,r_25_1_82,r_125_149_76,r_25_1_82,0.95,-7,75,82,98
50,r_62_34_66,seq44,r_83_129_106,r_83_129_106,0.99,16,122,106,98
51,r_60_50_39,r_36_121_150,r_51_167_130,r_60_50_39,0.96,111,150,39,98
36,r_100_39_43,r_150_64_89,seq5,r_150_64_89,0.83,0,89,89,98
92,seq85,seq128,r_22_146_136,r_22_146_136,0.95,11,147,136,98
8,r_114_107_165,seq14,r_117_86_87,r_114_107_165,0.73,1,166,165,98
37,r_27_138_175,seq134,seq137,r_27_138_175,0.33,0,175,175,98
59,r_147_45_105,seq5,r_95_37_80,r_147_45_105,0.99,0,105,105,98
55,r_99_139_171,seq65,seq13,r_99_139_171,0.48,3,174,171,98
86,seq44,r_77_76_107,r_62_34_66,r_62_34_66,0.99,1,67,66,98
16,r_135_94_65,r_56_15_96,r_105_73_56,r_135_94_65,0.82,0,65,65,98
21,r_125_149_76,r_151_24_159,seq91,r_151_24_159,0.52,-83,76,159,98
39,r_66_113_94,seq115,seq144,r_66_113_94,0.99,0,94,94,98
5,r_126_67_78,r_99_139_171,r_61_18_19,r_126_67_78,1.0,1,79,78,98
46,r_116_80_67,r_30_119_68,seq154,r_30_119_68,0.92,-1,67,68,98
42,r_77_76_107,seq44,r_84_101_190,r_77_76_107,0.99,0,107,107,98
69,r_51_167_130,r_163_157_142,r_60_50_39,r_51_167_130,0.83,-4,126,130,98
41,r_70_106_28,seq133,r_168_35_152,r_70_106_28,1.0,-1,27,28,98
19,r_79_4_116,seq12,r_31_165_178,r_79_4_116,0.89,1,117,116,98
77,seq144,r_104_28_71,r_11_59_122,r_11_59_122,1.0,26,148,122,98
66,r_16_130_147,seq68,r_169_29_5,r_16_130_147,0.89,0,147,147,98
76,seq14,r_10_58_155,r_108_164_121,r_108_164_121,0.91,35,156,121,98
67,r_123_131_102,r_92_40_197,r_77_76_107,r_123_131_102,0.6,3,105,102,98
63,r_168_35_152,r_26_69_32,r_70_106_28,r_168_35_152,1.0,-125,27,152,98
89,seq72,r_75_8_177,r_25_1_82,r_25_1_82,1.0,96,178,82,98
3,r_96_161_85,r_36_121_150,seq153,r_96_161_85,1.0,0,85,85,98
10,r_143_9_64,r_6_47_74,seq154,r_143_9_64,0.99,0,64,64,98
72,seq134,r_27_138_175,r_70_106_28,r_70_106_28,0.93,147,175,28,98
4,r_36_121_150,r_60_50_39,r_90_2_49,r_36_121_150,0.73,0,150,150,98
78,seq148,r_56_15_96,r_124_20_22,r_124_20_22,1.0,51,73,22,98
11,r_108_164_121,seq109,seq14,r_108_164_121,0.99,0,121,121,98
13,r_117_86_87,r_84_101_190,r_135_94_65,r_84_101_190,0.79,-99,91,190,98
15,r_63_74_115,seq115,seq133,r_63_74_115,0.95,1,116,115,98
32,r_84_101_190,r_77_76_107,seq134,r_84_101_190,0.75,0,190,190,98
57,r_104_28_71,r_114_107_165,seq144,r_104_28_71,0.61,0,71,71,98
18,r_105_73_56,r_7_21_114,seq109,r_105_73_56,0.99,2,58,56,98
6,r_136_103_160,r_99_139_171,r_87_17_7,r_87_17_7,0.55,153,160,7,98
85,seq162,r_55_52_144,r_43_166_58,r_43_166_58,1.0,90,148,58,98
43,r_6_47_74,r_143_9_64,r_0_48_1,r_6_47_74,0.56,-27,47,74,98
0,r_7_21_114,r_61_18_19,seq44,r_7_21_114,0.99,0,114,114,98
52,r_43_166_58,r_30_119_68,seq162,r_43_166_58,0.97,0,58,58,98
0,r_7_21_114,r_105_73_56,r_61_18_19,r_61_18_19,0.51,-1,18,19,98
27,r_112_132_195,r_31_165_178,r_10_58_155,r_31_165_178,0.64,-15,163,178,98
53,r_89_102_53,r_152_122_120,r_3_120_98,r_89_102_53,1.0,62,115,53,98
33,r_150_64_89,r_100_39_43,r_90_2_49,r_150_64_89,1.0,0,89,89,98
86,seq44,r_62_34_66,r_7_21_114,r_7_21_114,1.0,8,122,114,98
2,r_22_146_136,seq13,seq85,r_22_146_136,0.99,0,136,136,98
41,r_70_106_28,r_168_35_152,seq134,r_168_35_152,0.59,-14,138,152,98
40,r_10_58_155,seq14,r_163_157_142,r_163_157_142,0.63,14,156,142,98
29,r_118_159_69,r_75_8_177,r_123_131_102,r_118_159_69,0.98,2,71,69,98
53,r_89_102_53,r_125_149_76,r_152_122_120,r_89_102_53,0.99,0,53,53,98
24,r_30_119_68,seq144,r_169_29_5,r_30_119_68,1.0,0,68,68,98
34,r_31_165_178,r_23_33_61,r_90_2_49,r_31_165_178,0.95,0,178,178,98
64,r_23_33_61,r_168_35_152,r_151_24_159,r_23_33_61,1.0,1,62,61,98
98,seq111,r_22_146_136,r_145_53_31,r_145_53_31,0.81,-2,29,31,98
54,r_124_20_22,r_30_119_68,seq148,r_124_20_22,0.99,0,22,22,98
50,r_62_34_66,seq128,seq44,r_62_34_66,1.0,0,66,66,98
58,r_95_37_80,seq160,r_25_1_82,r_95_37_80,1.0,1,81,80,98
65,r_49_19_184,seq155,r_118_159_69,r_118_159_69,1.0,120,189,69,98
19,r_79_4_116,r_31_165_178,r_10_58_155,r_79_4_116,0.86,51,167,116,98
42,r_77_76_107,r_84_101_190,r_151_24_159,r_151_24_159,0.98,31,190,159,98
32,r_84_101_190,r_82_32_137,r_77_76_107,r_84_101_190,0.73,-53,137,190,98
43,r_6_47_74,r_0_48_1,seq111,r_6_47_74,0.99,1,75,74,98
38,r_152_122_120,r_55_52_144,r_127_38_6,r_152_122_120,0.55,0,120,120,98
77,seq144,r_30_119_68,r_104_28_71,r_30_119_68,0.67,1,69,68,98
34,r_31_165_178,r_83_129_106,r_23_33_61,r_31_165_178,1.0,-75,103,178,98
29,r_118_159_69,r_123_131_102,seq5,r_123_131_102,1.0,2,104,102,98
64,r_23_33_61,r_151_24_159,r_82_32_137,r_23_33_61,0.99,78,139,61,98
60,r_25_1_82,seq91,r_95_37_80,r_25_1_82,1.0,0,82,82,98
17,r_151_24_159,r_125_149_76,r_31_165_178,r_125_149_76,0.99,0,76,76,98
9,r_55_52_144,seq162,r_30_119_68,r_30_119_68,0.92,80,148,68,98
63,r_168_35_152,r_70_106_28,r_90_2_49,r_168_35_152,0.9,1,153,152,98
96,seq109,r_92_40_197,r_117_86_87,r_117_86_87,1.0,0,87,87,98
33,r_150_64_89,seq133,r_100_39_43,r_100_39_43,0.84,9,52,43,98
28,r_90_2_49,r_92_40_197,r_26_69_32,r_90_2_49,1.0,0,49,49,98
31,r_61_18_19,r_7_21_114,r_126_67_78,r_61_18_19,0.94,95,114,19,98
56,r_145_53_31,r_79_4_116,seq111,r_145_53_31,0.99,-2,29,31,98
22,r_3_120_98,r_16_130_147,r_89_102_53,r_3_120_98,1.0,0,98,98,98
62,r_41_42_125,r_75_8_177,seq85,r_41_42_125,0.4,-71,54,125,98
62,r_41_42_125,seq85,r_87_17_7,r_41_42_125,0.95,2,127,125,98
36,r_100_39_43,r_22_146_136,r_150_64_89,r_100_39_43,0.96,0,43,43,98
7,r_82_32_137,r_84_101_190,r_23_33_61,r_84_101_190,0.97,-53,137,190,98
23,r_11_59_122,seq158,seq144,r_11_59_122,1.0,0,122,122,98
17,r_151_24_159,r_31_165_178,r_77_76_107,r_151_24_159,0.94,0,159,159,98
61,r_26_69_32,r_168_35_152,seq128,r_26_69_32,0.94,1,33,32,98
29,r_118_159_69,seq5,r_49_19_184,r_49_19_184,0.43,-4,180,184,98
31,r_61_18_19,r_70_106_28,r_7_21_114,r_61_18_19,0.99,-2,17,19,98
35,r_83_129_106,r_31_165_178,r_62_34_66,r_83_129_106,1.0,0,106,106,98
84,seq160,r_95_37_80,seq44,r_95_37_80,1.0,-9,71,80,98
40,r_164_17_39,r_51_7_173,r_104_154_134,r_104_154_134,0.99,39,173,134,99
30,r_25_57_171,r_21_46_184,r_62_32_66,r_62_32_66,0.98,0,66,66,99
55,r_86_84_33,r_56_12_123,seq36,r_86_84_33,1.0,0,33,33,99
36,r_146_120_165,seq110,r_26_115_73,r_26_115_73,0.99,89,162,73,99
69,r_163_96_51,r_151_71_98,seq35,r_163_96_51,1.0,0,51,51,99
8,r_155_138_88,r_161_162_154,seq33,r_155_138_88,1.0,0,88,88,99
53,r_23_2_157,seq137,r_108_156_12,r_23_2_157,0.77,1,158,157,99
43,r_166_66_170,r_80_10_110,seq137,r_80_10_110,0.96,0,110,110,99
37,r_109_87_90,seq33,seq36,r_109_87_90,1.0,-1,89,90,99
59,r_80_10_110,r_166_66_170,r_130_100_64,r_166_66_170,0.78,-60,110,170,99
40,r_164_17_39,r_25_57_171,r_51_7_173,r_164_17_39,1.0,0,39,39,99
19,r_108_156_12,r_22_13_187,r_23_2_157,r_23_2_157,0.8,32,189,157,99
1,r_168_88_72,r_77_6_164,seq137,r_168_88_72,1.0,0,72,72,99
5,r_143_31_183,r_145_133_10,r_8_3_16,r_143_31_183,0.36,1,184,183,99
46,r_130_100_64,r_109_87_90,seq124,r_130_100_64,1.0,1,65,64,99
42,r_105_126_22,r_129_24_63,seq124,r_105_126_22,0.99,-3,19,22,99
7,r_64_91_85,seq36,r_34_40_149,r_34_40_149,1.0,4,153,149,99
19,r_108_156_12,r_132_65_31,r_22_13_187,r_132_65_31,0.68,-19,12,31,99
95,seq97,r_129_24_63,r_151_71_98,r_151_71_98,1.0,6,104,98,99
66,r_165_114_103,r_157_67_126,r_86_84_33,r_165_114_103,0.99,1,104,103,99
39,r_74_152_193,r_159_116_46,r_8_3_16,r_159_116_46,0.84,-17,29,46,99
31,r_62_32_66,seq19,r_25_57_171,r_62_32_66,0.89,2,68,66,99
67,r_151_71_98,seq72,r_56_12_123,r_151_71_98,0.48,-37,61,98,99
90,seq78,r_157_67_126,r_63_85_109,r_157_67_126,0.77,-12,114,126,99
62,r_52_54_60,r_68_58_92,r_105_126_22,r_105_126_22,0.67,35,57,22,99
26,r_15_134_160,r_101_123_169,r_119_5_35,r_15_134_160,0.67,10,170,160,99
23,r_148_18_34,r_34_40_149,seq55,r_148_18_34,1.0,0,34,34,99
11,r_50_38_55,seq79,r_148_18_34,r_148_18_34,0.85,21,55,34,99
0,r_129_24_63,r_113_131_70,r_48_37_29,r_113_131_70,0.72,-7,63,70,99
13,r_161_162_154,seq29,r_129_24_63,r_161_162_154,0.84,0,154,154,99
98,seq118,r_104_154_134,r_129_24_63,r_104_154_134,1.0,0,134,134,99
15,r_113_131_70,seq97,seq93,r_113_131_70,1.0,0,70,70,99
48,r_127_70_161,seq14,seq137,r_127_70_161,0.68,0,161,161,99
57,r_61_59_139,seq142,r_68_58_92,r_68_58_92,0.69,-6,86,92,99
6,r_157_67_126,r_127_70_161,r_140_111_117,r_140_111_117,0.65,9,126,117,99
85,seq55,r_21_46_184,r_148_18_34,r_148_18_34,1.0,1,35,34,99
21,r_51_7_173,r_164_17_39,r_47_136_152,r_51_7_173,0.61,0,173,173,99
99,seq124,seq142,r_130_100_64,r_130_100_64,1.0,24,88,64,99
10,r_41_169_127,seq110,r_105_126_22,r_41_169_127,0.93,2,129,127,99
30,r_25_57_171,r_62_32_66,r_64_91_85,r_62_32_66,0.56,106,172,66,99
21,r_51_7_173,r_53_149_125,r_164_17_39,r_164_17_39,0.55,1,40,39,99
20,r_8_3_16,r_157_67_126,r_74_152_193,r_8_3_16,0.89,-1,15,16,99
2,r_56_12_123,r_20_117_179,r_130_100_64,r_130_100_64,0.52,59,123,64,99
47,r_26_115_73,seq19,seq39,r_26_115_73,1.0,0,73,73,99
24,r_82_45_137,seq35,r_4_153_21,r_82_45_137,0.98,0,137,137,99
25,r_98_42_174,r_20_117_179,r_157_67_126,r_157_67_126,0.97,48,174,126,99
43,r_166_66_170,seq137,r_157_67_126,r_166_66_170,0.98,0,170,170,99
33,r_102_139_105,r_104_154_134,seq110,r_102_139_105,0.95,1,106,105,99
67,r_151_71_98,r_56_12_123,seq97,r_151_71_98,0.8,0,98,98,99
89,seq73,seq93,r_4_153_21,r_4_153_21,1.0,1,22,21,99
88,seq72,r_119_5_35,r_53_149_125,r_53_149_125,0.86,3,128,125,99
58,r_1_106_97,r_41_169_127,r_68_58_92,r_1_106_97,0.92,0,97,97,99
65,r_121_89_132,r_161_162_154,r_68_58_92,r_121_89_132,0.93,0,132,132,99
68,r_101_123_169,r_15_134_160,r_95_128_14,r_101_123_169,0.78,1,170,169,99
14,r_48_37_29,r_34_40_149,r_129_24_63,r_48_37_29,1.0,1,30,29,99
61,r_145_133_10,r_143_31_183,r_102_139_105,r_102_139_105,1.0,79,184,105,99
32,r_77_6_164,r_168_88_72,seq78,r_168_88_72,1.0,-8,64,72,99
38,r_4_153_21,r_47_136_152,seq73,r_4_153_21,1.0,0,21,21,99
52,r_68_58_92,r_157_67_126,r_61_59_139,r_68_58_92,0.71,0,92,92,99
77,seq29,r_161_162_154,seq44,r_161_162_154,1.0,0,154,154,99
18,r_159_116_46,r_74_152_193,seq19,r_159_116_46,1.0,0,46,46,99
75,seq27,r_158_94_94,r_0_125_86,r_158_94_94,1.0,-31,63,94,99
52,r_68_58_92,r_61_59_139,r_121_89_132,r_68_58_92,0.93,44,136,92,99
60,r_104_154_134,seq118,r_164_17_39,r_104_154_134,0.92,0,134,134,99
57,r_61_59_139,r_68_58_92,r_129_24_63,r_61_59_139,0.81,2,141,139,99
17,r_47_136_152,seq137,r_62_32_66,r_62_32_66,0.63,87,153,66,99
94,seq93,seq73,r_113_131_70,r_113_131_70,1.0,13,83,70,99
10,r_41_169_127,r_1_106_97,seq110,r_1_106_97,0.91,-50,47,97,99
9,r_76_83_162,r_143_31_183,r_148_18_34,r_143_31_183,0.79,-21,162,183,99
3,r_95_128_14,r_1_106_97,r_105_126_22,r_95_128_14,0.73,32,46,14,99
63,r_22_13_187,r_108_156_12,r_63_85_109,r_63_85_109,0.97,80,189,109,99
96,seq110,r_41_169_127,r_102_139_105,r_102_139_105,0.57,18,123,105,99
3,r_95_128_14,r_105_126_22,r_107_49_130,r_95_128_14,0.68,83,97,14,99
31,r_62_32_66,r_25_57_171,r_47_136_152,r_62_32_66,0.57,90,156,66,99
28,r_158_94_94,seq27,r_48_37_29,r_158_94_94,1.0,0,94,94,99
91,seq79,r_50_38_55,r_155_138_88,r_155_138_88,1.0,8,96,88,99
4,r_119_5_35,seq72,r_15_134_160,r_119_5_35,0.93,0,35,35,99
49,r_160_11_102,seq27,r_150_81_5,r_160_11_102,0.97,0,102,102,99
56,r_21_46_184,seq55,r_56_12_123,r_56_12_123,0.79,61,184,123,99
7,r_64_91_85,r_143_31_183,seq36,r_64_91_85,0.87,0,85,85,99
41,r_132_65_31,seq39,r_4_153_21,r_132_65_31,1.0,0,31,31,99
82,seq39,seq78,r_26_115_73,r_26_115_73,1.0,34,107,73,99
35,r_144_16_163,seq73,r_63_85_109,r_144_16_163,0.54,0,163,163,99
12,r_53_149_125,seq92,seq72,r_53_149_125,0.84,0,125,125,99
63,r_22_13_187,r_159_116_46,r_108_156_12,r_22_13_187,0.56,-176,11,187,99
